Timeinterval Start Loc;Timeinterval End Loc;Isp;Quantity Measurement Unit Name;Afrr Down;Afrr Up;Incident Reserve Down;Incident Reserve Up;Absolute Total Volume;Total Volume
2018-01-01T00:00;2018-01-01T00:15;1;kWh;-6633;8613;0;0;15246;1980
2018-01-01T00:15;2018-01-01T00:30;2;kWh;-36;4790;0;0;4826;4754
2018-01-01T00:30;2018-01-01T00:45;3;kWh;0;0;0;0;0;0
2018-01-01T00:45;2018-01-01T01:00;4;kWh;0;0;0;0;0;0
2018-01-01T01:00;2018-01-01T01:15;5;kWh;0;0;0;0;0;0
2018-01-01T01:15;2018-01-01T01:30;6;kWh;0;755;0;0;755;755
2018-01-01T01:30;2018-01-01T01:45;7;kWh;0;0;0;0;0;0
2018-01-01T01:45;2018-01-01T02:00;8;kWh;-3908;0;0;0;3908;-3908
2018-01-01T02:00;2018-01-01T02:15;9;kWh;-2511;1059;0;0;3570;-1452
2018-01-01T02:15;2018-01-01T02:30;10;kWh;0;2039;0;0;2039;2039
2018-01-01T02:30;2018-01-01T02:45;11;kWh;0;8026;0;0;8026;8026
2018-01-01T02:45;2018-01-01T03:00;12;kWh;-4318;1736;0;0;6054;-2582
2018-01-01T03:00;2018-01-01T03:15;13;kWh;-1304;4086;0;0;5390;2782
2018-01-01T03:15;2018-01-01T03:30;14;kWh;0;22858;0;0;22858;22858
2018-01-01T03:30;2018-01-01T03:45;15;kWh;-133;6578;0;0;6711;6445
2018-01-01T03:45;2018-01-01T04:00;16;kWh;-2454;0;0;0;2454;-2454
2018-01-01T04:00;2018-01-01T04:15;17;kWh;-1556;4441;0;0;5997;2885
2018-01-01T04:15;2018-01-01T04:30;18;kWh;0;6676;0;0;6676;6676
2018-01-01T04:30;2018-01-01T04:45;19;kWh;0;517;0;0;517;517
2018-01-01T04:45;2018-01-01T05:00;20;kWh;0;3993;0;0;3993;3993
2018-01-01T05:00;2018-01-01T05:15;21;kWh;0;249;0;0;249;249
2018-01-01T05:15;2018-01-01T05:30;22;kWh;0;0;0;0;0;0
2018-01-01T05:30;2018-01-01T05:45;23;kWh;0;670;0;0;670;670
2018-01-01T05:45;2018-01-01T06:00;24;kWh;0;11894;0;0;11894;11894
2018-01-01T06:00;2018-01-01T06:15;25;kWh;0;7996;0;0;7996;7996
2018-01-01T06:15;2018-01-01T06:30;26;kWh;0;17733;0;0;17733;17733
2018-01-01T06:30;2018-01-01T06:45;27;kWh;0;29747;0;0;29747;29747
2018-01-01T06:45;2018-01-01T07:00;28;kWh;0;36957;0;0;36957;36957
2018-01-01T07:00;2018-01-01T07:15;29;kWh;0;12254;0;0;12254;12254
2018-01-01T07:15;2018-01-01T07:30;30;kWh;0;3940;0;0;3940;3940
2018-01-01T07:30;2018-01-01T07:45;31;kWh;0;26058;0;0;26058;26058
2018-01-01T07:45;2018-01-01T08:00;32;kWh;0;26339;0;0;26339;26339
2018-01-01T08:00;2018-01-01T08:15;33;kWh;-10629;9910;0;0;20539;-719
2018-01-01T08:15;2018-01-01T08:30;34;kWh;-21;13022;0;0;13043;13001
2018-01-01T08:30;2018-01-01T08:45;35;kWh;-9155;3013;0;0;12168;-6142
2018-01-01T08:45;2018-01-01T09:00;36;kWh;-30341;0;0;0;30341;-30341
2018-01-01T09:00;2018-01-01T09:15;37;kWh;-57815;0;0;0;57815;-57815
2018-01-01T09:15;2018-01-01T09:30;38;kWh;-54696;0;0;0;54696;-54696
2018-01-01T09:30;2018-01-01T09:45;39;kWh;-55867;0;0;0;55867;-55867
2018-01-01T09:45;2018-01-01T10:00;40;kWh;-55474;0;0;0;55474;-55474
2018-01-01T10:00;2018-01-01T10:15;41;kWh;-40959;0;0;0;40959;-40959
2018-01-01T10:15;2018-01-01T10:30;42;kWh;-44779;0;0;0;44779;-44779
2018-01-01T10:30;2018-01-01T10:45;43;kWh;-34704;0;0;0;34704;-34704
2018-01-01T10:45;2018-01-01T11:00;44;kWh;-17516;0;0;0;17516;-17516
2018-01-01T11:00;2018-01-01T11:15;45;kWh;-121;0;0;0;121;-121
2018-01-01T11:15;2018-01-01T11:30;46;kWh;-1300;0;0;0;1300;-1300
2018-01-01T11:30;2018-01-01T11:45;47;kWh;-161;0;0;0;161;-161
2018-01-01T11:45;2018-01-01T12:00;48;kWh;0;0;0;0;0;0
2018-01-01T12:00;2018-01-01T12:15;49;kWh;-21841;0;0;0;21841;-21841
2018-01-01T12:15;2018-01-01T12:30;50;kWh;-46433;0;0;0;46433;-46433
2018-01-01T12:30;2018-01-01T12:45;51;kWh;-8175;0;0;0;8175;-8175
2018-01-01T12:45;2018-01-01T13:00;52;kWh;0;0;0;0;0;0
2018-01-01T13:00;2018-01-01T13:15;53;kWh;0;0;0;0;0;0
2018-01-01T13:15;2018-01-01T13:30;54;kWh;0;1213;0;0;1213;1213
2018-01-01T13:30;2018-01-01T13:45;55;kWh;0;38318;0;0;38318;38318
2018-01-01T13:45;2018-01-01T14:00;56;kWh;0;36597;0;0;36597;36597
2018-01-01T14:00;2018-01-01T14:15;57;kWh;-3040;11415;0;0;14455;8375
2018-01-01T14:15;2018-01-01T14:30;58;kWh;0;0;0;0;0;0
2018-01-01T14:30;2018-01-01T14:45;59;kWh;0;0;0;0;0;0
2018-01-01T14:45;2018-01-01T15:00;60;kWh;0;8269;0;0;8269;8269
2018-01-01T15:00;2018-01-01T15:15;61;kWh;-52;2815;0;0;2867;2763
2018-01-01T15:15;2018-01-01T15:30;62;kWh;0;0;0;0;0;0
2018-01-01T15:30;2018-01-01T15:45;63;kWh;0;5031;0;0;5031;5031
2018-01-01T15:45;2018-01-01T16:00;64;kWh;0;32541;0;0;32541;32541
2018-01-01T16:00;2018-01-01T16:15;65;kWh;-6437;8433;0;0;14870;1996
2018-01-01T16:15;2018-01-01T16:30;66;kWh;-66;0;0;0;66;-66
2018-01-01T16:30;2018-01-01T16:45;67;kWh;0;680;0;0;680;680
2018-01-01T16:45;2018-01-01T17:00;68;kWh;0;31623;0;0;31623;31623
2018-01-01T17:00;2018-01-01T17:15;69;kWh;-1808;6379;0;0;8187;4571
2018-01-01T17:15;2018-01-01T17:30;70;kWh;0;73;0;0;73;73
2018-01-01T17:30;2018-01-01T17:45;71;kWh;0;20492;0;0;20492;20492
2018-01-01T17:45;2018-01-01T18:00;72;kWh;0;22496;0;0;22496;22496
2018-01-01T18:00;2018-01-01T18:15;73;kWh;-13380;7914;0;0;21294;-5466
2018-01-01T18:15;2018-01-01T18:30;74;kWh;-4463;0;0;0;4463;-4463
2018-01-01T18:30;2018-01-01T18:45;75;kWh;-12448;0;0;0;12448;-12448
2018-01-01T18:45;2018-01-01T19:00;76;kWh;-33945;0;0;0;33945;-33945
2018-01-01T19:00;2018-01-01T19:15;77;kWh;-7749;13877;0;0;21626;6128
2018-01-01T19:15;2018-01-01T19:30;78;kWh;0;36128;0;0;36128;36128
2018-01-01T19:30;2018-01-01T19:45;79;kWh;0;22917;0;0;22917;22917
2018-01-01T19:45;2018-01-01T20:00;80;kWh;-228;3292;0;0;3520;3064
2018-01-01T20:00;2018-01-01T20:15;81;kWh;-258;0;0;0;258;-258
2018-01-01T20:15;2018-01-01T20:30;82;kWh;0;2987;0;0;2987;2987
2018-01-01T20:30;2018-01-01T20:45;83;kWh;-13530;55;0;0;13585;-13475
2018-01-01T20:45;2018-01-01T21:00;84;kWh;-25538;0;0;0;25538;-25538
2018-01-01T21:00;2018-01-01T21:15;85;kWh;-22952;0;0;0;22952;-22952
2018-01-01T21:15;2018-01-01T21:30;86;kWh;-3996;0;0;0;3996;-3996
2018-01-01T21:30;2018-01-01T21:45;87;kWh;-44419;0;0;0;44419;-44419
2018-01-01T21:45;2018-01-01T22:00;88;kWh;-47594;0;0;0;47594;-47594
2018-01-01T22:00;2018-01-01T22:15;89;kWh;-20768;919;0;0;21687;-19849
2018-01-01T22:15;2018-01-01T22:30;90;kWh;-845;8072;0;0;8917;7227
2018-01-01T22:30;2018-01-01T22:45;91;kWh;-33705;36;0;0;33741;-33669
2018-01-01T22:45;2018-01-01T23:00;92;kWh;-30863;0;0;0;30863;-30863
2018-01-01T23:00;2018-01-01T23:15;93;kWh;-17723;1730;0;0;19453;-15993
2018-01-01T23:15;2018-01-01T23:30;94;kWh;-502;2874;0;0;3376;2372
2018-01-01T23:30;2018-01-01T23:45;95;kWh;-46779;0;0;0;46779;-46779
2018-01-01T23:45;2018-01-02T00:00;96;kWh;-83382;0;0;0;83382;-83382
2018-01-02T00:00;2018-01-02T00:15;1;kWh;-34819;2164;0;0;36983;-32655
2018-01-02T00:15;2018-01-02T00:30;2;kWh;-8050;122;0;0;8172;-7928
2018-01-02T00:30;2018-01-02T00:45;3;kWh;-10613;0;0;0;10613;-10613
2018-01-02T00:45;2018-01-02T01:00;4;kWh;-1703;0;0;0;1703;-1703
2018-01-02T01:00;2018-01-02T01:15;5;kWh;-8980;0;0;0;8980;-8980
2018-01-02T01:15;2018-01-02T01:30;6;kWh;-15;0;0;0;15;-15
2018-01-02T01:30;2018-01-02T01:45;7;kWh;0;0;0;0;0;0
2018-01-02T01:45;2018-01-02T02:00;8;kWh;-6536;0;0;0;6536;-6536
2018-01-02T02:00;2018-01-02T02:15;9;kWh;-1630;14179;0;0;15809;12549
2018-01-02T02:15;2018-01-02T02:30;10;kWh;0;8617;0;0;8617;8617
2018-01-02T02:30;2018-01-02T02:45;11;kWh;0;20747;0;0;20747;20747
2018-01-02T02:45;2018-01-02T03:00;12;kWh;-2806;6627;0;0;9433;3821
2018-01-02T03:00;2018-01-02T03:15;13;kWh;-1148;411;0;0;1559;-737
2018-01-02T03:15;2018-01-02T03:30;14;kWh;-3469;108;0;0;3577;-3361
2018-01-02T03:30;2018-01-02T03:45;15;kWh;-8908;0;0;0;8908;-8908
2018-01-02T03:45;2018-01-02T04:00;16;kWh;-28100;0;0;0;28100;-28100
2018-01-02T04:00;2018-01-02T04:15;17;kWh;-32150;0;0;0;32150;-32150
2018-01-02T04:15;2018-01-02T04:30;18;kWh;-7969;0;0;0;7969;-7969
2018-01-02T04:30;2018-01-02T04:45;19;kWh;-35857;0;0;0;35857;-35857
2018-01-02T04:45;2018-01-02T05:00;20;kWh;-26703;0;0;0;26703;-26703
2018-01-02T05:00;2018-01-02T05:15;21;kWh;-5156;0;0;0;5156;-5156
2018-01-02T05:15;2018-01-02T05:30;22;kWh;-2451;0;0;0;2451;-2451
2018-01-02T05:30;2018-01-02T05:45;23;kWh;-1206;0;0;0;1206;-1206
2018-01-02T05:45;2018-01-02T06:00;24;kWh;0;0;0;0;0;0
2018-01-02T06:00;2018-01-02T06:15;25;kWh;-7630;0;0;0;7630;-7630
2018-01-02T06:15;2018-01-02T06:30;26;kWh;-402;0;0;0;402;-402
2018-01-02T06:30;2018-01-02T06:45;27;kWh;0;199;0;0;199;199
2018-01-02T06:45;2018-01-02T07:00;28;kWh;-105;0;0;0;105;-105
2018-01-02T07:00;2018-01-02T07:15;29;kWh;-2387;0;0;0;2387;-2387
2018-01-02T07:15;2018-01-02T07:30;30;kWh;-21686;0;0;0;21686;-21686
2018-01-02T07:30;2018-01-02T07:45;31;kWh;-819;5395;0;0;6214;4576
2018-01-02T07:45;2018-01-02T08:00;32;kWh;0;48173;0;0;48173;48173
2018-01-02T08:00;2018-01-02T08:15;33;kWh;-3225;28559;0;0;31784;25334
2018-01-02T08:15;2018-01-02T08:30;34;kWh;-6788;0;0;0;6788;-6788
2018-01-02T08:30;2018-01-02T08:45;35;kWh;-10;0;0;0;10;-10
2018-01-02T08:45;2018-01-02T09:00;36;kWh;0;0;0;0;0;0
2018-01-02T09:00;2018-01-02T09:15;37;kWh;-17461;0;0;0;17461;-17461
2018-01-02T09:15;2018-01-02T09:30;38;kWh;-27094;0;0;0;27094;-27094
2018-01-02T09:30;2018-01-02T09:45;39;kWh;-19121;0;0;0;19121;-19121
2018-01-02T09:45;2018-01-02T10:00;40;kWh;-1593;1857;0;0;3450;264
2018-01-02T10:00;2018-01-02T10:15;41;kWh;0;36688;0;0;36688;36688
2018-01-02T10:15;2018-01-02T10:30;42;kWh;0;49504;0;0;49504;49504
2018-01-02T10:30;2018-01-02T10:45;43;kWh;0;33786;0;0;33786;33786
2018-01-02T10:45;2018-01-02T11:00;44;kWh;0;21580;0;0;21580;21580
2018-01-02T11:00;2018-01-02T11:15;45;kWh;0;25659;0;0;25659;25659
2018-01-02T11:15;2018-01-02T11:30;46;kWh;0;4710;0;0;4710;4710
2018-01-02T11:30;2018-01-02T11:45;47;kWh;0;1606;0;0;1606;1606
2018-01-02T11:45;2018-01-02T12:00;48;kWh;0;497;0;0;497;497
2018-01-02T12:00;2018-01-02T12:15;49;kWh;0;36107;0;0;36107;36107
2018-01-02T12:15;2018-01-02T12:30;50;kWh;0;91685;0;0;91685;91685
2018-01-02T12:30;2018-01-02T12:45;51;kWh;0;85398;0;0;85398;85398
2018-01-02T12:45;2018-01-02T13:00;52;kWh;0;67667;0;0;67667;67667
2018-01-02T13:00;2018-01-02T13:15;53;kWh;0;41990;0;0;41990;41990
2018-01-02T13:15;2018-01-02T13:30;54;kWh;0;6553;0;0;6553;6553
2018-01-02T13:30;2018-01-02T13:45;55;kWh;0;28549;0;0;28549;28549
2018-01-02T13:45;2018-01-02T14:00;56;kWh;0;14907;0;0;14907;14907
2018-01-02T14:00;2018-01-02T14:15;57;kWh;0;7807;0;0;7807;7807
2018-01-02T14:15;2018-01-02T14:30;58;kWh;0;25563;0;0;25563;25563
2018-01-02T14:30;2018-01-02T14:45;59;kWh;0;539;0;0;539;539
2018-01-02T14:45;2018-01-02T15:00;60;kWh;0;0;0;0;0;0
2018-01-02T15:00;2018-01-02T15:15;61;kWh;0;28389;0;0;28389;28389
2018-01-02T15:15;2018-01-02T15:30;62;kWh;0;22679;0;0;22679;22679
2018-01-02T15:30;2018-01-02T15:45;63;kWh;0;15591;0;0;15591;15591
2018-01-02T15:45;2018-01-02T16:00;64;kWh;0;1220;0;0;1220;1220
2018-01-02T16:00;2018-01-02T16:15;65;kWh;0;0;0;0;0;0
2018-01-02T16:15;2018-01-02T16:30;66;kWh;-3886;0;0;0;3886;-3886
2018-01-02T16:30;2018-01-02T16:45;67;kWh;-2435;0;0;0;2435;-2435
2018-01-02T16:45;2018-01-02T17:00;68;kWh;0;42;0;0;42;42
2018-01-02T17:00;2018-01-02T17:15;69;kWh;0;22;0;0;22;22
2018-01-02T17:15;2018-01-02T17:30;70;kWh;0;0;0;0;0;0
2018-01-02T17:30;2018-01-02T17:45;71;kWh;0;0;0;0;0;0
2018-01-02T17:45;2018-01-02T18:00;72;kWh;0;0;0;0;0;0
2018-01-02T18:00;2018-01-02T18:15;73;kWh;0;2134;0;0;2134;2134
2018-01-02T18:15;2018-01-02T18:30;74;kWh;-7;0;0;0;7;-7
2018-01-02T18:30;2018-01-02T18:45;75;kWh;-24622;0;0;0;24622;-24622
2018-01-02T18:45;2018-01-02T19:00;76;kWh;-45425;0;0;0;45425;-45425
2018-01-02T19:00;2018-01-02T19:15;77;kWh;-16236;778;0;0;17014;-15458
2018-01-02T19:15;2018-01-02T19:30;78;kWh;-26138;0;0;0;26138;-26138
2018-01-02T19:30;2018-01-02T19:45;79;kWh;-34313;0;0;0;34313;-34313
2018-01-02T19:45;2018-01-02T20:00;80;kWh;-51887;0;0;0;51887;-51887
2018-01-02T20:00;2018-01-02T20:15;81;kWh;-19170;0;0;0;19170;-19170
2018-01-02T20:15;2018-01-02T20:30;82;kWh;-9805;0;0;0;9805;-9805
2018-01-02T20:30;2018-01-02T20:45;83;kWh;-20802;0;0;0;20802;-20802
2018-01-02T20:45;2018-01-02T21:00;84;kWh;-7666;0;0;0;7666;-7666
2018-01-02T21:00;2018-01-02T21:15;85;kWh;-49769;0;0;0;49769;-49769
2018-01-02T21:15;2018-01-02T21:30;86;kWh;-19117;0;0;0;19117;-19117
2018-01-02T21:30;2018-01-02T21:45;87;kWh;-39693;0;0;0;39693;-39693
2018-01-02T21:45;2018-01-02T22:00;88;kWh;-38966;0;0;0;38966;-38966
2018-01-02T22:00;2018-01-02T22:15;89;kWh;-15420;1988;0;0;17408;-13432
2018-01-02T22:15;2018-01-02T22:30;90;kWh;0;1131;0;0;1131;1131
2018-01-02T22:30;2018-01-02T22:45;91;kWh;0;46;0;0;46;46
2018-01-02T22:45;2018-01-02T23:00;92;kWh;-3176;0;0;0;3176;-3176
2018-01-02T23:00;2018-01-02T23:15;93;kWh;-4632;5495;0;0;10127;863
2018-01-02T23:15;2018-01-02T23:30;94;kWh;0;5004;0;0;5004;5004
2018-01-02T23:30;2018-01-02T23:45;95;kWh;0;6533;0;0;6533;6533
2018-01-02T23:45;2018-01-03T00:00;96;kWh;-2327;837;0;0;3164;-1490
2018-01-03T00:00;2018-01-03T00:15;1;kWh;-3041;0;0;0;3041;-3041
2018-01-03T00:15;2018-01-03T00:30;2;kWh;0;0;0;0;0;0
2018-01-03T00:30;2018-01-03T00:45;3;kWh;0;0;0;0;0;0
2018-01-03T00:45;2018-01-03T01:00;4;kWh;-9210;0;0;0;9210;-9210
2018-01-03T01:00;2018-01-03T01:15;5;kWh;-10287;782;0;0;11069;-9505
2018-01-03T01:15;2018-01-03T01:30;6;kWh;0;762;0;0;762;762
2018-01-03T01:30;2018-01-03T01:45;7;kWh;0;0;0;0;0;0
2018-01-03T01:45;2018-01-03T02:00;8;kWh;-1;0;0;0;1;-1
2018-01-03T02:00;2018-01-03T02:15;9;kWh;-569;0;0;0;569;-569
2018-01-03T02:15;2018-01-03T02:30;10;kWh;0;0;0;0;0;0
2018-01-03T02:30;2018-01-03T02:45;11;kWh;0;0;0;0;0;0
2018-01-03T02:45;2018-01-03T03:00;12;kWh;-342;0;0;0;342;-342
2018-01-03T03:00;2018-01-03T03:15;13;kWh;0;20802;0;0;20802;20802
2018-01-03T03:15;2018-01-03T03:30;14;kWh;0;57631;0;0;57631;57631
2018-01-03T03:30;2018-01-03T03:45;15;kWh;0;30380;0;0;30380;30380
2018-01-03T03:45;2018-01-03T04:00;16;kWh;0;19888;0;0;19888;19888
2018-01-03T04:00;2018-01-03T04:15;17;kWh;0;47978;0;0;47978;47978
2018-01-03T04:15;2018-01-03T04:30;18;kWh;0;47302;0;0;47302;47302
2018-01-03T04:30;2018-01-03T04:45;19;kWh;0;52943;0;0;52943;52943
2018-01-03T04:45;2018-01-03T05:00;20;kWh;0;29146;0;0;29146;29146
2018-01-03T05:00;2018-01-03T05:15;21;kWh;-842;5776;0;0;6618;4934
2018-01-03T05:15;2018-01-03T05:30;22;kWh;0;8872;0;0;8872;8872
2018-01-03T05:30;2018-01-03T05:45;23;kWh;0;45523;0;0;45523;45523
2018-01-03T05:45;2018-01-03T06:00;24;kWh;-568;6186;0;0;6754;5618
2018-01-03T06:00;2018-01-03T06:15;25;kWh;0;375;0;0;375;375
2018-01-03T06:15;2018-01-03T06:30;26;kWh;0;88;0;0;88;88
2018-01-03T06:30;2018-01-03T06:45;27;kWh;0;27011;0;0;27011;27011
2018-01-03T06:45;2018-01-03T07:00;28;kWh;0;66856;0;0;66856;66856
2018-01-03T07:00;2018-01-03T07:15;29;kWh;-22247;8886;0;0;31133;-13361
2018-01-03T07:15;2018-01-03T07:30;30;kWh;-59448;0;0;0;59448;-59448
2018-01-03T07:30;2018-01-03T07:45;31;kWh;-10610;1451;0;0;12061;-9159
2018-01-03T07:45;2018-01-03T08:00;32;kWh;0;27336;0;0;27336;27336
2018-01-03T08:00;2018-01-03T08:15;33;kWh;-1244;11539;0;0;12783;10295
2018-01-03T08:15;2018-01-03T08:30;34;kWh;-2;0;0;0;2;-2
2018-01-03T08:30;2018-01-03T08:45;35;kWh;0;3409;0;0;3409;3409
2018-01-03T08:45;2018-01-03T09:00;36;kWh;0;65;0;0;65;65
2018-01-03T09:00;2018-01-03T09:15;37;kWh;0;549;0;0;549;549
2018-01-03T09:15;2018-01-03T09:30;38;kWh;0;10254;0;0;10254;10254
2018-01-03T09:30;2018-01-03T09:45;39;kWh;0;13537;0;0;13537;13537
2018-01-03T09:45;2018-01-03T10:00;40;kWh;0;23175;0;0;23175;23175
2018-01-03T10:00;2018-01-03T10:15;41;kWh;0;28632;0;0;28632;28632
2018-01-03T10:15;2018-01-03T10:30;42;kWh;0;22214;0;0;22214;22214
2018-01-03T10:30;2018-01-03T10:45;43;kWh;0;69080;0;0;69080;69080
2018-01-03T10:45;2018-01-03T11:00;44;kWh;0;86602;0;0;86602;86602
2018-01-03T11:00;2018-01-03T11:15;45;kWh;0;95577;0;0;95577;95577
2018-01-03T11:15;2018-01-03T11:30;46;kWh;0;100626;0;0;108126;108126
2018-01-03T11:30;2018-01-03T11:45;47;kWh;0;107232;0;0;117232;117232
2018-01-03T11:45;2018-01-03T12:00;48;kWh;0;119325;0;0;130575;130575
2018-01-03T12:00;2018-01-03T12:15;49;kWh;0;121266;0;0;132516;132516
2018-01-03T12:15;2018-01-03T12:30;50;kWh;0;94911;0;0;106161;106161
2018-01-03T12:30;2018-01-03T12:45;51;kWh;0;74109;0;0;82859;82859
2018-01-03T12:45;2018-01-03T13:00;52;kWh;0;45980;0;0;53480;53480
2018-01-03T13:00;2018-01-03T13:15;53;kWh;0;35958;0;0;35958;35958
2018-01-03T13:15;2018-01-03T13:30;54;kWh;0;77854;0;0;77854;77854
2018-01-03T13:30;2018-01-03T13:45;55;kWh;0;48099;0;0;48099;48099
2018-01-03T13:45;2018-01-03T14:00;56;kWh;0;63170;0;0;63170;63170
2018-01-03T14:00;2018-01-03T14:15;57;kWh;-778;34443;0;0;35221;33665
2018-01-03T14:15;2018-01-03T14:30;58;kWh;-558;91;0;0;649;-467
2018-01-03T14:30;2018-01-03T14:45;59;kWh;-5539;0;0;0;5539;-5539
2018-01-03T14:45;2018-01-03T15:00;60;kWh;-158;0;0;0;158;-158
2018-01-03T15:00;2018-01-03T15:15;61;kWh;-142;0;0;0;142;-142
2018-01-03T15:15;2018-01-03T15:30;62;kWh;0;457;0;0;457;457
2018-01-03T15:30;2018-01-03T15:45;63;kWh;0;7537;0;0;7537;7537
2018-01-03T15:45;2018-01-03T16:00;64;kWh;-1700;1445;0;0;3145;-255
2018-01-03T16:00;2018-01-03T16:15;65;kWh;-23558;0;0;0;23558;-23558
2018-01-03T16:15;2018-01-03T16:30;66;kWh;-18810;0;0;0;18810;-18810
2018-01-03T16:30;2018-01-03T16:45;67;kWh;-14139;0;0;0;14139;-14139
2018-01-03T16:45;2018-01-03T17:00;68;kWh;-2594;15548;0;0;18142;12954
2018-01-03T17:00;2018-01-03T17:15;69;kWh;-14008;10620;0;0;24628;-3388
2018-01-03T17:15;2018-01-03T17:30;70;kWh;-4695;4323;0;0;9018;-372
2018-01-03T17:30;2018-01-03T17:45;71;kWh;0;2579;0;0;2579;2579
2018-01-03T17:45;2018-01-03T18:00;72;kWh;0;1588;0;0;1588;1588
2018-01-03T18:00;2018-01-03T18:15;73;kWh;-344;23;0;0;367;-321
2018-01-03T18:15;2018-01-03T18:30;74;kWh;-3531;0;0;0;3531;-3531
2018-01-03T18:30;2018-01-03T18:45;75;kWh;-18298;636;0;0;18934;-17662
2018-01-03T18:45;2018-01-03T19:00;76;kWh;-74;2334;0;0;2408;2260
2018-01-03T19:00;2018-01-03T19:15;77;kWh;0;3905;0;0;3905;3905
2018-01-03T19:15;2018-01-03T19:30;78;kWh;-17;22782;0;0;22799;22765
2018-01-03T19:30;2018-01-03T19:45;79;kWh;-1374;665;0;0;2039;-709
2018-01-03T19:45;2018-01-03T20:00;80;kWh;-1642;0;0;0;1642;-1642
2018-01-03T20:00;2018-01-03T20:15;81;kWh;-1748;0;0;0;1748;-1748
2018-01-03T20:15;2018-01-03T20:30;82;kWh;-4133;0;0;0;4133;-4133
2018-01-03T20:30;2018-01-03T20:45;83;kWh;-1066;0;0;0;1066;-1066
2018-01-03T20:45;2018-01-03T21:00;84;kWh;-19924;124;0;0;20048;-19800
2018-01-03T21:00;2018-01-03T21:15;85;kWh;-345;28462;0;0;28807;28117
2018-01-03T21:15;2018-01-03T21:30;86;kWh;0;19588;0;0;19588;19588
2018-01-03T21:30;2018-01-03T21:45;87;kWh;0;5320;0;0;5320;5320
2018-01-03T21:45;2018-01-03T22:00;88;kWh;0;759;0;0;759;759
2018-01-03T22:00;2018-01-03T22:15;89;kWh;0;30719;0;0;30719;30719
2018-01-03T22:15;2018-01-03T22:30;90;kWh;0;19500;0;0;19500;19500
2018-01-03T22:30;2018-01-03T22:45;91;kWh;-241;960;0;0;1201;719
2018-01-03T22:45;2018-01-03T23:00;92;kWh;0;0;0;0;0;0
2018-01-03T23:00;2018-01-03T23:15;93;kWh;0;19340;0;0;19340;19340
2018-01-03T23:15;2018-01-03T23:30;94;kWh;0;39551;0;0;39551;39551
2018-01-03T23:30;2018-01-03T23:45;95;kWh;-2748;8266;0;0;11014;5518
2018-01-03T23:45;2018-01-04T00:00;96;kWh;-23172;0;0;0;23172;-23172
2018-01-04T00:00;2018-01-04T00:15;1;kWh;-16337;6282;0;0;22619;-10055
2018-01-04T00:15;2018-01-04T00:30;2;kWh;0;17276;0;0;17276;17276
2018-01-04T00:30;2018-01-04T00:45;3;kWh;0;15944;0;0;15944;15944
2018-01-04T00:45;2018-01-04T01:00;4;kWh;-1479;10549;0;0;12028;9070
2018-01-04T01:00;2018-01-04T01:15;5;kWh;-2130;4127;0;0;6257;1997
2018-01-04T01:15;2018-01-04T01:30;6;kWh;0;31060;0;0;31060;31060
2018-01-04T01:30;2018-01-04T01:45;7;kWh;0;7682;0;0;7682;7682
2018-01-04T01:45;2018-01-04T02:00;8;kWh;-310;3813;0;0;4123;3503
2018-01-04T02:00;2018-01-04T02:15;9;kWh;-482;4010;0;0;4492;3528
2018-01-04T02:15;2018-01-04T02:30;10;kWh;0;6040;0;0;6040;6040
2018-01-04T02:30;2018-01-04T02:45;11;kWh;0;3176;0;0;3176;3176
2018-01-04T02:45;2018-01-04T03:00;12;kWh;0;1511;0;0;1511;1511
2018-01-04T03:00;2018-01-04T03:15;13;kWh;-539;22;0;0;561;-517
2018-01-04T03:15;2018-01-04T03:30;14;kWh;-1249;0;0;0;1249;-1249
2018-01-04T03:30;2018-01-04T03:45;15;kWh;-5966;0;0;0;5966;-5966
2018-01-04T03:45;2018-01-04T04:00;16;kWh;-13750;0;0;0;13750;-13750
2018-01-04T04:00;2018-01-04T04:15;17;kWh;-9871;0;0;0;9871;-9871
2018-01-04T04:15;2018-01-04T04:30;18;kWh;-38;0;0;0;38;-38
2018-01-04T04:30;2018-01-04T04:45;19;kWh;0;0;0;0;0;0
2018-01-04T04:45;2018-01-04T05:00;20;kWh;0;0;0;0;0;0
2018-01-04T05:00;2018-01-04T05:15;21;kWh;-24232;0;0;0;24232;-24232
2018-01-04T05:15;2018-01-04T05:30;22;kWh;-4554;0;0;0;4554;-4554
2018-01-04T05:30;2018-01-04T05:45;23;kWh;-921;0;0;0;921;-921
2018-01-04T05:45;2018-01-04T06:00;24;kWh;-323;0;0;0;323;-323
2018-01-04T06:00;2018-01-04T06:15;25;kWh;-56174;0;0;0;56174;-56174
2018-01-04T06:15;2018-01-04T06:30;26;kWh;-78817;0;0;0;78817;-78817
2018-01-04T06:30;2018-01-04T06:45;27;kWh;-42727;0;0;0;42727;-42727
2018-01-04T06:45;2018-01-04T07:00;28;kWh;-32825;0;0;0;32825;-32825
2018-01-04T07:00;2018-01-04T07:15;29;kWh;-48321;0;0;0;48321;-48321
2018-01-04T07:15;2018-01-04T07:30;30;kWh;-91943;0;0;0;91943;-91943
2018-01-04T07:30;2018-01-04T07:45;31;kWh;-10775;0;0;0;10775;-10775
2018-01-04T07:45;2018-01-04T08:00;32;kWh;-190;0;0;0;190;-190
2018-01-04T08:00;2018-01-04T08:15;33;kWh;-14798;0;0;0;14798;-14798
2018-01-04T08:15;2018-01-04T08:30;34;kWh;-15493;164;0;0;15657;-15329
2018-01-04T08:30;2018-01-04T08:45;35;kWh;-320;12612;0;0;12932;12292
2018-01-04T08:45;2018-01-04T09:00;36;kWh;0;38374;0;0;38374;38374
2018-01-04T09:00;2018-01-04T09:15;37;kWh;-2225;10849;0;0;13074;8624
2018-01-04T09:15;2018-01-04T09:30;38;kWh;-328;0;0;0;328;-328
2018-01-04T09:30;2018-01-04T09:45;39;kWh;-264;0;0;0;264;-264
2018-01-04T09:45;2018-01-04T10:00;40;kWh;0;0;0;0;0;0
2018-01-04T10:00;2018-01-04T10:15;41;kWh;0;0;0;0;0;0
2018-01-04T10:15;2018-01-04T10:30;42;kWh;0;0;0;0;0;0
2018-01-04T10:30;2018-01-04T10:45;43;kWh;0;0;0;0;0;0
2018-01-04T10:45;2018-01-04T11:00;44;kWh;0;0;0;0;0;0
2018-01-04T11:00;2018-01-04T11:15;45;kWh;0;0;0;0;0;0
2018-01-04T11:15;2018-01-04T11:30;46;kWh;0;0;0;0;0;0
2018-01-04T11:30;2018-01-04T11:45;47;kWh;0;3639;0;0;3639;3639
2018-01-04T11:45;2018-01-04T12:00;48;kWh;0;59151;0;0;59151;59151
2018-01-04T12:00;2018-01-04T12:15;49;kWh;0;89030;0;0;90280;90280
2018-01-04T12:15;2018-01-04T12:30;50;kWh;0;22108;0;0;29608;29608
2018-01-04T12:30;2018-01-04T12:45;51;kWh;0;4457;0;0;4457;4457
2018-01-04T12:45;2018-01-04T13:00;52;kWh;0;49358;0;0;49358;49358
2018-01-04T13:00;2018-01-04T13:15;53;kWh;-244;14490;0;0;14734;14246
2018-01-04T13:15;2018-01-04T13:30;54;kWh;0;2509;0;0;2509;2509
2018-01-04T13:30;2018-01-04T13:45;55;kWh;0;1294;0;0;1294;1294
2018-01-04T13:45;2018-01-04T14:00;56;kWh;0;821;0;0;821;821
2018-01-04T14:00;2018-01-04T14:15;57;kWh;0;773;0;0;773;773
2018-01-04T14:15;2018-01-04T14:30;58;kWh;0;17160;0;0;17160;17160
2018-01-04T14:30;2018-01-04T14:45;59;kWh;-6;10798;0;0;10804;10792
2018-01-04T14:45;2018-01-04T15:00;60;kWh;-912;51;0;0;963;-861
2018-01-04T15:00;2018-01-04T15:15;61;kWh;0;2083;0;0;2083;2083
2018-01-04T15:15;2018-01-04T15:30;62;kWh;-56;296;0;0;352;240
2018-01-04T15:30;2018-01-04T15:45;63;kWh;-20100;0;0;0;20100;-20100
2018-01-04T15:45;2018-01-04T16:00;64;kWh;-49270;0;0;0;49270;-49270
2018-01-04T16:00;2018-01-04T16:15;65;kWh;-29813;0;0;0;29813;-29813
2018-01-04T16:15;2018-01-04T16:30;66;kWh;-28545;0;0;0;28545;-28545
2018-01-04T16:30;2018-01-04T16:45;67;kWh;-44232;0;0;0;44232;-44232
2018-01-04T16:45;2018-01-04T17:00;68;kWh;-14369;12;0;0;14381;-14357
2018-01-04T17:00;2018-01-04T17:15;69;kWh;0;431;0;0;431;431
2018-01-04T17:15;2018-01-04T17:30;70;kWh;-98;0;0;0;98;-98
2018-01-04T17:30;2018-01-04T17:45;71;kWh;-1665;0;0;0;1665;-1665
2018-01-04T17:45;2018-01-04T18:00;72;kWh;-1743;0;0;0;1743;-1743
2018-01-04T18:00;2018-01-04T18:15;73;kWh;-208;0;0;0;208;-208
2018-01-04T18:15;2018-01-04T18:30;74;kWh;-8292;0;0;0;8292;-8292
2018-01-04T18:30;2018-01-04T18:45;75;kWh;-45043;0;0;0;45043;-45043
2018-01-04T18:45;2018-01-04T19:00;76;kWh;-12430;0;0;0;12430;-12430
2018-01-04T19:00;2018-01-04T19:15;77;kWh;-1139;0;0;0;1139;-1139
2018-01-04T19:15;2018-01-04T19:30;78;kWh;-2286;0;0;0;2286;-2286
2018-01-04T19:30;2018-01-04T19:45;79;kWh;-57;0;0;0;57;-57
2018-01-04T19:45;2018-01-04T20:00;80;kWh;-4154;0;0;0;4154;-4154
2018-01-04T20:00;2018-01-04T20:15;81;kWh;-9849;0;0;0;9849;-9849
2018-01-04T20:15;2018-01-04T20:30;82;kWh;-7933;0;0;0;7933;-7933
2018-01-04T20:30;2018-01-04T20:45;83;kWh;-16334;0;0;0;16334;-16334
2018-01-04T20:45;2018-01-04T21:00;84;kWh;-4441;0;0;0;4441;-4441
2018-01-04T21:00;2018-01-04T21:15;85;kWh;-664;1734;0;0;2398;1070
2018-01-04T21:15;2018-01-04T21:30;86;kWh;-490;1994;0;0;2484;1504
2018-01-04T21:30;2018-01-04T21:45;87;kWh;-12803;0;0;0;12803;-12803
2018-01-04T21:45;2018-01-04T22:00;88;kWh;-38437;0;0;0;38437;-38437
2018-01-04T22:00;2018-01-04T22:15;89;kWh;-2638;0;0;0;2638;-2638
2018-01-04T22:15;2018-01-04T22:30;90;kWh;-13925;0;0;0;13925;-13925
2018-01-04T22:30;2018-01-04T22:45;91;kWh;-19856;0;0;0;19856;-19856
2018-01-04T22:45;2018-01-04T23:00;92;kWh;-18512;0;0;0;18512;-18512
2018-01-04T23:00;2018-01-04T23:15;93;kWh;-10864;0;0;0;10864;-10864
2018-01-04T23:15;2018-01-04T23:30;94;kWh;-8181;0;0;0;8181;-8181
2018-01-04T23:30;2018-01-04T23:45;95;kWh;-11675;340;0;0;12015;-11335
2018-01-04T23:45;2018-01-05T00:00;96;kWh;-5968;0;0;0;5968;-5968
2018-01-05T00:00;2018-01-05T00:15;1;kWh;-2509;111;0;0;2620;-2398
2018-01-05T00:15;2018-01-05T00:30;2;kWh;-16;1118;0;0;1134;1102
2018-01-05T00:30;2018-01-05T00:45;3;kWh;-799;0;0;0;799;-799
2018-01-05T00:45;2018-01-05T01:00;4;kWh;-8590;0;0;0;8590;-8590
2018-01-05T01:00;2018-01-05T01:15;5;kWh;-21333;0;0;0;21333;-21333
2018-01-05T01:15;2018-01-05T01:30;6;kWh;-4846;796;0;0;5642;-4050
2018-01-05T01:30;2018-01-05T01:45;7;kWh;0;1758;0;0;1758;1758
2018-01-05T01:45;2018-01-05T02:00;8;kWh;-1899;671;0;0;2570;-1228
2018-01-05T02:00;2018-01-05T02:15;9;kWh;-7299;0;0;0;7299;-7299
2018-01-05T02:15;2018-01-05T02:30;10;kWh;0;5298;0;0;5298;5298
2018-01-05T02:30;2018-01-05T02:45;11;kWh;0;2968;0;0;2968;2968
2018-01-05T02:45;2018-01-05T03:00;12;kWh;0;1129;0;0;1129;1129
2018-01-05T03:00;2018-01-05T03:15;13;kWh;0;180;0;0;180;180
2018-01-05T03:15;2018-01-05T03:30;14;kWh;0;0;0;0;0;0
2018-01-05T03:30;2018-01-05T03:45;15;kWh;0;1788;0;0;1788;1788
2018-01-05T03:45;2018-01-05T04:00;16;kWh;0;6239;0;0;6239;6239
2018-01-05T04:00;2018-01-05T04:15;17;kWh;0;5192;0;0;5192;5192
2018-01-05T04:15;2018-01-05T04:30;18;kWh;0;2764;0;0;2764;2764
2018-01-05T04:30;2018-01-05T04:45;19;kWh;0;43815;0;0;43815;43815
2018-01-05T04:45;2018-01-05T05:00;20;kWh;0;78394;0;0;78394;78394
2018-01-05T05:00;2018-01-05T05:15;21;kWh;-2044;21225;0;0;23269;19181
2018-01-05T05:15;2018-01-05T05:30;22;kWh;0;0;0;0;0;0
2018-01-05T05:30;2018-01-05T05:45;23;kWh;0;19132;0;0;19132;19132
2018-01-05T05:45;2018-01-05T06:00;24;kWh;0;75499;0;0;75499;75499
2018-01-05T06:00;2018-01-05T06:15;25;kWh;-7317;26914;0;0;34231;19597
2018-01-05T06:15;2018-01-05T06:30;26;kWh;-3515;0;0;0;3515;-3515
2018-01-05T06:30;2018-01-05T06:45;27;kWh;0;2955;0;0;2955;2955
2018-01-05T06:45;2018-01-05T07:00;28;kWh;0;35987;0;0;35987;35987
2018-01-05T07:00;2018-01-05T07:15;29;kWh;-1;42829;0;0;42830;42828
2018-01-05T07:15;2018-01-05T07:30;30;kWh;-1701;4203;0;0;5904;2502
2018-01-05T07:30;2018-01-05T07:45;31;kWh;0;10135;0;0;10135;10135
2018-01-05T07:45;2018-01-05T08:00;32;kWh;0;30155;0;0;30155;30155
2018-01-05T08:00;2018-01-05T08:15;33;kWh;0;32581;0;0;32581;32581
2018-01-05T08:15;2018-01-05T08:30;34;kWh;0;42818;0;0;42818;42818
2018-01-05T08:30;2018-01-05T08:45;35;kWh;0;53053;0;0;53053;53053
2018-01-05T08:45;2018-01-05T09:00;36;kWh;0;76924;0;0;76924;76924
2018-01-05T09:00;2018-01-05T09:15;37;kWh;-1607;22290;0;0;23897;20683
2018-01-05T09:15;2018-01-05T09:30;38;kWh;-32;485;0;0;517;453
2018-01-05T09:30;2018-01-05T09:45;39;kWh;0;11768;0;0;11768;11768
2018-01-05T09:45;2018-01-05T10:00;40;kWh;0;31896;0;0;31896;31896
2018-01-05T10:00;2018-01-05T10:15;41;kWh;0;31374;0;0;31374;31374
2018-01-05T10:15;2018-01-05T10:30;42;kWh;0;13735;0;0;13735;13735
2018-01-05T10:30;2018-01-05T10:45;43;kWh;0;21317;0;0;21317;21317
2018-01-05T10:45;2018-01-05T11:00;44;kWh;0;25538;0;0;25538;25538
2018-01-05T11:00;2018-01-05T11:15;45;kWh;0;21908;0;0;21908;21908
2018-01-05T11:15;2018-01-05T11:30;46;kWh;0;9915;0;0;9915;9915
2018-01-05T11:30;2018-01-05T11:45;47;kWh;0;14155;0;0;14155;14155
2018-01-05T11:45;2018-01-05T12:00;48;kWh;0;7107;0;0;7107;7107
2018-01-05T12:00;2018-01-05T12:15;49;kWh;0;61827;0;0;61827;61827
2018-01-05T12:15;2018-01-05T12:30;50;kWh;0;92616;0;0;92616;92616
2018-01-05T12:30;2018-01-05T12:45;51;kWh;0;20269;0;0;20269;20269
2018-01-05T12:45;2018-01-05T13:00;52;kWh;0;2369;0;0;2369;2369
2018-01-05T13:00;2018-01-05T13:15;53;kWh;0;1364;0;0;1364;1364
2018-01-05T13:15;2018-01-05T13:30;54;kWh;0;10179;0;0;10179;10179
2018-01-05T13:30;2018-01-05T13:45;55;kWh;0;19;0;0;19;19
2018-01-05T13:45;2018-01-05T14:00;56;kWh;0;0;0;0;0;0
2018-01-05T14:00;2018-01-05T14:15;57;kWh;0;2124;0;0;2124;2124
2018-01-05T14:15;2018-01-05T14:30;58;kWh;0;9484;0;0;9484;9484
2018-01-05T14:30;2018-01-05T14:45;59;kWh;0;1926;0;0;1926;1926
2018-01-05T14:45;2018-01-05T15:00;60;kWh;0;0;0;0;0;0
2018-01-05T15:00;2018-01-05T15:15;61;kWh;0;2536;0;0;2536;2536
2018-01-05T15:15;2018-01-05T15:30;62;kWh;0;287;0;0;287;287
2018-01-05T15:30;2018-01-05T15:45;63;kWh;0;10177;0;0;10177;10177
2018-01-05T15:45;2018-01-05T16:00;64;kWh;0;38769;0;0;38769;38769
2018-01-05T16:00;2018-01-05T16:15;65;kWh;0;18814;0;0;18814;18814
2018-01-05T16:15;2018-01-05T16:30;66;kWh;0;0;0;0;0;0
2018-01-05T16:30;2018-01-05T16:45;67;kWh;0;0;0;0;0;0
2018-01-05T16:45;2018-01-05T17:00;68;kWh;0;29468;0;0;29468;29468
2018-01-05T17:00;2018-01-05T17:15;69;kWh;0;16242;0;0;16242;16242
2018-01-05T17:15;2018-01-05T17:30;70;kWh;0;7000;0;0;7000;7000
2018-01-05T17:30;2018-01-05T17:45;71;kWh;0;38115;0;0;38115;38115
2018-01-05T17:45;2018-01-05T18:00;72;kWh;-999;13368;0;0;14367;12369
2018-01-05T18:00;2018-01-05T18:15;73;kWh;-11;132;0;0;143;121
2018-01-05T18:15;2018-01-05T18:30;74;kWh;-1267;0;0;0;1267;-1267
2018-01-05T18:30;2018-01-05T18:45;75;kWh;-11094;0;0;0;11094;-11094
2018-01-05T18:45;2018-01-05T19:00;76;kWh;-6072;0;0;0;6072;-6072
2018-01-05T19:00;2018-01-05T19:15;77;kWh;-213;0;0;0;213;-213
2018-01-05T19:15;2018-01-05T19:30;78;kWh;0;0;0;0;0;0
2018-01-05T19:30;2018-01-05T19:45;79;kWh;-182;0;0;0;182;-182
2018-01-05T19:45;2018-01-05T20:00;80;kWh;-16787;0;0;0;16787;-16787
2018-01-05T20:00;2018-01-05T20:15;81;kWh;-11612;7610;0;0;19222;-4002
2018-01-05T20:15;2018-01-05T20:30;82;kWh;-408;8688;0;0;9096;8280
2018-01-05T20:30;2018-01-05T20:45;83;kWh;-12849;123;0;0;12972;-12726
2018-01-05T20:45;2018-01-05T21:00;84;kWh;-28453;0;0;0;28453;-28453
2018-01-05T21:00;2018-01-05T21:15;85;kWh;-4753;1279;0;0;6032;-3474
2018-01-05T21:15;2018-01-05T21:30;86;kWh;0;264;0;0;264;264
2018-01-05T21:30;2018-01-05T21:45;87;kWh;0;0;0;0;0;0
2018-01-05T21:45;2018-01-05T22:00;88;kWh;0;0;0;0;0;0
2018-01-05T22:00;2018-01-05T22:15;89;kWh;-69;0;0;0;69;-69
2018-01-05T22:15;2018-01-05T22:30;90;kWh;0;197;0;0;197;197
2018-01-05T22:30;2018-01-05T22:45;91;kWh;0;0;0;0;0;0
2018-01-05T22:45;2018-01-05T23:00;92;kWh;0;0;0;0;0;0
2018-01-05T23:00;2018-01-05T23:15;93;kWh;-22;1192;0;0;1214;1170
2018-01-05T23:15;2018-01-05T23:30;94;kWh;-778;110;0;0;888;-668
2018-01-05T23:30;2018-01-05T23:45;95;kWh;-9;0;0;0;9;-9
2018-01-05T23:45;2018-01-06T00:00;96;kWh;0;0;0;0;0;0
2018-01-06T00:00;2018-01-06T00:15;1;kWh;-6859;0;0;0;6859;-6859
2018-01-06T00:15;2018-01-06T00:30;2;kWh;-27;241;0;0;268;214
2018-01-06T00:30;2018-01-06T00:45;3;kWh;-6180;0;0;0;6180;-6180
2018-01-06T00:45;2018-01-06T01:00;4;kWh;-26191;0;0;0;26191;-26191
2018-01-06T01:00;2018-01-06T01:15;5;kWh;-11527;0;0;0;11527;-11527
2018-01-06T01:15;2018-01-06T01:30;6;kWh;-15;0;0;0;15;-15
2018-01-06T01:30;2018-01-06T01:45;7;kWh;0;0;0;0;0;0
2018-01-06T01:45;2018-01-06T02:00;8;kWh;-8984;0;0;0;8984;-8984
2018-01-06T02:00;2018-01-06T02:15;9;kWh;-6228;7418;0;0;13646;1190
2018-01-06T02:15;2018-01-06T02:30;10;kWh;0;12416;0;0;12416;12416
2018-01-06T02:30;2018-01-06T02:45;11;kWh;0;1238;0;0;1238;1238
2018-01-06T02:45;2018-01-06T03:00;12;kWh;0;0;0;0;0;0
2018-01-06T03:00;2018-01-06T03:15;13;kWh;0;1155;0;0;1155;1155
2018-01-06T03:15;2018-01-06T03:30;14;kWh;0;716;0;0;716;716
2018-01-06T03:30;2018-01-06T03:45;15;kWh;0;2619;0;0;2619;2619
2018-01-06T03:45;2018-01-06T04:00;16;kWh;0;86;0;0;86;86
2018-01-06T04:00;2018-01-06T04:15;17;kWh;-336;0;0;0;336;-336
2018-01-06T04:15;2018-01-06T04:30;18;kWh;-8078;0;0;0;8078;-8078
2018-01-06T04:30;2018-01-06T04:45;19;kWh;-2110;400;0;0;2510;-1710
2018-01-06T04:45;2018-01-06T05:00;20;kWh;0;726;0;0;726;726
2018-01-06T05:00;2018-01-06T05:15;21;kWh;0;327;0;0;327;327
2018-01-06T05:15;2018-01-06T05:30;22;kWh;-104;58;0;0;162;-46
2018-01-06T05:30;2018-01-06T05:45;23;kWh;-343;0;0;0;343;-343
2018-01-06T05:45;2018-01-06T06:00;24;kWh;0;3506;0;0;3506;3506
2018-01-06T06:00;2018-01-06T06:15;25;kWh;-5696;200;0;0;5896;-5496
2018-01-06T06:15;2018-01-06T06:30;26;kWh;-3575;0;0;0;3575;-3575
2018-01-06T06:30;2018-01-06T06:45;27;kWh;-85;3485;0;0;3570;3400
2018-01-06T06:45;2018-01-06T07:00;28;kWh;0;22900;0;0;22900;22900
2018-01-06T07:00;2018-01-06T07:15;29;kWh;-16685;6626;0;0;23311;-10059
2018-01-06T07:15;2018-01-06T07:30;30;kWh;-37215;0;0;0;37215;-37215
2018-01-06T07:30;2018-01-06T07:45;31;kWh;-189;0;0;0;189;-189
2018-01-06T07:45;2018-01-06T08:00;32;kWh;-291;0;0;0;291;-291
2018-01-06T08:00;2018-01-06T08:15;33;kWh;-7319;0;0;0;7319;-7319
2018-01-06T08:15;2018-01-06T08:30;34;kWh;-40621;0;0;0;40621;-40621
2018-01-06T08:30;2018-01-06T08:45;35;kWh;-24067;0;0;0;24067;-24067
2018-01-06T08:45;2018-01-06T09:00;36;kWh;-13208;398;0;0;13606;-12810
2018-01-06T09:00;2018-01-06T09:15;37;kWh;-27;176;0;0;203;149
2018-01-06T09:15;2018-01-06T09:30;38;kWh;-375;0;0;0;375;-375
2018-01-06T09:30;2018-01-06T09:45;39;kWh;-119;0;0;0;119;-119
2018-01-06T09:45;2018-01-06T10:00;40;kWh;-1365;0;0;0;1365;-1365
2018-01-06T10:00;2018-01-06T10:15;41;kWh;-17311;0;0;0;17311;-17311
2018-01-06T10:15;2018-01-06T10:30;42;kWh;-32206;0;0;0;32206;-32206
2018-01-06T10:30;2018-01-06T10:45;43;kWh;-28600;0;0;0;28600;-28600
2018-01-06T10:45;2018-01-06T11:00;44;kWh;-16260;340;0;0;16600;-15920
2018-01-06T11:00;2018-01-06T11:15;45;kWh;-5297;123;0;0;5420;-5174
2018-01-06T11:15;2018-01-06T11:30;46;kWh;-13845;0;0;0;13845;-13845
2018-01-06T11:30;2018-01-06T11:45;47;kWh;-8134;0;0;0;8134;-8134
2018-01-06T11:45;2018-01-06T12:00;48;kWh;-12084;0;0;0;12084;-12084
2018-01-06T12:00;2018-01-06T12:15;49;kWh;-5669;0;0;0;5669;-5669
2018-01-06T12:15;2018-01-06T12:30;50;kWh;-4497;0;0;0;4497;-4497
2018-01-06T12:30;2018-01-06T12:45;51;kWh;-5270;0;0;0;5270;-5270
2018-01-06T12:45;2018-01-06T13:00;52;kWh;-377;0;0;0;377;-377
2018-01-06T13:00;2018-01-06T13:15;53;kWh;-524;0;0;0;524;-524
2018-01-06T13:15;2018-01-06T13:30;54;kWh;-3082;0;0;0;3082;-3082
2018-01-06T13:30;2018-01-06T13:45;55;kWh;-30818;0;0;0;30818;-30818
2018-01-06T13:45;2018-01-06T14:00;56;kWh;-39850;0;0;0;39850;-39850
2018-01-06T14:00;2018-01-06T14:15;57;kWh;-30636;0;0;0;30636;-30636
2018-01-06T14:15;2018-01-06T14:30;58;kWh;-1506;0;0;0;1506;-1506
2018-01-06T14:30;2018-01-06T14:45;59;kWh;-22590;0;0;0;22590;-22590
2018-01-06T14:45;2018-01-06T15:00;60;kWh;-47508;0;0;0;47508;-47508
2018-01-06T15:00;2018-01-06T15:15;61;kWh;-19113;0;0;0;19113;-19113
2018-01-06T15:15;2018-01-06T15:30;62;kWh;0;0;0;0;0;0
2018-01-06T15:30;2018-01-06T15:45;63;kWh;-22659;0;0;0;22659;-22659
2018-01-06T15:45;2018-01-06T16:00;64;kWh;-26654;0;0;0;26654;-26654
2018-01-06T16:00;2018-01-06T16:15;65;kWh;-84745;0;0;0;84745;-84745
2018-01-06T16:15;2018-01-06T16:30;66;kWh;-97024;0;0;0;97024;-97024
2018-01-06T16:30;2018-01-06T16:45;67;kWh;-57912;0;0;0;57912;-57912
2018-01-06T16:45;2018-01-06T17:00;68;kWh;-38984;0;0;0;38984;-38984
2018-01-06T17:00;2018-01-06T17:15;69;kWh;-20761;0;0;0;20761;-20761
2018-01-06T17:15;2018-01-06T17:30;70;kWh;-18970;17;0;0;18987;-18953
2018-01-06T17:30;2018-01-06T17:45;71;kWh;-480;25;0;0;505;-455
2018-01-06T17:45;2018-01-06T18:00;72;kWh;-13906;0;0;0;13906;-13906
2018-01-06T18:00;2018-01-06T18:15;73;kWh;-2510;344;0;0;2854;-2166
2018-01-06T18:15;2018-01-06T18:30;74;kWh;-2;0;0;0;2;-2
2018-01-06T18:30;2018-01-06T18:45;75;kWh;-13538;0;0;0;13538;-13538
2018-01-06T18:45;2018-01-06T19:00;76;kWh;-28408;0;0;0;28408;-28408
2018-01-06T19:00;2018-01-06T19:15;77;kWh;-11892;1087;0;0;12979;-10805
2018-01-06T19:15;2018-01-06T19:30;78;kWh;-517;0;0;0;517;-517
2018-01-06T19:30;2018-01-06T19:45;79;kWh;-3168;0;0;0;3168;-3168
2018-01-06T19:45;2018-01-06T20:00;80;kWh;-8763;0;0;0;8763;-8763
2018-01-06T20:00;2018-01-06T20:15;81;kWh;-9456;0;0;0;9456;-9456
2018-01-06T20:15;2018-01-06T20:30;82;kWh;-2055;0;0;0;2055;-2055
2018-01-06T20:30;2018-01-06T20:45;83;kWh;-12554;0;0;0;12554;-12554
2018-01-06T20:45;2018-01-06T21:00;84;kWh;-31429;0;0;0;31429;-31429
2018-01-06T21:00;2018-01-06T21:15;85;kWh;-14135;0;0;0;14135;-14135
2018-01-06T21:15;2018-01-06T21:30;86;kWh;-46;0;0;0;46;-46
2018-01-06T21:30;2018-01-06T21:45;87;kWh;0;0;0;0;0;0
2018-01-06T21:45;2018-01-06T22:00;88;kWh;-903;0;0;0;903;-903
2018-01-06T22:00;2018-01-06T22:15;89;kWh;-14382;0;0;0;14382;-14382
2018-01-06T22:15;2018-01-06T22:30;90;kWh;-691;0;0;0;691;-691
2018-01-06T22:30;2018-01-06T22:45;91;kWh;-748;0;0;0;748;-748
2018-01-06T22:45;2018-01-06T23:00;92;kWh;-443;0;0;0;443;-443
2018-01-06T23:00;2018-01-06T23:15;93;kWh;-34050;0;0;0;34050;-34050
2018-01-06T23:15;2018-01-06T23:30;94;kWh;-40932;0;0;0;40932;-40932
2018-01-06T23:30;2018-01-06T23:45;95;kWh;-32260;0;0;0;32260;-32260
2018-01-06T23:45;2018-01-07T00:00;96;kWh;-36117;0;0;0;36117;-36117
2018-01-07T00:00;2018-01-07T00:15;1;kWh;-28190;0;0;0;28190;-28190
2018-01-07T00:15;2018-01-07T00:30;2;kWh;-648;0;0;0;648;-648
2018-01-07T00:30;2018-01-07T00:45;3;kWh;-5704;0;0;0;5704;-5704
2018-01-07T00:45;2018-01-07T01:00;4;kWh;-36955;0;0;0;36955;-36955
2018-01-07T01:00;2018-01-07T01:15;5;kWh;-10573;212;0;0;10785;-10361
2018-01-07T01:15;2018-01-07T01:30;6;kWh;-138;68;0;0;206;-70
2018-01-07T01:30;2018-01-07T01:45;7;kWh;-2516;0;0;0;2516;-2516
2018-01-07T01:45;2018-01-07T02:00;8;kWh;-27044;0;0;0;27044;-27044
2018-01-07T02:00;2018-01-07T02:15;9;kWh;-17326;0;0;0;17326;-17326
2018-01-07T02:15;2018-01-07T02:30;10;kWh;-791;0;0;0;791;-791
2018-01-07T02:30;2018-01-07T02:45;11;kWh;-32531;0;0;0;32531;-32531
2018-01-07T02:45;2018-01-07T03:00;12;kWh;-58142;0;0;0;58142;-58142
2018-01-07T03:00;2018-01-07T03:15;13;kWh;-27292;0;0;0;27292;-27292
2018-01-07T03:15;2018-01-07T03:30;14;kWh;0;0;0;0;0;0
2018-01-07T03:30;2018-01-07T03:45;15;kWh;-3401;0;0;0;3401;-3401
2018-01-07T03:45;2018-01-07T04:00;16;kWh;-14689;0;0;0;14689;-14689
2018-01-07T04:00;2018-01-07T04:15;17;kWh;-8009;0;0;0;8009;-8009
2018-01-07T04:15;2018-01-07T04:30;18;kWh;-17;0;0;0;17;-17
2018-01-07T04:30;2018-01-07T04:45;19;kWh;0;0;0;0;0;0
2018-01-07T04:45;2018-01-07T05:00;20;kWh;0;0;0;0;0;0
2018-01-07T05:00;2018-01-07T05:15;21;kWh;0;0;0;0;0;0
2018-01-07T05:15;2018-01-07T05:30;22;kWh;0;0;0;0;0;0
2018-01-07T05:30;2018-01-07T05:45;23;kWh;0;0;0;0;0;0
2018-01-07T05:45;2018-01-07T06:00;24;kWh;0;0;0;0;0;0
2018-01-07T06:00;2018-01-07T06:15;25;kWh;-1831;0;0;0;1831;-1831
2018-01-07T06:15;2018-01-07T06:30;26;kWh;-6487;0;0;0;6487;-6487
2018-01-07T06:30;2018-01-07T06:45;27;kWh;-9556;0;0;0;9556;-9556
2018-01-07T06:45;2018-01-07T07:00;28;kWh;-680;0;0;0;680;-680
2018-01-07T07:00;2018-01-07T07:15;29;kWh;-31387;0;0;0;31387;-31387
2018-01-07T07:15;2018-01-07T07:30;30;kWh;-40605;0;0;0;40605;-40605
2018-01-07T07:30;2018-01-07T07:45;31;kWh;-16780;0;0;0;16780;-16780
2018-01-07T07:45;2018-01-07T08:00;32;kWh;-8214;0;0;0;8214;-8214
2018-01-07T08:00;2018-01-07T08:15;33;kWh;-34741;0;0;0;34741;-34741
2018-01-07T08:15;2018-01-07T08:30;34;kWh;-9779;0;0;0;9779;-9779
2018-01-07T08:30;2018-01-07T08:45;35;kWh;-19478;0;0;0;19478;-19478
2018-01-07T08:45;2018-01-07T09:00;36;kWh;-5372;157;0;0;5529;-5215
2018-01-07T09:00;2018-01-07T09:15;37;kWh;-4432;58;0;0;4490;-4374
2018-01-07T09:15;2018-01-07T09:30;38;kWh;-191;2486;0;0;2677;2295
2018-01-07T09:30;2018-01-07T09:45;39;kWh;0;560;0;0;560;560
2018-01-07T09:45;2018-01-07T10:00;40;kWh;0;0;0;0;0;0
2018-01-07T10:00;2018-01-07T10:15;41;kWh;-8660;0;0;0;8660;-8660
2018-01-07T10:15;2018-01-07T10:30;42;kWh;-34426;0;0;0;34426;-34426
2018-01-07T10:30;2018-01-07T10:45;43;kWh;-4980;0;0;0;4980;-4980
2018-01-07T10:45;2018-01-07T11:00;44;kWh;-44;0;0;0;44;-44
2018-01-07T11:00;2018-01-07T11:15;45;kWh;-2869;0;0;0;2869;-2869
2018-01-07T11:15;2018-01-07T11:30;46;kWh;-6883;0;0;0;6883;-6883
2018-01-07T11:30;2018-01-07T11:45;47;kWh;-11088;0;0;0;11088;-11088
2018-01-07T11:45;2018-01-07T12:00;48;kWh;-13246;0;0;0;13246;-13246
2018-01-07T12:00;2018-01-07T12:15;49;kWh;-17493;0;0;0;17493;-17493
2018-01-07T12:15;2018-01-07T12:30;50;kWh;-70231;0;0;0;70231;-70231
2018-01-07T12:30;2018-01-07T12:45;51;kWh;-53574;0;0;0;53574;-53574
2018-01-07T12:45;2018-01-07T13:00;52;kWh;-65235;0;0;0;65235;-65235
2018-01-07T13:00;2018-01-07T13:15;53;kWh;-34701;0;0;0;34701;-34701
2018-01-07T13:15;2018-01-07T13:30;54;kWh;-19;0;0;0;19;-19
2018-01-07T13:30;2018-01-07T13:45;55;kWh;-1362;0;0;0;1362;-1362
2018-01-07T13:45;2018-01-07T14:00;56;kWh;-19209;0;0;0;19209;-19209
2018-01-07T14:00;2018-01-07T14:15;57;kWh;-17749;0;0;0;17749;-17749
2018-01-07T14:15;2018-01-07T14:30;58;kWh;-224;0;0;0;224;-224
2018-01-07T14:30;2018-01-07T14:45;59;kWh;-357;0;0;0;357;-357
2018-01-07T14:45;2018-01-07T15:00;60;kWh;-11515;0;0;0;11515;-11515
2018-01-07T15:00;2018-01-07T15:15;61;kWh;-4276;0;0;0;4276;-4276
2018-01-07T15:15;2018-01-07T15:30;62;kWh;-1806;0;0;0;1806;-1806
2018-01-07T15:30;2018-01-07T15:45;63;kWh;-9759;0;0;0;9759;-9759
2018-01-07T15:45;2018-01-07T16:00;64;kWh;-141;0;0;0;141;-141
2018-01-07T16:00;2018-01-07T16:15;65;kWh;-7503;0;0;0;7503;-7503
2018-01-07T16:15;2018-01-07T16:30;66;kWh;-25809;0;0;0;25809;-25809
2018-01-07T16:30;2018-01-07T16:45;67;kWh;-27619;0;0;0;27619;-27619
2018-01-07T16:45;2018-01-07T17:00;68;kWh;-5343;994;0;0;6337;-4349
2018-01-07T17:00;2018-01-07T17:15;69;kWh;-13892;1;0;0;13893;-13891
2018-01-07T17:15;2018-01-07T17:30;70;kWh;-3596;54;0;0;3650;-3542
2018-01-07T17:30;2018-01-07T17:45;71;kWh;-21;7557;0;0;7578;7536
2018-01-07T17:45;2018-01-07T18:00;72;kWh;0;17764;0;0;17764;17764
2018-01-07T18:00;2018-01-07T18:15;73;kWh;-277;8226;0;0;8503;7949
2018-01-07T18:15;2018-01-07T18:30;74;kWh;-3595;33;0;0;3628;-3562
2018-01-07T18:30;2018-01-07T18:45;75;kWh;-1218;0;0;0;1218;-1218
2018-01-07T18:45;2018-01-07T19:00;76;kWh;-392;0;0;0;392;-392
2018-01-07T19:00;2018-01-07T19:15;77;kWh;0;0;0;0;0;0
2018-01-07T19:15;2018-01-07T19:30;78;kWh;-661;0;0;0;661;-661
2018-01-07T19:30;2018-01-07T19:45;79;kWh;-1948;0;0;0;1948;-1948
2018-01-07T19:45;2018-01-07T20:00;80;kWh;-181;0;0;0;181;-181
2018-01-07T20:00;2018-01-07T20:15;81;kWh;0;0;0;0;0;0
2018-01-07T20:15;2018-01-07T20:30;82;kWh;0;0;0;0;0;0
2018-01-07T20:30;2018-01-07T20:45;83;kWh;-460;0;0;0;460;-460
2018-01-07T20:45;2018-01-07T21:00;84;kWh;-10744;0;0;0;10744;-10744
2018-01-07T21:00;2018-01-07T21:15;85;kWh;-9744;0;0;0;9744;-9744
2018-01-07T21:15;2018-01-07T21:30;86;kWh;0;0;0;0;0;0
2018-01-07T21:30;2018-01-07T21:45;87;kWh;-180;0;0;0;180;-180
2018-01-07T21:45;2018-01-07T22:00;88;kWh;-1809;0;0;0;1809;-1809
2018-01-07T22:00;2018-01-07T22:15;89;kWh;-168;0;0;0;168;-168
2018-01-07T22:15;2018-01-07T22:30;90;kWh;-1064;0;0;0;1064;-1064
2018-01-07T22:30;2018-01-07T22:45;91;kWh;-134;0;0;0;134;-134
2018-01-07T22:45;2018-01-07T23:00;92;kWh;-10890;0;0;0;10890;-10890
2018-01-07T23:00;2018-01-07T23:15;93;kWh;-1500;0;0;0;1500;-1500
2018-01-07T23:15;2018-01-07T23:30;94;kWh;-15;0;0;0;15;-15
2018-01-07T23:30;2018-01-07T23:45;95;kWh;-102;0;0;0;102;-102
2018-01-07T23:45;2018-01-08T00:00;96;kWh;-3498;0;0;0;3498;-3498
2018-01-08T00:00;2018-01-08T00:15;1;kWh;-5277;0;0;0;5277;-5277
2018-01-08T00:15;2018-01-08T00:30;2;kWh;0;925;0;0;925;925
2018-01-08T00:30;2018-01-08T00:45;3;kWh;0;0;0;0;0;0
2018-01-08T00:45;2018-01-08T01:00;4;kWh;-1581;0;0;0;1581;-1581
2018-01-08T01:00;2018-01-08T01:15;5;kWh;-13;650;0;0;663;637
2018-01-08T01:15;2018-01-08T01:30;6;kWh;0;1159;0;0;1159;1159
2018-01-08T01:30;2018-01-08T01:45;7;kWh;0;1220;0;0;1220;1220
2018-01-08T01:45;2018-01-08T02:00;8;kWh;0;552;0;0;552;552
2018-01-08T02:00;2018-01-08T02:15;9;kWh;0;9364;0;0;9364;9364
2018-01-08T02:15;2018-01-08T02:30;10;kWh;0;2542;0;0;2542;2542
2018-01-08T02:30;2018-01-08T02:45;11;kWh;0;635;0;0;635;635
2018-01-08T02:45;2018-01-08T03:00;12;kWh;0;763;0;0;763;763
2018-01-08T03:00;2018-01-08T03:15;13;kWh;-728;0;0;0;728;-728
2018-01-08T03:15;2018-01-08T03:30;14;kWh;-441;0;0;0;441;-441
2018-01-08T03:30;2018-01-08T03:45;15;kWh;-5242;0;0;0;5242;-5242
2018-01-08T03:45;2018-01-08T04:00;16;kWh;-11568;0;0;0;11568;-11568
2018-01-08T04:00;2018-01-08T04:15;17;kWh;-3022;0;0;0;3022;-3022
2018-01-08T04:15;2018-01-08T04:30;18;kWh;0;0;0;0;0;0
2018-01-08T04:30;2018-01-08T04:45;19;kWh;0;0;0;0;0;0
2018-01-08T04:45;2018-01-08T05:00;20;kWh;0;292;0;0;292;292
2018-01-08T05:00;2018-01-08T05:15;21;kWh;0;0;0;0;0;0
2018-01-08T05:15;2018-01-08T05:30;22;kWh;0;0;0;0;0;0
2018-01-08T05:30;2018-01-08T05:45;23;kWh;-735;0;0;0;735;-735
2018-01-08T05:45;2018-01-08T06:00;24;kWh;-1112;0;0;0;1112;-1112
2018-01-08T06:00;2018-01-08T06:15;25;kWh;-2347;0;0;0;2347;-2347
2018-01-08T06:15;2018-01-08T06:30;26;kWh;-4053;0;0;0;4053;-4053
2018-01-08T06:30;2018-01-08T06:45;27;kWh;-40;0;0;0;40;-40
2018-01-08T06:45;2018-01-08T07:00;28;kWh;0;0;0;0;0;0
2018-01-08T07:00;2018-01-08T07:15;29;kWh;0;499;0;0;499;499
2018-01-08T07:15;2018-01-08T07:30;30;kWh;-3069;128;0;0;3197;-2941
2018-01-08T07:30;2018-01-08T07:45;31;kWh;0;203;0;0;203;203
2018-01-08T07:45;2018-01-08T08:00;32;kWh;0;16457;0;0;16457;16457
2018-01-08T08:00;2018-01-08T08:15;33;kWh;0;77778;0;0;77778;77778
2018-01-08T08:15;2018-01-08T08:30;34;kWh;0;79810;0;0;79810;79810
2018-01-08T08:30;2018-01-08T08:45;35;kWh;0;69508;0;0;69508;69508
2018-01-08T08:45;2018-01-08T09:00;36;kWh;0;24620;0;0;24620;24620
2018-01-08T09:00;2018-01-08T09:15;37;kWh;0;54547;0;0;54547;54547
2018-01-08T09:15;2018-01-08T09:30;38;kWh;0;32942;0;0;32942;32942
2018-01-08T09:30;2018-01-08T09:45;39;kWh;0;50965;0;0;50965;50965
2018-01-08T09:45;2018-01-08T10:00;40;kWh;0;53492;0;0;53492;53492
2018-01-08T10:00;2018-01-08T10:15;41;kWh;0;76268;0;0;76268;76268
2018-01-08T10:15;2018-01-08T10:30;42;kWh;0;88602;0;0;88602;88602
2018-01-08T10:30;2018-01-08T10:45;43;kWh;0;64835;0;0;69835;69835
2018-01-08T10:45;2018-01-08T11:00;44;kWh;0;44345;0;0;49345;49345
2018-01-08T11:00;2018-01-08T11:15;45;kWh;0;26306;0;0;26306;26306
2018-01-08T11:15;2018-01-08T11:30;46;kWh;0;62321;0;0;62321;62321
2018-01-08T11:30;2018-01-08T11:45;47;kWh;-19;51372;0;0;56391;56353
2018-01-08T11:45;2018-01-08T12:00;48;kWh;-4907;5491;0;0;10398;584
2018-01-08T12:00;2018-01-08T12:15;49;kWh;0;57036;0;0;57036;57036
2018-01-08T12:15;2018-01-08T12:30;50;kWh;-73;57681;0;0;62754;62608
2018-01-08T12:30;2018-01-08T12:45;51;kWh;-1232;7143;0;0;8375;5911
2018-01-08T12:45;2018-01-08T13:00;52;kWh;0;42978;0;0;42978;42978
2018-01-08T13:00;2018-01-08T13:15;53;kWh;0;49739;0;0;49739;49739
2018-01-08T13:15;2018-01-08T13:30;54;kWh;0;61819;0;0;66819;66819
2018-01-08T13:30;2018-01-08T13:45;55;kWh;0;56664;0;0;56664;56664
2018-01-08T13:45;2018-01-08T14:00;56;kWh;0;83605;0;0;83605;83605
2018-01-08T14:00;2018-01-08T14:15;57;kWh;0;68663;0;0;68663;68663
2018-01-08T14:15;2018-01-08T14:30;58;kWh;0;43056;0;0;43056;43056
2018-01-08T14:30;2018-01-08T14:45;59;kWh;0;52002;0;0;52002;52002
2018-01-08T14:45;2018-01-08T15:00;60;kWh;0;45585;0;0;50585;50585
2018-01-08T15:00;2018-01-08T15:15;61;kWh;-621;5849;0;0;11470;10228
2018-01-08T15:15;2018-01-08T15:30;62;kWh;0;13270;0;0;13270;13270
2018-01-08T15:30;2018-01-08T15:45;63;kWh;0;39691;0;0;39691;39691
2018-01-08T15:45;2018-01-08T16:00;64;kWh;0;12475;0;0;12475;12475
2018-01-08T16:00;2018-01-08T16:15;65;kWh;-11472;4458;0;0;15930;-7014
2018-01-08T16:15;2018-01-08T16:30;66;kWh;-14945;19;0;0;14964;-14926
2018-01-08T16:30;2018-01-08T16:45;67;kWh;-1584;346;0;0;1930;-1238
2018-01-08T16:45;2018-01-08T17:00;68;kWh;0;5013;0;0;5013;5013
2018-01-08T17:00;2018-01-08T17:15;69;kWh;-133;5151;0;0;5284;5018
2018-01-08T17:15;2018-01-08T17:30;70;kWh;0;15819;0;0;15819;15819
2018-01-08T17:30;2018-01-08T17:45;71;kWh;0;42861;0;0;42861;42861
2018-01-08T17:45;2018-01-08T18:00;72;kWh;0;29897;0;0;29897;29897
2018-01-08T18:00;2018-01-08T18:15;73;kWh;0;29857;0;0;29857;29857
2018-01-08T18:15;2018-01-08T18:30;74;kWh;-1223;11637;0;0;12860;10414
2018-01-08T18:30;2018-01-08T18:45;75;kWh;-10;3348;0;0;3358;3338
2018-01-08T18:45;2018-01-08T19:00;76;kWh;0;29431;0;0;29431;29431
2018-01-08T19:00;2018-01-08T19:15;77;kWh;0;21541;0;0;21541;21541
2018-01-08T19:15;2018-01-08T19:30;78;kWh;0;895;0;0;895;895
2018-01-08T19:30;2018-01-08T19:45;79;kWh;0;5190;0;0;5190;5190
2018-01-08T19:45;2018-01-08T20:00;80;kWh;-1091;983;0;0;2074;-108
2018-01-08T20:00;2018-01-08T20:15;81;kWh;-1480;12675;0;0;14155;11195
2018-01-08T20:15;2018-01-08T20:30;82;kWh;-107;35743;0;0;35850;35636
2018-01-08T20:30;2018-01-08T20:45;83;kWh;-923;1922;0;0;2845;999
2018-01-08T20:45;2018-01-08T21:00;84;kWh;0;11854;0;0;11854;11854
2018-01-08T21:00;2018-01-08T21:15;85;kWh;-1686;598;0;0;2284;-1088
2018-01-08T21:15;2018-01-08T21:30;86;kWh;0;5848;0;0;5848;5848
2018-01-08T21:30;2018-01-08T21:45;87;kWh;-104;377;0;0;481;273
2018-01-08T21:45;2018-01-08T22:00;88;kWh;-17484;0;0;0;17484;-17484
2018-01-08T22:00;2018-01-08T22:15;89;kWh;-711;8803;0;0;9514;8092
2018-01-08T22:15;2018-01-08T22:30;90;kWh;0;30200;0;0;30200;30200
2018-01-08T22:30;2018-01-08T22:45;91;kWh;0;8416;0;0;8416;8416
2018-01-08T22:45;2018-01-08T23:00;92;kWh;-21;1602;0;0;1623;1581
2018-01-08T23:00;2018-01-08T23:15;93;kWh;-715;26;0;0;741;-689
2018-01-08T23:15;2018-01-08T23:30;94;kWh;0;349;0;0;349;349
2018-01-08T23:30;2018-01-08T23:45;95;kWh;0;4460;0;0;4460;4460
2018-01-08T23:45;2018-01-09T00:00;96;kWh;-71;4093;0;0;4164;4022
2018-01-09T00:00;2018-01-09T00:15;1;kWh;-1235;2654;0;0;3889;1419
2018-01-09T00:15;2018-01-09T00:30;2;kWh;0;1651;0;0;1651;1651
2018-01-09T00:30;2018-01-09T00:45;3;kWh;0;4704;0;0;4704;4704
2018-01-09T00:45;2018-01-09T01:00;4;kWh;-935;6745;0;0;7680;5810
2018-01-09T01:00;2018-01-09T01:15;5;kWh;-4275;3725;0;0;8000;-550
2018-01-09T01:15;2018-01-09T01:30;6;kWh;-887;16244;0;0;17131;15357
2018-01-09T01:30;2018-01-09T01:45;7;kWh;-11919;200;0;0;12119;-11719
2018-01-09T01:45;2018-01-09T02:00;8;kWh;0;172;0;0;172;172
2018-01-09T02:00;2018-01-09T02:15;9;kWh;0;3527;0;0;3527;3527
2018-01-09T02:15;2018-01-09T02:30;10;kWh;0;2205;0;0;2205;2205
2018-01-09T02:30;2018-01-09T02:45;11;kWh;0;327;0;0;327;327
2018-01-09T02:45;2018-01-09T03:00;12;kWh;0;0;0;0;0;0
2018-01-09T03:00;2018-01-09T03:15;13;kWh;0;1430;0;0;1430;1430
2018-01-09T03:15;2018-01-09T03:30;14;kWh;0;13241;0;0;13241;13241
2018-01-09T03:30;2018-01-09T03:45;15;kWh;-202;421;0;0;623;219
2018-01-09T03:45;2018-01-09T04:00;16;kWh;-28;0;0;0;28;-28
2018-01-09T04:00;2018-01-09T04:15;17;kWh;-4253;0;0;0;4253;-4253
2018-01-09T04:15;2018-01-09T04:30;18;kWh;-185;7053;0;0;7238;6868
2018-01-09T04:30;2018-01-09T04:45;19;kWh;0;20396;0;0;20396;20396
2018-01-09T04:45;2018-01-09T05:00;20;kWh;0;28219;0;0;28219;28219
2018-01-09T05:00;2018-01-09T05:15;21;kWh;-5877;3514;0;0;9391;-2363
2018-01-09T05:15;2018-01-09T05:30;22;kWh;-417;841;0;0;1258;424
2018-01-09T05:30;2018-01-09T05:45;23;kWh;0;8403;0;0;8403;8403
2018-01-09T05:45;2018-01-09T06:00;24;kWh;0;35397;0;0;35397;35397
2018-01-09T06:00;2018-01-09T06:15;25;kWh;0;36451;0;0;36451;36451
2018-01-09T06:15;2018-01-09T06:30;26;kWh;0;46832;0;0;46832;46832
2018-01-09T06:30;2018-01-09T06:45;27;kWh;0;42584;0;0;42584;42584
2018-01-09T06:45;2018-01-09T07:00;28;kWh;-6604;6238;0;0;12842;-366
2018-01-09T07:00;2018-01-09T07:15;29;kWh;-3;33877;0;0;33880;33874
2018-01-09T07:15;2018-01-09T07:30;30;kWh;-70;6874;0;0;6944;6804
2018-01-09T07:30;2018-01-09T07:45;31;kWh;0;57595;0;0;57595;57595
2018-01-09T07:45;2018-01-09T08:00;32;kWh;0;91610;0;0;91610;91610
2018-01-09T08:00;2018-01-09T08:15;33;kWh;-2127;50151;0;0;52278;48024
2018-01-09T08:15;2018-01-09T08:30;34;kWh;-4427;20090;0;0;24517;15663
2018-01-09T08:30;2018-01-09T08:45;35;kWh;0;80385;0;0;80385;80385
2018-01-09T08:45;2018-01-09T09:00;36;kWh;0;67281;0;0;67281;67281
2018-01-09T09:00;2018-01-09T09:15;37;kWh;-178;26794;0;0;26972;26616
2018-01-09T09:15;2018-01-09T09:30;38;kWh;0;22989;0;0;22989;22989
2018-01-09T09:30;2018-01-09T09:45;39;kWh;0;17307;0;0;17307;17307
2018-01-09T09:45;2018-01-09T10:00;40;kWh;0;34668;0;0;34668;34668
2018-01-09T10:00;2018-01-09T10:15;41;kWh;-3949;24396;0;0;28345;20447
2018-01-09T10:15;2018-01-09T10:30;42;kWh;-7882;9090;0;0;16972;1208
2018-01-09T10:30;2018-01-09T10:45;43;kWh;-47;6434;0;0;6481;6387
2018-01-09T10:45;2018-01-09T11:00;44;kWh;-44;1223;0;0;1267;1179
2018-01-09T11:00;2018-01-09T11:15;45;kWh;0;9615;0;0;9615;9615
2018-01-09T11:15;2018-01-09T11:30;46;kWh;-38;1582;0;0;1620;1544
2018-01-09T11:30;2018-01-09T11:45;47;kWh;-9;1160;0;0;1169;1151
2018-01-09T11:45;2018-01-09T12:00;48;kWh;-156;205;0;0;361;49
2018-01-09T12:00;2018-01-09T12:15;49;kWh;-5947;0;0;0;5947;-5947
2018-01-09T12:15;2018-01-09T12:30;50;kWh;-12599;0;0;0;12599;-12599
2018-01-09T12:30;2018-01-09T12:45;51;kWh;-20576;0;0;0;20576;-20576
2018-01-09T12:45;2018-01-09T13:00;52;kWh;-7730;0;0;0;7730;-7730
2018-01-09T13:00;2018-01-09T13:15;53;kWh;-2074;997;0;0;3071;-1077
2018-01-09T13:15;2018-01-09T13:30;54;kWh;-637;0;0;0;637;-637
2018-01-09T13:30;2018-01-09T13:45;55;kWh;-30;0;0;0;30;-30
2018-01-09T13:45;2018-01-09T14:00;56;kWh;0;1499;0;0;1499;1499
2018-01-09T14:00;2018-01-09T14:15;57;kWh;-5113;198;0;0;5311;-4915
2018-01-09T14:15;2018-01-09T14:30;58;kWh;-5892;0;0;0;5892;-5892
2018-01-09T14:30;2018-01-09T14:45;59;kWh;-1413;0;0;0;1413;-1413
2018-01-09T14:45;2018-01-09T15:00;60;kWh;-2768;0;0;0;2768;-2768
2018-01-09T15:00;2018-01-09T15:15;61;kWh;-7992;0;0;0;7992;-7992
2018-01-09T15:15;2018-01-09T15:30;62;kWh;-6328;0;0;0;6328;-6328
2018-01-09T15:30;2018-01-09T15:45;63;kWh;-3663;0;0;0;3663;-3663
2018-01-09T15:45;2018-01-09T16:00;64;kWh;-522;668;0;0;1190;146
2018-01-09T16:00;2018-01-09T16:15;65;kWh;0;26;0;0;26;26
2018-01-09T16:15;2018-01-09T16:30;66;kWh;0;0;0;0;0;0
2018-01-09T16:30;2018-01-09T16:45;67;kWh;-1668;7;0;0;1675;-1661
2018-01-09T16:45;2018-01-09T17:00;68;kWh;0;30871;0;0;30871;30871
2018-01-09T17:00;2018-01-09T17:15;69;kWh;-3331;17108;0;0;20439;13777
2018-01-09T17:15;2018-01-09T17:30;70;kWh;-281;10965;0;0;11246;10684
2018-01-09T17:30;2018-01-09T17:45;71;kWh;0;33829;0;0;33829;33829
2018-01-09T17:45;2018-01-09T18:00;72;kWh;0;22168;0;0;22168;22168
2018-01-09T18:00;2018-01-09T18:15;73;kWh;-7028;12355;0;0;19383;5327
2018-01-09T18:15;2018-01-09T18:30;74;kWh;-28579;236;0;0;28815;-28343
2018-01-09T18:30;2018-01-09T18:45;75;kWh;-28611;0;0;0;28611;-28611
2018-01-09T18:45;2018-01-09T19:00;76;kWh;-40625;0;0;0;40625;-40625
2018-01-09T19:00;2018-01-09T19:15;77;kWh;-20290;527;0;0;20817;-19763
2018-01-09T19:15;2018-01-09T19:30;78;kWh;0;670;0;0;670;670
2018-01-09T19:30;2018-01-09T19:45;79;kWh;-7621;79;0;0;7700;-7542
2018-01-09T19:45;2018-01-09T20:00;80;kWh;-40248;0;0;0;40248;-40248
2018-01-09T20:00;2018-01-09T20:15;81;kWh;-3961;0;0;0;3961;-3961
2018-01-09T20:15;2018-01-09T20:30;82;kWh;0;0;0;0;0;0
2018-01-09T20:30;2018-01-09T20:45;83;kWh;-2841;0;0;0;2841;-2841
2018-01-09T20:45;2018-01-09T21:00;84;kWh;-49;0;0;0;49;-49
2018-01-09T21:00;2018-01-09T21:15;85;kWh;0;2604;0;0;2604;2604
2018-01-09T21:15;2018-01-09T21:30;86;kWh;0;27144;0;0;27144;27144
2018-01-09T21:30;2018-01-09T21:45;87;kWh;-469;8089;0;0;8558;7620
2018-01-09T21:45;2018-01-09T22:00;88;kWh;-5197;0;0;0;5197;-5197
2018-01-09T22:00;2018-01-09T22:15;89;kWh;-3585;9114;0;0;12699;5529
2018-01-09T22:15;2018-01-09T22:30;90;kWh;-106;16659;0;0;16765;16553
2018-01-09T22:30;2018-01-09T22:45;91;kWh;-3109;181;0;0;3290;-2928
2018-01-09T22:45;2018-01-09T23:00;92;kWh;-3127;0;0;0;3127;-3127
2018-01-09T23:00;2018-01-09T23:15;93;kWh;-6046;0;0;0;6046;-6046
2018-01-09T23:15;2018-01-09T23:30;94;kWh;0;304;0;0;304;304
2018-01-09T23:30;2018-01-09T23:45;95;kWh;-578;0;0;0;578;-578
2018-01-09T23:45;2018-01-10T00:00;96;kWh;-3769;0;0;0;3769;-3769
2018-01-10T00:00;2018-01-10T00:15;1;kWh;-3607;0;0;0;3607;-3607
2018-01-10T00:15;2018-01-10T00:30;2;kWh;0;1159;0;0;1159;1159
2018-01-10T00:30;2018-01-10T00:45;3;kWh;-89;339;0;0;428;250
2018-01-10T00:45;2018-01-10T01:00;4;kWh;-47;293;0;0;340;246
2018-01-10T01:00;2018-01-10T01:15;5;kWh;-966;0;0;0;966;-966
2018-01-10T01:15;2018-01-10T01:30;6;kWh;0;0;0;0;0;0
2018-01-10T01:30;2018-01-10T01:45;7;kWh;0;0;0;0;0;0
2018-01-10T01:45;2018-01-10T02:00;8;kWh;-147;0;0;0;147;-147
2018-01-10T02:00;2018-01-10T02:15;9;kWh;-262;793;0;0;1055;531
2018-01-10T02:15;2018-01-10T02:30;10;kWh;-75;2258;0;0;2333;2183
2018-01-10T02:30;2018-01-10T02:45;11;kWh;-938;0;0;0;938;-938
2018-01-10T02:45;2018-01-10T03:00;12;kWh;-35;0;0;0;35;-35
2018-01-10T03:00;2018-01-10T03:15;13;kWh;0;190;0;0;190;190
2018-01-10T03:15;2018-01-10T03:30;14;kWh;0;1760;0;0;1760;1760
2018-01-10T03:30;2018-01-10T03:45;15;kWh;-245;682;0;0;927;437
2018-01-10T03:45;2018-01-10T04:00;16;kWh;-8093;0;0;0;8093;-8093
2018-01-10T04:00;2018-01-10T04:15;17;kWh;-5303;365;0;0;5668;-4938
2018-01-10T04:15;2018-01-10T04:30;18;kWh;0;0;0;0;0;0
2018-01-10T04:30;2018-01-10T04:45;19;kWh;0;5332;0;0;5332;5332
2018-01-10T04:45;2018-01-10T05:00;20;kWh;0;10108;0;0;10108;10108
2018-01-10T05:00;2018-01-10T05:15;21;kWh;0;631;0;0;631;631
2018-01-10T05:15;2018-01-10T05:30;22;kWh;0;0;0;0;0;0
2018-01-10T05:30;2018-01-10T05:45;23;kWh;0;0;0;0;0;0
2018-01-10T05:45;2018-01-10T06:00;24;kWh;0;0;0;0;0;0
2018-01-10T06:00;2018-01-10T06:15;25;kWh;-2690;0;0;0;2690;-2690
2018-01-10T06:15;2018-01-10T06:30;26;kWh;0;0;0;0;0;0
2018-01-10T06:30;2018-01-10T06:45;27;kWh;-1208;0;0;0;1208;-1208
2018-01-10T06:45;2018-01-10T07:00;28;kWh;0;0;0;0;0;0
2018-01-10T07:00;2018-01-10T07:15;29;kWh;0;0;0;0;0;0
2018-01-10T07:15;2018-01-10T07:30;30;kWh;0;1323;0;0;1323;1323
2018-01-10T07:30;2018-01-10T07:45;31;kWh;0;34978;0;0;34978;34978
2018-01-10T07:45;2018-01-10T08:00;32;kWh;0;79511;0;0;79511;79511
2018-01-10T08:00;2018-01-10T08:15;33;kWh;-5472;27377;0;0;32849;21905
2018-01-10T08:15;2018-01-10T08:30;34;kWh;-1972;0;0;0;1972;-1972
2018-01-10T08:30;2018-01-10T08:45;35;kWh;-7436;0;0;0;7436;-7436
2018-01-10T08:45;2018-01-10T09:00;36;kWh;-24052;0;0;0;24052;-24052
2018-01-10T09:00;2018-01-10T09:15;37;kWh;-14436;0;0;0;14436;-14436
2018-01-10T09:15;2018-01-10T09:30;38;kWh;-105;0;0;0;105;-105
2018-01-10T09:30;2018-01-10T09:45;39;kWh;-32;0;0;0;32;-32
2018-01-10T09:45;2018-01-10T10:00;40;kWh;0;0;0;0;0;0
2018-01-10T10:00;2018-01-10T10:15;41;kWh;-681;0;0;0;681;-681
2018-01-10T10:15;2018-01-10T10:30;42;kWh;-51321;0;0;0;51321;-51321
2018-01-10T10:30;2018-01-10T10:45;43;kWh;-30637;0;0;0;30637;-30637
2018-01-10T10:45;2018-01-10T11:00;44;kWh;-26723;0;0;0;26723;-26723
2018-01-10T11:00;2018-01-10T11:15;45;kWh;-16507;0;0;0;16507;-16507
2018-01-10T11:15;2018-01-10T11:30;46;kWh;-7706;0;0;0;7706;-7706
2018-01-10T11:30;2018-01-10T11:45;47;kWh;-11042;0;0;0;11042;-11042
2018-01-10T11:45;2018-01-10T12:00;48;kWh;-3091;0;0;0;3091;-3091
2018-01-10T12:00;2018-01-10T12:15;49;kWh;-63;798;0;0;861;735
2018-01-10T12:15;2018-01-10T12:30;50;kWh;0;500;0;0;500;500
2018-01-10T12:30;2018-01-10T12:45;51;kWh;-380;0;0;0;380;-380
2018-01-10T12:45;2018-01-10T13:00;52;kWh;-9140;0;0;0;9140;-9140
2018-01-10T13:00;2018-01-10T13:15;53;kWh;-10495;0;0;0;10495;-10495
2018-01-10T13:15;2018-01-10T13:30;54;kWh;-3719;0;0;0;3719;-3719
2018-01-10T13:30;2018-01-10T13:45;55;kWh;-660;0;0;0;660;-660
2018-01-10T13:45;2018-01-10T14:00;56;kWh;-1375;0;0;0;1375;-1375
2018-01-10T14:00;2018-01-10T14:15;57;kWh;-1158;0;0;0;1158;-1158
2018-01-10T14:15;2018-01-10T14:30;58;kWh;-11;0;0;0;11;-11
2018-01-10T14:30;2018-01-10T14:45;59;kWh;-2288;0;0;0;2288;-2288
2018-01-10T14:45;2018-01-10T15:00;60;kWh;-5089;0;0;0;5089;-5089
2018-01-10T15:00;2018-01-10T15:15;61;kWh;-1176;0;0;0;1176;-1176
2018-01-10T15:15;2018-01-10T15:30;62;kWh;-2065;0;0;0;2065;-2065
2018-01-10T15:30;2018-01-10T15:45;63;kWh;-68;76;0;0;144;8
2018-01-10T15:45;2018-01-10T16:00;64;kWh;0;1803;0;0;1803;1803
2018-01-10T16:00;2018-01-10T16:15;65;kWh;-4631;12;0;0;4643;-4619
2018-01-10T16:15;2018-01-10T16:30;66;kWh;-3318;0;0;0;3318;-3318
2018-01-10T16:30;2018-01-10T16:45;67;kWh;-142;0;0;0;142;-142
2018-01-10T16:45;2018-01-10T17:00;68;kWh;-5;0;0;0;5;-5
2018-01-10T17:00;2018-01-10T17:15;69;kWh;-18279;0;0;0;18279;-18279
2018-01-10T17:15;2018-01-10T17:30;70;kWh;-15187;0;0;0;15187;-15187
2018-01-10T17:30;2018-01-10T17:45;71;kWh;-1138;0;0;0;1138;-1138
2018-01-10T17:45;2018-01-10T18:00;72;kWh;0;0;0;0;0;0
2018-01-10T18:00;2018-01-10T18:15;73;kWh;-94;670;0;0;764;576
2018-01-10T18:15;2018-01-10T18:30;74;kWh;-12127;0;0;0;12127;-12127
2018-01-10T18:30;2018-01-10T18:45;75;kWh;-23893;0;0;0;23893;-23893
2018-01-10T18:45;2018-01-10T19:00;76;kWh;-14245;0;0;0;14245;-14245
2018-01-10T19:00;2018-01-10T19:15;77;kWh;-322;11923;0;0;12245;11601
2018-01-10T19:15;2018-01-10T19:30;78;kWh;0;3992;0;0;3992;3992
2018-01-10T19:30;2018-01-10T19:45;79;kWh;-381;240;0;0;621;-141
2018-01-10T19:45;2018-01-10T20:00;80;kWh;-15102;0;0;0;15102;-15102
2018-01-10T20:00;2018-01-10T20:15;81;kWh;-15363;926;0;0;16289;-14437
2018-01-10T20:15;2018-01-10T20:30;82;kWh;-2366;298;0;0;2664;-2068
2018-01-10T20:30;2018-01-10T20:45;83;kWh;-6847;0;0;0;6847;-6847
2018-01-10T20:45;2018-01-10T21:00;84;kWh;-25964;0;0;0;25964;-25964
2018-01-10T21:00;2018-01-10T21:15;85;kWh;-5765;769;0;0;6534;-4996
2018-01-10T21:15;2018-01-10T21:30;86;kWh;-42;12491;0;0;12533;12449
2018-01-10T21:30;2018-01-10T21:45;87;kWh;0;142;0;0;142;142
2018-01-10T21:45;2018-01-10T22:00;88;kWh;0;0;0;0;0;0
2018-01-10T22:00;2018-01-10T22:15;89;kWh;0;0;0;0;0;0
2018-01-10T22:15;2018-01-10T22:30;90;kWh;0;0;0;0;0;0
2018-01-10T22:30;2018-01-10T22:45;91;kWh;0;0;0;0;0;0
2018-01-10T22:45;2018-01-10T23:00;92;kWh;-1301;0;0;0;1301;-1301
2018-01-10T23:00;2018-01-10T23:15;93;kWh;-1038;0;0;0;1038;-1038
2018-01-10T23:15;2018-01-10T23:30;94;kWh;0;0;0;0;0;0
2018-01-10T23:30;2018-01-10T23:45;95;kWh;0;0;0;0;0;0
2018-01-10T23:45;2018-01-11T00:00;96;kWh;-4098;0;0;0;4098;-4098
2018-01-11T00:00;2018-01-11T00:15;1;kWh;-14062;0;0;0;14062;-14062
2018-01-11T00:15;2018-01-11T00:30;2;kWh;-2;28;0;0;30;26
2018-01-11T00:30;2018-01-11T00:45;3;kWh;-1079;0;0;0;1079;-1079
2018-01-11T00:45;2018-01-11T01:00;4;kWh;-40820;0;0;0;40820;-40820
2018-01-11T01:00;2018-01-11T01:15;5;kWh;-18341;1177;0;0;19518;-17164
2018-01-11T01:15;2018-01-11T01:30;6;kWh;-454;44;0;0;498;-410
2018-01-11T01:30;2018-01-11T01:45;7;kWh;-2208;0;0;0;2208;-2208
2018-01-11T01:45;2018-01-11T02:00;8;kWh;-21873;0;0;0;21873;-21873
2018-01-11T02:00;2018-01-11T02:15;9;kWh;-17769;0;0;0;17769;-17769
2018-01-11T02:15;2018-01-11T02:30;10;kWh;-6;13;0;0;19;7
2018-01-11T02:30;2018-01-11T02:45;11;kWh;0;0;0;0;0;0
2018-01-11T02:45;2018-01-11T03:00;12;kWh;-2595;0;0;0;2595;-2595
2018-01-11T03:00;2018-01-11T03:15;13;kWh;-9956;0;0;0;9956;-9956
2018-01-11T03:15;2018-01-11T03:30;14;kWh;-40;0;0;0;40;-40
2018-01-11T03:30;2018-01-11T03:45;15;kWh;0;0;0;0;0;0
2018-01-11T03:45;2018-01-11T04:00;16;kWh;-284;0;0;0;284;-284
2018-01-11T04:00;2018-01-11T04:15;17;kWh;0;0;0;0;0;0
2018-01-11T04:15;2018-01-11T04:30;18;kWh;0;0;0;0;0;0
2018-01-11T04:30;2018-01-11T04:45;19;kWh;0;0;0;0;0;0
2018-01-11T04:45;2018-01-11T05:00;20;kWh;0;0;0;0;0;0
2018-01-11T05:00;2018-01-11T05:15;21;kWh;-18386;0;0;0;18386;-18386
2018-01-11T05:15;2018-01-11T05:30;22;kWh;-40885;0;0;0;40885;-40885
2018-01-11T05:30;2018-01-11T05:45;23;kWh;-7878;0;0;0;7878;-7878
2018-01-11T05:45;2018-01-11T06:00;24;kWh;-276;0;0;0;276;-276
2018-01-11T06:00;2018-01-11T06:15;25;kWh;-17391;0;0;0;17391;-17391
2018-01-11T06:15;2018-01-11T06:30;26;kWh;-9445;0;0;0;9445;-9445
2018-01-11T06:30;2018-01-11T06:45;27;kWh;-1312;25;0;0;1337;-1287
2018-01-11T06:45;2018-01-11T07:00;28;kWh;0;515;0;0;515;515
2018-01-11T07:00;2018-01-11T07:15;29;kWh;-15428;0;0;0;15428;-15428
2018-01-11T07:15;2018-01-11T07:30;30;kWh;-1774;0;0;0;1774;-1774
2018-01-11T07:30;2018-01-11T07:45;31;kWh;0;0;0;0;0;0
2018-01-11T07:45;2018-01-11T08:00;32;kWh;0;6314;0;0;6314;6314
2018-01-11T08:00;2018-01-11T08:15;33;kWh;-9633;450;0;0;10083;-9183
2018-01-11T08:15;2018-01-11T08:30;34;kWh;-19838;0;0;0;19838;-19838
2018-01-11T08:30;2018-01-11T08:45;35;kWh;-20412;0;0;0;20412;-20412
2018-01-11T08:45;2018-01-11T09:00;36;kWh;-11192;0;0;0;11192;-11192
2018-01-11T09:00;2018-01-11T09:15;37;kWh;-41528;0;0;0;41528;-41528
2018-01-11T09:15;2018-01-11T09:30;38;kWh;-39747;0;0;0;39747;-39747
2018-01-11T09:30;2018-01-11T09:45;39;kWh;-19757;0;0;0;19757;-19757
2018-01-11T09:45;2018-01-11T10:00;40;kWh;-25645;0;0;0;25645;-25645
2018-01-11T10:00;2018-01-11T10:15;41;kWh;-16242;0;0;0;16242;-16242
2018-01-11T10:15;2018-01-11T10:30;42;kWh;-27094;0;0;0;27094;-27094
2018-01-11T10:30;2018-01-11T10:45;43;kWh;-18164;0;0;0;18164;-18164
2018-01-11T10:45;2018-01-11T11:00;44;kWh;-17258;0;0;0;17258;-17258
2018-01-11T11:00;2018-01-11T11:15;45;kWh;-44312;0;0;0;44312;-44312
2018-01-11T11:15;2018-01-11T11:30;46;kWh;-34151;0;0;0;34151;-34151
2018-01-11T11:30;2018-01-11T11:45;47;kWh;-32947;0;0;0;32947;-32947
2018-01-11T11:45;2018-01-11T12:00;48;kWh;-17417;0;0;0;17417;-17417
2018-01-11T12:00;2018-01-11T12:15;49;kWh;-6740;0;0;0;6740;-6740
2018-01-11T12:15;2018-01-11T12:30;50;kWh;-14695;0;0;0;14695;-14695
2018-01-11T12:30;2018-01-11T12:45;51;kWh;-18525;0;0;0;18525;-18525
2018-01-11T12:45;2018-01-11T13:00;52;kWh;-7561;0;0;0;7561;-7561
2018-01-11T13:00;2018-01-11T13:15;53;kWh;-11179;0;0;0;11179;-11179
2018-01-11T13:15;2018-01-11T13:30;54;kWh;0;0;0;0;0;0
2018-01-11T13:30;2018-01-11T13:45;55;kWh;0;0;0;0;0;0
2018-01-11T13:45;2018-01-11T14:00;56;kWh;-4706;0;0;0;4706;-4706
2018-01-11T14:00;2018-01-11T14:15;57;kWh;-4626;0;0;0;4626;-4626
2018-01-11T14:15;2018-01-11T14:30;58;kWh;-626;0;0;0;626;-626
2018-01-11T14:30;2018-01-11T14:45;59;kWh;-1366;0;0;0;1366;-1366
2018-01-11T14:45;2018-01-11T15:00;60;kWh;-4113;0;0;0;4113;-4113
2018-01-11T15:00;2018-01-11T15:15;61;kWh;-717;0;0;0;717;-717
2018-01-11T15:15;2018-01-11T15:30;62;kWh;0;0;0;0;0;0
2018-01-11T15:30;2018-01-11T15:45;63;kWh;-400;0;0;0;400;-400
2018-01-11T15:45;2018-01-11T16:00;64;kWh;-359;0;0;0;359;-359
2018-01-11T16:00;2018-01-11T16:15;65;kWh;-183;0;0;0;183;-183
2018-01-11T16:15;2018-01-11T16:30;66;kWh;0;0;0;0;0;0
2018-01-11T16:30;2018-01-11T16:45;67;kWh;0;0;0;0;0;0
2018-01-11T16:45;2018-01-11T17:00;68;kWh;0;0;0;0;0;0
2018-01-11T17:00;2018-01-11T17:15;69;kWh;-19165;0;0;0;19165;-19165
2018-01-11T17:15;2018-01-11T17:30;70;kWh;-3595;399;0;0;3994;-3196
2018-01-11T17:30;2018-01-11T17:45;71;kWh;0;486;0;0;486;486
2018-01-11T17:45;2018-01-11T18:00;72;kWh;-80;0;0;0;80;-80
2018-01-11T18:00;2018-01-11T18:15;73;kWh;0;0;0;0;0;0
2018-01-11T18:15;2018-01-11T18:30;74;kWh;-7;0;0;0;7;-7
2018-01-11T18:30;2018-01-11T18:45;75;kWh;-9269;0;0;0;9269;-9269
2018-01-11T18:45;2018-01-11T19:00;76;kWh;-2715;0;0;0;2715;-2715
2018-01-11T19:00;2018-01-11T19:15;77;kWh;0;8430;0;0;8430;8430
2018-01-11T19:15;2018-01-11T19:30;78;kWh;-196;2298;0;0;2494;2102
2018-01-11T19:30;2018-01-11T19:45;79;kWh;-9986;0;0;0;9986;-9986
2018-01-11T19:45;2018-01-11T20:00;80;kWh;-28794;0;0;0;28794;-28794
2018-01-11T20:00;2018-01-11T20:15;81;kWh;-9465;514;0;0;9979;-8951
2018-01-11T20:15;2018-01-11T20:30;82;kWh;-1406;0;0;0;1406;-1406
2018-01-11T20:30;2018-01-11T20:45;83;kWh;-1515;0;0;0;1515;-1515
2018-01-11T20:45;2018-01-11T21:00;84;kWh;-16941;0;0;0;16941;-16941
2018-01-11T21:00;2018-01-11T21:15;85;kWh;-18829;59;0;0;18888;-18770
2018-01-11T21:15;2018-01-11T21:30;86;kWh;-732;868;0;0;1600;136
2018-01-11T21:30;2018-01-11T21:45;87;kWh;-8520;0;0;0;8520;-8520
2018-01-11T21:45;2018-01-11T22:00;88;kWh;-17834;0;0;0;17834;-17834
2018-01-11T22:00;2018-01-11T22:15;89;kWh;-14169;391;0;0;14560;-13778
2018-01-11T22:15;2018-01-11T22:30;90;kWh;-925;1533;0;0;2458;608
2018-01-11T22:30;2018-01-11T22:45;91;kWh;0;0;0;0;0;0
2018-01-11T22:45;2018-01-11T23:00;92;kWh;-169;0;0;0;169;-169
2018-01-11T23:00;2018-01-11T23:15;93;kWh;-660;0;0;0;660;-660
2018-01-11T23:15;2018-01-11T23:30;94;kWh;-182;0;0;0;182;-182
2018-01-11T23:30;2018-01-11T23:45;95;kWh;-18440;0;0;0;18440;-18440
2018-01-11T23:45;2018-01-12T00:00;96;kWh;-28555;0;0;0;28555;-28555
2018-01-12T00:00;2018-01-12T00:15;1;kWh;-26535;0;0;0;26535;-26535
2018-01-12T00:15;2018-01-12T00:30;2;kWh;-3198;0;0;0;3198;-3198
2018-01-12T00:30;2018-01-12T00:45;3;kWh;-33424;0;0;0;33424;-33424
2018-01-12T00:45;2018-01-12T01:00;4;kWh;-37882;0;0;0;37882;-37882
2018-01-12T01:00;2018-01-12T01:15;5;kWh;-23406;0;0;0;23406;-23406
2018-01-12T01:15;2018-01-12T01:30;6;kWh;-1940;0;0;0;1940;-1940
2018-01-12T01:30;2018-01-12T01:45;7;kWh;-9873;0;0;0;9873;-9873
2018-01-12T01:45;2018-01-12T02:00;8;kWh;-40567;0;0;0;40567;-40567
2018-01-12T02:00;2018-01-12T02:15;9;kWh;-20359;0;0;0;20359;-20359
2018-01-12T02:15;2018-01-12T02:30;10;kWh;-18684;0;0;0;18684;-18684
2018-01-12T02:30;2018-01-12T02:45;11;kWh;-55052;0;0;0;55052;-55052
2018-01-12T02:45;2018-01-12T03:00;12;kWh;-62861;0;0;0;62861;-62861
2018-01-12T03:00;2018-01-12T03:15;13;kWh;-29744;0;0;0;29744;-29744
2018-01-12T03:15;2018-01-12T03:30;14;kWh;-4050;0;0;0;4050;-4050
2018-01-12T03:30;2018-01-12T03:45;15;kWh;-7537;0;0;0;7537;-7537
2018-01-12T03:45;2018-01-12T04:00;16;kWh;-17344;0;0;0;17344;-17344
2018-01-12T04:00;2018-01-12T04:15;17;kWh;-7071;465;0;0;7536;-6606
2018-01-12T04:15;2018-01-12T04:30;18;kWh;0;0;0;0;0;0
2018-01-12T04:30;2018-01-12T04:45;19;kWh;-452;0;0;0;452;-452
2018-01-12T04:45;2018-01-12T05:00;20;kWh;-1722;0;0;0;1722;-1722
2018-01-12T05:00;2018-01-12T05:15;21;kWh;-1562;0;0;0;1562;-1562
2018-01-12T05:15;2018-01-12T05:30;22;kWh;-23;0;0;0;23;-23
2018-01-12T05:30;2018-01-12T05:45;23;kWh;-1310;0;0;0;1310;-1310
2018-01-12T05:45;2018-01-12T06:00;24;kWh;-67;6319;0;0;6386;6252
2018-01-12T06:00;2018-01-12T06:15;25;kWh;-481;4521;0;0;5002;4040
2018-01-12T06:15;2018-01-12T06:30;26;kWh;-462;0;0;0;462;-462
2018-01-12T06:30;2018-01-12T06:45;27;kWh;0;0;0;0;0;0
2018-01-12T06:45;2018-01-12T07:00;28;kWh;-787;0;0;0;787;-787
2018-01-12T07:00;2018-01-12T07:15;29;kWh;-22155;0;0;0;22155;-22155
2018-01-12T07:15;2018-01-12T07:30;30;kWh;-13486;0;0;0;13486;-13486
2018-01-12T07:30;2018-01-12T07:45;31;kWh;-11614;174;0;0;11788;-11440
2018-01-12T07:45;2018-01-12T08:00;32;kWh;-500;11443;0;0;11943;10943
2018-01-12T08:00;2018-01-12T08:15;33;kWh;-6072;4876;0;0;10948;-1196
2018-01-12T08:15;2018-01-12T08:30;34;kWh;-1813;0;0;0;1813;-1813
2018-01-12T08:30;2018-01-12T08:45;35;kWh;-1077;0;0;0;1077;-1077
2018-01-12T08:45;2018-01-12T09:00;36;kWh;0;741;0;0;741;741
2018-01-12T09:00;2018-01-12T09:15;37;kWh;0;703;0;0;703;703
2018-01-12T09:15;2018-01-12T09:30;38;kWh;0;0;0;0;0;0
2018-01-12T09:30;2018-01-12T09:45;39;kWh;0;0;0;0;0;0
2018-01-12T09:45;2018-01-12T10:00;40;kWh;0;749;0;0;749;749
2018-01-12T10:00;2018-01-12T10:15;41;kWh;0;530;0;0;530;530
2018-01-12T10:15;2018-01-12T10:30;42;kWh;0;47;0;0;47;47
2018-01-12T10:30;2018-01-12T10:45;43;kWh;0;0;0;0;0;0
2018-01-12T10:45;2018-01-12T11:00;44;kWh;0;0;0;0;0;0
2018-01-12T11:00;2018-01-12T11:15;45;kWh;0;0;0;0;0;0
2018-01-12T11:15;2018-01-12T11:30;46;kWh;0;0;0;0;0;0
2018-01-12T11:30;2018-01-12T11:45;47;kWh;0;0;0;0;0;0
2018-01-12T11:45;2018-01-12T12:00;48;kWh;-815;0;0;0;815;-815
2018-01-12T12:00;2018-01-12T12:15;49;kWh;-19;6578;0;0;6597;6559
2018-01-12T12:15;2018-01-12T12:30;50;kWh;0;13582;0;0;13582;13582
2018-01-12T12:30;2018-01-12T12:45;51;kWh;-772;610;0;0;1382;-162
2018-01-12T12:45;2018-01-12T13:00;52;kWh;-1139;0;0;0;1139;-1139
2018-01-12T13:00;2018-01-12T13:15;53;kWh;-5;1370;0;0;1375;1365
2018-01-12T13:15;2018-01-12T13:30;54;kWh;0;8995;0;0;8995;8995
2018-01-12T13:30;2018-01-12T13:45;55;kWh;0;10363;0;0;10363;10363
2018-01-12T13:45;2018-01-12T14:00;56;kWh;0;5005;0;0;5005;5005
2018-01-12T14:00;2018-01-12T14:15;57;kWh;0;272;0;0;272;272
2018-01-12T14:15;2018-01-12T14:30;58;kWh;0;681;0;0;681;681
2018-01-12T14:30;2018-01-12T14:45;59;kWh;0;1053;0;0;1053;1053
2018-01-12T14:45;2018-01-12T15:00;60;kWh;-254;0;0;0;254;-254
2018-01-12T15:00;2018-01-12T15:15;61;kWh;0;777;0;0;777;777
2018-01-12T15:15;2018-01-12T15:30;62;kWh;0;417;0;0;417;417
2018-01-12T15:30;2018-01-12T15:45;63;kWh;0;43;0;0;43;43
2018-01-12T15:45;2018-01-12T16:00;64;kWh;0;250;0;0;250;250
2018-01-12T16:00;2018-01-12T16:15;65;kWh;0;76;0;0;76;76
2018-01-12T16:15;2018-01-12T16:30;66;kWh;0;0;0;0;0;0
2018-01-12T16:30;2018-01-12T16:45;67;kWh;0;137;0;0;137;137
2018-01-12T16:45;2018-01-12T17:00;68;kWh;0;17990;0;0;17990;17990
2018-01-12T17:00;2018-01-12T17:15;69;kWh;-12613;10320;0;0;22933;-2293
2018-01-12T17:15;2018-01-12T17:30;70;kWh;-4173;770;0;0;4943;-3403
2018-01-12T17:30;2018-01-12T17:45;71;kWh;-8;9353;0;0;9361;9345
2018-01-12T17:45;2018-01-12T18:00;72;kWh;0;12471;0;0;12471;12471
2018-01-12T18:00;2018-01-12T18:15;73;kWh;0;5027;0;0;5027;5027
2018-01-12T18:15;2018-01-12T18:30;74;kWh;0;257;0;0;257;257
2018-01-12T18:30;2018-01-12T18:45;75;kWh;-14496;0;0;0;14496;-14496
2018-01-12T18:45;2018-01-12T19:00;76;kWh;-27363;0;0;0;27363;-27363
2018-01-12T19:00;2018-01-12T19:15;77;kWh;-21290;4269;0;0;25559;-17021
2018-01-12T19:15;2018-01-12T19:30;78;kWh;-290;1872;0;0;2162;1582
2018-01-12T19:30;2018-01-12T19:45;79;kWh;-13493;0;0;0;13493;-13493
2018-01-12T19:45;2018-01-12T20:00;80;kWh;-991;0;0;0;991;-991
2018-01-12T20:00;2018-01-12T20:15;81;kWh;-978;12842;0;0;13820;11864
2018-01-12T20:15;2018-01-12T20:30;82;kWh;-24;50270;0;0;50294;50246
2018-01-12T20:30;2018-01-12T20:45;83;kWh;-8883;869;0;0;9752;-8014
2018-01-12T20:45;2018-01-12T21:00;84;kWh;-14678;0;0;0;14678;-14678
2018-01-12T21:00;2018-01-12T21:15;85;kWh;-24005;3142;0;0;27147;-20863
2018-01-12T21:15;2018-01-12T21:30;86;kWh;-40;33671;0;0;33711;33631
2018-01-12T21:30;2018-01-12T21:45;87;kWh;-2957;3096;0;0;6053;139
2018-01-12T21:45;2018-01-12T22:00;88;kWh;-19306;0;0;0;19306;-19306
2018-01-12T22:00;2018-01-12T22:15;89;kWh;-9575;15769;0;0;25344;6194
2018-01-12T22:15;2018-01-12T22:30;90;kWh;-11;36297;0;0;36308;36286
2018-01-12T22:30;2018-01-12T22:45;91;kWh;-16548;2156;0;0;18704;-14392
2018-01-12T22:45;2018-01-12T23:00;92;kWh;-25946;0;0;0;25946;-25946
2018-01-12T23:00;2018-01-12T23:15;93;kWh;-23822;5267;0;0;29089;-18555
2018-01-12T23:15;2018-01-12T23:30;94;kWh;-93;52412;0;0;52505;52319
2018-01-12T23:30;2018-01-12T23:45;95;kWh;-22;6891;0;0;6913;6869
2018-01-12T23:45;2018-01-13T00:00;96;kWh;-1673;0;0;0;1673;-1673
2018-01-13T00:00;2018-01-13T00:15;1;kWh;-1137;943;0;0;2080;-194
2018-01-13T00:15;2018-01-13T00:30;2;kWh;0;24195;0;0;24195;24195
2018-01-13T00:30;2018-01-13T00:45;3;kWh;-568;4810;0;0;5378;4242
2018-01-13T00:45;2018-01-13T01:00;4;kWh;0;32921;0;0;32921;32921
2018-01-13T01:00;2018-01-13T01:15;5;kWh;-50;17094;0;0;17144;17044
2018-01-13T01:15;2018-01-13T01:30;6;kWh;0;46350;0;0;46350;46350
2018-01-13T01:30;2018-01-13T01:45;7;kWh;0;2871;0;0;2871;2871
2018-01-13T01:45;2018-01-13T02:00;8;kWh;0;1104;0;0;1104;1104
2018-01-13T02:00;2018-01-13T02:15;9;kWh;0;9377;0;0;9377;9377
2018-01-13T02:15;2018-01-13T02:30;10;kWh;0;19849;0;0;19849;19849
2018-01-13T02:30;2018-01-13T02:45;11;kWh;0;10781;0;0;10781;10781
2018-01-13T02:45;2018-01-13T03:00;12;kWh;-151;661;0;0;812;510
2018-01-13T03:00;2018-01-13T03:15;13;kWh;-447;0;0;0;447;-447
2018-01-13T03:15;2018-01-13T03:30;14;kWh;0;0;0;0;0;0
2018-01-13T03:30;2018-01-13T03:45;15;kWh;0;0;0;0;0;0
2018-01-13T03:45;2018-01-13T04:00;16;kWh;0;0;0;0;0;0
2018-01-13T04:00;2018-01-13T04:15;17;kWh;0;23;0;0;23;23
2018-01-13T04:15;2018-01-13T04:30;18;kWh;0;1694;0;0;1694;1694
2018-01-13T04:30;2018-01-13T04:45;19;kWh;0;785;0;0;785;785
2018-01-13T04:45;2018-01-13T05:00;20;kWh;0;2730;0;0;2730;2730
2018-01-13T05:00;2018-01-13T05:15;21;kWh;0;559;0;0;559;559
2018-01-13T05:15;2018-01-13T05:30;22;kWh;0;2335;0;0;2335;2335
2018-01-13T05:30;2018-01-13T05:45;23;kWh;0;8152;0;0;8152;8152
2018-01-13T05:45;2018-01-13T06:00;24;kWh;0;28794;0;0;28794;28794
2018-01-13T06:00;2018-01-13T06:15;25;kWh;-698;13060;0;0;13758;12362
2018-01-13T06:15;2018-01-13T06:30;26;kWh;-44;3209;0;0;3253;3165
2018-01-13T06:30;2018-01-13T06:45;27;kWh;0;38348;0;0;38348;38348
2018-01-13T06:45;2018-01-13T07:00;28;kWh;0;41705;0;0;41705;41705
2018-01-13T07:00;2018-01-13T07:15;29;kWh;-2077;11573;0;0;13650;9496
2018-01-13T07:15;2018-01-13T07:30;30;kWh;-5409;0;0;0;5409;-5409
2018-01-13T07:30;2018-01-13T07:45;31;kWh;-2698;33;0;0;2731;-2665
2018-01-13T07:45;2018-01-13T08:00;32;kWh;0;14190;0;0;14190;14190
2018-01-13T08:00;2018-01-13T08:15;33;kWh;0;27473;0;0;27473;27473
2018-01-13T08:15;2018-01-13T08:30;34;kWh;0;39827;0;0;39827;39827
2018-01-13T08:30;2018-01-13T08:45;35;kWh;0;56148;0;0;56148;56148
2018-01-13T08:45;2018-01-13T09:00;36;kWh;0;18506;0;0;18506;18506
2018-01-13T09:00;2018-01-13T09:15;37;kWh;0;9380;0;0;9380;9380
2018-01-13T09:15;2018-01-13T09:30;38;kWh;0;18839;0;0;18839;18839
2018-01-13T09:30;2018-01-13T09:45;39;kWh;0;56913;0;0;56913;56913
2018-01-13T09:45;2018-01-13T10:00;40;kWh;0;75056;0;0;75056;75056
2018-01-13T10:00;2018-01-13T10:15;41;kWh;0;62890;0;0;62890;62890
2018-01-13T10:15;2018-01-13T10:30;42;kWh;0;44558;0;0;44558;44558
2018-01-13T10:30;2018-01-13T10:45;43;kWh;0;69919;0;0;69919;69919
2018-01-13T10:45;2018-01-13T11:00;44;kWh;0;69225;0;0;69225;69225
2018-01-13T11:00;2018-01-13T11:15;45;kWh;0;50064;0;0;50064;50064
2018-01-13T11:15;2018-01-13T11:30;46;kWh;0;33651;0;0;33651;33651
2018-01-13T11:30;2018-01-13T11:45;47;kWh;0;61852;0;0;61852;61852
2018-01-13T11:45;2018-01-13T12:00;48;kWh;0;57849;0;0;57849;57849
2018-01-13T12:00;2018-01-13T12:15;49;kWh;0;78371;0;0;78371;78371
2018-01-13T12:15;2018-01-13T12:30;50;kWh;0;96393;0;0;96393;96393
2018-01-13T12:30;2018-01-13T12:45;51;kWh;0;82471;0;0;92471;92471
2018-01-13T12:45;2018-01-13T13:00;52;kWh;0;40690;0;0;40690;40690
2018-01-13T13:00;2018-01-13T13:15;53;kWh;0;16055;0;0;16055;16055
2018-01-13T13:15;2018-01-13T13:30;54;kWh;0;5777;0;0;5777;5777
2018-01-13T13:30;2018-01-13T13:45;55;kWh;0;25772;0;0;25772;25772
2018-01-13T13:45;2018-01-13T14:00;56;kWh;0;12829;0;0;12829;12829
2018-01-13T14:00;2018-01-13T14:15;57;kWh;0;13795;0;0;13795;13795
2018-01-13T14:15;2018-01-13T14:30;58;kWh;0;18288;0;0;18288;18288
2018-01-13T14:30;2018-01-13T14:45;59;kWh;0;24321;0;0;24321;24321
2018-01-13T14:45;2018-01-13T15:00;60;kWh;-121;4406;0;0;4527;4285
2018-01-13T15:00;2018-01-13T15:15;61;kWh;0;39391;0;0;39391;39391
2018-01-13T15:15;2018-01-13T15:30;62;kWh;-1491;14241;0;0;15732;12750
2018-01-13T15:30;2018-01-13T15:45;63;kWh;-853;0;0;0;853;-853
2018-01-13T15:45;2018-01-13T16:00;64;kWh;-21233;0;0;0;21233;-21233
2018-01-13T16:00;2018-01-13T16:15;65;kWh;-4642;0;0;0;4642;-4642
2018-01-13T16:15;2018-01-13T16:30;66;kWh;-28372;0;0;0;28372;-28372
2018-01-13T16:30;2018-01-13T16:45;67;kWh;-17433;0;0;0;17433;-17433
2018-01-13T16:45;2018-01-13T17:00;68;kWh;-1450;2408;0;0;3858;958
2018-01-13T17:00;2018-01-13T17:15;69;kWh;-13544;370;0;0;13914;-13174
2018-01-13T17:15;2018-01-13T17:30;70;kWh;-3013;3096;0;0;6109;83
2018-01-13T17:30;2018-01-13T17:45;71;kWh;0;26006;0;0;26006;26006
2018-01-13T17:45;2018-01-13T18:00;72;kWh;0;27827;0;0;27827;27827
2018-01-13T18:00;2018-01-13T18:15;73;kWh;0;58706;0;0;58706;58706
2018-01-13T18:15;2018-01-13T18:30;74;kWh;0;68646;0;0;68646;68646
2018-01-13T18:30;2018-01-13T18:45;75;kWh;-3199;10461;0;0;13660;7262
2018-01-13T18:45;2018-01-13T19:00;76;kWh;-12554;92;0;0;12646;-12462
2018-01-13T19:00;2018-01-13T19:15;77;kWh;-965;38087;0;0;39052;37122
2018-01-13T19:15;2018-01-13T19:30;78;kWh;0;55211;0;0;55211;55211
2018-01-13T19:30;2018-01-13T19:45;79;kWh;0;51542;0;0;51542;51542
2018-01-13T19:45;2018-01-13T20:00;80;kWh;0;42643;0;0;42643;42643
2018-01-13T20:00;2018-01-13T20:15;81;kWh;0;53513;0;0;53513;53513
2018-01-13T20:15;2018-01-13T20:30;82;kWh;0;51103;0;0;51103;51103
2018-01-13T20:30;2018-01-13T20:45;83;kWh;-1331;7407;0;0;8738;6076
2018-01-13T20:45;2018-01-13T21:00;84;kWh;-9321;1258;0;0;10579;-8063
2018-01-13T21:00;2018-01-13T21:15;85;kWh;-84;4295;0;0;4379;4211
2018-01-13T21:15;2018-01-13T21:30;86;kWh;0;20684;0;0;20684;20684
2018-01-13T21:30;2018-01-13T21:45;87;kWh;-79;3366;0;0;3445;3287
2018-01-13T21:45;2018-01-13T22:00;88;kWh;-385;0;0;0;385;-385
2018-01-13T22:00;2018-01-13T22:15;89;kWh;-388;0;0;0;388;-388
2018-01-13T22:15;2018-01-13T22:30;90;kWh;-342;0;0;0;342;-342
2018-01-13T22:30;2018-01-13T22:45;91;kWh;-148;0;0;0;148;-148
2018-01-13T22:45;2018-01-13T23:00;92;kWh;-47;0;0;0;47;-47
2018-01-13T23:00;2018-01-13T23:15;93;kWh;-103;1499;0;0;1602;1396
2018-01-13T23:15;2018-01-13T23:30;94;kWh;0;4822;0;0;4822;4822
2018-01-13T23:30;2018-01-13T23:45;95;kWh;0;17664;0;0;17664;17664
2018-01-13T23:45;2018-01-14T00:00;96;kWh;-73;18425;0;0;18498;18352
2018-01-14T00:00;2018-01-14T00:15;1;kWh;-887;4500;0;0;5387;3613
2018-01-14T00:15;2018-01-14T00:30;2;kWh;0;17631;0;0;17631;17631
2018-01-14T00:30;2018-01-14T00:45;3;kWh;0;2669;0;0;2669;2669
2018-01-14T00:45;2018-01-14T01:00;4;kWh;-248;685;0;0;933;437
2018-01-14T01:00;2018-01-14T01:15;5;kWh;-289;2143;0;0;2432;1854
2018-01-14T01:15;2018-01-14T01:30;6;kWh;0;2042;0;0;2042;2042
2018-01-14T01:30;2018-01-14T01:45;7;kWh;0;22;0;0;22;22
2018-01-14T01:45;2018-01-14T02:00;8;kWh;-10128;0;0;0;10128;-10128
2018-01-14T02:00;2018-01-14T02:15;9;kWh;-6538;1189;0;0;7727;-5349
2018-01-14T02:15;2018-01-14T02:30;10;kWh;-5;0;0;0;5;-5
2018-01-14T02:30;2018-01-14T02:45;11;kWh;-3241;0;0;0;3241;-3241
2018-01-14T02:45;2018-01-14T03:00;12;kWh;-24013;0;0;0;24013;-24013
2018-01-14T03:00;2018-01-14T03:15;13;kWh;-15874;36;0;0;15910;-15838
2018-01-14T03:15;2018-01-14T03:30;14;kWh;-388;1325;0;0;1713;937
2018-01-14T03:30;2018-01-14T03:45;15;kWh;-760;0;0;0;760;-760
2018-01-14T03:45;2018-01-14T04:00;16;kWh;-26562;0;0;0;26562;-26562
2018-01-14T04:00;2018-01-14T04:15;17;kWh;-26942;0;0;0;26942;-26942
2018-01-14T04:15;2018-01-14T04:30;18;kWh;-3672;0;0;0;3672;-3672
2018-01-14T04:30;2018-01-14T04:45;19;kWh;-15208;0;0;0;15208;-15208
2018-01-14T04:45;2018-01-14T05:00;20;kWh;-2961;0;0;0;2961;-2961
2018-01-14T05:00;2018-01-14T05:15;21;kWh;-5448;0;0;0;5448;-5448
2018-01-14T05:15;2018-01-14T05:30;22;kWh;-21057;0;0;0;21057;-21057
2018-01-14T05:30;2018-01-14T05:45;23;kWh;-11720;0;0;0;11720;-11720
2018-01-14T05:45;2018-01-14T06:00;24;kWh;-6305;0;0;0;6305;-6305
2018-01-14T06:00;2018-01-14T06:15;25;kWh;-7162;0;0;0;7162;-7162
2018-01-14T06:15;2018-01-14T06:30;26;kWh;-4216;0;0;0;4216;-4216
2018-01-14T06:30;2018-01-14T06:45;27;kWh;-3035;0;0;0;3035;-3035
2018-01-14T06:45;2018-01-14T07:00;28;kWh;-234;0;0;0;234;-234
2018-01-14T07:00;2018-01-14T07:15;29;kWh;-4527;0;0;0;4527;-4527
2018-01-14T07:15;2018-01-14T07:30;30;kWh;-20735;0;0;0;20735;-20735
2018-01-14T07:30;2018-01-14T07:45;31;kWh;-14455;0;0;0;14455;-14455
2018-01-14T07:45;2018-01-14T08:00;32;kWh;-5848;0;0;0;5848;-5848
2018-01-14T08:00;2018-01-14T08:15;33;kWh;0;655;0;0;655;655
2018-01-14T08:15;2018-01-14T08:30;34;kWh;0;996;0;0;996;996
2018-01-14T08:30;2018-01-14T08:45;35;kWh;0;235;0;0;235;235
2018-01-14T08:45;2018-01-14T09:00;36;kWh;0;0;0;0;0;0
2018-01-14T09:00;2018-01-14T09:15;37;kWh;-45;0;0;0;45;-45
2018-01-14T09:15;2018-01-14T09:30;38;kWh;0;0;0;0;0;0
2018-01-14T09:30;2018-01-14T09:45;39;kWh;0;0;0;0;0;0
2018-01-14T09:45;2018-01-14T10:00;40;kWh;0;297;0;0;297;297
2018-01-14T10:00;2018-01-14T10:15;41;kWh;-2654;126;0;0;2780;-2528
2018-01-14T10:15;2018-01-14T10:30;42;kWh;-1446;0;0;0;1446;-1446
2018-01-14T10:30;2018-01-14T10:45;43;kWh;0;0;0;0;0;0
2018-01-14T10:45;2018-01-14T11:00;44;kWh;0;253;0;0;253;253
2018-01-14T11:00;2018-01-14T11:15;45;kWh;-297;0;0;0;297;-297
2018-01-14T11:15;2018-01-14T11:30;46;kWh;-2733;0;0;0;2733;-2733
2018-01-14T11:30;2018-01-14T11:45;47;kWh;-61;0;0;0;61;-61
2018-01-14T11:45;2018-01-14T12:00;48;kWh;0;4339;0;0;4339;4339
2018-01-14T12:00;2018-01-14T12:15;49;kWh;0;2088;0;0;2088;2088
2018-01-14T12:15;2018-01-14T12:30;50;kWh;0;224;0;0;224;224
2018-01-14T12:30;2018-01-14T12:45;51;kWh;0;9037;0;0;9037;9037
2018-01-14T12:45;2018-01-14T13:00;52;kWh;-36;18509;0;0;18545;18473
2018-01-14T13:00;2018-01-14T13:15;53;kWh;-337;442;0;0;779;105
2018-01-14T13:15;2018-01-14T13:30;54;kWh;-2516;0;0;0;2516;-2516
2018-01-14T13:30;2018-01-14T13:45;55;kWh;-1439;0;0;0;1439;-1439
2018-01-14T13:45;2018-01-14T14:00;56;kWh;0;0;0;0;0;0
2018-01-14T14:00;2018-01-14T14:15;57;kWh;0;2990;0;0;2990;2990
2018-01-14T14:15;2018-01-14T14:30;58;kWh;0;9815;0;0;9815;9815
2018-01-14T14:30;2018-01-14T14:45;59;kWh;0;1319;0;0;1319;1319
2018-01-14T14:45;2018-01-14T15:00;60;kWh;0;0;0;0;0;0
2018-01-14T15:00;2018-01-14T15:15;61;kWh;0;162;0;0;162;162
2018-01-14T15:15;2018-01-14T15:30;62;kWh;0;9592;0;0;9592;9592
2018-01-14T15:30;2018-01-14T15:45;63;kWh;0;23845;0;0;23845;23845
2018-01-14T15:45;2018-01-14T16:00;64;kWh;0;2347;0;0;2347;2347
2018-01-14T16:00;2018-01-14T16:15;65;kWh;-16;0;0;0;16;-16
2018-01-14T16:15;2018-01-14T16:30;66;kWh;0;0;0;0;0;0
2018-01-14T16:30;2018-01-14T16:45;67;kWh;0;0;0;0;0;0
2018-01-14T16:45;2018-01-14T17:00;68;kWh;0;1140;0;0;1140;1140
2018-01-14T17:00;2018-01-14T17:15;69;kWh;-12367;39;0;0;12406;-12328
2018-01-14T17:15;2018-01-14T17:30;70;kWh;-11874;0;0;0;11874;-11874
2018-01-14T17:30;2018-01-14T17:45;71;kWh;-1499;4107;0;0;5606;2608
2018-01-14T17:45;2018-01-14T18:00;72;kWh;0;5492;0;0;5492;5492
2018-01-14T18:00;2018-01-14T18:15;73;kWh;0;36715;0;0;36715;36715
2018-01-14T18:15;2018-01-14T18:30;74;kWh;-61;1935;0;0;1996;1874
2018-01-14T18:30;2018-01-14T18:45;75;kWh;-2154;0;0;0;2154;-2154
2018-01-14T18:45;2018-01-14T19:00;76;kWh;-4906;0;0;0;4906;-4906
2018-01-14T19:00;2018-01-14T19:15;77;kWh;-720;0;0;0;720;-720
2018-01-14T19:15;2018-01-14T19:30;78;kWh;0;1416;0;0;1416;1416
2018-01-14T19:30;2018-01-14T19:45;79;kWh;-580;56;0;0;636;-524
2018-01-14T19:45;2018-01-14T20:00;80;kWh;-1176;0;0;0;1176;-1176
2018-01-14T20:00;2018-01-14T20:15;81;kWh;-306;15696;0;0;16002;15390
2018-01-14T20:15;2018-01-14T20:30;82;kWh;0;34304;0;0;34304;34304
2018-01-14T20:30;2018-01-14T20:45;83;kWh;-2523;7002;0;0;9525;4479
2018-01-14T20:45;2018-01-14T21:00;84;kWh;-5850;0;0;0;5850;-5850
2018-01-14T21:00;2018-01-14T21:15;85;kWh;-4425;2362;0;0;6787;-2063
2018-01-14T21:15;2018-01-14T21:30;86;kWh;0;10709;0;0;10709;10709
2018-01-14T21:30;2018-01-14T21:45;87;kWh;-2361;1924;0;0;4285;-437
2018-01-14T21:45;2018-01-14T22:00;88;kWh;-1687;0;0;0;1687;-1687
2018-01-14T22:00;2018-01-14T22:15;89;kWh;-50;0;0;0;50;-50
2018-01-14T22:15;2018-01-14T22:30;90;kWh;0;0;0;0;0;0
2018-01-14T22:30;2018-01-14T22:45;91;kWh;-1881;0;0;0;1881;-1881
2018-01-14T22:45;2018-01-14T23:00;92;kWh;-27370;0;0;0;27370;-27370
2018-01-14T23:00;2018-01-14T23:15;93;kWh;-28493;544;0;0;29037;-27949
2018-01-14T23:15;2018-01-14T23:30;94;kWh;-547;888;0;0;1435;341
2018-01-14T23:30;2018-01-14T23:45;95;kWh;-813;0;0;0;813;-813
2018-01-14T23:45;2018-01-15T00:00;96;kWh;-7406;0;0;0;7406;-7406
2018-01-15T00:00;2018-01-15T00:15;1;kWh;-21498;1755;0;0;23253;-19743
2018-01-15T00:15;2018-01-15T00:30;2;kWh;-106;7136;0;0;7242;7030
2018-01-15T00:30;2018-01-15T00:45;3;kWh;-195;0;0;0;195;-195
2018-01-15T00:45;2018-01-15T01:00;4;kWh;-15603;0;0;0;15603;-15603
2018-01-15T01:00;2018-01-15T01:15;5;kWh;-11634;1964;0;0;13598;-9670
2018-01-15T01:15;2018-01-15T01:30;6;kWh;-64;21691;0;0;21755;21627
2018-01-15T01:30;2018-01-15T01:45;7;kWh;-885;4494;0;0;5379;3609
2018-01-15T01:45;2018-01-15T02:00;8;kWh;-1202;0;0;0;1202;-1202
2018-01-15T02:00;2018-01-15T02:15;9;kWh;0;5403;0;0;5403;5403
2018-01-15T02:15;2018-01-15T02:30;10;kWh;0;30092;0;0;30092;30092
2018-01-15T02:30;2018-01-15T02:45;11;kWh;0;19895;0;0;19895;19895
2018-01-15T02:45;2018-01-15T03:00;12;kWh;0;9593;0;0;9593;9593
2018-01-15T03:00;2018-01-15T03:15;13;kWh;0;2234;0;0;2234;2234
2018-01-15T03:15;2018-01-15T03:30;14;kWh;0;0;0;0;0;0
2018-01-15T03:30;2018-01-15T03:45;15;kWh;0;1436;0;0;1436;1436
2018-01-15T03:45;2018-01-15T04:00;16;kWh;0;2867;0;0;2867;2867
2018-01-15T04:00;2018-01-15T04:15;17;kWh;0;529;0;0;529;529
2018-01-15T04:15;2018-01-15T04:30;18;kWh;0;8118;0;0;8118;8118
2018-01-15T04:30;2018-01-15T04:45;19;kWh;0;25839;0;0;25839;25839
2018-01-15T04:45;2018-01-15T05:00;20;kWh;0;4072;0;0;4072;4072
2018-01-15T05:00;2018-01-15T05:15;21;kWh;0;0;0;0;0;0
2018-01-15T05:15;2018-01-15T05:30;22;kWh;0;0;0;0;0;0
2018-01-15T05:30;2018-01-15T05:45;23;kWh;0;534;0;0;534;534
2018-01-15T05:45;2018-01-15T06:00;24;kWh;0;14236;0;0;14236;14236
2018-01-15T06:00;2018-01-15T06:15;25;kWh;-7862;1774;0;0;9636;-6088
2018-01-15T06:15;2018-01-15T06:30;26;kWh;-21545;763;0;0;22308;-20782
2018-01-15T06:30;2018-01-15T06:45;27;kWh;-200;912;0;0;1112;712
2018-01-15T06:45;2018-01-15T07:00;28;kWh;0;0;0;0;0;0
2018-01-15T07:00;2018-01-15T07:15;29;kWh;-550;164;0;0;714;-386
2018-01-15T07:15;2018-01-15T07:30;30;kWh;-13592;0;0;0;13592;-13592
2018-01-15T07:30;2018-01-15T07:45;31;kWh;-3033;0;0;0;3033;-3033
2018-01-15T07:45;2018-01-15T08:00;32;kWh;0;70;0;0;70;70
2018-01-15T08:00;2018-01-15T08:15;33;kWh;0;466;0;0;466;466
2018-01-15T08:15;2018-01-15T08:30;34;kWh;-132;0;0;0;132;-132
2018-01-15T08:30;2018-01-15T08:45;35;kWh;-1146;0;0;0;1146;-1146
2018-01-15T08:45;2018-01-15T09:00;36;kWh;-207;0;0;0;207;-207
2018-01-15T09:00;2018-01-15T09:15;37;kWh;-15777;0;0;0;15777;-15777
2018-01-15T09:15;2018-01-15T09:30;38;kWh;-17596;0;0;0;17596;-17596
2018-01-15T09:30;2018-01-15T09:45;39;kWh;-26005;0;0;0;26005;-26005
2018-01-15T09:45;2018-01-15T10:00;40;kWh;-28504;0;0;0;28504;-28504
2018-01-15T10:00;2018-01-15T10:15;41;kWh;-12143;1148;0;0;13291;-10995
2018-01-15T10:15;2018-01-15T10:30;42;kWh;-2;21;0;0;23;19
2018-01-15T10:30;2018-01-15T10:45;43;kWh;-32;0;0;0;32;-32
2018-01-15T10:45;2018-01-15T11:00;44;kWh;-2278;0;0;0;2278;-2278
2018-01-15T11:00;2018-01-15T11:15;45;kWh;-1036;0;0;0;1036;-1036
2018-01-15T11:15;2018-01-15T11:30;46;kWh;0;0;0;0;0;0
2018-01-15T11:30;2018-01-15T11:45;47;kWh;-220;0;0;0;220;-220
2018-01-15T11:45;2018-01-15T12:00;48;kWh;-728;0;0;0;728;-728
2018-01-15T12:00;2018-01-15T12:15;49;kWh;-53;4771;0;0;4824;4718
2018-01-15T12:15;2018-01-15T12:30;50;kWh;0;1361;0;0;1361;1361
2018-01-15T12:30;2018-01-15T12:45;51;kWh;0;0;0;0;0;0
2018-01-15T12:45;2018-01-15T13:00;52;kWh;0;0;0;0;0;0
2018-01-15T13:00;2018-01-15T13:15;53;kWh;0;5775;0;0;5775;5775
2018-01-15T13:15;2018-01-15T13:30;54;kWh;0;16865;0;0;16865;16865
2018-01-15T13:30;2018-01-15T13:45;55;kWh;0;20304;0;0;20304;20304
2018-01-15T13:45;2018-01-15T14:00;56;kWh;-427;9987;0;0;10414;9560
2018-01-15T14:00;2018-01-15T14:15;57;kWh;-121;1004;0;0;1125;883
2018-01-15T14:15;2018-01-15T14:30;58;kWh;0;10598;0;0;10598;10598
2018-01-15T14:30;2018-01-15T14:45;59;kWh;0;16283;0;0;16283;16283
2018-01-15T14:45;2018-01-15T15:00;60;kWh;0;10919;0;0;10919;10919
2018-01-15T15:00;2018-01-15T15:15;61;kWh;0;17931;0;0;17931;17931
2018-01-15T15:15;2018-01-15T15:30;62;kWh;0;30395;0;0;30395;30395
2018-01-15T15:30;2018-01-15T15:45;63;kWh;0;28594;0;0;28594;28594
2018-01-15T15:45;2018-01-15T16:00;64;kWh;-6;7449;0;0;7455;7443
2018-01-15T16:00;2018-01-15T16:15;65;kWh;-12110;200;0;0;12310;-11910
2018-01-15T16:15;2018-01-15T16:30;66;kWh;-14182;455;0;0;14637;-13727
2018-01-15T16:30;2018-01-15T16:45;67;kWh;-24824;0;0;0;24824;-24824
2018-01-15T16:45;2018-01-15T17:00;68;kWh;-6982;0;0;0;6982;-6982
2018-01-15T17:00;2018-01-15T17:15;69;kWh;-14384;0;0;0;14384;-14384
2018-01-15T17:15;2018-01-15T17:30;70;kWh;-3329;0;0;0;3329;-3329
2018-01-15T17:30;2018-01-15T17:45;71;kWh;-7357;0;0;0;7357;-7357
2018-01-15T17:45;2018-01-15T18:00;72;kWh;-3055;0;0;0;3055;-3055
2018-01-15T18:00;2018-01-15T18:15;73;kWh;-270;0;0;0;270;-270
2018-01-15T18:15;2018-01-15T18:30;74;kWh;-12701;0;0;0;12701;-12701
2018-01-15T18:30;2018-01-15T18:45;75;kWh;-25438;0;0;0;25438;-25438
2018-01-15T18:45;2018-01-15T19:00;76;kWh;-16665;0;0;0;16665;-16665
2018-01-15T19:00;2018-01-15T19:15;77;kWh;-13966;0;0;0;13966;-13966
2018-01-15T19:15;2018-01-15T19:30;78;kWh;-2759;0;0;0;2759;-2759
2018-01-15T19:30;2018-01-15T19:45;79;kWh;-14220;0;0;0;14220;-14220
2018-01-15T19:45;2018-01-15T20:00;80;kWh;-38221;0;0;0;38221;-38221
2018-01-15T20:00;2018-01-15T20:15;81;kWh;-14092;2088;0;0;16180;-12004
2018-01-15T20:15;2018-01-15T20:30;82;kWh;-3991;255;0;0;4246;-3736
2018-01-15T20:30;2018-01-15T20:45;83;kWh;-13358;0;0;0;13358;-13358
2018-01-15T20:45;2018-01-15T21:00;84;kWh;-26322;0;0;0;26322;-26322
2018-01-15T21:00;2018-01-15T21:15;85;kWh;-20669;730;0;0;21399;-19939
2018-01-15T21:15;2018-01-15T21:30;86;kWh;-1375;2378;0;0;3753;1003
2018-01-15T21:30;2018-01-15T21:45;87;kWh;-7255;0;0;0;7255;-7255
2018-01-15T21:45;2018-01-15T22:00;88;kWh;-14379;0;0;0;14379;-14379
2018-01-15T22:00;2018-01-15T22:15;89;kWh;-8751;1224;0;0;9975;-7527
2018-01-15T22:15;2018-01-15T22:30;90;kWh;-58;63;0;0;121;5
2018-01-15T22:30;2018-01-15T22:45;91;kWh;-437;0;0;0;437;-437
2018-01-15T22:45;2018-01-15T23:00;92;kWh;-1783;0;0;0;1783;-1783
2018-01-15T23:00;2018-01-15T23:15;93;kWh;-2821;0;0;0;2821;-2821
2018-01-15T23:15;2018-01-15T23:30;94;kWh;-13;0;0;0;13;-13
2018-01-15T23:30;2018-01-15T23:45;95;kWh;-1078;0;0;0;1078;-1078
2018-01-15T23:45;2018-01-16T00:00;96;kWh;-27798;0;0;0;27798;-27798
2018-01-16T00:00;2018-01-16T00:15;1;kWh;-6128;0;0;0;6128;-6128
2018-01-16T00:15;2018-01-16T00:30;2;kWh;-48;0;0;0;48;-48
2018-01-16T00:30;2018-01-16T00:45;3;kWh;-15987;0;0;0;15987;-15987
2018-01-16T00:45;2018-01-16T01:00;4;kWh;-37561;0;0;0;37561;-37561
2018-01-16T01:00;2018-01-16T01:15;5;kWh;-19319;1018;0;0;20337;-18301
2018-01-16T01:15;2018-01-16T01:30;6;kWh;-273;3060;0;0;3333;2787
2018-01-16T01:30;2018-01-16T01:45;7;kWh;0;1412;0;0;1412;1412
2018-01-16T01:45;2018-01-16T02:00;8;kWh;-7369;44;0;0;7413;-7325
2018-01-16T02:00;2018-01-16T02:15;9;kWh;-6336;8086;0;0;14422;1750
2018-01-16T02:15;2018-01-16T02:30;10;kWh;0;27691;0;0;27691;27691
2018-01-16T02:30;2018-01-16T02:45;11;kWh;0;19499;0;0;19499;19499
2018-01-16T02:45;2018-01-16T03:00;12;kWh;0;6722;0;0;6722;6722
2018-01-16T03:00;2018-01-16T03:15;13;kWh;0;3894;0;0;3894;3894
2018-01-16T03:15;2018-01-16T03:30;14;kWh;0;1049;0;0;1049;1049
2018-01-16T03:30;2018-01-16T03:45;15;kWh;0;3370;0;0;3370;3370
2018-01-16T03:45;2018-01-16T04:00;16;kWh;0;9584;0;0;9584;9584
2018-01-16T04:00;2018-01-16T04:15;17;kWh;0;4083;0;0;4083;4083
2018-01-16T04:15;2018-01-16T04:30;18;kWh;0;0;0;0;0;0
2018-01-16T04:30;2018-01-16T04:45;19;kWh;0;1024;0;0;1024;1024
2018-01-16T04:45;2018-01-16T05:00;20;kWh;-5;2728;0;0;2733;2723
2018-01-16T05:00;2018-01-16T05:15;21;kWh;-16455;73;0;0;16528;-16382
2018-01-16T05:15;2018-01-16T05:30;22;kWh;-11952;0;0;0;11952;-11952
2018-01-16T05:30;2018-01-16T05:45;23;kWh;-4922;47;0;0;4969;-4875
2018-01-16T05:45;2018-01-16T06:00;24;kWh;-76;8113;0;0;8189;8037
2018-01-16T06:00;2018-01-16T06:15;25;kWh;-258;2722;0;0;2980;2464
2018-01-16T06:15;2018-01-16T06:30;26;kWh;-2986;0;0;0;2986;-2986
2018-01-16T06:30;2018-01-16T06:45;27;kWh;-75;0;0;0;75;-75
2018-01-16T06:45;2018-01-16T07:00;28;kWh;0;23;0;0;23;23
2018-01-16T07:00;2018-01-16T07:15;29;kWh;0;523;0;0;523;523
2018-01-16T07:15;2018-01-16T07:30;30;kWh;0;0;0;0;0;0
2018-01-16T07:30;2018-01-16T07:45;31;kWh;0;13348;0;0;13348;13348
2018-01-16T07:45;2018-01-16T08:00;32;kWh;0;23087;0;0;23087;23087
2018-01-16T08:00;2018-01-16T08:15;33;kWh;0;31579;0;0;31579;31579
2018-01-16T08:15;2018-01-16T08:30;34;kWh;0;96267;0;0;96267;96267
2018-01-16T08:30;2018-01-16T08:45;35;kWh;0;118087;0;0;118087;118087
2018-01-16T08:45;2018-01-16T09:00;36;kWh;0;120460;0;0;120460;120460
2018-01-16T09:00;2018-01-16T09:15;37;kWh;0;135464;0;0;136714;136714
2018-01-16T09:15;2018-01-16T09:30;38;kWh;0;131783;0;0;133033;133033
2018-01-16T09:30;2018-01-16T09:45;39;kWh;0;36434;0;0;37684;37684
2018-01-16T09:45;2018-01-16T10:00;40;kWh;0;116;0;0;116;116
2018-01-16T10:00;2018-01-16T10:15;41;kWh;0;20699;0;0;20699;20699
2018-01-16T10:15;2018-01-16T10:30;42;kWh;-335;12196;0;0;12531;11861
2018-01-16T10:30;2018-01-16T10:45;43;kWh;-346;12;0;0;358;-334
2018-01-16T10:45;2018-01-16T11:00;44;kWh;-17;0;0;0;17;-17
2018-01-16T11:00;2018-01-16T11:15;45;kWh;0;0;0;0;0;0
2018-01-16T11:15;2018-01-16T11:30;46;kWh;0;0;0;0;0;0
2018-01-16T11:30;2018-01-16T11:45;47;kWh;-8178;0;0;0;8178;-8178
2018-01-16T11:45;2018-01-16T12:00;48;kWh;-12292;0;0;0;12292;-12292
2018-01-16T12:00;2018-01-16T12:15;49;kWh;-2206;3034;0;0;5240;828
2018-01-16T12:15;2018-01-16T12:30;50;kWh;0;265;0;0;265;265
2018-01-16T12:30;2018-01-16T12:45;51;kWh;0;0;0;0;0;0
2018-01-16T12:45;2018-01-16T13:00;52;kWh;-892;0;0;0;892;-892
2018-01-16T13:00;2018-01-16T13:15;53;kWh;-2110;0;0;0;2110;-2110
2018-01-16T13:15;2018-01-16T13:30;54;kWh;-5;0;0;0;5;-5
2018-01-16T13:30;2018-01-16T13:45;55;kWh;-1111;0;0;0;1111;-1111
2018-01-16T13:45;2018-01-16T14:00;56;kWh;-14632;0;0;0;14632;-14632
2018-01-16T14:00;2018-01-16T14:15;57;kWh;-8781;0;0;0;8781;-8781
2018-01-16T14:15;2018-01-16T14:30;58;kWh;-47;0;0;0;47;-47
2018-01-16T14:30;2018-01-16T14:45;59;kWh;-24177;0;0;0;24177;-24177
2018-01-16T14:45;2018-01-16T15:00;60;kWh;-31113;0;0;0;31113;-31113
2018-01-16T15:00;2018-01-16T15:15;61;kWh;-21810;0;0;0;21810;-21810
2018-01-16T15:15;2018-01-16T15:30;62;kWh;-950;0;0;0;950;-950
2018-01-16T15:30;2018-01-16T15:45;63;kWh;0;0;0;0;0;0
2018-01-16T15:45;2018-01-16T16:00;64;kWh;0;0;0;0;0;0
2018-01-16T16:00;2018-01-16T16:15;65;kWh;0;0;0;0;0;0
2018-01-16T16:15;2018-01-16T16:30;66;kWh;-489;0;0;0;489;-489
2018-01-16T16:30;2018-01-16T16:45;67;kWh;-4476;0;0;0;4476;-4476
2018-01-16T16:45;2018-01-16T17:00;68;kWh;-691;12;0;0;703;-679
2018-01-16T17:00;2018-01-16T17:15;69;kWh;-16679;0;0;0;16679;-16679
2018-01-16T17:15;2018-01-16T17:30;70;kWh;-5554;7416;0;0;12970;1862
2018-01-16T17:30;2018-01-16T17:45;71;kWh;0;36408;0;0;36408;36408
2018-01-16T17:45;2018-01-16T18:00;72;kWh;0;28003;0;0;28003;28003
2018-01-16T18:00;2018-01-16T18:15;73;kWh;0;32189;0;0;32189;32189
2018-01-16T18:15;2018-01-16T18:30;74;kWh;0;8564;0;0;8564;8564
2018-01-16T18:30;2018-01-16T18:45;75;kWh;0;5475;0;0;5475;5475
2018-01-16T18:45;2018-01-16T19:00;76;kWh;0;44264;0;0;44264;44264
2018-01-16T19:00;2018-01-16T19:15;77;kWh;0;74017;0;0;74017;74017
2018-01-16T19:15;2018-01-16T19:30;78;kWh;0;60690;0;0;60690;60690
2018-01-16T19:30;2018-01-16T19:45;79;kWh;0;14282;0;0;14282;14282
2018-01-16T19:45;2018-01-16T20:00;80;kWh;0;29644;0;0;29644;29644
2018-01-16T20:00;2018-01-16T20:15;81;kWh;-1123;5461;0;0;6584;4338
2018-01-16T20:15;2018-01-16T20:30;82;kWh;-67;6691;0;0;6758;6624
2018-01-16T20:30;2018-01-16T20:45;83;kWh;-5643;0;0;0;5643;-5643
2018-01-16T20:45;2018-01-16T21:00;84;kWh;-22413;85;0;0;22498;-22328
2018-01-16T21:00;2018-01-16T21:15;85;kWh;-69;3417;0;0;3486;3348
2018-01-16T21:15;2018-01-16T21:30;86;kWh;-721;16123;0;0;16844;15402
2018-01-16T21:30;2018-01-16T21:45;87;kWh;-2405;6566;0;0;8971;4161
2018-01-16T21:45;2018-01-16T22:00;88;kWh;0;25284;0;0;25284;25284
2018-01-16T22:00;2018-01-16T22:15;89;kWh;0;15020;0;0;15020;15020
2018-01-16T22:15;2018-01-16T22:30;90;kWh;0;45515;0;0;45515;45515
2018-01-16T22:30;2018-01-16T22:45;91;kWh;-289;2289;0;0;2578;2000
2018-01-16T22:45;2018-01-16T23:00;92;kWh;-966;0;0;0;966;-966
2018-01-16T23:00;2018-01-16T23:15;93;kWh;-1110;17113;0;0;18223;16003
2018-01-16T23:15;2018-01-16T23:30;94;kWh;0;49291;0;0;49291;49291
2018-01-16T23:30;2018-01-16T23:45;95;kWh;-3934;5001;0;0;8935;1067
2018-01-16T23:45;2018-01-17T00:00;96;kWh;-26828;0;0;0;26828;-26828
2018-01-17T00:00;2018-01-17T00:15;1;kWh;-7607;0;0;0;7607;-7607
2018-01-17T00:15;2018-01-17T00:30;2;kWh;-2734;0;0;0;2734;-2734
2018-01-17T00:30;2018-01-17T00:45;3;kWh;-13781;0;0;0;13781;-13781
2018-01-17T00:45;2018-01-17T01:00;4;kWh;-22701;0;0;0;22701;-22701
2018-01-17T01:00;2018-01-17T01:15;5;kWh;-9034;1953;0;0;10987;-7081
2018-01-17T01:15;2018-01-17T01:30;6;kWh;-5;4048;0;0;4053;4043
2018-01-17T01:30;2018-01-17T01:45;7;kWh;0;6965;0;0;6965;6965
2018-01-17T01:45;2018-01-17T02:00;8;kWh;0;2431;0;0;2431;2431
2018-01-17T02:00;2018-01-17T02:15;9;kWh;0;7699;0;0;7699;7699
2018-01-17T02:15;2018-01-17T02:30;10;kWh;0;35411;0;0;35411;35411
2018-01-17T02:30;2018-01-17T02:45;11;kWh;0;32205;0;0;32205;32205
2018-01-17T02:45;2018-01-17T03:00;12;kWh;0;39011;0;0;39011;39011
2018-01-17T03:00;2018-01-17T03:15;13;kWh;0;38257;0;0;38257;38257
2018-01-17T03:15;2018-01-17T03:30;14;kWh;-524;15886;0;0;16410;15362
2018-01-17T03:30;2018-01-17T03:45;15;kWh;-11819;3;0;0;11822;-11816
2018-01-17T03:45;2018-01-17T04:00;16;kWh;-27087;0;0;0;27087;-27087
2018-01-17T04:00;2018-01-17T04:15;17;kWh;-10339;0;0;0;10339;-10339
2018-01-17T04:15;2018-01-17T04:30;18;kWh;0;0;0;0;0;0
2018-01-17T04:30;2018-01-17T04:45;19;kWh;0;0;0;0;0;0
2018-01-17T04:45;2018-01-17T05:00;20;kWh;0;0;0;0;0;0
2018-01-17T05:00;2018-01-17T05:15;21;kWh;0;0;0;0;0;0
2018-01-17T05:15;2018-01-17T05:30;22;kWh;0;0;0;0;0;0
2018-01-17T05:30;2018-01-17T05:45;23;kWh;0;0;0;0;0;0
2018-01-17T05:45;2018-01-17T06:00;24;kWh;0;3043;0;0;3043;3043
2018-01-17T06:00;2018-01-17T06:15;25;kWh;-15803;315;0;0;16118;-15488
2018-01-17T06:15;2018-01-17T06:30;26;kWh;-39710;100;0;0;39810;-39610
2018-01-17T06:30;2018-01-17T06:45;27;kWh;-1176;848;0;0;2024;-328
2018-01-17T06:45;2018-01-17T07:00;28;kWh;0;3031;0;0;3031;3031
2018-01-17T07:00;2018-01-17T07:15;29;kWh;-9323;5665;0;0;14988;-3658
2018-01-17T07:15;2018-01-17T07:30;30;kWh;-1317;13807;0;0;15124;12490
2018-01-17T07:30;2018-01-17T07:45;31;kWh;0;2438;0;0;2438;2438
2018-01-17T07:45;2018-01-17T08:00;32;kWh;0;0;0;0;0;0
2018-01-17T08:00;2018-01-17T08:15;33;kWh;-927;0;0;0;927;-927
2018-01-17T08:15;2018-01-17T08:30;34;kWh;-42;0;0;0;42;-42
2018-01-17T08:30;2018-01-17T08:45;35;kWh;0;0;0;0;0;0
2018-01-17T08:45;2018-01-17T09:00;36;kWh;0;0;0;0;0;0
2018-01-17T09:00;2018-01-17T09:15;37;kWh;-854;0;0;0;854;-854
2018-01-17T09:15;2018-01-17T09:30;38;kWh;-456;1198;0;0;1654;742
2018-01-17T09:30;2018-01-17T09:45;39;kWh;0;3221;0;0;3221;3221
2018-01-17T09:45;2018-01-17T10:00;40;kWh;0;344;0;0;344;344
2018-01-17T10:00;2018-01-17T10:15;41;kWh;0;0;0;0;0;0
2018-01-17T10:15;2018-01-17T10:30;42;kWh;0;1319;0;0;1319;1319
2018-01-17T10:30;2018-01-17T10:45;43;kWh;0;3964;0;0;3964;3964
2018-01-17T10:45;2018-01-17T11:00;44;kWh;0;4695;0;0;4695;4695
2018-01-17T11:00;2018-01-17T11:15;45;kWh;0;5557;0;0;5557;5557
2018-01-17T11:15;2018-01-17T11:30;46;kWh;0;7807;0;0;7807;7807
2018-01-17T11:30;2018-01-17T11:45;47;kWh;0;9100;0;0;9100;9100
2018-01-17T11:45;2018-01-17T12:00;48;kWh;0;18457;0;0;18457;18457
2018-01-17T12:00;2018-01-17T12:15;49;kWh;0;48380;0;0;48380;48380
2018-01-17T12:15;2018-01-17T12:30;50;kWh;-447;9729;0;0;10176;9282
2018-01-17T12:30;2018-01-17T12:45;51;kWh;-582;96;0;0;678;-486
2018-01-17T12:45;2018-01-17T13:00;52;kWh;0;12869;0;0;12869;12869
2018-01-17T13:00;2018-01-17T13:15;53;kWh;0;3665;0;0;3665;3665
2018-01-17T13:15;2018-01-17T13:30;54;kWh;-558;0;0;0;558;-558
2018-01-17T13:30;2018-01-17T13:45;55;kWh;0;400;0;0;400;400
2018-01-17T13:45;2018-01-17T14:00;56;kWh;-3743;0;0;0;3743;-3743
2018-01-17T14:00;2018-01-17T14:15;57;kWh;-4798;0;0;0;4798;-4798
2018-01-17T14:15;2018-01-17T14:30;58;kWh;-448;0;0;0;448;-448
2018-01-17T14:30;2018-01-17T14:45;59;kWh;-7961;0;0;0;7961;-7961
2018-01-17T14:45;2018-01-17T15:00;60;kWh;-22861;52;0;0;22913;-22809
2018-01-17T15:00;2018-01-17T15:15;61;kWh;-546;141;0;0;687;-405
2018-01-17T15:15;2018-01-17T15:30;62;kWh;-454;0;0;0;454;-454
2018-01-17T15:30;2018-01-17T15:45;63;kWh;-1632;352;0;0;1984;-1280
2018-01-17T15:45;2018-01-17T16:00;64;kWh;-1020;2862;0;0;3882;1842
2018-01-17T16:00;2018-01-17T16:15;65;kWh;-12759;0;0;0;12759;-12759
2018-01-17T16:15;2018-01-17T16:30;66;kWh;-20707;0;0;0;20707;-20707
2018-01-17T16:30;2018-01-17T16:45;67;kWh;-4569;142;0;0;4711;-4427
2018-01-17T16:45;2018-01-17T17:00;68;kWh;0;2043;0;0;2043;2043
2018-01-17T17:00;2018-01-17T17:15;69;kWh;-9451;258;0;0;9709;-9193
2018-01-17T17:15;2018-01-17T17:30;70;kWh;-5729;7275;0;0;13004;1546
2018-01-17T17:30;2018-01-17T17:45;71;kWh;0;43831;0;0;43831;43831
2018-01-17T17:45;2018-01-17T18:00;72;kWh;0;11261;0;0;11261;11261
2018-01-17T18:00;2018-01-17T18:15;73;kWh;-673;10228;0;0;10901;9555
2018-01-17T18:15;2018-01-17T18:30;74;kWh;-15804;769;0;0;16573;-15035
2018-01-17T18:30;2018-01-17T18:45;75;kWh;-6482;890;0;0;7372;-5592
2018-01-17T18:45;2018-01-17T19:00;76;kWh;-20000;128;0;0;20128;-19872
2018-01-17T19:00;2018-01-17T19:15;77;kWh;-132;889;0;0;1021;757
2018-01-17T19:15;2018-01-17T19:30;78;kWh;-178;2214;0;0;2392;2036
2018-01-17T19:30;2018-01-17T19:45;79;kWh;-1585;537;0;0;2122;-1048
2018-01-17T19:45;2018-01-17T20:00;80;kWh;-6166;0;0;0;6166;-6166
2018-01-17T20:00;2018-01-17T20:15;81;kWh;-10810;3507;0;0;14317;-7303
2018-01-17T20:15;2018-01-17T20:30;82;kWh;-4266;12369;0;0;16635;8103
2018-01-17T20:30;2018-01-17T20:45;83;kWh;-24242;0;0;0;24242;-24242
2018-01-17T20:45;2018-01-17T21:00;84;kWh;-19818;0;0;0;19818;-19818
2018-01-17T21:00;2018-01-17T21:15;85;kWh;-15963;3385;0;0;19348;-12578
2018-01-17T21:15;2018-01-17T21:30;86;kWh;0;17786;0;0;17786;17786
2018-01-17T21:30;2018-01-17T21:45;87;kWh;-5305;389;0;0;5694;-4916
2018-01-17T21:45;2018-01-17T22:00;88;kWh;-41546;0;0;0;41546;-41546
2018-01-17T22:00;2018-01-17T22:15;89;kWh;-23985;5899;0;0;29884;-18086
2018-01-17T22:15;2018-01-17T22:30;90;kWh;-5708;13003;0;0;18711;7295
2018-01-17T22:30;2018-01-17T22:45;91;kWh;-33654;0;0;0;33654;-33654
2018-01-17T22:45;2018-01-17T23:00;92;kWh;-43422;0;0;0;43422;-43422
2018-01-17T23:00;2018-01-17T23:15;93;kWh;-32567;2822;0;0;35389;-29745
2018-01-17T23:15;2018-01-17T23:30;94;kWh;-306;5328;0;0;5634;5022
2018-01-17T23:30;2018-01-17T23:45;95;kWh;-1391;0;0;0;1391;-1391
2018-01-17T23:45;2018-01-18T00:00;96;kWh;-10710;0;0;0;10710;-10710
2018-01-18T00:00;2018-01-18T00:15;1;kWh;-18196;216;0;0;18412;-17980
2018-01-18T00:15;2018-01-18T00:30;2;kWh;-224;1428;0;0;1652;1204
2018-01-18T00:30;2018-01-18T00:45;3;kWh;-13760;0;0;0;13760;-13760
2018-01-18T00:45;2018-01-18T01:00;4;kWh;-20905;0;0;0;20905;-20905
2018-01-18T01:00;2018-01-18T01:15;5;kWh;-14861;195;0;0;15056;-14666
2018-01-18T01:15;2018-01-18T01:30;6;kWh;-300;279;0;0;579;-21
2018-01-18T01:30;2018-01-18T01:45;7;kWh;-510;0;0;0;510;-510
2018-01-18T01:45;2018-01-18T02:00;8;kWh;-38430;0;0;0;38430;-38430
2018-01-18T02:00;2018-01-18T02:15;9;kWh;-21250;0;0;0;21250;-21250
2018-01-18T02:15;2018-01-18T02:30;10;kWh;-1749;0;0;0;1749;-1749
2018-01-18T02:30;2018-01-18T02:45;11;kWh;-20433;0;0;0;20433;-20433
2018-01-18T02:45;2018-01-18T03:00;12;kWh;-30297;209;0;0;30506;-30088
2018-01-18T03:00;2018-01-18T03:15;13;kWh;-804;413;0;0;1217;-391
2018-01-18T03:15;2018-01-18T03:30;14;kWh;0;0;0;0;0;0
2018-01-18T03:30;2018-01-18T03:45;15;kWh;-15856;0;0;0;15856;-15856
2018-01-18T03:45;2018-01-18T04:00;16;kWh;-61467;0;0;0;61467;-61467
2018-01-18T04:00;2018-01-18T04:15;17;kWh;-61795;0;0;0;61795;-61795
2018-01-18T04:15;2018-01-18T04:30;18;kWh;-67302;0;0;0;67302;-67302
2018-01-18T04:30;2018-01-18T04:45;19;kWh;-65188;0;0;0;65188;-65188
2018-01-18T04:45;2018-01-18T05:00;20;kWh;-76067;0;0;0;76067;-76067
2018-01-18T05:00;2018-01-18T05:15;21;kWh;-44288;0;0;0;44288;-44288
2018-01-18T05:15;2018-01-18T05:30;22;kWh;-34658;0;0;0;34658;-34658
2018-01-18T05:30;2018-01-18T05:45;23;kWh;-7502;0;0;0;7502;-7502
2018-01-18T05:45;2018-01-18T06:00;24;kWh;-2209;0;0;0;2209;-2209
2018-01-18T06:00;2018-01-18T06:15;25;kWh;-24933;0;0;0;24933;-24933
2018-01-18T06:15;2018-01-18T06:30;26;kWh;-27068;0;0;0;27068;-27068
2018-01-18T06:30;2018-01-18T06:45;27;kWh;-3809;0;0;0;3809;-3809
2018-01-18T06:45;2018-01-18T07:00;28;kWh;0;0;0;0;0;0
2018-01-18T07:00;2018-01-18T07:15;29;kWh;-111;0;0;0;111;-111
2018-01-18T07:15;2018-01-18T07:30;30;kWh;-17784;0;0;0;17784;-17784
2018-01-18T07:30;2018-01-18T07:45;31;kWh;-1669;0;0;0;1669;-1669
2018-01-18T07:45;2018-01-18T08:00;32;kWh;0;25;0;0;25;25
2018-01-18T08:00;2018-01-18T08:15;33;kWh;-2761;569;0;0;3330;-2192
2018-01-18T08:15;2018-01-18T08:30;34;kWh;-7555;9773;0;0;17328;2218
2018-01-18T08:30;2018-01-18T08:45;35;kWh;0;36160;0;0;36160;36160
2018-01-18T08:45;2018-01-18T09:00;36;kWh;0;68090;0;0;68090;68090
2018-01-18T09:00;2018-01-18T09:15;37;kWh;0;60417;0;0;60417;60417
2018-01-18T09:15;2018-01-18T09:30;38;kWh;0;20114;0;0;20114;20114
2018-01-18T09:30;2018-01-18T09:45;39;kWh;0;72268;0;0;72268;72268
2018-01-18T09:45;2018-01-18T10:00;40;kWh;0;32999;0;0;32999;32999
2018-01-18T10:00;2018-01-18T10:15;41;kWh;0;20836;0;0;20836;20836
2018-01-18T10:15;2018-01-18T10:30;42;kWh;-353;1544;0;0;1897;1191
2018-01-18T10:30;2018-01-18T10:45;43;kWh;0;0;0;0;0;0
2018-01-18T10:45;2018-01-18T11:00;44;kWh;0;0;0;0;0;0
2018-01-18T11:00;2018-01-18T11:15;45;kWh;0;1169;0;0;1169;1169
2018-01-18T11:15;2018-01-18T11:30;46;kWh;0;435;0;0;435;435
2018-01-18T11:30;2018-01-18T11:45;47;kWh;0;267;0;0;267;267
2018-01-18T11:45;2018-01-18T12:00;48;kWh;-24165;0;0;0;24165;-24165
2018-01-18T12:00;2018-01-18T12:15;49;kWh;-56705;0;0;0;56705;-56705
2018-01-18T12:15;2018-01-18T12:30;50;kWh;-68825;0;0;0;68825;-68825
2018-01-18T12:30;2018-01-18T12:45;51;kWh;-80188;0;0;0;80188;-80188
2018-01-18T12:45;2018-01-18T13:00;52;kWh;-72331;0;0;0;72331;-72331
2018-01-18T13:00;2018-01-18T13:15;53;kWh;-56854;0;0;0;56854;-56854
2018-01-18T13:15;2018-01-18T13:30;54;kWh;-48723;0;0;0;48723;-48723
2018-01-18T13:30;2018-01-18T13:45;55;kWh;-45370;0;0;0;45370;-45370
2018-01-18T13:45;2018-01-18T14:00;56;kWh;-42574;0;0;0;42574;-42574
2018-01-18T14:00;2018-01-18T14:15;57;kWh;-10503;7587;0;0;18090;-2916
2018-01-18T14:15;2018-01-18T14:30;58;kWh;-994;1439;0;0;2433;445
2018-01-18T14:30;2018-01-18T14:45;59;kWh;0;9907;0;0;9907;9907
2018-01-18T14:45;2018-01-18T15:00;60;kWh;-12544;3260;0;0;15804;-9284
2018-01-18T15:00;2018-01-18T15:15;61;kWh;-3694;612;0;0;4306;-3082
2018-01-18T15:15;2018-01-18T15:30;62;kWh;-3110;0;0;0;3110;-3110
2018-01-18T15:30;2018-01-18T15:45;63;kWh;-1032;0;0;0;1032;-1032
2018-01-18T15:45;2018-01-18T16:00;64;kWh;-124;0;0;0;124;-124
2018-01-18T16:00;2018-01-18T16:15;65;kWh;-14303;0;0;0;14303;-14303
2018-01-18T16:15;2018-01-18T16:30;66;kWh;-1608;3;0;0;1611;-1605
2018-01-18T16:30;2018-01-18T16:45;67;kWh;0;1363;0;0;1363;1363
2018-01-18T16:45;2018-01-18T17:00;68;kWh;0;2102;0;0;2102;2102
2018-01-18T17:00;2018-01-18T17:15;69;kWh;-23976;0;0;0;23976;-23976
2018-01-18T17:15;2018-01-18T17:30;70;kWh;-3774;0;0;0;3774;-3774
2018-01-18T17:30;2018-01-18T17:45;71;kWh;0;4908;0;0;4908;4908
2018-01-18T17:45;2018-01-18T18:00;72;kWh;0;35673;0;0;35673;35673
2018-01-18T18:00;2018-01-18T18:15;73;kWh;-21;3385;0;0;3406;3364
2018-01-18T18:15;2018-01-18T18:30;74;kWh;-176;10643;0;0;10819;10467
2018-01-18T18:30;2018-01-18T18:45;75;kWh;0;51358;0;0;51358;51358
2018-01-18T18:45;2018-01-18T19:00;76;kWh;-64;4610;0;0;4674;4546
2018-01-18T19:00;2018-01-18T19:15;77;kWh;0;31081;0;0;31081;31081
2018-01-18T19:15;2018-01-18T19:30;78;kWh;-614;13694;0;0;14308;13080
2018-01-18T19:30;2018-01-18T19:45;79;kWh;-5029;0;0;0;5029;-5029
2018-01-18T19:45;2018-01-18T20:00;80;kWh;-10085;0;0;0;10085;-10085
2018-01-18T20:00;2018-01-18T20:15;81;kWh;-2497;15521;0;0;18018;13024
2018-01-18T20:15;2018-01-18T20:30;82;kWh;0;33663;0;0;33663;33663
2018-01-18T20:30;2018-01-18T20:45;83;kWh;-228;10737;0;0;10965;10509
2018-01-18T20:45;2018-01-18T21:00;84;kWh;-5697;935;0;0;6632;-4762
2018-01-18T21:00;2018-01-18T21:15;85;kWh;0;3867;0;0;3867;3867
2018-01-18T21:15;2018-01-18T21:30;86;kWh;0;5426;0;0;5426;5426
2018-01-18T21:30;2018-01-18T21:45;87;kWh;-160;444;0;0;604;284
2018-01-18T21:45;2018-01-18T22:00;88;kWh;-15378;0;0;0;15378;-15378
2018-01-18T22:00;2018-01-18T22:15;89;kWh;-36082;3805;0;0;39887;-32277
2018-01-18T22:15;2018-01-18T22:30;90;kWh;-50;49328;0;0;49378;49278
2018-01-18T22:30;2018-01-18T22:45;91;kWh;-1705;4633;0;0;6338;2928
2018-01-18T22:45;2018-01-18T23:00;92;kWh;-23;0;0;0;23;-23
2018-01-18T23:00;2018-01-18T23:15;93;kWh;-4930;794;0;0;5724;-4136
2018-01-18T23:15;2018-01-18T23:30;94;kWh;0;1132;0;0;1132;1132
2018-01-18T23:30;2018-01-18T23:45;95;kWh;-137;0;0;0;137;-137
2018-01-18T23:45;2018-01-19T00:00;96;kWh;-2531;0;0;0;2531;-2531
2018-01-19T00:00;2018-01-19T00:15;1;kWh;-905;30;0;0;935;-875
2018-01-19T00:15;2018-01-19T00:30;2;kWh;0;17687;0;0;17687;17687
2018-01-19T00:30;2018-01-19T00:45;3;kWh;0;2775;0;0;2775;2775
2018-01-19T00:45;2018-01-19T01:00;4;kWh;-497;243;0;0;740;-254
2018-01-19T01:00;2018-01-19T01:15;5;kWh;-2020;187;0;0;2207;-1833
2018-01-19T01:15;2018-01-19T01:30;6;kWh;0;798;0;0;798;798
2018-01-19T01:30;2018-01-19T01:45;7;kWh;0;0;0;0;0;0
2018-01-19T01:45;2018-01-19T02:00;8;kWh;0;0;0;0;0;0
2018-01-19T02:00;2018-01-19T02:15;9;kWh;0;0;0;0;0;0
2018-01-19T02:15;2018-01-19T02:30;10;kWh;0;0;0;0;0;0
2018-01-19T02:30;2018-01-19T02:45;11;kWh;0;0;0;0;0;0
2018-01-19T02:45;2018-01-19T03:00;12;kWh;0;0;0;0;0;0
2018-01-19T03:00;2018-01-19T03:15;13;kWh;0;11322;0;0;11322;11322
2018-01-19T03:15;2018-01-19T03:30;14;kWh;0;26810;0;0;26810;26810
2018-01-19T03:30;2018-01-19T03:45;15;kWh;0;8831;0;0;8831;8831
2018-01-19T03:45;2018-01-19T04:00;16;kWh;0;562;0;0;562;562
2018-01-19T04:00;2018-01-19T04:15;17;kWh;0;2830;0;0;2830;2830
2018-01-19T04:15;2018-01-19T04:30;18;kWh;0;4297;0;0;4297;4297
2018-01-19T04:30;2018-01-19T04:45;19;kWh;0;10688;0;0;10688;10688
2018-01-19T04:45;2018-01-19T05:00;20;kWh;0;14645;0;0;14645;14645
2018-01-19T05:00;2018-01-19T05:15;21;kWh;-28;6890;0;0;6918;6862
2018-01-19T05:15;2018-01-19T05:30;22;kWh;-1058;39;0;0;1097;-1019
2018-01-19T05:30;2018-01-19T05:45;23;kWh;-126;6903;0;0;7029;6777
2018-01-19T05:45;2018-01-19T06:00;24;kWh;0;20348;0;0;20348;20348
2018-01-19T06:00;2018-01-19T06:15;25;kWh;-2956;1138;0;0;4094;-1818
2018-01-19T06:15;2018-01-19T06:30;26;kWh;-19499;0;0;0;19499;-19499
2018-01-19T06:30;2018-01-19T06:45;27;kWh;-6127;0;0;0;6127;-6127
2018-01-19T06:45;2018-01-19T07:00;28;kWh;-348;0;0;0;348;-348
2018-01-19T07:00;2018-01-19T07:15;29;kWh;-44499;0;0;0;44499;-44499
2018-01-19T07:15;2018-01-19T07:30;30;kWh;-30543;0;0;0;30543;-30543
2018-01-19T07:30;2018-01-19T07:45;31;kWh;-2029;2184;0;0;4213;155
2018-01-19T07:45;2018-01-19T08:00;32;kWh;0;22181;0;0;22181;22181
2018-01-19T08:00;2018-01-19T08:15;33;kWh;-544;9540;0;0;10084;8996
2018-01-19T08:15;2018-01-19T08:30;34;kWh;-3832;0;0;0;3832;-3832
2018-01-19T08:30;2018-01-19T08:45;35;kWh;-1104;0;0;0;1104;-1104
2018-01-19T08:45;2018-01-19T09:00;36;kWh;-1176;0;0;0;1176;-1176
2018-01-19T09:00;2018-01-19T09:15;37;kWh;-799;0;0;0;799;-799
2018-01-19T09:15;2018-01-19T09:30;38;kWh;-1111;0;0;0;1111;-1111
2018-01-19T09:30;2018-01-19T09:45;39;kWh;-11874;0;0;0;11874;-11874
2018-01-19T09:45;2018-01-19T10:00;40;kWh;-25871;0;0;0;25871;-25871
2018-01-19T10:00;2018-01-19T10:15;41;kWh;-652;0;0;0;652;-652
2018-01-19T10:15;2018-01-19T10:30;42;kWh;-376;0;0;0;376;-376
2018-01-19T10:30;2018-01-19T10:45;43;kWh;-39483;0;0;0;39483;-39483
2018-01-19T10:45;2018-01-19T11:00;44;kWh;-43652;0;0;0;43652;-43652
2018-01-19T11:00;2018-01-19T11:15;45;kWh;-22875;4501;0;0;27376;-18374
2018-01-19T11:15;2018-01-19T11:30;46;kWh;0;2345;0;0;2345;2345
2018-01-19T11:30;2018-01-19T11:45;47;kWh;0;0;0;0;0;0
2018-01-19T11:45;2018-01-19T12:00;48;kWh;0;2352;0;0;2352;2352
2018-01-19T12:00;2018-01-19T12:15;49;kWh;0;4780;0;0;4780;4780
2018-01-19T12:15;2018-01-19T12:30;50;kWh;-92;479;0;0;571;387
2018-01-19T12:30;2018-01-19T12:45;51;kWh;-700;0;0;0;700;-700
2018-01-19T12:45;2018-01-19T13:00;52;kWh;-6378;0;0;0;6378;-6378
2018-01-19T13:00;2018-01-19T13:15;53;kWh;-4258;0;0;0;4258;-4258
2018-01-19T13:15;2018-01-19T13:30;54;kWh;-3434;0;0;0;3434;-3434
2018-01-19T13:30;2018-01-19T13:45;55;kWh;-7078;0;0;0;7078;-7078
2018-01-19T13:45;2018-01-19T14:00;56;kWh;-2053;0;0;0;2053;-2053
2018-01-19T14:00;2018-01-19T14:15;57;kWh;-13809;0;0;0;13809;-13809
2018-01-19T14:15;2018-01-19T14:30;58;kWh;-3546;0;0;0;3546;-3546
2018-01-19T14:30;2018-01-19T14:45;59;kWh;-13040;0;0;0;13040;-13040
2018-01-19T14:45;2018-01-19T15:00;60;kWh;-38720;0;0;0;38720;-38720
2018-01-19T15:00;2018-01-19T15:15;61;kWh;-14245;3275;0;0;17520;-10970
2018-01-19T15:15;2018-01-19T15:30;62;kWh;0;844;0;0;844;844
2018-01-19T15:30;2018-01-19T15:45;63;kWh;0;0;0;0;0;0
2018-01-19T15:45;2018-01-19T16:00;64;kWh;0;597;0;0;597;597
2018-01-19T16:00;2018-01-19T16:15;65;kWh;0;6;0;0;6;6
2018-01-19T16:15;2018-01-19T16:30;66;kWh;0;0;0;0;0;0
2018-01-19T16:30;2018-01-19T16:45;67;kWh;0;0;0;0;0;0
2018-01-19T16:45;2018-01-19T17:00;68;kWh;0;0;0;0;0;0
2018-01-19T17:00;2018-01-19T17:15;69;kWh;-21153;0;0;0;21153;-21153
2018-01-19T17:15;2018-01-19T17:30;70;kWh;-6635;0;0;0;6635;-6635
2018-01-19T17:30;2018-01-19T17:45;71;kWh;0;0;0;0;0;0
2018-01-19T17:45;2018-01-19T18:00;72;kWh;0;44;0;0;44;44
2018-01-19T18:00;2018-01-19T18:15;73;kWh;0;1038;0;0;1038;1038
2018-01-19T18:15;2018-01-19T18:30;74;kWh;-37;0;0;0;37;-37
2018-01-19T18:30;2018-01-19T18:45;75;kWh;-15923;0;0;0;15923;-15923
2018-01-19T18:45;2018-01-19T19:00;76;kWh;-22131;0;0;0;22131;-22131
2018-01-19T19:00;2018-01-19T19:15;77;kWh;-685;1932;0;0;2617;1247
2018-01-19T19:15;2018-01-19T19:30;78;kWh;-10;599;0;0;609;589
2018-01-19T19:30;2018-01-19T19:45;79;kWh;-7564;0;0;0;7564;-7564
2018-01-19T19:45;2018-01-19T20:00;80;kWh;-11610;0;0;0;11610;-11610
2018-01-19T20:00;2018-01-19T20:15;81;kWh;-29;8626;0;0;8655;8597
2018-01-19T20:15;2018-01-19T20:30;82;kWh;-749;4221;0;0;4970;3472
2018-01-19T20:30;2018-01-19T20:45;83;kWh;-2240;206;0;0;2446;-2034
2018-01-19T20:45;2018-01-19T21:00;84;kWh;0;0;0;0;0;0
2018-01-19T21:00;2018-01-19T21:15;85;kWh;0;689;0;0;689;689
2018-01-19T21:15;2018-01-19T21:30;86;kWh;0;18645;0;0;18645;18645
2018-01-19T21:30;2018-01-19T21:45;87;kWh;-484;389;0;0;873;-95
2018-01-19T21:45;2018-01-19T22:00;88;kWh;-704;0;0;0;704;-704
2018-01-19T22:00;2018-01-19T22:15;89;kWh;-260;0;0;0;260;-260
2018-01-19T22:15;2018-01-19T22:30;90;kWh;0;0;0;0;0;0
2018-01-19T22:30;2018-01-19T22:45;91;kWh;0;7258;0;0;7258;7258
2018-01-19T22:45;2018-01-19T23:00;92;kWh;-15;3026;0;0;3041;3011
2018-01-19T23:00;2018-01-19T23:15;93;kWh;-77;1167;0;0;1244;1090
2018-01-19T23:15;2018-01-19T23:30;94;kWh;0;37168;0;0;37168;37168
2018-01-19T23:30;2018-01-19T23:45;95;kWh;-3;30571;0;0;30574;30568
2018-01-19T23:45;2018-01-20T00:00;96;kWh;-769;2173;0;0;2942;1404
2018-01-20T00:00;2018-01-20T00:15;1;kWh;0;22521;0;0;22521;22521
2018-01-20T00:15;2018-01-20T00:30;2;kWh;0;19775;0;0;19775;19775
2018-01-20T00:30;2018-01-20T00:45;3;kWh;-871;4852;0;0;5723;3981
2018-01-20T00:45;2018-01-20T01:00;4;kWh;-1642;0;0;0;1642;-1642
2018-01-20T01:00;2018-01-20T01:15;5;kWh;-113;3477;0;0;3590;3364
2018-01-20T01:15;2018-01-20T01:30;6;kWh;0;28512;0;0;28512;28512
2018-01-20T01:30;2018-01-20T01:45;7;kWh;-47;1100;0;0;1147;1053
2018-01-20T01:45;2018-01-20T02:00;8;kWh;-15218;0;0;0;15218;-15218
2018-01-20T02:00;2018-01-20T02:15;9;kWh;-5225;8801;0;0;14026;3576
2018-01-20T02:15;2018-01-20T02:30;10;kWh;-8;11533;0;0;11541;11525
2018-01-20T02:30;2018-01-20T02:45;11;kWh;-343;162;0;0;505;-181
2018-01-20T02:45;2018-01-20T03:00;12;kWh;-4301;0;0;0;4301;-4301
2018-01-20T03:00;2018-01-20T03:15;13;kWh;-3554;0;0;0;3554;-3554
2018-01-20T03:15;2018-01-20T03:30;14;kWh;0;0;0;0;0;0
2018-01-20T03:30;2018-01-20T03:45;15;kWh;0;0;0;0;0;0
2018-01-20T03:45;2018-01-20T04:00;16;kWh;0;0;0;0;0;0
2018-01-20T04:00;2018-01-20T04:15;17;kWh;0;0;0;0;0;0
2018-01-20T04:15;2018-01-20T04:30;18;kWh;0;0;0;0;0;0
2018-01-20T04:30;2018-01-20T04:45;19;kWh;0;0;0;0;0;0
2018-01-20T04:45;2018-01-20T05:00;20;kWh;-7;0;0;0;7;-7
2018-01-20T05:00;2018-01-20T05:15;21;kWh;-5971;0;0;0;5971;-5971
2018-01-20T05:15;2018-01-20T05:30;22;kWh;-19702;0;0;0;19702;-19702
2018-01-20T05:30;2018-01-20T05:45;23;kWh;-1293;1083;0;0;2376;-210
2018-01-20T05:45;2018-01-20T06:00;24;kWh;0;11921;0;0;11921;11921
2018-01-20T06:00;2018-01-20T06:15;25;kWh;0;11452;0;0;11452;11452
2018-01-20T06:15;2018-01-20T06:30;26;kWh;0;25408;0;0;25408;25408
2018-01-20T06:30;2018-01-20T06:45;27;kWh;0;72263;0;0;72263;72263
2018-01-20T06:45;2018-01-20T07:00;28;kWh;0;46095;0;0;46095;46095
2018-01-20T07:00;2018-01-20T07:15;29;kWh;-27081;5456;0;0;32537;-21625
2018-01-20T07:15;2018-01-20T07:30;30;kWh;-34078;0;0;0;34078;-34078
2018-01-20T07:30;2018-01-20T07:45;31;kWh;-1751;1445;0;0;3196;-306
2018-01-20T07:45;2018-01-20T08:00;32;kWh;0;11709;0;0;11709;11709
2018-01-20T08:00;2018-01-20T08:15;33;kWh;-8281;10449;0;0;18730;2168
2018-01-20T08:15;2018-01-20T08:30;34;kWh;-9491;178;0;0;9669;-9313
2018-01-20T08:30;2018-01-20T08:45;35;kWh;0;1936;0;0;1936;1936
2018-01-20T08:45;2018-01-20T09:00;36;kWh;0;1346;0;0;1346;1346
2018-01-20T09:00;2018-01-20T09:15;37;kWh;-10;1192;0;0;1202;1182
2018-01-20T09:15;2018-01-20T09:30;38;kWh;-948;0;0;0;948;-948
2018-01-20T09:30;2018-01-20T09:45;39;kWh;0;169;0;0;169;169
2018-01-20T09:45;2018-01-20T10:00;40;kWh;0;26831;0;0;26831;26831
2018-01-20T10:00;2018-01-20T10:15;41;kWh;-982;15536;0;0;16518;14554
2018-01-20T10:15;2018-01-20T10:30;42;kWh;-343;8;0;0;351;-335
2018-01-20T10:30;2018-01-20T10:45;43;kWh;-743;0;0;0;743;-743
2018-01-20T10:45;2018-01-20T11:00;44;kWh;-86;0;0;0;86;-86
2018-01-20T11:00;2018-01-20T11:15;45;kWh;-368;0;0;0;368;-368
2018-01-20T11:15;2018-01-20T11:30;46;kWh;-859;0;0;0;859;-859
2018-01-20T11:30;2018-01-20T11:45;47;kWh;0;0;0;0;0;0
2018-01-20T11:45;2018-01-20T12:00;48;kWh;0;9;0;0;9;9
2018-01-20T12:00;2018-01-20T12:15;49;kWh;0;12071;0;0;12071;12071
2018-01-20T12:15;2018-01-20T12:30;50;kWh;0;10224;0;0;10224;10224
2018-01-20T12:30;2018-01-20T12:45;51;kWh;0;4820;0;0;4820;4820
2018-01-20T12:45;2018-01-20T13:00;52;kWh;0;11161;0;0;11161;11161
2018-01-20T13:00;2018-01-20T13:15;53;kWh;0;2006;0;0;2006;2006
2018-01-20T13:15;2018-01-20T13:30;54;kWh;-189;0;0;0;189;-189
2018-01-20T13:30;2018-01-20T13:45;55;kWh;-413;375;0;0;788;-38
2018-01-20T13:45;2018-01-20T14:00;56;kWh;0;3111;0;0;3111;3111
2018-01-20T14:00;2018-01-20T14:15;57;kWh;0;279;0;0;279;279
2018-01-20T14:15;2018-01-20T14:30;58;kWh;0;0;0;0;0;0
2018-01-20T14:30;2018-01-20T14:45;59;kWh;0;0;0;0;0;0
2018-01-20T14:45;2018-01-20T15:00;60;kWh;-5140;0;0;0;5140;-5140
2018-01-20T15:00;2018-01-20T15:15;61;kWh;-5664;0;0;0;5664;-5664
2018-01-20T15:15;2018-01-20T15:30;62;kWh;-860;0;0;0;860;-860
2018-01-20T15:30;2018-01-20T15:45;63;kWh;-3648;0;0;0;3648;-3648
2018-01-20T15:45;2018-01-20T16:00;64;kWh;-5169;0;0;0;5169;-5169
2018-01-20T16:00;2018-01-20T16:15;65;kWh;-6832;0;0;0;6832;-6832
2018-01-20T16:15;2018-01-20T16:30;66;kWh;-12122;0;0;0;12122;-12122
2018-01-20T16:30;2018-01-20T16:45;67;kWh;-10906;6;0;0;10912;-10900
2018-01-20T16:45;2018-01-20T17:00;68;kWh;-688;14362;0;0;15050;13674
2018-01-20T17:00;2018-01-20T17:15;69;kWh;-17967;6599;0;0;24566;-11368
2018-01-20T17:15;2018-01-20T17:30;70;kWh;-1867;0;0;0;1867;-1867
2018-01-20T17:30;2018-01-20T17:45;71;kWh;0;138;0;0;138;138
2018-01-20T17:45;2018-01-20T18:00;72;kWh;0;6171;0;0;6171;6171
2018-01-20T18:00;2018-01-20T18:15;73;kWh;-6040;1076;0;0;7116;-4964
2018-01-20T18:15;2018-01-20T18:30;74;kWh;-10957;0;0;0;10957;-10957
2018-01-20T18:30;2018-01-20T18:45;75;kWh;-9938;0;0;0;9938;-9938
2018-01-20T18:45;2018-01-20T19:00;76;kWh;-10360;0;0;0;10360;-10360
2018-01-20T19:00;2018-01-20T19:15;77;kWh;0;0;0;0;0;0
2018-01-20T19:15;2018-01-20T19:30;78;kWh;0;0;0;0;0;0
2018-01-20T19:30;2018-01-20T19:45;79;kWh;-276;0;0;0;276;-276
2018-01-20T19:45;2018-01-20T20:00;80;kWh;-11312;0;0;0;11312;-11312
2018-01-20T20:00;2018-01-20T20:15;81;kWh;-7707;3630;0;0;11337;-4077
2018-01-20T20:15;2018-01-20T20:30;82;kWh;-47;10682;0;0;10729;10635
2018-01-20T20:30;2018-01-20T20:45;83;kWh;0;20;0;0;20;20
2018-01-20T20:45;2018-01-20T21:00;84;kWh;-9785;0;0;0;9785;-9785
2018-01-20T21:00;2018-01-20T21:15;85;kWh;-14048;2305;0;0;16353;-11743
2018-01-20T21:15;2018-01-20T21:30;86;kWh;-39;18520;0;0;18559;18481
2018-01-20T21:30;2018-01-20T21:45;87;kWh;-346;659;0;0;1005;313
2018-01-20T21:45;2018-01-20T22:00;88;kWh;-10097;0;0;0;10097;-10097
2018-01-20T22:00;2018-01-20T22:15;89;kWh;-9454;423;0;0;9877;-9031
2018-01-20T22:15;2018-01-20T22:30;90;kWh;-45;488;0;0;533;443
2018-01-20T22:30;2018-01-20T22:45;91;kWh;0;551;0;0;551;551
2018-01-20T22:45;2018-01-20T23:00;92;kWh;0;12519;0;0;12519;12519
2018-01-20T23:00;2018-01-20T23:15;93;kWh;-248;14832;0;0;15080;14584
2018-01-20T23:15;2018-01-20T23:30;94;kWh;-636;42843;0;0;43479;42207
2018-01-20T23:30;2018-01-20T23:45;95;kWh;-7083;545;0;0;7628;-6538
2018-01-20T23:45;2018-01-21T00:00;96;kWh;-4519;0;0;0;4519;-4519
2018-01-21T00:00;2018-01-21T00:15;1;kWh;-28709;0;0;0;28709;-28709
2018-01-21T00:15;2018-01-21T00:30;2;kWh;-1490;0;0;0;1490;-1490
2018-01-21T00:30;2018-01-21T00:45;3;kWh;-543;0;0;0;543;-543
2018-01-21T00:45;2018-01-21T01:00;4;kWh;-18221;0;0;0;18221;-18221
2018-01-21T01:00;2018-01-21T01:15;5;kWh;-7113;1706;0;0;8819;-5407
2018-01-21T01:15;2018-01-21T01:30;6;kWh;-46;186;0;0;232;140
2018-01-21T01:30;2018-01-21T01:45;7;kWh;-3244;0;0;0;3244;-3244
2018-01-21T01:45;2018-01-21T02:00;8;kWh;-23304;0;0;0;23304;-23304
2018-01-21T02:00;2018-01-21T02:15;9;kWh;-12463;1321;0;0;13784;-11142
2018-01-21T02:15;2018-01-21T02:30;10;kWh;-48;3085;0;0;3133;3037
2018-01-21T02:30;2018-01-21T02:45;11;kWh;0;885;0;0;885;885
2018-01-21T02:45;2018-01-21T03:00;12;kWh;-261;0;0;0;261;-261
2018-01-21T03:00;2018-01-21T03:15;13;kWh;-465;190;0;0;655;-275
2018-01-21T03:15;2018-01-21T03:30;14;kWh;0;720;0;0;720;720
2018-01-21T03:30;2018-01-21T03:45;15;kWh;-16;306;0;0;322;290
2018-01-21T03:45;2018-01-21T04:00;16;kWh;-933;0;0;0;933;-933
2018-01-21T04:00;2018-01-21T04:15;17;kWh;0;0;0;0;0;0
2018-01-21T04:15;2018-01-21T04:30;18;kWh;0;0;0;0;0;0
2018-01-21T04:30;2018-01-21T04:45;19;kWh;0;0;0;0;0;0
2018-01-21T04:45;2018-01-21T05:00;20;kWh;0;542;0;0;542;542
2018-01-21T05:00;2018-01-21T05:15;21;kWh;0;28;0;0;28;28
2018-01-21T05:15;2018-01-21T05:30;22;kWh;-127;0;0;0;127;-127
2018-01-21T05:30;2018-01-21T05:45;23;kWh;-7869;0;0;0;7869;-7869
2018-01-21T05:45;2018-01-21T06:00;24;kWh;-4331;0;0;0;4331;-4331
2018-01-21T06:00;2018-01-21T06:15;25;kWh;-3415;0;0;0;3415;-3415
2018-01-21T06:15;2018-01-21T06:30;26;kWh;0;0;0;0;0;0
2018-01-21T06:30;2018-01-21T06:45;27;kWh;0;0;0;0;0;0
2018-01-21T06:45;2018-01-21T07:00;28;kWh;0;0;0;0;0;0
2018-01-21T07:00;2018-01-21T07:15;29;kWh;-20628;0;0;0;20628;-20628
2018-01-21T07:15;2018-01-21T07:30;30;kWh;-36803;22;0;0;36825;-36781
2018-01-21T07:30;2018-01-21T07:45;31;kWh;-650;1344;0;0;1994;694
2018-01-21T07:45;2018-01-21T08:00;32;kWh;0;453;0;0;453;453
2018-01-21T08:00;2018-01-21T08:15;33;kWh;-8211;0;0;0;8211;-8211
2018-01-21T08:15;2018-01-21T08:30;34;kWh;-32986;0;0;0;32986;-32986
2018-01-21T08:30;2018-01-21T08:45;35;kWh;-3737;0;0;0;3737;-3737
2018-01-21T08:45;2018-01-21T09:00;36;kWh;-697;6037;0;0;6734;5340
2018-01-21T09:00;2018-01-21T09:15;37;kWh;0;15732;0;0;15732;15732
2018-01-21T09:15;2018-01-21T09:30;38;kWh;-1284;213;0;0;1497;-1071
2018-01-21T09:30;2018-01-21T09:45;39;kWh;-2810;0;0;0;2810;-2810
2018-01-21T09:45;2018-01-21T10:00;40;kWh;-7;0;0;0;7;-7
2018-01-21T10:00;2018-01-21T10:15;41;kWh;-1650;0;0;0;1650;-1650
2018-01-21T10:15;2018-01-21T10:30;42;kWh;0;0;0;0;0;0
2018-01-21T10:30;2018-01-21T10:45;43;kWh;-41;0;0;0;41;-41
2018-01-21T10:45;2018-01-21T11:00;44;kWh;-279;0;0;0;279;-279
2018-01-21T11:00;2018-01-21T11:15;45;kWh;-6414;0;0;0;6414;-6414
2018-01-21T11:15;2018-01-21T11:30;46;kWh;-9974;0;0;0;9974;-9974
2018-01-21T11:30;2018-01-21T11:45;47;kWh;-1334;0;0;0;1334;-1334
2018-01-21T11:45;2018-01-21T12:00;48;kWh;-5574;0;0;0;5574;-5574
2018-01-21T12:00;2018-01-21T12:15;49;kWh;-23072;0;0;0;23072;-23072
2018-01-21T12:15;2018-01-21T12:30;50;kWh;-58386;0;0;0;58386;-58386
2018-01-21T12:30;2018-01-21T12:45;51;kWh;-40869;0;0;0;40869;-40869
2018-01-21T12:45;2018-01-21T13:00;52;kWh;-6790;0;0;0;6790;-6790
2018-01-21T13:00;2018-01-21T13:15;53;kWh;-14011;0;0;0;14011;-14011
2018-01-21T13:15;2018-01-21T13:30;54;kWh;-9244;0;0;0;9244;-9244
2018-01-21T13:30;2018-01-21T13:45;55;kWh;-13084;0;0;0;13084;-13084
2018-01-21T13:45;2018-01-21T14:00;56;kWh;-29480;0;0;0;29480;-29480
2018-01-21T14:00;2018-01-21T14:15;57;kWh;-15242;14;0;0;15256;-15228
2018-01-21T14:15;2018-01-21T14:30;58;kWh;-261;187;0;0;448;-74
2018-01-21T14:30;2018-01-21T14:45;59;kWh;0;0;0;0;0;0
2018-01-21T14:45;2018-01-21T15:00;60;kWh;0;0;0;0;0;0
2018-01-21T15:00;2018-01-21T15:15;61;kWh;0;14320;0;0;14320;14320
2018-01-21T15:15;2018-01-21T15:30;62;kWh;0;37772;0;0;37772;37772
2018-01-21T15:30;2018-01-21T15:45;63;kWh;0;36738;0;0;36738;36738
2018-01-21T15:45;2018-01-21T16:00;64;kWh;-383;9188;0;0;9571;8805
2018-01-21T16:00;2018-01-21T16:15;65;kWh;0;935;0;0;935;935
2018-01-21T16:15;2018-01-21T16:30;66;kWh;0;182;0;0;182;182
2018-01-21T16:30;2018-01-21T16:45;67;kWh;-1047;0;0;0;1047;-1047
2018-01-21T16:45;2018-01-21T17:00;68;kWh;0;0;0;0;0;0
2018-01-21T17:00;2018-01-21T17:15;69;kWh;-20873;0;0;0;20873;-20873
2018-01-21T17:15;2018-01-21T17:30;70;kWh;-5616;922;0;0;6538;-4694
2018-01-21T17:30;2018-01-21T17:45;71;kWh;0;6498;0;0;6498;6498
2018-01-21T17:45;2018-01-21T18:00;72;kWh;0;3653;0;0;3653;3653
2018-01-21T18:00;2018-01-21T18:15;73;kWh;-42;1658;0;0;1700;1616
2018-01-21T18:15;2018-01-21T18:30;74;kWh;-11834;0;0;0;11834;-11834
2018-01-21T18:30;2018-01-21T18:45;75;kWh;-31677;0;0;0;31677;-31677
2018-01-21T18:45;2018-01-21T19:00;76;kWh;-33108;0;0;0;33108;-33108
2018-01-21T19:00;2018-01-21T19:15;77;kWh;-11952;0;0;0;11952;-11952
2018-01-21T19:15;2018-01-21T19:30;78;kWh;-6125;0;0;0;6125;-6125
2018-01-21T19:30;2018-01-21T19:45;79;kWh;-19080;0;0;0;19080;-19080
2018-01-21T19:45;2018-01-21T20:00;80;kWh;-33220;0;0;0;33220;-33220
2018-01-21T20:00;2018-01-21T20:15;81;kWh;-9066;190;0;0;9256;-8876
2018-01-21T20:15;2018-01-21T20:30;82;kWh;-953;0;0;0;953;-953
2018-01-21T20:30;2018-01-21T20:45;83;kWh;-19653;0;0;0;19653;-19653
2018-01-21T20:45;2018-01-21T21:00;84;kWh;-30111;0;0;0;30111;-30111
2018-01-21T21:00;2018-01-21T21:15;85;kWh;-24862;0;0;0;24862;-24862
2018-01-21T21:15;2018-01-21T21:30;86;kWh;-4291;0;0;0;4291;-4291
2018-01-21T21:30;2018-01-21T21:45;87;kWh;-39066;0;0;0;39066;-39066
2018-01-21T21:45;2018-01-21T22:00;88;kWh;-53990;0;0;0;53990;-53990
2018-01-21T22:00;2018-01-21T22:15;89;kWh;-26440;2011;0;0;28451;-24429
2018-01-21T22:15;2018-01-21T22:30;90;kWh;0;7083;0;0;7083;7083
2018-01-21T22:30;2018-01-21T22:45;91;kWh;-4683;178;0;0;4861;-4505
2018-01-21T22:45;2018-01-21T23:00;92;kWh;-11570;0;0;0;11570;-11570
2018-01-21T23:00;2018-01-21T23:15;93;kWh;-6166;13896;0;0;20062;7730
2018-01-21T23:15;2018-01-21T23:30;94;kWh;0;24186;0;0;24186;24186
2018-01-21T23:30;2018-01-21T23:45;95;kWh;-1860;2705;0;0;4565;845
2018-01-21T23:45;2018-01-22T00:00;96;kWh;-3126;0;0;0;3126;-3126
2018-01-22T00:00;2018-01-22T00:15;1;kWh;-2293;0;0;0;2293;-2293
2018-01-22T00:15;2018-01-22T00:30;2;kWh;-4067;0;0;0;4067;-4067
2018-01-22T00:30;2018-01-22T00:45;3;kWh;-16178;0;0;0;16178;-16178
2018-01-22T00:45;2018-01-22T01:00;4;kWh;-3170;0;0;0;3170;-3170
2018-01-22T01:00;2018-01-22T01:15;5;kWh;-1049;0;0;0;1049;-1049
2018-01-22T01:15;2018-01-22T01:30;6;kWh;0;0;0;0;0;0
2018-01-22T01:30;2018-01-22T01:45;7;kWh;-996;0;0;0;996;-996
2018-01-22T01:45;2018-01-22T02:00;8;kWh;-7082;0;0;0;7082;-7082
2018-01-22T02:00;2018-01-22T02:15;9;kWh;-2871;0;0;0;2871;-2871
2018-01-22T02:15;2018-01-22T02:30;10;kWh;0;0;0;0;0;0
2018-01-22T02:30;2018-01-22T02:45;11;kWh;-1;0;0;0;1;-1
2018-01-22T02:45;2018-01-22T03:00;12;kWh;-579;0;0;0;579;-579
2018-01-22T03:00;2018-01-22T03:15;13;kWh;-371;0;0;0;371;-371
2018-01-22T03:15;2018-01-22T03:30;14;kWh;0;0;0;0;0;0
2018-01-22T03:30;2018-01-22T03:45;15;kWh;0;0;0;0;0;0
2018-01-22T03:45;2018-01-22T04:00;16;kWh;-776;0;0;0;776;-776
2018-01-22T04:00;2018-01-22T04:15;17;kWh;-278;0;0;0;278;-278
2018-01-22T04:15;2018-01-22T04:30;18;kWh;-620;0;0;0;620;-620
2018-01-22T04:30;2018-01-22T04:45;19;kWh;0;0;0;0;0;0
2018-01-22T04:45;2018-01-22T05:00;20;kWh;0;0;0;0;0;0
2018-01-22T05:00;2018-01-22T05:15;21;kWh;-16303;0;0;0;16303;-16303
2018-01-22T05:15;2018-01-22T05:30;22;kWh;-14230;0;0;0;14230;-14230
2018-01-22T05:30;2018-01-22T05:45;23;kWh;-1120;0;0;0;1120;-1120
2018-01-22T05:45;2018-01-22T06:00;24;kWh;-5882;0;0;0;5882;-5882
2018-01-22T06:00;2018-01-22T06:15;25;kWh;-2773;2741;0;0;5514;-32
2018-01-22T06:15;2018-01-22T06:30;26;kWh;-12143;19;0;0;12162;-12124
2018-01-22T06:30;2018-01-22T06:45;27;kWh;-9513;0;0;0;9513;-9513
2018-01-22T06:45;2018-01-22T07:00;28;kWh;-12332;0;0;0;12332;-12332
2018-01-22T07:00;2018-01-22T07:15;29;kWh;-2448;548;0;0;2996;-1900
2018-01-22T07:15;2018-01-22T07:30;30;kWh;-12778;0;0;0;12778;-12778
2018-01-22T07:30;2018-01-22T07:45;31;kWh;-3361;0;0;0;3361;-3361
2018-01-22T07:45;2018-01-22T08:00;32;kWh;-278;8319;0;0;8597;8041
2018-01-22T08:00;2018-01-22T08:15;33;kWh;-16100;6262;0;0;22362;-9838
2018-01-22T08:15;2018-01-22T08:30;34;kWh;-11366;0;0;0;11366;-11366
2018-01-22T08:30;2018-01-22T08:45;35;kWh;-85;0;0;0;85;-85
2018-01-22T08:45;2018-01-22T09:00;36;kWh;0;0;0;0;0;0
2018-01-22T09:00;2018-01-22T09:15;37;kWh;-1525;0;0;0;1525;-1525
2018-01-22T09:15;2018-01-22T09:30;38;kWh;-981;0;0;0;981;-981
2018-01-22T09:30;2018-01-22T09:45;39;kWh;-21;0;0;0;21;-21
2018-01-22T09:45;2018-01-22T10:00;40;kWh;-4158;0;0;0;4158;-4158
2018-01-22T10:00;2018-01-22T10:15;41;kWh;-3145;0;0;0;3145;-3145
2018-01-22T10:15;2018-01-22T10:30;42;kWh;-414;0;0;0;414;-414
2018-01-22T10:30;2018-01-22T10:45;43;kWh;0;0;0;0;0;0
2018-01-22T10:45;2018-01-22T11:00;44;kWh;0;0;0;0;0;0
2018-01-22T11:00;2018-01-22T11:15;45;kWh;0;144;0;0;144;144
2018-01-22T11:15;2018-01-22T11:30;46;kWh;0;3709;0;0;3709;3709
2018-01-22T11:30;2018-01-22T11:45;47;kWh;0;2254;0;0;2254;2254
2018-01-22T11:45;2018-01-22T12:00;48;kWh;0;3681;0;0;3681;3681
2018-01-22T12:00;2018-01-22T12:15;49;kWh;0;1957;0;0;1957;1957
2018-01-22T12:15;2018-01-22T12:30;50;kWh;-54;35;0;0;89;-19
2018-01-22T12:30;2018-01-22T12:45;51;kWh;-4434;0;0;0;4434;-4434
2018-01-22T12:45;2018-01-22T13:00;52;kWh;-13266;0;0;0;13266;-13266
2018-01-22T13:00;2018-01-22T13:15;53;kWh;-8157;329;0;0;8486;-7828
2018-01-22T13:15;2018-01-22T13:30;54;kWh;-56;4257;0;0;4313;4201
2018-01-22T13:30;2018-01-22T13:45;55;kWh;0;2454;0;0;2454;2454
2018-01-22T13:45;2018-01-22T14:00;56;kWh;0;941;0;0;941;941
2018-01-22T14:00;2018-01-22T14:15;57;kWh;0;2152;0;0;2152;2152
2018-01-22T14:15;2018-01-22T14:30;58;kWh;0;1420;0;0;1420;1420
2018-01-22T14:30;2018-01-22T14:45;59;kWh;0;33;0;0;33;33
2018-01-22T14:45;2018-01-22T15:00;60;kWh;0;0;0;0;0;0
2018-01-22T15:00;2018-01-22T15:15;61;kWh;0;0;0;0;0;0
2018-01-22T15:15;2018-01-22T15:30;62;kWh;0;351;0;0;351;351
2018-01-22T15:30;2018-01-22T15:45;63;kWh;0;486;0;0;486;486
2018-01-22T15:45;2018-01-22T16:00;64;kWh;0;0;0;0;0;0
2018-01-22T16:00;2018-01-22T16:15;65;kWh;0;0;0;0;0;0
2018-01-22T16:15;2018-01-22T16:30;66;kWh;-11019;0;0;0;11019;-11019
2018-01-22T16:30;2018-01-22T16:45;67;kWh;-4811;0;0;0;4811;-4811
2018-01-22T16:45;2018-01-22T17:00;68;kWh;-7239;0;0;0;7239;-7239
2018-01-22T17:00;2018-01-22T17:15;69;kWh;-8175;0;0;0;8175;-8175
2018-01-22T17:15;2018-01-22T17:30;70;kWh;-309;0;0;0;309;-309
2018-01-22T17:30;2018-01-22T17:45;71;kWh;0;0;0;0;0;0
2018-01-22T17:45;2018-01-22T18:00;72;kWh;0;0;0;0;0;0
2018-01-22T18:00;2018-01-22T18:15;73;kWh;-176;0;0;0;176;-176
2018-01-22T18:15;2018-01-22T18:30;74;kWh;-421;0;0;0;421;-421
2018-01-22T18:30;2018-01-22T18:45;75;kWh;0;0;0;0;0;0
2018-01-22T18:45;2018-01-22T19:00;76;kWh;0;0;0;0;0;0
2018-01-22T19:00;2018-01-22T19:15;77;kWh;0;8990;0;0;8990;8990
2018-01-22T19:15;2018-01-22T19:30;78;kWh;-4044;3605;0;0;7649;-439
2018-01-22T19:30;2018-01-22T19:45;79;kWh;-26550;0;0;0;26550;-26550
2018-01-22T19:45;2018-01-22T20:00;80;kWh;-18031;0;0;0;18031;-18031
2018-01-22T20:00;2018-01-22T20:15;81;kWh;-10329;0;0;0;10329;-10329
2018-01-22T20:15;2018-01-22T20:30;82;kWh;-61;0;0;0;61;-61
2018-01-22T20:30;2018-01-22T20:45;83;kWh;-111;0;0;0;111;-111
2018-01-22T20:45;2018-01-22T21:00;84;kWh;-1109;0;0;0;1109;-1109
2018-01-22T21:00;2018-01-22T21:15;85;kWh;-7875;2146;0;0;10021;-5729
2018-01-22T21:15;2018-01-22T21:30;86;kWh;0;26568;0;0;26568;26568
2018-01-22T21:30;2018-01-22T21:45;87;kWh;0;757;0;0;757;757
2018-01-22T21:45;2018-01-22T22:00;88;kWh;-1028;0;0;0;1028;-1028
2018-01-22T22:00;2018-01-22T22:15;89;kWh;-24134;0;0;0;24134;-24134
2018-01-22T22:15;2018-01-22T22:30;90;kWh;-685;470;0;0;1155;-215
2018-01-22T22:30;2018-01-22T22:45;91;kWh;-3394;0;0;0;3394;-3394
2018-01-22T22:45;2018-01-22T23:00;92;kWh;-2702;0;0;0;2702;-2702
2018-01-22T23:00;2018-01-22T23:15;93;kWh;-2334;36;0;0;2370;-2298
2018-01-22T23:15;2018-01-22T23:30;94;kWh;0;214;0;0;214;214
2018-01-22T23:30;2018-01-22T23:45;95;kWh;0;0;0;0;0;0
2018-01-22T23:45;2018-01-23T00:00;96;kWh;-4822;0;0;0;4822;-4822
2018-01-23T00:00;2018-01-23T00:15;1;kWh;-7893;0;0;0;7893;-7893
2018-01-23T00:15;2018-01-23T00:30;2;kWh;-1691;0;0;0;1691;-1691
2018-01-23T00:30;2018-01-23T00:45;3;kWh;-2660;0;0;0;2660;-2660
2018-01-23T00:45;2018-01-23T01:00;4;kWh;-21579;0;0;0;21579;-21579
2018-01-23T01:00;2018-01-23T01:15;5;kWh;-2726;0;0;0;2726;-2726
2018-01-23T01:15;2018-01-23T01:30;6;kWh;-292;104;0;0;396;-188
2018-01-23T01:30;2018-01-23T01:45;7;kWh;-819;0;0;0;819;-819
2018-01-23T01:45;2018-01-23T02:00;8;kWh;-1652;0;0;0;1652;-1652
2018-01-23T02:00;2018-01-23T02:15;9;kWh;-1582;0;0;0;1582;-1582
2018-01-23T02:15;2018-01-23T02:30;10;kWh;0;0;0;0;0;0
2018-01-23T02:30;2018-01-23T02:45;11;kWh;0;0;0;0;0;0
2018-01-23T02:45;2018-01-23T03:00;12;kWh;-774;0;0;0;774;-774
2018-01-23T03:00;2018-01-23T03:15;13;kWh;-480;0;0;0;480;-480
2018-01-23T03:15;2018-01-23T03:30;14;kWh;0;0;0;0;0;0
2018-01-23T03:30;2018-01-23T03:45;15;kWh;-4865;0;0;0;4865;-4865
2018-01-23T03:45;2018-01-23T04:00;16;kWh;-30561;0;0;0;30561;-30561
2018-01-23T04:00;2018-01-23T04:15;17;kWh;-12806;0;0;0;12806;-12806
2018-01-23T04:15;2018-01-23T04:30;18;kWh;-16;0;0;0;16;-16
2018-01-23T04:30;2018-01-23T04:45;19;kWh;0;0;0;0;0;0
2018-01-23T04:45;2018-01-23T05:00;20;kWh;0;0;0;0;0;0
2018-01-23T05:00;2018-01-23T05:15;21;kWh;-509;0;0;0;509;-509
2018-01-23T05:15;2018-01-23T05:30;22;kWh;-1628;0;0;0;1628;-1628
2018-01-23T05:30;2018-01-23T05:45;23;kWh;-386;820;0;0;1206;434
2018-01-23T05:45;2018-01-23T06:00;24;kWh;-153;4560;0;0;4713;4407
2018-01-23T06:00;2018-01-23T06:15;25;kWh;-3274;0;0;0;3274;-3274
2018-01-23T06:15;2018-01-23T06:30;26;kWh;-2534;0;0;0;2534;-2534
2018-01-23T06:30;2018-01-23T06:45;27;kWh;-242;0;0;0;242;-242
2018-01-23T06:45;2018-01-23T07:00;28;kWh;0;2004;0;0;2004;2004
2018-01-23T07:00;2018-01-23T07:15;29;kWh;-25245;327;0;0;25572;-24918
2018-01-23T07:15;2018-01-23T07:30;30;kWh;-7258;712;0;0;7970;-6546
2018-01-23T07:30;2018-01-23T07:45;31;kWh;0;14171;0;0;14171;14171
2018-01-23T07:45;2018-01-23T08:00;32;kWh;0;25024;0;0;25024;25024
2018-01-23T08:00;2018-01-23T08:15;33;kWh;0;17583;0;0;17583;17583
2018-01-23T08:15;2018-01-23T08:30;34;kWh;0;24;0;0;24;24
2018-01-23T08:30;2018-01-23T08:45;35;kWh;-3;0;0;0;3;-3
2018-01-23T08:45;2018-01-23T09:00;36;kWh;-600;0;0;0;600;-600
2018-01-23T09:00;2018-01-23T09:15;37;kWh;-2536;0;0;0;2536;-2536
2018-01-23T09:15;2018-01-23T09:30;38;kWh;-11190;0;0;0;11190;-11190
2018-01-23T09:30;2018-01-23T09:45;39;kWh;-7901;0;0;0;7901;-7901
2018-01-23T09:45;2018-01-23T10:00;40;kWh;-18300;0;0;0;18300;-18300
2018-01-23T10:00;2018-01-23T10:15;41;kWh;-7762;10472;0;0;18234;2710
2018-01-23T10:15;2018-01-23T10:30;42;kWh;0;4286;0;0;4286;4286
2018-01-23T10:30;2018-01-23T10:45;43;kWh;-14;245;0;0;259;231
2018-01-23T10:45;2018-01-23T11:00;44;kWh;-2627;0;0;0;2627;-2627
2018-01-23T11:00;2018-01-23T11:15;45;kWh;-416;12962;0;0;13378;12546
2018-01-23T11:15;2018-01-23T11:30;46;kWh;0;27848;0;0;27848;27848
2018-01-23T11:30;2018-01-23T11:45;47;kWh;-56;13830;0;0;13886;13774
2018-01-23T11:45;2018-01-23T12:00;48;kWh;-216;269;0;0;485;53
2018-01-23T12:00;2018-01-23T12:15;49;kWh;0;0;0;0;0;0
2018-01-23T12:15;2018-01-23T12:30;50;kWh;-3360;0;0;0;3360;-3360
2018-01-23T12:30;2018-01-23T12:45;51;kWh;-2772;0;0;0;2772;-2772
2018-01-23T12:45;2018-01-23T13:00;52;kWh;-20876;0;0;0;20876;-20876
2018-01-23T13:00;2018-01-23T13:15;53;kWh;-7616;0;0;0;7616;-7616
2018-01-23T13:15;2018-01-23T13:30;54;kWh;-725;0;0;0;725;-725
2018-01-23T13:30;2018-01-23T13:45;55;kWh;-1753;0;0;0;1753;-1753
2018-01-23T13:45;2018-01-23T14:00;56;kWh;-29317;0;0;0;29317;-29317
2018-01-23T14:00;2018-01-23T14:15;57;kWh;-23097;1932;0;0;25029;-21165
2018-01-23T14:15;2018-01-23T14:30;58;kWh;-295;348;0;0;643;53
2018-01-23T14:30;2018-01-23T14:45;59;kWh;-152;0;0;0;152;-152
2018-01-23T14:45;2018-01-23T15:00;60;kWh;-899;0;0;0;899;-899
2018-01-23T15:00;2018-01-23T15:15;61;kWh;-270;0;0;0;270;-270
2018-01-23T15:15;2018-01-23T15:30;62;kWh;0;0;0;0;0;0
2018-01-23T15:30;2018-01-23T15:45;63;kWh;0;269;0;0;269;269
2018-01-23T15:45;2018-01-23T16:00;64;kWh;0;315;0;0;315;315
2018-01-23T16:00;2018-01-23T16:15;65;kWh;-1877;0;0;0;1877;-1877
2018-01-23T16:15;2018-01-23T16:30;66;kWh;-15156;0;0;0;15156;-15156
2018-01-23T16:30;2018-01-23T16:45;67;kWh;-24298;0;0;0;24298;-24298
2018-01-23T16:45;2018-01-23T17:00;68;kWh;-12537;0;0;0;12537;-12537
2018-01-23T17:00;2018-01-23T17:15;69;kWh;-23670;0;0;0;23670;-23670
2018-01-23T17:15;2018-01-23T17:30;70;kWh;-2752;0;0;0;2752;-2752
2018-01-23T17:30;2018-01-23T17:45;71;kWh;-949;0;0;0;949;-949
2018-01-23T17:45;2018-01-23T18:00;72;kWh;0;0;0;0;0;0
2018-01-23T18:00;2018-01-23T18:15;73;kWh;0;1005;0;0;1005;1005
2018-01-23T18:15;2018-01-23T18:30;74;kWh;0;3634;0;0;3634;3634
2018-01-23T18:30;2018-01-23T18:45;75;kWh;-975;930;0;0;1905;-45
2018-01-23T18:45;2018-01-23T19:00;76;kWh;-162;0;0;0;162;-162
2018-01-23T19:00;2018-01-23T19:15;77;kWh;-1535;1842;0;0;3377;307
2018-01-23T19:15;2018-01-23T19:30;78;kWh;0;1363;0;0;1363;1363
2018-01-23T19:30;2018-01-23T19:45;79;kWh;-10560;119;0;0;10679;-10441
2018-01-23T19:45;2018-01-23T20:00;80;kWh;-28729;0;0;0;28729;-28729
2018-01-23T20:00;2018-01-23T20:15;81;kWh;-24625;4137;0;0;28762;-20488
2018-01-23T20:15;2018-01-23T20:30;82;kWh;-228;31634;0;0;31862;31406
2018-01-23T20:30;2018-01-23T20:45;83;kWh;-7484;114;0;0;7598;-7370
2018-01-23T20:45;2018-01-23T21:00;84;kWh;-34695;0;0;0;34695;-34695
2018-01-23T21:00;2018-01-23T21:15;85;kWh;-11553;0;0;0;11553;-11553
2018-01-23T21:15;2018-01-23T21:30;86;kWh;-420;0;0;0;420;-420
2018-01-23T21:30;2018-01-23T21:45;87;kWh;-15113;0;0;0;15113;-15113
2018-01-23T21:45;2018-01-23T22:00;88;kWh;-37150;0;0;0;37150;-37150
2018-01-23T22:00;2018-01-23T22:15;89;kWh;-6992;15635;0;0;22627;8643
2018-01-23T22:15;2018-01-23T22:30;90;kWh;-1716;13975;0;0;15691;12259
2018-01-23T22:30;2018-01-23T22:45;91;kWh;-20461;0;0;0;20461;-20461
2018-01-23T22:45;2018-01-23T23:00;92;kWh;-22462;0;0;0;22462;-22462
2018-01-23T23:00;2018-01-23T23:15;93;kWh;-16141;2892;0;0;19033;-13249
2018-01-23T23:15;2018-01-23T23:30;94;kWh;-5548;1641;0;0;7189;-3907
2018-01-23T23:30;2018-01-23T23:45;95;kWh;-21968;0;0;0;21968;-21968
2018-01-23T23:45;2018-01-24T00:00;96;kWh;-16101;0;0;0;16101;-16101
2018-01-24T00:00;2018-01-24T00:15;1;kWh;-44905;0;0;0;44905;-44905
2018-01-24T00:15;2018-01-24T00:30;2;kWh;-3427;364;0;0;3791;-3063
2018-01-24T00:30;2018-01-24T00:45;3;kWh;-19157;0;0;0;19157;-19157
2018-01-24T00:45;2018-01-24T01:00;4;kWh;-27016;630;0;0;27646;-26386
2018-01-24T01:00;2018-01-24T01:15;5;kWh;-462;65;0;0;527;-397
2018-01-24T01:15;2018-01-24T01:30;6;kWh;-25690;0;0;0;25690;-25690
2018-01-24T01:30;2018-01-24T01:45;7;kWh;-37495;0;0;0;37495;-37495
2018-01-24T01:45;2018-01-24T02:00;8;kWh;-23755;0;0;0;23755;-23755
2018-01-24T02:00;2018-01-24T02:15;9;kWh;-11499;0;0;0;11499;-11499
2018-01-24T02:15;2018-01-24T02:30;10;kWh;-78;7;0;0;85;-71
2018-01-24T02:30;2018-01-24T02:45;11;kWh;-4053;0;0;0;4053;-4053
2018-01-24T02:45;2018-01-24T03:00;12;kWh;-30145;0;0;0;30145;-30145
2018-01-24T03:00;2018-01-24T03:15;13;kWh;-28915;0;0;0;28915;-28915
2018-01-24T03:15;2018-01-24T03:30;14;kWh;-2945;0;0;0;2945;-2945
2018-01-24T03:30;2018-01-24T03:45;15;kWh;-20449;0;0;0;20449;-20449
2018-01-24T03:45;2018-01-24T04:00;16;kWh;-23804;0;0;0;23804;-23804
2018-01-24T04:00;2018-01-24T04:15;17;kWh;-39072;0;0;0;39072;-39072
2018-01-24T04:15;2018-01-24T04:30;18;kWh;-39427;0;0;0;39427;-39427
2018-01-24T04:30;2018-01-24T04:45;19;kWh;-15107;1100;0;0;16207;-14007
2018-01-24T04:45;2018-01-24T05:00;20;kWh;-470;177;0;0;647;-293
2018-01-24T05:00;2018-01-24T05:15;21;kWh;-24260;0;0;0;24260;-24260
2018-01-24T05:15;2018-01-24T05:30;22;kWh;-6720;0;0;0;6720;-6720
2018-01-24T05:30;2018-01-24T05:45;23;kWh;-439;526;0;0;965;87
2018-01-24T05:45;2018-01-24T06:00;24;kWh;0;0;0;0;0;0
2018-01-24T06:00;2018-01-24T06:15;25;kWh;-2385;0;0;0;2385;-2385
2018-01-24T06:15;2018-01-24T06:30;26;kWh;-10670;0;0;0;10670;-10670
2018-01-24T06:30;2018-01-24T06:45;27;kWh;-20386;2956;0;0;23342;-17430
2018-01-24T06:45;2018-01-24T07:00;28;kWh;-1965;1568;0;0;3533;-397
2018-01-24T07:00;2018-01-24T07:15;29;kWh;-43632;0;0;0;43632;-43632
2018-01-24T07:15;2018-01-24T07:30;30;kWh;-17955;88;0;0;18043;-17867
2018-01-24T07:30;2018-01-24T07:45;31;kWh;-12;12467;0;0;12479;12455
2018-01-24T07:45;2018-01-24T08:00;32;kWh;0;36135;0;0;36135;36135
2018-01-24T08:00;2018-01-24T08:15;33;kWh;-3418;16563;0;0;19981;13145
2018-01-24T08:15;2018-01-24T08:30;34;kWh;-8682;43;0;0;8725;-8639
2018-01-24T08:30;2018-01-24T08:45;35;kWh;-8738;0;0;0;8738;-8738
2018-01-24T08:45;2018-01-24T09:00;36;kWh;-6668;414;0;0;7082;-6254
2018-01-24T09:00;2018-01-24T09:15;37;kWh;-155;5277;0;0;5432;5122
2018-01-24T09:15;2018-01-24T09:30;38;kWh;0;0;0;0;0;0
2018-01-24T09:30;2018-01-24T09:45;39;kWh;-217;0;0;0;217;-217
2018-01-24T09:45;2018-01-24T10:00;40;kWh;-22323;0;0;0;22323;-22323
2018-01-24T10:00;2018-01-24T10:15;41;kWh;-13941;0;0;0;13941;-13941
2018-01-24T10:15;2018-01-24T10:30;42;kWh;-7833;0;0;0;7833;-7833
2018-01-24T10:30;2018-01-24T10:45;43;kWh;-23341;0;0;0;23341;-23341
2018-01-24T10:45;2018-01-24T11:00;44;kWh;-22721;0;0;0;22721;-22721
2018-01-24T11:00;2018-01-24T11:15;45;kWh;-2576;564;0;0;3140;-2012
2018-01-24T11:15;2018-01-24T11:30;46;kWh;-1978;0;0;0;1978;-1978
2018-01-24T11:30;2018-01-24T11:45;47;kWh;-3326;0;0;0;3326;-3326
2018-01-24T11:45;2018-01-24T12:00;48;kWh;-5286;0;0;0;5286;-5286
2018-01-24T12:00;2018-01-24T12:15;49;kWh;-10622;235;0;0;10857;-10387
2018-01-24T12:15;2018-01-24T12:30;50;kWh;-542;435;0;0;977;-107
2018-01-24T12:30;2018-01-24T12:45;51;kWh;0;0;0;0;0;0
2018-01-24T12:45;2018-01-24T13:00;52;kWh;-959;0;0;0;959;-959
2018-01-24T13:00;2018-01-24T13:15;53;kWh;-803;1472;0;0;2275;669
2018-01-24T13:15;2018-01-24T13:30;54;kWh;0;5208;0;0;5208;5208
2018-01-24T13:30;2018-01-24T13:45;55;kWh;0;6544;0;0;6544;6544
2018-01-24T13:45;2018-01-24T14:00;56;kWh;-29;5809;0;0;5838;5780
2018-01-24T14:00;2018-01-24T14:15;57;kWh;-1620;120;0;0;1740;-1500
2018-01-24T14:15;2018-01-24T14:30;58;kWh;-419;0;0;0;419;-419
2018-01-24T14:30;2018-01-24T14:45;59;kWh;0;0;0;0;0;0
2018-01-24T14:45;2018-01-24T15:00;60;kWh;-1109;0;0;0;1109;-1109
2018-01-24T15:00;2018-01-24T15:15;61;kWh;-1101;465;0;0;1566;-636
2018-01-24T15:15;2018-01-24T15:30;62;kWh;0;15473;0;0;15473;15473
2018-01-24T15:30;2018-01-24T15:45;63;kWh;0;14849;0;0;14849;14849
2018-01-24T15:45;2018-01-24T16:00;64;kWh;-2721;333;0;0;3054;-2388
2018-01-24T16:00;2018-01-24T16:15;65;kWh;-25896;0;0;0;25896;-25896
2018-01-24T16:15;2018-01-24T16:30;66;kWh;-26317;0;0;0;26317;-26317
2018-01-24T16:30;2018-01-24T16:45;67;kWh;-42059;0;0;0;42059;-42059
2018-01-24T16:45;2018-01-24T17:00;68;kWh;-6003;0;0;0;6003;-6003
2018-01-24T17:00;2018-01-24T17:15;69;kWh;-15133;0;0;0;15133;-15133
2018-01-24T17:15;2018-01-24T17:30;70;kWh;-1338;5461;0;0;6799;4123
2018-01-24T17:30;2018-01-24T17:45;71;kWh;0;25819;0;0;25819;25819
2018-01-24T17:45;2018-01-24T18:00;72;kWh;0;31108;0;0;31108;31108
2018-01-24T18:00;2018-01-24T18:15;73;kWh;-123;21420;0;0;21543;21297
2018-01-24T18:15;2018-01-24T18:30;74;kWh;-983;1343;0;0;2326;360
2018-01-24T18:30;2018-01-24T18:45;75;kWh;0;1017;0;0;1017;1017
2018-01-24T18:45;2018-01-24T19:00;76;kWh;0;14540;0;0;14540;14540
2018-01-24T19:00;2018-01-24T19:15;77;kWh;0;62713;0;0;62713;62713
2018-01-24T19:15;2018-01-24T19:30;78;kWh;0;38375;0;0;38375;38375
2018-01-24T19:30;2018-01-24T19:45;79;kWh;0;36162;0;0;36162;36162
2018-01-24T19:45;2018-01-24T20:00;80;kWh;0;78104;0;0;78104;78104
2018-01-24T20:00;2018-01-24T20:15;81;kWh;0;53676;0;0;53676;53676
2018-01-24T20:15;2018-01-24T20:30;82;kWh;0;41359;0;0;41359;41359
2018-01-24T20:30;2018-01-24T20:45;83;kWh;0;54362;0;0;54362;54362
2018-01-24T20:45;2018-01-24T21:00;84;kWh;0;75381;0;0;75381;75381
2018-01-24T21:00;2018-01-24T21:15;85;kWh;-56;19764;0;0;19820;19708
2018-01-24T21:15;2018-01-24T21:30;86;kWh;0;54689;0;0;54689;54689
2018-01-24T21:30;2018-01-24T21:45;87;kWh;0;21533;0;0;21533;21533
2018-01-24T21:45;2018-01-24T22:00;88;kWh;-526;40;0;0;566;-486
2018-01-24T22:00;2018-01-24T22:15;89;kWh;-827;11492;0;0;12319;10665
2018-01-24T22:15;2018-01-24T22:30;90;kWh;0;50946;0;0;50946;50946
2018-01-24T22:30;2018-01-24T22:45;91;kWh;-559;9736;0;0;10295;9177
2018-01-24T22:45;2018-01-24T23:00;92;kWh;-3;73;0;0;76;70
2018-01-24T23:00;2018-01-24T23:15;93;kWh;-58;28926;0;0;28984;28868
2018-01-24T23:15;2018-01-24T23:30;94;kWh;0;60892;0;0;60892;60892
2018-01-24T23:30;2018-01-24T23:45;95;kWh;0;2070;0;0;2070;2070
2018-01-24T23:45;2018-01-25T00:00;96;kWh;-14354;0;0;0;14354;-14354
2018-01-25T00:00;2018-01-25T00:15;1;kWh;-9711;0;0;0;9711;-9711
2018-01-25T00:15;2018-01-25T00:30;2;kWh;0;286;0;0;286;286
2018-01-25T00:30;2018-01-25T00:45;3;kWh;0;0;0;0;0;0
2018-01-25T00:45;2018-01-25T01:00;4;kWh;-7206;0;0;0;7206;-7206
2018-01-25T01:00;2018-01-25T01:15;5;kWh;-5212;0;0;0;5212;-5212
2018-01-25T01:15;2018-01-25T01:30;6;kWh;-451;0;0;0;451;-451
2018-01-25T01:30;2018-01-25T01:45;7;kWh;-537;0;0;0;537;-537
2018-01-25T01:45;2018-01-25T02:00;8;kWh;0;0;0;0;0;0
2018-01-25T02:00;2018-01-25T02:15;9;kWh;0;344;0;0;344;344
2018-01-25T02:15;2018-01-25T02:30;10;kWh;0;522;0;0;522;522
2018-01-25T02:30;2018-01-25T02:45;11;kWh;0;42;0;0;42;42
2018-01-25T02:45;2018-01-25T03:00;12;kWh;0;299;0;0;299;299
2018-01-25T03:00;2018-01-25T03:15;13;kWh;0;108;0;0;108;108
2018-01-25T03:15;2018-01-25T03:30;14;kWh;-3592;18;0;0;3610;-3574
2018-01-25T03:30;2018-01-25T03:45;15;kWh;-17768;0;0;0;17768;-17768
2018-01-25T03:45;2018-01-25T04:00;16;kWh;-6924;0;0;0;6924;-6924
2018-01-25T04:00;2018-01-25T04:15;17;kWh;-5621;0;0;0;5621;-5621
2018-01-25T04:15;2018-01-25T04:30;18;kWh;-27;0;0;0;27;-27
2018-01-25T04:30;2018-01-25T04:45;19;kWh;0;0;0;0;0;0
2018-01-25T04:45;2018-01-25T05:00;20;kWh;-737;0;0;0;737;-737
2018-01-25T05:00;2018-01-25T05:15;21;kWh;-1625;0;0;0;1625;-1625
2018-01-25T05:15;2018-01-25T05:30;22;kWh;-15187;0;0;0;15187;-15187
2018-01-25T05:30;2018-01-25T05:45;23;kWh;-11907;1351;0;0;13258;-10556
2018-01-25T05:45;2018-01-25T06:00;24;kWh;0;2851;0;0;2851;2851
2018-01-25T06:00;2018-01-25T06:15;25;kWh;-130;106;0;0;236;-24
2018-01-25T06:15;2018-01-25T06:30;26;kWh;-19513;131;0;0;19644;-19382
2018-01-25T06:30;2018-01-25T06:45;27;kWh;-75;9101;0;0;9176;9026
2018-01-25T06:45;2018-01-25T07:00;28;kWh;0;1068;0;0;1068;1068
2018-01-25T07:00;2018-01-25T07:15;29;kWh;-604;6303;0;0;6907;5699
2018-01-25T07:15;2018-01-25T07:30;30;kWh;-1827;8;0;0;1835;-1819
2018-01-25T07:30;2018-01-25T07:45;31;kWh;0;5888;0;0;5888;5888
2018-01-25T07:45;2018-01-25T08:00;32;kWh;0;52015;0;0;52015;52015
2018-01-25T08:00;2018-01-25T08:15;33;kWh;0;82475;0;0;82475;82475
2018-01-25T08:15;2018-01-25T08:30;34;kWh;0;69041;0;0;69041;69041
2018-01-25T08:30;2018-01-25T08:45;35;kWh;0;43894;0;0;43894;43894
2018-01-25T08:45;2018-01-25T09:00;36;kWh;0;73883;0;0;73883;73883
2018-01-25T09:00;2018-01-25T09:15;37;kWh;0;39738;0;0;39738;39738
2018-01-25T09:15;2018-01-25T09:30;38;kWh;0;4694;0;0;4694;4694
2018-01-25T09:30;2018-01-25T09:45;39;kWh;0;11730;0;0;11730;11730
2018-01-25T09:45;2018-01-25T10:00;40;kWh;0;22218;0;0;22218;22218
2018-01-25T10:00;2018-01-25T10:15;41;kWh;-5;22409;0;0;22414;22404
2018-01-25T10:15;2018-01-25T10:30;42;kWh;-1476;463;0;0;1939;-1013
2018-01-25T10:30;2018-01-25T10:45;43;kWh;-26;0;0;0;26;-26
2018-01-25T10:45;2018-01-25T11:00;44;kWh;0;0;0;0;0;0
2018-01-25T11:00;2018-01-25T11:15;45;kWh;0;0;0;0;0;0
2018-01-25T11:15;2018-01-25T11:30;46;kWh;-324;0;0;0;324;-324
2018-01-25T11:30;2018-01-25T11:45;47;kWh;0;0;0;0;0;0
2018-01-25T11:45;2018-01-25T12:00;48;kWh;0;0;0;0;0;0
2018-01-25T12:00;2018-01-25T12:15;49;kWh;0;10061;0;0;10061;10061
2018-01-25T12:15;2018-01-25T12:30;50;kWh;-444;2336;0;0;2780;1892
2018-01-25T12:30;2018-01-25T12:45;51;kWh;-820;0;0;0;820;-820
2018-01-25T12:45;2018-01-25T13:00;52;kWh;-37;0;0;0;37;-37
2018-01-25T13:00;2018-01-25T13:15;53;kWh;-155;0;0;0;155;-155
2018-01-25T13:15;2018-01-25T13:30;54;kWh;-745;0;0;0;745;-745
2018-01-25T13:30;2018-01-25T13:45;55;kWh;-1369;0;0;0;1369;-1369
2018-01-25T13:45;2018-01-25T14:00;56;kWh;-3;0;0;0;3;-3
2018-01-25T14:00;2018-01-25T14:15;57;kWh;0;499;0;0;499;499
2018-01-25T14:15;2018-01-25T14:30;58;kWh;0;2034;0;0;2034;2034
2018-01-25T14:30;2018-01-25T14:45;59;kWh;0;3270;0;0;3270;3270
2018-01-25T14:45;2018-01-25T15:00;60;kWh;0;4353;0;0;4353;4353
2018-01-25T15:00;2018-01-25T15:15;61;kWh;0;2678;0;0;2678;2678
2018-01-25T15:15;2018-01-25T15:30;62;kWh;0;3070;0;0;3070;3070
2018-01-25T15:30;2018-01-25T15:45;63;kWh;0;27826;0;0;27826;27826
2018-01-25T15:45;2018-01-25T16:00;64;kWh;0;42465;0;0;42465;42465
2018-01-25T16:00;2018-01-25T16:15;65;kWh;-1096;12295;0;0;13391;11199
2018-01-25T16:15;2018-01-25T16:30;66;kWh;-21;1111;0;0;1132;1090
2018-01-25T16:30;2018-01-25T16:45;67;kWh;0;2576;0;0;2576;2576
2018-01-25T16:45;2018-01-25T17:00;68;kWh;0;30205;0;0;30205;30205
2018-01-25T17:00;2018-01-25T17:15;69;kWh;-20326;9495;0;0;29821;-10831
2018-01-25T17:15;2018-01-25T17:30;70;kWh;-4562;0;0;0;4562;-4562
2018-01-25T17:30;2018-01-25T17:45;71;kWh;-40;3840;0;0;3880;3800
2018-01-25T17:45;2018-01-25T18:00;72;kWh;0;46378;0;0;46378;46378
2018-01-25T18:00;2018-01-25T18:15;73;kWh;0;39877;0;0;39877;39877
2018-01-25T18:15;2018-01-25T18:30;74;kWh;-1574;5611;0;0;7185;4037
2018-01-25T18:30;2018-01-25T18:45;75;kWh;-16525;0;0;0;16525;-16525
2018-01-25T18:45;2018-01-25T19:00;76;kWh;-17880;0;0;0;17880;-17880
2018-01-25T19:00;2018-01-25T19:15;77;kWh;-4367;2524;0;0;6891;-1843
2018-01-25T19:15;2018-01-25T19:30;78;kWh;-2;24;0;0;26;22
2018-01-25T19:30;2018-01-25T19:45;79;kWh;-19852;0;0;0;19852;-19852
2018-01-25T19:45;2018-01-25T20:00;80;kWh;-36662;0;0;0;36662;-36662
2018-01-25T20:00;2018-01-25T20:15;81;kWh;-19395;2415;0;0;21810;-16980
2018-01-25T20:15;2018-01-25T20:30;82;kWh;-5498;69;0;0;5567;-5429
2018-01-25T20:30;2018-01-25T20:45;83;kWh;-24373;0;0;0;24373;-24373
2018-01-25T20:45;2018-01-25T21:00;84;kWh;-26737;0;0;0;26737;-26737
2018-01-25T21:00;2018-01-25T21:15;85;kWh;-24074;1143;0;0;25217;-22931
2018-01-25T21:15;2018-01-25T21:30;86;kWh;-30;5808;0;0;5838;5778
2018-01-25T21:30;2018-01-25T21:45;87;kWh;0;26;0;0;26;26
2018-01-25T21:45;2018-01-25T22:00;88;kWh;-3577;0;0;0;3577;-3577
2018-01-25T22:00;2018-01-25T22:15;89;kWh;-9459;2177;0;0;11636;-7282
2018-01-25T22:15;2018-01-25T22:30;90;kWh;0;25716;0;0;25716;25716
2018-01-25T22:30;2018-01-25T22:45;91;kWh;0;917;0;0;917;917
2018-01-25T22:45;2018-01-25T23:00;92;kWh;0;1407;0;0;1407;1407
2018-01-25T23:00;2018-01-25T23:15;93;kWh;0;597;0;0;597;597
2018-01-25T23:15;2018-01-25T23:30;94;kWh;0;20271;0;0;20271;20271
2018-01-25T23:30;2018-01-25T23:45;95;kWh;-1899;2719;0;0;4618;820
2018-01-25T23:45;2018-01-26T00:00;96;kWh;-19761;0;0;0;19761;-19761
2018-01-26T00:00;2018-01-26T00:15;1;kWh;-11403;0;0;0;11403;-11403
2018-01-26T00:15;2018-01-26T00:30;2;kWh;-810;0;0;0;810;-810
2018-01-26T00:30;2018-01-26T00:45;3;kWh;0;0;0;0;0;0
2018-01-26T00:45;2018-01-26T01:00;4;kWh;-165;0;0;0;165;-165
2018-01-26T01:00;2018-01-26T01:15;5;kWh;-577;0;0;0;577;-577
2018-01-26T01:15;2018-01-26T01:30;6;kWh;-2221;0;0;0;2221;-2221
2018-01-26T01:30;2018-01-26T01:45;7;kWh;-4547;0;0;0;4547;-4547
2018-01-26T01:45;2018-01-26T02:00;8;kWh;-16543;0;0;0;16543;-16543
2018-01-26T02:00;2018-01-26T02:15;9;kWh;-14276;364;0;0;14640;-13912
2018-01-26T02:15;2018-01-26T02:30;10;kWh;-242;308;0;0;550;66
2018-01-26T02:30;2018-01-26T02:45;11;kWh;0;0;0;0;0;0
2018-01-26T02:45;2018-01-26T03:00;12;kWh;-2225;0;0;0;2225;-2225
2018-01-26T03:00;2018-01-26T03:15;13;kWh;-313;7602;0;0;7915;7289
2018-01-26T03:15;2018-01-26T03:30;14;kWh;0;3555;0;0;3555;3555
2018-01-26T03:30;2018-01-26T03:45;15;kWh;0;0;0;0;0;0
2018-01-26T03:45;2018-01-26T04:00;16;kWh;0;0;0;0;0;0
2018-01-26T04:00;2018-01-26T04:15;17;kWh;0;0;0;0;0;0
2018-01-26T04:15;2018-01-26T04:30;18;kWh;0;0;0;0;0;0
2018-01-26T04:30;2018-01-26T04:45;19;kWh;0;0;0;0;0;0
2018-01-26T04:45;2018-01-26T05:00;20;kWh;0;0;0;0;0;0
2018-01-26T05:00;2018-01-26T05:15;21;kWh;-917;143;0;0;1060;-774
2018-01-26T05:15;2018-01-26T05:30;22;kWh;-13091;0;0;0;13091;-13091
2018-01-26T05:30;2018-01-26T05:45;23;kWh;-3125;0;0;0;3125;-3125
2018-01-26T05:45;2018-01-26T06:00;24;kWh;-134;2215;0;0;2349;2081
2018-01-26T06:00;2018-01-26T06:15;25;kWh;0;3297;0;0;3297;3297
2018-01-26T06:15;2018-01-26T06:30;26;kWh;0;0;0;0;0;0
2018-01-26T06:30;2018-01-26T06:45;27;kWh;0;234;0;0;234;234
2018-01-26T06:45;2018-01-26T07:00;28;kWh;0;25;0;0;25;25
2018-01-26T07:00;2018-01-26T07:15;29;kWh;-17132;77;0;0;17209;-17055
2018-01-26T07:15;2018-01-26T07:30;30;kWh;-12440;182;0;0;12622;-12258
2018-01-26T07:30;2018-01-26T07:45;31;kWh;-92;15746;0;0;15838;15654
2018-01-26T07:45;2018-01-26T08:00;32;kWh;0;90909;0;0;90909;90909
2018-01-26T08:00;2018-01-26T08:15;33;kWh;-1840;44306;0;0;46146;42466
2018-01-26T08:15;2018-01-26T08:30;34;kWh;-1873;0;0;0;1873;-1873
2018-01-26T08:30;2018-01-26T08:45;35;kWh;-5486;0;0;0;5486;-5486
2018-01-26T08:45;2018-01-26T09:00;36;kWh;-121;509;0;0;630;388
2018-01-26T09:00;2018-01-26T09:15;37;kWh;0;2486;0;0;2486;2486
2018-01-26T09:15;2018-01-26T09:30;38;kWh;0;1510;0;0;1510;1510
2018-01-26T09:30;2018-01-26T09:45;39;kWh;0;1253;0;0;1253;1253
2018-01-26T09:45;2018-01-26T10:00;40;kWh;0;458;0;0;458;458
2018-01-26T10:00;2018-01-26T10:15;41;kWh;0;20438;0;0;20438;20438
2018-01-26T10:15;2018-01-26T10:30;42;kWh;0;24654;0;0;24654;24654
2018-01-26T10:30;2018-01-26T10:45;43;kWh;0;8379;0;0;8379;8379
2018-01-26T10:45;2018-01-26T11:00;44;kWh;0;7491;0;0;7491;7491
2018-01-26T11:00;2018-01-26T11:15;45;kWh;0;11194;0;0;11194;11194
2018-01-26T11:15;2018-01-26T11:30;46;kWh;0;4841;0;0;4841;4841
2018-01-26T11:30;2018-01-26T11:45;47;kWh;0;7509;0;0;7509;7509
2018-01-26T11:45;2018-01-26T12:00;48;kWh;0;5392;0;0;5392;5392
2018-01-26T12:00;2018-01-26T12:15;49;kWh;0;27830;0;0;27830;27830
2018-01-26T12:15;2018-01-26T12:30;50;kWh;0;20185;0;0;20185;20185
2018-01-26T12:30;2018-01-26T12:45;51;kWh;0;12859;0;0;12859;12859
2018-01-26T12:45;2018-01-26T13:00;52;kWh;0;5869;0;0;5869;5869
2018-01-26T13:00;2018-01-26T13:15;53;kWh;0;21338;0;0;21338;21338
2018-01-26T13:15;2018-01-26T13:30;54;kWh;0;36114;0;0;36114;36114
2018-01-26T13:30;2018-01-26T13:45;55;kWh;0;27307;0;0;27307;27307
2018-01-26T13:45;2018-01-26T14:00;56;kWh;0;17147;0;0;17147;17147
2018-01-26T14:00;2018-01-26T14:15;57;kWh;0;291;0;0;291;291
2018-01-26T14:15;2018-01-26T14:30;58;kWh;0;396;0;0;396;396
2018-01-26T14:30;2018-01-26T14:45;59;kWh;0;427;0;0;427;427
2018-01-26T14:45;2018-01-26T15:00;60;kWh;0;213;0;0;213;213
2018-01-26T15:00;2018-01-26T15:15;61;kWh;0;379;0;0;379;379
2018-01-26T15:15;2018-01-26T15:30;62;kWh;0;0;0;0;0;0
2018-01-26T15:30;2018-01-26T15:45;63;kWh;0;1760;0;0;1760;1760
2018-01-26T15:45;2018-01-26T16:00;64;kWh;0;2741;0;0;2741;2741
2018-01-26T16:00;2018-01-26T16:15;65;kWh;0;9879;0;0;9879;9879
2018-01-26T16:15;2018-01-26T16:30;66;kWh;0;13414;0;0;13414;13414
2018-01-26T16:30;2018-01-26T16:45;67;kWh;0;16083;0;0;16083;16083
2018-01-26T16:45;2018-01-26T17:00;68;kWh;0;30422;0;0;30422;30422
2018-01-26T17:00;2018-01-26T17:15;69;kWh;-17127;10742;0;0;27869;-6385
2018-01-26T17:15;2018-01-26T17:30;70;kWh;-10165;0;0;0;10165;-10165
2018-01-26T17:30;2018-01-26T17:45;71;kWh;-13;6400;0;0;6413;6387
2018-01-26T17:45;2018-01-26T18:00;72;kWh;0;15355;0;0;15355;15355
2018-01-26T18:00;2018-01-26T18:15;73;kWh;-47;19842;0;0;19889;19795
2018-01-26T18:15;2018-01-26T18:30;74;kWh;-853;219;0;0;1072;-634
2018-01-26T18:30;2018-01-26T18:45;75;kWh;-18721;0;0;0;18721;-18721
2018-01-26T18:45;2018-01-26T19:00;76;kWh;-11147;0;0;0;11147;-11147
2018-01-26T19:00;2018-01-26T19:15;77;kWh;-57;0;0;0;57;-57
2018-01-26T19:15;2018-01-26T19:30;78;kWh;-860;0;0;0;860;-860
2018-01-26T19:30;2018-01-26T19:45;79;kWh;-6914;0;0;0;6914;-6914
2018-01-26T19:45;2018-01-26T20:00;80;kWh;-32477;0;0;0;32477;-32477
2018-01-26T20:00;2018-01-26T20:15;81;kWh;-18505;2010;0;0;20515;-16495
2018-01-26T20:15;2018-01-26T20:30;82;kWh;-325;494;0;0;819;169
2018-01-26T20:30;2018-01-26T20:45;83;kWh;-41189;0;0;0;41189;-41189
2018-01-26T20:45;2018-01-26T21:00;84;kWh;-69112;0;0;0;69112;-69112
2018-01-26T21:00;2018-01-26T21:15;85;kWh;-35696;776;0;0;36472;-34920
2018-01-26T21:15;2018-01-26T21:30;86;kWh;-28;2755;0;0;2783;2727
2018-01-26T21:30;2018-01-26T21:45;87;kWh;-621;16;0;0;637;-605
2018-01-26T21:45;2018-01-26T22:00;88;kWh;-16643;0;0;0;16643;-16643
2018-01-26T22:00;2018-01-26T22:15;89;kWh;-14859;484;0;0;15343;-14375
2018-01-26T22:15;2018-01-26T22:30;90;kWh;-30;0;0;0;30;-30
2018-01-26T22:30;2018-01-26T22:45;91;kWh;0;0;0;0;0;0
2018-01-26T22:45;2018-01-26T23:00;92;kWh;-676;0;0;0;676;-676
2018-01-26T23:00;2018-01-26T23:15;93;kWh;-12126;0;0;0;12126;-12126
2018-01-26T23:15;2018-01-26T23:30;94;kWh;-1281;0;0;0;1281;-1281
2018-01-26T23:30;2018-01-26T23:45;95;kWh;-6;0;0;0;6;-6
2018-01-26T23:45;2018-01-27T00:00;96;kWh;-5867;0;0;0;5867;-5867
2018-01-27T00:00;2018-01-27T00:15;1;kWh;-10230;1049;0;0;11279;-9181
2018-01-27T00:15;2018-01-27T00:30;2;kWh;-139;11107;0;0;11246;10968
2018-01-27T00:30;2018-01-27T00:45;3;kWh;-3462;28;0;0;3490;-3434
2018-01-27T00:45;2018-01-27T01:00;4;kWh;-19391;0;0;0;19391;-19391
2018-01-27T01:00;2018-01-27T01:15;5;kWh;-17733;0;0;0;17733;-17733
2018-01-27T01:15;2018-01-27T01:30;6;kWh;-3113;0;0;0;3113;-3113
2018-01-27T01:30;2018-01-27T01:45;7;kWh;-1081;0;0;0;1081;-1081
2018-01-27T01:45;2018-01-27T02:00;8;kWh;-18515;0;0;0;18515;-18515
2018-01-27T02:00;2018-01-27T02:15;9;kWh;-12338;455;0;0;12793;-11883
2018-01-27T02:15;2018-01-27T02:30;10;kWh;0;0;0;0;0;0
2018-01-27T02:30;2018-01-27T02:45;11;kWh;-7702;0;0;0;7702;-7702
2018-01-27T02:45;2018-01-27T03:00;12;kWh;-35903;0;0;0;35903;-35903
2018-01-27T03:00;2018-01-27T03:15;13;kWh;-20024;0;0;0;20024;-20024
2018-01-27T03:15;2018-01-27T03:30;14;kWh;0;0;0;0;0;0
2018-01-27T03:30;2018-01-27T03:45;15;kWh;0;0;0;0;0;0
2018-01-27T03:45;2018-01-27T04:00;16;kWh;0;0;0;0;0;0
2018-01-27T04:00;2018-01-27T04:15;17;kWh;0;0;0;0;0;0
2018-01-27T04:15;2018-01-27T04:30;18;kWh;0;0;0;0;0;0
2018-01-27T04:30;2018-01-27T04:45;19;kWh;0;0;0;0;0;0
2018-01-27T04:45;2018-01-27T05:00;20;kWh;-24;0;0;0;24;-24
2018-01-27T05:00;2018-01-27T05:15;21;kWh;-2150;0;0;0;2150;-2150
2018-01-27T05:15;2018-01-27T05:30;22;kWh;-10675;0;0;0;10675;-10675
2018-01-27T05:30;2018-01-27T05:45;23;kWh;-1882;0;0;0;1882;-1882
2018-01-27T05:45;2018-01-27T06:00;24;kWh;0;0;0;0;0;0
2018-01-27T06:00;2018-01-27T06:15;25;kWh;-112;0;0;0;112;-112
2018-01-27T06:15;2018-01-27T06:30;26;kWh;-215;0;0;0;215;-215
2018-01-27T06:30;2018-01-27T06:45;27;kWh;0;0;0;0;0;0
2018-01-27T06:45;2018-01-27T07:00;28;kWh;0;0;0;0;0;0
2018-01-27T07:00;2018-01-27T07:15;29;kWh;-19198;0;0;0;19198;-19198
2018-01-27T07:15;2018-01-27T07:30;30;kWh;-31884;0;0;0;31884;-31884
2018-01-27T07:30;2018-01-27T07:45;31;kWh;-2207;243;0;0;2450;-1964
2018-01-27T07:45;2018-01-27T08:00;32;kWh;0;519;0;0;519;519
2018-01-27T08:00;2018-01-27T08:15;33;kWh;0;246;0;0;246;246
2018-01-27T08:15;2018-01-27T08:30;34;kWh;0;0;0;0;0;0
2018-01-27T08:30;2018-01-27T08:45;35;kWh;0;734;0;0;734;734
2018-01-27T08:45;2018-01-27T09:00;36;kWh;0;12582;0;0;12582;12582
2018-01-27T09:00;2018-01-27T09:15;37;kWh;-166;6672;0;0;6838;6506
2018-01-27T09:15;2018-01-27T09:30;38;kWh;-931;0;0;0;931;-931
2018-01-27T09:30;2018-01-27T09:45;39;kWh;-5;0;0;0;5;-5
2018-01-27T09:45;2018-01-27T10:00;40;kWh;0;0;0;0;0;0
2018-01-27T10:00;2018-01-27T10:15;41;kWh;-1202;0;0;0;1202;-1202
2018-01-27T10:15;2018-01-27T10:30;42;kWh;-19301;0;0;0;19301;-19301
2018-01-27T10:30;2018-01-27T10:45;43;kWh;-34878;0;0;0;34878;-34878
2018-01-27T10:45;2018-01-27T11:00;44;kWh;-33879;0;0;0;33879;-33879
2018-01-27T11:00;2018-01-27T11:15;45;kWh;-15956;3385;0;0;19341;-12571
2018-01-27T11:15;2018-01-27T11:30;46;kWh;0;6403;0;0;6403;6403
2018-01-27T11:30;2018-01-27T11:45;47;kWh;0;9;0;0;9;9
2018-01-27T11:45;2018-01-27T12:00;48;kWh;-5000;0;0;0;5000;-5000
2018-01-27T12:00;2018-01-27T12:15;49;kWh;-7620;1508;0;0;9128;-6112
2018-01-27T12:15;2018-01-27T12:30;50;kWh;-3598;0;0;0;3598;-3598
2018-01-27T12:30;2018-01-27T12:45;51;kWh;-2057;0;0;0;2057;-2057
2018-01-27T12:45;2018-01-27T13:00;52;kWh;-27926;0;0;0;27926;-27926
2018-01-27T13:00;2018-01-27T13:15;53;kWh;-58795;0;0;0;58795;-58795
2018-01-27T13:15;2018-01-27T13:30;54;kWh;-71289;0;0;0;71289;-71289
2018-01-27T13:30;2018-01-27T13:45;55;kWh;-70904;0;0;0;70904;-70904
2018-01-27T13:45;2018-01-27T14:00;56;kWh;-87780;0;0;0;87780;-87780
2018-01-27T14:00;2018-01-27T14:15;57;kWh;-61045;0;0;0;61045;-61045
2018-01-27T14:15;2018-01-27T14:30;58;kWh;-3889;0;0;0;3889;-3889
2018-01-27T14:30;2018-01-27T14:45;59;kWh;-31775;0;0;0;31775;-31775
2018-01-27T14:45;2018-01-27T15:00;60;kWh;-37058;0;0;0;37058;-37058
2018-01-27T15:00;2018-01-27T15:15;61;kWh;-13395;411;0;0;13806;-12984
2018-01-27T15:15;2018-01-27T15:30;62;kWh;-108;1735;0;0;1843;1627
2018-01-27T15:30;2018-01-27T15:45;63;kWh;0;37;0;0;37;37
2018-01-27T15:45;2018-01-27T16:00;64;kWh;0;0;0;0;0;0
2018-01-27T16:00;2018-01-27T16:15;65;kWh;0;0;0;0;0;0
2018-01-27T16:15;2018-01-27T16:30;66;kWh;0;0;0;0;0;0
2018-01-27T16:30;2018-01-27T16:45;67;kWh;0;0;0;0;0;0
2018-01-27T16:45;2018-01-27T17:00;68;kWh;0;0;0;0;0;0
2018-01-27T17:00;2018-01-27T17:15;69;kWh;-12242;0;0;0;12242;-12242
2018-01-27T17:15;2018-01-27T17:30;70;kWh;-21918;0;0;0;21918;-21918
2018-01-27T17:30;2018-01-27T17:45;71;kWh;-134;293;0;0;427;159
2018-01-27T17:45;2018-01-27T18:00;72;kWh;0;385;0;0;385;385
2018-01-27T18:00;2018-01-27T18:15;73;kWh;0;695;0;0;695;695
2018-01-27T18:15;2018-01-27T18:30;74;kWh;0;0;0;0;0;0
2018-01-27T18:30;2018-01-27T18:45;75;kWh;-236;0;0;0;236;-236
2018-01-27T18:45;2018-01-27T19:00;76;kWh;-656;0;0;0;656;-656
2018-01-27T19:00;2018-01-27T19:15;77;kWh;0;0;0;0;0;0
2018-01-27T19:15;2018-01-27T19:30;78;kWh;0;0;0;0;0;0
2018-01-27T19:30;2018-01-27T19:45;79;kWh;-4240;0;0;0;4240;-4240
2018-01-27T19:45;2018-01-27T20:00;80;kWh;-24149;0;0;0;24149;-24149
2018-01-27T20:00;2018-01-27T20:15;81;kWh;-17430;0;0;0;17430;-17430
2018-01-27T20:15;2018-01-27T20:30;82;kWh;-14045;0;0;0;14045;-14045
2018-01-27T20:30;2018-01-27T20:45;83;kWh;-30366;0;0;0;30366;-30366
2018-01-27T20:45;2018-01-27T21:00;84;kWh;-34837;0;0;0;34837;-34837
2018-01-27T21:00;2018-01-27T21:15;85;kWh;-18340;47;0;0;18387;-18293
2018-01-27T21:15;2018-01-27T21:30;86;kWh;-1948;439;0;0;2387;-1509
2018-01-27T21:30;2018-01-27T21:45;87;kWh;-21386;0;0;0;21386;-21386
2018-01-27T21:45;2018-01-27T22:00;88;kWh;-29255;0;0;0;29255;-29255
2018-01-27T22:00;2018-01-27T22:15;89;kWh;-19326;0;0;0;19326;-19326
2018-01-27T22:15;2018-01-27T22:30;90;kWh;-5460;0;0;0;5460;-5460
2018-01-27T22:30;2018-01-27T22:45;91;kWh;-27970;0;0;0;27970;-27970
2018-01-27T22:45;2018-01-27T23:00;92;kWh;-50690;0;0;0;50690;-50690
2018-01-27T23:00;2018-01-27T23:15;93;kWh;-7951;725;0;0;8676;-7226
2018-01-27T23:15;2018-01-27T23:30;94;kWh;-3182;501;0;0;3683;-2681
2018-01-27T23:30;2018-01-27T23:45;95;kWh;-15899;0;0;0;15899;-15899
2018-01-27T23:45;2018-01-28T00:00;96;kWh;-21712;0;0;0;21712;-21712
2018-01-28T00:00;2018-01-28T00:15;1;kWh;-17230;0;0;0;17230;-17230
2018-01-28T00:15;2018-01-28T00:30;2;kWh;-11614;0;0;0;11614;-11614
2018-01-28T00:30;2018-01-28T00:45;3;kWh;-21744;0;0;0;21744;-21744
2018-01-28T00:45;2018-01-28T01:00;4;kWh;-53819;0;0;0;53819;-53819
2018-01-28T01:00;2018-01-28T01:15;5;kWh;-35378;0;0;0;35378;-35378
2018-01-28T01:15;2018-01-28T01:30;6;kWh;-7569;0;0;0;7569;-7569
2018-01-28T01:30;2018-01-28T01:45;7;kWh;-16080;0;0;0;16080;-16080
2018-01-28T01:45;2018-01-28T02:00;8;kWh;-29327;0;0;0;29327;-29327
2018-01-28T02:00;2018-01-28T02:15;9;kWh;-15310;0;0;0;15310;-15310
2018-01-28T02:15;2018-01-28T02:30;10;kWh;-15283;0;0;0;15283;-15283
2018-01-28T02:30;2018-01-28T02:45;11;kWh;-52783;0;0;0;52783;-52783
2018-01-28T02:45;2018-01-28T03:00;12;kWh;-57290;0;0;0;57290;-57290
2018-01-28T03:00;2018-01-28T03:15;13;kWh;-56262;0;0;0;56262;-56262
2018-01-28T03:15;2018-01-28T03:30;14;kWh;-54457;0;0;0;54457;-54457
2018-01-28T03:30;2018-01-28T03:45;15;kWh;-62118;0;0;0;62118;-62118
2018-01-28T03:45;2018-01-28T04:00;16;kWh;-59334;0;0;0;59334;-59334
2018-01-28T04:00;2018-01-28T04:15;17;kWh;-34486;0;0;0;34486;-34486
2018-01-28T04:15;2018-01-28T04:30;18;kWh;-24856;0;0;0;24856;-24856
2018-01-28T04:30;2018-01-28T04:45;19;kWh;-33268;0;0;0;33268;-33268
2018-01-28T04:45;2018-01-28T05:00;20;kWh;-35315;0;0;0;35315;-35315
2018-01-28T05:00;2018-01-28T05:15;21;kWh;-47334;0;0;0;47334;-47334
2018-01-28T05:15;2018-01-28T05:30;22;kWh;-58371;0;0;0;58371;-58371
2018-01-28T05:30;2018-01-28T05:45;23;kWh;-63950;0;0;0;63950;-63950
2018-01-28T05:45;2018-01-28T06:00;24;kWh;-44408;0;0;0;44408;-44408
2018-01-28T06:00;2018-01-28T06:15;25;kWh;-35153;0;0;0;35153;-35153
2018-01-28T06:15;2018-01-28T06:30;26;kWh;-1402;0;0;0;1402;-1402
2018-01-28T06:30;2018-01-28T06:45;27;kWh;0;0;0;0;0;0
2018-01-28T06:45;2018-01-28T07:00;28;kWh;0;0;0;0;0;0
2018-01-28T07:00;2018-01-28T07:15;29;kWh;-14938;0;0;0;14938;-14938
2018-01-28T07:15;2018-01-28T07:30;30;kWh;-16164;0;0;0;16164;-16164
2018-01-28T07:30;2018-01-28T07:45;31;kWh;-2292;0;0;0;2292;-2292
2018-01-28T07:45;2018-01-28T08:00;32;kWh;-6351;0;0;0;6351;-6351
2018-01-28T08:00;2018-01-28T08:15;33;kWh;-25887;0;0;0;25887;-25887
2018-01-28T08:15;2018-01-28T08:30;34;kWh;-18166;0;0;0;18166;-18166
2018-01-28T08:30;2018-01-28T08:45;35;kWh;-2319;0;0;0;2319;-2319
2018-01-28T08:45;2018-01-28T09:00;36;kWh;0;0;0;0;0;0
2018-01-28T09:00;2018-01-28T09:15;37;kWh;-23686;0;0;0;23686;-23686
2018-01-28T09:15;2018-01-28T09:30;38;kWh;-4836;0;0;0;4836;-4836
2018-01-28T09:30;2018-01-28T09:45;39;kWh;-198;0;0;0;198;-198
2018-01-28T09:45;2018-01-28T10:00;40;kWh;-340;0;0;0;340;-340
2018-01-28T10:00;2018-01-28T10:15;41;kWh;-119;688;0;0;807;569
2018-01-28T10:15;2018-01-28T10:30;42;kWh;-8369;49;0;0;8418;-8320
2018-01-28T10:30;2018-01-28T10:45;43;kWh;-40132;0;0;0;40132;-40132
2018-01-28T10:45;2018-01-28T11:00;44;kWh;-37734;0;0;0;37734;-37734
2018-01-28T11:00;2018-01-28T11:15;45;kWh;-33904;0;0;0;33904;-33904
2018-01-28T11:15;2018-01-28T11:30;46;kWh;-11625;0;0;0;11625;-11625
2018-01-28T11:30;2018-01-28T11:45;47;kWh;-32267;0;0;0;32267;-32267
2018-01-28T11:45;2018-01-28T12:00;48;kWh;-33526;0;0;0;33526;-33526
2018-01-28T12:00;2018-01-28T12:15;49;kWh;-8885;3570;0;0;12455;-5315
2018-01-28T12:15;2018-01-28T12:30;50;kWh;-13;1719;0;0;1732;1706
2018-01-28T12:30;2018-01-28T12:45;51;kWh;-172;0;0;0;172;-172
2018-01-28T12:45;2018-01-28T13:00;52;kWh;-4063;0;0;0;4063;-4063
2018-01-28T13:00;2018-01-28T13:15;53;kWh;-9480;0;0;0;9480;-9480
2018-01-28T13:15;2018-01-28T13:30;54;kWh;-1827;0;0;0;1827;-1827
2018-01-28T13:30;2018-01-28T13:45;55;kWh;-11201;0;0;0;11201;-11201
2018-01-28T13:45;2018-01-28T14:00;56;kWh;-32162;0;0;0;32162;-32162
2018-01-28T14:00;2018-01-28T14:15;57;kWh;-18887;0;0;0;18887;-18887
2018-01-28T14:15;2018-01-28T14:30;58;kWh;-1529;0;0;0;1529;-1529
2018-01-28T14:30;2018-01-28T14:45;59;kWh;-8071;0;0;0;8071;-8071
2018-01-28T14:45;2018-01-28T15:00;60;kWh;-17813;0;0;0;17813;-17813
2018-01-28T15:00;2018-01-28T15:15;61;kWh;-3220;2800;0;0;6020;-420
2018-01-28T15:15;2018-01-28T15:30;62;kWh;0;2153;0;0;2153;2153
2018-01-28T15:30;2018-01-28T15:45;63;kWh;0;5149;0;0;5149;5149
2018-01-28T15:45;2018-01-28T16:00;64;kWh;0;16263;0;0;16263;16263
2018-01-28T16:00;2018-01-28T16:15;65;kWh;-1382;2115;0;0;3497;733
2018-01-28T16:15;2018-01-28T16:30;66;kWh;-1440;0;0;0;1440;-1440
2018-01-28T16:30;2018-01-28T16:45;67;kWh;-50;0;0;0;50;-50
2018-01-28T16:45;2018-01-28T17:00;68;kWh;-25;0;0;0;25;-25
2018-01-28T17:00;2018-01-28T17:15;69;kWh;-33944;0;0;0;33944;-33944
2018-01-28T17:15;2018-01-28T17:30;70;kWh;-29428;0;0;0;29428;-29428
2018-01-28T17:30;2018-01-28T17:45;71;kWh;-8251;0;0;0;8251;-8251
2018-01-28T17:45;2018-01-28T18:00;72;kWh;-493;997;0;0;1490;504
2018-01-28T18:00;2018-01-28T18:15;73;kWh;0;1223;0;0;1223;1223
2018-01-28T18:15;2018-01-28T18:30;74;kWh;0;0;0;0;0;0
2018-01-28T18:30;2018-01-28T18:45;75;kWh;0;0;0;0;0;0
2018-01-28T18:45;2018-01-28T19:00;76;kWh;0;0;0;0;0;0
2018-01-28T19:00;2018-01-28T19:15;77;kWh;-51;0;0;0;51;-51
2018-01-28T19:15;2018-01-28T19:30;78;kWh;-8676;0;0;0;8676;-8676
2018-01-28T19:30;2018-01-28T19:45;79;kWh;-29675;0;0;0;29675;-29675
2018-01-28T19:45;2018-01-28T20:00;80;kWh;-23396;0;0;0;23396;-23396
2018-01-28T20:00;2018-01-28T20:15;81;kWh;-14329;0;0;0;14329;-14329
2018-01-28T20:15;2018-01-28T20:30;82;kWh;-7010;0;0;0;7010;-7010
2018-01-28T20:30;2018-01-28T20:45;83;kWh;-29061;0;0;0;29061;-29061
2018-01-28T20:45;2018-01-28T21:00;84;kWh;-44259;0;0;0;44259;-44259
2018-01-28T21:00;2018-01-28T21:15;85;kWh;-45192;0;0;0;45192;-45192
2018-01-28T21:15;2018-01-28T21:30;86;kWh;-9073;0;0;0;9073;-9073
2018-01-28T21:30;2018-01-28T21:45;87;kWh;-23342;0;0;0;23342;-23342
2018-01-28T21:45;2018-01-28T22:00;88;kWh;-19501;0;0;0;19501;-19501
2018-01-28T22:00;2018-01-28T22:15;89;kWh;-11790;4;0;0;11794;-11786
2018-01-28T22:15;2018-01-28T22:30;90;kWh;-41;458;0;0;499;417
2018-01-28T22:30;2018-01-28T22:45;91;kWh;-17110;0;0;0;17110;-17110
2018-01-28T22:45;2018-01-28T23:00;92;kWh;-35232;0;0;0;35232;-35232
2018-01-28T23:00;2018-01-28T23:15;93;kWh;-20010;168;0;0;20178;-19842
2018-01-28T23:15;2018-01-28T23:30;94;kWh;-2696;356;0;0;3052;-2340
2018-01-28T23:30;2018-01-28T23:45;95;kWh;-32393;0;0;0;32393;-32393
2018-01-28T23:45;2018-01-29T00:00;96;kWh;-53130;0;0;0;53130;-53130
2018-01-29T00:00;2018-01-29T00:15;1;kWh;-22361;0;0;0;22361;-22361
2018-01-29T00:15;2018-01-29T00:30;2;kWh;-1818;0;0;0;1818;-1818
2018-01-29T00:30;2018-01-29T00:45;3;kWh;-14865;0;0;0;14865;-14865
2018-01-29T00:45;2018-01-29T01:00;4;kWh;-15167;0;0;0;15167;-15167
2018-01-29T01:00;2018-01-29T01:15;5;kWh;-12663;0;0;0;12663;-12663
2018-01-29T01:15;2018-01-29T01:30;6;kWh;-52;0;0;0;52;-52
2018-01-29T01:30;2018-01-29T01:45;7;kWh;0;0;0;0;0;0
2018-01-29T01:45;2018-01-29T02:00;8;kWh;-6752;0;0;0;6752;-6752
2018-01-29T02:00;2018-01-29T02:15;9;kWh;-4761;0;0;0;4761;-4761
2018-01-29T02:15;2018-01-29T02:30;10;kWh;0;0;0;0;0;0
2018-01-29T02:30;2018-01-29T02:45;11;kWh;0;0;0;0;0;0
2018-01-29T02:45;2018-01-29T03:00;12;kWh;-12945;0;0;0;12945;-12945
2018-01-29T03:00;2018-01-29T03:15;13;kWh;-12039;0;0;0;12039;-12039
2018-01-29T03:15;2018-01-29T03:30;14;kWh;-329;0;0;0;329;-329
2018-01-29T03:30;2018-01-29T03:45;15;kWh;0;0;0;0;0;0
2018-01-29T03:45;2018-01-29T04:00;16;kWh;0;0;0;0;0;0
2018-01-29T04:00;2018-01-29T04:15;17;kWh;-1022;0;0;0;1022;-1022
2018-01-29T04:15;2018-01-29T04:30;18;kWh;-422;0;0;0;422;-422
2018-01-29T04:30;2018-01-29T04:45;19;kWh;-412;0;0;0;412;-412
2018-01-29T04:45;2018-01-29T05:00;20;kWh;0;0;0;0;0;0
2018-01-29T05:00;2018-01-29T05:15;21;kWh;-1708;0;0;0;1708;-1708
2018-01-29T05:15;2018-01-29T05:30;22;kWh;-35;0;0;0;35;-35
2018-01-29T05:30;2018-01-29T05:45;23;kWh;0;0;0;0;0;0
2018-01-29T05:45;2018-01-29T06:00;24;kWh;0;0;0;0;0;0
2018-01-29T06:00;2018-01-29T06:15;25;kWh;-21815;0;0;0;21815;-21815
2018-01-29T06:15;2018-01-29T06:30;26;kWh;-6579;0;0;0;6579;-6579
2018-01-29T06:30;2018-01-29T06:45;27;kWh;-2296;0;0;0;2296;-2296
2018-01-29T06:45;2018-01-29T07:00;28;kWh;-29;0;0;0;29;-29
2018-01-29T07:00;2018-01-29T07:15;29;kWh;-1290;0;0;0;1290;-1290
2018-01-29T07:15;2018-01-29T07:30;30;kWh;-7444;0;0;0;7444;-7444
2018-01-29T07:30;2018-01-29T07:45;31;kWh;-596;0;0;0;596;-596
2018-01-29T07:45;2018-01-29T08:00;32;kWh;0;0;0;0;0;0
2018-01-29T08:00;2018-01-29T08:15;33;kWh;-826;0;0;0;826;-826
2018-01-29T08:15;2018-01-29T08:30;34;kWh;-16498;0;0;0;16498;-16498
2018-01-29T08:30;2018-01-29T08:45;35;kWh;-6016;0;0;0;6016;-6016
2018-01-29T08:45;2018-01-29T09:00;36;kWh;-4570;0;0;0;4570;-4570
2018-01-29T09:00;2018-01-29T09:15;37;kWh;-1914;0;0;0;1914;-1914
2018-01-29T09:15;2018-01-29T09:30;38;kWh;-3757;0;0;0;3757;-3757
2018-01-29T09:30;2018-01-29T09:45;39;kWh;-384;58;0;0;442;-326
2018-01-29T09:45;2018-01-29T10:00;40;kWh;-5526;0;0;0;5526;-5526
2018-01-29T10:00;2018-01-29T10:15;41;kWh;-3031;0;0;0;3031;-3031
2018-01-29T10:15;2018-01-29T10:30;42;kWh;-5522;0;0;0;5522;-5522
2018-01-29T10:30;2018-01-29T10:45;43;kWh;-2888;0;0;0;2888;-2888
2018-01-29T10:45;2018-01-29T11:00;44;kWh;-1676;0;0;0;1676;-1676
2018-01-29T11:00;2018-01-29T11:15;45;kWh;-16;349;0;0;365;333
2018-01-29T11:15;2018-01-29T11:30;46;kWh;-146;0;0;0;146;-146
2018-01-29T11:30;2018-01-29T11:45;47;kWh;-97;299;0;0;396;202
2018-01-29T11:45;2018-01-29T12:00;48;kWh;0;2346;0;0;2346;2346
2018-01-29T12:00;2018-01-29T12:15;49;kWh;0;1669;0;0;1669;1669
2018-01-29T12:15;2018-01-29T12:30;50;kWh;-461;40;0;0;501;-421
2018-01-29T12:30;2018-01-29T12:45;51;kWh;-4382;0;0;0;4382;-4382
2018-01-29T12:45;2018-01-29T13:00;52;kWh;-1577;0;0;0;1577;-1577
2018-01-29T13:00;2018-01-29T13:15;53;kWh;-3576;0;0;0;3576;-3576
2018-01-29T13:15;2018-01-29T13:30;54;kWh;-431;2539;0;0;2970;2108
2018-01-29T13:30;2018-01-29T13:45;55;kWh;-4029;2031;0;0;6060;-1998
2018-01-29T13:45;2018-01-29T14:00;56;kWh;-10844;0;0;0;10844;-10844
2018-01-29T14:00;2018-01-29T14:15;57;kWh;-15876;0;0;0;15876;-15876
2018-01-29T14:15;2018-01-29T14:30;58;kWh;-4084;0;0;0;4084;-4084
2018-01-29T14:30;2018-01-29T14:45;59;kWh;-926;0;0;0;926;-926
2018-01-29T14:45;2018-01-29T15:00;60;kWh;-6068;0;0;0;6068;-6068
2018-01-29T15:00;2018-01-29T15:15;61;kWh;-1000;0;0;0;1000;-1000
2018-01-29T15:15;2018-01-29T15:30;62;kWh;0;0;0;0;0;0
2018-01-29T15:30;2018-01-29T15:45;63;kWh;0;461;0;0;461;461
2018-01-29T15:45;2018-01-29T16:00;64;kWh;0;14612;0;0;14612;14612
2018-01-29T16:00;2018-01-29T16:15;65;kWh;-11673;4879;0;0;16552;-6794
2018-01-29T16:15;2018-01-29T16:30;66;kWh;-11481;0;0;0;11481;-11481
2018-01-29T16:30;2018-01-29T16:45;67;kWh;-18666;0;0;0;18666;-18666
2018-01-29T16:45;2018-01-29T17:00;68;kWh;-18137;0;0;0;18137;-18137
2018-01-29T17:00;2018-01-29T17:15;69;kWh;-33726;0;0;0;33726;-33726
2018-01-29T17:15;2018-01-29T17:30;70;kWh;-3663;1257;0;0;4920;-2406
2018-01-29T17:30;2018-01-29T17:45;71;kWh;0;45697;0;0;45697;45697
2018-01-29T17:45;2018-01-29T18:00;72;kWh;0;78077;0;0;78077;78077
2018-01-29T18:00;2018-01-29T18:15;73;kWh;-86;53901;0;0;53987;53815
2018-01-29T18:15;2018-01-29T18:30;74;kWh;-881;1372;0;0;2253;491
2018-01-29T18:30;2018-01-29T18:45;75;kWh;0;1677;0;0;1677;1677
2018-01-29T18:45;2018-01-29T19:00;76;kWh;0;1119;0;0;1119;1119
2018-01-29T19:00;2018-01-29T19:15;77;kWh;-4095;1434;0;0;5529;-2661
2018-01-29T19:15;2018-01-29T19:30;78;kWh;-9870;0;0;0;9870;-9870
2018-01-29T19:30;2018-01-29T19:45;79;kWh;-2646;0;0;0;2646;-2646
2018-01-29T19:45;2018-01-29T20:00;80;kWh;-9146;0;0;0;9146;-9146
2018-01-29T20:00;2018-01-29T20:15;81;kWh;-3856;4134;0;0;7990;278
2018-01-29T20:15;2018-01-29T20:30;82;kWh;0;1133;0;0;1133;1133
2018-01-29T20:30;2018-01-29T20:45;83;kWh;0;7644;0;0;7644;7644
2018-01-29T20:45;2018-01-29T21:00;84;kWh;0;421;0;0;421;421
2018-01-29T21:00;2018-01-29T21:15;85;kWh;-80;8598;0;0;8678;8518
2018-01-29T21:15;2018-01-29T21:30;86;kWh;-63;19977;0;0;20040;19914
2018-01-29T21:30;2018-01-29T21:45;87;kWh;-10647;1104;0;0;11751;-9543
2018-01-29T21:45;2018-01-29T22:00;88;kWh;-7817;0;0;0;7817;-7817
2018-01-29T22:00;2018-01-29T22:15;89;kWh;-9248;122;0;0;9370;-9126
2018-01-29T22:15;2018-01-29T22:30;90;kWh;-67;2824;0;0;2891;2757
2018-01-29T22:30;2018-01-29T22:45;91;kWh;0;2169;0;0;2169;2169
2018-01-29T22:45;2018-01-29T23:00;92;kWh;-6471;1893;0;0;8364;-4578
2018-01-29T23:00;2018-01-29T23:15;93;kWh;-8056;14123;0;0;22179;6067
2018-01-29T23:15;2018-01-29T23:30;94;kWh;-1861;11515;0;0;13376;9654
2018-01-29T23:30;2018-01-29T23:45;95;kWh;-21811;0;0;0;21811;-21811
2018-01-29T23:45;2018-01-30T00:00;96;kWh;-34922;0;0;0;34922;-34922
2018-01-30T00:00;2018-01-30T00:15;1;kWh;-12334;50;0;0;12384;-12284
2018-01-30T00:15;2018-01-30T00:30;2;kWh;-525;2071;0;0;2596;1546
2018-01-30T00:30;2018-01-30T00:45;3;kWh;0;8520;0;0;8520;8520
2018-01-30T00:45;2018-01-30T01:00;4;kWh;-328;2009;0;0;2337;1681
2018-01-30T01:00;2018-01-30T01:15;5;kWh;-1041;9482;0;0;10523;8441
2018-01-30T01:15;2018-01-30T01:30;6;kWh;0;30118;0;0;30118;30118
2018-01-30T01:30;2018-01-30T01:45;7;kWh;0;20512;0;0;20512;20512
2018-01-30T01:45;2018-01-30T02:00;8;kWh;0;18857;0;0;18857;18857
2018-01-30T02:00;2018-01-30T02:15;9;kWh;0;22113;0;0;22113;22113
2018-01-30T02:15;2018-01-30T02:30;10;kWh;0;37237;0;0;37237;37237
2018-01-30T02:30;2018-01-30T02:45;11;kWh;0;29793;0;0;29793;29793
2018-01-30T02:45;2018-01-30T03:00;12;kWh;-312;12642;0;0;12954;12330
2018-01-30T03:00;2018-01-30T03:15;13;kWh;-13763;282;0;0;14045;-13481
2018-01-30T03:15;2018-01-30T03:30;14;kWh;-1514;3316;0;0;4830;1802
2018-01-30T03:30;2018-01-30T03:45;15;kWh;-13337;0;0;0;13337;-13337
2018-01-30T03:45;2018-01-30T04:00;16;kWh;-9123;0;0;0;9123;-9123
2018-01-30T04:00;2018-01-30T04:15;17;kWh;-11366;0;0;0;11366;-11366
2018-01-30T04:15;2018-01-30T04:30;18;kWh;-5334;661;0;0;5995;-4673
2018-01-30T04:30;2018-01-30T04:45;19;kWh;-98;13860;0;0;13958;13762
2018-01-30T04:45;2018-01-30T05:00;20;kWh;0;15988;0;0;15988;15988
2018-01-30T05:00;2018-01-30T05:15;21;kWh;-21572;4572;0;0;26144;-17000
2018-01-30T05:15;2018-01-30T05:30;22;kWh;-19665;0;0;0;19665;-19665
2018-01-30T05:30;2018-01-30T05:45;23;kWh;-8172;1429;0;0;9601;-6743
2018-01-30T05:45;2018-01-30T06:00;24;kWh;-3777;56;0;0;3833;-3721
2018-01-30T06:00;2018-01-30T06:15;25;kWh;-10587;0;0;0;10587;-10587
2018-01-30T06:15;2018-01-30T06:30;26;kWh;-4353;216;0;0;4569;-4137
2018-01-30T06:30;2018-01-30T06:45;27;kWh;-128;9577;0;0;9705;9449
2018-01-30T06:45;2018-01-30T07:00;28;kWh;0;18965;0;0;18965;18965
2018-01-30T07:00;2018-01-30T07:15;29;kWh;-23172;2259;0;0;25431;-20913
2018-01-30T07:15;2018-01-30T07:30;30;kWh;-2277;12979;0;0;15256;10702
2018-01-30T07:30;2018-01-30T07:45;31;kWh;0;48932;0;0;48932;48932
2018-01-30T07:45;2018-01-30T08:00;32;kWh;0;58596;0;0;58596;58596
2018-01-30T08:00;2018-01-30T08:15;33;kWh;-88;19610;0;0;19698;19522
2018-01-30T08:15;2018-01-30T08:30;34;kWh;0;0;0;0;0;0
2018-01-30T08:30;2018-01-30T08:45;35;kWh;0;0;0;0;0;0
2018-01-30T08:45;2018-01-30T09:00;36;kWh;0;251;0;0;251;251
2018-01-30T09:00;2018-01-30T09:15;37;kWh;0;1075;0;0;1075;1075
2018-01-30T09:15;2018-01-30T09:30;38;kWh;-1401;0;0;0;1401;-1401
2018-01-30T09:30;2018-01-30T09:45;39;kWh;-3624;0;0;0;3624;-3624
2018-01-30T09:45;2018-01-30T10:00;40;kWh;-5258;0;0;0;5258;-5258
2018-01-30T10:00;2018-01-30T10:15;41;kWh;-511;0;0;0;511;-511
2018-01-30T10:15;2018-01-30T10:30;42;kWh;-2784;0;0;0;2784;-2784
2018-01-30T10:30;2018-01-30T10:45;43;kWh;-6587;0;0;0;6587;-6587
2018-01-30T10:45;2018-01-30T11:00;44;kWh;-15548;0;0;0;15548;-15548
2018-01-30T11:00;2018-01-30T11:15;45;kWh;-7746;4053;0;0;11799;-3693
2018-01-30T11:15;2018-01-30T11:30;46;kWh;-13567;171;0;0;13738;-13396
2018-01-30T11:30;2018-01-30T11:45;47;kWh;-14613;0;0;0;14613;-14613
2018-01-30T11:45;2018-01-30T12:00;48;kWh;-14628;65;0;0;14693;-14563
2018-01-30T12:00;2018-01-30T12:15;49;kWh;-14961;0;0;0;14961;-14961
2018-01-30T12:15;2018-01-30T12:30;50;kWh;-20901;0;0;0;20901;-20901
2018-01-30T12:30;2018-01-30T12:45;51;kWh;-41529;0;0;0;41529;-41529
2018-01-30T12:45;2018-01-30T13:00;52;kWh;-42587;0;0;0;42587;-42587
2018-01-30T13:00;2018-01-30T13:15;53;kWh;-33222;0;0;0;33222;-33222
2018-01-30T13:15;2018-01-30T13:30;54;kWh;-23071;0;0;0;23071;-23071
2018-01-30T13:30;2018-01-30T13:45;55;kWh;-26991;0;0;0;26991;-26991
2018-01-30T13:45;2018-01-30T14:00;56;kWh;-27391;0;0;0;27391;-27391
2018-01-30T14:00;2018-01-30T14:15;57;kWh;-23009;0;0;0;23009;-23009
2018-01-30T14:15;2018-01-30T14:30;58;kWh;-18451;0;0;0;18451;-18451
2018-01-30T14:30;2018-01-30T14:45;59;kWh;-16567;0;0;0;16567;-16567
2018-01-30T14:45;2018-01-30T15:00;60;kWh;-20280;0;0;0;20280;-20280
2018-01-30T15:00;2018-01-30T15:15;61;kWh;-20306;0;0;0;20306;-20306
2018-01-30T15:15;2018-01-30T15:30;62;kWh;-904;0;0;0;904;-904
2018-01-30T15:30;2018-01-30T15:45;63;kWh;0;35;0;0;35;35
2018-01-30T15:45;2018-01-30T16:00;64;kWh;0;1058;0;0;1058;1058
2018-01-30T16:00;2018-01-30T16:15;65;kWh;0;2751;0;0;2751;2751
2018-01-30T16:15;2018-01-30T16:30;66;kWh;0;0;0;0;0;0
2018-01-30T16:30;2018-01-30T16:45;67;kWh;0;0;0;0;0;0
2018-01-30T16:45;2018-01-30T17:00;68;kWh;0;246;0;0;246;246
2018-01-30T17:00;2018-01-30T17:15;69;kWh;-30158;16;0;0;30174;-30142
2018-01-30T17:15;2018-01-30T17:30;70;kWh;-20006;0;0;0;20006;-20006
2018-01-30T17:30;2018-01-30T17:45;71;kWh;-281;496;0;0;777;215
2018-01-30T17:45;2018-01-30T18:00;72;kWh;0;33026;0;0;33026;33026
2018-01-30T18:00;2018-01-30T18:15;73;kWh;0;35296;0;0;35296;35296
2018-01-30T18:15;2018-01-30T18:30;74;kWh;0;646;0;0;646;646
2018-01-30T18:30;2018-01-30T18:45;75;kWh;-302;0;0;0;302;-302
2018-01-30T18:45;2018-01-30T19:00;76;kWh;-250;0;0;0;250;-250
2018-01-30T19:00;2018-01-30T19:15;77;kWh;-35;896;0;0;931;861
2018-01-30T19:15;2018-01-30T19:30;78;kWh;0;0;0;0;0;0
2018-01-30T19:30;2018-01-30T19:45;79;kWh;-11805;0;0;0;11805;-11805
2018-01-30T19:45;2018-01-30T20:00;80;kWh;-13260;0;0;0;13260;-13260
2018-01-30T20:00;2018-01-30T20:15;81;kWh;-6870;1177;0;0;8047;-5693
2018-01-30T20:15;2018-01-30T20:30;82;kWh;-27;0;0;0;27;-27
2018-01-30T20:30;2018-01-30T20:45;83;kWh;-740;0;0;0;740;-740
2018-01-30T20:45;2018-01-30T21:00;84;kWh;-16498;0;0;0;16498;-16498
2018-01-30T21:00;2018-01-30T21:15;85;kWh;-27724;3702;0;0;31426;-24022
2018-01-30T21:15;2018-01-30T21:30;86;kWh;-97;14908;0;0;15005;14811
2018-01-30T21:30;2018-01-30T21:45;87;kWh;-679;15;0;0;694;-664
2018-01-30T21:45;2018-01-30T22:00;88;kWh;-12695;0;0;0;12695;-12695
2018-01-30T22:00;2018-01-30T22:15;89;kWh;-12169;11282;0;0;23451;-887
2018-01-30T22:15;2018-01-30T22:30;90;kWh;-16;40495;0;0;40511;40479
2018-01-30T22:30;2018-01-30T22:45;91;kWh;-31353;1590;0;0;32943;-29763
2018-01-30T22:45;2018-01-30T23:00;92;kWh;-42908;0;0;0;42908;-42908
2018-01-30T23:00;2018-01-30T23:15;93;kWh;-23665;2589;0;0;26254;-21076
2018-01-30T23:15;2018-01-30T23:30;94;kWh;-4094;435;0;0;4529;-3659
2018-01-30T23:30;2018-01-30T23:45;95;kWh;-13225;0;0;0;13225;-13225
2018-01-30T23:45;2018-01-31T00:00;96;kWh;-42425;0;0;0;42425;-42425
2018-01-31T00:00;2018-01-31T00:15;1;kWh;-30343;0;0;0;30343;-30343
2018-01-31T00:15;2018-01-31T00:30;2;kWh;-2250;0;0;0;2250;-2250
2018-01-31T00:30;2018-01-31T00:45;3;kWh;-466;0;0;0;466;-466
2018-01-31T00:45;2018-01-31T01:00;4;kWh;-1040;0;0;0;1040;-1040
2018-01-31T01:00;2018-01-31T01:15;5;kWh;-10585;0;0;0;10585;-10585
2018-01-31T01:15;2018-01-31T01:30;6;kWh;-7793;0;0;0;7793;-7793
2018-01-31T01:30;2018-01-31T01:45;7;kWh;-20093;0;0;0;20093;-20093
2018-01-31T01:45;2018-01-31T02:00;8;kWh;-32154;0;0;0;32154;-32154
2018-01-31T02:00;2018-01-31T02:15;9;kWh;-11237;0;0;0;11237;-11237
2018-01-31T02:15;2018-01-31T02:30;10;kWh;-5030;0;0;0;5030;-5030
2018-01-31T02:30;2018-01-31T02:45;11;kWh;-34696;0;0;0;34696;-34696
2018-01-31T02:45;2018-01-31T03:00;12;kWh;-45737;0;0;0;45737;-45737
2018-01-31T03:00;2018-01-31T03:15;13;kWh;-5021;0;0;0;5021;-5021
2018-01-31T03:15;2018-01-31T03:30;14;kWh;-2044;0;0;0;2044;-2044
2018-01-31T03:30;2018-01-31T03:45;15;kWh;-32916;0;0;0;32916;-32916
2018-01-31T03:45;2018-01-31T04:00;16;kWh;-50382;0;0;0;50382;-50382
2018-01-31T04:00;2018-01-31T04:15;17;kWh;-39457;0;0;0;39457;-39457
2018-01-31T04:15;2018-01-31T04:30;18;kWh;-23011;0;0;0;23011;-23011
2018-01-31T04:30;2018-01-31T04:45;19;kWh;-50306;0;0;0;50306;-50306
2018-01-31T04:45;2018-01-31T05:00;20;kWh;-53015;0;0;0;53015;-53015
2018-01-31T05:00;2018-01-31T05:15;21;kWh;-36846;0;0;0;36846;-36846
2018-01-31T05:15;2018-01-31T05:30;22;kWh;-33733;0;0;0;33733;-33733
2018-01-31T05:30;2018-01-31T05:45;23;kWh;-20530;0;0;0;20530;-20530
2018-01-31T05:45;2018-01-31T06:00;24;kWh;-10178;0;0;0;10178;-10178
2018-01-31T06:00;2018-01-31T06:15;25;kWh;-47848;0;0;0;47848;-47848
2018-01-31T06:15;2018-01-31T06:30;26;kWh;-56819;0;0;0;56819;-56819
2018-01-31T06:30;2018-01-31T06:45;27;kWh;-20532;0;0;0;20532;-20532
2018-01-31T06:45;2018-01-31T07:00;28;kWh;-2137;194;0;0;2331;-1943
2018-01-31T07:00;2018-01-31T07:15;29;kWh;0;0;0;0;0;0
2018-01-31T07:15;2018-01-31T07:30;30;kWh;-161;0;0;0;161;-161
2018-01-31T07:30;2018-01-31T07:45;31;kWh;-204;0;0;0;204;-204
2018-01-31T07:45;2018-01-31T08:00;32;kWh;0;0;0;0;0;0
2018-01-31T08:00;2018-01-31T08:15;33;kWh;-4712;0;0;0;4712;-4712
2018-01-31T08:15;2018-01-31T08:30;34;kWh;-12754;0;0;0;12754;-12754
2018-01-31T08:30;2018-01-31T08:45;35;kWh;-10120;0;0;0;10120;-10120
2018-01-31T08:45;2018-01-31T09:00;36;kWh;-2246;0;0;0;2246;-2246
2018-01-31T09:00;2018-01-31T09:15;37;kWh;-526;0;0;0;526;-526
2018-01-31T09:15;2018-01-31T09:30;38;kWh;-344;0;0;0;344;-344
2018-01-31T09:30;2018-01-31T09:45;39;kWh;-1389;0;0;0;1389;-1389
2018-01-31T09:45;2018-01-31T10:00;40;kWh;-3042;0;0;0;3042;-3042
2018-01-31T10:00;2018-01-31T10:15;41;kWh;0;0;0;0;0;0
2018-01-31T10:15;2018-01-31T10:30;42;kWh;-129;0;0;0;129;-129
2018-01-31T10:30;2018-01-31T10:45;43;kWh;0;0;0;0;0;0
2018-01-31T10:45;2018-01-31T11:00;44;kWh;-210;0;0;0;210;-210
2018-01-31T11:00;2018-01-31T11:15;45;kWh;-1544;0;0;0;1544;-1544
2018-01-31T11:15;2018-01-31T11:30;46;kWh;-2292;0;0;0;2292;-2292
2018-01-31T11:30;2018-01-31T11:45;47;kWh;-1842;0;0;0;1842;-1842
2018-01-31T11:45;2018-01-31T12:00;48;kWh;-81;0;0;0;81;-81
2018-01-31T12:00;2018-01-31T12:15;49;kWh;0;0;0;0;0;0
2018-01-31T12:15;2018-01-31T12:30;50;kWh;-121;0;0;0;121;-121
2018-01-31T12:30;2018-01-31T12:45;51;kWh;-1587;0;0;0;1587;-1587
2018-01-31T12:45;2018-01-31T13:00;52;kWh;-425;0;0;0;425;-425
2018-01-31T13:00;2018-01-31T13:15;53;kWh;0;325;0;0;325;325
2018-01-31T13:15;2018-01-31T13:30;54;kWh;0;30865;0;0;30865;30865
2018-01-31T13:30;2018-01-31T13:45;55;kWh;0;40036;0;0;40036;40036
2018-01-31T13:45;2018-01-31T14:00;56;kWh;-827;4931;0;0;5758;4104
2018-01-31T14:00;2018-01-31T14:15;57;kWh;0;106;0;0;106;106
2018-01-31T14:15;2018-01-31T14:30;58;kWh;0;21217;0;0;21217;21217
2018-01-31T14:30;2018-01-31T14:45;59;kWh;0;72725;0;0;72725;72725
2018-01-31T14:45;2018-01-31T15:00;60;kWh;0;51104;0;0;51104;51104
2018-01-31T15:00;2018-01-31T15:15;61;kWh;0;37559;0;0;37559;37559
2018-01-31T15:15;2018-01-31T15:30;62;kWh;-526;13020;0;0;13546;12494
2018-01-31T15:30;2018-01-31T15:45;63;kWh;0;22795;0;0;22795;22795
2018-01-31T15:45;2018-01-31T16:00;64;kWh;0;94432;0;0;94432;94432
2018-01-31T16:00;2018-01-31T16:15;65;kWh;0;43154;0;0;43154;43154
2018-01-31T16:15;2018-01-31T16:30;66;kWh;0;5315;0;0;5315;5315
2018-01-31T16:30;2018-01-31T16:45;67;kWh;0;19083;0;0;19083;19083
2018-01-31T16:45;2018-01-31T17:00;68;kWh;0;46235;0;0;46235;46235
2018-01-31T17:00;2018-01-31T17:15;69;kWh;-259;19431;0;0;19690;19172
2018-01-31T17:15;2018-01-31T17:30;70;kWh;0;9769;0;0;9769;9769
2018-01-31T17:30;2018-01-31T17:45;71;kWh;0;46687;0;0;46687;46687
2018-01-31T17:45;2018-01-31T18:00;72;kWh;0;44225;0;0;44225;44225
2018-01-31T18:00;2018-01-31T18:15;73;kWh;-332;29279;0;0;29611;28947
2018-01-31T18:15;2018-01-31T18:30;74;kWh;-772;633;0;0;1405;-139
2018-01-31T18:30;2018-01-31T18:45;75;kWh;0;5277;0;0;5277;5277
2018-01-31T18:45;2018-01-31T19:00;76;kWh;-12;3769;0;0;3781;3757
2018-01-31T19:00;2018-01-31T19:15;77;kWh;-24377;82;0;0;24459;-24295
2018-01-31T19:15;2018-01-31T19:30;78;kWh;-2043;657;0;0;2700;-1386
2018-01-31T19:30;2018-01-31T19:45;79;kWh;0;29408;0;0;29408;29408
2018-01-31T19:45;2018-01-31T20:00;80;kWh;0;34878;0;0;34878;34878
2018-01-31T20:00;2018-01-31T20:15;81;kWh;-30;13104;0;0;13134;13074
2018-01-31T20:15;2018-01-31T20:30;82;kWh;-1704;42;0;0;1746;-1662
2018-01-31T20:30;2018-01-31T20:45;83;kWh;-20035;0;0;0;20035;-20035
2018-01-31T20:45;2018-01-31T21:00;84;kWh;-23836;0;0;0;23836;-23836
2018-01-31T21:00;2018-01-31T21:15;85;kWh;-14574;4229;0;0;18803;-10345
2018-01-31T21:15;2018-01-31T21:30;86;kWh;-118;6647;0;0;6765;6529
2018-01-31T21:30;2018-01-31T21:45;87;kWh;-1525;0;0;0;1525;-1525
2018-01-31T21:45;2018-01-31T22:00;88;kWh;-12707;0;0;0;12707;-12707
2018-01-31T22:00;2018-01-31T22:15;89;kWh;-8808;7382;0;0;16190;-1426
2018-01-31T22:15;2018-01-31T22:30;90;kWh;-8762;4067;0;0;12829;-4695
2018-01-31T22:30;2018-01-31T22:45;91;kWh;-22142;0;0;0;22142;-22142
2018-01-31T22:45;2018-01-31T23:00;92;kWh;-14807;0;0;0;14807;-14807
2018-01-31T23:00;2018-01-31T23:15;93;kWh;-2643;14753;0;0;17396;12110
2018-01-31T23:15;2018-01-31T23:30;94;kWh;0;31007;0;0;31007;31007
2018-01-31T23:30;2018-01-31T23:45;95;kWh;0;11513;0;0;11513;11513
2018-01-31T23:45;2018-02-01T00:00;96;kWh;-14675;146;0;0;14821;-14529
2018-02-01T00:00;2018-02-01T00:15;1;kWh;-33443;221;0;0;33664;-33222
2018-02-01T00:15;2018-02-01T00:30;2;kWh;-422;976;0;0;1398;554
2018-02-01T00:30;2018-02-01T00:45;3;kWh;0;4206;0;0;4206;4206
2018-02-01T00:45;2018-02-01T01:00;4;kWh;-10176;555;0;0;10731;-9621
2018-02-01T01:00;2018-02-01T01:15;5;kWh;-6744;1506;0;0;8250;-5238
2018-02-01T01:15;2018-02-01T01:30;6;kWh;0;7202;0;0;7202;7202
2018-02-01T01:30;2018-02-01T01:45;7;kWh;0;289;0;0;289;289
2018-02-01T01:45;2018-02-01T02:00;8;kWh;0;0;0;0;0;0
2018-02-01T02:00;2018-02-01T02:15;9;kWh;0;0;0;0;0;0
2018-02-01T02:15;2018-02-01T02:30;10;kWh;0;0;0;0;0;0
2018-02-01T02:30;2018-02-01T02:45;11;kWh;-2172;0;0;0;2172;-2172
2018-02-01T02:45;2018-02-01T03:00;12;kWh;-18641;0;0;0;18641;-18641
2018-02-01T03:00;2018-02-01T03:15;13;kWh;-10536;0;0;0;10536;-10536
2018-02-01T03:15;2018-02-01T03:30;14;kWh;-32;0;0;0;32;-32
2018-02-01T03:30;2018-02-01T03:45;15;kWh;0;0;0;0;0;0
2018-02-01T03:45;2018-02-01T04:00;16;kWh;-932;0;0;0;932;-932
2018-02-01T04:00;2018-02-01T04:15;17;kWh;-122;0;0;0;122;-122
2018-02-01T04:15;2018-02-01T04:30;18;kWh;0;1912;0;0;1912;1912
2018-02-01T04:30;2018-02-01T04:45;19;kWh;0;3227;0;0;3227;3227
2018-02-01T04:45;2018-02-01T05:00;20;kWh;0;585;0;0;585;585
2018-02-01T05:00;2018-02-01T05:15;21;kWh;-12637;0;0;0;12637;-12637
2018-02-01T05:15;2018-02-01T05:30;22;kWh;-8574;0;0;0;8574;-8574
2018-02-01T05:30;2018-02-01T05:45;23;kWh;0;2075;0;0;2075;2075
2018-02-01T05:45;2018-02-01T06:00;24;kWh;0;11810;0;0;11810;11810
2018-02-01T06:00;2018-02-01T06:15;25;kWh;-1020;2569;0;0;3589;1549
2018-02-01T06:15;2018-02-01T06:30;26;kWh;0;0;0;0;0;0
2018-02-01T06:30;2018-02-01T06:45;27;kWh;0;2287;0;0;2287;2287
2018-02-01T06:45;2018-02-01T07:00;28;kWh;0;24562;0;0;24562;24562
2018-02-01T07:00;2018-02-01T07:15;29;kWh;-342;20512;0;0;20854;20170
2018-02-01T07:15;2018-02-01T07:30;30;kWh;-14105;2529;0;0;16634;-11576
2018-02-01T07:30;2018-02-01T07:45;31;kWh;-60;28623;0;0;28683;28563
2018-02-01T07:45;2018-02-01T08:00;32;kWh;0;42009;0;0;42009;42009
2018-02-01T08:00;2018-02-01T08:15;33;kWh;-2799;21967;0;0;24766;19168
2018-02-01T08:15;2018-02-01T08:30;34;kWh;-8808;51;0;0;8859;-8757
2018-02-01T08:30;2018-02-01T08:45;35;kWh;-1189;837;0;0;2026;-352
2018-02-01T08:45;2018-02-01T09:00;36;kWh;0;21366;0;0;21366;21366
2018-02-01T09:00;2018-02-01T09:15;37;kWh;0;42255;0;0;42255;42255
2018-02-01T09:15;2018-02-01T09:30;38;kWh;0;56384;0;0;56384;56384
2018-02-01T09:30;2018-02-01T09:45;39;kWh;-390;10177;0;0;10567;9787
2018-02-01T09:45;2018-02-01T10:00;40;kWh;0;8029;0;0;8029;8029
2018-02-01T10:00;2018-02-01T10:15;41;kWh;0;42488;0;0;42488;42488
2018-02-01T10:15;2018-02-01T10:30;42;kWh;0;13437;0;0;13437;13437
2018-02-01T10:30;2018-02-01T10:45;43;kWh;0;20148;0;0;20148;20148
2018-02-01T10:45;2018-02-01T11:00;44;kWh;0;38068;0;0;38068;38068
2018-02-01T11:00;2018-02-01T11:15;45;kWh;0;69634;0;0;69634;69634
2018-02-01T11:15;2018-02-01T11:30;46;kWh;0;51415;0;0;51415;51415
2018-02-01T11:30;2018-02-01T11:45;47;kWh;0;97760;0;0;97760;97760
2018-02-01T11:45;2018-02-01T12:00;48;kWh;0;95902;0;0;95902;95902
2018-02-01T12:00;2018-02-01T12:15;49;kWh;0;102168;0;0;102168;102168
2018-02-01T12:15;2018-02-01T12:30;50;kWh;0;51088;0;0;51088;51088
2018-02-01T12:30;2018-02-01T12:45;51;kWh;0;54612;0;0;54612;54612
2018-02-01T12:45;2018-02-01T13:00;52;kWh;0;37818;0;0;37818;37818
2018-02-01T13:00;2018-02-01T13:15;53;kWh;-544;4262;0;0;4806;3718
2018-02-01T13:15;2018-02-01T13:30;54;kWh;0;0;0;0;0;0
2018-02-01T13:30;2018-02-01T13:45;55;kWh;0;0;0;0;0;0
2018-02-01T13:45;2018-02-01T14:00;56;kWh;-21;0;0;0;21;-21
2018-02-01T14:00;2018-02-01T14:15;57;kWh;-1459;0;0;0;1459;-1459
2018-02-01T14:15;2018-02-01T14:30;58;kWh;-392;7447;0;0;7839;7055
2018-02-01T14:30;2018-02-01T14:45;59;kWh;0;6591;0;0;6591;6591
2018-02-01T14:45;2018-02-01T15:00;60;kWh;0;16928;0;0;16928;16928
2018-02-01T15:00;2018-02-01T15:15;61;kWh;0;57330;0;0;57330;57330
2018-02-01T15:15;2018-02-01T15:30;62;kWh;0;36729;0;0;36729;36729
2018-02-01T15:30;2018-02-01T15:45;63;kWh;0;52254;0;0;52254;52254
2018-02-01T15:45;2018-02-01T16:00;64;kWh;0;66825;0;0;66825;66825
2018-02-01T16:00;2018-02-01T16:15;65;kWh;0;42825;0;0;42825;42825
2018-02-01T16:15;2018-02-01T16:30;66;kWh;0;41188;0;0;41188;41188
2018-02-01T16:30;2018-02-01T16:45;67;kWh;0;48406;0;0;48406;48406
2018-02-01T16:45;2018-02-01T17:00;68;kWh;0;60904;0;0;60904;60904
2018-02-01T17:00;2018-02-01T17:15;69;kWh;-13843;10538;0;0;24381;-3305
2018-02-01T17:15;2018-02-01T17:30;70;kWh;-247;280;0;0;527;33
2018-02-01T17:30;2018-02-01T17:45;71;kWh;0;9327;0;0;9327;9327
2018-02-01T17:45;2018-02-01T18:00;72;kWh;0;42088;0;0;42088;42088
2018-02-01T18:00;2018-02-01T18:15;73;kWh;0;21817;0;0;21817;21817
2018-02-01T18:15;2018-02-01T18:30;74;kWh;0;1645;0;0;1645;1645
2018-02-01T18:30;2018-02-01T18:45;75;kWh;-107;2524;0;0;2631;2417
2018-02-01T18:45;2018-02-01T19:00;76;kWh;-822;0;0;0;822;-822
2018-02-01T19:00;2018-02-01T19:15;77;kWh;-130;1585;0;0;1715;1455
2018-02-01T19:15;2018-02-01T19:30;78;kWh;0;1075;0;0;1075;1075
2018-02-01T19:30;2018-02-01T19:45;79;kWh;-2585;56;0;0;2641;-2529
2018-02-01T19:45;2018-02-01T20:00;80;kWh;-1937;0;0;0;1937;-1937
2018-02-01T20:00;2018-02-01T20:15;81;kWh;-902;0;0;0;902;-902
2018-02-01T20:15;2018-02-01T20:30;82;kWh;0;0;0;0;0;0
2018-02-01T20:30;2018-02-01T20:45;83;kWh;0;2081;0;0;2081;2081
2018-02-01T20:45;2018-02-01T21:00;84;kWh;-365;926;0;0;1291;561
2018-02-01T21:00;2018-02-01T21:15;85;kWh;-1410;7949;0;0;9359;6539
2018-02-01T21:15;2018-02-01T21:30;86;kWh;-32;9362;0;0;9394;9330
2018-02-01T21:30;2018-02-01T21:45;87;kWh;-1373;0;0;0;1373;-1373
2018-02-01T21:45;2018-02-01T22:00;88;kWh;-17354;0;0;0;17354;-17354
2018-02-01T22:00;2018-02-01T22:15;89;kWh;-13739;5163;0;0;18902;-8576
2018-02-01T22:15;2018-02-01T22:30;90;kWh;-646;20676;0;0;21322;20030
2018-02-01T22:30;2018-02-01T22:45;91;kWh;-28457;150;0;0;28607;-28307
2018-02-01T22:45;2018-02-01T23:00;92;kWh;-32517;0;0;0;32517;-32517
2018-02-01T23:00;2018-02-01T23:15;93;kWh;-14137;1060;0;0;15197;-13077
2018-02-01T23:15;2018-02-01T23:30;94;kWh;-9;3915;0;0;3924;3906
2018-02-01T23:30;2018-02-01T23:45;95;kWh;0;13350;0;0;13350;13350
2018-02-01T23:45;2018-02-02T00:00;96;kWh;0;13280;0;0;13280;13280
2018-02-02T00:00;2018-02-02T00:15;1;kWh;-228;5136;0;0;5364;4908
2018-02-02T00:15;2018-02-02T00:30;2;kWh;0;35222;0;0;35222;35222
2018-02-02T00:30;2018-02-02T00:45;3;kWh;0;10501;0;0;10501;10501
2018-02-02T00:45;2018-02-02T01:00;4;kWh;-1613;0;0;0;1613;-1613
2018-02-02T01:00;2018-02-02T01:15;5;kWh;-1884;7;0;0;1891;-1877
2018-02-02T01:15;2018-02-02T01:30;6;kWh;0;572;0;0;572;572
2018-02-02T01:30;2018-02-02T01:45;7;kWh;0;0;0;0;0;0
2018-02-02T01:45;2018-02-02T02:00;8;kWh;0;410;0;0;410;410
2018-02-02T02:00;2018-02-02T02:15;9;kWh;0;20135;0;0;20135;20135
2018-02-02T02:15;2018-02-02T02:30;10;kWh;0;10399;0;0;10399;10399
2018-02-02T02:30;2018-02-02T02:45;11;kWh;0;1048;0;0;1048;1048
2018-02-02T02:45;2018-02-02T03:00;12;kWh;0;660;0;0;660;660
2018-02-02T03:00;2018-02-02T03:15;13;kWh;0;2825;0;0;2825;2825
2018-02-02T03:15;2018-02-02T03:30;14;kWh;0;10338;0;0;10338;10338
2018-02-02T03:30;2018-02-02T03:45;15;kWh;0;1115;0;0;1115;1115
2018-02-02T03:45;2018-02-02T04:00;16;kWh;0;52;0;0;52;52
2018-02-02T04:00;2018-02-02T04:15;17;kWh;0;368;0;0;368;368
2018-02-02T04:15;2018-02-02T04:30;18;kWh;-21;0;0;0;21;-21
2018-02-02T04:30;2018-02-02T04:45;19;kWh;-1102;0;0;0;1102;-1102
2018-02-02T04:45;2018-02-02T05:00;20;kWh;-1894;0;0;0;1894;-1894
2018-02-02T05:00;2018-02-02T05:15;21;kWh;-15703;0;0;0;15703;-15703
2018-02-02T05:15;2018-02-02T05:30;22;kWh;-13478;133;0;0;13611;-13345
2018-02-02T05:30;2018-02-02T05:45;23;kWh;-319;2197;0;0;2516;1878
2018-02-02T05:45;2018-02-02T06:00;24;kWh;0;19156;0;0;19156;19156
2018-02-02T06:00;2018-02-02T06:15;25;kWh;-9085;6536;0;0;15621;-2549
2018-02-02T06:15;2018-02-02T06:30;26;kWh;-7613;0;0;0;7613;-7613
2018-02-02T06:30;2018-02-02T06:45;27;kWh;-1026;0;0;0;1026;-1026
2018-02-02T06:45;2018-02-02T07:00;28;kWh;0;0;0;0;0;0
2018-02-02T07:00;2018-02-02T07:15;29;kWh;-5832;0;0;0;5832;-5832
2018-02-02T07:15;2018-02-02T07:30;30;kWh;-13084;0;0;0;13084;-13084
2018-02-02T07:30;2018-02-02T07:45;31;kWh;-3143;6648;0;0;9791;3505
2018-02-02T07:45;2018-02-02T08:00;32;kWh;0;68783;0;0;68783;68783
2018-02-02T08:00;2018-02-02T08:15;33;kWh;-2986;44296;0;0;47282;41310
2018-02-02T08:15;2018-02-02T08:30;34;kWh;-6477;7416;0;0;13893;939
2018-02-02T08:30;2018-02-02T08:45;35;kWh;0;6137;0;0;6137;6137
2018-02-02T08:45;2018-02-02T09:00;36;kWh;0;23017;0;0;23017;23017
2018-02-02T09:00;2018-02-02T09:15;37;kWh;-2822;25427;0;0;28249;22605
2018-02-02T09:15;2018-02-02T09:30;38;kWh;-9959;5178;0;0;15137;-4781
2018-02-02T09:30;2018-02-02T09:45;39;kWh;-1062;20063;0;0;21125;19001
2018-02-02T09:45;2018-02-02T10:00;40;kWh;-17487;49;0;0;17536;-17438
2018-02-02T10:00;2018-02-02T10:15;41;kWh;-425;11071;0;0;11496;10646
2018-02-02T10:15;2018-02-02T10:30;42;kWh;0;22894;0;0;22894;22894
2018-02-02T10:30;2018-02-02T10:45;43;kWh;0;30427;0;0;30427;30427
2018-02-02T10:45;2018-02-02T11:00;44;kWh;-8544;6066;0;0;14610;-2478
2018-02-02T11:00;2018-02-02T11:15;45;kWh;-398;3713;0;0;4111;3315
2018-02-02T11:15;2018-02-02T11:30;46;kWh;0;194;0;0;194;194
2018-02-02T11:30;2018-02-02T11:45;47;kWh;0;0;0;0;0;0
2018-02-02T11:45;2018-02-02T12:00;48;kWh;0;6;0;0;6;6
2018-02-02T12:00;2018-02-02T12:15;49;kWh;0;7490;0;0;7490;7490
2018-02-02T12:15;2018-02-02T12:30;50;kWh;0;4683;0;0;4683;4683
2018-02-02T12:30;2018-02-02T12:45;51;kWh;0;2589;0;0;2589;2589
2018-02-02T12:45;2018-02-02T13:00;52;kWh;0;172;0;0;172;172
2018-02-02T13:00;2018-02-02T13:15;53;kWh;0;5722;0;0;5722;5722
2018-02-02T13:15;2018-02-02T13:30;54;kWh;0;3990;0;0;3990;3990
2018-02-02T13:30;2018-02-02T13:45;55;kWh;-111;227;0;0;338;116
2018-02-02T13:45;2018-02-02T14:00;56;kWh;-4825;0;0;0;4825;-4825
2018-02-02T14:00;2018-02-02T14:15;57;kWh;-2343;7854;0;0;10197;5511
2018-02-02T14:15;2018-02-02T14:30;58;kWh;0;3467;0;0;3467;3467
2018-02-02T14:30;2018-02-02T14:45;59;kWh;0;0;0;0;0;0
2018-02-02T14:45;2018-02-02T15:00;60;kWh;-2273;0;0;0;2273;-2273
2018-02-02T15:00;2018-02-02T15:15;61;kWh;-763;72;0;0;835;-691
2018-02-02T15:15;2018-02-02T15:30;62;kWh;0;458;0;0;458;458
2018-02-02T15:30;2018-02-02T15:45;63;kWh;0;331;0;0;331;331
2018-02-02T15:45;2018-02-02T16:00;64;kWh;0;759;0;0;759;759
2018-02-02T16:00;2018-02-02T16:15;65;kWh;-1422;2771;0;0;4193;1349
2018-02-02T16:15;2018-02-02T16:30;66;kWh;-2605;0;0;0;2605;-2605
2018-02-02T16:30;2018-02-02T16:45;67;kWh;-2249;0;0;0;2249;-2249
2018-02-02T16:45;2018-02-02T17:00;68;kWh;-81;0;0;0;81;-81
2018-02-02T17:00;2018-02-02T17:15;69;kWh;-33608;0;0;0;33608;-33608
2018-02-02T17:15;2018-02-02T17:30;70;kWh;-26536;0;0;0;26536;-26536
2018-02-02T17:30;2018-02-02T17:45;71;kWh;-8959;730;0;0;9689;-8229
2018-02-02T17:45;2018-02-02T18:00;72;kWh;-630;2227;0;0;2857;1597
2018-02-02T18:00;2018-02-02T18:15;73;kWh;0;0;0;0;0;0
2018-02-02T18:15;2018-02-02T18:30;74;kWh;0;135;0;0;135;135
2018-02-02T18:30;2018-02-02T18:45;75;kWh;0;3553;0;0;3553;3553
2018-02-02T18:45;2018-02-02T19:00;76;kWh;0;29969;0;0;29969;29969
2018-02-02T19:00;2018-02-02T19:15;77;kWh;0;32825;0;0;32825;32825
2018-02-02T19:15;2018-02-02T19:30;78;kWh;0;9518;0;0;9518;9518
2018-02-02T19:30;2018-02-02T19:45;79;kWh;0;11479;0;0;11479;11479
2018-02-02T19:45;2018-02-02T20:00;80;kWh;0;3488;0;0;3488;3488
2018-02-02T20:00;2018-02-02T20:15;81;kWh;0;8458;0;0;8458;8458
2018-02-02T20:15;2018-02-02T20:30;82;kWh;0;23665;0;0;23665;23665
2018-02-02T20:30;2018-02-02T20:45;83;kWh;0;19567;0;0;19567;19567
2018-02-02T20:45;2018-02-02T21:00;84;kWh;0;18878;0;0;18878;18878
2018-02-02T21:00;2018-02-02T21:15;85;kWh;0;8652;0;0;8652;8652
2018-02-02T21:15;2018-02-02T21:30;86;kWh;0;40988;0;0;40988;40988
2018-02-02T21:30;2018-02-02T21:45;87;kWh;0;10931;0;0;10931;10931
2018-02-02T21:45;2018-02-02T22:00;88;kWh;-102;2722;0;0;2824;2620
2018-02-02T22:00;2018-02-02T22:15;89;kWh;-309;22;0;0;331;-287
2018-02-02T22:15;2018-02-02T22:30;90;kWh;0;2655;0;0;2655;2655
2018-02-02T22:30;2018-02-02T22:45;91;kWh;0;3828;0;0;3828;3828
2018-02-02T22:45;2018-02-02T23:00;92;kWh;0;5797;0;0;5797;5797
2018-02-02T23:00;2018-02-02T23:15;93;kWh;0;14345;0;0;14345;14345
2018-02-02T23:15;2018-02-02T23:30;94;kWh;0;26411;0;0;26411;26411
2018-02-02T23:30;2018-02-02T23:45;95;kWh;-837;905;0;0;1742;68
2018-02-02T23:45;2018-02-03T00:00;96;kWh;-125;4213;0;0;4338;4088
2018-02-03T00:00;2018-02-03T00:15;1;kWh;-323;10907;0;0;11230;10584
2018-02-03T00:15;2018-02-03T00:30;2;kWh;0;26426;0;0;26426;26426
2018-02-03T00:30;2018-02-03T00:45;3;kWh;0;3207;0;0;3207;3207
2018-02-03T00:45;2018-02-03T01:00;4;kWh;0;36;0;0;36;36
2018-02-03T01:00;2018-02-03T01:15;5;kWh;0;7154;0;0;7154;7154
2018-02-03T01:15;2018-02-03T01:30;6;kWh;0;4098;0;0;4098;4098
2018-02-03T01:30;2018-02-03T01:45;7;kWh;0;0;0;0;0;0
2018-02-03T01:45;2018-02-03T02:00;8;kWh;0;0;0;0;0;0
2018-02-03T02:00;2018-02-03T02:15;9;kWh;0;6141;0;0;6141;6141
2018-02-03T02:15;2018-02-03T02:30;10;kWh;-178;15528;0;0;15706;15350
2018-02-03T02:30;2018-02-03T02:45;11;kWh;-1253;115;0;0;1368;-1138
2018-02-03T02:45;2018-02-03T03:00;12;kWh;-3116;0;0;0;3116;-3116
2018-02-03T03:00;2018-02-03T03:15;13;kWh;-1126;309;0;0;1435;-817
2018-02-03T03:15;2018-02-03T03:30;14;kWh;0;13301;0;0;13301;13301
2018-02-03T03:30;2018-02-03T03:45;15;kWh;0;9294;0;0;9294;9294
2018-02-03T03:45;2018-02-03T04:00;16;kWh;0;9131;0;0;9131;9131
2018-02-03T04:00;2018-02-03T04:15;17;kWh;0;1276;0;0;1276;1276
2018-02-03T04:15;2018-02-03T04:30;18;kWh;0;1116;0;0;1116;1116
2018-02-03T04:30;2018-02-03T04:45;19;kWh;0;222;0;0;222;222
2018-02-03T04:45;2018-02-03T05:00;20;kWh;-3431;0;0;0;3431;-3431
2018-02-03T05:00;2018-02-03T05:15;21;kWh;-32200;0;0;0;32200;-32200
2018-02-03T05:15;2018-02-03T05:30;22;kWh;-30833;0;0;0;30833;-30833
2018-02-03T05:30;2018-02-03T05:45;23;kWh;-24857;0;0;0;24857;-24857
2018-02-03T05:45;2018-02-03T06:00;24;kWh;-1342;83;0;0;1425;-1259
2018-02-03T06:00;2018-02-03T06:15;25;kWh;-547;0;0;0;547;-547
2018-02-03T06:15;2018-02-03T06:30;26;kWh;-207;0;0;0;207;-207
2018-02-03T06:30;2018-02-03T06:45;27;kWh;0;0;0;0;0;0
2018-02-03T06:45;2018-02-03T07:00;28;kWh;0;0;0;0;0;0
2018-02-03T07:00;2018-02-03T07:15;29;kWh;0;25;0;0;25;25
2018-02-03T07:15;2018-02-03T07:30;30;kWh;0;45;0;0;45;45
2018-02-03T07:30;2018-02-03T07:45;31;kWh;0;4327;0;0;4327;4327
2018-02-03T07:45;2018-02-03T08:00;32;kWh;0;47053;0;0;47053;47053
2018-02-03T08:00;2018-02-03T08:15;33;kWh;-8673;11184;0;0;19857;2511
2018-02-03T08:15;2018-02-03T08:30;34;kWh;-41486;0;0;0;41486;-41486
2018-02-03T08:30;2018-02-03T08:45;35;kWh;-1474;0;0;0;1474;-1474
2018-02-03T08:45;2018-02-03T09:00;36;kWh;0;0;0;0;0;0
2018-02-03T09:00;2018-02-03T09:15;37;kWh;-15508;0;0;0;15508;-15508
2018-02-03T09:15;2018-02-03T09:30;38;kWh;-6787;0;0;0;6787;-6787
2018-02-03T09:30;2018-02-03T09:45;39;kWh;0;0;0;0;0;0
2018-02-03T09:45;2018-02-03T10:00;40;kWh;0;2780;0;0;2780;2780
2018-02-03T10:00;2018-02-03T10:15;41;kWh;0;3223;0;0;3223;3223
2018-02-03T10:15;2018-02-03T10:30;42;kWh;0;0;0;0;0;0
2018-02-03T10:30;2018-02-03T10:45;43;kWh;0;0;0;0;0;0
2018-02-03T10:45;2018-02-03T11:00;44;kWh;0;0;0;0;0;0
2018-02-03T11:00;2018-02-03T11:15;45;kWh;0;0;0;0;0;0
2018-02-03T11:15;2018-02-03T11:30;46;kWh;0;0;0;0;0;0
2018-02-03T11:30;2018-02-03T11:45;47;kWh;0;0;0;0;0;0
2018-02-03T11:45;2018-02-03T12:00;48;kWh;-325;0;0;0;325;-325
2018-02-03T12:00;2018-02-03T12:15;49;kWh;-83;358;0;0;441;275
2018-02-03T12:15;2018-02-03T12:30;50;kWh;0;0;0;0;0;0
2018-02-03T12:30;2018-02-03T12:45;51;kWh;0;1120;0;0;1120;1120
2018-02-03T12:45;2018-02-03T13:00;52;kWh;0;911;0;0;911;911
2018-02-03T13:00;2018-02-03T13:15;53;kWh;0;10775;0;0;10775;10775
2018-02-03T13:15;2018-02-03T13:30;54;kWh;0;8626;0;0;8626;8626
2018-02-03T13:30;2018-02-03T13:45;55;kWh;0;49;0;0;49;49
2018-02-03T13:45;2018-02-03T14:00;56;kWh;-63;0;0;0;63;-63
2018-02-03T14:00;2018-02-03T14:15;57;kWh;-893;0;0;0;893;-893
2018-02-03T14:15;2018-02-03T14:30;58;kWh;0;0;0;0;0;0
2018-02-03T14:30;2018-02-03T14:45;59;kWh;0;0;0;0;0;0
2018-02-03T14:45;2018-02-03T15:00;60;kWh;-397;0;0;0;397;-397
2018-02-03T15:00;2018-02-03T15:15;61;kWh;-1312;0;0;0;1312;-1312
2018-02-03T15:15;2018-02-03T15:30;62;kWh;-77;0;0;0;77;-77
2018-02-03T15:30;2018-02-03T15:45;63;kWh;0;0;0;0;0;0
2018-02-03T15:45;2018-02-03T16:00;64;kWh;0;0;0;0;0;0
2018-02-03T16:00;2018-02-03T16:15;65;kWh;-200;0;0;0;200;-200
2018-02-03T16:15;2018-02-03T16:30;66;kWh;-880;0;0;0;880;-880
2018-02-03T16:30;2018-02-03T16:45;67;kWh;-128;0;0;0;128;-128
2018-02-03T16:45;2018-02-03T17:00;68;kWh;0;0;0;0;0;0
2018-02-03T17:00;2018-02-03T17:15;69;kWh;-23999;0;0;0;23999;-23999
2018-02-03T17:15;2018-02-03T17:30;70;kWh;-13372;0;0;0;13372;-13372
2018-02-03T17:30;2018-02-03T17:45;71;kWh;-926;0;0;0;926;-926
2018-02-03T17:45;2018-02-03T18:00;72;kWh;0;14372;0;0;14372;14372
2018-02-03T18:00;2018-02-03T18:15;73;kWh;-80;15873;0;0;15953;15793
2018-02-03T18:15;2018-02-03T18:30;74;kWh;-318;136;0;0;454;-182
2018-02-03T18:30;2018-02-03T18:45;75;kWh;-13892;0;0;0;13892;-13892
2018-02-03T18:45;2018-02-03T19:00;76;kWh;-19572;0;0;0;19572;-19572
2018-02-03T19:00;2018-02-03T19:15;77;kWh;-10663;347;0;0;11010;-10316
2018-02-03T19:15;2018-02-03T19:30;78;kWh;-62;146;0;0;208;84
2018-02-03T19:30;2018-02-03T19:45;79;kWh;-11052;0;0;0;11052;-11052
2018-02-03T19:45;2018-02-03T20:00;80;kWh;-15751;6;0;0;15757;-15745
2018-02-03T20:00;2018-02-03T20:15;81;kWh;-149;1246;0;0;1395;1097
2018-02-03T20:15;2018-02-03T20:30;82;kWh;0;299;0;0;299;299
2018-02-03T20:30;2018-02-03T20:45;83;kWh;-2440;0;0;0;2440;-2440
2018-02-03T20:45;2018-02-03T21:00;84;kWh;-35081;0;0;0;35081;-35081
2018-02-03T21:00;2018-02-03T21:15;85;kWh;-10902;15367;0;0;26269;4465
2018-02-03T21:15;2018-02-03T21:30;86;kWh;-306;12121;0;0;12427;11815
2018-02-03T21:30;2018-02-03T21:45;87;kWh;-763;49;0;0;812;-714
2018-02-03T21:45;2018-02-03T22:00;88;kWh;-35002;0;0;0;35002;-35002
2018-02-03T22:00;2018-02-03T22:15;89;kWh;-13632;0;0;0;13632;-13632
2018-02-03T22:15;2018-02-03T22:30;90;kWh;-25291;0;0;0;25291;-25291
2018-02-03T22:30;2018-02-03T22:45;91;kWh;-28531;0;0;0;28531;-28531
2018-02-03T22:45;2018-02-03T23:00;92;kWh;-39710;0;0;0;39710;-39710
2018-02-03T23:00;2018-02-03T23:15;93;kWh;-34243;0;0;0;34243;-34243
2018-02-03T23:15;2018-02-03T23:30;94;kWh;-45170;0;0;0;45170;-45170
2018-02-03T23:30;2018-02-03T23:45;95;kWh;-61566;0;0;0;61566;-61566
2018-02-03T23:45;2018-02-04T00:00;96;kWh;-70429;0;0;0;70429;-70429
2018-02-04T00:00;2018-02-04T00:15;1;kWh;-41511;0;0;0;41511;-41511
2018-02-04T00:15;2018-02-04T00:30;2;kWh;-286;0;0;0;286;-286
2018-02-04T00:30;2018-02-04T00:45;3;kWh;-5710;0;0;0;5710;-5710
2018-02-04T00:45;2018-02-04T01:00;4;kWh;-26962;0;0;0;26962;-26962
2018-02-04T01:00;2018-02-04T01:15;5;kWh;-6962;5148;0;0;12110;-1814
2018-02-04T01:15;2018-02-04T01:30;6;kWh;-6;34298;0;0;34304;34292
2018-02-04T01:30;2018-02-04T01:45;7;kWh;-1845;2087;0;0;3932;242
2018-02-04T01:45;2018-02-04T02:00;8;kWh;-8133;0;0;0;8133;-8133
2018-02-04T02:00;2018-02-04T02:15;9;kWh;-6650;0;0;0;6650;-6650
2018-02-04T02:15;2018-02-04T02:30;10;kWh;-4505;0;0;0;4505;-4505
2018-02-04T02:30;2018-02-04T02:45;11;kWh;-6400;0;0;0;6400;-6400
2018-02-04T02:45;2018-02-04T03:00;12;kWh;-15132;0;0;0;15132;-15132
2018-02-04T03:00;2018-02-04T03:15;13;kWh;-15282;0;0;0;15282;-15282
2018-02-04T03:15;2018-02-04T03:30;14;kWh;-2072;0;0;0;2072;-2072
2018-02-04T03:30;2018-02-04T03:45;15;kWh;-9517;0;0;0;9517;-9517
2018-02-04T03:45;2018-02-04T04:00;16;kWh;-1755;0;0;0;1755;-1755
2018-02-04T04:00;2018-02-04T04:15;17;kWh;-214;0;0;0;214;-214
2018-02-04T04:15;2018-02-04T04:30;18;kWh;0;0;0;0;0;0
2018-02-04T04:30;2018-02-04T04:45;19;kWh;0;0;0;0;0;0
2018-02-04T04:45;2018-02-04T05:00;20;kWh;-208;0;0;0;208;-208
2018-02-04T05:00;2018-02-04T05:15;21;kWh;-644;683;0;0;1327;39
2018-02-04T05:15;2018-02-04T05:30;22;kWh;0;3310;0;0;3310;3310
2018-02-04T05:30;2018-02-04T05:45;23;kWh;0;2774;0;0;2774;2774
2018-02-04T05:45;2018-02-04T06:00;24;kWh;0;2153;0;0;2153;2153
2018-02-04T06:00;2018-02-04T06:15;25;kWh;0;1746;0;0;1746;1746
2018-02-04T06:15;2018-02-04T06:30;26;kWh;-175;874;0;0;1049;699
2018-02-04T06:30;2018-02-04T06:45;27;kWh;-105;0;0;0;105;-105
2018-02-04T06:45;2018-02-04T07:00;28;kWh;0;0;0;0;0;0
2018-02-04T07:00;2018-02-04T07:15;29;kWh;0;0;0;0;0;0
2018-02-04T07:15;2018-02-04T07:30;30;kWh;-1011;0;0;0;1011;-1011
2018-02-04T07:30;2018-02-04T07:45;31;kWh;-13;0;0;0;13;-13
2018-02-04T07:45;2018-02-04T08:00;32;kWh;0;0;0;0;0;0
2018-02-04T08:00;2018-02-04T08:15;33;kWh;0;0;0;0;0;0
2018-02-04T08:15;2018-02-04T08:30;34;kWh;0;0;0;0;0;0
2018-02-04T08:30;2018-02-04T08:45;35;kWh;0;147;0;0;147;147
2018-02-04T08:45;2018-02-04T09:00;36;kWh;0;14750;0;0;14750;14750
2018-02-04T09:00;2018-02-04T09:15;37;kWh;-687;7961;0;0;8648;7274
2018-02-04T09:15;2018-02-04T09:30;38;kWh;0;0;0;0;0;0
2018-02-04T09:30;2018-02-04T09:45;39;kWh;-1600;0;0;0;1600;-1600
2018-02-04T09:45;2018-02-04T10:00;40;kWh;-1300;0;0;0;1300;-1300
2018-02-04T10:00;2018-02-04T10:15;41;kWh;-9400;0;0;0;9400;-9400
2018-02-04T10:15;2018-02-04T10:30;42;kWh;-11702;0;0;0;11702;-11702
2018-02-04T10:30;2018-02-04T10:45;43;kWh;-28974;0;0;0;28974;-28974
2018-02-04T10:45;2018-02-04T11:00;44;kWh;-35761;0;0;0;35761;-35761
2018-02-04T11:00;2018-02-04T11:15;45;kWh;-52509;0;0;0;52509;-52509
2018-02-04T11:15;2018-02-04T11:30;46;kWh;-41303;0;0;0;41303;-41303
2018-02-04T11:30;2018-02-04T11:45;47;kWh;-37103;0;0;0;37103;-37103
2018-02-04T11:45;2018-02-04T12:00;48;kWh;-49103;0;0;0;49103;-49103
2018-02-04T12:00;2018-02-04T12:15;49;kWh;-37684;0;0;0;37684;-37684
2018-02-04T12:15;2018-02-04T12:30;50;kWh;-5558;0;0;0;5558;-5558
2018-02-04T12:30;2018-02-04T12:45;51;kWh;-12289;0;0;0;12289;-12289
2018-02-04T12:45;2018-02-04T13:00;52;kWh;-16222;0;0;0;16222;-16222
2018-02-04T13:00;2018-02-04T13:15;53;kWh;-11840;0;0;0;11840;-11840
2018-02-04T13:15;2018-02-04T13:30;54;kWh;-16085;0;0;0;16085;-16085
2018-02-04T13:30;2018-02-04T13:45;55;kWh;-14883;0;0;0;14883;-14883
2018-02-04T13:45;2018-02-04T14:00;56;kWh;-2126;0;0;0;2126;-2126
2018-02-04T14:00;2018-02-04T14:15;57;kWh;-3322;0;0;0;3322;-3322
2018-02-04T14:15;2018-02-04T14:30;58;kWh;-1364;0;0;0;1364;-1364
2018-02-04T14:30;2018-02-04T14:45;59;kWh;-6188;0;0;0;6188;-6188
2018-02-04T14:45;2018-02-04T15:00;60;kWh;-3480;0;0;0;3480;-3480
2018-02-04T15:00;2018-02-04T15:15;61;kWh;-1529;0;0;0;1529;-1529
2018-02-04T15:15;2018-02-04T15:30;62;kWh;-12;0;0;0;12;-12
2018-02-04T15:30;2018-02-04T15:45;63;kWh;0;1377;0;0;1377;1377
2018-02-04T15:45;2018-02-04T16:00;64;kWh;0;13663;0;0;13663;13663
2018-02-04T16:00;2018-02-04T16:15;65;kWh;0;6154;0;0;6154;6154
2018-02-04T16:15;2018-02-04T16:30;66;kWh;0;19658;0;0;19658;19658
2018-02-04T16:30;2018-02-04T16:45;67;kWh;0;41759;0;0;41759;41759
2018-02-04T16:45;2018-02-04T17:00;68;kWh;0;38936;0;0;38936;38936
2018-02-04T17:00;2018-02-04T17:15;69;kWh;-18107;8784;0;0;26891;-9323
2018-02-04T17:15;2018-02-04T17:30;70;kWh;-8715;0;0;0;8715;-8715
2018-02-04T17:30;2018-02-04T17:45;71;kWh;-1734;0;0;0;1734;-1734
2018-02-04T17:45;2018-02-04T18:00;72;kWh;0;11039;0;0;11039;11039
2018-02-04T18:00;2018-02-04T18:15;73;kWh;0;6451;0;0;6451;6451
2018-02-04T18:15;2018-02-04T18:30;74;kWh;0;0;0;0;0;0
2018-02-04T18:30;2018-02-04T18:45;75;kWh;0;0;0;0;0;0
2018-02-04T18:45;2018-02-04T19:00;76;kWh;0;0;0;0;0;0
2018-02-04T19:00;2018-02-04T19:15;77;kWh;0;5685;0;0;5685;5685
2018-02-04T19:15;2018-02-04T19:30;78;kWh;0;12495;0;0;12495;12495
2018-02-04T19:30;2018-02-04T19:45;79;kWh;0;1784;0;0;1784;1784
2018-02-04T19:45;2018-02-04T20:00;80;kWh;-33;0;0;0;33;-33
2018-02-04T20:00;2018-02-04T20:15;81;kWh;-558;0;0;0;558;-558
2018-02-04T20:15;2018-02-04T20:30;82;kWh;-647;0;0;0;647;-647
2018-02-04T20:30;2018-02-04T20:45;83;kWh;-575;0;0;0;575;-575
2018-02-04T20:45;2018-02-04T21:00;84;kWh;-3613;0;0;0;3613;-3613
2018-02-04T21:00;2018-02-04T21:15;85;kWh;-8407;31;0;0;8438;-8376
2018-02-04T21:15;2018-02-04T21:30;86;kWh;-66;309;0;0;375;243
2018-02-04T21:30;2018-02-04T21:45;87;kWh;0;0;0;0;0;0
2018-02-04T21:45;2018-02-04T22:00;88;kWh;-238;0;0;0;238;-238
2018-02-04T22:00;2018-02-04T22:15;89;kWh;-471;0;0;0;471;-471
2018-02-04T22:15;2018-02-04T22:30;90;kWh;0;0;0;0;0;0
2018-02-04T22:30;2018-02-04T22:45;91;kWh;-47;0;0;0;47;-47
2018-02-04T22:45;2018-02-04T23:00;92;kWh;-495;0;0;0;495;-495
2018-02-04T23:00;2018-02-04T23:15;93;kWh;-99;23000;0;0;23099;22901
2018-02-04T23:15;2018-02-04T23:30;94;kWh;-152;41365;0;0;41517;41213
2018-02-04T23:30;2018-02-04T23:45;95;kWh;-1569;393;0;0;1962;-1176
2018-02-04T23:45;2018-02-05T00:00;96;kWh;-7108;0;0;0;7108;-7108
2018-02-05T00:00;2018-02-05T00:15;1;kWh;-4180;0;0;0;4180;-4180
2018-02-05T00:15;2018-02-05T00:30;2;kWh;0;0;0;0;0;0
2018-02-05T00:30;2018-02-05T00:45;3;kWh;0;0;0;0;0;0
2018-02-05T00:45;2018-02-05T01:00;4;kWh;-1031;0;0;0;1031;-1031
2018-02-05T01:00;2018-02-05T01:15;5;kWh;-22;0;0;0;22;-22
2018-02-05T01:15;2018-02-05T01:30;6;kWh;0;0;0;0;0;0
2018-02-05T01:30;2018-02-05T01:45;7;kWh;0;0;0;0;0;0
2018-02-05T01:45;2018-02-05T02:00;8;kWh;0;0;0;0;0;0
2018-02-05T02:00;2018-02-05T02:15;9;kWh;0;0;0;0;0;0
2018-02-05T02:15;2018-02-05T02:30;10;kWh;0;0;0;0;0;0
2018-02-05T02:30;2018-02-05T02:45;11;kWh;0;280;0;0;280;280
2018-02-05T02:45;2018-02-05T03:00;12;kWh;-837;1590;0;0;2427;753
2018-02-05T03:00;2018-02-05T03:15;13;kWh;-4173;0;0;0;4173;-4173
2018-02-05T03:15;2018-02-05T03:30;14;kWh;0;0;0;0;0;0
2018-02-05T03:30;2018-02-05T03:45;15;kWh;0;401;0;0;401;401
2018-02-05T03:45;2018-02-05T04:00;16;kWh;0;0;0;0;0;0
2018-02-05T04:00;2018-02-05T04:15;17;kWh;0;0;0;0;0;0
2018-02-05T04:15;2018-02-05T04:30;18;kWh;-1754;0;0;0;1754;-1754
2018-02-05T04:30;2018-02-05T04:45;19;kWh;-3441;0;0;0;3441;-3441
2018-02-05T04:45;2018-02-05T05:00;20;kWh;-50;0;0;0;50;-50
2018-02-05T05:00;2018-02-05T05:15;21;kWh;-163;0;0;0;163;-163
2018-02-05T05:15;2018-02-05T05:30;22;kWh;-28070;0;0;0;28070;-28070
2018-02-05T05:30;2018-02-05T05:45;23;kWh;-10507;0;0;0;10507;-10507
2018-02-05T05:45;2018-02-05T06:00;24;kWh;-4733;0;0;0;4733;-4733
2018-02-05T06:00;2018-02-05T06:15;25;kWh;-5327;0;0;0;5327;-5327
2018-02-05T06:15;2018-02-05T06:30;26;kWh;-35086;0;0;0;35086;-35086
2018-02-05T06:30;2018-02-05T06:45;27;kWh;-4495;257;0;0;4752;-4238
2018-02-05T06:45;2018-02-05T07:00;28;kWh;0;7697;0;0;7697;7697
2018-02-05T07:00;2018-02-05T07:15;29;kWh;-26659;2388;0;0;29047;-24271
2018-02-05T07:15;2018-02-05T07:30;30;kWh;-15478;0;0;0;15478;-15478
2018-02-05T07:30;2018-02-05T07:45;31;kWh;-5035;0;0;0;5035;-5035
2018-02-05T07:45;2018-02-05T08:00;32;kWh;-105;8429;0;0;8534;8324
2018-02-05T08:00;2018-02-05T08:15;33;kWh;-29028;1582;0;0;30610;-27446
2018-02-05T08:15;2018-02-05T08:30;34;kWh;-50517;0;0;0;50517;-50517
2018-02-05T08:30;2018-02-05T08:45;35;kWh;-29654;0;0;0;29654;-29654
2018-02-05T08:45;2018-02-05T09:00;36;kWh;-124;0;0;0;124;-124
2018-02-05T09:00;2018-02-05T09:15;37;kWh;-1086;0;0;0;1086;-1086
2018-02-05T09:15;2018-02-05T09:30;38;kWh;-8;0;0;0;8;-8
2018-02-05T09:30;2018-02-05T09:45;39;kWh;0;0;0;0;0;0
2018-02-05T09:45;2018-02-05T10:00;40;kWh;0;0;0;0;0;0
2018-02-05T10:00;2018-02-05T10:15;41;kWh;0;0;0;0;0;0
2018-02-05T10:15;2018-02-05T10:30;42;kWh;-42;0;0;0;42;-42
2018-02-05T10:30;2018-02-05T10:45;43;kWh;-3776;0;0;0;3776;-3776
2018-02-05T10:45;2018-02-05T11:00;44;kWh;-11186;0;0;0;11186;-11186
2018-02-05T11:00;2018-02-05T11:15;45;kWh;-1107;0;0;0;1107;-1107
2018-02-05T11:15;2018-02-05T11:30;46;kWh;-577;0;0;0;577;-577
2018-02-05T11:30;2018-02-05T11:45;47;kWh;-1383;0;0;0;1383;-1383
2018-02-05T11:45;2018-02-05T12:00;48;kWh;-8591;0;0;0;8591;-8591
2018-02-05T12:00;2018-02-05T12:15;49;kWh;-9066;0;0;0;9066;-9066
2018-02-05T12:15;2018-02-05T12:30;50;kWh;-35867;0;0;0;35867;-35867
2018-02-05T12:30;2018-02-05T12:45;51;kWh;-15804;0;0;0;15804;-15804
2018-02-05T12:45;2018-02-05T13:00;52;kWh;-4664;0;0;0;4664;-4664
2018-02-05T13:00;2018-02-05T13:15;53;kWh;-18124;0;0;0;18124;-18124
2018-02-05T13:15;2018-02-05T13:30;54;kWh;-38968;0;0;0;38968;-38968
2018-02-05T13:30;2018-02-05T13:45;55;kWh;-24744;0;0;0;24744;-24744
2018-02-05T13:45;2018-02-05T14:00;56;kWh;-2589;0;0;0;2589;-2589
2018-02-05T14:00;2018-02-05T14:15;57;kWh;-1582;0;0;0;1582;-1582
2018-02-05T14:15;2018-02-05T14:30;58;kWh;0;674;0;0;674;674
2018-02-05T14:30;2018-02-05T14:45;59;kWh;0;4140;0;0;4140;4140
2018-02-05T14:45;2018-02-05T15:00;60;kWh;0;1645;0;0;1645;1645
2018-02-05T15:00;2018-02-05T15:15;61;kWh;0;514;0;0;514;514
2018-02-05T15:15;2018-02-05T15:30;62;kWh;0;163;0;0;163;163
2018-02-05T15:30;2018-02-05T15:45;63;kWh;0;3979;0;0;3979;3979
2018-02-05T15:45;2018-02-05T16:00;64;kWh;0;6274;0;0;6274;6274
2018-02-05T16:00;2018-02-05T16:15;65;kWh;-637;2009;0;0;2646;1372
2018-02-05T16:15;2018-02-05T16:30;66;kWh;-1756;0;0;0;1756;-1756
2018-02-05T16:30;2018-02-05T16:45;67;kWh;-5529;0;0;0;5529;-5529
2018-02-05T16:45;2018-02-05T17:00;68;kWh;-536;0;0;0;536;-536
2018-02-05T17:00;2018-02-05T17:15;69;kWh;-21953;0;0;0;21953;-21953
2018-02-05T17:15;2018-02-05T17:30;70;kWh;-5660;0;0;0;5660;-5660
2018-02-05T17:30;2018-02-05T17:45;71;kWh;0;0;0;0;0;0
2018-02-05T17:45;2018-02-05T18:00;72;kWh;0;1948;0;0;1948;1948
2018-02-05T18:00;2018-02-05T18:15;73;kWh;0;10163;0;0;10163;10163
2018-02-05T18:15;2018-02-05T18:30;74;kWh;0;18246;0;0;18246;18246
2018-02-05T18:30;2018-02-05T18:45;75;kWh;-251;7678;0;0;7929;7427
2018-02-05T18:45;2018-02-05T19:00;76;kWh;-2087;0;0;0;2087;-2087
2018-02-05T19:00;2018-02-05T19:15;77;kWh;-276;3223;0;0;3499;2947
2018-02-05T19:15;2018-02-05T19:30;78;kWh;0;2441;0;0;2441;2441
2018-02-05T19:30;2018-02-05T19:45;79;kWh;-1409;0;0;0;1409;-1409
2018-02-05T19:45;2018-02-05T20:00;80;kWh;-17746;0;0;0;17746;-17746
2018-02-05T20:00;2018-02-05T20:15;81;kWh;-10377;0;0;0;10377;-10377
2018-02-05T20:15;2018-02-05T20:30;82;kWh;-82;0;0;0;82;-82
2018-02-05T20:30;2018-02-05T20:45;83;kWh;-360;0;0;0;360;-360
2018-02-05T20:45;2018-02-05T21:00;84;kWh;-41369;0;0;0;41369;-41369
2018-02-05T21:00;2018-02-05T21:15;85;kWh;-29966;6275;0;0;36241;-23691
2018-02-05T21:15;2018-02-05T21:30;86;kWh;-1252;9182;0;0;10434;7930
2018-02-05T21:30;2018-02-05T21:45;87;kWh;-7600;0;0;0;7600;-7600
2018-02-05T21:45;2018-02-05T22:00;88;kWh;-12396;0;0;0;12396;-12396
2018-02-05T22:00;2018-02-05T22:15;89;kWh;-22885;0;0;0;22885;-22885
2018-02-05T22:15;2018-02-05T22:30;90;kWh;-26;73;0;0;99;47
2018-02-05T22:30;2018-02-05T22:45;91;kWh;-3234;0;0;0;3234;-3234
2018-02-05T22:45;2018-02-05T23:00;92;kWh;-2358;0;0;0;2358;-2358
2018-02-05T23:00;2018-02-05T23:15;93;kWh;-1447;0;0;0;1447;-1447
2018-02-05T23:15;2018-02-05T23:30;94;kWh;-872;0;0;0;872;-872
2018-02-05T23:30;2018-02-05T23:45;95;kWh;-5911;0;0;0;5911;-5911
2018-02-05T23:45;2018-02-06T00:00;96;kWh;-4657;0;0;0;4657;-4657
2018-02-06T00:00;2018-02-06T00:15;1;kWh;-8588;0;0;0;8588;-8588
2018-02-06T00:15;2018-02-06T00:30;2;kWh;-9394;0;0;0;9394;-9394
2018-02-06T00:30;2018-02-06T00:45;3;kWh;-192;0;0;0;192;-192
2018-02-06T00:45;2018-02-06T01:00;4;kWh;0;0;0;0;0;0
2018-02-06T01:00;2018-02-06T01:15;5;kWh;0;6267;0;0;6267;6267
2018-02-06T01:15;2018-02-06T01:30;6;kWh;0;14165;0;0;14165;14165
2018-02-06T01:30;2018-02-06T01:45;7;kWh;0;3679;0;0;3679;3679
2018-02-06T01:45;2018-02-06T02:00;8;kWh;-796;201;0;0;997;-595
2018-02-06T02:00;2018-02-06T02:15;9;kWh;-1207;0;0;0;1207;-1207
2018-02-06T02:15;2018-02-06T02:30;10;kWh;-141;0;0;0;141;-141
2018-02-06T02:30;2018-02-06T02:45;11;kWh;-1236;0;0;0;1236;-1236
2018-02-06T02:45;2018-02-06T03:00;12;kWh;-1439;0;0;0;1439;-1439
2018-02-06T03:00;2018-02-06T03:15;13;kWh;-7792;0;0;0;7792;-7792
2018-02-06T03:15;2018-02-06T03:30;14;kWh;-6534;0;0;0;6534;-6534
2018-02-06T03:30;2018-02-06T03:45;15;kWh;-8115;0;0;0;8115;-8115
2018-02-06T03:45;2018-02-06T04:00;16;kWh;-13922;0;0;0;13922;-13922
2018-02-06T04:00;2018-02-06T04:15;17;kWh;-12758;0;0;0;12758;-12758
2018-02-06T04:15;2018-02-06T04:30;18;kWh;-11257;0;0;0;11257;-11257
2018-02-06T04:30;2018-02-06T04:45;19;kWh;-11506;0;0;0;11506;-11506
2018-02-06T04:45;2018-02-06T05:00;20;kWh;-3926;0;0;0;3926;-3926
2018-02-06T05:00;2018-02-06T05:15;21;kWh;-15213;0;0;0;15213;-15213
2018-02-06T05:15;2018-02-06T05:30;22;kWh;-18229;0;0;0;18229;-18229
2018-02-06T05:30;2018-02-06T05:45;23;kWh;-9862;0;0;0;9862;-9862
2018-02-06T05:45;2018-02-06T06:00;24;kWh;-22671;0;0;0;22671;-22671
2018-02-06T06:00;2018-02-06T06:15;25;kWh;-22132;0;0;0;22132;-22132
2018-02-06T06:15;2018-02-06T06:30;26;kWh;-27545;0;0;0;27545;-27545
2018-02-06T06:30;2018-02-06T06:45;27;kWh;-16629;483;0;0;17112;-16146
2018-02-06T06:45;2018-02-06T07:00;28;kWh;-398;21723;0;0;22121;21325
2018-02-06T07:00;2018-02-06T07:15;29;kWh;-43411;902;0;0;44313;-42509
2018-02-06T07:15;2018-02-06T07:30;30;kWh;-16993;0;0;0;16993;-16993
2018-02-06T07:30;2018-02-06T07:45;31;kWh;-1783;446;0;0;2229;-1337
2018-02-06T07:45;2018-02-06T08:00;32;kWh;0;9673;0;0;9673;9673
2018-02-06T08:00;2018-02-06T08:15;33;kWh;-26099;4161;0;0;30260;-21938
2018-02-06T08:15;2018-02-06T08:30;34;kWh;-36535;0;0;0;36535;-36535
2018-02-06T08:30;2018-02-06T08:45;35;kWh;-19462;0;0;0;19462;-19462
2018-02-06T08:45;2018-02-06T09:00;36;kWh;-862;1118;0;0;1980;256
2018-02-06T09:00;2018-02-06T09:15;37;kWh;0;3947;0;0;3947;3947
2018-02-06T09:15;2018-02-06T09:30;38;kWh;0;2613;0;0;2613;2613
2018-02-06T09:30;2018-02-06T09:45;39;kWh;0;136;0;0;136;136
2018-02-06T09:45;2018-02-06T10:00;40;kWh;0;0;0;0;0;0
2018-02-06T10:00;2018-02-06T10:15;41;kWh;0;0;0;0;0;0
2018-02-06T10:15;2018-02-06T10:30;42;kWh;-1522;0;0;0;1522;-1522
2018-02-06T10:30;2018-02-06T10:45;43;kWh;-19609;0;0;0;19609;-19609
2018-02-06T10:45;2018-02-06T11:00;44;kWh;-17262;0;0;0;17262;-17262
2018-02-06T11:00;2018-02-06T11:15;45;kWh;-16826;0;0;0;16826;-16826
2018-02-06T11:15;2018-02-06T11:30;46;kWh;-22576;0;0;0;22576;-22576
2018-02-06T11:30;2018-02-06T11:45;47;kWh;-33869;0;0;0;33869;-33869
2018-02-06T11:45;2018-02-06T12:00;48;kWh;-25001;0;0;0;25001;-25001
2018-02-06T12:00;2018-02-06T12:15;49;kWh;-18719;0;0;0;18719;-18719
2018-02-06T12:15;2018-02-06T12:30;50;kWh;-7915;0;0;0;7915;-7915
2018-02-06T12:30;2018-02-06T12:45;51;kWh;-18591;0;0;0;18591;-18591
2018-02-06T12:45;2018-02-06T13:00;52;kWh;-38110;0;0;0;38110;-38110
2018-02-06T13:00;2018-02-06T13:15;53;kWh;-41035;0;0;0;41035;-41035
2018-02-06T13:15;2018-02-06T13:30;54;kWh;-50034;0;0;0;50034;-50034
2018-02-06T13:30;2018-02-06T13:45;55;kWh;-43004;0;0;0;43004;-43004
2018-02-06T13:45;2018-02-06T14:00;56;kWh;-35965;0;0;0;35965;-35965
2018-02-06T14:00;2018-02-06T14:15;57;kWh;-37701;0;0;0;37701;-37701
2018-02-06T14:15;2018-02-06T14:30;58;kWh;-8294;0;0;0;8294;-8294
2018-02-06T14:30;2018-02-06T14:45;59;kWh;-10058;0;0;0;10058;-10058
2018-02-06T14:45;2018-02-06T15:00;60;kWh;-3600;0;0;0;3600;-3600
2018-02-06T15:00;2018-02-06T15:15;61;kWh;-1518;0;0;0;1518;-1518
2018-02-06T15:15;2018-02-06T15:30;62;kWh;-619;0;0;0;619;-619
2018-02-06T15:30;2018-02-06T15:45;63;kWh;0;0;0;0;0;0
2018-02-06T15:45;2018-02-06T16:00;64;kWh;0;11353;0;0;11353;11353
2018-02-06T16:00;2018-02-06T16:15;65;kWh;-4391;3134;0;0;7525;-1257
2018-02-06T16:15;2018-02-06T16:30;66;kWh;-451;0;0;0;451;-451
2018-02-06T16:30;2018-02-06T16:45;67;kWh;-1485;0;0;0;1485;-1485
2018-02-06T16:45;2018-02-06T17:00;68;kWh;-510;215;0;0;725;-295
2018-02-06T17:00;2018-02-06T17:15;69;kWh;-19551;117;0;0;19668;-19434
2018-02-06T17:15;2018-02-06T17:30;70;kWh;-8291;0;0;0;8291;-8291
2018-02-06T17:30;2018-02-06T17:45;71;kWh;-331;0;0;0;331;-331
2018-02-06T17:45;2018-02-06T18:00;72;kWh;0;5376;0;0;5376;5376
2018-02-06T18:00;2018-02-06T18:15;73;kWh;-252;1420;0;0;1672;1168
2018-02-06T18:15;2018-02-06T18:30;74;kWh;0;1658;0;0;1658;1658
2018-02-06T18:30;2018-02-06T18:45;75;kWh;0;1559;0;0;1559;1559
2018-02-06T18:45;2018-02-06T19:00;76;kWh;0;100;0;0;100;100
2018-02-06T19:00;2018-02-06T19:15;77;kWh;0;10305;0;0;10305;10305
2018-02-06T19:15;2018-02-06T19:30;78;kWh;0;15898;0;0;15898;15898
2018-02-06T19:30;2018-02-06T19:45;79;kWh;-1552;4440;0;0;5992;2888
2018-02-06T19:45;2018-02-06T20:00;80;kWh;-2524;0;0;0;2524;-2524
2018-02-06T20:00;2018-02-06T20:15;81;kWh;-123;25280;0;0;25403;25157
2018-02-06T20:15;2018-02-06T20:30;82;kWh;0;8776;0;0;8776;8776
2018-02-06T20:30;2018-02-06T20:45;83;kWh;0;14;0;0;14;14
2018-02-06T20:45;2018-02-06T21:00;84;kWh;-494;0;0;0;494;-494
2018-02-06T21:00;2018-02-06T21:15;85;kWh;-1006;899;0;0;1905;-107
2018-02-06T21:15;2018-02-06T21:30;86;kWh;-159;5527;0;0;5686;5368
2018-02-06T21:30;2018-02-06T21:45;87;kWh;-3450;0;0;0;3450;-3450
2018-02-06T21:45;2018-02-06T22:00;88;kWh;-35673;0;0;0;35673;-35673
2018-02-06T22:00;2018-02-06T22:15;89;kWh;-15021;1377;0;0;16398;-13644
2018-02-06T22:15;2018-02-06T22:30;90;kWh;-13988;215;0;0;14203;-13773
2018-02-06T22:30;2018-02-06T22:45;91;kWh;-51418;0;0;0;51418;-51418
2018-02-06T22:45;2018-02-06T23:00;92;kWh;-86414;0;0;0;86414;-86414
2018-02-06T23:00;2018-02-06T23:15;93;kWh;-58445;0;0;0;58445;-58445
2018-02-06T23:15;2018-02-06T23:30;94;kWh;-3511;430;0;0;3941;-3081
2018-02-06T23:30;2018-02-06T23:45;95;kWh;-9559;0;0;0;9559;-9559
2018-02-06T23:45;2018-02-07T00:00;96;kWh;-20887;0;0;0;20887;-20887
2018-02-07T00:00;2018-02-07T00:15;1;kWh;-15604;98;0;0;15702;-15506
2018-02-07T00:15;2018-02-07T00:30;2;kWh;-785;0;0;0;785;-785
2018-02-07T00:30;2018-02-07T00:45;3;kWh;-921;0;0;0;921;-921
2018-02-07T00:45;2018-02-07T01:00;4;kWh;-10702;0;0;0;10702;-10702
2018-02-07T01:00;2018-02-07T01:15;5;kWh;-30138;0;0;0;30138;-30138
2018-02-07T01:15;2018-02-07T01:30;6;kWh;-43918;0;0;0;43918;-43918
2018-02-07T01:30;2018-02-07T01:45;7;kWh;-48346;0;0;0;48346;-48346
2018-02-07T01:45;2018-02-07T02:00;8;kWh;-55728;0;0;0;55728;-55728
2018-02-07T02:00;2018-02-07T02:15;9;kWh;-43645;0;0;0;43645;-43645
2018-02-07T02:15;2018-02-07T02:30;10;kWh;-31943;0;0;0;31943;-31943
2018-02-07T02:30;2018-02-07T02:45;11;kWh;-30386;0;0;0;30386;-30386
2018-02-07T02:45;2018-02-07T03:00;12;kWh;-27118;0;0;0;27118;-27118
2018-02-07T03:00;2018-02-07T03:15;13;kWh;-15542;0;0;0;15542;-15542
2018-02-07T03:15;2018-02-07T03:30;14;kWh;-16462;0;0;0;16462;-16462
2018-02-07T03:30;2018-02-07T03:45;15;kWh;-19051;0;0;0;19051;-19051
2018-02-07T03:45;2018-02-07T04:00;16;kWh;-13842;0;0;0;13842;-13842
2018-02-07T04:00;2018-02-07T04:15;17;kWh;-997;1300;0;0;2297;303
2018-02-07T04:15;2018-02-07T04:30;18;kWh;0;3144;0;0;3144;3144
2018-02-07T04:30;2018-02-07T04:45;19;kWh;0;4170;0;0;4170;4170
2018-02-07T04:45;2018-02-07T05:00;20;kWh;0;14397;0;0;14397;14397
2018-02-07T05:00;2018-02-07T05:15;21;kWh;-1314;7263;0;0;8577;5949
2018-02-07T05:15;2018-02-07T05:30;22;kWh;-30;724;0;0;754;694
2018-02-07T05:30;2018-02-07T05:45;23;kWh;0;54;0;0;54;54
2018-02-07T05:45;2018-02-07T06:00;24;kWh;0;17934;0;0;17934;17934
2018-02-07T06:00;2018-02-07T06:15;25;kWh;-24645;5898;0;0;30543;-18747
2018-02-07T06:15;2018-02-07T06:30;26;kWh;-22913;0;0;0;22913;-22913
2018-02-07T06:30;2018-02-07T06:45;27;kWh;-46;3253;0;0;3299;3207
2018-02-07T06:45;2018-02-07T07:00;28;kWh;0;41959;0;0;41959;41959
2018-02-07T07:00;2018-02-07T07:15;29;kWh;-20593;14915;0;0;35508;-5678
2018-02-07T07:15;2018-02-07T07:30;30;kWh;-1008;9758;0;0;10766;8750
2018-02-07T07:30;2018-02-07T07:45;31;kWh;0;51904;0;0;51904;51904
2018-02-07T07:45;2018-02-07T08:00;32;kWh;0;119695;0;0;119695;119695
2018-02-07T08:00;2018-02-07T08:15;33;kWh;-1778;36864;0;0;38642;35086
2018-02-07T08:15;2018-02-07T08:30;34;kWh;-1546;202;0;0;1748;-1344
2018-02-07T08:30;2018-02-07T08:45;35;kWh;-35;1422;0;0;1457;1387
2018-02-07T08:45;2018-02-07T09:00;36;kWh;0;23565;0;0;23565;23565
2018-02-07T09:00;2018-02-07T09:15;37;kWh;-96;24169;0;0;24265;24073
2018-02-07T09:15;2018-02-07T09:30;38;kWh;-106;0;0;0;106;-106
2018-02-07T09:30;2018-02-07T09:45;39;kWh;0;0;0;0;0;0
2018-02-07T09:45;2018-02-07T10:00;40;kWh;-2109;28;0;0;2137;-2081
2018-02-07T10:00;2018-02-07T10:15;41;kWh;-361;761;0;0;1122;400
2018-02-07T10:15;2018-02-07T10:30;42;kWh;-1514;0;0;0;1514;-1514
2018-02-07T10:30;2018-02-07T10:45;43;kWh;-30072;0;0;0;30072;-30072
2018-02-07T10:45;2018-02-07T11:00;44;kWh;-39241;0;0;0;39241;-39241
2018-02-07T11:00;2018-02-07T11:15;45;kWh;-11058;0;0;0;11058;-11058
2018-02-07T11:15;2018-02-07T11:30;46;kWh;-10;0;0;0;10;-10
2018-02-07T11:30;2018-02-07T11:45;47;kWh;-9749;0;0;0;9749;-9749
2018-02-07T11:45;2018-02-07T12:00;48;kWh;-34838;0;0;0;34838;-34838
2018-02-07T12:00;2018-02-07T12:15;49;kWh;-24341;570;0;0;24911;-23771
2018-02-07T12:15;2018-02-07T12:30;50;kWh;-7341;156;0;0;7497;-7185
2018-02-07T12:30;2018-02-07T12:45;51;kWh;-22819;0;0;0;22819;-22819
2018-02-07T12:45;2018-02-07T13:00;52;kWh;-38186;0;0;0;38186;-38186
2018-02-07T13:00;2018-02-07T13:15;53;kWh;-69564;0;0;0;69564;-69564
2018-02-07T13:15;2018-02-07T13:30;54;kWh;-48229;0;0;0;48229;-48229
2018-02-07T13:30;2018-02-07T13:45;55;kWh;-53112;0;0;0;53112;-53112
2018-02-07T13:45;2018-02-07T14:00;56;kWh;-51579;0;0;0;51579;-51579
2018-02-07T14:00;2018-02-07T14:15;57;kWh;-49915;0;0;0;49915;-49915
2018-02-07T14:15;2018-02-07T14:30;58;kWh;-50152;0;0;0;50152;-50152
2018-02-07T14:30;2018-02-07T14:45;59;kWh;-43151;0;0;0;43151;-43151
2018-02-07T14:45;2018-02-07T15:00;60;kWh;-31964;0;0;0;31964;-31964
2018-02-07T15:00;2018-02-07T15:15;61;kWh;-20976;0;0;0;20976;-20976
2018-02-07T15:15;2018-02-07T15:30;62;kWh;-18545;0;0;0;18545;-18545
2018-02-07T15:30;2018-02-07T15:45;63;kWh;-1931;675;0;0;2606;-1256
2018-02-07T15:45;2018-02-07T16:00;64;kWh;0;0;0;0;0;0
2018-02-07T16:00;2018-02-07T16:15;65;kWh;-253;0;0;0;253;-253
2018-02-07T16:15;2018-02-07T16:30;66;kWh;0;0;0;0;0;0
2018-02-07T16:30;2018-02-07T16:45;67;kWh;0;0;0;0;0;0
2018-02-07T16:45;2018-02-07T17:00;68;kWh;0;3659;0;0;3659;3659
2018-02-07T17:00;2018-02-07T17:15;69;kWh;0;601;0;0;601;601
2018-02-07T17:15;2018-02-07T17:30;70;kWh;0;0;0;0;0;0
2018-02-07T17:30;2018-02-07T17:45;71;kWh;0;687;0;0;687;687
2018-02-07T17:45;2018-02-07T18:00;72;kWh;0;59818;0;0;59818;59818
2018-02-07T18:00;2018-02-07T18:15;73;kWh;-530;29453;0;0;29983;28923
2018-02-07T18:15;2018-02-07T18:30;74;kWh;-368;0;0;0;368;-368
2018-02-07T18:30;2018-02-07T18:45;75;kWh;-388;0;0;0;388;-388
2018-02-07T18:45;2018-02-07T19:00;76;kWh;0;0;0;0;0;0
2018-02-07T19:00;2018-02-07T19:15;77;kWh;0;4221;0;0;4221;4221
2018-02-07T19:15;2018-02-07T19:30;78;kWh;0;583;0;0;583;583
2018-02-07T19:30;2018-02-07T19:45;79;kWh;-1580;0;0;0;1580;-1580
2018-02-07T19:45;2018-02-07T20:00;80;kWh;-28239;0;0;0;28239;-28239
2018-02-07T20:00;2018-02-07T20:15;81;kWh;-16640;4232;0;0;20872;-12408
2018-02-07T20:15;2018-02-07T20:30;82;kWh;-4964;8116;0;0;13080;3152
2018-02-07T20:30;2018-02-07T20:45;83;kWh;-28738;0;0;0;28738;-28738
2018-02-07T20:45;2018-02-07T21:00;84;kWh;-45756;0;0;0;45756;-45756
2018-02-07T21:00;2018-02-07T21:15;85;kWh;-29992;2945;0;0;32937;-27047
2018-02-07T21:15;2018-02-07T21:30;86;kWh;-4449;1508;0;0;5957;-2941
2018-02-07T21:30;2018-02-07T21:45;87;kWh;-24963;0;0;0;24963;-24963
2018-02-07T21:45;2018-02-07T22:00;88;kWh;-33092;0;0;0;33092;-33092
2018-02-07T22:00;2018-02-07T22:15;89;kWh;-14918;1979;0;0;16897;-12939
2018-02-07T22:15;2018-02-07T22:30;90;kWh;-287;22573;0;0;22860;22286
2018-02-07T22:30;2018-02-07T22:45;91;kWh;-46291;258;0;0;46549;-46033
2018-02-07T22:45;2018-02-07T23:00;92;kWh;-78357;0;0;0;78357;-78357
2018-02-07T23:00;2018-02-07T23:15;93;kWh;-46580;0;0;0;46580;-46580
2018-02-07T23:15;2018-02-07T23:30;94;kWh;-13958;0;0;0;13958;-13958
2018-02-07T23:30;2018-02-07T23:45;95;kWh;-40396;0;0;0;40396;-40396
2018-02-07T23:45;2018-02-08T00:00;96;kWh;-38092;0;0;0;38092;-38092
2018-02-08T00:00;2018-02-08T00:15;1;kWh;-45077;0;0;0;45077;-45077
2018-02-08T00:15;2018-02-08T00:30;2;kWh;-32346;0;0;0;32346;-32346
2018-02-08T00:30;2018-02-08T00:45;3;kWh;-4885;494;0;0;5379;-4391
2018-02-08T00:45;2018-02-08T01:00;4;kWh;-31073;0;0;0;31073;-31073
2018-02-08T01:00;2018-02-08T01:15;5;kWh;-20907;0;0;0;20907;-20907
2018-02-08T01:15;2018-02-08T01:30;6;kWh;-5650;0;0;0;5650;-5650
2018-02-08T01:30;2018-02-08T01:45;7;kWh;-40378;0;0;0;40378;-40378
2018-02-08T01:45;2018-02-08T02:00;8;kWh;-48172;0;0;0;48172;-48172
2018-02-08T02:00;2018-02-08T02:15;9;kWh;-45973;0;0;0;45973;-45973
2018-02-08T02:15;2018-02-08T02:30;10;kWh;-44467;0;0;0;44467;-44467
2018-02-08T02:30;2018-02-08T02:45;11;kWh;-50172;0;0;0;50172;-50172
2018-02-08T02:45;2018-02-08T03:00;12;kWh;-58524;0;0;0;58524;-58524
2018-02-08T03:00;2018-02-08T03:15;13;kWh;-32602;0;0;0;32602;-32602
2018-02-08T03:15;2018-02-08T03:30;14;kWh;-24587;0;0;0;24587;-24587
2018-02-08T03:30;2018-02-08T03:45;15;kWh;-35287;0;0;0;35287;-35287
2018-02-08T03:45;2018-02-08T04:00;16;kWh;-37675;0;0;0;37675;-37675
2018-02-08T04:00;2018-02-08T04:15;17;kWh;-27581;0;0;0;27581;-27581
2018-02-08T04:15;2018-02-08T04:30;18;kWh;-17754;0;0;0;17754;-17754
2018-02-08T04:30;2018-02-08T04:45;19;kWh;-19804;0;0;0;19804;-19804
2018-02-08T04:45;2018-02-08T05:00;20;kWh;-4519;303;0;0;4822;-4216
2018-02-08T05:00;2018-02-08T05:15;21;kWh;-13778;104;0;0;13882;-13674
2018-02-08T05:15;2018-02-08T05:30;22;kWh;-25533;0;0;0;25533;-25533
2018-02-08T05:30;2018-02-08T05:45;23;kWh;-40618;0;0;0;40618;-40618
2018-02-08T05:45;2018-02-08T06:00;24;kWh;-5336;1499;0;0;6835;-3837
2018-02-08T06:00;2018-02-08T06:15;25;kWh;-31684;37;0;0;31721;-31647
2018-02-08T06:15;2018-02-08T06:30;26;kWh;-38576;0;0;0;38576;-38576
2018-02-08T06:30;2018-02-08T06:45;27;kWh;-5591;2695;0;0;8286;-2896
2018-02-08T06:45;2018-02-08T07:00;28;kWh;0;8615;0;0;8615;8615
2018-02-08T07:00;2018-02-08T07:15;29;kWh;-32475;2453;0;0;34928;-30022
2018-02-08T07:15;2018-02-08T07:30;30;kWh;-13256;34;0;0;13290;-13222
2018-02-08T07:30;2018-02-08T07:45;31;kWh;-319;23110;0;0;23429;22791
2018-02-08T07:45;2018-02-08T08:00;32;kWh;0;57887;0;0;57887;57887
2018-02-08T08:00;2018-02-08T08:15;33;kWh;-9044;15637;0;0;24681;6593
2018-02-08T08:15;2018-02-08T08:30;34;kWh;-4774;0;0;0;4774;-4774
2018-02-08T08:30;2018-02-08T08:45;35;kWh;-247;5627;0;0;5874;5380
2018-02-08T08:45;2018-02-08T09:00;36;kWh;0;24934;0;0;24934;24934
2018-02-08T09:00;2018-02-08T09:15;37;kWh;0;19235;0;0;19235;19235
2018-02-08T09:15;2018-02-08T09:30;38;kWh;0;15924;0;0;15924;15924
2018-02-08T09:30;2018-02-08T09:45;39;kWh;0;10799;0;0;10799;10799
2018-02-08T09:45;2018-02-08T10:00;40;kWh;0;91;0;0;91;91
2018-02-08T10:00;2018-02-08T10:15;41;kWh;0;705;0;0;705;705
2018-02-08T10:15;2018-02-08T10:30;42;kWh;0;0;0;0;0;0
2018-02-08T10:30;2018-02-08T10:45;43;kWh;-3361;0;0;0;3361;-3361
2018-02-08T10:45;2018-02-08T11:00;44;kWh;-32671;0;0;0;32671;-32671
2018-02-08T11:00;2018-02-08T11:15;45;kWh;-12127;1200;0;0;13327;-10927
2018-02-08T11:15;2018-02-08T11:30;46;kWh;-7091;0;0;0;7091;-7091
2018-02-08T11:30;2018-02-08T11:45;47;kWh;-32205;0;0;0;32205;-32205
2018-02-08T11:45;2018-02-08T12:00;48;kWh;-22423;0;0;0;22423;-22423
2018-02-08T12:00;2018-02-08T12:15;49;kWh;-23421;0;0;0;23421;-23421
2018-02-08T12:15;2018-02-08T12:30;50;kWh;-35904;0;0;0;35904;-35904
2018-02-08T12:30;2018-02-08T12:45;51;kWh;-44590;0;0;0;44590;-44590
2018-02-08T12:45;2018-02-08T13:00;52;kWh;-71373;0;0;0;71373;-71373
2018-02-08T13:00;2018-02-08T13:15;53;kWh;-42158;0;0;0;42158;-42158
2018-02-08T13:15;2018-02-08T13:30;54;kWh;-33642;0;0;0;33642;-33642
2018-02-08T13:30;2018-02-08T13:45;55;kWh;-42535;0;0;0;42535;-42535
2018-02-08T13:45;2018-02-08T14:00;56;kWh;-44798;0;0;0;44798;-44798
2018-02-08T14:00;2018-02-08T14:15;57;kWh;-50024;0;0;0;50024;-50024
2018-02-08T14:15;2018-02-08T14:30;58;kWh;-47306;0;0;0;47306;-47306
2018-02-08T14:30;2018-02-08T14:45;59;kWh;-26195;0;0;0;26195;-26195
2018-02-08T14:45;2018-02-08T15:00;60;kWh;-33551;0;0;0;33551;-33551
2018-02-08T15:00;2018-02-08T15:15;61;kWh;-33675;0;0;0;33675;-33675
2018-02-08T15:15;2018-02-08T15:30;62;kWh;-36755;0;0;0;36755;-36755
2018-02-08T15:30;2018-02-08T15:45;63;kWh;-9276;0;0;0;9276;-9276
2018-02-08T15:45;2018-02-08T16:00;64;kWh;-18941;0;0;0;18941;-18941
2018-02-08T16:00;2018-02-08T16:15;65;kWh;-3311;1154;0;0;4465;-2157
2018-02-08T16:15;2018-02-08T16:30;66;kWh;0;39;0;0;39;39
2018-02-08T16:30;2018-02-08T16:45;67;kWh;0;1;0;0;1;1
2018-02-08T16:45;2018-02-08T17:00;68;kWh;0;7954;0;0;7954;7954
2018-02-08T17:00;2018-02-08T17:15;69;kWh;-1742;2992;0;0;4734;1250
2018-02-08T17:15;2018-02-08T17:30;70;kWh;-4319;0;0;0;4319;-4319
2018-02-08T17:30;2018-02-08T17:45;71;kWh;-11663;0;0;0;11663;-11663
2018-02-08T17:45;2018-02-08T18:00;72;kWh;-4590;68;0;0;4658;-4522
2018-02-08T18:00;2018-02-08T18:15;73;kWh;-3601;54;0;0;3655;-3547
2018-02-08T18:15;2018-02-08T18:30;74;kWh;-16571;0;0;0;16571;-16571
2018-02-08T18:30;2018-02-08T18:45;75;kWh;-34063;0;0;0;34063;-34063
2018-02-08T18:45;2018-02-08T19:00;76;kWh;-44022;0;0;0;44022;-44022
2018-02-08T19:00;2018-02-08T19:15;77;kWh;-27151;2011;0;0;29162;-25140
2018-02-08T19:15;2018-02-08T19:30;78;kWh;-12806;584;0;0;13390;-12222
2018-02-08T19:30;2018-02-08T19:45;79;kWh;-38099;0;0;0;38099;-38099
2018-02-08T19:45;2018-02-08T20:00;80;kWh;-35005;0;0;0;35005;-35005
2018-02-08T20:00;2018-02-08T20:15;81;kWh;-53480;0;0;0;53480;-53480
2018-02-08T20:15;2018-02-08T20:30;82;kWh;-16822;89;0;0;16911;-16733
2018-02-08T20:30;2018-02-08T20:45;83;kWh;-34780;0;0;0;34780;-34780
2018-02-08T20:45;2018-02-08T21:00;84;kWh;-40306;0;0;0;40306;-40306
2018-02-08T21:00;2018-02-08T21:15;85;kWh;-10145;4879;0;0;15024;-5266
2018-02-08T21:15;2018-02-08T21:30;86;kWh;0;16763;0;0;16763;16763
2018-02-08T21:30;2018-02-08T21:45;87;kWh;0;9895;0;0;9895;9895
2018-02-08T21:45;2018-02-08T22:00;88;kWh;-21;587;0;0;608;566
2018-02-08T22:00;2018-02-08T22:15;89;kWh;-137;0;0;0;137;-137
2018-02-08T22:15;2018-02-08T22:30;90;kWh;-464;0;0;0;464;-464
2018-02-08T22:30;2018-02-08T22:45;91;kWh;-26013;0;0;0;26013;-26013
2018-02-08T22:45;2018-02-08T23:00;92;kWh;-30533;0;0;0;30533;-30533
2018-02-08T23:00;2018-02-08T23:15;93;kWh;-43396;69;0;0;43465;-43327
2018-02-08T23:15;2018-02-08T23:30;94;kWh;-1137;1514;0;0;2651;377
2018-02-08T23:30;2018-02-08T23:45;95;kWh;-649;0;0;0;649;-649
2018-02-08T23:45;2018-02-09T00:00;96;kWh;-3435;0;0;0;3435;-3435
2018-02-09T00:00;2018-02-09T00:15;1;kWh;-736;5546;0;0;6282;4810
2018-02-09T00:15;2018-02-09T00:30;2;kWh;0;30382;0;0;30382;30382
2018-02-09T00:30;2018-02-09T00:45;3;kWh;0;12911;0;0;12911;12911
2018-02-09T00:45;2018-02-09T01:00;4;kWh;0;550;0;0;550;550
2018-02-09T01:00;2018-02-09T01:15;5;kWh;0;363;0;0;363;363
2018-02-09T01:15;2018-02-09T01:30;6;kWh;0;65;0;0;65;65
2018-02-09T01:30;2018-02-09T01:45;7;kWh;0;264;0;0;264;264
2018-02-09T01:45;2018-02-09T02:00;8;kWh;0;589;0;0;589;589
2018-02-09T02:00;2018-02-09T02:15;9;kWh;0;14263;0;0;14263;14263
2018-02-09T02:15;2018-02-09T02:30;10;kWh;0;41619;0;0;41619;41619
2018-02-09T02:30;2018-02-09T02:45;11;kWh;0;27081;0;0;27081;27081
2018-02-09T02:45;2018-02-09T03:00;12;kWh;0;8789;0;0;8789;8789
2018-02-09T03:00;2018-02-09T03:15;13;kWh;0;0;0;0;0;0
2018-02-09T03:15;2018-02-09T03:30;14;kWh;0;0;0;0;0;0
2018-02-09T03:30;2018-02-09T03:45;15;kWh;0;0;0;0;0;0
2018-02-09T03:45;2018-02-09T04:00;16;kWh;0;550;0;0;550;550
2018-02-09T04:00;2018-02-09T04:15;17;kWh;0;9320;0;0;9320;9320
2018-02-09T04:15;2018-02-09T04:30;18;kWh;0;29229;0;0;29229;29229
2018-02-09T04:30;2018-02-09T04:45;19;kWh;0;24115;0;0;24115;24115
2018-02-09T04:45;2018-02-09T05:00;20;kWh;0;13802;0;0;13802;13802
2018-02-09T05:00;2018-02-09T05:15;21;kWh;-825;4114;0;0;4939;3289
2018-02-09T05:15;2018-02-09T05:30;22;kWh;-431;0;0;0;431;-431
2018-02-09T05:30;2018-02-09T05:45;23;kWh;0;0;0;0;0;0
2018-02-09T05:45;2018-02-09T06:00;24;kWh;-130;0;0;0;130;-130
2018-02-09T06:00;2018-02-09T06:15;25;kWh;-4742;0;0;0;4742;-4742
2018-02-09T06:15;2018-02-09T06:30;26;kWh;-16897;0;0;0;16897;-16897
2018-02-09T06:30;2018-02-09T06:45;27;kWh;-434;0;0;0;434;-434
2018-02-09T06:45;2018-02-09T07:00;28;kWh;-9111;0;0;0;9111;-9111
2018-02-09T07:00;2018-02-09T07:15;29;kWh;-3686;0;0;0;3686;-3686
2018-02-09T07:15;2018-02-09T07:30;30;kWh;-18541;42;0;0;18583;-18499
2018-02-09T07:30;2018-02-09T07:45;31;kWh;-343;5725;0;0;6068;5382
2018-02-09T07:45;2018-02-09T08:00;32;kWh;0;45447;0;0;45447;45447
2018-02-09T08:00;2018-02-09T08:15;33;kWh;-26602;17584;0;0;44186;-9018
2018-02-09T08:15;2018-02-09T08:30;34;kWh;-32780;0;0;0;32780;-32780
2018-02-09T08:30;2018-02-09T08:45;35;kWh;-5475;0;0;0;5475;-5475
2018-02-09T08:45;2018-02-09T09:00;36;kWh;-20189;0;0;0;20189;-20189
2018-02-09T09:00;2018-02-09T09:15;37;kWh;-28332;0;0;0;28332;-28332
2018-02-09T09:15;2018-02-09T09:30;38;kWh;-19441;0;0;0;19441;-19441
2018-02-09T09:30;2018-02-09T09:45;39;kWh;-2813;0;0;0;2813;-2813
2018-02-09T09:45;2018-02-09T10:00;40;kWh;-17688;0;0;0;17688;-17688
2018-02-09T10:00;2018-02-09T10:15;41;kWh;-34260;0;0;0;34260;-34260
2018-02-09T10:15;2018-02-09T10:30;42;kWh;-42316;0;0;0;42316;-42316
2018-02-09T10:30;2018-02-09T10:45;43;kWh;-47320;0;0;0;47320;-47320
2018-02-09T10:45;2018-02-09T11:00;44;kWh;-49647;0;0;0;49647;-49647
2018-02-09T11:00;2018-02-09T11:15;45;kWh;-24927;0;0;0;24927;-24927
2018-02-09T11:15;2018-02-09T11:30;46;kWh;-28143;0;0;0;28143;-28143
2018-02-09T11:30;2018-02-09T11:45;47;kWh;-37485;0;0;0;37485;-37485
2018-02-09T11:45;2018-02-09T12:00;48;kWh;-51929;0;0;0;51929;-51929
2018-02-09T12:00;2018-02-09T12:15;49;kWh;-50182;0;0;0;50182;-50182
2018-02-09T12:15;2018-02-09T12:30;50;kWh;-33491;0;0;0;33491;-33491
2018-02-09T12:30;2018-02-09T12:45;51;kWh;-45433;0;0;0;45433;-45433
2018-02-09T12:45;2018-02-09T13:00;52;kWh;-12550;0;0;0;12550;-12550
2018-02-09T13:00;2018-02-09T13:15;53;kWh;-41364;0;0;0;41364;-41364
2018-02-09T13:15;2018-02-09T13:30;54;kWh;-28908;0;0;0;28908;-28908
2018-02-09T13:30;2018-02-09T13:45;55;kWh;-36044;0;0;0;36044;-36044
2018-02-09T13:45;2018-02-09T14:00;56;kWh;-36148;0;0;0;36148;-36148
2018-02-09T14:00;2018-02-09T14:15;57;kWh;-9586;0;0;0;9586;-9586
2018-02-09T14:15;2018-02-09T14:30;58;kWh;-2020;0;0;0;2020;-2020
2018-02-09T14:30;2018-02-09T14:45;59;kWh;0;6393;0;0;6393;6393
2018-02-09T14:45;2018-02-09T15:00;60;kWh;0;9780;0;0;9780;9780
2018-02-09T15:00;2018-02-09T15:15;61;kWh;0;6701;0;0;6701;6701
2018-02-09T15:15;2018-02-09T15:30;62;kWh;0;513;0;0;513;513
2018-02-09T15:30;2018-02-09T15:45;63;kWh;0;352;0;0;352;352
2018-02-09T15:45;2018-02-09T16:00;64;kWh;0;170;0;0;170;170
2018-02-09T16:00;2018-02-09T16:15;65;kWh;0;0;0;0;0;0
2018-02-09T16:15;2018-02-09T16:30;66;kWh;0;0;0;0;0;0
2018-02-09T16:30;2018-02-09T16:45;67;kWh;-66;0;0;0;66;-66
2018-02-09T16:45;2018-02-09T17:00;68;kWh;0;642;0;0;642;642
2018-02-09T17:00;2018-02-09T17:15;69;kWh;-18046;161;0;0;18207;-17885
2018-02-09T17:15;2018-02-09T17:30;70;kWh;-11262;0;0;0;11262;-11262
2018-02-09T17:30;2018-02-09T17:45;71;kWh;-411;0;0;0;411;-411
2018-02-09T17:45;2018-02-09T18:00;72;kWh;0;0;0;0;0;0
2018-02-09T18:00;2018-02-09T18:15;73;kWh;0;0;0;0;0;0
2018-02-09T18:15;2018-02-09T18:30;74;kWh;0;0;0;0;0;0
2018-02-09T18:30;2018-02-09T18:45;75;kWh;-1652;0;0;0;1652;-1652
2018-02-09T18:45;2018-02-09T19:00;76;kWh;-17583;0;0;0;17583;-17583
2018-02-09T19:00;2018-02-09T19:15;77;kWh;-4003;8011;0;0;12014;4008
2018-02-09T19:15;2018-02-09T19:30;78;kWh;0;1495;0;0;1495;1495
2018-02-09T19:30;2018-02-09T19:45;79;kWh;-9;855;0;0;864;846
2018-02-09T19:45;2018-02-09T20:00;80;kWh;-6526;0;0;0;6526;-6526
2018-02-09T20:00;2018-02-09T20:15;81;kWh;-7153;14164;0;0;21317;7011
2018-02-09T20:15;2018-02-09T20:30;82;kWh;-19;30836;0;0;30855;30817
2018-02-09T20:30;2018-02-09T20:45;83;kWh;-2251;599;0;0;2850;-1652
2018-02-09T20:45;2018-02-09T21:00;84;kWh;-28376;0;0;0;28376;-28376
2018-02-09T21:00;2018-02-09T21:15;85;kWh;-11744;8327;0;0;20071;-3417
2018-02-09T21:15;2018-02-09T21:30;86;kWh;-5;14478;0;0;14483;14473
2018-02-09T21:30;2018-02-09T21:45;87;kWh;-579;144;0;0;723;-435
2018-02-09T21:45;2018-02-09T22:00;88;kWh;-6216;0;0;0;6216;-6216
2018-02-09T22:00;2018-02-09T22:15;89;kWh;-13858;0;0;0;13858;-13858
2018-02-09T22:15;2018-02-09T22:30;90;kWh;-844;0;0;0;844;-844
2018-02-09T22:30;2018-02-09T22:45;91;kWh;0;585;0;0;585;585
2018-02-09T22:45;2018-02-09T23:00;92;kWh;0;654;0;0;654;654
2018-02-09T23:00;2018-02-09T23:15;93;kWh;0;1314;0;0;1314;1314
2018-02-09T23:15;2018-02-09T23:30;94;kWh;0;6531;0;0;6531;6531
2018-02-09T23:30;2018-02-09T23:45;95;kWh;0;16456;0;0;16456;16456
2018-02-09T23:45;2018-02-10T00:00;96;kWh;0;24070;0;0;24070;24070
2018-02-10T00:00;2018-02-10T00:15;1;kWh;-1430;3318;0;0;4748;1888
2018-02-10T00:15;2018-02-10T00:30;2;kWh;0;0;0;0;0;0
2018-02-10T00:30;2018-02-10T00:45;3;kWh;0;0;0;0;0;0
2018-02-10T00:45;2018-02-10T01:00;4;kWh;0;1681;0;0;1681;1681
2018-02-10T01:00;2018-02-10T01:15;5;kWh;0;11065;0;0;11065;11065
2018-02-10T01:15;2018-02-10T01:30;6;kWh;0;19199;0;0;19199;19199
2018-02-10T01:30;2018-02-10T01:45;7;kWh;-297;2361;0;0;2658;2064
2018-02-10T01:45;2018-02-10T02:00;8;kWh;0;0;0;0;0;0
2018-02-10T02:00;2018-02-10T02:15;9;kWh;0;14104;0;0;14104;14104
2018-02-10T02:15;2018-02-10T02:30;10;kWh;0;31362;0;0;31362;31362
2018-02-10T02:30;2018-02-10T02:45;11;kWh;0;28670;0;0;28670;28670
2018-02-10T02:45;2018-02-10T03:00;12;kWh;0;13368;0;0;13368;13368
2018-02-10T03:00;2018-02-10T03:15;13;kWh;0;17509;0;0;17509;17509
2018-02-10T03:15;2018-02-10T03:30;14;kWh;0;28427;0;0;28427;28427
2018-02-10T03:30;2018-02-10T03:45;15;kWh;0;10158;0;0;10158;10158
2018-02-10T03:45;2018-02-10T04:00;16;kWh;0;3476;0;0;3476;3476
2018-02-10T04:00;2018-02-10T04:15;17;kWh;0;6175;0;0;6175;6175
2018-02-10T04:15;2018-02-10T04:30;18;kWh;0;10090;0;0;10090;10090
2018-02-10T04:30;2018-02-10T04:45;19;kWh;0;13672;0;0;13672;13672
2018-02-10T04:45;2018-02-10T05:00;20;kWh;0;16435;0;0;16435;16435
2018-02-10T05:00;2018-02-10T05:15;21;kWh;-106;5478;0;0;5584;5372
2018-02-10T05:15;2018-02-10T05:30;22;kWh;-772;0;0;0;772;-772
2018-02-10T05:30;2018-02-10T05:45;23;kWh;0;902;0;0;902;902
2018-02-10T05:45;2018-02-10T06:00;24;kWh;0;7187;0;0;7187;7187
2018-02-10T06:00;2018-02-10T06:15;25;kWh;0;874;0;0;874;874
2018-02-10T06:15;2018-02-10T06:30;26;kWh;0;0;0;0;0;0
2018-02-10T06:30;2018-02-10T06:45;27;kWh;0;2056;0;0;2056;2056
2018-02-10T06:45;2018-02-10T07:00;28;kWh;0;3366;0;0;3366;3366
2018-02-10T07:00;2018-02-10T07:15;29;kWh;-1345;389;0;0;1734;-956
2018-02-10T07:15;2018-02-10T07:30;30;kWh;-719;0;0;0;719;-719
2018-02-10T07:30;2018-02-10T07:45;31;kWh;-4665;436;0;0;5101;-4229
2018-02-10T07:45;2018-02-10T08:00;32;kWh;-28;11694;0;0;11722;11666
2018-02-10T08:00;2018-02-10T08:15;33;kWh;-16298;3050;0;0;19348;-13248
2018-02-10T08:15;2018-02-10T08:30;34;kWh;-12807;0;0;0;12807;-12807
2018-02-10T08:30;2018-02-10T08:45;35;kWh;-390;446;0;0;836;56
2018-02-10T08:45;2018-02-10T09:00;36;kWh;0;24865;0;0;24865;24865
2018-02-10T09:00;2018-02-10T09:15;37;kWh;-2006;20187;0;0;22193;18181
2018-02-10T09:15;2018-02-10T09:30;38;kWh;-256;1072;0;0;1328;816
2018-02-10T09:30;2018-02-10T09:45;39;kWh;0;107;0;0;107;107
2018-02-10T09:45;2018-02-10T10:00;40;kWh;0;368;0;0;368;368
2018-02-10T10:00;2018-02-10T10:15;41;kWh;0;2;0;0;2;2
2018-02-10T10:15;2018-02-10T10:30;42;kWh;0;0;0;0;0;0
2018-02-10T10:30;2018-02-10T10:45;43;kWh;0;0;0;0;0;0
2018-02-10T10:45;2018-02-10T11:00;44;kWh;0;0;0;0;0;0
2018-02-10T11:00;2018-02-10T11:15;45;kWh;0;177;0;0;177;177
2018-02-10T11:15;2018-02-10T11:30;46;kWh;0;393;0;0;393;393
2018-02-10T11:30;2018-02-10T11:45;47;kWh;0;0;0;0;0;0
2018-02-10T11:45;2018-02-10T12:00;48;kWh;0;0;0;0;0;0
2018-02-10T12:00;2018-02-10T12:15;49;kWh;0;0;0;0;0;0
2018-02-10T12:15;2018-02-10T12:30;50;kWh;-12;0;0;0;12;-12
2018-02-10T12:30;2018-02-10T12:45;51;kWh;-98;0;0;0;98;-98
2018-02-10T12:45;2018-02-10T13:00;52;kWh;-14050;0;0;0;14050;-14050
2018-02-10T13:00;2018-02-10T13:15;53;kWh;-17720;0;0;0;17720;-17720
2018-02-10T13:15;2018-02-10T13:30;54;kWh;-648;0;0;0;648;-648
2018-02-10T13:30;2018-02-10T13:45;55;kWh;-4170;0;0;0;4170;-4170
2018-02-10T13:45;2018-02-10T14:00;56;kWh;-76601;0;0;0;76601;-76601
2018-02-10T14:00;2018-02-10T14:15;57;kWh;-32010;0;0;0;32010;-32010
2018-02-10T14:15;2018-02-10T14:30;58;kWh;-1627;0;0;0;1627;-1627
2018-02-10T14:30;2018-02-10T14:45;59;kWh;-45816;0;0;0;45816;-45816
2018-02-10T14:45;2018-02-10T15:00;60;kWh;-88081;0;0;0;88081;-88081
2018-02-10T15:00;2018-02-10T15:15;61;kWh;-49892;0;0;0;49892;-49892
2018-02-10T15:15;2018-02-10T15:30;62;kWh;-434;0;0;0;434;-434
2018-02-10T15:30;2018-02-10T15:45;63;kWh;-14165;0;0;0;14165;-14165
2018-02-10T15:45;2018-02-10T16:00;64;kWh;-43230;0;0;0;43230;-43230
2018-02-10T16:00;2018-02-10T16:15;65;kWh;-18684;0;0;0;18684;-18684
2018-02-10T16:15;2018-02-10T16:30;66;kWh;-19;0;0;0;19;-19
2018-02-10T16:30;2018-02-10T16:45;67;kWh;-526;0;0;0;526;-526
2018-02-10T16:45;2018-02-10T17:00;68;kWh;-2716;0;0;0;2716;-2716
2018-02-10T17:00;2018-02-10T17:15;69;kWh;-36122;0;0;0;36122;-36122
2018-02-10T17:15;2018-02-10T17:30;70;kWh;-46295;0;0;0;46295;-46295
2018-02-10T17:30;2018-02-10T17:45;71;kWh;-40829;9;0;0;40838;-40820
2018-02-10T17:45;2018-02-10T18:00;72;kWh;-1309;421;0;0;1730;-888
2018-02-10T18:00;2018-02-10T18:15;73;kWh;-250;0;0;0;250;-250
2018-02-10T18:15;2018-02-10T18:30;74;kWh;-100;0;0;0;100;-100
2018-02-10T18:30;2018-02-10T18:45;75;kWh;-3338;0;0;0;3338;-3338
2018-02-10T18:45;2018-02-10T19:00;76;kWh;-29100;0;0;0;29100;-29100
2018-02-10T19:00;2018-02-10T19:15;77;kWh;-15072;617;0;0;15689;-14455
2018-02-10T19:15;2018-02-10T19:30;78;kWh;-3499;15;0;0;3514;-3484
2018-02-10T19:30;2018-02-10T19:45;79;kWh;-43399;0;0;0;43399;-43399
2018-02-10T19:45;2018-02-10T20:00;80;kWh;-22414;235;0;0;22649;-22179
2018-02-10T20:00;2018-02-10T20:15;81;kWh;-339;855;0;0;1194;516
2018-02-10T20:15;2018-02-10T20:30;82;kWh;0;27;0;0;27;27
2018-02-10T20:30;2018-02-10T20:45;83;kWh;-4263;0;0;0;4263;-4263
2018-02-10T20:45;2018-02-10T21:00;84;kWh;-41620;0;0;0;41620;-41620
2018-02-10T21:00;2018-02-10T21:15;85;kWh;-28281;0;0;0;28281;-28281
2018-02-10T21:15;2018-02-10T21:30;86;kWh;-3;437;0;0;440;434
2018-02-10T21:30;2018-02-10T21:45;87;kWh;-11633;0;0;0;11633;-11633
2018-02-10T21:45;2018-02-10T22:00;88;kWh;-30296;0;0;0;30296;-30296
2018-02-10T22:00;2018-02-10T22:15;89;kWh;-22272;1649;0;0;23921;-20623
2018-02-10T22:15;2018-02-10T22:30;90;kWh;-643;9408;0;0;10051;8765
2018-02-10T22:30;2018-02-10T22:45;91;kWh;-5227;0;0;0;5227;-5227
2018-02-10T22:45;2018-02-10T23:00;92;kWh;-21922;0;0;0;21922;-21922
2018-02-10T23:00;2018-02-10T23:15;93;kWh;-10661;0;0;0;10661;-10661
2018-02-10T23:15;2018-02-10T23:30;94;kWh;-9863;0;0;0;9863;-9863
2018-02-10T23:30;2018-02-10T23:45;95;kWh;-41162;0;0;0;41162;-41162
2018-02-10T23:45;2018-02-11T00:00;96;kWh;-47292;0;0;0;47292;-47292
2018-02-11T00:00;2018-02-11T00:15;1;kWh;-22229;1606;0;0;23835;-20623
2018-02-11T00:15;2018-02-11T00:30;2;kWh;-1190;16372;0;0;17562;15182
2018-02-11T00:30;2018-02-11T00:45;3;kWh;-25388;185;0;0;25573;-25203
2018-02-11T00:45;2018-02-11T01:00;4;kWh;-3728;1118;0;0;4846;-2610
2018-02-11T01:00;2018-02-11T01:15;5;kWh;-5165;8088;0;0;13253;2923
2018-02-11T01:15;2018-02-11T01:30;6;kWh;0;21605;0;0;21605;21605
2018-02-11T01:30;2018-02-11T01:45;7;kWh;-10487;1910;0;0;12397;-8577
2018-02-11T01:45;2018-02-11T02:00;8;kWh;-22733;0;0;0;22733;-22733
2018-02-11T02:00;2018-02-11T02:15;9;kWh;-13212;3062;0;0;16274;-10150
2018-02-11T02:15;2018-02-11T02:30;10;kWh;0;9903;0;0;9903;9903
2018-02-11T02:30;2018-02-11T02:45;11;kWh;0;1316;0;0;1316;1316
2018-02-11T02:45;2018-02-11T03:00;12;kWh;0;0;0;0;0;0
2018-02-11T03:00;2018-02-11T03:15;13;kWh;0;4102;0;0;4102;4102
2018-02-11T03:15;2018-02-11T03:30;14;kWh;0;6205;0;0;6205;6205
2018-02-11T03:30;2018-02-11T03:45;15;kWh;0;7055;0;0;7055;7055
2018-02-11T03:45;2018-02-11T04:00;16;kWh;0;1811;0;0;1811;1811
2018-02-11T04:00;2018-02-11T04:15;17;kWh;0;4535;0;0;4535;4535
2018-02-11T04:15;2018-02-11T04:30;18;kWh;0;15912;0;0;15912;15912
2018-02-11T04:30;2018-02-11T04:45;19;kWh;-54;2025;0;0;2079;1971
2018-02-11T04:45;2018-02-11T05:00;20;kWh;-411;3;0;0;414;-408
2018-02-11T05:00;2018-02-11T05:15;21;kWh;-6934;0;0;0;6934;-6934
2018-02-11T05:15;2018-02-11T05:30;22;kWh;-8743;0;0;0;8743;-8743
2018-02-11T05:30;2018-02-11T05:45;23;kWh;-1706;1031;0;0;2737;-675
2018-02-11T05:45;2018-02-11T06:00;24;kWh;0;3956;0;0;3956;3956
2018-02-11T06:00;2018-02-11T06:15;25;kWh;-27;1047;0;0;1074;1020
2018-02-11T06:15;2018-02-11T06:30;26;kWh;0;3327;0;0;3327;3327
2018-02-11T06:30;2018-02-11T06:45;27;kWh;0;23780;0;0;23780;23780
2018-02-11T06:45;2018-02-11T07:00;28;kWh;0;32025;0;0;32025;32025
2018-02-11T07:00;2018-02-11T07:15;29;kWh;-820;14416;0;0;15236;13596
2018-02-11T07:15;2018-02-11T07:30;30;kWh;-27;6201;0;0;6228;6174
2018-02-11T07:30;2018-02-11T07:45;31;kWh;0;21725;0;0;21725;21725
2018-02-11T07:45;2018-02-11T08:00;32;kWh;0;54282;0;0;54282;54282
2018-02-11T08:00;2018-02-11T08:15;33;kWh;-5843;22810;0;0;28653;16967
2018-02-11T08:15;2018-02-11T08:30;34;kWh;-4847;10362;0;0;15209;5515
2018-02-11T08:30;2018-02-11T08:45;35;kWh;0;46464;0;0;46464;46464
2018-02-11T08:45;2018-02-11T09:00;36;kWh;0;15705;0;0;15705;15705
2018-02-11T09:00;2018-02-11T09:15;37;kWh;-405;13898;0;0;14303;13493
2018-02-11T09:15;2018-02-11T09:30;38;kWh;-421;1071;0;0;1492;650
2018-02-11T09:30;2018-02-11T09:45;39;kWh;-148;410;0;0;558;262
2018-02-11T09:45;2018-02-11T10:00;40;kWh;-1866;0;0;0;1866;-1866
2018-02-11T10:00;2018-02-11T10:15;41;kWh;-6527;0;0;0;6527;-6527
2018-02-11T10:15;2018-02-11T10:30;42;kWh;-2484;0;0;0;2484;-2484
2018-02-11T10:30;2018-02-11T10:45;43;kWh;-2137;0;0;0;2137;-2137
2018-02-11T10:45;2018-02-11T11:00;44;kWh;-604;0;0;0;604;-604
2018-02-11T11:00;2018-02-11T11:15;45;kWh;-1247;0;0;0;1247;-1247
2018-02-11T11:15;2018-02-11T11:30;46;kWh;-5022;0;0;0;5022;-5022
2018-02-11T11:30;2018-02-11T11:45;47;kWh;-90;0;0;0;90;-90
2018-02-11T11:45;2018-02-11T12:00;48;kWh;0;0;0;0;0;0
2018-02-11T12:00;2018-02-11T12:15;49;kWh;0;0;0;0;0;0
2018-02-11T12:15;2018-02-11T12:30;50;kWh;-11856;0;0;0;11856;-11856
2018-02-11T12:30;2018-02-11T12:45;51;kWh;-19662;0;0;0;19662;-19662
2018-02-11T12:45;2018-02-11T13:00;52;kWh;-16512;0;0;0;16512;-16512
2018-02-11T13:00;2018-02-11T13:15;53;kWh;-19689;0;0;0;19689;-19689
2018-02-11T13:15;2018-02-11T13:30;54;kWh;-39;0;0;0;39;-39
2018-02-11T13:30;2018-02-11T13:45;55;kWh;0;0;0;0;0;0
2018-02-11T13:45;2018-02-11T14:00;56;kWh;-1956;0;0;0;1956;-1956
2018-02-11T14:00;2018-02-11T14:15;57;kWh;-3265;0;0;0;3265;-3265
2018-02-11T14:15;2018-02-11T14:30;58;kWh;-8111;0;0;0;8111;-8111
2018-02-11T14:30;2018-02-11T14:45;59;kWh;-2857;0;0;0;2857;-2857
2018-02-11T14:45;2018-02-11T15:00;60;kWh;-8292;0;0;0;8292;-8292
2018-02-11T15:00;2018-02-11T15:15;61;kWh;-13579;0;0;0;13579;-13579
2018-02-11T15:15;2018-02-11T15:30;62;kWh;-186;0;0;0;186;-186
2018-02-11T15:30;2018-02-11T15:45;63;kWh;0;0;0;0;0;0
2018-02-11T15:45;2018-02-11T16:00;64;kWh;0;0;0;0;0;0
2018-02-11T16:00;2018-02-11T16:15;65;kWh;0;0;0;0;0;0
2018-02-11T16:15;2018-02-11T16:30;66;kWh;0;3711;0;0;3711;3711
2018-02-11T16:30;2018-02-11T16:45;67;kWh;-398;1900;0;0;2298;1502
2018-02-11T16:45;2018-02-11T17:00;68;kWh;0;32509;0;0;32509;32509
2018-02-11T17:00;2018-02-11T17:15;69;kWh;-14280;10725;0;0;25005;-3555
2018-02-11T17:15;2018-02-11T17:30;70;kWh;-11064;0;0;0;11064;-11064
2018-02-11T17:30;2018-02-11T17:45;71;kWh;-2808;1640;0;0;4448;-1168
2018-02-11T17:45;2018-02-11T18:00;72;kWh;0;32072;0;0;32072;32072
2018-02-11T18:00;2018-02-11T18:15;73;kWh;0;35156;0;0;35156;35156
2018-02-11T18:15;2018-02-11T18:30;74;kWh;0;26843;0;0;26843;26843
2018-02-11T18:30;2018-02-11T18:45;75;kWh;0;34659;0;0;34659;34659
2018-02-11T18:45;2018-02-11T19:00;76;kWh;0;34971;0;0;34971;34971
2018-02-11T19:00;2018-02-11T19:15;77;kWh;0;38798;0;0;38798;38798
2018-02-11T19:15;2018-02-11T19:30;78;kWh;-1334;15285;0;0;16619;13951
2018-02-11T19:30;2018-02-11T19:45;79;kWh;-2642;3149;0;0;5791;507
2018-02-11T19:45;2018-02-11T20:00;80;kWh;0;6810;0;0;6810;6810
2018-02-11T20:00;2018-02-11T20:15;81;kWh;-191;2036;0;0;2227;1845
2018-02-11T20:15;2018-02-11T20:30;82;kWh;-69;12938;0;0;13007;12869
2018-02-11T20:30;2018-02-11T20:45;83;kWh;-10386;556;0;0;10942;-9830
2018-02-11T20:45;2018-02-11T21:00;84;kWh;-3258;4140;0;0;7398;882
2018-02-11T21:00;2018-02-11T21:15;85;kWh;-4806;0;0;0;4806;-4806
2018-02-11T21:15;2018-02-11T21:30;86;kWh;-853;0;0;0;853;-853
2018-02-11T21:30;2018-02-11T21:45;87;kWh;-1179;0;0;0;1179;-1179
2018-02-11T21:45;2018-02-11T22:00;88;kWh;-7212;0;0;0;7212;-7212
2018-02-11T22:00;2018-02-11T22:15;89;kWh;-9786;0;0;0;9786;-9786
2018-02-11T22:15;2018-02-11T22:30;90;kWh;-14227;0;0;0;14227;-14227
2018-02-11T22:30;2018-02-11T22:45;91;kWh;-31133;0;0;0;31133;-31133
2018-02-11T22:45;2018-02-11T23:00;92;kWh;-50908;0;0;0;50908;-50908
2018-02-11T23:00;2018-02-11T23:15;93;kWh;-15718;18177;0;0;33895;2459
2018-02-11T23:15;2018-02-11T23:30;94;kWh;-411;14185;0;0;14596;13774
2018-02-11T23:30;2018-02-11T23:45;95;kWh;-11983;54;0;0;12037;-11929
2018-02-11T23:45;2018-02-12T00:00;96;kWh;-38148;0;0;0;38148;-38148
2018-02-12T00:00;2018-02-12T00:15;1;kWh;-29307;293;0;0;29600;-29014
2018-02-12T00:15;2018-02-12T00:30;2;kWh;-271;253;0;0;524;-18
2018-02-12T00:30;2018-02-12T00:45;3;kWh;-2351;133;0;0;2484;-2218
2018-02-12T00:45;2018-02-12T01:00;4;kWh;0;2658;0;0;2658;2658
2018-02-12T01:00;2018-02-12T01:15;5;kWh;0;13298;0;0;13298;13298
2018-02-12T01:15;2018-02-12T01:30;6;kWh;0;48146;0;0;48146;48146
2018-02-12T01:30;2018-02-12T01:45;7;kWh;0;10311;0;0;10311;10311
2018-02-12T01:45;2018-02-12T02:00;8;kWh;0;1195;0;0;1195;1195
2018-02-12T02:00;2018-02-12T02:15;9;kWh;-1104;120;0;0;1224;-984
2018-02-12T02:15;2018-02-12T02:30;10;kWh;-22807;0;0;0;22807;-22807
2018-02-12T02:30;2018-02-12T02:45;11;kWh;-16090;0;0;0;16090;-16090
2018-02-12T02:45;2018-02-12T03:00;12;kWh;-14224;0;0;0;14224;-14224
2018-02-12T03:00;2018-02-12T03:15;13;kWh;-20301;160;0;0;20461;-20141
2018-02-12T03:15;2018-02-12T03:30;14;kWh;-1509;9740;0;0;11249;8231
2018-02-12T03:30;2018-02-12T03:45;15;kWh;0;1046;0;0;1046;1046
2018-02-12T03:45;2018-02-12T04:00;16;kWh;-7097;6;0;0;7103;-7091
2018-02-12T04:00;2018-02-12T04:15;17;kWh;-21888;53;0;0;21941;-21835
2018-02-12T04:15;2018-02-12T04:30;18;kWh;-9966;545;0;0;10511;-9421
2018-02-12T04:30;2018-02-12T04:45;19;kWh;-30569;0;0;0;30569;-30569
2018-02-12T04:45;2018-02-12T05:00;20;kWh;-14121;0;0;0;14121;-14121
2018-02-12T05:00;2018-02-12T05:15;21;kWh;-6487;0;0;0;6487;-6487
2018-02-12T05:15;2018-02-12T05:30;22;kWh;-5882;0;0;0;5882;-5882
2018-02-12T05:30;2018-02-12T05:45;23;kWh;-890;13709;0;0;14599;12819
2018-02-12T05:45;2018-02-12T06:00;24;kWh;0;35055;0;0;35055;35055
2018-02-12T06:00;2018-02-12T06:15;25;kWh;-4498;18162;0;0;22660;13664
2018-02-12T06:15;2018-02-12T06:30;26;kWh;-12405;0;0;0;12405;-12405
2018-02-12T06:30;2018-02-12T06:45;27;kWh;-14749;0;0;0;14749;-14749
2018-02-12T06:45;2018-02-12T07:00;28;kWh;-4242;0;0;0;4242;-4242
2018-02-12T07:00;2018-02-12T07:15;29;kWh;-27837;0;0;0;27837;-27837
2018-02-12T07:15;2018-02-12T07:30;30;kWh;-29450;0;0;0;29450;-29450
2018-02-12T07:30;2018-02-12T07:45;31;kWh;-4451;192;0;0;4643;-4259
2018-02-12T07:45;2018-02-12T08:00;32;kWh;-6209;1055;0;0;7264;-5154
2018-02-12T08:00;2018-02-12T08:15;33;kWh;-1062;417;0;0;1479;-645
2018-02-12T08:15;2018-02-12T08:30;34;kWh;-12635;0;0;0;12635;-12635
2018-02-12T08:30;2018-02-12T08:45;35;kWh;-5960;1417;0;0;7377;-4543
2018-02-12T08:45;2018-02-12T09:00;36;kWh;0;15546;0;0;15546;15546
2018-02-12T09:00;2018-02-12T09:15;37;kWh;-1391;5110;0;0;6501;3719
2018-02-12T09:15;2018-02-12T09:30;38;kWh;-10273;0;0;0;10273;-10273
2018-02-12T09:30;2018-02-12T09:45;39;kWh;-18293;0;0;0;18293;-18293
2018-02-12T09:45;2018-02-12T10:00;40;kWh;-27303;0;0;0;27303;-27303
2018-02-12T10:00;2018-02-12T10:15;41;kWh;-17236;0;0;0;17236;-17236
2018-02-12T10:15;2018-02-12T10:30;42;kWh;-37193;0;0;0;37193;-37193
2018-02-12T10:30;2018-02-12T10:45;43;kWh;-44401;0;0;0;44401;-44401
2018-02-12T10:45;2018-02-12T11:00;44;kWh;-52631;0;0;0;52631;-52631
2018-02-12T11:00;2018-02-12T11:15;45;kWh;-36743;0;0;0;36743;-36743
2018-02-12T11:15;2018-02-12T11:30;46;kWh;-19965;0;0;0;19965;-19965
2018-02-12T11:30;2018-02-12T11:45;47;kWh;-35266;0;0;0;35266;-35266
2018-02-12T11:45;2018-02-12T12:00;48;kWh;-36960;0;0;0;36960;-36960
2018-02-12T12:00;2018-02-12T12:15;49;kWh;-26275;393;0;0;26668;-25882
2018-02-12T12:15;2018-02-12T12:30;50;kWh;-587;233;0;0;820;-354
2018-02-12T12:30;2018-02-12T12:45;51;kWh;-5424;0;0;0;5424;-5424
2018-02-12T12:45;2018-02-12T13:00;52;kWh;-8519;0;0;0;8519;-8519
2018-02-12T13:00;2018-02-12T13:15;53;kWh;-25856;0;0;0;25856;-25856
2018-02-12T13:15;2018-02-12T13:30;54;kWh;-19426;0;0;0;19426;-19426
2018-02-12T13:30;2018-02-12T13:45;55;kWh;-8559;0;0;0;8559;-8559
2018-02-12T13:45;2018-02-12T14:00;56;kWh;-18798;0;0;0;18798;-18798
2018-02-12T14:00;2018-02-12T14:15;57;kWh;-15682;1064;0;0;16746;-14618
2018-02-12T14:15;2018-02-12T14:30;58;kWh;-10306;0;0;0;10306;-10306
2018-02-12T14:30;2018-02-12T14:45;59;kWh;-31898;0;0;0;31898;-31898
2018-02-12T14:45;2018-02-12T15:00;60;kWh;-39409;0;0;0;39409;-39409
2018-02-12T15:00;2018-02-12T15:15;61;kWh;-21502;0;0;0;21502;-21502
2018-02-12T15:15;2018-02-12T15:30;62;kWh;-19013;0;0;0;19013;-19013
2018-02-12T15:30;2018-02-12T15:45;63;kWh;-270;846;0;0;1116;576
2018-02-12T15:45;2018-02-12T16:00;64;kWh;0;17763;0;0;17763;17763
2018-02-12T16:00;2018-02-12T16:15;65;kWh;-1355;9419;0;0;10774;8064
2018-02-12T16:15;2018-02-12T16:30;66;kWh;-47;0;0;0;47;-47
2018-02-12T16:30;2018-02-12T16:45;67;kWh;-894;0;0;0;894;-894
2018-02-12T16:45;2018-02-12T17:00;68;kWh;-953;0;0;0;953;-953
2018-02-12T17:00;2018-02-12T17:15;69;kWh;-18688;0;0;0;18688;-18688
2018-02-12T17:15;2018-02-12T17:30;70;kWh;-1530;6492;0;0;8022;4962
2018-02-12T17:30;2018-02-12T17:45;71;kWh;-111;554;0;0;665;443
2018-02-12T17:45;2018-02-12T18:00;72;kWh;0;6628;0;0;6628;6628
2018-02-12T18:00;2018-02-12T18:15;73;kWh;-3434;6331;0;0;9765;2897
2018-02-12T18:15;2018-02-12T18:30;74;kWh;-5286;1930;0;0;7216;-3356
2018-02-12T18:30;2018-02-12T18:45;75;kWh;0;151;0;0;151;151
2018-02-12T18:45;2018-02-12T19:00;76;kWh;0;0;0;0;0;0
2018-02-12T19:00;2018-02-12T19:15;77;kWh;-3212;0;0;0;3212;-3212
2018-02-12T19:15;2018-02-12T19:30;78;kWh;-26592;0;0;0;26592;-26592
2018-02-12T19:30;2018-02-12T19:45;79;kWh;-32644;0;0;0;32644;-32644
2018-02-12T19:45;2018-02-12T20:00;80;kWh;-43050;0;0;0;43050;-43050
2018-02-12T20:00;2018-02-12T20:15;81;kWh;-21506;461;0;0;21967;-21045
2018-02-12T20:15;2018-02-12T20:30;82;kWh;-19889;12;0;0;19901;-19877
2018-02-12T20:30;2018-02-12T20:45;83;kWh;-25792;0;0;0;25792;-25792
2018-02-12T20:45;2018-02-12T21:00;84;kWh;-39748;0;0;0;39748;-39748
2018-02-12T21:00;2018-02-12T21:15;85;kWh;-21900;81;0;0;21981;-21819
2018-02-12T21:15;2018-02-12T21:30;86;kWh;-178;1806;0;0;1984;1628
2018-02-12T21:30;2018-02-12T21:45;87;kWh;-2782;0;0;0;2782;-2782
2018-02-12T21:45;2018-02-12T22:00;88;kWh;-48336;0;0;0;48336;-48336
2018-02-12T22:00;2018-02-12T22:15;89;kWh;-7372;7059;0;0;14431;-313
2018-02-12T22:15;2018-02-12T22:30;90;kWh;-2977;4181;0;0;7158;1204
2018-02-12T22:30;2018-02-12T22:45;91;kWh;-38225;0;0;0;38225;-38225
2018-02-12T22:45;2018-02-12T23:00;92;kWh;-56456;0;0;0;56456;-56456
2018-02-12T23:00;2018-02-12T23:15;93;kWh;-14945;4218;0;0;19163;-10727
2018-02-12T23:15;2018-02-12T23:30;94;kWh;-13152;506;0;0;13658;-12646
2018-02-12T23:30;2018-02-12T23:45;95;kWh;-55807;0;0;0;55807;-55807
2018-02-12T23:45;2018-02-13T00:00;96;kWh;-63894;0;0;0;63894;-63894
2018-02-13T00:00;2018-02-13T00:15;1;kWh;-14412;4205;0;0;18617;-10207
2018-02-13T00:15;2018-02-13T00:30;2;kWh;0;1078;0;0;1078;1078
2018-02-13T00:30;2018-02-13T00:45;3;kWh;0;9149;0;0;9149;9149
2018-02-13T00:45;2018-02-13T01:00;4;kWh;-9;7950;0;0;7959;7941
2018-02-13T01:00;2018-02-13T01:15;5;kWh;-161;404;0;0;565;243
2018-02-13T01:15;2018-02-13T01:30;6;kWh;0;0;0;0;0;0
2018-02-13T01:30;2018-02-13T01:45;7;kWh;0;0;0;0;0;0
2018-02-13T01:45;2018-02-13T02:00;8;kWh;0;0;0;0;0;0
2018-02-13T02:00;2018-02-13T02:15;9;kWh;0;0;0;0;0;0
2018-02-13T02:15;2018-02-13T02:30;10;kWh;0;0;0;0;0;0
2018-02-13T02:30;2018-02-13T02:45;11;kWh;0;0;0;0;0;0
2018-02-13T02:45;2018-02-13T03:00;12;kWh;0;0;0;0;0;0
2018-02-13T03:00;2018-02-13T03:15;13;kWh;0;856;0;0;856;856
2018-02-13T03:15;2018-02-13T03:30;14;kWh;0;5798;0;0;5798;5798
2018-02-13T03:30;2018-02-13T03:45;15;kWh;0;8308;0;0;8308;8308
2018-02-13T03:45;2018-02-13T04:00;16;kWh;0;3129;0;0;3129;3129
2018-02-13T04:00;2018-02-13T04:15;17;kWh;0;5531;0;0;5531;5531
2018-02-13T04:15;2018-02-13T04:30;18;kWh;0;3289;0;0;3289;3289
2018-02-13T04:30;2018-02-13T04:45;19;kWh;0;2752;0;0;2752;2752
2018-02-13T04:45;2018-02-13T05:00;20;kWh;0;418;0;0;418;418
2018-02-13T05:00;2018-02-13T05:15;21;kWh;0;0;0;0;0;0
2018-02-13T05:15;2018-02-13T05:30;22;kWh;0;0;0;0;0;0
2018-02-13T05:30;2018-02-13T05:45;23;kWh;0;0;0;0;0;0
2018-02-13T05:45;2018-02-13T06:00;24;kWh;-1;88;0;0;89;87
2018-02-13T06:00;2018-02-13T06:15;25;kWh;-11440;0;0;0;11440;-11440
2018-02-13T06:15;2018-02-13T06:30;26;kWh;-6340;0;0;0;6340;-6340
2018-02-13T06:30;2018-02-13T06:45;27;kWh;-37;718;0;0;755;681
2018-02-13T06:45;2018-02-13T07:00;28;kWh;0;29134;0;0;29134;29134
2018-02-13T07:00;2018-02-13T07:15;29;kWh;-16405;9289;0;0;25694;-7116
2018-02-13T07:15;2018-02-13T07:30;30;kWh;-1168;0;0;0;1168;-1168
2018-02-13T07:30;2018-02-13T07:45;31;kWh;0;0;0;0;0;0
2018-02-13T07:45;2018-02-13T08:00;32;kWh;0;0;0;0;0;0
2018-02-13T08:00;2018-02-13T08:15;33;kWh;-355;66;0;0;421;-289
2018-02-13T08:15;2018-02-13T08:30;34;kWh;0;10704;0;0;10704;10704
2018-02-13T08:30;2018-02-13T08:45;35;kWh;0;45150;0;0;45150;45150
2018-02-13T08:45;2018-02-13T09:00;36;kWh;0;40540;0;0;40540;40540
2018-02-13T09:00;2018-02-13T09:15;37;kWh;0;33636;0;0;33636;33636
2018-02-13T09:15;2018-02-13T09:30;38;kWh;0;26214;0;0;26214;26214
2018-02-13T09:30;2018-02-13T09:45;39;kWh;0;6610;0;0;6610;6610
2018-02-13T09:45;2018-02-13T10:00;40;kWh;0;1157;0;0;1157;1157
2018-02-13T10:00;2018-02-13T10:15;41;kWh;0;39351;0;0;39351;39351
2018-02-13T10:15;2018-02-13T10:30;42;kWh;-1811;7250;0;0;9061;5439
2018-02-13T10:30;2018-02-13T10:45;43;kWh;-6965;0;0;0;6965;-6965
2018-02-13T10:45;2018-02-13T11:00;44;kWh;-28036;0;0;0;28036;-28036
2018-02-13T11:00;2018-02-13T11:15;45;kWh;-6011;500;0;0;6511;-5511
2018-02-13T11:15;2018-02-13T11:30;46;kWh;-25279;0;0;0;25279;-25279
2018-02-13T11:30;2018-02-13T11:45;47;kWh;-14383;0;0;0;14383;-14383
2018-02-13T11:45;2018-02-13T12:00;48;kWh;-27859;0;0;0;27859;-27859
2018-02-13T12:00;2018-02-13T12:15;49;kWh;-12351;0;0;0;12351;-12351
2018-02-13T12:15;2018-02-13T12:30;50;kWh;-31915;0;0;0;31915;-31915
2018-02-13T12:30;2018-02-13T12:45;51;kWh;-48437;0;0;0;48437;-48437
2018-02-13T12:45;2018-02-13T13:00;52;kWh;-56084;0;0;0;56084;-56084
2018-02-13T13:00;2018-02-13T13:15;53;kWh;-19524;260;0;0;19784;-19264
2018-02-13T13:15;2018-02-13T13:30;54;kWh;-21809;0;0;0;21809;-21809
2018-02-13T13:30;2018-02-13T13:45;55;kWh;-19623;0;0;0;19623;-19623
2018-02-13T13:45;2018-02-13T14:00;56;kWh;-32638;0;0;0;32638;-32638
2018-02-13T14:00;2018-02-13T14:15;57;kWh;-16536;0;0;0;16536;-16536
2018-02-13T14:15;2018-02-13T14:30;58;kWh;-25821;0;0;0;25821;-25821
2018-02-13T14:30;2018-02-13T14:45;59;kWh;-4603;404;0;0;5007;-4199
2018-02-13T14:45;2018-02-13T15:00;60;kWh;-695;187;0;0;882;-508
2018-02-13T15:00;2018-02-13T15:15;61;kWh;-27395;0;0;0;27395;-27395
2018-02-13T15:15;2018-02-13T15:30;62;kWh;-6117;0;0;0;6117;-6117
2018-02-13T15:30;2018-02-13T15:45;63;kWh;0;1031;0;0;1031;1031
2018-02-13T15:45;2018-02-13T16:00;64;kWh;0;20042;0;0;20042;20042
2018-02-13T16:00;2018-02-13T16:15;65;kWh;-1099;11186;0;0;12285;10087
2018-02-13T16:15;2018-02-13T16:30;66;kWh;-39;3141;0;0;3180;3102
2018-02-13T16:30;2018-02-13T16:45;67;kWh;0;33738;0;0;33738;33738
2018-02-13T16:45;2018-02-13T17:00;68;kWh;0;46932;0;0;46932;46932
2018-02-13T17:00;2018-02-13T17:15;69;kWh;-4578;17968;0;0;22546;13390
2018-02-13T17:15;2018-02-13T17:30;70;kWh;-195;51;0;0;246;-144
2018-02-13T17:30;2018-02-13T17:45;71;kWh;0;5100;0;0;5100;5100
2018-02-13T17:45;2018-02-13T18:00;72;kWh;0;34258;0;0;34258;34258
2018-02-13T18:00;2018-02-13T18:15;73;kWh;0;22512;0;0;22512;22512
2018-02-13T18:15;2018-02-13T18:30;74;kWh;0;16006;0;0;16006;16006
2018-02-13T18:30;2018-02-13T18:45;75;kWh;0;29741;0;0;29741;29741
2018-02-13T18:45;2018-02-13T19:00;76;kWh;0;1094;0;0;1094;1094
2018-02-13T19:00;2018-02-13T19:15;77;kWh;0;17460;0;0;17460;17460
2018-02-13T19:15;2018-02-13T19:30;78;kWh;0;4338;0;0;4338;4338
2018-02-13T19:30;2018-02-13T19:45;79;kWh;-613;0;0;0;613;-613
2018-02-13T19:45;2018-02-13T20:00;80;kWh;-5475;0;0;0;5475;-5475
2018-02-13T20:00;2018-02-13T20:15;81;kWh;-4908;0;0;0;4908;-4908
2018-02-13T20:15;2018-02-13T20:30;82;kWh;-522;0;0;0;522;-522
2018-02-13T20:30;2018-02-13T20:45;83;kWh;-800;0;0;0;800;-800
2018-02-13T20:45;2018-02-13T21:00;84;kWh;-12815;0;0;0;12815;-12815
2018-02-13T21:00;2018-02-13T21:15;85;kWh;-9739;194;0;0;9933;-9545
2018-02-13T21:15;2018-02-13T21:30;86;kWh;-23;20363;0;0;20386;20340
2018-02-13T21:30;2018-02-13T21:45;87;kWh;-304;12236;0;0;12540;11932
2018-02-13T21:45;2018-02-13T22:00;88;kWh;-21563;84;0;0;21647;-21479
2018-02-13T22:00;2018-02-13T22:15;89;kWh;-5599;1387;0;0;6986;-4212
2018-02-13T22:15;2018-02-13T22:30;90;kWh;0;741;0;0;741;741
2018-02-13T22:30;2018-02-13T22:45;91;kWh;0;2032;0;0;2032;2032
2018-02-13T22:45;2018-02-13T23:00;92;kWh;0;6754;0;0;6754;6754
2018-02-13T23:00;2018-02-13T23:15;93;kWh;0;1316;0;0;1316;1316
2018-02-13T23:15;2018-02-13T23:30;94;kWh;0;0;0;0;0;0
2018-02-13T23:30;2018-02-13T23:45;95;kWh;0;11058;0;0;11058;11058
2018-02-13T23:45;2018-02-14T00:00;96;kWh;-602;8176;0;0;8778;7574
2018-02-14T00:00;2018-02-14T00:15;1;kWh;-9459;1026;0;0;10485;-8433
2018-02-14T00:15;2018-02-14T00:30;2;kWh;-3599;1766;0;0;5365;-1833
2018-02-14T00:30;2018-02-14T00:45;3;kWh;-19034;0;0;0;19034;-19034
2018-02-14T00:45;2018-02-14T01:00;4;kWh;-37771;0;0;0;37771;-37771
2018-02-14T01:00;2018-02-14T01:15;5;kWh;-17838;2484;0;0;20322;-15354
2018-02-14T01:15;2018-02-14T01:30;6;kWh;-5760;51;0;0;5811;-5709
2018-02-14T01:30;2018-02-14T01:45;7;kWh;-23225;0;0;0;23225;-23225
2018-02-14T01:45;2018-02-14T02:00;8;kWh;-18773;0;0;0;18773;-18773
2018-02-14T02:00;2018-02-14T02:15;9;kWh;-8464;628;0;0;9092;-7836
2018-02-14T02:15;2018-02-14T02:30;10;kWh;-8;31;0;0;39;23
2018-02-14T02:30;2018-02-14T02:45;11;kWh;0;627;0;0;627;627
2018-02-14T02:45;2018-02-14T03:00;12;kWh;0;46;0;0;46;46
2018-02-14T03:00;2018-02-14T03:15;13;kWh;0;528;0;0;528;528
2018-02-14T03:15;2018-02-14T03:30;14;kWh;0;12427;0;0;12427;12427
2018-02-14T03:30;2018-02-14T03:45;15;kWh;0;13130;0;0;13130;13130
2018-02-14T03:45;2018-02-14T04:00;16;kWh;0;4395;0;0;4395;4395
2018-02-14T04:00;2018-02-14T04:15;17;kWh;0;1109;0;0;1109;1109
2018-02-14T04:15;2018-02-14T04:30;18;kWh;0;222;0;0;222;222
2018-02-14T04:30;2018-02-14T04:45;19;kWh;0;0;0;0;0;0
2018-02-14T04:45;2018-02-14T05:00;20;kWh;-42;0;0;0;42;-42
2018-02-14T05:00;2018-02-14T05:15;21;kWh;-28488;0;0;0;28488;-28488
2018-02-14T05:15;2018-02-14T05:30;22;kWh;-39233;0;0;0;39233;-39233
2018-02-14T05:30;2018-02-14T05:45;23;kWh;-39155;0;0;0;39155;-39155
2018-02-14T05:45;2018-02-14T06:00;24;kWh;-12641;338;0;0;12979;-12303
2018-02-14T06:00;2018-02-14T06:15;25;kWh;-21574;0;0;0;21574;-21574
2018-02-14T06:15;2018-02-14T06:30;26;kWh;-19344;0;0;0;19344;-19344
2018-02-14T06:30;2018-02-14T06:45;27;kWh;-10967;14;0;0;10981;-10953
2018-02-14T06:45;2018-02-14T07:00;28;kWh;-438;769;0;0;1207;331
2018-02-14T07:00;2018-02-14T07:15;29;kWh;-35300;0;0;0;35300;-35300
2018-02-14T07:15;2018-02-14T07:30;30;kWh;-9876;0;0;0;9876;-9876
2018-02-14T07:30;2018-02-14T07:45;31;kWh;-301;0;0;0;301;-301
2018-02-14T07:45;2018-02-14T08:00;32;kWh;0;2936;0;0;2936;2936
2018-02-14T08:00;2018-02-14T08:15;33;kWh;0;2898;0;0;2898;2898
2018-02-14T08:15;2018-02-14T08:30;34;kWh;0;3028;0;0;3028;3028
2018-02-14T08:30;2018-02-14T08:45;35;kWh;0;2921;0;0;2921;2921
2018-02-14T08:45;2018-02-14T09:00;36;kWh;0;434;0;0;434;434
2018-02-14T09:00;2018-02-14T09:15;37;kWh;0;7734;0;0;7734;7734
2018-02-14T09:15;2018-02-14T09:30;38;kWh;0;22292;0;0;22292;22292
2018-02-14T09:30;2018-02-14T09:45;39;kWh;0;14702;0;0;14702;14702
2018-02-14T09:45;2018-02-14T10:00;40;kWh;0;1675;0;0;1675;1675
2018-02-14T10:00;2018-02-14T10:15;41;kWh;0;34920;0;0;34920;34920
2018-02-14T10:15;2018-02-14T10:30;42;kWh;0;18760;0;0;18760;18760
2018-02-14T10:30;2018-02-14T10:45;43;kWh;-186;140;0;0;326;-46
2018-02-14T10:45;2018-02-14T11:00;44;kWh;-21027;0;0;0;21027;-21027
2018-02-14T11:00;2018-02-14T11:15;45;kWh;-13604;0;0;0;13604;-13604
2018-02-14T11:15;2018-02-14T11:30;46;kWh;-23437;0;0;0;23437;-23437
2018-02-14T11:30;2018-02-14T11:45;47;kWh;-8544;0;0;0;8544;-8544
2018-02-14T11:45;2018-02-14T12:00;48;kWh;-42851;0;0;0;42851;-42851
2018-02-14T12:00;2018-02-14T12:15;49;kWh;-27079;0;0;0;27079;-27079
2018-02-14T12:15;2018-02-14T12:30;50;kWh;-44233;0;0;0;44233;-44233
2018-02-14T12:30;2018-02-14T12:45;51;kWh;-53788;0;0;0;53788;-53788
2018-02-14T12:45;2018-02-14T13:00;52;kWh;-54723;0;0;0;54723;-54723
2018-02-14T13:00;2018-02-14T13:15;53;kWh;-31886;0;0;0;31886;-31886
2018-02-14T13:15;2018-02-14T13:30;54;kWh;-13058;0;0;0;13058;-13058
2018-02-14T13:30;2018-02-14T13:45;55;kWh;-40107;0;0;0;40107;-40107
2018-02-14T13:45;2018-02-14T14:00;56;kWh;-15634;0;0;0;15634;-15634
2018-02-14T14:00;2018-02-14T14:15;57;kWh;-37379;0;0;0;37379;-37379
2018-02-14T14:15;2018-02-14T14:30;58;kWh;-19045;0;0;0;19045;-19045
2018-02-14T14:30;2018-02-14T14:45;59;kWh;-23449;0;0;0;23449;-23449
2018-02-14T14:45;2018-02-14T15:00;60;kWh;-21852;0;0;0;21852;-21852
2018-02-14T15:00;2018-02-14T15:15;61;kWh;-25890;0;0;0;25890;-25890
2018-02-14T15:15;2018-02-14T15:30;62;kWh;-11290;61;0;0;11351;-11229
2018-02-14T15:30;2018-02-14T15:45;63;kWh;-9;1232;0;0;1241;1223
2018-02-14T15:45;2018-02-14T16:00;64;kWh;0;819;0;0;819;819
2018-02-14T16:00;2018-02-14T16:15;65;kWh;0;4425;0;0;4425;4425
2018-02-14T16:15;2018-02-14T16:30;66;kWh;0;23535;0;0;23535;23535
2018-02-14T16:30;2018-02-14T16:45;67;kWh;0;39114;0;0;39114;39114
2018-02-14T16:45;2018-02-14T17:00;68;kWh;0;36163;0;0;36163;36163
2018-02-14T17:00;2018-02-14T17:15;69;kWh;-1955;11802;0;0;13757;9847
2018-02-14T17:15;2018-02-14T17:30;70;kWh;-102;524;0;0;626;422
2018-02-14T17:30;2018-02-14T17:45;71;kWh;0;1070;0;0;1070;1070
2018-02-14T17:45;2018-02-14T18:00;72;kWh;0;2435;0;0;2435;2435
2018-02-14T18:00;2018-02-14T18:15;73;kWh;-17;10657;0;0;10674;10640
2018-02-14T18:15;2018-02-14T18:30;74;kWh;-12416;707;0;0;13123;-11709
2018-02-14T18:30;2018-02-14T18:45;75;kWh;-26181;0;0;0;26181;-26181
2018-02-14T18:45;2018-02-14T19:00;76;kWh;-37380;0;0;0;37380;-37380
2018-02-14T19:00;2018-02-14T19:15;77;kWh;-16493;834;0;0;17327;-15659
2018-02-14T19:15;2018-02-14T19:30;78;kWh;-9278;0;0;0;9278;-9278
2018-02-14T19:30;2018-02-14T19:45;79;kWh;-34225;0;0;0;34225;-34225
2018-02-14T19:45;2018-02-14T20:00;80;kWh;-39880;0;0;0;39880;-39880
2018-02-14T20:00;2018-02-14T20:15;81;kWh;-43018;138;0;0;43156;-42880
2018-02-14T20:15;2018-02-14T20:30;82;kWh;-3049;11791;0;0;14840;8742
2018-02-14T20:30;2018-02-14T20:45;83;kWh;-18251;178;0;0;18429;-18073
2018-02-14T20:45;2018-02-14T21:00;84;kWh;-21914;0;0;0;21914;-21914
2018-02-14T21:00;2018-02-14T21:15;85;kWh;-2532;14221;0;0;16753;11689
2018-02-14T21:15;2018-02-14T21:30;86;kWh;-66;22326;0;0;22392;22260
2018-02-14T21:30;2018-02-14T21:45;87;kWh;-471;55;0;0;526;-416
2018-02-14T21:45;2018-02-14T22:00;88;kWh;-11066;0;0;0;11066;-11066
2018-02-14T22:00;2018-02-14T22:15;89;kWh;-12965;3792;0;0;16757;-9173
2018-02-14T22:15;2018-02-14T22:30;90;kWh;-8204;1225;0;0;9429;-6979
2018-02-14T22:30;2018-02-14T22:45;91;kWh;-44618;0;0;0;44618;-44618
2018-02-14T22:45;2018-02-14T23:00;92;kWh;-59108;0;0;0;59108;-59108
2018-02-14T23:00;2018-02-14T23:15;93;kWh;-19819;455;0;0;20274;-19364
2018-02-14T23:15;2018-02-14T23:30;94;kWh;-24462;0;0;0;24462;-24462
2018-02-14T23:30;2018-02-14T23:45;95;kWh;-52360;0;0;0;52360;-52360
2018-02-14T23:45;2018-02-15T00:00;96;kWh;-68604;0;0;0;68604;-68604
2018-02-15T00:00;2018-02-15T00:15;1;kWh;-29650;0;0;0;29650;-29650
2018-02-15T00:15;2018-02-15T00:30;2;kWh;-510;0;0;0;510;-510
2018-02-15T00:30;2018-02-15T00:45;3;kWh;-1797;0;0;0;1797;-1797
2018-02-15T00:45;2018-02-15T01:00;4;kWh;-22440;0;0;0;22440;-22440
2018-02-15T01:00;2018-02-15T01:15;5;kWh;-20579;13;0;0;20592;-20566
2018-02-15T01:15;2018-02-15T01:30;6;kWh;-3880;22;0;0;3902;-3858
2018-02-15T01:30;2018-02-15T01:45;7;kWh;-19814;0;0;0;19814;-19814
2018-02-15T01:45;2018-02-15T02:00;8;kWh;-17903;0;0;0;17903;-17903
2018-02-15T02:00;2018-02-15T02:15;9;kWh;-12433;2527;0;0;14960;-9906
2018-02-15T02:15;2018-02-15T02:30;10;kWh;-147;25548;0;0;25695;25401
2018-02-15T02:30;2018-02-15T02:45;11;kWh;0;31168;0;0;31168;31168
2018-02-15T02:45;2018-02-15T03:00;12;kWh;-4;6315;0;0;6319;6311
2018-02-15T03:00;2018-02-15T03:15;13;kWh;-74;97;0;0;171;23
2018-02-15T03:15;2018-02-15T03:30;14;kWh;0;5328;0;0;5328;5328
2018-02-15T03:30;2018-02-15T03:45;15;kWh;0;20084;0;0;20084;20084
2018-02-15T03:45;2018-02-15T04:00;16;kWh;0;25989;0;0;25989;25989
2018-02-15T04:00;2018-02-15T04:15;17;kWh;0;25892;0;0;25892;25892
2018-02-15T04:15;2018-02-15T04:30;18;kWh;0;29520;0;0;29520;29520
2018-02-15T04:30;2018-02-15T04:45;19;kWh;0;44049;0;0;44049;44049
2018-02-15T04:45;2018-02-15T05:00;20;kWh;0;43596;0;0;43596;43596
2018-02-15T05:00;2018-02-15T05:15;21;kWh;-663;10784;0;0;11447;10121
2018-02-15T05:15;2018-02-15T05:30;22;kWh;0;5226;0;0;5226;5226
2018-02-15T05:30;2018-02-15T05:45;23;kWh;0;33067;0;0;33067;33067
2018-02-15T05:45;2018-02-15T06:00;24;kWh;0;39063;0;0;39063;39063
2018-02-15T06:00;2018-02-15T06:15;25;kWh;-302;8304;0;0;8606;8002
2018-02-15T06:15;2018-02-15T06:30;26;kWh;0;552;0;0;552;552
2018-02-15T06:30;2018-02-15T06:45;27;kWh;0;29275;0;0;29275;29275
2018-02-15T06:45;2018-02-15T07:00;28;kWh;0;79064;0;0;79064;79064
2018-02-15T07:00;2018-02-15T07:15;29;kWh;-12154;20517;0;0;32671;8363
2018-02-15T07:15;2018-02-15T07:30;30;kWh;-682;4321;0;0;5003;3639
2018-02-15T07:30;2018-02-15T07:45;31;kWh;0;56089;0;0;56089;56089
2018-02-15T07:45;2018-02-15T08:00;32;kWh;0;72332;0;0;72332;72332
2018-02-15T08:00;2018-02-15T08:15;33;kWh;-1464;33663;0;0;35127;32199
2018-02-15T08:15;2018-02-15T08:30;34;kWh;-281;22243;0;0;22524;21962
2018-02-15T08:30;2018-02-15T08:45;35;kWh;0;68096;0;0;68096;68096
2018-02-15T08:45;2018-02-15T09:00;36;kWh;0;89919;0;0;89919;89919
2018-02-15T09:00;2018-02-15T09:15;37;kWh;0;49690;0;0;49690;49690
2018-02-15T09:15;2018-02-15T09:30;38;kWh;0;42699;0;0;42699;42699
2018-02-15T09:30;2018-02-15T09:45;39;kWh;0;74079;0;0;74079;74079
2018-02-15T09:45;2018-02-15T10:00;40;kWh;0;90464;0;0;90464;90464
2018-02-15T10:00;2018-02-15T10:15;41;kWh;0;64593;0;0;64593;64593
2018-02-15T10:15;2018-02-15T10:30;42;kWh;0;76991;0;0;76991;76991
2018-02-15T10:30;2018-02-15T10:45;43;kWh;0;75054;0;0;75054;75054
2018-02-15T10:45;2018-02-15T11:00;44;kWh;0;86741;0;0;86741;86741
2018-02-15T11:00;2018-02-15T11:15;45;kWh;0;39099;0;0;39099;39099
2018-02-15T11:15;2018-02-15T11:30;46;kWh;0;43161;0;0;43161;43161
2018-02-15T11:30;2018-02-15T11:45;47;kWh;0;39353;0;0;39353;39353
2018-02-15T11:45;2018-02-15T12:00;48;kWh;0;44041;0;0;44041;44041
2018-02-15T12:00;2018-02-15T12:15;49;kWh;0;68874;0;0;68874;68874
2018-02-15T12:15;2018-02-15T12:30;50;kWh;0;56457;0;0;56457;56457
2018-02-15T12:30;2018-02-15T12:45;51;kWh;0;29585;0;0;29585;29585
2018-02-15T12:45;2018-02-15T13:00;52;kWh;0;8085;0;0;8085;8085
2018-02-15T13:00;2018-02-15T13:15;53;kWh;0;22538;0;0;22538;22538
2018-02-15T13:15;2018-02-15T13:30;54;kWh;0;20387;0;0;20387;20387
2018-02-15T13:30;2018-02-15T13:45;55;kWh;0;640;0;0;640;640
2018-02-15T13:45;2018-02-15T14:00;56;kWh;-1210;0;0;0;1210;-1210
2018-02-15T14:00;2018-02-15T14:15;57;kWh;-1406;0;0;0;1406;-1406
2018-02-15T14:15;2018-02-15T14:30;58;kWh;0;0;0;0;0;0
2018-02-15T14:30;2018-02-15T14:45;59;kWh;0;0;0;0;0;0
2018-02-15T14:45;2018-02-15T15:00;60;kWh;-1237;0;0;0;1237;-1237
2018-02-15T15:00;2018-02-15T15:15;61;kWh;-3881;0;0;0;3881;-3881
2018-02-15T15:15;2018-02-15T15:30;62;kWh;-4563;0;0;0;4563;-4563
2018-02-15T15:30;2018-02-15T15:45;63;kWh;-76;0;0;0;76;-76
2018-02-15T15:45;2018-02-15T16:00;64;kWh;0;0;0;0;0;0
2018-02-15T16:00;2018-02-15T16:15;65;kWh;-4566;0;0;0;4566;-4566
2018-02-15T16:15;2018-02-15T16:30;66;kWh;-1672;0;0;0;1672;-1672
2018-02-15T16:30;2018-02-15T16:45;67;kWh;-1047;0;0;0;1047;-1047
2018-02-15T16:45;2018-02-15T17:00;68;kWh;-58;0;0;0;58;-58
2018-02-15T17:00;2018-02-15T17:15;69;kWh;-1387;0;0;0;1387;-1387
2018-02-15T17:15;2018-02-15T17:30;70;kWh;0;0;0;0;0;0
2018-02-15T17:30;2018-02-15T17:45;71;kWh;0;0;0;0;0;0
2018-02-15T17:45;2018-02-15T18:00;72;kWh;0;0;0;0;0;0
2018-02-15T18:00;2018-02-15T18:15;73;kWh;0;1;0;0;1;1
2018-02-15T18:15;2018-02-15T18:30;74;kWh;0;12243;0;0;12243;12243
2018-02-15T18:30;2018-02-15T18:45;75;kWh;0;6265;0;0;6265;6265
2018-02-15T18:45;2018-02-15T19:00;76;kWh;0;2562;0;0;2562;2562
2018-02-15T19:00;2018-02-15T19:15;77;kWh;0;517;0;0;517;517
2018-02-15T19:15;2018-02-15T19:30;78;kWh;0;0;0;0;0;0
2018-02-15T19:30;2018-02-15T19:45;79;kWh;-1333;0;0;0;1333;-1333
2018-02-15T19:45;2018-02-15T20:00;80;kWh;-24136;0;0;0;24136;-24136
2018-02-15T20:00;2018-02-15T20:15;81;kWh;-10237;570;0;0;10807;-9667
2018-02-15T20:15;2018-02-15T20:30;82;kWh;-29;143;0;0;172;114
2018-02-15T20:30;2018-02-15T20:45;83;kWh;-523;0;0;0;523;-523
2018-02-15T20:45;2018-02-15T21:00;84;kWh;-7865;0;0;0;7865;-7865
2018-02-15T21:00;2018-02-15T21:15;85;kWh;-7171;2388;0;0;9559;-4783
2018-02-15T21:15;2018-02-15T21:30;86;kWh;-58;9412;0;0;9470;9354
2018-02-15T21:30;2018-02-15T21:45;87;kWh;-12;265;0;0;277;253
2018-02-15T21:45;2018-02-15T22:00;88;kWh;-9888;0;0;0;9888;-9888
2018-02-15T22:00;2018-02-15T22:15;89;kWh;-13175;15896;0;0;29071;2721
2018-02-15T22:15;2018-02-15T22:30;90;kWh;-665;44978;0;0;45643;44313
2018-02-15T22:30;2018-02-15T22:45;91;kWh;-22387;76;0;0;22463;-22311
2018-02-15T22:45;2018-02-15T23:00;92;kWh;-46595;0;0;0;46595;-46595
2018-02-15T23:00;2018-02-15T23:15;93;kWh;-24942;1722;0;0;26664;-23220
2018-02-15T23:15;2018-02-15T23:30;94;kWh;-2;23143;0;0;23145;23141
2018-02-15T23:30;2018-02-15T23:45;95;kWh;-21978;1479;0;0;23457;-20499
2018-02-15T23:45;2018-02-16T00:00;96;kWh;-45177;0;0;0;45177;-45177
2018-02-16T00:00;2018-02-16T00:15;1;kWh;-9818;6062;0;0;15880;-3756
2018-02-16T00:15;2018-02-16T00:30;2;kWh;-798;1169;0;0;1967;371
2018-02-16T00:30;2018-02-16T00:45;3;kWh;-524;705;0;0;1229;181
2018-02-16T00:45;2018-02-16T01:00;4;kWh;-1291;25;0;0;1316;-1266
2018-02-16T01:00;2018-02-16T01:15;5;kWh;-321;1653;0;0;1974;1332
2018-02-16T01:15;2018-02-16T01:30;6;kWh;-108;1798;0;0;1906;1690
2018-02-16T01:30;2018-02-16T01:45;7;kWh;-1844;41;0;0;1885;-1803
2018-02-16T01:45;2018-02-16T02:00;8;kWh;-26460;0;0;0;26460;-26460
2018-02-16T02:00;2018-02-16T02:15;9;kWh;-22432;0;0;0;22432;-22432
2018-02-16T02:15;2018-02-16T02:30;10;kWh;-5366;0;0;0;5366;-5366
2018-02-16T02:30;2018-02-16T02:45;11;kWh;-15381;0;0;0;15381;-15381
2018-02-16T02:45;2018-02-16T03:00;12;kWh;-6718;0;0;0;6718;-6718
2018-02-16T03:00;2018-02-16T03:15;13;kWh;-9507;0;0;0;9507;-9507
2018-02-16T03:15;2018-02-16T03:30;14;kWh;-8418;0;0;0;8418;-8418
2018-02-16T03:30;2018-02-16T03:45;15;kWh;-17053;0;0;0;17053;-17053
2018-02-16T03:45;2018-02-16T04:00;16;kWh;-7163;0;0;0;7163;-7163
2018-02-16T04:00;2018-02-16T04:15;17;kWh;-3814;0;0;0;3814;-3814
2018-02-16T04:15;2018-02-16T04:30;18;kWh;-19;0;0;0;19;-19
2018-02-16T04:30;2018-02-16T04:45;19;kWh;0;1046;0;0;1046;1046
2018-02-16T04:45;2018-02-16T05:00;20;kWh;0;983;0;0;983;983
2018-02-16T05:00;2018-02-16T05:15;21;kWh;-1086;0;0;0;1086;-1086
2018-02-16T05:15;2018-02-16T05:30;22;kWh;-3825;0;0;0;3825;-3825
2018-02-16T05:30;2018-02-16T05:45;23;kWh;-648;0;0;0;648;-648
2018-02-16T05:45;2018-02-16T06:00;24;kWh;0;10916;0;0;10916;10916
2018-02-16T06:00;2018-02-16T06:15;25;kWh;0;1070;0;0;1070;1070
2018-02-16T06:15;2018-02-16T06:30;26;kWh;-177;0;0;0;177;-177
2018-02-16T06:30;2018-02-16T06:45;27;kWh;0;0;0;0;0;0
2018-02-16T06:45;2018-02-16T07:00;28;kWh;0;3165;0;0;3165;3165
2018-02-16T07:00;2018-02-16T07:15;29;kWh;-22769;162;0;0;22931;-22607
2018-02-16T07:15;2018-02-16T07:30;30;kWh;-10314;0;0;0;10314;-10314
2018-02-16T07:30;2018-02-16T07:45;31;kWh;-277;23;0;0;300;-254
2018-02-16T07:45;2018-02-16T08:00;32;kWh;0;10683;0;0;10683;10683
2018-02-16T08:00;2018-02-16T08:15;33;kWh;-987;5246;0;0;6233;4259
2018-02-16T08:15;2018-02-16T08:30;34;kWh;-7;0;0;0;7;-7
2018-02-16T08:30;2018-02-16T08:45;35;kWh;-190;0;0;0;190;-190
2018-02-16T08:45;2018-02-16T09:00;36;kWh;0;0;0;0;0;0
2018-02-16T09:00;2018-02-16T09:15;37;kWh;-397;0;0;0;397;-397
2018-02-16T09:15;2018-02-16T09:30;38;kWh;-1499;0;0;0;1499;-1499
2018-02-16T09:30;2018-02-16T09:45;39;kWh;-4348;0;0;0;4348;-4348
2018-02-16T09:45;2018-02-16T10:00;40;kWh;-11838;0;0;0;11838;-11838
2018-02-16T10:00;2018-02-16T10:15;41;kWh;-18960;0;0;0;18960;-18960
2018-02-16T10:15;2018-02-16T10:30;42;kWh;-35651;0;0;0;35651;-35651
2018-02-16T10:30;2018-02-16T10:45;43;kWh;-18400;0;0;0;18400;-18400
2018-02-16T10:45;2018-02-16T11:00;44;kWh;-36451;0;0;0;36451;-36451
2018-02-16T11:00;2018-02-16T11:15;45;kWh;-16087;240;0;0;16327;-15847
2018-02-16T11:15;2018-02-16T11:30;46;kWh;0;1;0;0;1;1
2018-02-16T11:30;2018-02-16T11:45;47;kWh;0;0;0;0;0;0
2018-02-16T11:45;2018-02-16T12:00;48;kWh;-211;0;0;0;211;-211
2018-02-16T12:00;2018-02-16T12:15;49;kWh;-419;0;0;0;419;-419
2018-02-16T12:15;2018-02-16T12:30;50;kWh;-3234;0;0;0;3234;-3234
2018-02-16T12:30;2018-02-16T12:45;51;kWh;-9020;0;0;0;9020;-9020
2018-02-16T12:45;2018-02-16T13:00;52;kWh;-1639;0;0;0;1639;-1639
2018-02-16T13:00;2018-02-16T13:15;53;kWh;-14446;0;0;0;14446;-14446
2018-02-16T13:15;2018-02-16T13:30;54;kWh;-37211;0;0;0;37211;-37211
2018-02-16T13:30;2018-02-16T13:45;55;kWh;-18739;0;0;0;18739;-18739
2018-02-16T13:45;2018-02-16T14:00;56;kWh;-15493;0;0;0;15493;-15493
2018-02-16T14:00;2018-02-16T14:15;57;kWh;-2077;0;0;0;2077;-2077
2018-02-16T14:15;2018-02-16T14:30;58;kWh;-3349;0;0;0;3349;-3349
2018-02-16T14:30;2018-02-16T14:45;59;kWh;-14491;0;0;0;14491;-14491
2018-02-16T14:45;2018-02-16T15:00;60;kWh;-2071;0;0;0;2071;-2071
2018-02-16T15:00;2018-02-16T15:15;61;kWh;-3031;0;0;0;3031;-3031
2018-02-16T15:15;2018-02-16T15:30;62;kWh;-8561;0;0;0;8561;-8561
2018-02-16T15:30;2018-02-16T15:45;63;kWh;-2174;251;0;0;2425;-1923
2018-02-16T15:45;2018-02-16T16:00;64;kWh;0;0;0;0;0;0
2018-02-16T16:00;2018-02-16T16:15;65;kWh;-749;0;0;0;749;-749
2018-02-16T16:15;2018-02-16T16:30;66;kWh;-89;0;0;0;89;-89
2018-02-16T16:30;2018-02-16T16:45;67;kWh;0;0;0;0;0;0
2018-02-16T16:45;2018-02-16T17:00;68;kWh;0;0;0;0;0;0
2018-02-16T17:00;2018-02-16T17:15;69;kWh;-11166;0;0;0;11166;-11166
2018-02-16T17:15;2018-02-16T17:30;70;kWh;-1994;0;0;0;1994;-1994
2018-02-16T17:30;2018-02-16T17:45;71;kWh;-222;0;0;0;222;-222
2018-02-16T17:45;2018-02-16T18:00;72;kWh;0;0;0;0;0;0
2018-02-16T18:00;2018-02-16T18:15;73;kWh;-8656;0;0;0;8656;-8656
2018-02-16T18:15;2018-02-16T18:30;74;kWh;-4843;0;0;0;4843;-4843
2018-02-16T18:30;2018-02-16T18:45;75;kWh;0;0;0;0;0;0
2018-02-16T18:45;2018-02-16T19:00;76;kWh;0;0;0;0;0;0
2018-02-16T19:00;2018-02-16T19:15;77;kWh;0;925;0;0;925;925
2018-02-16T19:15;2018-02-16T19:30;78;kWh;-2770;0;0;0;2770;-2770
2018-02-16T19:30;2018-02-16T19:45;79;kWh;-6325;0;0;0;6325;-6325
2018-02-16T19:45;2018-02-16T20:00;80;kWh;-14585;0;0;0;14585;-14585
2018-02-16T20:00;2018-02-16T20:15;81;kWh;-5183;518;0;0;5701;-4665
2018-02-16T20:15;2018-02-16T20:30;82;kWh;0;194;0;0;194;194
2018-02-16T20:30;2018-02-16T20:45;83;kWh;0;0;0;0;0;0
2018-02-16T20:45;2018-02-16T21:00;84;kWh;-312;0;0;0;312;-312
2018-02-16T21:00;2018-02-16T21:15;85;kWh;-1030;0;0;0;1030;-1030
2018-02-16T21:15;2018-02-16T21:30;86;kWh;0;0;0;0;0;0
2018-02-16T21:30;2018-02-16T21:45;87;kWh;-365;0;0;0;365;-365
2018-02-16T21:45;2018-02-16T22:00;88;kWh;-5834;0;0;0;5834;-5834
2018-02-16T22:00;2018-02-16T22:15;89;kWh;-7621;322;0;0;7943;-7299
2018-02-16T22:15;2018-02-16T22:30;90;kWh;-80;3729;0;0;3809;3649
2018-02-16T22:30;2018-02-16T22:45;91;kWh;0;140;0;0;140;140
2018-02-16T22:45;2018-02-16T23:00;92;kWh;-369;0;0;0;369;-369
2018-02-16T23:00;2018-02-16T23:15;93;kWh;-1628;0;0;0;1628;-1628
2018-02-16T23:15;2018-02-16T23:30;94;kWh;0;0;0;0;0;0
2018-02-16T23:30;2018-02-16T23:45;95;kWh;0;0;0;0;0;0
2018-02-16T23:45;2018-02-17T00:00;96;kWh;-20;0;0;0;20;-20
2018-02-17T00:00;2018-02-17T00:15;1;kWh;-98;0;0;0;98;-98
2018-02-17T00:15;2018-02-17T00:30;2;kWh;0;0;0;0;0;0
2018-02-17T00:30;2018-02-17T00:45;3;kWh;0;0;0;0;0;0
2018-02-17T00:45;2018-02-17T01:00;4;kWh;-13701;0;0;0;13701;-13701
2018-02-17T01:00;2018-02-17T01:15;5;kWh;-13571;265;0;0;13836;-13306
2018-02-17T01:15;2018-02-17T01:30;6;kWh;-48;91;0;0;139;43
2018-02-17T01:30;2018-02-17T01:45;7;kWh;0;0;0;0;0;0
2018-02-17T01:45;2018-02-17T02:00;8;kWh;-2594;0;0;0;2594;-2594
2018-02-17T02:00;2018-02-17T02:15;9;kWh;-880;12613;0;0;13493;11733
2018-02-17T02:15;2018-02-17T02:30;10;kWh;0;40323;0;0;40323;40323
2018-02-17T02:30;2018-02-17T02:45;11;kWh;-478;5717;0;0;6195;5239
2018-02-17T02:45;2018-02-17T03:00;12;kWh;-3199;0;0;0;3199;-3199
2018-02-17T03:00;2018-02-17T03:15;13;kWh;-5497;0;0;0;5497;-5497
2018-02-17T03:15;2018-02-17T03:30;14;kWh;0;0;0;0;0;0
2018-02-17T03:30;2018-02-17T03:45;15;kWh;0;0;0;0;0;0
2018-02-17T03:45;2018-02-17T04:00;16;kWh;0;0;0;0;0;0
2018-02-17T04:00;2018-02-17T04:15;17;kWh;0;0;0;0;0;0
2018-02-17T04:15;2018-02-17T04:30;18;kWh;0;0;0;0;0;0
2018-02-17T04:30;2018-02-17T04:45;19;kWh;0;0;0;0;0;0
2018-02-17T04:45;2018-02-17T05:00;20;kWh;0;0;0;0;0;0
2018-02-17T05:00;2018-02-17T05:15;21;kWh;0;0;0;0;0;0
2018-02-17T05:15;2018-02-17T05:30;22;kWh;0;0;0;0;0;0
2018-02-17T05:30;2018-02-17T05:45;23;kWh;0;0;0;0;0;0
2018-02-17T05:45;2018-02-17T06:00;24;kWh;0;0;0;0;0;0
2018-02-17T06:00;2018-02-17T06:15;25;kWh;-1038;0;0;0;1038;-1038
2018-02-17T06:15;2018-02-17T06:30;26;kWh;-250;0;0;0;250;-250
2018-02-17T06:30;2018-02-17T06:45;27;kWh;-741;0;0;0;741;-741
2018-02-17T06:45;2018-02-17T07:00;28;kWh;0;603;0;0;603;603
2018-02-17T07:00;2018-02-17T07:15;29;kWh;0;1102;0;0;1102;1102
2018-02-17T07:15;2018-02-17T07:30;30;kWh;0;25786;0;0;25786;25786
2018-02-17T07:30;2018-02-17T07:45;31;kWh;0;53047;0;0;53047;53047
2018-02-17T07:45;2018-02-17T08:00;32;kWh;-36;24228;0;0;38014;37942
2018-02-17T08:00;2018-02-17T08:15;33;kWh;-8207;822;0;0;9029;-7385
2018-02-17T08:15;2018-02-17T08:30;34;kWh;-1239;0;0;0;1239;-1239
2018-02-17T08:30;2018-02-17T08:45;35;kWh;0;0;0;0;0;0
2018-02-17T08:45;2018-02-17T09:00;36;kWh;0;8585;0;0;8585;8585
2018-02-17T09:00;2018-02-17T09:15;37;kWh;0;4334;0;0;4334;4334
2018-02-17T09:15;2018-02-17T09:30;38;kWh;0;10;0;0;10;10
2018-02-17T09:30;2018-02-17T09:45;39;kWh;0;282;0;0;282;282
2018-02-17T09:45;2018-02-17T10:00;40;kWh;0;1968;0;0;1968;1968
2018-02-17T10:00;2018-02-17T10:15;41;kWh;0;1898;0;0;1898;1898
2018-02-17T10:15;2018-02-17T10:30;42;kWh;0;342;0;0;342;342
2018-02-17T10:30;2018-02-17T10:45;43;kWh;0;660;0;0;660;660
2018-02-17T10:45;2018-02-17T11:00;44;kWh;0;2561;0;0;2561;2561
2018-02-17T11:00;2018-02-17T11:15;45;kWh;0;49769;0;0;49769;49769
2018-02-17T11:15;2018-02-17T11:30;46;kWh;0;80804;0;0;98304;98304
2018-02-17T11:30;2018-02-17T11:45;47;kWh;0;30133;0;0;30133;30133
2018-02-17T11:45;2018-02-17T12:00;48;kWh;0;25546;0;0;25546;25546
2018-02-17T12:00;2018-02-17T12:15;49;kWh;0;64047;0;0;64047;64047
2018-02-17T12:15;2018-02-17T12:30;50;kWh;0;50141;0;0;50141;50141
2018-02-17T12:30;2018-02-17T12:45;51;kWh;-5;1594;0;0;1599;1589
2018-02-17T12:45;2018-02-17T13:00;52;kWh;0;492;0;0;492;492
2018-02-17T13:00;2018-02-17T13:15;53;kWh;-586;0;0;0;586;-586
2018-02-17T13:15;2018-02-17T13:30;54;kWh;0;0;0;0;0;0
2018-02-17T13:30;2018-02-17T13:45;55;kWh;0;0;0;0;0;0
2018-02-17T13:45;2018-02-17T14:00;56;kWh;-856;0;0;0;856;-856
2018-02-17T14:00;2018-02-17T14:15;57;kWh;-1254;0;0;0;1254;-1254
2018-02-17T14:15;2018-02-17T14:30;58;kWh;-1068;0;0;0;1068;-1068
2018-02-17T14:30;2018-02-17T14:45;59;kWh;-1128;0;0;0;1128;-1128
2018-02-17T14:45;2018-02-17T15:00;60;kWh;-4902;0;0;0;4902;-4902
2018-02-17T15:00;2018-02-17T15:15;61;kWh;-18241;0;0;0;18241;-18241
2018-02-17T15:15;2018-02-17T15:30;62;kWh;-350;0;0;0;350;-350
2018-02-17T15:30;2018-02-17T15:45;63;kWh;0;0;0;0;0;0
2018-02-17T15:45;2018-02-17T16:00;64;kWh;0;186;0;0;186;186
2018-02-17T16:00;2018-02-17T16:15;65;kWh;-1818;0;0;0;1818;-1818
2018-02-17T16:15;2018-02-17T16:30;66;kWh;-1507;0;0;0;1507;-1507
2018-02-17T16:30;2018-02-17T16:45;67;kWh;-282;0;0;0;282;-282
2018-02-17T16:45;2018-02-17T17:00;68;kWh;0;0;0;0;0;0
2018-02-17T17:00;2018-02-17T17:15;69;kWh;-10265;0;0;0;10265;-10265
2018-02-17T17:15;2018-02-17T17:30;70;kWh;-4644;0;0;0;4644;-4644
2018-02-17T17:30;2018-02-17T17:45;71;kWh;-958;0;0;0;958;-958
2018-02-17T17:45;2018-02-17T18:00;72;kWh;0;5527;0;0;5527;5527
2018-02-17T18:00;2018-02-17T18:15;73;kWh;-15057;301;0;0;15358;-14756
2018-02-17T18:15;2018-02-17T18:30;74;kWh;-1424;0;0;0;1424;-1424
2018-02-17T18:30;2018-02-17T18:45;75;kWh;-2138;0;0;0;2138;-2138
2018-02-17T18:45;2018-02-17T19:00;76;kWh;-7690;0;0;0;7690;-7690
2018-02-17T19:00;2018-02-17T19:15;77;kWh;-33;33;0;0;66;0
2018-02-17T19:15;2018-02-17T19:30;78;kWh;0;0;0;0;0;0
2018-02-17T19:30;2018-02-17T19:45;79;kWh;-2139;0;0;0;2139;-2139
2018-02-17T19:45;2018-02-17T20:00;80;kWh;-9145;0;0;0;9145;-9145
2018-02-17T20:00;2018-02-17T20:15;81;kWh;-1948;269;0;0;2217;-1679
2018-02-17T20:15;2018-02-17T20:30;82;kWh;0;0;0;0;0;0
2018-02-17T20:30;2018-02-17T20:45;83;kWh;0;0;0;0;0;0
2018-02-17T20:45;2018-02-17T21:00;84;kWh;-5738;0;0;0;5738;-5738
2018-02-17T21:00;2018-02-17T21:15;85;kWh;-2247;0;0;0;2247;-2247
2018-02-17T21:15;2018-02-17T21:30;86;kWh;0;0;0;0;0;0
2018-02-17T21:30;2018-02-17T21:45;87;kWh;-283;0;0;0;283;-283
2018-02-17T21:45;2018-02-17T22:00;88;kWh;-12226;0;0;0;12226;-12226
2018-02-17T22:00;2018-02-17T22:15;89;kWh;-9527;1101;0;0;10628;-8426
2018-02-17T22:15;2018-02-17T22:30;90;kWh;-2;941;0;0;943;939
2018-02-17T22:30;2018-02-17T22:45;91;kWh;0;0;0;0;0;0
2018-02-17T22:45;2018-02-17T23:00;92;kWh;-9;0;0;0;9;-9
2018-02-17T23:00;2018-02-17T23:15;93;kWh;-74;4542;0;0;4616;4468
2018-02-17T23:15;2018-02-17T23:30;94;kWh;0;1841;0;0;1841;1841
2018-02-17T23:30;2018-02-17T23:45;95;kWh;0;0;0;0;0;0
2018-02-17T23:45;2018-02-18T00:00;96;kWh;-971;0;0;0;971;-971
2018-02-18T00:00;2018-02-18T00:15;1;kWh;-1722;0;0;0;1722;-1722
2018-02-18T00:15;2018-02-18T00:30;2;kWh;-1146;0;0;0;1146;-1146
2018-02-18T00:30;2018-02-18T00:45;3;kWh;-22719;0;0;0;22719;-22719
2018-02-18T00:45;2018-02-18T01:00;4;kWh;-28927;0;0;0;28927;-28927
2018-02-18T01:00;2018-02-18T01:15;5;kWh;-26193;11;0;0;26204;-26182
2018-02-18T01:15;2018-02-18T01:30;6;kWh;-710;751;0;0;1461;41
2018-02-18T01:30;2018-02-18T01:45;7;kWh;-4084;0;0;0;4084;-4084
2018-02-18T01:45;2018-02-18T02:00;8;kWh;-27540;0;0;0;27540;-27540
2018-02-18T02:00;2018-02-18T02:15;9;kWh;-32936;0;0;0;32936;-32936
2018-02-18T02:15;2018-02-18T02:30;10;kWh;-1018;0;0;0;1018;-1018
2018-02-18T02:30;2018-02-18T02:45;11;kWh;-20855;0;0;0;20855;-20855
2018-02-18T02:45;2018-02-18T03:00;12;kWh;-26382;0;0;0;26382;-26382
2018-02-18T03:00;2018-02-18T03:15;13;kWh;-10076;0;0;0;10076;-10076
2018-02-18T03:15;2018-02-18T03:30;14;kWh;0;0;0;0;0;0
2018-02-18T03:30;2018-02-18T03:45;15;kWh;0;0;0;0;0;0
2018-02-18T03:45;2018-02-18T04:00;16;kWh;0;0;0;0;0;0
2018-02-18T04:00;2018-02-18T04:15;17;kWh;0;0;0;0;0;0
2018-02-18T04:15;2018-02-18T04:30;18;kWh;0;0;0;0;0;0
2018-02-18T04:30;2018-02-18T04:45;19;kWh;0;0;0;0;0;0
2018-02-18T04:45;2018-02-18T05:00;20;kWh;0;0;0;0;0;0
2018-02-18T05:00;2018-02-18T05:15;21;kWh;0;0;0;0;0;0
2018-02-18T05:15;2018-02-18T05:30;22;kWh;0;0;0;0;0;0
2018-02-18T05:30;2018-02-18T05:45;23;kWh;0;0;0;0;0;0
2018-02-18T05:45;2018-02-18T06:00;24;kWh;0;0;0;0;0;0
2018-02-18T06:00;2018-02-18T06:15;25;kWh;-383;0;0;0;383;-383
2018-02-18T06:15;2018-02-18T06:30;26;kWh;-894;0;0;0;894;-894
2018-02-18T06:30;2018-02-18T06:45;27;kWh;-849;0;0;0;849;-849
2018-02-18T06:45;2018-02-18T07:00;28;kWh;-1513;0;0;0;1513;-1513
2018-02-18T07:00;2018-02-18T07:15;29;kWh;-1928;0;0;0;1928;-1928
2018-02-18T07:15;2018-02-18T07:30;30;kWh;0;0;0;0;0;0
2018-02-18T07:30;2018-02-18T07:45;31;kWh;0;0;0;0;0;0
2018-02-18T07:45;2018-02-18T08:00;32;kWh;-1692;0;0;0;1692;-1692
2018-02-18T08:00;2018-02-18T08:15;33;kWh;-301;0;0;0;301;-301
2018-02-18T08:15;2018-02-18T08:30;34;kWh;0;0;0;0;0;0
2018-02-18T08:30;2018-02-18T08:45;35;kWh;-110;0;0;0;110;-110
2018-02-18T08:45;2018-02-18T09:00;36;kWh;-461;0;0;0;461;-461
2018-02-18T09:00;2018-02-18T09:15;37;kWh;-1332;0;0;0;1332;-1332
2018-02-18T09:15;2018-02-18T09:30;38;kWh;-228;0;0;0;228;-228
2018-02-18T09:30;2018-02-18T09:45;39;kWh;0;0;0;0;0;0
2018-02-18T09:45;2018-02-18T10:00;40;kWh;0;0;0;0;0;0
2018-02-18T10:00;2018-02-18T10:15;41;kWh;-538;0;0;0;538;-538
2018-02-18T10:15;2018-02-18T10:30;42;kWh;-1731;0;0;0;1731;-1731
2018-02-18T10:30;2018-02-18T10:45;43;kWh;-115;0;0;0;115;-115
2018-02-18T10:45;2018-02-18T11:00;44;kWh;-16163;0;0;0;16163;-16163
2018-02-18T11:00;2018-02-18T11:15;45;kWh;-17783;0;0;0;17783;-17783
2018-02-18T11:15;2018-02-18T11:30;46;kWh;-29742;0;0;0;29742;-29742
2018-02-18T11:30;2018-02-18T11:45;47;kWh;-24625;0;0;0;24625;-24625
2018-02-18T11:45;2018-02-18T12:00;48;kWh;-53766;0;0;0;53766;-53766
2018-02-18T12:00;2018-02-18T12:15;49;kWh;-9904;0;0;0;9904;-9904
2018-02-18T12:15;2018-02-18T12:30;50;kWh;-36190;0;0;0;36190;-36190
2018-02-18T12:30;2018-02-18T12:45;51;kWh;-15937;0;0;0;15937;-15937
2018-02-18T12:45;2018-02-18T13:00;52;kWh;-29936;0;0;0;29936;-29936
2018-02-18T13:00;2018-02-18T13:15;53;kWh;-12702;0;0;0;12702;-12702
2018-02-18T13:15;2018-02-18T13:30;54;kWh;-3220;0;0;0;3220;-3220
2018-02-18T13:30;2018-02-18T13:45;55;kWh;-40581;0;0;0;40581;-40581
2018-02-18T13:45;2018-02-18T14:00;56;kWh;-15211;0;0;0;15211;-15211
2018-02-18T14:00;2018-02-18T14:15;57;kWh;-4564;0;0;0;4564;-4564
2018-02-18T14:15;2018-02-18T14:30;58;kWh;-200;0;0;0;200;-200
2018-02-18T14:30;2018-02-18T14:45;59;kWh;-14090;0;0;0;14090;-14090
2018-02-18T14:45;2018-02-18T15:00;60;kWh;-16059;0;0;0;16059;-16059
2018-02-18T15:00;2018-02-18T15:15;61;kWh;-8241;0;0;0;8241;-8241
2018-02-18T15:15;2018-02-18T15:30;62;kWh;-8;776;0;0;784;768
2018-02-18T15:30;2018-02-18T15:45;63;kWh;0;287;0;0;287;287
2018-02-18T15:45;2018-02-18T16:00;64;kWh;0;1430;0;0;1430;1430
2018-02-18T16:00;2018-02-18T16:15;65;kWh;-7898;0;0;0;7898;-7898
2018-02-18T16:15;2018-02-18T16:30;66;kWh;-5626;0;0;0;5626;-5626
2018-02-18T16:30;2018-02-18T16:45;67;kWh;-1983;67;0;0;2050;-1916
2018-02-18T16:45;2018-02-18T17:00;68;kWh;-12;11883;0;0;11895;11871
2018-02-18T17:00;2018-02-18T17:15;69;kWh;-624;10443;0;0;11067;9819
2018-02-18T17:15;2018-02-18T17:30;70;kWh;-242;182;0;0;424;-60
2018-02-18T17:30;2018-02-18T17:45;71;kWh;0;4431;0;0;4431;4431
2018-02-18T17:45;2018-02-18T18:00;72;kWh;0;31668;0;0;31668;31668
2018-02-18T18:00;2018-02-18T18:15;73;kWh;-12583;11127;0;0;23710;-1456
2018-02-18T18:15;2018-02-18T18:30;74;kWh;-11184;0;0;0;11184;-11184
2018-02-18T18:30;2018-02-18T18:45;75;kWh;-842;0;0;0;842;-842
2018-02-18T18:45;2018-02-18T19:00;76;kWh;-644;0;0;0;644;-644
2018-02-18T19:00;2018-02-18T19:15;77;kWh;0;0;0;0;0;0
2018-02-18T19:15;2018-02-18T19:30;78;kWh;-173;0;0;0;173;-173
2018-02-18T19:30;2018-02-18T19:45;79;kWh;-6109;0;0;0;6109;-6109
2018-02-18T19:45;2018-02-18T20:00;80;kWh;-34636;0;0;0;34636;-34636
2018-02-18T20:00;2018-02-18T20:15;81;kWh;-9443;649;0;0;10092;-8794
2018-02-18T20:15;2018-02-18T20:30;82;kWh;-3156;43;0;0;3199;-3113
2018-02-18T20:30;2018-02-18T20:45;83;kWh;-36771;0;0;0;36771;-36771
2018-02-18T20:45;2018-02-18T21:00;84;kWh;-50151;0;0;0;50151;-50151
2018-02-18T21:00;2018-02-18T21:15;85;kWh;-32443;0;0;0;32443;-32443
2018-02-18T21:15;2018-02-18T21:30;86;kWh;0;0;0;0;0;0
2018-02-18T21:30;2018-02-18T21:45;87;kWh;-1114;0;0;0;1114;-1114
2018-02-18T21:45;2018-02-18T22:00;88;kWh;-45141;0;0;0;45141;-45141
2018-02-18T22:00;2018-02-18T22:15;89;kWh;-20083;0;0;0;20083;-20083
2018-02-18T22:15;2018-02-18T22:30;90;kWh;-913;0;0;0;913;-913
2018-02-18T22:30;2018-02-18T22:45;91;kWh;-2013;0;0;0;2013;-2013
2018-02-18T22:45;2018-02-18T23:00;92;kWh;-799;0;0;0;799;-799
2018-02-18T23:00;2018-02-18T23:15;93;kWh;-621;0;0;0;621;-621
2018-02-18T23:15;2018-02-18T23:30;94;kWh;-2423;0;0;0;2423;-2423
2018-02-18T23:30;2018-02-18T23:45;95;kWh;-9438;0;0;0;9438;-9438
2018-02-18T23:45;2018-02-19T00:00;96;kWh;-15256;0;0;0;15256;-15256
2018-02-19T00:00;2018-02-19T00:15;1;kWh;-38479;0;0;0;38479;-38479
2018-02-19T00:15;2018-02-19T00:30;2;kWh;-52502;0;0;0;52502;-52502
2018-02-19T00:30;2018-02-19T00:45;3;kWh;-101448;0;0;0;101448;-101448
2018-02-19T00:45;2018-02-19T01:00;4;kWh;-55501;0;0;0;55501;-55501
2018-02-19T01:00;2018-02-19T01:15;5;kWh;-9095;0;0;0;9095;-9095
2018-02-19T01:15;2018-02-19T01:30;6;kWh;-34089;0;0;0;34089;-34089
2018-02-19T01:30;2018-02-19T01:45;7;kWh;-36490;0;0;0;36490;-36490
2018-02-19T01:45;2018-02-19T02:00;8;kWh;-35289;0;0;0;35289;-35289
2018-02-19T02:00;2018-02-19T02:15;9;kWh;-38057;0;0;0;38057;-38057
2018-02-19T02:15;2018-02-19T02:30;10;kWh;-49298;0;0;0;49298;-49298
2018-02-19T02:30;2018-02-19T02:45;11;kWh;-20587;0;0;0;20587;-20587
2018-02-19T02:45;2018-02-19T03:00;12;kWh;-20229;0;0;0;20229;-20229
2018-02-19T03:00;2018-02-19T03:15;13;kWh;-23867;0;0;0;23867;-23867
2018-02-19T03:15;2018-02-19T03:30;14;kWh;-2187;0;0;0;2187;-2187
2018-02-19T03:30;2018-02-19T03:45;15;kWh;-250;0;0;0;250;-250
2018-02-19T03:45;2018-02-19T04:00;16;kWh;-9554;0;0;0;9554;-9554
2018-02-19T04:00;2018-02-19T04:15;17;kWh;-5616;0;0;0;5616;-5616
2018-02-19T04:15;2018-02-19T04:30;18;kWh;-38;0;0;0;38;-38
2018-02-19T04:30;2018-02-19T04:45;19;kWh;-6532;0;0;0;6532;-6532
2018-02-19T04:45;2018-02-19T05:00;20;kWh;-7070;0;0;0;7070;-7070
2018-02-19T05:00;2018-02-19T05:15;21;kWh;-14520;0;0;0;14520;-14520
2018-02-19T05:15;2018-02-19T05:30;22;kWh;-39154;0;0;0;39154;-39154
2018-02-19T05:30;2018-02-19T05:45;23;kWh;-5005;199;0;0;5204;-4806
2018-02-19T05:45;2018-02-19T06:00;24;kWh;-358;0;0;0;358;-358
2018-02-19T06:00;2018-02-19T06:15;25;kWh;-1653;0;0;0;1653;-1653
2018-02-19T06:15;2018-02-19T06:30;26;kWh;-744;0;0;0;744;-744
2018-02-19T06:30;2018-02-19T06:45;27;kWh;-805;0;0;0;805;-805
2018-02-19T06:45;2018-02-19T07:00;28;kWh;0;0;0;0;0;0
2018-02-19T07:00;2018-02-19T07:15;29;kWh;-17210;0;0;0;17210;-17210
2018-02-19T07:15;2018-02-19T07:30;30;kWh;-1102;0;0;0;1102;-1102
2018-02-19T07:30;2018-02-19T07:45;31;kWh;0;0;0;0;0;0
2018-02-19T07:45;2018-02-19T08:00;32;kWh;0;0;0;0;0;0
2018-02-19T08:00;2018-02-19T08:15;33;kWh;-13843;0;0;0;13843;-13843
2018-02-19T08:15;2018-02-19T08:30;34;kWh;-13841;0;0;0;13841;-13841
2018-02-19T08:30;2018-02-19T08:45;35;kWh;-3246;0;0;0;3246;-3246
2018-02-19T08:45;2018-02-19T09:00;36;kWh;0;910;0;0;910;910
2018-02-19T09:00;2018-02-19T09:15;37;kWh;0;41620;0;0;41620;41620
2018-02-19T09:15;2018-02-19T09:30;38;kWh;0;36407;0;0;36407;36407
2018-02-19T09:30;2018-02-19T09:45;39;kWh;0;23874;0;0;23874;23874
2018-02-19T09:45;2018-02-19T10:00;40;kWh;0;17916;0;0;17916;17916
2018-02-19T10:00;2018-02-19T10:15;41;kWh;0;26846;0;0;26846;26846
2018-02-19T10:15;2018-02-19T10:30;42;kWh;0;29890;0;0;29890;29890
2018-02-19T10:30;2018-02-19T10:45;43;kWh;0;38519;0;0;38519;38519
2018-02-19T10:45;2018-02-19T11:00;44;kWh;0;47434;0;0;47434;47434
2018-02-19T11:00;2018-02-19T11:15;45;kWh;0;36668;0;0;36668;36668
2018-02-19T11:15;2018-02-19T11:30;46;kWh;0;8878;0;0;8878;8878
2018-02-19T11:30;2018-02-19T11:45;47;kWh;0;18445;0;0;18445;18445
2018-02-19T11:45;2018-02-19T12:00;48;kWh;0;37894;0;0;37894;37894
2018-02-19T12:00;2018-02-19T12:15;49;kWh;0;66136;0;0;66136;66136
2018-02-19T12:15;2018-02-19T12:30;50;kWh;0;55097;0;0;55097;55097
2018-02-19T12:30;2018-02-19T12:45;51;kWh;0;52936;0;0;52936;52936
2018-02-19T12:45;2018-02-19T13:00;52;kWh;0;68926;0;0;68926;68926
2018-02-19T13:00;2018-02-19T13:15;53;kWh;-201;11379;0;0;11580;11178
2018-02-19T13:15;2018-02-19T13:30;54;kWh;0;3351;0;0;3351;3351
2018-02-19T13:30;2018-02-19T13:45;55;kWh;0;3864;0;0;3864;3864
2018-02-19T13:45;2018-02-19T14:00;56;kWh;0;27033;0;0;27033;27033
2018-02-19T14:00;2018-02-19T14:15;57;kWh;0;9872;0;0;9872;9872
2018-02-19T14:15;2018-02-19T14:30;58;kWh;0;564;0;0;564;564
2018-02-19T14:30;2018-02-19T14:45;59;kWh;0;78;0;0;78;78
2018-02-19T14:45;2018-02-19T15:00;60;kWh;0;0;0;0;0;0
2018-02-19T15:00;2018-02-19T15:15;61;kWh;0;0;0;0;0;0
2018-02-19T15:15;2018-02-19T15:30;62;kWh;0;0;0;0;0;0
2018-02-19T15:30;2018-02-19T15:45;63;kWh;0;39;0;0;39;39
2018-02-19T15:45;2018-02-19T16:00;64;kWh;0;750;0;0;750;750
2018-02-19T16:00;2018-02-19T16:15;65;kWh;0;0;0;0;0;0
2018-02-19T16:15;2018-02-19T16:30;66;kWh;0;0;0;0;0;0
2018-02-19T16:30;2018-02-19T16:45;67;kWh;0;0;0;0;0;0
2018-02-19T16:45;2018-02-19T17:00;68;kWh;0;9391;0;0;9391;9391
2018-02-19T17:00;2018-02-19T17:15;69;kWh;0;6119;0;0;6119;6119
2018-02-19T17:15;2018-02-19T17:30;70;kWh;0;3;0;0;3;3
2018-02-19T17:30;2018-02-19T17:45;71;kWh;0;6203;0;0;6203;6203
2018-02-19T17:45;2018-02-19T18:00;72;kWh;0;43568;0;0;43568;43568
2018-02-19T18:00;2018-02-19T18:15;73;kWh;0;9898;0;0;9898;9898
2018-02-19T18:15;2018-02-19T18:30;74;kWh;0;823;0;0;823;823
2018-02-19T18:30;2018-02-19T18:45;75;kWh;0;3426;0;0;3426;3426
2018-02-19T18:45;2018-02-19T19:00;76;kWh;0;7039;0;0;7039;7039
2018-02-19T19:00;2018-02-19T19:15;77;kWh;0;31658;0;0;31658;31658
2018-02-19T19:15;2018-02-19T19:30;78;kWh;-142;9506;0;0;9648;9364
2018-02-19T19:30;2018-02-19T19:45;79;kWh;-2034;11;0;0;2045;-2023
2018-02-19T19:45;2018-02-19T20:00;80;kWh;-6012;0;0;0;6012;-6012
2018-02-19T20:00;2018-02-19T20:15;81;kWh;-1079;2849;0;0;3928;1770
2018-02-19T20:15;2018-02-19T20:30;82;kWh;0;9608;0;0;9608;9608
2018-02-19T20:30;2018-02-19T20:45;83;kWh;-4237;223;0;0;4460;-4014
2018-02-19T20:45;2018-02-19T21:00;84;kWh;-15285;0;0;0;15285;-15285
2018-02-19T21:00;2018-02-19T21:15;85;kWh;-8470;8490;0;0;16960;20
2018-02-19T21:15;2018-02-19T21:30;86;kWh;0;6595;0;0;6595;6595
2018-02-19T21:30;2018-02-19T21:45;87;kWh;0;97;0;0;97;97
2018-02-19T21:45;2018-02-19T22:00;88;kWh;-6049;0;0;0;6049;-6049
2018-02-19T22:00;2018-02-19T22:15;89;kWh;-6144;7143;0;0;13287;999
2018-02-19T22:15;2018-02-19T22:30;90;kWh;-2;1245;0;0;1247;1243
2018-02-19T22:30;2018-02-19T22:45;91;kWh;-769;0;0;0;769;-769
2018-02-19T22:45;2018-02-19T23:00;92;kWh;-4297;0;0;0;4297;-4297
2018-02-19T23:00;2018-02-19T23:15;93;kWh;-6458;559;0;0;7017;-5899
2018-02-19T23:15;2018-02-19T23:30;94;kWh;-4223;0;0;0;4223;-4223
2018-02-19T23:30;2018-02-19T23:45;95;kWh;-14922;0;0;0;14922;-14922
2018-02-19T23:45;2018-02-20T00:00;96;kWh;-14483;0;0;0;14483;-14483
2018-02-20T00:00;2018-02-20T00:15;1;kWh;-15422;8139;0;0;23561;-7283
2018-02-20T00:15;2018-02-20T00:30;2;kWh;-342;17929;0;0;18271;17587
2018-02-20T00:30;2018-02-20T00:45;3;kWh;-20173;169;0;0;20342;-20004
2018-02-20T00:45;2018-02-20T01:00;4;kWh;-17002;0;0;0;17002;-17002
2018-02-20T01:00;2018-02-20T01:15;5;kWh;-15814;77;0;0;15891;-15737
2018-02-20T01:15;2018-02-20T01:30;6;kWh;-375;374;0;0;749;-1
2018-02-20T01:30;2018-02-20T01:45;7;kWh;0;0;0;0;0;0
2018-02-20T01:45;2018-02-20T02:00;8;kWh;0;0;0;0;0;0
2018-02-20T02:00;2018-02-20T02:15;9;kWh;0;8713;0;0;8713;8713
2018-02-20T02:15;2018-02-20T02:30;10;kWh;0;13114;0;0;13114;13114
2018-02-20T02:30;2018-02-20T02:45;11;kWh;0;106;0;0;106;106
2018-02-20T02:45;2018-02-20T03:00;12;kWh;0;0;0;0;0;0
2018-02-20T03:00;2018-02-20T03:15;13;kWh;-249;137;0;0;386;-112
2018-02-20T03:15;2018-02-20T03:30;14;kWh;0;2186;0;0;2186;2186
2018-02-20T03:30;2018-02-20T03:45;15;kWh;0;1963;0;0;1963;1963
2018-02-20T03:45;2018-02-20T04:00;16;kWh;0;38;0;0;38;38
2018-02-20T04:00;2018-02-20T04:15;17;kWh;0;0;0;0;0;0
2018-02-20T04:15;2018-02-20T04:30;18;kWh;0;0;0;0;0;0
2018-02-20T04:30;2018-02-20T04:45;19;kWh;0;0;0;0;0;0
2018-02-20T04:45;2018-02-20T05:00;20;kWh;0;0;0;0;0;0
2018-02-20T05:00;2018-02-20T05:15;21;kWh;0;0;0;0;0;0
2018-02-20T05:15;2018-02-20T05:30;22;kWh;0;1081;0;0;1081;1081
2018-02-20T05:30;2018-02-20T05:45;23;kWh;0;670;0;0;670;670
2018-02-20T05:45;2018-02-20T06:00;24;kWh;0;605;0;0;605;605
2018-02-20T06:00;2018-02-20T06:15;25;kWh;-3557;704;0;0;4261;-2853
2018-02-20T06:15;2018-02-20T06:30;26;kWh;-6226;0;0;0;6226;-6226
2018-02-20T06:30;2018-02-20T06:45;27;kWh;-73;8529;0;0;8602;8456
2018-02-20T06:45;2018-02-20T07:00;28;kWh;0;74882;0;0;74882;74882
2018-02-20T07:00;2018-02-20T07:15;29;kWh;-25468;22127;0;0;47595;-3341
2018-02-20T07:15;2018-02-20T07:30;30;kWh;-18077;0;0;0;18077;-18077
2018-02-20T07:30;2018-02-20T07:45;31;kWh;-2054;0;0;0;2054;-2054
2018-02-20T07:45;2018-02-20T08:00;32;kWh;0;14565;0;0;14565;14565
2018-02-20T08:00;2018-02-20T08:15;33;kWh;-468;6791;0;0;7259;6323
2018-02-20T08:15;2018-02-20T08:30;34;kWh;0;0;0;0;0;0
2018-02-20T08:30;2018-02-20T08:45;35;kWh;0;0;0;0;0;0
2018-02-20T08:45;2018-02-20T09:00;36;kWh;0;3602;0;0;3602;3602
2018-02-20T09:00;2018-02-20T09:15;37;kWh;0;5558;0;0;5558;5558
2018-02-20T09:15;2018-02-20T09:30;38;kWh;0;13901;0;0;13901;13901
2018-02-20T09:30;2018-02-20T09:45;39;kWh;0;13570;0;0;13570;13570
2018-02-20T09:45;2018-02-20T10:00;40;kWh;0;2977;0;0;2977;2977
2018-02-20T10:00;2018-02-20T10:15;41;kWh;0;22651;0;0;22651;22651
2018-02-20T10:15;2018-02-20T10:30;42;kWh;0;11364;0;0;11364;11364
2018-02-20T10:30;2018-02-20T10:45;43;kWh;0;15028;0;0;15028;15028
2018-02-20T10:45;2018-02-20T11:00;44;kWh;0;4582;0;0;4582;4582
2018-02-20T11:00;2018-02-20T11:15;45;kWh;0;12477;0;0;12477;12477
2018-02-20T11:15;2018-02-20T11:30;46;kWh;0;8682;0;0;8682;8682
2018-02-20T11:30;2018-02-20T11:45;47;kWh;0;216;0;0;216;216
2018-02-20T11:45;2018-02-20T12:00;48;kWh;0;0;0;0;0;0
2018-02-20T12:00;2018-02-20T12:15;49;kWh;0;7271;0;0;7271;7271
2018-02-20T12:15;2018-02-20T12:30;50;kWh;0;19283;0;0;19283;19283
2018-02-20T12:30;2018-02-20T12:45;51;kWh;0;9283;0;0;9283;9283
2018-02-20T12:45;2018-02-20T13:00;52;kWh;0;12921;0;0;12921;12921
2018-02-20T13:00;2018-02-20T13:15;53;kWh;0;52847;0;0;52847;52847
2018-02-20T13:15;2018-02-20T13:30;54;kWh;0;79473;0;0;79473;79473
2018-02-20T13:30;2018-02-20T13:45;55;kWh;0;47538;0;0;47538;47538
2018-02-20T13:45;2018-02-20T14:00;56;kWh;0;32943;0;0;32943;32943
2018-02-20T14:00;2018-02-20T14:15;57;kWh;0;46378;0;0;46378;46378
2018-02-20T14:15;2018-02-20T14:30;58;kWh;0;86352;0;0;86352;86352
2018-02-20T14:30;2018-02-20T14:45;59;kWh;0;59582;0;0;59582;59582
2018-02-20T14:45;2018-02-20T15:00;60;kWh;0;18625;0;0;18625;18625
2018-02-20T15:00;2018-02-20T15:15;61;kWh;0;770;0;0;770;770
2018-02-20T15:15;2018-02-20T15:30;62;kWh;0;4907;0;0;4907;4907
2018-02-20T15:30;2018-02-20T15:45;63;kWh;0;36271;0;0;36271;36271
2018-02-20T15:45;2018-02-20T16:00;64;kWh;0;49841;0;0;49841;49841
2018-02-20T16:00;2018-02-20T16:15;65;kWh;0;13578;0;0;13578;13578
2018-02-20T16:15;2018-02-20T16:30;66;kWh;0;2441;0;0;2441;2441
2018-02-20T16:30;2018-02-20T16:45;67;kWh;0;17136;0;0;17136;17136
2018-02-20T16:45;2018-02-20T17:00;68;kWh;0;27909;0;0;27909;27909
2018-02-20T17:00;2018-02-20T17:15;69;kWh;-4018;5427;0;0;9445;1409
2018-02-20T17:15;2018-02-20T17:30;70;kWh;-37;0;0;0;37;-37
2018-02-20T17:30;2018-02-20T17:45;71;kWh;0;0;0;0;0;0
2018-02-20T17:45;2018-02-20T18:00;72;kWh;0;0;0;0;0;0
2018-02-20T18:00;2018-02-20T18:15;73;kWh;-7468;0;0;0;7468;-7468
2018-02-20T18:15;2018-02-20T18:30;74;kWh;-180;3243;0;0;3423;3063
2018-02-20T18:30;2018-02-20T18:45;75;kWh;0;4454;0;0;4454;4454
2018-02-20T18:45;2018-02-20T19:00;76;kWh;0;72;0;0;72;72
2018-02-20T19:00;2018-02-20T19:15;77;kWh;0;37842;0;0;37842;37842
2018-02-20T19:15;2018-02-20T19:30;78;kWh;0;40340;0;0;40340;40340
2018-02-20T19:30;2018-02-20T19:45;79;kWh;-835;1473;0;0;2308;638
2018-02-20T19:45;2018-02-20T20:00;80;kWh;-7305;0;0;0;7305;-7305
2018-02-20T20:00;2018-02-20T20:15;81;kWh;-5161;0;0;0;5161;-5161
2018-02-20T20:15;2018-02-20T20:30;82;kWh;-1313;0;0;0;1313;-1313
2018-02-20T20:30;2018-02-20T20:45;83;kWh;-12567;0;0;0;12567;-12567
2018-02-20T20:45;2018-02-20T21:00;84;kWh;-38000;0;0;0;38000;-38000
2018-02-20T21:00;2018-02-20T21:15;85;kWh;-22080;3508;0;0;25588;-18572
2018-02-20T21:15;2018-02-20T21:30;86;kWh;0;26479;0;0;26479;26479
2018-02-20T21:30;2018-02-20T21:45;87;kWh;-8;335;0;0;343;327
2018-02-20T21:45;2018-02-20T22:00;88;kWh;-27840;0;0;0;27840;-27840
2018-02-20T22:00;2018-02-20T22:15;89;kWh;-34039;1636;0;0;35675;-32403
2018-02-20T22:15;2018-02-20T22:30;90;kWh;-6961;1444;0;0;8405;-5517
2018-02-20T22:30;2018-02-20T22:45;91;kWh;-40460;0;0;0;40460;-40460
2018-02-20T22:45;2018-02-20T23:00;92;kWh;-59255;0;0;0;59255;-59255
2018-02-20T23:00;2018-02-20T23:15;93;kWh;-26758;290;0;0;27048;-26468
2018-02-20T23:15;2018-02-20T23:30;94;kWh;-736;12;0;0;748;-724
2018-02-20T23:30;2018-02-20T23:45;95;kWh;-24120;0;0;0;24120;-24120
2018-02-20T23:45;2018-02-21T00:00;96;kWh;-35798;0;0;0;35798;-35798
2018-02-21T00:00;2018-02-21T00:15;1;kWh;-21309;0;0;0;21309;-21309
2018-02-21T00:15;2018-02-21T00:30;2;kWh;-9569;0;0;0;9569;-9569
2018-02-21T00:30;2018-02-21T00:45;3;kWh;-9250;0;0;0;9250;-9250
2018-02-21T00:45;2018-02-21T01:00;4;kWh;-21363;0;0;0;21363;-21363
2018-02-21T01:00;2018-02-21T01:15;5;kWh;-19661;96;0;0;19757;-19565
2018-02-21T01:15;2018-02-21T01:30;6;kWh;-3145;313;0;0;3458;-2832
2018-02-21T01:30;2018-02-21T01:45;7;kWh;-24136;0;0;0;24136;-24136
2018-02-21T01:45;2018-02-21T02:00;8;kWh;-21774;0;0;0;21774;-21774
2018-02-21T02:00;2018-02-21T02:15;9;kWh;-10394;6313;0;0;16707;-4081
2018-02-21T02:15;2018-02-21T02:30;10;kWh;-81;14213;0;0;14294;14132
2018-02-21T02:30;2018-02-21T02:45;11;kWh;0;366;0;0;366;366
2018-02-21T02:45;2018-02-21T03:00;12;kWh;-62;520;0;0;582;458
2018-02-21T03:00;2018-02-21T03:15;13;kWh;0;2797;0;0;2797;2797
2018-02-21T03:15;2018-02-21T03:30;14;kWh;0;165;0;0;165;165
2018-02-21T03:30;2018-02-21T03:45;15;kWh;0;6841;0;0;6841;6841
2018-02-21T03:45;2018-02-21T04:00;16;kWh;0;4354;0;0;4354;4354
2018-02-21T04:00;2018-02-21T04:15;17;kWh;0;0;0;0;0;0
2018-02-21T04:15;2018-02-21T04:30;18;kWh;0;0;0;0;0;0
2018-02-21T04:30;2018-02-21T04:45;19;kWh;0;0;0;0;0;0
2018-02-21T04:45;2018-02-21T05:00;20;kWh;0;0;0;0;0;0
2018-02-21T05:00;2018-02-21T05:15;21;kWh;0;0;0;0;0;0
2018-02-21T05:15;2018-02-21T05:30;22;kWh;0;0;0;0;0;0
2018-02-21T05:30;2018-02-21T05:45;23;kWh;0;0;0;0;0;0
2018-02-21T05:45;2018-02-21T06:00;24;kWh;-29;0;0;0;29;-29
2018-02-21T06:00;2018-02-21T06:15;25;kWh;-17311;0;0;0;17311;-17311
2018-02-21T06:15;2018-02-21T06:30;26;kWh;-1667;0;0;0;1667;-1667
2018-02-21T06:30;2018-02-21T06:45;27;kWh;0;2925;0;0;2925;2925
2018-02-21T06:45;2018-02-21T07:00;28;kWh;0;72725;0;0;72725;72725
2018-02-21T07:00;2018-02-21T07:15;29;kWh;-5545;40130;0;0;45675;34585
2018-02-21T07:15;2018-02-21T07:30;30;kWh;-2898;1395;0;0;4293;-1503
2018-02-21T07:30;2018-02-21T07:45;31;kWh;0;8884;0;0;8884;8884
2018-02-21T07:45;2018-02-21T08:00;32;kWh;0;46033;0;0;46033;46033
2018-02-21T08:00;2018-02-21T08:15;33;kWh;0;22033;0;0;22033;22033
2018-02-21T08:15;2018-02-21T08:30;34;kWh;0;865;0;0;865;865
2018-02-21T08:30;2018-02-21T08:45;35;kWh;0;18842;0;0;18842;18842
2018-02-21T08:45;2018-02-21T09:00;36;kWh;0;30621;0;0;30621;30621
2018-02-21T09:00;2018-02-21T09:15;37;kWh;0;47794;0;0;47794;47794
2018-02-21T09:15;2018-02-21T09:30;38;kWh;0;3160;0;0;3160;3160
2018-02-21T09:30;2018-02-21T09:45;39;kWh;-24;277;0;0;301;253
2018-02-21T09:45;2018-02-21T10:00;40;kWh;-248;0;0;0;248;-248
2018-02-21T10:00;2018-02-21T10:15;41;kWh;-753;0;0;0;753;-753
2018-02-21T10:15;2018-02-21T10:30;42;kWh;-1149;0;0;0;1149;-1149
2018-02-21T10:30;2018-02-21T10:45;43;kWh;-5439;0;0;0;5439;-5439
2018-02-21T10:45;2018-02-21T11:00;44;kWh;-19116;0;0;0;19116;-19116
2018-02-21T11:00;2018-02-21T11:15;45;kWh;-8848;66;0;0;8914;-8782
2018-02-21T11:15;2018-02-21T11:30;46;kWh;-2374;0;0;0;2374;-2374
2018-02-21T11:30;2018-02-21T11:45;47;kWh;-22651;0;0;0;22651;-22651
2018-02-21T11:45;2018-02-21T12:00;48;kWh;-39728;0;0;0;39728;-39728
2018-02-21T12:00;2018-02-21T12:15;49;kWh;-19606;0;0;0;19606;-19606
2018-02-21T12:15;2018-02-21T12:30;50;kWh;-22604;0;0;0;22604;-22604
2018-02-21T12:30;2018-02-21T12:45;51;kWh;-35292;0;0;0;35292;-35292
2018-02-21T12:45;2018-02-21T13:00;52;kWh;-47031;0;0;0;47031;-47031
2018-02-21T13:00;2018-02-21T13:15;53;kWh;-26037;265;0;0;26302;-25772
2018-02-21T13:15;2018-02-21T13:30;54;kWh;-1414;144;0;0;1558;-1270
2018-02-21T13:30;2018-02-21T13:45;55;kWh;-12797;0;0;0;12797;-12797
2018-02-21T13:45;2018-02-21T14:00;56;kWh;-11919;0;0;0;11919;-11919
2018-02-21T14:00;2018-02-21T14:15;57;kWh;-5720;12515;0;0;18235;6795
2018-02-21T14:15;2018-02-21T14:30;58;kWh;0;8432;0;0;8432;8432
2018-02-21T14:30;2018-02-21T14:45;59;kWh;0;0;0;0;0;0
2018-02-21T14:45;2018-02-21T15:00;60;kWh;0;649;0;0;649;649
2018-02-21T15:00;2018-02-21T15:15;61;kWh;-524;9;0;0;533;-515
2018-02-21T15:15;2018-02-21T15:30;62;kWh;-224;85;0;0;309;-139
2018-02-21T15:30;2018-02-21T15:45;63;kWh;0;13824;0;0;13824;13824
2018-02-21T15:45;2018-02-21T16:00;64;kWh;0;16163;0;0;16163;16163
2018-02-21T16:00;2018-02-21T16:15;65;kWh;-33244;5790;0;0;39034;-27454
2018-02-21T16:15;2018-02-21T16:30;66;kWh;-21077;0;0;0;21077;-21077
2018-02-21T16:30;2018-02-21T16:45;67;kWh;-20881;0;0;0;20881;-20881
2018-02-21T16:45;2018-02-21T17:00;68;kWh;-5250;1527;0;0;6777;-3723
2018-02-21T17:00;2018-02-21T17:15;69;kWh;-1821;129;0;0;1950;-1692
2018-02-21T17:15;2018-02-21T17:30;70;kWh;0;0;0;0;0;0
2018-02-21T17:30;2018-02-21T17:45;71;kWh;0;0;0;0;0;0
2018-02-21T17:45;2018-02-21T18:00;72;kWh;0;0;0;0;0;0
2018-02-21T18:00;2018-02-21T18:15;73;kWh;-11508;0;0;0;11508;-11508
2018-02-21T18:15;2018-02-21T18:30;74;kWh;-6563;0;0;0;6563;-6563
2018-02-21T18:30;2018-02-21T18:45;75;kWh;0;9;0;0;9;9
2018-02-21T18:45;2018-02-21T19:00;76;kWh;0;4793;0;0;4793;4793
2018-02-21T19:00;2018-02-21T19:15;77;kWh;0;14321;0;0;14321;14321
2018-02-21T19:15;2018-02-21T19:30;78;kWh;-1280;3239;0;0;4519;1959
2018-02-21T19:30;2018-02-21T19:45;79;kWh;-3649;0;0;0;3649;-3649
2018-02-21T19:45;2018-02-21T20:00;80;kWh;-19525;0;0;0;19525;-19525
2018-02-21T20:00;2018-02-21T20:15;81;kWh;-16283;3618;0;0;19901;-12665
2018-02-21T20:15;2018-02-21T20:30;82;kWh;-226;2250;0;0;2476;2024
2018-02-21T20:30;2018-02-21T20:45;83;kWh;-2767;0;0;0;2767;-2767
2018-02-21T20:45;2018-02-21T21:00;84;kWh;-16740;0;0;0;16740;-16740
2018-02-21T21:00;2018-02-21T21:15;85;kWh;-6586;2980;0;0;9566;-3606
2018-02-21T21:15;2018-02-21T21:30;86;kWh;-11;5720;0;0;5731;5709
2018-02-21T21:30;2018-02-21T21:45;87;kWh;-1336;932;0;0;2268;-404
2018-02-21T21:45;2018-02-21T22:00;88;kWh;-25222;0;0;0;25222;-25222
2018-02-21T22:00;2018-02-21T22:15;89;kWh;-11004;613;0;0;11617;-10391
2018-02-21T22:15;2018-02-21T22:30;90;kWh;-3;0;0;0;3;-3
2018-02-21T22:30;2018-02-21T22:45;91;kWh;-7683;0;0;0;7683;-7683
2018-02-21T22:45;2018-02-21T23:00;92;kWh;-29338;0;0;0;29338;-29338
2018-02-21T23:00;2018-02-21T23:15;93;kWh;-21715;2301;0;0;24016;-19414
2018-02-21T23:15;2018-02-21T23:30;94;kWh;-904;19456;0;0;20360;18552
2018-02-21T23:30;2018-02-21T23:45;95;kWh;-28623;157;0;0;28780;-28466
2018-02-21T23:45;2018-02-22T00:00;96;kWh;-42312;0;0;0;42312;-42312
2018-02-22T00:00;2018-02-22T00:15;1;kWh;-46355;0;0;0;46355;-46355
2018-02-22T00:15;2018-02-22T00:30;2;kWh;-27475;0;0;0;27475;-27475
2018-02-22T00:30;2018-02-22T00:45;3;kWh;-32462;0;0;0;32462;-32462
2018-02-22T00:45;2018-02-22T01:00;4;kWh;-45669;0;0;0;45669;-45669
2018-02-22T01:00;2018-02-22T01:15;5;kWh;-22141;1320;0;0;23461;-20821
2018-02-22T01:15;2018-02-22T01:30;6;kWh;-9862;1839;0;0;11701;-8023
2018-02-22T01:30;2018-02-22T01:45;7;kWh;-32098;0;0;0;32098;-32098
2018-02-22T01:45;2018-02-22T02:00;8;kWh;-24967;0;0;0;24967;-24967
2018-02-22T02:00;2018-02-22T02:15;9;kWh;-37869;0;0;0;37869;-37869
2018-02-22T02:15;2018-02-22T02:30;10;kWh;-20537;0;0;0;20537;-20537
2018-02-22T02:30;2018-02-22T02:45;11;kWh;-39912;0;0;0;39912;-39912
2018-02-22T02:45;2018-02-22T03:00;12;kWh;-40658;0;0;0;40658;-40658
2018-02-22T03:00;2018-02-22T03:15;13;kWh;-33400;0;0;0;33400;-33400
2018-02-22T03:15;2018-02-22T03:30;14;kWh;-21074;0;0;0;21074;-21074
2018-02-22T03:30;2018-02-22T03:45;15;kWh;-29952;0;0;0;29952;-29952
2018-02-22T03:45;2018-02-22T04:00;16;kWh;-24284;0;0;0;24284;-24284
2018-02-22T04:00;2018-02-22T04:15;17;kWh;-27975;0;0;0;27975;-27975
2018-02-22T04:15;2018-02-22T04:30;18;kWh;-14322;0;0;0;14322;-14322
2018-02-22T04:30;2018-02-22T04:45;19;kWh;-16430;0;0;0;16430;-16430
2018-02-22T04:45;2018-02-22T05:00;20;kWh;-721;0;0;0;721;-721
2018-02-22T05:00;2018-02-22T05:15;21;kWh;-10600;0;0;0;10600;-10600
2018-02-22T05:15;2018-02-22T05:30;22;kWh;-40859;0;0;0;40859;-40859
2018-02-22T05:30;2018-02-22T05:45;23;kWh;-8347;0;0;0;8347;-8347
2018-02-22T05:45;2018-02-22T06:00;24;kWh;0;0;0;0;0;0
2018-02-22T06:00;2018-02-22T06:15;25;kWh;-29114;0;0;0;29114;-29114
2018-02-22T06:15;2018-02-22T06:30;26;kWh;-13472;0;0;0;13472;-13472
2018-02-22T06:30;2018-02-22T06:45;27;kWh;-772;0;0;0;772;-772
2018-02-22T06:45;2018-02-22T07:00;28;kWh;0;8216;0;0;8216;8216
2018-02-22T07:00;2018-02-22T07:15;29;kWh;-38848;3550;0;0;42398;-35298
2018-02-22T07:15;2018-02-22T07:30;30;kWh;-43634;0;0;0;43634;-43634
2018-02-22T07:30;2018-02-22T07:45;31;kWh;-21472;0;0;0;21472;-21472
2018-02-22T07:45;2018-02-22T08:00;32;kWh;-3871;678;0;0;4549;-3193
2018-02-22T08:00;2018-02-22T08:15;33;kWh;-1055;0;0;0;1055;-1055
2018-02-22T08:15;2018-02-22T08:30;34;kWh;0;0;0;0;0;0
2018-02-22T08:30;2018-02-22T08:45;35;kWh;-391;0;0;0;391;-391
2018-02-22T08:45;2018-02-22T09:00;36;kWh;-748;0;0;0;748;-748
2018-02-22T09:00;2018-02-22T09:15;37;kWh;0;654;0;0;654;654
2018-02-22T09:15;2018-02-22T09:30;38;kWh;0;62;0;0;62;62
2018-02-22T09:30;2018-02-22T09:45;39;kWh;-8878;0;0;0;8878;-8878
2018-02-22T09:45;2018-02-22T10:00;40;kWh;-28485;0;0;0;28485;-28485
2018-02-22T10:00;2018-02-22T10:15;41;kWh;-18374;0;0;0;18374;-18374
2018-02-22T10:15;2018-02-22T10:30;42;kWh;-32719;0;0;0;32719;-32719
2018-02-22T10:30;2018-02-22T10:45;43;kWh;-49580;0;0;0;49580;-49580
2018-02-22T10:45;2018-02-22T11:00;44;kWh;-72775;0;0;0;72775;-72775
2018-02-22T11:00;2018-02-22T11:15;45;kWh;-32865;151;0;0;33016;-32714
2018-02-22T11:15;2018-02-22T11:30;46;kWh;-9793;39;0;0;9832;-9754
2018-02-22T11:30;2018-02-22T11:45;47;kWh;-33110;0;0;0;33110;-33110
2018-02-22T11:45;2018-02-22T12:00;48;kWh;-27888;0;0;0;27888;-27888
2018-02-22T12:00;2018-02-22T12:15;49;kWh;-15407;593;0;0;16000;-14814
2018-02-22T12:15;2018-02-22T12:30;50;kWh;-2553;68;0;0;2621;-2485
2018-02-22T12:30;2018-02-22T12:45;51;kWh;-33083;0;0;0;33083;-33083
2018-02-22T12:45;2018-02-22T13:00;52;kWh;-43397;0;0;0;43397;-43397
2018-02-22T13:00;2018-02-22T13:15;53;kWh;-40796;0;0;0;40796;-40796
2018-02-22T13:15;2018-02-22T13:30;54;kWh;-16683;0;0;0;16683;-16683
2018-02-22T13:30;2018-02-22T13:45;55;kWh;-17554;0;0;0;17554;-17554
2018-02-22T13:45;2018-02-22T14:00;56;kWh;-28295;0;0;0;28295;-28295
2018-02-22T14:00;2018-02-22T14:15;57;kWh;-28807;0;0;0;28807;-28807
2018-02-22T14:15;2018-02-22T14:30;58;kWh;-32363;0;0;0;32363;-32363
2018-02-22T14:30;2018-02-22T14:45;59;kWh;-37299;0;0;0;37299;-37299
2018-02-22T14:45;2018-02-22T15:00;60;kWh;-41757;0;0;0;41757;-41757
2018-02-22T15:00;2018-02-22T15:15;61;kWh;-14856;0;0;0;14856;-14856
2018-02-22T15:15;2018-02-22T15:30;62;kWh;-9271;0;0;0;9271;-9271
2018-02-22T15:30;2018-02-22T15:45;63;kWh;-3246;0;0;0;3246;-3246
2018-02-22T15:45;2018-02-22T16:00;64;kWh;0;0;0;0;0;0
2018-02-22T16:00;2018-02-22T16:15;65;kWh;-6762;0;0;0;6762;-6762
2018-02-22T16:15;2018-02-22T16:30;66;kWh;-191;0;0;0;191;-191
2018-02-22T16:30;2018-02-22T16:45;67;kWh;-422;740;0;0;1162;318
2018-02-22T16:45;2018-02-22T17:00;68;kWh;0;20645;0;0;20645;20645
2018-02-22T17:00;2018-02-22T17:15;69;kWh;-2092;4829;0;0;6921;2737
2018-02-22T17:15;2018-02-22T17:30;70;kWh;0;168;0;0;168;168
2018-02-22T17:30;2018-02-22T17:45;71;kWh;0;248;0;0;248;248
2018-02-22T17:45;2018-02-22T18:00;72;kWh;0;0;0;0;0;0
2018-02-22T18:00;2018-02-22T18:15;73;kWh;-19038;0;0;0;19038;-19038
2018-02-22T18:15;2018-02-22T18:30;74;kWh;-6578;0;0;0;6578;-6578
2018-02-22T18:30;2018-02-22T18:45;75;kWh;-112;513;0;0;625;401
2018-02-22T18:45;2018-02-22T19:00;76;kWh;-33;411;0;0;444;378
2018-02-22T19:00;2018-02-22T19:15;77;kWh;-252;0;0;0;252;-252
2018-02-22T19:15;2018-02-22T19:30;78;kWh;-9852;0;0;0;9852;-9852
2018-02-22T19:30;2018-02-22T19:45;79;kWh;-29060;0;0;0;29060;-29060
2018-02-22T19:45;2018-02-22T20:00;80;kWh;-60685;0;0;0;60685;-60685
2018-02-22T20:00;2018-02-22T20:15;81;kWh;-28044;4712;0;0;32756;-23332
2018-02-22T20:15;2018-02-22T20:30;82;kWh;-2807;5147;0;0;7954;2340
2018-02-22T20:30;2018-02-22T20:45;83;kWh;-7740;0;0;0;7740;-7740
2018-02-22T20:45;2018-02-22T21:00;84;kWh;-1099;0;0;0;1099;-1099
2018-02-22T21:00;2018-02-22T21:15;85;kWh;-558;135;0;0;693;-423
2018-02-22T21:15;2018-02-22T21:30;86;kWh;-180;1396;0;0;1576;1216
2018-02-22T21:30;2018-02-22T21:45;87;kWh;-5404;0;0;0;5404;-5404
2018-02-22T21:45;2018-02-22T22:00;88;kWh;-25158;0;0;0;25158;-25158
2018-02-22T22:00;2018-02-22T22:15;89;kWh;-17653;1683;0;0;19336;-15970
2018-02-22T22:15;2018-02-22T22:30;90;kWh;-4787;1024;0;0;5811;-3763
2018-02-22T22:30;2018-02-22T22:45;91;kWh;-15605;0;0;0;15605;-15605
2018-02-22T22:45;2018-02-22T23:00;92;kWh;-16711;0;0;0;16711;-16711
2018-02-22T23:00;2018-02-22T23:15;93;kWh;-12147;0;0;0;12147;-12147
2018-02-22T23:15;2018-02-22T23:30;94;kWh;-9218;0;0;0;9218;-9218
2018-02-22T23:30;2018-02-22T23:45;95;kWh;-27579;0;0;0;27579;-27579
2018-02-22T23:45;2018-02-23T00:00;96;kWh;-31941;0;0;0;31941;-31941
2018-02-23T00:00;2018-02-23T00:15;1;kWh;-12639;3479;0;0;16118;-9160
2018-02-23T00:15;2018-02-23T00:30;2;kWh;0;1;0;0;1;1
2018-02-23T00:30;2018-02-23T00:45;3;kWh;-264;0;0;0;264;-264
2018-02-23T00:45;2018-02-23T01:00;4;kWh;-23852;0;0;0;23852;-23852
2018-02-23T01:00;2018-02-23T01:15;5;kWh;-8797;0;0;0;8797;-8797
2018-02-23T01:15;2018-02-23T01:30;6;kWh;0;0;0;0;0;0
2018-02-23T01:30;2018-02-23T01:45;7;kWh;0;0;0;0;0;0
2018-02-23T01:45;2018-02-23T02:00;8;kWh;-302;0;0;0;302;-302
2018-02-23T02:00;2018-02-23T02:15;9;kWh;0;0;0;0;0;0
2018-02-23T02:15;2018-02-23T02:30;10;kWh;0;0;0;0;0;0
2018-02-23T02:30;2018-02-23T02:45;11;kWh;0;0;0;0;0;0
2018-02-23T02:45;2018-02-23T03:00;12;kWh;0;0;0;0;0;0
2018-02-23T03:00;2018-02-23T03:15;13;kWh;0;1621;0;0;1621;1621
2018-02-23T03:15;2018-02-23T03:30;14;kWh;0;11507;0;0;11507;11507
2018-02-23T03:30;2018-02-23T03:45;15;kWh;0;618;0;0;618;618
2018-02-23T03:45;2018-02-23T04:00;16;kWh;0;0;0;0;0;0
2018-02-23T04:00;2018-02-23T04:15;17;kWh;0;0;0;0;0;0
2018-02-23T04:15;2018-02-23T04:30;18;kWh;0;0;0;0;0;0
2018-02-23T04:30;2018-02-23T04:45;19;kWh;0;0;0;0;0;0
2018-02-23T04:45;2018-02-23T05:00;20;kWh;0;0;0;0;0;0
2018-02-23T05:00;2018-02-23T05:15;21;kWh;0;0;0;0;0;0
2018-02-23T05:15;2018-02-23T05:30;22;kWh;0;0;0;0;0;0
2018-02-23T05:30;2018-02-23T05:45;23;kWh;0;5785;0;0;5785;5785
2018-02-23T05:45;2018-02-23T06:00;24;kWh;0;7405;0;0;7405;7405
2018-02-23T06:00;2018-02-23T06:15;25;kWh;-15405;778;0;0;16183;-14627
2018-02-23T06:15;2018-02-23T06:30;26;kWh;-13762;0;0;0;13762;-13762
2018-02-23T06:30;2018-02-23T06:45;27;kWh;-2158;501;0;0;2659;-1657
2018-02-23T06:45;2018-02-23T07:00;28;kWh;0;4975;0;0;4975;4975
2018-02-23T07:00;2018-02-23T07:15;29;kWh;-22452;731;0;0;23183;-21721
2018-02-23T07:15;2018-02-23T07:30;30;kWh;-24640;0;0;0;24640;-24640
2018-02-23T07:30;2018-02-23T07:45;31;kWh;-10541;0;0;0;10541;-10541
2018-02-23T07:45;2018-02-23T08:00;32;kWh;-965;312;0;0;1277;-653
2018-02-23T08:00;2018-02-23T08:15;33;kWh;0;0;0;0;0;0
2018-02-23T08:15;2018-02-23T08:30;34;kWh;0;0;0;0;0;0
2018-02-23T08:30;2018-02-23T08:45;35;kWh;0;248;0;0;248;248
2018-02-23T08:45;2018-02-23T09:00;36;kWh;0;8866;0;0;8866;8866
2018-02-23T09:00;2018-02-23T09:15;37;kWh;0;26495;0;0;26495;26495
2018-02-23T09:15;2018-02-23T09:30;38;kWh;0;22823;0;0;22823;22823
2018-02-23T09:30;2018-02-23T09:45;39;kWh;-179;11380;0;0;11559;11201
2018-02-23T09:45;2018-02-23T10:00;40;kWh;-8858;106;0;0;8964;-8752
2018-02-23T10:00;2018-02-23T10:15;41;kWh;-2197;17913;0;0;20110;15716
2018-02-23T10:15;2018-02-23T10:30;42;kWh;-744;7146;0;0;7890;6402
2018-02-23T10:30;2018-02-23T10:45;43;kWh;-30298;0;0;0;30298;-30298
2018-02-23T10:45;2018-02-23T11:00;44;kWh;-54507;0;0;0;54507;-54507
2018-02-23T11:00;2018-02-23T11:15;45;kWh;-30964;4315;0;0;35279;-26649
2018-02-23T11:15;2018-02-23T11:30;46;kWh;-8088;12888;0;0;20976;4800
2018-02-23T11:30;2018-02-23T11:45;47;kWh;-36124;0;0;0;36124;-36124
2018-02-23T11:45;2018-02-23T12:00;48;kWh;-41495;0;0;0;41495;-41495
2018-02-23T12:00;2018-02-23T12:15;49;kWh;-26441;0;0;0;26441;-26441
2018-02-23T12:15;2018-02-23T12:30;50;kWh;-44001;0;0;0;44001;-44001
2018-02-23T12:30;2018-02-23T12:45;51;kWh;-56346;0;0;0;56346;-56346
2018-02-23T12:45;2018-02-23T13:00;52;kWh;-66199;0;0;0;66199;-66199
2018-02-23T13:00;2018-02-23T13:15;53;kWh;-29249;127;0;0;29376;-29122
2018-02-23T13:15;2018-02-23T13:30;54;kWh;-5078;0;0;0;5078;-5078
2018-02-23T13:30;2018-02-23T13:45;55;kWh;-46226;0;0;0;46226;-46226
2018-02-23T13:45;2018-02-23T14:00;56;kWh;-54790;0;0;0;54790;-54790
2018-02-23T14:00;2018-02-23T14:15;57;kWh;-20695;59;0;0;20754;-20636
2018-02-23T14:15;2018-02-23T14:30;58;kWh;-6556;0;0;0;6556;-6556
2018-02-23T14:30;2018-02-23T14:45;59;kWh;-35294;0;0;0;35294;-35294
2018-02-23T14:45;2018-02-23T15:00;60;kWh;-32564;0;0;0;32564;-32564
2018-02-23T15:00;2018-02-23T15:15;61;kWh;-52635;0;0;0;52635;-52635
2018-02-23T15:15;2018-02-23T15:30;62;kWh;-35606;0;0;0;35606;-35606
2018-02-23T15:30;2018-02-23T15:45;63;kWh;-34369;0;0;0;34369;-34369
2018-02-23T15:45;2018-02-23T16:00;64;kWh;-2785;48;0;0;2833;-2737
2018-02-23T16:00;2018-02-23T16:15;65;kWh;-18826;0;0;0;18826;-18826
2018-02-23T16:15;2018-02-23T16:30;66;kWh;-15518;0;0;0;15518;-15518
2018-02-23T16:30;2018-02-23T16:45;67;kWh;-1882;2091;0;0;3973;209
2018-02-23T16:45;2018-02-23T17:00;68;kWh;0;38157;0;0;38157;38157
2018-02-23T17:00;2018-02-23T17:15;69;kWh;-5838;13402;0;0;19240;7564
2018-02-23T17:15;2018-02-23T17:30;70;kWh;-2721;0;0;0;2721;-2721
2018-02-23T17:30;2018-02-23T17:45;71;kWh;-3030;0;0;0;3030;-3030
2018-02-23T17:45;2018-02-23T18:00;72;kWh;-1456;0;0;0;1456;-1456
2018-02-23T18:00;2018-02-23T18:15;73;kWh;-5888;0;0;0;5888;-5888
2018-02-23T18:15;2018-02-23T18:30;74;kWh;-3012;0;0;0;3012;-3012
2018-02-23T18:30;2018-02-23T18:45;75;kWh;-38;4330;0;0;4368;4292
2018-02-23T18:45;2018-02-23T19:00;76;kWh;0;8497;0;0;8497;8497
2018-02-23T19:00;2018-02-23T19:15;77;kWh;0;14973;0;0;14973;14973
2018-02-23T19:15;2018-02-23T19:30;78;kWh;-1431;5315;0;0;6746;3884
2018-02-23T19:30;2018-02-23T19:45;79;kWh;-17543;0;0;0;17543;-17543
2018-02-23T19:45;2018-02-23T20:00;80;kWh;-14226;786;0;0;15012;-13440
2018-02-23T20:00;2018-02-23T20:15;81;kWh;-144;14845;0;0;14989;14701
2018-02-23T20:15;2018-02-23T20:30;82;kWh;0;26810;0;0;26810;26810
2018-02-23T20:30;2018-02-23T20:45;83;kWh;-67;5083;0;0;5150;5016
2018-02-23T20:45;2018-02-23T21:00;84;kWh;-22816;0;0;0;22816;-22816
2018-02-23T21:00;2018-02-23T21:15;85;kWh;-14260;3724;0;0;17984;-10536
2018-02-23T21:15;2018-02-23T21:30;86;kWh;-11;40417;0;0;40428;40406
2018-02-23T21:30;2018-02-23T21:45;87;kWh;-20925;994;0;0;21919;-19931
2018-02-23T21:45;2018-02-23T22:00;88;kWh;-24829;0;0;0;24829;-24829
2018-02-23T22:00;2018-02-23T22:15;89;kWh;-20945;387;0;0;21332;-20558
2018-02-23T22:15;2018-02-23T22:30;90;kWh;-170;1532;0;0;1702;1362
2018-02-23T22:30;2018-02-23T22:45;91;kWh;-9057;0;0;0;9057;-9057
2018-02-23T22:45;2018-02-23T23:00;92;kWh;-11673;0;0;0;11673;-11673
2018-02-23T23:00;2018-02-23T23:15;93;kWh;-9072;0;0;0;9072;-9072
2018-02-23T23:15;2018-02-23T23:30;94;kWh;-316;165;0;0;481;-151
2018-02-23T23:30;2018-02-23T23:45;95;kWh;-12342;0;0;0;12342;-12342
2018-02-23T23:45;2018-02-24T00:00;96;kWh;-25167;0;0;0;25167;-25167
2018-02-24T00:00;2018-02-24T00:15;1;kWh;-19055;420;0;0;19475;-18635
2018-02-24T00:15;2018-02-24T00:30;2;kWh;-2907;38;0;0;2945;-2869
2018-02-24T00:30;2018-02-24T00:45;3;kWh;-19167;0;0;0;19167;-19167
2018-02-24T00:45;2018-02-24T01:00;4;kWh;-2002;34;0;0;2036;-1968
2018-02-24T01:00;2018-02-24T01:15;5;kWh;-38;137;0;0;175;99
2018-02-24T01:15;2018-02-24T01:30;6;kWh;0;383;0;0;383;383
2018-02-24T01:30;2018-02-24T01:45;7;kWh;-3327;0;0;0;3327;-3327
2018-02-24T01:45;2018-02-24T02:00;8;kWh;-10855;0;0;0;10855;-10855
2018-02-24T02:00;2018-02-24T02:15;9;kWh;-5824;1219;0;0;7043;-4605
2018-02-24T02:15;2018-02-24T02:30;10;kWh;0;1882;0;0;1882;1882
2018-02-24T02:30;2018-02-24T02:45;11;kWh;0;8594;0;0;8594;8594
2018-02-24T02:45;2018-02-24T03:00;12;kWh;-7729;5293;0;0;13022;-2436
2018-02-24T03:00;2018-02-24T03:15;13;kWh;-10896;561;0;0;11457;-10335
2018-02-24T03:15;2018-02-24T03:30;14;kWh;-2172;5;0;0;2177;-2167
2018-02-24T03:30;2018-02-24T03:45;15;kWh;-12402;0;0;0;12402;-12402
2018-02-24T03:45;2018-02-24T04:00;16;kWh;-22014;0;0;0;22014;-22014
2018-02-24T04:00;2018-02-24T04:15;17;kWh;-25803;0;0;0;25803;-25803
2018-02-24T04:15;2018-02-24T04:30;18;kWh;-22021;0;0;0;22021;-22021
2018-02-24T04:30;2018-02-24T04:45;19;kWh;-4267;0;0;0;4267;-4267
2018-02-24T04:45;2018-02-24T05:00;20;kWh;-6086;0;0;0;6086;-6086
2018-02-24T05:00;2018-02-24T05:15;21;kWh;-18962;0;0;0;18962;-18962
2018-02-24T05:15;2018-02-24T05:30;22;kWh;-17698;0;0;0;17698;-17698
2018-02-24T05:30;2018-02-24T05:45;23;kWh;-23013;0;0;0;23013;-23013
2018-02-24T05:45;2018-02-24T06:00;24;kWh;-8757;0;0;0;8757;-8757
2018-02-24T06:00;2018-02-24T06:15;25;kWh;-31055;0;0;0;31055;-31055
2018-02-24T06:15;2018-02-24T06:30;26;kWh;-4713;888;0;0;5601;-3825
2018-02-24T06:30;2018-02-24T06:45;27;kWh;-2304;1118;0;0;3422;-1186
2018-02-24T06:45;2018-02-24T07:00;28;kWh;0;18789;0;0;18789;18789
2018-02-24T07:00;2018-02-24T07:15;29;kWh;-10756;3254;0;0;14010;-7502
2018-02-24T07:15;2018-02-24T07:30;30;kWh;-1067;1181;0;0;2248;114
2018-02-24T07:30;2018-02-24T07:45;31;kWh;-10938;0;0;0;10938;-10938
2018-02-24T07:45;2018-02-24T08:00;32;kWh;-1624;29;0;0;1653;-1595
2018-02-24T08:00;2018-02-24T08:15;33;kWh;0;6883;0;0;6883;6883
2018-02-24T08:15;2018-02-24T08:30;34;kWh;0;7942;0;0;7942;7942
2018-02-24T08:30;2018-02-24T08:45;35;kWh;0;37885;0;0;37885;37885
2018-02-24T08:45;2018-02-24T09:00;36;kWh;0;35938;0;0;35938;35938
2018-02-24T09:00;2018-02-24T09:15;37;kWh;-4512;13998;0;0;18510;9486
2018-02-24T09:15;2018-02-24T09:30;38;kWh;-9691;0;0;0;9691;-9691
2018-02-24T09:30;2018-02-24T09:45;39;kWh;-33046;0;0;0;33046;-33046
2018-02-24T09:45;2018-02-24T10:00;40;kWh;-40673;0;0;0;40673;-40673
2018-02-24T10:00;2018-02-24T10:15;41;kWh;-38869;0;0;0;38869;-38869
2018-02-24T10:15;2018-02-24T10:30;42;kWh;-44516;0;0;0;44516;-44516
2018-02-24T10:30;2018-02-24T10:45;43;kWh;-37280;0;0;0;37280;-37280
2018-02-24T10:45;2018-02-24T11:00;44;kWh;-57285;0;0;0;57285;-57285
2018-02-24T11:00;2018-02-24T11:15;45;kWh;-10253;1086;0;0;11339;-9167
2018-02-24T11:15;2018-02-24T11:30;46;kWh;-22430;0;0;0;22430;-22430
2018-02-24T11:30;2018-02-24T11:45;47;kWh;-21967;0;0;0;21967;-21967
2018-02-24T11:45;2018-02-24T12:00;48;kWh;-6262;0;0;0;6262;-6262
2018-02-24T12:00;2018-02-24T12:15;49;kWh;-20219;0;0;0;20219;-20219
2018-02-24T12:15;2018-02-24T12:30;50;kWh;-18354;0;0;0;18354;-18354
2018-02-24T12:30;2018-02-24T12:45;51;kWh;-14882;0;0;0;14882;-14882
2018-02-24T12:45;2018-02-24T13:00;52;kWh;-32302;0;0;0;32302;-32302
2018-02-24T13:00;2018-02-24T13:15;53;kWh;-12247;0;0;0;12247;-12247
2018-02-24T13:15;2018-02-24T13:30;54;kWh;-19561;0;0;0;19561;-19561
2018-02-24T13:30;2018-02-24T13:45;55;kWh;-34309;0;0;0;34309;-34309
2018-02-24T13:45;2018-02-24T14:00;56;kWh;-11438;4048;0;0;15486;-7390
2018-02-24T14:00;2018-02-24T14:15;57;kWh;-85;7270;0;0;7355;7185
2018-02-24T14:15;2018-02-24T14:30;58;kWh;0;8873;0;0;8873;8873
2018-02-24T14:30;2018-02-24T14:45;59;kWh;0;7688;0;0;7688;7688
2018-02-24T14:45;2018-02-24T15:00;60;kWh;0;5275;0;0;5275;5275
2018-02-24T15:00;2018-02-24T15:15;61;kWh;-23277;59;0;0;23336;-23218
2018-02-24T15:15;2018-02-24T15:30;62;kWh;-15432;0;0;0;15432;-15432
2018-02-24T15:30;2018-02-24T15:45;63;kWh;-3531;328;0;0;3859;-3203
2018-02-24T15:45;2018-02-24T16:00;64;kWh;-2407;0;0;0;2407;-2407
2018-02-24T16:00;2018-02-24T16:15;65;kWh;-251;14647;0;0;14898;14396
2018-02-24T16:15;2018-02-24T16:30;66;kWh;0;23527;0;0;23527;23527
2018-02-24T16:30;2018-02-24T16:45;67;kWh;0;37479;0;0;37479;37479
2018-02-24T16:45;2018-02-24T17:00;68;kWh;0;64238;0;0;64238;64238
2018-02-24T17:00;2018-02-24T17:15;69;kWh;-3;18949;0;0;18952;18946
2018-02-24T17:15;2018-02-24T17:30;70;kWh;0;19686;0;0;19686;19686
2018-02-24T17:30;2018-02-24T17:45;71;kWh;0;88669;0;0;88669;88669
2018-02-24T17:45;2018-02-24T18:00;72;kWh;0;105855;0;0;105855;105855
2018-02-24T18:00;2018-02-24T18:15;73;kWh;-5038;52855;0;0;75393;65317
2018-02-24T18:15;2018-02-24T18:30;74;kWh;-14468;11079;0;0;25547;-3389
2018-02-24T18:30;2018-02-24T18:45;75;kWh;0;75343;0;0;75343;75343
2018-02-24T18:45;2018-02-24T19:00;76;kWh;0;42176;0;0;42176;42176
2018-02-24T19:00;2018-02-24T19:15;77;kWh;-240;20882;0;0;21122;20642
2018-02-24T19:15;2018-02-24T19:30;78;kWh;-910;1774;0;0;2684;864
2018-02-24T19:30;2018-02-24T19:45;79;kWh;0;1720;0;0;1720;1720
2018-02-24T19:45;2018-02-24T20:00;80;kWh;-455;352;0;0;807;-103
2018-02-24T20:00;2018-02-24T20:15;81;kWh;-263;18330;0;0;18593;18067
2018-02-24T20:15;2018-02-24T20:30;82;kWh;0;23938;0;0;23938;23938
2018-02-24T20:30;2018-02-24T20:45;83;kWh;-3936;467;0;0;4403;-3469
2018-02-24T20:45;2018-02-24T21:00;84;kWh;-24585;0;0;0;24585;-24585
2018-02-24T21:00;2018-02-24T21:15;85;kWh;-11518;546;0;0;12064;-10972
2018-02-24T21:15;2018-02-24T21:30;86;kWh;0;1;0;0;1;1
2018-02-24T21:30;2018-02-24T21:45;87;kWh;-1572;0;0;0;1572;-1572
2018-02-24T21:45;2018-02-24T22:00;88;kWh;-22426;0;0;0;22426;-22426
2018-02-24T22:00;2018-02-24T22:15;89;kWh;-12926;12175;0;0;25101;-751
2018-02-24T22:15;2018-02-24T22:30;90;kWh;0;33945;0;0;33945;33945
2018-02-24T22:30;2018-02-24T22:45;91;kWh;-10640;787;0;0;11427;-9853
2018-02-24T22:45;2018-02-24T23:00;92;kWh;-1319;1835;0;0;3154;516
2018-02-24T23:00;2018-02-24T23:15;93;kWh;-11443;0;0;0;11443;-11443
2018-02-24T23:15;2018-02-24T23:30;94;kWh;-8251;0;0;0;8251;-8251
2018-02-24T23:30;2018-02-24T23:45;95;kWh;-14590;0;0;0;14590;-14590
2018-02-24T23:45;2018-02-25T00:00;96;kWh;-20462;0;0;0;20462;-20462
2018-02-25T00:00;2018-02-25T00:15;1;kWh;-24516;0;0;0;24516;-24516
2018-02-25T00:15;2018-02-25T00:30;2;kWh;-2301;0;0;0;2301;-2301
2018-02-25T00:30;2018-02-25T00:45;3;kWh;-2143;0;0;0;2143;-2143
2018-02-25T00:45;2018-02-25T01:00;4;kWh;-12817;0;0;0;12817;-12817
2018-02-25T01:00;2018-02-25T01:15;5;kWh;-8271;2497;0;0;10768;-5774
2018-02-25T01:15;2018-02-25T01:30;6;kWh;-11;859;0;0;870;848
2018-02-25T01:30;2018-02-25T01:45;7;kWh;0;1705;0;0;1705;1705
2018-02-25T01:45;2018-02-25T02:00;8;kWh;0;5;0;0;5;5
2018-02-25T02:00;2018-02-25T02:15;9;kWh;-5415;0;0;0;5415;-5415
2018-02-25T02:15;2018-02-25T02:30;10;kWh;-615;182;0;0;797;-433
2018-02-25T02:30;2018-02-25T02:45;11;kWh;-648;246;0;0;894;-402
2018-02-25T02:45;2018-02-25T03:00;12;kWh;-1963;0;0;0;1963;-1963
2018-02-25T03:00;2018-02-25T03:15;13;kWh;-100;0;0;0;100;-100
2018-02-25T03:15;2018-02-25T03:30;14;kWh;0;0;0;0;0;0
2018-02-25T03:30;2018-02-25T03:45;15;kWh;-619;0;0;0;619;-619
2018-02-25T03:45;2018-02-25T04:00;16;kWh;-143;0;0;0;143;-143
2018-02-25T04:00;2018-02-25T04:15;17;kWh;-1404;0;0;0;1404;-1404
2018-02-25T04:15;2018-02-25T04:30;18;kWh;-45;0;0;0;45;-45
2018-02-25T04:30;2018-02-25T04:45;19;kWh;0;0;0;0;0;0
2018-02-25T04:45;2018-02-25T05:00;20;kWh;0;0;0;0;0;0
2018-02-25T05:00;2018-02-25T05:15;21;kWh;0;0;0;0;0;0
2018-02-25T05:15;2018-02-25T05:30;22;kWh;0;0;0;0;0;0
2018-02-25T05:30;2018-02-25T05:45;23;kWh;0;0;0;0;0;0
2018-02-25T05:45;2018-02-25T06:00;24;kWh;0;0;0;0;0;0
2018-02-25T06:00;2018-02-25T06:15;25;kWh;-2131;0;0;0;2131;-2131
2018-02-25T06:15;2018-02-25T06:30;26;kWh;-8079;0;0;0;8079;-8079
2018-02-25T06:30;2018-02-25T06:45;27;kWh;-817;0;0;0;817;-817
2018-02-25T06:45;2018-02-25T07:00;28;kWh;0;0;0;0;0;0
2018-02-25T07:00;2018-02-25T07:15;29;kWh;0;88;0;0;88;88
2018-02-25T07:15;2018-02-25T07:30;30;kWh;0;802;0;0;802;802
2018-02-25T07:30;2018-02-25T07:45;31;kWh;0;2006;0;0;2006;2006
2018-02-25T07:45;2018-02-25T08:00;32;kWh;0;12875;0;0;12875;12875
2018-02-25T08:00;2018-02-25T08:15;33;kWh;0;1927;0;0;1927;1927
2018-02-25T08:15;2018-02-25T08:30;34;kWh;0;0;0;0;0;0
2018-02-25T08:30;2018-02-25T08:45;35;kWh;0;0;0;0;0;0
2018-02-25T08:45;2018-02-25T09:00;36;kWh;0;1222;0;0;1222;1222
2018-02-25T09:00;2018-02-25T09:15;37;kWh;0;0;0;0;0;0
2018-02-25T09:15;2018-02-25T09:30;38;kWh;0;95;0;0;95;95
2018-02-25T09:30;2018-02-25T09:45;39;kWh;0;218;0;0;218;218
2018-02-25T09:45;2018-02-25T10:00;40;kWh;0;16;0;0;16;16
2018-02-25T10:00;2018-02-25T10:15;41;kWh;0;95;0;0;95;95
2018-02-25T10:15;2018-02-25T10:30;42;kWh;0;47;0;0;47;47
2018-02-25T10:30;2018-02-25T10:45;43;kWh;-418;0;0;0;418;-418
2018-02-25T10:45;2018-02-25T11:00;44;kWh;-19402;0;0;0;19402;-19402
2018-02-25T11:00;2018-02-25T11:15;45;kWh;-10287;549;0;0;10836;-9738
2018-02-25T11:15;2018-02-25T11:30;46;kWh;-8;700;0;0;708;692
2018-02-25T11:30;2018-02-25T11:45;47;kWh;-1511;0;0;0;1511;-1511
2018-02-25T11:45;2018-02-25T12:00;48;kWh;-538;0;0;0;538;-538
2018-02-25T12:00;2018-02-25T12:15;49;kWh;-158;10119;0;0;10277;9961
2018-02-25T12:15;2018-02-25T12:30;50;kWh;0;29851;0;0;29851;29851
2018-02-25T12:30;2018-02-25T12:45;51;kWh;-188;5154;0;0;5342;4966
2018-02-25T12:45;2018-02-25T13:00;52;kWh;-49;0;0;0;49;-49
2018-02-25T13:00;2018-02-25T13:15;53;kWh;-5024;0;0;0;5024;-5024
2018-02-25T13:15;2018-02-25T13:30;54;kWh;-13644;0;0;0;13644;-13644
2018-02-25T13:30;2018-02-25T13:45;55;kWh;-8169;0;0;0;8169;-8169
2018-02-25T13:45;2018-02-25T14:00;56;kWh;-26543;0;0;0;26543;-26543
2018-02-25T14:00;2018-02-25T14:15;57;kWh;-24730;0;0;0;24730;-24730
2018-02-25T14:15;2018-02-25T14:30;58;kWh;-8099;0;0;0;8099;-8099
2018-02-25T14:30;2018-02-25T14:45;59;kWh;-19144;0;0;0;19144;-19144
2018-02-25T14:45;2018-02-25T15:00;60;kWh;-1669;0;0;0;1669;-1669
2018-02-25T15:00;2018-02-25T15:15;61;kWh;-1740;0;0;0;1740;-1740
2018-02-25T15:15;2018-02-25T15:30;62;kWh;-1846;0;0;0;1846;-1846
2018-02-25T15:30;2018-02-25T15:45;63;kWh;-5028;0;0;0;5028;-5028
2018-02-25T15:45;2018-02-25T16:00;64;kWh;-3235;0;0;0;3235;-3235
2018-02-25T16:00;2018-02-25T16:15;65;kWh;-30358;0;0;0;30358;-30358
2018-02-25T16:15;2018-02-25T16:30;66;kWh;-44903;0;0;0;44903;-44903
2018-02-25T16:30;2018-02-25T16:45;67;kWh;-5096;11;0;0;5107;-5085
2018-02-25T16:45;2018-02-25T17:00;68;kWh;0;618;0;0;618;618
2018-02-25T17:00;2018-02-25T17:15;69;kWh;-4992;0;0;0;4992;-4992
2018-02-25T17:15;2018-02-25T17:30;70;kWh;-10121;0;0;0;10121;-10121
2018-02-25T17:30;2018-02-25T17:45;71;kWh;-5191;0;0;0;5191;-5191
2018-02-25T17:45;2018-02-25T18:00;72;kWh;-181;0;0;0;181;-181
2018-02-25T18:00;2018-02-25T18:15;73;kWh;-18229;0;0;0;18229;-18229
2018-02-25T18:15;2018-02-25T18:30;74;kWh;-13275;0;0;0;13275;-13275
2018-02-25T18:30;2018-02-25T18:45;75;kWh;-178;428;0;0;606;250
2018-02-25T18:45;2018-02-25T19:00;76;kWh;0;19227;0;0;19227;19227
2018-02-25T19:00;2018-02-25T19:15;77;kWh;-62;8040;0;0;8102;7978
2018-02-25T19:15;2018-02-25T19:30;78;kWh;-1268;28;0;0;1296;-1240
2018-02-25T19:30;2018-02-25T19:45;79;kWh;-61;0;0;0;61;-61
2018-02-25T19:45;2018-02-25T20:00;80;kWh;-8606;0;0;0;8606;-8606
2018-02-25T20:00;2018-02-25T20:15;81;kWh;-7761;0;0;0;7761;-7761
2018-02-25T20:15;2018-02-25T20:30;82;kWh;-1730;0;0;0;1730;-1730
2018-02-25T20:30;2018-02-25T20:45;83;kWh;-17475;0;0;0;17475;-17475
2018-02-25T20:45;2018-02-25T21:00;84;kWh;-43256;0;0;0;43256;-43256
2018-02-25T21:00;2018-02-25T21:15;85;kWh;-19599;55;0;0;19654;-19544
2018-02-25T21:15;2018-02-25T21:30;86;kWh;-8;1;0;0;9;-7
2018-02-25T21:30;2018-02-25T21:45;87;kWh;0;0;0;0;0;0
2018-02-25T21:45;2018-02-25T22:00;88;kWh;-270;0;0;0;270;-270
2018-02-25T22:00;2018-02-25T22:15;89;kWh;-661;0;0;0;661;-661
2018-02-25T22:15;2018-02-25T22:30;90;kWh;0;0;0;0;0;0
2018-02-25T22:30;2018-02-25T22:45;91;kWh;0;0;0;0;0;0
2018-02-25T22:45;2018-02-25T23:00;92;kWh;-519;0;0;0;519;-519
2018-02-25T23:00;2018-02-25T23:15;93;kWh;-12414;0;0;0;12414;-12414
2018-02-25T23:15;2018-02-25T23:30;94;kWh;-20408;0;0;0;20408;-20408
2018-02-25T23:30;2018-02-25T23:45;95;kWh;-36870;0;0;0;36870;-36870
2018-02-25T23:45;2018-02-26T00:00;96;kWh;-20060;0;0;0;20060;-20060
2018-02-26T00:00;2018-02-26T00:15;1;kWh;-22413;4325;0;0;26738;-18088
2018-02-26T00:15;2018-02-26T00:30;2;kWh;-76;6326;0;0;6402;6250
2018-02-26T00:30;2018-02-26T00:45;3;kWh;0;2;0;0;2;2
2018-02-26T00:45;2018-02-26T01:00;4;kWh;-708;0;0;0;708;-708
2018-02-26T01:00;2018-02-26T01:15;5;kWh;-3770;0;0;0;3770;-3770
2018-02-26T01:15;2018-02-26T01:30;6;kWh;-6399;0;0;0;6399;-6399
2018-02-26T01:30;2018-02-26T01:45;7;kWh;-3227;133;0;0;3360;-3094
2018-02-26T01:45;2018-02-26T02:00;8;kWh;0;1566;0;0;1566;1566
2018-02-26T02:00;2018-02-26T02:15;9;kWh;0;17539;0;0;17539;17539
2018-02-26T02:15;2018-02-26T02:30;10;kWh;0;18072;0;0;18072;18072
2018-02-26T02:30;2018-02-26T02:45;11;kWh;0;666;0;0;666;666
2018-02-26T02:45;2018-02-26T03:00;12;kWh;0;0;0;0;0;0
2018-02-26T03:00;2018-02-26T03:15;13;kWh;0;17136;0;0;17136;17136
2018-02-26T03:15;2018-02-26T03:30;14;kWh;0;21803;0;0;21803;21803
2018-02-26T03:30;2018-02-26T03:45;15;kWh;0;11968;0;0;11968;11968
2018-02-26T03:45;2018-02-26T04:00;16;kWh;0;9690;0;0;9690;9690
2018-02-26T04:00;2018-02-26T04:15;17;kWh;0;2379;0;0;2379;2379
2018-02-26T04:15;2018-02-26T04:30;18;kWh;0;588;0;0;588;588
2018-02-26T04:30;2018-02-26T04:45;19;kWh;0;205;0;0;205;205
2018-02-26T04:45;2018-02-26T05:00;20;kWh;0;0;0;0;0;0
2018-02-26T05:00;2018-02-26T05:15;21;kWh;0;0;0;0;0;0
2018-02-26T05:15;2018-02-26T05:30;22;kWh;0;469;0;0;469;469
2018-02-26T05:30;2018-02-26T05:45;23;kWh;-1007;242;0;0;1249;-765
2018-02-26T05:45;2018-02-26T06:00;24;kWh;-1360;0;0;0;1360;-1360
2018-02-26T06:00;2018-02-26T06:15;25;kWh;-21810;0;0;0;21810;-21810
2018-02-26T06:15;2018-02-26T06:30;26;kWh;-14757;0;0;0;14757;-14757
2018-02-26T06:30;2018-02-26T06:45;27;kWh;-3154;470;0;0;3624;-2684
2018-02-26T06:45;2018-02-26T07:00;28;kWh;0;7479;0;0;7479;7479
2018-02-26T07:00;2018-02-26T07:15;29;kWh;-19235;4677;0;0;23912;-14558
2018-02-26T07:15;2018-02-26T07:30;30;kWh;-17587;0;0;0;17587;-17587
2018-02-26T07:30;2018-02-26T07:45;31;kWh;-20853;0;0;0;20853;-20853
2018-02-26T07:45;2018-02-26T08:00;32;kWh;-2408;608;0;0;3016;-1800
2018-02-26T08:00;2018-02-26T08:15;33;kWh;-5976;28;0;0;6004;-5948
2018-02-26T08:15;2018-02-26T08:30;34;kWh;-53;12879;0;0;12932;12826
2018-02-26T08:30;2018-02-26T08:45;35;kWh;0;29153;0;0;29153;29153
2018-02-26T08:45;2018-02-26T09:00;36;kWh;0;18143;0;0;18143;18143
2018-02-26T09:00;2018-02-26T09:15;37;kWh;0;23702;0;0;23702;23702
2018-02-26T09:15;2018-02-26T09:30;38;kWh;-3154;11474;0;0;14628;8320
2018-02-26T09:30;2018-02-26T09:45;39;kWh;-24256;29;0;0;24285;-24227
2018-02-26T09:45;2018-02-26T10:00;40;kWh;-40356;0;0;0;40356;-40356
2018-02-26T10:00;2018-02-26T10:15;41;kWh;-46946;0;0;0;46946;-46946
2018-02-26T10:15;2018-02-26T10:30;42;kWh;-53751;0;0;0;53751;-53751
2018-02-26T10:30;2018-02-26T10:45;43;kWh;-69170;0;0;0;69170;-69170
2018-02-26T10:45;2018-02-26T11:00;44;kWh;-70941;0;0;0;70941;-70941
2018-02-26T11:00;2018-02-26T11:15;45;kWh;-39832;0;0;0;39832;-39832
2018-02-26T11:15;2018-02-26T11:30;46;kWh;-60175;0;0;0;60175;-60175
2018-02-26T11:30;2018-02-26T11:45;47;kWh;-56650;0;0;0;56650;-56650
2018-02-26T11:45;2018-02-26T12:00;48;kWh;-53932;0;0;0;53932;-53932
2018-02-26T12:00;2018-02-26T12:15;49;kWh;-27015;0;0;0;27015;-27015
2018-02-26T12:15;2018-02-26T12:30;50;kWh;-10877;0;0;0;10877;-10877
2018-02-26T12:30;2018-02-26T12:45;51;kWh;-22953;0;0;0;22953;-22953
2018-02-26T12:45;2018-02-26T13:00;52;kWh;-26474;0;0;0;26474;-26474
2018-02-26T13:00;2018-02-26T13:15;53;kWh;-5378;185;0;0;5563;-5193
2018-02-26T13:15;2018-02-26T13:30;54;kWh;0;2670;0;0;2670;2670
2018-02-26T13:30;2018-02-26T13:45;55;kWh;0;3406;0;0;3406;3406
2018-02-26T13:45;2018-02-26T14:00;56;kWh;0;2630;0;0;2630;2630
2018-02-26T14:00;2018-02-26T14:15;57;kWh;-203;486;0;0;689;283
2018-02-26T14:15;2018-02-26T14:30;58;kWh;-1008;0;0;0;1008;-1008
2018-02-26T14:30;2018-02-26T14:45;59;kWh;0;0;0;0;0;0
2018-02-26T14:45;2018-02-26T15:00;60;kWh;0;226;0;0;226;226
2018-02-26T15:00;2018-02-26T15:15;61;kWh;-689;522;0;0;1211;-167
2018-02-26T15:15;2018-02-26T15:30;62;kWh;-986;0;0;0;986;-986
2018-02-26T15:30;2018-02-26T15:45;63;kWh;0;0;0;0;0;0
2018-02-26T15:45;2018-02-26T16:00;64;kWh;0;0;0;0;0;0
2018-02-26T16:00;2018-02-26T16:15;65;kWh;0;0;0;0;0;0
2018-02-26T16:15;2018-02-26T16:30;66;kWh;0;0;0;0;0;0
2018-02-26T16:30;2018-02-26T16:45;67;kWh;0;545;0;0;545;545
2018-02-26T16:45;2018-02-26T17:00;68;kWh;0;41675;0;0;41675;41675
2018-02-26T17:00;2018-02-26T17:15;69;kWh;-57;14867;0;0;14924;14810
2018-02-26T17:15;2018-02-26T17:30;70;kWh;0;0;0;0;0;0
2018-02-26T17:30;2018-02-26T17:45;71;kWh;0;0;0;0;0;0
2018-02-26T17:45;2018-02-26T18:00;72;kWh;0;1287;0;0;1287;1287
2018-02-26T18:00;2018-02-26T18:15;73;kWh;-459;283;0;0;742;-176
2018-02-26T18:15;2018-02-26T18:30;74;kWh;-7769;28;0;0;7797;-7741
2018-02-26T18:30;2018-02-26T18:45;75;kWh;-445;7487;0;0;7932;7042
2018-02-26T18:45;2018-02-26T19:00;76;kWh;0;11479;0;0;11479;11479
2018-02-26T19:00;2018-02-26T19:15;77;kWh;-2874;2038;0;0;4912;-836
2018-02-26T19:15;2018-02-26T19:30;78;kWh;-5815;2531;0;0;8346;-3284
2018-02-26T19:30;2018-02-26T19:45;79;kWh;0;4192;0;0;4192;4192
2018-02-26T19:45;2018-02-26T20:00;80;kWh;0;1604;0;0;1604;1604
2018-02-26T20:00;2018-02-26T20:15;81;kWh;0;18466;0;0;18466;18466
2018-02-26T20:15;2018-02-26T20:30;82;kWh;-64;9682;0;0;9746;9618
2018-02-26T20:30;2018-02-26T20:45;83;kWh;-561;0;0;0;561;-561
2018-02-26T20:45;2018-02-26T21:00;84;kWh;-583;0;0;0;583;-583
2018-02-26T21:00;2018-02-26T21:15;85;kWh;-445;0;0;0;445;-445
2018-02-26T21:15;2018-02-26T21:30;86;kWh;0;5085;0;0;5085;5085
2018-02-26T21:30;2018-02-26T21:45;87;kWh;-420;3402;0;0;3822;2982
2018-02-26T21:45;2018-02-26T22:00;88;kWh;-19818;0;0;0;19818;-19818
2018-02-26T22:00;2018-02-26T22:15;89;kWh;-21412;156;0;0;21568;-21256
2018-02-26T22:15;2018-02-26T22:30;90;kWh;-5257;670;0;0;5927;-4587
2018-02-26T22:30;2018-02-26T22:45;91;kWh;-32775;0;0;0;32775;-32775
2018-02-26T22:45;2018-02-26T23:00;92;kWh;-40303;0;0;0;40303;-40303
2018-02-26T23:00;2018-02-26T23:15;93;kWh;-12768;1138;0;0;13906;-11630
2018-02-26T23:15;2018-02-26T23:30;94;kWh;0;0;0;0;0;0
2018-02-26T23:30;2018-02-26T23:45;95;kWh;-1681;0;0;0;1681;-1681
2018-02-26T23:45;2018-02-27T00:00;96;kWh;-13088;0;0;0;13088;-13088
2018-02-27T00:00;2018-02-27T00:15;1;kWh;-2667;19151;0;0;21818;16484
2018-02-27T00:15;2018-02-27T00:30;2;kWh;0;16988;0;0;16988;16988
2018-02-27T00:30;2018-02-27T00:45;3;kWh;0;18317;0;0;18317;18317
2018-02-27T00:45;2018-02-27T01:00;4;kWh;0;26727;0;0;26727;26727
2018-02-27T01:00;2018-02-27T01:15;5;kWh;-1021;10877;0;0;11898;9856
2018-02-27T01:15;2018-02-27T01:30;6;kWh;-331;559;0;0;890;228
2018-02-27T01:30;2018-02-27T01:45;7;kWh;-4724;340;0;0;5064;-4384
2018-02-27T01:45;2018-02-27T02:00;8;kWh;-16243;0;0;0;16243;-16243
2018-02-27T02:00;2018-02-27T02:15;9;kWh;-20638;0;0;0;20638;-20638
2018-02-27T02:15;2018-02-27T02:30;10;kWh;-3620;4723;0;0;8343;1103
2018-02-27T02:30;2018-02-27T02:45;11;kWh;0;2485;0;0;2485;2485
2018-02-27T02:45;2018-02-27T03:00;12;kWh;-1570;3446;0;0;5016;1876
2018-02-27T03:00;2018-02-27T03:15;13;kWh;-143;11832;0;0;11975;11689
2018-02-27T03:15;2018-02-27T03:30;14;kWh;-195;8398;0;0;8593;8203
2018-02-27T03:30;2018-02-27T03:45;15;kWh;-588;1465;0;0;2053;877
2018-02-27T03:45;2018-02-27T04:00;16;kWh;-857;6595;0;0;7452;5738
2018-02-27T04:00;2018-02-27T04:15;17;kWh;-8525;0;0;0;8525;-8525
2018-02-27T04:15;2018-02-27T04:30;18;kWh;-11173;0;0;0;11173;-11173
2018-02-27T04:30;2018-02-27T04:45;19;kWh;-4468;0;0;0;4468;-4468
2018-02-27T04:45;2018-02-27T05:00;20;kWh;-12786;0;0;0;12786;-12786
2018-02-27T05:00;2018-02-27T05:15;21;kWh;-23431;0;0;0;23431;-23431
2018-02-27T05:15;2018-02-27T05:30;22;kWh;-6264;820;0;0;7084;-5444
2018-02-27T05:30;2018-02-27T05:45;23;kWh;0;1413;0;0;1413;1413
2018-02-27T05:45;2018-02-27T06:00;24;kWh;-125;12622;0;0;12747;12497
2018-02-27T06:00;2018-02-27T06:15;25;kWh;-24412;158;0;0;24570;-24254
2018-02-27T06:15;2018-02-27T06:30;26;kWh;-1916;0;0;0;1916;-1916
2018-02-27T06:30;2018-02-27T06:45;27;kWh;-782;0;0;0;782;-782
2018-02-27T06:45;2018-02-27T07:00;28;kWh;-279;7064;0;0;7343;6785
2018-02-27T07:00;2018-02-27T07:15;29;kWh;-18765;2929;0;0;21694;-15836
2018-02-27T07:15;2018-02-27T07:30;30;kWh;-41502;0;0;0;41502;-41502
2018-02-27T07:30;2018-02-27T07:45;31;kWh;-26921;0;0;0;26921;-26921
2018-02-27T07:45;2018-02-27T08:00;32;kWh;-6713;1910;0;0;8623;-4803
2018-02-27T08:00;2018-02-27T08:15;33;kWh;-26109;617;0;0;26726;-25492
2018-02-27T08:15;2018-02-27T08:30;34;kWh;-17155;0;0;0;17155;-17155
2018-02-27T08:30;2018-02-27T08:45;35;kWh;-11134;484;0;0;11618;-10650
2018-02-27T08:45;2018-02-27T09:00;36;kWh;-81;345;0;0;426;264
2018-02-27T09:00;2018-02-27T09:15;37;kWh;-137;3433;0;0;3570;3296
2018-02-27T09:15;2018-02-27T09:30;38;kWh;-2787;1133;0;0;3920;-1654
2018-02-27T09:30;2018-02-27T09:45;39;kWh;-9739;0;0;0;9739;-9739
2018-02-27T09:45;2018-02-27T10:00;40;kWh;-42891;0;0;0;42891;-42891
2018-02-27T10:00;2018-02-27T10:15;41;kWh;-17770;0;0;0;17770;-17770
2018-02-27T10:15;2018-02-27T10:30;42;kWh;-22234;0;0;0;22234;-22234
2018-02-27T10:30;2018-02-27T10:45;43;kWh;-31625;0;0;0;31625;-31625
2018-02-27T10:45;2018-02-27T11:00;44;kWh;-55980;0;0;0;55980;-55980
2018-02-27T11:00;2018-02-27T11:15;45;kWh;-59189;0;0;0;59189;-59189
2018-02-27T11:15;2018-02-27T11:30;46;kWh;-52251;0;0;0;52251;-52251
2018-02-27T11:30;2018-02-27T11:45;47;kWh;-49430;0;0;0;49430;-49430
2018-02-27T11:45;2018-02-27T12:00;48;kWh;-52661;0;0;0;52661;-52661
2018-02-27T12:00;2018-02-27T12:15;49;kWh;-12793;546;0;0;13339;-12247
2018-02-27T12:15;2018-02-27T12:30;50;kWh;-8046;310;0;0;8356;-7736
2018-02-27T12:30;2018-02-27T12:45;51;kWh;-42856;0;0;0;42856;-42856
2018-02-27T12:45;2018-02-27T13:00;52;kWh;-56124;0;0;0;56124;-56124
2018-02-27T13:00;2018-02-27T13:15;53;kWh;-50126;0;0;0;50126;-50126
2018-02-27T13:15;2018-02-27T13:30;54;kWh;-47060;0;0;0;47060;-47060
2018-02-27T13:30;2018-02-27T13:45;55;kWh;-39963;0;0;0;39963;-39963
2018-02-27T13:45;2018-02-27T14:00;56;kWh;-50829;0;0;0;50829;-50829
2018-02-27T14:00;2018-02-27T14:15;57;kWh;-37668;0;0;0;37668;-37668
2018-02-27T14:15;2018-02-27T14:30;58;kWh;-5958;0;0;0;5958;-5958
2018-02-27T14:30;2018-02-27T14:45;59;kWh;-19594;0;0;0;19594;-19594
2018-02-27T14:45;2018-02-27T15:00;60;kWh;-14834;0;0;0;14834;-14834
2018-02-27T15:00;2018-02-27T15:15;61;kWh;-4667;0;0;0;4667;-4667
2018-02-27T15:15;2018-02-27T15:30;62;kWh;-368;3964;0;0;4332;3596
2018-02-27T15:30;2018-02-27T15:45;63;kWh;0;6931;0;0;6931;6931
2018-02-27T15:45;2018-02-27T16:00;64;kWh;0;36948;0;0;36948;36948
2018-02-27T16:00;2018-02-27T16:15;65;kWh;-23;31026;0;0;31049;31003
2018-02-27T16:15;2018-02-27T16:30;66;kWh;-1966;1415;0;0;3381;-551
2018-02-27T16:30;2018-02-27T16:45;67;kWh;-31;14612;0;0;14643;14581
2018-02-27T16:45;2018-02-27T17:00;68;kWh;0;67783;0;0;67783;67783
2018-02-27T17:00;2018-02-27T17:15;69;kWh;0;35246;0;0;35246;35246
2018-02-27T17:15;2018-02-27T17:30;70;kWh;0;4600;0;0;4600;4600
2018-02-27T17:30;2018-02-27T17:45;71;kWh;0;41742;0;0;41742;41742
2018-02-27T17:45;2018-02-27T18:00;72;kWh;0;16355;0;0;16355;16355
2018-02-27T18:00;2018-02-27T18:15;73;kWh;0;10744;0;0;10744;10744
2018-02-27T18:15;2018-02-27T18:30;74;kWh;0;291;0;0;291;291
2018-02-27T18:30;2018-02-27T18:45;75;kWh;0;43257;0;0;43257;43257
2018-02-27T18:45;2018-02-27T19:00;76;kWh;0;61184;0;0;61184;61184
2018-02-27T19:00;2018-02-27T19:15;77;kWh;-373;33219;0;0;33592;32846
2018-02-27T19:15;2018-02-27T19:30;78;kWh;-1585;2508;0;0;4093;923
2018-02-27T19:30;2018-02-27T19:45;79;kWh;-66;11973;0;0;12039;11907
2018-02-27T19:45;2018-02-27T20:00;80;kWh;-4694;1552;0;0;6246;-3142
2018-02-27T20:00;2018-02-27T20:15;81;kWh;-23;46083;0;0;46106;46060
2018-02-27T20:15;2018-02-27T20:30;82;kWh;0;74946;0;0;74946;74946
2018-02-27T20:30;2018-02-27T20:45;83;kWh;0;37388;0;0;37388;37388
2018-02-27T20:45;2018-02-27T21:00;84;kWh;-11321;9723;0;0;21044;-1598
2018-02-27T21:00;2018-02-27T21:15;85;kWh;-14695;14145;0;0;28840;-550
2018-02-27T21:15;2018-02-27T21:30;86;kWh;-651;41249;0;0;41900;40598
2018-02-27T21:30;2018-02-27T21:45;87;kWh;-13643;276;0;0;13919;-13367
2018-02-27T21:45;2018-02-27T22:00;88;kWh;-20285;100;0;0;20385;-20185
2018-02-27T22:00;2018-02-27T22:15;89;kWh;-5120;21781;0;0;26901;16661
2018-02-27T22:15;2018-02-27T22:30;90;kWh;-1796;16162;0;0;17958;14366
2018-02-27T22:30;2018-02-27T22:45;91;kWh;-38453;0;0;0;38453;-38453
2018-02-27T22:45;2018-02-27T23:00;92;kWh;-54726;0;0;0;54726;-54726
2018-02-27T23:00;2018-02-27T23:15;93;kWh;-27699;7751;0;0;35450;-19948
2018-02-27T23:15;2018-02-27T23:30;94;kWh;-3453;10628;0;0;14081;7175
2018-02-27T23:30;2018-02-27T23:45;95;kWh;-40997;0;0;0;40997;-40997
2018-02-27T23:45;2018-02-28T00:00;96;kWh;-25763;0;0;0;25763;-25763
2018-02-28T00:00;2018-02-28T00:15;1;kWh;-37523;31;0;0;37554;-37492
2018-02-28T00:15;2018-02-28T00:30;2;kWh;-2658;2677;0;0;5335;19
2018-02-28T00:30;2018-02-28T00:45;3;kWh;-17397;0;0;0;17397;-17397
2018-02-28T00:45;2018-02-28T01:00;4;kWh;-1200;1487;0;0;2687;287
2018-02-28T01:00;2018-02-28T01:15;5;kWh;-890;766;0;0;1656;-124
2018-02-28T01:15;2018-02-28T01:30;6;kWh;-415;21;0;0;436;-394
2018-02-28T01:30;2018-02-28T01:45;7;kWh;-1440;0;0;0;1440;-1440
2018-02-28T01:45;2018-02-28T02:00;8;kWh;-5351;0;0;0;5351;-5351
2018-02-28T02:00;2018-02-28T02:15;9;kWh;-8481;5;0;0;8486;-8476
2018-02-28T02:15;2018-02-28T02:30;10;kWh;-387;2204;0;0;2591;1817
2018-02-28T02:30;2018-02-28T02:45;11;kWh;-4496;0;0;0;4496;-4496
2018-02-28T02:45;2018-02-28T03:00;12;kWh;-23605;0;0;0;23605;-23605
2018-02-28T03:00;2018-02-28T03:15;13;kWh;-27807;0;0;0;27807;-27807
2018-02-28T03:15;2018-02-28T03:30;14;kWh;-12215;0;0;0;12215;-12215
2018-02-28T03:30;2018-02-28T03:45;15;kWh;-18794;0;0;0;18794;-18794
2018-02-28T03:45;2018-02-28T04:00;16;kWh;-15539;0;0;0;15539;-15539
2018-02-28T04:00;2018-02-28T04:15;17;kWh;-13867;0;0;0;13867;-13867
2018-02-28T04:15;2018-02-28T04:30;18;kWh;-3374;5834;0;0;9208;2460
2018-02-28T04:30;2018-02-28T04:45;19;kWh;0;22418;0;0;22418;22418
2018-02-28T04:45;2018-02-28T05:00;20;kWh;0;22094;0;0;22094;22094
2018-02-28T05:00;2018-02-28T05:15;21;kWh;-4214;6005;0;0;10219;1791
2018-02-28T05:15;2018-02-28T05:30;22;kWh;-312;21811;0;0;22123;21499
2018-02-28T05:30;2018-02-28T05:45;23;kWh;0;38688;0;0;38688;38688
2018-02-28T05:45;2018-02-28T06:00;24;kWh;0;62264;0;0;62264;62264
2018-02-28T06:00;2018-02-28T06:15;25;kWh;-5357;11760;0;0;17117;6403
2018-02-28T06:15;2018-02-28T06:30;26;kWh;-9126;0;0;0;9126;-9126
2018-02-28T06:30;2018-02-28T06:45;27;kWh;-26110;0;0;0;26110;-26110
2018-02-28T06:45;2018-02-28T07:00;28;kWh;-5159;13763;0;0;18922;8604
2018-02-28T07:00;2018-02-28T07:15;29;kWh;-18175;7392;0;0;25567;-10783
2018-02-28T07:15;2018-02-28T07:30;30;kWh;-13441;0;0;0;13441;-13441
2018-02-28T07:30;2018-02-28T07:45;31;kWh;-9164;0;0;0;9164;-9164
2018-02-28T07:45;2018-02-28T08:00;32;kWh;-2650;11398;0;0;14048;8748
2018-02-28T08:00;2018-02-28T08:15;33;kWh;-13186;4506;0;0;17692;-8680
2018-02-28T08:15;2018-02-28T08:30;34;kWh;-6438;0;0;0;6438;-6438
2018-02-28T08:30;2018-02-28T08:45;35;kWh;-3826;255;0;0;4081;-3571
2018-02-28T08:45;2018-02-28T09:00;36;kWh;-265;6778;0;0;7043;6513
2018-02-28T09:00;2018-02-28T09:15;37;kWh;0;26411;0;0;26411;26411
2018-02-28T09:15;2018-02-28T09:30;38;kWh;0;21517;0;0;21517;21517
2018-02-28T09:30;2018-02-28T09:45;39;kWh;-1634;1098;0;0;2732;-536
2018-02-28T09:45;2018-02-28T10:00;40;kWh;-2843;0;0;0;2843;-2843
2018-02-28T10:00;2018-02-28T10:15;41;kWh;-1087;13285;0;0;14372;12198
2018-02-28T10:15;2018-02-28T10:30;42;kWh;-85;13174;0;0;13259;13089
2018-02-28T10:30;2018-02-28T10:45;43;kWh;-10978;0;0;0;10978;-10978
2018-02-28T10:45;2018-02-28T11:00;44;kWh;-19623;0;0;0;19623;-19623
2018-02-28T11:00;2018-02-28T11:15;45;kWh;-7888;1612;0;0;9500;-6276
2018-02-28T11:15;2018-02-28T11:30;46;kWh;-27;29897;0;0;29924;29870
2018-02-28T11:30;2018-02-28T11:45;47;kWh;0;19800;0;0;19800;19800
2018-02-28T11:45;2018-02-28T12:00;48;kWh;0;6906;0;0;6906;6906
2018-02-28T12:00;2018-02-28T12:15;49;kWh;0;70454;0;0;70454;70454
2018-02-28T12:15;2018-02-28T12:30;50;kWh;0;56006;0;0;56006;56006
2018-02-28T12:30;2018-02-28T12:45;51;kWh;0;23206;0;0;23206;23206
2018-02-28T12:45;2018-02-28T13:00;52;kWh;0;21697;0;0;21697;21697
2018-02-28T13:00;2018-02-28T13:15;53;kWh;-1219;9001;0;0;10220;7782
2018-02-28T13:15;2018-02-28T13:30;54;kWh;0;56502;0;0;56502;56502
2018-02-28T13:30;2018-02-28T13:45;55;kWh;0;7296;0;0;7296;7296
2018-02-28T13:45;2018-02-28T14:00;56;kWh;0;1183;0;0;1183;1183
2018-02-28T14:00;2018-02-28T14:15;57;kWh;-17523;635;0;0;18158;-16888
2018-02-28T14:15;2018-02-28T14:30;58;kWh;-21074;0;0;0;21074;-21074
2018-02-28T14:30;2018-02-28T14:45;59;kWh;-31208;0;0;0;31208;-31208
2018-02-28T14:45;2018-02-28T15:00;60;kWh;-32891;0;0;0;32891;-32891
2018-02-28T15:00;2018-02-28T15:15;61;kWh;-11163;6864;0;0;18027;-4299
2018-02-28T15:15;2018-02-28T15:30;62;kWh;0;228;0;0;228;228
2018-02-28T15:30;2018-02-28T15:45;63;kWh;0;5980;0;0;5980;5980
2018-02-28T15:45;2018-02-28T16:00;64;kWh;-63;12186;0;0;12249;12123
2018-02-28T16:00;2018-02-28T16:15;65;kWh;-503;694;0;0;1197;191
2018-02-28T16:15;2018-02-28T16:30;66;kWh;-784;0;0;0;784;-784
2018-02-28T16:30;2018-02-28T16:45;67;kWh;-2341;0;0;0;2341;-2341
2018-02-28T16:45;2018-02-28T17:00;68;kWh;-28;2371;0;0;2399;2343
2018-02-28T17:00;2018-02-28T17:15;69;kWh;-9692;635;0;0;10327;-9057
2018-02-28T17:15;2018-02-28T17:30;70;kWh;-3933;523;0;0;4456;-3410
2018-02-28T17:30;2018-02-28T17:45;71;kWh;0;4681;0;0;4681;4681
2018-02-28T17:45;2018-02-28T18:00;72;kWh;-888;20;0;0;908;-868
2018-02-28T18:00;2018-02-28T18:15;73;kWh;-24677;0;0;0;24677;-24677
2018-02-28T18:15;2018-02-28T18:30;74;kWh;-22860;0;0;0;22860;-22860
2018-02-28T18:30;2018-02-28T18:45;75;kWh;-12753;176;0;0;12929;-12577
2018-02-28T18:45;2018-02-28T19:00;76;kWh;-230;15056;0;0;15286;14826
2018-02-28T19:00;2018-02-28T19:15;77;kWh;-19960;1975;0;0;21935;-17985
2018-02-28T19:15;2018-02-28T19:30;78;kWh;-10340;0;0;0;10340;-10340
2018-02-28T19:30;2018-02-28T19:45;79;kWh;-22522;0;0;0;22522;-22522
2018-02-28T19:45;2018-02-28T20:00;80;kWh;-35023;162;0;0;35185;-34861
2018-02-28T20:00;2018-02-28T20:15;81;kWh;-1786;33563;0;0;35349;31777
2018-02-28T20:15;2018-02-28T20:30;82;kWh;-98;39727;0;0;39825;39629
2018-02-28T20:30;2018-02-28T20:45;83;kWh;-2170;298;0;0;2468;-1872
2018-02-28T20:45;2018-02-28T21:00;84;kWh;-23952;0;0;0;23952;-23952
2018-02-28T21:00;2018-02-28T21:15;85;kWh;-11028;12670;0;0;23698;1642
2018-02-28T21:15;2018-02-28T21:30;86;kWh;0;22404;0;0;22404;22404
2018-02-28T21:30;2018-02-28T21:45;87;kWh;-2068;6381;0;0;8449;4313
2018-02-28T21:45;2018-02-28T22:00;88;kWh;-10956;272;0;0;11228;-10684
2018-02-28T22:00;2018-02-28T22:15;89;kWh;0;21040;0;0;21040;21040
2018-02-28T22:15;2018-02-28T22:30;90;kWh;0;29960;0;0;29960;29960
2018-02-28T22:30;2018-02-28T22:45;91;kWh;-1484;7147;0;0;8631;5663
2018-02-28T22:45;2018-02-28T23:00;92;kWh;-8152;0;0;0;8152;-8152
2018-02-28T23:00;2018-02-28T23:15;93;kWh;-2178;21866;0;0;24044;19688
2018-02-28T23:15;2018-02-28T23:30;94;kWh;-131;20317;0;0;20448;20186
2018-02-28T23:30;2018-02-28T23:45;95;kWh;-12232;664;0;0;12896;-11568
2018-02-28T23:45;2018-03-01T00:00;96;kWh;-33046;0;0;0;33046;-33046
2018-03-01T00:00;2018-03-01T00:15;1;kWh;-12646;1147;0;0;13793;-11499
2018-03-01T00:15;2018-03-01T00:30;2;kWh;-112;52093;0;0;52205;51981
2018-03-01T00:30;2018-03-01T00:45;3;kWh;-776;18331;0;0;19107;17555
2018-03-01T00:45;2018-03-01T01:00;4;kWh;-6;7023;0;0;7029;7017
2018-03-01T01:00;2018-03-01T01:15;5;kWh;0;11633;0;0;11633;11633
2018-03-01T01:15;2018-03-01T01:30;6;kWh;-271;3402;0;0;3673;3131
2018-03-01T01:30;2018-03-01T01:45;7;kWh;-287;0;0;0;287;-287
2018-03-01T01:45;2018-03-01T02:00;8;kWh;-1369;0;0;0;1369;-1369
2018-03-01T02:00;2018-03-01T02:15;9;kWh;-5996;0;0;0;5996;-5996
2018-03-01T02:15;2018-03-01T02:30;10;kWh;-6068;0;0;0;6068;-6068
2018-03-01T02:30;2018-03-01T02:45;11;kWh;-8422;0;0;0;8422;-8422
2018-03-01T02:45;2018-03-01T03:00;12;kWh;-6253;0;0;0;6253;-6253
2018-03-01T03:00;2018-03-01T03:15;13;kWh;-4164;7383;0;0;11547;3219
2018-03-01T03:15;2018-03-01T03:30;14;kWh;0;9179;0;0;9179;9179
2018-03-01T03:30;2018-03-01T03:45;15;kWh;0;0;0;0;0;0
2018-03-01T03:45;2018-03-01T04:00;16;kWh;-598;0;0;0;598;-598
2018-03-01T04:00;2018-03-01T04:15;17;kWh;-311;3068;0;0;3379;2757
2018-03-01T04:15;2018-03-01T04:30;18;kWh;0;7540;0;0;7540;7540
2018-03-01T04:30;2018-03-01T04:45;19;kWh;0;4473;0;0;4473;4473
2018-03-01T04:45;2018-03-01T05:00;20;kWh;-3;8059;0;0;8062;8056
2018-03-01T05:00;2018-03-01T05:15;21;kWh;-357;3914;0;0;4271;3557
2018-03-01T05:15;2018-03-01T05:30;22;kWh;0;35112;0;0;35112;35112
2018-03-01T05:30;2018-03-01T05:45;23;kWh;0;48564;0;0;48564;48564
2018-03-01T05:45;2018-03-01T06:00;24;kWh;0;53431;0;0;53431;53431
2018-03-01T06:00;2018-03-01T06:15;25;kWh;-28824;12613;0;0;41437;-16211
2018-03-01T06:15;2018-03-01T06:30;26;kWh;-16475;864;0;0;17339;-15611
2018-03-01T06:30;2018-03-01T06:45;27;kWh;-1308;1400;0;0;2708;92
2018-03-01T06:45;2018-03-01T07:00;28;kWh;0;5815;0;0;5815;5815
2018-03-01T07:00;2018-03-01T07:15;29;kWh;-4628;1155;0;0;5783;-3473
2018-03-01T07:15;2018-03-01T07:30;30;kWh;0;7716;0;0;7716;7716
2018-03-01T07:30;2018-03-01T07:45;31;kWh;0;21885;0;0;21885;21885
2018-03-01T07:45;2018-03-01T08:00;32;kWh;0;74740;0;0;74740;74740
2018-03-01T08:00;2018-03-01T08:15;33;kWh;-2114;25715;0;0;27829;23601
2018-03-01T08:15;2018-03-01T08:30;34;kWh;0;14950;0;0;14950;14950
2018-03-01T08:30;2018-03-01T08:45;35;kWh;0;21018;0;0;21018;21018
2018-03-01T08:45;2018-03-01T09:00;36;kWh;0;62269;0;0;62269;62269
2018-03-01T09:00;2018-03-01T09:15;37;kWh;0;86430;0;0;86430;86430
2018-03-01T09:15;2018-03-01T09:30;38;kWh;0;83530;0;0;83530;83530
2018-03-01T09:30;2018-03-01T09:45;39;kWh;0;58917;0;0;58917;58917
2018-03-01T09:45;2018-03-01T10:00;40;kWh;-206;7893;0;0;8099;7687
2018-03-01T10:00;2018-03-01T10:15;41;kWh;0;49742;0;0;49742;49742
2018-03-01T10:15;2018-03-01T10:30;42;kWh;0;49843;0;0;49843;49843
2018-03-01T10:30;2018-03-01T10:45;43;kWh;0;16779;0;0;16779;16779
2018-03-01T10:45;2018-03-01T11:00;44;kWh;-393;612;0;0;1005;219
2018-03-01T11:00;2018-03-01T11:15;45;kWh;-730;8507;0;0;9237;7777
2018-03-01T11:15;2018-03-01T11:30;46;kWh;0;10359;0;0;10359;10359
2018-03-01T11:30;2018-03-01T11:45;47;kWh;0;564;0;0;564;564
2018-03-01T11:45;2018-03-01T12:00;48;kWh;0;28055;0;0;28055;28055
2018-03-01T12:00;2018-03-01T12:15;49;kWh;0;73958;0;0;73958;73958
2018-03-01T12:15;2018-03-01T12:30;50;kWh;0;110378;0;0;110378;110378
2018-03-01T12:30;2018-03-01T12:45;51;kWh;0;76017;0;0;76017;76017
2018-03-01T12:45;2018-03-01T13:00;52;kWh;0;50669;0;0;50669;50669
2018-03-01T13:00;2018-03-01T13:15;53;kWh;0;63987;0;0;63987;63987
2018-03-01T13:15;2018-03-01T13:30;54;kWh;0;85301;0;0;85301;85301
2018-03-01T13:30;2018-03-01T13:45;55;kWh;0;96852;0;0;96852;96852
2018-03-01T13:45;2018-03-01T14:00;56;kWh;0;85196;0;0;85196;85196
2018-03-01T14:00;2018-03-01T14:15;57;kWh;0;61271;0;0;61271;61271
2018-03-01T14:15;2018-03-01T14:30;58;kWh;0;53955;0;0;53955;53955
2018-03-01T14:30;2018-03-01T14:45;59;kWh;0;3630;0;0;3630;3630
2018-03-01T14:45;2018-03-01T15:00;60;kWh;0;31666;0;0;31666;31666
2018-03-01T15:00;2018-03-01T15:15;61;kWh;-28;14318;0;0;14346;14290
2018-03-01T15:15;2018-03-01T15:30;62;kWh;-32;12119;0;0;12151;12087
2018-03-01T15:30;2018-03-01T15:45;63;kWh;0;42743;0;0;42743;42743
2018-03-01T15:45;2018-03-01T16:00;64;kWh;0;45488;0;0;45488;45488
2018-03-01T16:00;2018-03-01T16:15;65;kWh;-2129;13016;0;0;15145;10887
2018-03-01T16:15;2018-03-01T16:30;66;kWh;0;7603;0;0;7603;7603
2018-03-01T16:30;2018-03-01T16:45;67;kWh;0;38224;0;0;38224;38224
2018-03-01T16:45;2018-03-01T17:00;68;kWh;0;33619;0;0;33619;33619
2018-03-01T17:00;2018-03-01T17:15;69;kWh;-1286;14901;0;0;16187;13615
2018-03-01T17:15;2018-03-01T17:30;70;kWh;-3667;54;0;0;3721;-3613
2018-03-01T17:30;2018-03-01T17:45;71;kWh;-14122;0;0;0;14122;-14122
2018-03-01T17:45;2018-03-01T18:00;72;kWh;-2646;0;0;0;2646;-2646
2018-03-01T18:00;2018-03-01T18:15;73;kWh;-13690;46;0;0;13736;-13644
2018-03-01T18:15;2018-03-01T18:30;74;kWh;-5470;1051;0;0;6521;-4419
2018-03-01T18:30;2018-03-01T18:45;75;kWh;-1122;3218;0;0;4340;2096
2018-03-01T18:45;2018-03-01T19:00;76;kWh;0;3429;0;0;3429;3429
2018-03-01T19:00;2018-03-01T19:15;77;kWh;-773;0;0;0;773;-773
2018-03-01T19:15;2018-03-01T19:30;78;kWh;-2050;0;0;0;2050;-2050
2018-03-01T19:30;2018-03-01T19:45;79;kWh;-25178;0;0;0;25178;-25178
2018-03-01T19:45;2018-03-01T20:00;80;kWh;-50237;0;0;0;50237;-50237
2018-03-01T20:00;2018-03-01T20:15;81;kWh;-30245;7331;0;0;37576;-22914
2018-03-01T20:15;2018-03-01T20:30;82;kWh;-2180;31235;0;0;33415;29055
2018-03-01T20:30;2018-03-01T20:45;83;kWh;-10116;580;0;0;10696;-9536
2018-03-01T20:45;2018-03-01T21:00;84;kWh;-22758;0;0;0;22758;-22758
2018-03-01T21:00;2018-03-01T21:15;85;kWh;-6589;4972;0;0;11561;-1617
2018-03-01T21:15;2018-03-01T21:30;86;kWh;-3907;4559;0;0;8466;652
2018-03-01T21:30;2018-03-01T21:45;87;kWh;-14908;2296;0;0;17204;-12612
2018-03-01T21:45;2018-03-01T22:00;88;kWh;-14937;14;0;0;14951;-14923
2018-03-01T22:00;2018-03-01T22:15;89;kWh;-1624;33071;0;0;34695;31447
2018-03-01T22:15;2018-03-01T22:30;90;kWh;0;69467;0;0;69467;69467
2018-03-01T22:30;2018-03-01T22:45;91;kWh;-2122;11661;0;0;13783;9539
2018-03-01T22:45;2018-03-01T23:00;92;kWh;-1109;687;0;0;1796;-422
2018-03-01T23:00;2018-03-01T23:15;93;kWh;0;9688;0;0;9688;9688
2018-03-01T23:15;2018-03-01T23:30;94;kWh;-4809;1997;0;0;6806;-2812
2018-03-01T23:30;2018-03-01T23:45;95;kWh;-20744;0;0;0;20744;-20744
2018-03-01T23:45;2018-03-02T00:00;96;kWh;-7718;460;0;0;8178;-7258
2018-03-02T00:00;2018-03-02T00:15;1;kWh;-13378;8277;0;0;21655;-5101
2018-03-02T00:15;2018-03-02T00:30;2;kWh;-14;11129;0;0;11143;11115
2018-03-02T00:30;2018-03-02T00:45;3;kWh;-9059;1242;0;0;10301;-7817
2018-03-02T00:45;2018-03-02T01:00;4;kWh;-19441;0;0;0;19441;-19441
2018-03-02T01:00;2018-03-02T01:15;5;kWh;-10457;231;0;0;10688;-10226
2018-03-02T01:15;2018-03-02T01:30;6;kWh;-18489;0;0;0;18489;-18489
2018-03-02T01:30;2018-03-02T01:45;7;kWh;-9746;0;0;0;9746;-9746
2018-03-02T01:45;2018-03-02T02:00;8;kWh;-32980;0;0;0;32980;-32980
2018-03-02T02:00;2018-03-02T02:15;9;kWh;-28434;0;0;0;28434;-28434
2018-03-02T02:15;2018-03-02T02:30;10;kWh;-6848;0;0;0;6848;-6848
2018-03-02T02:30;2018-03-02T02:45;11;kWh;-17869;90;0;0;17959;-17779
2018-03-02T02:45;2018-03-02T03:00;12;kWh;-8655;106;0;0;8761;-8549
2018-03-02T03:00;2018-03-02T03:15;13;kWh;-20357;0;0;0;20357;-20357
2018-03-02T03:15;2018-03-02T03:30;14;kWh;-21858;0;0;0;21858;-21858
2018-03-02T03:30;2018-03-02T03:45;15;kWh;-3742;0;0;0;3742;-3742
2018-03-02T03:45;2018-03-02T04:00;16;kWh;-1739;0;0;0;1739;-1739
2018-03-02T04:00;2018-03-02T04:15;17;kWh;-26872;0;0;0;26872;-26872
2018-03-02T04:15;2018-03-02T04:30;18;kWh;-64998;0;0;0;64998;-64998
2018-03-02T04:30;2018-03-02T04:45;19;kWh;-59213;0;0;0;59213;-59213
2018-03-02T04:45;2018-03-02T05:00;20;kWh;-22429;0;0;0;22429;-22429
2018-03-02T05:00;2018-03-02T05:15;21;kWh;-6160;0;0;0;6160;-6160
2018-03-02T05:15;2018-03-02T05:30;22;kWh;-2605;0;0;0;2605;-2605
2018-03-02T05:30;2018-03-02T05:45;23;kWh;-2579;227;0;0;2806;-2352
2018-03-02T05:45;2018-03-02T06:00;24;kWh;-192;11782;0;0;11974;11590
2018-03-02T06:00;2018-03-02T06:15;25;kWh;-9071;1856;0;0;10927;-7215
2018-03-02T06:15;2018-03-02T06:30;26;kWh;-506;7002;0;0;7508;6496
2018-03-02T06:30;2018-03-02T06:45;27;kWh;-3428;4715;0;0;8143;1287
2018-03-02T06:45;2018-03-02T07:00;28;kWh;0;40967;0;0;40967;40967
2018-03-02T07:00;2018-03-02T07:15;29;kWh;-973;5334;0;0;6307;4361
2018-03-02T07:15;2018-03-02T07:30;30;kWh;0;13279;0;0;13279;13279
2018-03-02T07:30;2018-03-02T07:45;31;kWh;-930;2015;0;0;2945;1085
2018-03-02T07:45;2018-03-02T08:00;32;kWh;0;31611;0;0;31611;31611
2018-03-02T08:00;2018-03-02T08:15;33;kWh;0;31235;0;0;31235;31235
2018-03-02T08:15;2018-03-02T08:30;34;kWh;-58;1331;0;0;1389;1273
2018-03-02T08:30;2018-03-02T08:45;35;kWh;0;12077;0;0;12077;12077
2018-03-02T08:45;2018-03-02T09:00;36;kWh;0;40946;0;0;40946;40946
2018-03-02T09:00;2018-03-02T09:15;37;kWh;0;75689;0;0;75689;75689
2018-03-02T09:15;2018-03-02T09:30;38;kWh;0;109051;0;0;109051;109051
2018-03-02T09:30;2018-03-02T09:45;39;kWh;0;92911;0;0;92911;92911
2018-03-02T09:45;2018-03-02T10:00;40;kWh;0;74022;0;0;74022;74022
2018-03-02T10:00;2018-03-02T10:15;41;kWh;0;76244;0;0;76244;76244
2018-03-02T10:15;2018-03-02T10:30;42;kWh;0;67841;0;0;67841;67841
2018-03-02T10:30;2018-03-02T10:45;43;kWh;-72;22260;0;0;22332;22188
2018-03-02T10:45;2018-03-02T11:00;44;kWh;-178;0;0;0;178;-178
2018-03-02T11:00;2018-03-02T11:15;45;kWh;-1775;0;0;0;1775;-1775
2018-03-02T11:15;2018-03-02T11:30;46;kWh;-826;4538;0;0;5364;3712
2018-03-02T11:30;2018-03-02T11:45;47;kWh;0;48677;0;0;48677;48677
2018-03-02T11:45;2018-03-02T12:00;48;kWh;0;60169;0;0;60169;60169
2018-03-02T12:00;2018-03-02T12:15;49;kWh;0;22807;0;0;22807;22807
2018-03-02T12:15;2018-03-02T12:30;50;kWh;0;17022;0;0;17022;17022
2018-03-02T12:30;2018-03-02T12:45;51;kWh;-497;1394;0;0;1891;897
2018-03-02T12:45;2018-03-02T13:00;52;kWh;-4351;0;0;0;4351;-4351
2018-03-02T13:00;2018-03-02T13:15;53;kWh;-6427;0;0;0;6427;-6427
2018-03-02T13:15;2018-03-02T13:30;54;kWh;-4102;0;0;0;4102;-4102
2018-03-02T13:30;2018-03-02T13:45;55;kWh;-1448;70;0;0;1518;-1378
2018-03-02T13:45;2018-03-02T14:00;56;kWh;0;1229;0;0;1229;1229
2018-03-02T14:00;2018-03-02T14:15;57;kWh;0;3152;0;0;3152;3152
2018-03-02T14:15;2018-03-02T14:30;58;kWh;0;2714;0;0;2714;2714
2018-03-02T14:30;2018-03-02T14:45;59;kWh;0;2276;0;0;2276;2276
2018-03-02T14:45;2018-03-02T15:00;60;kWh;0;2402;0;0;2402;2402
2018-03-02T15:00;2018-03-02T15:15;61;kWh;-14701;1038;0;0;15739;-13663
2018-03-02T15:15;2018-03-02T15:30;62;kWh;0;7742;0;0;7742;7742
2018-03-02T15:30;2018-03-02T15:45;63;kWh;-612;0;0;0;612;-612
2018-03-02T15:45;2018-03-02T16:00;64;kWh;-692;0;0;0;692;-692
2018-03-02T16:00;2018-03-02T16:15;65;kWh;-26466;0;0;0;26466;-26466
2018-03-02T16:15;2018-03-02T16:30;66;kWh;-7925;0;0;0;7925;-7925
2018-03-02T16:30;2018-03-02T16:45;67;kWh;-4427;0;0;0;4427;-4427
2018-03-02T16:45;2018-03-02T17:00;68;kWh;-5172;2;0;0;5174;-5170
2018-03-02T17:00;2018-03-02T17:15;69;kWh;-1270;8254;0;0;9524;6984
2018-03-02T17:15;2018-03-02T17:30;70;kWh;-14501;0;0;0;14501;-14501
2018-03-02T17:30;2018-03-02T17:45;71;kWh;-8109;0;0;0;8109;-8109
2018-03-02T17:45;2018-03-02T18:00;72;kWh;-7952;0;0;0;7952;-7952
2018-03-02T18:00;2018-03-02T18:15;73;kWh;-32314;0;0;0;32314;-32314
2018-03-02T18:15;2018-03-02T18:30;74;kWh;-20614;0;0;0;20614;-20614
2018-03-02T18:30;2018-03-02T18:45;75;kWh;-3502;65;0;0;3567;-3437
2018-03-02T18:45;2018-03-02T19:00;76;kWh;0;521;0;0;521;521
2018-03-02T19:00;2018-03-02T19:15;77;kWh;-539;0;0;0;539;-539
2018-03-02T19:15;2018-03-02T19:30;78;kWh;-9855;0;0;0;9855;-9855
2018-03-02T19:30;2018-03-02T19:45;79;kWh;-6944;0;0;0;6944;-6944
2018-03-02T19:45;2018-03-02T20:00;80;kWh;-18220;247;0;0;18467;-17973
2018-03-02T20:00;2018-03-02T20:15;81;kWh;-154;724;0;0;878;570
2018-03-02T20:15;2018-03-02T20:30;82;kWh;-7155;0;0;0;7155;-7155
2018-03-02T20:30;2018-03-02T20:45;83;kWh;-30384;0;0;0;30384;-30384
2018-03-02T20:45;2018-03-02T21:00;84;kWh;-46223;0;0;0;46223;-46223
2018-03-02T21:00;2018-03-02T21:15;85;kWh;-19003;7583;0;0;26586;-11420
2018-03-02T21:15;2018-03-02T21:30;86;kWh;0;21478;0;0;21478;21478
2018-03-02T21:30;2018-03-02T21:45;87;kWh;-2426;3301;0;0;5727;875
2018-03-02T21:45;2018-03-02T22:00;88;kWh;0;12737;0;0;12737;12737
2018-03-02T22:00;2018-03-02T22:15;89;kWh;-8260;4084;0;0;12344;-4176
2018-03-02T22:15;2018-03-02T22:30;90;kWh;-226;17832;0;0;18058;17606
2018-03-02T22:30;2018-03-02T22:45;91;kWh;-16631;228;0;0;16859;-16403
2018-03-02T22:45;2018-03-02T23:00;92;kWh;-2343;332;0;0;2675;-2011
2018-03-02T23:00;2018-03-02T23:15;93;kWh;-16048;4261;0;0;20309;-11787
2018-03-02T23:15;2018-03-02T23:30;94;kWh;-1626;29664;0;0;31290;28038
2018-03-02T23:30;2018-03-02T23:45;95;kWh;-15195;221;0;0;15416;-14974
2018-03-02T23:45;2018-03-03T00:00;96;kWh;-18;1599;0;0;1617;1581
2018-03-03T00:00;2018-03-03T00:15;1;kWh;-167;85;0;0;252;-82
2018-03-03T00:15;2018-03-03T00:30;2;kWh;0;7178;0;0;7178;7178
2018-03-03T00:30;2018-03-03T00:45;3;kWh;0;9994;0;0;9994;9994
2018-03-03T00:45;2018-03-03T01:00;4;kWh;0;1832;0;0;1832;1832
2018-03-03T01:00;2018-03-03T01:15;5;kWh;0;23057;0;0;23057;23057
2018-03-03T01:15;2018-03-03T01:30;6;kWh;0;18830;0;0;18830;18830
2018-03-03T01:30;2018-03-03T01:45;7;kWh;0;11857;0;0;11857;11857
2018-03-03T01:45;2018-03-03T02:00;8;kWh;0;4386;0;0;4386;4386
2018-03-03T02:00;2018-03-03T02:15;9;kWh;-72;4976;0;0;5048;4904
2018-03-03T02:15;2018-03-03T02:30;10;kWh;0;26199;0;0;26199;26199
2018-03-03T02:30;2018-03-03T02:45;11;kWh;0;24658;0;0;24658;24658
2018-03-03T02:45;2018-03-03T03:00;12;kWh;0;20184;0;0;20184;20184
2018-03-03T03:00;2018-03-03T03:15;13;kWh;0;33882;0;0;33882;33882
2018-03-03T03:15;2018-03-03T03:30;14;kWh;0;46055;0;0;46055;46055
2018-03-03T03:30;2018-03-03T03:45;15;kWh;0;48116;0;0;48116;48116
2018-03-03T03:45;2018-03-03T04:00;16;kWh;0;43020;0;0;43020;43020
2018-03-03T04:00;2018-03-03T04:15;17;kWh;0;36139;0;0;36139;36139
2018-03-03T04:15;2018-03-03T04:30;18;kWh;0;35679;0;0;35679;35679
2018-03-03T04:30;2018-03-03T04:45;19;kWh;0;31228;0;0;31228;31228
2018-03-03T04:45;2018-03-03T05:00;20;kWh;0;9929;0;0;9929;9929
2018-03-03T05:00;2018-03-03T05:15;21;kWh;0;12152;0;0;12152;12152
2018-03-03T05:15;2018-03-03T05:30;22;kWh;0;20612;0;0;20612;20612
2018-03-03T05:30;2018-03-03T05:45;23;kWh;0;21309;0;0;21309;21309
2018-03-03T05:45;2018-03-03T06:00;24;kWh;0;8500;0;0;8500;8500
2018-03-03T06:00;2018-03-03T06:15;25;kWh;-1170;0;0;0;1170;-1170
2018-03-03T06:15;2018-03-03T06:30;26;kWh;-250;73;0;0;323;-177
2018-03-03T06:30;2018-03-03T06:45;27;kWh;0;25478;0;0;25478;25478
2018-03-03T06:45;2018-03-03T07:00;28;kWh;0;37450;0;0;37450;37450
2018-03-03T07:00;2018-03-03T07:15;29;kWh;-915;8811;0;0;9726;7896
2018-03-03T07:15;2018-03-03T07:30;30;kWh;-115;0;0;0;115;-115
2018-03-03T07:30;2018-03-03T07:45;31;kWh;-952;0;0;0;952;-952
2018-03-03T07:45;2018-03-03T08:00;32;kWh;-1028;0;0;0;1028;-1028
2018-03-03T08:00;2018-03-03T08:15;33;kWh;-17620;0;0;0;17620;-17620
2018-03-03T08:15;2018-03-03T08:30;34;kWh;-3052;0;0;0;3052;-3052
2018-03-03T08:30;2018-03-03T08:45;35;kWh;-1768;0;0;0;1768;-1768
2018-03-03T08:45;2018-03-03T09:00;36;kWh;-447;2378;0;0;2825;1931
2018-03-03T09:00;2018-03-03T09:15;37;kWh;0;2750;0;0;2750;2750
2018-03-03T09:15;2018-03-03T09:30;38;kWh;0;7258;0;0;7258;7258
2018-03-03T09:30;2018-03-03T09:45;39;kWh;0;27515;0;0;27515;27515
2018-03-03T09:45;2018-03-03T10:00;40;kWh;0;37956;0;0;37956;37956
2018-03-03T10:00;2018-03-03T10:15;41;kWh;0;63649;0;0;63649;63649
2018-03-03T10:15;2018-03-03T10:30;42;kWh;0;65840;0;0;65840;65840
2018-03-03T10:30;2018-03-03T10:45;43;kWh;0;32670;0;0;32670;32670
2018-03-03T10:45;2018-03-03T11:00;44;kWh;0;7392;0;0;7392;7392
2018-03-03T11:00;2018-03-03T11:15;45;kWh;0;15436;0;0;15436;15436
2018-03-03T11:15;2018-03-03T11:30;46;kWh;0;44039;0;0;44039;44039
2018-03-03T11:30;2018-03-03T11:45;47;kWh;0;21508;0;0;21508;21508
2018-03-03T11:45;2018-03-03T12:00;48;kWh;0;45030;0;0;45030;45030
2018-03-03T12:00;2018-03-03T12:15;49;kWh;0;40670;0;0;40670;40670
2018-03-03T12:15;2018-03-03T12:30;50;kWh;0;52609;0;0;52609;52609
2018-03-03T12:30;2018-03-03T12:45;51;kWh;0;41505;0;0;41505;41505
2018-03-03T12:45;2018-03-03T13:00;52;kWh;0;34848;0;0;34848;34848
2018-03-03T13:00;2018-03-03T13:15;53;kWh;0;36366;0;0;36366;36366
2018-03-03T13:15;2018-03-03T13:30;54;kWh;0;63513;0;0;63513;63513
2018-03-03T13:30;2018-03-03T13:45;55;kWh;0;42814;0;0;42814;42814
2018-03-03T13:45;2018-03-03T14:00;56;kWh;0;39048;0;0;39048;39048
2018-03-03T14:00;2018-03-03T14:15;57;kWh;0;32716;0;0;32716;32716
2018-03-03T14:15;2018-03-03T14:30;58;kWh;0;33584;0;0;33584;33584
2018-03-03T14:30;2018-03-03T14:45;59;kWh;-10;6778;0;0;6788;6768
2018-03-03T14:45;2018-03-03T15:00;60;kWh;-174;0;0;0;174;-174
2018-03-03T15:00;2018-03-03T15:15;61;kWh;-3012;0;0;0;3012;-3012
2018-03-03T15:15;2018-03-03T15:30;62;kWh;-2381;0;0;0;2381;-2381
2018-03-03T15:30;2018-03-03T15:45;63;kWh;-3144;0;0;0;3144;-3144
2018-03-03T15:45;2018-03-03T16:00;64;kWh;-6102;0;0;0;6102;-6102
2018-03-03T16:00;2018-03-03T16:15;65;kWh;-5646;0;0;0;5646;-5646
2018-03-03T16:15;2018-03-03T16:30;66;kWh;-2880;17;0;0;2897;-2863
2018-03-03T16:30;2018-03-03T16:45;67;kWh;0;8176;0;0;8176;8176
2018-03-03T16:45;2018-03-03T17:00;68;kWh;0;56664;0;0;56664;56664
2018-03-03T17:00;2018-03-03T17:15;69;kWh;-2046;17578;0;0;19624;15532
2018-03-03T17:15;2018-03-03T17:30;70;kWh;-90;0;0;0;90;-90
2018-03-03T17:30;2018-03-03T17:45;71;kWh;-1215;0;0;0;1215;-1215
2018-03-03T17:45;2018-03-03T18:00;72;kWh;-35;725;0;0;760;690
2018-03-03T18:00;2018-03-03T18:15;73;kWh;0;9470;0;0;9470;9470
2018-03-03T18:15;2018-03-03T18:30;74;kWh;-80;2262;0;0;2342;2182
2018-03-03T18:30;2018-03-03T18:45;75;kWh;0;31585;0;0;31585;31585
2018-03-03T18:45;2018-03-03T19:00;76;kWh;0;55806;0;0;55806;55806
2018-03-03T19:00;2018-03-03T19:15;77;kWh;0;60702;0;0;60702;60702
2018-03-03T19:15;2018-03-03T19:30;78;kWh;0;65579;0;0;65579;65579
2018-03-03T19:30;2018-03-03T19:45;79;kWh;0;22968;0;0;22968;22968
2018-03-03T19:45;2018-03-03T20:00;80;kWh;0;14441;0;0;14441;14441
2018-03-03T20:00;2018-03-03T20:15;81;kWh;0;12450;0;0;12450;12450
2018-03-03T20:15;2018-03-03T20:30;82;kWh;0;22745;0;0;22745;22745
2018-03-03T20:30;2018-03-03T20:45;83;kWh;0;23689;0;0;23689;23689
2018-03-03T20:45;2018-03-03T21:00;84;kWh;-4652;5085;0;0;9737;433
2018-03-03T21:00;2018-03-03T21:15;85;kWh;-419;22654;0;0;23073;22235
2018-03-03T21:15;2018-03-03T21:30;86;kWh;-2;32812;0;0;32814;32810
2018-03-03T21:30;2018-03-03T21:45;87;kWh;-243;602;0;0;845;359
2018-03-03T21:45;2018-03-03T22:00;88;kWh;-166;376;0;0;542;210
2018-03-03T22:00;2018-03-03T22:15;89;kWh;0;1615;0;0;1615;1615
2018-03-03T22:15;2018-03-03T22:30;90;kWh;0;3839;0;0;3839;3839
2018-03-03T22:30;2018-03-03T22:45;91;kWh;0;5038;0;0;5038;5038
2018-03-03T22:45;2018-03-03T23:00;92;kWh;0;10857;0;0;10857;10857
2018-03-03T23:00;2018-03-03T23:15;93;kWh;0;1344;0;0;1344;1344
2018-03-03T23:15;2018-03-03T23:30;94;kWh;0;0;0;0;0;0
2018-03-03T23:30;2018-03-03T23:45;95;kWh;0;0;0;0;0;0
2018-03-03T23:45;2018-03-04T00:00;96;kWh;0;0;0;0;0;0
2018-03-04T00:00;2018-03-04T00:15;1;kWh;0;6846;0;0;6846;6846
2018-03-04T00:15;2018-03-04T00:30;2;kWh;0;48847;0;0;48847;48847
2018-03-04T00:30;2018-03-04T00:45;3;kWh;0;21885;0;0;21885;21885
2018-03-04T00:45;2018-03-04T01:00;4;kWh;0;13064;0;0;13064;13064
2018-03-04T01:00;2018-03-04T01:15;5;kWh;0;5527;0;0;5527;5527
2018-03-04T01:15;2018-03-04T01:30;6;kWh;0;4604;0;0;4604;4604
2018-03-04T01:30;2018-03-04T01:45;7;kWh;0;821;0;0;821;821
2018-03-04T01:45;2018-03-04T02:00;8;kWh;0;838;0;0;838;838
2018-03-04T02:00;2018-03-04T02:15;9;kWh;0;4865;0;0;4865;4865
2018-03-04T02:15;2018-03-04T02:30;10;kWh;0;4057;0;0;4057;4057
2018-03-04T02:30;2018-03-04T02:45;11;kWh;0;6087;0;0;6087;6087
2018-03-04T02:45;2018-03-04T03:00;12;kWh;0;463;0;0;463;463
2018-03-04T03:00;2018-03-04T03:15;13;kWh;0;3553;0;0;3553;3553
2018-03-04T03:15;2018-03-04T03:30;14;kWh;0;29461;0;0;29461;29461
2018-03-04T03:30;2018-03-04T03:45;15;kWh;0;8077;0;0;8077;8077
2018-03-04T03:45;2018-03-04T04:00;16;kWh;0;0;0;0;0;0
2018-03-04T04:00;2018-03-04T04:15;17;kWh;0;362;0;0;362;362
2018-03-04T04:15;2018-03-04T04:30;18;kWh;0;20284;0;0;20284;20284
2018-03-04T04:30;2018-03-04T04:45;19;kWh;-734;6609;0;0;7343;5875
2018-03-04T04:45;2018-03-04T05:00;20;kWh;-1380;0;0;0;1380;-1380
2018-03-04T05:00;2018-03-04T05:15;21;kWh;-1625;211;0;0;1836;-1414
2018-03-04T05:15;2018-03-04T05:30;22;kWh;0;17183;0;0;17183;17183
2018-03-04T05:30;2018-03-04T05:45;23;kWh;0;16625;0;0;16625;16625
2018-03-04T05:45;2018-03-04T06:00;24;kWh;0;33345;0;0;33345;33345
2018-03-04T06:00;2018-03-04T06:15;25;kWh;-1123;8066;0;0;9189;6943
2018-03-04T06:15;2018-03-04T06:30;26;kWh;0;104;0;0;104;104
2018-03-04T06:30;2018-03-04T06:45;27;kWh;0;78;0;0;78;78
2018-03-04T06:45;2018-03-04T07:00;28;kWh;0;23502;0;0;23502;23502
2018-03-04T07:00;2018-03-04T07:15;29;kWh;-9571;9314;0;0;18885;-257
2018-03-04T07:15;2018-03-04T07:30;30;kWh;-25653;0;0;0;25653;-25653
2018-03-04T07:30;2018-03-04T07:45;31;kWh;-19303;0;0;0;19303;-19303
2018-03-04T07:45;2018-03-04T08:00;32;kWh;-8575;0;0;0;8575;-8575
2018-03-04T08:00;2018-03-04T08:15;33;kWh;-23398;0;0;0;23398;-23398
2018-03-04T08:15;2018-03-04T08:30;34;kWh;-8205;497;0;0;8702;-7708
2018-03-04T08:30;2018-03-04T08:45;35;kWh;-48;30986;0;0;31034;30938
2018-03-04T08:45;2018-03-04T09:00;36;kWh;0;37524;0;0;37524;37524
2018-03-04T09:00;2018-03-04T09:15;37;kWh;0;27017;0;0;27017;27017
2018-03-04T09:15;2018-03-04T09:30;38;kWh;0;12348;0;0;12348;12348
2018-03-04T09:30;2018-03-04T09:45;39;kWh;0;30690;0;0;30690;30690
2018-03-04T09:45;2018-03-04T10:00;40;kWh;0;26884;0;0;26884;26884
2018-03-04T10:00;2018-03-04T10:15;41;kWh;-151;3640;0;0;3791;3489
2018-03-04T10:15;2018-03-04T10:30;42;kWh;0;8148;0;0;8148;8148
2018-03-04T10:30;2018-03-04T10:45;43;kWh;0;18117;0;0;18117;18117
2018-03-04T10:45;2018-03-04T11:00;44;kWh;0;20704;0;0;20704;20704
2018-03-04T11:00;2018-03-04T11:15;45;kWh;-9739;6866;0;0;16605;-2873
2018-03-04T11:15;2018-03-04T11:30;46;kWh;-1676;15612;0;0;17288;13936
2018-03-04T11:30;2018-03-04T11:45;47;kWh;-23624;0;0;0;23624;-23624
2018-03-04T11:45;2018-03-04T12:00;48;kWh;-41764;0;0;0;41764;-41764
2018-03-04T12:00;2018-03-04T12:15;49;kWh;-52184;0;0;0;52184;-52184
2018-03-04T12:15;2018-03-04T12:30;50;kWh;-66274;0;0;0;66274;-66274
2018-03-04T12:30;2018-03-04T12:45;51;kWh;-71207;0;0;0;71207;-71207
2018-03-04T12:45;2018-03-04T13:00;52;kWh;-79039;0;0;0;79039;-79039
2018-03-04T13:00;2018-03-04T13:15;53;kWh;-90098;0;0;0;90098;-90098
2018-03-04T13:15;2018-03-04T13:30;54;kWh;-92759;0;0;0;92759;-92759
2018-03-04T13:30;2018-03-04T13:45;55;kWh;-64170;0;0;0;64170;-64170
2018-03-04T13:45;2018-03-04T14:00;56;kWh;-69599;0;0;0;69599;-69599
2018-03-04T14:00;2018-03-04T14:15;57;kWh;-34049;0;0;0;34049;-34049
2018-03-04T14:15;2018-03-04T14:30;58;kWh;-16938;0;0;0;16938;-16938
2018-03-04T14:30;2018-03-04T14:45;59;kWh;-25786;0;0;0;25786;-25786
2018-03-04T14:45;2018-03-04T15:00;60;kWh;-30938;0;0;0;30938;-30938
2018-03-04T15:00;2018-03-04T15:15;61;kWh;-11395;0;0;0;11395;-11395
2018-03-04T15:15;2018-03-04T15:30;62;kWh;-1772;0;0;0;1772;-1772
2018-03-04T15:30;2018-03-04T15:45;63;kWh;-3719;0;0;0;3719;-3719
2018-03-04T15:45;2018-03-04T16:00;64;kWh;-2009;0;0;0;2009;-2009
2018-03-04T16:00;2018-03-04T16:15;65;kWh;-1685;0;0;0;1685;-1685
2018-03-04T16:15;2018-03-04T16:30;66;kWh;-265;0;0;0;265;-265
2018-03-04T16:30;2018-03-04T16:45;67;kWh;-81;955;0;0;1036;874
2018-03-04T16:45;2018-03-04T17:00;68;kWh;0;24894;0;0;24894;24894
2018-03-04T17:00;2018-03-04T17:15;69;kWh;-5445;8895;0;0;14340;3450
2018-03-04T17:15;2018-03-04T17:30;70;kWh;-411;592;0;0;1003;181
2018-03-04T17:30;2018-03-04T17:45;71;kWh;0;0;0;0;0;0
2018-03-04T17:45;2018-03-04T18:00;72;kWh;0;6579;0;0;6579;6579
2018-03-04T18:00;2018-03-04T18:15;73;kWh;-12540;4636;0;0;17176;-7904
2018-03-04T18:15;2018-03-04T18:30;74;kWh;-12622;1912;0;0;14534;-10710
2018-03-04T18:30;2018-03-04T18:45;75;kWh;-74;7141;0;0;7215;7067
2018-03-04T18:45;2018-03-04T19:00;76;kWh;0;743;0;0;743;743
2018-03-04T19:00;2018-03-04T19:15;77;kWh;0;34123;0;0;34123;34123
2018-03-04T19:15;2018-03-04T19:30;78;kWh;-1522;14351;0;0;15873;12829
2018-03-04T19:30;2018-03-04T19:45;79;kWh;-9159;26;0;0;9185;-9133
2018-03-04T19:45;2018-03-04T20:00;80;kWh;-12531;0;0;0;12531;-12531
2018-03-04T20:00;2018-03-04T20:15;81;kWh;-6443;2002;0;0;8445;-4441
2018-03-04T20:15;2018-03-04T20:30;82;kWh;-2932;0;0;0;2932;-2932
2018-03-04T20:30;2018-03-04T20:45;83;kWh;-24515;0;0;0;24515;-24515
2018-03-04T20:45;2018-03-04T21:00;84;kWh;-29691;0;0;0;29691;-29691
2018-03-04T21:00;2018-03-04T21:15;85;kWh;-16505;0;0;0;16505;-16505
2018-03-04T21:15;2018-03-04T21:30;86;kWh;-215;2721;0;0;2936;2506
2018-03-04T21:30;2018-03-04T21:45;87;kWh;-75;0;0;0;75;-75
2018-03-04T21:45;2018-03-04T22:00;88;kWh;-19849;0;0;0;19849;-19849
2018-03-04T22:00;2018-03-04T22:15;89;kWh;-9719;50;0;0;9769;-9669
2018-03-04T22:15;2018-03-04T22:30;90;kWh;-20788;0;0;0;20788;-20788
2018-03-04T22:30;2018-03-04T22:45;91;kWh;-34241;0;0;0;34241;-34241
2018-03-04T22:45;2018-03-04T23:00;92;kWh;-12254;0;0;0;12254;-12254
2018-03-04T23:00;2018-03-04T23:15;93;kWh;-22103;0;0;0;22103;-22103
2018-03-04T23:15;2018-03-04T23:30;94;kWh;-35019;0;0;0;35019;-35019
2018-03-04T23:30;2018-03-04T23:45;95;kWh;-45601;0;0;0;45601;-45601
2018-03-04T23:45;2018-03-05T00:00;96;kWh;-61310;0;0;0;61310;-61310
2018-03-05T00:00;2018-03-05T00:15;1;kWh;-30463;0;0;0;30463;-30463
2018-03-05T00:15;2018-03-05T00:30;2;kWh;-26651;0;0;0;26651;-26651
2018-03-05T00:30;2018-03-05T00:45;3;kWh;-57157;0;0;0;57157;-57157
2018-03-05T00:45;2018-03-05T01:00;4;kWh;-54609;0;0;0;54609;-54609
2018-03-05T01:00;2018-03-05T01:15;5;kWh;-42467;0;0;0;42467;-42467
2018-03-05T01:15;2018-03-05T01:30;6;kWh;-40002;0;0;0;40002;-40002
2018-03-05T01:30;2018-03-05T01:45;7;kWh;-47845;0;0;0;47845;-47845
2018-03-05T01:45;2018-03-05T02:00;8;kWh;-49005;0;0;0;49005;-49005
2018-03-05T02:00;2018-03-05T02:15;9;kWh;-29127;0;0;0;29127;-29127
2018-03-05T02:15;2018-03-05T02:30;10;kWh;-18381;0;0;0;18381;-18381
2018-03-05T02:30;2018-03-05T02:45;11;kWh;-4562;0;0;0;4562;-4562
2018-03-05T02:45;2018-03-05T03:00;12;kWh;-8231;0;0;0;8231;-8231
2018-03-05T03:00;2018-03-05T03:15;13;kWh;-36315;0;0;0;36315;-36315
2018-03-05T03:15;2018-03-05T03:30;14;kWh;-31014;0;0;0;31014;-31014
2018-03-05T03:30;2018-03-05T03:45;15;kWh;-21955;0;0;0;21955;-21955
2018-03-05T03:45;2018-03-05T04:00;16;kWh;-40486;0;0;0;40486;-40486
2018-03-05T04:00;2018-03-05T04:15;17;kWh;-40727;0;0;0;40727;-40727
2018-03-05T04:15;2018-03-05T04:30;18;kWh;-51047;0;0;0;51047;-51047
2018-03-05T04:30;2018-03-05T04:45;19;kWh;-40982;0;0;0;40982;-40982
2018-03-05T04:45;2018-03-05T05:00;20;kWh;-12816;0;0;0;12816;-12816
2018-03-05T05:00;2018-03-05T05:15;21;kWh;-21335;0;0;0;21335;-21335
2018-03-05T05:15;2018-03-05T05:30;22;kWh;-38200;0;0;0;38200;-38200
2018-03-05T05:30;2018-03-05T05:45;23;kWh;-13255;0;0;0;13255;-13255
2018-03-05T05:45;2018-03-05T06:00;24;kWh;-6934;0;0;0;6934;-6934
2018-03-05T06:00;2018-03-05T06:15;25;kWh;-67592;0;0;0;67592;-67592
2018-03-05T06:15;2018-03-05T06:30;26;kWh;-46595;0;0;0;46595;-46595
2018-03-05T06:30;2018-03-05T06:45;27;kWh;-7402;0;0;0;7402;-7402
2018-03-05T06:45;2018-03-05T07:00;28;kWh;-2213;0;0;0;2213;-2213
2018-03-05T07:00;2018-03-05T07:15;29;kWh;-31319;0;0;0;31319;-31319
2018-03-05T07:15;2018-03-05T07:30;30;kWh;-34417;0;0;0;34417;-34417
2018-03-05T07:30;2018-03-05T07:45;31;kWh;-10300;147;0;0;10447;-10153
2018-03-05T07:45;2018-03-05T08:00;32;kWh;0;9093;0;0;9093;9093
2018-03-05T08:00;2018-03-05T08:15;33;kWh;-1783;7304;0;0;9087;5521
2018-03-05T08:15;2018-03-05T08:30;34;kWh;-4171;0;0;0;4171;-4171
2018-03-05T08:30;2018-03-05T08:45;35;kWh;-2005;0;0;0;2005;-2005
2018-03-05T08:45;2018-03-05T09:00;36;kWh;-757;0;0;0;757;-757
2018-03-05T09:00;2018-03-05T09:15;37;kWh;-13840;0;0;0;13840;-13840
2018-03-05T09:15;2018-03-05T09:30;38;kWh;-46827;0;0;0;46827;-46827
2018-03-05T09:30;2018-03-05T09:45;39;kWh;-63056;0;0;0;63056;-63056
2018-03-05T09:45;2018-03-05T10:00;40;kWh;-52848;0;0;0;52848;-52848
2018-03-05T10:00;2018-03-05T10:15;41;kWh;-18217;0;0;0;18217;-18217
2018-03-05T10:15;2018-03-05T10:30;42;kWh;-15338;0;0;0;15338;-15338
2018-03-05T10:30;2018-03-05T10:45;43;kWh;-54420;0;0;0;54420;-54420
2018-03-05T10:45;2018-03-05T11:00;44;kWh;-55531;0;0;0;55531;-55531
2018-03-05T11:00;2018-03-05T11:15;45;kWh;-38710;0;0;0;38710;-38710
2018-03-05T11:15;2018-03-05T11:30;46;kWh;-53993;0;0;0;53993;-53993
2018-03-05T11:30;2018-03-05T11:45;47;kWh;-49491;0;0;0;49491;-49491
2018-03-05T11:45;2018-03-05T12:00;48;kWh;-57814;0;0;0;57814;-57814
2018-03-05T12:00;2018-03-05T12:15;49;kWh;-18071;165;0;0;18236;-17906
2018-03-05T12:15;2018-03-05T12:30;50;kWh;-8086;2;0;0;8088;-8084
2018-03-05T12:30;2018-03-05T12:45;51;kWh;-28459;0;0;0;28459;-28459
2018-03-05T12:45;2018-03-05T13:00;52;kWh;-16892;0;0;0;16892;-16892
2018-03-05T13:00;2018-03-05T13:15;53;kWh;-4121;0;0;0;4121;-4121
2018-03-05T13:15;2018-03-05T13:30;54;kWh;-7421;0;0;0;7421;-7421
2018-03-05T13:30;2018-03-05T13:45;55;kWh;-3153;0;0;0;3153;-3153
2018-03-05T13:45;2018-03-05T14:00;56;kWh;-1796;0;0;0;1796;-1796
2018-03-05T14:00;2018-03-05T14:15;57;kWh;-13619;0;0;0;13619;-13619
2018-03-05T14:15;2018-03-05T14:30;58;kWh;-41050;0;0;0;41050;-41050
2018-03-05T14:30;2018-03-05T14:45;59;kWh;-37959;0;0;0;37959;-37959
2018-03-05T14:45;2018-03-05T15:00;60;kWh;-25805;0;0;0;25805;-25805
2018-03-05T15:00;2018-03-05T15:15;61;kWh;-54441;0;0;0;54441;-54441
2018-03-05T15:15;2018-03-05T15:30;62;kWh;-62612;0;0;0;62612;-62612
2018-03-05T15:30;2018-03-05T15:45;63;kWh;-20623;25;0;0;20648;-20598
2018-03-05T15:45;2018-03-05T16:00;64;kWh;0;689;0;0;689;689
2018-03-05T16:00;2018-03-05T16:15;65;kWh;-11909;0;0;0;11909;-11909
2018-03-05T16:15;2018-03-05T16:30;66;kWh;-4642;0;0;0;4642;-4642
2018-03-05T16:30;2018-03-05T16:45;67;kWh;-2051;15;0;0;2066;-2036
2018-03-05T16:45;2018-03-05T17:00;68;kWh;-59;2450;0;0;2509;2391
2018-03-05T17:00;2018-03-05T17:15;69;kWh;-157;0;0;0;157;-157
2018-03-05T17:15;2018-03-05T17:30;70;kWh;-552;0;0;0;552;-552
2018-03-05T17:30;2018-03-05T17:45;71;kWh;-112;0;0;0;112;-112
2018-03-05T17:45;2018-03-05T18:00;72;kWh;0;11709;0;0;11709;11709
2018-03-05T18:00;2018-03-05T18:15;73;kWh;-452;14419;0;0;14871;13967
2018-03-05T18:15;2018-03-05T18:30;74;kWh;-771;9;0;0;780;-762
2018-03-05T18:30;2018-03-05T18:45;75;kWh;0;2060;0;0;2060;2060
2018-03-05T18:45;2018-03-05T19:00;76;kWh;0;64632;0;0;64632;64632
2018-03-05T19:00;2018-03-05T19:15;77;kWh;0;64073;0;0;64073;64073
2018-03-05T19:15;2018-03-05T19:30;78;kWh;-1299;1765;0;0;3064;466
2018-03-05T19:30;2018-03-05T19:45;79;kWh;-958;0;0;0;958;-958
2018-03-05T19:45;2018-03-05T20:00;80;kWh;-10907;0;0;0;10907;-10907
2018-03-05T20:00;2018-03-05T20:15;81;kWh;-1290;30063;0;0;31353;28773
2018-03-05T20:15;2018-03-05T20:30;82;kWh;-40;44214;0;0;44254;44174
2018-03-05T20:30;2018-03-05T20:45;83;kWh;-1300;561;0;0;1861;-739
2018-03-05T20:45;2018-03-05T21:00;84;kWh;-32212;0;0;0;32212;-32212
2018-03-05T21:00;2018-03-05T21:15;85;kWh;-3571;33131;0;0;36702;29560
2018-03-05T21:15;2018-03-05T21:30;86;kWh;0;80186;0;0;80186;80186
2018-03-05T21:30;2018-03-05T21:45;87;kWh;-612;10707;0;0;11319;10095
2018-03-05T21:45;2018-03-05T22:00;88;kWh;-19234;0;0;0;19234;-19234
2018-03-05T22:00;2018-03-05T22:15;89;kWh;-16939;36;0;0;16975;-16903
2018-03-05T22:15;2018-03-05T22:30;90;kWh;-113;613;0;0;726;500
2018-03-05T22:30;2018-03-05T22:45;91;kWh;-453;0;0;0;453;-453
2018-03-05T22:45;2018-03-05T23:00;92;kWh;-6105;0;0;0;6105;-6105
2018-03-05T23:00;2018-03-05T23:15;93;kWh;-5508;0;0;0;5508;-5508
2018-03-05T23:15;2018-03-05T23:30;94;kWh;-167;0;0;0;167;-167
2018-03-05T23:30;2018-03-05T23:45;95;kWh;-14453;0;0;0;14453;-14453
2018-03-05T23:45;2018-03-06T00:00;96;kWh;-25818;0;0;0;25818;-25818
2018-03-06T00:00;2018-03-06T00:15;1;kWh;-24416;0;0;0;24416;-24416
2018-03-06T00:15;2018-03-06T00:30;2;kWh;-41659;0;0;0;41659;-41659
2018-03-06T00:30;2018-03-06T00:45;3;kWh;-31444;0;0;0;31444;-31444
2018-03-06T00:45;2018-03-06T01:00;4;kWh;-33254;0;0;0;33254;-33254
2018-03-06T01:00;2018-03-06T01:15;5;kWh;-16590;0;0;0;16590;-16590
2018-03-06T01:15;2018-03-06T01:30;6;kWh;-21;0;0;0;21;-21
2018-03-06T01:30;2018-03-06T01:45;7;kWh;-376;0;0;0;376;-376
2018-03-06T01:45;2018-03-06T02:00;8;kWh;-2628;0;0;0;2628;-2628
2018-03-06T02:00;2018-03-06T02:15;9;kWh;-2516;0;0;0;2516;-2516
2018-03-06T02:15;2018-03-06T02:30;10;kWh;-2397;0;0;0;2397;-2397
2018-03-06T02:30;2018-03-06T02:45;11;kWh;-2443;0;0;0;2443;-2443
2018-03-06T02:45;2018-03-06T03:00;12;kWh;-2418;0;0;0;2418;-2418
2018-03-06T03:00;2018-03-06T03:15;13;kWh;-2507;0;0;0;2507;-2507
2018-03-06T03:15;2018-03-06T03:30;14;kWh;-2472;0;0;0;2472;-2472
2018-03-06T03:30;2018-03-06T03:45;15;kWh;-2661;0;0;0;2661;-2661
2018-03-06T03:45;2018-03-06T04:00;16;kWh;-3750;0;0;0;3750;-3750
2018-03-06T04:00;2018-03-06T04:15;17;kWh;-5389;0;0;0;5389;-5389
2018-03-06T04:15;2018-03-06T04:30;18;kWh;-3968;0;0;0;3968;-3968
2018-03-06T04:30;2018-03-06T04:45;19;kWh;-7364;0;0;0;7364;-7364
2018-03-06T04:45;2018-03-06T05:00;20;kWh;-6873;0;0;0;6873;-6873
2018-03-06T05:00;2018-03-06T05:15;21;kWh;-4408;0;0;0;4408;-4408
2018-03-06T05:15;2018-03-06T05:30;22;kWh;-4270;6;0;0;4276;-4264
2018-03-06T05:30;2018-03-06T05:45;23;kWh;-163;11511;0;0;11674;11348
2018-03-06T05:45;2018-03-06T06:00;24;kWh;0;2695;0;0;2695;2695
2018-03-06T06:00;2018-03-06T06:15;25;kWh;-8671;101;0;0;8772;-8570
2018-03-06T06:15;2018-03-06T06:30;26;kWh;-2389;0;0;0;2389;-2389
2018-03-06T06:30;2018-03-06T06:45;27;kWh;-2848;0;0;0;2848;-2848
2018-03-06T06:45;2018-03-06T07:00;28;kWh;-82;6396;0;0;6478;6314
2018-03-06T07:00;2018-03-06T07:15;29;kWh;-143;2923;0;0;3066;2780
2018-03-06T07:15;2018-03-06T07:30;30;kWh;-505;159;0;0;664;-346
2018-03-06T07:30;2018-03-06T07:45;31;kWh;0;4634;0;0;4634;4634
2018-03-06T07:45;2018-03-06T08:00;32;kWh;0;18906;0;0;18906;18906
2018-03-06T08:00;2018-03-06T08:15;33;kWh;-678;11233;0;0;11911;10555
2018-03-06T08:15;2018-03-06T08:30;34;kWh;-7;6;0;0;13;-1
2018-03-06T08:30;2018-03-06T08:45;35;kWh;0;0;0;0;0;0
2018-03-06T08:45;2018-03-06T09:00;36;kWh;-16;0;0;0;16;-16
2018-03-06T09:00;2018-03-06T09:15;37;kWh;-380;0;0;0;380;-380
2018-03-06T09:15;2018-03-06T09:30;38;kWh;-27;0;0;0;27;-27
2018-03-06T09:30;2018-03-06T09:45;39;kWh;-24;0;0;0;24;-24
2018-03-06T09:45;2018-03-06T10:00;40;kWh;-836;0;0;0;836;-836
2018-03-06T10:00;2018-03-06T10:15;41;kWh;0;0;0;0;0;0
2018-03-06T10:15;2018-03-06T10:30;42;kWh;0;0;0;0;0;0
2018-03-06T10:30;2018-03-06T10:45;43;kWh;0;0;0;0;0;0
2018-03-06T10:45;2018-03-06T11:00;44;kWh;-13;0;0;0;13;-13
2018-03-06T11:00;2018-03-06T11:15;45;kWh;0;62;0;0;62;62
2018-03-06T11:15;2018-03-06T11:30;46;kWh;0;1172;0;0;1172;1172
2018-03-06T11:30;2018-03-06T11:45;47;kWh;0;12;0;0;12;12
2018-03-06T11:45;2018-03-06T12:00;48;kWh;-808;0;0;0;808;-808
2018-03-06T12:00;2018-03-06T12:15;49;kWh;-3973;0;0;0;3973;-3973
2018-03-06T12:15;2018-03-06T12:30;50;kWh;-23934;0;0;0;23934;-23934
2018-03-06T12:30;2018-03-06T12:45;51;kWh;-14560;0;0;0;14560;-14560
2018-03-06T12:45;2018-03-06T13:00;52;kWh;-60468;0;0;0;60468;-60468
2018-03-06T13:00;2018-03-06T13:15;53;kWh;-68855;17;0;0;68872;-68838
2018-03-06T13:15;2018-03-06T13:30;54;kWh;-3738;9462;0;0;13200;5724
2018-03-06T13:30;2018-03-06T13:45;55;kWh;-12075;455;0;0;35030;-34120
2018-03-06T13:45;2018-03-06T14:00;56;kWh;-34985;0;0;0;34985;-34985
2018-03-06T14:00;2018-03-06T14:15;57;kWh;-60685;0;0;0;60685;-60685
2018-03-06T14:15;2018-03-06T14:30;58;kWh;-7816;1841;0;0;9657;-5975
2018-03-06T14:30;2018-03-06T14:45;59;kWh;0;10821;0;0;10821;10821
2018-03-06T14:45;2018-03-06T15:00;60;kWh;0;3260;0;0;3260;3260
2018-03-06T15:00;2018-03-06T15:15;61;kWh;0;5407;0;0;5407;5407
2018-03-06T15:15;2018-03-06T15:30;62;kWh;0;25323;0;0;25323;25323
2018-03-06T15:30;2018-03-06T15:45;63;kWh;0;37102;0;0;37102;37102
2018-03-06T15:45;2018-03-06T16:00;64;kWh;0;55451;0;0;55451;55451
2018-03-06T16:00;2018-03-06T16:15;65;kWh;-1275;11224;0;0;12499;9949
2018-03-06T16:15;2018-03-06T16:30;66;kWh;-190;0;0;0;190;-190
2018-03-06T16:30;2018-03-06T16:45;67;kWh;-1753;0;0;0;1753;-1753
2018-03-06T16:45;2018-03-06T17:00;68;kWh;-386;3828;0;0;4214;3442
2018-03-06T17:00;2018-03-06T17:15;69;kWh;0;1398;0;0;1398;1398
2018-03-06T17:15;2018-03-06T17:30;70;kWh;-36;0;0;0;36;-36
2018-03-06T17:30;2018-03-06T17:45;71;kWh;-353;0;0;0;353;-353
2018-03-06T17:45;2018-03-06T18:00;72;kWh;0;353;0;0;353;353
2018-03-06T18:00;2018-03-06T18:15;73;kWh;-12603;0;0;0;12603;-12603
2018-03-06T18:15;2018-03-06T18:30;74;kWh;-24213;0;0;0;24213;-24213
2018-03-06T18:30;2018-03-06T18:45;75;kWh;-938;31;0;0;969;-907
2018-03-06T18:45;2018-03-06T19:00;76;kWh;0;25477;0;0;25477;25477
2018-03-06T19:00;2018-03-06T19:15;77;kWh;0;51076;0;0;51076;51076
2018-03-06T19:15;2018-03-06T19:30;78;kWh;0;12816;0;0;12816;12816
2018-03-06T19:30;2018-03-06T19:45;79;kWh;0;13623;0;0;13623;13623
2018-03-06T19:45;2018-03-06T20:00;80;kWh;0;9255;0;0;9255;9255
2018-03-06T20:00;2018-03-06T20:15;81;kWh;0;6110;0;0;6110;6110
2018-03-06T20:15;2018-03-06T20:30;82;kWh;-20;35;0;0;55;15
2018-03-06T20:30;2018-03-06T20:45;83;kWh;-593;0;0;0;593;-593
2018-03-06T20:45;2018-03-06T21:00;84;kWh;-6461;0;0;0;6461;-6461
2018-03-06T21:00;2018-03-06T21:15;85;kWh;-11277;0;0;0;11277;-11277
2018-03-06T21:15;2018-03-06T21:30;86;kWh;-216;0;0;0;216;-216
2018-03-06T21:30;2018-03-06T21:45;87;kWh;-808;0;0;0;808;-808
2018-03-06T21:45;2018-03-06T22:00;88;kWh;-7879;0;0;0;7879;-7879
2018-03-06T22:00;2018-03-06T22:15;89;kWh;-8739;2958;0;0;11697;-5781
2018-03-06T22:15;2018-03-06T22:30;90;kWh;-24;852;0;0;876;828
2018-03-06T22:30;2018-03-06T22:45;91;kWh;0;0;0;0;0;0
2018-03-06T22:45;2018-03-06T23:00;92;kWh;-11834;0;0;0;11834;-11834
2018-03-06T23:00;2018-03-06T23:15;93;kWh;-9288;17626;0;0;26914;8338
2018-03-06T23:15;2018-03-06T23:30;94;kWh;-490;26429;0;0;26919;25939
2018-03-06T23:30;2018-03-06T23:45;95;kWh;-2280;28;0;0;2308;-2252
2018-03-06T23:45;2018-03-07T00:00;96;kWh;-17096;0;0;0;17096;-17096
2018-03-07T00:00;2018-03-07T00:15;1;kWh;-11954;0;0;0;11954;-11954
2018-03-07T00:15;2018-03-07T00:30;2;kWh;-560;0;0;0;560;-560
2018-03-07T00:30;2018-03-07T00:45;3;kWh;-5151;0;0;0;5151;-5151
2018-03-07T00:45;2018-03-07T01:00;4;kWh;-47928;0;0;0;47928;-47928
2018-03-07T01:00;2018-03-07T01:15;5;kWh;-38930;0;0;0;38930;-38930
2018-03-07T01:15;2018-03-07T01:30;6;kWh;-282;7;0;0;289;-275
2018-03-07T01:30;2018-03-07T01:45;7;kWh;-1832;0;0;0;1832;-1832
2018-03-07T01:45;2018-03-07T02:00;8;kWh;-17058;0;0;0;17058;-17058
2018-03-07T02:00;2018-03-07T02:15;9;kWh;-14772;121;0;0;14893;-14651
2018-03-07T02:15;2018-03-07T02:30;10;kWh;-1659;619;0;0;2278;-1040
2018-03-07T02:30;2018-03-07T02:45;11;kWh;-3527;0;0;0;3527;-3527
2018-03-07T02:45;2018-03-07T03:00;12;kWh;-5066;0;0;0;5066;-5066
2018-03-07T03:00;2018-03-07T03:15;13;kWh;-1633;0;0;0;1633;-1633
2018-03-07T03:15;2018-03-07T03:30;14;kWh;-1014;0;0;0;1014;-1014
2018-03-07T03:30;2018-03-07T03:45;15;kWh;-686;0;0;0;686;-686
2018-03-07T03:45;2018-03-07T04:00;16;kWh;-170;0;0;0;170;-170
2018-03-07T04:00;2018-03-07T04:15;17;kWh;-6036;0;0;0;6036;-6036
2018-03-07T04:15;2018-03-07T04:30;18;kWh;-4667;0;0;0;4667;-4667
2018-03-07T04:30;2018-03-07T04:45;19;kWh;-4863;0;0;0;4863;-4863
2018-03-07T04:45;2018-03-07T05:00;20;kWh;-2218;0;0;0;2218;-2218
2018-03-07T05:00;2018-03-07T05:15;21;kWh;-1989;0;0;0;1989;-1989
2018-03-07T05:15;2018-03-07T05:30;22;kWh;-3217;0;0;0;3217;-3217
2018-03-07T05:30;2018-03-07T05:45;23;kWh;-2218;0;0;0;2218;-2218
2018-03-07T05:45;2018-03-07T06:00;24;kWh;-1249;0;0;0;1249;-1249
2018-03-07T06:00;2018-03-07T06:15;25;kWh;-13226;0;0;0;13226;-13226
2018-03-07T06:15;2018-03-07T06:30;26;kWh;-10944;0;0;0;10944;-10944
2018-03-07T06:30;2018-03-07T06:45;27;kWh;-1742;156;0;0;1898;-1586
2018-03-07T06:45;2018-03-07T07:00;28;kWh;0;23458;0;0;23458;23458
2018-03-07T07:00;2018-03-07T07:15;29;kWh;-7230;7539;0;0;14769;309
2018-03-07T07:15;2018-03-07T07:30;30;kWh;-7945;0;0;0;7945;-7945
2018-03-07T07:30;2018-03-07T07:45;31;kWh;-2480;0;0;0;2480;-2480
2018-03-07T07:45;2018-03-07T08:00;32;kWh;-842;3573;0;0;4415;2731
2018-03-07T08:00;2018-03-07T08:15;33;kWh;-3820;498;0;0;4318;-3322
2018-03-07T08:15;2018-03-07T08:30;34;kWh;-2257;0;0;0;2257;-2257
2018-03-07T08:30;2018-03-07T08:45;35;kWh;-2851;0;0;0;2851;-2851
2018-03-07T08:45;2018-03-07T09:00;36;kWh;-3155;0;0;0;3155;-3155
2018-03-07T09:00;2018-03-07T09:15;37;kWh;-2845;0;0;0;2845;-2845
2018-03-07T09:15;2018-03-07T09:30;38;kWh;-2807;0;0;0;2807;-2807
2018-03-07T09:30;2018-03-07T09:45;39;kWh;-23961;0;0;0;23961;-23961
2018-03-07T09:45;2018-03-07T10:00;40;kWh;-71804;0;0;0;71804;-71804
2018-03-07T10:00;2018-03-07T10:15;41;kWh;-21331;0;0;0;21331;-21331
2018-03-07T10:15;2018-03-07T10:30;42;kWh;-48600;0;0;0;48600;-48600
2018-03-07T10:30;2018-03-07T10:45;43;kWh;-41546;0;0;0;41546;-41546
2018-03-07T10:45;2018-03-07T11:00;44;kWh;-48052;0;0;0;48052;-48052
2018-03-07T11:00;2018-03-07T11:15;45;kWh;-16122;218;0;0;16340;-15904
2018-03-07T11:15;2018-03-07T11:30;46;kWh;0;0;0;0;0;0
2018-03-07T11:30;2018-03-07T11:45;47;kWh;0;0;0;0;0;0
2018-03-07T11:45;2018-03-07T12:00;48;kWh;-94;0;0;0;94;-94
2018-03-07T12:00;2018-03-07T12:15;49;kWh;-196;0;0;0;196;-196
2018-03-07T12:15;2018-03-07T12:30;50;kWh;0;0;0;0;0;0
2018-03-07T12:30;2018-03-07T12:45;51;kWh;0;0;0;0;0;0
2018-03-07T12:45;2018-03-07T13:00;52;kWh;-7;0;0;0;7;-7
2018-03-07T13:00;2018-03-07T13:15;53;kWh;0;0;0;0;0;0
2018-03-07T13:15;2018-03-07T13:30;54;kWh;0;0;0;0;0;0
2018-03-07T13:30;2018-03-07T13:45;55;kWh;-7;0;0;0;7;-7
2018-03-07T13:45;2018-03-07T14:00;56;kWh;-949;0;0;0;949;-949
2018-03-07T14:00;2018-03-07T14:15;57;kWh;-895;4150;0;0;5045;3255
2018-03-07T14:15;2018-03-07T14:30;58;kWh;0;15649;0;0;15649;15649
2018-03-07T14:30;2018-03-07T14:45;59;kWh;0;3614;0;0;3614;3614
2018-03-07T14:45;2018-03-07T15:00;60;kWh;0;6216;0;0;6216;6216
2018-03-07T15:00;2018-03-07T15:15;61;kWh;0;15562;0;0;15562;15562
2018-03-07T15:15;2018-03-07T15:30;62;kWh;0;24218;0;0;24218;24218
2018-03-07T15:30;2018-03-07T15:45;63;kWh;0;23644;0;0;23644;23644
2018-03-07T15:45;2018-03-07T16:00;64;kWh;0;35489;0;0;35489;35489
2018-03-07T16:00;2018-03-07T16:15;65;kWh;-612;8587;0;0;9199;7975
2018-03-07T16:15;2018-03-07T16:30;66;kWh;-384;0;0;0;384;-384
2018-03-07T16:30;2018-03-07T16:45;67;kWh;-80;0;0;0;80;-80
2018-03-07T16:45;2018-03-07T17:00;68;kWh;0;48;0;0;48;48
2018-03-07T17:00;2018-03-07T17:15;69;kWh;0;97;0;0;97;97
2018-03-07T17:15;2018-03-07T17:30;70;kWh;0;7533;0;0;7533;7533
2018-03-07T17:30;2018-03-07T17:45;71;kWh;0;27995;0;0;27995;27995
2018-03-07T17:45;2018-03-07T18:00;72;kWh;0;22641;0;0;22641;22641
2018-03-07T18:00;2018-03-07T18:15;73;kWh;-4258;6987;0;0;11245;2729
2018-03-07T18:15;2018-03-07T18:30;74;kWh;-16157;19;0;0;16176;-16138
2018-03-07T18:30;2018-03-07T18:45;75;kWh;-561;0;0;0;561;-561
2018-03-07T18:45;2018-03-07T19:00;76;kWh;0;1074;0;0;1074;1074
2018-03-07T19:00;2018-03-07T19:15;77;kWh;0;10544;0;0;10544;10544
2018-03-07T19:15;2018-03-07T19:30;78;kWh;-1150;318;0;0;1468;-832
2018-03-07T19:30;2018-03-07T19:45;79;kWh;-3153;0;0;0;3153;-3153
2018-03-07T19:45;2018-03-07T20:00;80;kWh;-23237;0;0;0;23237;-23237
2018-03-07T20:00;2018-03-07T20:15;81;kWh;-7815;0;0;0;7815;-7815
2018-03-07T20:15;2018-03-07T20:30;82;kWh;-14786;0;0;0;14786;-14786
2018-03-07T20:30;2018-03-07T20:45;83;kWh;-34470;0;0;0;34470;-34470
2018-03-07T20:45;2018-03-07T21:00;84;kWh;-44265;0;0;0;44265;-44265
2018-03-07T21:00;2018-03-07T21:15;85;kWh;-23768;328;0;0;24096;-23440
2018-03-07T21:15;2018-03-07T21:30;86;kWh;-8;5086;0;0;5094;5078
2018-03-07T21:30;2018-03-07T21:45;87;kWh;-31;317;0;0;348;286
2018-03-07T21:45;2018-03-07T22:00;88;kWh;-12125;0;0;0;12125;-12125
2018-03-07T22:00;2018-03-07T22:15;89;kWh;-5899;30409;0;0;36308;24510
2018-03-07T22:15;2018-03-07T22:30;90;kWh;0;12445;0;0;12445;12445
2018-03-07T22:30;2018-03-07T22:45;91;kWh;-41;179;0;0;220;138
2018-03-07T22:45;2018-03-07T23:00;92;kWh;-4763;0;0;0;4763;-4763
2018-03-07T23:00;2018-03-07T23:15;93;kWh;-1028;0;0;0;1028;-1028
2018-03-07T23:15;2018-03-07T23:30;94;kWh;0;0;0;0;0;0
2018-03-07T23:30;2018-03-07T23:45;95;kWh;-5399;0;0;0;5399;-5399
2018-03-07T23:45;2018-03-08T00:00;96;kWh;-28968;0;0;0;28968;-28968
2018-03-08T00:00;2018-03-08T00:15;1;kWh;-25088;0;0;0;25088;-25088
2018-03-08T00:15;2018-03-08T00:30;2;kWh;-1000;0;0;0;1000;-1000
2018-03-08T00:30;2018-03-08T00:45;3;kWh;-11167;0;0;0;11167;-11167
2018-03-08T00:45;2018-03-08T01:00;4;kWh;-29435;0;0;0;29435;-29435
2018-03-08T01:00;2018-03-08T01:15;5;kWh;-22165;223;0;0;22388;-21942
2018-03-08T01:15;2018-03-08T01:30;6;kWh;-218;440;0;0;658;222
2018-03-08T01:30;2018-03-08T01:45;7;kWh;0;0;0;0;0;0
2018-03-08T01:45;2018-03-08T02:00;8;kWh;0;0;0;0;0;0
2018-03-08T02:00;2018-03-08T02:15;9;kWh;0;10526;0;0;10526;10526
2018-03-08T02:15;2018-03-08T02:30;10;kWh;0;27674;0;0;27674;27674
2018-03-08T02:30;2018-03-08T02:45;11;kWh;0;7015;0;0;7015;7015
2018-03-08T02:45;2018-03-08T03:00;12;kWh;-2941;88;0;0;3029;-2853
2018-03-08T03:00;2018-03-08T03:15;13;kWh;-6985;0;0;0;6985;-6985
2018-03-08T03:15;2018-03-08T03:30;14;kWh;-2104;0;0;0;2104;-2104
2018-03-08T03:30;2018-03-08T03:45;15;kWh;-2796;0;0;0;2796;-2796
2018-03-08T03:45;2018-03-08T04:00;16;kWh;-14007;0;0;0;14007;-14007
2018-03-08T04:00;2018-03-08T04:15;17;kWh;-12716;0;0;0;12716;-12716
2018-03-08T04:15;2018-03-08T04:30;18;kWh;-297;0;0;0;297;-297
2018-03-08T04:30;2018-03-08T04:45;19;kWh;-296;464;0;0;760;168
2018-03-08T04:45;2018-03-08T05:00;20;kWh;0;270;0;0;270;270
2018-03-08T05:00;2018-03-08T05:15;21;kWh;-323;0;0;0;323;-323
2018-03-08T05:15;2018-03-08T05:30;22;kWh;-841;107;0;0;948;-734
2018-03-08T05:30;2018-03-08T05:45;23;kWh;0;14248;0;0;14248;14248
2018-03-08T05:45;2018-03-08T06:00;24;kWh;0;18479;0;0;18479;18479
2018-03-08T06:00;2018-03-08T06:15;25;kWh;-865;4429;0;0;5294;3564
2018-03-08T06:15;2018-03-08T06:30;26;kWh;-88;0;0;0;88;-88
2018-03-08T06:30;2018-03-08T06:45;27;kWh;0;14054;0;0;14054;14054
2018-03-08T06:45;2018-03-08T07:00;28;kWh;0;38274;0;0;38274;38274
2018-03-08T07:00;2018-03-08T07:15;29;kWh;-25508;11695;0;0;37203;-13813
2018-03-08T07:15;2018-03-08T07:30;30;kWh;-2839;37;0;0;2876;-2802
2018-03-08T07:30;2018-03-08T07:45;31;kWh;-366;448;0;0;814;82
2018-03-08T07:45;2018-03-08T08:00;32;kWh;0;28263;0;0;28263;28263
2018-03-08T08:00;2018-03-08T08:15;33;kWh;-418;8501;0;0;8919;8083
2018-03-08T08:15;2018-03-08T08:30;34;kWh;0;462;0;0;462;462
2018-03-08T08:30;2018-03-08T08:45;35;kWh;-56;0;0;0;56;-56
2018-03-08T08:45;2018-03-08T09:00;36;kWh;-2090;0;0;0;2090;-2090
2018-03-08T09:00;2018-03-08T09:15;37;kWh;-1011;0;0;0;1011;-1011
2018-03-08T09:15;2018-03-08T09:30;38;kWh;-1993;0;0;0;1993;-1993
2018-03-08T09:30;2018-03-08T09:45;39;kWh;-2250;0;0;0;2250;-2250
2018-03-08T09:45;2018-03-08T10:00;40;kWh;-2250;0;0;0;2250;-2250
2018-03-08T10:00;2018-03-08T10:15;41;kWh;-452;19809;0;0;20261;19357
2018-03-08T10:15;2018-03-08T10:30;42;kWh;0;30717;0;0;30717;30717
2018-03-08T10:30;2018-03-08T10:45;43;kWh;0;12175;0;0;12175;12175
2018-03-08T10:45;2018-03-08T11:00;44;kWh;0;46407;0;0;46407;46407
2018-03-08T11:00;2018-03-08T11:15;45;kWh;0;40692;0;0;40692;40692
2018-03-08T11:15;2018-03-08T11:30;46;kWh;0;39493;0;0;39493;39493
2018-03-08T11:30;2018-03-08T11:45;47;kWh;0;57710;0;0;57710;57710
2018-03-08T11:45;2018-03-08T12:00;48;kWh;0;57412;0;0;57412;57412
2018-03-08T12:00;2018-03-08T12:15;49;kWh;0;51443;0;0;51443;51443
2018-03-08T12:15;2018-03-08T12:30;50;kWh;-42;39280;0;0;39322;39238
2018-03-08T12:30;2018-03-08T12:45;51;kWh;-18113;237;0;0;18350;-17876
2018-03-08T12:45;2018-03-08T13:00;52;kWh;-25039;0;0;0;25039;-25039
2018-03-08T13:00;2018-03-08T13:15;53;kWh;-20536;2618;0;0;23154;-17918
2018-03-08T13:15;2018-03-08T13:30;54;kWh;-14080;1649;0;0;15729;-12431
2018-03-08T13:30;2018-03-08T13:45;55;kWh;-51828;0;0;0;51828;-51828
2018-03-08T13:45;2018-03-08T14:00;56;kWh;-55636;0;0;0;55636;-55636
2018-03-08T14:00;2018-03-08T14:15;57;kWh;-50616;0;0;0;50616;-50616
2018-03-08T14:15;2018-03-08T14:30;58;kWh;-42349;0;0;0;42349;-42349
2018-03-08T14:30;2018-03-08T14:45;59;kWh;-41363;0;0;0;41363;-41363
2018-03-08T14:45;2018-03-08T15:00;60;kWh;-50678;0;0;0;50678;-50678
2018-03-08T15:00;2018-03-08T15:15;61;kWh;-25464;0;0;0;25464;-25464
2018-03-08T15:15;2018-03-08T15:30;62;kWh;-11556;0;0;0;11556;-11556
2018-03-08T15:30;2018-03-08T15:45;63;kWh;-10825;0;0;0;10825;-10825
2018-03-08T15:45;2018-03-08T16:00;64;kWh;-438;0;0;0;438;-438
2018-03-08T16:00;2018-03-08T16:15;65;kWh;-1635;0;0;0;1635;-1635
2018-03-08T16:15;2018-03-08T16:30;66;kWh;-1762;0;0;0;1762;-1762
2018-03-08T16:30;2018-03-08T16:45;67;kWh;-5897;0;0;0;5897;-5897
2018-03-08T16:45;2018-03-08T17:00;68;kWh;-1676;0;0;0;1676;-1676
2018-03-08T17:00;2018-03-08T17:15;69;kWh;-1920;0;0;0;1920;-1920
2018-03-08T17:15;2018-03-08T17:30;70;kWh;-202;3903;0;0;4105;3701
2018-03-08T17:30;2018-03-08T17:45;71;kWh;0;14207;0;0;14207;14207
2018-03-08T17:45;2018-03-08T18:00;72;kWh;-698;199;0;0;897;-499
2018-03-08T18:00;2018-03-08T18:15;73;kWh;-15293;0;0;0;15293;-15293
2018-03-08T18:15;2018-03-08T18:30;74;kWh;-19788;0;0;0;19788;-19788
2018-03-08T18:30;2018-03-08T18:45;75;kWh;-10846;0;0;0;10846;-10846
2018-03-08T18:45;2018-03-08T19:00;76;kWh;-5133;0;0;0;5133;-5133
2018-03-08T19:00;2018-03-08T19:15;77;kWh;-1120;0;0;0;1120;-1120
2018-03-08T19:15;2018-03-08T19:30;78;kWh;-7634;0;0;0;7634;-7634
2018-03-08T19:30;2018-03-08T19:45;79;kWh;-3061;5222;0;0;8283;2161
2018-03-08T19:45;2018-03-08T20:00;80;kWh;-141;63042;0;0;63183;62901
2018-03-08T20:00;2018-03-08T20:15;81;kWh;0;35681;0;0;38181;38181
2018-03-08T20:15;2018-03-08T20:30;82;kWh;-13567;6771;0;0;20338;-6796
2018-03-08T20:30;2018-03-08T20:45;83;kWh;-20152;0;0;0;20152;-20152
2018-03-08T20:45;2018-03-08T21:00;84;kWh;-31611;0;0;0;31611;-31611
2018-03-08T21:00;2018-03-08T21:15;85;kWh;-18588;985;0;0;19573;-17603
2018-03-08T21:15;2018-03-08T21:30;86;kWh;-15617;1193;0;0;16810;-14424
2018-03-08T21:30;2018-03-08T21:45;87;kWh;-26093;0;0;0;26093;-26093
2018-03-08T21:45;2018-03-08T22:00;88;kWh;-26308;0;0;0;26308;-26308
2018-03-08T22:00;2018-03-08T22:15;89;kWh;-4509;426;0;0;4935;-4083
2018-03-08T22:15;2018-03-08T22:30;90;kWh;-224;1595;0;0;1819;1371
2018-03-08T22:30;2018-03-08T22:45;91;kWh;-5604;0;0;0;5604;-5604
2018-03-08T22:45;2018-03-08T23:00;92;kWh;-33715;0;0;0;33715;-33715
2018-03-08T23:00;2018-03-08T23:15;93;kWh;-18407;0;0;0;18407;-18407
2018-03-08T23:15;2018-03-08T23:30;94;kWh;-25;59;0;0;84;34
2018-03-08T23:30;2018-03-08T23:45;95;kWh;0;0;0;0;0;0
2018-03-08T23:45;2018-03-09T00:00;96;kWh;0;0;0;0;0;0
2018-03-09T00:00;2018-03-09T00:15;1;kWh;0;4927;0;0;4927;4927
2018-03-09T00:15;2018-03-09T00:30;2;kWh;0;23256;0;0;23256;23256
2018-03-09T00:30;2018-03-09T00:45;3;kWh;0;229;0;0;229;229
2018-03-09T00:45;2018-03-09T01:00;4;kWh;-344;0;0;0;344;-344
2018-03-09T01:00;2018-03-09T01:15;5;kWh;-5506;1407;0;0;6913;-4099
2018-03-09T01:15;2018-03-09T01:30;6;kWh;0;11953;0;0;11953;11953
2018-03-09T01:30;2018-03-09T01:45;7;kWh;0;5348;0;0;5348;5348
2018-03-09T01:45;2018-03-09T02:00;8;kWh;0;2154;0;0;2154;2154
2018-03-09T02:00;2018-03-09T02:15;9;kWh;-124;0;0;0;124;-124
2018-03-09T02:15;2018-03-09T02:30;10;kWh;-125;0;0;0;125;-125
2018-03-09T02:30;2018-03-09T02:45;11;kWh;0;1483;0;0;1483;1483
2018-03-09T02:45;2018-03-09T03:00;12;kWh;0;547;0;0;547;547
2018-03-09T03:00;2018-03-09T03:15;13;kWh;0;4633;0;0;4633;4633
2018-03-09T03:15;2018-03-09T03:30;14;kWh;0;21128;0;0;21128;21128
2018-03-09T03:30;2018-03-09T03:45;15;kWh;0;13323;0;0;13323;13323
2018-03-09T03:45;2018-03-09T04:00;16;kWh;0;30409;0;0;30409;30409
2018-03-09T04:00;2018-03-09T04:15;17;kWh;-3065;6758;0;0;9823;3693
2018-03-09T04:15;2018-03-09T04:30;18;kWh;-7001;2552;0;0;9553;-4449
2018-03-09T04:30;2018-03-09T04:45;19;kWh;0;34240;0;0;34240;34240
2018-03-09T04:45;2018-03-09T05:00;20;kWh;0;35586;0;0;35586;35586
2018-03-09T05:00;2018-03-09T05:15;21;kWh;-8307;12379;0;0;20686;4072
2018-03-09T05:15;2018-03-09T05:30;22;kWh;-3992;1792;0;0;5784;-2200
2018-03-09T05:30;2018-03-09T05:45;23;kWh;0;37688;0;0;37688;37688
2018-03-09T05:45;2018-03-09T06:00;24;kWh;-66;30751;0;0;30817;30685
2018-03-09T06:00;2018-03-09T06:15;25;kWh;-3574;2178;0;0;5752;-1396
2018-03-09T06:15;2018-03-09T06:30;26;kWh;-12185;14;0;0;12199;-12171
2018-03-09T06:30;2018-03-09T06:45;27;kWh;-978;22606;0;0;23584;21628
2018-03-09T06:45;2018-03-09T07:00;28;kWh;0;67002;0;0;67002;67002
2018-03-09T07:00;2018-03-09T07:15;29;kWh;-9746;8477;0;0;18223;-1269
2018-03-09T07:15;2018-03-09T07:30;30;kWh;-213;3994;0;0;4207;3781
2018-03-09T07:30;2018-03-09T07:45;31;kWh;0;14858;0;0;14858;14858
2018-03-09T07:45;2018-03-09T08:00;32;kWh;0;73327;0;0;73327;73327
2018-03-09T08:00;2018-03-09T08:15;33;kWh;-2385;33752;0;0;36137;31367
2018-03-09T08:15;2018-03-09T08:30;34;kWh;-2421;0;0;0;2421;-2421
2018-03-09T08:30;2018-03-09T08:45;35;kWh;-738;2535;0;0;3273;1797
2018-03-09T08:45;2018-03-09T09:00;36;kWh;0;36998;0;0;36998;36998
2018-03-09T09:00;2018-03-09T09:15;37;kWh;0;28716;0;0;28716;28716
2018-03-09T09:15;2018-03-09T09:30;38;kWh;-53;3550;0;0;3603;3497
2018-03-09T09:30;2018-03-09T09:45;39;kWh;0;11;0;0;11;11
2018-03-09T09:45;2018-03-09T10:00;40;kWh;-67;0;0;0;67;-67
2018-03-09T10:00;2018-03-09T10:15;41;kWh;-3550;0;0;0;3550;-3550
2018-03-09T10:15;2018-03-09T10:30;42;kWh;-16989;0;0;0;16989;-16989
2018-03-09T10:30;2018-03-09T10:45;43;kWh;-15889;0;0;0;15889;-15889
2018-03-09T10:45;2018-03-09T11:00;44;kWh;-13682;29;0;0;13711;-13653
2018-03-09T11:00;2018-03-09T11:15;45;kWh;-934;21584;0;0;22518;20650
2018-03-09T11:15;2018-03-09T11:30;46;kWh;0;24926;0;0;24926;24926
2018-03-09T11:30;2018-03-09T11:45;47;kWh;-440;3404;0;0;3844;2964
2018-03-09T11:45;2018-03-09T12:00;48;kWh;-287;105;0;0;392;-182
2018-03-09T12:00;2018-03-09T12:15;49;kWh;-1907;0;0;0;1907;-1907
2018-03-09T12:15;2018-03-09T12:30;50;kWh;-3336;0;0;0;3336;-3336
2018-03-09T12:30;2018-03-09T12:45;51;kWh;-2105;0;0;0;2105;-2105
2018-03-09T12:45;2018-03-09T13:00;52;kWh;-2976;0;0;0;2976;-2976
2018-03-09T13:00;2018-03-09T13:15;53;kWh;-4730;0;0;0;4730;-4730
2018-03-09T13:15;2018-03-09T13:30;54;kWh;-4524;0;0;0;4524;-4524
2018-03-09T13:30;2018-03-09T13:45;55;kWh;-2341;0;0;0;2341;-2341
2018-03-09T13:45;2018-03-09T14:00;56;kWh;-1726;0;0;0;1726;-1726
2018-03-09T14:00;2018-03-09T14:15;57;kWh;-1147;0;0;0;1147;-1147
2018-03-09T14:15;2018-03-09T14:30;58;kWh;-2150;0;0;0;2150;-2150
2018-03-09T14:30;2018-03-09T14:45;59;kWh;-2033;0;0;0;2033;-2033
2018-03-09T14:45;2018-03-09T15:00;60;kWh;-2844;0;0;0;2844;-2844
2018-03-09T15:00;2018-03-09T15:15;61;kWh;-2535;0;0;0;2535;-2535
2018-03-09T15:15;2018-03-09T15:30;62;kWh;-2566;0;0;0;2566;-2566
2018-03-09T15:30;2018-03-09T15:45;63;kWh;-2306;0;0;0;2306;-2306
2018-03-09T15:45;2018-03-09T16:00;64;kWh;-1631;0;0;0;1631;-1631
2018-03-09T16:00;2018-03-09T16:15;65;kWh;-868;0;0;0;868;-868
2018-03-09T16:15;2018-03-09T16:30;66;kWh;-2521;0;0;0;2521;-2521
2018-03-09T16:30;2018-03-09T16:45;67;kWh;-1939;7;0;0;1946;-1932
2018-03-09T16:45;2018-03-09T17:00;68;kWh;-101;6466;0;0;6567;6365
2018-03-09T17:00;2018-03-09T17:15;69;kWh;0;6984;0;0;6984;6984
2018-03-09T17:15;2018-03-09T17:30;70;kWh;0;33532;0;0;33532;33532
2018-03-09T17:30;2018-03-09T17:45;71;kWh;0;21320;0;0;21320;21320
2018-03-09T17:45;2018-03-09T18:00;72;kWh;0;5852;0;0;5852;5852
2018-03-09T18:00;2018-03-09T18:15;73;kWh;-2259;6107;0;0;8366;3848
2018-03-09T18:15;2018-03-09T18:30;74;kWh;-5240;0;0;0;5240;-5240
2018-03-09T18:30;2018-03-09T18:45;75;kWh;-500;0;0;0;500;-500
2018-03-09T18:45;2018-03-09T19:00;76;kWh;-17;2404;0;0;2421;2387
2018-03-09T19:00;2018-03-09T19:15;77;kWh;0;1689;0;0;1689;1689
2018-03-09T19:15;2018-03-09T19:30;78;kWh;-243;0;0;0;243;-243
2018-03-09T19:30;2018-03-09T19:45;79;kWh;-8248;0;0;0;8248;-8248
2018-03-09T19:45;2018-03-09T20:00;80;kWh;-25389;0;0;0;25389;-25389
2018-03-09T20:00;2018-03-09T20:15;81;kWh;-8465;228;0;0;8693;-8237
2018-03-09T20:15;2018-03-09T20:30;82;kWh;-7542;152;0;0;7694;-7390
2018-03-09T20:30;2018-03-09T20:45;83;kWh;-22181;0;0;0;22181;-22181
2018-03-09T20:45;2018-03-09T21:00;84;kWh;-35912;0;0;0;35912;-35912
2018-03-09T21:00;2018-03-09T21:15;85;kWh;-14628;246;0;0;14874;-14382
2018-03-09T21:15;2018-03-09T21:30;86;kWh;-111;4393;0;0;4504;4282
2018-03-09T21:30;2018-03-09T21:45;87;kWh;-303;0;0;0;303;-303
2018-03-09T21:45;2018-03-09T22:00;88;kWh;-197;0;0;0;197;-197
2018-03-09T22:00;2018-03-09T22:15;89;kWh;-5064;0;0;0;5064;-5064
2018-03-09T22:15;2018-03-09T22:30;90;kWh;-1285;0;0;0;1285;-1285
2018-03-09T22:30;2018-03-09T22:45;91;kWh;-803;0;0;0;803;-803
2018-03-09T22:45;2018-03-09T23:00;92;kWh;-29;0;0;0;29;-29
2018-03-09T23:00;2018-03-09T23:15;93;kWh;-21;0;0;0;21;-21
2018-03-09T23:15;2018-03-09T23:30;94;kWh;0;0;0;0;0;0
2018-03-09T23:30;2018-03-09T23:45;95;kWh;-523;0;0;0;523;-523
2018-03-09T23:45;2018-03-10T00:00;96;kWh;-15467;0;0;0;15467;-15467
2018-03-10T00:00;2018-03-10T00:15;1;kWh;-21728;7;0;0;21735;-21721
2018-03-10T00:15;2018-03-10T00:30;2;kWh;-272;843;0;0;1115;571
2018-03-10T00:30;2018-03-10T00:45;3;kWh;-5470;0;0;0;5470;-5470
2018-03-10T00:45;2018-03-10T01:00;4;kWh;-5365;0;0;0;5365;-5365
2018-03-10T01:00;2018-03-10T01:15;5;kWh;-6256;0;0;0;6256;-6256
2018-03-10T01:15;2018-03-10T01:30;6;kWh;-945;0;0;0;945;-945
2018-03-10T01:30;2018-03-10T01:45;7;kWh;-2227;0;0;0;2227;-2227
2018-03-10T01:45;2018-03-10T02:00;8;kWh;-1528;0;0;0;1528;-1528
2018-03-10T02:00;2018-03-10T02:15;9;kWh;-1562;0;0;0;1562;-1562
2018-03-10T02:15;2018-03-10T02:30;10;kWh;-2143;0;0;0;2143;-2143
2018-03-10T02:30;2018-03-10T02:45;11;kWh;-2470;0;0;0;2470;-2470
2018-03-10T02:45;2018-03-10T03:00;12;kWh;-9258;0;0;0;9258;-9258
2018-03-10T03:00;2018-03-10T03:15;13;kWh;-5745;11;0;0;5756;-5734
2018-03-10T03:15;2018-03-10T03:30;14;kWh;-8;111;0;0;119;103
2018-03-10T03:30;2018-03-10T03:45;15;kWh;-2141;0;0;0;2141;-2141
2018-03-10T03:45;2018-03-10T04:00;16;kWh;-4221;0;0;0;4221;-4221
2018-03-10T04:00;2018-03-10T04:15;17;kWh;-4707;0;0;0;4707;-4707
2018-03-10T04:15;2018-03-10T04:30;18;kWh;-336;0;0;0;336;-336
2018-03-10T04:30;2018-03-10T04:45;19;kWh;-74;0;0;0;74;-74
2018-03-10T04:45;2018-03-10T05:00;20;kWh;0;0;0;0;0;0
2018-03-10T05:00;2018-03-10T05:15;21;kWh;0;0;0;0;0;0
2018-03-10T05:15;2018-03-10T05:30;22;kWh;0;14;0;0;14;14
2018-03-10T05:30;2018-03-10T05:45;23;kWh;0;0;0;0;0;0
2018-03-10T05:45;2018-03-10T06:00;24;kWh;-237;0;0;0;237;-237
2018-03-10T06:00;2018-03-10T06:15;25;kWh;-2307;0;0;0;2307;-2307
2018-03-10T06:15;2018-03-10T06:30;26;kWh;-1588;0;0;0;1588;-1588
2018-03-10T06:30;2018-03-10T06:45;27;kWh;-515;0;0;0;515;-515
2018-03-10T06:45;2018-03-10T07:00;28;kWh;-1700;0;0;0;1700;-1700
2018-03-10T07:00;2018-03-10T07:15;29;kWh;-1048;0;0;0;1048;-1048
2018-03-10T07:15;2018-03-10T07:30;30;kWh;-385;0;0;0;385;-385
2018-03-10T07:30;2018-03-10T07:45;31;kWh;-2244;0;0;0;2244;-2244
2018-03-10T07:45;2018-03-10T08:00;32;kWh;-1688;0;0;0;1688;-1688
2018-03-10T08:00;2018-03-10T08:15;33;kWh;-10074;0;0;0;10074;-10074
2018-03-10T08:15;2018-03-10T08:30;34;kWh;-23165;0;0;0;23165;-23165
2018-03-10T08:30;2018-03-10T08:45;35;kWh;-908;0;0;0;908;-908
2018-03-10T08:45;2018-03-10T09:00;36;kWh;0;0;0;0;0;0
2018-03-10T09:00;2018-03-10T09:15;37;kWh;-1117;0;0;0;1117;-1117
2018-03-10T09:15;2018-03-10T09:30;38;kWh;-2798;0;0;0;2798;-2798
2018-03-10T09:30;2018-03-10T09:45;39;kWh;-2677;0;0;0;2677;-2677
2018-03-10T09:45;2018-03-10T10:00;40;kWh;-2247;0;0;0;2247;-2247
2018-03-10T10:00;2018-03-10T10:15;41;kWh;-1961;0;0;0;1961;-1961
2018-03-10T10:15;2018-03-10T10:30;42;kWh;-7245;0;0;0;7245;-7245
2018-03-10T10:30;2018-03-10T10:45;43;kWh;-34720;0;0;0;34720;-34720
2018-03-10T10:45;2018-03-10T11:00;44;kWh;-60941;0;0;0;60941;-60941
2018-03-10T11:00;2018-03-10T11:15;45;kWh;-65638;0;0;0;65638;-65638
2018-03-10T11:15;2018-03-10T11:30;46;kWh;-32073;0;0;0;32073;-32073
2018-03-10T11:30;2018-03-10T11:45;47;kWh;-11098;0;0;0;11098;-11098
2018-03-10T11:45;2018-03-10T12:00;48;kWh;-16172;0;0;0;16172;-16172
2018-03-10T12:00;2018-03-10T12:15;49;kWh;-1466;5564;0;0;7030;4098
2018-03-10T12:15;2018-03-10T12:30;50;kWh;-104;7852;0;0;7956;7748
2018-03-10T12:30;2018-03-10T12:45;51;kWh;-2112;14;0;0;2126;-2098
2018-03-10T12:45;2018-03-10T13:00;52;kWh;-5667;0;0;0;5667;-5667
2018-03-10T13:00;2018-03-10T13:15;53;kWh;-3611;0;0;0;3611;-3611
2018-03-10T13:15;2018-03-10T13:30;54;kWh;-763;0;0;0;763;-763
2018-03-10T13:30;2018-03-10T13:45;55;kWh;-2762;0;0;0;2762;-2762
2018-03-10T13:45;2018-03-10T14:00;56;kWh;-2683;0;0;0;2683;-2683
2018-03-10T14:00;2018-03-10T14:15;57;kWh;-3715;0;0;0;3715;-3715
2018-03-10T14:15;2018-03-10T14:30;58;kWh;-2003;0;0;0;2003;-2003
2018-03-10T14:30;2018-03-10T14:45;59;kWh;0;8981;0;0;8981;8981
2018-03-10T14:45;2018-03-10T15:00;60;kWh;0;16705;0;0;16705;16705
2018-03-10T15:00;2018-03-10T15:15;61;kWh;-86;382;0;0;468;296
2018-03-10T15:15;2018-03-10T15:30;62;kWh;-1461;0;0;0;1461;-1461
2018-03-10T15:30;2018-03-10T15:45;63;kWh;-964;0;0;0;964;-964
2018-03-10T15:45;2018-03-10T16:00;64;kWh;0;2584;0;0;2584;2584
2018-03-10T16:00;2018-03-10T16:15;65;kWh;-1387;125;0;0;1512;-1262
2018-03-10T16:15;2018-03-10T16:30;66;kWh;-975;0;0;0;975;-975
2018-03-10T16:30;2018-03-10T16:45;67;kWh;-1911;0;0;0;1911;-1911
2018-03-10T16:45;2018-03-10T17:00;68;kWh;-236;173;0;0;409;-63
2018-03-10T17:00;2018-03-10T17:15;69;kWh;-14660;173;0;0;14833;-14487
2018-03-10T17:15;2018-03-10T17:30;70;kWh;-4504;232;0;0;4736;-4272
2018-03-10T17:30;2018-03-10T17:45;71;kWh;0;4579;0;0;4579;4579
2018-03-10T17:45;2018-03-10T18:00;72;kWh;-96;20057;0;0;20153;19961
2018-03-10T18:00;2018-03-10T18:15;73;kWh;-34424;1941;0;0;36365;-32483
2018-03-10T18:15;2018-03-10T18:30;74;kWh;-18781;0;0;0;18781;-18781
2018-03-10T18:30;2018-03-10T18:45;75;kWh;-3627;0;0;0;3627;-3627
2018-03-10T18:45;2018-03-10T19:00;76;kWh;-407;0;0;0;407;-407
2018-03-10T19:00;2018-03-10T19:15;77;kWh;-27800;0;0;0;27800;-27800
2018-03-10T19:15;2018-03-10T19:30;78;kWh;-37847;0;0;0;37847;-37847
2018-03-10T19:30;2018-03-10T19:45;79;kWh;-43964;0;0;0;43964;-43964
2018-03-10T19:45;2018-03-10T20:00;80;kWh;-17754;0;0;0;17754;-17754
2018-03-10T20:00;2018-03-10T20:15;81;kWh;-18543;0;0;0;18543;-18543
2018-03-10T20:15;2018-03-10T20:30;82;kWh;-217;0;0;0;217;-217
2018-03-10T20:30;2018-03-10T20:45;83;kWh;-6453;0;0;0;6453;-6453
2018-03-10T20:45;2018-03-10T21:00;84;kWh;-30798;0;0;0;30798;-30798
2018-03-10T21:00;2018-03-10T21:15;85;kWh;-2641;221;0;0;2862;-2420
2018-03-10T21:15;2018-03-10T21:30;86;kWh;-4268;0;0;0;4268;-4268
2018-03-10T21:30;2018-03-10T21:45;87;kWh;-18984;0;0;0;18984;-18984
2018-03-10T21:45;2018-03-10T22:00;88;kWh;-30081;0;0;0;30081;-30081
2018-03-10T22:00;2018-03-10T22:15;89;kWh;-16277;2260;0;0;18537;-14017
2018-03-10T22:15;2018-03-10T22:30;90;kWh;-5926;60;0;0;5986;-5866
2018-03-10T22:30;2018-03-10T22:45;91;kWh;-16592;0;0;0;16592;-16592
2018-03-10T22:45;2018-03-10T23:00;92;kWh;-11213;0;0;0;11213;-11213
2018-03-10T23:00;2018-03-10T23:15;93;kWh;-15620;1715;0;0;17335;-13905
2018-03-10T23:15;2018-03-10T23:30;94;kWh;-3127;2978;0;0;6105;-149
2018-03-10T23:30;2018-03-10T23:45;95;kWh;-31971;0;0;0;31971;-31971
2018-03-10T23:45;2018-03-11T00:00;96;kWh;-31665;0;0;0;31665;-31665
2018-03-11T00:00;2018-03-11T00:15;1;kWh;-26656;0;0;0;26656;-26656
2018-03-11T00:15;2018-03-11T00:30;2;kWh;-7918;0;0;0;7918;-7918
2018-03-11T00:30;2018-03-11T00:45;3;kWh;-41919;0;0;0;41919;-41919
2018-03-11T00:45;2018-03-11T01:00;4;kWh;-46101;0;0;0;46101;-46101
2018-03-11T01:00;2018-03-11T01:15;5;kWh;-29218;0;0;0;29218;-29218
2018-03-11T01:15;2018-03-11T01:30;6;kWh;-8254;0;0;0;8254;-8254
2018-03-11T01:30;2018-03-11T01:45;7;kWh;-28758;0;0;0;28758;-28758
2018-03-11T01:45;2018-03-11T02:00;8;kWh;-31283;0;0;0;31283;-31283
2018-03-11T02:00;2018-03-11T02:15;9;kWh;-19089;46;0;0;19135;-19043
2018-03-11T02:15;2018-03-11T02:30;10;kWh;-13;195;0;0;208;182
2018-03-11T02:30;2018-03-11T02:45;11;kWh;-496;0;0;0;496;-496
2018-03-11T02:45;2018-03-11T03:00;12;kWh;-7075;0;0;0;7075;-7075
2018-03-11T03:00;2018-03-11T03:15;13;kWh;-23457;0;0;0;23457;-23457
2018-03-11T03:15;2018-03-11T03:30;14;kWh;-17487;0;0;0;17487;-17487
2018-03-11T03:30;2018-03-11T03:45;15;kWh;-23800;0;0;0;23800;-23800
2018-03-11T03:45;2018-03-11T04:00;16;kWh;-33725;0;0;0;33725;-33725
2018-03-11T04:00;2018-03-11T04:15;17;kWh;-10089;582;0;0;10671;-9507
2018-03-11T04:15;2018-03-11T04:30;18;kWh;-9246;0;0;0;9246;-9246
2018-03-11T04:30;2018-03-11T04:45;19;kWh;-24513;0;0;0;24513;-24513
2018-03-11T04:45;2018-03-11T05:00;20;kWh;-27825;0;0;0;27825;-27825
2018-03-11T05:00;2018-03-11T05:15;21;kWh;-28278;0;0;0;28278;-28278
2018-03-11T05:15;2018-03-11T05:30;22;kWh;-34626;0;0;0;34626;-34626
2018-03-11T05:30;2018-03-11T05:45;23;kWh;-20237;0;0;0;20237;-20237
2018-03-11T05:45;2018-03-11T06:00;24;kWh;-27929;0;0;0;27929;-27929
2018-03-11T06:00;2018-03-11T06:15;25;kWh;-14878;0;0;0;14878;-14878
2018-03-11T06:15;2018-03-11T06:30;26;kWh;-68;0;0;0;68;-68
2018-03-11T06:30;2018-03-11T06:45;27;kWh;-1626;0;0;0;1626;-1626
2018-03-11T06:45;2018-03-11T07:00;28;kWh;-2955;0;0;0;2955;-2955
2018-03-11T07:00;2018-03-11T07:15;29;kWh;-19485;0;0;0;19485;-19485
2018-03-11T07:15;2018-03-11T07:30;30;kWh;-19393;0;0;0;19393;-19393
2018-03-11T07:30;2018-03-11T07:45;31;kWh;-603;0;0;0;603;-603
2018-03-11T07:45;2018-03-11T08:00;32;kWh;-671;0;0;0;671;-671
2018-03-11T08:00;2018-03-11T08:15;33;kWh;-26509;0;0;0;26509;-26509
2018-03-11T08:15;2018-03-11T08:30;34;kWh;-19726;0;0;0;19726;-19726
2018-03-11T08:30;2018-03-11T08:45;35;kWh;-4090;0;0;0;4090;-4090
2018-03-11T08:45;2018-03-11T09:00;36;kWh;-2449;0;0;0;2449;-2449
2018-03-11T09:00;2018-03-11T09:15;37;kWh;-3525;0;0;0;3525;-3525
2018-03-11T09:15;2018-03-11T09:30;38;kWh;-1665;0;0;0;1665;-1665
2018-03-11T09:30;2018-03-11T09:45;39;kWh;0;4689;0;0;4689;4689
2018-03-11T09:45;2018-03-11T10:00;40;kWh;0;20985;0;0;20985;20985
2018-03-11T10:00;2018-03-11T10:15;41;kWh;0;41265;0;0;41265;41265
2018-03-11T10:15;2018-03-11T10:30;42;kWh;0;32334;0;0;32334;32334
2018-03-11T10:30;2018-03-11T10:45;43;kWh;-153;1990;0;0;2143;1837
2018-03-11T10:45;2018-03-11T11:00;44;kWh;0;9990;0;0;9990;9990
2018-03-11T11:00;2018-03-11T11:15;45;kWh;-690;8008;0;0;8698;7318
2018-03-11T11:15;2018-03-11T11:30;46;kWh;-452;185;0;0;637;-267
2018-03-11T11:30;2018-03-11T11:45;47;kWh;-1855;0;0;0;1855;-1855
2018-03-11T11:45;2018-03-11T12:00;48;kWh;-3974;0;0;0;3974;-3974
2018-03-11T12:00;2018-03-11T12:15;49;kWh;-14004;0;0;0;14004;-14004
2018-03-11T12:15;2018-03-11T12:30;50;kWh;-23835;0;0;0;23835;-23835
2018-03-11T12:30;2018-03-11T12:45;51;kWh;-20642;0;0;0;20642;-20642
2018-03-11T12:45;2018-03-11T13:00;52;kWh;-12826;0;0;0;12826;-12826
2018-03-11T13:00;2018-03-11T13:15;53;kWh;-27801;0;0;0;27801;-27801
2018-03-11T13:15;2018-03-11T13:30;54;kWh;-20913;0;0;0;20913;-20913
2018-03-11T13:30;2018-03-11T13:45;55;kWh;-55976;0;0;0;55976;-55976
2018-03-11T13:45;2018-03-11T14:00;56;kWh;-47717;0;0;0;47717;-47717
2018-03-11T14:00;2018-03-11T14:15;57;kWh;-49309;0;0;0;49309;-49309
2018-03-11T14:15;2018-03-11T14:30;58;kWh;-9469;866;0;0;10335;-8603
2018-03-11T14:30;2018-03-11T14:45;59;kWh;-17406;0;0;0;17406;-17406
2018-03-11T14:45;2018-03-11T15:00;60;kWh;-6344;0;0;0;6344;-6344
2018-03-11T15:00;2018-03-11T15:15;61;kWh;-26160;0;0;0;26160;-26160
2018-03-11T15:15;2018-03-11T15:30;62;kWh;-25235;0;0;0;25235;-25235
2018-03-11T15:30;2018-03-11T15:45;63;kWh;-44063;0;0;0;44063;-44063
2018-03-11T15:45;2018-03-11T16:00;64;kWh;-20828;0;0;0;20828;-20828
2018-03-11T16:00;2018-03-11T16:15;65;kWh;-11676;0;0;0;11676;-11676
2018-03-11T16:15;2018-03-11T16:30;66;kWh;-14800;0;0;0;14800;-14800
2018-03-11T16:30;2018-03-11T16:45;67;kWh;-7398;1445;0;0;8843;-5953
2018-03-11T16:45;2018-03-11T17:00;68;kWh;-390;33112;0;0;33502;32722
2018-03-11T17:00;2018-03-11T17:15;69;kWh;-7598;14395;0;0;21993;6797
2018-03-11T17:15;2018-03-11T17:30;70;kWh;-37604;1223;0;0;38827;-36381
2018-03-11T17:30;2018-03-11T17:45;71;kWh;-60;33092;0;0;33152;33032
2018-03-11T17:45;2018-03-11T18:00;72;kWh;-169;13203;0;0;13372;13034
2018-03-11T18:00;2018-03-11T18:15;73;kWh;-25219;136;0;0;25355;-25083
2018-03-11T18:15;2018-03-11T18:30;74;kWh;-38892;0;0;0;38892;-38892
2018-03-11T18:30;2018-03-11T18:45;75;kWh;-4222;0;0;0;4222;-4222
2018-03-11T18:45;2018-03-11T19:00;76;kWh;0;1378;0;0;1378;1378
2018-03-11T19:00;2018-03-11T19:15;77;kWh;0;47644;0;0;47644;47644
2018-03-11T19:15;2018-03-11T19:30;78;kWh;0;45502;0;0;45502;45502
2018-03-11T19:30;2018-03-11T19:45;79;kWh;-927;4465;0;0;5392;3538
2018-03-11T19:45;2018-03-11T20:00;80;kWh;0;8409;0;0;8409;8409
2018-03-11T20:00;2018-03-11T20:15;81;kWh;0;25942;0;0;25942;25942
2018-03-11T20:15;2018-03-11T20:30;82;kWh;-424;5790;0;0;6214;5366
2018-03-11T20:30;2018-03-11T20:45;83;kWh;-13594;0;0;0;13594;-13594
2018-03-11T20:45;2018-03-11T21:00;84;kWh;-20716;0;0;0;20716;-20716
2018-03-11T21:00;2018-03-11T21:15;85;kWh;-20225;3894;0;0;24119;-16331
2018-03-11T21:15;2018-03-11T21:30;86;kWh;-3;3591;0;0;3594;3588
2018-03-11T21:30;2018-03-11T21:45;87;kWh;-787;0;0;0;787;-787
2018-03-11T21:45;2018-03-11T22:00;88;kWh;-8878;0;0;0;8878;-8878
2018-03-11T22:00;2018-03-11T22:15;89;kWh;-3412;0;0;0;3412;-3412
2018-03-11T22:15;2018-03-11T22:30;90;kWh;-1068;0;0;0;1068;-1068
2018-03-11T22:30;2018-03-11T22:45;91;kWh;-4722;0;0;0;4722;-4722
2018-03-11T22:45;2018-03-11T23:00;92;kWh;-7588;0;0;0;7588;-7588
2018-03-11T23:00;2018-03-11T23:15;93;kWh;-1428;0;0;0;1428;-1428
2018-03-11T23:15;2018-03-11T23:30;94;kWh;-6635;0;0;0;6635;-6635
2018-03-11T23:30;2018-03-11T23:45;95;kWh;-18016;0;0;0;18016;-18016
2018-03-11T23:45;2018-03-12T00:00;96;kWh;-27697;0;0;0;27697;-27697
2018-03-12T00:00;2018-03-12T00:15;1;kWh;-32763;0;0;0;32763;-32763
2018-03-12T00:15;2018-03-12T00:30;2;kWh;-31097;0;0;0;31097;-31097
2018-03-12T00:30;2018-03-12T00:45;3;kWh;-48336;0;0;0;48336;-48336
2018-03-12T00:45;2018-03-12T01:00;4;kWh;-50645;0;0;0;50645;-50645
2018-03-12T01:00;2018-03-12T01:15;5;kWh;-27411;0;0;0;27411;-27411
2018-03-12T01:15;2018-03-12T01:30;6;kWh;-4495;0;0;0;4495;-4495
2018-03-12T01:30;2018-03-12T01:45;7;kWh;-22170;0;0;0;22170;-22170
2018-03-12T01:45;2018-03-12T02:00;8;kWh;-1568;0;0;0;1568;-1568
2018-03-12T02:00;2018-03-12T02:15;9;kWh;-1156;0;0;0;1156;-1156
2018-03-12T02:15;2018-03-12T02:30;10;kWh;-2769;0;0;0;2769;-2769
2018-03-12T02:30;2018-03-12T02:45;11;kWh;-2653;0;0;0;2653;-2653
2018-03-12T02:45;2018-03-12T03:00;12;kWh;-2155;0;0;0;2155;-2155
2018-03-12T03:00;2018-03-12T03:15;13;kWh;-1058;0;0;0;1058;-1058
2018-03-12T03:15;2018-03-12T03:30;14;kWh;-469;0;0;0;469;-469
2018-03-12T03:30;2018-03-12T03:45;15;kWh;-5877;0;0;0;5877;-5877
2018-03-12T03:45;2018-03-12T04:00;16;kWh;-6102;0;0;0;6102;-6102
2018-03-12T04:00;2018-03-12T04:15;17;kWh;-5692;0;0;0;5692;-5692
2018-03-12T04:15;2018-03-12T04:30;18;kWh;-1813;0;0;0;1813;-1813
2018-03-12T04:30;2018-03-12T04:45;19;kWh;-7039;0;0;0;7039;-7039
2018-03-12T04:45;2018-03-12T05:00;20;kWh;-4798;0;0;0;4798;-4798
2018-03-12T05:00;2018-03-12T05:15;21;kWh;-16155;0;0;0;16155;-16155
2018-03-12T05:15;2018-03-12T05:30;22;kWh;-17989;0;0;0;17989;-17989
2018-03-12T05:30;2018-03-12T05:45;23;kWh;-23621;0;0;0;23621;-23621
2018-03-12T05:45;2018-03-12T06:00;24;kWh;-31079;0;0;0;31079;-31079
2018-03-12T06:00;2018-03-12T06:15;25;kWh;-21421;0;0;0;21421;-21421
2018-03-12T06:15;2018-03-12T06:30;26;kWh;-3466;0;0;0;3466;-3466
2018-03-12T06:30;2018-03-12T06:45;27;kWh;-297;1018;0;0;1315;721
2018-03-12T06:45;2018-03-12T07:00;28;kWh;0;7246;0;0;7246;7246
2018-03-12T07:00;2018-03-12T07:15;29;kWh;-28387;1331;0;0;29718;-27056
2018-03-12T07:15;2018-03-12T07:30;30;kWh;-17395;0;0;0;17395;-17395
2018-03-12T07:30;2018-03-12T07:45;31;kWh;-670;4407;0;0;5077;3737
2018-03-12T07:45;2018-03-12T08:00;32;kWh;0;49237;0;0;49237;49237
2018-03-12T08:00;2018-03-12T08:15;33;kWh;-1423;20705;0;0;22128;19282
2018-03-12T08:15;2018-03-12T08:30;34;kWh;-72;0;0;0;72;-72
2018-03-12T08:30;2018-03-12T08:45;35;kWh;-1310;0;0;0;1310;-1310
2018-03-12T08:45;2018-03-12T09:00;36;kWh;-1227;0;0;0;1227;-1227
2018-03-12T09:00;2018-03-12T09:15;37;kWh;-373;0;0;0;373;-373
2018-03-12T09:15;2018-03-12T09:30;38;kWh;-144;0;0;0;144;-144
2018-03-12T09:30;2018-03-12T09:45;39;kWh;-2608;0;0;0;2608;-2608
2018-03-12T09:45;2018-03-12T10:00;40;kWh;-3588;0;0;0;3588;-3588
2018-03-12T10:00;2018-03-12T10:15;41;kWh;-2139;0;0;0;2139;-2139
2018-03-12T10:15;2018-03-12T10:30;42;kWh;-2485;0;0;0;2485;-2485
2018-03-12T10:30;2018-03-12T10:45;43;kWh;-1068;0;0;0;1068;-1068
2018-03-12T10:45;2018-03-12T11:00;44;kWh;-9135;0;0;0;9135;-9135
2018-03-12T11:00;2018-03-12T11:15;45;kWh;-13789;0;0;0;13789;-13789
2018-03-12T11:15;2018-03-12T11:30;46;kWh;-1320;0;0;0;1320;-1320
2018-03-12T11:30;2018-03-12T11:45;47;kWh;-2668;0;0;0;2668;-2668
2018-03-12T11:45;2018-03-12T12:00;48;kWh;-3437;0;0;0;3437;-3437
2018-03-12T12:00;2018-03-12T12:15;49;kWh;-9973;0;0;0;9973;-9973
2018-03-12T12:15;2018-03-12T12:30;50;kWh;-12311;0;0;0;12311;-12311
2018-03-12T12:30;2018-03-12T12:45;51;kWh;-3156;0;0;0;3156;-3156
2018-03-12T12:45;2018-03-12T13:00;52;kWh;-2733;0;0;0;2733;-2733
2018-03-12T13:00;2018-03-12T13:15;53;kWh;-330;9849;0;0;10179;9519
2018-03-12T13:15;2018-03-12T13:30;54;kWh;0;45851;0;0;45851;45851
2018-03-12T13:30;2018-03-12T13:45;55;kWh;0;36395;0;0;36395;36395
2018-03-12T13:45;2018-03-12T14:00;56;kWh;-133;1891;0;0;2024;1758
2018-03-12T14:00;2018-03-12T14:15;57;kWh;-875;0;0;0;875;-875
2018-03-12T14:15;2018-03-12T14:30;58;kWh;-1992;0;0;0;1992;-1992
2018-03-12T14:30;2018-03-12T14:45;59;kWh;-2968;0;0;0;2968;-2968
2018-03-12T14:45;2018-03-12T15:00;60;kWh;-3347;0;0;0;3347;-3347
2018-03-12T15:00;2018-03-12T15:15;61;kWh;-19077;0;0;0;19077;-19077
2018-03-12T15:15;2018-03-12T15:30;62;kWh;-13946;0;0;0;13946;-13946
2018-03-12T15:30;2018-03-12T15:45;63;kWh;-5264;0;0;0;5264;-5264
2018-03-12T15:45;2018-03-12T16:00;64;kWh;-9135;0;0;0;9135;-9135
2018-03-12T16:00;2018-03-12T16:15;65;kWh;-18837;0;0;0;18837;-18837
2018-03-12T16:15;2018-03-12T16:30;66;kWh;-7278;0;0;0;7278;-7278
2018-03-12T16:30;2018-03-12T16:45;67;kWh;-23651;0;0;0;23651;-23651
2018-03-12T16:45;2018-03-12T17:00;68;kWh;-915;0;0;0;915;-915
2018-03-12T17:00;2018-03-12T17:15;69;kWh;-513;0;0;0;513;-513
2018-03-12T17:15;2018-03-12T17:30;70;kWh;-14;0;0;0;14;-14
2018-03-12T17:30;2018-03-12T17:45;71;kWh;-1218;0;0;0;1218;-1218
2018-03-12T17:45;2018-03-12T18:00;72;kWh;-1480;0;0;0;1480;-1480
2018-03-12T18:00;2018-03-12T18:15;73;kWh;-29797;0;0;0;29797;-29797
2018-03-12T18:15;2018-03-12T18:30;74;kWh;-24628;0;0;0;24628;-24628
2018-03-12T18:30;2018-03-12T18:45;75;kWh;-13815;0;0;0;13815;-13815
2018-03-12T18:45;2018-03-12T19:00;76;kWh;-1978;0;0;0;1978;-1978
2018-03-12T19:00;2018-03-12T19:15;77;kWh;0;7639;0;0;7639;7639
2018-03-12T19:15;2018-03-12T19:30;78;kWh;0;9657;0;0;9657;9657
2018-03-12T19:30;2018-03-12T19:45;79;kWh;0;3360;0;0;3360;3360
2018-03-12T19:45;2018-03-12T20:00;80;kWh;0;6;0;0;6;6
2018-03-12T20:00;2018-03-12T20:15;81;kWh;0;29021;0;0;29021;29021
2018-03-12T20:15;2018-03-12T20:30;82;kWh;-218;22269;0;0;22487;22051
2018-03-12T20:30;2018-03-12T20:45;83;kWh;-26121;589;0;0;26710;-25532
2018-03-12T20:45;2018-03-12T21:00;84;kWh;-31162;0;0;0;31162;-31162
2018-03-12T21:00;2018-03-12T21:15;85;kWh;-20869;2249;0;0;23118;-18620
2018-03-12T21:15;2018-03-12T21:30;86;kWh;-364;195;0;0;559;-169
2018-03-12T21:30;2018-03-12T21:45;87;kWh;-1807;0;0;0;1807;-1807
2018-03-12T21:45;2018-03-12T22:00;88;kWh;-23227;0;0;0;23227;-23227
2018-03-12T22:00;2018-03-12T22:15;89;kWh;-22732;0;0;0;22732;-22732
2018-03-12T22:15;2018-03-12T22:30;90;kWh;-2330;0;0;0;2330;-2330
2018-03-12T22:30;2018-03-12T22:45;91;kWh;-4534;0;0;0;4534;-4534
2018-03-12T22:45;2018-03-12T23:00;92;kWh;-28576;0;0;0;28576;-28576
2018-03-12T23:00;2018-03-12T23:15;93;kWh;-7830;11867;0;0;19697;4037
2018-03-12T23:15;2018-03-12T23:30;94;kWh;0;18028;0;0;18028;18028
2018-03-12T23:30;2018-03-12T23:45;95;kWh;0;4256;0;0;4256;4256
2018-03-12T23:45;2018-03-13T00:00;96;kWh;0;14289;0;0;14289;14289
2018-03-13T00:00;2018-03-13T00:15;1;kWh;-1992;4855;0;0;6847;2863
2018-03-13T00:15;2018-03-13T00:30;2;kWh;-137;1254;0;0;1391;1117
2018-03-13T00:30;2018-03-13T00:45;3;kWh;-4499;0;0;0;4499;-4499
2018-03-13T00:45;2018-03-13T01:00;4;kWh;-37372;0;0;0;37372;-37372
2018-03-13T01:00;2018-03-13T01:15;5;kWh;-38559;0;0;0;38559;-38559
2018-03-13T01:15;2018-03-13T01:30;6;kWh;-11134;0;0;0;11134;-11134
2018-03-13T01:30;2018-03-13T01:45;7;kWh;-36134;0;0;0;36134;-36134
2018-03-13T01:45;2018-03-13T02:00;8;kWh;-59043;0;0;0;59043;-59043
2018-03-13T02:00;2018-03-13T02:15;9;kWh;-47908;0;0;0;47908;-47908
2018-03-13T02:15;2018-03-13T02:30;10;kWh;-8872;0;0;0;8872;-8872
2018-03-13T02:30;2018-03-13T02:45;11;kWh;-49297;0;0;0;49297;-49297
2018-03-13T02:45;2018-03-13T03:00;12;kWh;-58468;0;0;0;58468;-58468
2018-03-13T03:00;2018-03-13T03:15;13;kWh;-40973;0;0;0;40973;-40973
2018-03-13T03:15;2018-03-13T03:30;14;kWh;-695;0;0;0;695;-695
2018-03-13T03:30;2018-03-13T03:45;15;kWh;-1340;0;0;0;1340;-1340
2018-03-13T03:45;2018-03-13T04:00;16;kWh;-29782;0;0;0;29782;-29782
2018-03-13T04:00;2018-03-13T04:15;17;kWh;-7428;0;0;0;7428;-7428
2018-03-13T04:15;2018-03-13T04:30;18;kWh;-252;0;0;0;252;-252
2018-03-13T04:30;2018-03-13T04:45;19;kWh;-3413;0;0;0;3413;-3413
2018-03-13T04:45;2018-03-13T05:00;20;kWh;-35057;0;0;0;35057;-35057
2018-03-13T05:00;2018-03-13T05:15;21;kWh;-55055;0;0;0;55055;-55055
2018-03-13T05:15;2018-03-13T05:30;22;kWh;-41477;0;0;0;41477;-41477
2018-03-13T05:30;2018-03-13T05:45;23;kWh;-9922;0;0;0;9922;-9922
2018-03-13T05:45;2018-03-13T06:00;24;kWh;-1335;0;0;0;1335;-1335
2018-03-13T06:00;2018-03-13T06:15;25;kWh;-526;0;0;0;526;-526
2018-03-13T06:15;2018-03-13T06:30;26;kWh;-6917;0;0;0;6917;-6917
2018-03-13T06:30;2018-03-13T06:45;27;kWh;-2136;0;0;0;2136;-2136
2018-03-13T06:45;2018-03-13T07:00;28;kWh;-1779;0;0;0;1779;-1779
2018-03-13T07:00;2018-03-13T07:15;29;kWh;-1651;0;0;0;1651;-1651
2018-03-13T07:15;2018-03-13T07:30;30;kWh;-1246;0;0;0;1246;-1246
2018-03-13T07:30;2018-03-13T07:45;31;kWh;-1471;73;0;0;1544;-1398
2018-03-13T07:45;2018-03-13T08:00;32;kWh;-67;28716;0;0;28783;28649
2018-03-13T08:00;2018-03-13T08:15;33;kWh;0;41117;0;0;41117;41117
2018-03-13T08:15;2018-03-13T08:30;34;kWh;0;18484;0;0;18484;18484
2018-03-13T08:30;2018-03-13T08:45;35;kWh;0;61377;0;0;61377;61377
2018-03-13T08:45;2018-03-13T09:00;36;kWh;0;71761;0;0;71761;71761
2018-03-13T09:00;2018-03-13T09:15;37;kWh;0;79588;0;0;79588;79588
2018-03-13T09:15;2018-03-13T09:30;38;kWh;0;76428;0;0;76428;76428
2018-03-13T09:30;2018-03-13T09:45;39;kWh;0;87490;0;0;87490;87490
2018-03-13T09:45;2018-03-13T10:00;40;kWh;0;68143;0;0;68143;68143
2018-03-13T10:00;2018-03-13T10:15;41;kWh;0;87327;0;0;87327;87327
2018-03-13T10:15;2018-03-13T10:30;42;kWh;0;101467;0;0;103967;103967
2018-03-13T10:30;2018-03-13T10:45;43;kWh;0;111327;0;11666;125493;125493
2018-03-13T10:45;2018-03-13T11:00;44;kWh;0;107963;0;34998;145461;145461
2018-03-13T11:00;2018-03-13T11:15;45;kWh;0;109690;0;34998;149688;149688
2018-03-13T11:15;2018-03-13T11:30;46;kWh;0;112436;0;34998;152434;152434
2018-03-13T11:30;2018-03-13T11:45;47;kWh;0;112823;0;34998;152821;152821
2018-03-13T11:45;2018-03-13T12:00;48;kWh;0;112440;0;34998;152438;152438
2018-03-13T12:00;2018-03-13T12:15;49;kWh;0;109560;0;34998;149558;149558
2018-03-13T12:15;2018-03-13T12:30;50;kWh;0;96626;0;34998;136624;136624
2018-03-13T12:30;2018-03-13T12:45;51;kWh;0;57504;0;34998;97502;97502
2018-03-13T12:45;2018-03-13T13:00;52;kWh;0;24437;0;34998;64435;64435
2018-03-13T13:00;2018-03-13T13:15;53;kWh;0;28174;0;23332;51506;51506
2018-03-13T13:15;2018-03-13T13:30;54;kWh;0;99428;0;0;103178;103178
2018-03-13T13:30;2018-03-13T13:45;55;kWh;0;103358;0;0;107108;107108
2018-03-13T13:45;2018-03-13T14:00;56;kWh;0;88232;0;0;88232;88232
2018-03-13T14:00;2018-03-13T14:15;57;kWh;0;55214;0;0;55214;55214
2018-03-13T14:15;2018-03-13T14:30;58;kWh;0;6849;0;0;6849;6849
2018-03-13T14:30;2018-03-13T14:45;59;kWh;0;30427;0;0;30427;30427
2018-03-13T14:45;2018-03-13T15:00;60;kWh;0;52502;0;0;52502;52502
2018-03-13T15:00;2018-03-13T15:15;61;kWh;-142;18067;0;0;18209;17925
2018-03-13T15:15;2018-03-13T15:30;62;kWh;0;666;0;0;666;666
2018-03-13T15:30;2018-03-13T15:45;63;kWh;0;26769;0;0;26769;26769
2018-03-13T15:45;2018-03-13T16:00;64;kWh;0;26233;0;0;26233;26233
2018-03-13T16:00;2018-03-13T16:15;65;kWh;-373;5052;0;0;5425;4679
2018-03-13T16:15;2018-03-13T16:30;66;kWh;-261;0;0;0;261;-261
2018-03-13T16:30;2018-03-13T16:45;67;kWh;-2273;0;0;0;2273;-2273
2018-03-13T16:45;2018-03-13T17:00;68;kWh;-16899;0;0;0;16899;-16899
2018-03-13T17:00;2018-03-13T17:15;69;kWh;-34353;0;0;0;34353;-34353
2018-03-13T17:15;2018-03-13T17:30;70;kWh;-34808;0;0;0;34808;-34808
2018-03-13T17:30;2018-03-13T17:45;71;kWh;-6141;0;0;0;6141;-6141
2018-03-13T17:45;2018-03-13T18:00;72;kWh;-1840;0;0;0;1840;-1840
2018-03-13T18:00;2018-03-13T18:15;73;kWh;-22820;0;0;0;22820;-22820
2018-03-13T18:15;2018-03-13T18:30;74;kWh;-22194;0;0;0;22194;-22194
2018-03-13T18:30;2018-03-13T18:45;75;kWh;-13791;0;0;0;13791;-13791
2018-03-13T18:45;2018-03-13T19:00;76;kWh;-1930;0;0;0;1930;-1930
2018-03-13T19:00;2018-03-13T19:15;77;kWh;0;15458;0;0;15458;15458
2018-03-13T19:15;2018-03-13T19:30;78;kWh;0;12351;0;0;12351;12351
2018-03-13T19:30;2018-03-13T19:45;79;kWh;-1007;436;0;0;1443;-571
2018-03-13T19:45;2018-03-13T20:00;80;kWh;-4098;0;0;0;4098;-4098
2018-03-13T20:00;2018-03-13T20:15;81;kWh;-1589;10845;0;0;12434;9256
2018-03-13T20:15;2018-03-13T20:30;82;kWh;-2315;4190;0;0;6505;1875
2018-03-13T20:30;2018-03-13T20:45;83;kWh;-14146;0;0;0;14146;-14146
2018-03-13T20:45;2018-03-13T21:00;84;kWh;-13305;0;0;0;13305;-13305
2018-03-13T21:00;2018-03-13T21:15;85;kWh;-9567;718;0;0;10285;-8849
2018-03-13T21:15;2018-03-13T21:30;86;kWh;-497;311;0;0;808;-186
2018-03-13T21:30;2018-03-13T21:45;87;kWh;-387;0;0;0;387;-387
2018-03-13T21:45;2018-03-13T22:00;88;kWh;-31860;0;0;0;31860;-31860
2018-03-13T22:00;2018-03-13T22:15;89;kWh;-17783;7056;0;0;24839;-10727
2018-03-13T22:15;2018-03-13T22:30;90;kWh;-10879;1282;0;0;12161;-9597
2018-03-13T22:30;2018-03-13T22:45;91;kWh;-16530;0;0;0;16530;-16530
2018-03-13T22:45;2018-03-13T23:00;92;kWh;-24355;0;0;0;24355;-24355
2018-03-13T23:00;2018-03-13T23:15;93;kWh;-21815;2143;0;0;23958;-19672
2018-03-13T23:15;2018-03-13T23:30;94;kWh;0;36362;0;0;36362;36362
2018-03-13T23:30;2018-03-13T23:45;95;kWh;-1317;17274;0;0;18591;15957
2018-03-13T23:45;2018-03-14T00:00;96;kWh;-5736;25;0;0;5761;-5711
2018-03-14T00:00;2018-03-14T00:15;1;kWh;-8001;0;0;0;8001;-8001
2018-03-14T00:15;2018-03-14T00:30;2;kWh;-1603;0;0;0;1603;-1603
2018-03-14T00:30;2018-03-14T00:45;3;kWh;-1655;0;0;0;1655;-1655
2018-03-14T00:45;2018-03-14T01:00;4;kWh;-379;0;0;0;379;-379
2018-03-14T01:00;2018-03-14T01:15;5;kWh;-558;0;0;0;558;-558
2018-03-14T01:15;2018-03-14T01:30;6;kWh;-1724;0;0;0;1724;-1724
2018-03-14T01:30;2018-03-14T01:45;7;kWh;-3204;0;0;0;3204;-3204
2018-03-14T01:45;2018-03-14T02:00;8;kWh;-3143;0;0;0;3143;-3143
2018-03-14T02:00;2018-03-14T02:15;9;kWh;-2814;0;0;0;2814;-2814
2018-03-14T02:15;2018-03-14T02:30;10;kWh;-3820;0;0;0;3820;-3820
2018-03-14T02:30;2018-03-14T02:45;11;kWh;-3797;0;0;0;3797;-3797
2018-03-14T02:45;2018-03-14T03:00;12;kWh;-3141;0;0;0;3141;-3141
2018-03-14T03:00;2018-03-14T03:15;13;kWh;-2094;0;0;0;2094;-2094
2018-03-14T03:15;2018-03-14T03:30;14;kWh;-1320;0;0;0;1320;-1320
2018-03-14T03:30;2018-03-14T03:45;15;kWh;-3364;0;0;0;3364;-3364
2018-03-14T03:45;2018-03-14T04:00;16;kWh;-2729;0;0;0;2729;-2729
2018-03-14T04:00;2018-03-14T04:15;17;kWh;-2621;0;0;0;2621;-2621
2018-03-14T04:15;2018-03-14T04:30;18;kWh;-2492;0;0;0;2492;-2492
2018-03-14T04:30;2018-03-14T04:45;19;kWh;-1073;0;0;0;1073;-1073
2018-03-14T04:45;2018-03-14T05:00;20;kWh;-2197;0;0;0;2197;-2197
2018-03-14T05:00;2018-03-14T05:15;21;kWh;-3826;0;0;0;3826;-3826
2018-03-14T05:15;2018-03-14T05:30;22;kWh;-2801;0;0;0;2801;-2801
2018-03-14T05:30;2018-03-14T05:45;23;kWh;-4279;0;0;0;4279;-4279
2018-03-14T05:45;2018-03-14T06:00;24;kWh;-275;3526;0;0;3801;3251
2018-03-14T06:00;2018-03-14T06:15;25;kWh;-18752;189;0;0;18941;-18563
2018-03-14T06:15;2018-03-14T06:30;26;kWh;-10121;0;0;0;10121;-10121
2018-03-14T06:30;2018-03-14T06:45;27;kWh;-681;0;0;0;681;-681
2018-03-14T06:45;2018-03-14T07:00;28;kWh;-293;0;0;0;293;-293
2018-03-14T07:00;2018-03-14T07:15;29;kWh;-15355;0;0;0;15355;-15355
2018-03-14T07:15;2018-03-14T07:30;30;kWh;-3469;0;0;0;3469;-3469
2018-03-14T07:30;2018-03-14T07:45;31;kWh;-683;0;0;0;683;-683
2018-03-14T07:45;2018-03-14T08:00;32;kWh;-837;0;0;0;837;-837
2018-03-14T08:00;2018-03-14T08:15;33;kWh;-6073;0;0;0;6073;-6073
2018-03-14T08:15;2018-03-14T08:30;34;kWh;-5027;0;0;0;5027;-5027
2018-03-14T08:30;2018-03-14T08:45;35;kWh;-7538;0;0;0;7538;-7538
2018-03-14T08:45;2018-03-14T09:00;36;kWh;-7142;0;0;0;7142;-7142
2018-03-14T09:00;2018-03-14T09:15;37;kWh;-2419;0;0;0;2419;-2419
2018-03-14T09:15;2018-03-14T09:30;38;kWh;-18367;0;0;0;18367;-18367
2018-03-14T09:30;2018-03-14T09:45;39;kWh;-45478;0;0;0;45478;-45478
2018-03-14T09:45;2018-03-14T10:00;40;kWh;-65411;0;0;0;65411;-65411
2018-03-14T10:00;2018-03-14T10:15;41;kWh;-13610;161;0;0;13771;-13449
2018-03-14T10:15;2018-03-14T10:30;42;kWh;-16515;0;0;0;16515;-16515
2018-03-14T10:30;2018-03-14T10:45;43;kWh;-34928;0;0;0;34928;-34928
2018-03-14T10:45;2018-03-14T11:00;44;kWh;-50696;0;0;0;50696;-50696
2018-03-14T11:00;2018-03-14T11:15;45;kWh;-21079;0;0;0;21079;-21079
2018-03-14T11:15;2018-03-14T11:30;46;kWh;-1287;0;0;0;1287;-1287
2018-03-14T11:30;2018-03-14T11:45;47;kWh;-2837;0;0;0;2837;-2837
2018-03-14T11:45;2018-03-14T12:00;48;kWh;-17684;0;0;0;17684;-17684
2018-03-14T12:00;2018-03-14T12:15;49;kWh;-21876;0;0;0;21876;-21876
2018-03-14T12:15;2018-03-14T12:30;50;kWh;-30860;0;0;0;30860;-30860
2018-03-14T12:30;2018-03-14T12:45;51;kWh;-65244;0;0;0;65244;-65244
2018-03-14T12:45;2018-03-14T13:00;52;kWh;-53381;0;0;0;53381;-53381
2018-03-14T13:00;2018-03-14T13:15;53;kWh;-28998;0;0;0;28998;-28998
2018-03-14T13:15;2018-03-14T13:30;54;kWh;-15435;0;0;0;15435;-15435
2018-03-14T13:30;2018-03-14T13:45;55;kWh;-19374;0;0;0;19374;-19374
2018-03-14T13:45;2018-03-14T14:00;56;kWh;-48069;0;0;0;48069;-48069
2018-03-14T14:00;2018-03-14T14:15;57;kWh;-21211;0;0;0;21211;-21211
2018-03-14T14:15;2018-03-14T14:30;58;kWh;-20436;0;0;0;20436;-20436
2018-03-14T14:30;2018-03-14T14:45;59;kWh;-39274;0;0;0;39274;-39274
2018-03-14T14:45;2018-03-14T15:00;60;kWh;-48558;0;0;0;48558;-48558
2018-03-14T15:00;2018-03-14T15:15;61;kWh;-46904;0;0;0;46904;-46904
2018-03-14T15:15;2018-03-14T15:30;62;kWh;-55672;0;0;0;55672;-55672
2018-03-14T15:30;2018-03-14T15:45;63;kWh;-63664;0;0;0;63664;-63664
2018-03-14T15:45;2018-03-14T16:00;64;kWh;-52740;0;0;0;52740;-52740
2018-03-14T16:00;2018-03-14T16:15;65;kWh;-79214;0;0;0;79214;-79214
2018-03-14T16:15;2018-03-14T16:30;66;kWh;-62755;0;0;0;62755;-62755
2018-03-14T16:30;2018-03-14T16:45;67;kWh;-35859;0;0;0;35859;-35859
2018-03-14T16:45;2018-03-14T17:00;68;kWh;-25927;0;0;0;25927;-25927
2018-03-14T17:00;2018-03-14T17:15;69;kWh;-15115;0;0;0;15115;-15115
2018-03-14T17:15;2018-03-14T17:30;70;kWh;-5567;0;0;0;5567;-5567
2018-03-14T17:30;2018-03-14T17:45;71;kWh;-333;0;0;0;333;-333
2018-03-14T17:45;2018-03-14T18:00;72;kWh;-1443;0;0;0;1443;-1443
2018-03-14T18:00;2018-03-14T18:15;73;kWh;-900;0;0;0;900;-900
2018-03-14T18:15;2018-03-14T18:30;74;kWh;-27139;0;0;0;27139;-27139
2018-03-14T18:30;2018-03-14T18:45;75;kWh;-7951;0;0;0;7951;-7951
2018-03-14T18:45;2018-03-14T19:00;76;kWh;-6180;0;0;0;6180;-6180
2018-03-14T19:00;2018-03-14T19:15;77;kWh;-5261;0;0;0;5261;-5261
2018-03-14T19:15;2018-03-14T19:30;78;kWh;-14031;0;0;0;14031;-14031
2018-03-14T19:30;2018-03-14T19:45;79;kWh;-50782;0;0;0;50782;-50782
2018-03-14T19:45;2018-03-14T20:00;80;kWh;-45875;0;0;0;45875;-45875
2018-03-14T20:00;2018-03-14T20:15;81;kWh;-16868;8;0;0;16876;-16860
2018-03-14T20:15;2018-03-14T20:30;82;kWh;-1513;29;0;0;1542;-1484
2018-03-14T20:30;2018-03-14T20:45;83;kWh;-10606;0;0;0;10606;-10606
2018-03-14T20:45;2018-03-14T21:00;84;kWh;-52829;0;0;0;52829;-52829
2018-03-14T21:00;2018-03-14T21:15;85;kWh;-15591;283;0;0;15874;-15308
2018-03-14T21:15;2018-03-14T21:30;86;kWh;-55;8325;0;0;8380;8270
2018-03-14T21:30;2018-03-14T21:45;87;kWh;-445;627;0;0;1072;182
2018-03-14T21:45;2018-03-14T22:00;88;kWh;-9822;0;0;0;9822;-9822
2018-03-14T22:00;2018-03-14T22:15;89;kWh;-2855;8474;0;0;11329;5619
2018-03-14T22:15;2018-03-14T22:30;90;kWh;0;7573;0;0;7573;7573
2018-03-14T22:30;2018-03-14T22:45;91;kWh;-60;0;0;0;60;-60
2018-03-14T22:45;2018-03-14T23:00;92;kWh;-8356;0;0;0;8356;-8356
2018-03-14T23:00;2018-03-14T23:15;93;kWh;-16830;389;0;0;17219;-16441
2018-03-14T23:15;2018-03-14T23:30;94;kWh;-16890;0;0;0;16890;-16890
2018-03-14T23:30;2018-03-14T23:45;95;kWh;-43638;0;0;0;43638;-43638
2018-03-14T23:45;2018-03-15T00:00;96;kWh;-47588;0;0;0;47588;-47588
2018-03-15T00:00;2018-03-15T00:15;1;kWh;-30692;0;0;0;30692;-30692
2018-03-15T00:15;2018-03-15T00:30;2;kWh;-32337;0;0;0;32337;-32337
2018-03-15T00:30;2018-03-15T00:45;3;kWh;-41750;0;0;0;41750;-41750
2018-03-15T00:45;2018-03-15T01:00;4;kWh;-45933;0;0;0;45933;-45933
2018-03-15T01:00;2018-03-15T01:15;5;kWh;-14192;0;0;0;14192;-14192
2018-03-15T01:15;2018-03-15T01:30;6;kWh;-6659;0;0;0;6659;-6659
2018-03-15T01:30;2018-03-15T01:45;7;kWh;-9931;0;0;0;9931;-9931
2018-03-15T01:45;2018-03-15T02:00;8;kWh;-21721;0;0;0;21721;-21721
2018-03-15T02:00;2018-03-15T02:15;9;kWh;-22354;0;0;0;22354;-22354
2018-03-15T02:15;2018-03-15T02:30;10;kWh;-14462;0;0;0;14462;-14462
2018-03-15T02:30;2018-03-15T02:45;11;kWh;-2809;0;0;0;2809;-2809
2018-03-15T02:45;2018-03-15T03:00;12;kWh;-15511;0;0;0;15511;-15511
2018-03-15T03:00;2018-03-15T03:15;13;kWh;-14560;0;0;0;14560;-14560
2018-03-15T03:15;2018-03-15T03:30;14;kWh;-29161;0;0;0;29161;-29161
2018-03-15T03:30;2018-03-15T03:45;15;kWh;-25372;0;0;0;25372;-25372
2018-03-15T03:45;2018-03-15T04:00;16;kWh;-29601;0;0;0;29601;-29601
2018-03-15T04:00;2018-03-15T04:15;17;kWh;-19407;0;0;0;19407;-19407
2018-03-15T04:15;2018-03-15T04:30;18;kWh;-7198;0;0;0;7198;-7198
2018-03-15T04:30;2018-03-15T04:45;19;kWh;-39690;0;0;0;39690;-39690
2018-03-15T04:45;2018-03-15T05:00;20;kWh;-49582;0;0;0;49582;-49582
2018-03-15T05:00;2018-03-15T05:15;21;kWh;-33189;0;0;0;33189;-33189
2018-03-15T05:15;2018-03-15T05:30;22;kWh;-8907;0;0;0;8907;-8907
2018-03-15T05:30;2018-03-15T05:45;23;kWh;0;0;0;0;0;0
2018-03-15T05:45;2018-03-15T06:00;24;kWh;-489;0;0;0;489;-489
2018-03-15T06:00;2018-03-15T06:15;25;kWh;-1045;0;0;0;1045;-1045
2018-03-15T06:15;2018-03-15T06:30;26;kWh;-19458;0;0;0;19458;-19458
2018-03-15T06:30;2018-03-15T06:45;27;kWh;-5745;0;0;0;5745;-5745
2018-03-15T06:45;2018-03-15T07:00;28;kWh;-2478;0;0;0;2478;-2478
2018-03-15T07:00;2018-03-15T07:15;29;kWh;-23123;0;0;0;23123;-23123
2018-03-15T07:15;2018-03-15T07:30;30;kWh;-6204;0;0;0;6204;-6204
2018-03-15T07:30;2018-03-15T07:45;31;kWh;-1493;0;0;0;1493;-1493
2018-03-15T07:45;2018-03-15T08:00;32;kWh;-1625;0;0;0;1625;-1625
2018-03-15T08:00;2018-03-15T08:15;33;kWh;-29215;0;0;0;29215;-29215
2018-03-15T08:15;2018-03-15T08:30;34;kWh;-45732;0;0;0;45732;-45732
2018-03-15T08:30;2018-03-15T08:45;35;kWh;-40872;0;0;0;40872;-40872
2018-03-15T08:45;2018-03-15T09:00;36;kWh;-34358;0;0;0;34358;-34358
2018-03-15T09:00;2018-03-15T09:15;37;kWh;-22633;0;0;0;22633;-22633
2018-03-15T09:15;2018-03-15T09:30;38;kWh;-26200;0;0;0;26200;-26200
2018-03-15T09:30;2018-03-15T09:45;39;kWh;-29505;0;0;0;29505;-29505
2018-03-15T09:45;2018-03-15T10:00;40;kWh;-54516;0;0;0;54516;-54516
2018-03-15T10:00;2018-03-15T10:15;41;kWh;-30747;0;0;0;30747;-30747
2018-03-15T10:15;2018-03-15T10:30;42;kWh;-29486;0;0;0;29486;-29486
2018-03-15T10:30;2018-03-15T10:45;43;kWh;-17838;0;0;0;17838;-17838
2018-03-15T10:45;2018-03-15T11:00;44;kWh;-10206;0;0;0;10206;-10206
2018-03-15T11:00;2018-03-15T11:15;45;kWh;-5495;0;0;0;5495;-5495
2018-03-15T11:15;2018-03-15T11:30;46;kWh;-994;0;0;0;994;-994
2018-03-15T11:30;2018-03-15T11:45;47;kWh;-16572;0;0;0;16572;-16572
2018-03-15T11:45;2018-03-15T12:00;48;kWh;-827;310;0;0;1137;-517
2018-03-15T12:00;2018-03-15T12:15;49;kWh;-1640;38;0;0;1678;-1602
2018-03-15T12:15;2018-03-15T12:30;50;kWh;-3;8796;0;0;8799;8793
2018-03-15T12:30;2018-03-15T12:45;51;kWh;0;17101;0;0;17101;17101
2018-03-15T12:45;2018-03-15T13:00;52;kWh;0;30459;0;0;30459;30459
2018-03-15T13:00;2018-03-15T13:15;53;kWh;0;13809;0;0;13809;13809
2018-03-15T13:15;2018-03-15T13:30;54;kWh;0;13750;0;0;13750;13750
2018-03-15T13:30;2018-03-15T13:45;55;kWh;0;30095;0;0;30095;30095
2018-03-15T13:45;2018-03-15T14:00;56;kWh;0;49361;0;0;49361;49361
2018-03-15T14:00;2018-03-15T14:15;57;kWh;0;24748;0;0;24748;24748
2018-03-15T14:15;2018-03-15T14:30;58;kWh;0;22239;0;0;22239;22239
2018-03-15T14:30;2018-03-15T14:45;59;kWh;0;48953;0;0;48953;48953
2018-03-15T14:45;2018-03-15T15:00;60;kWh;0;77882;0;0;77882;77882
2018-03-15T15:00;2018-03-15T15:15;61;kWh;0;38248;0;0;38248;38248
2018-03-15T15:15;2018-03-15T15:30;62;kWh;-593;168;0;0;761;-425
2018-03-15T15:30;2018-03-15T15:45;63;kWh;0;20378;0;0;20378;20378
2018-03-15T15:45;2018-03-15T16:00;64;kWh;0;76045;0;35084;111129;111129
2018-03-15T16:00;2018-03-15T16:15;65;kWh;0;63855;0;60252;142857;142857
2018-03-15T16:15;2018-03-15T16:30;66;kWh;0;18092;0;30000;65592;65592
2018-03-15T16:30;2018-03-15T16:45;67;kWh;0;37760;0;0;56510;56510
2018-03-15T16:45;2018-03-15T17:00;68;kWh;0;45532;0;0;64282;64282
2018-03-15T17:00;2018-03-15T17:15;69;kWh;-459;33903;0;0;40612;39694
2018-03-15T17:15;2018-03-15T17:30;70;kWh;-238;15646;0;0;15884;15408
2018-03-15T17:30;2018-03-15T17:45;71;kWh;0;30480;0;0;30480;30480
2018-03-15T17:45;2018-03-15T18:00;72;kWh;0;29787;0;0;29787;29787
2018-03-15T18:00;2018-03-15T18:15;73;kWh;-14383;9496;0;0;23879;-4887
2018-03-15T18:15;2018-03-15T18:30;74;kWh;-11953;0;0;0;11953;-11953
2018-03-15T18:30;2018-03-15T18:45;75;kWh;-22343;0;0;0;22343;-22343
2018-03-15T18:45;2018-03-15T19:00;76;kWh;-5302;969;0;0;6271;-4333
2018-03-15T19:00;2018-03-15T19:15;77;kWh;0;21024;0;0;21024;21024
2018-03-15T19:15;2018-03-15T19:30;78;kWh;0;23156;0;0;23156;23156
2018-03-15T19:30;2018-03-15T19:45;79;kWh;-2236;976;0;0;3212;-1260
2018-03-15T19:45;2018-03-15T20:00;80;kWh;-10297;0;0;0;10297;-10297
2018-03-15T20:00;2018-03-15T20:15;81;kWh;-15258;0;0;0;15258;-15258
2018-03-15T20:15;2018-03-15T20:30;82;kWh;-21752;0;0;0;21752;-21752
2018-03-15T20:30;2018-03-15T20:45;83;kWh;-17097;0;0;0;17097;-17097
2018-03-15T20:45;2018-03-15T21:00;84;kWh;-38769;0;0;0;38769;-38769
2018-03-15T21:00;2018-03-15T21:15;85;kWh;-20957;0;0;0;20957;-20957
2018-03-15T21:15;2018-03-15T21:30;86;kWh;-31158;0;0;0;31158;-31158
2018-03-15T21:30;2018-03-15T21:45;87;kWh;-38532;0;0;0;38532;-38532
2018-03-15T21:45;2018-03-15T22:00;88;kWh;-45873;0;0;0;45873;-45873
2018-03-15T22:00;2018-03-15T22:15;89;kWh;-18495;10561;0;0;29056;-7934
2018-03-15T22:15;2018-03-15T22:30;90;kWh;-160;14573;0;0;14733;14413
2018-03-15T22:30;2018-03-15T22:45;91;kWh;-1430;113;0;0;1543;-1317
2018-03-15T22:45;2018-03-15T23:00;92;kWh;-19809;0;0;0;19809;-19809
2018-03-15T23:00;2018-03-15T23:15;93;kWh;-7363;19335;0;0;26698;11972
2018-03-15T23:15;2018-03-15T23:30;94;kWh;0;46802;0;0;46802;46802
2018-03-15T23:30;2018-03-15T23:45;95;kWh;-793;693;0;0;1486;-100
2018-03-15T23:45;2018-03-16T00:00;96;kWh;-32850;0;0;0;32850;-32850
2018-03-16T00:00;2018-03-16T00:15;1;kWh;-12762;19985;0;0;32747;7223
2018-03-16T00:15;2018-03-16T00:30;2;kWh;0;39637;0;0;39637;39637
2018-03-16T00:30;2018-03-16T00:45;3;kWh;0;19237;0;0;19237;19237
2018-03-16T00:45;2018-03-16T01:00;4;kWh;-378;26;0;0;404;-352
2018-03-16T01:00;2018-03-16T01:15;5;kWh;0;17382;0;0;17382;17382
2018-03-16T01:15;2018-03-16T01:30;6;kWh;0;53434;0;0;53434;53434
2018-03-16T01:30;2018-03-16T01:45;7;kWh;0;31200;0;0;31200;31200
2018-03-16T01:45;2018-03-16T02:00;8;kWh;0;25714;0;0;25714;25714
2018-03-16T02:00;2018-03-16T02:15;9;kWh;-892;8740;0;0;9632;7848
2018-03-16T02:15;2018-03-16T02:30;10;kWh;0;6400;0;0;6400;6400
2018-03-16T02:30;2018-03-16T02:45;11;kWh;0;5939;0;0;5939;5939
2018-03-16T02:45;2018-03-16T03:00;12;kWh;0;4838;0;0;4838;4838
2018-03-16T03:00;2018-03-16T03:15;13;kWh;-28;2025;0;0;2053;1997
2018-03-16T03:15;2018-03-16T03:30;14;kWh;0;18806;0;0;18806;18806
2018-03-16T03:30;2018-03-16T03:45;15;kWh;0;19722;0;0;19722;19722
2018-03-16T03:45;2018-03-16T04:00;16;kWh;0;21037;0;0;21037;21037
2018-03-16T04:00;2018-03-16T04:15;17;kWh;-514;10963;0;0;11477;10449
2018-03-16T04:15;2018-03-16T04:30;18;kWh;-170;71;0;0;241;-99
2018-03-16T04:30;2018-03-16T04:45;19;kWh;0;8360;0;0;8360;8360
2018-03-16T04:45;2018-03-16T05:00;20;kWh;0;20607;0;0;20607;20607
2018-03-16T05:00;2018-03-16T05:15;21;kWh;-88;12344;0;0;12432;12256
2018-03-16T05:15;2018-03-16T05:30;22;kWh;-183;5031;0;0;5214;4848
2018-03-16T05:30;2018-03-16T05:45;23;kWh;0;41778;0;0;41778;41778
2018-03-16T05:45;2018-03-16T06:00;24;kWh;-52;39821;0;0;39873;39769
2018-03-16T06:00;2018-03-16T06:15;25;kWh;-7593;1730;0;0;9323;-5863
2018-03-16T06:15;2018-03-16T06:30;26;kWh;-60;6498;0;0;6558;6438
2018-03-16T06:30;2018-03-16T06:45;27;kWh;0;34107;0;0;34107;34107
2018-03-16T06:45;2018-03-16T07:00;28;kWh;0;53409;0;0;53409;53409
2018-03-16T07:00;2018-03-16T07:15;29;kWh;-9070;15766;0;0;24836;6696
2018-03-16T07:15;2018-03-16T07:30;30;kWh;-55;50803;0;0;50858;50748
2018-03-16T07:30;2018-03-16T07:45;31;kWh;0;85807;0;0;85807;85807
2018-03-16T07:45;2018-03-16T08:00;32;kWh;0;94172;0;0;94172;94172
2018-03-16T08:00;2018-03-16T08:15;33;kWh;0;57282;0;0;57282;57282
2018-03-16T08:15;2018-03-16T08:30;34;kWh;0;42153;0;0;42153;42153
2018-03-16T08:30;2018-03-16T08:45;35;kWh;0;67406;0;0;67406;67406
2018-03-16T08:45;2018-03-16T09:00;36;kWh;0;88483;0;0;88483;88483
2018-03-16T09:00;2018-03-16T09:15;37;kWh;0;69317;0;0;70567;70567
2018-03-16T09:15;2018-03-16T09:30;38;kWh;0;29648;0;0;29648;29648
2018-03-16T09:30;2018-03-16T09:45;39;kWh;0;40037;0;0;40037;40037
2018-03-16T09:45;2018-03-16T10:00;40;kWh;0;30841;0;0;30841;30841
2018-03-16T10:00;2018-03-16T10:15;41;kWh;-1949;12104;0;0;14053;10155
2018-03-16T10:15;2018-03-16T10:30;42;kWh;-382;0;0;0;382;-382
2018-03-16T10:30;2018-03-16T10:45;43;kWh;0;256;0;0;256;256
2018-03-16T10:45;2018-03-16T11:00;44;kWh;0;2187;0;0;2187;2187
2018-03-16T11:00;2018-03-16T11:15;45;kWh;0;28852;0;0;28852;28852
2018-03-16T11:15;2018-03-16T11:30;46;kWh;0;25200;0;0;25200;25200
2018-03-16T11:30;2018-03-16T11:45;47;kWh;0;6117;0;0;6117;6117
2018-03-16T11:45;2018-03-16T12:00;48;kWh;0;34033;0;0;34033;34033
2018-03-16T12:00;2018-03-16T12:15;49;kWh;0;56699;0;0;56699;56699
2018-03-16T12:15;2018-03-16T12:30;50;kWh;0;61514;0;0;61514;61514
2018-03-16T12:30;2018-03-16T12:45;51;kWh;0;39103;0;0;39103;39103
2018-03-16T12:45;2018-03-16T13:00;52;kWh;0;35427;0;0;35427;35427
2018-03-16T13:00;2018-03-16T13:15;53;kWh;0;8109;0;0;8109;8109
2018-03-16T13:15;2018-03-16T13:30;54;kWh;0;17979;0;0;17979;17979
2018-03-16T13:30;2018-03-16T13:45;55;kWh;0;11970;0;0;11970;11970
2018-03-16T13:45;2018-03-16T14:00;56;kWh;0;21082;0;0;21082;21082
2018-03-16T14:00;2018-03-16T14:15;57;kWh;0;41193;0;0;41193;41193
2018-03-16T14:15;2018-03-16T14:30;58;kWh;0;58639;0;0;58639;58639
2018-03-16T14:30;2018-03-16T14:45;59;kWh;0;3688;0;0;3688;3688
2018-03-16T14:45;2018-03-16T15:00;60;kWh;-153;0;0;0;153;-153
2018-03-16T15:00;2018-03-16T15:15;61;kWh;-1495;0;0;0;1495;-1495
2018-03-16T15:15;2018-03-16T15:30;62;kWh;-4327;0;0;0;4327;-4327
2018-03-16T15:30;2018-03-16T15:45;63;kWh;-2714;0;0;0;2714;-2714
2018-03-16T15:45;2018-03-16T16:00;64;kWh;-2094;0;0;0;2094;-2094
2018-03-16T16:00;2018-03-16T16:15;65;kWh;-618;6408;0;0;7026;5790
2018-03-16T16:15;2018-03-16T16:30;66;kWh;0;8681;0;0;8681;8681
2018-03-16T16:30;2018-03-16T16:45;67;kWh;0;2268;0;0;2268;2268
2018-03-16T16:45;2018-03-16T17:00;68;kWh;0;2230;0;0;2230;2230
2018-03-16T17:00;2018-03-16T17:15;69;kWh;0;10222;0;0;10222;10222
2018-03-16T17:15;2018-03-16T17:30;70;kWh;0;1403;0;0;1403;1403
2018-03-16T17:30;2018-03-16T17:45;71;kWh;0;4455;0;0;4455;4455
2018-03-16T17:45;2018-03-16T18:00;72;kWh;0;22045;0;0;22045;22045
2018-03-16T18:00;2018-03-16T18:15;73;kWh;0;19977;0;0;19977;19977
2018-03-16T18:15;2018-03-16T18:30;74;kWh;0;1778;0;0;1778;1778
2018-03-16T18:30;2018-03-16T18:45;75;kWh;0;15727;0;0;15727;15727
2018-03-16T18:45;2018-03-16T19:00;76;kWh;0;22084;0;0;22084;22084
2018-03-16T19:00;2018-03-16T19:15;77;kWh;-9;24400;0;0;24409;24391
2018-03-16T19:15;2018-03-16T19:30;78;kWh;-195;2849;0;0;3044;2654
2018-03-16T19:30;2018-03-16T19:45;79;kWh;0;16039;0;0;16039;16039
2018-03-16T19:45;2018-03-16T20:00;80;kWh;-22186;3036;0;0;25222;-19150
2018-03-16T20:00;2018-03-16T20:15;81;kWh;-4331;424;0;0;4755;-3907
2018-03-16T20:15;2018-03-16T20:30;82;kWh;0;3785;0;0;3785;3785
2018-03-16T20:30;2018-03-16T20:45;83;kWh;-134;4838;0;0;4972;4704
2018-03-16T20:45;2018-03-16T21:00;84;kWh;-7314;62;0;0;7376;-7252
2018-03-16T21:00;2018-03-16T21:15;85;kWh;-4142;7684;0;0;11826;3542
2018-03-16T21:15;2018-03-16T21:30;86;kWh;-192;8726;0;0;8918;8534
2018-03-16T21:30;2018-03-16T21:45;87;kWh;-1512;0;0;0;1512;-1512
2018-03-16T21:45;2018-03-16T22:00;88;kWh;-58;1186;0;0;1244;1128
2018-03-16T22:00;2018-03-16T22:15;89;kWh;0;46512;0;0;46512;46512
2018-03-16T22:15;2018-03-16T22:30;90;kWh;0;40627;0;0;40627;40627
2018-03-16T22:30;2018-03-16T22:45;91;kWh;-761;3798;0;0;4559;3037
2018-03-16T22:45;2018-03-16T23:00;92;kWh;0;6445;0;0;6445;6445
2018-03-16T23:00;2018-03-16T23:15;93;kWh;0;0;0;0;0;0
2018-03-16T23:15;2018-03-16T23:30;94;kWh;0;0;0;0;0;0
2018-03-16T23:30;2018-03-16T23:45;95;kWh;-56;0;0;0;56;-56
2018-03-16T23:45;2018-03-17T00:00;96;kWh;-1158;0;0;0;1158;-1158
2018-03-17T00:00;2018-03-17T00:15;1;kWh;-5843;0;0;0;5843;-5843
2018-03-17T00:15;2018-03-17T00:30;2;kWh;-10684;0;0;0;10684;-10684
2018-03-17T00:30;2018-03-17T00:45;3;kWh;-24345;0;0;0;24345;-24345
2018-03-17T00:45;2018-03-17T01:00;4;kWh;-35261;0;0;0;35261;-35261
2018-03-17T01:00;2018-03-17T01:15;5;kWh;-25333;0;0;0;25333;-25333
2018-03-17T01:15;2018-03-17T01:30;6;kWh;-9924;0;0;0;9924;-9924
2018-03-17T01:30;2018-03-17T01:45;7;kWh;-32816;0;0;0;32816;-32816
2018-03-17T01:45;2018-03-17T02:00;8;kWh;-32039;0;0;0;32039;-32039
2018-03-17T02:00;2018-03-17T02:15;9;kWh;-24063;7;0;0;24070;-24056
2018-03-17T02:15;2018-03-17T02:30;10;kWh;-526;746;0;0;1272;220
2018-03-17T02:30;2018-03-17T02:45;11;kWh;-681;0;0;0;681;-681
2018-03-17T02:45;2018-03-17T03:00;12;kWh;-9765;0;0;0;9765;-9765
2018-03-17T03:00;2018-03-17T03:15;13;kWh;-11134;0;0;0;11134;-11134
2018-03-17T03:15;2018-03-17T03:30;14;kWh;-706;0;0;0;706;-706
2018-03-17T03:30;2018-03-17T03:45;15;kWh;-2626;0;0;0;2626;-2626
2018-03-17T03:45;2018-03-17T04:00;16;kWh;-7433;0;0;0;7433;-7433
2018-03-17T04:00;2018-03-17T04:15;17;kWh;-5423;0;0;0;5423;-5423
2018-03-17T04:15;2018-03-17T04:30;18;kWh;-39;0;0;0;39;-39
2018-03-17T04:30;2018-03-17T04:45;19;kWh;-821;0;0;0;821;-821
2018-03-17T04:45;2018-03-17T05:00;20;kWh;-842;0;0;0;842;-842
2018-03-17T05:00;2018-03-17T05:15;21;kWh;-2111;0;0;0;2111;-2111
2018-03-17T05:15;2018-03-17T05:30;22;kWh;-15243;0;0;0;15243;-15243
2018-03-17T05:30;2018-03-17T05:45;23;kWh;-25921;0;0;0;25921;-25921
2018-03-17T05:45;2018-03-17T06:00;24;kWh;-13825;0;0;0;13825;-13825
2018-03-17T06:00;2018-03-17T06:15;25;kWh;-19609;0;0;0;19609;-19609
2018-03-17T06:15;2018-03-17T06:30;26;kWh;-19114;0;0;0;19114;-19114
2018-03-17T06:30;2018-03-17T06:45;27;kWh;-20899;0;0;0;20899;-20899
2018-03-17T06:45;2018-03-17T07:00;28;kWh;-29807;0;0;0;29807;-29807
2018-03-17T07:00;2018-03-17T07:15;29;kWh;-33829;0;0;0;33829;-33829
2018-03-17T07:15;2018-03-17T07:30;30;kWh;-25202;0;0;0;25202;-25202
2018-03-17T07:30;2018-03-17T07:45;31;kWh;-18796;0;0;0;18796;-18796
2018-03-17T07:45;2018-03-17T08:00;32;kWh;-16060;0;0;0;16060;-16060
2018-03-17T08:00;2018-03-17T08:15;33;kWh;-17216;0;0;0;17216;-17216
2018-03-17T08:15;2018-03-17T08:30;34;kWh;-5409;0;0;0;5409;-5409
2018-03-17T08:30;2018-03-17T08:45;35;kWh;0;12;0;0;12;12
2018-03-17T08:45;2018-03-17T09:00;36;kWh;0;22520;0;0;22520;22520
2018-03-17T09:00;2018-03-17T09:15;37;kWh;-114;10921;0;0;11035;10807
2018-03-17T09:15;2018-03-17T09:30;38;kWh;-173;0;0;0;173;-173
2018-03-17T09:30;2018-03-17T09:45;39;kWh;-713;0;0;0;713;-713
2018-03-17T09:45;2018-03-17T10:00;40;kWh;-518;0;0;0;518;-518
2018-03-17T10:00;2018-03-17T10:15;41;kWh;0;5740;0;0;5740;5740
2018-03-17T10:15;2018-03-17T10:30;42;kWh;0;2905;0;0;2905;2905
2018-03-17T10:30;2018-03-17T10:45;43;kWh;-4;131;0;0;135;127
2018-03-17T10:45;2018-03-17T11:00;44;kWh;-1633;0;0;0;1633;-1633
2018-03-17T11:00;2018-03-17T11:15;45;kWh;-1802;0;0;0;1802;-1802
2018-03-17T11:15;2018-03-17T11:30;46;kWh;-1388;0;0;0;1388;-1388
2018-03-17T11:30;2018-03-17T11:45;47;kWh;-2663;0;0;0;2663;-2663
2018-03-17T11:45;2018-03-17T12:00;48;kWh;-2736;0;0;0;2736;-2736
2018-03-17T12:00;2018-03-17T12:15;49;kWh;-1681;0;0;0;1681;-1681
2018-03-17T12:15;2018-03-17T12:30;50;kWh;-2000;0;0;0;2000;-2000
2018-03-17T12:30;2018-03-17T12:45;51;kWh;-2800;0;0;0;2800;-2800
2018-03-17T12:45;2018-03-17T13:00;52;kWh;-3071;0;0;0;3071;-3071
2018-03-17T13:00;2018-03-17T13:15;53;kWh;-9193;0;0;0;9193;-9193
2018-03-17T13:15;2018-03-17T13:30;54;kWh;-26015;0;0;0;26015;-26015
2018-03-17T13:30;2018-03-17T13:45;55;kWh;-11397;0;0;0;11397;-11397
2018-03-17T13:45;2018-03-17T14:00;56;kWh;-7699;15994;0;3750;27443;12045
2018-03-17T14:00;2018-03-17T14:15;57;kWh;-76;42388;0;91416;138880;138728
2018-03-17T14:15;2018-03-17T14:30;58;kWh;0;11784;0;11666;23450;23450
2018-03-17T14:30;2018-03-17T14:45;59;kWh;0;39963;0;0;39963;39963
2018-03-17T14:45;2018-03-17T15:00;60;kWh;0;69920;0;0;69920;69920
2018-03-17T15:00;2018-03-17T15:15;61;kWh;0;32732;0;0;32732;32732
2018-03-17T15:15;2018-03-17T15:30;62;kWh;-2;12454;0;0;12456;12452
2018-03-17T15:30;2018-03-17T15:45;63;kWh;0;44670;0;0;44670;44670
2018-03-17T15:45;2018-03-17T16:00;64;kWh;0;44984;0;0;44984;44984
2018-03-17T16:00;2018-03-17T16:15;65;kWh;-193;21597;0;0;21790;21404
2018-03-17T16:15;2018-03-17T16:30;66;kWh;-178;0;0;0;178;-178
2018-03-17T16:30;2018-03-17T16:45;67;kWh;-119;3800;0;0;3919;3681
2018-03-17T16:45;2018-03-17T17:00;68;kWh;0;53002;0;0;53002;53002
2018-03-17T17:00;2018-03-17T17:15;69;kWh;-456;28389;0;0;28845;27933
2018-03-17T17:15;2018-03-17T17:30;70;kWh;-117;13383;0;0;13500;13266
2018-03-17T17:30;2018-03-17T17:45;71;kWh;0;50469;0;0;50469;50469
2018-03-17T17:45;2018-03-17T18:00;72;kWh;0;74224;0;0;74224;74224
2018-03-17T18:00;2018-03-17T18:15;73;kWh;-1871;41666;0;0;43537;39795
2018-03-17T18:15;2018-03-17T18:30;74;kWh;-4805;11579;0;0;16384;6774
2018-03-17T18:30;2018-03-17T18:45;75;kWh;0;9307;0;0;9307;9307
2018-03-17T18:45;2018-03-17T19:00;76;kWh;0;17573;0;0;17573;17573
2018-03-17T19:00;2018-03-17T19:15;77;kWh;0;24645;0;0;24645;24645
2018-03-17T19:15;2018-03-17T19:30;78;kWh;-279;5305;0;0;5584;5026
2018-03-17T19:30;2018-03-17T19:45;79;kWh;-82;0;0;0;82;-82
2018-03-17T19:45;2018-03-17T20:00;80;kWh;-6742;0;0;0;6742;-6742
2018-03-17T20:00;2018-03-17T20:15;81;kWh;-1552;11746;0;0;13298;10194
2018-03-17T20:15;2018-03-17T20:30;82;kWh;0;11386;0;0;11386;11386
2018-03-17T20:30;2018-03-17T20:45;83;kWh;0;1025;0;0;1025;1025
2018-03-17T20:45;2018-03-17T21:00;84;kWh;0;10560;0;0;10560;10560
2018-03-17T21:00;2018-03-17T21:15;85;kWh;-599;1943;0;0;2542;1344
2018-03-17T21:15;2018-03-17T21:30;86;kWh;-1023;0;0;0;1023;-1023
2018-03-17T21:30;2018-03-17T21:45;87;kWh;-2951;0;0;0;2951;-2951
2018-03-17T21:45;2018-03-17T22:00;88;kWh;-15350;0;0;0;15350;-15350
2018-03-17T22:00;2018-03-17T22:15;89;kWh;-18542;3452;0;0;21994;-15090
2018-03-17T22:15;2018-03-17T22:30;90;kWh;-1728;1623;0;0;3351;-105
2018-03-17T22:30;2018-03-17T22:45;91;kWh;-2912;0;0;0;2912;-2912
2018-03-17T22:45;2018-03-17T23:00;92;kWh;-2745;0;0;0;2745;-2745
2018-03-17T23:00;2018-03-17T23:15;93;kWh;-1548;2194;0;0;3742;646
2018-03-17T23:15;2018-03-17T23:30;94;kWh;-35;10246;0;0;10281;10211
2018-03-17T23:30;2018-03-17T23:45;95;kWh;0;93;0;0;93;93
2018-03-17T23:45;2018-03-18T00:00;96;kWh;-22;0;0;0;22;-22
2018-03-18T00:00;2018-03-18T00:15;1;kWh;-81;9988;0;0;10069;9907
2018-03-18T00:15;2018-03-18T00:30;2;kWh;0;56729;0;0;56729;56729
2018-03-18T00:30;2018-03-18T00:45;3;kWh;-6965;8847;0;0;15812;1882
2018-03-18T00:45;2018-03-18T01:00;4;kWh;-14036;0;0;0;14036;-14036
2018-03-18T01:00;2018-03-18T01:15;5;kWh;-1738;0;0;0;1738;-1738
2018-03-18T01:15;2018-03-18T01:30;6;kWh;-1957;0;0;0;1957;-1957
2018-03-18T01:30;2018-03-18T01:45;7;kWh;-2883;0;0;0;2883;-2883
2018-03-18T01:45;2018-03-18T02:00;8;kWh;-2978;0;0;0;2978;-2978
2018-03-18T02:00;2018-03-18T02:15;9;kWh;-1884;0;0;0;1884;-1884
2018-03-18T02:15;2018-03-18T02:30;10;kWh;0;0;0;0;0;0
2018-03-18T02:30;2018-03-18T02:45;11;kWh;0;0;0;0;0;0
2018-03-18T02:45;2018-03-18T03:00;12;kWh;0;565;0;0;565;565
2018-03-18T03:00;2018-03-18T03:15;13;kWh;0;64;0;0;64;64
2018-03-18T03:15;2018-03-18T03:30;14;kWh;0;914;0;0;914;914
2018-03-18T03:30;2018-03-18T03:45;15;kWh;0;1739;0;0;1739;1739
2018-03-18T03:45;2018-03-18T04:00;16;kWh;-154;920;0;0;1074;766
2018-03-18T04:00;2018-03-18T04:15;17;kWh;-369;1063;0;0;1432;694
2018-03-18T04:15;2018-03-18T04:30;18;kWh;-285;26;0;0;311;-259
2018-03-18T04:30;2018-03-18T04:45;19;kWh;-440;0;0;0;440;-440
2018-03-18T04:45;2018-03-18T05:00;20;kWh;-179;0;0;0;179;-179
2018-03-18T05:00;2018-03-18T05:15;21;kWh;-120;0;0;0;120;-120
2018-03-18T05:15;2018-03-18T05:30;22;kWh;0;77;0;0;77;77
2018-03-18T05:30;2018-03-18T05:45;23;kWh;0;3867;0;0;3867;3867
2018-03-18T05:45;2018-03-18T06:00;24;kWh;0;3335;0;0;3335;3335
2018-03-18T06:00;2018-03-18T06:15;25;kWh;0;4713;0;0;4713;4713
2018-03-18T06:15;2018-03-18T06:30;26;kWh;0;1823;0;0;1823;1823
2018-03-18T06:30;2018-03-18T06:45;27;kWh;0;114;0;0;114;114
2018-03-18T06:45;2018-03-18T07:00;28;kWh;0;0;0;0;0;0
2018-03-18T07:00;2018-03-18T07:15;29;kWh;-426;0;0;0;426;-426
2018-03-18T07:15;2018-03-18T07:30;30;kWh;0;0;0;0;0;0
2018-03-18T07:30;2018-03-18T07:45;31;kWh;0;0;0;0;0;0
2018-03-18T07:45;2018-03-18T08:00;32;kWh;0;0;0;0;0;0
2018-03-18T08:00;2018-03-18T08:15;33;kWh;0;4435;0;0;4435;4435
2018-03-18T08:15;2018-03-18T08:30;34;kWh;0;36842;0;0;36842;36842
2018-03-18T08:30;2018-03-18T08:45;35;kWh;0;14929;0;0;14929;14929
2018-03-18T08:45;2018-03-18T09:00;36;kWh;0;7790;0;0;7790;7790
2018-03-18T09:00;2018-03-18T09:15;37;kWh;0;22211;0;0;22211;22211
2018-03-18T09:15;2018-03-18T09:30;38;kWh;0;36486;0;0;36486;36486
2018-03-18T09:30;2018-03-18T09:45;39;kWh;0;53003;0;0;53003;53003
2018-03-18T09:45;2018-03-18T10:00;40;kWh;0;7666;0;0;7666;7666
2018-03-18T10:00;2018-03-18T10:15;41;kWh;0;7685;0;0;7685;7685
2018-03-18T10:15;2018-03-18T10:30;42;kWh;0;7823;0;0;7823;7823
2018-03-18T10:30;2018-03-18T10:45;43;kWh;0;14917;0;0;14917;14917
2018-03-18T10:45;2018-03-18T11:00;44;kWh;0;18771;0;0;18771;18771
2018-03-18T11:00;2018-03-18T11:15;45;kWh;0;8104;0;0;8104;8104
2018-03-18T11:15;2018-03-18T11:30;46;kWh;-4;2;0;0;6;-2
2018-03-18T11:30;2018-03-18T11:45;47;kWh;-22;0;0;0;22;-22
2018-03-18T11:45;2018-03-18T12:00;48;kWh;-266;137;0;0;403;-129
2018-03-18T12:00;2018-03-18T12:15;49;kWh;0;29303;0;0;29303;29303
2018-03-18T12:15;2018-03-18T12:30;50;kWh;0;13265;0;0;13265;13265
2018-03-18T12:30;2018-03-18T12:45;51;kWh;0;3343;0;0;3343;3343
2018-03-18T12:45;2018-03-18T13:00;52;kWh;0;4841;0;0;4841;4841
2018-03-18T13:00;2018-03-18T13:15;53;kWh;0;14428;0;0;14428;14428
2018-03-18T13:15;2018-03-18T13:30;54;kWh;0;15651;0;0;15651;15651
2018-03-18T13:30;2018-03-18T13:45;55;kWh;0;256;0;0;256;256
2018-03-18T13:45;2018-03-18T14:00;56;kWh;-12;150;0;0;162;138
2018-03-18T14:00;2018-03-18T14:15;57;kWh;-1753;0;0;0;1753;-1753
2018-03-18T14:15;2018-03-18T14:30;58;kWh;-3105;0;0;0;3105;-3105
2018-03-18T14:30;2018-03-18T14:45;59;kWh;-3812;0;0;0;3812;-3812
2018-03-18T14:45;2018-03-18T15:00;60;kWh;-4003;0;0;0;4003;-4003
2018-03-18T15:00;2018-03-18T15:15;61;kWh;-3685;0;0;0;3685;-3685
2018-03-18T15:15;2018-03-18T15:30;62;kWh;-1782;0;0;0;1782;-1782
2018-03-18T15:30;2018-03-18T15:45;63;kWh;-2000;0;0;0;2000;-2000
2018-03-18T15:45;2018-03-18T16:00;64;kWh;-1941;0;0;0;1941;-1941
2018-03-18T16:00;2018-03-18T16:15;65;kWh;-396;5;0;0;401;-391
2018-03-18T16:15;2018-03-18T16:30;66;kWh;0;9066;0;0;9066;9066
2018-03-18T16:30;2018-03-18T16:45;67;kWh;0;38744;0;0;38744;38744
2018-03-18T16:45;2018-03-18T17:00;68;kWh;0;70781;0;0;70781;70781
2018-03-18T17:00;2018-03-18T17:15;69;kWh;-5399;19351;0;0;24750;13952
2018-03-18T17:15;2018-03-18T17:30;70;kWh;-2572;1887;0;0;4459;-685
2018-03-18T17:30;2018-03-18T17:45;71;kWh;0;24947;0;0;24947;24947
2018-03-18T17:45;2018-03-18T18:00;72;kWh;0;44431;0;0;44431;44431
2018-03-18T18:00;2018-03-18T18:15;73;kWh;-7979;3090;0;0;11069;-4889
2018-03-18T18:15;2018-03-18T18:30;74;kWh;-1513;0;0;0;1513;-1513
2018-03-18T18:30;2018-03-18T18:45;75;kWh;0;50;0;0;50;50
2018-03-18T18:45;2018-03-18T19:00;76;kWh;0;5857;0;0;5857;5857
2018-03-18T19:00;2018-03-18T19:15;77;kWh;0;67264;0;0;67264;67264
2018-03-18T19:15;2018-03-18T19:30;78;kWh;0;82122;0;0;82122;82122
2018-03-18T19:30;2018-03-18T19:45;79;kWh;0;71081;0;0;71081;71081
2018-03-18T19:45;2018-03-18T20:00;80;kWh;0;29829;0;0;29829;29829
2018-03-18T20:00;2018-03-18T20:15;81;kWh;0;12149;0;0;12149;12149
2018-03-18T20:15;2018-03-18T20:30;82;kWh;0;787;0;0;787;787
2018-03-18T20:30;2018-03-18T20:45;83;kWh;0;461;0;0;461;461
2018-03-18T20:45;2018-03-18T21:00;84;kWh;-361;0;0;0;361;-361
2018-03-18T21:00;2018-03-18T21:15;85;kWh;-137;22340;0;0;22477;22203
2018-03-18T21:15;2018-03-18T21:30;86;kWh;0;53107;0;0;53107;53107
2018-03-18T21:30;2018-03-18T21:45;87;kWh;-54;4339;0;0;4393;4285
2018-03-18T21:45;2018-03-18T22:00;88;kWh;-207;0;0;0;207;-207
2018-03-18T22:00;2018-03-18T22:15;89;kWh;-110;3443;0;0;3553;3333
2018-03-18T22:15;2018-03-18T22:30;90;kWh;0;918;0;0;918;918
2018-03-18T22:30;2018-03-18T22:45;91;kWh;0;0;0;0;0;0
2018-03-18T22:45;2018-03-18T23:00;92;kWh;-1470;0;0;0;1470;-1470
2018-03-18T23:00;2018-03-18T23:15;93;kWh;-3276;0;0;0;3276;-3276
2018-03-18T23:15;2018-03-18T23:30;94;kWh;-78;0;0;0;78;-78
2018-03-18T23:30;2018-03-18T23:45;95;kWh;-884;0;0;0;884;-884
2018-03-18T23:45;2018-03-19T00:00;96;kWh;-17643;0;0;0;17643;-17643
2018-03-19T00:00;2018-03-19T00:15;1;kWh;-19536;8480;0;0;28016;-11056
2018-03-19T00:15;2018-03-19T00:30;2;kWh;-168;24275;0;0;24443;24107
2018-03-19T00:30;2018-03-19T00:45;3;kWh;-2671;99;0;0;2770;-2572
2018-03-19T00:45;2018-03-19T01:00;4;kWh;-3509;0;0;0;3509;-3509
2018-03-19T01:00;2018-03-19T01:15;5;kWh;-5251;0;0;0;5251;-5251
2018-03-19T01:15;2018-03-19T01:30;6;kWh;-4245;0;0;0;4245;-4245
2018-03-19T01:30;2018-03-19T01:45;7;kWh;-2799;0;0;0;2799;-2799
2018-03-19T01:45;2018-03-19T02:00;8;kWh;-1170;0;0;0;1170;-1170
2018-03-19T02:00;2018-03-19T02:15;9;kWh;-1929;0;0;0;1929;-1929
2018-03-19T02:15;2018-03-19T02:30;10;kWh;-918;82;0;0;1000;-836
2018-03-19T02:30;2018-03-19T02:45;11;kWh;0;1461;0;0;1461;1461
2018-03-19T02:45;2018-03-19T03:00;12;kWh;0;2560;0;0;2560;2560
2018-03-19T03:00;2018-03-19T03:15;13;kWh;0;0;0;0;0;0
2018-03-19T03:15;2018-03-19T03:30;14;kWh;0;0;0;0;0;0
2018-03-19T03:30;2018-03-19T03:45;15;kWh;-73;0;0;0;73;-73
2018-03-19T03:45;2018-03-19T04:00;16;kWh;-1487;0;0;0;1487;-1487
2018-03-19T04:00;2018-03-19T04:15;17;kWh;-1630;0;0;0;1630;-1630
2018-03-19T04:15;2018-03-19T04:30;18;kWh;-2319;0;0;0;2319;-2319
2018-03-19T04:30;2018-03-19T04:45;19;kWh;-1629;0;0;0;1629;-1629
2018-03-19T04:45;2018-03-19T05:00;20;kWh;-352;0;0;0;352;-352
2018-03-19T05:00;2018-03-19T05:15;21;kWh;-5950;0;0;0;5950;-5950
2018-03-19T05:15;2018-03-19T05:30;22;kWh;-13138;0;0;0;13138;-13138
2018-03-19T05:30;2018-03-19T05:45;23;kWh;-2069;389;0;0;2458;-1680
2018-03-19T05:45;2018-03-19T06:00;24;kWh;0;6183;0;0;6183;6183
2018-03-19T06:00;2018-03-19T06:15;25;kWh;0;962;0;0;962;962
2018-03-19T06:15;2018-03-19T06:30;26;kWh;0;6772;0;0;6772;6772
2018-03-19T06:30;2018-03-19T06:45;27;kWh;0;7865;0;0;7865;7865
2018-03-19T06:45;2018-03-19T07:00;28;kWh;-17;624;0;0;641;607
2018-03-19T07:00;2018-03-19T07:15;29;kWh;-18131;0;0;0;18131;-18131
2018-03-19T07:15;2018-03-19T07:30;30;kWh;-6031;0;0;0;6031;-6031
2018-03-19T07:30;2018-03-19T07:45;31;kWh;-768;0;0;0;768;-768
2018-03-19T07:45;2018-03-19T08:00;32;kWh;-518;7102;0;0;7620;6584
2018-03-19T08:00;2018-03-19T08:15;33;kWh;0;7137;0;0;7137;7137
2018-03-19T08:15;2018-03-19T08:30;34;kWh;-386;0;0;0;386;-386
2018-03-19T08:30;2018-03-19T08:45;35;kWh;-6325;0;0;0;6325;-6325
2018-03-19T08:45;2018-03-19T09:00;36;kWh;-34795;0;0;0;34795;-34795
2018-03-19T09:00;2018-03-19T09:15;37;kWh;-22225;0;0;0;22225;-22225
2018-03-19T09:15;2018-03-19T09:30;38;kWh;-29435;0;0;0;29435;-29435
2018-03-19T09:30;2018-03-19T09:45;39;kWh;-45071;0;0;0;45071;-45071
2018-03-19T09:45;2018-03-19T10:00;40;kWh;-57196;0;0;0;57196;-57196
2018-03-19T10:00;2018-03-19T10:15;41;kWh;-27657;41;0;0;27698;-27616
2018-03-19T10:15;2018-03-19T10:30;42;kWh;-12688;0;0;0;12688;-12688
2018-03-19T10:30;2018-03-19T10:45;43;kWh;-25624;0;0;0;25624;-25624
2018-03-19T10:45;2018-03-19T11:00;44;kWh;-35857;0;0;0;35857;-35857
2018-03-19T11:00;2018-03-19T11:15;45;kWh;-20284;0;0;0;20284;-20284
2018-03-19T11:15;2018-03-19T11:30;46;kWh;-24576;0;0;0;24576;-24576
2018-03-19T11:30;2018-03-19T11:45;47;kWh;-37028;0;0;0;37028;-37028
2018-03-19T11:45;2018-03-19T12:00;48;kWh;-35497;0;0;0;35497;-35497
2018-03-19T12:00;2018-03-19T12:15;49;kWh;-35965;0;0;0;35965;-35965
2018-03-19T12:15;2018-03-19T12:30;50;kWh;-43011;0;0;0;43011;-43011
2018-03-19T12:30;2018-03-19T12:45;51;kWh;-47742;0;0;0;47742;-47742
2018-03-19T12:45;2018-03-19T13:00;52;kWh;-55313;0;0;0;55313;-55313
2018-03-19T13:00;2018-03-19T13:15;53;kWh;-19204;0;0;0;19204;-19204
2018-03-19T13:15;2018-03-19T13:30;54;kWh;-25944;0;0;0;25944;-25944
2018-03-19T13:30;2018-03-19T13:45;55;kWh;-15596;0;0;0;15596;-15596
2018-03-19T13:45;2018-03-19T14:00;56;kWh;-28640;0;0;0;28640;-28640
2018-03-19T14:00;2018-03-19T14:15;57;kWh;-28662;0;0;0;28662;-28662
2018-03-19T14:15;2018-03-19T14:30;58;kWh;-13128;0;0;0;13128;-13128
2018-03-19T14:30;2018-03-19T14:45;59;kWh;-20924;0;0;0;20924;-20924
2018-03-19T14:45;2018-03-19T15:00;60;kWh;-24649;0;0;0;24649;-24649
2018-03-19T15:00;2018-03-19T15:15;61;kWh;-12516;0;0;0;12516;-12516
2018-03-19T15:15;2018-03-19T15:30;62;kWh;-207;0;0;0;207;-207
2018-03-19T15:30;2018-03-19T15:45;63;kWh;0;0;0;0;0;0
2018-03-19T15:45;2018-03-19T16:00;64;kWh;0;0;0;0;0;0
2018-03-19T16:00;2018-03-19T16:15;65;kWh;-22619;0;0;0;22619;-22619
2018-03-19T16:15;2018-03-19T16:30;66;kWh;-14416;0;0;0;14416;-14416
2018-03-19T16:30;2018-03-19T16:45;67;kWh;-7795;0;0;0;7795;-7795
2018-03-19T16:45;2018-03-19T17:00;68;kWh;-332;0;0;0;332;-332
2018-03-19T17:00;2018-03-19T17:15;69;kWh;-5573;0;0;0;5573;-5573
2018-03-19T17:15;2018-03-19T17:30;70;kWh;-1559;0;0;0;1559;-1559
2018-03-19T17:30;2018-03-19T17:45;71;kWh;-880;0;0;0;880;-880
2018-03-19T17:45;2018-03-19T18:00;72;kWh;-122;0;0;0;122;-122
2018-03-19T18:00;2018-03-19T18:15;73;kWh;-6534;0;0;0;6534;-6534
2018-03-19T18:15;2018-03-19T18:30;74;kWh;-9568;0;0;0;9568;-9568
2018-03-19T18:30;2018-03-19T18:45;75;kWh;-180;0;0;0;180;-180
2018-03-19T18:45;2018-03-19T19:00;76;kWh;0;2552;0;0;2552;2552
2018-03-19T19:00;2018-03-19T19:15;77;kWh;0;22892;0;0;22892;22892
2018-03-19T19:15;2018-03-19T19:30;78;kWh;0;42948;0;0;42948;42948
2018-03-19T19:30;2018-03-19T19:45;79;kWh;0;28313;0;0;28313;28313
2018-03-19T19:45;2018-03-19T20:00;80;kWh;0;1723;0;0;1723;1723
2018-03-19T20:00;2018-03-19T20:15;81;kWh;0;1279;0;0;1279;1279
2018-03-19T20:15;2018-03-19T20:30;82;kWh;0;0;0;0;0;0
2018-03-19T20:30;2018-03-19T20:45;83;kWh;0;0;0;0;0;0
2018-03-19T20:45;2018-03-19T21:00;84;kWh;0;0;0;0;0;0
2018-03-19T21:00;2018-03-19T21:15;85;kWh;0;306;0;0;306;306
2018-03-19T21:15;2018-03-19T21:30;86;kWh;0;7958;0;0;7958;7958
2018-03-19T21:30;2018-03-19T21:45;87;kWh;-1332;112;0;0;1444;-1220
2018-03-19T21:45;2018-03-19T22:00;88;kWh;-2883;0;0;0;2883;-2883
2018-03-19T22:00;2018-03-19T22:15;89;kWh;-279;0;0;0;279;-279
2018-03-19T22:15;2018-03-19T22:30;90;kWh;-17;0;0;0;17;-17
2018-03-19T22:30;2018-03-19T22:45;91;kWh;-213;0;0;0;213;-213
2018-03-19T22:45;2018-03-19T23:00;92;kWh;-6010;0;0;0;6010;-6010
2018-03-19T23:00;2018-03-19T23:15;93;kWh;-6232;0;0;0;6232;-6232
2018-03-19T23:15;2018-03-19T23:30;94;kWh;0;0;0;0;0;0
2018-03-19T23:30;2018-03-19T23:45;95;kWh;0;0;0;0;0;0
2018-03-19T23:45;2018-03-20T00:00;96;kWh;-907;0;0;0;907;-907
2018-03-20T00:00;2018-03-20T00:15;1;kWh;-1455;102;0;0;1557;-1353
2018-03-20T00:15;2018-03-20T00:30;2;kWh;0;580;0;0;580;580
2018-03-20T00:30;2018-03-20T00:45;3;kWh;0;0;0;0;0;0
2018-03-20T00:45;2018-03-20T01:00;4;kWh;-751;0;0;0;751;-751
2018-03-20T01:00;2018-03-20T01:15;5;kWh;-301;0;0;0;301;-301
2018-03-20T01:15;2018-03-20T01:30;6;kWh;0;475;0;0;475;475
2018-03-20T01:30;2018-03-20T01:45;7;kWh;0;352;0;0;352;352
2018-03-20T01:45;2018-03-20T02:00;8;kWh;-2;0;0;0;2;-2
2018-03-20T02:00;2018-03-20T02:15;9;kWh;-565;0;0;0;565;-565
2018-03-20T02:15;2018-03-20T02:30;10;kWh;-4;0;0;0;4;-4
2018-03-20T02:30;2018-03-20T02:45;11;kWh;-4321;0;0;0;4321;-4321
2018-03-20T02:45;2018-03-20T03:00;12;kWh;-2152;0;0;0;2152;-2152
2018-03-20T03:00;2018-03-20T03:15;13;kWh;-476;95;0;0;571;-381
2018-03-20T03:15;2018-03-20T03:30;14;kWh;0;750;0;0;750;750
2018-03-20T03:30;2018-03-20T03:45;15;kWh;0;561;0;0;561;561
2018-03-20T03:45;2018-03-20T04:00;16;kWh;0;0;0;0;0;0
2018-03-20T04:00;2018-03-20T04:15;17;kWh;0;0;0;0;0;0
2018-03-20T04:15;2018-03-20T04:30;18;kWh;-1263;0;0;0;1263;-1263
2018-03-20T04:30;2018-03-20T04:45;19;kWh;-2072;0;0;0;2072;-2072
2018-03-20T04:45;2018-03-20T05:00;20;kWh;0;0;0;0;0;0
2018-03-20T05:00;2018-03-20T05:15;21;kWh;0;627;0;0;627;627
2018-03-20T05:15;2018-03-20T05:30;22;kWh;0;2781;0;0;2781;2781
2018-03-20T05:30;2018-03-20T05:45;23;kWh;0;29977;0;0;29977;29977
2018-03-20T05:45;2018-03-20T06:00;24;kWh;0;43104;0;0;43104;43104
2018-03-20T06:00;2018-03-20T06:15;25;kWh;-13101;12207;0;0;25308;-894
2018-03-20T06:15;2018-03-20T06:30;26;kWh;-2380;0;0;0;2380;-2380
2018-03-20T06:30;2018-03-20T06:45;27;kWh;-7350;0;0;0;7350;-7350
2018-03-20T06:45;2018-03-20T07:00;28;kWh;-11614;0;0;0;11614;-11614
2018-03-20T07:00;2018-03-20T07:15;29;kWh;-56518;0;0;0;56518;-56518
2018-03-20T07:15;2018-03-20T07:30;30;kWh;-15047;0;0;0;15047;-15047
2018-03-20T07:30;2018-03-20T07:45;31;kWh;-5089;1854;0;0;6943;-3235
2018-03-20T07:45;2018-03-20T08:00;32;kWh;0;41916;0;0;41916;41916
2018-03-20T08:00;2018-03-20T08:15;33;kWh;-11092;16263;0;0;27355;5171
2018-03-20T08:15;2018-03-20T08:30;34;kWh;-17699;0;0;0;17699;-17699
2018-03-20T08:30;2018-03-20T08:45;35;kWh;-17453;0;0;0;17453;-17453
2018-03-20T08:45;2018-03-20T09:00;36;kWh;-4490;0;0;0;4490;-4490
2018-03-20T09:00;2018-03-20T09:15;37;kWh;-1106;4397;0;0;5503;3291
2018-03-20T09:15;2018-03-20T09:30;38;kWh;-18224;702;0;0;18926;-17522
2018-03-20T09:30;2018-03-20T09:45;39;kWh;-43254;0;0;0;43254;-43254
2018-03-20T09:45;2018-03-20T10:00;40;kWh;-63194;0;0;0;63194;-63194
2018-03-20T10:00;2018-03-20T10:15;41;kWh;-24956;780;0;0;25736;-24176
2018-03-20T10:15;2018-03-20T10:30;42;kWh;-4242;62;0;0;4304;-4180
2018-03-20T10:30;2018-03-20T10:45;43;kWh;-9869;0;0;0;9869;-9869
2018-03-20T10:45;2018-03-20T11:00;44;kWh;-46762;0;0;0;46762;-46762
2018-03-20T11:00;2018-03-20T11:15;45;kWh;-54595;0;0;0;54595;-54595
2018-03-20T11:15;2018-03-20T11:30;46;kWh;-56994;0;0;0;56994;-56994
2018-03-20T11:30;2018-03-20T11:45;47;kWh;-71778;0;0;0;71778;-71778
2018-03-20T11:45;2018-03-20T12:00;48;kWh;-78367;0;0;0;78367;-78367
2018-03-20T12:00;2018-03-20T12:15;49;kWh;-80671;0;0;0;80671;-80671
2018-03-20T12:15;2018-03-20T12:30;50;kWh;-80392;0;0;0;80392;-80392
2018-03-20T12:30;2018-03-20T12:45;51;kWh;-74607;0;0;0;74607;-74607
2018-03-20T12:45;2018-03-20T13:00;52;kWh;-73948;0;0;0;73948;-73948
2018-03-20T13:00;2018-03-20T13:15;53;kWh;-60408;0;0;0;60408;-60408
2018-03-20T13:15;2018-03-20T13:30;54;kWh;-24665;0;0;0;24665;-24665
2018-03-20T13:30;2018-03-20T13:45;55;kWh;-36806;0;0;0;36806;-36806
2018-03-20T13:45;2018-03-20T14:00;56;kWh;-33076;0;0;0;33076;-33076
2018-03-20T14:00;2018-03-20T14:15;57;kWh;-38964;0;0;0;38964;-38964
2018-03-20T14:15;2018-03-20T14:30;58;kWh;-37719;0;0;0;37719;-37719
2018-03-20T14:30;2018-03-20T14:45;59;kWh;-23641;0;0;0;23641;-23641
2018-03-20T14:45;2018-03-20T15:00;60;kWh;-15496;0;0;0;15496;-15496
2018-03-20T15:00;2018-03-20T15:15;61;kWh;-3707;0;0;0;3707;-3707
2018-03-20T15:15;2018-03-20T15:30;62;kWh;-2999;0;0;0;2999;-2999
2018-03-20T15:30;2018-03-20T15:45;63;kWh;-2130;0;0;0;2130;-2130
2018-03-20T15:45;2018-03-20T16:00;64;kWh;-51;0;0;0;51;-51
2018-03-20T16:00;2018-03-20T16:15;65;kWh;-28173;0;0;0;28173;-28173
2018-03-20T16:15;2018-03-20T16:30;66;kWh;-37220;0;0;0;37220;-37220
2018-03-20T16:30;2018-03-20T16:45;67;kWh;-24531;0;0;0;24531;-24531
2018-03-20T16:45;2018-03-20T17:00;68;kWh;-2384;534;0;0;2918;-1850
2018-03-20T17:00;2018-03-20T17:15;69;kWh;-285;52;0;0;337;-233
2018-03-20T17:15;2018-03-20T17:30;70;kWh;-13326;0;0;0;13326;-13326
2018-03-20T17:30;2018-03-20T17:45;71;kWh;-602;0;0;0;602;-602
2018-03-20T17:45;2018-03-20T18:00;72;kWh;0;1677;0;0;1677;1677
2018-03-20T18:00;2018-03-20T18:15;73;kWh;0;1973;0;0;1973;1973
2018-03-20T18:15;2018-03-20T18:30;74;kWh;0;8;0;0;8;8
2018-03-20T18:30;2018-03-20T18:45;75;kWh;0;3749;0;0;3749;3749
2018-03-20T18:45;2018-03-20T19:00;76;kWh;0;50950;0;0;50950;50950
2018-03-20T19:00;2018-03-20T19:15;77;kWh;-112;27260;0;0;27372;27148
2018-03-20T19:15;2018-03-20T19:30;78;kWh;0;26501;0;0;26501;26501
2018-03-20T19:30;2018-03-20T19:45;79;kWh;0;29418;0;0;29418;29418
2018-03-20T19:45;2018-03-20T20:00;80;kWh;0;6164;0;0;6164;6164
2018-03-20T20:00;2018-03-20T20:15;81;kWh;0;3622;0;0;3622;3622
2018-03-20T20:15;2018-03-20T20:30;82;kWh;0;1675;0;0;1675;1675
2018-03-20T20:30;2018-03-20T20:45;83;kWh;-192;68;0;0;260;-124
2018-03-20T20:45;2018-03-20T21:00;84;kWh;-4029;0;0;0;4029;-4029
2018-03-20T21:00;2018-03-20T21:15;85;kWh;-5386;50;0;0;5436;-5336
2018-03-20T21:15;2018-03-20T21:30;86;kWh;-680;159;0;0;839;-521
2018-03-20T21:30;2018-03-20T21:45;87;kWh;-1071;0;0;0;1071;-1071
2018-03-20T21:45;2018-03-20T22:00;88;kWh;-1884;0;0;0;1884;-1884
2018-03-20T22:00;2018-03-20T22:15;89;kWh;-4023;0;0;0;4023;-4023
2018-03-20T22:15;2018-03-20T22:30;90;kWh;-388;0;0;0;388;-388
2018-03-20T22:30;2018-03-20T22:45;91;kWh;-2353;0;0;0;2353;-2353
2018-03-20T22:45;2018-03-20T23:00;92;kWh;-4882;0;0;0;4882;-4882
2018-03-20T23:00;2018-03-20T23:15;93;kWh;-9771;14;0;0;9785;-9757
2018-03-20T23:15;2018-03-20T23:30;94;kWh;-421;609;0;0;1030;188
2018-03-20T23:30;2018-03-20T23:45;95;kWh;-3493;0;0;0;3493;-3493
2018-03-20T23:45;2018-03-21T00:00;96;kWh;-29361;0;0;0;29361;-29361
2018-03-21T00:00;2018-03-21T00:15;1;kWh;-19766;93;0;0;19859;-19673
2018-03-21T00:15;2018-03-21T00:30;2;kWh;0;11;0;0;11;11
2018-03-21T00:30;2018-03-21T00:45;3;kWh;-432;0;0;0;432;-432
2018-03-21T00:45;2018-03-21T01:00;4;kWh;-4330;0;0;0;4330;-4330
2018-03-21T01:00;2018-03-21T01:15;5;kWh;-7882;0;0;0;7882;-7882
2018-03-21T01:15;2018-03-21T01:30;6;kWh;-40;0;0;0;40;-40
2018-03-21T01:30;2018-03-21T01:45;7;kWh;0;0;0;0;0;0
2018-03-21T01:45;2018-03-21T02:00;8;kWh;0;0;0;0;0;0
2018-03-21T02:00;2018-03-21T02:15;9;kWh;0;0;0;0;0;0
2018-03-21T02:15;2018-03-21T02:30;10;kWh;0;0;0;0;0;0
2018-03-21T02:30;2018-03-21T02:45;11;kWh;0;0;0;0;0;0
2018-03-21T02:45;2018-03-21T03:00;12;kWh;0;0;0;0;0;0
2018-03-21T03:00;2018-03-21T03:15;13;kWh;0;0;0;0;0;0
2018-03-21T03:15;2018-03-21T03:30;14;kWh;0;138;0;0;138;138
2018-03-21T03:30;2018-03-21T03:45;15;kWh;0;6138;0;0;6138;6138
2018-03-21T03:45;2018-03-21T04:00;16;kWh;0;14459;0;0;14459;14459
2018-03-21T04:00;2018-03-21T04:15;17;kWh;0;13129;0;0;13129;13129
2018-03-21T04:15;2018-03-21T04:30;18;kWh;0;22603;0;0;22603;22603
2018-03-21T04:30;2018-03-21T04:45;19;kWh;0;20734;0;0;20734;20734
2018-03-21T04:45;2018-03-21T05:00;20;kWh;0;26389;0;0;26389;26389
2018-03-21T05:00;2018-03-21T05:15;21;kWh;-783;7011;0;0;7794;6228
2018-03-21T05:15;2018-03-21T05:30;22;kWh;0;705;0;0;705;705
2018-03-21T05:30;2018-03-21T05:45;23;kWh;0;7280;0;0;7280;7280
2018-03-21T05:45;2018-03-21T06:00;24;kWh;0;5154;0;0;5154;5154
2018-03-21T06:00;2018-03-21T06:15;25;kWh;-9036;2855;0;0;11891;-6181
2018-03-21T06:15;2018-03-21T06:30;26;kWh;-6521;25;0;0;6546;-6496
2018-03-21T06:30;2018-03-21T06:45;27;kWh;-394;12722;0;0;13116;12328
2018-03-21T06:45;2018-03-21T07:00;28;kWh;0;48761;0;0;48761;48761
2018-03-21T07:00;2018-03-21T07:15;29;kWh;-20560;15417;0;0;35977;-5143
2018-03-21T07:15;2018-03-21T07:30;30;kWh;-3582;0;0;0;3582;-3582
2018-03-21T07:30;2018-03-21T07:45;31;kWh;0;659;0;0;659;659
2018-03-21T07:45;2018-03-21T08:00;32;kWh;0;24317;0;0;24317;24317
2018-03-21T08:00;2018-03-21T08:15;33;kWh;0;9583;0;0;9583;9583
2018-03-21T08:15;2018-03-21T08:30;34;kWh;-197;0;0;0;197;-197
2018-03-21T08:30;2018-03-21T08:45;35;kWh;-1296;0;0;0;1296;-1296
2018-03-21T08:45;2018-03-21T09:00;36;kWh;-24345;0;0;0;24345;-24345
2018-03-21T09:00;2018-03-21T09:15;37;kWh;-10249;0;0;0;10249;-10249
2018-03-21T09:15;2018-03-21T09:30;38;kWh;-4741;0;0;0;4741;-4741
2018-03-21T09:30;2018-03-21T09:45;39;kWh;-51064;0;0;0;51064;-51064
2018-03-21T09:45;2018-03-21T10:00;40;kWh;-49806;0;0;0;49806;-49806
2018-03-21T10:00;2018-03-21T10:15;41;kWh;-10060;3078;0;0;13138;-6982
2018-03-21T10:15;2018-03-21T10:30;42;kWh;0;0;0;0;0;0
2018-03-21T10:30;2018-03-21T10:45;43;kWh;0;0;0;0;0;0
2018-03-21T10:45;2018-03-21T11:00;44;kWh;-3210;0;0;0;3210;-3210
2018-03-21T11:00;2018-03-21T11:15;45;kWh;-431;0;0;0;431;-431
2018-03-21T11:15;2018-03-21T11:30;46;kWh;0;0;0;0;0;0
2018-03-21T11:30;2018-03-21T11:45;47;kWh;0;0;0;0;0;0
2018-03-21T11:45;2018-03-21T12:00;48;kWh;-339;0;0;0;339;-339
2018-03-21T12:00;2018-03-21T12:15;49;kWh;-82;0;0;0;82;-82
2018-03-21T12:15;2018-03-21T12:30;50;kWh;0;0;0;0;0;0
2018-03-21T12:30;2018-03-21T12:45;51;kWh;0;2620;0;0;2620;2620
2018-03-21T12:45;2018-03-21T13:00;52;kWh;0;1282;0;0;1282;1282
2018-03-21T13:00;2018-03-21T13:15;53;kWh;0;1807;0;0;1807;1807
2018-03-21T13:15;2018-03-21T13:30;54;kWh;0;987;0;0;987;987
2018-03-21T13:30;2018-03-21T13:45;55;kWh;0;698;0;0;698;698
2018-03-21T13:45;2018-03-21T14:00;56;kWh;0;1076;0;0;1076;1076
2018-03-21T14:00;2018-03-21T14:15;57;kWh;0;5863;0;0;5863;5863
2018-03-21T14:15;2018-03-21T14:30;58;kWh;0;4089;0;0;4089;4089
2018-03-21T14:30;2018-03-21T14:45;59;kWh;0;0;0;0;0;0
2018-03-21T14:45;2018-03-21T15:00;60;kWh;0;0;0;0;0;0
2018-03-21T15:00;2018-03-21T15:15;61;kWh;-6041;0;0;0;6041;-6041
2018-03-21T15:15;2018-03-21T15:30;62;kWh;-20656;0;0;0;20656;-20656
2018-03-21T15:30;2018-03-21T15:45;63;kWh;-4888;0;0;0;4888;-4888
2018-03-21T15:45;2018-03-21T16:00;64;kWh;-10184;0;0;0;10184;-10184
2018-03-21T16:00;2018-03-21T16:15;65;kWh;-27959;0;0;0;27959;-27959
2018-03-21T16:15;2018-03-21T16:30;66;kWh;-37500;0;0;0;37500;-37500
2018-03-21T16:30;2018-03-21T16:45;67;kWh;-26621;0;0;0;26621;-26621
2018-03-21T16:45;2018-03-21T17:00;68;kWh;-8265;0;0;0;8265;-8265
2018-03-21T17:00;2018-03-21T17:15;69;kWh;-23318;0;0;0;23318;-23318
2018-03-21T17:15;2018-03-21T17:30;70;kWh;-12027;0;0;0;12027;-12027
2018-03-21T17:30;2018-03-21T17:45;71;kWh;-16302;0;0;0;16302;-16302
2018-03-21T17:45;2018-03-21T18:00;72;kWh;-4082;0;0;0;4082;-4082
2018-03-21T18:00;2018-03-21T18:15;73;kWh;-19936;0;0;0;19936;-19936
2018-03-21T18:15;2018-03-21T18:30;74;kWh;-42582;0;0;0;42582;-42582
2018-03-21T18:30;2018-03-21T18:45;75;kWh;-24542;0;0;0;24542;-24542
2018-03-21T18:45;2018-03-21T19:00;76;kWh;-589;0;0;0;589;-589
2018-03-21T19:00;2018-03-21T19:15;77;kWh;-5696;0;0;0;5696;-5696
2018-03-21T19:15;2018-03-21T19:30;78;kWh;-189;2695;0;0;2884;2506
2018-03-21T19:30;2018-03-21T19:45;79;kWh;-551;224;0;0;775;-327
2018-03-21T19:45;2018-03-21T20:00;80;kWh;-15867;0;0;0;15867;-15867
2018-03-21T20:00;2018-03-21T20:15;81;kWh;-8229;10416;0;0;18645;2187
2018-03-21T20:15;2018-03-21T20:30;82;kWh;-6550;3792;0;0;10342;-2758
2018-03-21T20:30;2018-03-21T20:45;83;kWh;-47278;0;0;0;47278;-47278
2018-03-21T20:45;2018-03-21T21:00;84;kWh;-76620;0;0;0;76620;-76620
2018-03-21T21:00;2018-03-21T21:15;85;kWh;-38121;321;0;0;38442;-37800
2018-03-21T21:15;2018-03-21T21:30;86;kWh;-35;1;0;0;36;-34
2018-03-21T21:30;2018-03-21T21:45;87;kWh;-984;0;0;0;984;-984
2018-03-21T21:45;2018-03-21T22:00;88;kWh;-11748;0;0;0;11748;-11748
2018-03-21T22:00;2018-03-21T22:15;89;kWh;-24585;1619;0;0;26204;-22966
2018-03-21T22:15;2018-03-21T22:30;90;kWh;-12268;1904;0;0;14172;-10364
2018-03-21T22:30;2018-03-21T22:45;91;kWh;-45229;0;0;0;45229;-45229
2018-03-21T22:45;2018-03-21T23:00;92;kWh;-51520;0;0;0;51520;-51520
2018-03-21T23:00;2018-03-21T23:15;93;kWh;-25219;120;0;0;25339;-25099
2018-03-21T23:15;2018-03-21T23:30;94;kWh;-15639;6;0;0;15645;-15633
2018-03-21T23:30;2018-03-21T23:45;95;kWh;-40299;0;0;0;40299;-40299
2018-03-21T23:45;2018-03-22T00:00;96;kWh;-52536;0;0;0;52536;-52536
2018-03-22T00:00;2018-03-22T00:15;1;kWh;-18060;16563;0;0;34623;-1497
2018-03-22T00:15;2018-03-22T00:30;2;kWh;-1809;25748;0;0;27557;23939
2018-03-22T00:30;2018-03-22T00:45;3;kWh;-40545;24;0;0;40569;-40521
2018-03-22T00:45;2018-03-22T01:00;4;kWh;-49527;0;0;0;49527;-49527
2018-03-22T01:00;2018-03-22T01:15;5;kWh;-30594;1098;0;0;31692;-29496
2018-03-22T01:15;2018-03-22T01:30;6;kWh;-1545;5385;0;0;6930;3840
2018-03-22T01:30;2018-03-22T01:45;7;kWh;-24727;19;0;0;24746;-24708
2018-03-22T01:45;2018-03-22T02:00;8;kWh;-31725;0;0;0;31725;-31725
2018-03-22T02:00;2018-03-22T02:15;9;kWh;-17702;271;0;0;17973;-17431
2018-03-22T02:15;2018-03-22T02:30;10;kWh;-304;310;0;0;614;6
2018-03-22T02:30;2018-03-22T02:45;11;kWh;-6499;0;0;0;6499;-6499
2018-03-22T02:45;2018-03-22T03:00;12;kWh;-44092;0;0;0;44092;-44092
2018-03-22T03:00;2018-03-22T03:15;13;kWh;-27476;769;0;0;28245;-26707
2018-03-22T03:15;2018-03-22T03:30;14;kWh;-9479;308;0;0;9787;-9171
2018-03-22T03:30;2018-03-22T03:45;15;kWh;-32608;0;0;0;32608;-32608
2018-03-22T03:45;2018-03-22T04:00;16;kWh;-30882;0;0;0;30882;-30882
2018-03-22T04:00;2018-03-22T04:15;17;kWh;-14944;0;0;0;14944;-14944
2018-03-22T04:15;2018-03-22T04:30;18;kWh;-423;0;0;0;423;-423
2018-03-22T04:30;2018-03-22T04:45;19;kWh;-4366;0;0;0;4366;-4366
2018-03-22T04:45;2018-03-22T05:00;20;kWh;-1836;0;0;0;1836;-1836
2018-03-22T05:00;2018-03-22T05:15;21;kWh;-18614;0;0;0;18614;-18614
2018-03-22T05:15;2018-03-22T05:30;22;kWh;-31232;0;0;0;31232;-31232
2018-03-22T05:30;2018-03-22T05:45;23;kWh;-27353;0;0;0;27353;-27353
2018-03-22T05:45;2018-03-22T06:00;24;kWh;-1440;393;0;0;1833;-1047
2018-03-22T06:00;2018-03-22T06:15;25;kWh;-17710;0;0;0;17710;-17710
2018-03-22T06:15;2018-03-22T06:30;26;kWh;-21317;0;0;0;21317;-21317
2018-03-22T06:30;2018-03-22T06:45;27;kWh;-9099;432;0;0;9531;-8667
2018-03-22T06:45;2018-03-22T07:00;28;kWh;-67;2199;0;0;2266;2132
2018-03-22T07:00;2018-03-22T07:15;29;kWh;-32424;56;0;0;32480;-32368
2018-03-22T07:15;2018-03-22T07:30;30;kWh;-14069;24;0;0;14093;-14045
2018-03-22T07:30;2018-03-22T07:45;31;kWh;-1006;23888;0;0;24894;22882
2018-03-22T07:45;2018-03-22T08:00;32;kWh;0;69622;0;0;69622;69622
2018-03-22T08:00;2018-03-22T08:15;33;kWh;-10382;21312;0;0;31694;10930
2018-03-22T08:15;2018-03-22T08:30;34;kWh;-744;11699;0;0;12443;10955
2018-03-22T08:30;2018-03-22T08:45;35;kWh;0;3408;0;0;3408;3408
2018-03-22T08:45;2018-03-22T09:00;36;kWh;0;45419;0;0;45419;45419
2018-03-22T09:00;2018-03-22T09:15;37;kWh;-1381;18517;0;0;19898;17136
2018-03-22T09:15;2018-03-22T09:30;38;kWh;-1684;5391;0;0;7075;3707
2018-03-22T09:30;2018-03-22T09:45;39;kWh;0;23530;0;0;23530;23530
2018-03-22T09:45;2018-03-22T10:00;40;kWh;0;15815;0;0;15815;15815
2018-03-22T10:00;2018-03-22T10:15;41;kWh;-8487;7304;0;0;15791;-1183
2018-03-22T10:15;2018-03-22T10:30;42;kWh;-8529;0;0;0;8529;-8529
2018-03-22T10:30;2018-03-22T10:45;43;kWh;-4104;0;0;0;4104;-4104
2018-03-22T10:45;2018-03-22T11:00;44;kWh;-15054;0;0;0;15054;-15054
2018-03-22T11:00;2018-03-22T11:15;45;kWh;-48504;0;0;0;48504;-48504
2018-03-22T11:15;2018-03-22T11:30;46;kWh;-54201;0;0;0;54201;-54201
2018-03-22T11:30;2018-03-22T11:45;47;kWh;-52944;0;0;0;52944;-52944
2018-03-22T11:45;2018-03-22T12:00;48;kWh;-37260;0;0;0;37260;-37260
2018-03-22T12:00;2018-03-22T12:15;49;kWh;-29434;0;0;0;29434;-29434
2018-03-22T12:15;2018-03-22T12:30;50;kWh;-45715;0;0;0;45715;-45715
2018-03-22T12:30;2018-03-22T12:45;51;kWh;-41324;0;0;0;41324;-41324
2018-03-22T12:45;2018-03-22T13:00;52;kWh;-11523;0;0;0;11523;-11523
2018-03-22T13:00;2018-03-22T13:15;53;kWh;-4335;0;0;0;4335;-4335
2018-03-22T13:15;2018-03-22T13:30;54;kWh;0;0;0;0;0;0
2018-03-22T13:30;2018-03-22T13:45;55;kWh;-2521;0;0;0;2521;-2521
2018-03-22T13:45;2018-03-22T14:00;56;kWh;-26206;41;0;0;26247;-26165
2018-03-22T14:00;2018-03-22T14:15;57;kWh;-868;390;0;0;1258;-478
2018-03-22T14:15;2018-03-22T14:30;58;kWh;0;0;0;0;0;0
2018-03-22T14:30;2018-03-22T14:45;59;kWh;0;0;0;0;0;0
2018-03-22T14:45;2018-03-22T15:00;60;kWh;-4163;0;0;0;4163;-4163
2018-03-22T15:00;2018-03-22T15:15;61;kWh;-38474;0;0;0;38474;-38474
2018-03-22T15:15;2018-03-22T15:30;62;kWh;-5669;0;0;0;5669;-5669
2018-03-22T15:30;2018-03-22T15:45;63;kWh;0;0;0;0;0;0
2018-03-22T15:45;2018-03-22T16:00;64;kWh;0;0;0;0;0;0
2018-03-22T16:00;2018-03-22T16:15;65;kWh;-18621;0;0;0;18621;-18621
2018-03-22T16:15;2018-03-22T16:30;66;kWh;-11037;0;0;0;11037;-11037
2018-03-22T16:30;2018-03-22T16:45;67;kWh;-6;0;0;0;6;-6
2018-03-22T16:45;2018-03-22T17:00;68;kWh;0;0;0;0;0;0
2018-03-22T17:00;2018-03-22T17:15;69;kWh;-11760;0;0;0;11760;-11760
2018-03-22T17:15;2018-03-22T17:30;70;kWh;-2542;0;0;0;2542;-2542
2018-03-22T17:30;2018-03-22T17:45;71;kWh;0;0;0;0;0;0
2018-03-22T17:45;2018-03-22T18:00;72;kWh;0;0;0;0;0;0
2018-03-22T18:00;2018-03-22T18:15;73;kWh;-3108;0;0;0;3108;-3108
2018-03-22T18:15;2018-03-22T18:30;74;kWh;-1979;0;0;0;1979;-1979
2018-03-22T18:30;2018-03-22T18:45;75;kWh;-5;0;0;0;5;-5
2018-03-22T18:45;2018-03-22T19:00;76;kWh;0;13101;0;0;13101;13101
2018-03-22T19:00;2018-03-22T19:15;77;kWh;-269;8844;0;0;9113;8575
2018-03-22T19:15;2018-03-22T19:30;78;kWh;-1651;0;0;0;1651;-1651
2018-03-22T19:30;2018-03-22T19:45;79;kWh;-137;0;0;0;137;-137
2018-03-22T19:45;2018-03-22T20:00;80;kWh;-8262;0;0;0;8262;-8262
2018-03-22T20:00;2018-03-22T20:15;81;kWh;-881;25789;0;0;26670;24908
2018-03-22T20:15;2018-03-22T20:30;82;kWh;-500;6021;0;0;6521;5521
2018-03-22T20:30;2018-03-22T20:45;83;kWh;-1035;0;0;0;1035;-1035
2018-03-22T20:45;2018-03-22T21:00;84;kWh;-19324;0;0;0;19324;-19324
2018-03-22T21:00;2018-03-22T21:15;85;kWh;-7675;11983;0;0;19658;4308
2018-03-22T21:15;2018-03-22T21:30;86;kWh;-504;4432;0;0;4936;3928
2018-03-22T21:30;2018-03-22T21:45;87;kWh;-9442;0;0;0;9442;-9442
2018-03-22T21:45;2018-03-22T22:00;88;kWh;-47167;0;0;0;47167;-47167
2018-03-22T22:00;2018-03-22T22:15;89;kWh;-32676;41;0;0;32717;-32635
2018-03-22T22:15;2018-03-22T22:30;90;kWh;-476;429;0;0;905;-47
2018-03-22T22:30;2018-03-22T22:45;91;kWh;-5197;0;0;0;5197;-5197
2018-03-22T22:45;2018-03-22T23:00;92;kWh;-27568;0;0;0;27568;-27568
2018-03-22T23:00;2018-03-22T23:15;93;kWh;-21660;156;0;0;21816;-21504
2018-03-22T23:15;2018-03-22T23:30;94;kWh;-5330;296;0;0;5626;-5034
2018-03-22T23:30;2018-03-22T23:45;95;kWh;-22796;0;0;0;22796;-22796
2018-03-22T23:45;2018-03-23T00:00;96;kWh;-5150;0;0;0;5150;-5150
2018-03-23T00:00;2018-03-23T00:15;1;kWh;0;62;0;0;62;62
2018-03-23T00:15;2018-03-23T00:30;2;kWh;0;0;0;0;0;0
2018-03-23T00:30;2018-03-23T00:45;3;kWh;0;0;0;0;0;0
2018-03-23T00:45;2018-03-23T01:00;4;kWh;-5077;0;0;0;5077;-5077
2018-03-23T01:00;2018-03-23T01:15;5;kWh;-9574;1031;0;0;10605;-8543
2018-03-23T01:15;2018-03-23T01:30;6;kWh;0;533;0;0;533;533
2018-03-23T01:30;2018-03-23T01:45;7;kWh;0;455;0;0;455;455
2018-03-23T01:45;2018-03-23T02:00;8;kWh;0;2;0;0;2;2
2018-03-23T02:00;2018-03-23T02:15;9;kWh;0;0;0;0;0;0
2018-03-23T02:15;2018-03-23T02:30;10;kWh;0;0;0;0;0;0
2018-03-23T02:30;2018-03-23T02:45;11;kWh;-213;0;0;0;213;-213
2018-03-23T02:45;2018-03-23T03:00;12;kWh;-26270;0;0;0;26270;-26270
2018-03-23T03:00;2018-03-23T03:15;13;kWh;-21062;0;0;0;21062;-21062
2018-03-23T03:15;2018-03-23T03:30;14;kWh;-3494;0;0;0;3494;-3494
2018-03-23T03:30;2018-03-23T03:45;15;kWh;-17160;0;0;0;17160;-17160
2018-03-23T03:45;2018-03-23T04:00;16;kWh;-17845;0;0;0;17845;-17845
2018-03-23T04:00;2018-03-23T04:15;17;kWh;-16917;0;0;0;16917;-16917
2018-03-23T04:15;2018-03-23T04:30;18;kWh;-10588;0;0;0;10588;-10588
2018-03-23T04:30;2018-03-23T04:45;19;kWh;-4133;0;0;0;4133;-4133
2018-03-23T04:45;2018-03-23T05:00;20;kWh;-8877;0;0;0;8877;-8877
2018-03-23T05:00;2018-03-23T05:15;21;kWh;-21277;0;0;0;21277;-21277
2018-03-23T05:15;2018-03-23T05:30;22;kWh;-17116;0;0;0;17116;-17116
2018-03-23T05:30;2018-03-23T05:45;23;kWh;-2705;100;0;0;2805;-2605
2018-03-23T05:45;2018-03-23T06:00;24;kWh;-84;876;0;0;960;792
2018-03-23T06:00;2018-03-23T06:15;25;kWh;-26154;0;0;0;26154;-26154
2018-03-23T06:15;2018-03-23T06:30;26;kWh;-1987;0;0;0;1987;-1987
2018-03-23T06:30;2018-03-23T06:45;27;kWh;-1732;0;0;0;1732;-1732
2018-03-23T06:45;2018-03-23T07:00;28;kWh;-116;0;0;0;116;-116
2018-03-23T07:00;2018-03-23T07:15;29;kWh;-5969;0;0;0;5969;-5969
2018-03-23T07:15;2018-03-23T07:30;30;kWh;-46;0;0;0;46;-46
2018-03-23T07:30;2018-03-23T07:45;31;kWh;0;0;0;0;0;0
2018-03-23T07:45;2018-03-23T08:00;32;kWh;0;11991;0;0;11991;11991
2018-03-23T08:00;2018-03-23T08:15;33;kWh;0;18754;0;0;18754;18754
2018-03-23T08:15;2018-03-23T08:30;34;kWh;0;23505;0;0;23505;23505
2018-03-23T08:30;2018-03-23T08:45;35;kWh;0;21761;0;0;21761;21761
2018-03-23T08:45;2018-03-23T09:00;36;kWh;0;23988;0;0;23988;23988
2018-03-23T09:00;2018-03-23T09:15;37;kWh;0;17589;0;0;17589;17589
2018-03-23T09:15;2018-03-23T09:30;38;kWh;0;603;0;0;603;603
2018-03-23T09:30;2018-03-23T09:45;39;kWh;-753;0;0;0;753;-753
2018-03-23T09:45;2018-03-23T10:00;40;kWh;-10308;0;0;0;10308;-10308
2018-03-23T10:00;2018-03-23T10:15;41;kWh;-4214;206;0;0;4420;-4008
2018-03-23T10:15;2018-03-23T10:30;42;kWh;0;343;0;0;343;343
2018-03-23T10:30;2018-03-23T10:45;43;kWh;-1365;0;0;0;1365;-1365
2018-03-23T10:45;2018-03-23T11:00;44;kWh;-21200;0;0;0;21200;-21200
2018-03-23T11:00;2018-03-23T11:15;45;kWh;-7941;15297;0;0;23238;7356
2018-03-23T11:15;2018-03-23T11:30;46;kWh;0;12179;0;0;12179;12179
2018-03-23T11:30;2018-03-23T11:45;47;kWh;0;0;0;0;0;0
2018-03-23T11:45;2018-03-23T12:00;48;kWh;0;0;0;0;0;0
2018-03-23T12:00;2018-03-23T12:15;49;kWh;0;3369;0;0;3369;3369
2018-03-23T12:15;2018-03-23T12:30;50;kWh;0;172;0;0;172;172
2018-03-23T12:30;2018-03-23T12:45;51;kWh;0;11499;0;0;11499;11499
2018-03-23T12:45;2018-03-23T13:00;52;kWh;0;7503;0;0;7503;7503
2018-03-23T13:00;2018-03-23T13:15;53;kWh;0;33844;0;0;33844;33844
2018-03-23T13:15;2018-03-23T13:30;54;kWh;0;40581;0;0;40581;40581
2018-03-23T13:30;2018-03-23T13:45;55;kWh;0;5550;0;0;5550;5550
2018-03-23T13:45;2018-03-23T14:00;56;kWh;0;0;0;0;0;0
2018-03-23T14:00;2018-03-23T14:15;57;kWh;0;20818;0;0;20818;20818
2018-03-23T14:15;2018-03-23T14:30;58;kWh;0;61296;0;0;61296;61296
2018-03-23T14:30;2018-03-23T14:45;59;kWh;0;47243;0;0;47243;47243
2018-03-23T14:45;2018-03-23T15:00;60;kWh;0;41325;0;0;41325;41325
2018-03-23T15:00;2018-03-23T15:15;61;kWh;0;26367;0;0;26367;26367
2018-03-23T15:15;2018-03-23T15:30;62;kWh;0;30055;0;0;30055;30055
2018-03-23T15:30;2018-03-23T15:45;63;kWh;0;28872;0;0;28872;28872
2018-03-23T15:45;2018-03-23T16:00;64;kWh;0;42193;0;0;42193;42193
2018-03-23T16:00;2018-03-23T16:15;65;kWh;0;31891;0;0;31891;31891
2018-03-23T16:15;2018-03-23T16:30;66;kWh;0;16630;0;0;16630;16630
2018-03-23T16:30;2018-03-23T16:45;67;kWh;0;31305;0;0;31305;31305
2018-03-23T16:45;2018-03-23T17:00;68;kWh;0;55011;0;0;55011;55011
2018-03-23T17:00;2018-03-23T17:15;69;kWh;0;20527;0;0;20527;20527
2018-03-23T17:15;2018-03-23T17:30;70;kWh;0;557;0;0;557;557
2018-03-23T17:30;2018-03-23T17:45;71;kWh;0;13497;0;0;13497;13497
2018-03-23T17:45;2018-03-23T18:00;72;kWh;0;40383;0;0;40383;40383
2018-03-23T18:00;2018-03-23T18:15;73;kWh;-257;29130;0;0;29387;28873
2018-03-23T18:15;2018-03-23T18:30;74;kWh;-6741;285;0;0;7026;-6456
2018-03-23T18:30;2018-03-23T18:45;75;kWh;-5445;0;0;0;5445;-5445
2018-03-23T18:45;2018-03-23T19:00;76;kWh;-870;228;0;0;1098;-642
2018-03-23T19:00;2018-03-23T19:15;77;kWh;0;750;0;0;750;750
2018-03-23T19:15;2018-03-23T19:30;78;kWh;0;1623;0;0;1623;1623
2018-03-23T19:30;2018-03-23T19:45;79;kWh;-163;1020;0;0;1183;857
2018-03-23T19:45;2018-03-23T20:00;80;kWh;-1438;0;0;0;1438;-1438
2018-03-23T20:00;2018-03-23T20:15;81;kWh;-1281;0;0;0;1281;-1281
2018-03-23T20:15;2018-03-23T20:30;82;kWh;-71;0;0;0;71;-71
2018-03-23T20:30;2018-03-23T20:45;83;kWh;-4681;0;0;0;4681;-4681
2018-03-23T20:45;2018-03-23T21:00;84;kWh;-20783;0;0;0;20783;-20783
2018-03-23T21:00;2018-03-23T21:15;85;kWh;-11255;12950;0;0;24205;1695
2018-03-23T21:15;2018-03-23T21:30;86;kWh;-6;14866;0;0;14872;14860
2018-03-23T21:30;2018-03-23T21:45;87;kWh;0;187;0;0;187;187
2018-03-23T21:45;2018-03-23T22:00;88;kWh;0;0;0;0;0;0
2018-03-23T22:00;2018-03-23T22:15;89;kWh;0;0;0;0;0;0
2018-03-23T22:15;2018-03-23T22:30;90;kWh;-154;0;0;0;154;-154
2018-03-23T22:30;2018-03-23T22:45;91;kWh;-252;7;0;0;259;-245
2018-03-23T22:45;2018-03-23T23:00;92;kWh;-15;85;0;0;100;70
2018-03-23T23:00;2018-03-23T23:15;93;kWh;-309;0;0;0;309;-309
2018-03-23T23:15;2018-03-23T23:30;94;kWh;0;0;0;0;0;0
2018-03-23T23:30;2018-03-23T23:45;95;kWh;0;0;0;0;0;0
2018-03-23T23:45;2018-03-24T00:00;96;kWh;-496;0;0;0;496;-496
2018-03-24T00:00;2018-03-24T00:15;1;kWh;-675;0;0;0;675;-675
2018-03-24T00:15;2018-03-24T00:30;2;kWh;-6;0;0;0;6;-6
2018-03-24T00:30;2018-03-24T00:45;3;kWh;-2262;0;0;0;2262;-2262
2018-03-24T00:45;2018-03-24T01:00;4;kWh;-8303;0;0;0;8303;-8303
2018-03-24T01:00;2018-03-24T01:15;5;kWh;-9062;0;0;0;9062;-9062
2018-03-24T01:15;2018-03-24T01:30;6;kWh;-230;321;0;0;551;91
2018-03-24T01:30;2018-03-24T01:45;7;kWh;0;0;0;0;0;0
2018-03-24T01:45;2018-03-24T02:00;8;kWh;0;0;0;0;0;0
2018-03-24T02:00;2018-03-24T02:15;9;kWh;0;0;0;0;0;0
2018-03-24T02:15;2018-03-24T02:30;10;kWh;0;0;0;0;0;0
2018-03-24T02:30;2018-03-24T02:45;11;kWh;0;0;0;0;0;0
2018-03-24T02:45;2018-03-24T03:00;12;kWh;0;0;0;0;0;0
2018-03-24T03:00;2018-03-24T03:15;13;kWh;0;27;0;0;27;27
2018-03-24T03:15;2018-03-24T03:30;14;kWh;0;7967;0;0;7967;7967
2018-03-24T03:30;2018-03-24T03:45;15;kWh;0;13791;0;0;13791;13791
2018-03-24T03:45;2018-03-24T04:00;16;kWh;0;12664;0;0;12664;12664
2018-03-24T04:00;2018-03-24T04:15;17;kWh;0;7075;0;0;7075;7075
2018-03-24T04:15;2018-03-24T04:30;18;kWh;0;14217;0;0;14217;14217
2018-03-24T04:30;2018-03-24T04:45;19;kWh;0;6994;0;0;6994;6994
2018-03-24T04:45;2018-03-24T05:00;20;kWh;0;189;0;0;189;189
2018-03-24T05:00;2018-03-24T05:15;21;kWh;0;0;0;0;0;0
2018-03-24T05:15;2018-03-24T05:30;22;kWh;0;0;0;0;0;0
2018-03-24T05:30;2018-03-24T05:45;23;kWh;0;0;0;0;0;0
2018-03-24T05:45;2018-03-24T06:00;24;kWh;0;89;0;0;89;89
2018-03-24T06:00;2018-03-24T06:15;25;kWh;0;1714;0;0;1714;1714
2018-03-24T06:15;2018-03-24T06:30;26;kWh;0;2423;0;0;2423;2423
2018-03-24T06:30;2018-03-24T06:45;27;kWh;0;3678;0;0;3678;3678
2018-03-24T06:45;2018-03-24T07:00;28;kWh;0;14665;0;0;14665;14665
2018-03-24T07:00;2018-03-24T07:15;29;kWh;0;7291;0;0;7291;7291
2018-03-24T07:15;2018-03-24T07:30;30;kWh;0;19157;0;0;19157;19157
2018-03-24T07:30;2018-03-24T07:45;31;kWh;0;35885;0;0;35885;35885
2018-03-24T07:45;2018-03-24T08:00;32;kWh;0;51406;0;0;51406;51406
2018-03-24T08:00;2018-03-24T08:15;33;kWh;-583;17987;0;0;18570;17404
2018-03-24T08:15;2018-03-24T08:30;34;kWh;0;0;0;0;0;0
2018-03-24T08:30;2018-03-24T08:45;35;kWh;0;8192;0;0;8192;8192
2018-03-24T08:45;2018-03-24T09:00;36;kWh;0;42654;0;0;42654;42654
2018-03-24T09:00;2018-03-24T09:15;37;kWh;-598;15195;0;0;15793;14597
2018-03-24T09:15;2018-03-24T09:30;38;kWh;-6;2375;0;0;2381;2369
2018-03-24T09:30;2018-03-24T09:45;39;kWh;0;4764;0;0;4764;4764
2018-03-24T09:45;2018-03-24T10:00;40;kWh;0;2256;0;0;2256;2256
2018-03-24T10:00;2018-03-24T10:15;41;kWh;-52;1443;0;0;1495;1391
2018-03-24T10:15;2018-03-24T10:30;42;kWh;-13750;29;0;0;13779;-13721
2018-03-24T10:30;2018-03-24T10:45;43;kWh;-28523;0;0;0;28523;-28523
2018-03-24T10:45;2018-03-24T11:00;44;kWh;-26603;0;0;0;26603;-26603
2018-03-24T11:00;2018-03-24T11:15;45;kWh;-15283;0;0;0;15283;-15283
2018-03-24T11:15;2018-03-24T11:30;46;kWh;-1518;0;0;0;1518;-1518
2018-03-24T11:30;2018-03-24T11:45;47;kWh;-4894;0;0;0;4894;-4894
2018-03-24T11:45;2018-03-24T12:00;48;kWh;-13072;0;0;0;13072;-13072
2018-03-24T12:00;2018-03-24T12:15;49;kWh;-5580;0;0;0;5580;-5580
2018-03-24T12:15;2018-03-24T12:30;50;kWh;-6300;0;0;0;6300;-6300
2018-03-24T12:30;2018-03-24T12:45;51;kWh;-15076;0;0;0;15076;-15076
2018-03-24T12:45;2018-03-24T13:00;52;kWh;-19670;0;0;0;19670;-19670
2018-03-24T13:00;2018-03-24T13:15;53;kWh;-20537;0;0;0;20537;-20537
2018-03-24T13:15;2018-03-24T13:30;54;kWh;-13030;0;0;0;13030;-13030
2018-03-24T13:30;2018-03-24T13:45;55;kWh;-28202;0;0;0;28202;-28202
2018-03-24T13:45;2018-03-24T14:00;56;kWh;-49547;0;0;0;49547;-49547
2018-03-24T14:00;2018-03-24T14:15;57;kWh;-44665;0;0;0;44665;-44665
2018-03-24T14:15;2018-03-24T14:30;58;kWh;-27928;0;0;0;27928;-27928
2018-03-24T14:30;2018-03-24T14:45;59;kWh;-44013;0;0;0;44013;-44013
2018-03-24T14:45;2018-03-24T15:00;60;kWh;-49943;0;0;0;49943;-49943
2018-03-24T15:00;2018-03-24T15:15;61;kWh;-32476;0;0;0;32476;-32476
2018-03-24T15:15;2018-03-24T15:30;62;kWh;-6694;0;0;0;6694;-6694
2018-03-24T15:30;2018-03-24T15:45;63;kWh;-7259;0;0;0;7259;-7259
2018-03-24T15:45;2018-03-24T16:00;64;kWh;-2497;0;0;0;2497;-2497
2018-03-24T16:00;2018-03-24T16:15;65;kWh;-2021;0;0;0;2021;-2021
2018-03-24T16:15;2018-03-24T16:30;66;kWh;-3;0;0;0;3;-3
2018-03-24T16:30;2018-03-24T16:45;67;kWh;0;0;0;0;0;0
2018-03-24T16:45;2018-03-24T17:00;68;kWh;0;0;0;0;0;0
2018-03-24T17:00;2018-03-24T17:15;69;kWh;-497;0;0;0;497;-497
2018-03-24T17:15;2018-03-24T17:30;70;kWh;-3999;0;0;0;3999;-3999
2018-03-24T17:30;2018-03-24T17:45;71;kWh;-16703;0;0;0;16703;-16703
2018-03-24T17:45;2018-03-24T18:00;72;kWh;-2539;0;0;0;2539;-2539
2018-03-24T18:00;2018-03-24T18:15;73;kWh;-17820;0;0;0;17820;-17820
2018-03-24T18:15;2018-03-24T18:30;74;kWh;-33740;0;0;0;33740;-33740
2018-03-24T18:30;2018-03-24T18:45;75;kWh;-34217;0;0;0;34217;-34217
2018-03-24T18:45;2018-03-24T19:00;76;kWh;-4974;0;0;0;4974;-4974
2018-03-24T19:00;2018-03-24T19:15;77;kWh;0;0;0;0;0;0
2018-03-24T19:15;2018-03-24T19:30;78;kWh;0;183;0;0;183;183
2018-03-24T19:30;2018-03-24T19:45;79;kWh;0;1256;0;0;1256;1256
2018-03-24T19:45;2018-03-24T20:00;80;kWh;-657;866;0;0;1523;209
2018-03-24T20:00;2018-03-24T20:15;81;kWh;-949;1293;0;0;2242;344
2018-03-24T20:15;2018-03-24T20:30;82;kWh;-1451;0;0;0;1451;-1451
2018-03-24T20:30;2018-03-24T20:45;83;kWh;-18432;0;0;0;18432;-18432
2018-03-24T20:45;2018-03-24T21:00;84;kWh;-36879;0;0;0;36879;-36879
2018-03-24T21:00;2018-03-24T21:15;85;kWh;-16883;11317;0;0;28200;-5566
2018-03-24T21:15;2018-03-24T21:30;86;kWh;0;10709;0;0;10709;10709
2018-03-24T21:30;2018-03-24T21:45;87;kWh;-868;29;0;0;897;-839
2018-03-24T21:45;2018-03-24T22:00;88;kWh;-18789;0;0;0;18789;-18789
2018-03-24T22:00;2018-03-24T22:15;89;kWh;-15610;338;0;0;15948;-15272
2018-03-24T22:15;2018-03-24T22:30;90;kWh;-40;24;0;0;64;-16
2018-03-24T22:30;2018-03-24T22:45;91;kWh;0;0;0;0;0;0
2018-03-24T22:45;2018-03-24T23:00;92;kWh;-31;0;0;0;31;-31
2018-03-24T23:00;2018-03-24T23:15;93;kWh;-3297;0;0;0;3297;-3297
2018-03-24T23:15;2018-03-24T23:30;94;kWh;-957;0;0;0;957;-957
2018-03-24T23:30;2018-03-24T23:45;95;kWh;-663;0;0;0;663;-663
2018-03-24T23:45;2018-03-25T00:00;96;kWh;-82;0;0;0;82;-82
2018-03-25T00:00;2018-03-25T00:15;1;kWh;-500;0;0;0;500;-500
2018-03-25T00:15;2018-03-25T00:30;2;kWh;0;0;0;0;0;0
2018-03-25T00:30;2018-03-25T00:45;3;kWh;0;0;0;0;0;0
2018-03-25T00:45;2018-03-25T01:00;4;kWh;-1146;0;0;0;1146;-1146
2018-03-25T01:00;2018-03-25T01:15;5;kWh;-2167;1749;0;0;3916;-418
2018-03-25T01:15;2018-03-25T01:30;6;kWh;0;3175;0;0;3175;3175
2018-03-25T01:30;2018-03-25T01:45;7;kWh;0;0;0;0;0;0
2018-03-25T01:45;2018-03-25T02:00;8;kWh;-358;0;0;0;358;-358
2018-03-25T03:00;2018-03-25T03:15;9;kWh;0;16217;0;0;16217;16217
2018-03-25T03:15;2018-03-25T03:30;10;kWh;0;48437;0;0;48437;48437
2018-03-25T03:30;2018-03-25T03:45;11;kWh;0;5614;0;0;5614;5614
2018-03-25T03:45;2018-03-25T04:00;12;kWh;0;0;0;0;0;0
2018-03-25T04:00;2018-03-25T04:15;13;kWh;0;28304;0;0;28304;28304
2018-03-25T04:15;2018-03-25T04:30;14;kWh;0;81254;0;0;81254;81254
2018-03-25T04:30;2018-03-25T04:45;15;kWh;0;60106;0;0;60106;60106
2018-03-25T04:45;2018-03-25T05:00;16;kWh;0;81365;0;0;81365;81365
2018-03-25T05:00;2018-03-25T05:15;17;kWh;-142;30776;0;0;30918;30634
2018-03-25T05:15;2018-03-25T05:30;18;kWh;0;624;0;0;624;624
2018-03-25T05:30;2018-03-25T05:45;19;kWh;0;10170;0;0;10170;10170
2018-03-25T05:45;2018-03-25T06:00;20;kWh;0;3413;0;0;3413;3413
2018-03-25T06:00;2018-03-25T06:15;21;kWh;-1412;0;0;0;1412;-1412
2018-03-25T06:15;2018-03-25T06:30;22;kWh;-1987;0;0;0;1987;-1987
2018-03-25T06:30;2018-03-25T06:45;23;kWh;-2473;0;0;0;2473;-2473
2018-03-25T06:45;2018-03-25T07:00;24;kWh;-537;0;0;0;537;-537
2018-03-25T07:00;2018-03-25T07:15;25;kWh;0;10478;0;0;10478;10478
2018-03-25T07:15;2018-03-25T07:30;26;kWh;0;11147;0;0;11147;11147
2018-03-25T07:30;2018-03-25T07:45;27;kWh;0;97;0;0;97;97
2018-03-25T07:45;2018-03-25T08:00;28;kWh;-1283;0;0;0;1283;-1283
2018-03-25T08:00;2018-03-25T08:15;29;kWh;-1884;0;0;0;1884;-1884
2018-03-25T08:15;2018-03-25T08:30;30;kWh;-1732;0;0;0;1732;-1732
2018-03-25T08:30;2018-03-25T08:45;31;kWh;0;0;0;0;0;0
2018-03-25T08:45;2018-03-25T09:00;32;kWh;0;0;0;0;0;0
2018-03-25T09:00;2018-03-25T09:15;33;kWh;-1072;0;0;0;1072;-1072
2018-03-25T09:15;2018-03-25T09:30;34;kWh;-642;0;0;0;642;-642
2018-03-25T09:30;2018-03-25T09:45;35;kWh;0;0;0;0;0;0
2018-03-25T09:45;2018-03-25T10:00;36;kWh;0;0;0;0;0;0
2018-03-25T10:00;2018-03-25T10:15;37;kWh;0;0;0;0;0;0
2018-03-25T10:15;2018-03-25T10:30;38;kWh;0;725;0;0;725;725
2018-03-25T10:30;2018-03-25T10:45;39;kWh;0;363;0;0;363;363
2018-03-25T10:45;2018-03-25T11:00;40;kWh;-1134;0;0;0;1134;-1134
2018-03-25T11:00;2018-03-25T11:15;41;kWh;-325;0;0;0;325;-325
2018-03-25T11:15;2018-03-25T11:30;42;kWh;-1220;0;0;0;1220;-1220
2018-03-25T11:30;2018-03-25T11:45;43;kWh;-6296;0;0;0;6296;-6296
2018-03-25T11:45;2018-03-25T12:00;44;kWh;-19620;0;0;0;19620;-19620
2018-03-25T12:00;2018-03-25T12:15;45;kWh;-18968;0;0;0;18968;-18968
2018-03-25T12:15;2018-03-25T12:30;46;kWh;-27232;0;0;0;27232;-27232
2018-03-25T12:30;2018-03-25T12:45;47;kWh;-20928;0;0;0;20928;-20928
2018-03-25T12:45;2018-03-25T13:00;48;kWh;-19413;0;0;0;19413;-19413
2018-03-25T13:00;2018-03-25T13:15;49;kWh;-26951;0;0;0;26951;-26951
2018-03-25T13:15;2018-03-25T13:30;50;kWh;-33976;0;0;0;33976;-33976
2018-03-25T13:30;2018-03-25T13:45;51;kWh;-51292;0;0;0;51292;-51292
2018-03-25T13:45;2018-03-25T14:00;52;kWh;-65230;0;0;0;65230;-65230
2018-03-25T14:00;2018-03-25T14:15;53;kWh;-62411;0;0;0;62411;-62411
2018-03-25T14:15;2018-03-25T14:30;54;kWh;-47873;0;0;0;47873;-47873
2018-03-25T14:30;2018-03-25T14:45;55;kWh;-50719;0;0;0;50719;-50719
2018-03-25T14:45;2018-03-25T15:00;56;kWh;-20804;0;0;0;20804;-20804
2018-03-25T15:00;2018-03-25T15:15;57;kWh;-47067;0;0;0;47067;-47067
2018-03-25T15:15;2018-03-25T15:30;58;kWh;-59739;0;0;0;59739;-59739
2018-03-25T15:30;2018-03-25T15:45;59;kWh;-44135;0;0;0;44135;-44135
2018-03-25T15:45;2018-03-25T16:00;60;kWh;-21453;0;0;0;21453;-21453
2018-03-25T16:00;2018-03-25T16:15;61;kWh;-16799;0;0;0;16799;-16799
2018-03-25T16:15;2018-03-25T16:30;62;kWh;-345;0;0;0;345;-345
2018-03-25T16:30;2018-03-25T16:45;63;kWh;-6465;0;0;0;6465;-6465
2018-03-25T16:45;2018-03-25T17:00;64;kWh;-1055;0;0;0;1055;-1055
2018-03-25T17:00;2018-03-25T17:15;65;kWh;-14;0;0;0;14;-14
2018-03-25T17:15;2018-03-25T17:30;66;kWh;-4372;0;0;0;4372;-4372
2018-03-25T17:30;2018-03-25T17:45;67;kWh;-306;0;0;0;306;-306
2018-03-25T17:45;2018-03-25T18:00;68;kWh;0;0;0;0;0;0
2018-03-25T18:00;2018-03-25T18:15;69;kWh;0;23743;0;0;23743;23743
2018-03-25T18:15;2018-03-25T18:30;70;kWh;0;26807;0;0;26807;26807
2018-03-25T18:30;2018-03-25T18:45;71;kWh;0;4914;0;0;4914;4914
2018-03-25T18:45;2018-03-25T19:00;72;kWh;0;2567;0;0;2567;2567
2018-03-25T19:00;2018-03-25T19:15;73;kWh;-4207;2413;0;0;6620;-1794
2018-03-25T19:15;2018-03-25T19:30;74;kWh;-25913;0;0;0;25913;-25913
2018-03-25T19:30;2018-03-25T19:45;75;kWh;-1465;0;0;0;1465;-1465
2018-03-25T19:45;2018-03-25T20:00;76;kWh;-253;65;0;0;318;-188
2018-03-25T20:00;2018-03-25T20:15;77;kWh;0;287;0;0;287;287
2018-03-25T20:15;2018-03-25T20:30;78;kWh;0;1831;0;0;1831;1831
2018-03-25T20:30;2018-03-25T20:45;79;kWh;0;1217;0;0;1217;1217
2018-03-25T20:45;2018-03-25T21:00;80;kWh;0;29;0;0;29;29
2018-03-25T21:00;2018-03-25T21:15;81;kWh;0;6079;0;0;6079;6079
2018-03-25T21:15;2018-03-25T21:30;82;kWh;-1007;1760;0;0;2767;753
2018-03-25T21:30;2018-03-25T21:45;83;kWh;-3294;0;0;0;3294;-3294
2018-03-25T21:45;2018-03-25T22:00;84;kWh;-15084;0;0;0;15084;-15084
2018-03-25T22:00;2018-03-25T22:15;85;kWh;-6690;23;0;0;6713;-6667
2018-03-25T22:15;2018-03-25T22:30;86;kWh;-12;510;0;0;522;498
2018-03-25T22:30;2018-03-25T22:45;87;kWh;0;1;0;0;1;1
2018-03-25T22:45;2018-03-25T23:00;88;kWh;-25;0;0;0;25;-25
2018-03-25T23:00;2018-03-25T23:15;89;kWh;-194;0;0;0;194;-194
2018-03-25T23:15;2018-03-25T23:30;90;kWh;-63;0;0;0;63;-63
2018-03-25T23:30;2018-03-25T23:45;91;kWh;-4149;0;0;0;4149;-4149
2018-03-25T23:45;2018-03-26T00:00;92;kWh;-13234;0;0;0;13234;-13234
2018-03-26T00:00;2018-03-26T00:15;1;kWh;-11898;3150;0;0;15048;-8748
2018-03-26T00:15;2018-03-26T00:30;2;kWh;0;1772;0;0;1772;1772
2018-03-26T00:30;2018-03-26T00:45;3;kWh;-589;0;0;0;589;-589
2018-03-26T00:45;2018-03-26T01:00;4;kWh;-11332;0;0;0;11332;-11332
2018-03-26T01:00;2018-03-26T01:15;5;kWh;-9773;81;0;0;9854;-9692
2018-03-26T01:15;2018-03-26T01:30;6;kWh;-95;185;0;0;280;90
2018-03-26T01:30;2018-03-26T01:45;7;kWh;-3321;0;0;0;3321;-3321
2018-03-26T01:45;2018-03-26T02:00;8;kWh;-10816;0;0;0;10816;-10816
2018-03-26T02:00;2018-03-26T02:15;9;kWh;-7205;0;0;0;7205;-7205
2018-03-26T02:15;2018-03-26T02:30;10;kWh;-147;0;0;0;147;-147
2018-03-26T02:30;2018-03-26T02:45;11;kWh;-5198;0;0;0;5198;-5198
2018-03-26T02:45;2018-03-26T03:00;12;kWh;-7629;0;0;0;7629;-7629
2018-03-26T03:00;2018-03-26T03:15;13;kWh;-8160;0;0;0;8160;-8160
2018-03-26T03:15;2018-03-26T03:30;14;kWh;-1575;0;0;0;1575;-1575
2018-03-26T03:30;2018-03-26T03:45;15;kWh;-10948;0;0;0;10948;-10948
2018-03-26T03:45;2018-03-26T04:00;16;kWh;-13724;0;0;0;13724;-13724
2018-03-26T04:00;2018-03-26T04:15;17;kWh;-24180;0;0;0;24180;-24180
2018-03-26T04:15;2018-03-26T04:30;18;kWh;-5021;0;0;0;5021;-5021
2018-03-26T04:30;2018-03-26T04:45;19;kWh;-1216;0;0;0;1216;-1216
2018-03-26T04:45;2018-03-26T05:00;20;kWh;-300;0;0;0;300;-300
2018-03-26T05:00;2018-03-26T05:15;21;kWh;-9302;0;0;0;9302;-9302
2018-03-26T05:15;2018-03-26T05:30;22;kWh;-5847;0;0;0;5847;-5847
2018-03-26T05:30;2018-03-26T05:45;23;kWh;0;610;0;0;610;610
2018-03-26T05:45;2018-03-26T06:00;24;kWh;0;3592;0;0;3592;3592
2018-03-26T06:00;2018-03-26T06:15;25;kWh;-11781;564;0;0;12345;-11217
2018-03-26T06:15;2018-03-26T06:30;26;kWh;-4552;0;0;0;4552;-4552
2018-03-26T06:30;2018-03-26T06:45;27;kWh;0;3159;0;0;3159;3159
2018-03-26T06:45;2018-03-26T07:00;28;kWh;0;58062;0;0;58062;58062
2018-03-26T07:00;2018-03-26T07:15;29;kWh;-1755;18888;0;0;20643;17133
2018-03-26T07:15;2018-03-26T07:30;30;kWh;0;0;0;0;0;0
2018-03-26T07:30;2018-03-26T07:45;31;kWh;0;6854;0;0;6854;6854
2018-03-26T07:45;2018-03-26T08:00;32;kWh;0;56692;0;0;56692;56692
2018-03-26T08:00;2018-03-26T08:15;33;kWh;-338;25831;0;0;26169;25493
2018-03-26T08:15;2018-03-26T08:30;34;kWh;-49;3980;0;0;4029;3931
2018-03-26T08:30;2018-03-26T08:45;35;kWh;0;36144;0;0;36144;36144
2018-03-26T08:45;2018-03-26T09:00;36;kWh;0;63529;0;0;63529;63529
2018-03-26T09:00;2018-03-26T09:15;37;kWh;0;81564;0;0;81564;81564
2018-03-26T09:15;2018-03-26T09:30;38;kWh;0;100130;0;0;100130;100130
2018-03-26T09:30;2018-03-26T09:45;39;kWh;0;76946;0;0;76946;76946
2018-03-26T09:45;2018-03-26T10:00;40;kWh;0;13327;0;0;13327;13327
2018-03-26T10:00;2018-03-26T10:15;41;kWh;0;54997;0;0;54997;54997
2018-03-26T10:15;2018-03-26T10:30;42;kWh;0;60376;0;0;60376;60376
2018-03-26T10:30;2018-03-26T10:45;43;kWh;0;7833;0;0;7833;7833
2018-03-26T10:45;2018-03-26T11:00;44;kWh;-126;0;0;0;126;-126
2018-03-26T11:00;2018-03-26T11:15;45;kWh;-71;541;0;0;612;470
2018-03-26T11:15;2018-03-26T11:30;46;kWh;0;330;0;0;330;330
2018-03-26T11:30;2018-03-26T11:45;47;kWh;-3;20;0;0;23;17
2018-03-26T11:45;2018-03-26T12:00;48;kWh;-8784;0;0;0;8784;-8784
2018-03-26T12:00;2018-03-26T12:15;49;kWh;-10013;115;0;0;10128;-9898
2018-03-26T12:15;2018-03-26T12:30;50;kWh;-1088;19;0;0;1107;-1069
2018-03-26T12:30;2018-03-26T12:45;51;kWh;-2406;0;0;0;2406;-2406
2018-03-26T12:45;2018-03-26T13:00;52;kWh;-19966;0;0;0;19966;-19966
2018-03-26T13:00;2018-03-26T13:15;53;kWh;-6394;8129;0;0;14523;1735
2018-03-26T13:15;2018-03-26T13:30;54;kWh;0;5097;0;0;5097;5097
2018-03-26T13:30;2018-03-26T13:45;55;kWh;0;1206;0;0;1206;1206
2018-03-26T13:45;2018-03-26T14:00;56;kWh;-17;0;0;0;17;-17
2018-03-26T14:00;2018-03-26T14:15;57;kWh;-43;7791;0;0;7834;7748
2018-03-26T14:15;2018-03-26T14:30;58;kWh;0;13067;0;0;13067;13067
2018-03-26T14:30;2018-03-26T14:45;59;kWh;-3;605;0;0;608;602
2018-03-26T14:45;2018-03-26T15:00;60;kWh;-10952;0;0;0;10952;-10952
2018-03-26T15:00;2018-03-26T15:15;61;kWh;-12896;0;0;0;12896;-12896
2018-03-26T15:15;2018-03-26T15:30;62;kWh;-336;0;0;0;336;-336
2018-03-26T15:30;2018-03-26T15:45;63;kWh;0;1363;0;0;1363;1363
2018-03-26T15:45;2018-03-26T16:00;64;kWh;0;5186;0;0;5186;5186
2018-03-26T16:00;2018-03-26T16:15;65;kWh;0;540;0;0;540;540
2018-03-26T16:15;2018-03-26T16:30;66;kWh;0;0;0;0;0;0
2018-03-26T16:30;2018-03-26T16:45;67;kWh;0;361;0;0;361;361
2018-03-26T16:45;2018-03-26T17:00;68;kWh;0;4594;0;0;4594;4594
2018-03-26T17:00;2018-03-26T17:15;69;kWh;0;894;0;0;894;894
2018-03-26T17:15;2018-03-26T17:30;70;kWh;0;0;0;0;0;0
2018-03-26T17:30;2018-03-26T17:45;71;kWh;0;0;0;0;0;0
2018-03-26T17:45;2018-03-26T18:00;72;kWh;0;0;0;0;0;0
2018-03-26T18:00;2018-03-26T18:15;73;kWh;-272;0;0;0;272;-272
2018-03-26T18:15;2018-03-26T18:30;74;kWh;-624;0;0;0;624;-624
2018-03-26T18:30;2018-03-26T18:45;75;kWh;0;0;0;0;0;0
2018-03-26T18:45;2018-03-26T19:00;76;kWh;0;199;0;0;199;199
2018-03-26T19:00;2018-03-26T19:15;77;kWh;0;1545;0;0;1545;1545
2018-03-26T19:15;2018-03-26T19:30;78;kWh;0;663;0;0;663;663
2018-03-26T19:30;2018-03-26T19:45;79;kWh;0;0;0;0;0;0
2018-03-26T19:45;2018-03-26T20:00;80;kWh;0;2755;0;0;2755;2755
2018-03-26T20:00;2018-03-26T20:15;81;kWh;0;825;0;0;825;825
2018-03-26T20:15;2018-03-26T20:30;82;kWh;0;735;0;0;735;735
2018-03-26T20:30;2018-03-26T20:45;83;kWh;0;5;0;0;5;5
2018-03-26T20:45;2018-03-26T21:00;84;kWh;0;0;0;0;0;0
2018-03-26T21:00;2018-03-26T21:15;85;kWh;0;314;0;0;314;314
2018-03-26T21:15;2018-03-26T21:30;86;kWh;0;564;0;0;564;564
2018-03-26T21:30;2018-03-26T21:45;87;kWh;-31;0;0;0;31;-31
2018-03-26T21:45;2018-03-26T22:00;88;kWh;-5626;0;0;0;5626;-5626
2018-03-26T22:00;2018-03-26T22:15;89;kWh;-2399;0;0;0;2399;-2399
2018-03-26T22:15;2018-03-26T22:30;90;kWh;0;0;0;0;0;0
2018-03-26T22:30;2018-03-26T22:45;91;kWh;0;0;0;0;0;0
2018-03-26T22:45;2018-03-26T23:00;92;kWh;-1436;0;0;0;1436;-1436
2018-03-26T23:00;2018-03-26T23:15;93;kWh;-378;5384;0;0;5762;5006
2018-03-26T23:15;2018-03-26T23:30;94;kWh;0;4387;0;0;4387;4387
2018-03-26T23:30;2018-03-26T23:45;95;kWh;-792;270;0;0;1062;-522
2018-03-26T23:45;2018-03-27T00:00;96;kWh;-19753;0;0;0;19753;-19753
2018-03-27T00:00;2018-03-27T00:15;1;kWh;-15205;4396;0;0;19601;-10809
2018-03-27T00:15;2018-03-27T00:30;2;kWh;-51;877;0;0;928;826
2018-03-27T00:30;2018-03-27T00:45;3;kWh;-7781;0;0;0;7781;-7781
2018-03-27T00:45;2018-03-27T01:00;4;kWh;-44038;0;0;0;44038;-44038
2018-03-27T01:00;2018-03-27T01:15;5;kWh;-28427;196;0;0;28623;-28231
2018-03-27T01:15;2018-03-27T01:30;6;kWh;-864;214;0;0;1078;-650
2018-03-27T01:30;2018-03-27T01:45;7;kWh;-6528;0;0;0;6528;-6528
2018-03-27T01:45;2018-03-27T02:00;8;kWh;-20734;0;0;0;20734;-20734
2018-03-27T02:00;2018-03-27T02:15;9;kWh;-16917;423;0;0;17340;-16494
2018-03-27T02:15;2018-03-27T02:30;10;kWh;-326;2539;0;0;2865;2213
2018-03-27T02:30;2018-03-27T02:45;11;kWh;-2291;0;0;0;2291;-2291
2018-03-27T02:45;2018-03-27T03:00;12;kWh;-5570;0;0;0;5570;-5570
2018-03-27T03:00;2018-03-27T03:15;13;kWh;-5806;0;0;0;5806;-5806
2018-03-27T03:15;2018-03-27T03:30;14;kWh;0;0;0;0;0;0
2018-03-27T03:30;2018-03-27T03:45;15;kWh;0;0;0;0;0;0
2018-03-27T03:45;2018-03-27T04:00;16;kWh;0;0;0;0;0;0
2018-03-27T04:00;2018-03-27T04:15;17;kWh;-951;0;0;0;951;-951
2018-03-27T04:15;2018-03-27T04:30;18;kWh;-4538;0;0;0;4538;-4538
2018-03-27T04:30;2018-03-27T04:45;19;kWh;-388;0;0;0;388;-388
2018-03-27T04:45;2018-03-27T05:00;20;kWh;-459;0;0;0;459;-459
2018-03-27T05:00;2018-03-27T05:15;21;kWh;-137;0;0;0;137;-137
2018-03-27T05:15;2018-03-27T05:30;22;kWh;-927;208;0;0;1135;-719
2018-03-27T05:30;2018-03-27T05:45;23;kWh;0;19038;0;0;19038;19038
2018-03-27T05:45;2018-03-27T06:00;24;kWh;0;23085;0;0;23085;23085
2018-03-27T06:00;2018-03-27T06:15;25;kWh;-25284;4123;0;0;29407;-21161
2018-03-27T06:15;2018-03-27T06:30;26;kWh;-16787;0;0;0;16787;-16787
2018-03-27T06:30;2018-03-27T06:45;27;kWh;-2383;2308;0;0;4691;-75
2018-03-27T06:45;2018-03-27T07:00;28;kWh;0;25609;0;0;25609;25609
2018-03-27T07:00;2018-03-27T07:15;29;kWh;-33096;8294;0;0;41390;-24802
2018-03-27T07:15;2018-03-27T07:30;30;kWh;-4671;0;0;0;4671;-4671
2018-03-27T07:30;2018-03-27T07:45;31;kWh;-1788;0;0;0;1788;-1788
2018-03-27T07:45;2018-03-27T08:00;32;kWh;-681;0;0;0;681;-681
2018-03-27T08:00;2018-03-27T08:15;33;kWh;-804;0;0;0;804;-804
2018-03-27T08:15;2018-03-27T08:30;34;kWh;-7;0;0;0;7;-7
2018-03-27T08:30;2018-03-27T08:45;35;kWh;-158;0;0;0;158;-158
2018-03-27T08:45;2018-03-27T09:00;36;kWh;-7240;0;0;0;7240;-7240
2018-03-27T09:00;2018-03-27T09:15;37;kWh;-15564;0;0;0;15564;-15564
2018-03-27T09:15;2018-03-27T09:30;38;kWh;-25852;0;0;0;25852;-25852
2018-03-27T09:30;2018-03-27T09:45;39;kWh;-40173;0;0;0;40173;-40173
2018-03-27T09:45;2018-03-27T10:00;40;kWh;-50134;0;0;0;50134;-50134
2018-03-27T10:00;2018-03-27T10:15;41;kWh;-20473;147;0;0;20620;-20326
2018-03-27T10:15;2018-03-27T10:30;42;kWh;-35572;0;0;0;35572;-35572
2018-03-27T10:30;2018-03-27T10:45;43;kWh;-36738;0;0;0;36738;-36738
2018-03-27T10:45;2018-03-27T11:00;44;kWh;-41630;0;0;0;41630;-41630
2018-03-27T11:00;2018-03-27T11:15;45;kWh;-10491;1488;0;0;11979;-9003
2018-03-27T11:15;2018-03-27T11:30;46;kWh;-91;142;0;0;233;51
2018-03-27T11:30;2018-03-27T11:45;47;kWh;-1985;0;0;0;1985;-1985
2018-03-27T11:45;2018-03-27T12:00;48;kWh;-16096;0;0;0;16096;-16096
2018-03-27T12:00;2018-03-27T12:15;49;kWh;-7684;0;0;0;7684;-7684
2018-03-27T12:15;2018-03-27T12:30;50;kWh;-3793;0;0;0;3793;-3793
2018-03-27T12:30;2018-03-27T12:45;51;kWh;-27832;0;0;0;27832;-27832
2018-03-27T12:45;2018-03-27T13:00;52;kWh;-34919;0;0;0;34919;-34919
2018-03-27T13:00;2018-03-27T13:15;53;kWh;-21387;0;0;0;21387;-21387
2018-03-27T13:15;2018-03-27T13:30;54;kWh;-3181;0;0;0;3181;-3181
2018-03-27T13:30;2018-03-27T13:45;55;kWh;-4049;0;0;0;4049;-4049
2018-03-27T13:45;2018-03-27T14:00;56;kWh;0;0;0;0;0;0
2018-03-27T14:00;2018-03-27T14:15;57;kWh;0;13396;0;0;13396;13396
2018-03-27T14:15;2018-03-27T14:30;58;kWh;0;32571;0;0;32571;32571
2018-03-27T14:30;2018-03-27T14:45;59;kWh;-1005;5884;0;0;6889;4879
2018-03-27T14:45;2018-03-27T15:00;60;kWh;-1894;0;0;0;1894;-1894
2018-03-27T15:00;2018-03-27T15:15;61;kWh;-1270;0;0;0;1270;-1270
2018-03-27T15:15;2018-03-27T15:30;62;kWh;-5947;0;0;0;5947;-5947
2018-03-27T15:30;2018-03-27T15:45;63;kWh;-7814;0;0;0;7814;-7814
2018-03-27T15:45;2018-03-27T16:00;64;kWh;-70;251;0;0;321;181
2018-03-27T16:00;2018-03-27T16:15;65;kWh;0;751;0;0;751;751
2018-03-27T16:15;2018-03-27T16:30;66;kWh;0;802;0;0;802;802
2018-03-27T16:30;2018-03-27T16:45;67;kWh;0;2899;0;0;2899;2899
2018-03-27T16:45;2018-03-27T17:00;68;kWh;0;12194;0;0;12194;12194
2018-03-27T17:00;2018-03-27T17:15;69;kWh;0;19954;0;0;19954;19954
2018-03-27T17:15;2018-03-27T17:30;70;kWh;0;30975;0;0;30975;30975
2018-03-27T17:30;2018-03-27T17:45;71;kWh;0;16997;0;0;16997;16997
2018-03-27T17:45;2018-03-27T18:00;72;kWh;0;10522;0;0;10522;10522
2018-03-27T18:00;2018-03-27T18:15;73;kWh;0;18807;0;0;18807;18807
2018-03-27T18:15;2018-03-27T18:30;74;kWh;0;21730;0;0;21730;21730
2018-03-27T18:30;2018-03-27T18:45;75;kWh;0;12385;0;0;12385;12385
2018-03-27T18:45;2018-03-27T19:00;76;kWh;0;25923;0;0;25923;25923
2018-03-27T19:00;2018-03-27T19:15;77;kWh;0;64892;0;0;64892;64892
2018-03-27T19:15;2018-03-27T19:30;78;kWh;0;39721;0;0;39721;39721
2018-03-27T19:30;2018-03-27T19:45;79;kWh;0;31740;0;0;31740;31740
2018-03-27T19:45;2018-03-27T20:00;80;kWh;0;44478;0;0;44478;44478
2018-03-27T20:00;2018-03-27T20:15;81;kWh;0;82612;0;0;82612;82612
2018-03-27T20:15;2018-03-27T20:30;82;kWh;0;92948;0;0;92948;92948
2018-03-27T20:30;2018-03-27T20:45;83;kWh;0;77102;0;0;77102;77102
2018-03-27T20:45;2018-03-27T21:00;84;kWh;0;36885;0;0;36885;36885
2018-03-27T21:00;2018-03-27T21:15;85;kWh;0;9680;0;0;9680;9680
2018-03-27T21:15;2018-03-27T21:30;86;kWh;-96;16420;0;0;16516;16324
2018-03-27T21:30;2018-03-27T21:45;87;kWh;-22595;330;0;0;22925;-22265
2018-03-27T21:45;2018-03-27T22:00;88;kWh;-24042;0;0;0;24042;-24042
2018-03-27T22:00;2018-03-27T22:15;89;kWh;-11523;18973;0;0;30496;7450
2018-03-27T22:15;2018-03-27T22:30;90;kWh;0;28737;0;0;28737;28737
2018-03-27T22:30;2018-03-27T22:45;91;kWh;-901;2206;0;0;3107;1305
2018-03-27T22:45;2018-03-27T23:00;92;kWh;-2184;0;0;0;2184;-2184
2018-03-27T23:00;2018-03-27T23:15;93;kWh;-324;6416;0;0;6740;6092
2018-03-27T23:15;2018-03-27T23:30;94;kWh;-52;22424;0;0;22476;22372
2018-03-27T23:30;2018-03-27T23:45;95;kWh;-12048;1152;0;0;13200;-10896
2018-03-27T23:45;2018-03-28T00:00;96;kWh;-35957;0;0;0;35957;-35957
2018-03-28T00:00;2018-03-28T00:15;1;kWh;-24547;8284;0;0;32831;-16263
2018-03-28T00:15;2018-03-28T00:30;2;kWh;-11;31535;0;0;31546;31524
2018-03-28T00:30;2018-03-28T00:45;3;kWh;-1401;56;0;0;1457;-1345
2018-03-28T00:45;2018-03-28T01:00;4;kWh;-5667;0;0;0;5667;-5667
2018-03-28T01:00;2018-03-28T01:15;5;kWh;-7179;592;0;0;7771;-6587
2018-03-28T01:15;2018-03-28T01:30;6;kWh;0;91;0;0;91;91
2018-03-28T01:30;2018-03-28T01:45;7;kWh;-1762;0;0;0;1762;-1762
2018-03-28T01:45;2018-03-28T02:00;8;kWh;-25890;0;0;0;25890;-25890
2018-03-28T02:00;2018-03-28T02:15;9;kWh;-19609;0;0;0;19609;-19609
2018-03-28T02:15;2018-03-28T02:30;10;kWh;-81;0;0;0;81;-81
2018-03-28T02:30;2018-03-28T02:45;11;kWh;0;0;0;0;0;0
2018-03-28T02:45;2018-03-28T03:00;12;kWh;-395;0;0;0;395;-395
2018-03-28T03:00;2018-03-28T03:15;13;kWh;-122;0;0;0;122;-122
2018-03-28T03:15;2018-03-28T03:30;14;kWh;0;0;0;0;0;0
2018-03-28T03:30;2018-03-28T03:45;15;kWh;0;0;0;0;0;0
2018-03-28T03:45;2018-03-28T04:00;16;kWh;-1853;0;0;0;1853;-1853
2018-03-28T04:00;2018-03-28T04:15;17;kWh;-1205;0;0;0;1205;-1205
2018-03-28T04:15;2018-03-28T04:30;18;kWh;0;0;0;0;0;0
2018-03-28T04:30;2018-03-28T04:45;19;kWh;-1272;0;0;0;1272;-1272
2018-03-28T04:45;2018-03-28T05:00;20;kWh;-1658;0;0;0;1658;-1658
2018-03-28T05:00;2018-03-28T05:15;21;kWh;-14857;0;0;0;14857;-14857
2018-03-28T05:15;2018-03-28T05:30;22;kWh;-31472;0;0;0;31472;-31472
2018-03-28T05:30;2018-03-28T05:45;23;kWh;-6408;0;0;0;6408;-6408
2018-03-28T05:45;2018-03-28T06:00;24;kWh;0;0;0;0;0;0
2018-03-28T06:00;2018-03-28T06:15;25;kWh;-33523;0;0;0;33523;-33523
2018-03-28T06:15;2018-03-28T06:30;26;kWh;-57596;0;0;0;57596;-57596
2018-03-28T06:30;2018-03-28T06:45;27;kWh;-20353;0;0;0;20353;-20353
2018-03-28T06:45;2018-03-28T07:00;28;kWh;-722;477;0;0;1199;-245
2018-03-28T07:00;2018-03-28T07:15;29;kWh;-14370;0;0;0;14370;-14370
2018-03-28T07:15;2018-03-28T07:30;30;kWh;-7476;0;0;0;7476;-7476
2018-03-28T07:30;2018-03-28T07:45;31;kWh;-19092;166;0;0;19258;-18926
2018-03-28T07:45;2018-03-28T08:00;32;kWh;-1327;20698;0;0;22025;19371
2018-03-28T08:00;2018-03-28T08:15;33;kWh;-23361;1681;0;0;25042;-21680
2018-03-28T08:15;2018-03-28T08:30;34;kWh;-13170;0;0;0;13170;-13170
2018-03-28T08:30;2018-03-28T08:45;35;kWh;-5907;1228;0;0;7135;-4679
2018-03-28T08:45;2018-03-28T09:00;36;kWh;0;3537;0;0;3537;3537
2018-03-28T09:00;2018-03-28T09:15;37;kWh;-629;740;0;0;1369;111
2018-03-28T09:15;2018-03-28T09:30;38;kWh;-1872;0;0;0;1872;-1872
2018-03-28T09:30;2018-03-28T09:45;39;kWh;-1985;0;0;0;1985;-1985
2018-03-28T09:45;2018-03-28T10:00;40;kWh;-1442;0;0;0;1442;-1442
2018-03-28T10:00;2018-03-28T10:15;41;kWh;0;6504;0;0;6504;6504
2018-03-28T10:15;2018-03-28T10:30;42;kWh;0;10544;0;0;10544;10544
2018-03-28T10:30;2018-03-28T10:45;43;kWh;0;14774;0;0;14774;14774
2018-03-28T10:45;2018-03-28T11:00;44;kWh;0;8567;0;0;8567;8567
2018-03-28T11:00;2018-03-28T11:15;45;kWh;0;14094;0;0;14094;14094
2018-03-28T11:15;2018-03-28T11:30;46;kWh;0;16101;0;0;16101;16101
2018-03-28T11:30;2018-03-28T11:45;47;kWh;0;15521;0;0;15521;15521
2018-03-28T11:45;2018-03-28T12:00;48;kWh;0;32403;0;0;32403;32403
2018-03-28T12:00;2018-03-28T12:15;49;kWh;0;17620;0;0;17620;17620
2018-03-28T12:15;2018-03-28T12:30;50;kWh;0;10589;0;0;10589;10589
2018-03-28T12:30;2018-03-28T12:45;51;kWh;0;12098;0;0;12098;12098
2018-03-28T12:45;2018-03-28T13:00;52;kWh;0;32581;0;0;32581;32581
2018-03-28T13:00;2018-03-28T13:15;53;kWh;0;40361;0;0;40361;40361
2018-03-28T13:15;2018-03-28T13:30;54;kWh;0;72827;0;0;72827;72827
2018-03-28T13:30;2018-03-28T13:45;55;kWh;0;103214;0;0;103214;103214
2018-03-28T13:45;2018-03-28T14:00;56;kWh;0;99734;0;0;99734;99734
2018-03-28T14:00;2018-03-28T14:15;57;kWh;0;72800;0;0;72800;72800
2018-03-28T14:15;2018-03-28T14:30;58;kWh;0;49247;0;0;49247;49247
2018-03-28T14:30;2018-03-28T14:45;59;kWh;0;64957;0;0;64957;64957
2018-03-28T14:45;2018-03-28T15:00;60;kWh;0;67210;0;0;67210;67210
2018-03-28T15:00;2018-03-28T15:15;61;kWh;-775;17370;0;0;18145;16595
2018-03-28T15:15;2018-03-28T15:30;62;kWh;0;2549;0;0;2549;2549
2018-03-28T15:30;2018-03-28T15:45;63;kWh;0;12751;0;0;12751;12751
2018-03-28T15:45;2018-03-28T16:00;64;kWh;-23;16469;0;0;16492;16446
2018-03-28T16:00;2018-03-28T16:15;65;kWh;-13490;1507;0;0;14997;-11983
2018-03-28T16:15;2018-03-28T16:30;66;kWh;-10180;0;0;0;10180;-10180
2018-03-28T16:30;2018-03-28T16:45;67;kWh;-5061;0;0;0;5061;-5061
2018-03-28T16:45;2018-03-28T17:00;68;kWh;-256;0;0;0;256;-256
2018-03-28T17:00;2018-03-28T17:15;69;kWh;0;822;0;0;822;822
2018-03-28T17:15;2018-03-28T17:30;70;kWh;0;5270;0;0;5270;5270
2018-03-28T17:30;2018-03-28T17:45;71;kWh;0;7018;0;0;7018;7018
2018-03-28T17:45;2018-03-28T18:00;72;kWh;0;1319;0;0;1319;1319
2018-03-28T18:00;2018-03-28T18:15;73;kWh;0;1564;0;0;1564;1564
2018-03-28T18:15;2018-03-28T18:30;74;kWh;-3806;53;0;0;3859;-3753
2018-03-28T18:30;2018-03-28T18:45;75;kWh;-2011;0;0;0;2011;-2011
2018-03-28T18:45;2018-03-28T19:00;76;kWh;-783;0;0;0;783;-783
2018-03-28T19:00;2018-03-28T19:15;77;kWh;-9543;0;0;0;9543;-9543
2018-03-28T19:15;2018-03-28T19:30;78;kWh;-11935;0;0;0;11935;-11935
2018-03-28T19:30;2018-03-28T19:45;79;kWh;-9480;0;0;0;9480;-9480
2018-03-28T19:45;2018-03-28T20:00;80;kWh;-14743;12;0;0;14755;-14731
2018-03-28T20:00;2018-03-28T20:15;81;kWh;-96;12423;0;0;12519;12327
2018-03-28T20:15;2018-03-28T20:30;82;kWh;0;8635;0;0;8635;8635
2018-03-28T20:30;2018-03-28T20:45;83;kWh;0;2056;0;0;2056;2056
2018-03-28T20:45;2018-03-28T21:00;84;kWh;0;15;0;0;15;15
2018-03-28T21:00;2018-03-28T21:15;85;kWh;0;0;0;0;0;0
2018-03-28T21:15;2018-03-28T21:30;86;kWh;0;0;0;0;0;0
2018-03-28T21:30;2018-03-28T21:45;87;kWh;-99;0;0;0;99;-99
2018-03-28T21:45;2018-03-28T22:00;88;kWh;-16480;0;0;0;16480;-16480
2018-03-28T22:00;2018-03-28T22:15;89;kWh;-15708;514;0;0;16222;-15194
2018-03-28T22:15;2018-03-28T22:30;90;kWh;-7;100;0;0;107;93
2018-03-28T22:30;2018-03-28T22:45;91;kWh;0;980;0;0;980;980
2018-03-28T22:45;2018-03-28T23:00;92;kWh;-1963;464;0;0;2427;-1499
2018-03-28T23:00;2018-03-28T23:15;93;kWh;-2585;381;0;0;2966;-2204
2018-03-28T23:15;2018-03-28T23:30;94;kWh;0;0;0;0;0;0
2018-03-28T23:30;2018-03-28T23:45;95;kWh;0;965;0;0;965;965
2018-03-28T23:45;2018-03-29T00:00;96;kWh;0;797;0;0;797;797
2018-03-29T00:00;2018-03-29T00:15;1;kWh;0;26516;0;0;26516;26516
2018-03-29T00:15;2018-03-29T00:30;2;kWh;0;34238;0;0;34238;34238
2018-03-29T00:30;2018-03-29T00:45;3;kWh;-812;5538;0;0;6350;4726
2018-03-29T00:45;2018-03-29T01:00;4;kWh;0;0;0;0;0;0
2018-03-29T01:00;2018-03-29T01:15;5;kWh;0;16216;0;0;16216;16216
2018-03-29T01:15;2018-03-29T01:30;6;kWh;0;14259;0;0;14259;14259
2018-03-29T01:30;2018-03-29T01:45;7;kWh;0;4412;0;0;4412;4412
2018-03-29T01:45;2018-03-29T02:00;8;kWh;-4058;0;0;0;4058;-4058
2018-03-29T02:00;2018-03-29T02:15;9;kWh;-9364;0;0;0;9364;-9364
2018-03-29T02:15;2018-03-29T02:30;10;kWh;-9;0;0;0;9;-9
2018-03-29T02:30;2018-03-29T02:45;11;kWh;0;3303;0;0;3303;3303
2018-03-29T02:45;2018-03-29T03:00;12;kWh;0;14302;0;0;14302;14302
2018-03-29T03:00;2018-03-29T03:15;13;kWh;0;5727;0;0;5727;5727
2018-03-29T03:15;2018-03-29T03:30;14;kWh;0;6378;0;0;6378;6378
2018-03-29T03:30;2018-03-29T03:45;15;kWh;0;1542;0;0;1542;1542
2018-03-29T03:45;2018-03-29T04:00;16;kWh;0;12681;0;0;12681;12681
2018-03-29T04:00;2018-03-29T04:15;17;kWh;-958;4202;0;0;5160;3244
2018-03-29T04:15;2018-03-29T04:30;18;kWh;0;3130;0;0;3130;3130
2018-03-29T04:30;2018-03-29T04:45;19;kWh;0;21261;0;0;21261;21261
2018-03-29T04:45;2018-03-29T05:00;20;kWh;0;22657;0;0;22657;22657
2018-03-29T05:00;2018-03-29T05:15;21;kWh;0;27388;0;0;27388;27388
2018-03-29T05:15;2018-03-29T05:30;22;kWh;-3044;3698;0;0;6742;654
2018-03-29T05:30;2018-03-29T05:45;23;kWh;0;18168;0;0;18168;18168
2018-03-29T05:45;2018-03-29T06:00;24;kWh;0;19808;0;0;19808;19808
2018-03-29T06:00;2018-03-29T06:15;25;kWh;-9421;4867;0;0;14288;-4554
2018-03-29T06:15;2018-03-29T06:30;26;kWh;-493;10318;0;0;10811;9825
2018-03-29T06:30;2018-03-29T06:45;27;kWh;0;50037;0;0;50037;50037
2018-03-29T06:45;2018-03-29T07:00;28;kWh;0;85908;0;0;85908;85908
2018-03-29T07:00;2018-03-29T07:15;29;kWh;-4573;30334;0;0;34907;25761
2018-03-29T07:15;2018-03-29T07:30;30;kWh;0;6326;0;0;6326;6326
2018-03-29T07:30;2018-03-29T07:45;31;kWh;0;22359;0;0;22359;22359
2018-03-29T07:45;2018-03-29T08:00;32;kWh;0;60230;0;0;60230;60230
2018-03-29T08:00;2018-03-29T08:15;33;kWh;0;26001;0;0;26001;26001
2018-03-29T08:15;2018-03-29T08:30;34;kWh;0;31682;0;0;31682;31682
2018-03-29T08:30;2018-03-29T08:45;35;kWh;0;54686;0;0;54686;54686
2018-03-29T08:45;2018-03-29T09:00;36;kWh;0;65216;0;0;65216;65216
2018-03-29T09:00;2018-03-29T09:15;37;kWh;0;69964;0;0;69964;69964
2018-03-29T09:15;2018-03-29T09:30;38;kWh;-18;33102;0;0;33120;33084
2018-03-29T09:30;2018-03-29T09:45;39;kWh;-728;3966;0;0;4694;3238
2018-03-29T09:45;2018-03-29T10:00;40;kWh;0;7117;0;0;7117;7117
2018-03-29T10:00;2018-03-29T10:15;41;kWh;0;33914;0;0;33914;33914
2018-03-29T10:15;2018-03-29T10:30;42;kWh;0;30114;0;0;30114;30114
2018-03-29T10:30;2018-03-29T10:45;43;kWh;-1283;8638;0;0;9921;7355
2018-03-29T10:45;2018-03-29T11:00;44;kWh;-9120;0;0;0;9120;-9120
2018-03-29T11:00;2018-03-29T11:15;45;kWh;-6949;1077;0;0;8026;-5872
2018-03-29T11:15;2018-03-29T11:30;46;kWh;-10664;0;0;0;10664;-10664
2018-03-29T11:30;2018-03-29T11:45;47;kWh;-55044;0;0;0;55044;-55044
2018-03-29T11:45;2018-03-29T12:00;48;kWh;-29529;0;0;0;29529;-29529
2018-03-29T12:00;2018-03-29T12:15;49;kWh;-14278;0;0;0;14278;-14278
2018-03-29T12:15;2018-03-29T12:30;50;kWh;-7322;0;0;0;7322;-7322
2018-03-29T12:30;2018-03-29T12:45;51;kWh;-31860;0;0;0;31860;-31860
2018-03-29T12:45;2018-03-29T13:00;52;kWh;-66551;0;0;0;66551;-66551
2018-03-29T13:00;2018-03-29T13:15;53;kWh;-42716;56;0;0;42772;-42660
2018-03-29T13:15;2018-03-29T13:30;54;kWh;-5334;3;0;0;5337;-5331
2018-03-29T13:30;2018-03-29T13:45;55;kWh;-10315;0;0;0;10315;-10315
2018-03-29T13:45;2018-03-29T14:00;56;kWh;-20099;0;0;0;20099;-20099
2018-03-29T14:00;2018-03-29T14:15;57;kWh;-16982;0;0;0;16982;-16982
2018-03-29T14:15;2018-03-29T14:30;58;kWh;-7955;0;0;0;7955;-7955
2018-03-29T14:30;2018-03-29T14:45;59;kWh;-29963;0;0;0;29963;-29963
2018-03-29T14:45;2018-03-29T15:00;60;kWh;-33580;0;0;0;33580;-33580
2018-03-29T15:00;2018-03-29T15:15;61;kWh;-41310;0;0;0;41310;-41310
2018-03-29T15:15;2018-03-29T15:30;62;kWh;-32606;0;0;0;32606;-32606
2018-03-29T15:30;2018-03-29T15:45;63;kWh;-32441;0;0;0;32441;-32441
2018-03-29T15:45;2018-03-29T16:00;64;kWh;-34428;0;0;0;34428;-34428
2018-03-29T16:00;2018-03-29T16:15;65;kWh;-40202;0;0;0;40202;-40202
2018-03-29T16:15;2018-03-29T16:30;66;kWh;-58958;0;0;0;58958;-58958
2018-03-29T16:30;2018-03-29T16:45;67;kWh;-46214;0;0;0;46214;-46214
2018-03-29T16:45;2018-03-29T17:00;68;kWh;-33123;0;0;0;33123;-33123
2018-03-29T17:00;2018-03-29T17:15;69;kWh;-31770;0;0;0;31770;-31770
2018-03-29T17:15;2018-03-29T17:30;70;kWh;-30099;0;0;0;30099;-30099
2018-03-29T17:30;2018-03-29T17:45;71;kWh;-7910;0;0;0;7910;-7910
2018-03-29T17:45;2018-03-29T18:00;72;kWh;-8667;0;0;0;8667;-8667
2018-03-29T18:00;2018-03-29T18:15;73;kWh;-12717;0;0;0;12717;-12717
2018-03-29T18:15;2018-03-29T18:30;74;kWh;-23287;0;0;0;23287;-23287
2018-03-29T18:30;2018-03-29T18:45;75;kWh;-1753;0;0;0;1753;-1753
2018-03-29T18:45;2018-03-29T19:00;76;kWh;0;0;0;0;0;0
2018-03-29T19:00;2018-03-29T19:15;77;kWh;0;0;0;0;0;0
2018-03-29T19:15;2018-03-29T19:30;78;kWh;0;477;0;0;477;477
2018-03-29T19:30;2018-03-29T19:45;79;kWh;0;5926;0;0;5926;5926
2018-03-29T19:45;2018-03-29T20:00;80;kWh;0;3190;0;0;3190;3190
2018-03-29T20:00;2018-03-29T20:15;81;kWh;0;1155;0;0;1155;1155
2018-03-29T20:15;2018-03-29T20:30;82;kWh;0;34638;0;0;34638;34638
2018-03-29T20:30;2018-03-29T20:45;83;kWh;0;54176;0;0;54176;54176
2018-03-29T20:45;2018-03-29T21:00;84;kWh;-6693;6653;0;0;13346;-40
2018-03-29T21:00;2018-03-29T21:15;85;kWh;-11064;8692;0;0;19756;-2372
2018-03-29T21:15;2018-03-29T21:30;86;kWh;-354;4463;0;0;4817;4109
2018-03-29T21:30;2018-03-29T21:45;87;kWh;-3255;0;0;0;3255;-3255
2018-03-29T21:45;2018-03-29T22:00;88;kWh;-44507;0;0;0;44507;-44507
2018-03-29T22:00;2018-03-29T22:15;89;kWh;-7493;295;0;0;7788;-7198
2018-03-29T22:15;2018-03-29T22:30;90;kWh;-38;0;0;0;38;-38
2018-03-29T22:30;2018-03-29T22:45;91;kWh;-1415;0;0;0;1415;-1415
2018-03-29T22:45;2018-03-29T23:00;92;kWh;-4215;0;0;0;4215;-4215
2018-03-29T23:00;2018-03-29T23:15;93;kWh;-3994;15366;0;0;19360;11372
2018-03-29T23:15;2018-03-29T23:30;94;kWh;-11;38969;0;0;38980;38958
2018-03-29T23:30;2018-03-29T23:45;95;kWh;-163;1573;0;0;1736;1410
2018-03-29T23:45;2018-03-30T00:00;96;kWh;-3525;0;0;0;3525;-3525
2018-03-30T00:00;2018-03-30T00:15;1;kWh;-3545;19;0;0;3564;-3526
2018-03-30T00:15;2018-03-30T00:30;2;kWh;0;8030;0;0;8030;8030
2018-03-30T00:30;2018-03-30T00:45;3;kWh;0;2494;0;0;2494;2494
2018-03-30T00:45;2018-03-30T01:00;4;kWh;0;93;0;0;93;93
2018-03-30T01:00;2018-03-30T01:15;5;kWh;0;0;0;0;0;0
2018-03-30T01:15;2018-03-30T01:30;6;kWh;0;0;0;0;0;0
2018-03-30T01:30;2018-03-30T01:45;7;kWh;0;0;0;0;0;0
2018-03-30T01:45;2018-03-30T02:00;8;kWh;-16264;0;0;0;16264;-16264
2018-03-30T02:00;2018-03-30T02:15;9;kWh;-10268;0;0;0;10268;-10268
2018-03-30T02:15;2018-03-30T02:30;10;kWh;0;0;0;0;0;0
2018-03-30T02:30;2018-03-30T02:45;11;kWh;0;0;0;0;0;0
2018-03-30T02:45;2018-03-30T03:00;12;kWh;-8127;0;0;0;8127;-8127
2018-03-30T03:00;2018-03-30T03:15;13;kWh;-7275;580;0;0;7855;-6695
2018-03-30T03:15;2018-03-30T03:30;14;kWh;0;119;0;0;119;119
2018-03-30T03:30;2018-03-30T03:45;15;kWh;0;0;0;0;0;0
2018-03-30T03:45;2018-03-30T04:00;16;kWh;0;0;0;0;0;0
2018-03-30T04:00;2018-03-30T04:15;17;kWh;0;0;0;0;0;0
2018-03-30T04:15;2018-03-30T04:30;18;kWh;0;0;0;0;0;0
2018-03-30T04:30;2018-03-30T04:45;19;kWh;0;0;0;0;0;0
2018-03-30T04:45;2018-03-30T05:00;20;kWh;-455;0;0;0;455;-455
2018-03-30T05:00;2018-03-30T05:15;21;kWh;-4545;0;0;0;4545;-4545
2018-03-30T05:15;2018-03-30T05:30;22;kWh;-24548;0;0;0;24548;-24548
2018-03-30T05:30;2018-03-30T05:45;23;kWh;-9203;8;0;0;9211;-9195
2018-03-30T05:45;2018-03-30T06:00;24;kWh;-29;1834;0;0;1863;1805
2018-03-30T06:00;2018-03-30T06:15;25;kWh;-20945;0;0;0;20945;-20945
2018-03-30T06:15;2018-03-30T06:30;26;kWh;-27782;0;0;0;27782;-27782
2018-03-30T06:30;2018-03-30T06:45;27;kWh;-562;0;0;0;562;-562
2018-03-30T06:45;2018-03-30T07:00;28;kWh;0;1109;0;0;1109;1109
2018-03-30T07:00;2018-03-30T07:15;29;kWh;0;3458;0;0;3458;3458
2018-03-30T07:15;2018-03-30T07:30;30;kWh;0;1613;0;0;1613;1613
2018-03-30T07:30;2018-03-30T07:45;31;kWh;0;14816;0;0;14816;14816
2018-03-30T07:45;2018-03-30T08:00;32;kWh;0;21203;0;0;21203;21203
2018-03-30T08:00;2018-03-30T08:15;33;kWh;-5274;5400;0;0;10674;126
2018-03-30T08:15;2018-03-30T08:30;34;kWh;-283;2080;0;0;2363;1797
2018-03-30T08:30;2018-03-30T08:45;35;kWh;0;37381;0;0;37381;37381
2018-03-30T08:45;2018-03-30T09:00;36;kWh;0;27634;0;0;27634;27634
2018-03-30T09:00;2018-03-30T09:15;37;kWh;0;30962;0;0;30962;30962
2018-03-30T09:15;2018-03-30T09:30;38;kWh;0;22230;0;0;22230;22230
2018-03-30T09:30;2018-03-30T09:45;39;kWh;-496;2903;0;0;3399;2407
2018-03-30T09:45;2018-03-30T10:00;40;kWh;0;7239;0;0;7239;7239
2018-03-30T10:00;2018-03-30T10:15;41;kWh;0;23109;0;0;23109;23109
2018-03-30T10:15;2018-03-30T10:30;42;kWh;-5;21968;0;0;21973;21963
2018-03-30T10:30;2018-03-30T10:45;43;kWh;-2600;343;0;0;2943;-2257
2018-03-30T10:45;2018-03-30T11:00;44;kWh;-33736;0;0;0;33736;-33736
2018-03-30T11:00;2018-03-30T11:15;45;kWh;-27150;0;0;0;27150;-27150
2018-03-30T11:15;2018-03-30T11:30;46;kWh;-34151;0;0;0;34151;-34151
2018-03-30T11:30;2018-03-30T11:45;47;kWh;-36951;0;0;0;36951;-36951
2018-03-30T11:45;2018-03-30T12:00;48;kWh;-42461;0;0;0;42461;-42461
2018-03-30T12:00;2018-03-30T12:15;49;kWh;-27533;0;0;0;27533;-27533
2018-03-30T12:15;2018-03-30T12:30;50;kWh;-52013;0;0;0;52013;-52013
2018-03-30T12:30;2018-03-30T12:45;51;kWh;-80253;0;0;0;80253;-80253
2018-03-30T12:45;2018-03-30T13:00;52;kWh;-108109;0;0;0;108109;-108109
2018-03-30T13:00;2018-03-30T13:15;53;kWh;-74437;0;0;0;74437;-74437
2018-03-30T13:15;2018-03-30T13:30;54;kWh;-34836;0;0;0;34836;-34836
2018-03-30T13:30;2018-03-30T13:45;55;kWh;-58820;0;0;0;58820;-58820
2018-03-30T13:45;2018-03-30T14:00;56;kWh;-77140;0;0;0;77140;-77140
2018-03-30T14:00;2018-03-30T14:15;57;kWh;-55699;0;0;0;55699;-55699
2018-03-30T14:15;2018-03-30T14:30;58;kWh;-38785;0;0;0;38785;-38785
2018-03-30T14:30;2018-03-30T14:45;59;kWh;-55978;0;0;0;55978;-55978
2018-03-30T14:45;2018-03-30T15:00;60;kWh;-58191;0;0;0;58191;-58191
2018-03-30T15:00;2018-03-30T15:15;61;kWh;-32067;496;0;0;32563;-31571
2018-03-30T15:15;2018-03-30T15:30;62;kWh;-80;4521;0;0;4601;4441
2018-03-30T15:30;2018-03-30T15:45;63;kWh;-135;6829;0;0;6964;6694
2018-03-30T15:45;2018-03-30T16:00;64;kWh;0;2701;0;0;2701;2701
2018-03-30T16:00;2018-03-30T16:15;65;kWh;0;0;0;0;0;0
2018-03-30T16:15;2018-03-30T16:30;66;kWh;0;0;0;0;0;0
2018-03-30T16:30;2018-03-30T16:45;67;kWh;-572;0;0;0;572;-572
2018-03-30T16:45;2018-03-30T17:00;68;kWh;0;0;0;0;0;0
2018-03-30T17:00;2018-03-30T17:15;69;kWh;-50;0;0;0;50;-50
2018-03-30T17:15;2018-03-30T17:30;70;kWh;0;0;0;0;0;0
2018-03-30T17:30;2018-03-30T17:45;71;kWh;0;0;0;0;0;0
2018-03-30T17:45;2018-03-30T18:00;72;kWh;0;0;0;0;0;0
2018-03-30T18:00;2018-03-30T18:15;73;kWh;-121;0;0;0;121;-121
2018-03-30T18:15;2018-03-30T18:30;74;kWh;-12;0;0;0;12;-12
2018-03-30T18:30;2018-03-30T18:45;75;kWh;0;0;0;0;0;0
2018-03-30T18:45;2018-03-30T19:00;76;kWh;0;0;0;0;0;0
2018-03-30T19:00;2018-03-30T19:15;77;kWh;-18174;0;0;0;18174;-18174
2018-03-30T19:15;2018-03-30T19:30;78;kWh;-9561;0;0;0;9561;-9561
2018-03-30T19:30;2018-03-30T19:45;79;kWh;-29260;0;0;0;29260;-29260
2018-03-30T19:45;2018-03-30T20:00;80;kWh;-20158;0;0;0;20158;-20158
2018-03-30T20:00;2018-03-30T20:15;81;kWh;-4774;2505;0;0;7279;-2269
2018-03-30T20:15;2018-03-30T20:30;82;kWh;0;27885;0;0;27885;27885
2018-03-30T20:30;2018-03-30T20:45;83;kWh;0;61184;0;0;61184;61184
2018-03-30T20:45;2018-03-30T21:00;84;kWh;0;70916;0;79832;150748;150748
2018-03-30T21:00;2018-03-30T21:15;85;kWh;-2804;5892;0;60749;70695;65087
2018-03-30T21:15;2018-03-30T21:30;86;kWh;0;34474;0;0;35724;35724
2018-03-30T21:30;2018-03-30T21:45;87;kWh;0;34869;0;0;34869;34869
2018-03-30T21:45;2018-03-30T22:00;88;kWh;0;37641;0;0;37641;37641
2018-03-30T22:00;2018-03-30T22:15;89;kWh;0;61875;0;43332;105207;105207
2018-03-30T22:15;2018-03-30T22:30;90;kWh;-205;46751;0;64998;111954;111544
2018-03-30T22:30;2018-03-30T22:45;91;kWh;-91;24795;0;33332;58218;58036
2018-03-30T22:45;2018-03-30T23:00;92;kWh;0;29186;0;0;29186;29186
2018-03-30T23:00;2018-03-30T23:15;93;kWh;0;13178;0;0;13178;13178
2018-03-30T23:15;2018-03-30T23:30;94;kWh;0;25266;0;0;25266;25266
2018-03-30T23:30;2018-03-30T23:45;95;kWh;0;16760;0;0;16760;16760
2018-03-30T23:45;2018-03-31T00:00;96;kWh;0;16740;0;0;16740;16740
2018-03-31T00:00;2018-03-31T00:15;1;kWh;0;12791;0;0;12791;12791
2018-03-31T00:15;2018-03-31T00:30;2;kWh;0;25254;0;0;25254;25254
2018-03-31T00:30;2018-03-31T00:45;3;kWh;0;30567;0;0;30567;30567
2018-03-31T00:45;2018-03-31T01:00;4;kWh;0;7185;0;0;7185;7185
2018-03-31T01:00;2018-03-31T01:15;5;kWh;0;25399;0;0;25399;25399
2018-03-31T01:15;2018-03-31T01:30;6;kWh;0;58976;0;0;58976;58976
2018-03-31T01:30;2018-03-31T01:45;7;kWh;0;18623;0;0;18623;18623
2018-03-31T01:45;2018-03-31T02:00;8;kWh;0;1809;0;0;1809;1809
2018-03-31T02:00;2018-03-31T02:15;9;kWh;0;65123;0;0;65123;65123
2018-03-31T02:15;2018-03-31T02:30;10;kWh;0;94949;0;0;94949;94949
2018-03-31T02:30;2018-03-31T02:45;11;kWh;0;70714;0;0;70714;70714
2018-03-31T02:45;2018-03-31T03:00;12;kWh;0;30014;0;0;30014;30014
2018-03-31T03:00;2018-03-31T03:15;13;kWh;0;26645;0;0;26645;26645
2018-03-31T03:15;2018-03-31T03:30;14;kWh;0;34788;0;0;34788;34788
2018-03-31T03:30;2018-03-31T03:45;15;kWh;0;34455;0;0;34455;34455
2018-03-31T03:45;2018-03-31T04:00;16;kWh;0;42350;0;0;42350;42350
2018-03-31T04:00;2018-03-31T04:15;17;kWh;-866;15872;0;0;16738;15006
2018-03-31T04:15;2018-03-31T04:30;18;kWh;-63;1266;0;0;1329;1203
2018-03-31T04:30;2018-03-31T04:45;19;kWh;0;6926;0;0;6926;6926
2018-03-31T04:45;2018-03-31T05:00;20;kWh;0;19270;0;0;19270;19270
2018-03-31T05:00;2018-03-31T05:15;21;kWh;0;12523;0;0;12523;12523
2018-03-31T05:15;2018-03-31T05:30;22;kWh;0;17030;0;0;17030;17030
2018-03-31T05:30;2018-03-31T05:45;23;kWh;0;34639;0;0;34639;34639
2018-03-31T05:45;2018-03-31T06:00;24;kWh;0;26602;0;0;26602;26602
2018-03-31T06:00;2018-03-31T06:15;25;kWh;0;8142;0;0;8142;8142
2018-03-31T06:15;2018-03-31T06:30;26;kWh;0;31577;0;0;31577;31577
2018-03-31T06:30;2018-03-31T06:45;27;kWh;0;42468;0;0;42468;42468
2018-03-31T06:45;2018-03-31T07:00;28;kWh;0;61205;0;0;61205;61205
2018-03-31T07:00;2018-03-31T07:15;29;kWh;0;29250;0;0;29250;29250
2018-03-31T07:15;2018-03-31T07:30;30;kWh;0;10718;0;0;10718;10718
2018-03-31T07:30;2018-03-31T07:45;31;kWh;0;37245;0;0;37245;37245
2018-03-31T07:45;2018-03-31T08:00;32;kWh;0;51914;0;0;51914;51914
2018-03-31T08:00;2018-03-31T08:15;33;kWh;-2239;21877;0;0;24116;19638
2018-03-31T08:15;2018-03-31T08:30;34;kWh;-3;20162;0;0;20165;20159
2018-03-31T08:30;2018-03-31T08:45;35;kWh;0;29934;0;0;29934;29934
2018-03-31T08:45;2018-03-31T09:00;36;kWh;0;52139;0;0;52139;52139
2018-03-31T09:00;2018-03-31T09:15;37;kWh;-453;15330;0;0;15783;14877
2018-03-31T09:15;2018-03-31T09:30;38;kWh;0;9861;0;0;9861;9861
2018-03-31T09:30;2018-03-31T09:45;39;kWh;0;9888;0;0;9888;9888
2018-03-31T09:45;2018-03-31T10:00;40;kWh;0;1087;0;0;1087;1087
2018-03-31T10:00;2018-03-31T10:15;41;kWh;0;7224;0;0;7224;7224
2018-03-31T10:15;2018-03-31T10:30;42;kWh;0;0;0;0;0;0
2018-03-31T10:30;2018-03-31T10:45;43;kWh;0;0;0;0;0;0
2018-03-31T10:45;2018-03-31T11:00;44;kWh;-20992;0;0;0;20992;-20992
2018-03-31T11:00;2018-03-31T11:15;45;kWh;-21002;0;0;0;21002;-21002
2018-03-31T11:15;2018-03-31T11:30;46;kWh;-14;0;0;0;14;-14
2018-03-31T11:30;2018-03-31T11:45;47;kWh;-12777;0;0;0;12777;-12777
2018-03-31T11:45;2018-03-31T12:00;48;kWh;-18448;0;0;0;18448;-18448
2018-03-31T12:00;2018-03-31T12:15;49;kWh;-15873;0;0;0;15873;-15873
2018-03-31T12:15;2018-03-31T12:30;50;kWh;-7821;0;0;0;7821;-7821
2018-03-31T12:30;2018-03-31T12:45;51;kWh;-10504;0;0;0;10504;-10504
2018-03-31T12:45;2018-03-31T13:00;52;kWh;0;0;0;0;0;0
2018-03-31T13:00;2018-03-31T13:15;53;kWh;0;0;0;0;0;0
2018-03-31T13:15;2018-03-31T13:30;54;kWh;0;0;0;0;0;0
2018-03-31T13:30;2018-03-31T13:45;55;kWh;0;8373;0;0;8373;8373
2018-03-31T13:45;2018-03-31T14:00;56;kWh;0;28667;0;0;28667;28667
2018-03-31T14:00;2018-03-31T14:15;57;kWh;0;52190;0;0;52190;52190
2018-03-31T14:15;2018-03-31T14:30;58;kWh;0;54317;0;0;54317;54317
2018-03-31T14:30;2018-03-31T14:45;59;kWh;0;30872;0;0;30872;30872
2018-03-31T14:45;2018-03-31T15:00;60;kWh;0;53904;0;0;53904;53904
2018-03-31T15:00;2018-03-31T15:15;61;kWh;0;55588;0;0;55588;55588
2018-03-31T15:15;2018-03-31T15:30;62;kWh;0;54961;0;0;54961;54961
2018-03-31T15:30;2018-03-31T15:45;63;kWh;0;54375;0;0;54375;54375
2018-03-31T15:45;2018-03-31T16:00;64;kWh;0;75392;0;0;75392;75392
2018-03-31T16:00;2018-03-31T16:15;65;kWh;0;72274;0;0;72274;72274
2018-03-31T16:15;2018-03-31T16:30;66;kWh;0;44250;0;0;44250;44250
2018-03-31T16:30;2018-03-31T16:45;67;kWh;0;63056;0;0;63056;63056
2018-03-31T16:45;2018-03-31T17:00;68;kWh;0;70451;0;0;70451;70451
2018-03-31T17:00;2018-03-31T17:15;69;kWh;0;38844;0;0;42594;42594
2018-03-31T17:15;2018-03-31T17:30;70;kWh;0;16646;0;0;16646;16646
2018-03-31T17:30;2018-03-31T17:45;71;kWh;0;39699;0;0;39699;39699
2018-03-31T17:45;2018-03-31T18:00;72;kWh;0;44234;0;0;44234;44234
2018-03-31T18:00;2018-03-31T18:15;73;kWh;0;51309;0;0;51309;51309
2018-03-31T18:15;2018-03-31T18:30;74;kWh;0;55763;0;0;55763;55763
2018-03-31T18:30;2018-03-31T18:45;75;kWh;0;49507;0;0;49507;49507
2018-03-31T18:45;2018-03-31T19:00;76;kWh;0;20381;0;0;20381;20381
2018-03-31T19:00;2018-03-31T19:15;77;kWh;0;31480;0;0;31480;31480
2018-03-31T19:15;2018-03-31T19:30;78;kWh;0;28453;0;0;28453;28453
2018-03-31T19:30;2018-03-31T19:45;79;kWh;0;26012;0;0;26012;26012
2018-03-31T19:45;2018-03-31T20:00;80;kWh;0;39803;0;0;39803;39803
2018-03-31T20:00;2018-03-31T20:15;81;kWh;-315;9406;0;0;9721;9091
2018-03-31T20:15;2018-03-31T20:30;82;kWh;0;28833;0;0;28833;28833
2018-03-31T20:30;2018-03-31T20:45;83;kWh;0;40854;0;0;40854;40854
2018-03-31T20:45;2018-03-31T21:00;84;kWh;-3908;5641;0;0;9549;1733
2018-03-31T21:00;2018-03-31T21:15;85;kWh;-473;10867;0;0;11340;10394
2018-03-31T21:15;2018-03-31T21:30;86;kWh;0;2736;0;0;2736;2736
2018-03-31T21:30;2018-03-31T21:45;87;kWh;0;36;0;0;36;36
2018-03-31T21:45;2018-03-31T22:00;88;kWh;0;0;0;0;0;0
2018-03-31T22:00;2018-03-31T22:15;89;kWh;0;1;0;0;1;1
2018-03-31T22:15;2018-03-31T22:30;90;kWh;0;17199;0;0;17199;17199
2018-03-31T22:30;2018-03-31T22:45;91;kWh;0;21139;0;0;21139;21139
2018-03-31T22:45;2018-03-31T23:00;92;kWh;-123;3169;0;0;3292;3046
2018-03-31T23:00;2018-03-31T23:15;93;kWh;0;48837;0;0;48837;48837
2018-03-31T23:15;2018-03-31T23:30;94;kWh;0;50154;0;0;50154;50154
2018-03-31T23:30;2018-03-31T23:45;95;kWh;-131;5492;0;0;5623;5361
2018-03-31T23:45;2018-04-01T00:00;96;kWh;0;48446;0;0;48446;48446
2018-04-01T00:00;2018-04-01T00:15;1;kWh;-29818;12847;0;0;42665;-16971
2018-04-01T00:15;2018-04-01T00:30;2;kWh;-3479;187;0;0;3666;-3292
2018-04-01T00:30;2018-04-01T00:45;3;kWh;-2420;0;0;0;2420;-2420
2018-04-01T00:45;2018-04-01T01:00;4;kWh;-29759;0;0;0;29759;-29759
2018-04-01T01:00;2018-04-01T01:15;5;kWh;-19502;3;0;0;19505;-19499
2018-04-01T01:15;2018-04-01T01:30;6;kWh;-4972;19;0;0;4991;-4953
2018-04-01T01:30;2018-04-01T01:45;7;kWh;-11458;0;0;0;11458;-11458
2018-04-01T01:45;2018-04-01T02:00;8;kWh;-1915;0;0;0;1915;-1915
2018-04-01T02:00;2018-04-01T02:15;9;kWh;-4032;0;0;0;4032;-4032
2018-04-01T02:15;2018-04-01T02:30;10;kWh;-7066;0;0;0;7066;-7066
2018-04-01T02:30;2018-04-01T02:45;11;kWh;-7374;0;0;0;7374;-7374
2018-04-01T02:45;2018-04-01T03:00;12;kWh;-30082;0;0;0;30082;-30082
2018-04-01T03:00;2018-04-01T03:15;13;kWh;-23704;0;0;0;23704;-23704
2018-04-01T03:15;2018-04-01T03:30;14;kWh;-17993;0;0;0;17993;-17993
2018-04-01T03:30;2018-04-01T03:45;15;kWh;-26924;0;0;0;26924;-26924
2018-04-01T03:45;2018-04-01T04:00;16;kWh;-35930;0;0;0;35930;-35930
2018-04-01T04:00;2018-04-01T04:15;17;kWh;-30075;0;0;0;30075;-30075
2018-04-01T04:15;2018-04-01T04:30;18;kWh;-24901;0;0;0;24901;-24901
2018-04-01T04:30;2018-04-01T04:45;19;kWh;-25379;0;0;0;25379;-25379
2018-04-01T04:45;2018-04-01T05:00;20;kWh;-26841;0;0;0;26841;-26841
2018-04-01T05:00;2018-04-01T05:15;21;kWh;-40368;0;0;0;40368;-40368
2018-04-01T05:15;2018-04-01T05:30;22;kWh;-42696;0;0;0;42696;-42696
2018-04-01T05:30;2018-04-01T05:45;23;kWh;-28211;0;0;0;28211;-28211
2018-04-01T05:45;2018-04-01T06:00;24;kWh;-36456;0;0;0;36456;-36456
2018-04-01T06:00;2018-04-01T06:15;25;kWh;-56659;0;0;0;56659;-56659
2018-04-01T06:15;2018-04-01T06:30;26;kWh;-67223;0;0;0;67223;-67223
2018-04-01T06:30;2018-04-01T06:45;27;kWh;-56207;0;0;0;56207;-56207
2018-04-01T06:45;2018-04-01T07:00;28;kWh;-49293;0;0;0;49293;-49293
2018-04-01T07:00;2018-04-01T07:15;29;kWh;-16461;0;0;0;16461;-16461
2018-04-01T07:15;2018-04-01T07:30;30;kWh;0;0;0;0;0;0
2018-04-01T07:30;2018-04-01T07:45;31;kWh;0;0;0;0;0;0
2018-04-01T07:45;2018-04-01T08:00;32;kWh;0;0;0;0;0;0
2018-04-01T08:00;2018-04-01T08:15;33;kWh;0;0;0;0;0;0
2018-04-01T08:15;2018-04-01T08:30;34;kWh;0;0;0;0;0;0
2018-04-01T08:30;2018-04-01T08:45;35;kWh;0;3663;0;0;3663;3663
2018-04-01T08:45;2018-04-01T09:00;36;kWh;0;5765;0;0;5765;5765
2018-04-01T09:00;2018-04-01T09:15;37;kWh;0;9194;0;0;9194;9194
2018-04-01T09:15;2018-04-01T09:30;38;kWh;0;35408;0;0;35408;35408
2018-04-01T09:30;2018-04-01T09:45;39;kWh;0;44404;0;0;44404;44404
2018-04-01T09:45;2018-04-01T10:00;40;kWh;0;52080;0;0;52080;52080
2018-04-01T10:00;2018-04-01T10:15;41;kWh;0;47684;0;0;47684;47684
2018-04-01T10:15;2018-04-01T10:30;42;kWh;0;40931;0;0;40931;40931
2018-04-01T10:30;2018-04-01T10:45;43;kWh;0;33640;0;0;33640;33640
2018-04-01T10:45;2018-04-01T11:00;44;kWh;0;37236;0;0;37236;37236
2018-04-01T11:00;2018-04-01T11:15;45;kWh;0;36581;0;0;36581;36581
2018-04-01T11:15;2018-04-01T11:30;46;kWh;0;53381;0;0;53381;53381
2018-04-01T11:30;2018-04-01T11:45;47;kWh;0;59987;0;0;59987;59987
2018-04-01T11:45;2018-04-01T12:00;48;kWh;0;53932;0;0;53932;53932
2018-04-01T12:00;2018-04-01T12:15;49;kWh;0;49048;0;0;49048;49048
2018-04-01T12:15;2018-04-01T12:30;50;kWh;0;56321;0;0;56321;56321
2018-04-01T12:30;2018-04-01T12:45;51;kWh;0;48375;0;0;48375;48375
2018-04-01T12:45;2018-04-01T13:00;52;kWh;0;35056;0;0;35056;35056
2018-04-01T13:00;2018-04-01T13:15;53;kWh;0;34353;0;0;34353;34353
2018-04-01T13:15;2018-04-01T13:30;54;kWh;0;34481;0;0;34481;34481
2018-04-01T13:30;2018-04-01T13:45;55;kWh;0;35231;0;0;35231;35231
2018-04-01T13:45;2018-04-01T14:00;56;kWh;-28;20819;0;0;20847;20791
2018-04-01T14:00;2018-04-01T14:15;57;kWh;-195;17571;0;0;17766;17376
2018-04-01T14:15;2018-04-01T14:30;58;kWh;0;45267;0;0;45267;45267
2018-04-01T14:30;2018-04-01T14:45;59;kWh;0;10979;0;0;10979;10979
2018-04-01T14:45;2018-04-01T15:00;60;kWh;0;15806;0;0;15806;15806
2018-04-01T15:00;2018-04-01T15:15;61;kWh;0;33008;0;0;33008;33008
2018-04-01T15:15;2018-04-01T15:30;62;kWh;0;28509;0;0;28509;28509
2018-04-01T15:30;2018-04-01T15:45;63;kWh;0;38662;0;0;38662;38662
2018-04-01T15:45;2018-04-01T16:00;64;kWh;-272;25641;0;0;25913;25369
2018-04-01T16:00;2018-04-01T16:15;65;kWh;-640;633;0;0;1273;-7
2018-04-01T16:15;2018-04-01T16:30;66;kWh;0;0;0;0;0;0
2018-04-01T16:30;2018-04-01T16:45;67;kWh;0;0;0;0;0;0
2018-04-01T16:45;2018-04-01T17:00;68;kWh;0;0;0;0;0;0
2018-04-01T17:00;2018-04-01T17:15;69;kWh;0;0;0;0;0;0
2018-04-01T17:15;2018-04-01T17:30;70;kWh;0;184;0;0;184;184
2018-04-01T17:30;2018-04-01T17:45;71;kWh;0;4399;0;0;4399;4399
2018-04-01T17:45;2018-04-01T18:00;72;kWh;0;36832;0;0;36832;36832
2018-04-01T18:00;2018-04-01T18:15;73;kWh;0;47867;0;0;47867;47867
2018-04-01T18:15;2018-04-01T18:30;74;kWh;0;52916;0;0;52916;52916
2018-04-01T18:30;2018-04-01T18:45;75;kWh;0;47123;0;0;47123;47123
2018-04-01T18:45;2018-04-01T19:00;76;kWh;0;41888;0;0;41888;41888
2018-04-01T19:00;2018-04-01T19:15;77;kWh;-19;38153;0;0;38172;38134
2018-04-01T19:15;2018-04-01T19:30;78;kWh;-656;10828;0;0;11484;10172
2018-04-01T19:30;2018-04-01T19:45;79;kWh;0;36656;0;0;36656;36656
2018-04-01T19:45;2018-04-01T20:00;80;kWh;0;34603;0;0;34603;34603
2018-04-01T20:00;2018-04-01T20:15;81;kWh;-589;19285;0;0;19874;18696
2018-04-01T20:15;2018-04-01T20:30;82;kWh;-209;14835;0;0;15044;14626
2018-04-01T20:30;2018-04-01T20:45;83;kWh;0;58059;0;0;58059;58059
2018-04-01T20:45;2018-04-01T21:00;84;kWh;0;32757;0;0;32757;32757
2018-04-01T21:00;2018-04-01T21:15;85;kWh;0;22613;0;0;22613;22613
2018-04-01T21:15;2018-04-01T21:30;86;kWh;0;23979;0;0;23979;23979
2018-04-01T21:30;2018-04-01T21:45;87;kWh;0;4232;0;0;4232;4232
2018-04-01T21:45;2018-04-01T22:00;88;kWh;0;2775;0;0;2775;2775
2018-04-01T22:00;2018-04-01T22:15;89;kWh;0;23710;0;0;23710;23710
2018-04-01T22:15;2018-04-01T22:30;90;kWh;0;28750;0;0;28750;28750
2018-04-01T22:30;2018-04-01T22:45;91;kWh;-1041;6148;0;0;7189;5107
2018-04-01T22:45;2018-04-01T23:00;92;kWh;0;0;0;0;0;0
2018-04-01T23:00;2018-04-01T23:15;93;kWh;0;26905;0;0;26905;26905
2018-04-01T23:15;2018-04-01T23:30;94;kWh;0;47329;0;0;47329;47329
2018-04-01T23:30;2018-04-01T23:45;95;kWh;-461;23451;0;0;23912;22990
2018-04-01T23:45;2018-04-02T00:00;96;kWh;-8731;45;0;0;8776;-8686
2018-04-02T00:00;2018-04-02T00:15;1;kWh;-26728;20;0;0;26748;-26708
2018-04-02T00:15;2018-04-02T00:30;2;kWh;-5736;339;0;0;6075;-5397
2018-04-02T00:30;2018-04-02T00:45;3;kWh;-42327;0;0;0;42327;-42327
2018-04-02T00:45;2018-04-02T01:00;4;kWh;-21803;0;0;0;21803;-21803
2018-04-02T01:00;2018-04-02T01:15;5;kWh;-15032;0;0;0;15032;-15032
2018-04-02T01:15;2018-04-02T01:30;6;kWh;-3179;0;0;0;3179;-3179
2018-04-02T01:30;2018-04-02T01:45;7;kWh;-26341;0;0;0;26341;-26341
2018-04-02T01:45;2018-04-02T02:00;8;kWh;-34158;0;0;0;34158;-34158
2018-04-02T02:00;2018-04-02T02:15;9;kWh;-19551;0;0;0;19551;-19551
2018-04-02T02:15;2018-04-02T02:30;10;kWh;-20;0;0;0;20;-20
2018-04-02T02:30;2018-04-02T02:45;11;kWh;-377;0;0;0;377;-377
2018-04-02T02:45;2018-04-02T03:00;12;kWh;-1772;0;0;0;1772;-1772
2018-04-02T03:00;2018-04-02T03:15;13;kWh;-2389;0;0;0;2389;-2389
2018-04-02T03:15;2018-04-02T03:30;14;kWh;0;0;0;0;0;0
2018-04-02T03:30;2018-04-02T03:45;15;kWh;0;0;0;0;0;0
2018-04-02T03:45;2018-04-02T04:00;16;kWh;0;0;0;0;0;0
2018-04-02T04:00;2018-04-02T04:15;17;kWh;0;0;0;0;0;0
2018-04-02T04:15;2018-04-02T04:30;18;kWh;0;0;0;0;0;0
2018-04-02T04:30;2018-04-02T04:45;19;kWh;0;0;0;0;0;0
2018-04-02T04:45;2018-04-02T05:00;20;kWh;0;0;0;0;0;0
2018-04-02T05:00;2018-04-02T05:15;21;kWh;0;0;0;0;0;0
2018-04-02T05:15;2018-04-02T05:30;22;kWh;0;0;0;0;0;0
2018-04-02T05:30;2018-04-02T05:45;23;kWh;0;582;0;0;582;582
2018-04-02T05:45;2018-04-02T06:00;24;kWh;0;2521;0;0;2521;2521
2018-04-02T06:00;2018-04-02T06:15;25;kWh;0;695;0;0;695;695
2018-04-02T06:15;2018-04-02T06:30;26;kWh;0;0;0;0;0;0
2018-04-02T06:30;2018-04-02T06:45;27;kWh;0;0;0;0;0;0
2018-04-02T06:45;2018-04-02T07:00;28;kWh;-58;0;0;0;58;-58
2018-04-02T07:00;2018-04-02T07:15;29;kWh;-11778;0;0;0;11778;-11778
2018-04-02T07:15;2018-04-02T07:30;30;kWh;-10556;0;0;0;10556;-10556
2018-04-02T07:30;2018-04-02T07:45;31;kWh;-8923;0;0;0;8923;-8923
2018-04-02T07:45;2018-04-02T08:00;32;kWh;-2513;0;0;0;2513;-2513
2018-04-02T08:00;2018-04-02T08:15;33;kWh;-33172;0;0;0;33172;-33172
2018-04-02T08:15;2018-04-02T08:30;34;kWh;-34312;0;0;0;34312;-34312
2018-04-02T08:30;2018-04-02T08:45;35;kWh;-22227;0;0;0;22227;-22227
2018-04-02T08:45;2018-04-02T09:00;36;kWh;-2296;8874;0;0;11170;6578
2018-04-02T09:00;2018-04-02T09:15;37;kWh;-140;5384;0;0;5524;5244
2018-04-02T09:15;2018-04-02T09:30;38;kWh;-1928;9;0;0;1937;-1919
2018-04-02T09:30;2018-04-02T09:45;39;kWh;-18;0;0;0;18;-18
2018-04-02T09:45;2018-04-02T10:00;40;kWh;0;1130;0;0;1130;1130
2018-04-02T10:00;2018-04-02T10:15;41;kWh;0;117;0;0;117;117
2018-04-02T10:15;2018-04-02T10:30;42;kWh;0;0;0;0;0;0
2018-04-02T10:30;2018-04-02T10:45;43;kWh;0;0;0;0;0;0
2018-04-02T10:45;2018-04-02T11:00;44;kWh;0;0;0;0;0;0
2018-04-02T11:00;2018-04-02T11:15;45;kWh;0;950;0;0;950;950
2018-04-02T11:15;2018-04-02T11:30;46;kWh;0;3295;0;0;3295;3295
2018-04-02T11:30;2018-04-02T11:45;47;kWh;0;17615;0;0;17615;17615
2018-04-02T11:45;2018-04-02T12:00;48;kWh;-448;2218;0;0;2666;1770
2018-04-02T12:00;2018-04-02T12:15;49;kWh;-98;567;0;0;665;469
2018-04-02T12:15;2018-04-02T12:30;50;kWh;-444;1045;0;0;1489;601
2018-04-02T12:30;2018-04-02T12:45;51;kWh;-12087;0;0;0;12087;-12087
2018-04-02T12:45;2018-04-02T13:00;52;kWh;-30683;0;0;0;30683;-30683
2018-04-02T13:00;2018-04-02T13:15;53;kWh;-12091;5521;0;0;17612;-6570
2018-04-02T13:15;2018-04-02T13:30;54;kWh;-11;13446;0;0;13457;13435
2018-04-02T13:30;2018-04-02T13:45;55;kWh;-10243;2041;0;0;12284;-8202
2018-04-02T13:45;2018-04-02T14:00;56;kWh;-26819;0;0;0;26819;-26819
2018-04-02T14:00;2018-04-02T14:15;57;kWh;-19502;0;0;0;19502;-19502
2018-04-02T14:15;2018-04-02T14:30;58;kWh;-199;0;0;0;199;-199
2018-04-02T14:30;2018-04-02T14:45;59;kWh;-4280;0;0;0;4280;-4280
2018-04-02T14:45;2018-04-02T15:00;60;kWh;-37356;0;0;0;37356;-37356
2018-04-02T15:00;2018-04-02T15:15;61;kWh;-3417;0;0;0;3417;-3417
2018-04-02T15:15;2018-04-02T15:30;62;kWh;-1046;0;0;0;1046;-1046
2018-04-02T15:30;2018-04-02T15:45;63;kWh;-1248;0;0;0;1248;-1248
2018-04-02T15:45;2018-04-02T16:00;64;kWh;-20888;0;0;0;20888;-20888
2018-04-02T16:00;2018-04-02T16:15;65;kWh;-101777;0;0;0;101777;-101777
2018-04-02T16:15;2018-04-02T16:30;66;kWh;-86317;0;0;0;86317;-86317
2018-04-02T16:30;2018-04-02T16:45;67;kWh;-42481;0;0;0;42481;-42481
2018-04-02T16:45;2018-04-02T17:00;68;kWh;-41096;0;0;0;41096;-41096
2018-04-02T17:00;2018-04-02T17:15;69;kWh;-41642;0;0;0;41642;-41642
2018-04-02T17:15;2018-04-02T17:30;70;kWh;-36786;0;0;0;36786;-36786
2018-04-02T17:30;2018-04-02T17:45;71;kWh;-7817;0;0;0;7817;-7817
2018-04-02T17:45;2018-04-02T18:00;72;kWh;0;644;0;0;644;644
2018-04-02T18:00;2018-04-02T18:15;73;kWh;0;105;0;0;105;105
2018-04-02T18:15;2018-04-02T18:30;74;kWh;0;3712;0;0;3712;3712
2018-04-02T18:30;2018-04-02T18:45;75;kWh;0;14667;0;0;14667;14667
2018-04-02T18:45;2018-04-02T19:00;76;kWh;0;1661;0;0;1661;1661
2018-04-02T19:00;2018-04-02T19:15;77;kWh;-18547;0;0;0;18547;-18547
2018-04-02T19:15;2018-04-02T19:30;78;kWh;-13093;0;0;0;13093;-13093
2018-04-02T19:30;2018-04-02T19:45;79;kWh;-24757;0;0;0;24757;-24757
2018-04-02T19:45;2018-04-02T20:00;80;kWh;-16552;0;0;0;16552;-16552
2018-04-02T20:00;2018-04-02T20:15;81;kWh;-11491;0;0;0;11491;-11491
2018-04-02T20:15;2018-04-02T20:30;82;kWh;-11993;1467;0;0;13460;-10526
2018-04-02T20:30;2018-04-02T20:45;83;kWh;-79;1761;0;0;1840;1682
2018-04-02T20:45;2018-04-02T21:00;84;kWh;-12617;0;0;0;12617;-12617
2018-04-02T21:00;2018-04-02T21:15;85;kWh;-13268;0;0;0;13268;-13268
2018-04-02T21:15;2018-04-02T21:30;86;kWh;-25653;0;0;0;25653;-25653
2018-04-02T21:30;2018-04-02T21:45;87;kWh;-46674;0;0;0;46674;-46674
2018-04-02T21:45;2018-04-02T22:00;88;kWh;-42235;0;0;0;42235;-42235
2018-04-02T22:00;2018-04-02T22:15;89;kWh;-9690;25881;0;0;35571;16191
2018-04-02T22:15;2018-04-02T22:30;90;kWh;-46;38908;0;0;38954;38862
2018-04-02T22:30;2018-04-02T22:45;91;kWh;-32266;1504;0;0;33770;-30762
2018-04-02T22:45;2018-04-02T23:00;92;kWh;-59990;0;0;0;59990;-59990
2018-04-02T23:00;2018-04-02T23:15;93;kWh;-35190;5322;0;0;40512;-29868
2018-04-02T23:15;2018-04-02T23:30;94;kWh;-3927;3645;0;0;7572;-282
2018-04-02T23:30;2018-04-02T23:45;95;kWh;-27986;0;0;0;27986;-27986
2018-04-02T23:45;2018-04-03T00:00;96;kWh;-14305;0;0;0;14305;-14305
2018-04-03T00:00;2018-04-03T00:15;1;kWh;-44307;0;0;0;44307;-44307
2018-04-03T00:15;2018-04-03T00:30;2;kWh;-6274;0;0;0;6274;-6274
2018-04-03T00:30;2018-04-03T00:45;3;kWh;-22544;0;0;0;22544;-22544
2018-04-03T00:45;2018-04-03T01:00;4;kWh;-15910;0;0;0;15910;-15910
2018-04-03T01:00;2018-04-03T01:15;5;kWh;-43027;0;0;0;43027;-43027
2018-04-03T01:15;2018-04-03T01:30;6;kWh;-29297;0;0;0;29297;-29297
2018-04-03T01:30;2018-04-03T01:45;7;kWh;-44221;0;0;0;44221;-44221
2018-04-03T01:45;2018-04-03T02:00;8;kWh;-56115;0;0;0;56115;-56115
2018-04-03T02:00;2018-04-03T02:15;9;kWh;-35142;0;0;0;35142;-35142
2018-04-03T02:15;2018-04-03T02:30;10;kWh;-23203;0;0;0;23203;-23203
2018-04-03T02:30;2018-04-03T02:45;11;kWh;-81538;0;0;0;81538;-81538
2018-04-03T02:45;2018-04-03T03:00;12;kWh;-81393;0;0;0;81393;-81393
2018-04-03T03:00;2018-04-03T03:15;13;kWh;-54943;0;0;0;54943;-54943
2018-04-03T03:15;2018-04-03T03:30;14;kWh;-30200;0;0;0;30200;-30200
2018-04-03T03:30;2018-04-03T03:45;15;kWh;-74133;0;0;0;74133;-74133
2018-04-03T03:45;2018-04-03T04:00;16;kWh;-64459;0;0;0;64459;-64459
2018-04-03T04:00;2018-04-03T04:15;17;kWh;-46142;0;0;0;46142;-46142
2018-04-03T04:15;2018-04-03T04:30;18;kWh;-69433;0;0;0;69433;-69433
2018-04-03T04:30;2018-04-03T04:45;19;kWh;-84234;0;0;0;84234;-84234
2018-04-03T04:45;2018-04-03T05:00;20;kWh;-79991;0;0;0;79991;-79991
2018-04-03T05:00;2018-04-03T05:15;21;kWh;-93553;0;0;0;93553;-93553
2018-04-03T05:15;2018-04-03T05:30;22;kWh;-114190;0;0;0;125440;-125440
2018-04-03T05:30;2018-04-03T05:45;23;kWh;-80962;0;-8336;0;100548;-100548
2018-04-03T05:45;2018-04-03T06:00;24;kWh;-2199;0;-25008;0;44707;-44707
2018-04-03T06:00;2018-04-03T06:15;25;kWh;-22990;0;-25008;0;60498;-60498
2018-04-03T06:15;2018-04-03T06:30;26;kWh;-21600;0;-25008;0;66608;-66608
2018-04-03T06:30;2018-04-03T06:45;27;kWh;-12273;0;-8336;0;20609;-20609
2018-04-03T06:45;2018-04-03T07:00;28;kWh;-20138;0;0;0;20138;-20138
2018-04-03T07:00;2018-04-03T07:15;29;kWh;-42572;0;0;0;42572;-42572
2018-04-03T07:15;2018-04-03T07:30;30;kWh;-57083;0;0;0;57083;-57083
2018-04-03T07:30;2018-04-03T07:45;31;kWh;-24757;0;0;0;24757;-24757
2018-04-03T07:45;2018-04-03T08:00;32;kWh;-5522;0;0;0;5522;-5522
2018-04-03T08:00;2018-04-03T08:15;33;kWh;0;202;0;0;202;202
2018-04-03T08:15;2018-04-03T08:30;34;kWh;0;5861;0;0;5861;5861
2018-04-03T08:30;2018-04-03T08:45;35;kWh;0;30819;0;0;30819;30819
2018-04-03T08:45;2018-04-03T09:00;36;kWh;0;30919;0;0;30919;30919
2018-04-03T09:00;2018-04-03T09:15;37;kWh;-418;8001;0;0;9669;8833
2018-04-03T09:15;2018-04-03T09:30;38;kWh;0;0;0;0;0;0
2018-04-03T09:30;2018-04-03T09:45;39;kWh;0;0;0;0;0;0
2018-04-03T09:45;2018-04-03T10:00;40;kWh;-4293;0;0;0;4293;-4293
2018-04-03T10:00;2018-04-03T10:15;41;kWh;-551;1154;0;0;1705;603
2018-04-03T10:15;2018-04-03T10:30;42;kWh;0;689;0;0;689;689
2018-04-03T10:30;2018-04-03T10:45;43;kWh;0;0;0;0;0;0
2018-04-03T10:45;2018-04-03T11:00;44;kWh;-3835;0;0;0;3835;-3835
2018-04-03T11:00;2018-04-03T11:15;45;kWh;-12704;0;0;0;12704;-12704
2018-04-03T11:15;2018-04-03T11:30;46;kWh;-10288;0;0;0;10288;-10288
2018-04-03T11:30;2018-04-03T11:45;47;kWh;-37268;0;0;0;37268;-37268
2018-04-03T11:45;2018-04-03T12:00;48;kWh;-31100;0;0;0;31100;-31100
2018-04-03T12:00;2018-04-03T12:15;49;kWh;-12341;8797;0;0;21138;-3544
2018-04-03T12:15;2018-04-03T12:30;50;kWh;0;11686;0;0;11686;11686
2018-04-03T12:30;2018-04-03T12:45;51;kWh;0;5;0;0;5;5
2018-04-03T12:45;2018-04-03T13:00;52;kWh;0;0;0;0;0;0
2018-04-03T13:00;2018-04-03T13:15;53;kWh;0;0;0;0;0;0
2018-04-03T13:15;2018-04-03T13:30;54;kWh;-8499;0;0;0;8499;-8499
2018-04-03T13:30;2018-04-03T13:45;55;kWh;-50915;0;0;0;80915;-80915
2018-04-03T13:45;2018-04-03T14:00;56;kWh;-10527;17;0;0;40544;-40510
2018-04-03T14:00;2018-04-03T14:15;57;kWh;-1298;1920;0;0;23218;-19378
2018-04-03T14:15;2018-04-03T14:30;58;kWh;-230;68;0;0;298;-162
2018-04-03T14:30;2018-04-03T14:45;59;kWh;-3;0;0;0;3;-3
2018-04-03T14:45;2018-04-03T15:00;60;kWh;-26871;0;0;0;26871;-26871
2018-04-03T15:00;2018-04-03T15:15;61;kWh;-18121;0;0;0;18121;-18121
2018-04-03T15:15;2018-04-03T15:30;62;kWh;0;0;0;0;0;0
2018-04-03T15:30;2018-04-03T15:45;63;kWh;-370;0;0;0;370;-370
2018-04-03T15:45;2018-04-03T16:00;64;kWh;-25881;0;0;0;25881;-25881
2018-04-03T16:00;2018-04-03T16:15;65;kWh;-41351;0;0;0;41351;-41351
2018-04-03T16:15;2018-04-03T16:30;66;kWh;-51516;0;0;0;51516;-51516
2018-04-03T16:30;2018-04-03T16:45;67;kWh;-40484;0;0;0;40484;-40484
2018-04-03T16:45;2018-04-03T17:00;68;kWh;-6656;0;0;0;6656;-6656
2018-04-03T17:00;2018-04-03T17:15;69;kWh;-14984;0;0;0;14984;-14984
2018-04-03T17:15;2018-04-03T17:30;70;kWh;-3013;0;0;0;3013;-3013
2018-04-03T17:30;2018-04-03T17:45;71;kWh;0;2045;0;0;2045;2045
2018-04-03T17:45;2018-04-03T18:00;72;kWh;0;49648;0;0;49648;49648
2018-04-03T18:00;2018-04-03T18:15;73;kWh;-28;17070;0;0;17098;17042
2018-04-03T18:15;2018-04-03T18:30;74;kWh;-46;0;0;0;46;-46
2018-04-03T18:30;2018-04-03T18:45;75;kWh;0;0;0;0;0;0
2018-04-03T18:45;2018-04-03T19:00;76;kWh;0;1614;0;0;1614;1614
2018-04-03T19:00;2018-04-03T19:15;77;kWh;0;9755;0;0;9755;9755
2018-04-03T19:15;2018-04-03T19:30;78;kWh;0;2844;0;0;2844;2844
2018-04-03T19:30;2018-04-03T19:45;79;kWh;0;8;0;0;8;8
2018-04-03T19:45;2018-04-03T20:00;80;kWh;0;510;0;0;510;510
2018-04-03T20:00;2018-04-03T20:15;81;kWh;0;527;0;0;527;527
2018-04-03T20:15;2018-04-03T20:30;82;kWh;0;325;0;0;325;325
2018-04-03T20:30;2018-04-03T20:45;83;kWh;0;384;0;0;384;384
2018-04-03T20:45;2018-04-03T21:00;84;kWh;-19;0;0;0;19;-19
2018-04-03T21:00;2018-04-03T21:15;85;kWh;-765;0;0;0;765;-765
2018-04-03T21:15;2018-04-03T21:30;86;kWh;0;0;0;0;0;0
2018-04-03T21:30;2018-04-03T21:45;87;kWh;-12;0;0;0;12;-12
2018-04-03T21:45;2018-04-03T22:00;88;kWh;-6909;0;0;0;6909;-6909
2018-04-03T22:00;2018-04-03T22:15;89;kWh;-1966;1266;0;0;3232;-700
2018-04-03T22:15;2018-04-03T22:30;90;kWh;0;26;0;0;26;26
2018-04-03T22:30;2018-04-03T22:45;91;kWh;0;5381;0;0;5381;5381
2018-04-03T22:45;2018-04-03T23:00;92;kWh;0;20324;0;0;20324;20324
2018-04-03T23:00;2018-04-03T23:15;93;kWh;0;3878;0;0;3878;3878
2018-04-03T23:15;2018-04-03T23:30;94;kWh;-38;3269;0;0;3307;3231
2018-04-03T23:30;2018-04-03T23:45;95;kWh;-8988;0;0;0;8988;-8988
2018-04-03T23:45;2018-04-04T00:00;96;kWh;-12648;0;0;0;12648;-12648
2018-04-04T00:00;2018-04-04T00:15;1;kWh;-148;0;0;0;148;-148
2018-04-04T00:15;2018-04-04T00:30;2;kWh;0;973;0;0;973;973
2018-04-04T00:30;2018-04-04T00:45;3;kWh;-304;0;0;0;304;-304
2018-04-04T00:45;2018-04-04T01:00;4;kWh;-10254;0;0;0;10254;-10254
2018-04-04T01:00;2018-04-04T01:15;5;kWh;-2526;0;0;0;2526;-2526
2018-04-04T01:15;2018-04-04T01:30;6;kWh;0;0;0;0;0;0
2018-04-04T01:30;2018-04-04T01:45;7;kWh;-91;0;0;0;91;-91
2018-04-04T01:45;2018-04-04T02:00;8;kWh;-9439;0;0;0;9439;-9439
2018-04-04T02:00;2018-04-04T02:15;9;kWh;-4897;0;0;0;4897;-4897
2018-04-04T02:15;2018-04-04T02:30;10;kWh;0;0;0;0;0;0
2018-04-04T02:30;2018-04-04T02:45;11;kWh;-272;0;0;0;272;-272
2018-04-04T02:45;2018-04-04T03:00;12;kWh;-23447;0;0;0;23447;-23447
2018-04-04T03:00;2018-04-04T03:15;13;kWh;-5579;0;0;0;5579;-5579
2018-04-04T03:15;2018-04-04T03:30;14;kWh;0;0;0;0;0;0
2018-04-04T03:30;2018-04-04T03:45;15;kWh;0;0;0;0;0;0
2018-04-04T03:45;2018-04-04T04:00;16;kWh;-2601;0;0;0;2601;-2601
2018-04-04T04:00;2018-04-04T04:15;17;kWh;-11000;0;0;0;11000;-11000
2018-04-04T04:15;2018-04-04T04:30;18;kWh;-15753;0;0;0;15753;-15753
2018-04-04T04:30;2018-04-04T04:45;19;kWh;-3057;4164;0;0;7221;1107
2018-04-04T04:45;2018-04-04T05:00;20;kWh;-34;10852;0;0;10886;10818
2018-04-04T05:00;2018-04-04T05:15;21;kWh;-27111;236;0;0;27347;-26875
2018-04-04T05:15;2018-04-04T05:30;22;kWh;-46772;0;0;0;46772;-46772
2018-04-04T05:30;2018-04-04T05:45;23;kWh;-36121;0;0;0;36121;-36121
2018-04-04T05:45;2018-04-04T06:00;24;kWh;-7020;0;0;0;7020;-7020
2018-04-04T06:00;2018-04-04T06:15;25;kWh;-11261;0;0;0;11261;-11261
2018-04-04T06:15;2018-04-04T06:30;26;kWh;-46258;0;0;0;46258;-46258
2018-04-04T06:30;2018-04-04T06:45;27;kWh;-11442;677;0;0;12119;-10765
2018-04-04T06:45;2018-04-04T07:00;28;kWh;0;8006;0;0;8006;8006
2018-04-04T07:00;2018-04-04T07:15;29;kWh;-32772;3299;0;0;36071;-29473
2018-04-04T07:15;2018-04-04T07:30;30;kWh;-54794;0;0;0;54794;-54794
2018-04-04T07:30;2018-04-04T07:45;31;kWh;-30;0;0;0;30;-30
2018-04-04T07:45;2018-04-04T08:00;32;kWh;0;316;0;0;316;316
2018-04-04T08:00;2018-04-04T08:15;33;kWh;-7942;0;0;0;7942;-7942
2018-04-04T08:15;2018-04-04T08:30;34;kWh;-1707;0;0;0;1707;-1707
2018-04-04T08:30;2018-04-04T08:45;35;kWh;-8;52;0;0;60;44
2018-04-04T08:45;2018-04-04T09:00;36;kWh;0;8312;0;0;8312;8312
2018-04-04T09:00;2018-04-04T09:15;37;kWh;0;3229;0;0;3229;3229
2018-04-04T09:15;2018-04-04T09:30;38;kWh;0;13237;0;0;13237;13237
2018-04-04T09:30;2018-04-04T09:45;39;kWh;0;5459;0;0;5459;5459
2018-04-04T09:45;2018-04-04T10:00;40;kWh;-1327;0;0;0;1327;-1327
2018-04-04T10:00;2018-04-04T10:15;41;kWh;-264;799;0;0;1063;535
2018-04-04T10:15;2018-04-04T10:30;42;kWh;0;1561;0;0;1561;1561
2018-04-04T10:30;2018-04-04T10:45;43;kWh;-489;336;0;0;825;-153
2018-04-04T10:45;2018-04-04T11:00;44;kWh;-1836;0;0;0;1836;-1836
2018-04-04T11:00;2018-04-04T11:15;45;kWh;-2658;0;0;0;2658;-2658
2018-04-04T11:15;2018-04-04T11:30;46;kWh;-317;0;0;0;317;-317
2018-04-04T11:30;2018-04-04T11:45;47;kWh;0;0;0;0;0;0
2018-04-04T11:45;2018-04-04T12:00;48;kWh;0;0;0;0;0;0
2018-04-04T12:00;2018-04-04T12:15;49;kWh;0;523;0;0;523;523
2018-04-04T12:15;2018-04-04T12:30;50;kWh;0;0;0;0;0;0
2018-04-04T12:30;2018-04-04T12:45;51;kWh;0;0;0;0;0;0
2018-04-04T12:45;2018-04-04T13:00;52;kWh;0;338;0;0;338;338
2018-04-04T13:00;2018-04-04T13:15;53;kWh;0;9081;0;0;9081;9081
2018-04-04T13:15;2018-04-04T13:30;54;kWh;0;66005;0;0;66005;66005
2018-04-04T13:30;2018-04-04T13:45;55;kWh;0;38284;0;0;38284;38284
2018-04-04T13:45;2018-04-04T14:00;56;kWh;0;26433;0;0;26433;26433
2018-04-04T14:00;2018-04-04T14:15;57;kWh;-89;5880;0;0;5969;5791
2018-04-04T14:15;2018-04-04T14:30;58;kWh;0;9475;0;0;9475;9475
2018-04-04T14:30;2018-04-04T14:45;59;kWh;0;31438;0;0;31438;31438
2018-04-04T14:45;2018-04-04T15:00;60;kWh;-5;10698;0;0;10703;10693
2018-04-04T15:00;2018-04-04T15:15;61;kWh;-29;0;0;0;29;-29
2018-04-04T15:15;2018-04-04T15:30;62;kWh;-5185;0;0;0;5185;-5185
2018-04-04T15:30;2018-04-04T15:45;63;kWh;-7944;0;0;0;7944;-7944
2018-04-04T15:45;2018-04-04T16:00;64;kWh;-3219;0;0;0;3219;-3219
2018-04-04T16:00;2018-04-04T16:15;65;kWh;-6188;0;0;0;6188;-6188
2018-04-04T16:15;2018-04-04T16:30;66;kWh;-1870;0;0;0;1870;-1870
2018-04-04T16:30;2018-04-04T16:45;67;kWh;0;0;0;0;0;0
2018-04-04T16:45;2018-04-04T17:00;68;kWh;0;0;0;0;0;0
2018-04-04T17:00;2018-04-04T17:15;69;kWh;0;0;0;0;0;0
2018-04-04T17:15;2018-04-04T17:30;70;kWh;0;1325;0;0;1325;1325
2018-04-04T17:30;2018-04-04T17:45;71;kWh;0;48841;0;0;48841;48841
2018-04-04T17:45;2018-04-04T18:00;72;kWh;0;23555;0;0;23555;23555
2018-04-04T18:00;2018-04-04T18:15;73;kWh;-193;0;0;0;193;-193
2018-04-04T18:15;2018-04-04T18:30;74;kWh;-20805;0;0;0;20805;-20805
2018-04-04T18:30;2018-04-04T18:45;75;kWh;-56788;0;0;0;56788;-56788
2018-04-04T18:45;2018-04-04T19:00;76;kWh;-10215;0;0;0;10215;-10215
2018-04-04T19:00;2018-04-04T19:15;77;kWh;0;38;0;0;38;38
2018-04-04T19:15;2018-04-04T19:30;78;kWh;0;10544;0;0;10544;10544
2018-04-04T19:30;2018-04-04T19:45;79;kWh;0;26072;0;0;26072;26072
2018-04-04T19:45;2018-04-04T20:00;80;kWh;0;13408;0;0;13408;13408
2018-04-04T20:00;2018-04-04T20:15;81;kWh;0;14404;0;0;14404;14404
2018-04-04T20:15;2018-04-04T20:30;82;kWh;0;27002;0;0;27002;27002
2018-04-04T20:30;2018-04-04T20:45;83;kWh;0;74006;0;0;74006;74006
2018-04-04T20:45;2018-04-04T21:00;84;kWh;0;18167;0;0;18167;18167
2018-04-04T21:00;2018-04-04T21:15;85;kWh;0;43524;0;0;43524;43524
2018-04-04T21:15;2018-04-04T21:30;86;kWh;0;52743;0;0;52743;52743
2018-04-04T21:30;2018-04-04T21:45;87;kWh;-592;13450;0;0;14042;12858
2018-04-04T21:45;2018-04-04T22:00;88;kWh;-531;0;0;0;531;-531
2018-04-04T22:00;2018-04-04T22:15;89;kWh;-320;27942;0;0;28262;27622
2018-04-04T22:15;2018-04-04T22:30;90;kWh;0;51268;0;0;51268;51268
2018-04-04T22:30;2018-04-04T22:45;91;kWh;0;6740;0;0;6740;6740
2018-04-04T22:45;2018-04-04T23:00;92;kWh;0;0;0;0;0;0
2018-04-04T23:00;2018-04-04T23:15;93;kWh;0;27944;0;0;27944;27944
2018-04-04T23:15;2018-04-04T23:30;94;kWh;0;55994;0;0;55994;55994
2018-04-04T23:30;2018-04-04T23:45;95;kWh;0;2842;0;0;2842;2842
2018-04-04T23:45;2018-04-05T00:00;96;kWh;0;29;0;0;29;29
2018-04-05T00:00;2018-04-05T00:15;1;kWh;0;0;0;0;0;0
2018-04-05T00:15;2018-04-05T00:30;2;kWh;-45;0;0;0;45;-45
2018-04-05T00:30;2018-04-05T00:45;3;kWh;-30647;0;0;0;30647;-30647
2018-04-05T00:45;2018-04-05T01:00;4;kWh;-53082;0;0;0;53082;-53082
2018-04-05T01:00;2018-04-05T01:15;5;kWh;-9624;0;0;0;9624;-9624
2018-04-05T01:15;2018-04-05T01:30;6;kWh;-16659;0;0;0;16659;-16659
2018-04-05T01:30;2018-04-05T01:45;7;kWh;-44321;0;0;0;44321;-44321
2018-04-05T01:45;2018-04-05T02:00;8;kWh;-47571;0;0;0;47571;-47571
2018-04-05T02:00;2018-04-05T02:15;9;kWh;-13117;6225;0;0;19342;-6892
2018-04-05T02:15;2018-04-05T02:30;10;kWh;0;17694;0;0;17694;17694
2018-04-05T02:30;2018-04-05T02:45;11;kWh;-3959;1234;0;0;5193;-2725
2018-04-05T02:45;2018-04-05T03:00;12;kWh;-29370;0;0;0;29370;-29370
2018-04-05T03:00;2018-04-05T03:15;13;kWh;-10936;391;0;0;11327;-10545
2018-04-05T03:15;2018-04-05T03:30;14;kWh;-2;35;0;0;37;33
2018-04-05T03:30;2018-04-05T03:45;15;kWh;-2694;0;0;0;2694;-2694
2018-04-05T03:45;2018-04-05T04:00;16;kWh;-14290;0;0;0;14290;-14290
2018-04-05T04:00;2018-04-05T04:15;17;kWh;-5879;0;0;0;5879;-5879
2018-04-05T04:15;2018-04-05T04:30;18;kWh;0;0;0;0;0;0
2018-04-05T04:30;2018-04-05T04:45;19;kWh;0;22;0;0;22;22
2018-04-05T04:45;2018-04-05T05:00;20;kWh;0;11;0;0;11;11
2018-04-05T05:00;2018-04-05T05:15;21;kWh;0;3459;0;0;3459;3459
2018-04-05T05:15;2018-04-05T05:30;22;kWh;0;665;0;0;665;665
2018-04-05T05:30;2018-04-05T05:45;23;kWh;0;6786;0;0;6786;6786
2018-04-05T05:45;2018-04-05T06:00;24;kWh;0;6990;0;0;6990;6990
2018-04-05T06:00;2018-04-05T06:15;25;kWh;-48;2393;0;0;2441;2345
2018-04-05T06:15;2018-04-05T06:30;26;kWh;-7081;435;0;0;7516;-6646
2018-04-05T06:30;2018-04-05T06:45;27;kWh;-80;14326;0;0;14406;14246
2018-04-05T06:45;2018-04-05T07:00;28;kWh;0;20466;0;0;20466;20466
2018-04-05T07:00;2018-04-05T07:15;29;kWh;-1508;10420;0;0;11928;8912
2018-04-05T07:15;2018-04-05T07:30;30;kWh;-11419;149;0;0;11568;-11270
2018-04-05T07:30;2018-04-05T07:45;31;kWh;-476;0;0;0;476;-476
2018-04-05T07:45;2018-04-05T08:00;32;kWh;0;6345;0;0;6345;6345
2018-04-05T08:00;2018-04-05T08:15;33;kWh;-8657;4873;0;0;13530;-3784
2018-04-05T08:15;2018-04-05T08:30;34;kWh;-17159;0;0;0;17159;-17159
2018-04-05T08:30;2018-04-05T08:45;35;kWh;-33;0;0;0;33;-33
2018-04-05T08:45;2018-04-05T09:00;36;kWh;0;0;0;0;0;0
2018-04-05T09:00;2018-04-05T09:15;37;kWh;0;293;0;0;293;293
2018-04-05T09:15;2018-04-05T09:30;38;kWh;-980;0;0;0;980;-980
2018-04-05T09:30;2018-04-05T09:45;39;kWh;-1537;0;0;0;1537;-1537
2018-04-05T09:45;2018-04-05T10:00;40;kWh;-128;0;0;0;128;-128
2018-04-05T10:00;2018-04-05T10:15;41;kWh;0;15872;0;0;15872;15872
2018-04-05T10:15;2018-04-05T10:30;42;kWh;0;21384;0;0;21384;21384
2018-04-05T10:30;2018-04-05T10:45;43;kWh;0;2062;0;0;2062;2062
2018-04-05T10:45;2018-04-05T11:00;44;kWh;0;0;0;0;0;0
2018-04-05T11:00;2018-04-05T11:15;45;kWh;0;12168;0;0;12168;12168
2018-04-05T11:15;2018-04-05T11:30;46;kWh;0;7867;0;0;7867;7867
2018-04-05T11:30;2018-04-05T11:45;47;kWh;0;0;0;0;0;0
2018-04-05T11:45;2018-04-05T12:00;48;kWh;0;0;0;0;0;0
2018-04-05T12:00;2018-04-05T12:15;49;kWh;0;3635;0;0;3635;3635
2018-04-05T12:15;2018-04-05T12:30;50;kWh;-423;267;0;0;690;-156
2018-04-05T12:30;2018-04-05T12:45;51;kWh;-683;0;0;0;683;-683
2018-04-05T12:45;2018-04-05T13:00;52;kWh;-2452;0;0;0;2452;-2452
2018-04-05T13:00;2018-04-05T13:15;53;kWh;-6626;10;0;0;6636;-6616
2018-04-05T13:15;2018-04-05T13:30;54;kWh;-2223;873;0;0;3096;-1350
2018-04-05T13:30;2018-04-05T13:45;55;kWh;-17714;98;0;0;17812;-17616
2018-04-05T13:45;2018-04-05T14:00;56;kWh;-2740;214;0;0;2954;-2526
2018-04-05T14:00;2018-04-05T14:15;57;kWh;-1085;1874;0;0;2959;789
2018-04-05T14:15;2018-04-05T14:30;58;kWh;0;1110;0;0;1110;1110
2018-04-05T14:30;2018-04-05T14:45;59;kWh;-1630;0;0;0;1630;-1630
2018-04-05T14:45;2018-04-05T15:00;60;kWh;-9860;0;0;0;9860;-9860
2018-04-05T15:00;2018-04-05T15:15;61;kWh;-1514;0;0;0;1514;-1514
2018-04-05T15:15;2018-04-05T15:30;62;kWh;-1245;0;0;0;1245;-1245
2018-04-05T15:30;2018-04-05T15:45;63;kWh;-2203;0;0;0;2203;-2203
2018-04-05T15:45;2018-04-05T16:00;64;kWh;-18813;0;0;0;18813;-18813
2018-04-05T16:00;2018-04-05T16:15;65;kWh;-6544;0;0;0;6544;-6544
2018-04-05T16:15;2018-04-05T16:30;66;kWh;-16528;0;0;0;16528;-16528
2018-04-05T16:30;2018-04-05T16:45;67;kWh;-843;0;0;0;843;-843
2018-04-05T16:45;2018-04-05T17:00;68;kWh;0;0;0;0;0;0
2018-04-05T17:00;2018-04-05T17:15;69;kWh;-145;0;0;0;145;-145
2018-04-05T17:15;2018-04-05T17:30;70;kWh;-690;0;0;0;690;-690
2018-04-05T17:30;2018-04-05T17:45;71;kWh;-7894;41;0;0;7935;-7853
2018-04-05T17:45;2018-04-05T18:00;72;kWh;-699;19234;0;0;19933;18535
2018-04-05T18:00;2018-04-05T18:15;73;kWh;-2518;3973;0;0;6491;1455
2018-04-05T18:15;2018-04-05T18:30;74;kWh;0;0;0;0;0;0
2018-04-05T18:30;2018-04-05T18:45;75;kWh;0;59;0;0;59;59
2018-04-05T18:45;2018-04-05T19:00;76;kWh;0;35853;0;0;35853;35853
2018-04-05T19:00;2018-04-05T19:15;77;kWh;-191;9613;0;0;9804;9422
2018-04-05T19:15;2018-04-05T19:30;78;kWh;-847;0;0;0;847;-847
2018-04-05T19:30;2018-04-05T19:45;79;kWh;-23;2284;0;0;2307;2261
2018-04-05T19:45;2018-04-05T20:00;80;kWh;0;28216;0;0;28216;28216
2018-04-05T20:00;2018-04-05T20:15;81;kWh;-10650;7090;0;0;17740;-3560
2018-04-05T20:15;2018-04-05T20:30;82;kWh;-1079;0;0;0;1079;-1079
2018-04-05T20:30;2018-04-05T20:45;83;kWh;0;3402;0;0;3402;3402
2018-04-05T20:45;2018-04-05T21:00;84;kWh;0;442;0;0;442;442
2018-04-05T21:00;2018-04-05T21:15;85;kWh;0;4222;0;0;4222;4222
2018-04-05T21:15;2018-04-05T21:30;86;kWh;0;25635;0;0;25635;25635
2018-04-05T21:30;2018-04-05T21:45;87;kWh;0;8888;0;0;8888;8888
2018-04-05T21:45;2018-04-05T22:00;88;kWh;-933;0;0;0;933;-933
2018-04-05T22:00;2018-04-05T22:15;89;kWh;-1829;0;0;0;1829;-1829
2018-04-05T22:15;2018-04-05T22:30;90;kWh;-4858;0;0;0;4858;-4858
2018-04-05T22:30;2018-04-05T22:45;91;kWh;-2846;0;0;0;2846;-2846
2018-04-05T22:45;2018-04-05T23:00;92;kWh;-15762;0;0;0;15762;-15762
2018-04-05T23:00;2018-04-05T23:15;93;kWh;-6743;0;0;0;6743;-6743
2018-04-05T23:15;2018-04-05T23:30;94;kWh;-14489;0;0;0;14489;-14489
2018-04-05T23:30;2018-04-05T23:45;95;kWh;-20635;0;0;0;20635;-20635
2018-04-05T23:45;2018-04-06T00:00;96;kWh;-2694;0;0;0;2694;-2694
2018-04-06T00:00;2018-04-06T00:15;1;kWh;-338;0;0;0;338;-338
2018-04-06T00:15;2018-04-06T00:30;2;kWh;0;411;0;0;411;411
2018-04-06T00:30;2018-04-06T00:45;3;kWh;0;919;0;0;919;919
2018-04-06T00:45;2018-04-06T01:00;4;kWh;0;492;0;0;492;492
2018-04-06T01:00;2018-04-06T01:15;5;kWh;0;6321;0;0;6321;6321
2018-04-06T01:15;2018-04-06T01:30;6;kWh;0;16564;0;0;16564;16564
2018-04-06T01:30;2018-04-06T01:45;7;kWh;-930;83;0;0;1013;-847
2018-04-06T01:45;2018-04-06T02:00;8;kWh;-2651;0;0;0;2651;-2651
2018-04-06T02:00;2018-04-06T02:15;9;kWh;-7909;0;0;0;7909;-7909
2018-04-06T02:15;2018-04-06T02:30;10;kWh;0;904;0;0;904;904
2018-04-06T02:30;2018-04-06T02:45;11;kWh;0;142;0;0;142;142
2018-04-06T02:45;2018-04-06T03:00;12;kWh;0;0;0;0;0;0
2018-04-06T03:00;2018-04-06T03:15;13;kWh;0;3096;0;0;3096;3096
2018-04-06T03:15;2018-04-06T03:30;14;kWh;0;1358;0;0;1358;1358
2018-04-06T03:30;2018-04-06T03:45;15;kWh;0;0;0;0;0;0
2018-04-06T03:45;2018-04-06T04:00;16;kWh;0;0;0;0;0;0
2018-04-06T04:00;2018-04-06T04:15;17;kWh;0;0;0;0;0;0
2018-04-06T04:15;2018-04-06T04:30;18;kWh;-560;0;0;0;560;-560
2018-04-06T04:30;2018-04-06T04:45;19;kWh;0;0;0;0;0;0
2018-04-06T04:45;2018-04-06T05:00;20;kWh;0;0;0;0;0;0
2018-04-06T05:00;2018-04-06T05:15;21;kWh;-1957;0;0;0;1957;-1957
2018-04-06T05:15;2018-04-06T05:30;22;kWh;-21562;0;0;0;21562;-21562
2018-04-06T05:30;2018-04-06T05:45;23;kWh;-1937;1914;0;0;3851;-23
2018-04-06T05:45;2018-04-06T06:00;24;kWh;0;8659;0;0;8659;8659
2018-04-06T06:00;2018-04-06T06:15;25;kWh;-261;3190;0;0;3451;2929
2018-04-06T06:15;2018-04-06T06:30;26;kWh;-1558;0;0;0;1558;-1558
2018-04-06T06:30;2018-04-06T06:45;27;kWh;0;13941;0;0;13941;13941
2018-04-06T06:45;2018-04-06T07:00;28;kWh;0;28326;0;0;28326;28326
2018-04-06T07:00;2018-04-06T07:15;29;kWh;-20770;9501;0;0;30271;-11269
2018-04-06T07:15;2018-04-06T07:30;30;kWh;-8815;0;0;0;8815;-8815
2018-04-06T07:30;2018-04-06T07:45;31;kWh;-931;0;0;0;931;-931
2018-04-06T07:45;2018-04-06T08:00;32;kWh;0;0;0;0;0;0
2018-04-06T08:00;2018-04-06T08:15;33;kWh;0;389;0;0;389;389
2018-04-06T08:15;2018-04-06T08:30;34;kWh;0;264;0;0;264;264
2018-04-06T08:30;2018-04-06T08:45;35;kWh;0;4935;0;0;4935;4935
2018-04-06T08:45;2018-04-06T09:00;36;kWh;0;972;0;0;972;972
2018-04-06T09:00;2018-04-06T09:15;37;kWh;0;35998;0;0;35998;35998
2018-04-06T09:15;2018-04-06T09:30;38;kWh;0;19725;0;0;19725;19725
2018-04-06T09:30;2018-04-06T09:45;39;kWh;-2248;1532;0;0;3780;-716
2018-04-06T09:45;2018-04-06T10:00;40;kWh;-39315;0;0;0;39315;-39315
2018-04-06T10:00;2018-04-06T10:15;41;kWh;-7774;2189;0;0;9963;-5585
2018-04-06T10:15;2018-04-06T10:30;42;kWh;-622;235;0;0;857;-387
2018-04-06T10:30;2018-04-06T10:45;43;kWh;-9859;0;0;0;9859;-9859
2018-04-06T10:45;2018-04-06T11:00;44;kWh;-16247;0;0;0;16247;-16247
2018-04-06T11:00;2018-04-06T11:15;45;kWh;-737;3228;0;0;3965;2491
2018-04-06T11:15;2018-04-06T11:30;46;kWh;-612;303;0;0;915;-309
2018-04-06T11:30;2018-04-06T11:45;47;kWh;-2212;0;0;0;2212;-2212
2018-04-06T11:45;2018-04-06T12:00;48;kWh;-35836;0;0;0;35836;-35836
2018-04-06T12:00;2018-04-06T12:15;49;kWh;-9505;0;0;0;9505;-9505
2018-04-06T12:15;2018-04-06T12:30;50;kWh;-53;275;0;0;328;222
2018-04-06T12:30;2018-04-06T12:45;51;kWh;-3461;0;0;0;3461;-3461
2018-04-06T12:45;2018-04-06T13:00;52;kWh;-27147;0;0;0;27147;-27147
2018-04-06T13:00;2018-04-06T13:15;53;kWh;-18468;0;0;0;18468;-18468
2018-04-06T13:15;2018-04-06T13:30;54;kWh;-9482;0;0;0;9482;-9482
2018-04-06T13:30;2018-04-06T13:45;55;kWh;-12076;0;0;0;12076;-12076
2018-04-06T13:45;2018-04-06T14:00;56;kWh;-19650;0;0;0;19650;-19650
2018-04-06T14:00;2018-04-06T14:15;57;kWh;-19287;0;0;0;19287;-19287
2018-04-06T14:15;2018-04-06T14:30;58;kWh;-967;0;0;0;967;-967
2018-04-06T14:30;2018-04-06T14:45;59;kWh;-7751;0;0;0;7751;-7751
2018-04-06T14:45;2018-04-06T15:00;60;kWh;-44525;0;0;0;44525;-44525
2018-04-06T15:00;2018-04-06T15:15;61;kWh;-35416;0;0;0;35416;-35416
2018-04-06T15:15;2018-04-06T15:30;62;kWh;-7543;0;0;0;7543;-7543
2018-04-06T15:30;2018-04-06T15:45;63;kWh;-14010;0;0;0;14010;-14010
2018-04-06T15:45;2018-04-06T16:00;64;kWh;-64;0;0;0;64;-64
2018-04-06T16:00;2018-04-06T16:15;65;kWh;0;0;0;0;0;0
2018-04-06T16:15;2018-04-06T16:30;66;kWh;-5320;0;0;0;5320;-5320
2018-04-06T16:30;2018-04-06T16:45;67;kWh;-5556;0;0;0;5556;-5556
2018-04-06T16:45;2018-04-06T17:00;68;kWh;-729;0;0;0;729;-729
2018-04-06T17:00;2018-04-06T17:15;69;kWh;0;0;0;0;0;0
2018-04-06T17:15;2018-04-06T17:30;70;kWh;0;0;0;0;0;0
2018-04-06T17:30;2018-04-06T17:45;71;kWh;0;1519;0;0;1519;1519
2018-04-06T17:45;2018-04-06T18:00;72;kWh;0;18560;0;0;18560;18560
2018-04-06T18:00;2018-04-06T18:15;73;kWh;0;17108;0;0;17108;17108
2018-04-06T18:15;2018-04-06T18:30;74;kWh;-39;173;0;0;212;134
2018-04-06T18:30;2018-04-06T18:45;75;kWh;0;0;0;0;0;0
2018-04-06T18:45;2018-04-06T19:00;76;kWh;0;0;0;0;0;0
2018-04-06T19:00;2018-04-06T19:15;77;kWh;-3499;0;0;0;3499;-3499
2018-04-06T19:15;2018-04-06T19:30;78;kWh;-31;0;0;0;31;-31
2018-04-06T19:30;2018-04-06T19:45;79;kWh;-5139;0;0;0;5139;-5139
2018-04-06T19:45;2018-04-06T20:00;80;kWh;-13185;0;0;0;13185;-13185
2018-04-06T20:00;2018-04-06T20:15;81;kWh;-17014;0;0;0;17014;-17014
2018-04-06T20:15;2018-04-06T20:30;82;kWh;-19203;0;0;0;19203;-19203
2018-04-06T20:30;2018-04-06T20:45;83;kWh;-23179;0;0;0;23179;-23179
2018-04-06T20:45;2018-04-06T21:00;84;kWh;-875;1240;0;0;2115;365
2018-04-06T21:00;2018-04-06T21:15;85;kWh;0;17941;0;0;17941;17941
2018-04-06T21:15;2018-04-06T21:30;86;kWh;-101;11808;0;0;11909;11707
2018-04-06T21:30;2018-04-06T21:45;87;kWh;-17510;223;0;0;17733;-17287
2018-04-06T21:45;2018-04-06T22:00;88;kWh;-35274;0;0;0;35274;-35274
2018-04-06T22:00;2018-04-06T22:15;89;kWh;-11698;778;0;0;12476;-10920
2018-04-06T22:15;2018-04-06T22:30;90;kWh;-444;0;0;0;444;-444
2018-04-06T22:30;2018-04-06T22:45;91;kWh;-2000;0;0;0;2000;-2000
2018-04-06T22:45;2018-04-06T23:00;92;kWh;-1258;0;0;0;1258;-1258
2018-04-06T23:00;2018-04-06T23:15;93;kWh;-1007;9039;0;0;10046;8032
2018-04-06T23:15;2018-04-06T23:30;94;kWh;-102;8324;0;0;8426;8222
2018-04-06T23:30;2018-04-06T23:45;95;kWh;-869;65;0;0;934;-804
2018-04-06T23:45;2018-04-07T00:00;96;kWh;-3595;0;0;0;3595;-3595
2018-04-07T00:00;2018-04-07T00:15;1;kWh;-1788;926;0;0;2714;-862
2018-04-07T00:15;2018-04-07T00:30;2;kWh;0;504;0;0;504;504
2018-04-07T00:30;2018-04-07T00:45;3;kWh;0;2679;0;0;2679;2679
2018-04-07T00:45;2018-04-07T01:00;4;kWh;0;21568;0;0;21568;21568
2018-04-07T01:00;2018-04-07T01:15;5;kWh;0;35392;0;0;35392;35392
2018-04-07T01:15;2018-04-07T01:30;6;kWh;0;41135;0;0;41135;41135
2018-04-07T01:30;2018-04-07T01:45;7;kWh;0;20525;0;0;20525;20525
2018-04-07T01:45;2018-04-07T02:00;8;kWh;0;3493;0;0;3493;3493
2018-04-07T02:00;2018-04-07T02:15;9;kWh;0;1090;0;0;1090;1090
2018-04-07T02:15;2018-04-07T02:30;10;kWh;0;1518;0;0;1518;1518
2018-04-07T02:30;2018-04-07T02:45;11;kWh;0;876;0;0;876;876
2018-04-07T02:45;2018-04-07T03:00;12;kWh;-4221;14;0;0;4235;-4207
2018-04-07T03:00;2018-04-07T03:15;13;kWh;-7165;480;0;0;7645;-6685
2018-04-07T03:15;2018-04-07T03:30;14;kWh;-148;13010;0;0;13158;12862
2018-04-07T03:30;2018-04-07T03:45;15;kWh;0;15929;0;0;15929;15929
2018-04-07T03:45;2018-04-07T04:00;16;kWh;0;8370;0;0;8370;8370
2018-04-07T04:00;2018-04-07T04:15;17;kWh;0;4024;0;0;4024;4024
2018-04-07T04:15;2018-04-07T04:30;18;kWh;0;4597;0;0;4597;4597
2018-04-07T04:30;2018-04-07T04:45;19;kWh;0;20778;0;0;20778;20778
2018-04-07T04:45;2018-04-07T05:00;20;kWh;0;27770;0;0;27770;27770
2018-04-07T05:00;2018-04-07T05:15;21;kWh;0;16168;0;0;16168;16168
2018-04-07T05:15;2018-04-07T05:30;22;kWh;0;29504;0;0;29504;29504
2018-04-07T05:30;2018-04-07T05:45;23;kWh;0;30071;0;0;30071;30071
2018-04-07T05:45;2018-04-07T06:00;24;kWh;-8;26674;0;0;26682;26666
2018-04-07T06:00;2018-04-07T06:15;25;kWh;-5514;3786;0;0;9300;-1728
2018-04-07T06:15;2018-04-07T06:30;26;kWh;-369;0;0;0;369;-369
2018-04-07T06:30;2018-04-07T06:45;27;kWh;0;6079;0;0;6079;6079
2018-04-07T06:45;2018-04-07T07:00;28;kWh;0;19673;0;0;19673;19673
2018-04-07T07:00;2018-04-07T07:15;29;kWh;-226;7507;0;0;7733;7281
2018-04-07T07:15;2018-04-07T07:30;30;kWh;0;422;0;0;422;422
2018-04-07T07:30;2018-04-07T07:45;31;kWh;0;9836;0;0;9836;9836
2018-04-07T07:45;2018-04-07T08:00;32;kWh;0;27091;0;0;27091;27091
2018-04-07T08:00;2018-04-07T08:15;33;kWh;0;15659;0;0;15659;15659
2018-04-07T08:15;2018-04-07T08:30;34;kWh;0;59503;0;0;59503;59503
2018-04-07T08:30;2018-04-07T08:45;35;kWh;0;68429;0;0;68429;68429
2018-04-07T08:45;2018-04-07T09:00;36;kWh;0;63449;0;0;63449;63449
2018-04-07T09:00;2018-04-07T09:15;37;kWh;0;71676;0;0;71676;71676
2018-04-07T09:15;2018-04-07T09:30;38;kWh;0;62138;0;0;62138;62138
2018-04-07T09:30;2018-04-07T09:45;39;kWh;0;42872;0;0;42872;42872
2018-04-07T09:45;2018-04-07T10:00;40;kWh;0;30838;0;0;30838;30838
2018-04-07T10:00;2018-04-07T10:15;41;kWh;0;20876;0;0;20876;20876
2018-04-07T10:15;2018-04-07T10:30;42;kWh;-29;12697;0;0;12726;12668
2018-04-07T10:30;2018-04-07T10:45;43;kWh;-709;73;0;0;782;-636
2018-04-07T10:45;2018-04-07T11:00;44;kWh;0;6524;0;0;6524;6524
2018-04-07T11:00;2018-04-07T11:15;45;kWh;0;1650;0;0;1650;1650
2018-04-07T11:15;2018-04-07T11:30;46;kWh;0;0;0;0;0;0
2018-04-07T11:30;2018-04-07T11:45;47;kWh;0;0;0;0;0;0
2018-04-07T11:45;2018-04-07T12:00;48;kWh;-763;0;0;0;763;-763
2018-04-07T12:00;2018-04-07T12:15;49;kWh;-1030;0;0;0;1030;-1030
2018-04-07T12:15;2018-04-07T12:30;50;kWh;-1479;0;0;0;1479;-1479
2018-04-07T12:30;2018-04-07T12:45;51;kWh;-497;0;0;0;497;-497
2018-04-07T12:45;2018-04-07T13:00;52;kWh;-227;0;0;0;227;-227
2018-04-07T13:00;2018-04-07T13:15;53;kWh;0;32462;0;0;32462;32462
2018-04-07T13:15;2018-04-07T13:30;54;kWh;0;41206;0;0;41206;41206
2018-04-07T13:30;2018-04-07T13:45;55;kWh;0;3834;0;0;3834;3834
2018-04-07T13:45;2018-04-07T14:00;56;kWh;-68;2379;0;0;2447;2311
2018-04-07T14:00;2018-04-07T14:15;57;kWh;-31265;47;0;0;31312;-31218
2018-04-07T14:15;2018-04-07T14:30;58;kWh;-4385;0;0;0;4385;-4385
2018-04-07T14:30;2018-04-07T14:45;59;kWh;-2554;0;0;0;2554;-2554
2018-04-07T14:45;2018-04-07T15:00;60;kWh;-13808;0;0;0;13808;-13808
2018-04-07T15:00;2018-04-07T15:15;61;kWh;-14239;0;0;0;14239;-14239
2018-04-07T15:15;2018-04-07T15:30;62;kWh;-247;0;0;0;247;-247
2018-04-07T15:30;2018-04-07T15:45;63;kWh;0;0;0;0;0;0
2018-04-07T15:45;2018-04-07T16:00;64;kWh;0;0;0;0;0;0
2018-04-07T16:00;2018-04-07T16:15;65;kWh;0;0;0;0;0;0
2018-04-07T16:15;2018-04-07T16:30;66;kWh;0;0;0;0;0;0
2018-04-07T16:30;2018-04-07T16:45;67;kWh;0;0;0;0;0;0
2018-04-07T16:45;2018-04-07T17:00;68;kWh;0;0;0;0;0;0
2018-04-07T17:00;2018-04-07T17:15;69;kWh;-4072;0;0;0;4072;-4072
2018-04-07T17:15;2018-04-07T17:30;70;kWh;-1428;0;0;0;1428;-1428
2018-04-07T17:30;2018-04-07T17:45;71;kWh;0;0;0;0;0;0
2018-04-07T17:45;2018-04-07T18:00;72;kWh;0;1565;0;0;1565;1565
2018-04-07T18:00;2018-04-07T18:15;73;kWh;-11566;242;0;0;11808;-11324
2018-04-07T18:15;2018-04-07T18:30;74;kWh;-5191;8;0;0;5199;-5183
2018-04-07T18:30;2018-04-07T18:45;75;kWh;0;2573;0;0;2573;2573
2018-04-07T18:45;2018-04-07T19:00;76;kWh;0;32138;0;0;32138;32138
2018-04-07T19:00;2018-04-07T19:15;77;kWh;0;13020;0;0;13020;13020
2018-04-07T19:15;2018-04-07T19:30;78;kWh;0;378;0;0;378;378
2018-04-07T19:30;2018-04-07T19:45;79;kWh;0;5665;0;0;5665;5665
2018-04-07T19:45;2018-04-07T20:00;80;kWh;0;19835;0;0;19835;19835
2018-04-07T20:00;2018-04-07T20:15;81;kWh;0;22182;0;0;22182;22182
2018-04-07T20:15;2018-04-07T20:30;82;kWh;0;24476;0;0;24476;24476
2018-04-07T20:30;2018-04-07T20:45;83;kWh;0;79668;0;0;79668;79668
2018-04-07T20:45;2018-04-07T21:00;84;kWh;0;48642;0;0;48642;48642
2018-04-07T21:00;2018-04-07T21:15;85;kWh;0;22236;0;0;22236;22236
2018-04-07T21:15;2018-04-07T21:30;86;kWh;0;29041;0;0;29041;29041
2018-04-07T21:30;2018-04-07T21:45;87;kWh;0;7674;0;0;7674;7674
2018-04-07T21:45;2018-04-07T22:00;88;kWh;-60;152;0;0;212;92
2018-04-07T22:00;2018-04-07T22:15;89;kWh;-998;0;0;0;998;-998
2018-04-07T22:15;2018-04-07T22:30;90;kWh;-2118;0;0;0;2118;-2118
2018-04-07T22:30;2018-04-07T22:45;91;kWh;-739;0;0;0;739;-739
2018-04-07T22:45;2018-04-07T23:00;92;kWh;0;0;0;0;0;0
2018-04-07T23:00;2018-04-07T23:15;93;kWh;0;6290;0;0;6290;6290
2018-04-07T23:15;2018-04-07T23:30;94;kWh;0;4724;0;0;4724;4724
2018-04-07T23:30;2018-04-07T23:45;95;kWh;0;1836;0;0;1836;1836
2018-04-07T23:45;2018-04-08T00:00;96;kWh;-1025;224;0;0;1249;-801
2018-04-08T00:00;2018-04-08T00:15;1;kWh;-83;14011;0;0;14094;13928
2018-04-08T00:15;2018-04-08T00:30;2;kWh;0;17301;0;0;17301;17301
2018-04-08T00:30;2018-04-08T00:45;3;kWh;0;2712;0;0;2712;2712
2018-04-08T00:45;2018-04-08T01:00;4;kWh;-31;0;0;0;31;-31
2018-04-08T01:00;2018-04-08T01:15;5;kWh;-11715;57;0;0;11772;-11658
2018-04-08T01:15;2018-04-08T01:30;6;kWh;-267;10091;0;0;10358;9824
2018-04-08T01:30;2018-04-08T01:45;7;kWh;-5478;142;0;0;5620;-5336
2018-04-08T01:45;2018-04-08T02:00;8;kWh;-12860;0;0;0;12860;-12860
2018-04-08T02:00;2018-04-08T02:15;9;kWh;-8334;276;0;0;8610;-8058
2018-04-08T02:15;2018-04-08T02:30;10;kWh;-183;2878;0;0;3061;2695
2018-04-08T02:30;2018-04-08T02:45;11;kWh;-1030;0;0;0;1030;-1030
2018-04-08T02:45;2018-04-08T03:00;12;kWh;-9968;0;0;0;9968;-9968
2018-04-08T03:00;2018-04-08T03:15;13;kWh;-18569;0;0;0;18569;-18569
2018-04-08T03:15;2018-04-08T03:30;14;kWh;-9289;0;0;0;9289;-9289
2018-04-08T03:30;2018-04-08T03:45;15;kWh;-34352;0;0;0;34352;-34352
2018-04-08T03:45;2018-04-08T04:00;16;kWh;-39735;0;0;0;39735;-39735
2018-04-08T04:00;2018-04-08T04:15;17;kWh;-19756;0;0;0;19756;-19756
2018-04-08T04:15;2018-04-08T04:30;18;kWh;0;0;0;0;0;0
2018-04-08T04:30;2018-04-08T04:45;19;kWh;0;0;0;0;0;0
2018-04-08T04:45;2018-04-08T05:00;20;kWh;0;0;0;0;0;0
2018-04-08T05:00;2018-04-08T05:15;21;kWh;0;0;0;0;0;0
2018-04-08T05:15;2018-04-08T05:30;22;kWh;0;0;0;0;0;0
2018-04-08T05:30;2018-04-08T05:45;23;kWh;0;0;0;0;0;0
2018-04-08T05:45;2018-04-08T06:00;24;kWh;0;0;0;0;0;0
2018-04-08T06:00;2018-04-08T06:15;25;kWh;0;0;0;0;0;0
2018-04-08T06:15;2018-04-08T06:30;26;kWh;0;0;0;0;0;0
2018-04-08T06:30;2018-04-08T06:45;27;kWh;0;0;0;0;0;0
2018-04-08T06:45;2018-04-08T07:00;28;kWh;-3982;0;0;0;3982;-3982
2018-04-08T07:00;2018-04-08T07:15;29;kWh;-45666;0;0;0;45666;-45666
2018-04-08T07:15;2018-04-08T07:30;30;kWh;-62427;0;0;0;62427;-62427
2018-04-08T07:30;2018-04-08T07:45;31;kWh;-43258;0;0;0;43258;-43258
2018-04-08T07:45;2018-04-08T08:00;32;kWh;-6369;0;0;0;6369;-6369
2018-04-08T08:00;2018-04-08T08:15;33;kWh;-1298;0;0;0;1298;-1298
2018-04-08T08:15;2018-04-08T08:30;34;kWh;-1755;0;0;0;1755;-1755
2018-04-08T08:30;2018-04-08T08:45;35;kWh;-158;0;0;0;158;-158
2018-04-08T08:45;2018-04-08T09:00;36;kWh;0;0;0;0;0;0
2018-04-08T09:00;2018-04-08T09:15;37;kWh;0;0;0;0;0;0
2018-04-08T09:15;2018-04-08T09:30;38;kWh;-3079;0;0;0;3079;-3079
2018-04-08T09:30;2018-04-08T09:45;39;kWh;-4920;0;0;0;4920;-4920
2018-04-08T09:45;2018-04-08T10:00;40;kWh;-9485;7563;0;0;17048;-1922
2018-04-08T10:00;2018-04-08T10:15;41;kWh;-134;57421;0;0;57555;57287
2018-04-08T10:15;2018-04-08T10:30;42;kWh;0;31686;0;0;31686;31686
2018-04-08T10:30;2018-04-08T10:45;43;kWh;0;11479;0;0;11479;11479
2018-04-08T10:45;2018-04-08T11:00;44;kWh;0;133;0;0;133;133
2018-04-08T11:00;2018-04-08T11:15;45;kWh;-2284;0;0;0;2284;-2284
2018-04-08T11:15;2018-04-08T11:30;46;kWh;-14749;0;0;0;14749;-14749
2018-04-08T11:30;2018-04-08T11:45;47;kWh;-2053;0;0;0;2053;-2053
2018-04-08T11:45;2018-04-08T12:00;48;kWh;-2420;0;0;0;2420;-2420
2018-04-08T12:00;2018-04-08T12:15;49;kWh;-180;0;0;0;180;-180
2018-04-08T12:15;2018-04-08T12:30;50;kWh;-5824;0;0;0;5824;-5824
2018-04-08T12:30;2018-04-08T12:45;51;kWh;-15715;0;0;0;15715;-15715
2018-04-08T12:45;2018-04-08T13:00;52;kWh;-32169;0;0;0;32169;-32169
2018-04-08T13:00;2018-04-08T13:15;53;kWh;-13708;512;0;0;14220;-13196
2018-04-08T13:15;2018-04-08T13:30;54;kWh;-706;479;0;0;1185;-227
2018-04-08T13:30;2018-04-08T13:45;55;kWh;-2758;0;0;0;2758;-2758
2018-04-08T13:45;2018-04-08T14:00;56;kWh;-11141;0;0;0;11141;-11141
2018-04-08T14:00;2018-04-08T14:15;57;kWh;-37445;0;0;0;37445;-37445
2018-04-08T14:15;2018-04-08T14:30;58;kWh;-29036;0;0;0;29036;-29036
2018-04-08T14:30;2018-04-08T14:45;59;kWh;-37483;0;0;0;37483;-37483
2018-04-08T14:45;2018-04-08T15:00;60;kWh;-25224;0;0;0;25224;-25224
2018-04-08T15:00;2018-04-08T15:15;61;kWh;-17173;0;0;0;17173;-17173
2018-04-08T15:15;2018-04-08T15:30;62;kWh;-34315;0;0;0;34315;-34315
2018-04-08T15:30;2018-04-08T15:45;63;kWh;-19400;0;0;0;19400;-19400
2018-04-08T15:45;2018-04-08T16:00;64;kWh;-18968;0;0;0;18968;-18968
2018-04-08T16:00;2018-04-08T16:15;65;kWh;-23538;0;0;0;23538;-23538
2018-04-08T16:15;2018-04-08T16:30;66;kWh;-35530;0;0;0;35530;-35530
2018-04-08T16:30;2018-04-08T16:45;67;kWh;-16254;119;0;0;16373;-16135
2018-04-08T16:45;2018-04-08T17:00;68;kWh;0;5;0;0;5;5
2018-04-08T17:00;2018-04-08T17:15;69;kWh;-4614;0;0;0;4614;-4614
2018-04-08T17:15;2018-04-08T17:30;70;kWh;-21305;40;0;0;21345;-21265
2018-04-08T17:30;2018-04-08T17:45;71;kWh;-1186;12446;0;0;13632;11260
2018-04-08T17:45;2018-04-08T18:00;72;kWh;0;9580;0;0;9580;9580
2018-04-08T18:00;2018-04-08T18:15;73;kWh;-124;167;0;0;291;43
2018-04-08T18:15;2018-04-08T18:30;74;kWh;-932;0;0;0;932;-932
2018-04-08T18:30;2018-04-08T18:45;75;kWh;-394;0;0;0;394;-394
2018-04-08T18:45;2018-04-08T19:00;76;kWh;0;0;0;0;0;0
2018-04-08T19:00;2018-04-08T19:15;77;kWh;0;25033;0;0;25033;25033
2018-04-08T19:15;2018-04-08T19:30;78;kWh;0;17135;0;0;17135;17135
2018-04-08T19:30;2018-04-08T19:45;79;kWh;0;2455;0;0;2455;2455
2018-04-08T19:45;2018-04-08T20:00;80;kWh;0;0;0;0;0;0
2018-04-08T20:00;2018-04-08T20:15;81;kWh;-14653;0;0;0;14653;-14653
2018-04-08T20:15;2018-04-08T20:30;82;kWh;-5581;25;0;0;5606;-5556
2018-04-08T20:30;2018-04-08T20:45;83;kWh;0;4766;0;0;4766;4766
2018-04-08T20:45;2018-04-08T21:00;84;kWh;0;7542;0;0;7542;7542
2018-04-08T21:00;2018-04-08T21:15;85;kWh;0;21844;0;0;21844;21844
2018-04-08T21:15;2018-04-08T21:30;86;kWh;-10;23938;0;0;23948;23928
2018-04-08T21:30;2018-04-08T21:45;87;kWh;-9137;1280;0;0;10417;-7857
2018-04-08T21:45;2018-04-08T22:00;88;kWh;-4851;0;0;0;4851;-4851
2018-04-08T22:00;2018-04-08T22:15;89;kWh;-1020;0;0;0;1020;-1020
2018-04-08T22:15;2018-04-08T22:30;90;kWh;0;0;0;0;0;0
2018-04-08T22:30;2018-04-08T22:45;91;kWh;0;0;0;0;0;0
2018-04-08T22:45;2018-04-08T23:00;92;kWh;-3078;0;0;0;3078;-3078
2018-04-08T23:00;2018-04-08T23:15;93;kWh;-242;21689;0;0;21931;21447
2018-04-08T23:15;2018-04-08T23:30;94;kWh;0;17418;0;0;17418;17418
2018-04-08T23:30;2018-04-08T23:45;95;kWh;0;1402;0;0;1402;1402
2018-04-08T23:45;2018-04-09T00:00;96;kWh;0;567;0;0;567;567
2018-04-09T00:00;2018-04-09T00:15;1;kWh;0;3738;0;0;3738;3738
2018-04-09T00:15;2018-04-09T00:30;2;kWh;0;3368;0;0;3368;3368
2018-04-09T00:30;2018-04-09T00:45;3;kWh;0;303;0;0;303;303
2018-04-09T00:45;2018-04-09T01:00;4;kWh;-11930;0;0;0;11930;-11930
2018-04-09T01:00;2018-04-09T01:15;5;kWh;-12852;84;0;0;12936;-12768
2018-04-09T01:15;2018-04-09T01:30;6;kWh;-243;586;0;0;829;343
2018-04-09T01:30;2018-04-09T01:45;7;kWh;0;0;0;0;0;0
2018-04-09T01:45;2018-04-09T02:00;8;kWh;-20143;0;0;0;20143;-20143
2018-04-09T02:00;2018-04-09T02:15;9;kWh;-33296;43;0;0;33339;-33253
2018-04-09T02:15;2018-04-09T02:30;10;kWh;-2410;122;0;0;2532;-2288
2018-04-09T02:30;2018-04-09T02:45;11;kWh;-25393;0;0;0;25393;-25393
2018-04-09T02:45;2018-04-09T03:00;12;kWh;-31650;0;0;0;31650;-31650
2018-04-09T03:00;2018-04-09T03:15;13;kWh;-43178;0;0;0;43178;-43178
2018-04-09T03:15;2018-04-09T03:30;14;kWh;-25349;0;0;0;25349;-25349
2018-04-09T03:30;2018-04-09T03:45;15;kWh;-19322;0;0;0;19322;-19322
2018-04-09T03:45;2018-04-09T04:00;16;kWh;-14714;0;0;0;14714;-14714
2018-04-09T04:00;2018-04-09T04:15;17;kWh;-17022;0;0;0;17022;-17022
2018-04-09T04:15;2018-04-09T04:30;18;kWh;-31570;0;0;0;31570;-31570
2018-04-09T04:30;2018-04-09T04:45;19;kWh;-49355;0;0;0;49355;-49355
2018-04-09T04:45;2018-04-09T05:00;20;kWh;-73187;0;0;0;73187;-73187
2018-04-09T05:00;2018-04-09T05:15;21;kWh;-42155;0;0;0;42155;-42155
2018-04-09T05:15;2018-04-09T05:30;22;kWh;-103272;0;0;0;103272;-103272
2018-04-09T05:30;2018-04-09T05:45;23;kWh;-105550;0;0;0;105550;-105550
2018-04-09T05:45;2018-04-09T06:00;24;kWh;-85354;0;0;0;85354;-85354
2018-04-09T06:00;2018-04-09T06:15;25;kWh;-59450;0;0;0;59450;-59450
2018-04-09T06:15;2018-04-09T06:30;26;kWh;-9126;0;0;0;9126;-9126
2018-04-09T06:30;2018-04-09T06:45;27;kWh;-1886;0;0;0;1886;-1886
2018-04-09T06:45;2018-04-09T07:00;28;kWh;-71;0;0;0;71;-71
2018-04-09T07:00;2018-04-09T07:15;29;kWh;-19792;0;0;0;19792;-19792
2018-04-09T07:15;2018-04-09T07:30;30;kWh;-54380;0;0;0;54380;-54380
2018-04-09T07:30;2018-04-09T07:45;31;kWh;-38688;0;0;0;38688;-38688
2018-04-09T07:45;2018-04-09T08:00;32;kWh;-3020;1153;0;0;4173;-1867
2018-04-09T08:00;2018-04-09T08:15;33;kWh;-806;0;0;0;806;-806
2018-04-09T08:15;2018-04-09T08:30;34;kWh;-886;0;0;0;886;-886
2018-04-09T08:30;2018-04-09T08:45;35;kWh;0;256;0;0;256;256
2018-04-09T08:45;2018-04-09T09:00;36;kWh;0;25095;0;0;25095;25095
2018-04-09T09:00;2018-04-09T09:15;37;kWh;0;32793;0;0;32793;32793
2018-04-09T09:15;2018-04-09T09:30;38;kWh;0;14271;0;0;14271;14271
2018-04-09T09:30;2018-04-09T09:45;39;kWh;0;11832;0;0;11832;11832
2018-04-09T09:45;2018-04-09T10:00;40;kWh;0;26557;0;0;26557;26557
2018-04-09T10:00;2018-04-09T10:15;41;kWh;0;39711;0;0;39711;39711
2018-04-09T10:15;2018-04-09T10:30;42;kWh;0;36956;0;0;36956;36956
2018-04-09T10:30;2018-04-09T10:45;43;kWh;0;38461;0;0;38461;38461
2018-04-09T10:45;2018-04-09T11:00;44;kWh;-287;9403;0;0;9690;9116
2018-04-09T11:00;2018-04-09T11:15;45;kWh;0;2434;0;0;2434;2434
2018-04-09T11:15;2018-04-09T11:30;46;kWh;0;2185;0;0;2185;2185
2018-04-09T11:30;2018-04-09T11:45;47;kWh;0;0;0;0;0;0
2018-04-09T11:45;2018-04-09T12:00;48;kWh;0;0;0;0;0;0
2018-04-09T12:00;2018-04-09T12:15;49;kWh;0;20777;0;0;20777;20777
2018-04-09T12:15;2018-04-09T12:30;50;kWh;0;11146;0;0;11146;11146
2018-04-09T12:30;2018-04-09T12:45;51;kWh;0;966;0;0;966;966
2018-04-09T12:45;2018-04-09T13:00;52;kWh;0;37;0;0;37;37
2018-04-09T13:00;2018-04-09T13:15;53;kWh;0;13351;0;0;13351;13351
2018-04-09T13:15;2018-04-09T13:30;54;kWh;0;30000;0;0;30000;30000
2018-04-09T13:30;2018-04-09T13:45;55;kWh;0;37756;0;0;37756;37756
2018-04-09T13:45;2018-04-09T14:00;56;kWh;0;35623;0;0;35623;35623
2018-04-09T14:00;2018-04-09T14:15;57;kWh;0;20629;0;0;20629;20629
2018-04-09T14:15;2018-04-09T14:30;58;kWh;0;29241;0;0;29241;29241
2018-04-09T14:30;2018-04-09T14:45;59;kWh;0;7289;0;0;7289;7289
2018-04-09T14:45;2018-04-09T15:00;60;kWh;0;958;0;0;958;958
2018-04-09T15:00;2018-04-09T15:15;61;kWh;0;5756;0;0;5756;5756
2018-04-09T15:15;2018-04-09T15:30;62;kWh;0;17493;0;0;17493;17493
2018-04-09T15:30;2018-04-09T15:45;63;kWh;0;32280;0;0;32280;32280
2018-04-09T15:45;2018-04-09T16:00;64;kWh;0;35795;0;0;35795;35795
2018-04-09T16:00;2018-04-09T16:15;65;kWh;0;2410;0;0;2410;2410
2018-04-09T16:15;2018-04-09T16:30;66;kWh;0;20464;0;0;20464;20464
2018-04-09T16:30;2018-04-09T16:45;67;kWh;0;25971;0;0;25971;25971
2018-04-09T16:45;2018-04-09T17:00;68;kWh;0;23929;0;0;23929;23929
2018-04-09T17:00;2018-04-09T17:15;69;kWh;0;27510;0;0;27510;27510
2018-04-09T17:15;2018-04-09T17:30;70;kWh;0;22405;0;0;22405;22405
2018-04-09T17:30;2018-04-09T17:45;71;kWh;0;63933;0;0;63933;63933
2018-04-09T17:45;2018-04-09T18:00;72;kWh;0;62803;0;0;62803;62803
2018-04-09T18:00;2018-04-09T18:15;73;kWh;0;28036;0;0;28036;28036
2018-04-09T18:15;2018-04-09T18:30;74;kWh;0;0;0;0;0;0
2018-04-09T18:30;2018-04-09T18:45;75;kWh;0;17605;0;0;17605;17605
2018-04-09T18:45;2018-04-09T19:00;76;kWh;0;46161;0;0;46161;46161
2018-04-09T19:00;2018-04-09T19:15;77;kWh;0;36068;0;0;36068;36068
2018-04-09T19:15;2018-04-09T19:30;78;kWh;0;32608;0;0;32608;32608
2018-04-09T19:30;2018-04-09T19:45;79;kWh;0;12619;0;0;12619;12619
2018-04-09T19:45;2018-04-09T20:00;80;kWh;0;5;0;0;5;5
2018-04-09T20:00;2018-04-09T20:15;81;kWh;-6;77;0;0;83;71
2018-04-09T20:15;2018-04-09T20:30;82;kWh;0;6986;0;0;6986;6986
2018-04-09T20:30;2018-04-09T20:45;83;kWh;0;29594;0;0;29594;29594
2018-04-09T20:45;2018-04-09T21:00;84;kWh;0;35704;0;0;35704;35704
2018-04-09T21:00;2018-04-09T21:15;85;kWh;0;82456;0;0;82456;82456
2018-04-09T21:15;2018-04-09T21:30;86;kWh;0;58478;0;0;58478;58478
2018-04-09T21:30;2018-04-09T21:45;87;kWh;0;6198;0;0;6198;6198
2018-04-09T21:45;2018-04-09T22:00;88;kWh;0;992;0;0;992;992
2018-04-09T22:00;2018-04-09T22:15;89;kWh;0;2348;0;0;2348;2348
2018-04-09T22:15;2018-04-09T22:30;90;kWh;0;346;0;0;346;346
2018-04-09T22:30;2018-04-09T22:45;91;kWh;0;0;0;0;0;0
2018-04-09T22:45;2018-04-09T23:00;92;kWh;0;0;0;0;0;0
2018-04-09T23:00;2018-04-09T23:15;93;kWh;0;0;0;0;0;0
2018-04-09T23:15;2018-04-09T23:30;94;kWh;0;0;0;0;0;0
2018-04-09T23:30;2018-04-09T23:45;95;kWh;0;0;0;0;0;0
2018-04-09T23:45;2018-04-10T00:00;96;kWh;0;0;0;0;0;0
2018-04-10T00:00;2018-04-10T00:15;1;kWh;0;2413;0;0;2413;2413
2018-04-10T00:15;2018-04-10T00:30;2;kWh;0;39231;0;0;39231;39231
2018-04-10T00:30;2018-04-10T00:45;3;kWh;0;47929;0;0;47929;47929
2018-04-10T00:45;2018-04-10T01:00;4;kWh;0;6971;0;0;6971;6971
2018-04-10T01:00;2018-04-10T01:15;5;kWh;-27;5029;0;0;5056;5002
2018-04-10T01:15;2018-04-10T01:30;6;kWh;0;47284;0;0;47284;47284
2018-04-10T01:30;2018-04-10T01:45;7;kWh;0;29495;0;0;29495;29495
2018-04-10T01:45;2018-04-10T02:00;8;kWh;0;40300;0;0;40300;40300
2018-04-10T02:00;2018-04-10T02:15;9;kWh;-32;11555;0;0;11587;11523
2018-04-10T02:15;2018-04-10T02:30;10;kWh;0;38716;0;0;38716;38716
2018-04-10T02:30;2018-04-10T02:45;11;kWh;0;35007;0;0;35007;35007
2018-04-10T02:45;2018-04-10T03:00;12;kWh;0;33456;0;0;33456;33456
2018-04-10T03:00;2018-04-10T03:15;13;kWh;-131;17264;0;0;17395;17133
2018-04-10T03:15;2018-04-10T03:30;14;kWh;-51;55;0;0;106;4
2018-04-10T03:30;2018-04-10T03:45;15;kWh;0;9;0;0;9;9
2018-04-10T03:45;2018-04-10T04:00;16;kWh;0;267;0;0;267;267
2018-04-10T04:00;2018-04-10T04:15;17;kWh;0;14094;0;0;14094;14094
2018-04-10T04:15;2018-04-10T04:30;18;kWh;0;2070;0;0;2070;2070
2018-04-10T04:30;2018-04-10T04:45;19;kWh;-2546;0;0;0;2546;-2546
2018-04-10T04:45;2018-04-10T05:00;20;kWh;-3331;7;0;0;3338;-3324
2018-04-10T05:00;2018-04-10T05:15;21;kWh;-419;225;0;0;644;-194
2018-04-10T05:15;2018-04-10T05:30;22;kWh;0;0;0;0;0;0
2018-04-10T05:30;2018-04-10T05:45;23;kWh;0;0;0;0;0;0
2018-04-10T05:45;2018-04-10T06:00;24;kWh;0;0;0;0;0;0
2018-04-10T06:00;2018-04-10T06:15;25;kWh;0;3253;0;0;3253;3253
2018-04-10T06:15;2018-04-10T06:30;26;kWh;0;25;0;0;25;25
2018-04-10T06:30;2018-04-10T06:45;27;kWh;0;18554;0;0;18554;18554
2018-04-10T06:45;2018-04-10T07:00;28;kWh;-17;19189;0;0;19206;19172
2018-04-10T07:00;2018-04-10T07:15;29;kWh;-18186;1317;0;0;19503;-16869
2018-04-10T07:15;2018-04-10T07:30;30;kWh;-3968;0;0;0;3968;-3968
2018-04-10T07:30;2018-04-10T07:45;31;kWh;0;872;0;0;872;872
2018-04-10T07:45;2018-04-10T08:00;32;kWh;0;13982;0;0;13982;13982
2018-04-10T08:00;2018-04-10T08:15;33;kWh;-20838;690;0;0;21528;-20148
2018-04-10T08:15;2018-04-10T08:30;34;kWh;-361;0;0;0;361;-361
2018-04-10T08:30;2018-04-10T08:45;35;kWh;-1889;0;0;0;1889;-1889
2018-04-10T08:45;2018-04-10T09:00;36;kWh;-2248;0;0;0;2248;-2248
2018-04-10T09:00;2018-04-10T09:15;37;kWh;-2714;2757;0;0;5471;43
2018-04-10T09:15;2018-04-10T09:30;38;kWh;0;572;0;0;572;572
2018-04-10T09:30;2018-04-10T09:45;39;kWh;-588;0;0;0;588;-588
2018-04-10T09:45;2018-04-10T10:00;40;kWh;-7548;0;0;0;7548;-7548
2018-04-10T10:00;2018-04-10T10:15;41;kWh;-4228;0;0;0;4228;-4228
2018-04-10T10:15;2018-04-10T10:30;42;kWh;0;0;0;0;0;0
2018-04-10T10:30;2018-04-10T10:45;43;kWh;-2079;0;0;0;2079;-2079
2018-04-10T10:45;2018-04-10T11:00;44;kWh;-19961;0;0;0;19961;-19961
2018-04-10T11:00;2018-04-10T11:15;45;kWh;-4505;1404;0;0;5909;-3101
2018-04-10T11:15;2018-04-10T11:30;46;kWh;0;2780;0;0;2780;2780
2018-04-10T11:30;2018-04-10T11:45;47;kWh;0;4997;0;0;4997;4997
2018-04-10T11:45;2018-04-10T12:00;48;kWh;0;7977;0;0;7977;7977
2018-04-10T12:00;2018-04-10T12:15;49;kWh;0;4337;0;0;4337;4337
2018-04-10T12:15;2018-04-10T12:30;50;kWh;-54;0;0;0;54;-54
2018-04-10T12:30;2018-04-10T12:45;51;kWh;-1024;0;0;0;1024;-1024
2018-04-10T12:45;2018-04-10T13:00;52;kWh;-605;0;0;0;605;-605
2018-04-10T13:00;2018-04-10T13:15;53;kWh;-807;0;0;0;807;-807
2018-04-10T13:15;2018-04-10T13:30;54;kWh;-221;0;0;0;221;-221
2018-04-10T13:30;2018-04-10T13:45;55;kWh;-120;0;0;0;120;-120
2018-04-10T13:45;2018-04-10T14:00;56;kWh;-4243;0;0;0;4243;-4243
2018-04-10T14:00;2018-04-10T14:15;57;kWh;-5446;0;0;0;5446;-5446
2018-04-10T14:15;2018-04-10T14:30;58;kWh;-9762;0;0;0;9762;-9762
2018-04-10T14:30;2018-04-10T14:45;59;kWh;-22879;0;0;0;22879;-22879
2018-04-10T14:45;2018-04-10T15:00;60;kWh;-12677;0;0;0;12677;-12677
2018-04-10T15:00;2018-04-10T15:15;61;kWh;-2861;0;0;0;2861;-2861
2018-04-10T15:15;2018-04-10T15:30;62;kWh;0;0;0;0;0;0
2018-04-10T15:30;2018-04-10T15:45;63;kWh;0;0;0;0;0;0
2018-04-10T15:45;2018-04-10T16:00;64;kWh;0;0;0;0;0;0
2018-04-10T16:00;2018-04-10T16:15;65;kWh;-306;0;0;0;306;-306
2018-04-10T16:15;2018-04-10T16:30;66;kWh;0;521;0;0;521;521
2018-04-10T16:30;2018-04-10T16:45;67;kWh;0;844;0;0;844;844
2018-04-10T16:45;2018-04-10T17:00;68;kWh;0;3103;0;0;3103;3103
2018-04-10T17:00;2018-04-10T17:15;69;kWh;-641;317;0;0;958;-324
2018-04-10T17:15;2018-04-10T17:30;70;kWh;-2513;0;0;0;2513;-2513
2018-04-10T17:30;2018-04-10T17:45;71;kWh;-870;0;0;0;870;-870
2018-04-10T17:45;2018-04-10T18:00;72;kWh;0;207;0;0;207;207
2018-04-10T18:00;2018-04-10T18:15;73;kWh;0;26278;0;0;26278;26278
2018-04-10T18:15;2018-04-10T18:30;74;kWh;0;41812;0;0;41812;41812
2018-04-10T18:30;2018-04-10T18:45;75;kWh;0;34405;0;0;34405;34405
2018-04-10T18:45;2018-04-10T19:00;76;kWh;0;32733;0;0;32733;32733
2018-04-10T19:00;2018-04-10T19:15;77;kWh;0;42035;0;0;42035;42035
2018-04-10T19:15;2018-04-10T19:30;78;kWh;0;57346;0;0;57346;57346
2018-04-10T19:30;2018-04-10T19:45;79;kWh;0;19919;0;0;19919;19919
2018-04-10T19:45;2018-04-10T20:00;80;kWh;0;25428;0;0;25428;25428
2018-04-10T20:00;2018-04-10T20:15;81;kWh;-523;7516;0;0;8039;6993
2018-04-10T20:15;2018-04-10T20:30;82;kWh;0;524;0;0;524;524
2018-04-10T20:30;2018-04-10T20:45;83;kWh;0;28611;0;0;28611;28611
2018-04-10T20:45;2018-04-10T21:00;84;kWh;0;61255;0;0;61255;61255
2018-04-10T21:00;2018-04-10T21:15;85;kWh;0;49950;0;0;49950;49950
2018-04-10T21:15;2018-04-10T21:30;86;kWh;0;33592;0;0;33592;33592
2018-04-10T21:30;2018-04-10T21:45;87;kWh;-566;5454;0;0;6020;4888
2018-04-10T21:45;2018-04-10T22:00;88;kWh;-2210;0;0;0;2210;-2210
2018-04-10T22:00;2018-04-10T22:15;89;kWh;-692;414;0;0;1106;-278
2018-04-10T22:15;2018-04-10T22:30;90;kWh;0;0;0;0;0;0
2018-04-10T22:30;2018-04-10T22:45;91;kWh;-6;0;0;0;6;-6
2018-04-10T22:45;2018-04-10T23:00;92;kWh;-3597;0;0;0;3597;-3597
2018-04-10T23:00;2018-04-10T23:15;93;kWh;-4497;0;0;0;4497;-4497
2018-04-10T23:15;2018-04-10T23:30;94;kWh;-3442;0;0;0;3442;-3442
2018-04-10T23:30;2018-04-10T23:45;95;kWh;-6834;0;0;0;6834;-6834
2018-04-10T23:45;2018-04-11T00:00;96;kWh;-15614;0;0;0;15614;-15614
2018-04-11T00:00;2018-04-11T00:15;1;kWh;-17651;1918;0;0;19569;-15733
2018-04-11T00:15;2018-04-11T00:30;2;kWh;0;8159;0;0;8159;8159
2018-04-11T00:30;2018-04-11T00:45;3;kWh;0;911;0;0;911;911
2018-04-11T00:45;2018-04-11T01:00;4;kWh;0;15532;0;0;15532;15532
2018-04-11T01:00;2018-04-11T01:15;5;kWh;0;68590;0;0;68590;68590
2018-04-11T01:15;2018-04-11T01:30;6;kWh;0;52835;0;0;52835;52835
2018-04-11T01:30;2018-04-11T01:45;7;kWh;0;34979;0;0;34979;34979
2018-04-11T01:45;2018-04-11T02:00;8;kWh;0;19256;0;0;19256;19256
2018-04-11T02:00;2018-04-11T02:15;9;kWh;0;42601;0;0;42601;42601
2018-04-11T02:15;2018-04-11T02:30;10;kWh;0;67625;0;0;67625;67625
2018-04-11T02:30;2018-04-11T02:45;11;kWh;0;61482;0;0;61482;61482
2018-04-11T02:45;2018-04-11T03:00;12;kWh;0;60764;0;0;60764;60764
2018-04-11T03:00;2018-04-11T03:15;13;kWh;0;49794;0;0;49794;49794
2018-04-11T03:15;2018-04-11T03:30;14;kWh;0;76730;0;0;76730;76730
2018-04-11T03:30;2018-04-11T03:45;15;kWh;0;59201;0;0;59201;59201
2018-04-11T03:45;2018-04-11T04:00;16;kWh;0;29677;0;0;29677;29677
2018-04-11T04:00;2018-04-11T04:15;17;kWh;0;44253;0;0;44253;44253
2018-04-11T04:15;2018-04-11T04:30;18;kWh;0;31854;0;0;31854;31854
2018-04-11T04:30;2018-04-11T04:45;19;kWh;0;32343;0;0;32343;32343
2018-04-11T04:45;2018-04-11T05:00;20;kWh;0;51426;0;0;51426;51426
2018-04-11T05:00;2018-04-11T05:15;21;kWh;0;42937;0;0;42937;42937
2018-04-11T05:15;2018-04-11T05:30;22;kWh;0;51320;0;0;51320;51320
2018-04-11T05:30;2018-04-11T05:45;23;kWh;0;96097;0;0;96097;96097
2018-04-11T05:45;2018-04-11T06:00;24;kWh;0;85489;0;0;85489;85489
2018-04-11T06:00;2018-04-11T06:15;25;kWh;0;35465;0;0;35465;35465
2018-04-11T06:15;2018-04-11T06:30;26;kWh;0;24520;0;0;24520;24520
2018-04-11T06:30;2018-04-11T06:45;27;kWh;0;88336;0;0;88336;88336
2018-04-11T06:45;2018-04-11T07:00;28;kWh;0;77648;0;0;77648;77648
2018-04-11T07:00;2018-04-11T07:15;29;kWh;0;10010;0;0;10010;10010
2018-04-11T07:15;2018-04-11T07:30;30;kWh;0;43128;0;0;43128;43128
2018-04-11T07:30;2018-04-11T07:45;31;kWh;0;19490;0;0;19490;19490
2018-04-11T07:45;2018-04-11T08:00;32;kWh;0;52036;0;0;52036;52036
2018-04-11T08:00;2018-04-11T08:15;33;kWh;0;50277;0;0;50277;50277
2018-04-11T08:15;2018-04-11T08:30;34;kWh;0;80040;0;0;80040;80040
2018-04-11T08:30;2018-04-11T08:45;35;kWh;0;82044;0;0;82044;82044
2018-04-11T08:45;2018-04-11T09:00;36;kWh;0;84992;0;0;84992;84992
2018-04-11T09:00;2018-04-11T09:15;37;kWh;0;88577;0;0;88577;88577
2018-04-11T09:15;2018-04-11T09:30;38;kWh;0;80571;0;0;94321;94321
2018-04-11T09:30;2018-04-11T09:45;39;kWh;-157;22548;0;0;36455;36141
2018-04-11T09:45;2018-04-11T10:00;40;kWh;0;2434;0;0;2434;2434
2018-04-11T10:00;2018-04-11T10:15;41;kWh;0;8989;0;0;8989;8989
2018-04-11T10:15;2018-04-11T10:30;42;kWh;0;2323;0;0;2323;2323
2018-04-11T10:30;2018-04-11T10:45;43;kWh;0;2101;0;0;2101;2101
2018-04-11T10:45;2018-04-11T11:00;44;kWh;0;555;0;0;555;555
2018-04-11T11:00;2018-04-11T11:15;45;kWh;0;2993;0;0;2993;2993
2018-04-11T11:15;2018-04-11T11:30;46;kWh;0;4593;0;0;4593;4593
2018-04-11T11:30;2018-04-11T11:45;47;kWh;0;5323;0;0;5323;5323
2018-04-11T11:45;2018-04-11T12:00;48;kWh;0;8966;0;0;8966;8966
2018-04-11T12:00;2018-04-11T12:15;49;kWh;0;31715;0;0;31715;31715
2018-04-11T12:15;2018-04-11T12:30;50;kWh;0;37810;0;0;37810;37810
2018-04-11T12:30;2018-04-11T12:45;51;kWh;-81;11112;0;0;11193;11031
2018-04-11T12:45;2018-04-11T13:00;52;kWh;0;12714;0;0;12714;12714
2018-04-11T13:00;2018-04-11T13:15;53;kWh;0;12311;0;0;12311;12311
2018-04-11T13:15;2018-04-11T13:30;54;kWh;0;28153;0;0;28153;28153
2018-04-11T13:30;2018-04-11T13:45;55;kWh;0;35947;0;0;35947;35947
2018-04-11T13:45;2018-04-11T14:00;56;kWh;0;28066;0;0;28066;28066
2018-04-11T14:00;2018-04-11T14:15;57;kWh;-7906;3666;0;0;11572;-4240
2018-04-11T14:15;2018-04-11T14:30;58;kWh;-479;8567;0;0;9046;8088
2018-04-11T14:30;2018-04-11T14:45;59;kWh;0;1535;0;0;1535;1535
2018-04-11T14:45;2018-04-11T15:00;60;kWh;0;1596;0;0;1596;1596
2018-04-11T15:00;2018-04-11T15:15;61;kWh;0;5162;0;0;5162;5162
2018-04-11T15:15;2018-04-11T15:30;62;kWh;0;2503;0;0;2503;2503
2018-04-11T15:30;2018-04-11T15:45;63;kWh;0;916;0;0;916;916
2018-04-11T15:45;2018-04-11T16:00;64;kWh;-103;1399;0;0;1502;1296
2018-04-11T16:00;2018-04-11T16:15;65;kWh;-15931;17;0;0;15948;-15914
2018-04-11T16:15;2018-04-11T16:30;66;kWh;-3138;0;0;0;3138;-3138
2018-04-11T16:30;2018-04-11T16:45;67;kWh;-19940;0;0;0;19940;-19940
2018-04-11T16:45;2018-04-11T17:00;68;kWh;-19026;0;0;0;19026;-19026
2018-04-11T17:00;2018-04-11T17:15;69;kWh;-51181;0;0;0;51181;-51181
2018-04-11T17:15;2018-04-11T17:30;70;kWh;-26455;0;0;0;26455;-26455
2018-04-11T17:30;2018-04-11T17:45;71;kWh;-23948;0;0;0;23948;-23948
2018-04-11T17:45;2018-04-11T18:00;72;kWh;-2447;0;0;0;2447;-2447
2018-04-11T18:00;2018-04-11T18:15;73;kWh;-5207;0;0;0;5207;-5207
2018-04-11T18:15;2018-04-11T18:30;74;kWh;-22130;0;0;0;22130;-22130
2018-04-11T18:30;2018-04-11T18:45;75;kWh;-9049;0;0;0;9049;-9049
2018-04-11T18:45;2018-04-11T19:00;76;kWh;-565;0;0;0;565;-565
2018-04-11T19:00;2018-04-11T19:15;77;kWh;0;1584;0;0;1584;1584
2018-04-11T19:15;2018-04-11T19:30;78;kWh;0;110;0;0;110;110
2018-04-11T19:30;2018-04-11T19:45;79;kWh;0;202;0;0;202;202
2018-04-11T19:45;2018-04-11T20:00;80;kWh;0;188;0;0;188;188
2018-04-11T20:00;2018-04-11T20:15;81;kWh;-5278;0;0;0;5278;-5278
2018-04-11T20:15;2018-04-11T20:30;82;kWh;-6159;0;0;0;6159;-6159
2018-04-11T20:30;2018-04-11T20:45;83;kWh;-3024;356;0;0;3380;-2668
2018-04-11T20:45;2018-04-11T21:00;84;kWh;-32;3564;0;0;3596;3532
2018-04-11T21:00;2018-04-11T21:15;85;kWh;0;45652;0;0;45652;45652
2018-04-11T21:15;2018-04-11T21:30;86;kWh;0;46225;0;0;46225;46225
2018-04-11T21:30;2018-04-11T21:45;87;kWh;-387;3743;0;0;4130;3356
2018-04-11T21:45;2018-04-11T22:00;88;kWh;-285;623;0;0;908;338
2018-04-11T22:00;2018-04-11T22:15;89;kWh;-9958;0;0;0;9958;-9958
2018-04-11T22:15;2018-04-11T22:30;90;kWh;-8791;0;0;0;8791;-8791
2018-04-11T22:30;2018-04-11T22:45;91;kWh;-17374;0;0;0;17374;-17374
2018-04-11T22:45;2018-04-11T23:00;92;kWh;-36945;0;0;0;36945;-36945
2018-04-11T23:00;2018-04-11T23:15;93;kWh;-16671;11812;0;0;28483;-4859
2018-04-11T23:15;2018-04-11T23:30;94;kWh;-64;33664;0;0;33728;33600
2018-04-11T23:30;2018-04-11T23:45;95;kWh;-16772;918;0;0;17690;-15854
2018-04-11T23:45;2018-04-12T00:00;96;kWh;-29176;0;0;0;29176;-29176
2018-04-12T00:00;2018-04-12T00:15;1;kWh;-14011;0;0;0;14011;-14011
2018-04-12T00:15;2018-04-12T00:30;2;kWh;-472;17;0;0;489;-455
2018-04-12T00:30;2018-04-12T00:45;3;kWh;-4833;0;0;0;4833;-4833
2018-04-12T00:45;2018-04-12T01:00;4;kWh;0;0;0;0;0;0
2018-04-12T01:00;2018-04-12T01:15;5;kWh;0;19130;0;0;19130;19130
2018-04-12T01:15;2018-04-12T01:30;6;kWh;0;55628;0;0;55628;55628
2018-04-12T01:30;2018-04-12T01:45;7;kWh;0;42438;0;0;42438;42438
2018-04-12T01:45;2018-04-12T02:00;8;kWh;-102;15994;0;0;16096;15892
2018-04-12T02:00;2018-04-12T02:15;9;kWh;0;5930;0;0;5930;5930
2018-04-12T02:15;2018-04-12T02:30;10;kWh;0;27060;0;0;27060;27060
2018-04-12T02:30;2018-04-12T02:45;11;kWh;0;6960;0;0;6960;6960
2018-04-12T02:45;2018-04-12T03:00;12;kWh;-376;0;0;0;376;-376
2018-04-12T03:00;2018-04-12T03:15;13;kWh;-1269;775;0;0;2044;-494
2018-04-12T03:15;2018-04-12T03:30;14;kWh;0;6236;0;0;6236;6236
2018-04-12T03:30;2018-04-12T03:45;15;kWh;0;1399;0;0;1399;1399
2018-04-12T03:45;2018-04-12T04:00;16;kWh;-924;285;0;0;1209;-639
2018-04-12T04:00;2018-04-12T04:15;17;kWh;-1151;0;0;0;1151;-1151
2018-04-12T04:15;2018-04-12T04:30;18;kWh;0;0;0;0;0;0
2018-04-12T04:30;2018-04-12T04:45;19;kWh;0;0;0;0;0;0
2018-04-12T04:45;2018-04-12T05:00;20;kWh;0;0;0;0;0;0
2018-04-12T05:00;2018-04-12T05:15;21;kWh;-122;0;0;0;122;-122
2018-04-12T05:15;2018-04-12T05:30;22;kWh;-168;0;0;0;168;-168
2018-04-12T05:30;2018-04-12T05:45;23;kWh;0;9578;0;0;9578;9578
2018-04-12T05:45;2018-04-12T06:00;24;kWh;0;32432;0;0;32432;32432
2018-04-12T06:00;2018-04-12T06:15;25;kWh;0;68328;0;0;68328;68328
2018-04-12T06:15;2018-04-12T06:30;26;kWh;0;42938;0;0;42938;42938
2018-04-12T06:30;2018-04-12T06:45;27;kWh;0;1966;0;0;1966;1966
2018-04-12T06:45;2018-04-12T07:00;28;kWh;0;0;0;0;0;0
2018-04-12T07:00;2018-04-12T07:15;29;kWh;-23091;0;0;0;23091;-23091
2018-04-12T07:15;2018-04-12T07:30;30;kWh;-2446;0;0;0;2446;-2446
2018-04-12T07:30;2018-04-12T07:45;31;kWh;0;3707;0;0;3707;3707
2018-04-12T07:45;2018-04-12T08:00;32;kWh;0;14407;0;0;14407;14407
2018-04-12T08:00;2018-04-12T08:15;33;kWh;-9488;2508;0;0;11996;-6980
2018-04-12T08:15;2018-04-12T08:30;34;kWh;0;11369;0;0;11369;11369
2018-04-12T08:30;2018-04-12T08:45;35;kWh;0;2252;0;0;2252;2252
2018-04-12T08:45;2018-04-12T09:00;36;kWh;0;36520;0;0;36520;36520
2018-04-12T09:00;2018-04-12T09:15;37;kWh;0;52333;0;0;52333;52333
2018-04-12T09:15;2018-04-12T09:30;38;kWh;0;62405;0;0;62405;62405
2018-04-12T09:30;2018-04-12T09:45;39;kWh;0;67722;0;0;67722;67722
2018-04-12T09:45;2018-04-12T10:00;40;kWh;0;78526;0;0;78526;78526
2018-04-12T10:00;2018-04-12T10:15;41;kWh;0;89594;0;0;89594;89594
2018-04-12T10:15;2018-04-12T10:30;42;kWh;0;85094;0;0;85094;85094
2018-04-12T10:30;2018-04-12T10:45;43;kWh;0;70852;0;0;70852;70852
2018-04-12T10:45;2018-04-12T11:00;44;kWh;0;39309;0;0;39309;39309
2018-04-12T11:00;2018-04-12T11:15;45;kWh;0;73039;0;0;73039;73039
2018-04-12T11:15;2018-04-12T11:30;46;kWh;0;73483;0;0;73483;73483
2018-04-12T11:30;2018-04-12T11:45;47;kWh;0;63892;0;0;63892;63892
2018-04-12T11:45;2018-04-12T12:00;48;kWh;0;62685;0;0;62685;62685
2018-04-12T12:00;2018-04-12T12:15;49;kWh;0;68578;0;0;68578;68578
2018-04-12T12:15;2018-04-12T12:30;50;kWh;0;66615;0;0;66615;66615
2018-04-12T12:30;2018-04-12T12:45;51;kWh;0;50617;0;0;50617;50617
2018-04-12T12:45;2018-04-12T13:00;52;kWh;0;27008;0;0;27008;27008
2018-04-12T13:00;2018-04-12T13:15;53;kWh;0;35984;0;0;35984;35984
2018-04-12T13:15;2018-04-12T13:30;54;kWh;0;87128;0;0;87128;87128
2018-04-12T13:30;2018-04-12T13:45;55;kWh;0;76628;0;0;76628;76628
2018-04-12T13:45;2018-04-12T14:00;56;kWh;0;78285;0;0;78285;78285
2018-04-12T14:00;2018-04-12T14:15;57;kWh;0;97719;0;0;97719;97719
2018-04-12T14:15;2018-04-12T14:30;58;kWh;0;97088;0;0;109588;109588
2018-04-12T14:30;2018-04-12T14:45;59;kWh;0;77961;0;0;77961;77961
2018-04-12T14:45;2018-04-12T15:00;60;kWh;0;57351;0;0;57351;57351
2018-04-12T15:00;2018-04-12T15:15;61;kWh;0;42764;0;0;42764;42764
2018-04-12T15:15;2018-04-12T15:30;62;kWh;0;57862;0;0;57862;57862
2018-04-12T15:30;2018-04-12T15:45;63;kWh;0;68490;0;0;68490;68490
2018-04-12T15:45;2018-04-12T16:00;64;kWh;0;70726;0;0;70726;70726
2018-04-12T16:00;2018-04-12T16:15;65;kWh;-8772;23718;0;0;32490;14946
2018-04-12T16:15;2018-04-12T16:30;66;kWh;-3028;790;0;0;3818;-2238
2018-04-12T16:30;2018-04-12T16:45;67;kWh;-552;0;0;0;552;-552
2018-04-12T16:45;2018-04-12T17:00;68;kWh;-82;223;0;0;305;141
2018-04-12T17:00;2018-04-12T17:15;69;kWh;0;22989;0;0;22989;22989
2018-04-12T17:15;2018-04-12T17:30;70;kWh;0;40663;0;0;40663;40663
2018-04-12T17:30;2018-04-12T17:45;71;kWh;0;55800;0;0;55800;55800
2018-04-12T17:45;2018-04-12T18:00;72;kWh;0;66330;0;0;66330;66330
2018-04-12T18:00;2018-04-12T18:15;73;kWh;0;28698;0;0;28698;28698
2018-04-12T18:15;2018-04-12T18:30;74;kWh;0;16422;0;0;16422;16422
2018-04-12T18:30;2018-04-12T18:45;75;kWh;0;28098;0;0;28098;28098
2018-04-12T18:45;2018-04-12T19:00;76;kWh;0;29080;0;0;29080;29080
2018-04-12T19:00;2018-04-12T19:15;77;kWh;0;25557;0;0;25557;25557
2018-04-12T19:15;2018-04-12T19:30;78;kWh;0;19733;0;0;19733;19733
2018-04-12T19:30;2018-04-12T19:45;79;kWh;0;30608;0;0;30608;30608
2018-04-12T19:45;2018-04-12T20:00;80;kWh;0;36765;0;0;36765;36765
2018-04-12T20:00;2018-04-12T20:15;81;kWh;0;15360;0;0;15360;15360
2018-04-12T20:15;2018-04-12T20:30;82;kWh;0;972;0;0;972;972
2018-04-12T20:30;2018-04-12T20:45;83;kWh;0;15152;0;0;15152;15152
2018-04-12T20:45;2018-04-12T21:00;84;kWh;0;51272;0;0;51272;51272
2018-04-12T21:00;2018-04-12T21:15;85;kWh;0;60649;0;0;60649;60649
2018-04-12T21:15;2018-04-12T21:30;86;kWh;0;34296;0;0;34296;34296
2018-04-12T21:30;2018-04-12T21:45;87;kWh;0;2926;0;0;2926;2926
2018-04-12T21:45;2018-04-12T22:00;88;kWh;-906;2444;0;0;3350;1538
2018-04-12T22:00;2018-04-12T22:15;89;kWh;-29;25652;0;0;25681;25623
2018-04-12T22:15;2018-04-12T22:30;90;kWh;-61;35607;0;0;35668;35546
2018-04-12T22:30;2018-04-12T22:45;91;kWh;-17388;93;0;0;17481;-17295
2018-04-12T22:45;2018-04-12T23:00;92;kWh;-10165;0;0;0;10165;-10165
2018-04-12T23:00;2018-04-12T23:15;93;kWh;-8874;8659;0;0;17533;-215
2018-04-12T23:15;2018-04-12T23:30;94;kWh;-3;4062;0;0;4065;4059
2018-04-12T23:30;2018-04-12T23:45;95;kWh;-356;0;0;0;356;-356
2018-04-12T23:45;2018-04-13T00:00;96;kWh;-4078;0;0;0;4078;-4078
2018-04-13T00:00;2018-04-13T00:15;1;kWh;-23931;118;0;0;24049;-23813
2018-04-13T00:15;2018-04-13T00:30;2;kWh;-522;10714;0;0;11236;10192
2018-04-13T00:30;2018-04-13T00:45;3;kWh;-579;2130;0;0;2709;1551
2018-04-13T00:45;2018-04-13T01:00;4;kWh;0;35243;0;0;35243;35243
2018-04-13T01:00;2018-04-13T01:15;5;kWh;0;26834;0;0;26834;26834
2018-04-13T01:15;2018-04-13T01:30;6;kWh;-128;31984;0;0;32112;31856
2018-04-13T01:30;2018-04-13T01:45;7;kWh;-3128;1786;0;0;4914;-1342
2018-04-13T01:45;2018-04-13T02:00;8;kWh;-299;416;0;0;715;117
2018-04-13T02:00;2018-04-13T02:15;9;kWh;0;3456;0;0;3456;3456
2018-04-13T02:15;2018-04-13T02:30;10;kWh;-2253;68;0;0;2321;-2185
2018-04-13T02:30;2018-04-13T02:45;11;kWh;-3950;0;0;0;3950;-3950
2018-04-13T02:45;2018-04-13T03:00;12;kWh;-14672;0;0;0;14672;-14672
2018-04-13T03:00;2018-04-13T03:15;13;kWh;-17151;0;0;0;17151;-17151
2018-04-13T03:15;2018-04-13T03:30;14;kWh;-13257;3;0;0;13260;-13254
2018-04-13T03:30;2018-04-13T03:45;15;kWh;-697;554;0;0;1251;-143
2018-04-13T03:45;2018-04-13T04:00;16;kWh;-397;0;0;0;397;-397
2018-04-13T04:00;2018-04-13T04:15;17;kWh;-1144;0;0;0;1144;-1144
2018-04-13T04:15;2018-04-13T04:30;18;kWh;-10323;0;0;0;10323;-10323
2018-04-13T04:30;2018-04-13T04:45;19;kWh;-6634;0;0;0;6634;-6634
2018-04-13T04:45;2018-04-13T05:00;20;kWh;-7143;0;0;0;7143;-7143
2018-04-13T05:00;2018-04-13T05:15;21;kWh;-26664;0;0;0;26664;-26664
2018-04-13T05:15;2018-04-13T05:30;22;kWh;-40092;0;0;0;40092;-40092
2018-04-13T05:30;2018-04-13T05:45;23;kWh;-36025;0;0;0;36025;-36025
2018-04-13T05:45;2018-04-13T06:00;24;kWh;-5746;265;0;0;6011;-5481
2018-04-13T06:00;2018-04-13T06:15;25;kWh;-6952;0;0;0;6952;-6952
2018-04-13T06:15;2018-04-13T06:30;26;kWh;-394;0;0;0;394;-394
2018-04-13T06:30;2018-04-13T06:45;27;kWh;0;755;0;0;755;755
2018-04-13T06:45;2018-04-13T07:00;28;kWh;0;4599;0;0;4599;4599
2018-04-13T07:00;2018-04-13T07:15;29;kWh;-26869;809;0;0;27678;-26060
2018-04-13T07:15;2018-04-13T07:30;30;kWh;-43528;0;0;0;43528;-43528
2018-04-13T07:30;2018-04-13T07:45;31;kWh;-23449;1141;0;0;24590;-22308
2018-04-13T07:45;2018-04-13T08:00;32;kWh;-219;37995;0;0;38214;37776
2018-04-13T08:00;2018-04-13T08:15;33;kWh;-5068;12853;0;0;17921;7785
2018-04-13T08:15;2018-04-13T08:30;34;kWh;-19219;0;0;0;19219;-19219
2018-04-13T08:30;2018-04-13T08:45;35;kWh;-32548;0;0;0;32548;-32548
2018-04-13T08:45;2018-04-13T09:00;36;kWh;-6695;0;0;0;6695;-6695
2018-04-13T09:00;2018-04-13T09:15;37;kWh;-1059;11;0;0;1070;-1048
2018-04-13T09:15;2018-04-13T09:30;38;kWh;-28411;0;0;0;28411;-28411
2018-04-13T09:30;2018-04-13T09:45;39;kWh;-16813;0;0;0;16813;-16813
2018-04-13T09:45;2018-04-13T10:00;40;kWh;-25890;0;0;0;25890;-25890
2018-04-13T10:00;2018-04-13T10:15;41;kWh;-9828;0;0;0;9828;-9828
2018-04-13T10:15;2018-04-13T10:30;42;kWh;-92;0;0;0;92;-92
2018-04-13T10:30;2018-04-13T10:45;43;kWh;-965;0;0;0;965;-965
2018-04-13T10:45;2018-04-13T11:00;44;kWh;-4022;0;0;0;4022;-4022
2018-04-13T11:00;2018-04-13T11:15;45;kWh;-5736;0;0;0;5736;-5736
2018-04-13T11:15;2018-04-13T11:30;46;kWh;0;0;0;0;0;0
2018-04-13T11:30;2018-04-13T11:45;47;kWh;0;0;0;0;0;0
2018-04-13T11:45;2018-04-13T12:00;48;kWh;0;0;0;0;0;0
2018-04-13T12:00;2018-04-13T12:15;49;kWh;-20;0;0;0;20;-20
2018-04-13T12:15;2018-04-13T12:30;50;kWh;-20323;0;0;0;20323;-20323
2018-04-13T12:30;2018-04-13T12:45;51;kWh;-24650;0;0;0;24650;-24650
2018-04-13T12:45;2018-04-13T13:00;52;kWh;-16112;0;0;0;16112;-16112
2018-04-13T13:00;2018-04-13T13:15;53;kWh;-14054;618;0;0;14672;-13436
2018-04-13T13:15;2018-04-13T13:30;54;kWh;-131;2751;0;0;2882;2620
2018-04-13T13:30;2018-04-13T13:45;55;kWh;0;5139;0;0;5139;5139
2018-04-13T13:45;2018-04-13T14:00;56;kWh;0;1623;0;0;1623;1623
2018-04-13T14:00;2018-04-13T14:15;57;kWh;-72;3063;0;0;3135;2991
2018-04-13T14:15;2018-04-13T14:30;58;kWh;0;9547;0;0;9547;9547
2018-04-13T14:30;2018-04-13T14:45;59;kWh;0;2065;0;0;2065;2065
2018-04-13T14:45;2018-04-13T15:00;60;kWh;0;541;0;0;541;541
2018-04-13T15:00;2018-04-13T15:15;61;kWh;-956;0;0;0;956;-956
2018-04-13T15:15;2018-04-13T15:30;62;kWh;-1317;0;0;0;1317;-1317
2018-04-13T15:30;2018-04-13T15:45;63;kWh;-203;0;0;0;203;-203
2018-04-13T15:45;2018-04-13T16:00;64;kWh;-1781;0;0;0;1781;-1781
2018-04-13T16:00;2018-04-13T16:15;65;kWh;-1078;0;0;0;1078;-1078
2018-04-13T16:15;2018-04-13T16:30;66;kWh;0;0;0;0;0;0
2018-04-13T16:30;2018-04-13T16:45;67;kWh;0;0;0;0;0;0
2018-04-13T16:45;2018-04-13T17:00;68;kWh;0;2355;0;0;2355;2355
2018-04-13T17:00;2018-04-13T17:15;69;kWh;-583;248;0;0;831;-335
2018-04-13T17:15;2018-04-13T17:30;70;kWh;0;13455;0;0;13455;13455
2018-04-13T17:30;2018-04-13T17:45;71;kWh;-99;9607;0;0;9706;9508
2018-04-13T17:45;2018-04-13T18:00;72;kWh;-1128;4;0;0;1132;-1124
2018-04-13T18:00;2018-04-13T18:15;73;kWh;-111;0;0;0;111;-111
2018-04-13T18:15;2018-04-13T18:30;74;kWh;-2682;0;0;0;2682;-2682
2018-04-13T18:30;2018-04-13T18:45;75;kWh;-6071;0;0;0;6071;-6071
2018-04-13T18:45;2018-04-13T19:00;76;kWh;-7941;0;0;0;7941;-7941
2018-04-13T19:00;2018-04-13T19:15;77;kWh;-1382;0;0;0;1382;-1382
2018-04-13T19:15;2018-04-13T19:30;78;kWh;-1970;0;0;0;1970;-1970
2018-04-13T19:30;2018-04-13T19:45;79;kWh;-10779;0;0;0;10779;-10779
2018-04-13T19:45;2018-04-13T20:00;80;kWh;-15389;0;0;0;15389;-15389
2018-04-13T20:00;2018-04-13T20:15;81;kWh;-36838;0;0;0;36838;-36838
2018-04-13T20:15;2018-04-13T20:30;82;kWh;-15252;0;0;0;15252;-15252
2018-04-13T20:30;2018-04-13T20:45;83;kWh;-13678;0;0;0;13678;-13678
2018-04-13T20:45;2018-04-13T21:00;84;kWh;-7191;0;0;0;7191;-7191
2018-04-13T21:00;2018-04-13T21:15;85;kWh;-47;0;0;0;47;-47
2018-04-13T21:15;2018-04-13T21:30;86;kWh;-1795;0;0;0;1795;-1795
2018-04-13T21:30;2018-04-13T21:45;87;kWh;-18622;0;0;0;18622;-18622
2018-04-13T21:45;2018-04-13T22:00;88;kWh;-46000;0;0;0;46000;-46000
2018-04-13T22:00;2018-04-13T22:15;89;kWh;-22691;371;0;0;23062;-22320
2018-04-13T22:15;2018-04-13T22:30;90;kWh;-14332;52;0;0;14384;-14280
2018-04-13T22:30;2018-04-13T22:45;91;kWh;-33246;0;0;0;33246;-33246
2018-04-13T22:45;2018-04-13T23:00;92;kWh;-53013;0;0;0;53013;-53013
2018-04-13T23:00;2018-04-13T23:15;93;kWh;-19923;0;0;0;19923;-19923
2018-04-13T23:15;2018-04-13T23:30;94;kWh;-120;0;0;0;120;-120
2018-04-13T23:30;2018-04-13T23:45;95;kWh;-546;0;0;0;546;-546
2018-04-13T23:45;2018-04-14T00:00;96;kWh;-7299;0;0;0;7299;-7299
2018-04-14T00:00;2018-04-14T00:15;1;kWh;-1295;0;0;0;1295;-1295
2018-04-14T00:15;2018-04-14T00:30;2;kWh;-386;0;0;0;386;-386
2018-04-14T00:30;2018-04-14T00:45;3;kWh;-725;0;0;0;725;-725
2018-04-14T00:45;2018-04-14T01:00;4;kWh;0;0;0;0;0;0
2018-04-14T01:00;2018-04-14T01:15;5;kWh;0;0;0;0;0;0
2018-04-14T01:15;2018-04-14T01:30;6;kWh;-61;0;0;0;61;-61
2018-04-14T01:30;2018-04-14T01:45;7;kWh;-5842;0;0;0;5842;-5842
2018-04-14T01:45;2018-04-14T02:00;8;kWh;-32035;0;0;0;32035;-32035
2018-04-14T02:00;2018-04-14T02:15;9;kWh;-21145;0;0;0;21145;-21145
2018-04-14T02:15;2018-04-14T02:30;10;kWh;-4457;0;0;0;4457;-4457
2018-04-14T02:30;2018-04-14T02:45;11;kWh;-26784;0;0;0;26784;-26784
2018-04-14T02:45;2018-04-14T03:00;12;kWh;-28066;0;0;0;28066;-28066
2018-04-14T03:00;2018-04-14T03:15;13;kWh;-16399;0;0;0;16399;-16399
2018-04-14T03:15;2018-04-14T03:30;14;kWh;-121;0;0;0;121;-121
2018-04-14T03:30;2018-04-14T03:45;15;kWh;-3084;0;0;0;3084;-3084
2018-04-14T03:45;2018-04-14T04:00;16;kWh;-21991;0;0;0;21991;-21991
2018-04-14T04:00;2018-04-14T04:15;17;kWh;-21547;0;0;0;21547;-21547
2018-04-14T04:15;2018-04-14T04:30;18;kWh;-688;0;0;0;688;-688
2018-04-14T04:30;2018-04-14T04:45;19;kWh;-27;0;0;0;27;-27
2018-04-14T04:45;2018-04-14T05:00;20;kWh;-484;0;0;0;484;-484
2018-04-14T05:00;2018-04-14T05:15;21;kWh;-333;0;0;0;333;-333
2018-04-14T05:15;2018-04-14T05:30;22;kWh;-2301;0;0;0;2301;-2301
2018-04-14T05:30;2018-04-14T05:45;23;kWh;-555;0;0;0;555;-555
2018-04-14T05:45;2018-04-14T06:00;24;kWh;-19;0;0;0;19;-19
2018-04-14T06:00;2018-04-14T06:15;25;kWh;-4114;0;0;0;4114;-4114
2018-04-14T06:15;2018-04-14T06:30;26;kWh;-6141;0;0;0;6141;-6141
2018-04-14T06:30;2018-04-14T06:45;27;kWh;-2519;0;0;0;2519;-2519
2018-04-14T06:45;2018-04-14T07:00;28;kWh;-24593;0;0;0;24593;-24593
2018-04-14T07:00;2018-04-14T07:15;29;kWh;-16166;0;0;0;16166;-16166
2018-04-14T07:15;2018-04-14T07:30;30;kWh;-5224;0;0;0;5224;-5224
2018-04-14T07:30;2018-04-14T07:45;31;kWh;-675;829;0;0;1504;154
2018-04-14T07:45;2018-04-14T08:00;32;kWh;0;10372;0;0;10372;10372
2018-04-14T08:00;2018-04-14T08:15;33;kWh;-5255;2140;0;0;7395;-3115
2018-04-14T08:15;2018-04-14T08:30;34;kWh;-2061;0;0;0;2061;-2061
2018-04-14T08:30;2018-04-14T08:45;35;kWh;0;3854;0;0;3854;3854
2018-04-14T08:45;2018-04-14T09:00;36;kWh;0;27566;0;0;27566;27566
2018-04-14T09:00;2018-04-14T09:15;37;kWh;-994;14484;0;0;15478;13490
2018-04-14T09:15;2018-04-14T09:30;38;kWh;-63;0;0;0;63;-63
2018-04-14T09:30;2018-04-14T09:45;39;kWh;0;426;0;0;426;426
2018-04-14T09:45;2018-04-14T10:00;40;kWh;-2436;0;0;0;2436;-2436
2018-04-14T10:00;2018-04-14T10:15;41;kWh;-6326;0;0;0;6326;-6326
2018-04-14T10:15;2018-04-14T10:30;42;kWh;-2492;0;0;0;2492;-2492
2018-04-14T10:30;2018-04-14T10:45;43;kWh;-11402;0;0;0;11402;-11402
2018-04-14T10:45;2018-04-14T11:00;44;kWh;-36676;0;0;0;36676;-36676
2018-04-14T11:00;2018-04-14T11:15;45;kWh;-15738;1483;0;0;17221;-14255
2018-04-14T11:15;2018-04-14T11:30;46;kWh;0;1895;0;0;1895;1895
2018-04-14T11:30;2018-04-14T11:45;47;kWh;0;1493;0;0;1493;1493
2018-04-14T11:45;2018-04-14T12:00;48;kWh;-588;0;0;0;588;-588
2018-04-14T12:00;2018-04-14T12:15;49;kWh;-545;0;0;0;545;-545
2018-04-14T12:15;2018-04-14T12:30;50;kWh;0;0;0;0;0;0
2018-04-14T12:30;2018-04-14T12:45;51;kWh;0;12619;0;0;12619;12619
2018-04-14T12:45;2018-04-14T13:00;52;kWh;0;19471;0;0;19471;19471
2018-04-14T13:00;2018-04-14T13:15;53;kWh;-667;4820;0;0;5487;4153
2018-04-14T13:15;2018-04-14T13:30;54;kWh;-387;0;0;0;387;-387
2018-04-14T13:30;2018-04-14T13:45;55;kWh;-4536;0;0;0;4536;-4536
2018-04-14T13:45;2018-04-14T14:00;56;kWh;-43839;0;0;0;43839;-43839
2018-04-14T14:00;2018-04-14T14:15;57;kWh;-19164;0;0;0;19164;-19164
2018-04-14T14:15;2018-04-14T14:30;58;kWh;-1277;0;0;0;1277;-1277
2018-04-14T14:30;2018-04-14T14:45;59;kWh;-31572;0;0;0;31572;-31572
2018-04-14T14:45;2018-04-14T15:00;60;kWh;-36100;0;0;0;36100;-36100
2018-04-14T15:00;2018-04-14T15:15;61;kWh;-24577;0;0;0;24577;-24577
2018-04-14T15:15;2018-04-14T15:30;62;kWh;-1804;0;0;0;1804;-1804
2018-04-14T15:30;2018-04-14T15:45;63;kWh;-12171;0;0;0;12171;-12171
2018-04-14T15:45;2018-04-14T16:00;64;kWh;-21587;0;0;0;21587;-21587
2018-04-14T16:00;2018-04-14T16:15;65;kWh;-9081;0;0;0;9081;-9081
2018-04-14T16:15;2018-04-14T16:30;66;kWh;-17812;0;0;0;17812;-17812
2018-04-14T16:30;2018-04-14T16:45;67;kWh;-2277;0;0;0;2277;-2277
2018-04-14T16:45;2018-04-14T17:00;68;kWh;-1047;0;0;0;1047;-1047
2018-04-14T17:00;2018-04-14T17:15;69;kWh;-32808;0;0;0;32808;-32808
2018-04-14T17:15;2018-04-14T17:30;70;kWh;-51450;0;0;0;51450;-51450
2018-04-14T17:30;2018-04-14T17:45;71;kWh;-10902;0;0;0;10902;-10902
2018-04-14T17:45;2018-04-14T18:00;72;kWh;-1676;0;0;0;1676;-1676
2018-04-14T18:00;2018-04-14T18:15;73;kWh;-8645;0;0;0;8645;-8645
2018-04-14T18:15;2018-04-14T18:30;74;kWh;-9003;0;0;0;9003;-9003
2018-04-14T18:30;2018-04-14T18:45;75;kWh;-3493;0;0;0;3493;-3493
2018-04-14T18:45;2018-04-14T19:00;76;kWh;-5106;0;0;0;5106;-5106
2018-04-14T19:00;2018-04-14T19:15;77;kWh;-7591;0;0;0;7591;-7591
2018-04-14T19:15;2018-04-14T19:30;78;kWh;-2430;0;0;0;2430;-2430
2018-04-14T19:30;2018-04-14T19:45;79;kWh;0;0;0;0;0;0
2018-04-14T19:45;2018-04-14T20:00;80;kWh;0;0;0;0;0;0
2018-04-14T20:00;2018-04-14T20:15;81;kWh;-287;0;0;0;287;-287
2018-04-14T20:15;2018-04-14T20:30;82;kWh;-218;0;0;0;218;-218
2018-04-14T20:30;2018-04-14T20:45;83;kWh;-83;0;0;0;83;-83
2018-04-14T20:45;2018-04-14T21:00;84;kWh;0;0;0;0;0;0
2018-04-14T21:00;2018-04-14T21:15;85;kWh;-221;0;0;0;221;-221
2018-04-14T21:15;2018-04-14T21:30;86;kWh;-113;0;0;0;113;-113
2018-04-14T21:30;2018-04-14T21:45;87;kWh;-99;0;0;0;99;-99
2018-04-14T21:45;2018-04-14T22:00;88;kWh;-6823;0;0;0;6823;-6823
2018-04-14T22:00;2018-04-14T22:15;89;kWh;-11042;1535;0;0;12577;-9507
2018-04-14T22:15;2018-04-14T22:30;90;kWh;0;4220;0;0;4220;4220
2018-04-14T22:30;2018-04-14T22:45;91;kWh;0;424;0;0;424;424
2018-04-14T22:45;2018-04-14T23:00;92;kWh;0;0;0;0;0;0
2018-04-14T23:00;2018-04-14T23:15;93;kWh;0;19819;0;0;19819;19819
2018-04-14T23:15;2018-04-14T23:30;94;kWh;0;33209;0;0;33209;33209
2018-04-14T23:30;2018-04-14T23:45;95;kWh;0;9891;0;0;9891;9891
2018-04-14T23:45;2018-04-15T00:00;96;kWh;0;409;0;0;409;409
2018-04-15T00:00;2018-04-15T00:15;1;kWh;0;6417;0;0;6417;6417
2018-04-15T00:15;2018-04-15T00:30;2;kWh;0;28420;0;0;28420;28420
2018-04-15T00:30;2018-04-15T00:45;3;kWh;-1335;1962;0;0;3297;627
2018-04-15T00:45;2018-04-15T01:00;4;kWh;-2815;0;0;0;2815;-2815
2018-04-15T01:00;2018-04-15T01:15;5;kWh;-3228;231;0;0;3459;-2997
2018-04-15T01:15;2018-04-15T01:30;6;kWh;0;557;0;0;557;557
2018-04-15T01:30;2018-04-15T01:45;7;kWh;0;0;0;0;0;0
2018-04-15T01:45;2018-04-15T02:00;8;kWh;-7495;0;0;0;7495;-7495
2018-04-15T02:00;2018-04-15T02:15;9;kWh;-8777;0;0;0;8777;-8777
2018-04-15T02:15;2018-04-15T02:30;10;kWh;0;14;0;0;14;14
2018-04-15T02:30;2018-04-15T02:45;11;kWh;0;190;0;0;190;190
2018-04-15T02:45;2018-04-15T03:00;12;kWh;-3896;0;0;0;3896;-3896
2018-04-15T03:00;2018-04-15T03:15;13;kWh;-2460;0;0;0;2460;-2460
2018-04-15T03:15;2018-04-15T03:30;14;kWh;0;0;0;0;0;0
2018-04-15T03:30;2018-04-15T03:45;15;kWh;0;0;0;0;0;0
2018-04-15T03:45;2018-04-15T04:00;16;kWh;-1772;0;0;0;1772;-1772
2018-04-15T04:00;2018-04-15T04:15;17;kWh;-983;0;0;0;983;-983
2018-04-15T04:15;2018-04-15T04:30;18;kWh;0;0;0;0;0;0
2018-04-15T04:30;2018-04-15T04:45;19;kWh;0;0;0;0;0;0
2018-04-15T04:45;2018-04-15T05:00;20;kWh;0;0;0;0;0;0
2018-04-15T05:00;2018-04-15T05:15;21;kWh;0;0;0;0;0;0
2018-04-15T05:15;2018-04-15T05:30;22;kWh;-37;0;0;0;37;-37
2018-04-15T05:30;2018-04-15T05:45;23;kWh;-306;0;0;0;306;-306
2018-04-15T05:45;2018-04-15T06:00;24;kWh;0;0;0;0;0;0
2018-04-15T06:00;2018-04-15T06:15;25;kWh;0;0;0;0;0;0
2018-04-15T06:15;2018-04-15T06:30;26;kWh;0;0;0;0;0;0
2018-04-15T06:30;2018-04-15T06:45;27;kWh;0;0;0;0;0;0
2018-04-15T06:45;2018-04-15T07:00;28;kWh;0;0;0;0;0;0
2018-04-15T07:00;2018-04-15T07:15;29;kWh;-21184;0;0;0;21184;-21184
2018-04-15T07:15;2018-04-15T07:30;30;kWh;-22470;0;0;0;22470;-22470
2018-04-15T07:30;2018-04-15T07:45;31;kWh;-2181;0;0;0;2181;-2181
2018-04-15T07:45;2018-04-15T08:00;32;kWh;0;1204;0;0;1204;1204
2018-04-15T08:00;2018-04-15T08:15;33;kWh;0;697;0;0;697;697
2018-04-15T08:15;2018-04-15T08:30;34;kWh;0;2914;0;0;2914;2914
2018-04-15T08:30;2018-04-15T08:45;35;kWh;0;4351;0;0;4351;4351
2018-04-15T08:45;2018-04-15T09:00;36;kWh;0;2264;0;0;2264;2264
2018-04-15T09:00;2018-04-15T09:15;37;kWh;-648;1178;0;0;1826;530
2018-04-15T09:15;2018-04-15T09:30;38;kWh;-3312;11;0;0;3323;-3301
2018-04-15T09:30;2018-04-15T09:45;39;kWh;-3778;0;0;0;3778;-3778
2018-04-15T09:45;2018-04-15T10:00;40;kWh;-1195;0;0;0;1195;-1195
2018-04-15T10:00;2018-04-15T10:15;41;kWh;0;0;0;0;0;0
2018-04-15T10:15;2018-04-15T10:30;42;kWh;-5;0;0;0;5;-5
2018-04-15T10:30;2018-04-15T10:45;43;kWh;0;0;0;0;0;0
2018-04-15T10:45;2018-04-15T11:00;44;kWh;-2720;0;0;0;2720;-2720
2018-04-15T11:00;2018-04-15T11:15;45;kWh;-650;0;0;0;650;-650
2018-04-15T11:15;2018-04-15T11:30;46;kWh;-134;0;0;0;134;-134
2018-04-15T11:30;2018-04-15T11:45;47;kWh;-1052;0;0;0;1052;-1052
2018-04-15T11:45;2018-04-15T12:00;48;kWh;-2399;0;0;0;2399;-2399
2018-04-15T12:00;2018-04-15T12:15;49;kWh;-1910;0;0;0;1910;-1910
2018-04-15T12:15;2018-04-15T12:30;50;kWh;-72;0;0;0;72;-72
2018-04-15T12:30;2018-04-15T12:45;51;kWh;-289;0;0;0;289;-289
2018-04-15T12:45;2018-04-15T13:00;52;kWh;-77;0;0;0;77;-77
2018-04-15T13:00;2018-04-15T13:15;53;kWh;-1295;0;0;0;1295;-1295
2018-04-15T13:15;2018-04-15T13:30;54;kWh;-33;670;0;0;703;637
2018-04-15T13:30;2018-04-15T13:45;55;kWh;0;6290;0;0;6290;6290
2018-04-15T13:45;2018-04-15T14:00;56;kWh;0;1530;0;0;1530;1530
2018-04-15T14:00;2018-04-15T14:15;57;kWh;-825;269;0;0;1094;-556
2018-04-15T14:15;2018-04-15T14:30;58;kWh;0;5914;0;0;5914;5914
2018-04-15T14:30;2018-04-15T14:45;59;kWh;0;8460;0;0;8460;8460
2018-04-15T14:45;2018-04-15T15:00;60;kWh;0;26013;0;0;26013;26013
2018-04-15T15:00;2018-04-15T15:15;61;kWh;0;12175;0;0;12175;12175
2018-04-15T15:15;2018-04-15T15:30;62;kWh;0;24132;0;0;24132;24132
2018-04-15T15:30;2018-04-15T15:45;63;kWh;0;28912;0;0;28912;28912
2018-04-15T15:45;2018-04-15T16:00;64;kWh;0;20818;0;0;20818;20818
2018-04-15T16:00;2018-04-15T16:15;65;kWh;0;33778;0;0;33778;33778
2018-04-15T16:15;2018-04-15T16:30;66;kWh;0;24338;0;0;24338;24338
2018-04-15T16:30;2018-04-15T16:45;67;kWh;0;31790;0;0;31790;31790
2018-04-15T16:45;2018-04-15T17:00;68;kWh;0;52126;0;0;52126;52126
2018-04-15T17:00;2018-04-15T17:15;69;kWh;0;26861;0;0;26861;26861
2018-04-15T17:15;2018-04-15T17:30;70;kWh;0;42040;0;0;42040;42040
2018-04-15T17:30;2018-04-15T17:45;71;kWh;0;55444;0;0;55444;55444
2018-04-15T17:45;2018-04-15T18:00;72;kWh;0;83717;0;0;83717;83717
2018-04-15T18:00;2018-04-15T18:15;73;kWh;-941;21343;0;0;22284;20402
2018-04-15T18:15;2018-04-15T18:30;74;kWh;-665;0;0;0;665;-665
2018-04-15T18:30;2018-04-15T18:45;75;kWh;0;0;0;0;0;0
2018-04-15T18:45;2018-04-15T19:00;76;kWh;0;505;0;0;505;505
2018-04-15T19:00;2018-04-15T19:15;77;kWh;0;2091;0;0;2091;2091
2018-04-15T19:15;2018-04-15T19:30;78;kWh;0;4723;0;0;4723;4723
2018-04-15T19:30;2018-04-15T19:45;79;kWh;0;7989;0;0;7989;7989
2018-04-15T19:45;2018-04-15T20:00;80;kWh;0;25365;0;0;25365;25365
2018-04-15T20:00;2018-04-15T20:15;81;kWh;-594;14828;0;0;15422;14234
2018-04-15T20:15;2018-04-15T20:30;82;kWh;-74;2;0;0;76;-72
2018-04-15T20:30;2018-04-15T20:45;83;kWh;-49;0;0;0;49;-49
2018-04-15T20:45;2018-04-15T21:00;84;kWh;0;11625;0;0;11625;11625
2018-04-15T21:00;2018-04-15T21:15;85;kWh;0;3010;0;0;3010;3010
2018-04-15T21:15;2018-04-15T21:30;86;kWh;-866;0;0;0;866;-866
2018-04-15T21:30;2018-04-15T21:45;87;kWh;-6498;0;0;0;6498;-6498
2018-04-15T21:45;2018-04-15T22:00;88;kWh;-12114;0;0;0;12114;-12114
2018-04-15T22:00;2018-04-15T22:15;89;kWh;-13753;0;0;0;13753;-13753
2018-04-15T22:15;2018-04-15T22:30;90;kWh;-4597;0;0;0;4597;-4597
2018-04-15T22:30;2018-04-15T22:45;91;kWh;-5266;0;0;0;5266;-5266
2018-04-15T22:45;2018-04-15T23:00;92;kWh;-6958;0;0;0;6958;-6958
2018-04-15T23:00;2018-04-15T23:15;93;kWh;-4648;0;0;0;4648;-4648
2018-04-15T23:15;2018-04-15T23:30;94;kWh;-4106;0;0;0;4106;-4106
2018-04-15T23:30;2018-04-15T23:45;95;kWh;-48045;0;0;0;48045;-48045
2018-04-15T23:45;2018-04-16T00:00;96;kWh;-58417;0;0;0;58417;-58417
2018-04-16T00:00;2018-04-16T00:15;1;kWh;-19897;409;0;0;20306;-19488
2018-04-16T00:15;2018-04-16T00:30;2;kWh;-6312;0;0;0;6312;-6312
2018-04-16T00:30;2018-04-16T00:45;3;kWh;-25435;0;0;0;25435;-25435
2018-04-16T00:45;2018-04-16T01:00;4;kWh;-15135;0;0;0;15135;-15135
2018-04-16T01:00;2018-04-16T01:15;5;kWh;-15020;597;0;0;15617;-14423
2018-04-16T01:15;2018-04-16T01:30;6;kWh;-411;312;0;0;723;-99
2018-04-16T01:30;2018-04-16T01:45;7;kWh;0;0;0;0;0;0
2018-04-16T01:45;2018-04-16T02:00;8;kWh;0;0;0;0;0;0
2018-04-16T02:00;2018-04-16T02:15;9;kWh;0;1286;0;0;1286;1286
2018-04-16T02:15;2018-04-16T02:30;10;kWh;0;2825;0;0;2825;2825
2018-04-16T02:30;2018-04-16T02:45;11;kWh;0;1058;0;0;1058;1058
2018-04-16T02:45;2018-04-16T03:00;12;kWh;0;391;0;0;391;391
2018-04-16T03:00;2018-04-16T03:15;13;kWh;0;750;0;0;750;750
2018-04-16T03:15;2018-04-16T03:30;14;kWh;0;253;0;0;253;253
2018-04-16T03:30;2018-04-16T03:45;15;kWh;0;0;0;0;0;0
2018-04-16T03:45;2018-04-16T04:00;16;kWh;-2255;0;0;0;2255;-2255
2018-04-16T04:00;2018-04-16T04:15;17;kWh;-21677;0;0;0;21677;-21677
2018-04-16T04:15;2018-04-16T04:30;18;kWh;-20501;0;0;0;20501;-20501
2018-04-16T04:30;2018-04-16T04:45;19;kWh;-7697;0;0;0;7697;-7697
2018-04-16T04:45;2018-04-16T05:00;20;kWh;0;0;0;0;0;0
2018-04-16T05:00;2018-04-16T05:15;21;kWh;-1946;0;0;0;1946;-1946
2018-04-16T05:15;2018-04-16T05:30;22;kWh;-21031;0;0;0;21031;-21031
2018-04-16T05:30;2018-04-16T05:45;23;kWh;-4519;4097;0;0;8616;-422
2018-04-16T05:45;2018-04-16T06:00;24;kWh;0;2207;0;0;2207;2207
2018-04-16T06:00;2018-04-16T06:15;25;kWh;-439;0;0;0;439;-439
2018-04-16T06:15;2018-04-16T06:30;26;kWh;-356;0;0;0;356;-356
2018-04-16T06:30;2018-04-16T06:45;27;kWh;-744;0;0;0;744;-744
2018-04-16T06:45;2018-04-16T07:00;28;kWh;0;0;0;0;0;0
2018-04-16T07:00;2018-04-16T07:15;29;kWh;-5814;0;0;0;5814;-5814
2018-04-16T07:15;2018-04-16T07:30;30;kWh;-3478;0;0;0;3478;-3478
2018-04-16T07:30;2018-04-16T07:45;31;kWh;-18;0;0;0;18;-18
2018-04-16T07:45;2018-04-16T08:00;32;kWh;0;0;0;0;0;0
2018-04-16T08:00;2018-04-16T08:15;33;kWh;0;0;0;0;0;0
2018-04-16T08:15;2018-04-16T08:30;34;kWh;0;0;0;0;0;0
2018-04-16T08:30;2018-04-16T08:45;35;kWh;-1223;0;0;0;1223;-1223
2018-04-16T08:45;2018-04-16T09:00;36;kWh;-1515;0;0;0;1515;-1515
2018-04-16T09:00;2018-04-16T09:15;37;kWh;-11220;0;0;0;11220;-11220
2018-04-16T09:15;2018-04-16T09:30;38;kWh;-27398;0;0;0;27398;-27398
2018-04-16T09:30;2018-04-16T09:45;39;kWh;-51220;0;0;0;51220;-51220
2018-04-16T09:45;2018-04-16T10:00;40;kWh;-58846;0;0;0;58846;-58846
2018-04-16T10:00;2018-04-16T10:15;41;kWh;-33620;0;0;0;33620;-33620
2018-04-16T10:15;2018-04-16T10:30;42;kWh;-28225;0;0;0;28225;-28225
2018-04-16T10:30;2018-04-16T10:45;43;kWh;-34276;0;0;0;34276;-34276
2018-04-16T10:45;2018-04-16T11:00;44;kWh;-42860;0;0;0;42860;-42860
2018-04-16T11:00;2018-04-16T11:15;45;kWh;-16124;115;0;0;16239;-16009
2018-04-16T11:15;2018-04-16T11:30;46;kWh;0;11;0;0;11;11
2018-04-16T11:30;2018-04-16T11:45;47;kWh;0;0;0;0;0;0
2018-04-16T11:45;2018-04-16T12:00;48;kWh;0;0;0;0;0;0
2018-04-16T12:00;2018-04-16T12:15;49;kWh;0;7177;0;0;7177;7177
2018-04-16T12:15;2018-04-16T12:30;50;kWh;0;2792;0;0;2792;2792
2018-04-16T12:30;2018-04-16T12:45;51;kWh;0;0;0;0;0;0
2018-04-16T12:45;2018-04-16T13:00;52;kWh;0;0;0;0;0;0
2018-04-16T13:00;2018-04-16T13:15;53;kWh;0;625;0;0;625;625
2018-04-16T13:15;2018-04-16T13:30;54;kWh;0;1165;0;0;1165;1165
2018-04-16T13:30;2018-04-16T13:45;55;kWh;0;1897;0;0;1897;1897
2018-04-16T13:45;2018-04-16T14:00;56;kWh;-39;1889;0;0;1928;1850
2018-04-16T14:00;2018-04-16T14:15;57;kWh;-822;42;0;0;864;-780
2018-04-16T14:15;2018-04-16T14:30;58;kWh;-9508;0;0;0;9508;-9508
2018-04-16T14:30;2018-04-16T14:45;59;kWh;-21890;0;0;0;21890;-21890
2018-04-16T14:45;2018-04-16T15:00;60;kWh;-34915;0;0;0;34915;-34915
2018-04-16T15:00;2018-04-16T15:15;61;kWh;-26179;0;0;0;26179;-26179
2018-04-16T15:15;2018-04-16T15:30;62;kWh;-4724;0;0;0;4724;-4724
2018-04-16T15:30;2018-04-16T15:45;63;kWh;-21067;0;0;0;21067;-21067
2018-04-16T15:45;2018-04-16T16:00;64;kWh;-19313;0;0;0;19313;-19313
2018-04-16T16:00;2018-04-16T16:15;65;kWh;-46267;0;0;0;46267;-46267
2018-04-16T16:15;2018-04-16T16:30;66;kWh;-47242;0;0;0;47242;-47242
2018-04-16T16:30;2018-04-16T16:45;67;kWh;-53106;0;0;0;53106;-53106
2018-04-16T16:45;2018-04-16T17:00;68;kWh;-35081;0;0;0;35081;-35081
2018-04-16T17:00;2018-04-16T17:15;69;kWh;-56050;0;0;0;56050;-56050
2018-04-16T17:15;2018-04-16T17:30;70;kWh;-28770;0;0;0;28770;-28770
2018-04-16T17:30;2018-04-16T17:45;71;kWh;-24369;0;0;0;24369;-24369
2018-04-16T17:45;2018-04-16T18:00;72;kWh;-10958;0;0;0;10958;-10958
2018-04-16T18:00;2018-04-16T18:15;73;kWh;-9912;0;0;0;9912;-9912
2018-04-16T18:15;2018-04-16T18:30;74;kWh;-26294;0;0;0;26294;-26294
2018-04-16T18:30;2018-04-16T18:45;75;kWh;-12701;0;0;0;12701;-12701
2018-04-16T18:45;2018-04-16T19:00;76;kWh;-1467;0;0;0;1467;-1467
2018-04-16T19:00;2018-04-16T19:15;77;kWh;-11547;0;0;0;11547;-11547
2018-04-16T19:15;2018-04-16T19:30;78;kWh;-14217;0;0;0;14217;-14217
2018-04-16T19:30;2018-04-16T19:45;79;kWh;-349;397;0;0;746;48
2018-04-16T19:45;2018-04-16T20:00;80;kWh;0;0;0;0;0;0
2018-04-16T20:00;2018-04-16T20:15;81;kWh;-4186;0;0;0;4186;-4186
2018-04-16T20:15;2018-04-16T20:30;82;kWh;-21382;0;0;0;21382;-21382
2018-04-16T20:30;2018-04-16T20:45;83;kWh;-23025;0;0;0;23025;-23025
2018-04-16T20:45;2018-04-16T21:00;84;kWh;-2131;37;0;0;2168;-2094
2018-04-16T21:00;2018-04-16T21:15;85;kWh;0;207;0;0;207;207
2018-04-16T21:15;2018-04-16T21:30;86;kWh;0;6586;0;0;6586;6586
2018-04-16T21:30;2018-04-16T21:45;87;kWh;-21;12;0;0;33;-9
2018-04-16T21:45;2018-04-16T22:00;88;kWh;-2315;0;0;0;2315;-2315
2018-04-16T22:00;2018-04-16T22:15;89;kWh;-2322;0;0;0;2322;-2322
2018-04-16T22:15;2018-04-16T22:30;90;kWh;0;0;0;0;0;0
2018-04-16T22:30;2018-04-16T22:45;91;kWh;-2419;0;0;0;2419;-2419
2018-04-16T22:45;2018-04-16T23:00;92;kWh;-17032;0;0;0;17032;-17032
2018-04-16T23:00;2018-04-16T23:15;93;kWh;-29839;0;0;0;29839;-29839
2018-04-16T23:15;2018-04-16T23:30;94;kWh;-14935;0;0;0;14935;-14935
2018-04-16T23:30;2018-04-16T23:45;95;kWh;-36053;0;0;0;36053;-36053
2018-04-16T23:45;2018-04-17T00:00;96;kWh;-43148;0;0;0;43148;-43148
2018-04-17T00:00;2018-04-17T00:15;1;kWh;-30907;0;0;0;30907;-30907
2018-04-17T00:15;2018-04-17T00:30;2;kWh;-1241;594;0;0;1835;-647
2018-04-17T00:30;2018-04-17T00:45;3;kWh;-932;0;0;0;932;-932
2018-04-17T00:45;2018-04-17T01:00;4;kWh;-12124;0;0;0;12124;-12124
2018-04-17T01:00;2018-04-17T01:15;5;kWh;-6289;0;0;0;6289;-6289
2018-04-17T01:15;2018-04-17T01:30;6;kWh;-192;0;0;0;192;-192
2018-04-17T01:30;2018-04-17T01:45;7;kWh;-2103;0;0;0;2103;-2103
2018-04-17T01:45;2018-04-17T02:00;8;kWh;-26524;0;0;0;26524;-26524
2018-04-17T02:00;2018-04-17T02:15;9;kWh;-10429;663;0;0;11092;-9766
2018-04-17T02:15;2018-04-17T02:30;10;kWh;-48;0;0;0;48;-48
2018-04-17T02:30;2018-04-17T02:45;11;kWh;-8051;0;0;0;8051;-8051
2018-04-17T02:45;2018-04-17T03:00;12;kWh;-10835;0;0;0;10835;-10835
2018-04-17T03:00;2018-04-17T03:15;13;kWh;-1130;0;0;0;1130;-1130
2018-04-17T03:15;2018-04-17T03:30;14;kWh;0;0;0;0;0;0
2018-04-17T03:30;2018-04-17T03:45;15;kWh;-1399;0;0;0;1399;-1399
2018-04-17T03:45;2018-04-17T04:00;16;kWh;-4032;0;0;0;4032;-4032
2018-04-17T04:00;2018-04-17T04:15;17;kWh;-9140;0;0;0;9140;-9140
2018-04-17T04:15;2018-04-17T04:30;18;kWh;-2625;0;0;0;2625;-2625
2018-04-17T04:30;2018-04-17T04:45;19;kWh;-22457;0;0;0;22457;-22457
2018-04-17T04:45;2018-04-17T05:00;20;kWh;-19270;0;0;0;19270;-19270
2018-04-17T05:00;2018-04-17T05:15;21;kWh;-37205;0;0;0;37205;-37205
2018-04-17T05:15;2018-04-17T05:30;22;kWh;-35391;0;0;0;35391;-35391
2018-04-17T05:30;2018-04-17T05:45;23;kWh;-9562;0;0;0;9562;-9562
2018-04-17T05:45;2018-04-17T06:00;24;kWh;0;0;0;0;0;0
2018-04-17T06:00;2018-04-17T06:15;25;kWh;0;1481;0;0;1481;1481
2018-04-17T06:15;2018-04-17T06:30;26;kWh;-10824;63;0;0;10887;-10761
2018-04-17T06:30;2018-04-17T06:45;27;kWh;-1355;0;0;0;1355;-1355
2018-04-17T06:45;2018-04-17T07:00;28;kWh;0;423;0;0;423;423
2018-04-17T07:00;2018-04-17T07:15;29;kWh;-19782;0;0;0;19782;-19782
2018-04-17T07:15;2018-04-17T07:30;30;kWh;-9081;0;0;0;9081;-9081
2018-04-17T07:30;2018-04-17T07:45;31;kWh;-281;0;0;0;281;-281
2018-04-17T07:45;2018-04-17T08:00;32;kWh;-18;0;0;0;18;-18
2018-04-17T08:00;2018-04-17T08:15;33;kWh;-15046;0;0;0;15046;-15046
2018-04-17T08:15;2018-04-17T08:30;34;kWh;-2917;0;0;0;2917;-2917
2018-04-17T08:30;2018-04-17T08:45;35;kWh;-901;0;0;0;901;-901
2018-04-17T08:45;2018-04-17T09:00;36;kWh;-1000;0;0;0;1000;-1000
2018-04-17T09:00;2018-04-17T09:15;37;kWh;-122;0;0;0;122;-122
2018-04-17T09:15;2018-04-17T09:30;38;kWh;-1660;0;0;0;1660;-1660
2018-04-17T09:30;2018-04-17T09:45;39;kWh;-18477;0;0;0;18477;-18477
2018-04-17T09:45;2018-04-17T10:00;40;kWh;-41673;0;0;0;41673;-41673
2018-04-17T10:00;2018-04-17T10:15;41;kWh;-19950;322;0;0;20272;-19628
2018-04-17T10:15;2018-04-17T10:30;42;kWh;-11296;14;0;0;11310;-11282
2018-04-17T10:30;2018-04-17T10:45;43;kWh;-17882;0;0;0;17882;-17882
2018-04-17T10:45;2018-04-17T11:00;44;kWh;-35301;0;0;0;35301;-35301
2018-04-17T11:00;2018-04-17T11:15;45;kWh;-24084;30;0;0;24114;-24054
2018-04-17T11:15;2018-04-17T11:30;46;kWh;-15279;0;0;0;15279;-15279
2018-04-17T11:30;2018-04-17T11:45;47;kWh;-59695;0;0;0;59695;-59695
2018-04-17T11:45;2018-04-17T12:00;48;kWh;-60454;0;0;0;60454;-60454
2018-04-17T12:00;2018-04-17T12:15;49;kWh;-63243;0;0;0;63243;-63243
2018-04-17T12:15;2018-04-17T12:30;50;kWh;-47125;0;0;0;47125;-47125
2018-04-17T12:30;2018-04-17T12:45;51;kWh;-61503;0;0;0;61503;-61503
2018-04-17T12:45;2018-04-17T13:00;52;kWh;-53322;0;0;0;53322;-53322
2018-04-17T13:00;2018-04-17T13:15;53;kWh;-34680;0;0;0;34680;-34680
2018-04-17T13:15;2018-04-17T13:30;54;kWh;-275;0;0;0;275;-275
2018-04-17T13:30;2018-04-17T13:45;55;kWh;0;0;0;0;0;0
2018-04-17T13:45;2018-04-17T14:00;56;kWh;-4261;0;0;0;4261;-4261
2018-04-17T14:00;2018-04-17T14:15;57;kWh;-1099;0;0;0;1099;-1099
2018-04-17T14:15;2018-04-17T14:30;58;kWh;-6;0;0;0;6;-6
2018-04-17T14:30;2018-04-17T14:45;59;kWh;0;0;0;0;0;0
2018-04-17T14:45;2018-04-17T15:00;60;kWh;-232;0;0;0;232;-232
2018-04-17T15:00;2018-04-17T15:15;61;kWh;-667;0;0;0;667;-667
2018-04-17T15:15;2018-04-17T15:30;62;kWh;0;0;0;0;0;0
2018-04-17T15:30;2018-04-17T15:45;63;kWh;0;0;0;0;0;0
2018-04-17T15:45;2018-04-17T16:00;64;kWh;0;0;0;0;0;0
2018-04-17T16:00;2018-04-17T16:15;65;kWh;-538;0;0;0;538;-538
2018-04-17T16:15;2018-04-17T16:30;66;kWh;-6935;0;0;0;6935;-6935
2018-04-17T16:30;2018-04-17T16:45;67;kWh;-2492;7;0;0;2499;-2485
2018-04-17T16:45;2018-04-17T17:00;68;kWh;0;3427;0;0;3427;3427
2018-04-17T17:00;2018-04-17T17:15;69;kWh;0;757;0;0;757;757
2018-04-17T17:15;2018-04-17T17:30;70;kWh;0;0;0;0;0;0
2018-04-17T17:30;2018-04-17T17:45;71;kWh;0;9;0;0;9;9
2018-04-17T17:45;2018-04-17T18:00;72;kWh;0;6124;0;0;6124;6124
2018-04-17T18:00;2018-04-17T18:15;73;kWh;0;3221;0;0;3221;3221
2018-04-17T18:15;2018-04-17T18:30;74;kWh;0;25;0;0;25;25
2018-04-17T18:30;2018-04-17T18:45;75;kWh;-119;0;0;0;119;-119
2018-04-17T18:45;2018-04-17T19:00;76;kWh;0;0;0;0;0;0
2018-04-17T19:00;2018-04-17T19:15;77;kWh;-2742;0;0;0;2742;-2742
2018-04-17T19:15;2018-04-17T19:30;78;kWh;-5323;0;0;0;5323;-5323
2018-04-17T19:30;2018-04-17T19:45;79;kWh;-4009;0;0;0;4009;-4009
2018-04-17T19:45;2018-04-17T20:00;80;kWh;-847;0;0;0;847;-847
2018-04-17T20:00;2018-04-17T20:15;81;kWh;-7;0;0;0;7;-7
2018-04-17T20:15;2018-04-17T20:30;82;kWh;-105;0;0;0;105;-105
2018-04-17T20:30;2018-04-17T20:45;83;kWh;-260;0;0;0;260;-260
2018-04-17T20:45;2018-04-17T21:00;84;kWh;0;0;0;0;0;0
2018-04-17T21:00;2018-04-17T21:15;85;kWh;0;13835;0;0;13835;13835
2018-04-17T21:15;2018-04-17T21:30;86;kWh;0;29806;0;0;29806;29806
2018-04-17T21:30;2018-04-17T21:45;87;kWh;-520;5600;0;0;6120;5080
2018-04-17T21:45;2018-04-17T22:00;88;kWh;-906;0;0;0;906;-906
2018-04-17T22:00;2018-04-17T22:15;89;kWh;-264;0;0;0;264;-264
2018-04-17T22:15;2018-04-17T22:30;90;kWh;-250;0;0;0;250;-250
2018-04-17T22:30;2018-04-17T22:45;91;kWh;-309;0;0;0;309;-309
2018-04-17T22:45;2018-04-17T23:00;92;kWh;-18;0;0;0;18;-18
2018-04-17T23:00;2018-04-17T23:15;93;kWh;0;0;0;0;0;0
2018-04-17T23:15;2018-04-17T23:30;94;kWh;0;0;0;0;0;0
2018-04-17T23:30;2018-04-17T23:45;95;kWh;-97;0;0;0;97;-97
2018-04-17T23:45;2018-04-18T00:00;96;kWh;-364;0;0;0;364;-364
2018-04-18T00:00;2018-04-18T00:15;1;kWh;0;12629;0;0;12629;12629
2018-04-18T00:15;2018-04-18T00:30;2;kWh;0;23607;0;0;23607;23607
2018-04-18T00:30;2018-04-18T00:45;3;kWh;-299;429;0;0;728;130
2018-04-18T00:45;2018-04-18T01:00;4;kWh;-10701;0;0;0;10701;-10701
2018-04-18T01:00;2018-04-18T01:15;5;kWh;-1820;155;0;0;1975;-1665
2018-04-18T01:15;2018-04-18T01:30;6;kWh;0;124;0;0;124;124
2018-04-18T01:30;2018-04-18T01:45;7;kWh;-1947;0;0;0;1947;-1947
2018-04-18T01:45;2018-04-18T02:00;8;kWh;-20179;0;0;0;20179;-20179
2018-04-18T02:00;2018-04-18T02:15;9;kWh;-9405;436;0;0;9841;-8969
2018-04-18T02:15;2018-04-18T02:30;10;kWh;0;0;0;0;0;0
2018-04-18T02:30;2018-04-18T02:45;11;kWh;-782;0;0;0;782;-782
2018-04-18T02:45;2018-04-18T03:00;12;kWh;-1776;0;0;0;1776;-1776
2018-04-18T03:00;2018-04-18T03:15;13;kWh;-2181;0;0;0;2181;-2181
2018-04-18T03:15;2018-04-18T03:30;14;kWh;-2374;0;0;0;2374;-2374
2018-04-18T03:30;2018-04-18T03:45;15;kWh;-1005;0;0;0;1005;-1005
2018-04-18T03:45;2018-04-18T04:00;16;kWh;-2790;0;0;0;2790;-2790
2018-04-18T04:00;2018-04-18T04:15;17;kWh;-5726;0;0;0;5726;-5726
2018-04-18T04:15;2018-04-18T04:30;18;kWh;-9726;0;0;0;9726;-9726
2018-04-18T04:30;2018-04-18T04:45;19;kWh;-6501;0;0;0;6501;-6501
2018-04-18T04:45;2018-04-18T05:00;20;kWh;-233;0;0;0;233;-233
2018-04-18T05:00;2018-04-18T05:15;21;kWh;-24096;0;0;0;24096;-24096
2018-04-18T05:15;2018-04-18T05:30;22;kWh;-37249;0;0;0;37249;-37249
2018-04-18T05:30;2018-04-18T05:45;23;kWh;-15207;69;0;0;15276;-15138
2018-04-18T05:45;2018-04-18T06:00;24;kWh;-645;1169;0;0;1814;524
2018-04-18T06:00;2018-04-18T06:15;25;kWh;-861;0;0;0;861;-861
2018-04-18T06:15;2018-04-18T06:30;26;kWh;-14022;0;0;0;14022;-14022
2018-04-18T06:30;2018-04-18T06:45;27;kWh;-16760;0;0;0;16760;-16760
2018-04-18T06:45;2018-04-18T07:00;28;kWh;-332;788;0;0;1120;456
2018-04-18T07:00;2018-04-18T07:15;29;kWh;-14276;51;0;0;14327;-14225
2018-04-18T07:15;2018-04-18T07:30;30;kWh;-2865;0;0;0;2865;-2865
2018-04-18T07:30;2018-04-18T07:45;31;kWh;-346;0;0;0;346;-346
2018-04-18T07:45;2018-04-18T08:00;32;kWh;-9;3314;0;0;3323;3305
2018-04-18T08:00;2018-04-18T08:15;33;kWh;0;4373;0;0;4373;4373
2018-04-18T08:15;2018-04-18T08:30;34;kWh;-192;860;0;0;1052;668
2018-04-18T08:30;2018-04-18T08:45;35;kWh;-4821;0;0;0;4821;-4821
2018-04-18T08:45;2018-04-18T09:00;36;kWh;-5150;0;0;0;5150;-5150
2018-04-18T09:00;2018-04-18T09:15;37;kWh;-165;512;0;0;677;347
2018-04-18T09:15;2018-04-18T09:30;38;kWh;0;0;0;0;0;0
2018-04-18T09:30;2018-04-18T09:45;39;kWh;-1;0;0;0;1;-1
2018-04-18T09:45;2018-04-18T10:00;40;kWh;-2782;0;0;0;2782;-2782
2018-04-18T10:00;2018-04-18T10:15;41;kWh;-2347;1645;0;0;3992;-702
2018-04-18T10:15;2018-04-18T10:30;42;kWh;0;4057;0;0;4057;4057
2018-04-18T10:30;2018-04-18T10:45;43;kWh;0;2669;0;0;2669;2669
2018-04-18T10:45;2018-04-18T11:00;44;kWh;0;2576;0;0;2576;2576
2018-04-18T11:00;2018-04-18T11:15;45;kWh;0;3837;0;0;3837;3837
2018-04-18T11:15;2018-04-18T11:30;46;kWh;0;2653;0;0;2653;2653
2018-04-18T11:30;2018-04-18T11:45;47;kWh;0;2047;0;0;2047;2047
2018-04-18T11:45;2018-04-18T12:00;48;kWh;0;29;0;0;29;29
2018-04-18T12:00;2018-04-18T12:15;49;kWh;0;10467;0;0;10467;10467
2018-04-18T12:15;2018-04-18T12:30;50;kWh;0;13130;0;0;13130;13130
2018-04-18T12:30;2018-04-18T12:45;51;kWh;0;817;0;0;817;817
2018-04-18T12:45;2018-04-18T13:00;52;kWh;0;0;0;0;0;0
2018-04-18T13:00;2018-04-18T13:15;53;kWh;0;1003;0;0;1003;1003
2018-04-18T13:15;2018-04-18T13:30;54;kWh;0;6028;0;0;6028;6028
2018-04-18T13:30;2018-04-18T13:45;55;kWh;0;0;0;0;0;0
2018-04-18T13:45;2018-04-18T14:00;56;kWh;0;0;0;0;0;0
2018-04-18T14:00;2018-04-18T14:15;57;kWh;0;0;0;0;0;0
2018-04-18T14:15;2018-04-18T14:30;58;kWh;0;451;0;0;451;451
2018-04-18T14:30;2018-04-18T14:45;59;kWh;0;129;0;0;129;129
2018-04-18T14:45;2018-04-18T15:00;60;kWh;0;57;0;0;57;57
2018-04-18T15:00;2018-04-18T15:15;61;kWh;0;9177;0;0;9177;9177
2018-04-18T15:15;2018-04-18T15:30;62;kWh;0;16324;0;0;16324;16324
2018-04-18T15:30;2018-04-18T15:45;63;kWh;0;44109;0;0;44109;44109
2018-04-18T15:45;2018-04-18T16:00;64;kWh;0;53251;0;0;53251;53251
2018-04-18T16:00;2018-04-18T16:15;65;kWh;0;10545;0;0;10545;10545
2018-04-18T16:15;2018-04-18T16:30;66;kWh;0;0;0;0;0;0
2018-04-18T16:30;2018-04-18T16:45;67;kWh;0;0;0;0;0;0
2018-04-18T16:45;2018-04-18T17:00;68;kWh;0;2357;0;0;2357;2357
2018-04-18T17:00;2018-04-18T17:15;69;kWh;0;39763;0;0;39763;39763
2018-04-18T17:15;2018-04-18T17:30;70;kWh;0;50826;0;0;50826;50826
2018-04-18T17:30;2018-04-18T17:45;71;kWh;0;67018;0;0;67018;67018
2018-04-18T17:45;2018-04-18T18:00;72;kWh;0;87333;0;0;87333;87333
2018-04-18T18:00;2018-04-18T18:15;73;kWh;0;72249;0;0;72249;72249
2018-04-18T18:15;2018-04-18T18:30;74;kWh;0;17163;0;0;17163;17163
2018-04-18T18:30;2018-04-18T18:45;75;kWh;0;24289;0;0;24289;24289
2018-04-18T18:45;2018-04-18T19:00;76;kWh;0;48736;0;0;48736;48736
2018-04-18T19:00;2018-04-18T19:15;77;kWh;0;40389;0;0;40389;40389
2018-04-18T19:15;2018-04-18T19:30;78;kWh;0;36512;0;0;36512;36512
2018-04-18T19:30;2018-04-18T19:45;79;kWh;0;43878;0;0;43878;43878
2018-04-18T19:45;2018-04-18T20:00;80;kWh;0;36624;0;0;36624;36624
2018-04-18T20:00;2018-04-18T20:15;81;kWh;-7045;8379;0;0;15424;1334
2018-04-18T20:15;2018-04-18T20:30;82;kWh;-9897;0;0;0;9897;-9897
2018-04-18T20:30;2018-04-18T20:45;83;kWh;-10883;0;0;0;10883;-10883
2018-04-18T20:45;2018-04-18T21:00;84;kWh;-597;2167;0;0;2764;1570
2018-04-18T21:00;2018-04-18T21:15;85;kWh;0;46765;0;0;46765;46765
2018-04-18T21:15;2018-04-18T21:30;86;kWh;0;95080;0;0;95080;95080
2018-04-18T21:30;2018-04-18T21:45;87;kWh;-7643;10728;0;0;18371;3085
2018-04-18T21:45;2018-04-18T22:00;88;kWh;-18935;0;0;0;18935;-18935
2018-04-18T22:00;2018-04-18T22:15;89;kWh;-575;6627;0;0;7202;6052
2018-04-18T22:15;2018-04-18T22:30;90;kWh;0;6355;0;0;6355;6355
2018-04-18T22:30;2018-04-18T22:45;91;kWh;-129;130;0;0;259;1
2018-04-18T22:45;2018-04-18T23:00;92;kWh;-13803;0;0;0;13803;-13803
2018-04-18T23:00;2018-04-18T23:15;93;kWh;-8964;8098;0;0;17062;-866
2018-04-18T23:15;2018-04-18T23:30;94;kWh;0;2172;0;0;2172;2172
2018-04-18T23:30;2018-04-18T23:45;95;kWh;-2422;0;0;0;2422;-2422
2018-04-18T23:45;2018-04-19T00:00;96;kWh;-49881;0;0;0;49881;-49881
2018-04-19T00:00;2018-04-19T00:15;1;kWh;-65344;0;0;0;65344;-65344
2018-04-19T00:15;2018-04-19T00:30;2;kWh;-72390;0;0;0;72390;-72390
2018-04-19T00:30;2018-04-19T00:45;3;kWh;-66959;0;0;0;66959;-66959
2018-04-19T00:45;2018-04-19T01:00;4;kWh;-71912;0;0;0;71912;-71912
2018-04-19T01:00;2018-04-19T01:15;5;kWh;-38410;0;0;0;38410;-38410
2018-04-19T01:15;2018-04-19T01:30;6;kWh;-37638;0;0;0;37638;-37638
2018-04-19T01:30;2018-04-19T01:45;7;kWh;-89969;0;0;0;89969;-89969
2018-04-19T01:45;2018-04-19T02:00;8;kWh;-86054;0;0;0;86054;-86054
2018-04-19T02:00;2018-04-19T02:15;9;kWh;-49650;0;0;0;49650;-49650
2018-04-19T02:15;2018-04-19T02:30;10;kWh;-21398;0;0;0;21398;-21398
2018-04-19T02:30;2018-04-19T02:45;11;kWh;-37083;0;0;0;37083;-37083
2018-04-19T02:45;2018-04-19T03:00;12;kWh;-40939;0;0;0;40939;-40939
2018-04-19T03:00;2018-04-19T03:15;13;kWh;-54439;0;0;0;54439;-54439
2018-04-19T03:15;2018-04-19T03:30;14;kWh;-61320;0;0;0;61320;-61320
2018-04-19T03:30;2018-04-19T03:45;15;kWh;-63005;0;0;0;63005;-63005
2018-04-19T03:45;2018-04-19T04:00;16;kWh;-69224;0;0;0;69224;-69224
2018-04-19T04:00;2018-04-19T04:15;17;kWh;-64357;0;0;0;64357;-64357
2018-04-19T04:15;2018-04-19T04:30;18;kWh;-44843;0;0;0;44843;-44843
2018-04-19T04:30;2018-04-19T04:45;19;kWh;-44453;0;0;0;44453;-44453
2018-04-19T04:45;2018-04-19T05:00;20;kWh;-22803;0;0;0;22803;-22803
2018-04-19T05:00;2018-04-19T05:15;21;kWh;-28325;0;0;0;28325;-28325
2018-04-19T05:15;2018-04-19T05:30;22;kWh;-41987;0;0;0;41987;-41987
2018-04-19T05:30;2018-04-19T05:45;23;kWh;-6346;123;0;0;6469;-6223
2018-04-19T05:45;2018-04-19T06:00;24;kWh;-921;0;0;0;921;-921
2018-04-19T06:00;2018-04-19T06:15;25;kWh;-5712;0;0;0;5712;-5712
2018-04-19T06:15;2018-04-19T06:30;26;kWh;-30469;0;0;0;30469;-30469
2018-04-19T06:30;2018-04-19T06:45;27;kWh;-43860;0;0;0;43860;-43860
2018-04-19T06:45;2018-04-19T07:00;28;kWh;-18601;86;0;0;18687;-18515
2018-04-19T07:00;2018-04-19T07:15;29;kWh;-3566;34;0;0;3600;-3532
2018-04-19T07:15;2018-04-19T07:30;30;kWh;-17877;211;0;0;18088;-17666
2018-04-19T07:30;2018-04-19T07:45;31;kWh;-1348;8565;0;0;9913;7217
2018-04-19T07:45;2018-04-19T08:00;32;kWh;0;23259;0;0;23259;23259
2018-04-19T08:00;2018-04-19T08:15;33;kWh;-1011;8081;0;0;9092;7070
2018-04-19T08:15;2018-04-19T08:30;34;kWh;0;1122;0;0;1122;1122
2018-04-19T08:30;2018-04-19T08:45;35;kWh;0;16;0;0;16;16
2018-04-19T08:45;2018-04-19T09:00;36;kWh;0;3237;0;0;3237;3237
2018-04-19T09:00;2018-04-19T09:15;37;kWh;0;1595;0;0;1595;1595
2018-04-19T09:15;2018-04-19T09:30;38;kWh;0;2135;0;0;2135;2135
2018-04-19T09:30;2018-04-19T09:45;39;kWh;0;3739;0;0;3739;3739
2018-04-19T09:45;2018-04-19T10:00;40;kWh;0;5503;0;0;5503;5503
2018-04-19T10:00;2018-04-19T10:15;41;kWh;0;4970;0;0;4970;4970
2018-04-19T10:15;2018-04-19T10:30;42;kWh;0;7217;0;0;7217;7217
2018-04-19T10:30;2018-04-19T10:45;43;kWh;0;3966;0;0;3966;3966
2018-04-19T10:45;2018-04-19T11:00;44;kWh;0;195;0;0;195;195
2018-04-19T11:00;2018-04-19T11:15;45;kWh;0;0;0;0;0;0
2018-04-19T11:15;2018-04-19T11:30;46;kWh;0;0;0;0;0;0
2018-04-19T11:30;2018-04-19T11:45;47;kWh;0;0;0;0;0;0
2018-04-19T11:45;2018-04-19T12:00;48;kWh;0;5156;0;0;5156;5156
2018-04-19T12:00;2018-04-19T12:15;49;kWh;0;852;0;0;852;852
2018-04-19T12:15;2018-04-19T12:30;50;kWh;-20;22;0;0;42;2
2018-04-19T12:30;2018-04-19T12:45;51;kWh;-367;0;0;0;367;-367
2018-04-19T12:45;2018-04-19T13:00;52;kWh;0;1998;0;0;1998;1998
2018-04-19T13:00;2018-04-19T13:15;53;kWh;0;876;0;0;876;876
2018-04-19T13:15;2018-04-19T13:30;54;kWh;0;9319;0;0;9319;9319
2018-04-19T13:30;2018-04-19T13:45;55;kWh;0;8636;0;0;8636;8636
2018-04-19T13:45;2018-04-19T14:00;56;kWh;0;5098;0;0;5098;5098
2018-04-19T14:00;2018-04-19T14:15;57;kWh;0;25521;0;0;25521;25521
2018-04-19T14:15;2018-04-19T14:30;58;kWh;0;37447;0;0;37447;37447
2018-04-19T14:30;2018-04-19T14:45;59;kWh;0;13410;0;0;13410;13410
2018-04-19T14:45;2018-04-19T15:00;60;kWh;-163;6;0;0;169;-157
2018-04-19T15:00;2018-04-19T15:15;61;kWh;-733;0;0;0;733;-733
2018-04-19T15:15;2018-04-19T15:30;62;kWh;-4560;0;0;0;4560;-4560
2018-04-19T15:30;2018-04-19T15:45;63;kWh;-85;0;0;0;85;-85
2018-04-19T15:45;2018-04-19T16:00;64;kWh;0;0;0;0;0;0
2018-04-19T16:00;2018-04-19T16:15;65;kWh;0;0;0;0;0;0
2018-04-19T16:15;2018-04-19T16:30;66;kWh;-570;0;0;0;570;-570
2018-04-19T16:30;2018-04-19T16:45;67;kWh;-724;0;0;0;724;-724
2018-04-19T16:45;2018-04-19T17:00;68;kWh;-290;0;0;0;290;-290
2018-04-19T17:00;2018-04-19T17:15;69;kWh;-71;0;0;0;71;-71
2018-04-19T17:15;2018-04-19T17:30;70;kWh;0;0;0;0;0;0
2018-04-19T17:30;2018-04-19T17:45;71;kWh;0;2959;0;0;2959;2959
2018-04-19T17:45;2018-04-19T18:00;72;kWh;0;5688;0;0;5688;5688
2018-04-19T18:00;2018-04-19T18:15;73;kWh;0;9480;0;0;9480;9480
2018-04-19T18:15;2018-04-19T18:30;74;kWh;0;27206;0;0;27206;27206
2018-04-19T18:30;2018-04-19T18:45;75;kWh;0;52650;0;0;52650;52650
2018-04-19T18:45;2018-04-19T19:00;76;kWh;0;103037;0;0;103037;103037
2018-04-19T19:00;2018-04-19T19:15;77;kWh;0;74036;0;0;74036;74036
2018-04-19T19:15;2018-04-19T19:30;78;kWh;0;18413;0;0;18413;18413
2018-04-19T19:30;2018-04-19T19:45;79;kWh;0;31385;0;0;31385;31385
2018-04-19T19:45;2018-04-19T20:00;80;kWh;0;58148;0;0;58148;58148
2018-04-19T20:00;2018-04-19T20:15;81;kWh;-20907;15665;0;0;36572;-5242
2018-04-19T20:15;2018-04-19T20:30;82;kWh;-14759;0;0;0;14759;-14759
2018-04-19T20:30;2018-04-19T20:45;83;kWh;-16544;0;0;0;16544;-16544
2018-04-19T20:45;2018-04-19T21:00;84;kWh;-6548;0;0;0;6548;-6548
2018-04-19T21:00;2018-04-19T21:15;85;kWh;-3111;1002;0;0;4113;-2109
2018-04-19T21:15;2018-04-19T21:30;86;kWh;0;10715;0;0;10715;10715
2018-04-19T21:30;2018-04-19T21:45;87;kWh;0;421;0;0;421;421
2018-04-19T21:45;2018-04-19T22:00;88;kWh;-8371;0;0;0;8371;-8371
2018-04-19T22:00;2018-04-19T22:15;89;kWh;-2848;16133;0;0;18981;13285
2018-04-19T22:15;2018-04-19T22:30;90;kWh;-599;6213;0;0;6812;5614
2018-04-19T22:30;2018-04-19T22:45;91;kWh;-20580;0;0;0;20580;-20580
2018-04-19T22:45;2018-04-19T23:00;92;kWh;-9966;0;0;0;9966;-9966
2018-04-19T23:00;2018-04-19T23:15;93;kWh;-8037;0;0;0;8037;-8037
2018-04-19T23:15;2018-04-19T23:30;94;kWh;-69;0;0;0;69;-69
2018-04-19T23:30;2018-04-19T23:45;95;kWh;0;0;0;0;0;0
2018-04-19T23:45;2018-04-20T00:00;96;kWh;-3501;0;0;0;3501;-3501
2018-04-20T00:00;2018-04-20T00:15;1;kWh;-2756;0;0;0;2756;-2756
2018-04-20T00:15;2018-04-20T00:30;2;kWh;0;15825;0;0;15825;15825
2018-04-20T00:30;2018-04-20T00:45;3;kWh;0;21702;0;0;21702;21702
2018-04-20T00:45;2018-04-20T01:00;4;kWh;0;8878;0;0;8878;8878
2018-04-20T01:00;2018-04-20T01:15;5;kWh;-530;2340;0;0;2870;1810
2018-04-20T01:15;2018-04-20T01:30;6;kWh;0;2498;0;0;2498;2498
2018-04-20T01:30;2018-04-20T01:45;7;kWh;0;0;0;0;0;0
2018-04-20T01:45;2018-04-20T02:00;8;kWh;0;0;0;0;0;0
2018-04-20T02:00;2018-04-20T02:15;9;kWh;0;21459;0;0;21459;21459
2018-04-20T02:15;2018-04-20T02:30;10;kWh;0;38278;0;0;38278;38278
2018-04-20T02:30;2018-04-20T02:45;11;kWh;-193;5213;0;0;5406;5020
2018-04-20T02:45;2018-04-20T03:00;12;kWh;0;20534;0;0;20534;20534
2018-04-20T03:00;2018-04-20T03:15;13;kWh;0;2026;0;0;2026;2026
2018-04-20T03:15;2018-04-20T03:30;14;kWh;0;0;0;0;0;0
2018-04-20T03:30;2018-04-20T03:45;15;kWh;-3225;0;0;0;3225;-3225
2018-04-20T03:45;2018-04-20T04:00;16;kWh;-6412;0;0;0;6412;-6412
2018-04-20T04:00;2018-04-20T04:15;17;kWh;-17821;0;0;0;17821;-17821
2018-04-20T04:15;2018-04-20T04:30;18;kWh;-8210;0;0;0;8210;-8210
2018-04-20T04:30;2018-04-20T04:45;19;kWh;-2688;0;0;0;2688;-2688
2018-04-20T04:45;2018-04-20T05:00;20;kWh;-2845;0;0;0;2845;-2845
2018-04-20T05:00;2018-04-20T05:15;21;kWh;-22295;0;0;0;22295;-22295
2018-04-20T05:15;2018-04-20T05:30;22;kWh;-50845;0;0;0;50845;-50845
2018-04-20T05:30;2018-04-20T05:45;23;kWh;-7915;0;0;0;7915;-7915
2018-04-20T05:45;2018-04-20T06:00;24;kWh;-1176;0;0;0;1176;-1176
2018-04-20T06:00;2018-04-20T06:15;25;kWh;-7490;0;0;0;7490;-7490
2018-04-20T06:15;2018-04-20T06:30;26;kWh;-19906;0;0;0;19906;-19906
2018-04-20T06:30;2018-04-20T06:45;27;kWh;-3966;0;0;0;3966;-3966
2018-04-20T06:45;2018-04-20T07:00;28;kWh;0;2157;0;0;2157;2157
2018-04-20T07:00;2018-04-20T07:15;29;kWh;-43747;0;0;0;43747;-43747
2018-04-20T07:15;2018-04-20T07:30;30;kWh;-5881;0;0;0;5881;-5881
2018-04-20T07:30;2018-04-20T07:45;31;kWh;-362;7223;0;0;7585;6861
2018-04-20T07:45;2018-04-20T08:00;32;kWh;0;19432;0;0;19432;19432
2018-04-20T08:00;2018-04-20T08:15;33;kWh;0;9081;0;0;9081;9081
2018-04-20T08:15;2018-04-20T08:30;34;kWh;0;177;0;0;177;177
2018-04-20T08:30;2018-04-20T08:45;35;kWh;-563;0;0;0;563;-563
2018-04-20T08:45;2018-04-20T09:00;36;kWh;-571;0;0;0;571;-571
2018-04-20T09:00;2018-04-20T09:15;37;kWh;0;568;0;0;568;568
2018-04-20T09:15;2018-04-20T09:30;38;kWh;0;7529;0;0;7529;7529
2018-04-20T09:30;2018-04-20T09:45;39;kWh;0;14246;0;0;14246;14246
2018-04-20T09:45;2018-04-20T10:00;40;kWh;0;13803;0;0;13803;13803
2018-04-20T10:00;2018-04-20T10:15;41;kWh;0;41044;0;0;41044;41044
2018-04-20T10:15;2018-04-20T10:30;42;kWh;0;30116;0;0;30116;30116
2018-04-20T10:30;2018-04-20T10:45;43;kWh;0;631;0;0;631;631
2018-04-20T10:45;2018-04-20T11:00;44;kWh;0;11793;0;0;11793;11793
2018-04-20T11:00;2018-04-20T11:15;45;kWh;0;51058;0;0;51058;51058
2018-04-20T11:15;2018-04-20T11:30;46;kWh;0;86354;0;0;86354;86354
2018-04-20T11:30;2018-04-20T11:45;47;kWh;0;8850;0;0;8850;8850
2018-04-20T11:45;2018-04-20T12:00;48;kWh;0;8155;0;0;8155;8155
2018-04-20T12:00;2018-04-20T12:15;49;kWh;0;62805;0;0;62805;62805
2018-04-20T12:15;2018-04-20T12:30;50;kWh;0;108876;0;0;108876;108876
2018-04-20T12:30;2018-04-20T12:45;51;kWh;0;53937;0;0;53937;53937
2018-04-20T12:45;2018-04-20T13:00;52;kWh;0;28270;0;0;28270;28270
2018-04-20T13:00;2018-04-20T13:15;53;kWh;0;8152;0;0;8152;8152
2018-04-20T13:15;2018-04-20T13:30;54;kWh;0;16483;0;0;16483;16483
2018-04-20T13:30;2018-04-20T13:45;55;kWh;0;25443;0;0;25443;25443
2018-04-20T13:45;2018-04-20T14:00;56;kWh;0;40527;0;0;40527;40527
2018-04-20T14:00;2018-04-20T14:15;57;kWh;0;31351;0;0;31351;31351
2018-04-20T14:15;2018-04-20T14:30;58;kWh;0;29553;0;0;29553;29553
2018-04-20T14:30;2018-04-20T14:45;59;kWh;0;22182;0;0;22182;22182
2018-04-20T14:45;2018-04-20T15:00;60;kWh;0;24325;0;0;24325;24325
2018-04-20T15:00;2018-04-20T15:15;61;kWh;-1000;7930;0;0;8930;6930
2018-04-20T15:15;2018-04-20T15:30;62;kWh;0;0;0;0;0;0
2018-04-20T15:30;2018-04-20T15:45;63;kWh;0;569;0;0;569;569
2018-04-20T15:45;2018-04-20T16:00;64;kWh;0;1149;0;0;1149;1149
2018-04-20T16:00;2018-04-20T16:15;65;kWh;0;510;0;0;510;510
2018-04-20T16:15;2018-04-20T16:30;66;kWh;0;1502;0;0;1502;1502
2018-04-20T16:30;2018-04-20T16:45;67;kWh;0;907;0;0;907;907
2018-04-20T16:45;2018-04-20T17:00;68;kWh;0;14041;0;0;14041;14041
2018-04-20T17:00;2018-04-20T17:15;69;kWh;-88;9805;0;0;9893;9717
2018-04-20T17:15;2018-04-20T17:30;70;kWh;-942;59;0;0;1001;-883
2018-04-20T17:30;2018-04-20T17:45;71;kWh;0;1782;0;0;1782;1782
2018-04-20T17:45;2018-04-20T18:00;72;kWh;0;12119;0;0;12119;12119
2018-04-20T18:00;2018-04-20T18:15;73;kWh;0;8269;0;0;8269;8269
2018-04-20T18:15;2018-04-20T18:30;74;kWh;0;7018;0;0;7018;7018
2018-04-20T18:30;2018-04-20T18:45;75;kWh;0;16731;0;0;16731;16731
2018-04-20T18:45;2018-04-20T19:00;76;kWh;0;23010;0;0;23010;23010
2018-04-20T19:00;2018-04-20T19:15;77;kWh;0;35170;0;0;35170;35170
2018-04-20T19:15;2018-04-20T19:30;78;kWh;0;37197;0;0;37197;37197
2018-04-20T19:30;2018-04-20T19:45;79;kWh;0;32489;0;0;32489;32489
2018-04-20T19:45;2018-04-20T20:00;80;kWh;0;20781;0;0;20781;20781
2018-04-20T20:00;2018-04-20T20:15;81;kWh;-11918;3444;0;0;15362;-8474
2018-04-20T20:15;2018-04-20T20:30;82;kWh;-15606;0;0;0;15606;-15606
2018-04-20T20:30;2018-04-20T20:45;83;kWh;-22613;0;0;0;22613;-22613
2018-04-20T20:45;2018-04-20T21:00;84;kWh;-15547;462;0;0;16009;-15085
2018-04-20T21:00;2018-04-20T21:15;85;kWh;-258;250;0;0;508;-8
2018-04-20T21:15;2018-04-20T21:30;86;kWh;0;9878;0;0;9878;9878
2018-04-20T21:30;2018-04-20T21:45;87;kWh;-7;17286;0;0;17293;17279
2018-04-20T21:45;2018-04-20T22:00;88;kWh;-5150;662;0;0;5812;-4488
2018-04-20T22:00;2018-04-20T22:15;89;kWh;-3963;7604;0;0;11567;3641
2018-04-20T22:15;2018-04-20T22:30;90;kWh;0;4567;0;0;4567;4567
2018-04-20T22:30;2018-04-20T22:45;91;kWh;-557;0;0;0;557;-557
2018-04-20T22:45;2018-04-20T23:00;92;kWh;-11860;0;0;0;11860;-11860
2018-04-20T23:00;2018-04-20T23:15;93;kWh;-8995;3839;0;0;12834;-5156
2018-04-20T23:15;2018-04-20T23:30;94;kWh;-336;1292;0;0;1628;956
2018-04-20T23:30;2018-04-20T23:45;95;kWh;-8928;0;0;0;8928;-8928
2018-04-20T23:45;2018-04-21T00:00;96;kWh;-8012;0;0;0;8012;-8012
2018-04-21T00:00;2018-04-21T00:15;1;kWh;-535;0;0;0;535;-535
2018-04-21T00:15;2018-04-21T00:30;2;kWh;0;1563;0;0;1563;1563
2018-04-21T00:30;2018-04-21T00:45;3;kWh;0;2116;0;0;2116;2116
2018-04-21T00:45;2018-04-21T01:00;4;kWh;0;6429;0;0;6429;6429
2018-04-21T01:00;2018-04-21T01:15;5;kWh;0;1952;0;0;1952;1952
2018-04-21T01:15;2018-04-21T01:30;6;kWh;-58;0;0;0;58;-58
2018-04-21T01:30;2018-04-21T01:45;7;kWh;-1573;0;0;0;1573;-1573
2018-04-21T01:45;2018-04-21T02:00;8;kWh;-23177;0;0;0;23177;-23177
2018-04-21T02:00;2018-04-21T02:15;9;kWh;-12882;380;0;0;13262;-12502
2018-04-21T02:15;2018-04-21T02:30;10;kWh;-349;47;0;0;396;-302
2018-04-21T02:30;2018-04-21T02:45;11;kWh;-1854;0;0;0;1854;-1854
2018-04-21T02:45;2018-04-21T03:00;12;kWh;-3744;0;0;0;3744;-3744
2018-04-21T03:00;2018-04-21T03:15;13;kWh;-1207;2950;0;0;4157;1743
2018-04-21T03:15;2018-04-21T03:30;14;kWh;0;958;0;0;958;958
2018-04-21T03:30;2018-04-21T03:45;15;kWh;0;0;0;0;0;0
2018-04-21T03:45;2018-04-21T04:00;16;kWh;-1611;0;0;0;1611;-1611
2018-04-21T04:00;2018-04-21T04:15;17;kWh;-3708;0;0;0;3708;-3708
2018-04-21T04:15;2018-04-21T04:30;18;kWh;-11488;0;0;0;11488;-11488
2018-04-21T04:30;2018-04-21T04:45;19;kWh;-15868;0;0;0;15868;-15868
2018-04-21T04:45;2018-04-21T05:00;20;kWh;-12429;0;0;0;12429;-12429
2018-04-21T05:00;2018-04-21T05:15;21;kWh;-4597;0;0;0;4597;-4597
2018-04-21T05:15;2018-04-21T05:30;22;kWh;-290;0;0;0;290;-290
2018-04-21T05:30;2018-04-21T05:45;23;kWh;-1192;0;0;0;1192;-1192
2018-04-21T05:45;2018-04-21T06:00;24;kWh;-2980;0;0;0;2980;-2980
2018-04-21T06:00;2018-04-21T06:15;25;kWh;-15679;0;0;0;15679;-15679
2018-04-21T06:15;2018-04-21T06:30;26;kWh;-21244;0;0;0;21244;-21244
2018-04-21T06:30;2018-04-21T06:45;27;kWh;-49303;0;0;0;49303;-49303
2018-04-21T06:45;2018-04-21T07:00;28;kWh;-18754;0;0;0;18754;-18754
2018-04-21T07:00;2018-04-21T07:15;29;kWh;-7663;0;0;0;7663;-7663
2018-04-21T07:15;2018-04-21T07:30;30;kWh;-382;0;0;0;382;-382
2018-04-21T07:30;2018-04-21T07:45;31;kWh;0;2547;0;0;2547;2547
2018-04-21T07:45;2018-04-21T08:00;32;kWh;0;6080;0;0;6080;6080
2018-04-21T08:00;2018-04-21T08:15;33;kWh;0;405;0;0;405;405
2018-04-21T08:15;2018-04-21T08:30;34;kWh;0;0;0;0;0;0
2018-04-21T08:30;2018-04-21T08:45;35;kWh;0;0;0;0;0;0
2018-04-21T08:45;2018-04-21T09:00;36;kWh;0;0;0;0;0;0
2018-04-21T09:00;2018-04-21T09:15;37;kWh;-7;0;0;0;7;-7
2018-04-21T09:15;2018-04-21T09:30;38;kWh;-21;0;0;0;21;-21
2018-04-21T09:30;2018-04-21T09:45;39;kWh;-2126;0;0;0;2126;-2126
2018-04-21T09:45;2018-04-21T10:00;40;kWh;-7595;0;0;0;7595;-7595
2018-04-21T10:00;2018-04-21T10:15;41;kWh;-38603;0;0;0;38603;-38603
2018-04-21T10:15;2018-04-21T10:30;42;kWh;-26518;0;0;0;26518;-26518
2018-04-21T10:30;2018-04-21T10:45;43;kWh;-37031;0;0;0;37031;-37031
2018-04-21T10:45;2018-04-21T11:00;44;kWh;-20205;0;0;0;20205;-20205
2018-04-21T11:00;2018-04-21T11:15;45;kWh;-3956;0;0;0;3956;-3956
2018-04-21T11:15;2018-04-21T11:30;46;kWh;-1089;0;0;0;1089;-1089
2018-04-21T11:30;2018-04-21T11:45;47;kWh;-25709;0;0;0;25709;-25709
2018-04-21T11:45;2018-04-21T12:00;48;kWh;-65181;0;0;0;65181;-65181
2018-04-21T12:00;2018-04-21T12:15;49;kWh;-5956;5725;0;0;11681;-231
2018-04-21T12:15;2018-04-21T12:30;50;kWh;-1673;910;0;0;2583;-763
2018-04-21T12:30;2018-04-21T12:45;51;kWh;-2254;0;0;0;2254;-2254
2018-04-21T12:45;2018-04-21T13:00;52;kWh;-305;0;0;0;305;-305
2018-04-21T13:00;2018-04-21T13:15;53;kWh;-267;0;0;0;267;-267
2018-04-21T13:15;2018-04-21T13:30;54;kWh;-4697;0;0;0;4697;-4697
2018-04-21T13:30;2018-04-21T13:45;55;kWh;-32429;0;0;0;32429;-32429
2018-04-21T13:45;2018-04-21T14:00;56;kWh;-17937;0;0;0;17937;-17937
2018-04-21T14:00;2018-04-21T14:15;57;kWh;-9998;0;0;0;9998;-9998
2018-04-21T14:15;2018-04-21T14:30;58;kWh;-621;0;0;0;621;-621
2018-04-21T14:30;2018-04-21T14:45;59;kWh;0;0;0;0;0;0
2018-04-21T14:45;2018-04-21T15:00;60;kWh;0;0;0;0;0;0
2018-04-21T15:00;2018-04-21T15:15;61;kWh;0;0;0;0;0;0
2018-04-21T15:15;2018-04-21T15:30;62;kWh;0;0;0;0;0;0
2018-04-21T15:30;2018-04-21T15:45;63;kWh;0;0;0;0;0;0
2018-04-21T15:45;2018-04-21T16:00;64;kWh;0;0;0;0;0;0
2018-04-21T16:00;2018-04-21T16:15;65;kWh;-7493;0;0;0;7493;-7493
2018-04-21T16:15;2018-04-21T16:30;66;kWh;-16705;0;0;0;16705;-16705
2018-04-21T16:30;2018-04-21T16:45;67;kWh;-5349;0;0;0;5349;-5349
2018-04-21T16:45;2018-04-21T17:00;68;kWh;0;0;0;0;0;0
2018-04-21T17:00;2018-04-21T17:15;69;kWh;0;0;0;0;0;0
2018-04-21T17:15;2018-04-21T17:30;70;kWh;-1092;0;0;0;1092;-1092
2018-04-21T17:30;2018-04-21T17:45;71;kWh;-685;0;0;0;685;-685
2018-04-21T17:45;2018-04-21T18:00;72;kWh;0;0;0;0;0;0
2018-04-21T18:00;2018-04-21T18:15;73;kWh;0;0;0;0;0;0
2018-04-21T18:15;2018-04-21T18:30;74;kWh;0;3794;0;0;3794;3794
2018-04-21T18:30;2018-04-21T18:45;75;kWh;0;9439;0;0;9439;9439
2018-04-21T18:45;2018-04-21T19:00;76;kWh;0;18169;0;0;18169;18169
2018-04-21T19:00;2018-04-21T19:15;77;kWh;-8372;5567;0;0;13939;-2805
2018-04-21T19:15;2018-04-21T19:30;78;kWh;-12185;0;0;0;12185;-12185
2018-04-21T19:30;2018-04-21T19:45;79;kWh;-270;0;0;0;270;-270
2018-04-21T19:45;2018-04-21T20:00;80;kWh;0;270;0;0;270;270
2018-04-21T20:00;2018-04-21T20:15;81;kWh;-1838;0;0;0;1838;-1838
2018-04-21T20:15;2018-04-21T20:30;82;kWh;-3380;0;0;0;3380;-3380
2018-04-21T20:30;2018-04-21T20:45;83;kWh;-3595;0;0;0;3595;-3595
2018-04-21T20:45;2018-04-21T21:00;84;kWh;-5014;0;0;0;5014;-5014
2018-04-21T21:00;2018-04-21T21:15;85;kWh;-2000;0;0;0;2000;-2000
2018-04-21T21:15;2018-04-21T21:30;86;kWh;0;0;0;0;0;0
2018-04-21T21:30;2018-04-21T21:45;87;kWh;0;0;0;0;0;0
2018-04-21T21:45;2018-04-21T22:00;88;kWh;-8919;0;0;0;8919;-8919
2018-04-21T22:00;2018-04-21T22:15;89;kWh;-9031;0;0;0;9031;-9031
2018-04-21T22:15;2018-04-21T22:30;90;kWh;-3481;0;0;0;3481;-3481
2018-04-21T22:30;2018-04-21T22:45;91;kWh;-9833;0;0;0;9833;-9833
2018-04-21T22:45;2018-04-21T23:00;92;kWh;-8373;0;0;0;8373;-8373
2018-04-21T23:00;2018-04-21T23:15;93;kWh;-6331;3188;0;0;9519;-3143
2018-04-21T23:15;2018-04-21T23:30;94;kWh;-86;9065;0;0;9151;8979
2018-04-21T23:30;2018-04-21T23:45;95;kWh;-23225;864;0;0;24089;-22361
2018-04-21T23:45;2018-04-22T00:00;96;kWh;-50774;0;0;0;50774;-50774
2018-04-22T00:00;2018-04-22T00:15;1;kWh;-21698;38;0;0;21736;-21660
2018-04-22T00:15;2018-04-22T00:30;2;kWh;-392;453;0;0;845;61
2018-04-22T00:30;2018-04-22T00:45;3;kWh;-18000;0;0;0;18000;-18000
2018-04-22T00:45;2018-04-22T01:00;4;kWh;-35957;0;0;0;35957;-35957
2018-04-22T01:00;2018-04-22T01:15;5;kWh;-16280;636;0;0;16916;-15644
2018-04-22T01:15;2018-04-22T01:30;6;kWh;-3411;138;0;0;3549;-3273
2018-04-22T01:30;2018-04-22T01:45;7;kWh;-27815;0;0;0;27815;-27815
2018-04-22T01:45;2018-04-22T02:00;8;kWh;-56646;0;0;0;56646;-56646
2018-04-22T02:00;2018-04-22T02:15;9;kWh;-30144;0;0;0;30144;-30144
2018-04-22T02:15;2018-04-22T02:30;10;kWh;0;0;0;0;0;0
2018-04-22T02:30;2018-04-22T02:45;11;kWh;-2140;2;0;0;2142;-2138
2018-04-22T02:45;2018-04-22T03:00;12;kWh;-17288;0;0;0;17288;-17288
2018-04-22T03:00;2018-04-22T03:15;13;kWh;-7222;5587;0;0;12809;-1635
2018-04-22T03:15;2018-04-22T03:30;14;kWh;0;11435;0;0;11435;11435
2018-04-22T03:30;2018-04-22T03:45;15;kWh;0;4829;0;0;4829;4829
2018-04-22T03:45;2018-04-22T04:00;16;kWh;0;3623;0;0;3623;3623
2018-04-22T04:00;2018-04-22T04:15;17;kWh;0;3098;0;0;3098;3098
2018-04-22T04:15;2018-04-22T04:30;18;kWh;0;342;0;0;342;342
2018-04-22T04:30;2018-04-22T04:45;19;kWh;-2343;0;0;0;2343;-2343
2018-04-22T04:45;2018-04-22T05:00;20;kWh;-2906;0;0;0;2906;-2906
2018-04-22T05:00;2018-04-22T05:15;21;kWh;-1767;0;0;0;1767;-1767
2018-04-22T05:15;2018-04-22T05:30;22;kWh;-3983;0;0;0;3983;-3983
2018-04-22T05:30;2018-04-22T05:45;23;kWh;-3493;0;0;0;3493;-3493
2018-04-22T05:45;2018-04-22T06:00;24;kWh;-5120;0;0;0;5120;-5120
2018-04-22T06:00;2018-04-22T06:15;25;kWh;-20442;0;0;0;20442;-20442
2018-04-22T06:15;2018-04-22T06:30;26;kWh;-47326;0;0;0;47326;-47326
2018-04-22T06:30;2018-04-22T06:45;27;kWh;-63397;0;0;0;63397;-63397
2018-04-22T06:45;2018-04-22T07:00;28;kWh;-44547;0;0;0;44547;-44547
2018-04-22T07:00;2018-04-22T07:15;29;kWh;-60391;0;0;0;60391;-60391
2018-04-22T07:15;2018-04-22T07:30;30;kWh;-76768;0;0;0;76768;-76768
2018-04-22T07:30;2018-04-22T07:45;31;kWh;-69191;0;0;0;69191;-69191
2018-04-22T07:45;2018-04-22T08:00;32;kWh;-43492;0;0;0;43492;-43492
2018-04-22T08:00;2018-04-22T08:15;33;kWh;-24560;0;0;0;24560;-24560
2018-04-22T08:15;2018-04-22T08:30;34;kWh;-321;0;0;0;321;-321
2018-04-22T08:30;2018-04-22T08:45;35;kWh;0;0;0;0;0;0
2018-04-22T08:45;2018-04-22T09:00;36;kWh;-64;0;0;0;64;-64
2018-04-22T09:00;2018-04-22T09:15;37;kWh;-756;0;0;0;756;-756
2018-04-22T09:15;2018-04-22T09:30;38;kWh;-700;0;0;0;700;-700
2018-04-22T09:30;2018-04-22T09:45;39;kWh;-74;0;0;0;74;-74
2018-04-22T09:45;2018-04-22T10:00;40;kWh;-5330;0;0;0;5330;-5330
2018-04-22T10:00;2018-04-22T10:15;41;kWh;-23286;0;0;0;23286;-23286
2018-04-22T10:15;2018-04-22T10:30;42;kWh;-45992;0;0;0;45992;-45992
2018-04-22T10:30;2018-04-22T10:45;43;kWh;-68160;0;0;0;68160;-68160
2018-04-22T10:45;2018-04-22T11:00;44;kWh;-52110;0;0;0;52110;-52110
2018-04-22T11:00;2018-04-22T11:15;45;kWh;-29619;0;0;0;29619;-29619
2018-04-22T11:15;2018-04-22T11:30;46;kWh;-22620;0;0;0;22620;-22620
2018-04-22T11:30;2018-04-22T11:45;47;kWh;-40869;0;0;0;40869;-40869
2018-04-22T11:45;2018-04-22T12:00;48;kWh;-56094;0;0;0;56094;-56094
2018-04-22T12:00;2018-04-22T12:15;49;kWh;-39147;0;0;0;39147;-39147
2018-04-22T12:15;2018-04-22T12:30;50;kWh;-13399;0;0;0;13399;-13399
2018-04-22T12:30;2018-04-22T12:45;51;kWh;-11419;0;0;0;11419;-11419
2018-04-22T12:45;2018-04-22T13:00;52;kWh;-150;0;0;0;150;-150
2018-04-22T13:00;2018-04-22T13:15;53;kWh;-5985;0;0;0;5985;-5985
2018-04-22T13:15;2018-04-22T13:30;54;kWh;-4352;0;0;0;4352;-4352
2018-04-22T13:30;2018-04-22T13:45;55;kWh;-6558;0;0;0;6558;-6558
2018-04-22T13:45;2018-04-22T14:00;56;kWh;-11352;0;0;0;11352;-11352
2018-04-22T14:00;2018-04-22T14:15;57;kWh;-55810;0;0;0;55810;-55810
2018-04-22T14:15;2018-04-22T14:30;58;kWh;-77501;0;0;0;77501;-77501
2018-04-22T14:30;2018-04-22T14:45;59;kWh;-89520;0;0;0;89520;-89520
2018-04-22T14:45;2018-04-22T15:00;60;kWh;-88340;0;0;0;88340;-88340
2018-04-22T15:00;2018-04-22T15:15;61;kWh;-77918;0;0;0;77918;-77918
2018-04-22T15:15;2018-04-22T15:30;62;kWh;-57959;0;0;0;57959;-57959
2018-04-22T15:30;2018-04-22T15:45;63;kWh;-47992;0;0;0;47992;-47992
2018-04-22T15:45;2018-04-22T16:00;64;kWh;-20244;0;0;0;20244;-20244
2018-04-22T16:00;2018-04-22T16:15;65;kWh;-5238;0;0;0;5238;-5238
2018-04-22T16:15;2018-04-22T16:30;66;kWh;-3986;0;0;0;3986;-3986
2018-04-22T16:30;2018-04-22T16:45;67;kWh;-60;0;0;0;60;-60
2018-04-22T16:45;2018-04-22T17:00;68;kWh;0;0;0;0;0;0
2018-04-22T17:00;2018-04-22T17:15;69;kWh;0;0;0;0;0;0
2018-04-22T17:15;2018-04-22T17:30;70;kWh;0;703;0;0;703;703
2018-04-22T17:30;2018-04-22T17:45;71;kWh;0;1420;0;0;1420;1420
2018-04-22T17:45;2018-04-22T18:00;72;kWh;0;2;0;0;2;2
2018-04-22T18:00;2018-04-22T18:15;73;kWh;0;0;0;0;0;0
2018-04-22T18:15;2018-04-22T18:30;74;kWh;0;0;0;0;0;0
2018-04-22T18:30;2018-04-22T18:45;75;kWh;0;1782;0;0;1782;1782
2018-04-22T18:45;2018-04-22T19:00;76;kWh;0;9487;0;0;9487;9487
2018-04-22T19:00;2018-04-22T19:15;77;kWh;0;1776;0;0;1776;1776
2018-04-22T19:15;2018-04-22T19:30;78;kWh;-818;0;0;0;818;-818
2018-04-22T19:30;2018-04-22T19:45;79;kWh;0;0;0;0;0;0
2018-04-22T19:45;2018-04-22T20:00;80;kWh;-370;0;0;0;370;-370
2018-04-22T20:00;2018-04-22T20:15;81;kWh;-621;0;0;0;621;-621
2018-04-22T20:15;2018-04-22T20:30;82;kWh;-17622;0;0;0;17622;-17622
2018-04-22T20:30;2018-04-22T20:45;83;kWh;-22926;0;0;0;22926;-22926
2018-04-22T20:45;2018-04-22T21:00;84;kWh;-13398;0;0;0;13398;-13398
2018-04-22T21:00;2018-04-22T21:15;85;kWh;-1018;4795;0;0;5813;3777
2018-04-22T21:15;2018-04-22T21:30;86;kWh;0;34312;0;0;34312;34312
2018-04-22T21:30;2018-04-22T21:45;87;kWh;0;23742;0;0;23742;23742
2018-04-22T21:45;2018-04-22T22:00;88;kWh;-10420;5776;0;0;16196;-4644
2018-04-22T22:00;2018-04-22T22:15;89;kWh;-17124;0;0;0;17124;-17124
2018-04-22T22:15;2018-04-22T22:30;90;kWh;-2006;0;0;0;2006;-2006
2018-04-22T22:30;2018-04-22T22:45;91;kWh;-49732;0;0;0;49732;-49732
2018-04-22T22:45;2018-04-22T23:00;92;kWh;-90032;0;0;0;90032;-90032
2018-04-22T23:00;2018-04-22T23:15;93;kWh;-62905;0;0;0;62905;-62905
2018-04-22T23:15;2018-04-22T23:30;94;kWh;-79657;0;0;0;79657;-79657
2018-04-22T23:30;2018-04-22T23:45;95;kWh;-77727;0;0;0;77727;-77727
2018-04-22T23:45;2018-04-23T00:00;96;kWh;-38855;139;0;0;38994;-38716
2018-04-23T00:00;2018-04-23T00:15;1;kWh;-37;30199;0;0;30236;30162
2018-04-23T00:15;2018-04-23T00:30;2;kWh;0;71222;0;0;71222;71222
2018-04-23T00:30;2018-04-23T00:45;3;kWh;-82;2017;0;0;2099;1935
2018-04-23T00:45;2018-04-23T01:00;4;kWh;0;0;0;0;0;0
2018-04-23T01:00;2018-04-23T01:15;5;kWh;0;0;0;0;0;0
2018-04-23T01:15;2018-04-23T01:30;6;kWh;0;0;0;0;0;0
2018-04-23T01:30;2018-04-23T01:45;7;kWh;0;0;0;0;0;0
2018-04-23T01:45;2018-04-23T02:00;8;kWh;0;0;0;0;0;0
2018-04-23T02:00;2018-04-23T02:15;9;kWh;0;10885;0;0;10885;10885
2018-04-23T02:15;2018-04-23T02:30;10;kWh;0;6595;0;0;6595;6595
2018-04-23T02:30;2018-04-23T02:45;11;kWh;0;818;0;0;818;818
2018-04-23T02:45;2018-04-23T03:00;12;kWh;0;0;0;0;0;0
2018-04-23T03:00;2018-04-23T03:15;13;kWh;0;528;0;0;528;528
2018-04-23T03:15;2018-04-23T03:30;14;kWh;0;13;0;0;13;13
2018-04-23T03:30;2018-04-23T03:45;15;kWh;0;139;0;0;139;139
2018-04-23T03:45;2018-04-23T04:00;16;kWh;-5;0;0;0;5;-5
2018-04-23T04:00;2018-04-23T04:15;17;kWh;-43510;0;0;0;43510;-43510
2018-04-23T04:15;2018-04-23T04:30;18;kWh;-75926;0;0;0;75926;-75926
2018-04-23T04:30;2018-04-23T04:45;19;kWh;-58692;0;0;0;58692;-58692
2018-04-23T04:45;2018-04-23T05:00;20;kWh;-48411;0;0;0;48411;-48411
2018-04-23T05:00;2018-04-23T05:15;21;kWh;-37538;0;0;0;37538;-37538
2018-04-23T05:15;2018-04-23T05:30;22;kWh;-12639;0;0;0;12639;-12639
2018-04-23T05:30;2018-04-23T05:45;23;kWh;-8869;0;0;0;8869;-8869
2018-04-23T05:45;2018-04-23T06:00;24;kWh;-16884;0;0;0;16884;-16884
2018-04-23T06:00;2018-04-23T06:15;25;kWh;-9923;304;0;0;10227;-9619
2018-04-23T06:15;2018-04-23T06:30;26;kWh;-26;1318;0;0;1344;1292
2018-04-23T06:30;2018-04-23T06:45;27;kWh;0;0;0;0;0;0
2018-04-23T06:45;2018-04-23T07:00;28;kWh;0;1442;0;0;1442;1442
2018-04-23T07:00;2018-04-23T07:15;29;kWh;0;7139;0;0;7139;7139
2018-04-23T07:15;2018-04-23T07:30;30;kWh;0;14230;0;0;14230;14230
2018-04-23T07:30;2018-04-23T07:45;31;kWh;0;35386;0;0;35386;35386
2018-04-23T07:45;2018-04-23T08:00;32;kWh;0;24691;0;0;24691;24691
2018-04-23T08:00;2018-04-23T08:15;33;kWh;-43;15040;0;0;15083;14997
2018-04-23T08:15;2018-04-23T08:30;34;kWh;-131;2648;0;0;2779;2517
2018-04-23T08:30;2018-04-23T08:45;35;kWh;0;9364;0;0;9364;9364
2018-04-23T08:45;2018-04-23T09:00;36;kWh;0;643;0;0;643;643
2018-04-23T09:00;2018-04-23T09:15;37;kWh;0;25845;0;0;25845;25845
2018-04-23T09:15;2018-04-23T09:30;38;kWh;0;19312;0;0;19312;19312
2018-04-23T09:30;2018-04-23T09:45;39;kWh;0;3112;0;0;3112;3112
2018-04-23T09:45;2018-04-23T10:00;40;kWh;0;0;0;0;0;0
2018-04-23T10:00;2018-04-23T10:15;41;kWh;0;2128;0;0;2128;2128
2018-04-23T10:15;2018-04-23T10:30;42;kWh;0;112;0;0;112;112
2018-04-23T10:30;2018-04-23T10:45;43;kWh;0;903;0;0;903;903
2018-04-23T10:45;2018-04-23T11:00;44;kWh;0;500;0;0;500;500
2018-04-23T11:00;2018-04-23T11:15;45;kWh;0;9096;0;0;9096;9096
2018-04-23T11:15;2018-04-23T11:30;46;kWh;0;4946;0;0;4946;4946
2018-04-23T11:30;2018-04-23T11:45;47;kWh;-606;465;0;0;1071;-141
2018-04-23T11:45;2018-04-23T12:00;48;kWh;-1781;0;0;0;1781;-1781
2018-04-23T12:00;2018-04-23T12:15;49;kWh;0;8087;0;0;8087;8087
2018-04-23T12:15;2018-04-23T12:30;50;kWh;-60;4307;0;0;4367;4247
2018-04-23T12:30;2018-04-23T12:45;51;kWh;-964;0;0;0;964;-964
2018-04-23T12:45;2018-04-23T13:00;52;kWh;-10738;0;0;0;10738;-10738
2018-04-23T13:00;2018-04-23T13:15;53;kWh;-11668;0;0;0;11668;-11668
2018-04-23T13:15;2018-04-23T13:30;54;kWh;-2713;0;0;0;2713;-2713
2018-04-23T13:30;2018-04-23T13:45;55;kWh;-2676;0;0;0;2676;-2676
2018-04-23T13:45;2018-04-23T14:00;56;kWh;0;797;0;0;797;797
2018-04-23T14:00;2018-04-23T14:15;57;kWh;0;15419;0;0;15419;15419
2018-04-23T14:15;2018-04-23T14:30;58;kWh;0;40318;0;0;40318;40318
2018-04-23T14:30;2018-04-23T14:45;59;kWh;0;47700;0;0;47700;47700
2018-04-23T14:45;2018-04-23T15:00;60;kWh;0;37024;0;0;37024;37024
2018-04-23T15:00;2018-04-23T15:15;61;kWh;0;27492;0;0;27492;27492
2018-04-23T15:15;2018-04-23T15:30;62;kWh;-733;4602;0;0;5335;3869
2018-04-23T15:30;2018-04-23T15:45;63;kWh;0;12518;0;0;12518;12518
2018-04-23T15:45;2018-04-23T16:00;64;kWh;0;2869;0;0;2869;2869
2018-04-23T16:00;2018-04-23T16:15;65;kWh;-3547;0;0;0;3547;-3547
2018-04-23T16:15;2018-04-23T16:30;66;kWh;-2848;0;0;0;2848;-2848
2018-04-23T16:30;2018-04-23T16:45;67;kWh;-6508;0;0;0;6508;-6508
2018-04-23T16:45;2018-04-23T17:00;68;kWh;-4237;0;0;0;4237;-4237
2018-04-23T17:00;2018-04-23T17:15;69;kWh;-19991;0;0;0;19991;-19991
2018-04-23T17:15;2018-04-23T17:30;70;kWh;-2552;0;0;0;2552;-2552
2018-04-23T17:30;2018-04-23T17:45;71;kWh;-1973;0;0;0;1973;-1973
2018-04-23T17:45;2018-04-23T18:00;72;kWh;-2523;0;0;0;2523;-2523
2018-04-23T18:00;2018-04-23T18:15;73;kWh;-23446;0;0;0;23446;-23446
2018-04-23T18:15;2018-04-23T18:30;74;kWh;-11057;0;0;0;11057;-11057
2018-04-23T18:30;2018-04-23T18:45;75;kWh;-12889;0;0;0;12889;-12889
2018-04-23T18:45;2018-04-23T19:00;76;kWh;-9248;0;0;0;9248;-9248
2018-04-23T19:00;2018-04-23T19:15;77;kWh;-14347;0;0;0;14347;-14347
2018-04-23T19:15;2018-04-23T19:30;78;kWh;-4984;0;0;0;4984;-4984
2018-04-23T19:30;2018-04-23T19:45;79;kWh;-6058;0;0;0;6058;-6058
2018-04-23T19:45;2018-04-23T20:00;80;kWh;-2964;0;0;0;2964;-2964
2018-04-23T20:00;2018-04-23T20:15;81;kWh;-16320;0;0;0;16320;-16320
2018-04-23T20:15;2018-04-23T20:30;82;kWh;-21482;0;0;0;21482;-21482
2018-04-23T20:30;2018-04-23T20:45;83;kWh;-16165;0;0;0;16165;-16165
2018-04-23T20:45;2018-04-23T21:00;84;kWh;-3167;0;0;0;3167;-3167
2018-04-23T21:00;2018-04-23T21:15;85;kWh;-6382;0;0;0;6382;-6382
2018-04-23T21:15;2018-04-23T21:30;86;kWh;-236;0;0;0;236;-236
2018-04-23T21:30;2018-04-23T21:45;87;kWh;-1754;0;0;0;1754;-1754
2018-04-23T21:45;2018-04-23T22:00;88;kWh;-7644;0;0;0;7644;-7644
2018-04-23T22:00;2018-04-23T22:15;89;kWh;-13633;0;0;0;13633;-13633
2018-04-23T22:15;2018-04-23T22:30;90;kWh;-32154;0;0;0;32154;-32154
2018-04-23T22:30;2018-04-23T22:45;91;kWh;-45250;0;0;0;45250;-45250
2018-04-23T22:45;2018-04-23T23:00;92;kWh;-23201;0;0;0;23201;-23201
2018-04-23T23:00;2018-04-23T23:15;93;kWh;-19325;0;0;0;19325;-19325
2018-04-23T23:15;2018-04-23T23:30;94;kWh;-6323;0;0;0;6323;-6323
2018-04-23T23:30;2018-04-23T23:45;95;kWh;-34774;0;0;0;34774;-34774
2018-04-23T23:45;2018-04-24T00:00;96;kWh;-25689;0;0;0;25689;-25689
2018-04-24T00:00;2018-04-24T00:15;1;kWh;-17111;0;0;0;17111;-17111
2018-04-24T00:15;2018-04-24T00:30;2;kWh;-2814;0;0;0;2814;-2814
2018-04-24T00:30;2018-04-24T00:45;3;kWh;-44526;0;0;0;44526;-44526
2018-04-24T00:45;2018-04-24T01:00;4;kWh;-59157;0;0;0;59157;-59157
2018-04-24T01:00;2018-04-24T01:15;5;kWh;-20409;0;0;0;20409;-20409
2018-04-24T01:15;2018-04-24T01:30;6;kWh;0;0;0;0;0;0
2018-04-24T01:30;2018-04-24T01:45;7;kWh;-1411;0;0;0;1411;-1411
2018-04-24T01:45;2018-04-24T02:00;8;kWh;-19887;0;0;0;19887;-19887
2018-04-24T02:00;2018-04-24T02:15;9;kWh;-7939;0;0;0;7939;-7939
2018-04-24T02:15;2018-04-24T02:30;10;kWh;-458;0;0;0;458;-458
2018-04-24T02:30;2018-04-24T02:45;11;kWh;-13949;0;0;0;13949;-13949
2018-04-24T02:45;2018-04-24T03:00;12;kWh;-18981;0;0;0;18981;-18981
2018-04-24T03:00;2018-04-24T03:15;13;kWh;-9976;0;0;0;9976;-9976
2018-04-24T03:15;2018-04-24T03:30;14;kWh;-2;0;0;0;2;-2
2018-04-24T03:30;2018-04-24T03:45;15;kWh;-2225;0;0;0;2225;-2225
2018-04-24T03:45;2018-04-24T04:00;16;kWh;-15760;0;0;0;15760;-15760
2018-04-24T04:00;2018-04-24T04:15;17;kWh;-24880;0;0;0;24880;-24880
2018-04-24T04:15;2018-04-24T04:30;18;kWh;-19868;0;0;0;19868;-19868
2018-04-24T04:30;2018-04-24T04:45;19;kWh;-15497;0;0;0;15497;-15497
2018-04-24T04:45;2018-04-24T05:00;20;kWh;-9973;0;0;0;9973;-9973
2018-04-24T05:00;2018-04-24T05:15;21;kWh;-3826;0;0;0;3826;-3826
2018-04-24T05:15;2018-04-24T05:30;22;kWh;0;0;0;0;0;0
2018-04-24T05:30;2018-04-24T05:45;23;kWh;0;1429;0;0;1429;1429
2018-04-24T05:45;2018-04-24T06:00;24;kWh;0;948;0;0;948;948
2018-04-24T06:00;2018-04-24T06:15;25;kWh;-270;0;0;0;270;-270
2018-04-24T06:15;2018-04-24T06:30;26;kWh;-6721;0;0;0;6721;-6721
2018-04-24T06:30;2018-04-24T06:45;27;kWh;-2039;0;0;0;2039;-2039
2018-04-24T06:45;2018-04-24T07:00;28;kWh;-86;0;0;0;86;-86
2018-04-24T07:00;2018-04-24T07:15;29;kWh;-4409;0;0;0;4409;-4409
2018-04-24T07:15;2018-04-24T07:30;30;kWh;-34474;0;0;0;34474;-34474
2018-04-24T07:30;2018-04-24T07:45;31;kWh;-3268;147;0;0;3415;-3121
2018-04-24T07:45;2018-04-24T08:00;32;kWh;0;1065;0;0;1065;1065
2018-04-24T08:00;2018-04-24T08:15;33;kWh;0;13439;0;0;13439;13439
2018-04-24T08:15;2018-04-24T08:30;34;kWh;0;24316;0;0;24316;24316
2018-04-24T08:30;2018-04-24T08:45;35;kWh;0;60997;0;0;60997;60997
2018-04-24T08:45;2018-04-24T09:00;36;kWh;0;76151;0;0;76151;76151
2018-04-24T09:00;2018-04-24T09:15;37;kWh;-1877;24334;0;0;26211;22457
2018-04-24T09:15;2018-04-24T09:30;38;kWh;-3251;0;0;0;3251;-3251
2018-04-24T09:30;2018-04-24T09:45;39;kWh;-344;0;0;0;344;-344
2018-04-24T09:45;2018-04-24T10:00;40;kWh;-2053;18;0;0;2071;-2035
2018-04-24T10:00;2018-04-24T10:15;41;kWh;0;5607;0;0;5607;5607
2018-04-24T10:15;2018-04-24T10:30;42;kWh;-1688;372;0;0;2060;-1316
2018-04-24T10:30;2018-04-24T10:45;43;kWh;-53;0;0;0;53;-53
2018-04-24T10:45;2018-04-24T11:00;44;kWh;0;875;0;0;875;875
2018-04-24T11:00;2018-04-24T11:15;45;kWh;0;2008;0;0;2008;2008
2018-04-24T11:15;2018-04-24T11:30;46;kWh;0;5196;0;0;5196;5196
2018-04-24T11:30;2018-04-24T11:45;47;kWh;0;0;0;0;0;0
2018-04-24T11:45;2018-04-24T12:00;48;kWh;-856;0;0;0;856;-856
2018-04-24T12:00;2018-04-24T12:15;49;kWh;-3784;0;0;0;3784;-3784
2018-04-24T12:15;2018-04-24T12:30;50;kWh;-31639;0;0;0;31639;-31639
2018-04-24T12:30;2018-04-24T12:45;51;kWh;-10279;0;0;0;10279;-10279
2018-04-24T12:45;2018-04-24T13:00;52;kWh;-20567;0;0;0;20567;-20567
2018-04-24T13:00;2018-04-24T13:15;53;kWh;-22492;1694;0;0;24186;-20798
2018-04-24T13:15;2018-04-24T13:30;54;kWh;-445;12032;0;0;12477;11587
2018-04-24T13:30;2018-04-24T13:45;55;kWh;-1606;37;0;0;1643;-1569
2018-04-24T13:45;2018-04-24T14:00;56;kWh;-5907;0;0;0;5907;-5907
2018-04-24T14:00;2018-04-24T14:15;57;kWh;-7290;0;0;0;7290;-7290
2018-04-24T14:15;2018-04-24T14:30;58;kWh;-13157;0;0;0;13157;-13157
2018-04-24T14:30;2018-04-24T14:45;59;kWh;-22664;0;0;0;22664;-22664
2018-04-24T14:45;2018-04-24T15:00;60;kWh;-34516;0;0;0;34516;-34516
2018-04-24T15:00;2018-04-24T15:15;61;kWh;-40347;0;0;0;40347;-40347
2018-04-24T15:15;2018-04-24T15:30;62;kWh;-33386;0;0;0;33386;-33386
2018-04-24T15:30;2018-04-24T15:45;63;kWh;-51533;0;0;0;51533;-51533
2018-04-24T15:45;2018-04-24T16:00;64;kWh;-53349;0;0;0;53349;-53349
2018-04-24T16:00;2018-04-24T16:15;65;kWh;-70765;0;0;0;70765;-70765
2018-04-24T16:15;2018-04-24T16:30;66;kWh;-56991;0;0;0;56991;-56991
2018-04-24T16:30;2018-04-24T16:45;67;kWh;-50048;0;0;0;50048;-50048
2018-04-24T16:45;2018-04-24T17:00;68;kWh;-18544;0;0;0;18544;-18544
2018-04-24T17:00;2018-04-24T17:15;69;kWh;-17702;0;0;0;17702;-17702
2018-04-24T17:15;2018-04-24T17:30;70;kWh;-7962;4;0;0;7966;-7958
2018-04-24T17:30;2018-04-24T17:45;71;kWh;-278;1347;0;0;1625;1069
2018-04-24T17:45;2018-04-24T18:00;72;kWh;0;1288;0;0;1288;1288
2018-04-24T18:00;2018-04-24T18:15;73;kWh;0;2413;0;0;2413;2413
2018-04-24T18:15;2018-04-24T18:30;74;kWh;0;90;0;0;90;90
2018-04-24T18:30;2018-04-24T18:45;75;kWh;0;782;0;0;782;782
2018-04-24T18:45;2018-04-24T19:00;76;kWh;0;262;0;0;262;262
2018-04-24T19:00;2018-04-24T19:15;77;kWh;0;499;0;0;499;499
2018-04-24T19:15;2018-04-24T19:30;78;kWh;0;6943;0;0;6943;6943
2018-04-24T19:30;2018-04-24T19:45;79;kWh;0;11632;0;0;11632;11632
2018-04-24T19:45;2018-04-24T20:00;80;kWh;0;2565;0;0;2565;2565
2018-04-24T20:00;2018-04-24T20:15;81;kWh;0;11478;0;0;11478;11478
2018-04-24T20:15;2018-04-24T20:30;82;kWh;0;21804;0;0;21804;21804
2018-04-24T20:30;2018-04-24T20:45;83;kWh;0;11857;0;0;11857;11857
2018-04-24T20:45;2018-04-24T21:00;84;kWh;0;773;0;0;773;773
2018-04-24T21:00;2018-04-24T21:15;85;kWh;0;19397;0;0;19397;19397
2018-04-24T21:15;2018-04-24T21:30;86;kWh;0;35241;0;0;35241;35241
2018-04-24T21:30;2018-04-24T21:45;87;kWh;-901;8900;0;0;9801;7999
2018-04-24T21:45;2018-04-24T22:00;88;kWh;0;0;0;0;0;0
2018-04-24T22:00;2018-04-24T22:15;89;kWh;0;544;0;0;544;544
2018-04-24T22:15;2018-04-24T22:30;90;kWh;-945;0;0;0;945;-945
2018-04-24T22:30;2018-04-24T22:45;91;kWh;-3180;0;0;0;3180;-3180
2018-04-24T22:45;2018-04-24T23:00;92;kWh;-180;0;0;0;180;-180
2018-04-24T23:00;2018-04-24T23:15;93;kWh;-439;0;0;0;439;-439
2018-04-24T23:15;2018-04-24T23:30;94;kWh;-18779;0;0;0;18779;-18779
2018-04-24T23:30;2018-04-24T23:45;95;kWh;-42803;0;0;0;42803;-42803
2018-04-24T23:45;2018-04-25T00:00;96;kWh;-53788;0;0;0;53788;-53788
2018-04-25T00:00;2018-04-25T00:15;1;kWh;-32357;244;0;0;32601;-32113
2018-04-25T00:15;2018-04-25T00:30;2;kWh;0;626;0;0;626;626
2018-04-25T00:30;2018-04-25T00:45;3;kWh;-12924;0;0;0;12924;-12924
2018-04-25T00:45;2018-04-25T01:00;4;kWh;-49111;0;0;0;49111;-49111
2018-04-25T01:00;2018-04-25T01:15;5;kWh;-15924;39;0;0;15963;-15885
2018-04-25T01:15;2018-04-25T01:30;6;kWh;-14028;31;0;0;14059;-13997
2018-04-25T01:30;2018-04-25T01:45;7;kWh;-52251;347;0;0;52598;-51904
2018-04-25T01:45;2018-04-25T02:00;8;kWh;-41125;10;0;0;41135;-41115
2018-04-25T02:00;2018-04-25T02:15;9;kWh;-12252;164;0;0;12416;-12088
2018-04-25T02:15;2018-04-25T02:30;10;kWh;-29561;19;0;0;29580;-29542
2018-04-25T02:30;2018-04-25T02:45;11;kWh;-89173;2854;0;0;92027;-86319
2018-04-25T02:45;2018-04-25T03:00;12;kWh;-93637;2355;0;0;95992;-91282
2018-04-25T03:00;2018-04-25T03:15;13;kWh;-56153;1502;0;0;57655;-54651
2018-04-25T03:15;2018-04-25T03:30;14;kWh;-23527;0;0;0;23527;-23527
2018-04-25T03:30;2018-04-25T03:45;15;kWh;-54497;0;0;0;54497;-54497
2018-04-25T03:45;2018-04-25T04:00;16;kWh;-68830;0;0;0;68830;-68830
2018-04-25T04:00;2018-04-25T04:15;17;kWh;-70242;0;0;0;70242;-70242
2018-04-25T04:15;2018-04-25T04:30;18;kWh;-63290;0;0;0;63290;-63290
2018-04-25T04:30;2018-04-25T04:45;19;kWh;-55913;0;0;0;55913;-55913
2018-04-25T04:45;2018-04-25T05:00;20;kWh;-45099;0;0;0;45099;-45099
2018-04-25T05:00;2018-04-25T05:15;21;kWh;-61780;0;0;0;61780;-61780
2018-04-25T05:15;2018-04-25T05:30;22;kWh;-53422;0;0;0;53422;-53422
2018-04-25T05:30;2018-04-25T05:45;23;kWh;-40470;0;0;0;40470;-40470
2018-04-25T05:45;2018-04-25T06:00;24;kWh;-32827;0;0;0;32827;-32827
2018-04-25T06:00;2018-04-25T06:15;25;kWh;-51155;0;0;0;51155;-51155
2018-04-25T06:15;2018-04-25T06:30;26;kWh;-54779;0;0;0;54779;-54779
2018-04-25T06:30;2018-04-25T06:45;27;kWh;-38264;18;0;0;38282;-38246
2018-04-25T06:45;2018-04-25T07:00;28;kWh;-6844;61;0;0;6905;-6783
2018-04-25T07:00;2018-04-25T07:15;29;kWh;-47557;0;0;0;47557;-47557
2018-04-25T07:15;2018-04-25T07:30;30;kWh;-46977;0;0;0;46977;-46977
2018-04-25T07:30;2018-04-25T07:45;31;kWh;-2075;0;0;0;2075;-2075
2018-04-25T07:45;2018-04-25T08:00;32;kWh;0;5241;0;0;5241;5241
2018-04-25T08:00;2018-04-25T08:15;33;kWh;-6212;1171;0;0;7383;-5041
2018-04-25T08:15;2018-04-25T08:30;34;kWh;-6534;0;0;0;6534;-6534
2018-04-25T08:30;2018-04-25T08:45;35;kWh;-1944;1319;0;0;3263;-625
2018-04-25T08:45;2018-04-25T09:00;36;kWh;0;15159;0;0;15159;15159
2018-04-25T09:00;2018-04-25T09:15;37;kWh;-277;9900;0;0;10177;9623
2018-04-25T09:15;2018-04-25T09:30;38;kWh;-94;20118;0;0;20212;20024
2018-04-25T09:30;2018-04-25T09:45;39;kWh;0;25034;0;0;25034;25034
2018-04-25T09:45;2018-04-25T10:00;40;kWh;0;1136;0;0;1136;1136
2018-04-25T10:00;2018-04-25T10:15;41;kWh;0;1771;0;0;1771;1771
2018-04-25T10:15;2018-04-25T10:30;42;kWh;0;1895;0;0;1895;1895
2018-04-25T10:30;2018-04-25T10:45;43;kWh;0;5785;0;0;5785;5785
2018-04-25T10:45;2018-04-25T11:00;44;kWh;0;17941;0;0;17941;17941
2018-04-25T11:00;2018-04-25T11:15;45;kWh;0;52616;0;0;52616;52616
2018-04-25T11:15;2018-04-25T11:30;46;kWh;0;60678;0;0;69428;69428
2018-04-25T11:30;2018-04-25T11:45;47;kWh;-496;8512;0;0;9008;8016
2018-04-25T11:45;2018-04-25T12:00;48;kWh;0;0;0;0;0;0
2018-04-25T12:00;2018-04-25T12:15;49;kWh;0;2969;0;0;2969;2969
2018-04-25T12:15;2018-04-25T12:30;50;kWh;-3685;257;0;0;3942;-3428
2018-04-25T12:30;2018-04-25T12:45;51;kWh;-12576;0;0;0;12576;-12576
2018-04-25T12:45;2018-04-25T13:00;52;kWh;-170;0;0;0;170;-170
2018-04-25T13:00;2018-04-25T13:15;53;kWh;-4241;0;0;0;4241;-4241
2018-04-25T13:15;2018-04-25T13:30;54;kWh;0;458;0;0;458;458
2018-04-25T13:30;2018-04-25T13:45;55;kWh;-757;0;0;0;757;-757
2018-04-25T13:45;2018-04-25T14:00;56;kWh;-5975;0;0;0;5975;-5975
2018-04-25T14:00;2018-04-25T14:15;57;kWh;-10539;2123;0;0;12662;-8416
2018-04-25T14:15;2018-04-25T14:30;58;kWh;-307;2827;0;0;3134;2520
2018-04-25T14:30;2018-04-25T14:45;59;kWh;-26758;0;0;0;26758;-26758
2018-04-25T14:45;2018-04-25T15:00;60;kWh;-23962;0;0;0;23962;-23962
2018-04-25T15:00;2018-04-25T15:15;61;kWh;-17096;0;0;0;17096;-17096
2018-04-25T15:15;2018-04-25T15:30;62;kWh;-22356;0;0;0;22356;-22356
2018-04-25T15:30;2018-04-25T15:45;63;kWh;-50484;0;0;0;50484;-50484
2018-04-25T15:45;2018-04-25T16:00;64;kWh;-58095;0;0;0;58095;-58095
2018-04-25T16:00;2018-04-25T16:15;65;kWh;-55433;0;0;0;55433;-55433
2018-04-25T16:15;2018-04-25T16:30;66;kWh;-57889;0;0;0;57889;-57889
2018-04-25T16:30;2018-04-25T16:45;67;kWh;-38111;0;0;0;38111;-38111
2018-04-25T16:45;2018-04-25T17:00;68;kWh;-49497;0;0;0;49497;-49497
2018-04-25T17:00;2018-04-25T17:15;69;kWh;-30643;5682;0;0;36325;-24961
2018-04-25T17:15;2018-04-25T17:30;70;kWh;-308;17772;0;0;18080;17464
2018-04-25T17:30;2018-04-25T17:45;71;kWh;-5819;218;0;0;6037;-5601
2018-04-25T17:45;2018-04-25T18:00;72;kWh;-1827;0;0;0;1827;-1827
2018-04-25T18:00;2018-04-25T18:15;73;kWh;-43327;0;0;0;43327;-43327
2018-04-25T18:15;2018-04-25T18:30;74;kWh;-32612;0;0;0;32612;-32612
2018-04-25T18:30;2018-04-25T18:45;75;kWh;-22595;0;0;0;22595;-22595
2018-04-25T18:45;2018-04-25T19:00;76;kWh;-1792;0;0;0;1792;-1792
2018-04-25T19:00;2018-04-25T19:15;77;kWh;-20482;0;0;0;20482;-20482
2018-04-25T19:15;2018-04-25T19:30;78;kWh;-5477;0;0;0;5477;-5477
2018-04-25T19:30;2018-04-25T19:45;79;kWh;0;0;0;0;0;0
2018-04-25T19:45;2018-04-25T20:00;80;kWh;0;0;0;0;0;0
2018-04-25T20:00;2018-04-25T20:15;81;kWh;0;0;0;0;0;0
2018-04-25T20:15;2018-04-25T20:30;82;kWh;-261;0;0;0;261;-261
2018-04-25T20:30;2018-04-25T20:45;83;kWh;-485;0;0;0;485;-485
2018-04-25T20:45;2018-04-25T21:00;84;kWh;0;0;0;0;0;0
2018-04-25T21:00;2018-04-25T21:15;85;kWh;0;14688;0;0;14688;14688
2018-04-25T21:15;2018-04-25T21:30;86;kWh;0;67909;0;0;67909;67909
2018-04-25T21:30;2018-04-25T21:45;87;kWh;0;7008;0;0;7008;7008
2018-04-25T21:45;2018-04-25T22:00;88;kWh;-38;0;0;0;38;-38
2018-04-25T22:00;2018-04-25T22:15;89;kWh;-650;228;0;0;878;-422
2018-04-25T22:15;2018-04-25T22:30;90;kWh;0;5738;0;0;5738;5738
2018-04-25T22:30;2018-04-25T22:45;91;kWh;0;733;0;0;733;733
2018-04-25T22:45;2018-04-25T23:00;92;kWh;-781;0;0;0;781;-781
2018-04-25T23:00;2018-04-25T23:15;93;kWh;-511;12183;0;0;12694;11672
2018-04-25T23:15;2018-04-25T23:30;94;kWh;0;56789;0;0;56789;56789
2018-04-25T23:30;2018-04-25T23:45;95;kWh;-1434;10793;0;0;12227;9359
2018-04-25T23:45;2018-04-26T00:00;96;kWh;-8874;875;0;0;9749;-7999
2018-04-26T00:00;2018-04-26T00:15;1;kWh;-524;9789;0;0;10313;9265
2018-04-26T00:15;2018-04-26T00:30;2;kWh;0;28645;0;0;28645;28645
2018-04-26T00:30;2018-04-26T00:45;3;kWh;-751;2766;0;0;3517;2015
2018-04-26T00:45;2018-04-26T01:00;4;kWh;-16687;0;0;0;16687;-16687
2018-04-26T01:00;2018-04-26T01:15;5;kWh;-14252;0;0;0;14252;-14252
2018-04-26T01:15;2018-04-26T01:30;6;kWh;-1245;0;0;0;1245;-1245
2018-04-26T01:30;2018-04-26T01:45;7;kWh;-1336;0;0;0;1336;-1336
2018-04-26T01:45;2018-04-26T02:00;8;kWh;-20786;0;0;0;20786;-20786
2018-04-26T02:00;2018-04-26T02:15;9;kWh;-21924;0;0;0;21924;-21924
2018-04-26T02:15;2018-04-26T02:30;10;kWh;-81;0;0;0;81;-81
2018-04-26T02:30;2018-04-26T02:45;11;kWh;-898;0;0;0;898;-898
2018-04-26T02:45;2018-04-26T03:00;12;kWh;-8245;0;0;0;8245;-8245
2018-04-26T03:00;2018-04-26T03:15;13;kWh;-1098;20165;0;0;21263;19067
2018-04-26T03:15;2018-04-26T03:30;14;kWh;0;44394;0;0;44394;44394
2018-04-26T03:30;2018-04-26T03:45;15;kWh;-1853;20463;0;0;22316;18610
2018-04-26T03:45;2018-04-26T04:00;16;kWh;-26518;0;0;0;26518;-26518
2018-04-26T04:00;2018-04-26T04:15;17;kWh;-8855;0;0;0;8855;-8855
2018-04-26T04:15;2018-04-26T04:30;18;kWh;-109;0;0;0;109;-109
2018-04-26T04:30;2018-04-26T04:45;19;kWh;0;0;0;0;0;0
2018-04-26T04:45;2018-04-26T05:00;20;kWh;0;0;0;0;0;0
2018-04-26T05:00;2018-04-26T05:15;21;kWh;-13646;0;0;0;13646;-13646
2018-04-26T05:15;2018-04-26T05:30;22;kWh;-30233;0;0;0;30233;-30233
2018-04-26T05:30;2018-04-26T05:45;23;kWh;-14939;0;0;0;14939;-14939
2018-04-26T05:45;2018-04-26T06:00;24;kWh;-3819;0;0;0;3819;-3819
2018-04-26T06:00;2018-04-26T06:15;25;kWh;-12748;0;0;0;12748;-12748
2018-04-26T06:15;2018-04-26T06:30;26;kWh;-16593;0;0;0;16593;-16593
2018-04-26T06:30;2018-04-26T06:45;27;kWh;-2446;34;0;0;2480;-2412
2018-04-26T06:45;2018-04-26T07:00;28;kWh;0;484;0;0;484;484
2018-04-26T07:00;2018-04-26T07:15;29;kWh;-178;5;0;0;183;-173
2018-04-26T07:15;2018-04-26T07:30;30;kWh;0;15772;0;0;15772;15772
2018-04-26T07:30;2018-04-26T07:45;31;kWh;0;33047;0;0;33047;33047
2018-04-26T07:45;2018-04-26T08:00;32;kWh;0;5728;0;0;5728;5728
2018-04-26T08:00;2018-04-26T08:15;33;kWh;0;11292;0;0;11292;11292
2018-04-26T08:15;2018-04-26T08:30;34;kWh;0;9588;0;0;9588;9588
2018-04-26T08:30;2018-04-26T08:45;35;kWh;0;35;0;0;35;35
2018-04-26T08:45;2018-04-26T09:00;36;kWh;0;0;0;0;0;0
2018-04-26T09:00;2018-04-26T09:15;37;kWh;0;5776;0;0;5776;5776
2018-04-26T09:15;2018-04-26T09:30;38;kWh;-15;17387;0;0;17402;17372
2018-04-26T09:30;2018-04-26T09:45;39;kWh;-2465;811;0;0;3276;-1654
2018-04-26T09:45;2018-04-26T10:00;40;kWh;-5498;0;0;0;5498;-5498
2018-04-26T10:00;2018-04-26T10:15;41;kWh;-1553;0;0;0;1553;-1553
2018-04-26T10:15;2018-04-26T10:30;42;kWh;0;0;0;0;0;0
2018-04-26T10:30;2018-04-26T10:45;43;kWh;-16;0;0;0;16;-16
2018-04-26T10:45;2018-04-26T11:00;44;kWh;-1027;0;0;0;1027;-1027
2018-04-26T11:00;2018-04-26T11:15;45;kWh;-563;10426;0;0;10989;9863
2018-04-26T11:15;2018-04-26T11:30;46;kWh;0;20817;0;0;20817;20817
2018-04-26T11:30;2018-04-26T11:45;47;kWh;0;17971;0;0;17971;17971
2018-04-26T11:45;2018-04-26T12:00;48;kWh;0;12688;0;0;12688;12688
2018-04-26T12:00;2018-04-26T12:15;49;kWh;0;18058;0;0;18058;18058
2018-04-26T12:15;2018-04-26T12:30;50;kWh;0;26876;0;0;26876;26876
2018-04-26T12:30;2018-04-26T12:45;51;kWh;0;3297;0;0;3297;3297
2018-04-26T12:45;2018-04-26T13:00;52;kWh;-653;0;0;0;653;-653
2018-04-26T13:00;2018-04-26T13:15;53;kWh;-1687;0;0;0;1687;-1687
2018-04-26T13:15;2018-04-26T13:30;54;kWh;-10395;0;0;0;10395;-10395
2018-04-26T13:30;2018-04-26T13:45;55;kWh;-6623;0;0;0;6623;-6623
2018-04-26T13:45;2018-04-26T14:00;56;kWh;-5713;0;0;0;5713;-5713
2018-04-26T14:00;2018-04-26T14:15;57;kWh;-16494;0;0;0;16494;-16494
2018-04-26T14:15;2018-04-26T14:30;58;kWh;-40828;0;0;0;40828;-40828
2018-04-26T14:30;2018-04-26T14:45;59;kWh;-43487;0;0;0;43487;-43487
2018-04-26T14:45;2018-04-26T15:00;60;kWh;-37600;0;0;0;37600;-37600
2018-04-26T15:00;2018-04-26T15:15;61;kWh;-38050;0;0;0;38050;-38050
2018-04-26T15:15;2018-04-26T15:30;62;kWh;-30311;0;0;0;30311;-30311
2018-04-26T15:30;2018-04-26T15:45;63;kWh;-17497;0;0;0;17497;-17497
2018-04-26T15:45;2018-04-26T16:00;64;kWh;-31888;0;0;0;31888;-31888
2018-04-26T16:00;2018-04-26T16:15;65;kWh;-13770;0;0;0;13770;-13770
2018-04-26T16:15;2018-04-26T16:30;66;kWh;-287;0;0;0;287;-287
2018-04-26T16:30;2018-04-26T16:45;67;kWh;0;0;0;0;0;0
2018-04-26T16:45;2018-04-26T17:00;68;kWh;0;0;0;0;0;0
2018-04-26T17:00;2018-04-26T17:15;69;kWh;-78;0;0;0;78;-78
2018-04-26T17:15;2018-04-26T17:30;70;kWh;0;185;0;0;185;185
2018-04-26T17:30;2018-04-26T17:45;71;kWh;0;421;0;0;421;421
2018-04-26T17:45;2018-04-26T18:00;72;kWh;0;17190;0;0;17190;17190
2018-04-26T18:00;2018-04-26T18:15;73;kWh;-12793;3468;0;0;16261;-9325
2018-04-26T18:15;2018-04-26T18:30;74;kWh;-25736;0;0;0;25736;-25736
2018-04-26T18:30;2018-04-26T18:45;75;kWh;-11315;0;0;0;11315;-11315
2018-04-26T18:45;2018-04-26T19:00;76;kWh;-11225;0;0;0;11225;-11225
2018-04-26T19:00;2018-04-26T19:15;77;kWh;-12247;0;0;0;12247;-12247
2018-04-26T19:15;2018-04-26T19:30;78;kWh;-2409;0;0;0;2409;-2409
2018-04-26T19:30;2018-04-26T19:45;79;kWh;0;259;0;0;259;259
2018-04-26T19:45;2018-04-26T20:00;80;kWh;0;3597;0;0;3597;3597
2018-04-26T20:00;2018-04-26T20:15;81;kWh;0;1143;0;0;1143;1143
2018-04-26T20:15;2018-04-26T20:30;82;kWh;-4;0;0;0;4;-4
2018-04-26T20:30;2018-04-26T20:45;83;kWh;-239;0;0;0;239;-239
2018-04-26T20:45;2018-04-26T21:00;84;kWh;-897;0;0;0;897;-897
2018-04-26T21:00;2018-04-26T21:15;85;kWh;0;0;0;0;0;0
2018-04-26T21:15;2018-04-26T21:30;86;kWh;0;759;0;0;759;759
2018-04-26T21:30;2018-04-26T21:45;87;kWh;0;135;0;0;135;135
2018-04-26T21:45;2018-04-26T22:00;88;kWh;-56;0;0;0;56;-56
2018-04-26T22:00;2018-04-26T22:15;89;kWh;-184;1660;0;0;1844;1476
2018-04-26T22:15;2018-04-26T22:30;90;kWh;-787;1735;0;0;2522;948
2018-04-26T22:30;2018-04-26T22:45;91;kWh;-8474;0;0;0;8474;-8474
2018-04-26T22:45;2018-04-26T23:00;92;kWh;-16493;0;0;0;16493;-16493
2018-04-26T23:00;2018-04-26T23:15;93;kWh;-16176;6248;0;0;22424;-9928
2018-04-26T23:15;2018-04-26T23:30;94;kWh;-187;13047;0;0;13234;12860
2018-04-26T23:30;2018-04-26T23:45;95;kWh;-9319;194;0;0;9513;-9125
2018-04-26T23:45;2018-04-27T00:00;96;kWh;-5703;0;0;0;5703;-5703
2018-04-27T00:00;2018-04-27T00:15;1;kWh;-8010;0;0;0;8010;-8010
2018-04-27T00:15;2018-04-27T00:30;2;kWh;-32;0;0;0;32;-32
2018-04-27T00:30;2018-04-27T00:45;3;kWh;-8195;0;0;0;8195;-8195
2018-04-27T00:45;2018-04-27T01:00;4;kWh;-1209;255;0;0;1464;-954
2018-04-27T01:00;2018-04-27T01:15;5;kWh;-122;156;0;0;278;34
2018-04-27T01:15;2018-04-27T01:30;6;kWh;-1165;337;0;0;1502;-828
2018-04-27T01:30;2018-04-27T01:45;7;kWh;-20657;0;0;0;20657;-20657
2018-04-27T01:45;2018-04-27T02:00;8;kWh;-18983;0;0;0;18983;-18983
2018-04-27T02:00;2018-04-27T02:15;9;kWh;-6772;0;0;0;6772;-6772
2018-04-27T02:15;2018-04-27T02:30;10;kWh;-2123;0;0;0;2123;-2123
2018-04-27T02:30;2018-04-27T02:45;11;kWh;-15424;0;0;0;15424;-15424
2018-04-27T02:45;2018-04-27T03:00;12;kWh;-26226;0;0;0;26226;-26226
2018-04-27T03:00;2018-04-27T03:15;13;kWh;-20166;0;0;0;20166;-20166
2018-04-27T03:15;2018-04-27T03:30;14;kWh;-1624;0;0;0;1624;-1624
2018-04-27T03:30;2018-04-27T03:45;15;kWh;-18;0;0;0;18;-18
2018-04-27T03:45;2018-04-27T04:00;16;kWh;-859;0;0;0;859;-859
2018-04-27T04:00;2018-04-27T04:15;17;kWh;-2195;0;0;0;2195;-2195
2018-04-27T04:15;2018-04-27T04:30;18;kWh;-231;0;0;0;231;-231
2018-04-27T04:30;2018-04-27T04:45;19;kWh;0;308;0;0;308;308
2018-04-27T04:45;2018-04-27T05:00;20;kWh;0;1107;0;0;1107;1107
2018-04-27T05:00;2018-04-27T05:15;21;kWh;0;5421;0;0;5421;5421
2018-04-27T05:15;2018-04-27T05:30;22;kWh;0;383;0;0;383;383
2018-04-27T05:30;2018-04-27T05:45;23;kWh;0;3443;0;0;3443;3443
2018-04-27T05:45;2018-04-27T06:00;24;kWh;-32;6179;0;0;6211;6147
2018-04-27T06:00;2018-04-27T06:15;25;kWh;0;2787;0;0;2787;2787
2018-04-27T06:15;2018-04-27T06:30;26;kWh;0;743;0;0;743;743
2018-04-27T06:30;2018-04-27T06:45;27;kWh;0;6261;0;0;6261;6261
2018-04-27T06:45;2018-04-27T07:00;28;kWh;0;30466;0;0;30466;30466
2018-04-27T07:00;2018-04-27T07:15;29;kWh;-417;1472;0;0;1889;1055
2018-04-27T07:15;2018-04-27T07:30;30;kWh;-1248;0;0;0;1248;-1248
2018-04-27T07:30;2018-04-27T07:45;31;kWh;-175;0;0;0;175;-175
2018-04-27T07:45;2018-04-27T08:00;32;kWh;-79;0;0;0;79;-79
2018-04-27T08:00;2018-04-27T08:15;33;kWh;-807;0;0;0;807;-807
2018-04-27T08:15;2018-04-27T08:30;34;kWh;-3793;0;0;0;3793;-3793
2018-04-27T08:30;2018-04-27T08:45;35;kWh;-647;0;0;0;647;-647
2018-04-27T08:45;2018-04-27T09:00;36;kWh;0;0;0;0;0;0
2018-04-27T09:00;2018-04-27T09:15;37;kWh;0;63;0;0;63;63
2018-04-27T09:15;2018-04-27T09:30;38;kWh;0;317;0;0;317;317
2018-04-27T09:30;2018-04-27T09:45;39;kWh;-1536;0;0;0;1536;-1536
2018-04-27T09:45;2018-04-27T10:00;40;kWh;-2280;0;0;0;2280;-2280
2018-04-27T10:00;2018-04-27T10:15;41;kWh;-1351;0;0;0;1351;-1351
2018-04-27T10:15;2018-04-27T10:30;42;kWh;-5422;0;0;0;5422;-5422
2018-04-27T10:30;2018-04-27T10:45;43;kWh;-12121;0;0;0;12121;-12121
2018-04-27T10:45;2018-04-27T11:00;44;kWh;-4687;0;0;0;4687;-4687
2018-04-27T11:00;2018-04-27T11:15;45;kWh;-358;0;0;0;358;-358
2018-04-27T11:15;2018-04-27T11:30;46;kWh;-2730;0;0;0;2730;-2730
2018-04-27T11:30;2018-04-27T11:45;47;kWh;-2111;983;0;0;3094;-1128
2018-04-27T11:45;2018-04-27T12:00;48;kWh;0;5357;0;0;5357;5357
2018-04-27T12:00;2018-04-27T12:15;49;kWh;-4662;846;0;0;5508;-3816
2018-04-27T12:15;2018-04-27T12:30;50;kWh;-32357;0;0;0;32357;-32357
2018-04-27T12:30;2018-04-27T12:45;51;kWh;-59129;0;0;0;59129;-59129
2018-04-27T12:45;2018-04-27T13:00;52;kWh;-72454;0;0;0;72454;-72454
2018-04-27T13:00;2018-04-27T13:15;53;kWh;-54304;0;0;0;54304;-54304
2018-04-27T13:15;2018-04-27T13:30;54;kWh;-48738;0;0;0;48738;-48738
2018-04-27T13:30;2018-04-27T13:45;55;kWh;-41885;0;0;0;41885;-41885
2018-04-27T13:45;2018-04-27T14:00;56;kWh;-7646;0;0;0;7646;-7646
2018-04-27T14:00;2018-04-27T14:15;57;kWh;-15871;0;0;0;15871;-15871
2018-04-27T14:15;2018-04-27T14:30;58;kWh;-15227;0;0;0;15227;-15227
2018-04-27T14:30;2018-04-27T14:45;59;kWh;-20649;0;0;0;20649;-20649
2018-04-27T14:45;2018-04-27T15:00;60;kWh;-5432;0;0;0;5432;-5432
2018-04-27T15:00;2018-04-27T15:15;61;kWh;-331;0;0;0;331;-331
2018-04-27T15:15;2018-04-27T15:30;62;kWh;-5;0;0;0;5;-5
2018-04-27T15:30;2018-04-27T15:45;63;kWh;-6485;0;0;0;6485;-6485
2018-04-27T15:45;2018-04-27T16:00;64;kWh;-3811;0;0;0;3811;-3811
2018-04-27T16:00;2018-04-27T16:15;65;kWh;-106;0;0;0;106;-106
2018-04-27T16:15;2018-04-27T16:30;66;kWh;-652;0;0;0;652;-652
2018-04-27T16:30;2018-04-27T16:45;67;kWh;-15;8291;0;0;8306;8276
2018-04-27T16:45;2018-04-27T17:00;68;kWh;0;19224;0;0;19224;19224
2018-04-27T17:00;2018-04-27T17:15;69;kWh;-490;7378;0;0;7868;6888
2018-04-27T17:15;2018-04-27T17:30;70;kWh;0;0;0;0;0;0
2018-04-27T17:30;2018-04-27T17:45;71;kWh;0;0;0;0;0;0
2018-04-27T17:45;2018-04-27T18:00;72;kWh;0;0;0;0;0;0
2018-04-27T18:00;2018-04-27T18:15;73;kWh;-14479;0;0;0;14479;-14479
2018-04-27T18:15;2018-04-27T18:30;74;kWh;-17299;0;0;0;17299;-17299
2018-04-27T18:30;2018-04-27T18:45;75;kWh;-2503;0;0;0;2503;-2503
2018-04-27T18:45;2018-04-27T19:00;76;kWh;0;0;0;0;0;0
2018-04-27T19:00;2018-04-27T19:15;77;kWh;0;0;0;0;0;0
2018-04-27T19:15;2018-04-27T19:30;78;kWh;0;0;0;0;0;0
2018-04-27T19:30;2018-04-27T19:45;79;kWh;0;0;0;0;0;0
2018-04-27T19:45;2018-04-27T20:00;80;kWh;0;0;0;0;0;0
2018-04-27T20:00;2018-04-27T20:15;81;kWh;0;13342;0;0;13342;13342
2018-04-27T20:15;2018-04-27T20:30;82;kWh;0;19164;0;0;19164;19164
2018-04-27T20:30;2018-04-27T20:45;83;kWh;0;13558;0;0;13558;13558
2018-04-27T20:45;2018-04-27T21:00;84;kWh;0;690;0;0;690;690
2018-04-27T21:00;2018-04-27T21:15;85;kWh;0;0;0;0;0;0
2018-04-27T21:15;2018-04-27T21:30;86;kWh;0;3079;0;0;3079;3079
2018-04-27T21:30;2018-04-27T21:45;87;kWh;0;32266;0;0;32266;32266
2018-04-27T21:45;2018-04-27T22:00;88;kWh;-501;9045;0;0;9546;8544
2018-04-27T22:00;2018-04-27T22:15;89;kWh;-672;0;0;0;672;-672
2018-04-27T22:15;2018-04-27T22:30;90;kWh;-1050;0;0;0;1050;-1050
2018-04-27T22:30;2018-04-27T22:45;91;kWh;-2340;0;0;0;2340;-2340
2018-04-27T22:45;2018-04-27T23:00;92;kWh;-7068;0;0;0;7068;-7068
2018-04-27T23:00;2018-04-27T23:15;93;kWh;-3054;12166;0;0;15220;9112
2018-04-27T23:15;2018-04-27T23:30;94;kWh;0;11384;0;0;11384;11384
2018-04-27T23:30;2018-04-27T23:45;95;kWh;-2212;318;0;0;2530;-1894
2018-04-27T23:45;2018-04-28T00:00;96;kWh;-33701;0;0;0;33701;-33701
2018-04-28T00:00;2018-04-28T00:15;1;kWh;-47548;0;0;0;47548;-47548
2018-04-28T00:15;2018-04-28T00:30;2;kWh;-11061;0;0;0;11061;-11061
2018-04-28T00:30;2018-04-28T00:45;3;kWh;-5233;0;0;0;5233;-5233
2018-04-28T00:45;2018-04-28T01:00;4;kWh;-38597;0;0;0;38597;-38597
2018-04-28T01:00;2018-04-28T01:15;5;kWh;-21713;0;0;0;21713;-21713
2018-04-28T01:15;2018-04-28T01:30;6;kWh;-3614;0;0;0;3614;-3614
2018-04-28T01:30;2018-04-28T01:45;7;kWh;-10472;0;0;0;10472;-10472
2018-04-28T01:45;2018-04-28T02:00;8;kWh;-29182;0;0;0;29182;-29182
2018-04-28T02:00;2018-04-28T02:15;9;kWh;-11318;4545;0;0;15863;-6773
2018-04-28T02:15;2018-04-28T02:30;10;kWh;0;13684;0;0;13684;13684
2018-04-28T02:30;2018-04-28T02:45;11;kWh;0;16483;0;0;16483;16483
2018-04-28T02:45;2018-04-28T03:00;12;kWh;0;8743;0;0;8743;8743
2018-04-28T03:00;2018-04-28T03:15;13;kWh;0;8422;0;0;8422;8422
2018-04-28T03:15;2018-04-28T03:30;14;kWh;0;1248;0;0;1248;1248
2018-04-28T03:30;2018-04-28T03:45;15;kWh;0;0;0;0;0;0
2018-04-28T03:45;2018-04-28T04:00;16;kWh;0;0;0;0;0;0
2018-04-28T04:00;2018-04-28T04:15;17;kWh;0;0;0;0;0;0
2018-04-28T04:15;2018-04-28T04:30;18;kWh;0;357;0;0;357;357
2018-04-28T04:30;2018-04-28T04:45;19;kWh;0;900;0;0;900;900
2018-04-28T04:45;2018-04-28T05:00;20;kWh;0;450;0;0;450;450
2018-04-28T05:00;2018-04-28T05:15;21;kWh;-620;0;0;0;620;-620
2018-04-28T05:15;2018-04-28T05:30;22;kWh;-4157;0;0;0;4157;-4157
2018-04-28T05:30;2018-04-28T05:45;23;kWh;-3079;0;0;0;3079;-3079
2018-04-28T05:45;2018-04-28T06:00;24;kWh;-1147;0;0;0;1147;-1147
2018-04-28T06:00;2018-04-28T06:15;25;kWh;-1754;0;0;0;1754;-1754
2018-04-28T06:15;2018-04-28T06:30;26;kWh;-11924;0;0;0;11924;-11924
2018-04-28T06:30;2018-04-28T06:45;27;kWh;-2913;0;0;0;2913;-2913
2018-04-28T06:45;2018-04-28T07:00;28;kWh;-1566;0;0;0;1566;-1566
2018-04-28T07:00;2018-04-28T07:15;29;kWh;-8718;0;0;0;8718;-8718
2018-04-28T07:15;2018-04-28T07:30;30;kWh;-1906;0;0;0;1906;-1906
2018-04-28T07:30;2018-04-28T07:45;31;kWh;0;0;0;0;0;0
2018-04-28T07:45;2018-04-28T08:00;32;kWh;0;14915;0;0;14915;14915
2018-04-28T08:00;2018-04-28T08:15;33;kWh;-1510;7142;0;0;8652;5632
2018-04-28T08:15;2018-04-28T08:30;34;kWh;-1415;0;0;0;1415;-1415
2018-04-28T08:30;2018-04-28T08:45;35;kWh;0;0;0;0;0;0
2018-04-28T08:45;2018-04-28T09:00;36;kWh;0;738;0;0;738;738
2018-04-28T09:00;2018-04-28T09:15;37;kWh;0;54;0;0;54;54
2018-04-28T09:15;2018-04-28T09:30;38;kWh;0;0;0;0;0;0
2018-04-28T09:30;2018-04-28T09:45;39;kWh;0;0;0;0;0;0
2018-04-28T09:45;2018-04-28T10:00;40;kWh;-745;0;0;0;745;-745
2018-04-28T10:00;2018-04-28T10:15;41;kWh;-1971;0;0;0;1971;-1971
2018-04-28T10:15;2018-04-28T10:30;42;kWh;-361;0;0;0;361;-361
2018-04-28T10:30;2018-04-28T10:45;43;kWh;-787;0;0;0;787;-787
2018-04-28T10:45;2018-04-28T11:00;44;kWh;-2291;0;0;0;2291;-2291
2018-04-28T11:00;2018-04-28T11:15;45;kWh;-459;13891;0;0;14350;13432
2018-04-28T11:15;2018-04-28T11:30;46;kWh;0;30988;0;0;30988;30988
2018-04-28T11:30;2018-04-28T11:45;47;kWh;-427;6482;0;0;6909;6055
2018-04-28T11:45;2018-04-28T12:00;48;kWh;0;0;0;0;0;0
2018-04-28T12:00;2018-04-28T12:15;49;kWh;0;0;0;0;0;0
2018-04-28T12:15;2018-04-28T12:30;50;kWh;0;0;0;0;0;0
2018-04-28T12:30;2018-04-28T12:45;51;kWh;0;118;0;0;118;118
2018-04-28T12:45;2018-04-28T13:00;52;kWh;0;1387;0;0;1387;1387
2018-04-28T13:00;2018-04-28T13:15;53;kWh;0;2784;0;0;2784;2784
2018-04-28T13:15;2018-04-28T13:30;54;kWh;-24;1752;0;0;1776;1728
2018-04-28T13:30;2018-04-28T13:45;55;kWh;-2187;0;0;0;2187;-2187
2018-04-28T13:45;2018-04-28T14:00;56;kWh;-2463;0;0;0;2463;-2463
2018-04-28T14:00;2018-04-28T14:15;57;kWh;-1519;205;0;0;1724;-1314
2018-04-28T14:15;2018-04-28T14:30;58;kWh;0;3839;0;0;3839;3839
2018-04-28T14:30;2018-04-28T14:45;59;kWh;0;318;0;0;318;318
2018-04-28T14:45;2018-04-28T15:00;60;kWh;0;384;0;0;384;384
2018-04-28T15:00;2018-04-28T15:15;61;kWh;0;0;0;0;0;0
2018-04-28T15:15;2018-04-28T15:30;62;kWh;0;5;0;0;5;5
2018-04-28T15:30;2018-04-28T15:45;63;kWh;0;742;0;0;742;742
2018-04-28T15:45;2018-04-28T16:00;64;kWh;0;1012;0;0;1012;1012
2018-04-28T16:00;2018-04-28T16:15;65;kWh;-3754;27;0;0;3781;-3727
2018-04-28T16:15;2018-04-28T16:30;66;kWh;-10760;0;0;0;10760;-10760
2018-04-28T16:30;2018-04-28T16:45;67;kWh;-1387;0;0;0;1387;-1387
2018-04-28T16:45;2018-04-28T17:00;68;kWh;-3223;0;0;0;3223;-3223
2018-04-28T17:00;2018-04-28T17:15;69;kWh;-1218;0;0;0;1218;-1218
2018-04-28T17:15;2018-04-28T17:30;70;kWh;-878;54;0;0;932;-824
2018-04-28T17:30;2018-04-28T17:45;71;kWh;0;15300;0;0;15300;15300
2018-04-28T17:45;2018-04-28T18:00;72;kWh;0;19259;0;0;19259;19259
2018-04-28T18:00;2018-04-28T18:15;73;kWh;-247;10770;0;0;11017;10523
2018-04-28T18:15;2018-04-28T18:30;74;kWh;-143;1320;0;0;1463;1177
2018-04-28T18:30;2018-04-28T18:45;75;kWh;0;3622;0;0;3622;3622
2018-04-28T18:45;2018-04-28T19:00;76;kWh;0;15925;0;0;15925;15925
2018-04-28T19:00;2018-04-28T19:15;77;kWh;-111;11181;0;0;11292;11070
2018-04-28T19:15;2018-04-28T19:30;78;kWh;-902;61;0;0;963;-841
2018-04-28T19:30;2018-04-28T19:45;79;kWh;-151;0;0;0;151;-151
2018-04-28T19:45;2018-04-28T20:00;80;kWh;-2158;0;0;0;2158;-2158
2018-04-28T20:00;2018-04-28T20:15;81;kWh;-463;0;0;0;463;-463
2018-04-28T20:15;2018-04-28T20:30;82;kWh;-601;0;0;0;601;-601
2018-04-28T20:30;2018-04-28T20:45;83;kWh;-934;0;0;0;934;-934
2018-04-28T20:45;2018-04-28T21:00;84;kWh;-854;0;0;0;854;-854
2018-04-28T21:00;2018-04-28T21:15;85;kWh;-971;0;0;0;971;-971
2018-04-28T21:15;2018-04-28T21:30;86;kWh;-1743;0;0;0;1743;-1743
2018-04-28T21:30;2018-04-28T21:45;87;kWh;-98;0;0;0;98;-98
2018-04-28T21:45;2018-04-28T22:00;88;kWh;-11673;0;0;0;11673;-11673
2018-04-28T22:00;2018-04-28T22:15;89;kWh;-21391;77;0;0;21468;-21314
2018-04-28T22:15;2018-04-28T22:30;90;kWh;-2168;13474;0;0;15642;11306
2018-04-28T22:30;2018-04-28T22:45;91;kWh;-1109;1308;0;0;2417;199
2018-04-28T22:45;2018-04-28T23:00;92;kWh;-11587;0;0;0;11587;-11587
2018-04-28T23:00;2018-04-28T23:15;93;kWh;-13702;112;0;0;13814;-13590
2018-04-28T23:15;2018-04-28T23:30;94;kWh;-32;1259;0;0;1291;1227
2018-04-28T23:30;2018-04-28T23:45;95;kWh;-5464;0;0;0;5464;-5464
2018-04-28T23:45;2018-04-29T00:00;96;kWh;-23289;0;0;0;23289;-23289
2018-04-29T00:00;2018-04-29T00:15;1;kWh;-11178;121;0;0;11299;-11057
2018-04-29T00:15;2018-04-29T00:30;2;kWh;-829;16;0;0;845;-813
2018-04-29T00:30;2018-04-29T00:45;3;kWh;-18406;0;0;0;18406;-18406
2018-04-29T00:45;2018-04-29T01:00;4;kWh;-55410;0;0;0;55410;-55410
2018-04-29T01:00;2018-04-29T01:15;5;kWh;-27982;0;0;0;27982;-27982
2018-04-29T01:15;2018-04-29T01:30;6;kWh;0;0;0;0;0;0
2018-04-29T01:30;2018-04-29T01:45;7;kWh;0;0;0;0;0;0
2018-04-29T01:45;2018-04-29T02:00;8;kWh;-4881;0;0;0;4881;-4881
2018-04-29T02:00;2018-04-29T02:15;9;kWh;-10637;0;0;0;10637;-10637
2018-04-29T02:15;2018-04-29T02:30;10;kWh;-2;0;0;0;2;-2
2018-04-29T02:30;2018-04-29T02:45;11;kWh;-98;0;0;0;98;-98
2018-04-29T02:45;2018-04-29T03:00;12;kWh;-11288;0;0;0;11288;-11288
2018-04-29T03:00;2018-04-29T03:15;13;kWh;-10076;0;0;0;10076;-10076
2018-04-29T03:15;2018-04-29T03:30;14;kWh;-6807;0;0;0;6807;-6807
2018-04-29T03:30;2018-04-29T03:45;15;kWh;-2745;0;0;0;2745;-2745
2018-04-29T03:45;2018-04-29T04:00;16;kWh;-35316;0;0;0;35316;-35316
2018-04-29T04:00;2018-04-29T04:15;17;kWh;-22352;0;0;0;22352;-22352
2018-04-29T04:15;2018-04-29T04:30;18;kWh;-3964;0;0;0;3964;-3964
2018-04-29T04:30;2018-04-29T04:45;19;kWh;-8532;0;0;0;8532;-8532
2018-04-29T04:45;2018-04-29T05:00;20;kWh;-1183;0;0;0;1183;-1183
2018-04-29T05:00;2018-04-29T05:15;21;kWh;-1818;0;0;0;1818;-1818
2018-04-29T05:15;2018-04-29T05:30;22;kWh;-56;0;0;0;56;-56
2018-04-29T05:30;2018-04-29T05:45;23;kWh;0;0;0;0;0;0
2018-04-29T05:45;2018-04-29T06:00;24;kWh;-4299;0;0;0;4299;-4299
2018-04-29T06:00;2018-04-29T06:15;25;kWh;-4099;0;0;0;4099;-4099
2018-04-29T06:15;2018-04-29T06:30;26;kWh;-15032;0;0;0;15032;-15032
2018-04-29T06:30;2018-04-29T06:45;27;kWh;-58245;0;0;0;58245;-58245
2018-04-29T06:45;2018-04-29T07:00;28;kWh;-30416;0;0;0;30416;-30416
2018-04-29T07:00;2018-04-29T07:15;29;kWh;-5774;0;0;0;5774;-5774
2018-04-29T07:15;2018-04-29T07:30;30;kWh;-106;996;0;0;1102;890
2018-04-29T07:30;2018-04-29T07:45;31;kWh;-2576;0;0;0;2576;-2576
2018-04-29T07:45;2018-04-29T08:00;32;kWh;-4568;0;0;0;4568;-4568
2018-04-29T08:00;2018-04-29T08:15;33;kWh;-8771;0;0;0;8771;-8771
2018-04-29T08:15;2018-04-29T08:30;34;kWh;-2372;0;0;0;2372;-2372
2018-04-29T08:30;2018-04-29T08:45;35;kWh;0;0;0;0;0;0
2018-04-29T08:45;2018-04-29T09:00;36;kWh;-201;0;0;0;201;-201
2018-04-29T09:00;2018-04-29T09:15;37;kWh;-743;0;0;0;743;-743
2018-04-29T09:15;2018-04-29T09:30;38;kWh;0;0;0;0;0;0
2018-04-29T09:30;2018-04-29T09:45;39;kWh;-1255;0;0;0;1255;-1255
2018-04-29T09:45;2018-04-29T10:00;40;kWh;-3336;0;0;0;3336;-3336
2018-04-29T10:00;2018-04-29T10:15;41;kWh;-455;0;0;0;455;-455
2018-04-29T10:15;2018-04-29T10:30;42;kWh;-422;1;0;0;423;-421
2018-04-29T10:30;2018-04-29T10:45;43;kWh;0;16015;0;0;16015;16015
2018-04-29T10:45;2018-04-29T11:00;44;kWh;0;31437;0;0;31437;31437
2018-04-29T11:00;2018-04-29T11:15;45;kWh;0;38063;0;0;38063;38063
2018-04-29T11:15;2018-04-29T11:30;46;kWh;0;43039;0;0;43039;43039
2018-04-29T11:30;2018-04-29T11:45;47;kWh;0;51225;0;0;51225;51225
2018-04-29T11:45;2018-04-29T12:00;48;kWh;0;51905;0;0;51905;51905
2018-04-29T12:00;2018-04-29T12:15;49;kWh;0;37457;0;0;37457;37457
2018-04-29T12:15;2018-04-29T12:30;50;kWh;0;46486;0;0;46486;46486
2018-04-29T12:30;2018-04-29T12:45;51;kWh;0;38117;0;0;38117;38117
2018-04-29T12:45;2018-04-29T13:00;52;kWh;0;41987;0;0;41987;41987
2018-04-29T13:00;2018-04-29T13:15;53;kWh;0;45728;0;0;45728;45728
2018-04-29T13:15;2018-04-29T13:30;54;kWh;0;35412;0;0;35412;35412
2018-04-29T13:30;2018-04-29T13:45;55;kWh;-696;15874;0;0;16570;15178
2018-04-29T13:45;2018-04-29T14:00;56;kWh;-3013;170;0;0;3183;-2843
2018-04-29T14:00;2018-04-29T14:15;57;kWh;-1802;9422;0;0;11224;7620
2018-04-29T14:15;2018-04-29T14:30;58;kWh;-6;3909;0;0;3915;3903
2018-04-29T14:30;2018-04-29T14:45;59;kWh;-599;0;0;0;599;-599
2018-04-29T14:45;2018-04-29T15:00;60;kWh;-11145;0;0;0;11145;-11145
2018-04-29T15:00;2018-04-29T15:15;61;kWh;-435;5309;0;0;5744;4874
2018-04-29T15:15;2018-04-29T15:30;62;kWh;0;5006;0;0;5006;5006
2018-04-29T15:30;2018-04-29T15:45;63;kWh;0;5768;0;0;5768;5768
2018-04-29T15:45;2018-04-29T16:00;64;kWh;0;1647;0;0;1647;1647
2018-04-29T16:00;2018-04-29T16:15;65;kWh;0;19896;0;0;19896;19896
2018-04-29T16:15;2018-04-29T16:30;66;kWh;0;27451;0;0;27451;27451
2018-04-29T16:30;2018-04-29T16:45;67;kWh;0;27175;0;0;27175;27175
2018-04-29T16:45;2018-04-29T17:00;68;kWh;0;33811;0;0;33811;33811
2018-04-29T17:00;2018-04-29T17:15;69;kWh;-2645;8197;0;0;10842;5552
2018-04-29T17:15;2018-04-29T17:30;70;kWh;-1026;0;0;0;1026;-1026
2018-04-29T17:30;2018-04-29T17:45;71;kWh;-1335;377;0;0;1712;-958
2018-04-29T17:45;2018-04-29T18:00;72;kWh;-3;334;0;0;337;331
2018-04-29T18:00;2018-04-29T18:15;73;kWh;0;3925;0;0;3925;3925
2018-04-29T18:15;2018-04-29T18:30;74;kWh;0;632;0;0;632;632
2018-04-29T18:30;2018-04-29T18:45;75;kWh;0;0;0;0;0;0
2018-04-29T18:45;2018-04-29T19:00;76;kWh;0;0;0;0;0;0
2018-04-29T19:00;2018-04-29T19:15;77;kWh;-102;0;0;0;102;-102
2018-04-29T19:15;2018-04-29T19:30;78;kWh;-7096;0;0;0;7096;-7096
2018-04-29T19:30;2018-04-29T19:45;79;kWh;-7096;0;0;0;7096;-7096
2018-04-29T19:45;2018-04-29T20:00;80;kWh;-24714;0;0;0;24714;-24714
2018-04-29T20:00;2018-04-29T20:15;81;kWh;-15838;0;0;0;15838;-15838
2018-04-29T20:15;2018-04-29T20:30;82;kWh;-29798;0;0;0;29798;-29798
2018-04-29T20:30;2018-04-29T20:45;83;kWh;-19864;0;0;0;19864;-19864
2018-04-29T20:45;2018-04-29T21:00;84;kWh;-33493;0;0;0;33493;-33493
2018-04-29T21:00;2018-04-29T21:15;85;kWh;-7733;5456;0;0;13189;-2277
2018-04-29T21:15;2018-04-29T21:30;86;kWh;-17744;360;0;0;18104;-17384
2018-04-29T21:30;2018-04-29T21:45;87;kWh;-26292;115;0;0;26407;-26177
2018-04-29T21:45;2018-04-29T22:00;88;kWh;-47724;0;0;0;47724;-47724
2018-04-29T22:00;2018-04-29T22:15;89;kWh;-14644;0;0;0;14644;-14644
2018-04-29T22:15;2018-04-29T22:30;90;kWh;-16840;0;0;0;16840;-16840
2018-04-29T22:30;2018-04-29T22:45;91;kWh;-36813;0;0;0;36813;-36813
2018-04-29T22:45;2018-04-29T23:00;92;kWh;-30161;0;0;0;30161;-30161
2018-04-29T23:00;2018-04-29T23:15;93;kWh;-29887;0;0;0;29887;-29887
2018-04-29T23:15;2018-04-29T23:30;94;kWh;-47641;0;0;0;47641;-47641
2018-04-29T23:30;2018-04-29T23:45;95;kWh;-35910;0;0;0;35910;-35910
2018-04-29T23:45;2018-04-30T00:00;96;kWh;-31919;0;0;0;31919;-31919
2018-04-30T00:00;2018-04-30T00:15;1;kWh;-27555;53;0;0;27608;-27502
2018-04-30T00:15;2018-04-30T00:30;2;kWh;-12943;70;0;0;13013;-12873
2018-04-30T00:30;2018-04-30T00:45;3;kWh;-35649;0;0;0;35649;-35649
2018-04-30T00:45;2018-04-30T01:00;4;kWh;-53988;0;0;0;53988;-53988
2018-04-30T01:00;2018-04-30T01:15;5;kWh;-43020;0;0;0;43020;-43020
2018-04-30T01:15;2018-04-30T01:30;6;kWh;-23851;0;0;0;23851;-23851
2018-04-30T01:30;2018-04-30T01:45;7;kWh;-4563;0;0;0;4563;-4563
2018-04-30T01:45;2018-04-30T02:00;8;kWh;-9071;0;0;0;9071;-9071
2018-04-30T02:00;2018-04-30T02:15;9;kWh;-15165;0;0;0;15165;-15165
2018-04-30T02:15;2018-04-30T02:30;10;kWh;0;0;0;0;0;0
2018-04-30T02:30;2018-04-30T02:45;11;kWh;0;0;0;0;0;0
2018-04-30T02:45;2018-04-30T03:00;12;kWh;0;1672;0;0;1672;1672
2018-04-30T03:00;2018-04-30T03:15;13;kWh;0;153;0;0;153;153
2018-04-30T03:15;2018-04-30T03:30;14;kWh;0;5238;0;0;5238;5238
2018-04-30T03:30;2018-04-30T03:45;15;kWh;0;42727;0;0;42727;42727
2018-04-30T03:45;2018-04-30T04:00;16;kWh;-97;25120;0;0;25217;25023
2018-04-30T04:00;2018-04-30T04:15;17;kWh;-930;1164;0;0;2094;234
2018-04-30T04:15;2018-04-30T04:30;18;kWh;0;0;0;0;0;0
2018-04-30T04:30;2018-04-30T04:45;19;kWh;0;45;0;0;45;45
2018-04-30T04:45;2018-04-30T05:00;20;kWh;0;7172;0;0;7172;7172
2018-04-30T05:00;2018-04-30T05:15;21;kWh;0;439;0;0;439;439
2018-04-30T05:15;2018-04-30T05:30;22;kWh;0;0;0;0;0;0
2018-04-30T05:30;2018-04-30T05:45;23;kWh;0;12832;0;0;12832;12832
2018-04-30T05:45;2018-04-30T06:00;24;kWh;0;58608;0;0;58608;58608
2018-04-30T06:00;2018-04-30T06:15;25;kWh;-12;26653;0;0;26665;26641
2018-04-30T06:15;2018-04-30T06:30;26;kWh;-7461;2601;0;0;10062;-4860
2018-04-30T06:30;2018-04-30T06:45;27;kWh;-1446;24350;0;0;25796;22904
2018-04-30T06:45;2018-04-30T07:00;28;kWh;0;103098;0;0;103098;103098
2018-04-30T07:00;2018-04-30T07:15;29;kWh;-643;16070;0;0;16713;15427
2018-04-30T07:15;2018-04-30T07:30;30;kWh;0;12626;0;0;12626;12626
2018-04-30T07:30;2018-04-30T07:45;31;kWh;0;48514;0;0;48514;48514
2018-04-30T07:45;2018-04-30T08:00;32;kWh;0;104974;0;0;104974;104974
2018-04-30T08:00;2018-04-30T08:15;33;kWh;-236;57061;0;0;57297;56825
2018-04-30T08:15;2018-04-30T08:30;34;kWh;-15;26136;0;0;26151;26121
2018-04-30T08:30;2018-04-30T08:45;35;kWh;0;107069;0;0;107069;107069
2018-04-30T08:45;2018-04-30T09:00;36;kWh;0;115479;0;0;115479;115479
2018-04-30T09:00;2018-04-30T09:15;37;kWh;0;115434;0;11666;127100;127100
2018-04-30T09:15;2018-04-30T09:30;38;kWh;0;115556;0;34998;150554;150554
2018-04-30T09:30;2018-04-30T09:45;39;kWh;0;112959;0;64998;177957;177957
2018-04-30T09:45;2018-04-30T10:00;40;kWh;0;105192;0;64998;170190;170190
2018-04-30T10:00;2018-04-30T10:15;41;kWh;0;117478;0;72250;189728;189728
2018-04-30T10:15;2018-04-30T10:30;42;kWh;0;116714;0;93031;209745;209745
2018-04-30T10:30;2018-04-30T10:45;43;kWh;0;116948;0;97059;214007;214007
2018-04-30T10:45;2018-04-30T11:00;44;kWh;0;116964;0;102063;219027;219027
2018-04-30T11:00;2018-04-30T11:15;45;kWh;0;116964;0;102063;219027;219027
2018-04-30T11:15;2018-04-30T11:30;46;kWh;0;117200;0;102063;224263;224263
2018-04-30T11:30;2018-04-30T11:45;47;kWh;0;117214;0;111229;233443;233443
2018-04-30T11:45;2018-04-30T12:00;48;kWh;0;86390;0;115812;207202;207202
2018-04-30T12:00;2018-04-30T12:15;49;kWh;0;75864;0;115812;191676;191676
2018-04-30T12:15;2018-04-30T12:30;50;kWh;0;54850;0;115812;170662;170662
2018-04-30T12:30;2018-04-30T12:45;51;kWh;0;59467;0;104808;164275;164275
2018-04-30T12:45;2018-04-30T13:00;52;kWh;0;67027;0;91545;158572;158572
2018-04-30T13:00;2018-04-30T13:15;53;kWh;0;56155;0;89043;145198;145198
2018-04-30T13:15;2018-04-30T13:30;54;kWh;0;52153;0;89043;141196;141196
2018-04-30T13:30;2018-04-30T13:45;55;kWh;0;58633;0;89043;147676;147676
2018-04-30T13:45;2018-04-30T14:00;56;kWh;0;55305;0;86754;142059;142059
2018-04-30T14:00;2018-04-30T14:15;57;kWh;-386;4439;0;86754;91579;90807
2018-04-30T14:15;2018-04-30T14:30;58;kWh;0;323;0;64998;65321;65321
2018-04-30T14:30;2018-04-30T14:45;59;kWh;-7410;0;0;64998;72408;57588
2018-04-30T14:45;2018-04-30T15:00;60;kWh;-27582;0;0;59165;86747;31583
2018-04-30T15:00;2018-04-30T15:15;61;kWh;-31742;0;0;47499;79241;15757
2018-04-30T15:15;2018-04-30T15:30;62;kWh;-65389;0;0;31666;97055;-33723
2018-04-30T15:30;2018-04-30T15:45;63;kWh;-8993;0;0;0;8993;-8993
2018-04-30T15:45;2018-04-30T16:00;64;kWh;-12446;0;0;0;12446;-12446
2018-04-30T16:00;2018-04-30T16:15;65;kWh;-21874;0;0;0;21874;-21874
2018-04-30T16:15;2018-04-30T16:30;66;kWh;-34078;0;0;0;34078;-34078
2018-04-30T16:30;2018-04-30T16:45;67;kWh;-61268;0;0;0;61268;-61268
2018-04-30T16:45;2018-04-30T17:00;68;kWh;-43454;0;0;0;43454;-43454
2018-04-30T17:00;2018-04-30T17:15;69;kWh;-48014;0;0;0;48014;-48014
2018-04-30T17:15;2018-04-30T17:30;70;kWh;-31025;0;0;0;31025;-31025
2018-04-30T17:30;2018-04-30T17:45;71;kWh;-51136;0;0;0;51136;-51136
2018-04-30T17:45;2018-04-30T18:00;72;kWh;-54212;0;0;0;54212;-54212
2018-04-30T18:00;2018-04-30T18:15;73;kWh;-63980;0;0;0;63980;-63980
2018-04-30T18:15;2018-04-30T18:30;74;kWh;-65639;0;0;0;65639;-65639
2018-04-30T18:30;2018-04-30T18:45;75;kWh;-46751;0;0;0;46751;-46751
2018-04-30T18:45;2018-04-30T19:00;76;kWh;-16489;0;0;0;16489;-16489
2018-04-30T19:00;2018-04-30T19:15;77;kWh;0;10749;0;0;10749;10749
2018-04-30T19:15;2018-04-30T19:30;78;kWh;0;17682;0;0;17682;17682
2018-04-30T19:30;2018-04-30T19:45;79;kWh;-640;6198;0;0;6838;5558
2018-04-30T19:45;2018-04-30T20:00;80;kWh;-4161;0;0;0;4161;-4161
2018-04-30T20:00;2018-04-30T20:15;81;kWh;-5353;0;0;0;5353;-5353
2018-04-30T20:15;2018-04-30T20:30;82;kWh;-16105;0;0;0;16105;-16105
2018-04-30T20:30;2018-04-30T20:45;83;kWh;-19051;0;0;0;19051;-19051
2018-04-30T20:45;2018-04-30T21:00;84;kWh;-511;0;0;0;511;-511
2018-04-30T21:00;2018-04-30T21:15;85;kWh;0;7414;0;0;7414;7414
2018-04-30T21:15;2018-04-30T21:30;86;kWh;0;36315;0;0;36315;36315
2018-04-30T21:30;2018-04-30T21:45;87;kWh;-344;4978;0;0;5322;4634
2018-04-30T21:45;2018-04-30T22:00;88;kWh;-27645;0;0;0;27645;-27645
2018-04-30T22:00;2018-04-30T22:15;89;kWh;-4717;37413;0;0;42130;32696
2018-04-30T22:15;2018-04-30T22:30;90;kWh;0;113962;0;0;113962;113962
2018-04-30T22:30;2018-04-30T22:45;91;kWh;0;59895;0;0;59895;59895
2018-04-30T22:45;2018-04-30T23:00;92;kWh;-3406;0;0;0;3406;-3406
2018-04-30T23:00;2018-04-30T23:15;93;kWh;-905;37446;0;0;38351;36541
2018-04-30T23:15;2018-04-30T23:30;94;kWh;0;104788;0;0;104788;104788
2018-04-30T23:30;2018-04-30T23:45;95;kWh;-5181;18717;0;0;23898;13536
2018-04-30T23:45;2018-05-01T00:00;96;kWh;-16361;0;0;0;16361;-16361
2018-05-01T00:00;2018-05-01T00:15;1;kWh;-30846;0;0;0;30846;-30846
2018-05-01T00:15;2018-05-01T00:30;2;kWh;-48650;0;0;0;48650;-48650
2018-05-01T00:30;2018-05-01T00:45;3;kWh;-29444;0;0;0;29444;-29444
2018-05-01T00:45;2018-05-01T01:00;4;kWh;-57387;0;0;0;57387;-57387
2018-05-01T01:00;2018-05-01T01:15;5;kWh;-7231;784;0;0;8015;-6447
2018-05-01T01:15;2018-05-01T01:30;6;kWh;-1307;67;0;0;1374;-1240
2018-05-01T01:30;2018-05-01T01:45;7;kWh;-966;0;0;0;966;-966
2018-05-01T01:45;2018-05-01T02:00;8;kWh;-4514;0;0;0;4514;-4514
2018-05-01T02:00;2018-05-01T02:15;9;kWh;-2879;0;0;0;2879;-2879
2018-05-01T02:15;2018-05-01T02:30;10;kWh;-6051;0;0;0;6051;-6051
2018-05-01T02:30;2018-05-01T02:45;11;kWh;-37391;0;0;0;37391;-37391
2018-05-01T02:45;2018-05-01T03:00;12;kWh;-43381;0;0;0;43381;-43381
2018-05-01T03:00;2018-05-01T03:15;13;kWh;-36903;0;0;0;36903;-36903
2018-05-01T03:15;2018-05-01T03:30;14;kWh;-18563;0;0;0;18563;-18563
2018-05-01T03:30;2018-05-01T03:45;15;kWh;-34065;0;0;0;34065;-34065
2018-05-01T03:45;2018-05-01T04:00;16;kWh;-36999;0;0;0;36999;-36999
2018-05-01T04:00;2018-05-01T04:15;17;kWh;-16783;0;0;0;16783;-16783
2018-05-01T04:15;2018-05-01T04:30;18;kWh;0;19;0;0;19;19
2018-05-01T04:30;2018-05-01T04:45;19;kWh;0;30;0;0;30;30
2018-05-01T04:45;2018-05-01T05:00;20;kWh;0;1544;0;0;1544;1544
2018-05-01T05:00;2018-05-01T05:15;21;kWh;0;901;0;0;901;901
2018-05-01T05:15;2018-05-01T05:30;22;kWh;0;57;0;0;57;57
2018-05-01T05:30;2018-05-01T05:45;23;kWh;0;2207;0;0;2207;2207
2018-05-01T05:45;2018-05-01T06:00;24;kWh;0;23606;0;0;23606;23606
2018-05-01T06:00;2018-05-01T06:15;25;kWh;-1301;5786;0;0;7087;4485
2018-05-01T06:15;2018-05-01T06:30;26;kWh;-914;0;0;0;914;-914
2018-05-01T06:30;2018-05-01T06:45;27;kWh;-554;0;0;0;554;-554
2018-05-01T06:45;2018-05-01T07:00;28;kWh;0;7500;0;0;7500;7500
2018-05-01T07:00;2018-05-01T07:15;29;kWh;-524;2601;0;0;3125;2077
2018-05-01T07:15;2018-05-01T07:30;30;kWh;-676;0;0;0;676;-676
2018-05-01T07:30;2018-05-01T07:45;31;kWh;0;0;0;0;0;0
2018-05-01T07:45;2018-05-01T08:00;32;kWh;0;0;0;0;0;0
2018-05-01T08:00;2018-05-01T08:15;33;kWh;0;0;0;0;0;0
2018-05-01T08:15;2018-05-01T08:30;34;kWh;0;0;0;0;0;0
2018-05-01T08:30;2018-05-01T08:45;35;kWh;0;21816;0;0;21816;21816
2018-05-01T08:45;2018-05-01T09:00;36;kWh;0;52645;0;0;52645;52645
2018-05-01T09:00;2018-05-01T09:15;37;kWh;0;76386;0;0;76386;76386
2018-05-01T09:15;2018-05-01T09:30;38;kWh;0;57984;0;0;57984;57984
2018-05-01T09:30;2018-05-01T09:45;39;kWh;0;59365;0;0;59365;59365
2018-05-01T09:45;2018-05-01T10:00;40;kWh;0;25574;0;0;25574;25574
2018-05-01T10:00;2018-05-01T10:15;41;kWh;0;7819;0;0;7819;7819
2018-05-01T10:15;2018-05-01T10:30;42;kWh;0;1838;0;0;1838;1838
2018-05-01T10:30;2018-05-01T10:45;43;kWh;0;0;0;0;0;0
2018-05-01T10:45;2018-05-01T11:00;44;kWh;0;0;0;0;0;0
2018-05-01T11:00;2018-05-01T11:15;45;kWh;-1337;0;0;0;1337;-1337
2018-05-01T11:15;2018-05-01T11:30;46;kWh;-15890;0;0;0;15890;-15890
2018-05-01T11:30;2018-05-01T11:45;47;kWh;-7325;0;0;0;7325;-7325
2018-05-01T11:45;2018-05-01T12:00;48;kWh;-1751;0;0;0;1751;-1751
2018-05-01T12:00;2018-05-01T12:15;49;kWh;-7938;0;0;0;7938;-7938
2018-05-01T12:15;2018-05-01T12:30;50;kWh;-36191;0;0;0;36191;-36191
2018-05-01T12:30;2018-05-01T12:45;51;kWh;-40279;0;0;0;40279;-40279
2018-05-01T12:45;2018-05-01T13:00;52;kWh;-30917;0;0;0;30917;-30917
2018-05-01T13:00;2018-05-01T13:15;53;kWh;-21330;0;0;0;21330;-21330
2018-05-01T13:15;2018-05-01T13:30;54;kWh;-40690;0;0;0;40690;-40690
2018-05-01T13:30;2018-05-01T13:45;55;kWh;-58024;0;0;0;58024;-58024
2018-05-01T13:45;2018-05-01T14:00;56;kWh;-60151;0;0;0;60151;-60151
2018-05-01T14:00;2018-05-01T14:15;57;kWh;-32970;25;0;0;32995;-32945
2018-05-01T14:15;2018-05-01T14:30;58;kWh;-3485;16;0;0;3501;-3469
2018-05-01T14:30;2018-05-01T14:45;59;kWh;-13231;0;0;0;13231;-13231
2018-05-01T14:45;2018-05-01T15:00;60;kWh;-21267;0;0;0;21267;-21267
2018-05-01T15:00;2018-05-01T15:15;61;kWh;-35632;0;0;0;35632;-35632
2018-05-01T15:15;2018-05-01T15:30;62;kWh;-40464;0;0;0;40464;-40464
2018-05-01T15:30;2018-05-01T15:45;63;kWh;-3963;280;0;0;4243;-3683
2018-05-01T15:45;2018-05-01T16:00;64;kWh;-5;2674;0;0;2679;2669
2018-05-01T16:00;2018-05-01T16:15;65;kWh;-3289;170;0;0;3459;-3119
2018-05-01T16:15;2018-05-01T16:30;66;kWh;-9407;0;0;0;9407;-9407
2018-05-01T16:30;2018-05-01T16:45;67;kWh;-2258;0;0;0;2258;-2258
2018-05-01T16:45;2018-05-01T17:00;68;kWh;-95;0;0;0;95;-95
2018-05-01T17:00;2018-05-01T17:15;69;kWh;-395;0;0;0;395;-395
2018-05-01T17:15;2018-05-01T17:30;70;kWh;0;0;0;0;0;0
2018-05-01T17:30;2018-05-01T17:45;71;kWh;0;1466;0;0;1466;1466
2018-05-01T17:45;2018-05-01T18:00;72;kWh;0;38352;0;0;38352;38352
2018-05-01T18:00;2018-05-01T18:15;73;kWh;-1392;13969;0;0;15361;12577
2018-05-01T18:15;2018-05-01T18:30;74;kWh;-6492;0;0;0;6492;-6492
2018-05-01T18:30;2018-05-01T18:45;75;kWh;-3451;0;0;0;3451;-3451
2018-05-01T18:45;2018-05-01T19:00;76;kWh;-432;0;0;0;432;-432
2018-05-01T19:00;2018-05-01T19:15;77;kWh;0;0;0;0;0;0
2018-05-01T19:15;2018-05-01T19:30;78;kWh;0;2094;0;0;2094;2094
2018-05-01T19:30;2018-05-01T19:45;79;kWh;0;34211;0;0;34211;34211
2018-05-01T19:45;2018-05-01T20:00;80;kWh;0;58440;0;0;58440;58440
2018-05-01T20:00;2018-05-01T20:15;81;kWh;0;42295;0;0;42295;42295
2018-05-01T20:15;2018-05-01T20:30;82;kWh;0;25202;0;0;25202;25202
2018-05-01T20:30;2018-05-01T20:45;83;kWh;0;27747;0;0;27747;27747
2018-05-01T20:45;2018-05-01T21:00;84;kWh;0;34511;0;0;34511;34511
2018-05-01T21:00;2018-05-01T21:15;85;kWh;0;22055;0;0;22055;22055
2018-05-01T21:15;2018-05-01T21:30;86;kWh;0;45126;0;0;45126;45126
2018-05-01T21:30;2018-05-01T21:45;87;kWh;0;54893;0;0;54893;54893
2018-05-01T21:45;2018-05-01T22:00;88;kWh;0;51319;0;0;51319;51319
2018-05-01T22:00;2018-05-01T22:15;89;kWh;-303;10260;0;0;10563;9957
2018-05-01T22:15;2018-05-01T22:30;90;kWh;0;33797;0;0;33797;33797
2018-05-01T22:30;2018-05-01T22:45;91;kWh;-1025;1093;0;0;2118;68
2018-05-01T22:45;2018-05-01T23:00;92;kWh;0;49;0;0;49;49
2018-05-01T23:00;2018-05-01T23:15;93;kWh;0;36812;0;0;36812;36812
2018-05-01T23:15;2018-05-01T23:30;94;kWh;0;61096;0;0;61096;61096
2018-05-01T23:30;2018-05-01T23:45;95;kWh;-1725;8403;0;0;10128;6678
2018-05-01T23:45;2018-05-02T00:00;96;kWh;-31211;0;0;0;31211;-31211
2018-05-02T00:00;2018-05-02T00:15;1;kWh;-16058;5217;0;0;21275;-10841
2018-05-02T00:15;2018-05-02T00:30;2;kWh;0;4409;0;0;4409;4409
2018-05-02T00:30;2018-05-02T00:45;3;kWh;-1510;15;0;0;1525;-1495
2018-05-02T00:45;2018-05-02T01:00;4;kWh;-21859;0;0;0;21859;-21859
2018-05-02T01:00;2018-05-02T01:15;5;kWh;-2201;1487;0;0;3688;-714
2018-05-02T01:15;2018-05-02T01:30;6;kWh;0;18431;0;0;18431;18431
2018-05-02T01:30;2018-05-02T01:45;7;kWh;-1026;1371;0;0;2397;345
2018-05-02T01:45;2018-05-02T02:00;8;kWh;-25104;0;0;0;25104;-25104
2018-05-02T02:00;2018-05-02T02:15;9;kWh;-13716;385;0;0;14101;-13331
2018-05-02T02:15;2018-05-02T02:30;10;kWh;-328;1188;0;0;1516;860
2018-05-02T02:30;2018-05-02T02:45;11;kWh;0;2717;0;0;2717;2717
2018-05-02T02:45;2018-05-02T03:00;12;kWh;0;3528;0;0;3528;3528
2018-05-02T03:00;2018-05-02T03:15;13;kWh;0;178;0;0;178;178
2018-05-02T03:15;2018-05-02T03:30;14;kWh;0;1428;0;0;1428;1428
2018-05-02T03:30;2018-05-02T03:45;15;kWh;0;3512;0;0;3512;3512
2018-05-02T03:45;2018-05-02T04:00;16;kWh;0;1071;0;0;1071;1071
2018-05-02T04:00;2018-05-02T04:15;17;kWh;0;4243;0;0;4243;4243
2018-05-02T04:15;2018-05-02T04:30;18;kWh;0;3496;0;0;3496;3496
2018-05-02T04:30;2018-05-02T04:45;19;kWh;0;1926;0;0;1926;1926
2018-05-02T04:45;2018-05-02T05:00;20;kWh;0;192;0;0;192;192
2018-05-02T05:00;2018-05-02T05:15;21;kWh;-745;0;0;0;745;-745
2018-05-02T05:15;2018-05-02T05:30;22;kWh;-794;0;0;0;794;-794
2018-05-02T05:30;2018-05-02T05:45;23;kWh;0;1258;0;0;1258;1258
2018-05-02T05:45;2018-05-02T06:00;24;kWh;0;574;0;0;574;574
2018-05-02T06:00;2018-05-02T06:15;25;kWh;0;0;0;0;0;0
2018-05-02T06:15;2018-05-02T06:30;26;kWh;0;0;0;0;0;0
2018-05-02T06:30;2018-05-02T06:45;27;kWh;0;3928;0;0;3928;3928
2018-05-02T06:45;2018-05-02T07:00;28;kWh;0;19285;0;0;19285;19285
2018-05-02T07:00;2018-05-02T07:15;29;kWh;-930;557;0;0;1487;-373
2018-05-02T07:15;2018-05-02T07:30;30;kWh;0;27548;0;0;27548;27548
2018-05-02T07:30;2018-05-02T07:45;31;kWh;0;48835;0;0;48835;48835
2018-05-02T07:45;2018-05-02T08:00;32;kWh;0;41214;0;0;41214;41214
2018-05-02T08:00;2018-05-02T08:15;33;kWh;-359;13634;0;0;13993;13275
2018-05-02T08:15;2018-05-02T08:30;34;kWh;0;79077;0;6180;85257;85257
2018-05-02T08:30;2018-05-02T08:45;35;kWh;0;64007;0;18540;82547;82547
2018-05-02T08:45;2018-05-02T09:00;36;kWh;0;8136;0;18540;26676;26676
2018-05-02T09:00;2018-05-02T09:15;37;kWh;0;57132;0;0;57132;57132
2018-05-02T09:15;2018-05-02T09:30;38;kWh;0;73978;0;0;73978;73978
2018-05-02T09:30;2018-05-02T09:45;39;kWh;-664;9941;0;0;10605;9277
2018-05-02T09:45;2018-05-02T10:00;40;kWh;-18901;0;0;0;18901;-18901
2018-05-02T10:00;2018-05-02T10:15;41;kWh;-17137;0;0;0;17137;-17137
2018-05-02T10:15;2018-05-02T10:30;42;kWh;-6149;0;0;0;6149;-6149
2018-05-02T10:30;2018-05-02T10:45;43;kWh;-45349;0;0;0;45349;-45349
2018-05-02T10:45;2018-05-02T11:00;44;kWh;-68709;0;0;0;68709;-68709
2018-05-02T11:00;2018-05-02T11:15;45;kWh;-54705;0;0;0;54705;-54705
2018-05-02T11:15;2018-05-02T11:30;46;kWh;-44999;0;0;0;44999;-44999
2018-05-02T11:30;2018-05-02T11:45;47;kWh;-52982;0;0;0;52982;-52982
2018-05-02T11:45;2018-05-02T12:00;48;kWh;-51642;0;0;0;51642;-51642
2018-05-02T12:00;2018-05-02T12:15;49;kWh;-17783;4403;0;0;22186;-13380
2018-05-02T12:15;2018-05-02T12:30;50;kWh;-94;1448;0;0;1542;1354
2018-05-02T12:30;2018-05-02T12:45;51;kWh;-569;0;0;0;569;-569
2018-05-02T12:45;2018-05-02T13:00;52;kWh;-13317;0;0;0;13317;-13317
2018-05-02T13:00;2018-05-02T13:15;53;kWh;-16293;0;0;0;16293;-16293
2018-05-02T13:15;2018-05-02T13:30;54;kWh;0;0;0;0;0;0
2018-05-02T13:30;2018-05-02T13:45;55;kWh;0;0;0;0;0;0
2018-05-02T13:45;2018-05-02T14:00;56;kWh;0;0;0;0;0;0
2018-05-02T14:00;2018-05-02T14:15;57;kWh;0;0;0;0;0;0
2018-05-02T14:15;2018-05-02T14:30;58;kWh;0;0;0;0;0;0
2018-05-02T14:30;2018-05-02T14:45;59;kWh;-2247;0;0;0;2247;-2247
2018-05-02T14:45;2018-05-02T15:00;60;kWh;-5351;0;0;0;5351;-5351
2018-05-02T15:00;2018-05-02T15:15;61;kWh;-15115;0;0;0;15115;-15115
2018-05-02T15:15;2018-05-02T15:30;62;kWh;-20864;0;0;0;20864;-20864
2018-05-02T15:30;2018-05-02T15:45;63;kWh;-7016;0;0;0;7016;-7016
2018-05-02T15:45;2018-05-02T16:00;64;kWh;-41;0;0;0;41;-41
2018-05-02T16:00;2018-05-02T16:15;65;kWh;-25380;0;0;0;25380;-25380
2018-05-02T16:15;2018-05-02T16:30;66;kWh;-38869;0;0;0;38869;-38869
2018-05-02T16:30;2018-05-02T16:45;67;kWh;-47523;0;0;0;47523;-47523
2018-05-02T16:45;2018-05-02T17:00;68;kWh;-17370;0;0;0;17370;-17370
2018-05-02T17:00;2018-05-02T17:15;69;kWh;-40621;0;0;0;40621;-40621
2018-05-02T17:15;2018-05-02T17:30;70;kWh;-23661;0;0;0;23661;-23661
2018-05-02T17:30;2018-05-02T17:45;71;kWh;-5976;863;0;0;6839;-5113
2018-05-02T17:45;2018-05-02T18:00;72;kWh;0;2356;0;0;2356;2356
2018-05-02T18:00;2018-05-02T18:15;73;kWh;0;1196;0;0;1196;1196
2018-05-02T18:15;2018-05-02T18:30;74;kWh;0;2204;0;0;2204;2204
2018-05-02T18:30;2018-05-02T18:45;75;kWh;0;4632;0;0;4632;4632
2018-05-02T18:45;2018-05-02T19:00;76;kWh;0;24981;0;0;24981;24981
2018-05-02T19:00;2018-05-02T19:15;77;kWh;0;27125;0;0;27125;27125
2018-05-02T19:15;2018-05-02T19:30;78;kWh;0;28312;0;0;28312;28312
2018-05-02T19:30;2018-05-02T19:45;79;kWh;0;29533;0;0;29533;29533
2018-05-02T19:45;2018-05-02T20:00;80;kWh;0;11243;0;0;11243;11243
2018-05-02T20:00;2018-05-02T20:15;81;kWh;0;805;0;0;805;805
2018-05-02T20:15;2018-05-02T20:30;82;kWh;0;0;0;0;0;0
2018-05-02T20:30;2018-05-02T20:45;83;kWh;0;0;0;0;0;0
2018-05-02T20:45;2018-05-02T21:00;84;kWh;-1;0;0;0;1;-1
2018-05-02T21:00;2018-05-02T21:15;85;kWh;-62;0;0;0;62;-62
2018-05-02T21:15;2018-05-02T21:30;86;kWh;-177;0;0;0;177;-177
2018-05-02T21:30;2018-05-02T21:45;87;kWh;-741;0;0;0;741;-741
2018-05-02T21:45;2018-05-02T22:00;88;kWh;-17354;0;0;0;17354;-17354
2018-05-02T22:00;2018-05-02T22:15;89;kWh;-5786;30184;0;0;35970;24398
2018-05-02T22:15;2018-05-02T22:30;90;kWh;0;53990;0;0;53990;53990
2018-05-02T22:30;2018-05-02T22:45;91;kWh;-2;1067;0;0;1069;1065
2018-05-02T22:45;2018-05-02T23:00;92;kWh;-16854;0;0;0;16854;-16854
2018-05-02T23:00;2018-05-02T23:15;93;kWh;-17331;3291;0;0;20622;-14040
2018-05-02T23:15;2018-05-02T23:30;94;kWh;-26;47423;0;0;47449;47397
2018-05-02T23:30;2018-05-02T23:45;95;kWh;0;41100;0;0;41100;41100
2018-05-02T23:45;2018-05-03T00:00;96;kWh;0;26946;0;0;26946;26946
2018-05-03T00:00;2018-05-03T00:15;1;kWh;-81;13191;0;0;13272;13110
2018-05-03T00:15;2018-05-03T00:30;2;kWh;0;48524;0;0;48524;48524
2018-05-03T00:30;2018-05-03T00:45;3;kWh;0;8754;0;0;8754;8754
2018-05-03T00:45;2018-05-03T01:00;4;kWh;0;1582;0;0;1582;1582
2018-05-03T01:00;2018-05-03T01:15;5;kWh;-2104;30;0;0;2134;-2074
2018-05-03T01:15;2018-05-03T01:30;6;kWh;-290;0;0;0;290;-290
2018-05-03T01:30;2018-05-03T01:45;7;kWh;-3;0;0;0;3;-3
2018-05-03T01:45;2018-05-03T02:00;8;kWh;-28607;0;0;0;28607;-28607
2018-05-03T02:00;2018-05-03T02:15;9;kWh;-23528;277;0;0;23805;-23251
2018-05-03T02:15;2018-05-03T02:30;10;kWh;-3;203;0;0;206;200
2018-05-03T02:30;2018-05-03T02:45;11;kWh;0;0;0;0;0;0
2018-05-03T02:45;2018-05-03T03:00;12;kWh;-970;0;0;0;970;-970
2018-05-03T03:00;2018-05-03T03:15;13;kWh;-1901;0;0;0;1901;-1901
2018-05-03T03:15;2018-05-03T03:30;14;kWh;-803;0;0;0;803;-803
2018-05-03T03:30;2018-05-03T03:45;15;kWh;-126;0;0;0;126;-126
2018-05-03T03:45;2018-05-03T04:00;16;kWh;-24581;0;0;0;24581;-24581
2018-05-03T04:00;2018-05-03T04:15;17;kWh;-21997;0;0;0;21997;-21997
2018-05-03T04:15;2018-05-03T04:30;18;kWh;-12143;0;0;0;12143;-12143
2018-05-03T04:30;2018-05-03T04:45;19;kWh;-14849;0;0;0;14849;-14849
2018-05-03T04:45;2018-05-03T05:00;20;kWh;-1068;1734;0;0;2802;666
2018-05-03T05:00;2018-05-03T05:15;21;kWh;0;1673;0;0;1673;1673
2018-05-03T05:15;2018-05-03T05:30;22;kWh;0;2643;0;0;2643;2643
2018-05-03T05:30;2018-05-03T05:45;23;kWh;0;48302;0;0;48302;48302
2018-05-03T05:45;2018-05-03T06:00;24;kWh;0;73347;0;0;73347;73347
2018-05-03T06:00;2018-05-03T06:15;25;kWh;0;25874;0;0;25874;25874
2018-05-03T06:15;2018-05-03T06:30;26;kWh;0;565;0;0;565;565
2018-05-03T06:30;2018-05-03T06:45;27;kWh;0;50017;0;0;50017;50017
2018-05-03T06:45;2018-05-03T07:00;28;kWh;0;49262;0;0;49262;49262
2018-05-03T07:00;2018-05-03T07:15;29;kWh;-13904;1355;0;0;15259;-12549
2018-05-03T07:15;2018-05-03T07:30;30;kWh;-4188;0;0;0;4188;-4188
2018-05-03T07:30;2018-05-03T07:45;31;kWh;0;0;0;0;0;0
2018-05-03T07:45;2018-05-03T08:00;32;kWh;0;79;0;0;79;79
2018-05-03T08:00;2018-05-03T08:15;33;kWh;-1329;128;0;0;1457;-1201
2018-05-03T08:15;2018-05-03T08:30;34;kWh;0;0;0;0;0;0
2018-05-03T08:30;2018-05-03T08:45;35;kWh;0;2344;0;0;2344;2344
2018-05-03T08:45;2018-05-03T09:00;36;kWh;0;2923;0;0;2923;2923
2018-05-03T09:00;2018-05-03T09:15;37;kWh;0;7;0;0;7;7
2018-05-03T09:15;2018-05-03T09:30;38;kWh;0;0;0;0;0;0
2018-05-03T09:30;2018-05-03T09:45;39;kWh;0;0;0;0;0;0
2018-05-03T09:45;2018-05-03T10:00;40;kWh;-2037;0;0;0;2037;-2037
2018-05-03T10:00;2018-05-03T10:15;41;kWh;-113;727;0;0;840;614
2018-05-03T10:15;2018-05-03T10:30;42;kWh;0;572;0;0;572;572
2018-05-03T10:30;2018-05-03T10:45;43;kWh;0;866;0;0;866;866
2018-05-03T10:45;2018-05-03T11:00;44;kWh;0;0;0;0;0;0
2018-05-03T11:00;2018-05-03T11:15;45;kWh;0;2053;0;0;2053;2053
2018-05-03T11:15;2018-05-03T11:30;46;kWh;0;7506;0;0;7506;7506
2018-05-03T11:30;2018-05-03T11:45;47;kWh;0;10499;0;0;10499;10499
2018-05-03T11:45;2018-05-03T12:00;48;kWh;0;9450;0;0;9450;9450
2018-05-03T12:00;2018-05-03T12:15;49;kWh;0;4489;0;0;4489;4489
2018-05-03T12:15;2018-05-03T12:30;50;kWh;0;475;0;0;475;475
2018-05-03T12:30;2018-05-03T12:45;51;kWh;0;1749;0;0;1749;1749
2018-05-03T12:45;2018-05-03T13:00;52;kWh;0;123;0;0;123;123
2018-05-03T13:00;2018-05-03T13:15;53;kWh;0;340;0;0;340;340
2018-05-03T13:15;2018-05-03T13:30;54;kWh;0;12826;0;0;12826;12826
2018-05-03T13:30;2018-05-03T13:45;55;kWh;0;30674;0;0;30674;30674
2018-05-03T13:45;2018-05-03T14:00;56;kWh;0;22043;0;0;22043;22043
2018-05-03T14:00;2018-05-03T14:15;57;kWh;-536;6366;0;0;6902;5830
2018-05-03T14:15;2018-05-03T14:30;58;kWh;0;39691;0;0;39691;39691
2018-05-03T14:30;2018-05-03T14:45;59;kWh;0;32374;0;0;32374;32374
2018-05-03T14:45;2018-05-03T15:00;60;kWh;0;25233;0;0;25233;25233
2018-05-03T15:00;2018-05-03T15:15;61;kWh;-21;1545;0;0;1566;1524
2018-05-03T15:15;2018-05-03T15:30;62;kWh;0;1535;0;0;1535;1535
2018-05-03T15:30;2018-05-03T15:45;63;kWh;0;9763;0;0;9763;9763
2018-05-03T15:45;2018-05-03T16:00;64;kWh;0;10394;0;0;10394;10394
2018-05-03T16:00;2018-05-03T16:15;65;kWh;0;5983;0;0;5983;5983
2018-05-03T16:15;2018-05-03T16:30;66;kWh;0;5419;0;0;5419;5419
2018-05-03T16:30;2018-05-03T16:45;67;kWh;0;6068;0;0;6068;6068
2018-05-03T16:45;2018-05-03T17:00;68;kWh;0;6777;0;0;6777;6777
2018-05-03T17:00;2018-05-03T17:15;69;kWh;0;12285;0;0;12285;12285
2018-05-03T17:15;2018-05-03T17:30;70;kWh;0;12126;0;0;12126;12126
2018-05-03T17:30;2018-05-03T17:45;71;kWh;0;26268;0;0;26268;26268
2018-05-03T17:45;2018-05-03T18:00;72;kWh;0;22742;0;0;22742;22742
2018-05-03T18:00;2018-05-03T18:15;73;kWh;0;9677;0;0;9677;9677
2018-05-03T18:15;2018-05-03T18:30;74;kWh;-563;31;0;0;594;-532
2018-05-03T18:30;2018-05-03T18:45;75;kWh;0;476;0;0;476;476
2018-05-03T18:45;2018-05-03T19:00;76;kWh;0;12674;0;0;12674;12674
2018-05-03T19:00;2018-05-03T19:15;77;kWh;0;7541;0;0;7541;7541
2018-05-03T19:15;2018-05-03T19:30;78;kWh;0;3350;0;0;3350;3350
2018-05-03T19:30;2018-05-03T19:45;79;kWh;0;28138;0;0;28138;28138
2018-05-03T19:45;2018-05-03T20:00;80;kWh;0;27416;0;0;27416;27416
2018-05-03T20:00;2018-05-03T20:15;81;kWh;0;20443;0;0;20443;20443
2018-05-03T20:15;2018-05-03T20:30;82;kWh;0;23411;0;0;23411;23411
2018-05-03T20:30;2018-05-03T20:45;83;kWh;0;13893;0;0;13893;13893
2018-05-03T20:45;2018-05-03T21:00;84;kWh;0;1020;0;0;1020;1020
2018-05-03T21:00;2018-05-03T21:15;85;kWh;-234;0;0;0;234;-234
2018-05-03T21:15;2018-05-03T21:30;86;kWh;-231;4836;0;0;5067;4605
2018-05-03T21:30;2018-05-03T21:45;87;kWh;0;31649;0;0;31649;31649
2018-05-03T21:45;2018-05-03T22:00;88;kWh;-68;3503;0;0;3571;3435
2018-05-03T22:00;2018-05-03T22:15;89;kWh;0;2491;0;0;2491;2491
2018-05-03T22:15;2018-05-03T22:30;90;kWh;0;4618;0;0;4618;4618
2018-05-03T22:30;2018-05-03T22:45;91;kWh;-3457;166;0;0;3623;-3291
2018-05-03T22:45;2018-05-03T23:00;92;kWh;-16294;0;0;0;16294;-16294
2018-05-03T23:00;2018-05-03T23:15;93;kWh;-12803;2333;0;0;15136;-10470
2018-05-03T23:15;2018-05-03T23:30;94;kWh;-2400;153;0;0;2553;-2247
2018-05-03T23:30;2018-05-03T23:45;95;kWh;-3631;0;0;0;3631;-3631
2018-05-03T23:45;2018-05-04T00:00;96;kWh;-28973;0;0;0;28973;-28973
2018-05-04T00:00;2018-05-04T00:15;1;kWh;-27802;3642;0;0;31444;-24160
2018-05-04T00:15;2018-05-04T00:30;2;kWh;0;23008;0;0;23008;23008
2018-05-04T00:30;2018-05-04T00:45;3;kWh;-871;221;0;0;1092;-650
2018-05-04T00:45;2018-05-04T01:00;4;kWh;-3836;0;0;0;3836;-3836
2018-05-04T01:00;2018-05-04T01:15;5;kWh;-11871;0;0;0;11871;-11871
2018-05-04T01:15;2018-05-04T01:30;6;kWh;-376;0;0;0;376;-376
2018-05-04T01:30;2018-05-04T01:45;7;kWh;0;0;0;0;0;0
2018-05-04T01:45;2018-05-04T02:00;8;kWh;-4199;0;0;0;4199;-4199
2018-05-04T02:00;2018-05-04T02:15;9;kWh;-9501;0;0;0;9501;-9501
2018-05-04T02:15;2018-05-04T02:30;10;kWh;-20006;0;0;0;20006;-20006
2018-05-04T02:30;2018-05-04T02:45;11;kWh;-12957;0;0;0;12957;-12957
2018-05-04T02:45;2018-05-04T03:00;12;kWh;-28736;0;0;0;28736;-28736
2018-05-04T03:00;2018-05-04T03:15;13;kWh;-23354;0;0;0;23354;-23354
2018-05-04T03:15;2018-05-04T03:30;14;kWh;-275;0;0;0;275;-275
2018-05-04T03:30;2018-05-04T03:45;15;kWh;-1012;0;0;0;1012;-1012
2018-05-04T03:45;2018-05-04T04:00;16;kWh;-817;0;0;0;817;-817
2018-05-04T04:00;2018-05-04T04:15;17;kWh;-488;0;0;0;488;-488
2018-05-04T04:15;2018-05-04T04:30;18;kWh;0;0;0;0;0;0
2018-05-04T04:30;2018-05-04T04:45;19;kWh;0;0;0;0;0;0
2018-05-04T04:45;2018-05-04T05:00;20;kWh;0;0;0;0;0;0
2018-05-04T05:00;2018-05-04T05:15;21;kWh;-300;0;0;0;300;-300
2018-05-04T05:15;2018-05-04T05:30;22;kWh;0;0;0;0;0;0
2018-05-04T05:30;2018-05-04T05:45;23;kWh;0;0;0;0;0;0
2018-05-04T05:45;2018-05-04T06:00;24;kWh;-264;0;0;0;264;-264
2018-05-04T06:00;2018-05-04T06:15;25;kWh;-17202;0;0;0;17202;-17202
2018-05-04T06:15;2018-05-04T06:30;26;kWh;-1604;0;0;0;1604;-1604
2018-05-04T06:30;2018-05-04T06:45;27;kWh;0;0;0;0;0;0
2018-05-04T06:45;2018-05-04T07:00;28;kWh;0;2450;0;0;2450;2450
2018-05-04T07:00;2018-05-04T07:15;29;kWh;-4293;60;0;0;4353;-4233
2018-05-04T07:15;2018-05-04T07:30;30;kWh;-95;0;0;0;95;-95
2018-05-04T07:30;2018-05-04T07:45;31;kWh;-362;434;0;0;796;72
2018-05-04T07:45;2018-05-04T08:00;32;kWh;0;2074;0;0;2074;2074
2018-05-04T08:00;2018-05-04T08:15;33;kWh;-112;183;0;0;295;71
2018-05-04T08:15;2018-05-04T08:30;34;kWh;0;0;0;0;0;0
2018-05-04T08:30;2018-05-04T08:45;35;kWh;0;0;0;0;0;0
2018-05-04T08:45;2018-05-04T09:00;36;kWh;0;0;0;0;0;0
2018-05-04T09:00;2018-05-04T09:15;37;kWh;0;0;0;0;0;0
2018-05-04T09:15;2018-05-04T09:30;38;kWh;0;0;0;0;0;0
2018-05-04T09:30;2018-05-04T09:45;39;kWh;0;0;0;0;0;0
2018-05-04T09:45;2018-05-04T10:00;40;kWh;0;0;0;0;0;0
2018-05-04T10:00;2018-05-04T10:15;41;kWh;0;11075;0;0;11075;11075
2018-05-04T10:15;2018-05-04T10:30;42;kWh;0;24588;0;0;24588;24588
2018-05-04T10:30;2018-05-04T10:45;43;kWh;-2057;672;0;0;2729;-1385
2018-05-04T10:45;2018-05-04T11:00;44;kWh;-4143;0;0;0;4143;-4143
2018-05-04T11:00;2018-05-04T11:15;45;kWh;-1258;0;0;0;1258;-1258
2018-05-04T11:15;2018-05-04T11:30;46;kWh;0;0;0;0;0;0
2018-05-04T11:30;2018-05-04T11:45;47;kWh;0;0;0;0;0;0
2018-05-04T11:45;2018-05-04T12:00;48;kWh;0;0;0;0;0;0
2018-05-04T12:00;2018-05-04T12:15;49;kWh;-171;0;0;0;171;-171
2018-05-04T12:15;2018-05-04T12:30;50;kWh;-6023;0;0;0;6023;-6023
2018-05-04T12:30;2018-05-04T12:45;51;kWh;-9748;0;0;0;9748;-9748
2018-05-04T12:45;2018-05-04T13:00;52;kWh;-5169;0;0;0;5169;-5169
2018-05-04T13:00;2018-05-04T13:15;53;kWh;-3251;0;0;0;3251;-3251
2018-05-04T13:15;2018-05-04T13:30;54;kWh;0;0;0;0;0;0
2018-05-04T13:30;2018-05-04T13:45;55;kWh;0;0;0;0;0;0
2018-05-04T13:45;2018-05-04T14:00;56;kWh;-2235;0;0;0;2235;-2235
2018-05-04T14:00;2018-05-04T14:15;57;kWh;-1308;154;0;0;1462;-1154
2018-05-04T14:15;2018-05-04T14:30;58;kWh;0;500;0;0;500;500
2018-05-04T14:30;2018-05-04T14:45;59;kWh;0;628;0;0;628;628
2018-05-04T14:45;2018-05-04T15:00;60;kWh;-1227;6;0;0;1233;-1221
2018-05-04T15:00;2018-05-04T15:15;61;kWh;-1691;0;0;0;1691;-1691
2018-05-04T15:15;2018-05-04T15:30;62;kWh;0;0;0;0;0;0
2018-05-04T15:30;2018-05-04T15:45;63;kWh;0;0;0;0;0;0
2018-05-04T15:45;2018-05-04T16:00;64;kWh;0;0;0;0;0;0
2018-05-04T16:00;2018-05-04T16:15;65;kWh;-17641;0;0;0;17641;-17641
2018-05-04T16:15;2018-05-04T16:30;66;kWh;-44570;0;0;0;44570;-44570
2018-05-04T16:30;2018-05-04T16:45;67;kWh;-34856;0;0;0;34856;-34856
2018-05-04T16:45;2018-05-04T17:00;68;kWh;-25386;0;0;0;25386;-25386
2018-05-04T17:00;2018-05-04T17:15;69;kWh;-6103;0;0;0;6103;-6103
2018-05-04T17:15;2018-05-04T17:30;70;kWh;-75;861;0;0;936;786
2018-05-04T17:30;2018-05-04T17:45;71;kWh;0;48202;0;0;48202;48202
2018-05-04T17:45;2018-05-04T18:00;72;kWh;0;42577;0;0;42577;42577
2018-05-04T18:00;2018-05-04T18:15;73;kWh;-336;7996;0;0;8332;7660
2018-05-04T18:15;2018-05-04T18:30;74;kWh;-147;0;0;0;147;-147
2018-05-04T18:30;2018-05-04T18:45;75;kWh;0;0;0;0;0;0
2018-05-04T18:45;2018-05-04T19:00;76;kWh;0;902;0;0;902;902
2018-05-04T19:00;2018-05-04T19:15;77;kWh;0;2586;0;0;2586;2586
2018-05-04T19:15;2018-05-04T19:30;78;kWh;0;1740;0;0;1740;1740
2018-05-04T19:30;2018-05-04T19:45;79;kWh;0;1267;0;0;1267;1267
2018-05-04T19:45;2018-05-04T20:00;80;kWh;0;5680;0;0;5680;5680
2018-05-04T20:00;2018-05-04T20:15;81;kWh;0;562;0;0;562;562
2018-05-04T20:15;2018-05-04T20:30;82;kWh;0;905;0;0;905;905
2018-05-04T20:30;2018-05-04T20:45;83;kWh;-50;0;0;0;50;-50
2018-05-04T20:45;2018-05-04T21:00;84;kWh;-507;0;0;0;507;-507
2018-05-04T21:00;2018-05-04T21:15;85;kWh;-208;0;0;0;208;-208
2018-05-04T21:15;2018-05-04T21:30;86;kWh;0;796;0;0;796;796
2018-05-04T21:30;2018-05-04T21:45;87;kWh;0;9845;0;0;9845;9845
2018-05-04T21:45;2018-05-04T22:00;88;kWh;-486;4006;0;0;4492;3520
2018-05-04T22:00;2018-05-04T22:15;89;kWh;-922;8287;0;0;9209;7365
2018-05-04T22:15;2018-05-04T22:30;90;kWh;0;4204;0;0;4204;4204
2018-05-04T22:30;2018-05-04T22:45;91;kWh;-18911;248;0;0;19159;-18663
2018-05-04T22:45;2018-05-04T23:00;92;kWh;-26567;0;0;0;26567;-26567
2018-05-04T23:00;2018-05-04T23:15;93;kWh;-11159;14179;0;0;25338;3020
2018-05-04T23:15;2018-05-04T23:30;94;kWh;-26;36539;0;0;36565;36513
2018-05-04T23:30;2018-05-04T23:45;95;kWh;-7219;574;0;0;7793;-6645
2018-05-04T23:45;2018-05-05T00:00;96;kWh;-41012;0;0;0;41012;-41012
2018-05-05T00:00;2018-05-05T00:15;1;kWh;-9094;2818;0;0;11912;-6276
2018-05-05T00:15;2018-05-05T00:30;2;kWh;0;2520;0;0;2520;2520
2018-05-05T00:30;2018-05-05T00:45;3;kWh;-2464;201;0;0;2665;-2263
2018-05-05T00:45;2018-05-05T01:00;4;kWh;-7825;0;0;0;7825;-7825
2018-05-05T01:00;2018-05-05T01:15;5;kWh;-12134;0;0;0;12134;-12134
2018-05-05T01:15;2018-05-05T01:30;6;kWh;-409;0;0;0;409;-409
2018-05-05T01:30;2018-05-05T01:45;7;kWh;-1733;0;0;0;1733;-1733
2018-05-05T01:45;2018-05-05T02:00;8;kWh;-4331;0;0;0;4331;-4331
2018-05-05T02:00;2018-05-05T02:15;9;kWh;-2670;779;0;0;3449;-1891
2018-05-05T02:15;2018-05-05T02:30;10;kWh;0;4993;0;0;4993;4993
2018-05-05T02:30;2018-05-05T02:45;11;kWh;0;466;0;0;466;466
2018-05-05T02:45;2018-05-05T03:00;12;kWh;0;900;0;0;900;900
2018-05-05T03:00;2018-05-05T03:15;13;kWh;0;927;0;0;927;927
2018-05-05T03:15;2018-05-05T03:30;14;kWh;0;345;0;0;345;345
2018-05-05T03:30;2018-05-05T03:45;15;kWh;0;22;0;0;22;22
2018-05-05T03:45;2018-05-05T04:00;16;kWh;0;0;0;0;0;0
2018-05-05T04:00;2018-05-05T04:15;17;kWh;0;1985;0;0;1985;1985
2018-05-05T04:15;2018-05-05T04:30;18;kWh;0;6906;0;0;6906;6906
2018-05-05T04:30;2018-05-05T04:45;19;kWh;0;648;0;0;648;648
2018-05-05T04:45;2018-05-05T05:00;20;kWh;0;1505;0;0;1505;1505
2018-05-05T05:00;2018-05-05T05:15;21;kWh;0;1325;0;0;1325;1325
2018-05-05T05:15;2018-05-05T05:30;22;kWh;0;201;0;0;201;201
2018-05-05T05:30;2018-05-05T05:45;23;kWh;0;0;0;0;0;0
2018-05-05T05:45;2018-05-05T06:00;24;kWh;-3054;0;0;0;3054;-3054
2018-05-05T06:00;2018-05-05T06:15;25;kWh;-20674;0;0;0;20674;-20674
2018-05-05T06:15;2018-05-05T06:30;26;kWh;-22355;0;0;0;22355;-22355
2018-05-05T06:30;2018-05-05T06:45;27;kWh;-1772;0;0;0;1772;-1772
2018-05-05T06:45;2018-05-05T07:00;28;kWh;0;0;0;0;0;0
2018-05-05T07:00;2018-05-05T07:15;29;kWh;0;0;0;0;0;0
2018-05-05T07:15;2018-05-05T07:30;30;kWh;0;7544;0;0;7544;7544
2018-05-05T07:30;2018-05-05T07:45;31;kWh;0;12541;0;0;12541;12541
2018-05-05T07:45;2018-05-05T08:00;32;kWh;0;12969;0;0;12969;12969
2018-05-05T08:00;2018-05-05T08:15;33;kWh;0;5568;0;0;5568;5568
2018-05-05T08:15;2018-05-05T08:30;34;kWh;0;2266;0;0;2266;2266
2018-05-05T08:30;2018-05-05T08:45;35;kWh;0;22827;0;0;22827;22827
2018-05-05T08:45;2018-05-05T09:00;36;kWh;0;21538;0;0;21538;21538
2018-05-05T09:00;2018-05-05T09:15;37;kWh;-1969;6962;0;0;8931;4993
2018-05-05T09:15;2018-05-05T09:30;38;kWh;-2302;652;0;0;2954;-1650
2018-05-05T09:30;2018-05-05T09:45;39;kWh;0;34719;0;0;34719;34719
2018-05-05T09:45;2018-05-05T10:00;40;kWh;0;29650;0;0;29650;29650
2018-05-05T10:00;2018-05-05T10:15;41;kWh;-86;3812;0;0;3898;3726
2018-05-05T10:15;2018-05-05T10:30;42;kWh;0;310;0;0;310;310
2018-05-05T10:30;2018-05-05T10:45;43;kWh;-1529;0;0;0;1529;-1529
2018-05-05T10:45;2018-05-05T11:00;44;kWh;-7108;0;0;0;7108;-7108
2018-05-05T11:00;2018-05-05T11:15;45;kWh;-3788;3359;0;0;7147;-429
2018-05-05T11:15;2018-05-05T11:30;46;kWh;-563;7046;0;0;7609;6483
2018-05-05T11:30;2018-05-05T11:45;47;kWh;-15200;0;0;0;15200;-15200
2018-05-05T11:45;2018-05-05T12:00;48;kWh;-43882;0;0;0;43882;-43882
2018-05-05T12:00;2018-05-05T12:15;49;kWh;-31631;0;0;0;31631;-31631
2018-05-05T12:15;2018-05-05T12:30;50;kWh;-6276;0;0;0;6276;-6276
2018-05-05T12:30;2018-05-05T12:45;51;kWh;-2207;0;0;0;2207;-2207
2018-05-05T12:45;2018-05-05T13:00;52;kWh;-32099;0;0;0;32099;-32099
2018-05-05T13:00;2018-05-05T13:15;53;kWh;-20085;0;0;0;20085;-20085
2018-05-05T13:15;2018-05-05T13:30;54;kWh;-2858;0;0;0;2858;-2858
2018-05-05T13:30;2018-05-05T13:45;55;kWh;-30117;0;0;0;30117;-30117
2018-05-05T13:45;2018-05-05T14:00;56;kWh;-41778;0;0;0;41778;-41778
2018-05-05T14:00;2018-05-05T14:15;57;kWh;-20419;580;0;0;20999;-19839
2018-05-05T14:15;2018-05-05T14:30;58;kWh;-88;187;0;0;275;99
2018-05-05T14:30;2018-05-05T14:45;59;kWh;0;83;0;0;83;83
2018-05-05T14:45;2018-05-05T15:00;60;kWh;-20;0;0;0;20;-20
2018-05-05T15:00;2018-05-05T15:15;61;kWh;-312;0;0;0;312;-312
2018-05-05T15:15;2018-05-05T15:30;62;kWh;-427;0;0;0;427;-427
2018-05-05T15:30;2018-05-05T15:45;63;kWh;-12261;0;0;0;12261;-12261
2018-05-05T15:45;2018-05-05T16:00;64;kWh;-9861;0;0;0;9861;-9861
2018-05-05T16:00;2018-05-05T16:15;65;kWh;-24706;0;0;0;24706;-24706
2018-05-05T16:15;2018-05-05T16:30;66;kWh;-34062;0;0;0;34062;-34062
2018-05-05T16:30;2018-05-05T16:45;67;kWh;-16505;0;0;0;16505;-16505
2018-05-05T16:45;2018-05-05T17:00;68;kWh;-481;8;0;0;489;-473
2018-05-05T17:00;2018-05-05T17:15;69;kWh;-8362;0;0;0;8362;-8362
2018-05-05T17:15;2018-05-05T17:30;70;kWh;-29431;0;0;0;29431;-29431
2018-05-05T17:30;2018-05-05T17:45;71;kWh;-11101;0;0;0;11101;-11101
2018-05-05T17:45;2018-05-05T18:00;72;kWh;-435;0;0;0;435;-435
2018-05-05T18:00;2018-05-05T18:15;73;kWh;-627;0;0;0;627;-627
2018-05-05T18:15;2018-05-05T18:30;74;kWh;-16196;0;0;0;16196;-16196
2018-05-05T18:30;2018-05-05T18:45;75;kWh;-12298;0;0;0;12298;-12298
2018-05-05T18:45;2018-05-05T19:00;76;kWh;-3751;0;0;0;3751;-3751
2018-05-05T19:00;2018-05-05T19:15;77;kWh;-306;0;0;0;306;-306
2018-05-05T19:15;2018-05-05T19:30;78;kWh;0;7762;0;0;7762;7762
2018-05-05T19:30;2018-05-05T19:45;79;kWh;0;31230;0;0;31230;31230
2018-05-05T19:45;2018-05-05T20:00;80;kWh;0;48315;0;0;48315;48315
2018-05-05T20:00;2018-05-05T20:15;81;kWh;-213;17932;0;0;18145;17719
2018-05-05T20:15;2018-05-05T20:30;82;kWh;-6;871;0;0;877;865
2018-05-05T20:30;2018-05-05T20:45;83;kWh;0;1679;0;0;1679;1679
2018-05-05T20:45;2018-05-05T21:00;84;kWh;-2132;1;0;0;2133;-2131
2018-05-05T21:00;2018-05-05T21:15;85;kWh;-10592;0;0;0;10592;-10592
2018-05-05T21:15;2018-05-05T21:30;86;kWh;-4985;17;0;0;5002;-4968
2018-05-05T21:30;2018-05-05T21:45;87;kWh;-54;8381;0;0;8435;8327
2018-05-05T21:45;2018-05-05T22:00;88;kWh;0;4805;0;0;4805;4805
2018-05-05T22:00;2018-05-05T22:15;89;kWh;0;21199;0;0;21199;21199
2018-05-05T22:15;2018-05-05T22:30;90;kWh;0;22138;0;0;22138;22138
2018-05-05T22:30;2018-05-05T22:45;91;kWh;-34;2295;0;0;2329;2261
2018-05-05T22:45;2018-05-05T23:00;92;kWh;-1723;2;0;0;1725;-1721
2018-05-05T23:00;2018-05-05T23:15;93;kWh;-207;34298;0;0;34505;34091
2018-05-05T23:15;2018-05-05T23:30;94;kWh;0;43145;0;0;43145;43145
2018-05-05T23:30;2018-05-05T23:45;95;kWh;-525;4701;0;0;5226;4176
2018-05-05T23:45;2018-05-06T00:00;96;kWh;-22038;0;0;0;22038;-22038
2018-05-06T00:00;2018-05-06T00:15;1;kWh;-15977;3242;0;0;19219;-12735
2018-05-06T00:15;2018-05-06T00:30;2;kWh;0;4890;0;0;4890;4890
2018-05-06T00:30;2018-05-06T00:45;3;kWh;-751;1;0;0;752;-750
2018-05-06T00:45;2018-05-06T01:00;4;kWh;-29745;0;0;0;29745;-29745
2018-05-06T01:00;2018-05-06T01:15;5;kWh;-28321;0;0;0;28321;-28321
2018-05-06T01:15;2018-05-06T01:30;6;kWh;-36558;0;0;0;36558;-36558
2018-05-06T01:30;2018-05-06T01:45;7;kWh;-58176;0;0;0;58176;-58176
2018-05-06T01:45;2018-05-06T02:00;8;kWh;-72177;0;0;0;72177;-72177
2018-05-06T02:00;2018-05-06T02:15;9;kWh;-57253;0;0;0;57253;-57253
2018-05-06T02:15;2018-05-06T02:30;10;kWh;-10259;0;0;0;10259;-10259
2018-05-06T02:30;2018-05-06T02:45;11;kWh;-43047;0;0;0;43047;-43047
2018-05-06T02:45;2018-05-06T03:00;12;kWh;-42623;0;0;0;42623;-42623
2018-05-06T03:00;2018-05-06T03:15;13;kWh;-19915;0;0;0;19915;-19915
2018-05-06T03:15;2018-05-06T03:30;14;kWh;-17343;0;0;0;17343;-17343
2018-05-06T03:30;2018-05-06T03:45;15;kWh;-28453;0;0;0;28453;-28453
2018-05-06T03:45;2018-05-06T04:00;16;kWh;-25753;0;0;0;25753;-25753
2018-05-06T04:00;2018-05-06T04:15;17;kWh;-12667;48;0;0;12715;-12619
2018-05-06T04:15;2018-05-06T04:30;18;kWh;-119;50;0;0;169;-69
2018-05-06T04:30;2018-05-06T04:45;19;kWh;-701;0;0;0;701;-701
2018-05-06T04:45;2018-05-06T05:00;20;kWh;-2095;0;0;0;2095;-2095
2018-05-06T05:00;2018-05-06T05:15;21;kWh;-27564;0;0;0;27564;-27564
2018-05-06T05:15;2018-05-06T05:30;22;kWh;-39746;0;0;0;39746;-39746
2018-05-06T05:30;2018-05-06T05:45;23;kWh;-39372;0;0;0;39372;-39372
2018-05-06T05:45;2018-05-06T06:00;24;kWh;-34383;0;0;0;34383;-34383
2018-05-06T06:00;2018-05-06T06:15;25;kWh;-30393;0;0;0;30393;-30393
2018-05-06T06:15;2018-05-06T06:30;26;kWh;-24167;0;0;0;24167;-24167
2018-05-06T06:30;2018-05-06T06:45;27;kWh;-22795;0;0;0;22795;-22795
2018-05-06T06:45;2018-05-06T07:00;28;kWh;-7637;0;0;0;7637;-7637
2018-05-06T07:00;2018-05-06T07:15;29;kWh;-16415;0;0;0;16415;-16415
2018-05-06T07:15;2018-05-06T07:30;30;kWh;-29216;0;0;0;29216;-29216
2018-05-06T07:30;2018-05-06T07:45;31;kWh;-5201;0;0;0;5201;-5201
2018-05-06T07:45;2018-05-06T08:00;32;kWh;-24;0;0;0;24;-24
2018-05-06T08:00;2018-05-06T08:15;33;kWh;-23379;0;0;0;23379;-23379
2018-05-06T08:15;2018-05-06T08:30;34;kWh;-27287;0;0;0;27287;-27287
2018-05-06T08:30;2018-05-06T08:45;35;kWh;-6121;0;0;0;6121;-6121
2018-05-06T08:45;2018-05-06T09:00;36;kWh;0;0;0;0;0;0
2018-05-06T09:00;2018-05-06T09:15;37;kWh;0;0;0;0;0;0
2018-05-06T09:15;2018-05-06T09:30;38;kWh;0;0;0;0;0;0
2018-05-06T09:30;2018-05-06T09:45;39;kWh;-1313;0;0;0;1313;-1313
2018-05-06T09:45;2018-05-06T10:00;40;kWh;-7637;0;0;0;7637;-7637
2018-05-06T10:00;2018-05-06T10:15;41;kWh;-33535;0;0;0;33535;-33535
2018-05-06T10:15;2018-05-06T10:30;42;kWh;-2957;0;0;0;2957;-2957
2018-05-06T10:30;2018-05-06T10:45;43;kWh;-1697;0;0;0;1697;-1697
2018-05-06T10:45;2018-05-06T11:00;44;kWh;-8524;0;0;0;8524;-8524
2018-05-06T11:00;2018-05-06T11:15;45;kWh;-21112;0;0;0;21112;-21112
2018-05-06T11:15;2018-05-06T11:30;46;kWh;-21624;0;0;0;21624;-21624
2018-05-06T11:30;2018-05-06T11:45;47;kWh;-27745;0;0;0;27745;-27745
2018-05-06T11:45;2018-05-06T12:00;48;kWh;-23775;0;0;0;23775;-23775
2018-05-06T12:00;2018-05-06T12:15;49;kWh;-13800;284;0;0;14084;-13516
2018-05-06T12:15;2018-05-06T12:30;50;kWh;-499;427;0;0;926;-72
2018-05-06T12:30;2018-05-06T12:45;51;kWh;-3162;0;0;0;3162;-3162
2018-05-06T12:45;2018-05-06T13:00;52;kWh;-13916;0;0;0;13916;-13916
2018-05-06T13:00;2018-05-06T13:15;53;kWh;-9721;0;0;0;9721;-9721
2018-05-06T13:15;2018-05-06T13:30;54;kWh;-2512;0;0;0;2512;-2512
2018-05-06T13:30;2018-05-06T13:45;55;kWh;-26461;0;0;0;26461;-26461
2018-05-06T13:45;2018-05-06T14:00;56;kWh;-29412;0;0;0;29412;-29412
2018-05-06T14:00;2018-05-06T14:15;57;kWh;-36089;0;0;0;36089;-36089
2018-05-06T14:15;2018-05-06T14:30;58;kWh;-42823;0;0;0;42823;-42823
2018-05-06T14:30;2018-05-06T14:45;59;kWh;-51381;0;0;0;51381;-51381
2018-05-06T14:45;2018-05-06T15:00;60;kWh;-55880;0;0;0;55880;-55880
2018-05-06T15:00;2018-05-06T15:15;61;kWh;-50599;0;0;0;50599;-50599
2018-05-06T15:15;2018-05-06T15:30;62;kWh;-46620;0;0;0;46620;-46620
2018-05-06T15:30;2018-05-06T15:45;63;kWh;-47692;0;0;0;47692;-47692
2018-05-06T15:45;2018-05-06T16:00;64;kWh;-34928;0;0;0;34928;-34928
2018-05-06T16:00;2018-05-06T16:15;65;kWh;-38205;0;0;0;38205;-38205
2018-05-06T16:15;2018-05-06T16:30;66;kWh;-19245;0;0;0;19245;-19245
2018-05-06T16:30;2018-05-06T16:45;67;kWh;-21698;0;0;0;21698;-21698
2018-05-06T16:45;2018-05-06T17:00;68;kWh;-1357;92;0;0;1449;-1265
2018-05-06T17:00;2018-05-06T17:15;69;kWh;-5107;0;0;0;5107;-5107
2018-05-06T17:15;2018-05-06T17:30;70;kWh;-5615;0;0;0;5615;-5615
2018-05-06T17:30;2018-05-06T17:45;71;kWh;-3574;0;0;0;3574;-3574
2018-05-06T17:45;2018-05-06T18:00;72;kWh;-67;0;0;0;67;-67
2018-05-06T18:00;2018-05-06T18:15;73;kWh;-12;0;0;0;12;-12
2018-05-06T18:15;2018-05-06T18:30;74;kWh;-7038;0;0;0;7038;-7038
2018-05-06T18:30;2018-05-06T18:45;75;kWh;-7024;0;0;0;7024;-7024
2018-05-06T18:45;2018-05-06T19:00;76;kWh;-3234;0;0;0;3234;-3234
2018-05-06T19:00;2018-05-06T19:15;77;kWh;-13481;0;0;0;13481;-13481
2018-05-06T19:15;2018-05-06T19:30;78;kWh;-9567;0;0;0;9567;-9567
2018-05-06T19:30;2018-05-06T19:45;79;kWh;-758;0;0;0;758;-758
2018-05-06T19:45;2018-05-06T20:00;80;kWh;0;865;0;0;865;865
2018-05-06T20:00;2018-05-06T20:15;81;kWh;0;2108;0;0;2108;2108
2018-05-06T20:15;2018-05-06T20:30;82;kWh;0;1055;0;0;1055;1055
2018-05-06T20:30;2018-05-06T20:45;83;kWh;-997;445;0;0;1442;-552
2018-05-06T20:45;2018-05-06T21:00;84;kWh;-17585;0;0;0;17585;-17585
2018-05-06T21:00;2018-05-06T21:15;85;kWh;-21267;0;0;0;21267;-21267
2018-05-06T21:15;2018-05-06T21:30;86;kWh;-6243;687;0;0;6930;-5556
2018-05-06T21:30;2018-05-06T21:45;87;kWh;0;9119;0;0;9119;9119
2018-05-06T21:45;2018-05-06T22:00;88;kWh;0;22175;0;0;22175;22175
2018-05-06T22:00;2018-05-06T22:15;89;kWh;0;23541;0;0;23541;23541
2018-05-06T22:15;2018-05-06T22:30;90;kWh;0;21691;0;0;21691;21691
2018-05-06T22:30;2018-05-06T22:45;91;kWh;-19796;2132;0;0;21928;-17664
2018-05-06T22:45;2018-05-06T23:00;92;kWh;-44157;0;0;0;44157;-44157
2018-05-06T23:00;2018-05-06T23:15;93;kWh;-17465;6634;0;0;24099;-10831
2018-05-06T23:15;2018-05-06T23:30;94;kWh;-3242;605;0;0;3847;-2637
2018-05-06T23:30;2018-05-06T23:45;95;kWh;-34160;0;0;0;34160;-34160
2018-05-06T23:45;2018-05-07T00:00;96;kWh;-56282;0;0;0;56282;-56282
2018-05-07T00:00;2018-05-07T00:15;1;kWh;-14140;11804;0;0;25944;-2336
2018-05-07T00:15;2018-05-07T00:30;2;kWh;0;25864;0;0;25864;25864
2018-05-07T00:30;2018-05-07T00:45;3;kWh;0;1517;0;0;1517;1517
2018-05-07T00:45;2018-05-07T01:00;4;kWh;-8;622;0;0;630;614
2018-05-07T01:00;2018-05-07T01:15;5;kWh;-268;0;0;0;268;-268
2018-05-07T01:15;2018-05-07T01:30;6;kWh;-3103;0;0;0;3103;-3103
2018-05-07T01:30;2018-05-07T01:45;7;kWh;-5334;0;0;0;5334;-5334
2018-05-07T01:45;2018-05-07T02:00;8;kWh;-9901;0;0;0;9901;-9901
2018-05-07T02:00;2018-05-07T02:15;9;kWh;-4229;0;0;0;4229;-4229
2018-05-07T02:15;2018-05-07T02:30;10;kWh;-31;0;0;0;31;-31
2018-05-07T02:30;2018-05-07T02:45;11;kWh;-2588;0;0;0;2588;-2588
2018-05-07T02:45;2018-05-07T03:00;12;kWh;-7193;0;0;0;7193;-7193
2018-05-07T03:00;2018-05-07T03:15;13;kWh;-22674;0;0;0;22674;-22674
2018-05-07T03:15;2018-05-07T03:30;14;kWh;-34450;0;0;0;34450;-34450
2018-05-07T03:30;2018-05-07T03:45;15;kWh;-37590;0;0;0;37590;-37590
2018-05-07T03:45;2018-05-07T04:00;16;kWh;-33738;0;0;0;33738;-33738
2018-05-07T04:00;2018-05-07T04:15;17;kWh;-48115;0;0;0;48115;-48115
2018-05-07T04:15;2018-05-07T04:30;18;kWh;-44515;0;0;0;44515;-44515
2018-05-07T04:30;2018-05-07T04:45;19;kWh;-14582;0;0;0;14582;-14582
2018-05-07T04:45;2018-05-07T05:00;20;kWh;-107;0;0;0;107;-107
2018-05-07T05:00;2018-05-07T05:15;21;kWh;-6391;0;0;0;6391;-6391
2018-05-07T05:15;2018-05-07T05:30;22;kWh;-12008;0;0;0;12008;-12008
2018-05-07T05:30;2018-05-07T05:45;23;kWh;-8848;0;0;0;8848;-8848
2018-05-07T05:45;2018-05-07T06:00;24;kWh;-14602;0;0;0;14602;-14602
2018-05-07T06:00;2018-05-07T06:15;25;kWh;-77101;0;0;0;77101;-77101
2018-05-07T06:15;2018-05-07T06:30;26;kWh;-87243;0;0;0;87243;-87243
2018-05-07T06:30;2018-05-07T06:45;27;kWh;-46677;0;0;0;46677;-46677
2018-05-07T06:45;2018-05-07T07:00;28;kWh;-4225;180;0;0;4405;-4045
2018-05-07T07:00;2018-05-07T07:15;29;kWh;0;0;0;0;0;0
2018-05-07T07:15;2018-05-07T07:30;30;kWh;0;11545;0;0;11545;11545
2018-05-07T07:30;2018-05-07T07:45;31;kWh;0;41553;0;0;41553;41553
2018-05-07T07:45;2018-05-07T08:00;32;kWh;-101;25444;0;0;25545;25343
2018-05-07T08:00;2018-05-07T08:15;33;kWh;-1544;55;0;0;1599;-1489
2018-05-07T08:15;2018-05-07T08:30;34;kWh;0;1050;0;0;1050;1050
2018-05-07T08:30;2018-05-07T08:45;35;kWh;0;1530;0;0;1530;1530
2018-05-07T08:45;2018-05-07T09:00;36;kWh;0;2706;0;0;2706;2706
2018-05-07T09:00;2018-05-07T09:15;37;kWh;0;19698;0;0;19698;19698
2018-05-07T09:15;2018-05-07T09:30;38;kWh;-12;2821;0;0;2833;2809
2018-05-07T09:30;2018-05-07T09:45;39;kWh;0;1168;0;0;1168;1168
2018-05-07T09:45;2018-05-07T10:00;40;kWh;0;157;0;0;157;157
2018-05-07T10:00;2018-05-07T10:15;41;kWh;0;12448;0;0;12448;12448
2018-05-07T10:15;2018-05-07T10:30;42;kWh;0;22606;0;0;22606;22606
2018-05-07T10:30;2018-05-07T10:45;43;kWh;0;23913;0;0;23913;23913
2018-05-07T10:45;2018-05-07T11:00;44;kWh;0;28467;0;0;28467;28467
2018-05-07T11:00;2018-05-07T11:15;45;kWh;0;44845;0;0;44845;44845
2018-05-07T11:15;2018-05-07T11:30;46;kWh;0;53130;0;0;53130;53130
2018-05-07T11:30;2018-05-07T11:45;47;kWh;0;43844;0;0;43844;43844
2018-05-07T11:45;2018-05-07T12:00;48;kWh;0;25340;0;0;25340;25340
2018-05-07T12:00;2018-05-07T12:15;49;kWh;0;32510;0;0;32510;32510
2018-05-07T12:15;2018-05-07T12:30;50;kWh;0;23530;0;0;23530;23530
2018-05-07T12:30;2018-05-07T12:45;51;kWh;-465;2678;0;0;3143;2213
2018-05-07T12:45;2018-05-07T13:00;52;kWh;-1989;0;0;0;1989;-1989
2018-05-07T13:00;2018-05-07T13:15;53;kWh;-1582;1770;0;0;3352;188
2018-05-07T13:15;2018-05-07T13:30;54;kWh;0;5898;0;0;5898;5898
2018-05-07T13:30;2018-05-07T13:45;55;kWh;0;9980;0;0;9980;9980
2018-05-07T13:45;2018-05-07T14:00;56;kWh;0;7824;0;0;7824;7824
2018-05-07T14:00;2018-05-07T14:15;57;kWh;0;29423;0;0;29423;29423
2018-05-07T14:15;2018-05-07T14:30;58;kWh;0;26868;0;0;26868;26868
2018-05-07T14:30;2018-05-07T14:45;59;kWh;0;19969;0;0;19969;19969
2018-05-07T14:45;2018-05-07T15:00;60;kWh;0;42129;0;0;42129;42129
2018-05-07T15:00;2018-05-07T15:15;61;kWh;0;22688;0;0;22688;22688
2018-05-07T15:15;2018-05-07T15:30;62;kWh;0;10374;0;0;10374;10374
2018-05-07T15:30;2018-05-07T15:45;63;kWh;0;3219;0;0;3219;3219
2018-05-07T15:45;2018-05-07T16:00;64;kWh;0;15275;0;0;15275;15275
2018-05-07T16:00;2018-05-07T16:15;65;kWh;0;15738;0;0;15738;15738
2018-05-07T16:15;2018-05-07T16:30;66;kWh;0;26426;0;0;26426;26426
2018-05-07T16:30;2018-05-07T16:45;67;kWh;0;35871;0;0;35871;35871
2018-05-07T16:45;2018-05-07T17:00;68;kWh;0;59964;0;0;59964;59964
2018-05-07T17:00;2018-05-07T17:15;69;kWh;-381;20467;0;0;20848;20086
2018-05-07T17:15;2018-05-07T17:30;70;kWh;0;6301;0;0;6301;6301
2018-05-07T17:30;2018-05-07T17:45;71;kWh;0;5560;0;0;5560;5560
2018-05-07T17:45;2018-05-07T18:00;72;kWh;0;2682;0;0;2682;2682
2018-05-07T18:00;2018-05-07T18:15;73;kWh;0;845;0;0;845;845
2018-05-07T18:15;2018-05-07T18:30;74;kWh;-1236;0;0;0;1236;-1236
2018-05-07T18:30;2018-05-07T18:45;75;kWh;-1121;0;0;0;1121;-1121
2018-05-07T18:45;2018-05-07T19:00;76;kWh;0;1190;0;0;1190;1190
2018-05-07T19:00;2018-05-07T19:15;77;kWh;0;24726;0;0;24726;24726
2018-05-07T19:15;2018-05-07T19:30;78;kWh;0;75606;0;0;75606;75606
2018-05-07T19:30;2018-05-07T19:45;79;kWh;0;42624;0;0;42624;42624
2018-05-07T19:45;2018-05-07T20:00;80;kWh;0;5131;0;0;5131;5131
2018-05-07T20:00;2018-05-07T20:15;81;kWh;0;2111;0;0;2111;2111
2018-05-07T20:15;2018-05-07T20:30;82;kWh;0;2090;0;0;2090;2090
2018-05-07T20:30;2018-05-07T20:45;83;kWh;-2127;999;0;0;3126;-1128
2018-05-07T20:45;2018-05-07T21:00;84;kWh;-3076;0;0;0;3076;-3076
2018-05-07T21:00;2018-05-07T21:15;85;kWh;0;1789;0;0;1789;1789
2018-05-07T21:15;2018-05-07T21:30;86;kWh;0;11154;0;0;11154;11154
2018-05-07T21:30;2018-05-07T21:45;87;kWh;0;23038;0;0;23038;23038
2018-05-07T21:45;2018-05-07T22:00;88;kWh;0;32181;0;0;32181;32181
2018-05-07T22:00;2018-05-07T22:15;89;kWh;0;66700;0;0;66700;66700
2018-05-07T22:15;2018-05-07T22:30;90;kWh;0;93129;0;5417;101046;101046
2018-05-07T22:30;2018-05-07T22:45;91;kWh;-537;27871;0;16251;44659;43585
2018-05-07T22:45;2018-05-07T23:00;92;kWh;-3129;0;0;5417;8546;2288
2018-05-07T23:00;2018-05-07T23:15;93;kWh;-3003;10125;0;0;13128;7122
2018-05-07T23:15;2018-05-07T23:30;94;kWh;-12;26695;0;0;26707;26683
2018-05-07T23:30;2018-05-07T23:45;95;kWh;-8679;63;0;0;8742;-8616
2018-05-07T23:45;2018-05-08T00:00;96;kWh;-37032;0;0;0;37032;-37032
2018-05-08T00:00;2018-05-08T00:15;1;kWh;-18445;13504;0;0;31949;-4941
2018-05-08T00:15;2018-05-08T00:30;2;kWh;0;65200;0;0;65200;65200
2018-05-08T00:30;2018-05-08T00:45;3;kWh;-109;20196;0;0;20305;20087
2018-05-08T00:45;2018-05-08T01:00;4;kWh;-1628;2;0;0;1630;-1626
2018-05-08T01:00;2018-05-08T01:15;5;kWh;-558;28585;0;0;29143;28027
2018-05-08T01:15;2018-05-08T01:30;6;kWh;0;47490;0;0;47490;47490
2018-05-08T01:30;2018-05-08T01:45;7;kWh;-112;8692;0;0;8804;8580
2018-05-08T01:45;2018-05-08T02:00;8;kWh;-2423;0;0;0;2423;-2423
2018-05-08T02:00;2018-05-08T02:15;9;kWh;-2647;5428;0;0;8075;2781
2018-05-08T02:15;2018-05-08T02:30;10;kWh;0;18968;0;0;18968;18968
2018-05-08T02:30;2018-05-08T02:45;11;kWh;0;886;0;0;886;886
2018-05-08T02:45;2018-05-08T03:00;12;kWh;-1963;0;0;0;1963;-1963
2018-05-08T03:00;2018-05-08T03:15;13;kWh;-1028;0;0;0;1028;-1028
2018-05-08T03:15;2018-05-08T03:30;14;kWh;-686;0;0;0;686;-686
2018-05-08T03:30;2018-05-08T03:45;15;kWh;-785;0;0;0;785;-785
2018-05-08T03:45;2018-05-08T04:00;16;kWh;-5333;0;0;0;5333;-5333
2018-05-08T04:00;2018-05-08T04:15;17;kWh;-15542;0;0;0;15542;-15542
2018-05-08T04:15;2018-05-08T04:30;18;kWh;-17580;0;0;0;17580;-17580
2018-05-08T04:30;2018-05-08T04:45;19;kWh;-8029;0;0;0;8029;-8029
2018-05-08T04:45;2018-05-08T05:00;20;kWh;-5766;0;0;0;5766;-5766
2018-05-08T05:00;2018-05-08T05:15;21;kWh;-27910;0;0;0;27910;-27910
2018-05-08T05:15;2018-05-08T05:30;22;kWh;-34472;0;0;0;34472;-34472
2018-05-08T05:30;2018-05-08T05:45;23;kWh;-26978;0;0;0;26978;-26978
2018-05-08T05:45;2018-05-08T06:00;24;kWh;-2270;0;0;0;2270;-2270
2018-05-08T06:00;2018-05-08T06:15;25;kWh;-20321;0;0;0;20321;-20321
2018-05-08T06:15;2018-05-08T06:30;26;kWh;-25858;0;0;0;25858;-25858
2018-05-08T06:30;2018-05-08T06:45;27;kWh;-18214;114;0;0;18328;-18100
2018-05-08T06:45;2018-05-08T07:00;28;kWh;-1129;18653;0;0;19782;17524
2018-05-08T07:00;2018-05-08T07:15;29;kWh;-20997;4558;0;0;25555;-16439
2018-05-08T07:15;2018-05-08T07:30;30;kWh;-35223;0;0;0;35223;-35223
2018-05-08T07:30;2018-05-08T07:45;31;kWh;-25124;0;0;0;25124;-25124
2018-05-08T07:45;2018-05-08T08:00;32;kWh;-1095;0;0;0;1095;-1095
2018-05-08T08:00;2018-05-08T08:15;33;kWh;0;0;0;0;0;0
2018-05-08T08:15;2018-05-08T08:30;34;kWh;0;0;0;0;0;0
2018-05-08T08:30;2018-05-08T08:45;35;kWh;0;0;0;0;0;0
2018-05-08T08:45;2018-05-08T09:00;36;kWh;0;0;0;0;0;0
2018-05-08T09:00;2018-05-08T09:15;37;kWh;0;0;0;0;0;0
2018-05-08T09:15;2018-05-08T09:30;38;kWh;0;0;0;0;0;0
2018-05-08T09:30;2018-05-08T09:45;39;kWh;0;0;0;0;0;0
2018-05-08T09:45;2018-05-08T10:00;40;kWh;0;0;0;0;0;0
2018-05-08T10:00;2018-05-08T10:15;41;kWh;0;5097;0;0;5097;5097
2018-05-08T10:15;2018-05-08T10:30;42;kWh;0;15584;0;0;15584;15584
2018-05-08T10:30;2018-05-08T10:45;43;kWh;0;3772;0;0;3772;3772
2018-05-08T10:45;2018-05-08T11:00;44;kWh;0;18;0;0;18;18
2018-05-08T11:00;2018-05-08T11:15;45;kWh;0;18945;0;0;18945;18945
2018-05-08T11:15;2018-05-08T11:30;46;kWh;0;25197;0;0;25197;25197
2018-05-08T11:30;2018-05-08T11:45;47;kWh;0;35296;0;0;35296;35296
2018-05-08T11:45;2018-05-08T12:00;48;kWh;0;11451;0;0;11451;11451
2018-05-08T12:00;2018-05-08T12:15;49;kWh;0;44195;0;0;44195;44195
2018-05-08T12:15;2018-05-08T12:30;50;kWh;0;77329;0;0;77329;77329
2018-05-08T12:30;2018-05-08T12:45;51;kWh;0;3882;0;0;3882;3882
2018-05-08T12:45;2018-05-08T13:00;52;kWh;0;12275;0;0;12275;12275
2018-05-08T13:00;2018-05-08T13:15;53;kWh;0;28099;0;0;28099;28099
2018-05-08T13:15;2018-05-08T13:30;54;kWh;0;44321;0;0;44321;44321
2018-05-08T13:30;2018-05-08T13:45;55;kWh;0;38842;0;0;38842;38842
2018-05-08T13:45;2018-05-08T14:00;56;kWh;0;47224;0;0;47224;47224
2018-05-08T14:00;2018-05-08T14:15;57;kWh;0;17830;0;0;17830;17830
2018-05-08T14:15;2018-05-08T14:30;58;kWh;0;9302;0;0;9302;9302
2018-05-08T14:30;2018-05-08T14:45;59;kWh;0;27195;0;0;27195;27195
2018-05-08T14:45;2018-05-08T15:00;60;kWh;0;34951;0;0;34951;34951
2018-05-08T15:00;2018-05-08T15:15;61;kWh;0;36282;0;0;36282;36282
2018-05-08T15:15;2018-05-08T15:30;62;kWh;0;37095;0;0;37095;37095
2018-05-08T15:30;2018-05-08T15:45;63;kWh;0;27315;0;0;27315;27315
2018-05-08T15:45;2018-05-08T16:00;64;kWh;0;62852;0;0;62852;62852
2018-05-08T16:00;2018-05-08T16:15;65;kWh;-261;33396;0;0;33657;33135
2018-05-08T16:15;2018-05-08T16:30;66;kWh;-32;7136;0;0;7168;7104
2018-05-08T16:30;2018-05-08T16:45;67;kWh;0;50184;0;0;50184;50184
2018-05-08T16:45;2018-05-08T17:00;68;kWh;0;57318;0;0;57318;57318
2018-05-08T17:00;2018-05-08T17:15;69;kWh;0;44240;0;0;44240;44240
2018-05-08T17:15;2018-05-08T17:30;70;kWh;0;54799;0;0;54799;54799
2018-05-08T17:30;2018-05-08T17:45;71;kWh;0;85718;0;0;85718;85718
2018-05-08T17:45;2018-05-08T18:00;72;kWh;0;85231;0;0;85231;85231
2018-05-08T18:00;2018-05-08T18:15;73;kWh;0;33146;0;0;33146;33146
2018-05-08T18:15;2018-05-08T18:30;74;kWh;0;4958;0;0;4958;4958
2018-05-08T18:30;2018-05-08T18:45;75;kWh;0;22200;0;0;22200;22200
2018-05-08T18:45;2018-05-08T19:00;76;kWh;0;40538;0;0;40538;40538
2018-05-08T19:00;2018-05-08T19:15;77;kWh;0;50394;0;0;50394;50394
2018-05-08T19:15;2018-05-08T19:30;78;kWh;0;55725;0;0;55725;55725
2018-05-08T19:30;2018-05-08T19:45;79;kWh;0;43193;0;0;43193;43193
2018-05-08T19:45;2018-05-08T20:00;80;kWh;0;45079;0;0;45079;45079
2018-05-08T20:00;2018-05-08T20:15;81;kWh;0;36355;0;0;36355;36355
2018-05-08T20:15;2018-05-08T20:30;82;kWh;0;7310;0;0;7310;7310
2018-05-08T20:30;2018-05-08T20:45;83;kWh;0;1566;0;0;1566;1566
2018-05-08T20:45;2018-05-08T21:00;84;kWh;-194;119;0;0;313;-75
2018-05-08T21:00;2018-05-08T21:15;85;kWh;-1234;0;0;0;1234;-1234
2018-05-08T21:15;2018-05-08T21:30;86;kWh;0;10571;0;0;10571;10571
2018-05-08T21:30;2018-05-08T21:45;87;kWh;0;36473;0;0;36473;36473
2018-05-08T21:45;2018-05-08T22:00;88;kWh;0;49576;0;0;49576;49576
2018-05-08T22:00;2018-05-08T22:15;89;kWh;0;78191;0;0;78191;78191
2018-05-08T22:15;2018-05-08T22:30;90;kWh;0;82539;0;0;82539;82539
2018-05-08T22:30;2018-05-08T22:45;91;kWh;-203;10653;0;0;10856;10450
2018-05-08T22:45;2018-05-08T23:00;92;kWh;0;0;0;0;0;0
2018-05-08T23:00;2018-05-08T23:15;93;kWh;0;1609;0;0;1609;1609
2018-05-08T23:15;2018-05-08T23:30;94;kWh;0;21687;0;0;21687;21687
2018-05-08T23:30;2018-05-08T23:45;95;kWh;-235;12656;0;0;12891;12421
2018-05-08T23:45;2018-05-09T00:00;96;kWh;-21703;234;0;0;21937;-21469
2018-05-09T00:00;2018-05-09T00:15;1;kWh;-12230;17525;0;0;29755;5295
2018-05-09T00:15;2018-05-09T00:30;2;kWh;0;67040;0;0;67040;67040
2018-05-09T00:30;2018-05-09T00:45;3;kWh;-425;8482;0;0;8907;8057
2018-05-09T00:45;2018-05-09T01:00;4;kWh;0;0;0;0;0;0
2018-05-09T01:00;2018-05-09T01:15;5;kWh;0;2213;0;0;2213;2213
2018-05-09T01:15;2018-05-09T01:30;6;kWh;0;21570;0;0;21570;21570
2018-05-09T01:30;2018-05-09T01:45;7;kWh;0;640;0;0;640;640
2018-05-09T01:45;2018-05-09T02:00;8;kWh;0;0;0;0;0;0
2018-05-09T02:00;2018-05-09T02:15;9;kWh;0;269;0;0;269;269
2018-05-09T02:15;2018-05-09T02:30;10;kWh;0;7645;0;0;7645;7645
2018-05-09T02:30;2018-05-09T02:45;11;kWh;0;5843;0;0;5843;5843
2018-05-09T02:45;2018-05-09T03:00;12;kWh;0;3836;0;0;3836;3836
2018-05-09T03:00;2018-05-09T03:15;13;kWh;0;1132;0;0;1132;1132
2018-05-09T03:15;2018-05-09T03:30;14;kWh;0;270;0;0;270;270
2018-05-09T03:30;2018-05-09T03:45;15;kWh;0;0;0;0;0;0
2018-05-09T03:45;2018-05-09T04:00;16;kWh;0;0;0;0;0;0
2018-05-09T04:00;2018-05-09T04:15;17;kWh;0;0;0;0;0;0
2018-05-09T04:15;2018-05-09T04:30;18;kWh;0;282;0;0;282;282
2018-05-09T04:30;2018-05-09T04:45;19;kWh;0;15298;0;0;15298;15298
2018-05-09T04:45;2018-05-09T05:00;20;kWh;0;36692;0;0;36692;36692
2018-05-09T05:00;2018-05-09T05:15;21;kWh;0;33293;0;0;33293;33293
2018-05-09T05:15;2018-05-09T05:30;22;kWh;0;4299;0;0;4299;4299
2018-05-09T05:30;2018-05-09T05:45;23;kWh;0;21431;0;0;21431;21431
2018-05-09T05:45;2018-05-09T06:00;24;kWh;0;51665;0;0;51665;51665
2018-05-09T06:00;2018-05-09T06:15;25;kWh;0;16599;0;0;16599;16599
2018-05-09T06:15;2018-05-09T06:30;26;kWh;-34;0;0;0;34;-34
2018-05-09T06:30;2018-05-09T06:45;27;kWh;0;1835;0;0;1835;1835
2018-05-09T06:45;2018-05-09T07:00;28;kWh;0;24142;0;0;24142;24142
2018-05-09T07:00;2018-05-09T07:15;29;kWh;0;6911;0;0;6911;6911
2018-05-09T07:15;2018-05-09T07:30;30;kWh;0;92;0;0;92;92
2018-05-09T07:30;2018-05-09T07:45;31;kWh;0;12795;0;0;12795;12795
2018-05-09T07:45;2018-05-09T08:00;32;kWh;0;66157;0;0;66157;66157
2018-05-09T08:00;2018-05-09T08:15;33;kWh;-528;24457;0;0;24985;23929
2018-05-09T08:15;2018-05-09T08:30;34;kWh;0;0;0;0;0;0
2018-05-09T08:30;2018-05-09T08:45;35;kWh;0;3276;0;0;3276;3276
2018-05-09T08:45;2018-05-09T09:00;36;kWh;0;16098;0;0;16098;16098
2018-05-09T09:00;2018-05-09T09:15;37;kWh;0;21802;0;0;21802;21802
2018-05-09T09:15;2018-05-09T09:30;38;kWh;0;36423;0;0;36423;36423
2018-05-09T09:30;2018-05-09T09:45;39;kWh;0;31787;0;0;31787;31787
2018-05-09T09:45;2018-05-09T10:00;40;kWh;0;12344;0;0;12344;12344
2018-05-09T10:00;2018-05-09T10:15;41;kWh;0;14204;0;0;14204;14204
2018-05-09T10:15;2018-05-09T10:30;42;kWh;0;2868;0;0;2868;2868
2018-05-09T10:30;2018-05-09T10:45;43;kWh;0;0;0;0;0;0
2018-05-09T10:45;2018-05-09T11:00;44;kWh;0;811;0;0;811;811
2018-05-09T11:00;2018-05-09T11:15;45;kWh;0;521;0;0;521;521
2018-05-09T11:15;2018-05-09T11:30;46;kWh;0;2256;0;0;2256;2256
2018-05-09T11:30;2018-05-09T11:45;47;kWh;0;404;0;0;404;404
2018-05-09T11:45;2018-05-09T12:00;48;kWh;0;13289;0;0;13289;13289
2018-05-09T12:00;2018-05-09T12:15;49;kWh;0;19724;0;0;19724;19724
2018-05-09T12:15;2018-05-09T12:30;50;kWh;0;31347;0;0;31347;31347
2018-05-09T12:30;2018-05-09T12:45;51;kWh;-888;12640;0;0;13528;11752
2018-05-09T12:45;2018-05-09T13:00;52;kWh;-81;0;0;0;81;-81
2018-05-09T13:00;2018-05-09T13:15;53;kWh;0;12795;0;0;12795;12795
2018-05-09T13:15;2018-05-09T13:30;54;kWh;0;36980;0;0;36980;36980
2018-05-09T13:30;2018-05-09T13:45;55;kWh;0;44626;0;0;44626;44626
2018-05-09T13:45;2018-05-09T14:00;56;kWh;0;38327;0;0;38327;38327
2018-05-09T14:00;2018-05-09T14:15;57;kWh;0;39763;0;0;39763;39763
2018-05-09T14:15;2018-05-09T14:30;58;kWh;0;42406;0;0;42406;42406
2018-05-09T14:30;2018-05-09T14:45;59;kWh;0;50014;0;0;50014;50014
2018-05-09T14:45;2018-05-09T15:00;60;kWh;0;57293;0;0;57293;57293
2018-05-09T15:00;2018-05-09T15:15;61;kWh;0;43441;0;0;43441;43441
2018-05-09T15:15;2018-05-09T15:30;62;kWh;0;44200;0;0;44200;44200
2018-05-09T15:30;2018-05-09T15:45;63;kWh;0;56201;0;0;56201;56201
2018-05-09T15:45;2018-05-09T16:00;64;kWh;0;49373;0;0;49373;49373
2018-05-09T16:00;2018-05-09T16:15;65;kWh;-6449;15662;0;0;22111;9213
2018-05-09T16:15;2018-05-09T16:30;66;kWh;-7905;0;0;0;7905;-7905
2018-05-09T16:30;2018-05-09T16:45;67;kWh;-533;0;0;0;533;-533
2018-05-09T16:45;2018-05-09T17:00;68;kWh;0;0;0;0;0;0
2018-05-09T17:00;2018-05-09T17:15;69;kWh;0;128;0;0;128;128
2018-05-09T17:15;2018-05-09T17:30;70;kWh;0;0;0;0;0;0
2018-05-09T17:30;2018-05-09T17:45;71;kWh;0;4720;0;0;4720;4720
2018-05-09T17:45;2018-05-09T18:00;72;kWh;0;17013;0;0;17013;17013
2018-05-09T18:00;2018-05-09T18:15;73;kWh;0;10586;0;0;10586;10586
2018-05-09T18:15;2018-05-09T18:30;74;kWh;0;1447;0;0;1447;1447
2018-05-09T18:30;2018-05-09T18:45;75;kWh;0;11683;0;0;11683;11683
2018-05-09T18:45;2018-05-09T19:00;76;kWh;0;13163;0;0;13163;13163
2018-05-09T19:00;2018-05-09T19:15;77;kWh;0;21994;0;0;21994;21994
2018-05-09T19:15;2018-05-09T19:30;78;kWh;0;21064;0;0;21064;21064
2018-05-09T19:30;2018-05-09T19:45;79;kWh;0;33021;0;0;33021;33021
2018-05-09T19:45;2018-05-09T20:00;80;kWh;0;32005;0;0;32005;32005
2018-05-09T20:00;2018-05-09T20:15;81;kWh;0;24900;0;0;24900;24900
2018-05-09T20:15;2018-05-09T20:30;82;kWh;0;29651;0;0;29651;29651
2018-05-09T20:30;2018-05-09T20:45;83;kWh;0;28927;0;0;28927;28927
2018-05-09T20:45;2018-05-09T21:00;84;kWh;0;11058;0;0;11058;11058
2018-05-09T21:00;2018-05-09T21:15;85;kWh;0;8308;0;0;8308;8308
2018-05-09T21:15;2018-05-09T21:30;86;kWh;0;20917;0;0;20917;20917
2018-05-09T21:30;2018-05-09T21:45;87;kWh;0;35250;0;0;35250;35250
2018-05-09T21:45;2018-05-09T22:00;88;kWh;0;44896;0;0;44896;44896
2018-05-09T22:00;2018-05-09T22:15;89;kWh;0;53987;0;0;53987;53987
2018-05-09T22:15;2018-05-09T22:30;90;kWh;0;39918;0;0;39918;39918
2018-05-09T22:30;2018-05-09T22:45;91;kWh;-68;1404;0;0;1472;1336
2018-05-09T22:45;2018-05-09T23:00;92;kWh;0;740;0;0;740;740
2018-05-09T23:00;2018-05-09T23:15;93;kWh;0;19037;0;0;19037;19037
2018-05-09T23:15;2018-05-09T23:30;94;kWh;0;25785;0;0;25785;25785
2018-05-09T23:30;2018-05-09T23:45;95;kWh;-593;1868;0;0;2461;1275
2018-05-09T23:45;2018-05-10T00:00;96;kWh;-2336;0;0;0;2336;-2336
2018-05-10T00:00;2018-05-10T00:15;1;kWh;-717;0;0;0;717;-717
2018-05-10T00:15;2018-05-10T00:30;2;kWh;0;7789;0;0;7789;7789
2018-05-10T00:30;2018-05-10T00:45;3;kWh;0;26768;0;0;26768;26768
2018-05-10T00:45;2018-05-10T01:00;4;kWh;0;17784;0;0;17784;17784
2018-05-10T01:00;2018-05-10T01:15;5;kWh;-1564;4219;0;0;5783;2655
2018-05-10T01:15;2018-05-10T01:30;6;kWh;0;0;0;0;0;0
2018-05-10T01:30;2018-05-10T01:45;7;kWh;0;0;0;0;0;0
2018-05-10T01:45;2018-05-10T02:00;8;kWh;0;0;0;0;0;0
2018-05-10T02:00;2018-05-10T02:15;9;kWh;0;1082;0;0;1082;1082
2018-05-10T02:15;2018-05-10T02:30;10;kWh;0;81;0;0;81;81
2018-05-10T02:30;2018-05-10T02:45;11;kWh;0;362;0;0;362;362
2018-05-10T02:45;2018-05-10T03:00;12;kWh;0;0;0;0;0;0
2018-05-10T03:00;2018-05-10T03:15;13;kWh;0;6195;0;0;6195;6195
2018-05-10T03:15;2018-05-10T03:30;14;kWh;0;4357;0;0;4357;4357
2018-05-10T03:30;2018-05-10T03:45;15;kWh;0;1;0;0;1;1
2018-05-10T03:45;2018-05-10T04:00;16;kWh;0;282;0;0;282;282
2018-05-10T04:00;2018-05-10T04:15;17;kWh;0;374;0;0;374;374
2018-05-10T04:15;2018-05-10T04:30;18;kWh;0;0;0;0;0;0
2018-05-10T04:30;2018-05-10T04:45;19;kWh;0;0;0;0;0;0
2018-05-10T04:45;2018-05-10T05:00;20;kWh;0;0;0;0;0;0
2018-05-10T05:00;2018-05-10T05:15;21;kWh;0;791;0;0;791;791
2018-05-10T05:15;2018-05-10T05:30;22;kWh;0;2979;0;0;2979;2979
2018-05-10T05:30;2018-05-10T05:45;23;kWh;0;307;0;0;307;307
2018-05-10T05:45;2018-05-10T06:00;24;kWh;0;0;0;0;0;0
2018-05-10T06:00;2018-05-10T06:15;25;kWh;0;101;0;0;101;101
2018-05-10T06:15;2018-05-10T06:30;26;kWh;-1116;0;0;0;1116;-1116
2018-05-10T06:30;2018-05-10T06:45;27;kWh;0;0;0;0;0;0
2018-05-10T06:45;2018-05-10T07:00;28;kWh;-102;0;0;0;102;-102
2018-05-10T07:00;2018-05-10T07:15;29;kWh;-513;0;0;0;513;-513
2018-05-10T07:15;2018-05-10T07:30;30;kWh;0;1280;0;0;1280;1280
2018-05-10T07:30;2018-05-10T07:45;31;kWh;0;19290;0;0;19290;19290
2018-05-10T07:45;2018-05-10T08:00;32;kWh;0;31711;0;0;31711;31711
2018-05-10T08:00;2018-05-10T08:15;33;kWh;0;83210;0;0;83210;83210
2018-05-10T08:15;2018-05-10T08:30;34;kWh;0;37260;0;0;37260;37260
2018-05-10T08:30;2018-05-10T08:45;35;kWh;0;22788;0;0;22788;22788
2018-05-10T08:45;2018-05-10T09:00;36;kWh;0;47485;0;0;47485;47485
2018-05-10T09:00;2018-05-10T09:15;37;kWh;-287;19246;0;0;19533;18959
2018-05-10T09:15;2018-05-10T09:30;38;kWh;-25;239;0;0;264;214
2018-05-10T09:30;2018-05-10T09:45;39;kWh;0;0;0;0;0;0
2018-05-10T09:45;2018-05-10T10:00;40;kWh;0;0;0;0;0;0
2018-05-10T10:00;2018-05-10T10:15;41;kWh;0;0;0;0;0;0
2018-05-10T10:15;2018-05-10T10:30;42;kWh;-12;0;0;0;12;-12
2018-05-10T10:30;2018-05-10T10:45;43;kWh;-1923;0;0;0;1923;-1923
2018-05-10T10:45;2018-05-10T11:00;44;kWh;-4826;0;0;0;4826;-4826
2018-05-10T11:00;2018-05-10T11:15;45;kWh;-1285;0;0;0;1285;-1285
2018-05-10T11:15;2018-05-10T11:30;46;kWh;0;0;0;0;0;0
2018-05-10T11:30;2018-05-10T11:45;47;kWh;0;388;0;0;388;388
2018-05-10T11:45;2018-05-10T12:00;48;kWh;0;608;0;0;608;608
2018-05-10T12:00;2018-05-10T12:15;49;kWh;0;12454;0;0;12454;12454
2018-05-10T12:15;2018-05-10T12:30;50;kWh;0;26480;0;0;26480;26480
2018-05-10T12:30;2018-05-10T12:45;51;kWh;0;14680;0;0;14680;14680
2018-05-10T12:45;2018-05-10T13:00;52;kWh;0;3881;0;0;3881;3881
2018-05-10T13:00;2018-05-10T13:15;53;kWh;0;40752;0;0;40752;40752
2018-05-10T13:15;2018-05-10T13:30;54;kWh;0;45219;0;0;45219;45219
2018-05-10T13:30;2018-05-10T13:45;55;kWh;0;33099;0;0;33099;33099
2018-05-10T13:45;2018-05-10T14:00;56;kWh;0;42876;0;0;42876;42876
2018-05-10T14:00;2018-05-10T14:15;57;kWh;0;65770;0;0;65770;65770
2018-05-10T14:15;2018-05-10T14:30;58;kWh;0;24875;0;0;24875;24875
2018-05-10T14:30;2018-05-10T14:45;59;kWh;0;7164;0;0;7164;7164
2018-05-10T14:45;2018-05-10T15:00;60;kWh;0;18518;0;0;18518;18518
2018-05-10T15:00;2018-05-10T15:15;61;kWh;-262;4452;0;0;4714;4190
2018-05-10T15:15;2018-05-10T15:30;62;kWh;-270;0;0;0;270;-270
2018-05-10T15:30;2018-05-10T15:45;63;kWh;-969;0;0;0;969;-969
2018-05-10T15:45;2018-05-10T16:00;64;kWh;-5555;0;0;0;5555;-5555
2018-05-10T16:00;2018-05-10T16:15;65;kWh;-6551;232;0;0;6783;-6319
2018-05-10T16:15;2018-05-10T16:30;66;kWh;-23;10696;0;0;10719;10673
2018-05-10T16:30;2018-05-10T16:45;67;kWh;0;28074;0;0;28074;28074
2018-05-10T16:45;2018-05-10T17:00;68;kWh;0;37779;0;0;37779;37779
2018-05-10T17:00;2018-05-10T17:15;69;kWh;-18522;11867;0;0;30389;-6655
2018-05-10T17:15;2018-05-10T17:30;70;kWh;-26018;9;0;0;26027;-26009
2018-05-10T17:30;2018-05-10T17:45;71;kWh;-183;17224;0;0;17407;17041
2018-05-10T17:45;2018-05-10T18:00;72;kWh;0;32684;0;0;32684;32684
2018-05-10T18:00;2018-05-10T18:15;73;kWh;0;18524;0;0;18524;18524
2018-05-10T18:15;2018-05-10T18:30;74;kWh;-561;2467;0;0;3028;1906
2018-05-10T18:30;2018-05-10T18:45;75;kWh;0;0;0;0;0;0
2018-05-10T18:45;2018-05-10T19:00;76;kWh;0;279;0;0;279;279
2018-05-10T19:00;2018-05-10T19:15;77;kWh;0;32220;0;0;32220;32220
2018-05-10T19:15;2018-05-10T19:30;78;kWh;-247;3898;0;0;4145;3651
2018-05-10T19:30;2018-05-10T19:45;79;kWh;-796;0;0;0;796;-796
2018-05-10T19:45;2018-05-10T20:00;80;kWh;0;4307;0;0;4307;4307
2018-05-10T20:00;2018-05-10T20:15;81;kWh;0;15613;0;0;15613;15613
2018-05-10T20:15;2018-05-10T20:30;82;kWh;-532;228;0;0;760;-304
2018-05-10T20:30;2018-05-10T20:45;83;kWh;-1123;0;0;0;1123;-1123
2018-05-10T20:45;2018-05-10T21:00;84;kWh;-318;0;0;0;318;-318
2018-05-10T21:00;2018-05-10T21:15;85;kWh;-9669;0;0;0;9669;-9669
2018-05-10T21:15;2018-05-10T21:30;86;kWh;-1418;0;0;0;1418;-1418
2018-05-10T21:30;2018-05-10T21:45;87;kWh;-123;0;0;0;123;-123
2018-05-10T21:45;2018-05-10T22:00;88;kWh;0;9528;0;0;9528;9528
2018-05-10T22:00;2018-05-10T22:15;89;kWh;0;13388;0;0;13388;13388
2018-05-10T22:15;2018-05-10T22:30;90;kWh;-1275;1090;0;0;2365;-185
2018-05-10T22:30;2018-05-10T22:45;91;kWh;-813;0;0;0;813;-813
2018-05-10T22:45;2018-05-10T23:00;92;kWh;0;0;0;0;0;0
2018-05-10T23:00;2018-05-10T23:15;93;kWh;0;4776;0;0;4776;4776
2018-05-10T23:15;2018-05-10T23:30;94;kWh;-767;3434;0;0;4201;2667
2018-05-10T23:30;2018-05-10T23:45;95;kWh;-1383;0;0;0;1383;-1383
2018-05-10T23:45;2018-05-11T00:00;96;kWh;-2096;0;0;0;2096;-2096
2018-05-11T00:00;2018-05-11T00:15;1;kWh;-578;4276;0;0;4854;3698
2018-05-11T00:15;2018-05-11T00:30;2;kWh;-6;14294;0;0;14300;14288
2018-05-11T00:30;2018-05-11T00:45;3;kWh;-6958;2311;0;0;9269;-4647
2018-05-11T00:45;2018-05-11T01:00;4;kWh;-598;3784;0;0;4382;3186
2018-05-11T01:00;2018-05-11T01:15;5;kWh;0;2415;0;0;2415;2415
2018-05-11T01:15;2018-05-11T01:30;6;kWh;0;6560;0;0;6560;6560
2018-05-11T01:30;2018-05-11T01:45;7;kWh;-2369;1030;0;0;3399;-1339
2018-05-11T01:45;2018-05-11T02:00;8;kWh;-26718;0;0;0;26718;-26718
2018-05-11T02:00;2018-05-11T02:15;9;kWh;-20917;0;0;0;20917;-20917
2018-05-11T02:15;2018-05-11T02:30;10;kWh;-202;0;0;0;202;-202
2018-05-11T02:30;2018-05-11T02:45;11;kWh;-8420;0;0;0;8420;-8420
2018-05-11T02:45;2018-05-11T03:00;12;kWh;-38931;0;0;0;38931;-38931
2018-05-11T03:00;2018-05-11T03:15;13;kWh;-10698;0;0;0;10698;-10698
2018-05-11T03:15;2018-05-11T03:30;14;kWh;0;0;0;0;0;0
2018-05-11T03:30;2018-05-11T03:45;15;kWh;0;0;0;0;0;0
2018-05-11T03:45;2018-05-11T04:00;16;kWh;0;0;0;0;0;0
2018-05-11T04:00;2018-05-11T04:15;17;kWh;0;0;0;0;0;0
2018-05-11T04:15;2018-05-11T04:30;18;kWh;0;0;0;0;0;0
2018-05-11T04:30;2018-05-11T04:45;19;kWh;0;0;0;0;0;0
2018-05-11T04:45;2018-05-11T05:00;20;kWh;0;0;0;0;0;0
2018-05-11T05:00;2018-05-11T05:15;21;kWh;-1114;0;0;0;1114;-1114
2018-05-11T05:15;2018-05-11T05:30;22;kWh;-4618;0;0;0;4618;-4618
2018-05-11T05:30;2018-05-11T05:45;23;kWh;-2145;0;0;0;2145;-2145
2018-05-11T05:45;2018-05-11T06:00;24;kWh;-2261;0;0;0;2261;-2261
2018-05-11T06:00;2018-05-11T06:15;25;kWh;-37560;0;0;0;37560;-37560
2018-05-11T06:15;2018-05-11T06:30;26;kWh;-29788;0;0;0;29788;-29788
2018-05-11T06:30;2018-05-11T06:45;27;kWh;-24533;0;0;0;24533;-24533
2018-05-11T06:45;2018-05-11T07:00;28;kWh;-3786;0;0;0;3786;-3786
2018-05-11T07:00;2018-05-11T07:15;29;kWh;-5885;0;0;0;5885;-5885
2018-05-11T07:15;2018-05-11T07:30;30;kWh;-1753;0;0;0;1753;-1753
2018-05-11T07:30;2018-05-11T07:45;31;kWh;-15958;0;0;0;15958;-15958
2018-05-11T07:45;2018-05-11T08:00;32;kWh;-24262;0;0;0;24262;-24262
2018-05-11T08:00;2018-05-11T08:15;33;kWh;-59393;0;0;0;59393;-59393
2018-05-11T08:15;2018-05-11T08:30;34;kWh;-86689;0;0;0;86689;-86689
2018-05-11T08:30;2018-05-11T08:45;35;kWh;-37444;0;0;0;37444;-37444
2018-05-11T08:45;2018-05-11T09:00;36;kWh;-43203;0;0;0;43203;-43203
2018-05-11T09:00;2018-05-11T09:15;37;kWh;-10106;0;0;0;10106;-10106
2018-05-11T09:15;2018-05-11T09:30;38;kWh;0;0;0;0;0;0
2018-05-11T09:30;2018-05-11T09:45;39;kWh;-4420;0;0;0;4420;-4420
2018-05-11T09:45;2018-05-11T10:00;40;kWh;-20255;0;0;0;20255;-20255
2018-05-11T10:00;2018-05-11T10:15;41;kWh;-10341;59;0;0;10400;-10282
2018-05-11T10:15;2018-05-11T10:30;42;kWh;-283;93;0;0;376;-190
2018-05-11T10:30;2018-05-11T10:45;43;kWh;-6861;0;0;0;6861;-6861
2018-05-11T10:45;2018-05-11T11:00;44;kWh;-21435;0;0;0;21435;-21435
2018-05-11T11:00;2018-05-11T11:15;45;kWh;-33409;0;0;0;33409;-33409
2018-05-11T11:15;2018-05-11T11:30;46;kWh;-49956;0;0;0;49956;-49956
2018-05-11T11:30;2018-05-11T11:45;47;kWh;-50438;0;0;0;50438;-50438
2018-05-11T11:45;2018-05-11T12:00;48;kWh;-30587;0;0;0;30587;-30587
2018-05-11T12:00;2018-05-11T12:15;49;kWh;-4934;899;0;0;5833;-4035
2018-05-11T12:15;2018-05-11T12:30;50;kWh;0;0;0;0;0;0
2018-05-11T12:30;2018-05-11T12:45;51;kWh;0;0;0;0;0;0
2018-05-11T12:45;2018-05-11T13:00;52;kWh;0;16;0;0;16;16
2018-05-11T13:00;2018-05-11T13:15;53;kWh;0;210;0;0;210;210
2018-05-11T13:15;2018-05-11T13:30;54;kWh;0;174;0;0;174;174
2018-05-11T13:30;2018-05-11T13:45;55;kWh;0;1269;0;0;1269;1269
2018-05-11T13:45;2018-05-11T14:00;56;kWh;0;2062;0;0;2062;2062
2018-05-11T14:00;2018-05-11T14:15;57;kWh;0;80;0;0;80;80
2018-05-11T14:15;2018-05-11T14:30;58;kWh;0;0;0;0;0;0
2018-05-11T14:30;2018-05-11T14:45;59;kWh;-102;0;0;0;102;-102
2018-05-11T14:45;2018-05-11T15:00;60;kWh;-2678;0;0;0;2678;-2678
2018-05-11T15:00;2018-05-11T15:15;61;kWh;-8;0;0;0;8;-8
2018-05-11T15:15;2018-05-11T15:30;62;kWh;0;0;0;0;0;0
2018-05-11T15:30;2018-05-11T15:45;63;kWh;0;0;0;0;0;0
2018-05-11T15:45;2018-05-11T16:00;64;kWh;0;0;0;0;0;0
2018-05-11T16:00;2018-05-11T16:15;65;kWh;0;0;0;0;0;0
2018-05-11T16:15;2018-05-11T16:30;66;kWh;0;0;0;0;0;0
2018-05-11T16:30;2018-05-11T16:45;67;kWh;0;2362;0;0;2362;2362
2018-05-11T16:45;2018-05-11T17:00;68;kWh;0;22589;0;0;22589;22589
2018-05-11T17:00;2018-05-11T17:15;69;kWh;-1696;12731;0;0;14427;11035
2018-05-11T17:15;2018-05-11T17:30;70;kWh;-3077;12;0;0;3089;-3065
2018-05-11T17:30;2018-05-11T17:45;71;kWh;-565;0;0;0;565;-565
2018-05-11T17:45;2018-05-11T18:00;72;kWh;0;1030;0;0;1030;1030
2018-05-11T18:00;2018-05-11T18:15;73;kWh;0;12942;0;0;12942;12942
2018-05-11T18:15;2018-05-11T18:30;74;kWh;-195;2224;0;0;2419;2029
2018-05-11T18:30;2018-05-11T18:45;75;kWh;0;5480;0;0;5480;5480
2018-05-11T18:45;2018-05-11T19:00;76;kWh;0;4354;0;0;4354;4354
2018-05-11T19:00;2018-05-11T19:15;77;kWh;0;2579;0;0;2579;2579
2018-05-11T19:15;2018-05-11T19:30;78;kWh;0;9053;0;0;9053;9053
2018-05-11T19:30;2018-05-11T19:45;79;kWh;0;8664;0;0;8664;8664
2018-05-11T19:45;2018-05-11T20:00;80;kWh;0;6699;0;0;6699;6699
2018-05-11T20:00;2018-05-11T20:15;81;kWh;0;11689;0;0;11689;11689
2018-05-11T20:15;2018-05-11T20:30;82;kWh;0;20922;0;0;20922;20922
2018-05-11T20:30;2018-05-11T20:45;83;kWh;0;5667;0;0;5667;5667
2018-05-11T20:45;2018-05-11T21:00;84;kWh;0;0;0;0;0;0
2018-05-11T21:00;2018-05-11T21:15;85;kWh;0;0;0;0;0;0
2018-05-11T21:15;2018-05-11T21:30;86;kWh;-861;0;0;0;861;-861
2018-05-11T21:30;2018-05-11T21:45;87;kWh;-1262;0;0;0;1262;-1262
2018-05-11T21:45;2018-05-11T22:00;88;kWh;-372;3;0;0;375;-369
2018-05-11T22:00;2018-05-11T22:15;89;kWh;0;9230;0;0;9230;9230
2018-05-11T22:15;2018-05-11T22:30;90;kWh;0;2155;0;0;2155;2155
2018-05-11T22:30;2018-05-11T22:45;91;kWh;0;1291;0;0;1291;1291
2018-05-11T22:45;2018-05-11T23:00;92;kWh;0;40;0;0;40;40
2018-05-11T23:00;2018-05-11T23:15;93;kWh;0;27168;0;0;27168;27168
2018-05-11T23:15;2018-05-11T23:30;94;kWh;0;69624;0;0;69624;69624
2018-05-11T23:30;2018-05-11T23:45;95;kWh;-1417;8867;0;0;10284;7450
2018-05-11T23:45;2018-05-12T00:00;96;kWh;-27220;0;0;0;27220;-27220
2018-05-12T00:00;2018-05-12T00:15;1;kWh;-15034;340;0;0;15374;-14694
2018-05-12T00:15;2018-05-12T00:30;2;kWh;-114;29;0;0;143;-85
2018-05-12T00:30;2018-05-12T00:45;3;kWh;-697;0;0;0;697;-697
2018-05-12T00:45;2018-05-12T01:00;4;kWh;-2479;0;0;0;2479;-2479
2018-05-12T01:00;2018-05-12T01:15;5;kWh;-4422;0;0;0;4422;-4422
2018-05-12T01:15;2018-05-12T01:30;6;kWh;-15324;0;0;0;15324;-15324
2018-05-12T01:30;2018-05-12T01:45;7;kWh;-14851;0;0;0;14851;-14851
2018-05-12T01:45;2018-05-12T02:00;8;kWh;-2072;0;0;0;2072;-2072
2018-05-12T02:00;2018-05-12T02:15;9;kWh;-1956;0;0;0;1956;-1956
2018-05-12T02:15;2018-05-12T02:30;10;kWh;0;0;0;0;0;0
2018-05-12T02:30;2018-05-12T02:45;11;kWh;-91;0;0;0;91;-91
2018-05-12T02:45;2018-05-12T03:00;12;kWh;-4147;0;0;0;4147;-4147
2018-05-12T03:00;2018-05-12T03:15;13;kWh;-4515;0;0;0;4515;-4515
2018-05-12T03:15;2018-05-12T03:30;14;kWh;-19;0;0;0;19;-19
2018-05-12T03:30;2018-05-12T03:45;15;kWh;-491;0;0;0;491;-491
2018-05-12T03:45;2018-05-12T04:00;16;kWh;0;0;0;0;0;0
2018-05-12T04:00;2018-05-12T04:15;17;kWh;0;0;0;0;0;0
2018-05-12T04:15;2018-05-12T04:30;18;kWh;0;612;0;0;612;612
2018-05-12T04:30;2018-05-12T04:45;19;kWh;0;1593;0;0;1593;1593
2018-05-12T04:45;2018-05-12T05:00;20;kWh;0;3734;0;0;3734;3734
2018-05-12T05:00;2018-05-12T05:15;21;kWh;0;3330;0;0;3330;3330
2018-05-12T05:15;2018-05-12T05:30;22;kWh;0;2594;0;0;2594;2594
2018-05-12T05:30;2018-05-12T05:45;23;kWh;0;373;0;0;373;373
2018-05-12T05:45;2018-05-12T06:00;24;kWh;-578;0;0;0;578;-578
2018-05-12T06:00;2018-05-12T06:15;25;kWh;0;0;0;0;0;0
2018-05-12T06:15;2018-05-12T06:30;26;kWh;-1650;0;0;0;1650;-1650
2018-05-12T06:30;2018-05-12T06:45;27;kWh;-9291;0;0;0;9291;-9291
2018-05-12T06:45;2018-05-12T07:00;28;kWh;-2507;0;0;0;2507;-2507
2018-05-12T07:00;2018-05-12T07:15;29;kWh;-14453;0;0;0;14453;-14453
2018-05-12T07:15;2018-05-12T07:30;30;kWh;-31455;0;0;0;31455;-31455
2018-05-12T07:30;2018-05-12T07:45;31;kWh;-25971;37;0;0;26008;-25934
2018-05-12T07:45;2018-05-12T08:00;32;kWh;-1451;1019;0;0;2470;-432
2018-05-12T08:00;2018-05-12T08:15;33;kWh;-11463;0;0;0;11463;-11463
2018-05-12T08:15;2018-05-12T08:30;34;kWh;-18485;11;0;0;18496;-18474
2018-05-12T08:30;2018-05-12T08:45;35;kWh;-798;428;0;0;1226;-370
2018-05-12T08:45;2018-05-12T09:00;36;kWh;0;0;0;0;0;0
2018-05-12T09:00;2018-05-12T09:15;37;kWh;0;0;0;0;0;0
2018-05-12T09:15;2018-05-12T09:30;38;kWh;-231;0;0;0;231;-231
2018-05-12T09:30;2018-05-12T09:45;39;kWh;-439;0;0;0;439;-439
2018-05-12T09:45;2018-05-12T10:00;40;kWh;0;0;0;0;0;0
2018-05-12T10:00;2018-05-12T10:15;41;kWh;-962;0;0;0;962;-962
2018-05-12T10:15;2018-05-12T10:30;42;kWh;-709;0;0;0;709;-709
2018-05-12T10:30;2018-05-12T10:45;43;kWh;-1011;0;0;0;1011;-1011
2018-05-12T10:45;2018-05-12T11:00;44;kWh;-1223;0;0;0;1223;-1223
2018-05-12T11:00;2018-05-12T11:15;45;kWh;-610;161;0;0;771;-449
2018-05-12T11:15;2018-05-12T11:30;46;kWh;0;1029;0;0;1029;1029
2018-05-12T11:30;2018-05-12T11:45;47;kWh;0;798;0;0;798;798
2018-05-12T11:45;2018-05-12T12:00;48;kWh;0;1555;0;0;1555;1555
2018-05-12T12:00;2018-05-12T12:15;49;kWh;0;6609;0;0;6609;6609
2018-05-12T12:15;2018-05-12T12:30;50;kWh;0;35063;0;0;35063;35063
2018-05-12T12:30;2018-05-12T12:45;51;kWh;0;6095;0;0;6095;6095
2018-05-12T12:45;2018-05-12T13:00;52;kWh;0;742;0;0;742;742
2018-05-12T13:00;2018-05-12T13:15;53;kWh;0;0;0;0;0;0
2018-05-12T13:15;2018-05-12T13:30;54;kWh;0;0;0;0;0;0
2018-05-12T13:30;2018-05-12T13:45;55;kWh;0;0;0;0;0;0
2018-05-12T13:45;2018-05-12T14:00;56;kWh;-4969;0;0;0;4969;-4969
2018-05-12T14:00;2018-05-12T14:15;57;kWh;-3043;0;0;0;3043;-3043
2018-05-12T14:15;2018-05-12T14:30;58;kWh;0;1101;0;0;1101;1101
2018-05-12T14:30;2018-05-12T14:45;59;kWh;0;21612;0;0;21612;21612
2018-05-12T14:45;2018-05-12T15:00;60;kWh;0;18265;0;0;18265;18265
2018-05-12T15:00;2018-05-12T15:15;61;kWh;0;7028;0;0;7028;7028
2018-05-12T15:15;2018-05-12T15:30;62;kWh;0;6973;0;0;6973;6973
2018-05-12T15:30;2018-05-12T15:45;63;kWh;0;14774;0;0;14774;14774
2018-05-12T15:45;2018-05-12T16:00;64;kWh;0;31718;0;0;31718;31718
2018-05-12T16:00;2018-05-12T16:15;65;kWh;0;23867;0;0;23867;23867
2018-05-12T16:15;2018-05-12T16:30;66;kWh;0;18594;0;0;18594;18594
2018-05-12T16:30;2018-05-12T16:45;67;kWh;0;40777;0;0;40777;40777
2018-05-12T16:45;2018-05-12T17:00;68;kWh;0;50465;0;0;50465;50465
2018-05-12T17:00;2018-05-12T17:15;69;kWh;-1140;12628;0;0;13768;11488
2018-05-12T17:15;2018-05-12T17:30;70;kWh;-7;4637;0;0;4644;4630
2018-05-12T17:30;2018-05-12T17:45;71;kWh;0;42364;0;0;42364;42364
2018-05-12T17:45;2018-05-12T18:00;72;kWh;0;54790;0;0;54790;54790
2018-05-12T18:00;2018-05-12T18:15;73;kWh;0;38396;0;0;38396;38396
2018-05-12T18:15;2018-05-12T18:30;74;kWh;-250;7387;0;0;7637;7137
2018-05-12T18:30;2018-05-12T18:45;75;kWh;0;33632;0;0;33632;33632
2018-05-12T18:45;2018-05-12T19:00;76;kWh;0;20044;0;0;20044;20044
2018-05-12T19:00;2018-05-12T19:15;77;kWh;0;26052;0;0;26052;26052
2018-05-12T19:15;2018-05-12T19:30;78;kWh;0;36797;0;0;36797;36797
2018-05-12T19:30;2018-05-12T19:45;79;kWh;0;31063;0;0;31063;31063
2018-05-12T19:45;2018-05-12T20:00;80;kWh;0;13575;0;0;13575;13575
2018-05-12T20:00;2018-05-12T20:15;81;kWh;0;1193;0;0;1193;1193
2018-05-12T20:15;2018-05-12T20:30;82;kWh;0;7264;0;0;7264;7264
2018-05-12T20:30;2018-05-12T20:45;83;kWh;0;3164;0;0;3164;3164
2018-05-12T20:45;2018-05-12T21:00;84;kWh;0;7;0;0;7;7
2018-05-12T21:00;2018-05-12T21:15;85;kWh;0;0;0;0;0;0
2018-05-12T21:15;2018-05-12T21:30;86;kWh;-58;0;0;0;58;-58
2018-05-12T21:30;2018-05-12T21:45;87;kWh;-1419;0;0;0;1419;-1419
2018-05-12T21:45;2018-05-12T22:00;88;kWh;-3235;0;0;0;3235;-3235
2018-05-12T22:00;2018-05-12T22:15;89;kWh;-18982;0;0;0;18982;-18982
2018-05-12T22:15;2018-05-12T22:30;90;kWh;-27124;0;0;0;27124;-27124
2018-05-12T22:30;2018-05-12T22:45;91;kWh;-46082;0;0;0;46082;-46082
2018-05-12T22:45;2018-05-12T23:00;92;kWh;-52758;0;0;0;52758;-52758
2018-05-12T23:00;2018-05-12T23:15;93;kWh;-25041;4746;0;0;29787;-20295
2018-05-12T23:15;2018-05-12T23:30;94;kWh;0;2894;0;0;2894;2894
2018-05-12T23:30;2018-05-12T23:45;95;kWh;0;0;0;0;0;0
2018-05-12T23:45;2018-05-13T00:00;96;kWh;-283;0;0;0;283;-283
2018-05-13T00:00;2018-05-13T00:15;1;kWh;0;12827;0;0;12827;12827
2018-05-13T00:15;2018-05-13T00:30;2;kWh;0;63168;0;0;63168;63168
2018-05-13T00:30;2018-05-13T00:45;3;kWh;0;8168;0;0;8168;8168
2018-05-13T00:45;2018-05-13T01:00;4;kWh;0;0;0;0;0;0
2018-05-13T01:00;2018-05-13T01:15;5;kWh;0;0;0;0;0;0
2018-05-13T01:15;2018-05-13T01:30;6;kWh;0;0;0;0;0;0
2018-05-13T01:30;2018-05-13T01:45;7;kWh;-516;0;0;0;516;-516
2018-05-13T01:45;2018-05-13T02:00;8;kWh;-15229;0;0;0;15229;-15229
2018-05-13T02:00;2018-05-13T02:15;9;kWh;-4943;6802;0;0;11745;1859
2018-05-13T02:15;2018-05-13T02:30;10;kWh;0;32748;0;0;32748;32748
2018-05-13T02:30;2018-05-13T02:45;11;kWh;0;23820;0;0;23820;23820
2018-05-13T02:45;2018-05-13T03:00;12;kWh;0;9805;0;0;9805;9805
2018-05-13T03:00;2018-05-13T03:15;13;kWh;0;626;0;0;626;626
2018-05-13T03:15;2018-05-13T03:30;14;kWh;0;32;0;0;32;32
2018-05-13T03:30;2018-05-13T03:45;15;kWh;0;0;0;0;0;0
2018-05-13T03:45;2018-05-13T04:00;16;kWh;0;0;0;0;0;0
2018-05-13T04:00;2018-05-13T04:15;17;kWh;0;1211;0;0;1211;1211
2018-05-13T04:15;2018-05-13T04:30;18;kWh;0;4698;0;0;4698;4698
2018-05-13T04:30;2018-05-13T04:45;19;kWh;0;5038;0;0;5038;5038
2018-05-13T04:45;2018-05-13T05:00;20;kWh;0;2628;0;0;2628;2628
2018-05-13T05:00;2018-05-13T05:15;21;kWh;0;2752;0;0;2752;2752
2018-05-13T05:15;2018-05-13T05:30;22;kWh;0;14145;0;0;14145;14145
2018-05-13T05:30;2018-05-13T05:45;23;kWh;0;7930;0;0;7930;7930
2018-05-13T05:45;2018-05-13T06:00;24;kWh;0;327;0;0;327;327
2018-05-13T06:00;2018-05-13T06:15;25;kWh;0;10534;0;0;10534;10534
2018-05-13T06:15;2018-05-13T06:30;26;kWh;0;14033;0;0;14033;14033
2018-05-13T06:30;2018-05-13T06:45;27;kWh;0;22595;0;0;22595;22595
2018-05-13T06:45;2018-05-13T07:00;28;kWh;0;27667;0;0;27667;27667
2018-05-13T07:00;2018-05-13T07:15;29;kWh;-667;15952;0;0;16619;15285
2018-05-13T07:15;2018-05-13T07:30;30;kWh;-2840;54;0;0;2894;-2786
2018-05-13T07:30;2018-05-13T07:45;31;kWh;-7;0;0;0;7;-7
2018-05-13T07:45;2018-05-13T08:00;32;kWh;0;2125;0;0;2125;2125
2018-05-13T08:00;2018-05-13T08:15;33;kWh;0;43;0;0;43;43
2018-05-13T08:15;2018-05-13T08:30;34;kWh;0;2609;0;0;2609;2609
2018-05-13T08:30;2018-05-13T08:45;35;kWh;0;23865;0;0;23865;23865
2018-05-13T08:45;2018-05-13T09:00;36;kWh;0;38057;0;0;38057;38057
2018-05-13T09:00;2018-05-13T09:15;37;kWh;0;26983;0;0;26983;26983
2018-05-13T09:15;2018-05-13T09:30;38;kWh;0;32187;0;0;32187;32187
2018-05-13T09:30;2018-05-13T09:45;39;kWh;0;47844;0;0;47844;47844
2018-05-13T09:45;2018-05-13T10:00;40;kWh;0;47662;0;0;47662;47662
2018-05-13T10:00;2018-05-13T10:15;41;kWh;0;29381;0;0;29381;29381
2018-05-13T10:15;2018-05-13T10:30;42;kWh;0;26200;0;0;26200;26200
2018-05-13T10:30;2018-05-13T10:45;43;kWh;0;24904;0;0;24904;24904
2018-05-13T10:45;2018-05-13T11:00;44;kWh;0;19936;0;0;19936;19936
2018-05-13T11:00;2018-05-13T11:15;45;kWh;0;28602;0;0;28602;28602
2018-05-13T11:15;2018-05-13T11:30;46;kWh;0;8660;0;0;8660;8660
2018-05-13T11:30;2018-05-13T11:45;47;kWh;0;31399;0;0;31399;31399
2018-05-13T11:45;2018-05-13T12:00;48;kWh;0;18513;0;0;18513;18513
2018-05-13T12:00;2018-05-13T12:15;49;kWh;0;40405;0;0;40405;40405
2018-05-13T12:15;2018-05-13T12:30;50;kWh;0;59220;0;0;59220;59220
2018-05-13T12:30;2018-05-13T12:45;51;kWh;0;54085;0;0;54085;54085
2018-05-13T12:45;2018-05-13T13:00;52;kWh;0;41873;0;0;41873;41873
2018-05-13T13:00;2018-05-13T13:15;53;kWh;0;36017;0;0;36017;36017
2018-05-13T13:15;2018-05-13T13:30;54;kWh;0;37547;0;0;37547;37547
2018-05-13T13:30;2018-05-13T13:45;55;kWh;0;39339;0;0;39339;39339
2018-05-13T13:45;2018-05-13T14:00;56;kWh;0;52834;0;0;52834;52834
2018-05-13T14:00;2018-05-13T14:15;57;kWh;0;83329;0;0;83329;83329
2018-05-13T14:15;2018-05-13T14:30;58;kWh;0;90725;0;0;90725;90725
2018-05-13T14:30;2018-05-13T14:45;59;kWh;0;49490;0;0;49490;49490
2018-05-13T14:45;2018-05-13T15:00;60;kWh;0;52200;0;0;52200;52200
2018-05-13T15:00;2018-05-13T15:15;61;kWh;-512;18883;0;0;19395;18371
2018-05-13T15:15;2018-05-13T15:30;62;kWh;0;0;0;0;0;0
2018-05-13T15:30;2018-05-13T15:45;63;kWh;0;7879;0;0;7879;7879
2018-05-13T15:45;2018-05-13T16:00;64;kWh;0;25974;0;0;25974;25974
2018-05-13T16:00;2018-05-13T16:15;65;kWh;0;22081;0;0;22081;22081
2018-05-13T16:15;2018-05-13T16:30;66;kWh;0;44143;0;0;44143;44143
2018-05-13T16:30;2018-05-13T16:45;67;kWh;-710;5572;0;0;6282;4862
2018-05-13T16:45;2018-05-13T17:00;68;kWh;0;0;0;0;0;0
2018-05-13T17:00;2018-05-13T17:15;69;kWh;-16018;0;0;0;16018;-16018
2018-05-13T17:15;2018-05-13T17:30;70;kWh;-6595;0;0;0;6595;-6595
2018-05-13T17:30;2018-05-13T17:45;71;kWh;-72;3558;0;0;3630;3486
2018-05-13T17:45;2018-05-13T18:00;72;kWh;0;19946;0;0;19946;19946
2018-05-13T18:00;2018-05-13T18:15;73;kWh;0;34932;0;0;34932;34932
2018-05-13T18:15;2018-05-13T18:30;74;kWh;0;8910;0;0;8910;8910
2018-05-13T18:30;2018-05-13T18:45;75;kWh;0;4273;0;0;4273;4273
2018-05-13T18:45;2018-05-13T19:00;76;kWh;0;18444;0;0;18444;18444
2018-05-13T19:00;2018-05-13T19:15;77;kWh;0;18688;0;0;18688;18688
2018-05-13T19:15;2018-05-13T19:30;78;kWh;0;24748;0;0;24748;24748
2018-05-13T19:30;2018-05-13T19:45;79;kWh;-422;4155;0;0;4577;3733
2018-05-13T19:45;2018-05-13T20:00;80;kWh;0;1792;0;0;1792;1792
2018-05-13T20:00;2018-05-13T20:15;81;kWh;0;23121;0;0;23121;23121
2018-05-13T20:15;2018-05-13T20:30;82;kWh;0;22220;0;0;22220;22220
2018-05-13T20:30;2018-05-13T20:45;83;kWh;0;5397;0;0;5397;5397
2018-05-13T20:45;2018-05-13T21:00;84;kWh;0;1165;0;0;1165;1165
2018-05-13T21:00;2018-05-13T21:15;85;kWh;0;67;0;0;67;67
2018-05-13T21:15;2018-05-13T21:30;86;kWh;0;0;0;0;0;0
2018-05-13T21:30;2018-05-13T21:45;87;kWh;0;0;0;0;0;0
2018-05-13T21:45;2018-05-13T22:00;88;kWh;-635;0;0;0;635;-635
2018-05-13T22:00;2018-05-13T22:15;89;kWh;-1817;0;0;0;1817;-1817
2018-05-13T22:15;2018-05-13T22:30;90;kWh;-2863;0;0;0;2863;-2863
2018-05-13T22:30;2018-05-13T22:45;91;kWh;-2752;0;0;0;2752;-2752
2018-05-13T22:45;2018-05-13T23:00;92;kWh;-113;0;0;0;113;-113
2018-05-13T23:00;2018-05-13T23:15;93;kWh;-272;7320;0;0;7592;7048
2018-05-13T23:15;2018-05-13T23:30;94;kWh;0;16211;0;0;16211;16211
2018-05-13T23:30;2018-05-13T23:45;95;kWh;0;7713;0;0;7713;7713
2018-05-13T23:45;2018-05-14T00:00;96;kWh;-132;1624;0;0;1756;1492
2018-05-14T00:00;2018-05-14T00:15;1;kWh;0;36559;0;0;36559;36559
2018-05-14T00:15;2018-05-14T00:30;2;kWh;0;92832;0;0;92832;92832
2018-05-14T00:30;2018-05-14T00:45;3;kWh;0;48882;0;0;48882;48882
2018-05-14T00:45;2018-05-14T01:00;4;kWh;0;37215;0;0;37215;37215
2018-05-14T01:00;2018-05-14T01:15;5;kWh;0;44960;0;0;44960;44960
2018-05-14T01:15;2018-05-14T01:30;6;kWh;0;42706;0;0;42706;42706
2018-05-14T01:30;2018-05-14T01:45;7;kWh;-583;5783;0;0;6366;5200
2018-05-14T01:45;2018-05-14T02:00;8;kWh;0;31909;0;0;31909;31909
2018-05-14T02:00;2018-05-14T02:15;9;kWh;0;10414;0;0;10414;10414
2018-05-14T02:15;2018-05-14T02:30;10;kWh;-227;622;0;0;849;395
2018-05-14T02:30;2018-05-14T02:45;11;kWh;-3051;0;0;0;3051;-3051
2018-05-14T02:45;2018-05-14T03:00;12;kWh;-4087;0;0;0;4087;-4087
2018-05-14T03:00;2018-05-14T03:15;13;kWh;-17827;0;0;0;17827;-17827
2018-05-14T03:15;2018-05-14T03:30;14;kWh;-6650;0;0;0;6650;-6650
2018-05-14T03:30;2018-05-14T03:45;15;kWh;-2804;0;0;0;2804;-2804
2018-05-14T03:45;2018-05-14T04:00;16;kWh;-2216;0;0;0;2216;-2216
2018-05-14T04:00;2018-05-14T04:15;17;kWh;-406;0;0;0;406;-406
2018-05-14T04:15;2018-05-14T04:30;18;kWh;0;0;0;0;0;0
2018-05-14T04:30;2018-05-14T04:45;19;kWh;0;1307;0;0;1307;1307
2018-05-14T04:45;2018-05-14T05:00;20;kWh;0;36477;0;0;36477;36477
2018-05-14T05:00;2018-05-14T05:15;21;kWh;-13;27916;0;0;27929;27903
2018-05-14T05:15;2018-05-14T05:30;22;kWh;-100;430;0;0;530;330
2018-05-14T05:30;2018-05-14T05:45;23;kWh;0;9252;0;0;9252;9252
2018-05-14T05:45;2018-05-14T06:00;24;kWh;0;24484;0;0;24484;24484
2018-05-14T06:00;2018-05-14T06:15;25;kWh;0;9295;0;0;9295;9295
2018-05-14T06:15;2018-05-14T06:30;26;kWh;0;15006;0;0;15006;15006
2018-05-14T06:30;2018-05-14T06:45;27;kWh;0;64523;0;0;64523;64523
2018-05-14T06:45;2018-05-14T07:00;28;kWh;0;94779;0;0;94779;94779
2018-05-14T07:00;2018-05-14T07:15;29;kWh;-894;29837;0;0;30731;28943
2018-05-14T07:15;2018-05-14T07:30;30;kWh;0;6707;0;0;6707;6707
2018-05-14T07:30;2018-05-14T07:45;31;kWh;0;56630;0;0;56630;56630
2018-05-14T07:45;2018-05-14T08:00;32;kWh;0;60639;0;0;60639;60639
2018-05-14T08:00;2018-05-14T08:15;33;kWh;0;30357;0;0;30357;30357
2018-05-14T08:15;2018-05-14T08:30;34;kWh;0;45449;0;0;45449;45449
2018-05-14T08:30;2018-05-14T08:45;35;kWh;0;73640;0;0;73640;73640
2018-05-14T08:45;2018-05-14T09:00;36;kWh;0;79193;0;0;79193;79193
2018-05-14T09:00;2018-05-14T09:15;37;kWh;0;79446;0;0;79446;79446
2018-05-14T09:15;2018-05-14T09:30;38;kWh;0;70013;0;0;70013;70013
2018-05-14T09:30;2018-05-14T09:45;39;kWh;0;57110;0;0;72110;72110
2018-05-14T09:45;2018-05-14T10:00;40;kWh;0;10484;0;0;10484;10484
2018-05-14T10:00;2018-05-14T10:15;41;kWh;0;57339;0;0;57339;57339
2018-05-14T10:15;2018-05-14T10:30;42;kWh;0;51295;0;0;51295;51295
2018-05-14T10:30;2018-05-14T10:45;43;kWh;0;23069;0;0;23069;23069
2018-05-14T10:45;2018-05-14T11:00;44;kWh;0;7432;0;0;7432;7432
2018-05-14T11:00;2018-05-14T11:15;45;kWh;0;10219;0;0;10219;10219
2018-05-14T11:15;2018-05-14T11:30;46;kWh;0;3385;0;0;3385;3385
2018-05-14T11:30;2018-05-14T11:45;47;kWh;0;2835;0;0;2835;2835
2018-05-14T11:45;2018-05-14T12:00;48;kWh;0;2177;0;0;2177;2177
2018-05-14T12:00;2018-05-14T12:15;49;kWh;0;43344;0;0;43344;43344
2018-05-14T12:15;2018-05-14T12:30;50;kWh;0;36640;0;0;36640;36640
2018-05-14T12:30;2018-05-14T12:45;51;kWh;-739;7612;0;0;8351;6873
2018-05-14T12:45;2018-05-14T13:00;52;kWh;0;7845;0;0;7845;7845
2018-05-14T13:00;2018-05-14T13:15;53;kWh;0;28888;0;0;28888;28888
2018-05-14T13:15;2018-05-14T13:30;54;kWh;0;30111;0;0;30111;30111
2018-05-14T13:30;2018-05-14T13:45;55;kWh;0;27691;0;0;27691;27691
2018-05-14T13:45;2018-05-14T14:00;56;kWh;0;18306;0;0;18306;18306
2018-05-14T14:00;2018-05-14T14:15;57;kWh;0;9461;0;0;9461;9461
2018-05-14T14:15;2018-05-14T14:30;58;kWh;0;17698;0;0;17698;17698
2018-05-14T14:30;2018-05-14T14:45;59;kWh;0;7003;0;0;7003;7003
2018-05-14T14:45;2018-05-14T15:00;60;kWh;0;4497;0;0;4497;4497
2018-05-14T15:00;2018-05-14T15:15;61;kWh;0;508;0;0;508;508
2018-05-14T15:15;2018-05-14T15:30;62;kWh;0;83;0;0;83;83
2018-05-14T15:30;2018-05-14T15:45;63;kWh;0;250;0;0;250;250
2018-05-14T15:45;2018-05-14T16:00;64;kWh;0;329;0;0;329;329
2018-05-14T16:00;2018-05-14T16:15;65;kWh;0;155;0;0;155;155
2018-05-14T16:15;2018-05-14T16:30;66;kWh;0;0;0;0;0;0
2018-05-14T16:30;2018-05-14T16:45;67;kWh;0;0;0;0;0;0
2018-05-14T16:45;2018-05-14T17:00;68;kWh;0;472;0;0;472;472
2018-05-14T17:00;2018-05-14T17:15;69;kWh;0;6367;0;0;6367;6367
2018-05-14T17:15;2018-05-14T17:30;70;kWh;0;28799;0;0;28799;28799
2018-05-14T17:30;2018-05-14T17:45;71;kWh;0;31845;0;0;31845;31845
2018-05-14T17:45;2018-05-14T18:00;72;kWh;0;36787;0;0;36787;36787
2018-05-14T18:00;2018-05-14T18:15;73;kWh;0;52956;0;0;52956;52956
2018-05-14T18:15;2018-05-14T18:30;74;kWh;-301;8329;0;0;8630;8028
2018-05-14T18:30;2018-05-14T18:45;75;kWh;-925;0;0;0;925;-925
2018-05-14T18:45;2018-05-14T19:00;76;kWh;0;1303;0;0;1303;1303
2018-05-14T19:00;2018-05-14T19:15;77;kWh;0;10071;0;0;10071;10071
2018-05-14T19:15;2018-05-14T19:30;78;kWh;0;24527;0;0;24527;24527
2018-05-14T19:30;2018-05-14T19:45;79;kWh;0;30179;0;0;30179;30179
2018-05-14T19:45;2018-05-14T20:00;80;kWh;0;37258;0;0;37258;37258
2018-05-14T20:00;2018-05-14T20:15;81;kWh;0;61501;0;0;61501;61501
2018-05-14T20:15;2018-05-14T20:30;82;kWh;0;78750;0;0;78750;78750
2018-05-14T20:30;2018-05-14T20:45;83;kWh;-1127;20490;0;0;21617;19363
2018-05-14T20:45;2018-05-14T21:00;84;kWh;-6940;0;0;0;6940;-6940
2018-05-14T21:00;2018-05-14T21:15;85;kWh;-37222;0;0;0;37222;-37222
2018-05-14T21:15;2018-05-14T21:30;86;kWh;-20228;348;0;0;20576;-19880
2018-05-14T21:30;2018-05-14T21:45;87;kWh;-152;3942;0;0;4094;3790
2018-05-14T21:45;2018-05-14T22:00;88;kWh;0;35846;0;0;35846;35846
2018-05-14T22:00;2018-05-14T22:15;89;kWh;0;61374;0;0;61374;61374
2018-05-14T22:15;2018-05-14T22:30;90;kWh;0;63765;0;0;63765;63765
2018-05-14T22:30;2018-05-14T22:45;91;kWh;0;11834;0;0;11834;11834
2018-05-14T22:45;2018-05-14T23:00;92;kWh;0;0;0;0;0;0
2018-05-14T23:00;2018-05-14T23:15;93;kWh;0;13137;0;0;13137;13137
2018-05-14T23:15;2018-05-14T23:30;94;kWh;-1290;5237;0;0;6527;3947
2018-05-14T23:30;2018-05-14T23:45;95;kWh;-6086;0;0;0;6086;-6086
2018-05-14T23:45;2018-05-15T00:00;96;kWh;-34745;0;0;0;34745;-34745
2018-05-15T00:00;2018-05-15T00:15;1;kWh;-7724;0;0;0;7724;-7724
2018-05-15T00:15;2018-05-15T00:30;2;kWh;0;0;0;0;0;0
2018-05-15T00:30;2018-05-15T00:45;3;kWh;-15039;0;0;0;15039;-15039
2018-05-15T00:45;2018-05-15T01:00;4;kWh;-55556;0;0;0;55556;-55556
2018-05-15T01:00;2018-05-15T01:15;5;kWh;-43887;0;0;0;43887;-43887
2018-05-15T01:15;2018-05-15T01:30;6;kWh;-16276;0;0;0;16276;-16276
2018-05-15T01:30;2018-05-15T01:45;7;kWh;-11306;0;0;0;11306;-11306
2018-05-15T01:45;2018-05-15T02:00;8;kWh;-23539;0;0;0;23539;-23539
2018-05-15T02:00;2018-05-15T02:15;9;kWh;-20335;0;0;0;20335;-20335
2018-05-15T02:15;2018-05-15T02:30;10;kWh;-18723;0;0;0;18723;-18723
2018-05-15T02:30;2018-05-15T02:45;11;kWh;-7821;0;0;0;7821;-7821
2018-05-15T02:45;2018-05-15T03:00;12;kWh;-45;0;0;0;45;-45
2018-05-15T03:00;2018-05-15T03:15;13;kWh;0;4;0;0;4;4
2018-05-15T03:15;2018-05-15T03:30;14;kWh;0;22195;0;0;22195;22195
2018-05-15T03:30;2018-05-15T03:45;15;kWh;0;26234;0;0;26234;26234
2018-05-15T03:45;2018-05-15T04:00;16;kWh;0;1176;0;0;1176;1176
2018-05-15T04:00;2018-05-15T04:15;17;kWh;-1;0;0;0;1;-1
2018-05-15T04:15;2018-05-15T04:30;18;kWh;-7;0;0;0;7;-7
2018-05-15T04:30;2018-05-15T04:45;19;kWh;0;969;0;0;969;969
2018-05-15T04:45;2018-05-15T05:00;20;kWh;0;2053;0;0;2053;2053
2018-05-15T05:00;2018-05-15T05:15;21;kWh;-1013;907;0;0;1920;-106
2018-05-15T05:15;2018-05-15T05:30;22;kWh;-9878;0;0;0;9878;-9878
2018-05-15T05:30;2018-05-15T05:45;23;kWh;-123;0;0;0;123;-123
2018-05-15T05:45;2018-05-15T06:00;24;kWh;0;0;0;0;0;0
2018-05-15T06:00;2018-05-15T06:15;25;kWh;-134;0;0;0;134;-134
2018-05-15T06:15;2018-05-15T06:30;26;kWh;-915;0;0;0;915;-915
2018-05-15T06:30;2018-05-15T06:45;27;kWh;0;9173;0;0;9173;9173
2018-05-15T06:45;2018-05-15T07:00;28;kWh;0;33589;0;0;33589;33589
2018-05-15T07:00;2018-05-15T07:15;29;kWh;-13999;9714;0;0;23713;-4285
2018-05-15T07:15;2018-05-15T07:30;30;kWh;-11309;0;0;0;11309;-11309
2018-05-15T07:30;2018-05-15T07:45;31;kWh;-939;2770;0;0;3709;1831
2018-05-15T07:45;2018-05-15T08:00;32;kWh;0;35013;0;0;35013;35013
2018-05-15T08:00;2018-05-15T08:15;33;kWh;-88;24299;0;0;24387;24211
2018-05-15T08:15;2018-05-15T08:30;34;kWh;-186;249;0;0;435;63
2018-05-15T08:30;2018-05-15T08:45;35;kWh;0;9482;0;0;9482;9482
2018-05-15T08:45;2018-05-15T09:00;36;kWh;0;28988;0;0;28988;28988
2018-05-15T09:00;2018-05-15T09:15;37;kWh;0;48089;0;0;48089;48089
2018-05-15T09:15;2018-05-15T09:30;38;kWh;0;75857;0;0;75857;75857
2018-05-15T09:30;2018-05-15T09:45;39;kWh;0;33704;0;0;33704;33704
2018-05-15T09:45;2018-05-15T10:00;40;kWh;0;18810;0;0;18810;18810
2018-05-15T10:00;2018-05-15T10:15;41;kWh;0;59721;0;0;59721;59721
2018-05-15T10:15;2018-05-15T10:30;42;kWh;0;66498;0;0;66498;66498
2018-05-15T10:30;2018-05-15T10:45;43;kWh;0;60331;0;0;60331;60331
2018-05-15T10:45;2018-05-15T11:00;44;kWh;0;44003;0;0;55253;55253
2018-05-15T11:00;2018-05-15T11:15;45;kWh;0;8307;0;0;8307;8307
2018-05-15T11:15;2018-05-15T11:30;46;kWh;0;4251;0;0;4251;4251
2018-05-15T11:30;2018-05-15T11:45;47;kWh;0;180;0;0;180;180
2018-05-15T11:45;2018-05-15T12:00;48;kWh;0;0;0;0;0;0
2018-05-15T12:00;2018-05-15T12:15;49;kWh;0;0;0;0;0;0
2018-05-15T12:15;2018-05-15T12:30;50;kWh;0;0;0;0;0;0
2018-05-15T12:30;2018-05-15T12:45;51;kWh;0;0;0;0;0;0
2018-05-15T12:45;2018-05-15T13:00;52;kWh;-445;0;0;0;445;-445
2018-05-15T13:00;2018-05-15T13:15;53;kWh;-1140;0;0;0;1140;-1140
2018-05-15T13:15;2018-05-15T13:30;54;kWh;-38;0;0;0;38;-38
2018-05-15T13:30;2018-05-15T13:45;55;kWh;-912;0;0;0;912;-912
2018-05-15T13:45;2018-05-15T14:00;56;kWh;0;0;0;0;0;0
2018-05-15T14:00;2018-05-15T14:15;57;kWh;0;0;0;0;0;0
2018-05-15T14:15;2018-05-15T14:30;58;kWh;0;988;0;0;988;988
2018-05-15T14:30;2018-05-15T14:45;59;kWh;0;4139;0;0;4139;4139
2018-05-15T14:45;2018-05-15T15:00;60;kWh;0;3214;0;0;3214;3214
2018-05-15T15:00;2018-05-15T15:15;61;kWh;0;4827;0;0;4827;4827
2018-05-15T15:15;2018-05-15T15:30;62;kWh;0;2202;0;0;2202;2202
2018-05-15T15:30;2018-05-15T15:45;63;kWh;0;6253;0;0;6253;6253
2018-05-15T15:45;2018-05-15T16:00;64;kWh;0;5396;0;0;5396;5396
2018-05-15T16:00;2018-05-15T16:15;65;kWh;0;916;0;0;916;916
2018-05-15T16:15;2018-05-15T16:30;66;kWh;0;0;0;0;0;0
2018-05-15T16:30;2018-05-15T16:45;67;kWh;0;0;0;0;0;0
2018-05-15T16:45;2018-05-15T17:00;68;kWh;0;2133;0;0;2133;2133
2018-05-15T17:00;2018-05-15T17:15;69;kWh;0;64;0;0;64;64
2018-05-15T17:15;2018-05-15T17:30;70;kWh;0;2718;0;0;2718;2718
2018-05-15T17:30;2018-05-15T17:45;71;kWh;0;4211;0;0;4211;4211
2018-05-15T17:45;2018-05-15T18:00;72;kWh;0;652;0;0;652;652
2018-05-15T18:00;2018-05-15T18:15;73;kWh;-709;0;0;0;709;-709
2018-05-15T18:15;2018-05-15T18:30;74;kWh;-13222;0;0;0;13222;-13222
2018-05-15T18:30;2018-05-15T18:45;75;kWh;-17631;0;0;0;17631;-17631
2018-05-15T18:45;2018-05-15T19:00;76;kWh;-7049;0;0;0;7049;-7049
2018-05-15T19:00;2018-05-15T19:15;77;kWh;-53;0;0;0;53;-53
2018-05-15T19:15;2018-05-15T19:30;78;kWh;0;3467;0;0;3467;3467
2018-05-15T19:30;2018-05-15T19:45;79;kWh;0;21653;0;0;21653;21653
2018-05-15T19:45;2018-05-15T20:00;80;kWh;0;15251;0;0;15251;15251
2018-05-15T20:00;2018-05-15T20:15;81;kWh;0;18993;0;0;18993;18993
2018-05-15T20:15;2018-05-15T20:30;82;kWh;0;21477;0;0;21477;21477
2018-05-15T20:30;2018-05-15T20:45;83;kWh;0;15638;0;0;15638;15638
2018-05-15T20:45;2018-05-15T21:00;84;kWh;0;2478;0;0;2478;2478
2018-05-15T21:00;2018-05-15T21:15;85;kWh;0;665;0;0;665;665
2018-05-15T21:15;2018-05-15T21:30;86;kWh;0;5;0;0;5;5
2018-05-15T21:30;2018-05-15T21:45;87;kWh;0;232;0;0;232;232
2018-05-15T21:45;2018-05-15T22:00;88;kWh;0;2975;0;0;2975;2975
2018-05-15T22:00;2018-05-15T22:15;89;kWh;0;33359;0;0;33359;33359
2018-05-15T22:15;2018-05-15T22:30;90;kWh;0;25964;0;0;25964;25964
2018-05-15T22:30;2018-05-15T22:45;91;kWh;-921;747;0;0;1668;-174
2018-05-15T22:45;2018-05-15T23:00;92;kWh;-1083;0;0;0;1083;-1083
2018-05-15T23:00;2018-05-15T23:15;93;kWh;-512;0;0;0;512;-512
2018-05-15T23:15;2018-05-15T23:30;94;kWh;-10234;0;0;0;10234;-10234
2018-05-15T23:30;2018-05-15T23:45;95;kWh;-18991;0;0;0;18991;-18991
2018-05-15T23:45;2018-05-16T00:00;96;kWh;-15853;0;0;0;15853;-15853
2018-05-16T00:00;2018-05-16T00:15;1;kWh;-11258;5284;0;0;16542;-5974
2018-05-16T00:15;2018-05-16T00:30;2;kWh;-187;5465;0;0;5652;5278
2018-05-16T00:30;2018-05-16T00:45;3;kWh;-22672;13;0;0;22685;-22659
2018-05-16T00:45;2018-05-16T01:00;4;kWh;-46004;0;0;0;46004;-46004
2018-05-16T01:00;2018-05-16T01:15;5;kWh;-15998;3949;0;0;19947;-12049
2018-05-16T01:15;2018-05-16T01:30;6;kWh;0;3907;0;0;3907;3907
2018-05-16T01:30;2018-05-16T01:45;7;kWh;-1506;0;0;0;1506;-1506
2018-05-16T01:45;2018-05-16T02:00;8;kWh;-26723;0;0;0;26723;-26723
2018-05-16T02:00;2018-05-16T02:15;9;kWh;-23083;21;0;0;23104;-23062
2018-05-16T02:15;2018-05-16T02:30;10;kWh;-377;55;0;0;432;-322
2018-05-16T02:30;2018-05-16T02:45;11;kWh;0;0;0;0;0;0
2018-05-16T02:45;2018-05-16T03:00;12;kWh;0;0;0;0;0;0
2018-05-16T03:00;2018-05-16T03:15;13;kWh;0;0;0;0;0;0
2018-05-16T03:15;2018-05-16T03:30;14;kWh;0;0;0;0;0;0
2018-05-16T03:30;2018-05-16T03:45;15;kWh;0;0;0;0;0;0
2018-05-16T03:45;2018-05-16T04:00;16;kWh;-255;0;0;0;255;-255
2018-05-16T04:00;2018-05-16T04:15;17;kWh;-4012;0;0;0;4012;-4012
2018-05-16T04:15;2018-05-16T04:30;18;kWh;-17945;0;0;0;17945;-17945
2018-05-16T04:30;2018-05-16T04:45;19;kWh;-16723;0;0;0;16723;-16723
2018-05-16T04:45;2018-05-16T05:00;20;kWh;-6735;0;0;0;6735;-6735
2018-05-16T05:00;2018-05-16T05:15;21;kWh;-4316;0;0;0;4316;-4316
2018-05-16T05:15;2018-05-16T05:30;22;kWh;-12978;0;0;0;12978;-12978
2018-05-16T05:30;2018-05-16T05:45;23;kWh;-8515;0;0;0;8515;-8515
2018-05-16T05:45;2018-05-16T06:00;24;kWh;-2718;0;0;0;2718;-2718
2018-05-16T06:00;2018-05-16T06:15;25;kWh;-14709;0;0;0;14709;-14709
2018-05-16T06:15;2018-05-16T06:30;26;kWh;-21605;0;0;0;21605;-21605
2018-05-16T06:30;2018-05-16T06:45;27;kWh;-2494;6191;0;0;8685;3697
2018-05-16T06:45;2018-05-16T07:00;28;kWh;0;31845;0;0;31845;31845
2018-05-16T07:00;2018-05-16T07:15;29;kWh;0;30362;0;0;30362;30362
2018-05-16T07:15;2018-05-16T07:30;30;kWh;-395;2706;0;0;3101;2311
2018-05-16T07:30;2018-05-16T07:45;31;kWh;0;14591;0;0;14591;14591
2018-05-16T07:45;2018-05-16T08:00;32;kWh;0;44979;0;0;44979;44979
2018-05-16T08:00;2018-05-16T08:15;33;kWh;-210;22748;0;0;22958;22538
2018-05-16T08:15;2018-05-16T08:30;34;kWh;-1438;0;0;0;1438;-1438
2018-05-16T08:30;2018-05-16T08:45;35;kWh;-1669;0;0;0;1669;-1669
2018-05-16T08:45;2018-05-16T09:00;36;kWh;-508;1651;0;0;2159;1143
2018-05-16T09:00;2018-05-16T09:15;37;kWh;0;9790;0;0;9790;9790
2018-05-16T09:15;2018-05-16T09:30;38;kWh;0;13711;0;0;13711;13711
2018-05-16T09:30;2018-05-16T09:45;39;kWh;0;32415;0;0;32415;32415
2018-05-16T09:45;2018-05-16T10:00;40;kWh;0;47836;0;0;47836;47836
2018-05-16T10:00;2018-05-16T10:15;41;kWh;0;75486;0;0;75486;75486
2018-05-16T10:15;2018-05-16T10:30;42;kWh;0;71972;0;0;76972;76972
2018-05-16T10:30;2018-05-16T10:45;43;kWh;0;23713;0;0;28713;28713
2018-05-16T10:45;2018-05-16T11:00;44;kWh;0;4681;0;0;4681;4681
2018-05-16T11:00;2018-05-16T11:15;45;kWh;0;31859;0;0;31859;31859
2018-05-16T11:15;2018-05-16T11:30;46;kWh;0;85748;0;0;85748;85748
2018-05-16T11:30;2018-05-16T11:45;47;kWh;0;53230;0;0;59480;59480
2018-05-16T11:45;2018-05-16T12:00;48;kWh;-638;7066;0;0;7704;6428
2018-05-16T12:00;2018-05-16T12:15;49;kWh;0;20723;0;0;20723;20723
2018-05-16T12:15;2018-05-16T12:30;50;kWh;0;83276;0;0;83276;83276
2018-05-16T12:30;2018-05-16T12:45;51;kWh;0;42432;0;0;51182;51182
2018-05-16T12:45;2018-05-16T13:00;52;kWh;-291;5842;0;0;6133;5551
2018-05-16T13:00;2018-05-16T13:15;53;kWh;-730;0;0;0;730;-730
2018-05-16T13:15;2018-05-16T13:30;54;kWh;-258;0;0;0;258;-258
2018-05-16T13:30;2018-05-16T13:45;55;kWh;-1701;0;0;0;1701;-1701
2018-05-16T13:45;2018-05-16T14:00;56;kWh;-8900;0;0;0;8900;-8900
2018-05-16T14:00;2018-05-16T14:15;57;kWh;-14463;0;0;0;14463;-14463
2018-05-16T14:15;2018-05-16T14:30;58;kWh;0;0;0;0;0;0
2018-05-16T14:30;2018-05-16T14:45;59;kWh;-1719;0;0;0;1719;-1719
2018-05-16T14:45;2018-05-16T15:00;60;kWh;-16885;0;0;0;16885;-16885
2018-05-16T15:00;2018-05-16T15:15;61;kWh;-30897;0;0;0;30897;-30897
2018-05-16T15:15;2018-05-16T15:30;62;kWh;-7599;1023;0;0;8622;-6576
2018-05-16T15:30;2018-05-16T15:45;63;kWh;-23643;0;0;0;23643;-23643
2018-05-16T15:45;2018-05-16T16:00;64;kWh;-22010;0;0;0;22010;-22010
2018-05-16T16:00;2018-05-16T16:15;65;kWh;-4158;0;0;0;4158;-4158
2018-05-16T16:15;2018-05-16T16:30;66;kWh;0;296;0;0;296;296
2018-05-16T16:30;2018-05-16T16:45;67;kWh;0;0;0;0;0;0
2018-05-16T16:45;2018-05-16T17:00;68;kWh;-23;0;0;0;23;-23
2018-05-16T17:00;2018-05-16T17:15;69;kWh;-22628;0;0;0;22628;-22628
2018-05-16T17:15;2018-05-16T17:30;70;kWh;-20756;0;0;0;20756;-20756
2018-05-16T17:30;2018-05-16T17:45;71;kWh;-29015;0;0;0;29015;-29015
2018-05-16T17:45;2018-05-16T18:00;72;kWh;-49352;0;0;0;49352;-49352
2018-05-16T18:00;2018-05-16T18:15;73;kWh;-16064;0;0;0;16064;-16064
2018-05-16T18:15;2018-05-16T18:30;74;kWh;0;0;0;0;0;0
2018-05-16T18:30;2018-05-16T18:45;75;kWh;0;0;0;0;0;0
2018-05-16T18:45;2018-05-16T19:00;76;kWh;0;0;0;0;0;0
2018-05-16T19:00;2018-05-16T19:15;77;kWh;0;670;0;0;670;670
2018-05-16T19:15;2018-05-16T19:30;78;kWh;0;3049;0;0;3049;3049
2018-05-16T19:30;2018-05-16T19:45;79;kWh;0;15368;0;0;15368;15368
2018-05-16T19:45;2018-05-16T20:00;80;kWh;0;50600;0;0;50600;50600
2018-05-16T20:00;2018-05-16T20:15;81;kWh;0;20642;0;0;20642;20642
2018-05-16T20:15;2018-05-16T20:30;82;kWh;0;4241;0;0;4241;4241
2018-05-16T20:30;2018-05-16T20:45;83;kWh;0;6279;0;0;6279;6279
2018-05-16T20:45;2018-05-16T21:00;84;kWh;0;391;0;0;391;391
2018-05-16T21:00;2018-05-16T21:15;85;kWh;0;1553;0;0;1553;1553
2018-05-16T21:15;2018-05-16T21:30;86;kWh;0;2244;0;0;2244;2244
2018-05-16T21:30;2018-05-16T21:45;87;kWh;0;1556;0;0;1556;1556
2018-05-16T21:45;2018-05-16T22:00;88;kWh;0;6296;0;0;6296;6296
2018-05-16T22:00;2018-05-16T22:15;89;kWh;0;3760;0;0;3760;3760
2018-05-16T22:15;2018-05-16T22:30;90;kWh;-6317;634;0;0;6951;-5683
2018-05-16T22:30;2018-05-16T22:45;91;kWh;-7925;0;0;0;7925;-7925
2018-05-16T22:45;2018-05-16T23:00;92;kWh;-174;0;0;0;174;-174
2018-05-16T23:00;2018-05-16T23:15;93;kWh;-358;0;0;0;358;-358
2018-05-16T23:15;2018-05-16T23:30;94;kWh;-2;0;0;0;2;-2
2018-05-16T23:30;2018-05-16T23:45;95;kWh;-3374;0;0;0;3374;-3374
2018-05-16T23:45;2018-05-17T00:00;96;kWh;-28661;0;0;0;28661;-28661
2018-05-17T00:00;2018-05-17T00:15;1;kWh;-9945;0;0;0;9945;-9945
2018-05-17T00:15;2018-05-17T00:30;2;kWh;-7966;0;0;0;7966;-7966
2018-05-17T00:30;2018-05-17T00:45;3;kWh;-41302;0;0;0;41302;-41302
2018-05-17T00:45;2018-05-17T01:00;4;kWh;-50437;6;0;0;50443;-50431
2018-05-17T01:00;2018-05-17T01:15;5;kWh;-1071;2335;0;0;3406;1264
2018-05-17T01:15;2018-05-17T01:30;6;kWh;0;7160;0;0;7160;7160
2018-05-17T01:30;2018-05-17T01:45;7;kWh;0;0;0;0;0;0
2018-05-17T01:45;2018-05-17T02:00;8;kWh;-3079;0;0;0;3079;-3079
2018-05-17T02:00;2018-05-17T02:15;9;kWh;-329;2638;0;0;2967;2309
2018-05-17T02:15;2018-05-17T02:30;10;kWh;0;3870;0;0;3870;3870
2018-05-17T02:30;2018-05-17T02:45;11;kWh;0;89;0;0;89;89
2018-05-17T02:45;2018-05-17T03:00;12;kWh;0;0;0;0;0;0
2018-05-17T03:00;2018-05-17T03:15;13;kWh;0;697;0;0;697;697
2018-05-17T03:15;2018-05-17T03:30;14;kWh;0;833;0;0;833;833
2018-05-17T03:30;2018-05-17T03:45;15;kWh;0;0;0;0;0;0
2018-05-17T03:45;2018-05-17T04:00;16;kWh;-20;0;0;0;20;-20
2018-05-17T04:00;2018-05-17T04:15;17;kWh;-21775;0;0;0;21775;-21775
2018-05-17T04:15;2018-05-17T04:30;18;kWh;-18547;22;0;0;18569;-18525
2018-05-17T04:30;2018-05-17T04:45;19;kWh;-75579;0;0;0;75579;-75579
2018-05-17T04:45;2018-05-17T05:00;20;kWh;-49453;0;0;0;49453;-49453
2018-05-17T05:00;2018-05-17T05:15;21;kWh;-17155;0;0;0;17155;-17155
2018-05-17T05:15;2018-05-17T05:30;22;kWh;0;0;0;0;0;0
2018-05-17T05:30;2018-05-17T05:45;23;kWh;-378;2;0;0;380;-376
2018-05-17T05:45;2018-05-17T06:00;24;kWh;-184;65;0;0;249;-119
2018-05-17T06:00;2018-05-17T06:15;25;kWh;-41;11558;0;0;11599;11517
2018-05-17T06:15;2018-05-17T06:30;26;kWh;-7077;121;0;0;7198;-6956
2018-05-17T06:30;2018-05-17T06:45;27;kWh;-97;8815;0;0;8912;8718
2018-05-17T06:45;2018-05-17T07:00;28;kWh;-37;38575;0;0;38612;38538
2018-05-17T07:00;2018-05-17T07:15;29;kWh;-5561;2053;0;0;7614;-3508
2018-05-17T07:15;2018-05-17T07:30;30;kWh;-2754;0;0;0;2754;-2754
2018-05-17T07:30;2018-05-17T07:45;31;kWh;-3134;0;0;0;3134;-3134
2018-05-17T07:45;2018-05-17T08:00;32;kWh;-2382;0;0;0;2382;-2382
2018-05-17T08:00;2018-05-17T08:15;33;kWh;-4056;0;0;0;4056;-4056
2018-05-17T08:15;2018-05-17T08:30;34;kWh;-1142;1308;0;0;2450;166
2018-05-17T08:30;2018-05-17T08:45;35;kWh;0;5121;0;0;5121;5121
2018-05-17T08:45;2018-05-17T09:00;36;kWh;-30;5198;0;0;5228;5168
2018-05-17T09:00;2018-05-17T09:15;37;kWh;-16004;234;0;0;16238;-15770
2018-05-17T09:15;2018-05-17T09:30;38;kWh;-30913;0;0;0;30913;-30913
2018-05-17T09:30;2018-05-17T09:45;39;kWh;-26353;0;0;0;26353;-26353
2018-05-17T09:45;2018-05-17T10:00;40;kWh;-42291;0;0;0;42291;-42291
2018-05-17T10:00;2018-05-17T10:15;41;kWh;-16950;0;0;0;16950;-16950
2018-05-17T10:15;2018-05-17T10:30;42;kWh;0;0;0;0;0;0
2018-05-17T10:30;2018-05-17T10:45;43;kWh;0;0;0;0;0;0
2018-05-17T10:45;2018-05-17T11:00;44;kWh;0;0;0;0;0;0
2018-05-17T11:00;2018-05-17T11:15;45;kWh;0;0;0;0;0;0
2018-05-17T11:15;2018-05-17T11:30;46;kWh;-1584;0;0;0;1584;-1584
2018-05-17T11:30;2018-05-17T11:45;47;kWh;-3429;0;0;0;3429;-3429
2018-05-17T11:45;2018-05-17T12:00;48;kWh;-9585;0;0;0;9585;-9585
2018-05-17T12:00;2018-05-17T12:15;49;kWh;-8795;0;0;0;8795;-8795
2018-05-17T12:15;2018-05-17T12:30;50;kWh;-13171;0;0;0;13171;-13171
2018-05-17T12:30;2018-05-17T12:45;51;kWh;-33523;0;0;0;33523;-33523
2018-05-17T12:45;2018-05-17T13:00;52;kWh;-32150;0;0;0;32150;-32150
2018-05-17T13:00;2018-05-17T13:15;53;kWh;-23031;0;0;0;23031;-23031
2018-05-17T13:15;2018-05-17T13:30;54;kWh;-23571;0;0;0;23571;-23571
2018-05-17T13:30;2018-05-17T13:45;55;kWh;-15495;0;0;0;15495;-15495
2018-05-17T13:45;2018-05-17T14:00;56;kWh;-17603;0;0;0;17603;-17603
2018-05-17T14:00;2018-05-17T14:15;57;kWh;-13296;0;0;0;13296;-13296
2018-05-17T14:15;2018-05-17T14:30;58;kWh;-349;0;0;0;349;-349
2018-05-17T14:30;2018-05-17T14:45;59;kWh;-2004;0;0;0;2004;-2004
2018-05-17T14:45;2018-05-17T15:00;60;kWh;-1574;0;0;0;1574;-1574
2018-05-17T15:00;2018-05-17T15:15;61;kWh;-1152;0;0;0;1152;-1152
2018-05-17T15:15;2018-05-17T15:30;62;kWh;-5305;0;0;0;5305;-5305
2018-05-17T15:30;2018-05-17T15:45;63;kWh;-14031;0;0;0;14031;-14031
2018-05-17T15:45;2018-05-17T16:00;64;kWh;-10574;0;0;0;10574;-10574
2018-05-17T16:00;2018-05-17T16:15;65;kWh;-4494;0;0;0;4494;-4494
2018-05-17T16:15;2018-05-17T16:30;66;kWh;-1899;0;0;0;1899;-1899
2018-05-17T16:30;2018-05-17T16:45;67;kWh;-321;4601;0;0;4922;4280
2018-05-17T16:45;2018-05-17T17:00;68;kWh;0;58571;0;0;58571;58571
2018-05-17T17:00;2018-05-17T17:15;69;kWh;-11123;12028;0;0;23151;905
2018-05-17T17:15;2018-05-17T17:30;70;kWh;-1413;1032;0;0;2445;-381
2018-05-17T17:30;2018-05-17T17:45;71;kWh;0;10731;0;0;10731;10731
2018-05-17T17:45;2018-05-17T18:00;72;kWh;0;13077;0;0;13077;13077
2018-05-17T18:00;2018-05-17T18:15;73;kWh;0;7295;0;0;7295;7295
2018-05-17T18:15;2018-05-17T18:30;74;kWh;-53;523;0;0;576;470
2018-05-17T18:30;2018-05-17T18:45;75;kWh;0;3364;0;0;3364;3364
2018-05-17T18:45;2018-05-17T19:00;76;kWh;0;14692;0;0;14692;14692
2018-05-17T19:00;2018-05-17T19:15;77;kWh;0;22752;0;0;22752;22752
2018-05-17T19:15;2018-05-17T19:30;78;kWh;0;33643;0;0;33643;33643
2018-05-17T19:30;2018-05-17T19:45;79;kWh;0;22449;0;0;22449;22449
2018-05-17T19:45;2018-05-17T20:00;80;kWh;0;32312;0;0;32312;32312
2018-05-17T20:00;2018-05-17T20:15;81;kWh;0;23307;0;0;23307;23307
2018-05-17T20:15;2018-05-17T20:30;82;kWh;0;17593;0;0;17593;17593
2018-05-17T20:30;2018-05-17T20:45;83;kWh;-78;9607;0;0;9685;9529
2018-05-17T20:45;2018-05-17T21:00;84;kWh;-1846;35;0;0;1881;-1811
2018-05-17T21:00;2018-05-17T21:15;85;kWh;-2000;0;0;0;2000;-2000
2018-05-17T21:15;2018-05-17T21:30;86;kWh;-300;761;0;0;1061;461
2018-05-17T21:30;2018-05-17T21:45;87;kWh;0;4538;0;0;4538;4538
2018-05-17T21:45;2018-05-17T22:00;88;kWh;0;28651;0;0;28651;28651
2018-05-17T22:00;2018-05-17T22:15;89;kWh;0;78179;0;0;78179;78179
2018-05-17T22:15;2018-05-17T22:30;90;kWh;0;37037;0;0;37037;37037
2018-05-17T22:30;2018-05-17T22:45;91;kWh;0;25019;0;0;25019;25019
2018-05-17T22:45;2018-05-17T23:00;92;kWh;0;8235;0;0;8235;8235
2018-05-17T23:00;2018-05-17T23:15;93;kWh;0;42208;0;0;42208;42208
2018-05-17T23:15;2018-05-17T23:30;94;kWh;0;65901;0;0;65901;65901
2018-05-17T23:30;2018-05-17T23:45;95;kWh;0;29299;0;0;29299;29299
2018-05-17T23:45;2018-05-18T00:00;96;kWh;0;12611;0;0;12611;12611
2018-05-18T00:00;2018-05-18T00:15;1;kWh;-854;4912;0;0;5766;4058
2018-05-18T00:15;2018-05-18T00:30;2;kWh;0;59146;0;0;59146;59146
2018-05-18T00:30;2018-05-18T00:45;3;kWh;0;50322;0;0;50322;50322
2018-05-18T00:45;2018-05-18T01:00;4;kWh;0;1632;0;0;1632;1632
2018-05-18T01:00;2018-05-18T01:15;5;kWh;0;30967;0;0;30967;30967
2018-05-18T01:15;2018-05-18T01:30;6;kWh;0;45221;0;0;45221;45221
2018-05-18T01:30;2018-05-18T01:45;7;kWh;0;49290;0;0;49290;49290
2018-05-18T01:45;2018-05-18T02:00;8;kWh;0;23217;0;0;23217;23217
2018-05-18T02:00;2018-05-18T02:15;9;kWh;0;13585;0;0;13585;13585
2018-05-18T02:15;2018-05-18T02:30;10;kWh;0;45455;0;0;45455;45455
2018-05-18T02:30;2018-05-18T02:45;11;kWh;0;40058;0;0;40058;40058
2018-05-18T02:45;2018-05-18T03:00;12;kWh;0;56893;0;0;56893;56893
2018-05-18T03:00;2018-05-18T03:15;13;kWh;0;35118;0;0;35118;35118
2018-05-18T03:15;2018-05-18T03:30;14;kWh;0;38634;0;0;38634;38634
2018-05-18T03:30;2018-05-18T03:45;15;kWh;0;71865;0;0;71865;71865
2018-05-18T03:45;2018-05-18T04:00;16;kWh;0;67746;0;0;67746;67746
2018-05-18T04:00;2018-05-18T04:15;17;kWh;0;60764;0;0;60764;60764
2018-05-18T04:15;2018-05-18T04:30;18;kWh;0;37297;0;0;37297;37297
2018-05-18T04:30;2018-05-18T04:45;19;kWh;0;50707;0;0;50707;50707
2018-05-18T04:45;2018-05-18T05:00;20;kWh;0;78275;0;0;78275;78275
2018-05-18T05:00;2018-05-18T05:15;21;kWh;0;63191;0;0;63191;63191
2018-05-18T05:15;2018-05-18T05:30;22;kWh;0;25603;0;0;25603;25603
2018-05-18T05:30;2018-05-18T05:45;23;kWh;-237;725;0;0;962;488
2018-05-18T05:45;2018-05-18T06:00;24;kWh;-16;3128;0;0;3144;3112
2018-05-18T06:00;2018-05-18T06:15;25;kWh;-1282;1472;0;0;2754;190
2018-05-18T06:15;2018-05-18T06:30;26;kWh;-421;0;0;0;421;-421
2018-05-18T06:30;2018-05-18T06:45;27;kWh;0;0;0;0;0;0
2018-05-18T06:45;2018-05-18T07:00;28;kWh;0;1515;0;0;1515;1515
2018-05-18T07:00;2018-05-18T07:15;29;kWh;-18507;0;0;0;18507;-18507
2018-05-18T07:15;2018-05-18T07:30;30;kWh;-9328;0;0;0;9328;-9328
2018-05-18T07:30;2018-05-18T07:45;31;kWh;0;406;0;0;406;406
2018-05-18T07:45;2018-05-18T08:00;32;kWh;0;26108;0;0;26108;26108
2018-05-18T08:00;2018-05-18T08:15;33;kWh;0;29530;0;0;29530;29530
2018-05-18T08:15;2018-05-18T08:30;34;kWh;0;45421;0;0;45421;45421
2018-05-18T08:30;2018-05-18T08:45;35;kWh;0;58541;0;0;58541;58541
2018-05-18T08:45;2018-05-18T09:00;36;kWh;0;67917;0;0;67917;67917
2018-05-18T09:00;2018-05-18T09:15;37;kWh;0;87195;0;0;87195;87195
2018-05-18T09:15;2018-05-18T09:30;38;kWh;0;95827;0;0;98327;98327
2018-05-18T09:30;2018-05-18T09:45;39;kWh;0;59148;0;0;61648;61648
2018-05-18T09:45;2018-05-18T10:00;40;kWh;0;18602;0;0;18602;18602
2018-05-18T10:00;2018-05-18T10:15;41;kWh;-139;10286;0;0;10425;10147
2018-05-18T10:15;2018-05-18T10:30;42;kWh;-1539;5;0;0;1544;-1534
2018-05-18T10:30;2018-05-18T10:45;43;kWh;-498;0;0;0;498;-498
2018-05-18T10:45;2018-05-18T11:00;44;kWh;-409;0;0;0;409;-409
2018-05-18T11:00;2018-05-18T11:15;45;kWh;-2526;0;0;0;2526;-2526
2018-05-18T11:15;2018-05-18T11:30;46;kWh;-1633;0;0;0;1633;-1633
2018-05-18T11:30;2018-05-18T11:45;47;kWh;-4151;0;0;0;4151;-4151
2018-05-18T11:45;2018-05-18T12:00;48;kWh;-7105;0;0;0;7105;-7105
2018-05-18T12:00;2018-05-18T12:15;49;kWh;-11248;130;0;0;11378;-11118
2018-05-18T12:15;2018-05-18T12:30;50;kWh;-3550;182;0;0;3732;-3368
2018-05-18T12:30;2018-05-18T12:45;51;kWh;-18268;0;0;0;18268;-18268
2018-05-18T12:45;2018-05-18T13:00;52;kWh;-18551;0;0;0;18551;-18551
2018-05-18T13:00;2018-05-18T13:15;53;kWh;-21018;0;0;0;21018;-21018
2018-05-18T13:15;2018-05-18T13:30;54;kWh;-1021;0;0;0;1021;-1021
2018-05-18T13:30;2018-05-18T13:45;55;kWh;-25440;0;0;0;25440;-25440
2018-05-18T13:45;2018-05-18T14:00;56;kWh;-34088;0;0;0;34088;-34088
2018-05-18T14:00;2018-05-18T14:15;57;kWh;-22221;0;0;0;22221;-22221
2018-05-18T14:15;2018-05-18T14:30;58;kWh;-2691;0;0;0;2691;-2691
2018-05-18T14:30;2018-05-18T14:45;59;kWh;-32864;0;0;0;32864;-32864
2018-05-18T14:45;2018-05-18T15:00;60;kWh;-20157;0;0;0;20157;-20157
2018-05-18T15:00;2018-05-18T15:15;61;kWh;-4339;0;0;0;4339;-4339
2018-05-18T15:15;2018-05-18T15:30;62;kWh;0;0;0;0;0;0
2018-05-18T15:30;2018-05-18T15:45;63;kWh;0;0;0;0;0;0
2018-05-18T15:45;2018-05-18T16:00;64;kWh;0;149;0;0;149;149
2018-05-18T16:00;2018-05-18T16:15;65;kWh;-10;0;0;0;10;-10
2018-05-18T16:15;2018-05-18T16:30;66;kWh;-2207;0;0;0;2207;-2207
2018-05-18T16:30;2018-05-18T16:45;67;kWh;-1993;0;0;0;1993;-1993
2018-05-18T16:45;2018-05-18T17:00;68;kWh;0;2526;0;0;2526;2526
2018-05-18T17:00;2018-05-18T17:15;69;kWh;-254;1040;0;0;1294;786
2018-05-18T17:15;2018-05-18T17:30;70;kWh;0;527;0;0;527;527
2018-05-18T17:30;2018-05-18T17:45;71;kWh;0;29277;0;0;29277;29277
2018-05-18T17:45;2018-05-18T18:00;72;kWh;0;27721;0;0;27721;27721
2018-05-18T18:00;2018-05-18T18:15;73;kWh;0;14756;0;0;14756;14756
2018-05-18T18:15;2018-05-18T18:30;74;kWh;0;18495;0;0;18495;18495
2018-05-18T18:30;2018-05-18T18:45;75;kWh;0;25957;0;0;25957;25957
2018-05-18T18:45;2018-05-18T19:00;76;kWh;0;33922;0;0;33922;33922
2018-05-18T19:00;2018-05-18T19:15;77;kWh;0;28363;0;0;28363;28363
2018-05-18T19:15;2018-05-18T19:30;78;kWh;0;31710;0;0;31710;31710
2018-05-18T19:30;2018-05-18T19:45;79;kWh;0;11456;0;0;11456;11456
2018-05-18T19:45;2018-05-18T20:00;80;kWh;0;25971;0;0;25971;25971
2018-05-18T20:00;2018-05-18T20:15;81;kWh;-547;9445;0;0;9992;8898
2018-05-18T20:15;2018-05-18T20:30;82;kWh;-17;871;0;0;888;854
2018-05-18T20:30;2018-05-18T20:45;83;kWh;0;1095;0;0;1095;1095
2018-05-18T20:45;2018-05-18T21:00;84;kWh;0;0;0;0;0;0
2018-05-18T21:00;2018-05-18T21:15;85;kWh;0;332;0;0;332;332
2018-05-18T21:15;2018-05-18T21:30;86;kWh;0;2748;0;0;2748;2748
2018-05-18T21:30;2018-05-18T21:45;87;kWh;0;190;0;0;190;190
2018-05-18T21:45;2018-05-18T22:00;88;kWh;-28;0;0;0;28;-28
2018-05-18T22:00;2018-05-18T22:15;89;kWh;-155;0;0;0;155;-155
2018-05-18T22:15;2018-05-18T22:30;90;kWh;-2160;0;0;0;2160;-2160
2018-05-18T22:30;2018-05-18T22:45;91;kWh;-2690;0;0;0;2690;-2690
2018-05-18T22:45;2018-05-18T23:00;92;kWh;-7992;0;0;0;7992;-7992
2018-05-18T23:00;2018-05-18T23:15;93;kWh;-5462;0;0;0;5462;-5462
2018-05-18T23:15;2018-05-18T23:30;94;kWh;-3;0;0;0;3;-3
2018-05-18T23:30;2018-05-18T23:45;95;kWh;-9911;0;0;0;9911;-9911
2018-05-18T23:45;2018-05-19T00:00;96;kWh;-5134;0;0;0;5134;-5134
2018-05-19T00:00;2018-05-19T00:15;1;kWh;-165;3234;0;0;3399;3069
2018-05-19T00:15;2018-05-19T00:30;2;kWh;0;22979;0;0;22979;22979
2018-05-19T00:30;2018-05-19T00:45;3;kWh;-3879;2618;0;0;6497;-1261
2018-05-19T00:45;2018-05-19T01:00;4;kWh;-36846;0;0;0;36846;-36846
2018-05-19T01:00;2018-05-19T01:15;5;kWh;-12642;0;0;0;12642;-12642
2018-05-19T01:15;2018-05-19T01:30;6;kWh;0;0;0;0;0;0
2018-05-19T01:30;2018-05-19T01:45;7;kWh;0;0;0;0;0;0
2018-05-19T01:45;2018-05-19T02:00;8;kWh;-623;0;0;0;623;-623
2018-05-19T02:00;2018-05-19T02:15;9;kWh;-379;0;0;0;379;-379
2018-05-19T02:15;2018-05-19T02:30;10;kWh;0;851;0;0;851;851
2018-05-19T02:30;2018-05-19T02:45;11;kWh;-68;76;0;0;144;8
2018-05-19T02:45;2018-05-19T03:00;12;kWh;-629;0;0;0;629;-629
2018-05-19T03:00;2018-05-19T03:15;13;kWh;-150;8841;0;0;8991;8691
2018-05-19T03:15;2018-05-19T03:30;14;kWh;0;11505;0;0;11505;11505
2018-05-19T03:30;2018-05-19T03:45;15;kWh;-1794;1063;0;0;2857;-731
2018-05-19T03:45;2018-05-19T04:00;16;kWh;-8750;0;0;0;8750;-8750
2018-05-19T04:00;2018-05-19T04:15;17;kWh;-6878;774;0;0;7652;-6104
2018-05-19T04:15;2018-05-19T04:30;18;kWh;-33;29;0;0;62;-4
2018-05-19T04:30;2018-05-19T04:45;19;kWh;-2171;0;0;0;2171;-2171
2018-05-19T04:45;2018-05-19T05:00;20;kWh;-580;0;0;0;580;-580
2018-05-19T05:00;2018-05-19T05:15;21;kWh;0;2623;0;0;2623;2623
2018-05-19T05:15;2018-05-19T05:30;22;kWh;0;8802;0;0;8802;8802
2018-05-19T05:30;2018-05-19T05:45;23;kWh;-5112;3918;0;0;9030;-1194
2018-05-19T05:45;2018-05-19T06:00;24;kWh;-30581;6;0;0;30587;-30575
2018-05-19T06:00;2018-05-19T06:15;25;kWh;-34132;0;0;0;34132;-34132
2018-05-19T06:15;2018-05-19T06:30;26;kWh;-26896;460;0;0;27356;-26436
2018-05-19T06:30;2018-05-19T06:45;27;kWh;-940;7226;0;0;8166;6286
2018-05-19T06:45;2018-05-19T07:00;28;kWh;0;22323;0;0;22323;22323
2018-05-19T07:00;2018-05-19T07:15;29;kWh;-4629;4146;0;0;8775;-483
2018-05-19T07:15;2018-05-19T07:30;30;kWh;-3522;0;0;0;3522;-3522
2018-05-19T07:30;2018-05-19T07:45;31;kWh;-1422;156;0;0;1578;-1266
2018-05-19T07:45;2018-05-19T08:00;32;kWh;0;3049;0;0;3049;3049
2018-05-19T08:00;2018-05-19T08:15;33;kWh;-1132;251;0;0;1383;-881
2018-05-19T08:15;2018-05-19T08:30;34;kWh;-603;1671;0;0;2274;1068
2018-05-19T08:30;2018-05-19T08:45;35;kWh;0;36036;0;0;36036;36036
2018-05-19T08:45;2018-05-19T09:00;36;kWh;-329;36973;0;0;37302;36644
2018-05-19T09:00;2018-05-19T09:15;37;kWh;-21029;3722;0;0;24751;-17307
2018-05-19T09:15;2018-05-19T09:30;38;kWh;-1100;1162;0;0;2262;62
2018-05-19T09:30;2018-05-19T09:45;39;kWh;0;1268;0;0;1268;1268
2018-05-19T09:45;2018-05-19T10:00;40;kWh;0;5246;0;0;5246;5246
2018-05-19T10:00;2018-05-19T10:15;41;kWh;0;17747;0;0;17747;17747
2018-05-19T10:15;2018-05-19T10:30;42;kWh;0;1936;0;0;1936;1936
2018-05-19T10:30;2018-05-19T10:45;43;kWh;0;2238;0;0;2238;2238
2018-05-19T10:45;2018-05-19T11:00;44;kWh;0;8792;0;0;8792;8792
2018-05-19T11:00;2018-05-19T11:15;45;kWh;0;6563;0;0;6563;6563
2018-05-19T11:15;2018-05-19T11:30;46;kWh;0;1637;0;0;1637;1637
2018-05-19T11:30;2018-05-19T11:45;47;kWh;0;36;0;0;36;36
2018-05-19T11:45;2018-05-19T12:00;48;kWh;0;188;0;0;188;188
2018-05-19T12:00;2018-05-19T12:15;49;kWh;0;18538;0;0;18538;18538
2018-05-19T12:15;2018-05-19T12:30;50;kWh;0;23474;0;0;23474;23474
2018-05-19T12:30;2018-05-19T12:45;51;kWh;-150;3145;0;0;3295;2995
2018-05-19T12:45;2018-05-19T13:00;52;kWh;-9364;0;0;0;9364;-9364
2018-05-19T13:00;2018-05-19T13:15;53;kWh;-2641;1252;0;0;3893;-1389
2018-05-19T13:15;2018-05-19T13:30;54;kWh;0;673;0;0;673;673
2018-05-19T13:30;2018-05-19T13:45;55;kWh;-1296;663;0;0;1959;-633
2018-05-19T13:45;2018-05-19T14:00;56;kWh;-7207;0;0;0;7207;-7207
2018-05-19T14:00;2018-05-19T14:15;57;kWh;-472;0;0;0;472;-472
2018-05-19T14:15;2018-05-19T14:30;58;kWh;-1676;0;0;0;1676;-1676
2018-05-19T14:30;2018-05-19T14:45;59;kWh;-197;0;0;0;197;-197
2018-05-19T14:45;2018-05-19T15:00;60;kWh;0;0;0;0;0;0
2018-05-19T15:00;2018-05-19T15:15;61;kWh;0;0;0;0;0;0
2018-05-19T15:15;2018-05-19T15:30;62;kWh;0;0;0;0;0;0
2018-05-19T15:30;2018-05-19T15:45;63;kWh;-3;0;0;0;3;-3
2018-05-19T15:45;2018-05-19T16:00;64;kWh;-1322;0;0;0;1322;-1322
2018-05-19T16:00;2018-05-19T16:15;65;kWh;-6874;0;0;0;6874;-6874
2018-05-19T16:15;2018-05-19T16:30;66;kWh;-2334;0;0;0;2334;-2334
2018-05-19T16:30;2018-05-19T16:45;67;kWh;-1652;0;0;0;1652;-1652
2018-05-19T16:45;2018-05-19T17:00;68;kWh;-90;0;0;0;90;-90
2018-05-19T17:00;2018-05-19T17:15;69;kWh;-6096;0;0;0;6096;-6096
2018-05-19T17:15;2018-05-19T17:30;70;kWh;-2849;0;0;0;2849;-2849
2018-05-19T17:30;2018-05-19T17:45;71;kWh;-2028;0;0;0;2028;-2028
2018-05-19T17:45;2018-05-19T18:00;72;kWh;-4399;0;0;0;4399;-4399
2018-05-19T18:00;2018-05-19T18:15;73;kWh;-1277;0;0;0;1277;-1277
2018-05-19T18:15;2018-05-19T18:30;74;kWh;0;253;0;0;253;253
2018-05-19T18:30;2018-05-19T18:45;75;kWh;0;2972;0;0;2972;2972
2018-05-19T18:45;2018-05-19T19:00;76;kWh;0;1697;0;0;1697;1697
2018-05-19T19:00;2018-05-19T19:15;77;kWh;0;2846;0;0;2846;2846
2018-05-19T19:15;2018-05-19T19:30;78;kWh;0;4;0;0;4;4
2018-05-19T19:30;2018-05-19T19:45;79;kWh;-520;0;0;0;520;-520
2018-05-19T19:45;2018-05-19T20:00;80;kWh;-567;0;0;0;567;-567
2018-05-19T20:00;2018-05-19T20:15;81;kWh;-1003;0;0;0;1003;-1003
2018-05-19T20:15;2018-05-19T20:30;82;kWh;-153;0;0;0;153;-153
2018-05-19T20:30;2018-05-19T20:45;83;kWh;-145;0;0;0;145;-145
2018-05-19T20:45;2018-05-19T21:00;84;kWh;-499;0;0;0;499;-499
2018-05-19T21:00;2018-05-19T21:15;85;kWh;-12;0;0;0;12;-12
2018-05-19T21:15;2018-05-19T21:30;86;kWh;-9853;0;0;0;9853;-9853
2018-05-19T21:30;2018-05-19T21:45;87;kWh;-19342;0;0;0;19342;-19342
2018-05-19T21:45;2018-05-19T22:00;88;kWh;-33106;0;0;0;33106;-33106
2018-05-19T22:00;2018-05-19T22:15;89;kWh;-35959;0;0;0;35959;-35959
2018-05-19T22:15;2018-05-19T22:30;90;kWh;-31135;0;0;0;31135;-31135
2018-05-19T22:30;2018-05-19T22:45;91;kWh;-53289;0;0;0;53289;-53289
2018-05-19T22:45;2018-05-19T23:00;92;kWh;-43912;0;0;0;43912;-43912
2018-05-19T23:00;2018-05-19T23:15;93;kWh;-34763;3221;0;0;37984;-31542
2018-05-19T23:15;2018-05-19T23:30;94;kWh;-1524;446;0;0;1970;-1078
2018-05-19T23:30;2018-05-19T23:45;95;kWh;-13549;0;0;0;13549;-13549
2018-05-19T23:45;2018-05-20T00:00;96;kWh;-53543;0;0;0;53543;-53543
2018-05-20T00:00;2018-05-20T00:15;1;kWh;-13866;0;0;0;13866;-13866
2018-05-20T00:15;2018-05-20T00:30;2;kWh;-1789;0;0;0;1789;-1789
2018-05-20T00:30;2018-05-20T00:45;3;kWh;-5714;0;0;0;5714;-5714
2018-05-20T00:45;2018-05-20T01:00;4;kWh;-9275;0;0;0;9275;-9275
2018-05-20T01:00;2018-05-20T01:15;5;kWh;-401;1182;0;0;1583;781
2018-05-20T01:15;2018-05-20T01:30;6;kWh;0;21621;0;0;21621;21621
2018-05-20T01:30;2018-05-20T01:45;7;kWh;-136;3411;0;0;3547;3275
2018-05-20T01:45;2018-05-20T02:00;8;kWh;-387;0;0;0;387;-387
2018-05-20T02:00;2018-05-20T02:15;9;kWh;-129;240;0;0;369;111
2018-05-20T02:15;2018-05-20T02:30;10;kWh;0;1387;0;0;1387;1387
2018-05-20T02:30;2018-05-20T02:45;11;kWh;0;698;0;0;698;698
2018-05-20T02:45;2018-05-20T03:00;12;kWh;0;30;0;0;30;30
2018-05-20T03:00;2018-05-20T03:15;13;kWh;0;5793;0;0;5793;5793
2018-05-20T03:15;2018-05-20T03:30;14;kWh;0;6211;0;0;6211;6211
2018-05-20T03:30;2018-05-20T03:45;15;kWh;0;3563;0;0;3563;3563
2018-05-20T03:45;2018-05-20T04:00;16;kWh;0;1202;0;0;1202;1202
2018-05-20T04:00;2018-05-20T04:15;17;kWh;0;0;0;0;0;0
2018-05-20T04:15;2018-05-20T04:30;18;kWh;-6920;0;0;0;6920;-6920
2018-05-20T04:30;2018-05-20T04:45;19;kWh;-67519;0;0;0;67519;-67519
2018-05-20T04:45;2018-05-20T05:00;20;kWh;-95911;0;0;0;95911;-95911
2018-05-20T05:00;2018-05-20T05:15;21;kWh;-30718;9481;0;0;40199;-21237
2018-05-20T05:15;2018-05-20T05:30;22;kWh;0;16080;0;0;16080;16080
2018-05-20T05:30;2018-05-20T05:45;23;kWh;-138;5251;0;0;5389;5113
2018-05-20T05:45;2018-05-20T06:00;24;kWh;-9428;153;0;0;9581;-9275
2018-05-20T06:00;2018-05-20T06:15;25;kWh;-7349;547;0;0;7896;-6802
2018-05-20T06:15;2018-05-20T06:30;26;kWh;-70;284;0;0;354;214
2018-05-20T06:30;2018-05-20T06:45;27;kWh;-1403;0;0;0;1403;-1403
2018-05-20T06:45;2018-05-20T07:00;28;kWh;-17726;0;0;0;17726;-17726
2018-05-20T07:00;2018-05-20T07:15;29;kWh;-25979;0;0;0;25979;-25979
2018-05-20T07:15;2018-05-20T07:30;30;kWh;-8423;0;0;0;8423;-8423
2018-05-20T07:30;2018-05-20T07:45;31;kWh;-3079;0;0;0;3079;-3079
2018-05-20T07:45;2018-05-20T08:00;32;kWh;-643;0;0;0;643;-643
2018-05-20T08:00;2018-05-20T08:15;33;kWh;0;0;0;0;0;0
2018-05-20T08:15;2018-05-20T08:30;34;kWh;0;0;0;0;0;0
2018-05-20T08:30;2018-05-20T08:45;35;kWh;-372;0;0;0;372;-372
2018-05-20T08:45;2018-05-20T09:00;36;kWh;-174;0;0;0;174;-174
2018-05-20T09:00;2018-05-20T09:15;37;kWh;-4100;0;0;0;4100;-4100
2018-05-20T09:15;2018-05-20T09:30;38;kWh;-17314;0;0;0;17314;-17314
2018-05-20T09:30;2018-05-20T09:45;39;kWh;-44047;0;0;0;44047;-44047
2018-05-20T09:45;2018-05-20T10:00;40;kWh;-33615;0;0;0;33615;-33615
2018-05-20T10:00;2018-05-20T10:15;41;kWh;-27400;0;0;0;27400;-27400
2018-05-20T10:15;2018-05-20T10:30;42;kWh;-53802;0;0;0;53802;-53802
2018-05-20T10:30;2018-05-20T10:45;43;kWh;-48450;0;0;0;48450;-48450
2018-05-20T10:45;2018-05-20T11:00;44;kWh;-41558;0;0;0;41558;-41558
2018-05-20T11:00;2018-05-20T11:15;45;kWh;-71149;0;0;0;71149;-71149
2018-05-20T11:15;2018-05-20T11:30;46;kWh;-63047;0;0;0;63047;-63047
2018-05-20T11:30;2018-05-20T11:45;47;kWh;-35778;0;0;0;35778;-35778
2018-05-20T11:45;2018-05-20T12:00;48;kWh;-50870;0;0;0;50870;-50870
2018-05-20T12:00;2018-05-20T12:15;49;kWh;-26029;26;0;0;26055;-26003
2018-05-20T12:15;2018-05-20T12:30;50;kWh;-3603;0;0;0;3603;-3603
2018-05-20T12:30;2018-05-20T12:45;51;kWh;-4771;0;0;0;4771;-4771
2018-05-20T12:45;2018-05-20T13:00;52;kWh;-24055;0;0;0;24055;-24055
2018-05-20T13:00;2018-05-20T13:15;53;kWh;-26906;0;0;0;26906;-26906
2018-05-20T13:15;2018-05-20T13:30;54;kWh;-7321;0;0;0;7321;-7321
2018-05-20T13:30;2018-05-20T13:45;55;kWh;-27299;0;0;0;27299;-27299
2018-05-20T13:45;2018-05-20T14:00;56;kWh;-26801;0;0;0;26801;-26801
2018-05-20T14:00;2018-05-20T14:15;57;kWh;-40165;0;0;0;40165;-40165
2018-05-20T14:15;2018-05-20T14:30;58;kWh;-37949;0;0;0;37949;-37949
2018-05-20T14:30;2018-05-20T14:45;59;kWh;-42955;0;0;0;42955;-42955
2018-05-20T14:45;2018-05-20T15:00;60;kWh;-38141;0;0;0;38141;-38141
2018-05-20T15:00;2018-05-20T15:15;61;kWh;-23263;0;0;0;23263;-23263
2018-05-20T15:15;2018-05-20T15:30;62;kWh;-5606;0;0;0;5606;-5606
2018-05-20T15:30;2018-05-20T15:45;63;kWh;-5155;0;0;0;5155;-5155
2018-05-20T15:45;2018-05-20T16:00;64;kWh;-4712;0;0;0;4712;-4712
2018-05-20T16:00;2018-05-20T16:15;65;kWh;-6537;0;0;0;6537;-6537
2018-05-20T16:15;2018-05-20T16:30;66;kWh;-1374;0;0;0;1374;-1374
2018-05-20T16:30;2018-05-20T16:45;67;kWh;-55;0;0;0;55;-55
2018-05-20T16:45;2018-05-20T17:00;68;kWh;-2200;0;0;0;2200;-2200
2018-05-20T17:00;2018-05-20T17:15;69;kWh;-7715;0;0;0;7715;-7715
2018-05-20T17:15;2018-05-20T17:30;70;kWh;-2233;0;0;0;2233;-2233
2018-05-20T17:30;2018-05-20T17:45;71;kWh;-519;0;0;0;519;-519
2018-05-20T17:45;2018-05-20T18:00;72;kWh;-917;0;0;0;917;-917
2018-05-20T18:00;2018-05-20T18:15;73;kWh;-7573;0;0;0;7573;-7573
2018-05-20T18:15;2018-05-20T18:30;74;kWh;-21899;0;0;0;21899;-21899
2018-05-20T18:30;2018-05-20T18:45;75;kWh;-5815;0;0;0;5815;-5815
2018-05-20T18:45;2018-05-20T19:00;76;kWh;0;0;0;0;0;0
2018-05-20T19:00;2018-05-20T19:15;77;kWh;-204;0;0;0;204;-204
2018-05-20T19:15;2018-05-20T19:30;78;kWh;0;231;0;0;231;231
2018-05-20T19:30;2018-05-20T19:45;79;kWh;-266;0;0;0;266;-266
2018-05-20T19:45;2018-05-20T20:00;80;kWh;0;2898;0;0;2898;2898
2018-05-20T20:00;2018-05-20T20:15;81;kWh;0;41706;0;0;41706;41706
2018-05-20T20:15;2018-05-20T20:30;82;kWh;0;34784;0;0;34784;34784
2018-05-20T20:30;2018-05-20T20:45;83;kWh;0;21282;0;0;21282;21282
2018-05-20T20:45;2018-05-20T21:00;84;kWh;-148;1390;0;0;1538;1242
2018-05-20T21:00;2018-05-20T21:15;85;kWh;0;12061;0;0;12061;12061
2018-05-20T21:15;2018-05-20T21:30;86;kWh;0;37480;0;0;37480;37480
2018-05-20T21:30;2018-05-20T21:45;87;kWh;0;42906;0;0;42906;42906
2018-05-20T21:45;2018-05-20T22:00;88;kWh;0;39980;0;0;39980;39980
2018-05-20T22:00;2018-05-20T22:15;89;kWh;0;55034;0;0;55034;55034
2018-05-20T22:15;2018-05-20T22:30;90;kWh;0;48833;0;0;48833;48833
2018-05-20T22:30;2018-05-20T22:45;91;kWh;0;28650;0;0;28650;28650
2018-05-20T22:45;2018-05-20T23:00;92;kWh;-403;7639;0;0;8042;7236
2018-05-20T23:00;2018-05-20T23:15;93;kWh;-11;34858;0;0;34869;34847
2018-05-20T23:15;2018-05-20T23:30;94;kWh;0;76336;0;0;76336;76336
2018-05-20T23:30;2018-05-20T23:45;95;kWh;-387;18904;0;0;19291;18517
2018-05-20T23:45;2018-05-21T00:00;96;kWh;-9019;5;0;0;9024;-9014
2018-05-21T00:00;2018-05-21T00:15;1;kWh;-686;936;0;0;1622;250
2018-05-21T00:15;2018-05-21T00:30;2;kWh;0;6333;0;0;6333;6333
2018-05-21T00:30;2018-05-21T00:45;3;kWh;-34;106;0;0;140;72
2018-05-21T00:45;2018-05-21T01:00;4;kWh;-1149;0;0;0;1149;-1149
2018-05-21T01:00;2018-05-21T01:15;5;kWh;-4;77;0;0;81;73
2018-05-21T01:15;2018-05-21T01:30;6;kWh;-2024;98;0;0;2122;-1926
2018-05-21T01:30;2018-05-21T01:45;7;kWh;-3153;0;0;0;3153;-3153
2018-05-21T01:45;2018-05-21T02:00;8;kWh;-12749;0;0;0;12749;-12749
2018-05-21T02:00;2018-05-21T02:15;9;kWh;-15567;0;0;0;15567;-15567
2018-05-21T02:15;2018-05-21T02:30;10;kWh;-4299;0;0;0;4299;-4299
2018-05-21T02:30;2018-05-21T02:45;11;kWh;-32474;0;0;0;32474;-32474
2018-05-21T02:45;2018-05-21T03:00;12;kWh;-28911;0;0;0;28911;-28911
2018-05-21T03:00;2018-05-21T03:15;13;kWh;-16612;0;0;0;16612;-16612
2018-05-21T03:15;2018-05-21T03:30;14;kWh;-155;0;0;0;155;-155
2018-05-21T03:30;2018-05-21T03:45;15;kWh;0;0;0;0;0;0
2018-05-21T03:45;2018-05-21T04:00;16;kWh;-300;0;0;0;300;-300
2018-05-21T04:00;2018-05-21T04:15;17;kWh;-241;0;0;0;241;-241
2018-05-21T04:15;2018-05-21T04:30;18;kWh;-1134;0;0;0;1134;-1134
2018-05-21T04:30;2018-05-21T04:45;19;kWh;-485;0;0;0;485;-485
2018-05-21T04:45;2018-05-21T05:00;20;kWh;-655;0;0;0;655;-655
2018-05-21T05:00;2018-05-21T05:15;21;kWh;-1008;0;0;0;1008;-1008
2018-05-21T05:15;2018-05-21T05:30;22;kWh;-61;0;0;0;61;-61
2018-05-21T05:30;2018-05-21T05:45;23;kWh;-469;0;0;0;469;-469
2018-05-21T05:45;2018-05-21T06:00;24;kWh;-18644;0;0;0;18644;-18644
2018-05-21T06:00;2018-05-21T06:15;25;kWh;-4551;0;0;0;4551;-4551
2018-05-21T06:15;2018-05-21T06:30;26;kWh;0;0;0;0;0;0
2018-05-21T06:30;2018-05-21T06:45;27;kWh;-7032;0;0;0;7032;-7032
2018-05-21T06:45;2018-05-21T07:00;28;kWh;-9438;0;0;0;9438;-9438
2018-05-21T07:00;2018-05-21T07:15;29;kWh;-4776;0;0;0;4776;-4776
2018-05-21T07:15;2018-05-21T07:30;30;kWh;-468;0;0;0;468;-468
2018-05-21T07:30;2018-05-21T07:45;31;kWh;0;0;0;0;0;0
2018-05-21T07:45;2018-05-21T08:00;32;kWh;0;0;0;0;0;0
2018-05-21T08:00;2018-05-21T08:15;33;kWh;0;0;0;0;0;0
2018-05-21T08:15;2018-05-21T08:30;34;kWh;0;0;0;0;0;0
2018-05-21T08:30;2018-05-21T08:45;35;kWh;0;0;0;0;0;0
2018-05-21T08:45;2018-05-21T09:00;36;kWh;0;0;0;0;0;0
2018-05-21T09:00;2018-05-21T09:15;37;kWh;-1499;0;0;0;1499;-1499
2018-05-21T09:15;2018-05-21T09:30;38;kWh;0;0;0;0;0;0
2018-05-21T09:30;2018-05-21T09:45;39;kWh;0;0;0;0;0;0
2018-05-21T09:45;2018-05-21T10:00;40;kWh;0;0;0;0;0;0
2018-05-21T10:00;2018-05-21T10:15;41;kWh;0;12020;0;0;12020;12020
2018-05-21T10:15;2018-05-21T10:30;42;kWh;-339;10488;0;0;10827;10149
2018-05-21T10:30;2018-05-21T10:45;43;kWh;-1834;38;0;0;1872;-1796
2018-05-21T10:45;2018-05-21T11:00;44;kWh;-918;0;0;0;918;-918
2018-05-21T11:00;2018-05-21T11:15;45;kWh;-5516;0;0;0;5516;-5516
2018-05-21T11:15;2018-05-21T11:30;46;kWh;-20998;0;0;0;20998;-20998
2018-05-21T11:30;2018-05-21T11:45;47;kWh;-22598;0;0;0;22598;-22598
2018-05-21T11:45;2018-05-21T12:00;48;kWh;-25816;0;0;0;25816;-25816
2018-05-21T12:00;2018-05-21T12:15;49;kWh;-11957;6741;0;0;18698;-5216
2018-05-21T12:15;2018-05-21T12:30;50;kWh;0;3175;0;0;3175;3175
2018-05-21T12:30;2018-05-21T12:45;51;kWh;0;0;0;0;0;0
2018-05-21T12:45;2018-05-21T13:00;52;kWh;0;0;0;0;0;0
2018-05-21T13:00;2018-05-21T13:15;53;kWh;0;4280;0;0;4280;4280
2018-05-21T13:15;2018-05-21T13:30;54;kWh;0;14393;0;0;14393;14393
2018-05-21T13:30;2018-05-21T13:45;55;kWh;0;1790;0;0;1790;1790
2018-05-21T13:45;2018-05-21T14:00;56;kWh;0;0;0;0;0;0
2018-05-21T14:00;2018-05-21T14:15;57;kWh;0;6054;0;0;6054;6054
2018-05-21T14:15;2018-05-21T14:30;58;kWh;0;21394;0;0;21394;21394
2018-05-21T14:30;2018-05-21T14:45;59;kWh;0;19426;0;0;19426;19426
2018-05-21T14:45;2018-05-21T15:00;60;kWh;0;18218;0;0;18218;18218
2018-05-21T15:00;2018-05-21T15:15;61;kWh;-928;5590;0;0;6518;4662
2018-05-21T15:15;2018-05-21T15:30;62;kWh;0;0;0;0;0;0
2018-05-21T15:30;2018-05-21T15:45;63;kWh;0;1802;0;0;1802;1802
2018-05-21T15:45;2018-05-21T16:00;64;kWh;0;11144;0;0;11144;11144
2018-05-21T16:00;2018-05-21T16:15;65;kWh;-7290;3378;0;0;10668;-3912
2018-05-21T16:15;2018-05-21T16:30;66;kWh;-18984;950;0;0;19934;-18034
2018-05-21T16:30;2018-05-21T16:45;67;kWh;-18;22237;0;0;22255;22219
2018-05-21T16:45;2018-05-21T17:00;68;kWh;0;22701;0;0;22701;22701
2018-05-21T17:00;2018-05-21T17:15;69;kWh;0;17666;0;0;17666;17666
2018-05-21T17:15;2018-05-21T17:30;70;kWh;0;23751;0;0;23751;23751
2018-05-21T17:30;2018-05-21T17:45;71;kWh;0;56774;0;0;56774;56774
2018-05-21T17:45;2018-05-21T18:00;72;kWh;0;63666;0;0;63666;63666
2018-05-21T18:00;2018-05-21T18:15;73;kWh;0;47510;0;0;47510;47510
2018-05-21T18:15;2018-05-21T18:30;74;kWh;0;33637;0;0;33637;33637
2018-05-21T18:30;2018-05-21T18:45;75;kWh;0;34215;0;0;34215;34215
2018-05-21T18:45;2018-05-21T19:00;76;kWh;0;56422;0;0;56422;56422
2018-05-21T19:00;2018-05-21T19:15;77;kWh;-3128;21050;0;0;24178;17922
2018-05-21T19:15;2018-05-21T19:30;78;kWh;-972;0;0;0;972;-972
2018-05-21T19:30;2018-05-21T19:45;79;kWh;0;14836;0;0;14836;14836
2018-05-21T19:45;2018-05-21T20:00;80;kWh;0;49859;0;0;49859;49859
2018-05-21T20:00;2018-05-21T20:15;81;kWh;0;17822;0;0;17822;17822
2018-05-21T20:15;2018-05-21T20:30;82;kWh;0;22289;0;0;22289;22289
2018-05-21T20:30;2018-05-21T20:45;83;kWh;0;55555;0;0;55555;55555
2018-05-21T20:45;2018-05-21T21:00;84;kWh;0;55507;0;0;55507;55507
2018-05-21T21:00;2018-05-21T21:15;85;kWh;0;61852;0;0;61852;61852
2018-05-21T21:15;2018-05-21T21:30;86;kWh;0;63987;0;0;63987;63987
2018-05-21T21:30;2018-05-21T21:45;87;kWh;0;45264;0;0;45264;45264
2018-05-21T21:45;2018-05-21T22:00;88;kWh;0;23866;0;0;23866;23866
2018-05-21T22:00;2018-05-21T22:15;89;kWh;0;30380;0;0;30380;30380
2018-05-21T22:15;2018-05-21T22:30;90;kWh;0;31927;0;0;31927;31927
2018-05-21T22:30;2018-05-21T22:45;91;kWh;0;30208;0;0;30208;30208
2018-05-21T22:45;2018-05-21T23:00;92;kWh;0;18270;0;0;18270;18270
2018-05-21T23:00;2018-05-21T23:15;93;kWh;0;44428;0;0;44428;44428
2018-05-21T23:15;2018-05-21T23:30;94;kWh;0;74312;0;0;74312;74312
2018-05-21T23:30;2018-05-21T23:45;95;kWh;-2827;9431;0;0;12258;6604
2018-05-21T23:45;2018-05-22T00:00;96;kWh;-9567;0;0;0;9567;-9567
2018-05-22T00:00;2018-05-22T00:15;1;kWh;-3455;21948;0;0;25403;18493
2018-05-22T00:15;2018-05-22T00:30;2;kWh;0;45563;0;0;45563;45563
2018-05-22T00:30;2018-05-22T00:45;3;kWh;-54;13308;0;0;13362;13254
2018-05-22T00:45;2018-05-22T01:00;4;kWh;0;1684;0;0;1684;1684
2018-05-22T01:00;2018-05-22T01:15;5;kWh;0;15417;0;0;15417;15417
2018-05-22T01:15;2018-05-22T01:30;6;kWh;0;27609;0;0;27609;27609
2018-05-22T01:30;2018-05-22T01:45;7;kWh;0;21782;0;0;21782;21782
2018-05-22T01:45;2018-05-22T02:00;8;kWh;0;20161;0;0;20161;20161
2018-05-22T02:00;2018-05-22T02:15;9;kWh;0;18091;0;0;18091;18091
2018-05-22T02:15;2018-05-22T02:30;10;kWh;0;23056;0;0;23056;23056
2018-05-22T02:30;2018-05-22T02:45;11;kWh;0;23907;0;0;23907;23907
2018-05-22T02:45;2018-05-22T03:00;12;kWh;0;14221;0;0;14221;14221
2018-05-22T03:00;2018-05-22T03:15;13;kWh;-669;5205;0;0;5874;4536
2018-05-22T03:15;2018-05-22T03:30;14;kWh;0;0;0;0;0;0
2018-05-22T03:30;2018-05-22T03:45;15;kWh;0;0;0;0;0;0
2018-05-22T03:45;2018-05-22T04:00;16;kWh;0;0;0;0;0;0
2018-05-22T04:00;2018-05-22T04:15;17;kWh;-1571;0;0;0;1571;-1571
2018-05-22T04:15;2018-05-22T04:30;18;kWh;-1468;0;0;0;1468;-1468
2018-05-22T04:30;2018-05-22T04:45;19;kWh;0;149;0;0;149;149
2018-05-22T04:45;2018-05-22T05:00;20;kWh;0;19420;0;0;19420;19420
2018-05-22T05:00;2018-05-22T05:15;21;kWh;0;20458;0;0;20458;20458
2018-05-22T05:15;2018-05-22T05:30;22;kWh;0;1217;0;0;1217;1217
2018-05-22T05:30;2018-05-22T05:45;23;kWh;0;2064;0;0;2064;2064
2018-05-22T05:45;2018-05-22T06:00;24;kWh;-983;8093;0;0;9076;7110
2018-05-22T06:00;2018-05-22T06:15;25;kWh;-12895;585;0;0;13480;-12310
2018-05-22T06:15;2018-05-22T06:30;26;kWh;-4531;0;0;0;4531;-4531
2018-05-22T06:30;2018-05-22T06:45;27;kWh;-2007;2036;0;0;4043;29
2018-05-22T06:45;2018-05-22T07:00;28;kWh;0;12004;0;0;12004;12004
2018-05-22T07:00;2018-05-22T07:15;29;kWh;-2163;2184;0;0;4347;21
2018-05-22T07:15;2018-05-22T07:30;30;kWh;-5333;0;0;0;5333;-5333
2018-05-22T07:30;2018-05-22T07:45;31;kWh;0;585;0;0;585;585
2018-05-22T07:45;2018-05-22T08:00;32;kWh;0;28650;0;0;28650;28650
2018-05-22T08:00;2018-05-22T08:15;33;kWh;0;23397;0;0;23397;23397
2018-05-22T08:15;2018-05-22T08:30;34;kWh;-75;219;0;0;294;144
2018-05-22T08:30;2018-05-22T08:45;35;kWh;0;460;0;0;460;460
2018-05-22T08:45;2018-05-22T09:00;36;kWh;0;4553;0;0;4553;4553
2018-05-22T09:00;2018-05-22T09:15;37;kWh;0;29074;0;0;29074;29074
2018-05-22T09:15;2018-05-22T09:30;38;kWh;0;85414;0;0;85414;85414
2018-05-22T09:30;2018-05-22T09:45;39;kWh;0;66817;0;0;69317;69317
2018-05-22T09:45;2018-05-22T10:00;40;kWh;0;50017;0;0;50017;50017
2018-05-22T10:00;2018-05-22T10:15;41;kWh;0;55195;0;0;55195;55195
2018-05-22T10:15;2018-05-22T10:30;42;kWh;0;30389;0;0;30389;30389
2018-05-22T10:30;2018-05-22T10:45;43;kWh;0;28708;0;0;28708;28708
2018-05-22T10:45;2018-05-22T11:00;44;kWh;0;14994;0;0;14994;14994
2018-05-22T11:00;2018-05-22T11:15;45;kWh;0;7281;0;0;7281;7281
2018-05-22T11:15;2018-05-22T11:30;46;kWh;0;4896;0;0;4896;4896
2018-05-22T11:30;2018-05-22T11:45;47;kWh;0;4937;0;0;4937;4937
2018-05-22T11:45;2018-05-22T12:00;48;kWh;0;1329;0;0;1329;1329
2018-05-22T12:00;2018-05-22T12:15;49;kWh;0;25614;0;0;25614;25614
2018-05-22T12:15;2018-05-22T12:30;50;kWh;-39;9249;0;0;9288;9210
2018-05-22T12:30;2018-05-22T12:45;51;kWh;-1841;0;0;0;1841;-1841
2018-05-22T12:45;2018-05-22T13:00;52;kWh;-437;0;0;0;437;-437
2018-05-22T13:00;2018-05-22T13:15;53;kWh;0;8937;0;0;8937;8937
2018-05-22T13:15;2018-05-22T13:30;54;kWh;0;29957;0;0;29957;29957
2018-05-22T13:30;2018-05-22T13:45;55;kWh;0;34344;0;0;34344;34344
2018-05-22T13:45;2018-05-22T14:00;56;kWh;0;36820;0;0;36820;36820
2018-05-22T14:00;2018-05-22T14:15;57;kWh;0;38380;0;0;38380;38380
2018-05-22T14:15;2018-05-22T14:30;58;kWh;0;42350;0;0;42350;42350
2018-05-22T14:30;2018-05-22T14:45;59;kWh;0;40969;0;0;40969;40969
2018-05-22T14:45;2018-05-22T15:00;60;kWh;0;44604;0;0;44604;44604
2018-05-22T15:00;2018-05-22T15:15;61;kWh;-50;13603;0;0;13653;13553
2018-05-22T15:15;2018-05-22T15:30;62;kWh;0;3508;0;0;3508;3508
2018-05-22T15:30;2018-05-22T15:45;63;kWh;0;24697;0;0;24697;24697
2018-05-22T15:45;2018-05-22T16:00;64;kWh;0;32139;0;0;32139;32139
2018-05-22T16:00;2018-05-22T16:15;65;kWh;-1089;6669;0;0;7758;5580
2018-05-22T16:15;2018-05-22T16:30;66;kWh;0;0;0;0;0;0
2018-05-22T16:30;2018-05-22T16:45;67;kWh;0;0;0;0;0;0
2018-05-22T16:45;2018-05-22T17:00;68;kWh;0;1965;0;0;1965;1965
2018-05-22T17:00;2018-05-22T17:15;69;kWh;0;9411;0;0;9411;9411
2018-05-22T17:15;2018-05-22T17:30;70;kWh;0;54886;0;0;54886;54886
2018-05-22T17:30;2018-05-22T17:45;71;kWh;-387;8451;0;0;8838;8064
2018-05-22T17:45;2018-05-22T18:00;72;kWh;-630;0;0;0;630;-630
2018-05-22T18:00;2018-05-22T18:15;73;kWh;0;1586;0;0;1586;1586
2018-05-22T18:15;2018-05-22T18:30;74;kWh;0;511;0;0;511;511
2018-05-22T18:30;2018-05-22T18:45;75;kWh;0;0;0;0;0;0
2018-05-22T18:45;2018-05-22T19:00;76;kWh;0;600;0;0;600;600
2018-05-22T19:00;2018-05-22T19:15;77;kWh;0;977;0;0;977;977
2018-05-22T19:15;2018-05-22T19:30;78;kWh;0;1132;0;0;1132;1132
2018-05-22T19:30;2018-05-22T19:45;79;kWh;0;300;0;0;300;300
2018-05-22T19:45;2018-05-22T20:00;80;kWh;0;137;0;0;137;137
2018-05-22T20:00;2018-05-22T20:15;81;kWh;0;15615;0;0;15615;15615
2018-05-22T20:15;2018-05-22T20:30;82;kWh;0;20103;0;0;20103;20103
2018-05-22T20:30;2018-05-22T20:45;83;kWh;0;1783;0;0;1783;1783
2018-05-22T20:45;2018-05-22T21:00;84;kWh;-195;0;0;0;195;-195
2018-05-22T21:00;2018-05-22T21:15;85;kWh;0;0;0;0;0;0
2018-05-22T21:15;2018-05-22T21:30;86;kWh;0;0;0;0;0;0
2018-05-22T21:30;2018-05-22T21:45;87;kWh;0;0;0;0;0;0
2018-05-22T21:45;2018-05-22T22:00;88;kWh;0;0;0;0;0;0
2018-05-22T22:00;2018-05-22T22:15;89;kWh;0;3025;0;0;3025;3025
2018-05-22T22:15;2018-05-22T22:30;90;kWh;0;1529;0;0;1529;1529
2018-05-22T22:30;2018-05-22T22:45;91;kWh;0;1387;0;0;1387;1387
2018-05-22T22:45;2018-05-22T23:00;92;kWh;-163;807;0;0;970;644
2018-05-22T23:00;2018-05-22T23:15;93;kWh;-208;0;0;0;208;-208
2018-05-22T23:15;2018-05-22T23:30;94;kWh;-19;0;0;0;19;-19
2018-05-22T23:30;2018-05-22T23:45;95;kWh;-5659;0;0;0;5659;-5659
2018-05-22T23:45;2018-05-23T00:00;96;kWh;-12495;0;0;0;12495;-12495
2018-05-23T00:00;2018-05-23T00:15;1;kWh;-491;8331;0;0;8822;7840
2018-05-23T00:15;2018-05-23T00:30;2;kWh;0;53642;0;0;58642;58642
2018-05-23T00:30;2018-05-23T00:45;3;kWh;-287;8927;0;0;14214;13640
2018-05-23T00:45;2018-05-23T01:00;4;kWh;-1749;0;0;0;1749;-1749
2018-05-23T01:00;2018-05-23T01:15;5;kWh;-1912;0;0;0;1912;-1912
2018-05-23T01:15;2018-05-23T01:30;6;kWh;-1516;25;0;0;1541;-1491
2018-05-23T01:30;2018-05-23T01:45;7;kWh;-11505;0;0;0;11505;-11505
2018-05-23T01:45;2018-05-23T02:00;8;kWh;-5890;0;0;0;5890;-5890
2018-05-23T02:00;2018-05-23T02:15;9;kWh;-162;1289;0;0;1451;1127
2018-05-23T02:15;2018-05-23T02:30;10;kWh;0;717;0;0;717;717
2018-05-23T02:30;2018-05-23T02:45;11;kWh;0;0;0;0;0;0
2018-05-23T02:45;2018-05-23T03:00;12;kWh;-231;0;0;0;231;-231
2018-05-23T03:00;2018-05-23T03:15;13;kWh;-130;8496;0;0;8626;8366
2018-05-23T03:15;2018-05-23T03:30;14;kWh;0;30292;0;0;30292;30292
2018-05-23T03:30;2018-05-23T03:45;15;kWh;0;25690;0;0;25690;25690
2018-05-23T03:45;2018-05-23T04:00;16;kWh;0;26699;0;0;26699;26699
2018-05-23T04:00;2018-05-23T04:15;17;kWh;0;40719;0;0;40719;40719
2018-05-23T04:15;2018-05-23T04:30;18;kWh;0;45368;0;0;45368;45368
2018-05-23T04:30;2018-05-23T04:45;19;kWh;0;25882;0;0;25882;25882
2018-05-23T04:45;2018-05-23T05:00;20;kWh;0;34191;0;0;34191;34191
2018-05-23T05:00;2018-05-23T05:15;21;kWh;0;7375;0;0;7375;7375
2018-05-23T05:15;2018-05-23T05:30;22;kWh;0;0;0;0;0;0
2018-05-23T05:30;2018-05-23T05:45;23;kWh;0;0;0;0;0;0
2018-05-23T05:45;2018-05-23T06:00;24;kWh;0;2300;0;0;2300;2300
2018-05-23T06:00;2018-05-23T06:15;25;kWh;-15565;26;0;0;15591;-15539
2018-05-23T06:15;2018-05-23T06:30;26;kWh;-29665;0;0;0;29665;-29665
2018-05-23T06:30;2018-05-23T06:45;27;kWh;-3294;4680;0;0;7974;1386
2018-05-23T06:45;2018-05-23T07:00;28;kWh;0;23114;0;0;23114;23114
2018-05-23T07:00;2018-05-23T07:15;29;kWh;0;14632;0;0;14632;14632
2018-05-23T07:15;2018-05-23T07:30;30;kWh;0;3777;0;0;3777;3777
2018-05-23T07:30;2018-05-23T07:45;31;kWh;0;45099;0;0;45099;45099
2018-05-23T07:45;2018-05-23T08:00;32;kWh;0;56504;0;0;56504;56504
2018-05-23T08:00;2018-05-23T08:15;33;kWh;0;33434;0;0;33434;33434
2018-05-23T08:15;2018-05-23T08:30;34;kWh;0;7587;0;0;7587;7587
2018-05-23T08:30;2018-05-23T08:45;35;kWh;0;51581;0;0;51581;51581
2018-05-23T08:45;2018-05-23T09:00;36;kWh;0;63465;0;0;63465;63465
2018-05-23T09:00;2018-05-23T09:15;37;kWh;0;82691;0;0;82691;82691
2018-05-23T09:15;2018-05-23T09:30;38;kWh;0;94960;0;23332;119542;119542
2018-05-23T09:30;2018-05-23T09:45;39;kWh;0;92375;0;52407;146032;146032
2018-05-23T09:45;2018-05-23T10:00;40;kWh;0;65019;0;52407;118676;118676
2018-05-23T10:00;2018-05-23T10:15;41;kWh;0;34444;0;52407;86851;86851
2018-05-23T10:15;2018-05-23T10:30;42;kWh;0;8276;0;5833;14109;14109
2018-05-23T10:30;2018-05-23T10:45;43;kWh;0;34753;0;0;34753;34753
2018-05-23T10:45;2018-05-23T11:00;44;kWh;-145;2419;0;0;2564;2274
2018-05-23T11:00;2018-05-23T11:15;45;kWh;0;270;0;0;270;270
2018-05-23T11:15;2018-05-23T11:30;46;kWh;0;6341;0;0;6341;6341
2018-05-23T11:30;2018-05-23T11:45;47;kWh;0;10474;0;0;10474;10474
2018-05-23T11:45;2018-05-23T12:00;48;kWh;0;3304;0;0;3304;3304
2018-05-23T12:00;2018-05-23T12:15;49;kWh;0;27501;0;0;27501;27501
2018-05-23T12:15;2018-05-23T12:30;50;kWh;-1561;10772;0;0;12333;9211
2018-05-23T12:30;2018-05-23T12:45;51;kWh;-48;0;0;0;48;-48
2018-05-23T12:45;2018-05-23T13:00;52;kWh;-116;0;0;0;116;-116
2018-05-23T13:00;2018-05-23T13:15;53;kWh;-707;1531;0;0;2238;824
2018-05-23T13:15;2018-05-23T13:30;54;kWh;0;10105;0;0;10105;10105
2018-05-23T13:30;2018-05-23T13:45;55;kWh;0;12916;0;0;12916;12916
2018-05-23T13:45;2018-05-23T14:00;56;kWh;0;2461;0;0;2461;2461
2018-05-23T14:00;2018-05-23T14:15;57;kWh;0;7148;0;0;7148;7148
2018-05-23T14:15;2018-05-23T14:30;58;kWh;0;5990;0;0;5990;5990
2018-05-23T14:30;2018-05-23T14:45;59;kWh;0;2206;0;0;2206;2206
2018-05-23T14:45;2018-05-23T15:00;60;kWh;0;5699;0;0;5699;5699
2018-05-23T15:00;2018-05-23T15:15;61;kWh;0;9107;0;0;9107;9107
2018-05-23T15:15;2018-05-23T15:30;62;kWh;0;22494;0;0;22494;22494
2018-05-23T15:30;2018-05-23T15:45;63;kWh;0;23905;0;0;23905;23905
2018-05-23T15:45;2018-05-23T16:00;64;kWh;0;30458;0;0;30458;30458
2018-05-23T16:00;2018-05-23T16:15;65;kWh;-610;10674;0;0;11284;10064
2018-05-23T16:15;2018-05-23T16:30;66;kWh;-4;0;0;0;4;-4
2018-05-23T16:30;2018-05-23T16:45;67;kWh;0;0;0;0;0;0
2018-05-23T16:45;2018-05-23T17:00;68;kWh;-483;0;0;0;483;-483
2018-05-23T17:00;2018-05-23T17:15;69;kWh;-5253;0;0;0;5253;-5253
2018-05-23T17:15;2018-05-23T17:30;70;kWh;-739;0;0;0;739;-739
2018-05-23T17:30;2018-05-23T17:45;71;kWh;-1356;0;0;0;1356;-1356
2018-05-23T17:45;2018-05-23T18:00;72;kWh;-11653;0;0;0;11653;-11653
2018-05-23T18:00;2018-05-23T18:15;73;kWh;-3444;10392;0;0;13836;6948
2018-05-23T18:15;2018-05-23T18:30;74;kWh;-357;4399;0;0;4756;4042
2018-05-23T18:30;2018-05-23T18:45;75;kWh;-3124;0;0;0;3124;-3124
2018-05-23T18:45;2018-05-23T19:00;76;kWh;-178;598;0;0;776;420
2018-05-23T19:00;2018-05-23T19:15;77;kWh;0;19308;0;0;19308;19308
2018-05-23T19:15;2018-05-23T19:30;78;kWh;0;96362;0;0;96362;96362
2018-05-23T19:30;2018-05-23T19:45;79;kWh;-113;27727;0;0;27840;27614
2018-05-23T19:45;2018-05-23T20:00;80;kWh;0;23291;0;0;23291;23291
2018-05-23T20:00;2018-05-23T20:15;81;kWh;0;45217;0;0;45217;45217
2018-05-23T20:15;2018-05-23T20:30;82;kWh;0;43970;0;0;43970;43970
2018-05-23T20:30;2018-05-23T20:45;83;kWh;0;52325;0;0;52325;52325
2018-05-23T20:45;2018-05-23T21:00;84;kWh;0;43951;0;0;43951;43951
2018-05-23T21:00;2018-05-23T21:15;85;kWh;0;32102;0;0;32102;32102
2018-05-23T21:15;2018-05-23T21:30;86;kWh;0;43314;0;0;43314;43314
2018-05-23T21:30;2018-05-23T21:45;87;kWh;-466;17209;0;0;17675;16743
2018-05-23T21:45;2018-05-23T22:00;88;kWh;-633;540;0;0;1173;-93
2018-05-23T22:00;2018-05-23T22:15;89;kWh;0;42442;0;0;42442;42442
2018-05-23T22:15;2018-05-23T22:30;90;kWh;0;55820;0;0;55820;55820
2018-05-23T22:30;2018-05-23T22:45;91;kWh;-412;10488;0;0;10900;10076
2018-05-23T22:45;2018-05-23T23:00;92;kWh;-10006;0;0;0;10006;-10006
2018-05-23T23:00;2018-05-23T23:15;93;kWh;-11536;7587;0;0;19123;-3949
2018-05-23T23:15;2018-05-23T23:30;94;kWh;-10;14535;0;0;14545;14525
2018-05-23T23:30;2018-05-23T23:45;95;kWh;-4918;548;0;0;5466;-4370
2018-05-23T23:45;2018-05-24T00:00;96;kWh;-27192;0;0;0;27192;-27192
2018-05-24T00:00;2018-05-24T00:15;1;kWh;-44714;0;0;0;44714;-44714
2018-05-24T00:15;2018-05-24T00:30;2;kWh;-4255;0;0;0;4255;-4255
2018-05-24T00:30;2018-05-24T00:45;3;kWh;-20711;0;0;0;20711;-20711
2018-05-24T00:45;2018-05-24T01:00;4;kWh;-23565;0;0;0;23565;-23565
2018-05-24T01:00;2018-05-24T01:15;5;kWh;-15227;0;0;0;15227;-15227
2018-05-24T01:15;2018-05-24T01:30;6;kWh;-7947;0;0;0;7947;-7947
2018-05-24T01:30;2018-05-24T01:45;7;kWh;-3543;0;0;0;3543;-3543
2018-05-24T01:45;2018-05-24T02:00;8;kWh;-26459;0;0;0;26459;-26459
2018-05-24T02:00;2018-05-24T02:15;9;kWh;-39059;0;0;0;39059;-39059
2018-05-24T02:15;2018-05-24T02:30;10;kWh;-59;0;0;0;59;-59
2018-05-24T02:30;2018-05-24T02:45;11;kWh;-773;0;0;0;773;-773
2018-05-24T02:45;2018-05-24T03:00;12;kWh;-298;0;0;0;298;-298
2018-05-24T03:00;2018-05-24T03:15;13;kWh;-18410;0;0;0;18410;-18410
2018-05-24T03:15;2018-05-24T03:30;14;kWh;-30500;0;0;0;30500;-30500
2018-05-24T03:30;2018-05-24T03:45;15;kWh;-16525;0;0;0;16525;-16525
2018-05-24T03:45;2018-05-24T04:00;16;kWh;-4642;0;0;0;4642;-4642
2018-05-24T04:00;2018-05-24T04:15;17;kWh;-12571;0;0;0;12571;-12571
2018-05-24T04:15;2018-05-24T04:30;18;kWh;-17490;0;0;0;17490;-17490
2018-05-24T04:30;2018-05-24T04:45;19;kWh;-5429;21;0;0;5450;-5408
2018-05-24T04:45;2018-05-24T05:00;20;kWh;-387;6579;0;0;6966;6192
2018-05-24T05:00;2018-05-24T05:15;21;kWh;-13426;383;0;0;13809;-13043
2018-05-24T05:15;2018-05-24T05:30;22;kWh;-21067;0;0;0;21067;-21067
2018-05-24T05:30;2018-05-24T05:45;23;kWh;-14223;0;0;0;14223;-14223
2018-05-24T05:45;2018-05-24T06:00;24;kWh;-4356;1546;0;0;5902;-2810
2018-05-24T06:00;2018-05-24T06:15;25;kWh;-40466;0;0;0;40466;-40466
2018-05-24T06:15;2018-05-24T06:30;26;kWh;-31661;0;0;0;31661;-31661
2018-05-24T06:30;2018-05-24T06:45;27;kWh;-21393;0;0;0;21393;-21393
2018-05-24T06:45;2018-05-24T07:00;28;kWh;-7836;1414;0;0;9250;-6422
2018-05-24T07:00;2018-05-24T07:15;29;kWh;-15008;0;0;0;15008;-15008
2018-05-24T07:15;2018-05-24T07:30;30;kWh;-1554;0;0;0;1554;-1554
2018-05-24T07:30;2018-05-24T07:45;31;kWh;0;2357;0;0;2357;2357
2018-05-24T07:45;2018-05-24T08:00;32;kWh;0;22331;0;0;22331;22331
2018-05-24T08:00;2018-05-24T08:15;33;kWh;0;29059;0;0;29059;29059
2018-05-24T08:15;2018-05-24T08:30;34;kWh;0;15542;0;0;15542;15542
2018-05-24T08:30;2018-05-24T08:45;35;kWh;0;19341;0;0;19341;19341
2018-05-24T08:45;2018-05-24T09:00;36;kWh;0;32600;0;0;32600;32600
2018-05-24T09:00;2018-05-24T09:15;37;kWh;0;49753;0;0;49753;49753
2018-05-24T09:15;2018-05-24T09:30;38;kWh;0;27715;0;0;27715;27715
2018-05-24T09:30;2018-05-24T09:45;39;kWh;0;24598;0;0;24598;24598
2018-05-24T09:45;2018-05-24T10:00;40;kWh;0;31577;0;0;31577;31577
2018-05-24T10:00;2018-05-24T10:15;41;kWh;0;67459;0;0;67459;67459
2018-05-24T10:15;2018-05-24T10:30;42;kWh;0;51294;0;0;51294;51294
2018-05-24T10:30;2018-05-24T10:45;43;kWh;0;21045;0;0;21045;21045
2018-05-24T10:45;2018-05-24T11:00;44;kWh;0;13369;0;0;13369;13369
2018-05-24T11:00;2018-05-24T11:15;45;kWh;0;23182;0;0;23182;23182
2018-05-24T11:15;2018-05-24T11:30;46;kWh;0;22792;0;0;22792;22792
2018-05-24T11:30;2018-05-24T11:45;47;kWh;0;53189;0;0;53189;53189
2018-05-24T11:45;2018-05-24T12:00;48;kWh;0;52811;0;0;52811;52811
2018-05-24T12:00;2018-05-24T12:15;49;kWh;0;55563;0;0;55563;55563
2018-05-24T12:15;2018-05-24T12:30;50;kWh;0;51463;0;0;51463;51463
2018-05-24T12:30;2018-05-24T12:45;51;kWh;-152;16373;0;0;16525;16221
2018-05-24T12:45;2018-05-24T13:00;52;kWh;0;26846;0;5417;32263;32263
2018-05-24T13:00;2018-05-24T13:15;53;kWh;0;95445;0;16251;115446;115446
2018-05-24T13:15;2018-05-24T13:30;54;kWh;0;69434;0;16251;89435;89435
2018-05-24T13:30;2018-05-24T13:45;55;kWh;0;28271;0;16251;48272;48272
2018-05-24T13:45;2018-05-24T14:00;56;kWh;0;32829;0;0;32829;32829
2018-05-24T14:00;2018-05-24T14:15;57;kWh;0;67026;0;0;67026;67026
2018-05-24T14:15;2018-05-24T14:30;58;kWh;0;64949;0;0;64949;64949
2018-05-24T14:30;2018-05-24T14:45;59;kWh;0;47154;0;0;47154;47154
2018-05-24T14:45;2018-05-24T15:00;60;kWh;0;19633;0;0;19633;19633
2018-05-24T15:00;2018-05-24T15:15;61;kWh;-2;12762;0;0;12764;12760
2018-05-24T15:15;2018-05-24T15:30;62;kWh;-1251;220;0;0;1471;-1031
2018-05-24T15:30;2018-05-24T15:45;63;kWh;-253;897;0;0;1150;644
2018-05-24T15:45;2018-05-24T16:00;64;kWh;0;3957;0;0;3957;3957
2018-05-24T16:00;2018-05-24T16:15;65;kWh;-21260;0;0;0;21260;-21260
2018-05-24T16:15;2018-05-24T16:30;66;kWh;-16260;0;0;0;16260;-16260
2018-05-24T16:30;2018-05-24T16:45;67;kWh;-5105;0;0;0;5105;-5105
2018-05-24T16:45;2018-05-24T17:00;68;kWh;-1835;0;0;0;1835;-1835
2018-05-24T17:00;2018-05-24T17:15;69;kWh;-32;0;0;0;32;-32
2018-05-24T17:15;2018-05-24T17:30;70;kWh;0;346;0;0;346;346
2018-05-24T17:30;2018-05-24T17:45;71;kWh;0;5959;0;0;5959;5959
2018-05-24T17:45;2018-05-24T18:00;72;kWh;0;25715;0;0;25715;25715
2018-05-24T18:00;2018-05-24T18:15;73;kWh;0;15710;0;0;15710;15710
2018-05-24T18:15;2018-05-24T18:30;74;kWh;0;4770;0;0;4770;4770
2018-05-24T18:30;2018-05-24T18:45;75;kWh;0;1461;0;0;1461;1461
2018-05-24T18:45;2018-05-24T19:00;76;kWh;0;1202;0;0;1202;1202
2018-05-24T19:00;2018-05-24T19:15;77;kWh;0;608;0;0;608;608
2018-05-24T19:15;2018-05-24T19:30;78;kWh;0;3409;0;0;3409;3409
2018-05-24T19:30;2018-05-24T19:45;79;kWh;0;24177;0;0;24177;24177
2018-05-24T19:45;2018-05-24T20:00;80;kWh;0;28107;0;0;28107;28107
2018-05-24T20:00;2018-05-24T20:15;81;kWh;-472;6082;0;0;6554;5610
2018-05-24T20:15;2018-05-24T20:30;82;kWh;0;2864;0;0;2864;2864
2018-05-24T20:30;2018-05-24T20:45;83;kWh;0;12692;0;0;12692;12692
2018-05-24T20:45;2018-05-24T21:00;84;kWh;0;7502;0;0;7502;7502
2018-05-24T21:00;2018-05-24T21:15;85;kWh;0;428;0;0;428;428
2018-05-24T21:15;2018-05-24T21:30;86;kWh;0;4409;0;0;4409;4409
2018-05-24T21:30;2018-05-24T21:45;87;kWh;0;1447;0;0;1447;1447
2018-05-24T21:45;2018-05-24T22:00;88;kWh;0;1409;0;0;1409;1409
2018-05-24T22:00;2018-05-24T22:15;89;kWh;0;28859;0;0;28859;28859
2018-05-24T22:15;2018-05-24T22:30;90;kWh;0;16268;0;0;16268;16268
2018-05-24T22:30;2018-05-24T22:45;91;kWh;-1728;94;0;0;1822;-1634
2018-05-24T22:45;2018-05-24T23:00;92;kWh;-4429;0;0;0;4429;-4429
2018-05-24T23:00;2018-05-24T23:15;93;kWh;-2554;9408;0;0;11962;6854
2018-05-24T23:15;2018-05-24T23:30;94;kWh;-2;34952;0;0;34954;34950
2018-05-24T23:30;2018-05-24T23:45;95;kWh;-840;646;0;0;1486;-194
2018-05-24T23:45;2018-05-25T00:00;96;kWh;-28509;0;0;0;28509;-28509
2018-05-25T00:00;2018-05-25T00:15;1;kWh;-12990;0;0;0;12990;-12990
2018-05-25T00:15;2018-05-25T00:30;2;kWh;0;0;0;0;0;0
2018-05-25T00:30;2018-05-25T00:45;3;kWh;-480;0;0;0;480;-480
2018-05-25T00:45;2018-05-25T01:00;4;kWh;-6682;0;0;0;6682;-6682
2018-05-25T01:00;2018-05-25T01:15;5;kWh;-3876;0;0;0;3876;-3876
2018-05-25T01:15;2018-05-25T01:30;6;kWh;-127;0;0;0;127;-127
2018-05-25T01:30;2018-05-25T01:45;7;kWh;-255;0;0;0;255;-255
2018-05-25T01:45;2018-05-25T02:00;8;kWh;-5400;0;0;0;5400;-5400
2018-05-25T02:00;2018-05-25T02:15;9;kWh;-3703;0;0;0;3703;-3703
2018-05-25T02:15;2018-05-25T02:30;10;kWh;-589;0;0;0;589;-589
2018-05-25T02:30;2018-05-25T02:45;11;kWh;-2531;0;0;0;2531;-2531
2018-05-25T02:45;2018-05-25T03:00;12;kWh;-12123;0;0;0;12123;-12123
2018-05-25T03:00;2018-05-25T03:15;13;kWh;-6177;1272;0;0;7449;-4905
2018-05-25T03:15;2018-05-25T03:30;14;kWh;0;2972;0;0;2972;2972
2018-05-25T03:30;2018-05-25T03:45;15;kWh;0;11722;0;0;11722;11722
2018-05-25T03:45;2018-05-25T04:00;16;kWh;0;11700;0;0;11700;11700
2018-05-25T04:00;2018-05-25T04:15;17;kWh;0;8112;0;0;8112;8112
2018-05-25T04:15;2018-05-25T04:30;18;kWh;0;21513;0;0;21513;21513
2018-05-25T04:30;2018-05-25T04:45;19;kWh;0;30073;0;0;30073;30073
2018-05-25T04:45;2018-05-25T05:00;20;kWh;0;37040;0;0;37040;37040
2018-05-25T05:00;2018-05-25T05:15;21;kWh;0;28304;0;0;28304;28304
2018-05-25T05:15;2018-05-25T05:30;22;kWh;0;16360;0;0;16360;16360
2018-05-25T05:30;2018-05-25T05:45;23;kWh;0;18321;0;0;18321;18321
2018-05-25T05:45;2018-05-25T06:00;24;kWh;0;29422;0;0;29422;29422
2018-05-25T06:00;2018-05-25T06:15;25;kWh;-2022;3328;0;0;5350;1306
2018-05-25T06:15;2018-05-25T06:30;26;kWh;-182;0;0;0;182;-182
2018-05-25T06:30;2018-05-25T06:45;27;kWh;0;11409;0;0;11409;11409
2018-05-25T06:45;2018-05-25T07:00;28;kWh;0;40171;0;0;40171;40171
2018-05-25T07:00;2018-05-25T07:15;29;kWh;-1658;7540;0;0;9198;5882
2018-05-25T07:15;2018-05-25T07:30;30;kWh;0;199;0;0;199;199
2018-05-25T07:30;2018-05-25T07:45;31;kWh;0;15442;0;0;15442;15442
2018-05-25T07:45;2018-05-25T08:00;32;kWh;0;37608;0;0;37608;37608
2018-05-25T08:00;2018-05-25T08:15;33;kWh;-602;6751;0;0;7353;6149
2018-05-25T08:15;2018-05-25T08:30;34;kWh;-2112;0;0;0;2112;-2112
2018-05-25T08:30;2018-05-25T08:45;35;kWh;-3043;0;0;0;3043;-3043
2018-05-25T08:45;2018-05-25T09:00;36;kWh;-56;696;0;0;752;640
2018-05-25T09:00;2018-05-25T09:15;37;kWh;0;15079;0;0;15079;15079
2018-05-25T09:15;2018-05-25T09:30;38;kWh;0;23051;0;0;23051;23051
2018-05-25T09:30;2018-05-25T09:45;39;kWh;0;27540;0;0;27540;27540
2018-05-25T09:45;2018-05-25T10:00;40;kWh;0;11826;0;0;11826;11826
2018-05-25T10:00;2018-05-25T10:15;41;kWh;0;32766;0;0;32766;32766
2018-05-25T10:15;2018-05-25T10:30;42;kWh;0;64290;0;0;64290;64290
2018-05-25T10:30;2018-05-25T10:45;43;kWh;-63;46176;0;34998;82487;82361
2018-05-25T10:45;2018-05-25T11:00;44;kWh;-563;670;0;11666;14149;13023
2018-05-25T11:00;2018-05-25T11:15;45;kWh;0;659;0;0;659;659
2018-05-25T11:15;2018-05-25T11:30;46;kWh;0;7223;0;0;7223;7223
2018-05-25T11:30;2018-05-25T11:45;47;kWh;0;13145;0;0;13145;13145
2018-05-25T11:45;2018-05-25T12:00;48;kWh;0;39842;0;0;39842;39842
2018-05-25T12:00;2018-05-25T12:15;49;kWh;-2274;16749;0;0;19023;14475
2018-05-25T12:15;2018-05-25T12:30;50;kWh;-5212;0;0;0;5212;-5212
2018-05-25T12:30;2018-05-25T12:45;51;kWh;-873;0;0;0;873;-873
2018-05-25T12:45;2018-05-25T13:00;52;kWh;0;0;0;0;0;0
2018-05-25T13:00;2018-05-25T13:15;53;kWh;0;559;0;0;559;559
2018-05-25T13:15;2018-05-25T13:30;54;kWh;0;9534;0;0;9534;9534
2018-05-25T13:30;2018-05-25T13:45;55;kWh;0;15133;0;0;15133;15133
2018-05-25T13:45;2018-05-25T14:00;56;kWh;0;16089;0;0;16089;16089
2018-05-25T14:00;2018-05-25T14:15;57;kWh;0;29404;0;0;29404;29404
2018-05-25T14:15;2018-05-25T14:30;58;kWh;0;40304;0;0;40304;40304
2018-05-25T14:30;2018-05-25T14:45;59;kWh;0;29827;0;0;29827;29827
2018-05-25T14:45;2018-05-25T15:00;60;kWh;0;20237;0;0;20237;20237
2018-05-25T15:00;2018-05-25T15:15;61;kWh;0;27355;0;0;27355;27355
2018-05-25T15:15;2018-05-25T15:30;62;kWh;0;30412;0;0;30412;30412
2018-05-25T15:30;2018-05-25T15:45;63;kWh;0;35013;0;0;35013;35013
2018-05-25T15:45;2018-05-25T16:00;64;kWh;0;46472;0;0;46472;46472
2018-05-25T16:00;2018-05-25T16:15;65;kWh;-2392;7866;0;0;10258;5474
2018-05-25T16:15;2018-05-25T16:30;66;kWh;-83;0;0;0;83;-83
2018-05-25T16:30;2018-05-25T16:45;67;kWh;0;1140;0;0;1140;1140
2018-05-25T16:45;2018-05-25T17:00;68;kWh;0;114;0;0;114;114
2018-05-25T17:00;2018-05-25T17:15;69;kWh;-2244;0;0;0;2244;-2244
2018-05-25T17:15;2018-05-25T17:30;70;kWh;-1274;0;0;0;1274;-1274
2018-05-25T17:30;2018-05-25T17:45;71;kWh;-155;0;0;0;155;-155
2018-05-25T17:45;2018-05-25T18:00;72;kWh;0;14261;0;0;14261;14261
2018-05-25T18:00;2018-05-25T18:15;73;kWh;0;41011;0;0;41011;41011
2018-05-25T18:15;2018-05-25T18:30;74;kWh;0;28393;0;0;28393;28393
2018-05-25T18:30;2018-05-25T18:45;75;kWh;0;34795;0;0;34795;34795
2018-05-25T18:45;2018-05-25T19:00;76;kWh;-149;14906;0;0;15055;14757
2018-05-25T19:00;2018-05-25T19:15;77;kWh;-20409;378;0;0;20787;-20031
2018-05-25T19:15;2018-05-25T19:30;78;kWh;-10765;93;0;0;10858;-10672
2018-05-25T19:30;2018-05-25T19:45;79;kWh;-72;1038;0;0;1110;966
2018-05-25T19:45;2018-05-25T20:00;80;kWh;0;0;0;0;0;0
2018-05-25T20:00;2018-05-25T20:15;81;kWh;0;18568;0;0;18568;18568
2018-05-25T20:15;2018-05-25T20:30;82;kWh;-21;16354;0;0;16375;16333
2018-05-25T20:30;2018-05-25T20:45;83;kWh;-1566;121;0;0;1687;-1445
2018-05-25T20:45;2018-05-25T21:00;84;kWh;-1369;0;0;0;1369;-1369
2018-05-25T21:00;2018-05-25T21:15;85;kWh;-417;2537;0;0;2954;2120
2018-05-25T21:15;2018-05-25T21:30;86;kWh;0;5578;0;0;5578;5578
2018-05-25T21:30;2018-05-25T21:45;87;kWh;-2036;0;0;0;2036;-2036
2018-05-25T21:45;2018-05-25T22:00;88;kWh;-1068;0;0;0;1068;-1068
2018-05-25T22:00;2018-05-25T22:15;89;kWh;0;9564;0;0;9564;9564
2018-05-25T22:15;2018-05-25T22:30;90;kWh;0;20801;0;0;20801;20801
2018-05-25T22:30;2018-05-25T22:45;91;kWh;0;4604;0;0;4604;4604
2018-05-25T22:45;2018-05-25T23:00;92;kWh;0;39854;0;0;39854;39854
2018-05-25T23:00;2018-05-25T23:15;93;kWh;0;15729;0;0;15729;15729
2018-05-25T23:15;2018-05-25T23:30;94;kWh;0;11044;0;0;11044;11044
2018-05-25T23:30;2018-05-25T23:45;95;kWh;0;869;0;0;869;869
2018-05-25T23:45;2018-05-26T00:00;96;kWh;-52;1677;0;0;1729;1625
2018-05-26T00:00;2018-05-26T00:15;1;kWh;-3156;3;0;0;3159;-3153
2018-05-26T00:15;2018-05-26T00:30;2;kWh;0;6975;0;0;6975;6975
2018-05-26T00:30;2018-05-26T00:45;3;kWh;0;772;0;0;772;772
2018-05-26T00:45;2018-05-26T01:00;4;kWh;0;18847;0;0;18847;18847
2018-05-26T01:00;2018-05-26T01:15;5;kWh;0;31242;0;0;31242;31242
2018-05-26T01:15;2018-05-26T01:30;6;kWh;0;27227;0;0;27227;27227
2018-05-26T01:30;2018-05-26T01:45;7;kWh;0;9748;0;0;9748;9748
2018-05-26T01:45;2018-05-26T02:00;8;kWh;0;23126;0;0;23126;23126
2018-05-26T02:00;2018-05-26T02:15;9;kWh;0;32262;0;0;32262;32262
2018-05-26T02:15;2018-05-26T02:30;10;kWh;0;28508;0;0;28508;28508
2018-05-26T02:30;2018-05-26T02:45;11;kWh;-791;2459;0;0;3250;1668
2018-05-26T02:45;2018-05-26T03:00;12;kWh;-622;0;0;0;622;-622
2018-05-26T03:00;2018-05-26T03:15;13;kWh;-481;6708;0;0;7189;6227
2018-05-26T03:15;2018-05-26T03:30;14;kWh;0;3071;0;0;3071;3071
2018-05-26T03:30;2018-05-26T03:45;15;kWh;0;1348;0;0;1348;1348
2018-05-26T03:45;2018-05-26T04:00;16;kWh;-1223;0;0;0;1223;-1223
2018-05-26T04:00;2018-05-26T04:15;17;kWh;-3321;0;0;0;3321;-3321
2018-05-26T04:15;2018-05-26T04:30;18;kWh;0;0;0;0;0;0
2018-05-26T04:30;2018-05-26T04:45;19;kWh;0;0;0;0;0;0
2018-05-26T04:45;2018-05-26T05:00;20;kWh;-187;0;0;0;187;-187
2018-05-26T05:00;2018-05-26T05:15;21;kWh;-13341;0;0;0;13341;-13341
2018-05-26T05:15;2018-05-26T05:30;22;kWh;-33550;0;0;0;33550;-33550
2018-05-26T05:30;2018-05-26T05:45;23;kWh;-41279;0;0;0;41279;-41279
2018-05-26T05:45;2018-05-26T06:00;24;kWh;-47954;0;0;0;47954;-47954
2018-05-26T06:00;2018-05-26T06:15;25;kWh;-56104;0;0;0;56104;-56104
2018-05-26T06:15;2018-05-26T06:30;26;kWh;-44520;0;0;0;44520;-44520
2018-05-26T06:30;2018-05-26T06:45;27;kWh;-4075;0;0;0;4075;-4075
2018-05-26T06:45;2018-05-26T07:00;28;kWh;-85;5006;0;0;5091;4921
2018-05-26T07:00;2018-05-26T07:15;29;kWh;-11624;1876;0;0;13500;-9748
2018-05-26T07:15;2018-05-26T07:30;30;kWh;-18595;0;0;0;18595;-18595
2018-05-26T07:30;2018-05-26T07:45;31;kWh;-2327;3671;0;0;5998;1344
2018-05-26T07:45;2018-05-26T08:00;32;kWh;0;12898;0;0;12898;12898
2018-05-26T08:00;2018-05-26T08:15;33;kWh;0;1796;0;0;1796;1796
2018-05-26T08:15;2018-05-26T08:30;34;kWh;0;0;0;0;0;0
2018-05-26T08:30;2018-05-26T08:45;35;kWh;0;1759;0;0;1759;1759
2018-05-26T08:45;2018-05-26T09:00;36;kWh;0;26092;0;0;26092;26092
2018-05-26T09:00;2018-05-26T09:15;37;kWh;0;53084;0;0;53084;53084
2018-05-26T09:15;2018-05-26T09:30;38;kWh;0;91073;0;0;104823;104823
2018-05-26T09:30;2018-05-26T09:45;39;kWh;0;32779;0;0;46529;46529
2018-05-26T09:45;2018-05-26T10:00;40;kWh;0;12817;0;0;25317;25317
2018-05-26T10:00;2018-05-26T10:15;41;kWh;0;3391;0;0;3391;3391
2018-05-26T10:15;2018-05-26T10:30;42;kWh;0;16516;0;0;16516;16516
2018-05-26T10:30;2018-05-26T10:45;43;kWh;0;20704;0;0;20704;20704
2018-05-26T10:45;2018-05-26T11:00;44;kWh;0;17536;0;0;17536;17536
2018-05-26T11:00;2018-05-26T11:15;45;kWh;0;10703;0;0;10703;10703
2018-05-26T11:15;2018-05-26T11:30;46;kWh;0;4954;0;0;4954;4954
2018-05-26T11:30;2018-05-26T11:45;47;kWh;0;994;0;0;994;994
2018-05-26T11:45;2018-05-26T12:00;48;kWh;0;7281;0;0;7281;7281
2018-05-26T12:00;2018-05-26T12:15;49;kWh;0;1885;0;0;1885;1885
2018-05-26T12:15;2018-05-26T12:30;50;kWh;0;2;0;0;2;2
2018-05-26T12:30;2018-05-26T12:45;51;kWh;-207;0;0;0;207;-207
2018-05-26T12:45;2018-05-26T13:00;52;kWh;-3556;0;0;0;3556;-3556
2018-05-26T13:00;2018-05-26T13:15;53;kWh;-3670;0;0;0;3670;-3670
2018-05-26T13:15;2018-05-26T13:30;54;kWh;-3159;0;0;0;3159;-3159
2018-05-26T13:30;2018-05-26T13:45;55;kWh;-4905;0;0;0;4905;-4905
2018-05-26T13:45;2018-05-26T14:00;56;kWh;-39369;0;0;0;39369;-39369
2018-05-26T14:00;2018-05-26T14:15;57;kWh;-30963;0;0;0;30963;-30963
2018-05-26T14:15;2018-05-26T14:30;58;kWh;-2569;83;0;0;2652;-2486
2018-05-26T14:30;2018-05-26T14:45;59;kWh;-340;0;0;0;340;-340
2018-05-26T14:45;2018-05-26T15:00;60;kWh;-1316;0;0;0;1316;-1316
2018-05-26T15:00;2018-05-26T15:15;61;kWh;-1058;0;0;0;1058;-1058
2018-05-26T15:15;2018-05-26T15:30;62;kWh;0;1481;0;0;1481;1481
2018-05-26T15:30;2018-05-26T15:45;63;kWh;0;6279;0;0;6279;6279
2018-05-26T15:45;2018-05-26T16:00;64;kWh;0;17142;0;0;17142;17142
2018-05-26T16:00;2018-05-26T16:15;65;kWh;0;11170;0;0;11170;11170
2018-05-26T16:15;2018-05-26T16:30;66;kWh;0;324;0;0;324;324
2018-05-26T16:30;2018-05-26T16:45;67;kWh;0;2288;0;0;2288;2288
2018-05-26T16:45;2018-05-26T17:00;68;kWh;0;5146;0;0;5146;5146
2018-05-26T17:00;2018-05-26T17:15;69;kWh;0;2450;0;0;2450;2450
2018-05-26T17:15;2018-05-26T17:30;70;kWh;0;498;0;0;498;498
2018-05-26T17:30;2018-05-26T17:45;71;kWh;0;2760;0;0;2760;2760
2018-05-26T17:45;2018-05-26T18:00;72;kWh;0;29430;0;0;29430;29430
2018-05-26T18:00;2018-05-26T18:15;73;kWh;0;56497;0;0;56497;56497
2018-05-26T18:15;2018-05-26T18:30;74;kWh;0;90331;0;0;90331;90331
2018-05-26T18:30;2018-05-26T18:45;75;kWh;0;42049;0;0;53299;53299
2018-05-26T18:45;2018-05-26T19:00;76;kWh;0;12587;0;0;12587;12587
2018-05-26T19:00;2018-05-26T19:15;77;kWh;0;9356;0;0;9356;9356
2018-05-26T19:15;2018-05-26T19:30;78;kWh;0;16077;0;0;16077;16077
2018-05-26T19:30;2018-05-26T19:45;79;kWh;0;46608;0;0;46608;46608
2018-05-26T19:45;2018-05-26T20:00;80;kWh;0;54177;0;0;54177;54177
2018-05-26T20:00;2018-05-26T20:15;81;kWh;0;52171;0;0;52171;52171
2018-05-26T20:15;2018-05-26T20:30;82;kWh;0;65640;0;0;65640;65640
2018-05-26T20:30;2018-05-26T20:45;83;kWh;0;46978;0;0;46978;46978
2018-05-26T20:45;2018-05-26T21:00;84;kWh;0;20676;0;0;20676;20676
2018-05-26T21:00;2018-05-26T21:15;85;kWh;0;21882;0;0;21882;21882
2018-05-26T21:15;2018-05-26T21:30;86;kWh;0;30055;0;0;30055;30055
2018-05-26T21:30;2018-05-26T21:45;87;kWh;0;43367;0;0;43367;43367
2018-05-26T21:45;2018-05-26T22:00;88;kWh;0;35670;0;0;35670;35670
2018-05-26T22:00;2018-05-26T22:15;89;kWh;0;37945;0;0;37945;37945
2018-05-26T22:15;2018-05-26T22:30;90;kWh;0;69537;0;0;69537;69537
2018-05-26T22:30;2018-05-26T22:45;91;kWh;-169;28232;0;0;28401;28063
2018-05-26T22:45;2018-05-26T23:00;92;kWh;-1252;8;0;0;1260;-1244
2018-05-26T23:00;2018-05-26T23:15;93;kWh;-133;4173;0;0;4306;4040
2018-05-26T23:15;2018-05-26T23:30;94;kWh;-19;720;0;0;739;701
2018-05-26T23:30;2018-05-26T23:45;95;kWh;-6317;0;0;0;6317;-6317
2018-05-26T23:45;2018-05-27T00:00;96;kWh;-20119;0;0;0;20119;-20119
2018-05-27T00:00;2018-05-27T00:15;1;kWh;-5088;10857;0;0;15945;5769
2018-05-27T00:15;2018-05-27T00:30;2;kWh;0;41632;0;0;41632;41632
2018-05-27T00:30;2018-05-27T00:45;3;kWh;-695;3749;0;0;4444;3054
2018-05-27T00:45;2018-05-27T01:00;4;kWh;-2378;0;0;0;2378;-2378
2018-05-27T01:00;2018-05-27T01:15;5;kWh;-1207;376;0;0;1583;-831
2018-05-27T01:15;2018-05-27T01:30;6;kWh;0;660;0;0;660;660
2018-05-27T01:30;2018-05-27T01:45;7;kWh;0;0;0;0;0;0
2018-05-27T01:45;2018-05-27T02:00;8;kWh;-35;0;0;0;35;-35
2018-05-27T02:00;2018-05-27T02:15;9;kWh;-132;326;0;0;458;194
2018-05-27T02:15;2018-05-27T02:30;10;kWh;0;786;0;0;786;786
2018-05-27T02:30;2018-05-27T02:45;11;kWh;-1245;0;0;0;1245;-1245
2018-05-27T02:45;2018-05-27T03:00;12;kWh;-7694;0;0;0;7694;-7694
2018-05-27T03:00;2018-05-27T03:15;13;kWh;-855;218;0;0;1073;-637
2018-05-27T03:15;2018-05-27T03:30;14;kWh;0;795;0;0;795;795
2018-05-27T03:30;2018-05-27T03:45;15;kWh;0;0;0;0;0;0
2018-05-27T03:45;2018-05-27T04:00;16;kWh;-1138;0;0;0;1138;-1138
2018-05-27T04:00;2018-05-27T04:15;17;kWh;-1678;0;0;0;1678;-1678
2018-05-27T04:15;2018-05-27T04:30;18;kWh;-385;0;0;0;385;-385
2018-05-27T04:30;2018-05-27T04:45;19;kWh;0;0;0;0;0;0
2018-05-27T04:45;2018-05-27T05:00;20;kWh;0;0;0;0;0;0
2018-05-27T05:00;2018-05-27T05:15;21;kWh;-558;0;0;0;558;-558
2018-05-27T05:15;2018-05-27T05:30;22;kWh;-663;0;0;0;663;-663
2018-05-27T05:30;2018-05-27T05:45;23;kWh;-800;0;0;0;800;-800
2018-05-27T05:45;2018-05-27T06:00;24;kWh;-2850;0;0;0;2850;-2850
2018-05-27T06:00;2018-05-27T06:15;25;kWh;-21171;0;0;0;21171;-21171
2018-05-27T06:15;2018-05-27T06:30;26;kWh;-46808;0;0;0;46808;-46808
2018-05-27T06:30;2018-05-27T06:45;27;kWh;-18737;0;0;0;18737;-18737
2018-05-27T06:45;2018-05-27T07:00;28;kWh;-1822;0;0;0;1822;-1822
2018-05-27T07:00;2018-05-27T07:15;29;kWh;-1541;0;0;0;1541;-1541
2018-05-27T07:15;2018-05-27T07:30;30;kWh;-1676;0;0;0;1676;-1676
2018-05-27T07:30;2018-05-27T07:45;31;kWh;0;0;0;0;0;0
2018-05-27T07:45;2018-05-27T08:00;32;kWh;0;1812;0;0;1812;1812
2018-05-27T08:00;2018-05-27T08:15;33;kWh;0;19454;0;0;19454;19454
2018-05-27T08:15;2018-05-27T08:30;34;kWh;0;2870;0;0;2870;2870
2018-05-27T08:30;2018-05-27T08:45;35;kWh;0;1499;0;0;1499;1499
2018-05-27T08:45;2018-05-27T09:00;36;kWh;0;3859;0;0;3859;3859
2018-05-27T09:00;2018-05-27T09:15;37;kWh;0;18;0;0;18;18
2018-05-27T09:15;2018-05-27T09:30;38;kWh;0;0;0;0;0;0
2018-05-27T09:30;2018-05-27T09:45;39;kWh;0;0;0;0;0;0
2018-05-27T09:45;2018-05-27T10:00;40;kWh;0;0;0;0;0;0
2018-05-27T10:00;2018-05-27T10:15;41;kWh;0;0;0;0;0;0
2018-05-27T10:15;2018-05-27T10:30;42;kWh;0;0;0;0;0;0
2018-05-27T10:30;2018-05-27T10:45;43;kWh;0;0;0;0;0;0
2018-05-27T10:45;2018-05-27T11:00;44;kWh;0;0;0;0;0;0
2018-05-27T11:00;2018-05-27T11:15;45;kWh;0;0;0;0;0;0
2018-05-27T11:15;2018-05-27T11:30;46;kWh;0;0;0;0;0;0
2018-05-27T11:30;2018-05-27T11:45;47;kWh;0;1174;0;0;1174;1174
2018-05-27T11:45;2018-05-27T12:00;48;kWh;0;3800;0;0;3800;3800
2018-05-27T12:00;2018-05-27T12:15;49;kWh;0;15403;0;0;15403;15403
2018-05-27T12:15;2018-05-27T12:30;50;kWh;0;41051;0;0;41051;41051
2018-05-27T12:30;2018-05-27T12:45;51;kWh;0;19173;0;0;19173;19173
2018-05-27T12:45;2018-05-27T13:00;52;kWh;0;29262;0;0;29262;29262
2018-05-27T13:00;2018-05-27T13:15;53;kWh;0;43393;0;0;43393;43393
2018-05-27T13:15;2018-05-27T13:30;54;kWh;0;47461;0;0;47461;47461
2018-05-27T13:30;2018-05-27T13:45;55;kWh;0;56309;0;0;56309;56309
2018-05-27T13:45;2018-05-27T14:00;56;kWh;0;48217;0;0;48217;48217
2018-05-27T14:00;2018-05-27T14:15;57;kWh;0;53293;0;0;53293;53293
2018-05-27T14:15;2018-05-27T14:30;58;kWh;0;45128;0;0;45128;45128
2018-05-27T14:30;2018-05-27T14:45;59;kWh;0;52782;0;0;52782;52782
2018-05-27T14:45;2018-05-27T15:00;60;kWh;0;33471;0;0;33471;33471
2018-05-27T15:00;2018-05-27T15:15;61;kWh;0;28476;0;0;28476;28476
2018-05-27T15:15;2018-05-27T15:30;62;kWh;0;32917;0;0;32917;32917
2018-05-27T15:30;2018-05-27T15:45;63;kWh;0;44480;0;0;44480;44480
2018-05-27T15:45;2018-05-27T16:00;64;kWh;0;54451;0;0;54451;54451
2018-05-27T16:00;2018-05-27T16:15;65;kWh;0;39288;0;0;39288;39288
2018-05-27T16:15;2018-05-27T16:30;66;kWh;0;26743;0;0;26743;26743
2018-05-27T16:30;2018-05-27T16:45;67;kWh;0;34802;0;0;34802;34802
2018-05-27T16:45;2018-05-27T17:00;68;kWh;0;14441;0;0;14441;14441
2018-05-27T17:00;2018-05-27T17:15;69;kWh;0;23039;0;0;23039;23039
2018-05-27T17:15;2018-05-27T17:30;70;kWh;0;40101;0;0;40101;40101
2018-05-27T17:30;2018-05-27T17:45;71;kWh;0;36615;0;0;36615;36615
2018-05-27T17:45;2018-05-27T18:00;72;kWh;-516;14616;0;0;15132;14100
2018-05-27T18:00;2018-05-27T18:15;73;kWh;-208;491;0;0;699;283
2018-05-27T18:15;2018-05-27T18:30;74;kWh;0;0;0;0;0;0
2018-05-27T18:30;2018-05-27T18:45;75;kWh;0;0;0;0;0;0
2018-05-27T18:45;2018-05-27T19:00;76;kWh;0;0;0;0;0;0
2018-05-27T19:00;2018-05-27T19:15;77;kWh;-6955;0;0;0;6955;-6955
2018-05-27T19:15;2018-05-27T19:30;78;kWh;-2206;1660;0;0;3866;-546
2018-05-27T19:30;2018-05-27T19:45;79;kWh;0;5913;0;0;5913;5913
2018-05-27T19:45;2018-05-27T20:00;80;kWh;0;22935;0;0;22935;22935
2018-05-27T20:00;2018-05-27T20:15;81;kWh;0;54619;0;0;54619;54619
2018-05-27T20:15;2018-05-27T20:30;82;kWh;0;26502;0;0;26502;26502
2018-05-27T20:30;2018-05-27T20:45;83;kWh;0;48785;0;0;48785;48785
2018-05-27T20:45;2018-05-27T21:00;84;kWh;0;86400;0;0;86400;86400
2018-05-27T21:00;2018-05-27T21:15;85;kWh;0;56574;0;0;56574;56574
2018-05-27T21:15;2018-05-27T21:30;86;kWh;0;31694;0;0;31694;31694
2018-05-27T21:30;2018-05-27T21:45;87;kWh;0;51861;0;0;51861;51861
2018-05-27T21:45;2018-05-27T22:00;88;kWh;0;42975;0;0;42975;42975
2018-05-27T22:00;2018-05-27T22:15;89;kWh;0;59464;0;0;59464;59464
2018-05-27T22:15;2018-05-27T22:30;90;kWh;0;57939;0;0;57939;57939
2018-05-27T22:30;2018-05-27T22:45;91;kWh;0;3787;0;0;3787;3787
2018-05-27T22:45;2018-05-27T23:00;92;kWh;0;127;0;0;127;127
2018-05-27T23:00;2018-05-27T23:15;93;kWh;0;13762;0;0;13762;13762
2018-05-27T23:15;2018-05-27T23:30;94;kWh;-305;4252;0;0;4557;3947
2018-05-27T23:30;2018-05-27T23:45;95;kWh;-2807;0;0;0;2807;-2807
2018-05-27T23:45;2018-05-28T00:00;96;kWh;-5269;0;0;0;5269;-5269
2018-05-28T00:00;2018-05-28T00:15;1;kWh;-569;1114;0;0;1683;545
2018-05-28T00:15;2018-05-28T00:30;2;kWh;0;813;0;0;813;813
2018-05-28T00:30;2018-05-28T00:45;3;kWh;0;8;0;0;8;8
2018-05-28T00:45;2018-05-28T01:00;4;kWh;-18;0;0;0;18;-18
2018-05-28T01:00;2018-05-28T01:15;5;kWh;-90;4346;0;0;4436;4256
2018-05-28T01:15;2018-05-28T01:30;6;kWh;0;24238;0;0;24238;24238
2018-05-28T01:30;2018-05-28T01:45;7;kWh;0;14254;0;0;14254;14254
2018-05-28T01:45;2018-05-28T02:00;8;kWh;0;12760;0;0;12760;12760
2018-05-28T02:00;2018-05-28T02:15;9;kWh;0;39720;0;0;39720;39720
2018-05-28T02:15;2018-05-28T02:30;10;kWh;0;50397;0;0;50397;50397
2018-05-28T02:30;2018-05-28T02:45;11;kWh;0;33324;0;0;33324;33324
2018-05-28T02:45;2018-05-28T03:00;12;kWh;0;30068;0;0;30068;30068
2018-05-28T03:00;2018-05-28T03:15;13;kWh;0;40878;0;0;40878;40878
2018-05-28T03:15;2018-05-28T03:30;14;kWh;0;32299;0;0;32299;32299
2018-05-28T03:30;2018-05-28T03:45;15;kWh;0;38478;0;0;38478;38478
2018-05-28T03:45;2018-05-28T04:00;16;kWh;0;28069;0;0;28069;28069
2018-05-28T04:00;2018-05-28T04:15;17;kWh;0;20335;0;0;20335;20335
2018-05-28T04:15;2018-05-28T04:30;18;kWh;0;2022;0;0;2022;2022
2018-05-28T04:30;2018-05-28T04:45;19;kWh;0;2167;0;0;2167;2167
2018-05-28T04:45;2018-05-28T05:00;20;kWh;0;13005;0;0;13005;13005
2018-05-28T05:00;2018-05-28T05:15;21;kWh;-373;5025;0;0;5398;4652
2018-05-28T05:15;2018-05-28T05:30;22;kWh;-1128;0;0;0;1128;-1128
2018-05-28T05:30;2018-05-28T05:45;23;kWh;-3491;0;0;0;3491;-3491
2018-05-28T05:45;2018-05-28T06:00;24;kWh;-20246;0;0;0;20246;-20246
2018-05-28T06:00;2018-05-28T06:15;25;kWh;-9234;231;0;0;9465;-9003
2018-05-28T06:15;2018-05-28T06:30;26;kWh;-6;398;0;0;404;392
2018-05-28T06:30;2018-05-28T06:45;27;kWh;0;2891;0;0;2891;2891
2018-05-28T06:45;2018-05-28T07:00;28;kWh;0;12011;0;0;12011;12011
2018-05-28T07:00;2018-05-28T07:15;29;kWh;-16283;4658;0;0;20941;-11625
2018-05-28T07:15;2018-05-28T07:30;30;kWh;-4486;3518;0;0;8004;-968
2018-05-28T07:30;2018-05-28T07:45;31;kWh;0;44572;0;0;44572;44572
2018-05-28T07:45;2018-05-28T08:00;32;kWh;0;57166;0;0;57166;57166
2018-05-28T08:00;2018-05-28T08:15;33;kWh;-380;21617;0;0;21997;21237
2018-05-28T08:15;2018-05-28T08:30;34;kWh;-55;345;0;0;400;290
2018-05-28T08:30;2018-05-28T08:45;35;kWh;0;7757;0;0;7757;7757
2018-05-28T08:45;2018-05-28T09:00;36;kWh;0;35373;0;0;35373;35373
2018-05-28T09:00;2018-05-28T09:15;37;kWh;0;69127;0;0;69127;69127
2018-05-28T09:15;2018-05-28T09:30;38;kWh;0;73799;0;0;73799;73799
2018-05-28T09:30;2018-05-28T09:45;39;kWh;0;28094;0;0;28094;28094
2018-05-28T09:45;2018-05-28T10:00;40;kWh;0;15482;0;0;15482;15482
2018-05-28T10:00;2018-05-28T10:15;41;kWh;0;27529;0;0;27529;27529
2018-05-28T10:15;2018-05-28T10:30;42;kWh;0;17346;0;0;17346;17346
2018-05-28T10:30;2018-05-28T10:45;43;kWh;0;28998;0;0;28998;28998
2018-05-28T10:45;2018-05-28T11:00;44;kWh;0;42011;0;0;42011;42011
2018-05-28T11:00;2018-05-28T11:15;45;kWh;0;42214;0;0;42214;42214
2018-05-28T11:15;2018-05-28T11:30;46;kWh;0;50615;0;0;50615;50615
2018-05-28T11:30;2018-05-28T11:45;47;kWh;0;27350;0;0;27350;27350
2018-05-28T11:45;2018-05-28T12:00;48;kWh;0;35249;0;0;35249;35249
2018-05-28T12:00;2018-05-28T12:15;49;kWh;0;28555;0;0;28555;28555
2018-05-28T12:15;2018-05-28T12:30;50;kWh;0;20628;0;0;20628;20628
2018-05-28T12:30;2018-05-28T12:45;51;kWh;-560;1923;0;0;2483;1363
2018-05-28T12:45;2018-05-28T13:00;52;kWh;0;5981;0;0;5981;5981
2018-05-28T13:00;2018-05-28T13:15;53;kWh;0;26787;0;0;26787;26787
2018-05-28T13:15;2018-05-28T13:30;54;kWh;0;43327;0;0;43327;43327
2018-05-28T13:30;2018-05-28T13:45;55;kWh;0;56155;0;0;56155;56155
2018-05-28T13:45;2018-05-28T14:00;56;kWh;0;75519;0;0;75519;75519
2018-05-28T14:00;2018-05-28T14:15;57;kWh;0;45768;0;0;45768;45768
2018-05-28T14:15;2018-05-28T14:30;58;kWh;0;41185;0;0;41185;41185
2018-05-28T14:30;2018-05-28T14:45;59;kWh;0;57875;0;0;57875;57875
2018-05-28T14:45;2018-05-28T15:00;60;kWh;0;47725;0;0;47725;47725
2018-05-28T15:00;2018-05-28T15:15;61;kWh;0;38760;0;0;38760;38760
2018-05-28T15:15;2018-05-28T15:30;62;kWh;0;50953;0;0;50953;50953
2018-05-28T15:30;2018-05-28T15:45;63;kWh;0;61773;0;0;61773;61773
2018-05-28T15:45;2018-05-28T16:00;64;kWh;0;64851;0;0;64851;64851
2018-05-28T16:00;2018-05-28T16:15;65;kWh;0;63528;0;0;63528;63528
2018-05-28T16:15;2018-05-28T16:30;66;kWh;0;69288;0;0;69288;69288
2018-05-28T16:30;2018-05-28T16:45;67;kWh;0;53413;0;0;53413;53413
2018-05-28T16:45;2018-05-28T17:00;68;kWh;0;59957;0;0;59957;59957
2018-05-28T17:00;2018-05-28T17:15;69;kWh;0;35640;0;0;35640;35640
2018-05-28T17:15;2018-05-28T17:30;70;kWh;0;2413;0;0;2413;2413
2018-05-28T17:30;2018-05-28T17:45;71;kWh;0;18489;0;0;18489;18489
2018-05-28T17:45;2018-05-28T18:00;72;kWh;0;14415;0;0;14415;14415
2018-05-28T18:00;2018-05-28T18:15;73;kWh;0;39538;0;0;39538;39538
2018-05-28T18:15;2018-05-28T18:30;74;kWh;0;35239;0;0;35239;35239
2018-05-28T18:30;2018-05-28T18:45;75;kWh;0;22362;0;0;22362;22362
2018-05-28T18:45;2018-05-28T19:00;76;kWh;0;8411;0;0;8411;8411
2018-05-28T19:00;2018-05-28T19:15;77;kWh;0;51326;0;0;51326;51326
2018-05-28T19:15;2018-05-28T19:30;78;kWh;0;66014;0;0;66014;66014
2018-05-28T19:30;2018-05-28T19:45;79;kWh;0;20506;0;0;20506;20506
2018-05-28T19:45;2018-05-28T20:00;80;kWh;0;34858;0;0;34858;34858
2018-05-28T20:00;2018-05-28T20:15;81;kWh;0;49488;0;0;49488;49488
2018-05-28T20:15;2018-05-28T20:30;82;kWh;0;69551;0;0;69551;69551
2018-05-28T20:30;2018-05-28T20:45;83;kWh;0;51657;0;0;51657;51657
2018-05-28T20:45;2018-05-28T21:00;84;kWh;0;7860;0;0;7860;7860
2018-05-28T21:00;2018-05-28T21:15;85;kWh;0;3460;0;0;3460;3460
2018-05-28T21:15;2018-05-28T21:30;86;kWh;0;0;0;0;0;0
2018-05-28T21:30;2018-05-28T21:45;87;kWh;-3026;0;0;0;3026;-3026
2018-05-28T21:45;2018-05-28T22:00;88;kWh;-46916;0;0;0;46916;-46916
2018-05-28T22:00;2018-05-28T22:15;89;kWh;-20119;255;0;0;20374;-19864
2018-05-28T22:15;2018-05-28T22:30;90;kWh;-8457;0;0;0;8457;-8457
2018-05-28T22:30;2018-05-28T22:45;91;kWh;-27311;0;0;0;27311;-27311
2018-05-28T22:45;2018-05-28T23:00;92;kWh;-60347;0;0;0;60347;-60347
2018-05-28T23:00;2018-05-28T23:15;93;kWh;-38200;0;0;0;38200;-38200
2018-05-28T23:15;2018-05-28T23:30;94;kWh;-12112;0;0;0;12112;-12112
2018-05-28T23:30;2018-05-28T23:45;95;kWh;-40520;0;0;0;40520;-40520
2018-05-28T23:45;2018-05-29T00:00;96;kWh;-66519;0;0;0;66519;-66519
2018-05-29T00:00;2018-05-29T00:15;1;kWh;-28274;5033;0;0;33307;-23241
2018-05-29T00:15;2018-05-29T00:30;2;kWh;0;24668;0;0;24668;24668
2018-05-29T00:30;2018-05-29T00:45;3;kWh;0;3534;0;0;3534;3534
2018-05-29T00:45;2018-05-29T01:00;4;kWh;0;50;0;0;50;50
2018-05-29T01:00;2018-05-29T01:15;5;kWh;0;15448;0;0;15448;15448
2018-05-29T01:15;2018-05-29T01:30;6;kWh;0;22873;0;0;22873;22873
2018-05-29T01:30;2018-05-29T01:45;7;kWh;-1163;856;0;0;2019;-307
2018-05-29T01:45;2018-05-29T02:00;8;kWh;-285;0;0;0;285;-285
2018-05-29T02:00;2018-05-29T02:15;9;kWh;-36;126;0;0;162;90
2018-05-29T02:15;2018-05-29T02:30;10;kWh;0;772;0;0;772;772
2018-05-29T02:30;2018-05-29T02:45;11;kWh;0;1220;0;0;1220;1220
2018-05-29T02:45;2018-05-29T03:00;12;kWh;-598;740;0;0;1338;142
2018-05-29T03:00;2018-05-29T03:15;13;kWh;-1144;1611;0;0;2755;467
2018-05-29T03:15;2018-05-29T03:30;14;kWh;0;7613;0;0;7613;7613
2018-05-29T03:30;2018-05-29T03:45;15;kWh;0;5657;0;0;5657;5657
2018-05-29T03:45;2018-05-29T04:00;16;kWh;0;7708;0;0;7708;7708
2018-05-29T04:00;2018-05-29T04:15;17;kWh;0;1477;0;0;1477;1477
2018-05-29T04:15;2018-05-29T04:30;18;kWh;-135;0;0;0;135;-135
2018-05-29T04:30;2018-05-29T04:45;19;kWh;-49;3;0;0;52;-46
2018-05-29T04:45;2018-05-29T05:00;20;kWh;0;4012;0;0;4012;4012
2018-05-29T05:00;2018-05-29T05:15;21;kWh;-1871;1006;0;0;2877;-865
2018-05-29T05:15;2018-05-29T05:30;22;kWh;-9505;0;0;0;9505;-9505
2018-05-29T05:30;2018-05-29T05:45;23;kWh;-279;121;0;0;400;-158
2018-05-29T05:45;2018-05-29T06:00;24;kWh;0;1802;0;0;1802;1802
2018-05-29T06:00;2018-05-29T06:15;25;kWh;-10264;495;0;0;10759;-9769
2018-05-29T06:15;2018-05-29T06:30;26;kWh;-29274;0;0;0;29274;-29274
2018-05-29T06:30;2018-05-29T06:45;27;kWh;-10743;0;0;0;10743;-10743
2018-05-29T06:45;2018-05-29T07:00;28;kWh;-87;1809;0;0;1896;1722
2018-05-29T07:00;2018-05-29T07:15;29;kWh;-18754;213;0;0;18967;-18541
2018-05-29T07:15;2018-05-29T07:30;30;kWh;-11281;0;0;0;11281;-11281
2018-05-29T07:30;2018-05-29T07:45;31;kWh;-1;7110;0;0;7111;7109
2018-05-29T07:45;2018-05-29T08:00;32;kWh;0;55026;0;0;55026;55026
2018-05-29T08:00;2018-05-29T08:15;33;kWh;-428;11423;0;0;11851;10995
2018-05-29T08:15;2018-05-29T08:30;34;kWh;0;0;0;0;0;0
2018-05-29T08:30;2018-05-29T08:45;35;kWh;0;0;0;0;0;0
2018-05-29T08:45;2018-05-29T09:00;36;kWh;0;7581;0;0;7581;7581
2018-05-29T09:00;2018-05-29T09:15;37;kWh;0;66431;0;0;66431;66431
2018-05-29T09:15;2018-05-29T09:30;38;kWh;0;51930;0;0;51930;51930
2018-05-29T09:30;2018-05-29T09:45;39;kWh;-429;3906;0;0;4335;3477
2018-05-29T09:45;2018-05-29T10:00;40;kWh;0;24008;0;0;24008;24008
2018-05-29T10:00;2018-05-29T10:15;41;kWh;-159;12193;0;0;12352;12034
2018-05-29T10:15;2018-05-29T10:30;42;kWh;-687;0;0;0;687;-687
2018-05-29T10:30;2018-05-29T10:45;43;kWh;0;0;0;0;0;0
2018-05-29T10:45;2018-05-29T11:00;44;kWh;0;2490;0;0;2490;2490
2018-05-29T11:00;2018-05-29T11:15;45;kWh;0;32689;0;0;32689;32689
2018-05-29T11:15;2018-05-29T11:30;46;kWh;0;42950;0;0;42950;42950
2018-05-29T11:30;2018-05-29T11:45;47;kWh;0;15207;0;0;15207;15207
2018-05-29T11:45;2018-05-29T12:00;48;kWh;0;23102;0;0;23102;23102
2018-05-29T12:00;2018-05-29T12:15;49;kWh;0;50594;0;0;50594;50594
2018-05-29T12:15;2018-05-29T12:30;50;kWh;0;55180;0;0;55180;55180
2018-05-29T12:30;2018-05-29T12:45;51;kWh;0;66813;0;0;66813;66813
2018-05-29T12:45;2018-05-29T13:00;52;kWh;0;68823;0;0;68823;68823
2018-05-29T13:00;2018-05-29T13:15;53;kWh;0;61495;0;0;61495;61495
2018-05-29T13:15;2018-05-29T13:30;54;kWh;0;82886;0;0;82886;82886
2018-05-29T13:30;2018-05-29T13:45;55;kWh;0;102301;0;0;102301;102301
2018-05-29T13:45;2018-05-29T14:00;56;kWh;0;69612;0;0;69612;69612
2018-05-29T14:00;2018-05-29T14:15;57;kWh;0;40450;0;0;40450;40450
2018-05-29T14:15;2018-05-29T14:30;58;kWh;0;36068;0;0;36068;36068
2018-05-29T14:30;2018-05-29T14:45;59;kWh;0;71160;0;0;71160;71160
2018-05-29T14:45;2018-05-29T15:00;60;kWh;0;86626;0;0;86626;86626
2018-05-29T15:00;2018-05-29T15:15;61;kWh;0;90357;0;0;90357;90357
2018-05-29T15:15;2018-05-29T15:30;62;kWh;0;107927;0;0;107927;107927
2018-05-29T15:30;2018-05-29T15:45;63;kWh;0;92395;0;45842;138237;138237
2018-05-29T15:45;2018-05-29T16:00;64;kWh;0;33593;0;51255;84848;84848
2018-05-29T16:00;2018-05-29T16:15;65;kWh;0;14648;0;34170;48818;48818
2018-05-29T16:15;2018-05-29T16:30;66;kWh;0;49725;0;0;49725;49725
2018-05-29T16:30;2018-05-29T16:45;67;kWh;0;68211;0;0;68211;68211
2018-05-29T16:45;2018-05-29T17:00;68;kWh;0;68875;0;0;68875;68875
2018-05-29T17:00;2018-05-29T17:15;69;kWh;0;66562;0;0;66562;66562
2018-05-29T17:15;2018-05-29T17:30;70;kWh;0;99831;0;0;99831;99831
2018-05-29T17:30;2018-05-29T17:45;71;kWh;0;105175;0;0;105175;105175
2018-05-29T17:45;2018-05-29T18:00;72;kWh;0;64910;0;0;64910;64910
2018-05-29T18:00;2018-05-29T18:15;73;kWh;0;46807;0;0;46807;46807
2018-05-29T18:15;2018-05-29T18:30;74;kWh;0;37890;0;0;37890;37890
2018-05-29T18:30;2018-05-29T18:45;75;kWh;0;28840;0;0;28840;28840
2018-05-29T18:45;2018-05-29T19:00;76;kWh;0;38224;0;0;38224;38224
2018-05-29T19:00;2018-05-29T19:15;77;kWh;0;42798;0;0;42798;42798
2018-05-29T19:15;2018-05-29T19:30;78;kWh;-33;8343;0;0;8376;8310
2018-05-29T19:30;2018-05-29T19:45;79;kWh;0;53981;0;0;53981;53981
2018-05-29T19:45;2018-05-29T20:00;80;kWh;0;45702;0;0;45702;45702
2018-05-29T20:00;2018-05-29T20:15;81;kWh;0;11051;0;0;11051;11051
2018-05-29T20:15;2018-05-29T20:30;82;kWh;0;62331;0;0;62331;62331
2018-05-29T20:30;2018-05-29T20:45;83;kWh;0;65283;0;0;65283;65283
2018-05-29T20:45;2018-05-29T21:00;84;kWh;0;70188;0;0;70188;70188
2018-05-29T21:00;2018-05-29T21:15;85;kWh;0;65988;0;0;65988;65988
2018-05-29T21:15;2018-05-29T21:30;86;kWh;0;39853;0;0;39853;39853
2018-05-29T21:30;2018-05-29T21:45;87;kWh;0;35664;0;0;35664;35664
2018-05-29T21:45;2018-05-29T22:00;88;kWh;0;58035;0;0;58035;58035
2018-05-29T22:00;2018-05-29T22:15;89;kWh;0;49141;0;0;49141;49141
2018-05-29T22:15;2018-05-29T22:30;90;kWh;-34;11154;0;0;11188;11120
2018-05-29T22:30;2018-05-29T22:45;91;kWh;0;0;0;0;0;0
2018-05-29T22:45;2018-05-29T23:00;92;kWh;0;1685;0;0;1685;1685
2018-05-29T23:00;2018-05-29T23:15;93;kWh;0;51024;0;0;51024;51024
2018-05-29T23:15;2018-05-29T23:30;94;kWh;0;109578;0;0;109578;109578
2018-05-29T23:30;2018-05-29T23:45;95;kWh;-254;76810;0;51249;128313;127805
2018-05-29T23:45;2018-05-30T00:00;96;kWh;-7252;2343;0;17083;26678;12174
2018-05-30T00:00;2018-05-30T00:15;1;kWh;-133;19907;0;0;20040;19774
2018-05-30T00:15;2018-05-30T00:30;2;kWh;0;72629;0;0;81379;81379
2018-05-30T00:30;2018-05-30T00:45;3;kWh;0;23483;0;0;23483;23483
2018-05-30T00:45;2018-05-30T01:00;4;kWh;0;48793;0;0;48793;48793
2018-05-30T01:00;2018-05-30T01:15;5;kWh;0;22891;0;0;22891;22891
2018-05-30T01:15;2018-05-30T01:30;6;kWh;0;60342;0;0;60342;60342
2018-05-30T01:30;2018-05-30T01:45;7;kWh;0;6182;0;0;6182;6182
2018-05-30T01:45;2018-05-30T02:00;8;kWh;-156;3714;0;0;3870;3558
2018-05-30T02:00;2018-05-30T02:15;9;kWh;-251;3687;0;0;3938;3436
2018-05-30T02:15;2018-05-30T02:30;10;kWh;0;6143;0;0;6143;6143
2018-05-30T02:30;2018-05-30T02:45;11;kWh;0;0;0;0;0;0
2018-05-30T02:45;2018-05-30T03:00;12;kWh;0;421;0;0;421;421
2018-05-30T03:00;2018-05-30T03:15;13;kWh;0;10316;0;0;10316;10316
2018-05-30T03:15;2018-05-30T03:30;14;kWh;0;14622;0;0;14622;14622
2018-05-30T03:30;2018-05-30T03:45;15;kWh;-806;709;0;0;1515;-97
2018-05-30T03:45;2018-05-30T04:00;16;kWh;-9;900;0;0;909;891
2018-05-30T04:00;2018-05-30T04:15;17;kWh;-1582;0;0;0;1582;-1582
2018-05-30T04:15;2018-05-30T04:30;18;kWh;-563;0;0;0;563;-563
2018-05-30T04:30;2018-05-30T04:45;19;kWh;0;0;0;0;0;0
2018-05-30T04:45;2018-05-30T05:00;20;kWh;0;3732;0;0;3732;3732
2018-05-30T05:00;2018-05-30T05:15;21;kWh;0;3426;0;0;3426;3426
2018-05-30T05:15;2018-05-30T05:30;22;kWh;0;0;0;0;0;0
2018-05-30T05:30;2018-05-30T05:45;23;kWh;0;5200;0;0;5200;5200
2018-05-30T05:45;2018-05-30T06:00;24;kWh;-43;8803;0;0;8846;8760
2018-05-30T06:00;2018-05-30T06:15;25;kWh;-9402;25;0;0;9427;-9377
2018-05-30T06:15;2018-05-30T06:30;26;kWh;-95;11;0;0;106;-84
2018-05-30T06:30;2018-05-30T06:45;27;kWh;0;23107;0;0;23107;23107
2018-05-30T06:45;2018-05-30T07:00;28;kWh;0;74086;0;0;74086;74086
2018-05-30T07:00;2018-05-30T07:15;29;kWh;-2180;17246;0;0;19426;15066
2018-05-30T07:15;2018-05-30T07:30;30;kWh;0;62;0;0;62;62
2018-05-30T07:30;2018-05-30T07:45;31;kWh;0;6399;0;0;6399;6399
2018-05-30T07:45;2018-05-30T08:00;32;kWh;0;49757;0;0;49757;49757
2018-05-30T08:00;2018-05-30T08:15;33;kWh;-858;43283;0;0;44141;42425
2018-05-30T08:15;2018-05-30T08:30;34;kWh;-4097;1298;0;0;5395;-2799
2018-05-30T08:30;2018-05-30T08:45;35;kWh;0;0;0;0;0;0
2018-05-30T08:45;2018-05-30T09:00;36;kWh;-7;0;0;0;7;-7
2018-05-30T09:00;2018-05-30T09:15;37;kWh;-138;0;0;0;138;-138
2018-05-30T09:15;2018-05-30T09:30;38;kWh;-885;0;0;0;885;-885
2018-05-30T09:30;2018-05-30T09:45;39;kWh;-517;0;0;0;517;-517
2018-05-30T09:45;2018-05-30T10:00;40;kWh;-181;8;0;0;189;-173
2018-05-30T10:00;2018-05-30T10:15;41;kWh;0;7766;0;0;7766;7766
2018-05-30T10:15;2018-05-30T10:30;42;kWh;0;3405;0;0;3405;3405
2018-05-30T10:30;2018-05-30T10:45;43;kWh;0;601;0;0;601;601
2018-05-30T10:45;2018-05-30T11:00;44;kWh;0;4830;0;0;4830;4830
2018-05-30T11:00;2018-05-30T11:15;45;kWh;0;5302;0;0;5302;5302
2018-05-30T11:15;2018-05-30T11:30;46;kWh;0;1585;0;0;1585;1585
2018-05-30T11:30;2018-05-30T11:45;47;kWh;0;3341;0;0;3341;3341
2018-05-30T11:45;2018-05-30T12:00;48;kWh;0;5838;0;0;5838;5838
2018-05-30T12:00;2018-05-30T12:15;49;kWh;0;16720;0;0;16720;16720
2018-05-30T12:15;2018-05-30T12:30;50;kWh;0;1474;0;0;1474;1474
2018-05-30T12:30;2018-05-30T12:45;51;kWh;0;2066;0;0;2066;2066
2018-05-30T12:45;2018-05-30T13:00;52;kWh;0;9475;0;0;9475;9475
2018-05-30T13:00;2018-05-30T13:15;53;kWh;0;19418;0;0;19418;19418
2018-05-30T13:15;2018-05-30T13:30;54;kWh;0;44168;0;0;44168;44168
2018-05-30T13:30;2018-05-30T13:45;55;kWh;0;12437;0;0;12437;12437
2018-05-30T13:45;2018-05-30T14:00;56;kWh;0;5237;0;0;5237;5237
2018-05-30T14:00;2018-05-30T14:15;57;kWh;0;22292;0;0;22292;22292
2018-05-30T14:15;2018-05-30T14:30;58;kWh;0;4725;0;0;4725;4725
2018-05-30T14:30;2018-05-30T14:45;59;kWh;0;230;0;0;230;230
2018-05-30T14:45;2018-05-30T15:00;60;kWh;0;209;0;0;209;209
2018-05-30T15:00;2018-05-30T15:15;61;kWh;0;0;0;0;0;0
2018-05-30T15:15;2018-05-30T15:30;62;kWh;0;547;0;0;547;547
2018-05-30T15:30;2018-05-30T15:45;63;kWh;0;441;0;0;441;441
2018-05-30T15:45;2018-05-30T16:00;64;kWh;0;3;0;0;3;3
2018-05-30T16:00;2018-05-30T16:15;65;kWh;0;7135;0;0;7135;7135
2018-05-30T16:15;2018-05-30T16:30;66;kWh;0;16026;0;0;16026;16026
2018-05-30T16:30;2018-05-30T16:45;67;kWh;0;15113;0;0;15113;15113
2018-05-30T16:45;2018-05-30T17:00;68;kWh;0;38252;0;0;38252;38252
2018-05-30T17:00;2018-05-30T17:15;69;kWh;0;50185;0;0;50185;50185
2018-05-30T17:15;2018-05-30T17:30;70;kWh;0;41213;0;0;41213;41213
2018-05-30T17:30;2018-05-30T17:45;71;kWh;0;27595;0;0;27595;27595
2018-05-30T17:45;2018-05-30T18:00;72;kWh;0;10544;0;0;10544;10544
2018-05-30T18:00;2018-05-30T18:15;73;kWh;0;37335;0;0;37335;37335
2018-05-30T18:15;2018-05-30T18:30;74;kWh;0;15093;0;0;15093;15093
2018-05-30T18:30;2018-05-30T18:45;75;kWh;0;7905;0;0;7905;7905
2018-05-30T18:45;2018-05-30T19:00;76;kWh;0;24402;0;0;24402;24402
2018-05-30T19:00;2018-05-30T19:15;77;kWh;0;38683;0;0;38683;38683
2018-05-30T19:15;2018-05-30T19:30;78;kWh;0;55581;0;0;55581;55581
2018-05-30T19:30;2018-05-30T19:45;79;kWh;0;54727;0;0;54727;54727
2018-05-30T19:45;2018-05-30T20:00;80;kWh;0;55703;0;0;55703;55703
2018-05-30T20:00;2018-05-30T20:15;81;kWh;0;38338;0;0;38338;38338
2018-05-30T20:15;2018-05-30T20:30;82;kWh;0;20631;0;0;20631;20631
2018-05-30T20:30;2018-05-30T20:45;83;kWh;0;26072;0;0;26072;26072
2018-05-30T20:45;2018-05-30T21:00;84;kWh;0;15113;0;0;15113;15113
2018-05-30T21:00;2018-05-30T21:15;85;kWh;0;20501;0;0;20501;20501
2018-05-30T21:15;2018-05-30T21:30;86;kWh;0;30356;0;0;30356;30356
2018-05-30T21:30;2018-05-30T21:45;87;kWh;-745;8238;0;0;8983;7493
2018-05-30T21:45;2018-05-30T22:00;88;kWh;0;2709;0;0;2709;2709
2018-05-30T22:00;2018-05-30T22:15;89;kWh;0;21154;0;0;21154;21154
2018-05-30T22:15;2018-05-30T22:30;90;kWh;0;34942;0;0;34942;34942
2018-05-30T22:30;2018-05-30T22:45;91;kWh;0;18347;0;0;18347;18347
2018-05-30T22:45;2018-05-30T23:00;92;kWh;-158;597;0;0;755;439
2018-05-30T23:00;2018-05-30T23:15;93;kWh;0;17085;0;0;17085;17085
2018-05-30T23:15;2018-05-30T23:30;94;kWh;-183;14705;0;0;14888;14522
2018-05-30T23:30;2018-05-30T23:45;95;kWh;-405;9;0;0;414;-396
2018-05-30T23:45;2018-05-31T00:00;96;kWh;-12952;0;0;0;12952;-12952
2018-05-31T00:00;2018-05-31T00:15;1;kWh;-20452;2044;0;0;22496;-18408
2018-05-31T00:15;2018-05-31T00:30;2;kWh;-87;12050;0;0;12137;11963
2018-05-31T00:30;2018-05-31T00:45;3;kWh;-19;70;0;0;89;51
2018-05-31T00:45;2018-05-31T01:00;4;kWh;-360;0;0;0;360;-360
2018-05-31T01:00;2018-05-31T01:15;5;kWh;-496;5904;0;0;6400;5408
2018-05-31T01:15;2018-05-31T01:30;6;kWh;0;18278;0;0;18278;18278
2018-05-31T01:30;2018-05-31T01:45;7;kWh;0;362;0;0;362;362
2018-05-31T01:45;2018-05-31T02:00;8;kWh;-3939;0;0;0;3939;-3939
2018-05-31T02:00;2018-05-31T02:15;9;kWh;-7241;838;0;0;8079;-6403
2018-05-31T02:15;2018-05-31T02:30;10;kWh;0;3407;0;0;3407;3407
2018-05-31T02:30;2018-05-31T02:45;11;kWh;0;549;0;0;549;549
2018-05-31T02:45;2018-05-31T03:00;12;kWh;0;0;0;0;0;0
2018-05-31T03:00;2018-05-31T03:15;13;kWh;0;174;0;0;174;174
2018-05-31T03:15;2018-05-31T03:30;14;kWh;0;1738;0;0;1738;1738
2018-05-31T03:30;2018-05-31T03:45;15;kWh;0;139;0;0;139;139
2018-05-31T03:45;2018-05-31T04:00;16;kWh;0;433;0;0;433;433
2018-05-31T04:00;2018-05-31T04:15;17;kWh;0;90;0;0;90;90
2018-05-31T04:15;2018-05-31T04:30;18;kWh;0;0;0;0;0;0
2018-05-31T04:30;2018-05-31T04:45;19;kWh;0;1810;0;0;1810;1810
2018-05-31T04:45;2018-05-31T05:00;20;kWh;0;443;0;0;443;443
2018-05-31T05:00;2018-05-31T05:15;21;kWh;0;0;0;0;0;0
2018-05-31T05:15;2018-05-31T05:30;22;kWh;0;0;0;0;0;0
2018-05-31T05:30;2018-05-31T05:45;23;kWh;0;0;0;0;0;0
2018-05-31T05:45;2018-05-31T06:00;24;kWh;0;4790;0;0;4790;4790
2018-05-31T06:00;2018-05-31T06:15;25;kWh;-13207;790;0;0;13997;-12417
2018-05-31T06:15;2018-05-31T06:30;26;kWh;-51136;0;0;0;51136;-51136
2018-05-31T06:30;2018-05-31T06:45;27;kWh;-10649;1396;0;0;12045;-9253
2018-05-31T06:45;2018-05-31T07:00;28;kWh;0;9934;0;0;9934;9934
2018-05-31T07:00;2018-05-31T07:15;29;kWh;-20637;5427;0;0;26064;-15210
2018-05-31T07:15;2018-05-31T07:30;30;kWh;-28940;0;0;0;28940;-28940
2018-05-31T07:30;2018-05-31T07:45;31;kWh;-1997;2619;0;0;4616;622
2018-05-31T07:45;2018-05-31T08:00;32;kWh;0;23477;0;0;23477;23477
2018-05-31T08:00;2018-05-31T08:15;33;kWh;0;15132;0;0;15132;15132
2018-05-31T08:15;2018-05-31T08:30;34;kWh;-737;144;0;0;881;-593
2018-05-31T08:30;2018-05-31T08:45;35;kWh;-376;0;0;0;376;-376
2018-05-31T08:45;2018-05-31T09:00;36;kWh;0;40;0;0;40;40
2018-05-31T09:00;2018-05-31T09:15;37;kWh;0;6689;0;0;6689;6689
2018-05-31T09:15;2018-05-31T09:30;38;kWh;0;21692;0;0;21692;21692
2018-05-31T09:30;2018-05-31T09:45;39;kWh;-2804;8395;0;0;11199;5591
2018-05-31T09:45;2018-05-31T10:00;40;kWh;-11409;0;0;0;11409;-11409
2018-05-31T10:00;2018-05-31T10:15;41;kWh;-6152;18054;0;0;24206;11902
2018-05-31T10:15;2018-05-31T10:30;42;kWh;0;49690;0;0;49690;49690
2018-05-31T10:30;2018-05-31T10:45;43;kWh;0;50269;0;0;50269;50269
2018-05-31T10:45;2018-05-31T11:00;44;kWh;0;41897;0;0;41897;41897
2018-05-31T11:00;2018-05-31T11:15;45;kWh;0;51187;0;0;51187;51187
2018-05-31T11:15;2018-05-31T11:30;46;kWh;0;79635;0;0;79635;79635
2018-05-31T11:30;2018-05-31T11:45;47;kWh;0;68669;0;0;68669;68669
2018-05-31T11:45;2018-05-31T12:00;48;kWh;0;50329;0;0;50329;50329
2018-05-31T12:00;2018-05-31T12:15;49;kWh;-2;24118;0;0;24120;24116
2018-05-31T12:15;2018-05-31T12:30;50;kWh;-211;623;0;0;834;412
2018-05-31T12:30;2018-05-31T12:45;51;kWh;0;1675;0;0;1675;1675
2018-05-31T12:45;2018-05-31T13:00;52;kWh;0;1226;0;0;1226;1226
2018-05-31T13:00;2018-05-31T13:15;53;kWh;-6366;0;0;0;6366;-6366
2018-05-31T13:15;2018-05-31T13:30;54;kWh;-5224;0;0;0;5224;-5224
2018-05-31T13:30;2018-05-31T13:45;55;kWh;-10435;0;0;0;10435;-10435
2018-05-31T13:45;2018-05-31T14:00;56;kWh;-18462;0;0;0;18462;-18462
2018-05-31T14:00;2018-05-31T14:15;57;kWh;-8184;0;0;0;8184;-8184
2018-05-31T14:15;2018-05-31T14:30;58;kWh;0;0;0;0;0;0
2018-05-31T14:30;2018-05-31T14:45;59;kWh;-20250;0;0;0;20250;-20250
2018-05-31T14:45;2018-05-31T15:00;60;kWh;-28748;0;0;0;28748;-28748
2018-05-31T15:00;2018-05-31T15:15;61;kWh;-27734;0;0;0;27734;-27734
2018-05-31T15:15;2018-05-31T15:30;62;kWh;-32847;0;0;0;32847;-32847
2018-05-31T15:30;2018-05-31T15:45;63;kWh;-4960;0;0;0;4960;-4960
2018-05-31T15:45;2018-05-31T16:00;64;kWh;0;0;0;0;0;0
2018-05-31T16:00;2018-05-31T16:15;65;kWh;0;0;0;0;0;0
2018-05-31T16:15;2018-05-31T16:30;66;kWh;0;145;0;0;145;145
2018-05-31T16:30;2018-05-31T16:45;67;kWh;0;3227;0;0;3227;3227
2018-05-31T16:45;2018-05-31T17:00;68;kWh;0;11655;0;0;11655;11655
2018-05-31T17:00;2018-05-31T17:15;69;kWh;0;18859;0;0;18859;18859
2018-05-31T17:15;2018-05-31T17:30;70;kWh;0;18886;0;0;18886;18886
2018-05-31T17:30;2018-05-31T17:45;71;kWh;0;2720;0;0;2720;2720
2018-05-31T17:45;2018-05-31T18:00;72;kWh;0;27;0;0;27;27
2018-05-31T18:00;2018-05-31T18:15;73;kWh;0;34074;0;0;34074;34074
2018-05-31T18:15;2018-05-31T18:30;74;kWh;0;27766;0;0;27766;27766
2018-05-31T18:30;2018-05-31T18:45;75;kWh;0;12243;0;0;12243;12243
2018-05-31T18:45;2018-05-31T19:00;76;kWh;0;23113;0;0;23113;23113
2018-05-31T19:00;2018-05-31T19:15;77;kWh;0;42372;0;0;42372;42372
2018-05-31T19:15;2018-05-31T19:30;78;kWh;0;53288;0;0;53288;53288
2018-05-31T19:30;2018-05-31T19:45;79;kWh;0;62094;0;0;62094;62094
2018-05-31T19:45;2018-05-31T20:00;80;kWh;0;46917;0;0;46917;46917
2018-05-31T20:00;2018-05-31T20:15;81;kWh;0;23653;0;0;23653;23653
2018-05-31T20:15;2018-05-31T20:30;82;kWh;-28;485;0;0;513;457
2018-05-31T20:30;2018-05-31T20:45;83;kWh;0;6573;0;0;6573;6573
2018-05-31T20:45;2018-05-31T21:00;84;kWh;0;6924;0;0;6924;6924
2018-05-31T21:00;2018-05-31T21:15;85;kWh;0;14349;0;0;14349;14349
2018-05-31T21:15;2018-05-31T21:30;86;kWh;0;29731;0;0;29731;29731
2018-05-31T21:30;2018-05-31T21:45;87;kWh;0;26643;0;0;26643;26643
2018-05-31T21:45;2018-05-31T22:00;88;kWh;0;15194;0;0;15194;15194
2018-05-31T22:00;2018-05-31T22:15;89;kWh;0;7123;0;0;7123;7123
2018-05-31T22:15;2018-05-31T22:30;90;kWh;0;28228;0;0;28228;28228
2018-05-31T22:30;2018-05-31T22:45;91;kWh;0;21271;0;0;21271;21271
2018-05-31T22:45;2018-05-31T23:00;92;kWh;0;3056;0;0;3056;3056
2018-05-31T23:00;2018-05-31T23:15;93;kWh;0;42363;0;0;42363;42363
2018-05-31T23:15;2018-05-31T23:30;94;kWh;0;67041;0;0;67041;67041
2018-05-31T23:30;2018-05-31T23:45;95;kWh;-5824;4700;0;0;10524;-1124
2018-05-31T23:45;2018-06-01T00:00;96;kWh;-31378;0;0;0;31378;-31378
2018-06-01T00:00;2018-06-01T00:15;1;kWh;-20991;17011;0;0;38002;-3980
2018-06-01T00:15;2018-06-01T00:30;2;kWh;0;35352;0;0;35352;35352
2018-06-01T00:30;2018-06-01T00:45;3;kWh;-12957;2448;0;0;15405;-10509
2018-06-01T00:45;2018-06-01T01:00;4;kWh;-2918;0;0;0;2918;-2918
2018-06-01T01:00;2018-06-01T01:15;5;kWh;0;28133;0;0;28133;28133
2018-06-01T01:15;2018-06-01T01:30;6;kWh;-70;47778;0;0;47848;47708
2018-06-01T01:30;2018-06-01T01:45;7;kWh;-12332;477;0;0;12809;-11855
2018-06-01T01:45;2018-06-01T02:00;8;kWh;-19081;0;0;0;19081;-19081
2018-06-01T02:00;2018-06-01T02:15;9;kWh;-33045;0;0;0;33045;-33045
2018-06-01T02:15;2018-06-01T02:30;10;kWh;-22122;0;0;0;22122;-22122
2018-06-01T02:30;2018-06-01T02:45;11;kWh;-17928;0;0;0;17928;-17928
2018-06-01T02:45;2018-06-01T03:00;12;kWh;-18381;0;0;0;18381;-18381
2018-06-01T03:00;2018-06-01T03:15;13;kWh;-6711;8267;0;0;14978;1556
2018-06-01T03:15;2018-06-01T03:30;14;kWh;0;27091;0;0;27091;27091
2018-06-01T03:30;2018-06-01T03:45;15;kWh;0;20279;0;0;20279;20279
2018-06-01T03:45;2018-06-01T04:00;16;kWh;0;18231;0;0;18231;18231
2018-06-01T04:00;2018-06-01T04:15;17;kWh;-274;12363;0;0;12637;12089
2018-06-01T04:15;2018-06-01T04:30;18;kWh;-175;56;0;0;231;-119
2018-06-01T04:30;2018-06-01T04:45;19;kWh;0;0;0;0;0;0
2018-06-01T04:45;2018-06-01T05:00;20;kWh;0;836;0;0;836;836
2018-06-01T05:00;2018-06-01T05:15;21;kWh;0;14135;0;0;14135;14135
2018-06-01T05:15;2018-06-01T05:30;22;kWh;0;18223;0;0;18223;18223
2018-06-01T05:30;2018-06-01T05:45;23;kWh;0;9673;0;0;9673;9673
2018-06-01T05:45;2018-06-01T06:00;24;kWh;0;15033;0;0;15033;15033
2018-06-01T06:00;2018-06-01T06:15;25;kWh;-23163;3615;0;0;26778;-19548
2018-06-01T06:15;2018-06-01T06:30;26;kWh;-14788;0;0;0;14788;-14788
2018-06-01T06:30;2018-06-01T06:45;27;kWh;-2228;16448;0;0;18676;14220
2018-06-01T06:45;2018-06-01T07:00;28;kWh;0;53174;0;0;53174;53174
2018-06-01T07:00;2018-06-01T07:15;29;kWh;-361;30190;0;0;30551;29829
2018-06-01T07:15;2018-06-01T07:30;30;kWh;-132;899;0;0;1031;767
2018-06-01T07:30;2018-06-01T07:45;31;kWh;0;30805;0;0;30805;30805
2018-06-01T07:45;2018-06-01T08:00;32;kWh;0;50880;0;0;50880;50880
2018-06-01T08:00;2018-06-01T08:15;33;kWh;-13573;21104;0;0;34677;7531
2018-06-01T08:15;2018-06-01T08:30;34;kWh;-38784;0;0;0;38784;-38784
2018-06-01T08:30;2018-06-01T08:45;35;kWh;-8715;0;0;0;8715;-8715
2018-06-01T08:45;2018-06-01T09:00;36;kWh;-42;10767;0;0;10809;10725
2018-06-01T09:00;2018-06-01T09:15;37;kWh;0;28040;0;0;28040;28040
2018-06-01T09:15;2018-06-01T09:30;38;kWh;-429;710;0;0;1139;281
2018-06-01T09:30;2018-06-01T09:45;39;kWh;-624;0;0;0;624;-624
2018-06-01T09:45;2018-06-01T10:00;40;kWh;-8;0;0;0;8;-8
2018-06-01T10:00;2018-06-01T10:15;41;kWh;0;0;0;0;0;0
2018-06-01T10:15;2018-06-01T10:30;42;kWh;0;0;0;0;0;0
2018-06-01T10:30;2018-06-01T10:45;43;kWh;-694;0;0;0;694;-694
2018-06-01T10:45;2018-06-01T11:00;44;kWh;-856;0;0;0;856;-856
2018-06-01T11:00;2018-06-01T11:15;45;kWh;-16;17596;0;0;17612;17580
2018-06-01T11:15;2018-06-01T11:30;46;kWh;0;20555;0;0;20555;20555
2018-06-01T11:30;2018-06-01T11:45;47;kWh;0;18113;0;0;18113;18113
2018-06-01T11:45;2018-06-01T12:00;48;kWh;0;20856;0;0;20856;20856
2018-06-01T12:00;2018-06-01T12:15;49;kWh;0;40028;0;0;40028;40028
2018-06-01T12:15;2018-06-01T12:30;50;kWh;0;61511;0;0;61511;61511
2018-06-01T12:30;2018-06-01T12:45;51;kWh;0;17947;0;0;17947;17947
2018-06-01T12:45;2018-06-01T13:00;52;kWh;0;32814;0;0;32814;32814
2018-06-01T13:00;2018-06-01T13:15;53;kWh;0;49134;0;0;49134;49134
2018-06-01T13:15;2018-06-01T13:30;54;kWh;0;69159;0;0;69159;69159
2018-06-01T13:30;2018-06-01T13:45;55;kWh;0;34584;0;0;34584;34584
2018-06-01T13:45;2018-06-01T14:00;56;kWh;0;34422;0;0;34422;34422
2018-06-01T14:00;2018-06-01T14:15;57;kWh;0;42474;0;0;42474;42474
2018-06-01T14:15;2018-06-01T14:30;58;kWh;0;53961;0;0;53961;53961
2018-06-01T14:30;2018-06-01T14:45;59;kWh;0;44193;0;0;44193;44193
2018-06-01T14:45;2018-06-01T15:00;60;kWh;0;34710;0;0;34710;34710
2018-06-01T15:00;2018-06-01T15:15;61;kWh;0;28419;0;0;28419;28419
2018-06-01T15:15;2018-06-01T15:30;62;kWh;0;10199;0;0;10199;10199
2018-06-01T15:30;2018-06-01T15:45;63;kWh;0;14036;0;0;14036;14036
2018-06-01T15:45;2018-06-01T16:00;64;kWh;-647;4510;0;0;5157;3863
2018-06-01T16:00;2018-06-01T16:15;65;kWh;-56749;0;0;0;56749;-56749
2018-06-01T16:15;2018-06-01T16:30;66;kWh;-36560;0;0;0;36560;-36560
2018-06-01T16:30;2018-06-01T16:45;67;kWh;-50551;0;0;0;50551;-50551
2018-06-01T16:45;2018-06-01T17:00;68;kWh;-16912;0;0;0;16912;-16912
2018-06-01T17:00;2018-06-01T17:15;69;kWh;-1486;1321;0;0;2807;-165
2018-06-01T17:15;2018-06-01T17:30;70;kWh;0;16359;0;0;16359;16359
2018-06-01T17:30;2018-06-01T17:45;71;kWh;0;17370;0;0;17370;17370
2018-06-01T17:45;2018-06-01T18:00;72;kWh;0;26883;0;0;26883;26883
2018-06-01T18:00;2018-06-01T18:15;73;kWh;0;17536;0;0;17536;17536
2018-06-01T18:15;2018-06-01T18:30;74;kWh;0;53460;0;0;53460;53460
2018-06-01T18:30;2018-06-01T18:45;75;kWh;0;11472;0;0;11472;11472
2018-06-01T18:45;2018-06-01T19:00;76;kWh;0;4941;0;0;4941;4941
2018-06-01T19:00;2018-06-01T19:15;77;kWh;0;1213;0;0;1213;1213
2018-06-01T19:15;2018-06-01T19:30;78;kWh;0;7102;0;0;7102;7102
2018-06-01T19:30;2018-06-01T19:45;79;kWh;-284;4101;0;0;4385;3817
2018-06-01T19:45;2018-06-01T20:00;80;kWh;-28;0;0;0;28;-28
2018-06-01T20:00;2018-06-01T20:15;81;kWh;0;2309;0;0;2309;2309
2018-06-01T20:15;2018-06-01T20:30;82;kWh;0;583;0;0;583;583
2018-06-01T20:30;2018-06-01T20:45;83;kWh;0;0;0;0;0;0
2018-06-01T20:45;2018-06-01T21:00;84;kWh;0;0;0;0;0;0
2018-06-01T21:00;2018-06-01T21:15;85;kWh;-73;0;0;0;73;-73
2018-06-01T21:15;2018-06-01T21:30;86;kWh;-86;0;0;0;86;-86
2018-06-01T21:30;2018-06-01T21:45;87;kWh;-3211;0;0;0;3211;-3211
2018-06-01T21:45;2018-06-01T22:00;88;kWh;-1469;0;0;0;1469;-1469
2018-06-01T22:00;2018-06-01T22:15;89;kWh;-2816;875;0;0;3691;-1941
2018-06-01T22:15;2018-06-01T22:30;90;kWh;0;10416;0;0;10416;10416
2018-06-01T22:30;2018-06-01T22:45;91;kWh;-1890;480;0;0;2370;-1410
2018-06-01T22:45;2018-06-01T23:00;92;kWh;-29290;0;0;0;29290;-29290
2018-06-01T23:00;2018-06-01T23:15;93;kWh;-23255;0;0;0;23255;-23255
2018-06-01T23:15;2018-06-01T23:30;94;kWh;0;0;0;0;0;0
2018-06-01T23:30;2018-06-01T23:45;95;kWh;-318;0;0;0;318;-318
2018-06-01T23:45;2018-06-02T00:00;96;kWh;-27765;0;0;0;27765;-27765
2018-06-02T00:00;2018-06-02T00:15;1;kWh;-28384;1269;0;0;29653;-27115
2018-06-02T00:15;2018-06-02T00:30;2;kWh;-1;3879;0;0;3880;3878
2018-06-02T00:30;2018-06-02T00:45;3;kWh;0;5340;0;0;5340;5340
2018-06-02T00:45;2018-06-02T01:00;4;kWh;0;4078;0;0;4078;4078
2018-06-02T01:00;2018-06-02T01:15;5;kWh;-275;666;0;0;941;391
2018-06-02T01:15;2018-06-02T01:30;6;kWh;0;5200;0;0;5200;5200
2018-06-02T01:30;2018-06-02T01:45;7;kWh;0;2866;0;0;2866;2866
2018-06-02T01:45;2018-06-02T02:00;8;kWh;0;11851;0;0;11851;11851
2018-06-02T02:00;2018-06-02T02:15;9;kWh;0;34966;0;0;34966;34966
2018-06-02T02:15;2018-06-02T02:30;10;kWh;0;27902;0;0;27902;27902
2018-06-02T02:30;2018-06-02T02:45;11;kWh;0;31618;0;0;31618;31618
2018-06-02T02:45;2018-06-02T03:00;12;kWh;0;17062;0;0;17062;17062
2018-06-02T03:00;2018-06-02T03:15;13;kWh;0;27611;0;0;27611;27611
2018-06-02T03:15;2018-06-02T03:30;14;kWh;0;17820;0;0;17820;17820
2018-06-02T03:30;2018-06-02T03:45;15;kWh;-1647;914;0;0;2561;-733
2018-06-02T03:45;2018-06-02T04:00;16;kWh;-3904;0;0;0;3904;-3904
2018-06-02T04:00;2018-06-02T04:15;17;kWh;-4577;0;0;0;4577;-4577
2018-06-02T04:15;2018-06-02T04:30;18;kWh;-921;0;0;0;921;-921
2018-06-02T04:30;2018-06-02T04:45;19;kWh;-188;0;0;0;188;-188
2018-06-02T04:45;2018-06-02T05:00;20;kWh;-166;0;0;0;166;-166
2018-06-02T05:00;2018-06-02T05:15;21;kWh;-73;0;0;0;73;-73
2018-06-02T05:15;2018-06-02T05:30;22;kWh;-346;0;0;0;346;-346
2018-06-02T05:30;2018-06-02T05:45;23;kWh;-717;0;0;0;717;-717
2018-06-02T05:45;2018-06-02T06:00;24;kWh;-3089;0;0;0;3089;-3089
2018-06-02T06:00;2018-06-02T06:15;25;kWh;-1063;0;0;0;1063;-1063
2018-06-02T06:15;2018-06-02T06:30;26;kWh;0;0;0;0;0;0
2018-06-02T06:30;2018-06-02T06:45;27;kWh;0;2065;0;0;2065;2065
2018-06-02T06:45;2018-06-02T07:00;28;kWh;0;7718;0;0;7718;7718
2018-06-02T07:00;2018-06-02T07:15;29;kWh;0;225;0;0;225;225
2018-06-02T07:15;2018-06-02T07:30;30;kWh;0;0;0;0;0;0
2018-06-02T07:30;2018-06-02T07:45;31;kWh;0;9339;0;0;9339;9339
2018-06-02T07:45;2018-06-02T08:00;32;kWh;0;46834;0;0;46834;46834
2018-06-02T08:00;2018-06-02T08:15;33;kWh;-633;13605;0;0;14238;12972
2018-06-02T08:15;2018-06-02T08:30;34;kWh;-1031;0;0;0;1031;-1031
2018-06-02T08:30;2018-06-02T08:45;35;kWh;-205;1797;0;0;2002;1592
2018-06-02T08:45;2018-06-02T09:00;36;kWh;0;28525;0;0;28525;28525
2018-06-02T09:00;2018-06-02T09:15;37;kWh;-8486;8386;0;0;16872;-100
2018-06-02T09:15;2018-06-02T09:30;38;kWh;-1318;0;0;0;1318;-1318
2018-06-02T09:30;2018-06-02T09:45;39;kWh;0;2845;0;0;2845;2845
2018-06-02T09:45;2018-06-02T10:00;40;kWh;0;13719;0;0;13719;13719
2018-06-02T10:00;2018-06-02T10:15;41;kWh;0;28090;0;0;28090;28090
2018-06-02T10:15;2018-06-02T10:30;42;kWh;0;21240;0;0;21240;21240
2018-06-02T10:30;2018-06-02T10:45;43;kWh;0;11412;0;0;11412;11412
2018-06-02T10:45;2018-06-02T11:00;44;kWh;0;16496;0;0;16496;16496
2018-06-02T11:00;2018-06-02T11:15;45;kWh;0;5352;0;0;5352;5352
2018-06-02T11:15;2018-06-02T11:30;46;kWh;0;1633;0;0;1633;1633
2018-06-02T11:30;2018-06-02T11:45;47;kWh;0;2932;0;0;2932;2932
2018-06-02T11:45;2018-06-02T12:00;48;kWh;0;6194;0;0;6194;6194
2018-06-02T12:00;2018-06-02T12:15;49;kWh;0;6874;0;0;6874;6874
2018-06-02T12:15;2018-06-02T12:30;50;kWh;0;3796;0;0;3796;3796
2018-06-02T12:30;2018-06-02T12:45;51;kWh;0;1199;0;0;1199;1199
2018-06-02T12:45;2018-06-02T13:00;52;kWh;-6492;51;0;0;6543;-6441
2018-06-02T13:00;2018-06-02T13:15;53;kWh;-8923;0;0;0;8923;-8923
2018-06-02T13:15;2018-06-02T13:30;54;kWh;-708;0;0;0;708;-708
2018-06-02T13:30;2018-06-02T13:45;55;kWh;-8958;0;0;0;8958;-8958
2018-06-02T13:45;2018-06-02T14:00;56;kWh;-40724;0;0;0;40724;-40724
2018-06-02T14:00;2018-06-02T14:15;57;kWh;-14540;6283;0;0;20823;-8257
2018-06-02T14:15;2018-06-02T14:30;58;kWh;0;5142;0;0;5142;5142
2018-06-02T14:30;2018-06-02T14:45;59;kWh;0;1309;0;0;1309;1309
2018-06-02T14:45;2018-06-02T15:00;60;kWh;0;2778;0;0;2778;2778
2018-06-02T15:00;2018-06-02T15:15;61;kWh;0;6098;0;0;6098;6098
2018-06-02T15:15;2018-06-02T15:30;62;kWh;0;9523;0;0;9523;9523
2018-06-02T15:30;2018-06-02T15:45;63;kWh;0;987;0;0;987;987
2018-06-02T15:45;2018-06-02T16:00;64;kWh;0;2880;0;0;2880;2880
2018-06-02T16:00;2018-06-02T16:15;65;kWh;0;6826;0;0;6826;6826
2018-06-02T16:15;2018-06-02T16:30;66;kWh;0;4823;0;0;4823;4823
2018-06-02T16:30;2018-06-02T16:45;67;kWh;0;18596;0;0;18596;18596
2018-06-02T16:45;2018-06-02T17:00;68;kWh;-248;13179;0;0;13427;12931
2018-06-02T17:00;2018-06-02T17:15;69;kWh;-188;44;0;0;232;-144
2018-06-02T17:15;2018-06-02T17:30;70;kWh;0;0;0;0;0;0
2018-06-02T17:30;2018-06-02T17:45;71;kWh;0;0;0;0;0;0
2018-06-02T17:45;2018-06-02T18:00;72;kWh;0;702;0;0;702;702
2018-06-02T18:00;2018-06-02T18:15;73;kWh;0;11843;0;0;11843;11843
2018-06-02T18:15;2018-06-02T18:30;74;kWh;0;713;0;0;713;713
2018-06-02T18:30;2018-06-02T18:45;75;kWh;0;13;0;0;13;13
2018-06-02T18:45;2018-06-02T19:00;76;kWh;0;223;0;0;223;223
2018-06-02T19:00;2018-06-02T19:15;77;kWh;0;6569;0;0;6569;6569
2018-06-02T19:15;2018-06-02T19:30;78;kWh;0;19011;0;0;19011;19011
2018-06-02T19:30;2018-06-02T19:45;79;kWh;0;13261;0;0;13261;13261
2018-06-02T19:45;2018-06-02T20:00;80;kWh;0;15230;0;0;15230;15230
2018-06-02T20:00;2018-06-02T20:15;81;kWh;0;10146;0;0;10146;10146
2018-06-02T20:15;2018-06-02T20:30;82;kWh;0;1117;0;0;1117;1117
2018-06-02T20:30;2018-06-02T20:45;83;kWh;0;0;0;0;0;0
2018-06-02T20:45;2018-06-02T21:00;84;kWh;0;0;0;0;0;0
2018-06-02T21:00;2018-06-02T21:15;85;kWh;0;175;0;0;175;175
2018-06-02T21:15;2018-06-02T21:30;86;kWh;0;5335;0;0;5335;5335
2018-06-02T21:30;2018-06-02T21:45;87;kWh;0;7006;0;0;7006;7006
2018-06-02T21:45;2018-06-02T22:00;88;kWh;0;8514;0;0;8514;8514
2018-06-02T22:00;2018-06-02T22:15;89;kWh;-467;815;0;0;1282;348
2018-06-02T22:15;2018-06-02T22:30;90;kWh;-1295;0;0;0;1295;-1295
2018-06-02T22:30;2018-06-02T22:45;91;kWh;-175;0;0;0;175;-175
2018-06-02T22:45;2018-06-02T23:00;92;kWh;-56;0;0;0;56;-56
2018-06-02T23:00;2018-06-02T23:15;93;kWh;-407;456;0;0;863;49
2018-06-02T23:15;2018-06-02T23:30;94;kWh;-1070;876;0;0;1946;-194
2018-06-02T23:30;2018-06-02T23:45;95;kWh;-1823;0;0;0;1823;-1823
2018-06-02T23:45;2018-06-03T00:00;96;kWh;-3743;0;0;0;3743;-3743
2018-06-03T00:00;2018-06-03T00:15;1;kWh;-782;0;0;0;782;-782
2018-06-03T00:15;2018-06-03T00:30;2;kWh;-161;606;0;0;767;445
2018-06-03T00:30;2018-06-03T00:45;3;kWh;-2676;1631;0;0;4307;-1045
2018-06-03T00:45;2018-06-03T01:00;4;kWh;0;33423;0;0;33423;33423
2018-06-03T01:00;2018-06-03T01:15;5;kWh;-390;21200;0;0;21590;20810
2018-06-03T01:15;2018-06-03T01:30;6;kWh;-271;6;0;0;277;-265
2018-06-03T01:30;2018-06-03T01:45;7;kWh;0;0;0;0;0;0
2018-06-03T01:45;2018-06-03T02:00;8;kWh;-11380;0;0;0;11380;-11380
2018-06-03T02:00;2018-06-03T02:15;9;kWh;-6286;0;0;0;6286;-6286
2018-06-03T02:15;2018-06-03T02:30;10;kWh;-21;0;0;0;21;-21
2018-06-03T02:30;2018-06-03T02:45;11;kWh;0;0;0;0;0;0
2018-06-03T02:45;2018-06-03T03:00;12;kWh;-162;0;0;0;162;-162
2018-06-03T03:00;2018-06-03T03:15;13;kWh;-81;0;0;0;81;-81
2018-06-03T03:15;2018-06-03T03:30;14;kWh;-16;0;0;0;16;-16
2018-06-03T03:30;2018-06-03T03:45;15;kWh;-592;0;0;0;592;-592
2018-06-03T03:45;2018-06-03T04:00;16;kWh;-3931;0;0;0;3931;-3931
2018-06-03T04:00;2018-06-03T04:15;17;kWh;-2585;0;0;0;2585;-2585
2018-06-03T04:15;2018-06-03T04:30;18;kWh;0;0;0;0;0;0
2018-06-03T04:30;2018-06-03T04:45;19;kWh;-201;0;0;0;201;-201
2018-06-03T04:45;2018-06-03T05:00;20;kWh;-311;0;0;0;311;-311
2018-06-03T05:00;2018-06-03T05:15;21;kWh;-173;0;0;0;173;-173
2018-06-03T05:15;2018-06-03T05:30;22;kWh;0;0;0;0;0;0
2018-06-03T05:30;2018-06-03T05:45;23;kWh;-975;0;0;0;975;-975
2018-06-03T05:45;2018-06-03T06:00;24;kWh;-5707;0;0;0;5707;-5707
2018-06-03T06:00;2018-06-03T06:15;25;kWh;-29177;0;0;0;29177;-29177
2018-06-03T06:15;2018-06-03T06:30;26;kWh;-37817;0;0;0;37817;-37817
2018-06-03T06:30;2018-06-03T06:45;27;kWh;-33665;0;0;0;33665;-33665
2018-06-03T06:45;2018-06-03T07:00;28;kWh;-34922;0;0;0;34922;-34922
2018-06-03T07:00;2018-06-03T07:15;29;kWh;-42717;0;0;0;42717;-42717
2018-06-03T07:15;2018-06-03T07:30;30;kWh;-29284;0;0;0;29284;-29284
2018-06-03T07:30;2018-06-03T07:45;31;kWh;-4495;0;0;0;4495;-4495
2018-06-03T07:45;2018-06-03T08:00;32;kWh;-9152;0;0;0;9152;-9152
2018-06-03T08:00;2018-06-03T08:15;33;kWh;-19032;0;0;0;19032;-19032
2018-06-03T08:15;2018-06-03T08:30;34;kWh;-4772;0;0;0;4772;-4772
2018-06-03T08:30;2018-06-03T08:45;35;kWh;0;0;0;0;0;0
2018-06-03T08:45;2018-06-03T09:00;36;kWh;0;0;0;0;0;0
2018-06-03T09:00;2018-06-03T09:15;37;kWh;-17299;0;0;0;17299;-17299
2018-06-03T09:15;2018-06-03T09:30;38;kWh;-17435;0;0;0;17435;-17435
2018-06-03T09:30;2018-06-03T09:45;39;kWh;-5923;0;0;0;5923;-5923
2018-06-03T09:45;2018-06-03T10:00;40;kWh;-17680;0;0;0;17680;-17680
2018-06-03T10:00;2018-06-03T10:15;41;kWh;-25629;0;0;0;25629;-25629
2018-06-03T10:15;2018-06-03T10:30;42;kWh;-20267;0;0;0;20267;-20267
2018-06-03T10:30;2018-06-03T10:45;43;kWh;-10142;0;0;0;10142;-10142
2018-06-03T10:45;2018-06-03T11:00;44;kWh;-3217;0;0;0;3217;-3217
2018-06-03T11:00;2018-06-03T11:15;45;kWh;-464;0;0;0;464;-464
2018-06-03T11:15;2018-06-03T11:30;46;kWh;0;0;0;0;0;0
2018-06-03T11:30;2018-06-03T11:45;47;kWh;0;0;0;0;0;0
2018-06-03T11:45;2018-06-03T12:00;48;kWh;-2616;0;0;0;2616;-2616
2018-06-03T12:00;2018-06-03T12:15;49;kWh;-1301;0;0;0;1301;-1301
2018-06-03T12:15;2018-06-03T12:30;50;kWh;-432;0;0;0;432;-432
2018-06-03T12:30;2018-06-03T12:45;51;kWh;-1094;0;0;0;1094;-1094
2018-06-03T12:45;2018-06-03T13:00;52;kWh;0;0;0;0;0;0
2018-06-03T13:00;2018-06-03T13:15;53;kWh;0;0;0;0;0;0
2018-06-03T13:15;2018-06-03T13:30;54;kWh;0;0;0;0;0;0
2018-06-03T13:30;2018-06-03T13:45;55;kWh;0;0;0;0;0;0
2018-06-03T13:45;2018-06-03T14:00;56;kWh;-208;0;0;0;208;-208
2018-06-03T14:00;2018-06-03T14:15;57;kWh;-17471;0;0;0;17471;-17471
2018-06-03T14:15;2018-06-03T14:30;58;kWh;-31103;0;0;0;31103;-31103
2018-06-03T14:30;2018-06-03T14:45;59;kWh;-31308;0;0;0;31308;-31308
2018-06-03T14:45;2018-06-03T15:00;60;kWh;-33792;0;0;0;33792;-33792
2018-06-03T15:00;2018-06-03T15:15;61;kWh;-10305;0;0;0;10305;-10305
2018-06-03T15:15;2018-06-03T15:30;62;kWh;-3044;0;0;0;3044;-3044
2018-06-03T15:30;2018-06-03T15:45;63;kWh;-10946;0;0;0;10946;-10946
2018-06-03T15:45;2018-06-03T16:00;64;kWh;-11389;0;0;0;11389;-11389
2018-06-03T16:00;2018-06-03T16:15;65;kWh;-20677;0;0;0;20677;-20677
2018-06-03T16:15;2018-06-03T16:30;66;kWh;-4081;0;0;0;4081;-4081
2018-06-03T16:30;2018-06-03T16:45;67;kWh;-2329;0;0;0;2329;-2329
2018-06-03T16:45;2018-06-03T17:00;68;kWh;-271;0;0;0;271;-271
2018-06-03T17:00;2018-06-03T17:15;69;kWh;-15144;0;0;0;15144;-15144
2018-06-03T17:15;2018-06-03T17:30;70;kWh;-17276;0;0;0;17276;-17276
2018-06-03T17:30;2018-06-03T17:45;71;kWh;-805;0;0;0;805;-805
2018-06-03T17:45;2018-06-03T18:00;72;kWh;0;0;0;0;0;0
2018-06-03T18:00;2018-06-03T18:15;73;kWh;-13087;0;0;0;13087;-13087
2018-06-03T18:15;2018-06-03T18:30;74;kWh;-51724;0;0;0;51724;-51724
2018-06-03T18:30;2018-06-03T18:45;75;kWh;-5362;0;0;0;5362;-5362
2018-06-03T18:45;2018-06-03T19:00;76;kWh;0;0;0;0;0;0
2018-06-03T19:00;2018-06-03T19:15;77;kWh;-2847;0;0;0;2847;-2847
2018-06-03T19:15;2018-06-03T19:30;78;kWh;-4467;0;0;0;4467;-4467
2018-06-03T19:30;2018-06-03T19:45;79;kWh;-140;524;0;0;664;384
2018-06-03T19:45;2018-06-03T20:00;80;kWh;0;7580;0;0;7580;7580
2018-06-03T20:00;2018-06-03T20:15;81;kWh;0;2284;0;0;2284;2284
2018-06-03T20:15;2018-06-03T20:30;82;kWh;0;3377;0;0;3377;3377
2018-06-03T20:30;2018-06-03T20:45;83;kWh;0;8498;0;0;8498;8498
2018-06-03T20:45;2018-06-03T21:00;84;kWh;0;4376;0;0;4376;4376
2018-06-03T21:00;2018-06-03T21:15;85;kWh;0;10580;0;0;10580;10580
2018-06-03T21:15;2018-06-03T21:30;86;kWh;0;25285;0;0;25285;25285
2018-06-03T21:30;2018-06-03T21:45;87;kWh;0;32752;0;0;32752;32752
2018-06-03T21:45;2018-06-03T22:00;88;kWh;0;23589;0;0;23589;23589
2018-06-03T22:00;2018-06-03T22:15;89;kWh;-534;785;0;0;1319;251
2018-06-03T22:15;2018-06-03T22:30;90;kWh;0;11946;0;0;11946;11946
2018-06-03T22:30;2018-06-03T22:45;91;kWh;0;34971;0;0;34971;34971
2018-06-03T22:45;2018-06-03T23:00;92;kWh;0;21739;0;0;21739;21739
2018-06-03T23:00;2018-06-03T23:15;93;kWh;0;1783;0;0;1783;1783
2018-06-03T23:15;2018-06-03T23:30;94;kWh;0;13;0;0;13;13
2018-06-03T23:30;2018-06-03T23:45;95;kWh;-330;0;0;0;330;-330
2018-06-03T23:45;2018-06-04T00:00;96;kWh;-1395;0;0;0;1395;-1395
2018-06-04T00:00;2018-06-04T00:15;1;kWh;-61;17257;0;0;17318;17196
2018-06-04T00:15;2018-06-04T00:30;2;kWh;0;60860;0;0;60860;60860
2018-06-04T00:30;2018-06-04T00:45;3;kWh;-745;4007;0;0;4752;3262
2018-06-04T00:45;2018-06-04T01:00;4;kWh;-22536;0;0;0;22536;-22536
2018-06-04T01:00;2018-06-04T01:15;5;kWh;-11208;386;0;0;11594;-10822
2018-06-04T01:15;2018-06-04T01:30;6;kWh;0;9;0;0;9;9
2018-06-04T01:30;2018-06-04T01:45;7;kWh;-43;0;0;0;43;-43
2018-06-04T01:45;2018-06-04T02:00;8;kWh;-1061;0;0;0;1061;-1061
2018-06-04T02:00;2018-06-04T02:15;9;kWh;-144;0;0;0;144;-144
2018-06-04T02:15;2018-06-04T02:30;10;kWh;0;0;0;0;0;0
2018-06-04T02:30;2018-06-04T02:45;11;kWh;0;0;0;0;0;0
2018-06-04T02:45;2018-06-04T03:00;12;kWh;0;0;0;0;0;0
2018-06-04T03:00;2018-06-04T03:15;13;kWh;0;0;0;0;0;0
2018-06-04T03:15;2018-06-04T03:30;14;kWh;0;5;0;0;5;5
2018-06-04T03:30;2018-06-04T03:45;15;kWh;0;372;0;0;372;372
2018-06-04T03:45;2018-06-04T04:00;16;kWh;0;206;0;0;206;206
2018-06-04T04:00;2018-06-04T04:15;17;kWh;0;6387;0;0;6387;6387
2018-06-04T04:15;2018-06-04T04:30;18;kWh;0;7370;0;0;7370;7370
2018-06-04T04:30;2018-06-04T04:45;19;kWh;0;5142;0;0;5142;5142
2018-06-04T04:45;2018-06-04T05:00;20;kWh;0;4302;0;0;4302;4302
2018-06-04T05:00;2018-06-04T05:15;21;kWh;0;35847;0;0;35847;35847
2018-06-04T05:15;2018-06-04T05:30;22;kWh;-16;9514;0;0;9530;9498
2018-06-04T05:30;2018-06-04T05:45;23;kWh;-187;0;0;0;187;-187
2018-06-04T05:45;2018-06-04T06:00;24;kWh;-535;3122;0;0;3657;2587
2018-06-04T06:00;2018-06-04T06:15;25;kWh;-13336;0;0;0;13336;-13336
2018-06-04T06:15;2018-06-04T06:30;26;kWh;-1540;716;0;0;2256;-824
2018-06-04T06:30;2018-06-04T06:45;27;kWh;0;20835;0;0;20835;20835
2018-06-04T06:45;2018-06-04T07:00;28;kWh;0;72515;0;0;72515;72515
2018-06-04T07:00;2018-06-04T07:15;29;kWh;-18398;12605;0;0;31003;-5793
2018-06-04T07:15;2018-06-04T07:30;30;kWh;-17445;0;0;0;17445;-17445
2018-06-04T07:30;2018-06-04T07:45;31;kWh;-307;1120;0;0;1427;813
2018-06-04T07:45;2018-06-04T08:00;32;kWh;0;36651;0;0;36651;36651
2018-06-04T08:00;2018-06-04T08:15;33;kWh;-246;10723;0;0;10969;10477
2018-06-04T08:15;2018-06-04T08:30;34;kWh;-1627;0;0;0;1627;-1627
2018-06-04T08:30;2018-06-04T08:45;35;kWh;-116;2186;0;0;2302;2070
2018-06-04T08:45;2018-06-04T09:00;36;kWh;0;8803;0;0;8803;8803
2018-06-04T09:00;2018-06-04T09:15;37;kWh;-927;5811;0;0;6738;4884
2018-06-04T09:15;2018-06-04T09:30;38;kWh;0;12572;0;0;12572;12572
2018-06-04T09:30;2018-06-04T09:45;39;kWh;0;12222;0;0;12222;12222
2018-06-04T09:45;2018-06-04T10:00;40;kWh;-83;767;0;0;850;684
2018-06-04T10:00;2018-06-04T10:15;41;kWh;0;18801;0;0;18801;18801
2018-06-04T10:15;2018-06-04T10:30;42;kWh;0;2129;0;0;2129;2129
2018-06-04T10:30;2018-06-04T10:45;43;kWh;0;5659;0;0;5659;5659
2018-06-04T10:45;2018-06-04T11:00;44;kWh;0;2251;0;0;2251;2251
2018-06-04T11:00;2018-06-04T11:15;45;kWh;0;14984;0;0;14984;14984
2018-06-04T11:15;2018-06-04T11:30;46;kWh;0;18610;0;0;18610;18610
2018-06-04T11:30;2018-06-04T11:45;47;kWh;0;14677;0;0;14677;14677
2018-06-04T11:45;2018-06-04T12:00;48;kWh;0;14642;0;0;14642;14642
2018-06-04T12:00;2018-06-04T12:15;49;kWh;0;22483;0;0;22483;22483
2018-06-04T12:15;2018-06-04T12:30;50;kWh;0;21907;0;0;21907;21907
2018-06-04T12:30;2018-06-04T12:45;51;kWh;0;28167;0;0;28167;28167
2018-06-04T12:45;2018-06-04T13:00;52;kWh;-248;17599;0;0;17847;17351
2018-06-04T13:00;2018-06-04T13:15;53;kWh;-328;6649;0;0;6977;6321
2018-06-04T13:15;2018-06-04T13:30;54;kWh;0;16570;0;0;16570;16570
2018-06-04T13:30;2018-06-04T13:45;55;kWh;0;3344;0;0;3344;3344
2018-06-04T13:45;2018-06-04T14:00;56;kWh;0;3038;0;0;3038;3038
2018-06-04T14:00;2018-06-04T14:15;57;kWh;0;534;0;0;534;534
2018-06-04T14:15;2018-06-04T14:30;58;kWh;0;2940;0;0;2940;2940
2018-06-04T14:30;2018-06-04T14:45;59;kWh;0;438;0;0;438;438
2018-06-04T14:45;2018-06-04T15:00;60;kWh;0;116;0;0;116;116
2018-06-04T15:00;2018-06-04T15:15;61;kWh;0;0;0;0;0;0
2018-06-04T15:15;2018-06-04T15:30;62;kWh;0;0;0;0;0;0
2018-06-04T15:30;2018-06-04T15:45;63;kWh;0;790;0;0;790;790
2018-06-04T15:45;2018-06-04T16:00;64;kWh;0;1845;0;0;1845;1845
2018-06-04T16:00;2018-06-04T16:15;65;kWh;0;441;0;0;441;441
2018-06-04T16:15;2018-06-04T16:30;66;kWh;0;445;0;0;445;445
2018-06-04T16:30;2018-06-04T16:45;67;kWh;-29;43;0;0;72;14
2018-06-04T16:45;2018-06-04T17:00;68;kWh;0;2534;0;0;2534;2534
2018-06-04T17:00;2018-06-04T17:15;69;kWh;0;10487;0;0;10487;10487
2018-06-04T17:15;2018-06-04T17:30;70;kWh;0;20874;0;0;20874;20874
2018-06-04T17:30;2018-06-04T17:45;71;kWh;0;74653;0;0;74653;74653
2018-06-04T17:45;2018-06-04T18:00;72;kWh;-63;25011;0;0;25074;24948
2018-06-04T18:00;2018-06-04T18:15;73;kWh;0;3143;0;0;3143;3143
2018-06-04T18:15;2018-06-04T18:30;74;kWh;0;2581;0;0;2581;2581
2018-06-04T18:30;2018-06-04T18:45;75;kWh;0;0;0;0;0;0
2018-06-04T18:45;2018-06-04T19:00;76;kWh;0;0;0;0;0;0
2018-06-04T19:00;2018-06-04T19:15;77;kWh;-1509;0;0;0;1509;-1509
2018-06-04T19:15;2018-06-04T19:30;78;kWh;-3080;0;0;0;3080;-3080
2018-06-04T19:30;2018-06-04T19:45;79;kWh;-1594;0;0;0;1594;-1594
2018-06-04T19:45;2018-06-04T20:00;80;kWh;-55;6578;0;0;6633;6523
2018-06-04T20:00;2018-06-04T20:15;81;kWh;0;13682;0;0;13682;13682
2018-06-04T20:15;2018-06-04T20:30;82;kWh;0;12066;0;0;12066;12066
2018-06-04T20:30;2018-06-04T20:45;83;kWh;0;16248;0;0;16248;16248
2018-06-04T20:45;2018-06-04T21:00;84;kWh;0;6857;0;0;6857;6857
2018-06-04T21:00;2018-06-04T21:15;85;kWh;0;30990;0;0;30990;30990
2018-06-04T21:15;2018-06-04T21:30;86;kWh;0;44150;0;0;44150;44150
2018-06-04T21:30;2018-06-04T21:45;87;kWh;0;4092;0;0;4092;4092
2018-06-04T21:45;2018-06-04T22:00;88;kWh;0;10234;0;0;10234;10234
2018-06-04T22:00;2018-06-04T22:15;89;kWh;0;1606;0;0;1606;1606
2018-06-04T22:15;2018-06-04T22:30;90;kWh;0;0;0;0;0;0
2018-06-04T22:30;2018-06-04T22:45;91;kWh;0;0;0;0;0;0
2018-06-04T22:45;2018-06-04T23:00;92;kWh;-2049;0;0;0;2049;-2049
2018-06-04T23:00;2018-06-04T23:15;93;kWh;-1894;14336;0;0;16230;12442
2018-06-04T23:15;2018-06-04T23:30;94;kWh;0;31801;0;0;31801;31801
2018-06-04T23:30;2018-06-04T23:45;95;kWh;-19;125;0;0;144;106
2018-06-04T23:45;2018-06-05T00:00;96;kWh;-6314;0;0;0;6314;-6314
2018-06-05T00:00;2018-06-05T00:15;1;kWh;-425;572;0;0;997;147
2018-06-05T00:15;2018-06-05T00:30;2;kWh;0;1395;0;0;1395;1395
2018-06-05T00:30;2018-06-05T00:45;3;kWh;0;468;0;0;468;468
2018-06-05T00:45;2018-06-05T01:00;4;kWh;0;0;0;0;0;0
2018-06-05T01:00;2018-06-05T01:15;5;kWh;0;12187;0;0;12187;12187
2018-06-05T01:15;2018-06-05T01:30;6;kWh;0;49131;0;0;49131;49131
2018-06-05T01:30;2018-06-05T01:45;7;kWh;-90;855;0;0;945;765
2018-06-05T01:45;2018-06-05T02:00;8;kWh;0;0;0;0;0;0
2018-06-05T02:00;2018-06-05T02:15;9;kWh;0;2316;0;0;2316;2316
2018-06-05T02:15;2018-06-05T02:30;10;kWh;0;5627;0;0;5627;5627
2018-06-05T02:30;2018-06-05T02:45;11;kWh;0;32;0;0;32;32
2018-06-05T02:45;2018-06-05T03:00;12;kWh;0;18;0;0;18;18
2018-06-05T03:00;2018-06-05T03:15;13;kWh;0;8837;0;0;8837;8837
2018-06-05T03:15;2018-06-05T03:30;14;kWh;0;5212;0;0;5212;5212
2018-06-05T03:30;2018-06-05T03:45;15;kWh;0;1892;0;0;1892;1892
2018-06-05T03:45;2018-06-05T04:00;16;kWh;0;13630;0;0;13630;13630
2018-06-05T04:00;2018-06-05T04:15;17;kWh;0;1410;0;0;1410;1410
2018-06-05T04:15;2018-06-05T04:30;18;kWh;0;0;0;0;0;0
2018-06-05T04:30;2018-06-05T04:45;19;kWh;0;0;0;0;0;0
2018-06-05T04:45;2018-06-05T05:00;20;kWh;0;413;0;0;413;413
2018-06-05T05:00;2018-06-05T05:15;21;kWh;-4857;155;0;0;5012;-4702
2018-06-05T05:15;2018-06-05T05:30;22;kWh;-16290;0;0;0;16290;-16290
2018-06-05T05:30;2018-06-05T05:45;23;kWh;-12298;0;0;0;12298;-12298
2018-06-05T05:45;2018-06-05T06:00;24;kWh;-777;171;0;0;948;-606
2018-06-05T06:00;2018-06-05T06:15;25;kWh;-19804;51;0;0;19855;-19753
2018-06-05T06:15;2018-06-05T06:30;26;kWh;-34929;0;0;0;34929;-34929
2018-06-05T06:30;2018-06-05T06:45;27;kWh;-4593;4332;0;0;8925;-261
2018-06-05T06:45;2018-06-05T07:00;28;kWh;0;14356;0;0;14356;14356
2018-06-05T07:00;2018-06-05T07:15;29;kWh;-110;3509;0;0;3619;3399
2018-06-05T07:15;2018-06-05T07:30;30;kWh;-16;29;0;0;45;13
2018-06-05T07:30;2018-06-05T07:45;31;kWh;0;17717;0;0;17717;17717
2018-06-05T07:45;2018-06-05T08:00;32;kWh;0;35172;0;0;35172;35172
2018-06-05T08:00;2018-06-05T08:15;33;kWh;-918;7224;0;0;8142;6306
2018-06-05T08:15;2018-06-05T08:30;34;kWh;0;44096;0;12500;56596;56596
2018-06-05T08:30;2018-06-05T08:45;35;kWh;0;26228;0;12500;38728;38728
2018-06-05T08:45;2018-06-05T09:00;36;kWh;0;31830;0;0;31830;31830
2018-06-05T09:00;2018-06-05T09:15;37;kWh;0;56774;0;0;56774;56774
2018-06-05T09:15;2018-06-05T09:30;38;kWh;0;52934;0;0;52934;52934
2018-06-05T09:30;2018-06-05T09:45;39;kWh;0;53098;0;0;53098;53098
2018-06-05T09:45;2018-06-05T10:00;40;kWh;0;55771;0;0;55771;55771
2018-06-05T10:00;2018-06-05T10:15;41;kWh;0;70927;0;0;70927;70927
2018-06-05T10:15;2018-06-05T10:30;42;kWh;0;74572;0;0;79572;79572
2018-06-05T10:30;2018-06-05T10:45;43;kWh;0;69580;0;0;74580;74580
2018-06-05T10:45;2018-06-05T11:00;44;kWh;0;57193;0;0;62193;62193
2018-06-05T11:00;2018-06-05T11:15;45;kWh;0;58176;0;0;63176;63176
2018-06-05T11:15;2018-06-05T11:30;46;kWh;0;58326;0;0;63326;63326
2018-06-05T11:30;2018-06-05T11:45;47;kWh;0;51103;0;0;56103;56103
2018-06-05T11:45;2018-06-05T12:00;48;kWh;0;15013;0;0;20013;20013
2018-06-05T12:00;2018-06-05T12:15;49;kWh;0;21067;0;0;21067;21067
2018-06-05T12:15;2018-06-05T12:30;50;kWh;0;41504;0;0;41504;41504
2018-06-05T12:30;2018-06-05T12:45;51;kWh;0;25403;0;0;25403;25403
2018-06-05T12:45;2018-06-05T13:00;52;kWh;0;8761;0;0;8761;8761
2018-06-05T13:00;2018-06-05T13:15;53;kWh;0;36019;0;0;36019;36019
2018-06-05T13:15;2018-06-05T13:30;54;kWh;0;47473;0;0;47473;47473
2018-06-05T13:30;2018-06-05T13:45;55;kWh;0;17285;0;0;17285;17285
2018-06-05T13:45;2018-06-05T14:00;56;kWh;-3;29742;0;0;29745;29739
2018-06-05T14:00;2018-06-05T14:15;57;kWh;-2566;7696;0;0;10262;5130
2018-06-05T14:15;2018-06-05T14:30;58;kWh;0;22615;0;0;22615;22615
2018-06-05T14:30;2018-06-05T14:45;59;kWh;-805;1569;0;0;2374;764
2018-06-05T14:45;2018-06-05T15:00;60;kWh;-4261;0;0;0;4261;-4261
2018-06-05T15:00;2018-06-05T15:15;61;kWh;-13110;0;0;0;13110;-13110
2018-06-05T15:15;2018-06-05T15:30;62;kWh;-345;0;0;0;345;-345
2018-06-05T15:30;2018-06-05T15:45;63;kWh;0;64;0;0;64;64
2018-06-05T15:45;2018-06-05T16:00;64;kWh;0;841;0;0;841;841
2018-06-05T16:00;2018-06-05T16:15;65;kWh;-1426;0;0;0;1426;-1426
2018-06-05T16:15;2018-06-05T16:30;66;kWh;-21700;0;0;0;21700;-21700
2018-06-05T16:30;2018-06-05T16:45;67;kWh;-42409;0;0;0;42409;-42409
2018-06-05T16:45;2018-06-05T17:00;68;kWh;-57606;0;0;0;57606;-57606
2018-06-05T17:00;2018-06-05T17:15;69;kWh;-42069;0;0;0;42069;-42069
2018-06-05T17:15;2018-06-05T17:30;70;kWh;-4917;0;0;0;4917;-4917
2018-06-05T17:30;2018-06-05T17:45;71;kWh;-8523;0;0;0;8523;-8523
2018-06-05T17:45;2018-06-05T18:00;72;kWh;-1486;0;0;0;1486;-1486
2018-06-05T18:00;2018-06-05T18:15;73;kWh;-31271;0;0;0;31271;-31271
2018-06-05T18:15;2018-06-05T18:30;74;kWh;-34078;0;0;0;34078;-34078
2018-06-05T18:30;2018-06-05T18:45;75;kWh;-26457;0;0;0;26457;-26457
2018-06-05T18:45;2018-06-05T19:00;76;kWh;-11607;0;0;0;11607;-11607
2018-06-05T19:00;2018-06-05T19:15;77;kWh;-3512;0;0;0;3512;-3512
2018-06-05T19:15;2018-06-05T19:30;78;kWh;-4682;0;0;0;4682;-4682
2018-06-05T19:30;2018-06-05T19:45;79;kWh;-352;0;0;0;352;-352
2018-06-05T19:45;2018-06-05T20:00;80;kWh;0;2161;0;0;2161;2161
2018-06-05T20:00;2018-06-05T20:15;81;kWh;0;10855;0;0;10855;10855
2018-06-05T20:15;2018-06-05T20:30;82;kWh;0;4797;0;0;4797;4797
2018-06-05T20:30;2018-06-05T20:45;83;kWh;0;3101;0;0;3101;3101
2018-06-05T20:45;2018-06-05T21:00;84;kWh;0;0;0;0;0;0
2018-06-05T21:00;2018-06-05T21:15;85;kWh;0;0;0;0;0;0
2018-06-05T21:15;2018-06-05T21:30;86;kWh;-3295;0;0;0;3295;-3295
2018-06-05T21:30;2018-06-05T21:45;87;kWh;-12116;0;0;0;12116;-12116
2018-06-05T21:45;2018-06-05T22:00;88;kWh;-25814;0;0;0;25814;-25814
2018-06-05T22:00;2018-06-05T22:15;89;kWh;-50599;0;0;0;50599;-50599
2018-06-05T22:15;2018-06-05T22:30;90;kWh;-30686;0;0;0;30686;-30686
2018-06-05T22:30;2018-06-05T22:45;91;kWh;-34824;0;0;0;34824;-34824
2018-06-05T22:45;2018-06-05T23:00;92;kWh;-49449;0;0;0;49449;-49449
2018-06-05T23:00;2018-06-05T23:15;93;kWh;-27488;938;0;0;28426;-26550
2018-06-05T23:15;2018-06-05T23:30;94;kWh;-4890;301;0;0;5191;-4589
2018-06-05T23:30;2018-06-05T23:45;95;kWh;-21864;0;0;0;21864;-21864
2018-06-05T23:45;2018-06-06T00:00;96;kWh;-46608;0;0;0;46608;-46608
2018-06-06T00:00;2018-06-06T00:15;1;kWh;-27929;0;0;0;27929;-27929
2018-06-06T00:15;2018-06-06T00:30;2;kWh;-32448;0;0;0;32448;-32448
2018-06-06T00:30;2018-06-06T00:45;3;kWh;-48769;0;0;0;48769;-48769
2018-06-06T00:45;2018-06-06T01:00;4;kWh;-46974;0;0;0;46974;-46974
2018-06-06T01:00;2018-06-06T01:15;5;kWh;-51469;0;0;0;51469;-51469
2018-06-06T01:15;2018-06-06T01:30;6;kWh;-3120;46;0;0;3166;-3074
2018-06-06T01:30;2018-06-06T01:45;7;kWh;-14577;0;0;0;14577;-14577
2018-06-06T01:45;2018-06-06T02:00;8;kWh;-42270;0;0;0;42270;-42270
2018-06-06T02:00;2018-06-06T02:15;9;kWh;-20673;0;0;0;20673;-20673
2018-06-06T02:15;2018-06-06T02:30;10;kWh;0;220;0;0;220;220
2018-06-06T02:30;2018-06-06T02:45;11;kWh;0;567;0;0;567;567
2018-06-06T02:45;2018-06-06T03:00;12;kWh;-4179;0;0;0;4179;-4179
2018-06-06T03:00;2018-06-06T03:15;13;kWh;-1039;0;0;0;1039;-1039
2018-06-06T03:15;2018-06-06T03:30;14;kWh;-1413;0;0;0;1413;-1413
2018-06-06T03:30;2018-06-06T03:45;15;kWh;-17530;0;0;0;17530;-17530
2018-06-06T03:45;2018-06-06T04:00;16;kWh;-9952;510;0;0;10462;-9442
2018-06-06T04:00;2018-06-06T04:15;17;kWh;-185;45;0;0;230;-140
2018-06-06T04:15;2018-06-06T04:30;18;kWh;-545;0;0;0;545;-545
2018-06-06T04:30;2018-06-06T04:45;19;kWh;-3330;0;0;0;3330;-3330
2018-06-06T04:45;2018-06-06T05:00;20;kWh;-1566;0;0;0;1566;-1566
2018-06-06T05:00;2018-06-06T05:15;21;kWh;-22984;0;0;0;22984;-22984
2018-06-06T05:15;2018-06-06T05:30;22;kWh;-24154;0;0;0;24154;-24154
2018-06-06T05:30;2018-06-06T05:45;23;kWh;-36599;0;0;0;36599;-36599
2018-06-06T05:45;2018-06-06T06:00;24;kWh;-19714;0;0;0;19714;-19714
2018-06-06T06:00;2018-06-06T06:15;25;kWh;-22747;0;0;0;22747;-22747
2018-06-06T06:15;2018-06-06T06:30;26;kWh;-33090;0;0;0;33090;-33090
2018-06-06T06:30;2018-06-06T06:45;27;kWh;-4096;3;0;0;4099;-4093
2018-06-06T06:45;2018-06-06T07:00;28;kWh;0;5800;0;0;5800;5800
2018-06-06T07:00;2018-06-06T07:15;29;kWh;-33811;1155;0;0;34966;-32656
2018-06-06T07:15;2018-06-06T07:30;30;kWh;-82709;0;0;0;103959;-103959
2018-06-06T07:30;2018-06-06T07:45;31;kWh;-11425;62;0;0;11487;-11363
2018-06-06T07:45;2018-06-06T08:00;32;kWh;-2842;0;0;0;2842;-2842
2018-06-06T08:00;2018-06-06T08:15;33;kWh;-24065;0;0;0;24065;-24065
2018-06-06T08:15;2018-06-06T08:30;34;kWh;-14383;0;0;0;14383;-14383
2018-06-06T08:30;2018-06-06T08:45;35;kWh;-2392;0;0;0;2392;-2392
2018-06-06T08:45;2018-06-06T09:00;36;kWh;-4545;0;0;0;4545;-4545
2018-06-06T09:00;2018-06-06T09:15;37;kWh;-3994;0;0;0;3994;-3994
2018-06-06T09:15;2018-06-06T09:30;38;kWh;-7351;0;0;0;7351;-7351
2018-06-06T09:30;2018-06-06T09:45;39;kWh;-20352;0;0;0;20352;-20352
2018-06-06T09:45;2018-06-06T10:00;40;kWh;-26853;0;0;0;26853;-26853
2018-06-06T10:00;2018-06-06T10:15;41;kWh;-9378;334;0;0;9712;-9044
2018-06-06T10:15;2018-06-06T10:30;42;kWh;-1190;0;0;0;1190;-1190
2018-06-06T10:30;2018-06-06T10:45;43;kWh;-987;0;0;0;987;-987
2018-06-06T10:45;2018-06-06T11:00;44;kWh;-1552;0;0;0;1552;-1552
2018-06-06T11:00;2018-06-06T11:15;45;kWh;-163;0;0;0;163;-163
2018-06-06T11:15;2018-06-06T11:30;46;kWh;-16;0;0;0;16;-16
2018-06-06T11:30;2018-06-06T11:45;47;kWh;-992;0;0;0;992;-992
2018-06-06T11:45;2018-06-06T12:00;48;kWh;-570;0;0;0;570;-570
2018-06-06T12:00;2018-06-06T12:15;49;kWh;-1505;0;0;0;1505;-1505
2018-06-06T12:15;2018-06-06T12:30;50;kWh;-16274;0;0;0;16274;-16274
2018-06-06T12:30;2018-06-06T12:45;51;kWh;-13317;0;0;0;13317;-13317
2018-06-06T12:45;2018-06-06T13:00;52;kWh;-84;0;0;0;84;-84
2018-06-06T13:00;2018-06-06T13:15;53;kWh;0;0;0;0;0;0
2018-06-06T13:15;2018-06-06T13:30;54;kWh;0;0;0;0;0;0
2018-06-06T13:30;2018-06-06T13:45;55;kWh;-534;0;0;0;534;-534
2018-06-06T13:45;2018-06-06T14:00;56;kWh;-7134;0;0;0;7134;-7134
2018-06-06T14:00;2018-06-06T14:15;57;kWh;-2767;0;0;0;2767;-2767
2018-06-06T14:15;2018-06-06T14:30;58;kWh;0;0;0;0;0;0
2018-06-06T14:30;2018-06-06T14:45;59;kWh;0;0;0;0;0;0
2018-06-06T14:45;2018-06-06T15:00;60;kWh;-440;0;0;0;440;-440
2018-06-06T15:00;2018-06-06T15:15;61;kWh;-23182;0;0;0;23182;-23182
2018-06-06T15:15;2018-06-06T15:30;62;kWh;-29290;0;0;0;29290;-29290
2018-06-06T15:30;2018-06-06T15:45;63;kWh;-11072;0;0;0;11072;-11072
2018-06-06T15:45;2018-06-06T16:00;64;kWh;-3327;0;0;0;3327;-3327
2018-06-06T16:00;2018-06-06T16:15;65;kWh;-2042;0;0;0;2042;-2042
2018-06-06T16:15;2018-06-06T16:30;66;kWh;0;1210;0;0;1210;1210
2018-06-06T16:30;2018-06-06T16:45;67;kWh;0;3798;0;0;3798;3798
2018-06-06T16:45;2018-06-06T17:00;68;kWh;0;4973;0;0;4973;4973
2018-06-06T17:00;2018-06-06T17:15;69;kWh;0;3223;0;0;3223;3223
2018-06-06T17:15;2018-06-06T17:30;70;kWh;0;14294;0;0;14294;14294
2018-06-06T17:30;2018-06-06T17:45;71;kWh;0;22801;0;0;22801;22801
2018-06-06T17:45;2018-06-06T18:00;72;kWh;0;6136;0;0;6136;6136
2018-06-06T18:00;2018-06-06T18:15;73;kWh;0;1071;0;0;1071;1071
2018-06-06T18:15;2018-06-06T18:30;74;kWh;0;0;0;0;0;0
2018-06-06T18:30;2018-06-06T18:45;75;kWh;0;509;0;0;509;509
2018-06-06T18:45;2018-06-06T19:00;76;kWh;0;3168;0;0;3168;3168
2018-06-06T19:00;2018-06-06T19:15;77;kWh;0;2553;0;0;2553;2553
2018-06-06T19:15;2018-06-06T19:30;78;kWh;0;1075;0;0;1075;1075
2018-06-06T19:30;2018-06-06T19:45;79;kWh;0;588;0;0;588;588
2018-06-06T19:45;2018-06-06T20:00;80;kWh;0;4603;0;0;4603;4603
2018-06-06T20:00;2018-06-06T20:15;81;kWh;0;19452;0;0;19452;19452
2018-06-06T20:15;2018-06-06T20:30;82;kWh;0;32163;0;0;32163;32163
2018-06-06T20:30;2018-06-06T20:45;83;kWh;-159;4075;0;0;4234;3916
2018-06-06T20:45;2018-06-06T21:00;84;kWh;0;389;0;0;389;389
2018-06-06T21:00;2018-06-06T21:15;85;kWh;0;25396;0;0;25396;25396
2018-06-06T21:15;2018-06-06T21:30;86;kWh;0;40407;0;0;40407;40407
2018-06-06T21:30;2018-06-06T21:45;87;kWh;0;33339;0;0;33339;33339
2018-06-06T21:45;2018-06-06T22:00;88;kWh;0;17597;0;0;17597;17597
2018-06-06T22:00;2018-06-06T22:15;89;kWh;0;31233;0;0;31233;31233
2018-06-06T22:15;2018-06-06T22:30;90;kWh;0;83442;0;0;83442;83442
2018-06-06T22:30;2018-06-06T22:45;91;kWh;0;31420;0;0;31420;31420
2018-06-06T22:45;2018-06-06T23:00;92;kWh;-477;687;0;0;1164;210
2018-06-06T23:00;2018-06-06T23:15;93;kWh;0;33020;0;0;33020;33020
2018-06-06T23:15;2018-06-06T23:30;94;kWh;0;49613;0;0;49613;49613
2018-06-06T23:30;2018-06-06T23:45;95;kWh;-199;2919;0;0;3118;2720
2018-06-06T23:45;2018-06-07T00:00;96;kWh;-5095;0;0;0;5095;-5095
2018-06-07T00:00;2018-06-07T00:15;1;kWh;-2874;9844;0;0;12718;6970
2018-06-07T00:15;2018-06-07T00:30;2;kWh;0;19028;0;0;19028;19028
2018-06-07T00:30;2018-06-07T00:45;3;kWh;0;10410;0;0;10410;10410
2018-06-07T00:45;2018-06-07T01:00;4;kWh;0;3046;0;0;3046;3046
2018-06-07T01:00;2018-06-07T01:15;5;kWh;0;0;0;0;0;0
2018-06-07T01:15;2018-06-07T01:30;6;kWh;0;0;0;0;0;0
2018-06-07T01:30;2018-06-07T01:45;7;kWh;0;0;0;0;0;0
2018-06-07T01:45;2018-06-07T02:00;8;kWh;-5375;0;0;0;5375;-5375
2018-06-07T02:00;2018-06-07T02:15;9;kWh;-8878;87;0;0;8965;-8791
2018-06-07T02:15;2018-06-07T02:30;10;kWh;0;441;0;0;441;441
2018-06-07T02:30;2018-06-07T02:45;11;kWh;0;0;0;0;0;0
2018-06-07T02:45;2018-06-07T03:00;12;kWh;0;0;0;0;0;0
2018-06-07T03:00;2018-06-07T03:15;13;kWh;0;0;0;0;0;0
2018-06-07T03:15;2018-06-07T03:30;14;kWh;-2223;0;0;0;2223;-2223
2018-06-07T03:30;2018-06-07T03:45;15;kWh;-152;982;0;0;1134;830
2018-06-07T03:45;2018-06-07T04:00;16;kWh;0;16919;0;0;16919;16919
2018-06-07T04:00;2018-06-07T04:15;17;kWh;0;4628;0;0;4628;4628
2018-06-07T04:15;2018-06-07T04:30;18;kWh;0;1975;0;0;1975;1975
2018-06-07T04:30;2018-06-07T04:45;19;kWh;0;9299;0;0;9299;9299
2018-06-07T04:45;2018-06-07T05:00;20;kWh;0;7436;0;0;7436;7436
2018-06-07T05:00;2018-06-07T05:15;21;kWh;-1680;2;0;0;1682;-1678
2018-06-07T05:15;2018-06-07T05:30;22;kWh;-1072;0;0;0;1072;-1072
2018-06-07T05:30;2018-06-07T05:45;23;kWh;-26;0;0;0;26;-26
2018-06-07T05:45;2018-06-07T06:00;24;kWh;-21;0;0;0;21;-21
2018-06-07T06:00;2018-06-07T06:15;25;kWh;-19636;0;0;0;19636;-19636
2018-06-07T06:15;2018-06-07T06:30;26;kWh;-11710;397;0;0;12107;-11313
2018-06-07T06:30;2018-06-07T06:45;27;kWh;-13;16770;0;0;16783;16757
2018-06-07T06:45;2018-06-07T07:00;28;kWh;0;55004;0;0;55004;55004
2018-06-07T07:00;2018-06-07T07:15;29;kWh;-11626;14894;0;0;26520;3268
2018-06-07T07:15;2018-06-07T07:30;30;kWh;-3735;0;0;0;3735;-3735
2018-06-07T07:30;2018-06-07T07:45;31;kWh;0;2382;0;0;2382;2382
2018-06-07T07:45;2018-06-07T08:00;32;kWh;0;28193;0;0;28193;28193
2018-06-07T08:00;2018-06-07T08:15;33;kWh;-3801;7817;0;0;11618;4016
2018-06-07T08:15;2018-06-07T08:30;34;kWh;-571;0;0;0;571;-571
2018-06-07T08:30;2018-06-07T08:45;35;kWh;-748;0;0;0;748;-748
2018-06-07T08:45;2018-06-07T09:00;36;kWh;-401;872;0;0;1273;471
2018-06-07T09:00;2018-06-07T09:15;37;kWh;0;41081;0;0;41081;41081
2018-06-07T09:15;2018-06-07T09:30;38;kWh;0;35906;0;0;35906;35906
2018-06-07T09:30;2018-06-07T09:45;39;kWh;0;28964;0;0;28964;28964
2018-06-07T09:45;2018-06-07T10:00;40;kWh;0;40394;0;0;40394;40394
2018-06-07T10:00;2018-06-07T10:15;41;kWh;0;88771;0;0;90021;90021
2018-06-07T10:15;2018-06-07T10:30;42;kWh;0;80921;0;0;82171;82171
2018-06-07T10:30;2018-06-07T10:45;43;kWh;0;69174;0;0;70424;70424
2018-06-07T10:45;2018-06-07T11:00;44;kWh;0;29700;0;0;30950;30950
2018-06-07T11:00;2018-06-07T11:15;45;kWh;0;55202;0;0;56452;56452
2018-06-07T11:15;2018-06-07T11:30;46;kWh;0;64017;0;15303;80570;80570
2018-06-07T11:30;2018-06-07T11:45;47;kWh;0;1436;0;5721;7157;7157
2018-06-07T11:45;2018-06-07T12:00;48;kWh;0;12914;0;0;12914;12914
2018-06-07T12:00;2018-06-07T12:15;49;kWh;0;34050;0;0;34050;34050
2018-06-07T12:15;2018-06-07T12:30;50;kWh;0;45651;0;0;45651;45651
2018-06-07T12:30;2018-06-07T12:45;51;kWh;0;28450;0;0;28450;28450
2018-06-07T12:45;2018-06-07T13:00;52;kWh;0;40030;0;0;40030;40030
2018-06-07T13:00;2018-06-07T13:15;53;kWh;-319;13901;0;0;14220;13582
2018-06-07T13:15;2018-06-07T13:30;54;kWh;-7;0;0;0;7;-7
2018-06-07T13:30;2018-06-07T13:45;55;kWh;-611;0;0;0;611;-611
2018-06-07T13:45;2018-06-07T14:00;56;kWh;-14;1441;0;0;1455;1427
2018-06-07T14:00;2018-06-07T14:15;57;kWh;0;2117;0;0;2117;2117
2018-06-07T14:15;2018-06-07T14:30;58;kWh;0;17051;0;0;17051;17051
2018-06-07T14:30;2018-06-07T14:45;59;kWh;0;20254;0;0;20254;20254
2018-06-07T14:45;2018-06-07T15:00;60;kWh;-311;5159;0;0;5470;4848
2018-06-07T15:00;2018-06-07T15:15;61;kWh;-887;0;0;0;887;-887
2018-06-07T15:15;2018-06-07T15:30;62;kWh;0;0;0;0;0;0
2018-06-07T15:30;2018-06-07T15:45;63;kWh;0;0;0;0;0;0
2018-06-07T15:45;2018-06-07T16:00;64;kWh;-8;0;0;0;8;-8
2018-06-07T16:00;2018-06-07T16:15;65;kWh;-1500;0;0;0;1500;-1500
2018-06-07T16:15;2018-06-07T16:30;66;kWh;0;0;0;0;0;0
2018-06-07T16:30;2018-06-07T16:45;67;kWh;0;0;0;0;0;0
2018-06-07T16:45;2018-06-07T17:00;68;kWh;-574;0;0;0;574;-574
2018-06-07T17:00;2018-06-07T17:15;69;kWh;-1267;0;0;0;1267;-1267
2018-06-07T17:15;2018-06-07T17:30;70;kWh;0;1207;0;0;1207;1207
2018-06-07T17:30;2018-06-07T17:45;71;kWh;0;3079;0;0;3079;3079
2018-06-07T17:45;2018-06-07T18:00;72;kWh;0;6461;0;0;6461;6461
2018-06-07T18:00;2018-06-07T18:15;73;kWh;0;16736;0;0;16736;16736
2018-06-07T18:15;2018-06-07T18:30;74;kWh;0;16386;0;0;16386;16386
2018-06-07T18:30;2018-06-07T18:45;75;kWh;0;15477;0;0;15477;15477
2018-06-07T18:45;2018-06-07T19:00;76;kWh;0;44165;0;0;44165;44165
2018-06-07T19:00;2018-06-07T19:15;77;kWh;0;24031;0;0;24031;24031
2018-06-07T19:15;2018-06-07T19:30;78;kWh;-334;5892;0;0;6226;5558
2018-06-07T19:30;2018-06-07T19:45;79;kWh;-132;6314;0;0;6446;6182
2018-06-07T19:45;2018-06-07T20:00;80;kWh;0;35286;0;0;35286;35286
2018-06-07T20:00;2018-06-07T20:15;81;kWh;-584;6194;0;0;6778;5610
2018-06-07T20:15;2018-06-07T20:30;82;kWh;-1270;0;0;0;1270;-1270
2018-06-07T20:30;2018-06-07T20:45;83;kWh;-1408;0;0;0;1408;-1408
2018-06-07T20:45;2018-06-07T21:00;84;kWh;-2804;3330;0;0;6134;526
2018-06-07T21:00;2018-06-07T21:15;85;kWh;0;37708;0;0;37708;37708
2018-06-07T21:15;2018-06-07T21:30;86;kWh;0;5361;0;0;5361;5361
2018-06-07T21:30;2018-06-07T21:45;87;kWh;0;462;0;0;462;462
2018-06-07T21:45;2018-06-07T22:00;88;kWh;-833;0;0;0;833;-833
2018-06-07T22:00;2018-06-07T22:15;89;kWh;-13110;133;0;0;13243;-12977
2018-06-07T22:15;2018-06-07T22:30;90;kWh;0;3271;0;0;3271;3271
2018-06-07T22:30;2018-06-07T22:45;91;kWh;0;5617;0;0;5617;5617
2018-06-07T22:45;2018-06-07T23:00;92;kWh;-193;281;0;0;474;88
2018-06-07T23:00;2018-06-07T23:15;93;kWh;0;24025;0;0;24025;24025
2018-06-07T23:15;2018-06-07T23:30;94;kWh;-219;14818;0;0;15037;14599
2018-06-07T23:30;2018-06-07T23:45;95;kWh;-2532;5;0;0;2537;-2527
2018-06-07T23:45;2018-06-08T00:00;96;kWh;-8591;0;0;0;8591;-8591
2018-06-08T00:00;2018-06-08T00:15;1;kWh;-16717;1671;0;0;18388;-15046
2018-06-08T00:15;2018-06-08T00:30;2;kWh;-155;36726;0;0;36881;36571
2018-06-08T00:30;2018-06-08T00:45;3;kWh;0;6953;0;0;6953;6953
2018-06-08T00:45;2018-06-08T01:00;4;kWh;0;532;0;0;532;532
2018-06-08T01:00;2018-06-08T01:15;5;kWh;0;2654;0;0;2654;2654
2018-06-08T01:15;2018-06-08T01:30;6;kWh;0;13918;0;0;13918;13918
2018-06-08T01:30;2018-06-08T01:45;7;kWh;-113;615;0;0;728;502
2018-06-08T01:45;2018-06-08T02:00;8;kWh;-211;0;0;0;211;-211
2018-06-08T02:00;2018-06-08T02:15;9;kWh;-139;0;0;0;139;-139
2018-06-08T02:15;2018-06-08T02:30;10;kWh;0;0;0;0;0;0
2018-06-08T02:30;2018-06-08T02:45;11;kWh;0;0;0;0;0;0
2018-06-08T02:45;2018-06-08T03:00;12;kWh;-278;0;0;0;278;-278
2018-06-08T03:00;2018-06-08T03:15;13;kWh;-336;0;0;0;336;-336
2018-06-08T03:15;2018-06-08T03:30;14;kWh;0;446;0;0;446;446
2018-06-08T03:30;2018-06-08T03:45;15;kWh;0;1360;0;0;1360;1360
2018-06-08T03:45;2018-06-08T04:00;16;kWh;0;3835;0;0;3835;3835
2018-06-08T04:00;2018-06-08T04:15;17;kWh;0;13609;0;0;13609;13609
2018-06-08T04:15;2018-06-08T04:30;18;kWh;0;34378;0;0;34378;34378
2018-06-08T04:30;2018-06-08T04:45;19;kWh;0;37973;0;0;37973;37973
2018-06-08T04:45;2018-06-08T05:00;20;kWh;0;15718;0;0;15718;15718
2018-06-08T05:00;2018-06-08T05:15;21;kWh;0;847;0;0;847;847
2018-06-08T05:15;2018-06-08T05:30;22;kWh;0;59;0;0;59;59
2018-06-08T05:30;2018-06-08T05:45;23;kWh;0;3374;0;0;3374;3374
2018-06-08T05:45;2018-06-08T06:00;24;kWh;-7;13043;0;0;13050;13036
2018-06-08T06:00;2018-06-08T06:15;25;kWh;-19044;1600;0;0;20644;-17444
2018-06-08T06:15;2018-06-08T06:30;26;kWh;-3907;1624;0;0;5531;-2283
2018-06-08T06:30;2018-06-08T06:45;27;kWh;0;28245;0;0;28245;28245
2018-06-08T06:45;2018-06-08T07:00;28;kWh;-917;11963;0;0;12880;11046
2018-06-08T07:00;2018-06-08T07:15;29;kWh;-20656;0;0;0;20656;-20656
2018-06-08T07:15;2018-06-08T07:30;30;kWh;-3083;1179;0;0;4262;-1904
2018-06-08T07:30;2018-06-08T07:45;31;kWh;0;33708;0;0;33708;33708
2018-06-08T07:45;2018-06-08T08:00;32;kWh;0;44934;0;0;44934;44934
2018-06-08T08:00;2018-06-08T08:15;33;kWh;-880;11072;0;0;11952;10192
2018-06-08T08:15;2018-06-08T08:30;34;kWh;0;216;0;0;216;216
2018-06-08T08:30;2018-06-08T08:45;35;kWh;0;13912;0;0;13912;13912
2018-06-08T08:45;2018-06-08T09:00;36;kWh;0;35013;0;0;35013;35013
2018-06-08T09:00;2018-06-08T09:15;37;kWh;0;48108;0;0;48108;48108
2018-06-08T09:15;2018-06-08T09:30;38;kWh;0;46961;0;0;46961;46961
2018-06-08T09:30;2018-06-08T09:45;39;kWh;0;54791;0;0;54791;54791
2018-06-08T09:45;2018-06-08T10:00;40;kWh;0;82155;0;45551;127706;127706
2018-06-08T10:00;2018-06-08T10:15;41;kWh;0;87413;0;100765;188178;188178
2018-06-08T10:15;2018-06-08T10:30;42;kWh;0;65166;0;100467;166883;166883
2018-06-08T10:30;2018-06-08T10:45;43;kWh;0;23902;0;66539;90441;90441
2018-06-08T10:45;2018-06-08T11:00;44;kWh;0;22580;0;20000;42580;42580
2018-06-08T11:00;2018-06-08T11:15;45;kWh;0;33174;0;0;33174;33174
2018-06-08T11:15;2018-06-08T11:30;46;kWh;0;46555;0;0;46555;46555
2018-06-08T11:30;2018-06-08T11:45;47;kWh;0;73540;0;0;73540;73540
2018-06-08T11:45;2018-06-08T12:00;48;kWh;0;66372;0;0;66372;66372
2018-06-08T12:00;2018-06-08T12:15;49;kWh;0;64004;0;0;64004;64004
2018-06-08T12:15;2018-06-08T12:30;50;kWh;0;75057;0;0;75057;75057
2018-06-08T12:30;2018-06-08T12:45;51;kWh;0;34490;0;0;34490;34490
2018-06-08T12:45;2018-06-08T13:00;52;kWh;0;36987;0;0;36987;36987
2018-06-08T13:00;2018-06-08T13:15;53;kWh;0;39022;0;0;39022;39022
2018-06-08T13:15;2018-06-08T13:30;54;kWh;0;57225;0;0;57225;57225
2018-06-08T13:30;2018-06-08T13:45;55;kWh;0;47721;0;0;47721;47721
2018-06-08T13:45;2018-06-08T14:00;56;kWh;0;47016;0;0;47016;47016
2018-06-08T14:00;2018-06-08T14:15;57;kWh;0;52563;0;0;52563;52563
2018-06-08T14:15;2018-06-08T14:30;58;kWh;0;44809;0;0;46059;46059
2018-06-08T14:30;2018-06-08T14:45;59;kWh;-458;8015;0;0;8473;7557
2018-06-08T14:45;2018-06-08T15:00;60;kWh;-977;0;0;0;977;-977
2018-06-08T15:00;2018-06-08T15:15;61;kWh;-396;3380;0;0;3776;2984
2018-06-08T15:15;2018-06-08T15:30;62;kWh;0;4137;0;0;4137;4137
2018-06-08T15:30;2018-06-08T15:45;63;kWh;0;466;0;0;466;466
2018-06-08T15:45;2018-06-08T16:00;64;kWh;0;1782;0;0;1782;1782
2018-06-08T16:00;2018-06-08T16:15;65;kWh;0;8;0;0;8;8
2018-06-08T16:15;2018-06-08T16:30;66;kWh;0;734;0;0;734;734
2018-06-08T16:30;2018-06-08T16:45;67;kWh;0;314;0;0;314;314
2018-06-08T16:45;2018-06-08T17:00;68;kWh;0;722;0;0;722;722
2018-06-08T17:00;2018-06-08T17:15;69;kWh;0;0;0;0;0;0
2018-06-08T17:15;2018-06-08T17:30;70;kWh;0;0;0;0;0;0
2018-06-08T17:30;2018-06-08T17:45;71;kWh;0;0;0;0;0;0
2018-06-08T17:45;2018-06-08T18:00;72;kWh;-292;0;0;0;292;-292
2018-06-08T18:00;2018-06-08T18:15;73;kWh;-7643;0;0;0;7643;-7643
2018-06-08T18:15;2018-06-08T18:30;74;kWh;-9603;0;0;0;9603;-9603
2018-06-08T18:30;2018-06-08T18:45;75;kWh;-872;0;0;0;872;-872
2018-06-08T18:45;2018-06-08T19:00;76;kWh;-1073;0;0;0;1073;-1073
2018-06-08T19:00;2018-06-08T19:15;77;kWh;-1336;0;0;0;1336;-1336
2018-06-08T19:15;2018-06-08T19:30;78;kWh;-552;0;0;0;552;-552
2018-06-08T19:30;2018-06-08T19:45;79;kWh;-994;0;0;0;994;-994
2018-06-08T19:45;2018-06-08T20:00;80;kWh;-1242;0;0;0;1242;-1242
2018-06-08T20:00;2018-06-08T20:15;81;kWh;-1258;0;0;0;1258;-1258
2018-06-08T20:15;2018-06-08T20:30;82;kWh;-50;0;0;0;50;-50
2018-06-08T20:30;2018-06-08T20:45;83;kWh;-80;0;0;0;80;-80
2018-06-08T20:45;2018-06-08T21:00;84;kWh;-992;0;0;0;992;-992
2018-06-08T21:00;2018-06-08T21:15;85;kWh;-232;5377;0;0;5609;5145
2018-06-08T21:15;2018-06-08T21:30;86;kWh;0;5581;0;0;5581;5581
2018-06-08T21:30;2018-06-08T21:45;87;kWh;0;206;0;0;206;206
2018-06-08T21:45;2018-06-08T22:00;88;kWh;-909;0;0;0;909;-909
2018-06-08T22:00;2018-06-08T22:15;89;kWh;-1869;0;0;0;1869;-1869
2018-06-08T22:15;2018-06-08T22:30;90;kWh;-472;0;0;0;472;-472
2018-06-08T22:30;2018-06-08T22:45;91;kWh;-1127;0;0;0;1127;-1127
2018-06-08T22:45;2018-06-08T23:00;92;kWh;-716;0;0;0;716;-716
2018-06-08T23:00;2018-06-08T23:15;93;kWh;-360;19345;0;0;19705;18985
2018-06-08T23:15;2018-06-08T23:30;94;kWh;0;28761;0;0;28761;28761
2018-06-08T23:30;2018-06-08T23:45;95;kWh;-13;915;0;0;928;902
2018-06-08T23:45;2018-06-09T00:00;96;kWh;-60;5189;0;0;5249;5129
2018-06-09T00:00;2018-06-09T00:15;1;kWh;0;1699;0;0;1699;1699
2018-06-09T00:15;2018-06-09T00:30;2;kWh;0;11312;0;0;11312;11312
2018-06-09T00:30;2018-06-09T00:45;3;kWh;-19;7256;0;0;7275;7237
2018-06-09T00:45;2018-06-09T01:00;4;kWh;-342;46;0;0;388;-296
2018-06-09T01:00;2018-06-09T01:15;5;kWh;-1390;2638;0;0;4028;1248
2018-06-09T01:15;2018-06-09T01:30;6;kWh;0;19766;0;0;19766;19766
2018-06-09T01:30;2018-06-09T01:45;7;kWh;0;2124;0;0;2124;2124
2018-06-09T01:45;2018-06-09T02:00;8;kWh;0;8566;0;0;8566;8566
2018-06-09T02:00;2018-06-09T02:15;9;kWh;-693;614;0;0;1307;-79
2018-06-09T02:15;2018-06-09T02:30;10;kWh;0;26433;0;0;26433;26433
2018-06-09T02:30;2018-06-09T02:45;11;kWh;0;27916;0;0;27916;27916
2018-06-09T02:45;2018-06-09T03:00;12;kWh;-174;10419;0;0;10593;10245
2018-06-09T03:00;2018-06-09T03:15;13;kWh;-121;1997;0;0;2118;1876
2018-06-09T03:15;2018-06-09T03:30;14;kWh;0;1192;0;0;1192;1192
2018-06-09T03:30;2018-06-09T03:45;15;kWh;0;1680;0;0;1680;1680
2018-06-09T03:45;2018-06-09T04:00;16;kWh;0;0;0;0;0;0
2018-06-09T04:00;2018-06-09T04:15;17;kWh;0;1223;0;0;1223;1223
2018-06-09T04:15;2018-06-09T04:30;18;kWh;0;1356;0;0;1356;1356
2018-06-09T04:30;2018-06-09T04:45;19;kWh;0;0;0;0;0;0
2018-06-09T04:45;2018-06-09T05:00;20;kWh;0;0;0;0;0;0
2018-06-09T05:00;2018-06-09T05:15;21;kWh;0;818;0;0;818;818
2018-06-09T05:15;2018-06-09T05:30;22;kWh;0;332;0;0;332;332
2018-06-09T05:30;2018-06-09T05:45;23;kWh;0;0;0;0;0;0
2018-06-09T05:45;2018-06-09T06:00;24;kWh;0;61;0;0;61;61
2018-06-09T06:00;2018-06-09T06:15;25;kWh;-10658;0;0;0;10658;-10658
2018-06-09T06:15;2018-06-09T06:30;26;kWh;-3888;0;0;0;3888;-3888
2018-06-09T06:30;2018-06-09T06:45;27;kWh;-927;0;0;0;927;-927
2018-06-09T06:45;2018-06-09T07:00;28;kWh;-60;0;0;0;60;-60
2018-06-09T07:00;2018-06-09T07:15;29;kWh;-24347;0;0;0;24347;-24347
2018-06-09T07:15;2018-06-09T07:30;30;kWh;-9989;0;0;0;9989;-9989
2018-06-09T07:30;2018-06-09T07:45;31;kWh;0;0;0;0;0;0
2018-06-09T07:45;2018-06-09T08:00;32;kWh;0;0;0;0;0;0
2018-06-09T08:00;2018-06-09T08:15;33;kWh;-8670;0;0;0;8670;-8670
2018-06-09T08:15;2018-06-09T08:30;34;kWh;-5253;0;0;0;5253;-5253
2018-06-09T08:30;2018-06-09T08:45;35;kWh;0;0;0;0;0;0
2018-06-09T08:45;2018-06-09T09:00;36;kWh;0;0;0;0;0;0
2018-06-09T09:00;2018-06-09T09:15;37;kWh;0;0;0;0;0;0
2018-06-09T09:15;2018-06-09T09:30;38;kWh;0;0;0;0;0;0
2018-06-09T09:30;2018-06-09T09:45;39;kWh;-3976;0;0;0;3976;-3976
2018-06-09T09:45;2018-06-09T10:00;40;kWh;-20315;0;0;0;20315;-20315
2018-06-09T10:00;2018-06-09T10:15;41;kWh;-8910;0;0;0;8910;-8910
2018-06-09T10:15;2018-06-09T10:30;42;kWh;-579;0;0;0;579;-579
2018-06-09T10:30;2018-06-09T10:45;43;kWh;-19299;0;0;0;19299;-19299
2018-06-09T10:45;2018-06-09T11:00;44;kWh;-34847;0;0;0;34847;-34847
2018-06-09T11:00;2018-06-09T11:15;45;kWh;-17581;0;0;0;17581;-17581
2018-06-09T11:15;2018-06-09T11:30;46;kWh;-31868;0;0;0;31868;-31868
2018-06-09T11:30;2018-06-09T11:45;47;kWh;-24031;0;0;0;24031;-24031
2018-06-09T11:45;2018-06-09T12:00;48;kWh;-10385;0;0;0;10385;-10385
2018-06-09T12:00;2018-06-09T12:15;49;kWh;-18309;0;0;0;18309;-18309
2018-06-09T12:15;2018-06-09T12:30;50;kWh;-4413;0;0;0;4413;-4413
2018-06-09T12:30;2018-06-09T12:45;51;kWh;-2015;0;0;0;2015;-2015
2018-06-09T12:45;2018-06-09T13:00;52;kWh;-4000;0;0;0;4000;-4000
2018-06-09T13:00;2018-06-09T13:15;53;kWh;-2323;1171;0;0;3494;-1152
2018-06-09T13:15;2018-06-09T13:30;54;kWh;0;16;0;0;16;16
2018-06-09T13:30;2018-06-09T13:45;55;kWh;-57;0;0;0;57;-57
2018-06-09T13:45;2018-06-09T14:00;56;kWh;-732;0;0;0;732;-732
2018-06-09T14:00;2018-06-09T14:15;57;kWh;-17577;0;0;0;17577;-17577
2018-06-09T14:15;2018-06-09T14:30;58;kWh;-79724;0;0;0;79724;-79724
2018-06-09T14:30;2018-06-09T14:45;59;kWh;-80542;0;0;0;80542;-80542
2018-06-09T14:45;2018-06-09T15:00;60;kWh;-68621;0;0;0;68621;-68621
2018-06-09T15:00;2018-06-09T15:15;61;kWh;-13460;0;0;0;13460;-13460
2018-06-09T15:15;2018-06-09T15:30;62;kWh;0;0;0;0;0;0
2018-06-09T15:30;2018-06-09T15:45;63;kWh;-463;0;0;0;463;-463
2018-06-09T15:45;2018-06-09T16:00;64;kWh;-1047;0;0;0;1047;-1047
2018-06-09T16:00;2018-06-09T16:15;65;kWh;-205;0;0;0;205;-205
2018-06-09T16:15;2018-06-09T16:30;66;kWh;0;0;0;0;0;0
2018-06-09T16:30;2018-06-09T16:45;67;kWh;0;0;0;0;0;0
2018-06-09T16:45;2018-06-09T17:00;68;kWh;0;1142;0;0;1142;1142
2018-06-09T17:00;2018-06-09T17:15;69;kWh;-1231;339;0;0;1570;-892
2018-06-09T17:15;2018-06-09T17:30;70;kWh;-288;0;0;0;288;-288
2018-06-09T17:30;2018-06-09T17:45;71;kWh;0;1;0;0;1;1
2018-06-09T17:45;2018-06-09T18:00;72;kWh;0;7283;0;0;7283;7283
2018-06-09T18:00;2018-06-09T18:15;73;kWh;-7626;2331;0;0;9957;-5295
2018-06-09T18:15;2018-06-09T18:30;74;kWh;-27653;0;0;0;27653;-27653
2018-06-09T18:30;2018-06-09T18:45;75;kWh;-995;0;0;0;995;-995
2018-06-09T18:45;2018-06-09T19:00;76;kWh;0;0;0;0;0;0
2018-06-09T19:00;2018-06-09T19:15;77;kWh;0;429;0;0;429;429
2018-06-09T19:15;2018-06-09T19:30;78;kWh;0;5558;0;0;5558;5558
2018-06-09T19:30;2018-06-09T19:45;79;kWh;0;6131;0;0;6131;6131
2018-06-09T19:45;2018-06-09T20:00;80;kWh;0;2825;0;0;2825;2825
2018-06-09T20:00;2018-06-09T20:15;81;kWh;0;12452;0;0;12452;12452
2018-06-09T20:15;2018-06-09T20:30;82;kWh;0;12523;0;0;12523;12523
2018-06-09T20:30;2018-06-09T20:45;83;kWh;0;4743;0;0;4743;4743
2018-06-09T20:45;2018-06-09T21:00;84;kWh;-8;0;0;0;8;-8
2018-06-09T21:00;2018-06-09T21:15;85;kWh;-131;0;0;0;131;-131
2018-06-09T21:15;2018-06-09T21:30;86;kWh;0;0;0;0;0;0
2018-06-09T21:30;2018-06-09T21:45;87;kWh;0;0;0;0;0;0
2018-06-09T21:45;2018-06-09T22:00;88;kWh;0;4685;0;0;4685;4685
2018-06-09T22:00;2018-06-09T22:15;89;kWh;0;1427;0;0;1427;1427
2018-06-09T22:15;2018-06-09T22:30;90;kWh;0;13983;0;0;13983;13983
2018-06-09T22:30;2018-06-09T22:45;91;kWh;0;21024;0;0;21024;21024
2018-06-09T22:45;2018-06-09T23:00;92;kWh;-22;9841;0;0;9863;9819
2018-06-09T23:00;2018-06-09T23:15;93;kWh;-17;16778;0;0;16795;16761
2018-06-09T23:15;2018-06-09T23:30;94;kWh;0;31320;0;0;31320;31320
2018-06-09T23:30;2018-06-09T23:45;95;kWh;-619;6797;0;0;7416;6178
2018-06-09T23:45;2018-06-10T00:00;96;kWh;-926;0;0;0;926;-926
2018-06-10T00:00;2018-06-10T00:15;1;kWh;0;9827;0;0;9827;9827
2018-06-10T00:15;2018-06-10T00:30;2;kWh;-2;28867;0;0;28869;28865
2018-06-10T00:30;2018-06-10T00:45;3;kWh;-1123;2668;0;0;3791;1545
2018-06-10T00:45;2018-06-10T01:00;4;kWh;-3934;0;0;0;3934;-3934
2018-06-10T01:00;2018-06-10T01:15;5;kWh;-18102;0;0;0;18102;-18102
2018-06-10T01:15;2018-06-10T01:30;6;kWh;-2965;0;0;0;2965;-2965
2018-06-10T01:30;2018-06-10T01:45;7;kWh;-151;0;0;0;151;-151
2018-06-10T01:45;2018-06-10T02:00;8;kWh;-816;0;0;0;816;-816
2018-06-10T02:00;2018-06-10T02:15;9;kWh;0;654;0;0;654;654
2018-06-10T02:15;2018-06-10T02:30;10;kWh;0;1163;0;0;1163;1163
2018-06-10T02:30;2018-06-10T02:45;11;kWh;0;0;0;0;0;0
2018-06-10T02:45;2018-06-10T03:00;12;kWh;-10313;0;0;0;10313;-10313
2018-06-10T03:00;2018-06-10T03:15;13;kWh;-3162;4393;0;0;7555;1231
2018-06-10T03:15;2018-06-10T03:30;14;kWh;-10;5360;0;0;5370;5350
2018-06-10T03:30;2018-06-10T03:45;15;kWh;-2075;17;0;0;2092;-2058
2018-06-10T03:45;2018-06-10T04:00;16;kWh;-1491;0;0;0;1491;-1491
2018-06-10T04:00;2018-06-10T04:15;17;kWh;-571;0;0;0;571;-571
2018-06-10T04:15;2018-06-10T04:30;18;kWh;0;0;0;0;0;0
2018-06-10T04:30;2018-06-10T04:45;19;kWh;-7;0;0;0;7;-7
2018-06-10T04:45;2018-06-10T05:00;20;kWh;-4483;0;0;0;4483;-4483
2018-06-10T05:00;2018-06-10T05:15;21;kWh;-1753;4884;0;0;6637;3131
2018-06-10T05:15;2018-06-10T05:30;22;kWh;0;4129;0;0;4129;4129
2018-06-10T05:30;2018-06-10T05:45;23;kWh;0;0;0;0;0;0
2018-06-10T05:45;2018-06-10T06:00;24;kWh;-342;0;0;0;342;-342
2018-06-10T06:00;2018-06-10T06:15;25;kWh;-2578;0;0;0;2578;-2578
2018-06-10T06:15;2018-06-10T06:30;26;kWh;-3771;0;0;0;3771;-3771
2018-06-10T06:30;2018-06-10T06:45;27;kWh;-1726;0;0;0;1726;-1726
2018-06-10T06:45;2018-06-10T07:00;28;kWh;-3180;0;0;0;3180;-3180
2018-06-10T07:00;2018-06-10T07:15;29;kWh;-2168;0;0;0;2168;-2168
2018-06-10T07:15;2018-06-10T07:30;30;kWh;-380;0;0;0;380;-380
2018-06-10T07:30;2018-06-10T07:45;31;kWh;-283;0;0;0;283;-283
2018-06-10T07:45;2018-06-10T08:00;32;kWh;0;0;0;0;0;0
2018-06-10T08:00;2018-06-10T08:15;33;kWh;-601;0;0;0;601;-601
2018-06-10T08:15;2018-06-10T08:30;34;kWh;-3980;0;0;0;3980;-3980
2018-06-10T08:30;2018-06-10T08:45;35;kWh;-26404;0;0;0;26404;-26404
2018-06-10T08:45;2018-06-10T09:00;36;kWh;-17129;0;0;0;17129;-17129
2018-06-10T09:00;2018-06-10T09:15;37;kWh;-680;0;0;0;680;-680
2018-06-10T09:15;2018-06-10T09:30;38;kWh;-919;0;0;0;919;-919
2018-06-10T09:30;2018-06-10T09:45;39;kWh;-1609;0;0;0;1609;-1609
2018-06-10T09:45;2018-06-10T10:00;40;kWh;-728;0;0;0;728;-728
2018-06-10T10:00;2018-06-10T10:15;41;kWh;-83;0;0;0;83;-83
2018-06-10T10:15;2018-06-10T10:30;42;kWh;0;0;0;0;0;0
2018-06-10T10:30;2018-06-10T10:45;43;kWh;-1294;0;0;0;1294;-1294
2018-06-10T10:45;2018-06-10T11:00;44;kWh;-1971;0;0;0;1971;-1971
2018-06-10T11:00;2018-06-10T11:15;45;kWh;-261;0;0;0;261;-261
2018-06-10T11:15;2018-06-10T11:30;46;kWh;-47;0;0;0;47;-47
2018-06-10T11:30;2018-06-10T11:45;47;kWh;-341;0;0;0;341;-341
2018-06-10T11:45;2018-06-10T12:00;48;kWh;0;0;0;0;0;0
2018-06-10T12:00;2018-06-10T12:15;49;kWh;0;3584;0;0;3584;3584
2018-06-10T12:15;2018-06-10T12:30;50;kWh;0;1189;0;0;1189;1189
2018-06-10T12:30;2018-06-10T12:45;51;kWh;0;0;0;0;0;0
2018-06-10T12:45;2018-06-10T13:00;52;kWh;-261;0;0;0;261;-261
2018-06-10T13:00;2018-06-10T13:15;53;kWh;-636;0;0;0;636;-636
2018-06-10T13:15;2018-06-10T13:30;54;kWh;0;0;0;0;0;0
2018-06-10T13:30;2018-06-10T13:45;55;kWh;0;0;0;0;0;0
2018-06-10T13:45;2018-06-10T14:00;56;kWh;-1999;0;0;0;1999;-1999
2018-06-10T14:00;2018-06-10T14:15;57;kWh;-4422;0;0;0;4422;-4422
2018-06-10T14:15;2018-06-10T14:30;58;kWh;-9049;0;0;0;9049;-9049
2018-06-10T14:30;2018-06-10T14:45;59;kWh;-23339;0;0;0;23339;-23339
2018-06-10T14:45;2018-06-10T15:00;60;kWh;-32026;0;0;0;32026;-32026
2018-06-10T15:00;2018-06-10T15:15;61;kWh;-27562;0;0;0;27562;-27562
2018-06-10T15:15;2018-06-10T15:30;62;kWh;-23439;0;0;0;23439;-23439
2018-06-10T15:30;2018-06-10T15:45;63;kWh;-19986;0;0;0;19986;-19986
2018-06-10T15:45;2018-06-10T16:00;64;kWh;-26084;0;0;0;26084;-26084
2018-06-10T16:00;2018-06-10T16:15;65;kWh;-38314;0;0;0;38314;-38314
2018-06-10T16:15;2018-06-10T16:30;66;kWh;-5366;0;0;0;5366;-5366
2018-06-10T16:30;2018-06-10T16:45;67;kWh;-4156;0;0;0;4156;-4156
2018-06-10T16:45;2018-06-10T17:00;68;kWh;-1151;0;0;0;1151;-1151
2018-06-10T17:00;2018-06-10T17:15;69;kWh;-8647;0;0;0;8647;-8647
2018-06-10T17:15;2018-06-10T17:30;70;kWh;-1173;0;0;0;1173;-1173
2018-06-10T17:30;2018-06-10T17:45;71;kWh;0;0;0;0;0;0
2018-06-10T17:45;2018-06-10T18:00;72;kWh;0;0;0;0;0;0
2018-06-10T18:00;2018-06-10T18:15;73;kWh;0;0;0;0;0;0
2018-06-10T18:15;2018-06-10T18:30;74;kWh;0;0;0;0;0;0
2018-06-10T18:30;2018-06-10T18:45;75;kWh;0;0;0;0;0;0
2018-06-10T18:45;2018-06-10T19:00;76;kWh;-11;0;0;0;11;-11
2018-06-10T19:00;2018-06-10T19:15;77;kWh;-367;0;0;0;367;-367
2018-06-10T19:15;2018-06-10T19:30;78;kWh;-413;0;0;0;413;-413
2018-06-10T19:30;2018-06-10T19:45;79;kWh;0;0;0;0;0;0
2018-06-10T19:45;2018-06-10T20:00;80;kWh;0;0;0;0;0;0
2018-06-10T20:00;2018-06-10T20:15;81;kWh;0;0;0;0;0;0
2018-06-10T20:15;2018-06-10T20:30;82;kWh;0;592;0;0;592;592
2018-06-10T20:30;2018-06-10T20:45;83;kWh;0;377;0;0;377;377
2018-06-10T20:45;2018-06-10T21:00;84;kWh;0;725;0;0;725;725
2018-06-10T21:00;2018-06-10T21:15;85;kWh;0;4433;0;0;4433;4433
2018-06-10T21:15;2018-06-10T21:30;86;kWh;0;5751;0;0;5751;5751
2018-06-10T21:30;2018-06-10T21:45;87;kWh;0;3509;0;0;3509;3509
2018-06-10T21:45;2018-06-10T22:00;88;kWh;0;105;0;0;105;105
2018-06-10T22:00;2018-06-10T22:15;89;kWh;0;1196;0;0;1196;1196
2018-06-10T22:15;2018-06-10T22:30;90;kWh;0;17294;0;0;17294;17294
2018-06-10T22:30;2018-06-10T22:45;91;kWh;0;11906;0;0;11906;11906
2018-06-10T22:45;2018-06-10T23:00;92;kWh;0;16910;0;0;16910;16910
2018-06-10T23:00;2018-06-10T23:15;93;kWh;0;18434;0;0;18434;18434
2018-06-10T23:15;2018-06-10T23:30;94;kWh;-30;7202;0;0;7232;7172
2018-06-10T23:30;2018-06-10T23:45;95;kWh;-2320;0;0;0;2320;-2320
2018-06-10T23:45;2018-06-11T00:00;96;kWh;-3692;0;0;0;3692;-3692
2018-06-11T00:00;2018-06-11T00:15;1;kWh;-4908;2326;0;0;7234;-2582
2018-06-11T00:15;2018-06-11T00:30;2;kWh;0;1883;0;0;1883;1883
2018-06-11T00:30;2018-06-11T00:45;3;kWh;-256;0;0;0;256;-256
2018-06-11T00:45;2018-06-11T01:00;4;kWh;-26477;0;0;0;26477;-26477
2018-06-11T01:00;2018-06-11T01:15;5;kWh;-6398;1620;0;0;8018;-4778
2018-06-11T01:15;2018-06-11T01:30;6;kWh;0;793;0;0;793;793
2018-06-11T01:30;2018-06-11T01:45;7;kWh;0;259;0;0;259;259
2018-06-11T01:45;2018-06-11T02:00;8;kWh;-866;0;0;0;866;-866
2018-06-11T02:00;2018-06-11T02:15;9;kWh;-636;2295;0;0;2931;1659
2018-06-11T02:15;2018-06-11T02:30;10;kWh;0;2209;0;0;2209;2209
2018-06-11T02:30;2018-06-11T02:45;11;kWh;-730;0;0;0;730;-730
2018-06-11T02:45;2018-06-11T03:00;12;kWh;-6247;0;0;0;6247;-6247
2018-06-11T03:00;2018-06-11T03:15;13;kWh;-3125;0;0;0;3125;-3125
2018-06-11T03:15;2018-06-11T03:30;14;kWh;-1760;0;0;0;1760;-1760
2018-06-11T03:30;2018-06-11T03:45;15;kWh;-5924;0;0;0;5924;-5924
2018-06-11T03:45;2018-06-11T04:00;16;kWh;-16353;0;0;0;16353;-16353
2018-06-11T04:00;2018-06-11T04:15;17;kWh;-9326;0;0;0;9326;-9326
2018-06-11T04:15;2018-06-11T04:30;18;kWh;-23;0;0;0;23;-23
2018-06-11T04:30;2018-06-11T04:45;19;kWh;0;13465;0;0;13465;13465
2018-06-11T04:45;2018-06-11T05:00;20;kWh;0;21271;0;0;21271;21271
2018-06-11T05:00;2018-06-11T05:15;21;kWh;-1534;1754;0;0;3288;220
2018-06-11T05:15;2018-06-11T05:30;22;kWh;-16278;0;0;0;16278;-16278
2018-06-11T05:30;2018-06-11T05:45;23;kWh;-13375;0;0;0;13375;-13375
2018-06-11T05:45;2018-06-11T06:00;24;kWh;-1770;0;0;0;1770;-1770
2018-06-11T06:00;2018-06-11T06:15;25;kWh;-21290;0;0;0;21290;-21290
2018-06-11T06:15;2018-06-11T06:30;26;kWh;-19600;0;0;0;19600;-19600
2018-06-11T06:30;2018-06-11T06:45;27;kWh;-4651;0;0;0;4651;-4651
2018-06-11T06:45;2018-06-11T07:00;28;kWh;0;6909;0;0;6909;6909
2018-06-11T07:00;2018-06-11T07:15;29;kWh;-17871;2803;0;0;20674;-15068
2018-06-11T07:15;2018-06-11T07:30;30;kWh;-15404;0;0;0;15404;-15404
2018-06-11T07:30;2018-06-11T07:45;31;kWh;-552;0;0;0;552;-552
2018-06-11T07:45;2018-06-11T08:00;32;kWh;-37;0;0;0;37;-37
2018-06-11T08:00;2018-06-11T08:15;33;kWh;-2538;0;0;0;2538;-2538
2018-06-11T08:15;2018-06-11T08:30;34;kWh;-1530;0;0;0;1530;-1530
2018-06-11T08:30;2018-06-11T08:45;35;kWh;-1949;0;0;0;1949;-1949
2018-06-11T08:45;2018-06-11T09:00;36;kWh;-5119;0;0;0;5119;-5119
2018-06-11T09:00;2018-06-11T09:15;37;kWh;-1624;0;0;0;1624;-1624
2018-06-11T09:15;2018-06-11T09:30;38;kWh;0;0;0;0;0;0
2018-06-11T09:30;2018-06-11T09:45;39;kWh;0;0;0;0;0;0
2018-06-11T09:45;2018-06-11T10:00;40;kWh;-7440;0;0;0;7440;-7440
2018-06-11T10:00;2018-06-11T10:15;41;kWh;-4928;0;0;0;4928;-4928
2018-06-11T10:15;2018-06-11T10:30;42;kWh;0;0;0;0;0;0
2018-06-11T10:30;2018-06-11T10:45;43;kWh;0;0;0;0;0;0
2018-06-11T10:45;2018-06-11T11:00;44;kWh;-990;0;0;0;990;-990
2018-06-11T11:00;2018-06-11T11:15;45;kWh;-2004;0;0;0;2004;-2004
2018-06-11T11:15;2018-06-11T11:30;46;kWh;-50;0;0;0;50;-50
2018-06-11T11:30;2018-06-11T11:45;47;kWh;-124;0;0;0;124;-124
2018-06-11T11:45;2018-06-11T12:00;48;kWh;0;2;0;0;2;2
2018-06-11T12:00;2018-06-11T12:15;49;kWh;0;233;0;0;233;233
2018-06-11T12:15;2018-06-11T12:30;50;kWh;0;23;0;0;23;23
2018-06-11T12:30;2018-06-11T12:45;51;kWh;-1153;0;0;0;1153;-1153
2018-06-11T12:45;2018-06-11T13:00;52;kWh;-6414;0;0;0;6414;-6414
2018-06-11T13:00;2018-06-11T13:15;53;kWh;-8464;0;0;0;8464;-8464
2018-06-11T13:15;2018-06-11T13:30;54;kWh;-328;469;0;0;797;141
2018-06-11T13:30;2018-06-11T13:45;55;kWh;-3464;0;0;0;3464;-3464
2018-06-11T13:45;2018-06-11T14:00;56;kWh;-23229;0;0;0;23229;-23229
2018-06-11T14:00;2018-06-11T14:15;57;kWh;-15217;0;0;0;15217;-15217
2018-06-11T14:15;2018-06-11T14:30;58;kWh;-245;0;0;0;245;-245
2018-06-11T14:30;2018-06-11T14:45;59;kWh;0;0;0;0;0;0
2018-06-11T14:45;2018-06-11T15:00;60;kWh;0;0;0;0;0;0
2018-06-11T15:00;2018-06-11T15:15;61;kWh;0;97;0;0;97;97
2018-06-11T15:15;2018-06-11T15:30;62;kWh;0;0;0;0;0;0
2018-06-11T15:30;2018-06-11T15:45;63;kWh;0;0;0;0;0;0
2018-06-11T15:45;2018-06-11T16:00;64;kWh;0;0;0;0;0;0
2018-06-11T16:00;2018-06-11T16:15;65;kWh;0;0;0;0;0;0
2018-06-11T16:15;2018-06-11T16:30;66;kWh;0;0;0;0;0;0
2018-06-11T16:30;2018-06-11T16:45;67;kWh;0;1311;0;0;1311;1311
2018-06-11T16:45;2018-06-11T17:00;68;kWh;0;11553;0;0;11553;11553
2018-06-11T17:00;2018-06-11T17:15;69;kWh;0;9100;0;0;9100;9100
2018-06-11T17:15;2018-06-11T17:30;70;kWh;0;3331;0;0;3331;3331
2018-06-11T17:30;2018-06-11T17:45;71;kWh;0;22748;0;0;22748;22748
2018-06-11T17:45;2018-06-11T18:00;72;kWh;0;34084;0;0;34084;34084
2018-06-11T18:00;2018-06-11T18:15;73;kWh;-294;18753;0;0;19047;18459
2018-06-11T18:15;2018-06-11T18:30;74;kWh;-149;19;0;0;168;-130
2018-06-11T18:30;2018-06-11T18:45;75;kWh;0;0;0;0;0;0
2018-06-11T18:45;2018-06-11T19:00;76;kWh;0;0;0;0;0;0
2018-06-11T19:00;2018-06-11T19:15;77;kWh;0;3421;0;0;3421;3421
2018-06-11T19:15;2018-06-11T19:30;78;kWh;0;19539;0;0;19539;19539
2018-06-11T19:30;2018-06-11T19:45;79;kWh;0;24719;0;0;24719;24719
2018-06-11T19:45;2018-06-11T20:00;80;kWh;0;14376;0;0;14376;14376
2018-06-11T20:00;2018-06-11T20:15;81;kWh;0;11715;0;0;11715;11715
2018-06-11T20:15;2018-06-11T20:30;82;kWh;0;17490;0;0;17490;17490
2018-06-11T20:30;2018-06-11T20:45;83;kWh;0;15030;0;0;15030;15030
2018-06-11T20:45;2018-06-11T21:00;84;kWh;-649;1829;0;0;2478;1180
2018-06-11T21:00;2018-06-11T21:15;85;kWh;-236;3777;0;0;4013;3541
2018-06-11T21:15;2018-06-11T21:30;86;kWh;0;2546;0;0;2546;2546
2018-06-11T21:30;2018-06-11T21:45;87;kWh;0;1004;0;0;1004;1004
2018-06-11T21:45;2018-06-11T22:00;88;kWh;0;1181;0;0;1181;1181
2018-06-11T22:00;2018-06-11T22:15;89;kWh;0;1341;0;0;1341;1341
2018-06-11T22:15;2018-06-11T22:30;90;kWh;0;8755;0;0;8755;8755
2018-06-11T22:30;2018-06-11T22:45;91;kWh;0;4291;0;0;4291;4291
2018-06-11T22:45;2018-06-11T23:00;92;kWh;-153;9165;0;0;9318;9012
2018-06-11T23:00;2018-06-11T23:15;93;kWh;-197;13873;0;0;14070;13676
2018-06-11T23:15;2018-06-11T23:30;94;kWh;0;25614;0;0;25614;25614
2018-06-11T23:30;2018-06-11T23:45;95;kWh;-131;9683;0;0;9814;9552
2018-06-11T23:45;2018-06-12T00:00;96;kWh;-895;802;0;0;1697;-93
2018-06-12T00:00;2018-06-12T00:15;1;kWh;0;35193;0;0;35193;35193
2018-06-12T00:15;2018-06-12T00:30;2;kWh;-185;10755;0;0;10940;10570
2018-06-12T00:30;2018-06-12T00:45;3;kWh;-951;0;0;0;951;-951
2018-06-12T00:45;2018-06-12T01:00;4;kWh;-11580;0;0;0;11580;-11580
2018-06-12T01:00;2018-06-12T01:15;5;kWh;-6714;5230;0;0;11944;-1484
2018-06-12T01:15;2018-06-12T01:30;6;kWh;-37;20997;0;0;21034;20960
2018-06-12T01:30;2018-06-12T01:45;7;kWh;0;1160;0;0;1160;1160
2018-06-12T01:45;2018-06-12T02:00;8;kWh;0;0;0;0;0;0
2018-06-12T02:00;2018-06-12T02:15;9;kWh;0;14016;0;0;14016;14016
2018-06-12T02:15;2018-06-12T02:30;10;kWh;0;13417;0;0;13417;13417
2018-06-12T02:30;2018-06-12T02:45;11;kWh;0;9244;0;0;9244;9244
2018-06-12T02:45;2018-06-12T03:00;12;kWh;0;1966;0;0;1966;1966
2018-06-12T03:00;2018-06-12T03:15;13;kWh;0;22080;0;0;22080;22080
2018-06-12T03:15;2018-06-12T03:30;14;kWh;-1396;1469;0;0;2865;73
2018-06-12T03:30;2018-06-12T03:45;15;kWh;-1338;257;0;0;1595;-1081
2018-06-12T03:45;2018-06-12T04:00;16;kWh;-16;1662;0;0;1678;1646
2018-06-12T04:00;2018-06-12T04:15;17;kWh;0;5668;0;0;5668;5668
2018-06-12T04:15;2018-06-12T04:30;18;kWh;0;12160;0;0;12160;12160
2018-06-12T04:30;2018-06-12T04:45;19;kWh;0;16273;0;0;16273;16273
2018-06-12T04:45;2018-06-12T05:00;20;kWh;0;17474;0;0;17474;17474
2018-06-12T05:00;2018-06-12T05:15;21;kWh;-4001;8757;0;0;12758;4756
2018-06-12T05:15;2018-06-12T05:30;22;kWh;-6203;0;0;0;6203;-6203
2018-06-12T05:30;2018-06-12T05:45;23;kWh;-3673;445;0;0;4118;-3228
2018-06-12T05:45;2018-06-12T06:00;24;kWh;-3191;86;0;0;3277;-3105
2018-06-12T06:00;2018-06-12T06:15;25;kWh;-41091;0;0;0;41091;-41091
2018-06-12T06:15;2018-06-12T06:30;26;kWh;-45908;0;0;0;45908;-45908
2018-06-12T06:30;2018-06-12T06:45;27;kWh;-13381;2121;0;0;15502;-11260
2018-06-12T06:45;2018-06-12T07:00;28;kWh;-9;37864;0;0;37873;37855
2018-06-12T07:00;2018-06-12T07:15;29;kWh;-24642;10973;0;0;35615;-13669
2018-06-12T07:15;2018-06-12T07:30;30;kWh;-30330;0;0;0;30330;-30330
2018-06-12T07:30;2018-06-12T07:45;31;kWh;-2194;1894;0;0;4088;-300
2018-06-12T07:45;2018-06-12T08:00;32;kWh;0;12936;0;0;12936;12936
2018-06-12T08:00;2018-06-12T08:15;33;kWh;-279;7015;0;0;7294;6736
2018-06-12T08:15;2018-06-12T08:30;34;kWh;-1183;0;0;0;1183;-1183
2018-06-12T08:30;2018-06-12T08:45;35;kWh;0;1890;0;0;1890;1890
2018-06-12T08:45;2018-06-12T09:00;36;kWh;0;7574;0;0;7574;7574
2018-06-12T09:00;2018-06-12T09:15;37;kWh;0;2438;0;0;2438;2438
2018-06-12T09:15;2018-06-12T09:30;38;kWh;0;25063;0;0;25063;25063
2018-06-12T09:30;2018-06-12T09:45;39;kWh;0;17138;0;0;17138;17138
2018-06-12T09:45;2018-06-12T10:00;40;kWh;0;9467;0;0;9467;9467
2018-06-12T10:00;2018-06-12T10:15;41;kWh;0;28782;0;0;28782;28782
2018-06-12T10:15;2018-06-12T10:30;42;kWh;0;18398;0;0;18398;18398
2018-06-12T10:30;2018-06-12T10:45;43;kWh;0;17649;0;0;17649;17649
2018-06-12T10:45;2018-06-12T11:00;44;kWh;0;28559;0;0;28559;28559
2018-06-12T11:00;2018-06-12T11:15;45;kWh;0;44175;0;0;44175;44175
2018-06-12T11:15;2018-06-12T11:30;46;kWh;0;41386;0;0;41386;41386
2018-06-12T11:30;2018-06-12T11:45;47;kWh;0;36099;0;0;36099;36099
2018-06-12T11:45;2018-06-12T12:00;48;kWh;0;30989;0;0;30989;30989
2018-06-12T12:00;2018-06-12T12:15;49;kWh;0;37013;0;0;37013;37013
2018-06-12T12:15;2018-06-12T12:30;50;kWh;0;54430;0;0;54430;54430
2018-06-12T12:30;2018-06-12T12:45;51;kWh;0;37983;0;0;37983;37983
2018-06-12T12:45;2018-06-12T13:00;52;kWh;0;25244;0;0;25244;25244
2018-06-12T13:00;2018-06-12T13:15;53;kWh;0;44478;0;0;44478;44478
2018-06-12T13:15;2018-06-12T13:30;54;kWh;0;50855;0;0;50855;50855
2018-06-12T13:30;2018-06-12T13:45;55;kWh;0;33183;0;0;33183;33183
2018-06-12T13:45;2018-06-12T14:00;56;kWh;0;33424;0;0;33424;33424
2018-06-12T14:00;2018-06-12T14:15;57;kWh;0;11395;0;0;11395;11395
2018-06-12T14:15;2018-06-12T14:30;58;kWh;0;1375;0;0;1375;1375
2018-06-12T14:30;2018-06-12T14:45;59;kWh;0;760;0;0;760;760
2018-06-12T14:45;2018-06-12T15:00;60;kWh;0;536;0;0;536;536
2018-06-12T15:00;2018-06-12T15:15;61;kWh;0;732;0;0;732;732
2018-06-12T15:15;2018-06-12T15:30;62;kWh;0;1289;0;0;1289;1289
2018-06-12T15:30;2018-06-12T15:45;63;kWh;0;2485;0;0;2485;2485
2018-06-12T15:45;2018-06-12T16:00;64;kWh;0;951;0;0;951;951
2018-06-12T16:00;2018-06-12T16:15;65;kWh;0;18430;0;0;18430;18430
2018-06-12T16:15;2018-06-12T16:30;66;kWh;0;19454;0;0;19454;19454
2018-06-12T16:30;2018-06-12T16:45;67;kWh;-251;839;0;0;1090;588
2018-06-12T16:45;2018-06-12T17:00;68;kWh;0;2666;0;0;2666;2666
2018-06-12T17:00;2018-06-12T17:15;69;kWh;0;1392;0;0;1392;1392
2018-06-12T17:15;2018-06-12T17:30;70;kWh;-2789;0;0;0;2789;-2789
2018-06-12T17:30;2018-06-12T17:45;71;kWh;-4045;0;0;0;4045;-4045
2018-06-12T17:45;2018-06-12T18:00;72;kWh;-2187;0;0;0;2187;-2187
2018-06-12T18:00;2018-06-12T18:15;73;kWh;-874;0;0;0;874;-874
2018-06-12T18:15;2018-06-12T18:30;74;kWh;-11443;0;0;0;11443;-11443
2018-06-12T18:30;2018-06-12T18:45;75;kWh;-18218;0;0;0;18218;-18218
2018-06-12T18:45;2018-06-12T19:00;76;kWh;-3424;0;0;0;3424;-3424
2018-06-12T19:00;2018-06-12T19:15;77;kWh;0;0;0;0;0;0
2018-06-12T19:15;2018-06-12T19:30;78;kWh;0;0;0;0;0;0
2018-06-12T19:30;2018-06-12T19:45;79;kWh;0;0;0;0;0;0
2018-06-12T19:45;2018-06-12T20:00;80;kWh;-106;0;0;0;106;-106
2018-06-12T20:00;2018-06-12T20:15;81;kWh;-219;0;0;0;219;-219
2018-06-12T20:15;2018-06-12T20:30;82;kWh;0;0;0;0;0;0
2018-06-12T20:30;2018-06-12T20:45;83;kWh;0;0;0;0;0;0
2018-06-12T20:45;2018-06-12T21:00;84;kWh;0;0;0;0;0;0
2018-06-12T21:00;2018-06-12T21:15;85;kWh;0;730;0;0;730;730
2018-06-12T21:15;2018-06-12T21:30;86;kWh;0;6199;0;0;6199;6199
2018-06-12T21:30;2018-06-12T21:45;87;kWh;0;278;0;0;278;278
2018-06-12T21:45;2018-06-12T22:00;88;kWh;0;0;0;0;0;0
2018-06-12T22:00;2018-06-12T22:15;89;kWh;-15925;0;0;0;15925;-15925
2018-06-12T22:15;2018-06-12T22:30;90;kWh;-23461;0;0;0;23461;-23461
2018-06-12T22:30;2018-06-12T22:45;91;kWh;-352;0;0;0;352;-352
2018-06-12T22:45;2018-06-12T23:00;92;kWh;0;0;0;0;0;0
2018-06-12T23:00;2018-06-12T23:15;93;kWh;0;3601;0;0;3601;3601
2018-06-12T23:15;2018-06-12T23:30;94;kWh;0;17556;0;0;17556;17556
2018-06-12T23:30;2018-06-12T23:45;95;kWh;-379;8791;0;0;9170;8412
2018-06-12T23:45;2018-06-13T00:00;96;kWh;-9;123;0;0;132;114
2018-06-13T00:00;2018-06-13T00:15;1;kWh;-680;0;0;0;680;-680
2018-06-13T00:15;2018-06-13T00:30;2;kWh;0;0;0;0;0;0
2018-06-13T00:30;2018-06-13T00:45;3;kWh;0;42;0;0;42;42
2018-06-13T00:45;2018-06-13T01:00;4;kWh;0;3536;0;0;3536;3536
2018-06-13T01:00;2018-06-13T01:15;5;kWh;0;15716;0;0;15716;15716
2018-06-13T01:15;2018-06-13T01:30;6;kWh;-55;12324;0;0;12379;12269
2018-06-13T01:30;2018-06-13T01:45;7;kWh;-634;186;0;0;820;-448
2018-06-13T01:45;2018-06-13T02:00;8;kWh;-12738;0;0;0;12738;-12738
2018-06-13T02:00;2018-06-13T02:15;9;kWh;-11123;0;0;0;11123;-11123
2018-06-13T02:15;2018-06-13T02:30;10;kWh;-280;0;0;0;280;-280
2018-06-13T02:30;2018-06-13T02:45;11;kWh;-26262;0;0;0;26262;-26262
2018-06-13T02:45;2018-06-13T03:00;12;kWh;-24485;0;0;0;24485;-24485
2018-06-13T03:00;2018-06-13T03:15;13;kWh;-8968;2433;0;0;11401;-6535
2018-06-13T03:15;2018-06-13T03:30;14;kWh;0;2319;0;0;2319;2319
2018-06-13T03:30;2018-06-13T03:45;15;kWh;0;21;0;0;21;21
2018-06-13T03:45;2018-06-13T04:00;16;kWh;0;0;0;0;0;0
2018-06-13T04:00;2018-06-13T04:15;17;kWh;0;0;0;0;0;0
2018-06-13T04:15;2018-06-13T04:30;18;kWh;-1682;0;0;0;1682;-1682
2018-06-13T04:30;2018-06-13T04:45;19;kWh;-3145;0;0;0;3145;-3145
2018-06-13T04:45;2018-06-13T05:00;20;kWh;-5903;0;0;0;5903;-5903
2018-06-13T05:00;2018-06-13T05:15;21;kWh;-5755;0;0;0;5755;-5755
2018-06-13T05:15;2018-06-13T05:30;22;kWh;-22271;0;0;0;22271;-22271
2018-06-13T05:30;2018-06-13T05:45;23;kWh;-13917;0;0;0;13917;-13917
2018-06-13T05:45;2018-06-13T06:00;24;kWh;-3373;0;0;0;3373;-3373
2018-06-13T06:00;2018-06-13T06:15;25;kWh;-4121;0;0;0;4121;-4121
2018-06-13T06:15;2018-06-13T06:30;26;kWh;-2023;0;0;0;2023;-2023
2018-06-13T06:30;2018-06-13T06:45;27;kWh;-59;0;0;0;59;-59
2018-06-13T06:45;2018-06-13T07:00;28;kWh;0;0;0;0;0;0
2018-06-13T07:00;2018-06-13T07:15;29;kWh;-505;0;0;0;505;-505
2018-06-13T07:15;2018-06-13T07:30;30;kWh;-1968;0;0;0;1968;-1968
2018-06-13T07:30;2018-06-13T07:45;31;kWh;-328;318;0;0;646;-10
2018-06-13T07:45;2018-06-13T08:00;32;kWh;0;37624;0;0;37624;37624
2018-06-13T08:00;2018-06-13T08:15;33;kWh;-131;16065;0;0;16196;15934
2018-06-13T08:15;2018-06-13T08:30;34;kWh;-1070;0;0;0;1070;-1070
2018-06-13T08:30;2018-06-13T08:45;35;kWh;-96;0;0;0;96;-96
2018-06-13T08:45;2018-06-13T09:00;36;kWh;0;4891;0;0;4891;4891
2018-06-13T09:00;2018-06-13T09:15;37;kWh;0;60767;0;0;60767;60767
2018-06-13T09:15;2018-06-13T09:30;38;kWh;0;84166;0;0;89166;89166
2018-06-13T09:30;2018-06-13T09:45;39;kWh;0;46751;0;0;51751;51751
2018-06-13T09:45;2018-06-13T10:00;40;kWh;0;21375;0;0;22625;22625
2018-06-13T10:00;2018-06-13T10:15;41;kWh;-25070;5998;0;0;31068;-19072
2018-06-13T10:15;2018-06-13T10:30;42;kWh;-38794;0;0;0;38794;-38794
2018-06-13T10:30;2018-06-13T10:45;43;kWh;-755;0;0;0;755;-755
2018-06-13T10:45;2018-06-13T11:00;44;kWh;-17212;0;0;0;17212;-17212
2018-06-13T11:00;2018-06-13T11:15;45;kWh;-12580;0;0;0;12580;-12580
2018-06-13T11:15;2018-06-13T11:30;46;kWh;-901;0;0;0;901;-901
2018-06-13T11:30;2018-06-13T11:45;47;kWh;-22717;0;0;0;22717;-22717
2018-06-13T11:45;2018-06-13T12:00;48;kWh;-4210;0;0;0;4210;-4210
2018-06-13T12:00;2018-06-13T12:15;49;kWh;0;6409;0;0;6409;6409
2018-06-13T12:15;2018-06-13T12:30;50;kWh;0;8936;0;0;8936;8936
2018-06-13T12:30;2018-06-13T12:45;51;kWh;0;229;0;0;229;229
2018-06-13T12:45;2018-06-13T13:00;52;kWh;-8;0;0;0;8;-8
2018-06-13T13:00;2018-06-13T13:15;53;kWh;-250;0;0;0;250;-250
2018-06-13T13:15;2018-06-13T13:30;54;kWh;-11;547;0;0;558;536
2018-06-13T13:30;2018-06-13T13:45;55;kWh;0;792;0;0;792;792
2018-06-13T13:45;2018-06-13T14:00;56;kWh;0;68;0;0;68;68
2018-06-13T14:00;2018-06-13T14:15;57;kWh;-2131;0;0;0;2131;-2131
2018-06-13T14:15;2018-06-13T14:30;58;kWh;-20492;0;0;0;20492;-20492
2018-06-13T14:30;2018-06-13T14:45;59;kWh;-19825;0;0;0;19825;-19825
2018-06-13T14:45;2018-06-13T15:00;60;kWh;-22907;0;0;0;22907;-22907
2018-06-13T15:00;2018-06-13T15:15;61;kWh;-12771;88;0;0;12859;-12683
2018-06-13T15:15;2018-06-13T15:30;62;kWh;-92;2099;0;0;2191;2007
2018-06-13T15:30;2018-06-13T15:45;63;kWh;0;324;0;0;324;324
2018-06-13T15:45;2018-06-13T16:00;64;kWh;0;14;0;0;14;14
2018-06-13T16:00;2018-06-13T16:15;65;kWh;-1433;0;0;0;1433;-1433
2018-06-13T16:15;2018-06-13T16:30;66;kWh;-1082;0;0;0;1082;-1082
2018-06-13T16:30;2018-06-13T16:45;67;kWh;0;0;0;0;0;0
2018-06-13T16:45;2018-06-13T17:00;68;kWh;0;0;0;0;0;0
2018-06-13T17:00;2018-06-13T17:15;69;kWh;-4339;0;0;0;4339;-4339
2018-06-13T17:15;2018-06-13T17:30;70;kWh;-1350;846;0;0;2196;-504
2018-06-13T17:30;2018-06-13T17:45;71;kWh;0;3471;0;0;3471;3471
2018-06-13T17:45;2018-06-13T18:00;72;kWh;0;6557;0;0;6557;6557
2018-06-13T18:00;2018-06-13T18:15;73;kWh;-40;12840;0;0;12880;12800
2018-06-13T18:15;2018-06-13T18:30;74;kWh;-9386;1097;0;0;10483;-8289
2018-06-13T18:30;2018-06-13T18:45;75;kWh;-29489;0;0;0;29489;-29489
2018-06-13T18:45;2018-06-13T19:00;76;kWh;-7050;0;0;0;7050;-7050
2018-06-13T19:00;2018-06-13T19:15;77;kWh;-21984;0;0;0;21984;-21984
2018-06-13T19:15;2018-06-13T19:30;78;kWh;-19722;0;0;0;19722;-19722
2018-06-13T19:30;2018-06-13T19:45;79;kWh;-27337;0;0;0;27337;-27337
2018-06-13T19:45;2018-06-13T20:00;80;kWh;-5418;0;0;0;5418;-5418
2018-06-13T20:00;2018-06-13T20:15;81;kWh;-402;0;0;0;402;-402
2018-06-13T20:15;2018-06-13T20:30;82;kWh;-408;0;0;0;408;-408
2018-06-13T20:30;2018-06-13T20:45;83;kWh;-6277;0;0;0;6277;-6277
2018-06-13T20:45;2018-06-13T21:00;84;kWh;-33886;0;0;0;33886;-33886
2018-06-13T21:00;2018-06-13T21:15;85;kWh;-13980;0;0;0;13980;-13980
2018-06-13T21:15;2018-06-13T21:30;86;kWh;0;0;0;0;0;0
2018-06-13T21:30;2018-06-13T21:45;87;kWh;0;0;0;0;0;0
2018-06-13T21:45;2018-06-13T22:00;88;kWh;-2631;0;0;0;2631;-2631
2018-06-13T22:00;2018-06-13T22:15;89;kWh;-12919;421;0;0;13340;-12498
2018-06-13T22:15;2018-06-13T22:30;90;kWh;0;2841;0;0;2841;2841
2018-06-13T22:30;2018-06-13T22:45;91;kWh;0;1387;0;0;1387;1387
2018-06-13T22:45;2018-06-13T23:00;92;kWh;-3199;205;0;0;3404;-2994
2018-06-13T23:00;2018-06-13T23:15;93;kWh;-1890;8936;0;0;10826;7046
2018-06-13T23:15;2018-06-13T23:30;94;kWh;-184;7935;0;0;8119;7751
2018-06-13T23:30;2018-06-13T23:45;95;kWh;-456;0;0;0;456;-456
2018-06-13T23:45;2018-06-14T00:00;96;kWh;-1693;0;0;0;1693;-1693
2018-06-14T00:00;2018-06-14T00:15;1;kWh;-8660;0;0;0;8660;-8660
2018-06-14T00:15;2018-06-14T00:30;2;kWh;0;650;0;0;650;650
2018-06-14T00:30;2018-06-14T00:45;3;kWh;-1655;11;0;0;1666;-1644
2018-06-14T00:45;2018-06-14T01:00;4;kWh;-14019;0;0;0;14019;-14019
2018-06-14T01:00;2018-06-14T01:15;5;kWh;-50724;0;0;0;50724;-50724
2018-06-14T01:15;2018-06-14T01:30;6;kWh;-6296;1388;0;0;7684;-4908
2018-06-14T01:30;2018-06-14T01:45;7;kWh;-20270;0;0;0;20270;-20270
2018-06-14T01:45;2018-06-14T02:00;8;kWh;-22222;0;0;0;22222;-22222
2018-06-14T02:00;2018-06-14T02:15;9;kWh;-6861;2555;0;0;9416;-4306
2018-06-14T02:15;2018-06-14T02:30;10;kWh;-1427;567;0;0;1994;-860
2018-06-14T02:30;2018-06-14T02:45;11;kWh;-13097;0;0;0;13097;-13097
2018-06-14T02:45;2018-06-14T03:00;12;kWh;-20190;0;0;0;20190;-20190
2018-06-14T03:00;2018-06-14T03:15;13;kWh;-5993;836;0;0;6829;-5157
2018-06-14T03:15;2018-06-14T03:30;14;kWh;-417;0;0;0;417;-417
2018-06-14T03:30;2018-06-14T03:45;15;kWh;-8686;0;0;0;8686;-8686
2018-06-14T03:45;2018-06-14T04:00;16;kWh;-9610;0;0;0;9610;-9610
2018-06-14T04:00;2018-06-14T04:15;17;kWh;-3491;0;0;0;3491;-3491
2018-06-14T04:15;2018-06-14T04:30;18;kWh;-3217;0;0;0;3217;-3217
2018-06-14T04:30;2018-06-14T04:45;19;kWh;-14943;0;0;0;14943;-14943
2018-06-14T04:45;2018-06-14T05:00;20;kWh;-19951;0;0;0;19951;-19951
2018-06-14T05:00;2018-06-14T05:15;21;kWh;-30577;0;0;0;30577;-30577
2018-06-14T05:15;2018-06-14T05:30;22;kWh;-42730;0;0;0;42730;-42730
2018-06-14T05:30;2018-06-14T05:45;23;kWh;-49950;0;0;0;49950;-49950
2018-06-14T05:45;2018-06-14T06:00;24;kWh;-9463;0;0;0;9463;-9463
2018-06-14T06:00;2018-06-14T06:15;25;kWh;-7454;0;0;0;7454;-7454
2018-06-14T06:15;2018-06-14T06:30;26;kWh;-9416;0;0;0;9416;-9416
2018-06-14T06:30;2018-06-14T06:45;27;kWh;-1469;0;0;0;1469;-1469
2018-06-14T06:45;2018-06-14T07:00;28;kWh;-30;0;0;0;30;-30
2018-06-14T07:00;2018-06-14T07:15;29;kWh;-23857;0;0;0;23857;-23857
2018-06-14T07:15;2018-06-14T07:30;30;kWh;-25964;0;0;0;25964;-25964
2018-06-14T07:30;2018-06-14T07:45;31;kWh;-6712;0;0;0;6712;-6712
2018-06-14T07:45;2018-06-14T08:00;32;kWh;-51;0;0;0;51;-51
2018-06-14T08:00;2018-06-14T08:15;33;kWh;-234;0;0;0;234;-234
2018-06-14T08:15;2018-06-14T08:30;34;kWh;-6497;0;0;0;6497;-6497
2018-06-14T08:30;2018-06-14T08:45;35;kWh;-58015;0;0;0;58015;-58015
2018-06-14T08:45;2018-06-14T09:00;36;kWh;-39289;0;0;0;39289;-39289
2018-06-14T09:00;2018-06-14T09:15;37;kWh;-1785;5951;0;0;7736;4166
2018-06-14T09:15;2018-06-14T09:30;38;kWh;-28944;139;0;0;29083;-28805
2018-06-14T09:30;2018-06-14T09:45;39;kWh;-74035;0;0;0;74035;-74035
2018-06-14T09:45;2018-06-14T10:00;40;kWh;-66576;0;0;0;66576;-66576
2018-06-14T10:00;2018-06-14T10:15;41;kWh;-43264;0;0;0;43264;-43264
2018-06-14T10:15;2018-06-14T10:30;42;kWh;-44570;0;0;0;44570;-44570
2018-06-14T10:30;2018-06-14T10:45;43;kWh;-29904;0;0;0;29904;-29904
2018-06-14T10:45;2018-06-14T11:00;44;kWh;-61594;0;0;0;61594;-61594
2018-06-14T11:00;2018-06-14T11:15;45;kWh;-20468;882;0;0;21350;-19586
2018-06-14T11:15;2018-06-14T11:30;46;kWh;0;5830;0;0;5830;5830
2018-06-14T11:30;2018-06-14T11:45;47;kWh;0;4144;0;0;4144;4144
2018-06-14T11:45;2018-06-14T12:00;48;kWh;0;2716;0;0;2716;2716
2018-06-14T12:00;2018-06-14T12:15;49;kWh;0;23522;0;0;23522;23522
2018-06-14T12:15;2018-06-14T12:30;50;kWh;0;9234;0;0;9234;9234
2018-06-14T12:30;2018-06-14T12:45;51;kWh;0;17080;0;0;17080;17080
2018-06-14T12:45;2018-06-14T13:00;52;kWh;0;13284;0;0;13284;13284
2018-06-14T13:00;2018-06-14T13:15;53;kWh;0;1468;0;0;1468;1468
2018-06-14T13:15;2018-06-14T13:30;54;kWh;0;31020;0;0;31020;31020
2018-06-14T13:30;2018-06-14T13:45;55;kWh;0;27918;0;0;27918;27918
2018-06-14T13:45;2018-06-14T14:00;56;kWh;0;38662;0;0;38662;38662
2018-06-14T14:00;2018-06-14T14:15;57;kWh;-192;26520;0;0;26712;26328
2018-06-14T14:15;2018-06-14T14:30;58;kWh;-158;0;0;0;158;-158
2018-06-14T14:30;2018-06-14T14:45;59;kWh;0;0;0;0;0;0
2018-06-14T14:45;2018-06-14T15:00;60;kWh;0;0;0;0;0;0
2018-06-14T15:00;2018-06-14T15:15;61;kWh;0;0;0;0;0;0
2018-06-14T15:15;2018-06-14T15:30;62;kWh;0;417;0;0;417;417
2018-06-14T15:30;2018-06-14T15:45;63;kWh;-194;0;0;0;194;-194
2018-06-14T15:45;2018-06-14T16:00;64;kWh;-2157;0;0;0;2157;-2157
2018-06-14T16:00;2018-06-14T16:15;65;kWh;-2286;0;0;0;2286;-2286
2018-06-14T16:15;2018-06-14T16:30;66;kWh;-1164;0;0;0;1164;-1164
2018-06-14T16:30;2018-06-14T16:45;67;kWh;-10580;0;0;0;10580;-10580
2018-06-14T16:45;2018-06-14T17:00;68;kWh;-3102;141;0;0;3243;-2961
2018-06-14T17:00;2018-06-14T17:15;69;kWh;0;19805;0;0;19805;19805
2018-06-14T17:15;2018-06-14T17:30;70;kWh;0;42487;0;0;42487;42487
2018-06-14T17:30;2018-06-14T17:45;71;kWh;-139;3089;0;0;3228;2950
2018-06-14T17:45;2018-06-14T18:00;72;kWh;0;26340;0;0;26340;26340
2018-06-14T18:00;2018-06-14T18:15;73;kWh;-3552;7124;0;0;10676;3572
2018-06-14T18:15;2018-06-14T18:30;74;kWh;-10845;0;0;0;10845;-10845
2018-06-14T18:30;2018-06-14T18:45;75;kWh;-1076;0;0;0;1076;-1076
2018-06-14T18:45;2018-06-14T19:00;76;kWh;-1441;0;0;0;1441;-1441
2018-06-14T19:00;2018-06-14T19:15;77;kWh;-90;11160;0;0;11250;11070
2018-06-14T19:15;2018-06-14T19:30;78;kWh;0;13292;0;0;13292;13292
2018-06-14T19:30;2018-06-14T19:45;79;kWh;0;29526;0;0;29526;29526
2018-06-14T19:45;2018-06-14T20:00;80;kWh;0;37745;0;0;37745;37745
2018-06-14T20:00;2018-06-14T20:15;81;kWh;-660;17257;0;0;17917;16597
2018-06-14T20:15;2018-06-14T20:30;82;kWh;-110;1255;0;0;1365;1145
2018-06-14T20:30;2018-06-14T20:45;83;kWh;0;13092;0;0;13092;13092
2018-06-14T20:45;2018-06-14T21:00;84;kWh;0;22812;0;0;22812;22812
2018-06-14T21:00;2018-06-14T21:15;85;kWh;-394;12729;0;0;13123;12335
2018-06-14T21:15;2018-06-14T21:30;86;kWh;-129;50;0;0;179;-79
2018-06-14T21:30;2018-06-14T21:45;87;kWh;0;0;0;0;0;0
2018-06-14T21:45;2018-06-14T22:00;88;kWh;0;41;0;0;41;41
2018-06-14T22:00;2018-06-14T22:15;89;kWh;0;19647;0;0;19647;19647
2018-06-14T22:15;2018-06-14T22:30;90;kWh;0;41758;0;0;41758;41758
2018-06-14T22:30;2018-06-14T22:45;91;kWh;0;30123;0;0;30123;30123
2018-06-14T22:45;2018-06-14T23:00;92;kWh;0;5911;0;0;5911;5911
2018-06-14T23:00;2018-06-14T23:15;93;kWh;-40;4789;0;0;4829;4749
2018-06-14T23:15;2018-06-14T23:30;94;kWh;0;1001;0;0;1001;1001
2018-06-14T23:30;2018-06-14T23:45;95;kWh;0;0;0;0;0;0
2018-06-14T23:45;2018-06-15T00:00;96;kWh;-10616;0;0;0;10616;-10616
2018-06-15T00:00;2018-06-15T00:15;1;kWh;-13516;4225;0;0;17741;-9291
2018-06-15T00:15;2018-06-15T00:30;2;kWh;0;5873;0;0;5873;5873
2018-06-15T00:30;2018-06-15T00:45;3;kWh;-74;132;0;0;206;58
2018-06-15T00:45;2018-06-15T01:00;4;kWh;-14267;0;0;0;14267;-14267
2018-06-15T01:00;2018-06-15T01:15;5;kWh;-11837;43;0;0;11880;-11794
2018-06-15T01:15;2018-06-15T01:30;6;kWh;-800;1968;0;0;2768;1168
2018-06-15T01:30;2018-06-15T01:45;7;kWh;-2357;0;0;0;2357;-2357
2018-06-15T01:45;2018-06-15T02:00;8;kWh;-5257;0;0;0;5257;-5257
2018-06-15T02:00;2018-06-15T02:15;9;kWh;-4973;58;0;0;5031;-4915
2018-06-15T02:15;2018-06-15T02:30;10;kWh;-2956;189;0;0;3145;-2767
2018-06-15T02:30;2018-06-15T02:45;11;kWh;-17474;0;0;0;17474;-17474
2018-06-15T02:45;2018-06-15T03:00;12;kWh;-6653;0;0;0;6653;-6653
2018-06-15T03:00;2018-06-15T03:15;13;kWh;-283;0;0;0;283;-283
2018-06-15T03:15;2018-06-15T03:30;14;kWh;-2443;0;0;0;2443;-2443
2018-06-15T03:30;2018-06-15T03:45;15;kWh;-2924;0;0;0;2924;-2924
2018-06-15T03:45;2018-06-15T04:00;16;kWh;-1103;0;0;0;1103;-1103
2018-06-15T04:00;2018-06-15T04:15;17;kWh;-1028;0;0;0;1028;-1028
2018-06-15T04:15;2018-06-15T04:30;18;kWh;-2792;0;0;0;2792;-2792
2018-06-15T04:30;2018-06-15T04:45;19;kWh;0;0;0;0;0;0
2018-06-15T04:45;2018-06-15T05:00;20;kWh;-23;0;0;0;23;-23
2018-06-15T05:00;2018-06-15T05:15;21;kWh;-454;0;0;0;454;-454
2018-06-15T05:15;2018-06-15T05:30;22;kWh;-1247;0;0;0;1247;-1247
2018-06-15T05:30;2018-06-15T05:45;23;kWh;-2516;0;0;0;2516;-2516
2018-06-15T05:45;2018-06-15T06:00;24;kWh;-7;0;0;0;7;-7
2018-06-15T06:00;2018-06-15T06:15;25;kWh;0;0;0;0;0;0
2018-06-15T06:15;2018-06-15T06:30;26;kWh;-1156;0;0;0;1156;-1156
2018-06-15T06:30;2018-06-15T06:45;27;kWh;-969;1911;0;0;2880;942
2018-06-15T06:45;2018-06-15T07:00;28;kWh;0;11070;0;0;11070;11070
2018-06-15T07:00;2018-06-15T07:15;29;kWh;-10198;3088;0;0;13286;-7110
2018-06-15T07:15;2018-06-15T07:30;30;kWh;-13555;0;0;0;13555;-13555
2018-06-15T07:30;2018-06-15T07:45;31;kWh;-1970;717;0;0;2687;-1253
2018-06-15T07:45;2018-06-15T08:00;32;kWh;0;10277;0;0;10277;10277
2018-06-15T08:00;2018-06-15T08:15;33;kWh;-32105;1063;0;0;33168;-31042
2018-06-15T08:15;2018-06-15T08:30;34;kWh;-34917;0;0;0;34917;-34917
2018-06-15T08:30;2018-06-15T08:45;35;kWh;-15688;0;0;0;15688;-15688
2018-06-15T08:45;2018-06-15T09:00;36;kWh;-1639;0;0;0;1639;-1639
2018-06-15T09:00;2018-06-15T09:15;37;kWh;-19356;0;0;0;19356;-19356
2018-06-15T09:15;2018-06-15T09:30;38;kWh;-33431;0;0;0;33431;-33431
2018-06-15T09:30;2018-06-15T09:45;39;kWh;-34269;0;0;0;34269;-34269
2018-06-15T09:45;2018-06-15T10:00;40;kWh;-39778;0;0;0;39778;-39778
2018-06-15T10:00;2018-06-15T10:15;41;kWh;-11541;1464;0;0;13005;-10077
2018-06-15T10:15;2018-06-15T10:30;42;kWh;-11013;0;0;0;11013;-11013
2018-06-15T10:30;2018-06-15T10:45;43;kWh;-27165;0;0;0;27165;-27165
2018-06-15T10:45;2018-06-15T11:00;44;kWh;-37562;0;0;0;37562;-37562
2018-06-15T11:00;2018-06-15T11:15;45;kWh;-18756;0;0;0;18756;-18756
2018-06-15T11:15;2018-06-15T11:30;46;kWh;-624;34;0;0;658;-590
2018-06-15T11:30;2018-06-15T11:45;47;kWh;-2569;0;0;0;2569;-2569
2018-06-15T11:45;2018-06-15T12:00;48;kWh;-14934;0;0;0;14934;-14934
2018-06-15T12:00;2018-06-15T12:15;49;kWh;-4870;0;0;0;4870;-4870
2018-06-15T12:15;2018-06-15T12:30;50;kWh;-15;0;0;0;15;-15
2018-06-15T12:30;2018-06-15T12:45;51;kWh;-529;0;0;0;529;-529
2018-06-15T12:45;2018-06-15T13:00;52;kWh;-1164;0;0;0;1164;-1164
2018-06-15T13:00;2018-06-15T13:15;53;kWh;0;8122;0;0;8122;8122
2018-06-15T13:15;2018-06-15T13:30;54;kWh;0;3138;0;0;3138;3138
2018-06-15T13:30;2018-06-15T13:45;55;kWh;0;550;0;0;550;550
2018-06-15T13:45;2018-06-15T14:00;56;kWh;0;354;0;0;354;354
2018-06-15T14:00;2018-06-15T14:15;57;kWh;0;8342;0;0;8342;8342
2018-06-15T14:15;2018-06-15T14:30;58;kWh;0;2872;0;0;2872;2872
2018-06-15T14:30;2018-06-15T14:45;59;kWh;0;2502;0;0;2502;2502
2018-06-15T14:45;2018-06-15T15:00;60;kWh;-3417;300;0;0;3717;-3117
2018-06-15T15:00;2018-06-15T15:15;61;kWh;-2943;0;0;0;2943;-2943
2018-06-15T15:15;2018-06-15T15:30;62;kWh;0;0;0;0;0;0
2018-06-15T15:30;2018-06-15T15:45;63;kWh;0;221;0;0;221;221
2018-06-15T15:45;2018-06-15T16:00;64;kWh;0;1173;0;0;1173;1173
2018-06-15T16:00;2018-06-15T16:15;65;kWh;0;108;0;0;108;108
2018-06-15T16:15;2018-06-15T16:30;66;kWh;-363;0;0;0;363;-363
2018-06-15T16:30;2018-06-15T16:45;67;kWh;-7748;0;0;0;7748;-7748
2018-06-15T16:45;2018-06-15T17:00;68;kWh;-12093;0;0;0;12093;-12093
2018-06-15T17:00;2018-06-15T17:15;69;kWh;-8653;0;0;0;8653;-8653
2018-06-15T17:15;2018-06-15T17:30;70;kWh;-599;316;0;0;915;-283
2018-06-15T17:30;2018-06-15T17:45;71;kWh;0;6642;0;0;6642;6642
2018-06-15T17:45;2018-06-15T18:00;72;kWh;0;25457;0;0;25457;25457
2018-06-15T18:00;2018-06-15T18:15;73;kWh;0;6918;0;0;6918;6918
2018-06-15T18:15;2018-06-15T18:30;74;kWh;-611;0;0;0;611;-611
2018-06-15T18:30;2018-06-15T18:45;75;kWh;-779;0;0;0;779;-779
2018-06-15T18:45;2018-06-15T19:00;76;kWh;0;0;0;0;0;0
2018-06-15T19:00;2018-06-15T19:15;77;kWh;-851;0;0;0;851;-851
2018-06-15T19:15;2018-06-15T19:30;78;kWh;-1686;0;0;0;1686;-1686
2018-06-15T19:30;2018-06-15T19:45;79;kWh;-1469;0;0;0;1469;-1469
2018-06-15T19:45;2018-06-15T20:00;80;kWh;-3376;0;0;0;3376;-3376
2018-06-15T20:00;2018-06-15T20:15;81;kWh;-1740;0;0;0;1740;-1740
2018-06-15T20:15;2018-06-15T20:30;82;kWh;-1771;0;0;0;1771;-1771
2018-06-15T20:30;2018-06-15T20:45;83;kWh;-7200;0;0;0;7200;-7200
2018-06-15T20:45;2018-06-15T21:00;84;kWh;-23321;0;0;0;23321;-23321
2018-06-15T21:00;2018-06-15T21:15;85;kWh;-1742;24364;0;0;26106;22622
2018-06-15T21:15;2018-06-15T21:30;86;kWh;-90;20379;0;0;20469;20289
2018-06-15T21:30;2018-06-15T21:45;87;kWh;-1693;483;0;0;2176;-1210
2018-06-15T21:45;2018-06-15T22:00;88;kWh;-2184;0;0;0;2184;-2184
2018-06-15T22:00;2018-06-15T22:15;89;kWh;-2171;0;0;0;2171;-2171
2018-06-15T22:15;2018-06-15T22:30;90;kWh;-19;423;0;0;442;404
2018-06-15T22:30;2018-06-15T22:45;91;kWh;-34;3;0;0;37;-31
2018-06-15T22:45;2018-06-15T23:00;92;kWh;-1689;0;0;0;1689;-1689
2018-06-15T23:00;2018-06-15T23:15;93;kWh;-1440;14550;0;0;15990;13110
2018-06-15T23:15;2018-06-15T23:30;94;kWh;0;15520;0;0;15520;15520
2018-06-15T23:30;2018-06-15T23:45;95;kWh;-701;962;0;0;1663;261
2018-06-15T23:45;2018-06-16T00:00;96;kWh;-13404;0;0;0;13404;-13404
2018-06-16T00:00;2018-06-16T00:15;1;kWh;0;0;0;0;0;0
2018-06-16T00:15;2018-06-16T00:30;2;kWh;0;0;0;0;0;0
2018-06-16T00:30;2018-06-16T00:45;3;kWh;0;0;0;0;0;0
2018-06-16T00:45;2018-06-16T01:00;4;kWh;0;0;0;0;0;0
2018-06-16T01:00;2018-06-16T01:15;5;kWh;0;0;0;0;0;0
2018-06-16T01:15;2018-06-16T01:30;6;kWh;0;0;0;0;0;0
2018-06-16T01:30;2018-06-16T01:45;7;kWh;0;0;0;0;0;0
2018-06-16T01:45;2018-06-16T02:00;8;kWh;0;0;0;0;0;0
2018-06-16T02:00;2018-06-16T02:15;9;kWh;0;0;0;0;0;0
2018-06-16T02:15;2018-06-16T02:30;10;kWh;0;0;0;0;0;0
2018-06-16T02:30;2018-06-16T02:45;11;kWh;0;0;0;0;0;0
2018-06-16T02:45;2018-06-16T03:00;12;kWh;0;0;0;0;0;0
2018-06-16T03:00;2018-06-16T03:15;13;kWh;0;0;0;0;0;0
2018-06-16T03:15;2018-06-16T03:30;14;kWh;0;0;0;0;0;0
2018-06-16T03:30;2018-06-16T03:45;15;kWh;0;0;0;0;0;0
2018-06-16T03:45;2018-06-16T04:00;16;kWh;0;0;0;0;0;0
2018-06-16T04:00;2018-06-16T04:15;17;kWh;0;0;0;0;0;0
2018-06-16T04:15;2018-06-16T04:30;18;kWh;0;0;0;0;0;0
2018-06-16T04:30;2018-06-16T04:45;19;kWh;0;0;0;0;0;0
2018-06-16T04:45;2018-06-16T05:00;20;kWh;0;0;0;0;0;0
2018-06-16T05:00;2018-06-16T05:15;21;kWh;0;0;0;0;0;0
2018-06-16T05:15;2018-06-16T05:30;22;kWh;0;0;0;0;0;0
2018-06-16T05:30;2018-06-16T05:45;23;kWh;0;0;0;0;0;0
2018-06-16T05:45;2018-06-16T06:00;24;kWh;0;0;0;0;0;0
2018-06-16T06:00;2018-06-16T06:15;25;kWh;0;0;0;0;0;0
2018-06-16T06:15;2018-06-16T06:30;26;kWh;0;0;0;0;0;0
2018-06-16T06:30;2018-06-16T06:45;27;kWh;0;0;0;0;0;0
2018-06-16T06:45;2018-06-16T07:00;28;kWh;0;0;0;0;0;0
2018-06-16T07:00;2018-06-16T07:15;29;kWh;0;0;0;0;0;0
2018-06-16T07:15;2018-06-16T07:30;30;kWh;0;0;0;0;0;0
2018-06-16T07:30;2018-06-16T07:45;31;kWh;0;0;0;0;0;0
2018-06-16T07:45;2018-06-16T08:00;32;kWh;0;0;0;0;0;0
2018-06-16T08:00;2018-06-16T08:15;33;kWh;0;0;0;0;0;0
2018-06-16T08:15;2018-06-16T08:30;34;kWh;0;0;0;0;0;0
2018-06-16T08:30;2018-06-16T08:45;35;kWh;0;0;0;0;0;0
2018-06-16T08:45;2018-06-16T09:00;36;kWh;0;0;0;0;0;0
2018-06-16T09:00;2018-06-16T09:15;37;kWh;0;0;0;0;0;0
2018-06-16T09:15;2018-06-16T09:30;38;kWh;0;0;0;0;0;0
2018-06-16T09:30;2018-06-16T09:45;39;kWh;0;0;0;0;0;0
2018-06-16T09:45;2018-06-16T10:00;40;kWh;0;0;0;0;0;0
2018-06-16T10:00;2018-06-16T10:15;41;kWh;0;0;0;0;0;0
2018-06-16T10:15;2018-06-16T10:30;42;kWh;0;0;0;0;0;0
2018-06-16T10:30;2018-06-16T10:45;43;kWh;0;0;0;0;0;0
2018-06-16T10:45;2018-06-16T11:00;44;kWh;0;0;0;0;0;0
2018-06-16T11:00;2018-06-16T11:15;45;kWh;0;0;0;0;0;0
2018-06-16T11:15;2018-06-16T11:30;46;kWh;0;0;0;0;0;0
2018-06-16T11:30;2018-06-16T11:45;47;kWh;0;0;0;0;0;0
2018-06-16T11:45;2018-06-16T12:00;48;kWh;0;0;0;0;0;0
2018-06-16T12:00;2018-06-16T12:15;49;kWh;0;0;0;0;0;0
2018-06-16T12:15;2018-06-16T12:30;50;kWh;0;0;0;0;0;0
2018-06-16T12:30;2018-06-16T12:45;51;kWh;0;0;0;0;0;0
2018-06-16T12:45;2018-06-16T13:00;52;kWh;0;0;0;0;0;0
2018-06-16T13:00;2018-06-16T13:15;53;kWh;0;0;0;0;0;0
2018-06-16T13:15;2018-06-16T13:30;54;kWh;0;0;0;0;0;0
2018-06-16T13:30;2018-06-16T13:45;55;kWh;0;0;0;0;0;0
2018-06-16T13:45;2018-06-16T14:00;56;kWh;0;0;0;0;0;0
2018-06-16T14:00;2018-06-16T14:15;57;kWh;0;0;0;0;0;0
2018-06-16T14:15;2018-06-16T14:30;58;kWh;0;0;0;0;0;0
2018-06-16T14:30;2018-06-16T14:45;59;kWh;0;0;0;0;0;0
2018-06-16T14:45;2018-06-16T15:00;60;kWh;0;0;0;0;0;0
2018-06-16T15:00;2018-06-16T15:15;61;kWh;0;0;0;0;0;0
2018-06-16T15:15;2018-06-16T15:30;62;kWh;0;0;0;0;0;0
2018-06-16T15:30;2018-06-16T15:45;63;kWh;0;0;0;0;0;0
2018-06-16T15:45;2018-06-16T16:00;64;kWh;0;0;0;0;0;0
2018-06-16T16:00;2018-06-16T16:15;65;kWh;0;0;0;0;0;0
2018-06-16T16:15;2018-06-16T16:30;66;kWh;0;0;0;0;0;0
2018-06-16T16:30;2018-06-16T16:45;67;kWh;0;0;0;0;0;0
2018-06-16T16:45;2018-06-16T17:00;68;kWh;0;0;0;0;0;0
2018-06-16T17:00;2018-06-16T17:15;69;kWh;0;0;0;0;0;0
2018-06-16T17:15;2018-06-16T17:30;70;kWh;0;0;0;0;0;0
2018-06-16T17:30;2018-06-16T17:45;71;kWh;0;0;0;0;0;0
2018-06-16T17:45;2018-06-16T18:00;72;kWh;0;0;0;0;0;0
2018-06-16T18:00;2018-06-16T18:15;73;kWh;0;0;0;0;0;0
2018-06-16T18:15;2018-06-16T18:30;74;kWh;0;0;0;0;0;0
2018-06-16T18:30;2018-06-16T18:45;75;kWh;0;0;0;0;0;0
2018-06-16T18:45;2018-06-16T19:00;76;kWh;0;0;0;0;0;0
2018-06-16T19:00;2018-06-16T19:15;77;kWh;0;0;0;0;0;0
2018-06-16T19:15;2018-06-16T19:30;78;kWh;0;0;0;0;0;0
2018-06-16T19:30;2018-06-16T19:45;79;kWh;0;0;0;0;0;0
2018-06-16T19:45;2018-06-16T20:00;80;kWh;0;0;0;0;0;0
2018-06-16T20:00;2018-06-16T20:15;81;kWh;0;0;0;0;0;0
2018-06-16T20:15;2018-06-16T20:30;82;kWh;0;0;0;0;0;0
2018-06-16T20:30;2018-06-16T20:45;83;kWh;0;0;0;0;0;0
2018-06-16T20:45;2018-06-16T21:00;84;kWh;0;0;0;0;0;0
2018-06-16T21:00;2018-06-16T21:15;85;kWh;0;0;0;0;0;0
2018-06-16T21:15;2018-06-16T21:30;86;kWh;0;0;0;0;0;0
2018-06-16T21:30;2018-06-16T21:45;87;kWh;0;0;0;0;0;0
2018-06-16T21:45;2018-06-16T22:00;88;kWh;0;0;0;0;0;0
2018-06-16T22:00;2018-06-16T22:15;89;kWh;0;0;0;0;0;0
2018-06-16T22:15;2018-06-16T22:30;90;kWh;0;0;0;0;0;0
2018-06-16T22:30;2018-06-16T22:45;91;kWh;0;0;0;0;0;0
2018-06-16T22:45;2018-06-16T23:00;92;kWh;0;0;0;0;0;0
2018-06-16T23:00;2018-06-16T23:15;93;kWh;0;0;0;0;0;0
2018-06-16T23:15;2018-06-16T23:30;94;kWh;0;0;0;0;0;0
2018-06-16T23:30;2018-06-16T23:45;95;kWh;0;0;0;0;0;0
2018-06-16T23:45;2018-06-17T00:00;96;kWh;0;0;0;0;0;0
2018-06-17T00:00;2018-06-17T00:15;1;kWh;-2617;0;0;0;2617;-2617
2018-06-17T00:15;2018-06-17T00:30;2;kWh;0;0;0;0;0;0
2018-06-17T00:30;2018-06-17T00:45;3;kWh;0;0;0;0;0;0
2018-06-17T00:45;2018-06-17T01:00;4;kWh;-17283;0;0;0;17283;-17283
2018-06-17T01:00;2018-06-17T01:15;5;kWh;-20246;0;0;0;20246;-20246
2018-06-17T01:15;2018-06-17T01:30;6;kWh;-2321;0;0;0;2321;-2321
2018-06-17T01:30;2018-06-17T01:45;7;kWh;-30630;0;0;0;30630;-30630
2018-06-17T01:45;2018-06-17T02:00;8;kWh;-48603;0;0;0;48603;-48603
2018-06-17T02:00;2018-06-17T02:15;9;kWh;-34085;40;0;0;34125;-34045
2018-06-17T02:15;2018-06-17T02:30;10;kWh;-6695;1382;0;0;8077;-5313
2018-06-17T02:30;2018-06-17T02:45;11;kWh;-16186;0;0;0;16186;-16186
2018-06-17T02:45;2018-06-17T03:00;12;kWh;-39516;0;0;0;39516;-39516
2018-06-17T03:00;2018-06-17T03:15;13;kWh;-53961;0;0;0;53961;-53961
2018-06-17T03:15;2018-06-17T03:30;14;kWh;-46650;0;0;0;46650;-46650
2018-06-17T03:30;2018-06-17T03:45;15;kWh;-52215;0;0;0;52215;-52215
2018-06-17T03:45;2018-06-17T04:00;16;kWh;-14289;0;0;0;14289;-14289
2018-06-17T04:00;2018-06-17T04:15;17;kWh;-21514;0;0;0;21514;-21514
2018-06-17T04:15;2018-06-17T04:30;18;kWh;-759;0;0;0;759;-759
2018-06-17T04:30;2018-06-17T04:45;19;kWh;0;0;0;0;0;0
2018-06-17T04:45;2018-06-17T05:00;20;kWh;-1208;0;0;0;1208;-1208
2018-06-17T05:00;2018-06-17T05:15;21;kWh;-1119;427;0;0;1546;-692
2018-06-17T05:15;2018-06-17T05:30;22;kWh;0;656;0;0;656;656
2018-06-17T05:30;2018-06-17T05:45;23;kWh;0;0;0;0;0;0
2018-06-17T05:45;2018-06-17T06:00;24;kWh;0;0;0;0;0;0
2018-06-17T06:00;2018-06-17T06:15;25;kWh;0;131;0;0;131;131
2018-06-17T06:15;2018-06-17T06:30;26;kWh;0;3630;0;0;3630;3630
2018-06-17T06:30;2018-06-17T06:45;27;kWh;0;13784;0;0;13784;13784
2018-06-17T06:45;2018-06-17T07:00;28;kWh;0;10060;0;0;10060;10060
2018-06-17T07:00;2018-06-17T07:15;29;kWh;-41;3226;0;0;3267;3185
2018-06-17T07:15;2018-06-17T07:30;30;kWh;-554;0;0;0;554;-554
2018-06-17T07:30;2018-06-17T07:45;31;kWh;-524;0;0;0;524;-524
2018-06-17T07:45;2018-06-17T08:00;32;kWh;-413;0;0;0;413;-413
2018-06-17T08:00;2018-06-17T08:15;33;kWh;-10466;0;0;0;10466;-10466
2018-06-17T08:15;2018-06-17T08:30;34;kWh;-19314;0;0;0;19314;-19314
2018-06-17T08:30;2018-06-17T08:45;35;kWh;-13919;0;0;0;13919;-13919
2018-06-17T08:45;2018-06-17T09:00;36;kWh;-831;0;0;0;831;-831
2018-06-17T09:00;2018-06-17T09:15;37;kWh;-24;0;0;0;24;-24
2018-06-17T09:15;2018-06-17T09:30;38;kWh;-1764;0;0;0;1764;-1764
2018-06-17T09:30;2018-06-17T09:45;39;kWh;-533;0;0;0;533;-533
2018-06-17T09:45;2018-06-17T10:00;40;kWh;0;690;0;0;690;690
2018-06-17T10:00;2018-06-17T10:15;41;kWh;-21;461;0;0;482;440
2018-06-17T10:15;2018-06-17T10:30;42;kWh;-2773;0;0;0;2773;-2773
2018-06-17T10:30;2018-06-17T10:45;43;kWh;-677;0;0;0;677;-677
2018-06-17T10:45;2018-06-17T11:00;44;kWh;0;0;0;0;0;0
2018-06-17T11:00;2018-06-17T11:15;45;kWh;0;0;0;0;0;0
2018-06-17T11:15;2018-06-17T11:30;46;kWh;0;0;0;0;0;0
2018-06-17T11:30;2018-06-17T11:45;47;kWh;0;4082;0;0;4082;4082
2018-06-17T11:45;2018-06-17T12:00;48;kWh;0;23297;0;0;23297;23297
2018-06-17T12:00;2018-06-17T12:15;49;kWh;0;26046;0;0;26046;26046
2018-06-17T12:15;2018-06-17T12:30;50;kWh;0;14964;0;0;14964;14964
2018-06-17T12:30;2018-06-17T12:45;51;kWh;0;34705;0;0;34705;34705
2018-06-17T12:45;2018-06-17T13:00;52;kWh;0;31871;0;0;31871;31871
2018-06-17T13:00;2018-06-17T13:15;53;kWh;0;19220;0;0;19220;19220
2018-06-17T13:15;2018-06-17T13:30;54;kWh;0;8164;0;0;8164;8164
2018-06-17T13:30;2018-06-17T13:45;55;kWh;0;11204;0;0;11204;11204
2018-06-17T13:45;2018-06-17T14:00;56;kWh;-1252;2480;0;0;3732;1228
2018-06-17T14:00;2018-06-17T14:15;57;kWh;-2489;8;0;0;2497;-2481
2018-06-17T14:15;2018-06-17T14:30;58;kWh;0;545;0;0;545;545
2018-06-17T14:30;2018-06-17T14:45;59;kWh;0;3357;0;0;3357;3357
2018-06-17T14:45;2018-06-17T15:00;60;kWh;0;8230;0;0;8230;8230
2018-06-17T15:00;2018-06-17T15:15;61;kWh;0;2574;0;0;2574;2574
2018-06-17T15:15;2018-06-17T15:30;62;kWh;0;536;0;0;536;536
2018-06-17T15:30;2018-06-17T15:45;63;kWh;0;1019;0;0;1019;1019
2018-06-17T15:45;2018-06-17T16:00;64;kWh;0;60;0;0;60;60
2018-06-17T16:00;2018-06-17T16:15;65;kWh;-3937;90;0;0;4027;-3847
2018-06-17T16:15;2018-06-17T16:30;66;kWh;-31507;0;0;0;31507;-31507
2018-06-17T16:30;2018-06-17T16:45;67;kWh;-23968;0;0;0;23968;-23968
2018-06-17T16:45;2018-06-17T17:00;68;kWh;-2288;1063;0;0;3351;-1225
2018-06-17T17:00;2018-06-17T17:15;69;kWh;0;5;0;0;5;5
2018-06-17T17:15;2018-06-17T17:30;70;kWh;0;933;0;0;933;933
2018-06-17T17:30;2018-06-17T17:45;71;kWh;0;6719;0;0;6719;6719
2018-06-17T17:45;2018-06-17T18:00;72;kWh;0;26952;0;0;26952;26952
2018-06-17T18:00;2018-06-17T18:15;73;kWh;-5221;21509;0;0;26730;16288
2018-06-17T18:15;2018-06-17T18:30;74;kWh;-30120;420;0;0;30540;-29700
2018-06-17T18:30;2018-06-17T18:45;75;kWh;-18850;0;0;0;18850;-18850
2018-06-17T18:45;2018-06-17T19:00;76;kWh;-40580;0;0;0;40580;-40580
2018-06-17T19:00;2018-06-17T19:15;77;kWh;-40056;0;0;0;40056;-40056
2018-06-17T19:15;2018-06-17T19:30;78;kWh;-54438;0;0;0;54438;-54438
2018-06-17T19:30;2018-06-17T19:45;79;kWh;-43958;0;0;0;43958;-43958
2018-06-17T19:45;2018-06-17T20:00;80;kWh;-29036;0;0;0;29036;-29036
2018-06-17T20:00;2018-06-17T20:15;81;kWh;-21916;0;0;0;21916;-21916
2018-06-17T20:15;2018-06-17T20:30;82;kWh;-26656;0;0;0;26656;-26656
2018-06-17T20:30;2018-06-17T20:45;83;kWh;-27156;0;0;0;27156;-27156
2018-06-17T20:45;2018-06-17T21:00;84;kWh;-24940;0;0;0;24940;-24940
2018-06-17T21:00;2018-06-17T21:15;85;kWh;-5371;23802;0;0;29173;18431
2018-06-17T21:15;2018-06-17T21:30;86;kWh;0;23217;0;0;23217;23217
2018-06-17T21:30;2018-06-17T21:45;87;kWh;0;1187;0;0;1187;1187
2018-06-17T21:45;2018-06-17T22:00;88;kWh;-173;0;0;0;173;-173
2018-06-17T22:00;2018-06-17T22:15;89;kWh;-587;0;0;0;587;-587
2018-06-17T22:15;2018-06-17T22:30;90;kWh;0;0;0;0;0;0
2018-06-17T22:30;2018-06-17T22:45;91;kWh;-257;0;0;0;257;-257
2018-06-17T22:45;2018-06-17T23:00;92;kWh;-21738;0;0;0;21738;-21738
2018-06-17T23:00;2018-06-17T23:15;93;kWh;-19130;99;0;0;19229;-19031
2018-06-17T23:15;2018-06-17T23:30;94;kWh;-387;27706;0;12500;40593;39819
2018-06-17T23:30;2018-06-17T23:45;95;kWh;-22442;1896;0;6250;30588;-14296
2018-06-17T23:45;2018-06-18T00:00;96;kWh;-22375;0;0;0;22375;-22375
2018-06-18T00:00;2018-06-18T00:15;1;kWh;-347;15703;0;0;16050;15356
2018-06-18T00:15;2018-06-18T00:30;2;kWh;0;34173;0;0;34173;34173
2018-06-18T00:30;2018-06-18T00:45;3;kWh;0;1938;0;0;1938;1938
2018-06-18T00:45;2018-06-18T01:00;4;kWh;0;925;0;0;925;925
2018-06-18T01:00;2018-06-18T01:15;5;kWh;-6552;0;0;0;6552;-6552
2018-06-18T01:15;2018-06-18T01:30;6;kWh;-145;0;0;0;145;-145
2018-06-18T01:30;2018-06-18T01:45;7;kWh;0;0;0;0;0;0
2018-06-18T01:45;2018-06-18T02:00;8;kWh;-2896;0;0;0;2896;-2896
2018-06-18T02:00;2018-06-18T02:15;9;kWh;-2466;7429;0;0;9895;4963
2018-06-18T02:15;2018-06-18T02:30;10;kWh;0;13440;0;0;13440;13440
2018-06-18T02:30;2018-06-18T02:45;11;kWh;0;15874;0;0;15874;15874
2018-06-18T02:45;2018-06-18T03:00;12;kWh;-176;9117;0;0;9293;8941
2018-06-18T03:00;2018-06-18T03:15;13;kWh;-99;148;0;0;247;49
2018-06-18T03:15;2018-06-18T03:30;14;kWh;0;593;0;0;593;593
2018-06-18T03:30;2018-06-18T03:45;15;kWh;-58;65;0;0;123;7
2018-06-18T03:45;2018-06-18T04:00;16;kWh;-5617;0;0;0;5617;-5617
2018-06-18T04:00;2018-06-18T04:15;17;kWh;-41459;0;0;0;41459;-41459
2018-06-18T04:15;2018-06-18T04:30;18;kWh;-42110;0;0;0;42110;-42110
2018-06-18T04:30;2018-06-18T04:45;19;kWh;-51555;0;0;0;51555;-51555
2018-06-18T04:45;2018-06-18T05:00;20;kWh;-53531;0;0;0;53531;-53531
2018-06-18T05:00;2018-06-18T05:15;21;kWh;-9187;0;0;0;9187;-9187
2018-06-18T05:15;2018-06-18T05:30;22;kWh;0;0;0;0;0;0
2018-06-18T05:30;2018-06-18T05:45;23;kWh;-988;0;0;0;988;-988
2018-06-18T05:45;2018-06-18T06:00;24;kWh;-12817;0;0;0;12817;-12817
2018-06-18T06:00;2018-06-18T06:15;25;kWh;-5925;3406;0;0;9331;-2519
2018-06-18T06:15;2018-06-18T06:30;26;kWh;-143;250;0;0;393;107
2018-06-18T06:30;2018-06-18T06:45;27;kWh;-9640;814;0;0;10454;-8826
2018-06-18T06:45;2018-06-18T07:00;28;kWh;-25;24299;0;0;24324;24274
2018-06-18T07:00;2018-06-18T07:15;29;kWh;-7715;1193;0;0;8908;-6522
2018-06-18T07:15;2018-06-18T07:30;30;kWh;-24507;0;0;0;24507;-24507
2018-06-18T07:30;2018-06-18T07:45;31;kWh;-2439;717;0;0;3156;-1722
2018-06-18T07:45;2018-06-18T08:00;32;kWh;-779;0;0;0;779;-779
2018-06-18T08:00;2018-06-18T08:15;33;kWh;-3504;0;0;0;3504;-3504
2018-06-18T08:15;2018-06-18T08:30;34;kWh;-2803;0;0;0;2803;-2803
2018-06-18T08:30;2018-06-18T08:45;35;kWh;-2356;0;0;0;2356;-2356
2018-06-18T08:45;2018-06-18T09:00;36;kWh;-95;864;0;0;959;769
2018-06-18T09:00;2018-06-18T09:15;37;kWh;-1517;725;0;0;2242;-792
2018-06-18T09:15;2018-06-18T09:30;38;kWh;-489;1399;0;0;1888;910
2018-06-18T09:30;2018-06-18T09:45;39;kWh;0;458;0;0;458;458
2018-06-18T09:45;2018-06-18T10:00;40;kWh;0;73;0;0;73;73
2018-06-18T10:00;2018-06-18T10:15;41;kWh;0;3781;0;0;3781;3781
2018-06-18T10:15;2018-06-18T10:30;42;kWh;0;1313;0;0;1313;1313
2018-06-18T10:30;2018-06-18T10:45;43;kWh;0;14305;0;0;14305;14305
2018-06-18T10:45;2018-06-18T11:00;44;kWh;0;15437;0;0;15437;15437
2018-06-18T11:00;2018-06-18T11:15;45;kWh;0;15280;0;0;15280;15280
2018-06-18T11:15;2018-06-18T11:30;46;kWh;0;34810;0;0;34810;34810
2018-06-18T11:30;2018-06-18T11:45;47;kWh;0;38593;0;0;38593;38593
2018-06-18T11:45;2018-06-18T12:00;48;kWh;0;30556;0;0;30556;30556
2018-06-18T12:00;2018-06-18T12:15;49;kWh;0;42586;0;0;42586;42586
2018-06-18T12:15;2018-06-18T12:30;50;kWh;0;42364;0;0;42364;42364
2018-06-18T12:30;2018-06-18T12:45;51;kWh;-1211;12712;0;0;16423;14001
2018-06-18T12:45;2018-06-18T13:00;52;kWh;-244;3679;0;0;3923;3435
2018-06-18T13:00;2018-06-18T13:15;53;kWh;0;19548;0;0;19548;19548
2018-06-18T13:15;2018-06-18T13:30;54;kWh;0;21751;0;0;21751;21751
2018-06-18T13:30;2018-06-18T13:45;55;kWh;0;43557;0;0;43557;43557
2018-06-18T13:45;2018-06-18T14:00;56;kWh;0;53299;0;0;53299;53299
2018-06-18T14:00;2018-06-18T14:15;57;kWh;-738;10190;0;0;10928;9452
2018-06-18T14:15;2018-06-18T14:30;58;kWh;0;3053;0;0;3053;3053
2018-06-18T14:30;2018-06-18T14:45;59;kWh;0;297;0;0;297;297
2018-06-18T14:45;2018-06-18T15:00;60;kWh;0;0;0;0;0;0
2018-06-18T15:00;2018-06-18T15:15;61;kWh;0;0;0;0;0;0
2018-06-18T15:15;2018-06-18T15:30;62;kWh;0;0;0;0;0;0
2018-06-18T15:30;2018-06-18T15:45;63;kWh;0;0;0;0;0;0
2018-06-18T15:45;2018-06-18T16:00;64;kWh;-433;0;0;0;433;-433
2018-06-18T16:00;2018-06-18T16:15;65;kWh;-3499;0;0;0;3499;-3499
2018-06-18T16:15;2018-06-18T16:30;66;kWh;-557;0;0;0;557;-557
2018-06-18T16:30;2018-06-18T16:45;67;kWh;-2578;0;0;0;2578;-2578
2018-06-18T16:45;2018-06-18T17:00;68;kWh;-1711;0;0;0;1711;-1711
2018-06-18T17:00;2018-06-18T17:15;69;kWh;-928;0;0;0;928;-928
2018-06-18T17:15;2018-06-18T17:30;70;kWh;-1788;0;0;0;1788;-1788
2018-06-18T17:30;2018-06-18T17:45;71;kWh;-3153;0;0;0;3153;-3153
2018-06-18T17:45;2018-06-18T18:00;72;kWh;-656;0;0;0;656;-656
2018-06-18T18:00;2018-06-18T18:15;73;kWh;-2265;0;0;0;2265;-2265
2018-06-18T18:15;2018-06-18T18:30;74;kWh;-16260;0;0;0;16260;-16260
2018-06-18T18:30;2018-06-18T18:45;75;kWh;-45025;0;0;0;45025;-45025
2018-06-18T18:45;2018-06-18T19:00;76;kWh;-25517;0;0;0;25517;-25517
2018-06-18T19:00;2018-06-18T19:15;77;kWh;-1797;0;0;0;1797;-1797
2018-06-18T19:15;2018-06-18T19:30;78;kWh;-464;0;0;0;464;-464
2018-06-18T19:30;2018-06-18T19:45;79;kWh;-442;0;0;0;442;-442
2018-06-18T19:45;2018-06-18T20:00;80;kWh;-5783;0;0;0;5783;-5783
2018-06-18T20:00;2018-06-18T20:15;81;kWh;-3888;0;0;0;3888;-3888
2018-06-18T20:15;2018-06-18T20:30;82;kWh;-19169;0;0;0;19169;-19169
2018-06-18T20:30;2018-06-18T20:45;83;kWh;-61085;0;0;0;61085;-61085
2018-06-18T20:45;2018-06-18T21:00;84;kWh;-35027;0;0;0;35027;-35027
2018-06-18T21:00;2018-06-18T21:15;85;kWh;-23392;0;0;0;23392;-23392
2018-06-18T21:15;2018-06-18T21:30;86;kWh;-44192;0;0;0;44192;-44192
2018-06-18T21:30;2018-06-18T21:45;87;kWh;-75174;0;0;0;75174;-75174
2018-06-18T21:45;2018-06-18T22:00;88;kWh;-82970;0;0;0;82970;-82970
2018-06-18T22:00;2018-06-18T22:15;89;kWh;-45307;0;0;0;45307;-45307
2018-06-18T22:15;2018-06-18T22:30;90;kWh;-2;0;0;0;2;-2
2018-06-18T22:30;2018-06-18T22:45;91;kWh;-1915;0;0;0;1915;-1915
2018-06-18T22:45;2018-06-18T23:00;92;kWh;-12606;0;0;0;12606;-12606
2018-06-18T23:00;2018-06-18T23:15;93;kWh;-23196;884;0;0;24080;-22312
2018-06-18T23:15;2018-06-18T23:30;94;kWh;-9805;245;0;0;10050;-9560
2018-06-18T23:30;2018-06-18T23:45;95;kWh;-57303;0;0;0;57303;-57303
2018-06-18T23:45;2018-06-19T00:00;96;kWh;-47400;0;0;0;47400;-47400
2018-06-19T00:00;2018-06-19T00:15;1;kWh;-74759;0;0;0;74759;-74759
2018-06-19T00:15;2018-06-19T00:30;2;kWh;-69955;0;0;0;69955;-69955
2018-06-19T00:30;2018-06-19T00:45;3;kWh;-117502;0;0;0;117502;-117502
2018-06-19T00:45;2018-06-19T01:00;4;kWh;-115132;0;0;0;115132;-115132
2018-06-19T01:00;2018-06-19T01:15;5;kWh;-73061;0;0;0;73061;-73061
2018-06-19T01:15;2018-06-19T01:30;6;kWh;-1243;0;0;0;1243;-1243
2018-06-19T01:30;2018-06-19T01:45;7;kWh;0;0;0;0;0;0
2018-06-19T01:45;2018-06-19T02:00;8;kWh;-3433;0;0;0;3433;-3433
2018-06-19T02:00;2018-06-19T02:15;9;kWh;-1463;0;0;0;1463;-1463
2018-06-19T02:15;2018-06-19T02:30;10;kWh;0;0;0;0;0;0
2018-06-19T02:30;2018-06-19T02:45;11;kWh;0;0;0;0;0;0
2018-06-19T02:45;2018-06-19T03:00;12;kWh;-60;234;0;0;294;174
2018-06-19T03:00;2018-06-19T03:15;13;kWh;-327;0;0;0;327;-327
2018-06-19T03:15;2018-06-19T03:30;14;kWh;-1034;0;0;0;1034;-1034
2018-06-19T03:30;2018-06-19T03:45;15;kWh;-3758;0;0;0;3758;-3758
2018-06-19T03:45;2018-06-19T04:00;16;kWh;-25897;0;0;0;25897;-25897
2018-06-19T04:00;2018-06-19T04:15;17;kWh;-37792;0;0;0;37792;-37792
2018-06-19T04:15;2018-06-19T04:30;18;kWh;-21731;0;0;0;21731;-21731
2018-06-19T04:30;2018-06-19T04:45;19;kWh;-4796;0;0;0;4796;-4796
2018-06-19T04:45;2018-06-19T05:00;20;kWh;-10519;0;0;0;10519;-10519
2018-06-19T05:00;2018-06-19T05:15;21;kWh;-39189;0;0;0;39189;-39189
2018-06-19T05:15;2018-06-19T05:30;22;kWh;-51056;0;0;0;51056;-51056
2018-06-19T05:30;2018-06-19T05:45;23;kWh;-53155;0;0;0;53155;-53155
2018-06-19T05:45;2018-06-19T06:00;24;kWh;-45216;0;0;0;45216;-45216
2018-06-19T06:00;2018-06-19T06:15;25;kWh;-46822;0;0;0;46822;-46822
2018-06-19T06:15;2018-06-19T06:30;26;kWh;-48312;0;0;0;48312;-48312
2018-06-19T06:30;2018-06-19T06:45;27;kWh;-13922;0;0;0;13922;-13922
2018-06-19T06:45;2018-06-19T07:00;28;kWh;0;2;0;0;2;2
2018-06-19T07:00;2018-06-19T07:15;29;kWh;0;0;0;0;0;0
2018-06-19T07:15;2018-06-19T07:30;30;kWh;0;452;0;0;452;452
2018-06-19T07:30;2018-06-19T07:45;31;kWh;0;9513;0;0;9513;9513
2018-06-19T07:45;2018-06-19T08:00;32;kWh;0;11655;0;0;11655;11655
2018-06-19T08:00;2018-06-19T08:15;33;kWh;-626;466;0;0;1092;-160
2018-06-19T08:15;2018-06-19T08:30;34;kWh;-452;0;0;0;452;-452
2018-06-19T08:30;2018-06-19T08:45;35;kWh;-187;3053;0;0;3240;2866
2018-06-19T08:45;2018-06-19T09:00;36;kWh;-21;38718;0;0;38739;38697
2018-06-19T09:00;2018-06-19T09:15;37;kWh;-2173;14551;0;0;16724;12378
2018-06-19T09:15;2018-06-19T09:30;38;kWh;0;12183;0;0;12183;12183
2018-06-19T09:30;2018-06-19T09:45;39;kWh;-326;24359;0;0;24685;24033
2018-06-19T09:45;2018-06-19T10:00;40;kWh;-6609;451;0;0;7060;-6158
2018-06-19T10:00;2018-06-19T10:15;41;kWh;0;16087;0;0;16087;16087
2018-06-19T10:15;2018-06-19T10:30;42;kWh;0;12213;0;0;12213;12213
2018-06-19T10:30;2018-06-19T10:45;43;kWh;0;17869;0;0;17869;17869
2018-06-19T10:45;2018-06-19T11:00;44;kWh;0;36032;0;0;36032;36032
2018-06-19T11:00;2018-06-19T11:15;45;kWh;0;31515;0;0;31515;31515
2018-06-19T11:15;2018-06-19T11:30;46;kWh;0;43220;0;0;43220;43220
2018-06-19T11:30;2018-06-19T11:45;47;kWh;0;60692;0;0;60692;60692
2018-06-19T11:45;2018-06-19T12:00;48;kWh;0;60118;0;0;62618;62618
2018-06-19T12:00;2018-06-19T12:15;49;kWh;0;27126;0;0;27126;27126
2018-06-19T12:15;2018-06-19T12:30;50;kWh;0;71;0;0;71;71
2018-06-19T12:30;2018-06-19T12:45;51;kWh;0;19082;0;0;19082;19082
2018-06-19T12:45;2018-06-19T13:00;52;kWh;0;25663;0;0;25663;25663
2018-06-19T13:00;2018-06-19T13:15;53;kWh;0;6773;0;0;6773;6773
2018-06-19T13:15;2018-06-19T13:30;54;kWh;0;11019;0;0;11019;11019
2018-06-19T13:30;2018-06-19T13:45;55;kWh;0;24662;0;0;24662;24662
2018-06-19T13:45;2018-06-19T14:00;56;kWh;0;37459;0;0;37459;37459
2018-06-19T14:00;2018-06-19T14:15;57;kWh;0;44266;0;0;44266;44266
2018-06-19T14:15;2018-06-19T14:30;58;kWh;0;46703;0;0;46703;46703
2018-06-19T14:30;2018-06-19T14:45;59;kWh;0;18231;0;0;18231;18231
2018-06-19T14:45;2018-06-19T15:00;60;kWh;0;17325;0;0;17325;17325
2018-06-19T15:00;2018-06-19T15:15;61;kWh;0;22273;0;0;22273;22273
2018-06-19T15:15;2018-06-19T15:30;62;kWh;0;13653;0;0;13653;13653
2018-06-19T15:30;2018-06-19T15:45;63;kWh;0;15919;0;0;15919;15919
2018-06-19T15:45;2018-06-19T16:00;64;kWh;0;21498;0;0;21498;21498
2018-06-19T16:00;2018-06-19T16:15;65;kWh;0;7631;0;0;7631;7631
2018-06-19T16:15;2018-06-19T16:30;66;kWh;0;22453;0;0;22453;22453
2018-06-19T16:30;2018-06-19T16:45;67;kWh;0;15533;0;0;15533;15533
2018-06-19T16:45;2018-06-19T17:00;68;kWh;0;18218;0;0;18218;18218
2018-06-19T17:00;2018-06-19T17:15;69;kWh;-24;10834;0;0;10858;10810
2018-06-19T17:15;2018-06-19T17:30;70;kWh;-67;1931;0;0;1998;1864
2018-06-19T17:30;2018-06-19T17:45;71;kWh;0;11581;0;0;11581;11581
2018-06-19T17:45;2018-06-19T18:00;72;kWh;-11;7468;0;0;7479;7457
2018-06-19T18:00;2018-06-19T18:15;73;kWh;-19;26;0;0;45;7
2018-06-19T18:15;2018-06-19T18:30;74;kWh;0;0;0;0;0;0
2018-06-19T18:30;2018-06-19T18:45;75;kWh;0;0;0;0;0;0
2018-06-19T18:45;2018-06-19T19:00;76;kWh;0;0;0;0;0;0
2018-06-19T19:00;2018-06-19T19:15;77;kWh;0;2137;0;0;2137;2137
2018-06-19T19:15;2018-06-19T19:30;78;kWh;0;6658;0;0;6658;6658
2018-06-19T19:30;2018-06-19T19:45;79;kWh;0;7929;0;0;7929;7929
2018-06-19T19:45;2018-06-19T20:00;80;kWh;0;5723;0;0;5723;5723
2018-06-19T20:00;2018-06-19T20:15;81;kWh;0;10252;0;0;10252;10252
2018-06-19T20:15;2018-06-19T20:30;82;kWh;0;16999;0;0;16999;16999
2018-06-19T20:30;2018-06-19T20:45;83;kWh;0;14234;0;0;14234;14234
2018-06-19T20:45;2018-06-19T21:00;84;kWh;0;6988;0;0;6988;6988
2018-06-19T21:00;2018-06-19T21:15;85;kWh;0;11282;0;0;11282;11282
2018-06-19T21:15;2018-06-19T21:30;86;kWh;0;16170;0;0;16170;16170
2018-06-19T21:30;2018-06-19T21:45;87;kWh;-690;1141;0;0;1831;451
2018-06-19T21:45;2018-06-19T22:00;88;kWh;-804;0;0;0;804;-804
2018-06-19T22:00;2018-06-19T22:15;89;kWh;-261;0;0;0;261;-261
2018-06-19T22:15;2018-06-19T22:30;90;kWh;0;3525;0;0;3525;3525
2018-06-19T22:30;2018-06-19T22:45;91;kWh;0;15683;0;0;15683;15683
2018-06-19T22:45;2018-06-19T23:00;92;kWh;-546;9539;0;0;10085;8993
2018-06-19T23:00;2018-06-19T23:15;93;kWh;-155;17042;0;0;17197;16887
2018-06-19T23:15;2018-06-19T23:30;94;kWh;-203;15084;0;0;15287;14881
2018-06-19T23:30;2018-06-19T23:45;95;kWh;-584;258;0;0;842;-326
2018-06-19T23:45;2018-06-20T00:00;96;kWh;-25340;0;0;0;25340;-25340
2018-06-20T00:00;2018-06-20T00:15;1;kWh;-38956;112;0;0;39068;-38844
2018-06-20T00:15;2018-06-20T00:30;2;kWh;-1024;12506;0;0;13530;11482
2018-06-20T00:30;2018-06-20T00:45;3;kWh;-861;665;0;0;1526;-196
2018-06-20T00:45;2018-06-20T01:00;4;kWh;-1032;0;0;0;1032;-1032
2018-06-20T01:00;2018-06-20T01:15;5;kWh;-24243;0;0;0;24243;-24243
2018-06-20T01:15;2018-06-20T01:30;6;kWh;-3473;378;0;0;3851;-3095
2018-06-20T01:30;2018-06-20T01:45;7;kWh;-13293;0;0;0;13293;-13293
2018-06-20T01:45;2018-06-20T02:00;8;kWh;-82256;0;0;0;82256;-82256
2018-06-20T02:00;2018-06-20T02:15;9;kWh;-47638;0;0;0;47638;-47638
2018-06-20T02:15;2018-06-20T02:30;10;kWh;-32115;0;0;0;32115;-32115
2018-06-20T02:30;2018-06-20T02:45;11;kWh;-53559;0;0;0;53559;-53559
2018-06-20T02:45;2018-06-20T03:00;12;kWh;-55027;0;0;0;55027;-55027
2018-06-20T03:00;2018-06-20T03:15;13;kWh;-37717;0;0;0;37717;-37717
2018-06-20T03:15;2018-06-20T03:30;14;kWh;-24946;0;0;0;24946;-24946
2018-06-20T03:30;2018-06-20T03:45;15;kWh;-51288;0;0;0;51288;-51288
2018-06-20T03:45;2018-06-20T04:00;16;kWh;-66303;0;0;0;66303;-66303
2018-06-20T04:00;2018-06-20T04:15;17;kWh;-60391;0;0;0;60391;-60391
2018-06-20T04:15;2018-06-20T04:30;18;kWh;-42971;0;0;0;42971;-42971
2018-06-20T04:30;2018-06-20T04:45;19;kWh;-63635;0;0;0;63635;-63635
2018-06-20T04:45;2018-06-20T05:00;20;kWh;-69251;0;0;0;69251;-69251
2018-06-20T05:00;2018-06-20T05:15;21;kWh;-31029;0;0;0;31029;-31029
2018-06-20T05:15;2018-06-20T05:30;22;kWh;-6025;0;0;0;6025;-6025
2018-06-20T05:30;2018-06-20T05:45;23;kWh;-10021;0;0;0;10021;-10021
2018-06-20T05:45;2018-06-20T06:00;24;kWh;-606;15;0;0;621;-591
2018-06-20T06:00;2018-06-20T06:15;25;kWh;-7498;1;0;0;7499;-7497
2018-06-20T06:15;2018-06-20T06:30;26;kWh;-13232;0;0;0;13232;-13232
2018-06-20T06:30;2018-06-20T06:45;27;kWh;-3624;10;0;0;3634;-3614
2018-06-20T06:45;2018-06-20T07:00;28;kWh;0;15418;0;0;15418;15418
2018-06-20T07:00;2018-06-20T07:15;29;kWh;-7210;5148;0;0;12358;-2062
2018-06-20T07:15;2018-06-20T07:30;30;kWh;-473;0;0;0;473;-473
2018-06-20T07:30;2018-06-20T07:45;31;kWh;0;0;0;0;0;0
2018-06-20T07:45;2018-06-20T08:00;32;kWh;0;12648;0;0;12648;12648
2018-06-20T08:00;2018-06-20T08:15;33;kWh;0;10108;0;0;10108;10108
2018-06-20T08:15;2018-06-20T08:30;34;kWh;0;1753;0;0;1753;1753
2018-06-20T08:30;2018-06-20T08:45;35;kWh;0;16140;0;0;16140;16140
2018-06-20T08:45;2018-06-20T09:00;36;kWh;0;41750;0;0;41750;41750
2018-06-20T09:00;2018-06-20T09:15;37;kWh;0;61072;0;0;61072;61072
2018-06-20T09:15;2018-06-20T09:30;38;kWh;0;51797;0;0;51797;51797
2018-06-20T09:30;2018-06-20T09:45;39;kWh;0;46229;0;0;46229;46229
2018-06-20T09:45;2018-06-20T10:00;40;kWh;0;48667;0;0;48667;48667
2018-06-20T10:00;2018-06-20T10:15;41;kWh;0;70784;0;0;70784;70784
2018-06-20T10:15;2018-06-20T10:30;42;kWh;0;94866;0;0;94866;94866
2018-06-20T10:30;2018-06-20T10:45;43;kWh;0;97401;0;63448;163349;163349
2018-06-20T10:45;2018-06-20T11:00;44;kWh;0;97021;0;106585;206106;206106
2018-06-20T11:00;2018-06-20T11:15;45;kWh;-1500;42220;0;111855;155575;152575
2018-06-20T11:15;2018-06-20T11:30;46;kWh;-9;9036;0;93486;105031;105013
2018-06-20T11:30;2018-06-20T11:45;47;kWh;0;20671;0;59131;82302;82302
2018-06-20T11:45;2018-06-20T12:00;48;kWh;0;4327;0;37936;44763;44763
2018-06-20T12:00;2018-06-20T12:15;49;kWh;0;42281;0;0;42281;42281
2018-06-20T12:15;2018-06-20T12:30;50;kWh;0;85109;0;0;87609;87609
2018-06-20T12:30;2018-06-20T12:45;51;kWh;0;91008;0;0;93508;93508
2018-06-20T12:45;2018-06-20T13:00;52;kWh;0;32010;0;0;34510;34510
2018-06-20T13:00;2018-06-20T13:15;53;kWh;0;21936;0;0;21936;21936
2018-06-20T13:15;2018-06-20T13:30;54;kWh;0;19085;0;0;19085;19085
2018-06-20T13:30;2018-06-20T13:45;55;kWh;0;31970;0;0;31970;31970
2018-06-20T13:45;2018-06-20T14:00;56;kWh;0;17704;0;0;17704;17704
2018-06-20T14:00;2018-06-20T14:15;57;kWh;-34;7181;0;0;7215;7147
2018-06-20T14:15;2018-06-20T14:30;58;kWh;0;31470;0;0;31470;31470
2018-06-20T14:30;2018-06-20T14:45;59;kWh;-411;10750;0;0;11161;10339
2018-06-20T14:45;2018-06-20T15:00;60;kWh;-22;678;0;0;700;656
2018-06-20T15:00;2018-06-20T15:15;61;kWh;0;414;0;0;414;414
2018-06-20T15:15;2018-06-20T15:30;62;kWh;0;3656;0;0;3656;3656
2018-06-20T15:30;2018-06-20T15:45;63;kWh;0;15836;0;0;15836;15836
2018-06-20T15:45;2018-06-20T16:00;64;kWh;0;41183;0;0;41183;41183
2018-06-20T16:00;2018-06-20T16:15;65;kWh;-14363;13521;0;0;27884;-842
2018-06-20T16:15;2018-06-20T16:30;66;kWh;-3814;0;0;0;3814;-3814
2018-06-20T16:30;2018-06-20T16:45;67;kWh;-587;0;0;0;587;-587
2018-06-20T16:45;2018-06-20T17:00;68;kWh;0;5283;0;0;5283;5283
2018-06-20T17:00;2018-06-20T17:15;69;kWh;0;30382;0;0;30382;30382
2018-06-20T17:15;2018-06-20T17:30;70;kWh;0;32257;0;0;32257;32257
2018-06-20T17:30;2018-06-20T17:45;71;kWh;0;31488;0;0;31488;31488
2018-06-20T17:45;2018-06-20T18:00;72;kWh;0;27977;0;0;27977;27977
2018-06-20T18:00;2018-06-20T18:15;73;kWh;0;18946;0;0;18946;18946
2018-06-20T18:15;2018-06-20T18:30;74;kWh;0;824;0;0;824;824
2018-06-20T18:30;2018-06-20T18:45;75;kWh;0;0;0;0;0;0
2018-06-20T18:45;2018-06-20T19:00;76;kWh;0;96;0;0;96;96
2018-06-20T19:00;2018-06-20T19:15;77;kWh;0;13925;0;0;13925;13925
2018-06-20T19:15;2018-06-20T19:30;78;kWh;0;36336;0;0;36336;36336
2018-06-20T19:30;2018-06-20T19:45;79;kWh;0;9691;0;0;9691;9691
2018-06-20T19:45;2018-06-20T20:00;80;kWh;0;59054;0;0;59054;59054
2018-06-20T20:00;2018-06-20T20:15;81;kWh;-9231;23679;0;0;32910;14448
2018-06-20T20:15;2018-06-20T20:30;82;kWh;-5609;4705;0;0;10314;-904
2018-06-20T20:30;2018-06-20T20:45;83;kWh;0;18042;0;0;18042;18042
2018-06-20T20:45;2018-06-20T21:00;84;kWh;0;39157;0;0;39157;39157
2018-06-20T21:00;2018-06-20T21:15;85;kWh;0;30784;0;0;30784;30784
2018-06-20T21:15;2018-06-20T21:30;86;kWh;0;20566;0;0;20566;20566
2018-06-20T21:30;2018-06-20T21:45;87;kWh;-9736;2491;0;0;12227;-7245
2018-06-20T21:45;2018-06-20T22:00;88;kWh;-11122;164;0;0;11286;-10958
2018-06-20T22:00;2018-06-20T22:15;89;kWh;-110;4607;0;0;4717;4497
2018-06-20T22:15;2018-06-20T22:30;90;kWh;0;66449;0;0;66449;66449
2018-06-20T22:30;2018-06-20T22:45;91;kWh;0;66601;0;0;66601;66601
2018-06-20T22:45;2018-06-20T23:00;92;kWh;-13596;7077;0;0;20673;-6519
2018-06-20T23:00;2018-06-20T23:15;93;kWh;-14955;11128;0;0;26083;-3827
2018-06-20T23:15;2018-06-20T23:30;94;kWh;-42;39398;0;0;39440;39356
2018-06-20T23:30;2018-06-20T23:45;95;kWh;-735;8019;0;0;8754;7284
2018-06-20T23:45;2018-06-21T00:00;96;kWh;-6997;0;0;0;6997;-6997
2018-06-21T00:00;2018-06-21T00:15;1;kWh;-2175;18264;0;0;20439;16089
2018-06-21T00:15;2018-06-21T00:30;2;kWh;0;78904;0;0;78904;78904
2018-06-21T00:30;2018-06-21T00:45;3;kWh;0;20937;0;0;20937;20937
2018-06-21T00:45;2018-06-21T01:00;4;kWh;0;23061;0;0;23061;23061
2018-06-21T01:00;2018-06-21T01:15;5;kWh;-173;5574;0;0;5747;5401
2018-06-21T01:15;2018-06-21T01:30;6;kWh;-4;15300;0;0;15304;15296
2018-06-21T01:30;2018-06-21T01:45;7;kWh;0;27139;0;0;27139;27139
2018-06-21T01:45;2018-06-21T02:00;8;kWh;0;26399;0;0;26399;26399
2018-06-21T02:00;2018-06-21T02:15;9;kWh;0;12307;0;0;12307;12307
2018-06-21T02:15;2018-06-21T02:30;10;kWh;0;39407;0;0;39407;39407
2018-06-21T02:30;2018-06-21T02:45;11;kWh;-38;11956;0;0;11994;11918
2018-06-21T02:45;2018-06-21T03:00;12;kWh;-1011;13;0;0;1024;-998
2018-06-21T03:00;2018-06-21T03:15;13;kWh;0;8201;0;0;8201;8201
2018-06-21T03:15;2018-06-21T03:30;14;kWh;0;5148;0;0;5148;5148
2018-06-21T03:30;2018-06-21T03:45;15;kWh;0;4627;0;0;4627;4627
2018-06-21T03:45;2018-06-21T04:00;16;kWh;-40;21354;0;0;21394;21314
2018-06-21T04:00;2018-06-21T04:15;17;kWh;-1429;15033;0;0;16462;13604
2018-06-21T04:15;2018-06-21T04:30;18;kWh;-15;31189;0;0;31204;31174
2018-06-21T04:30;2018-06-21T04:45;19;kWh;-18641;2600;0;0;21241;-16041
2018-06-21T04:45;2018-06-21T05:00;20;kWh;-29411;0;0;0;29411;-29411
2018-06-21T05:00;2018-06-21T05:15;21;kWh;-8488;2980;0;0;11468;-5508
2018-06-21T05:15;2018-06-21T05:30;22;kWh;-16751;203;0;0;16954;-16548
2018-06-21T05:30;2018-06-21T05:45;23;kWh;-47752;0;0;0;47752;-47752
2018-06-21T05:45;2018-06-21T06:00;24;kWh;-67571;0;0;0;67571;-67571
2018-06-21T06:00;2018-06-21T06:15;25;kWh;-42521;0;0;0;42521;-42521
2018-06-21T06:15;2018-06-21T06:30;26;kWh;-12885;0;0;0;12885;-12885
2018-06-21T06:30;2018-06-21T06:45;27;kWh;-5454;0;0;0;5454;-5454
2018-06-21T06:45;2018-06-21T07:00;28;kWh;-670;0;0;0;670;-670
2018-06-21T07:00;2018-06-21T07:15;29;kWh;-300;0;0;0;300;-300
2018-06-21T07:15;2018-06-21T07:30;30;kWh;0;4694;0;0;4694;4694
2018-06-21T07:30;2018-06-21T07:45;31;kWh;0;57549;0;0;57549;57549
2018-06-21T07:45;2018-06-21T08:00;32;kWh;-1390;23140;0;0;24530;21750
2018-06-21T08:00;2018-06-21T08:15;33;kWh;-142;0;0;0;142;-142
2018-06-21T08:15;2018-06-21T08:30;34;kWh;0;0;0;0;0;0
2018-06-21T08:30;2018-06-21T08:45;35;kWh;-741;0;0;0;741;-741
2018-06-21T08:45;2018-06-21T09:00;36;kWh;-15618;0;0;0;15618;-15618
2018-06-21T09:00;2018-06-21T09:15;37;kWh;-18410;0;0;0;18410;-18410
2018-06-21T09:15;2018-06-21T09:30;38;kWh;-21162;0;0;0;21162;-21162
2018-06-21T09:30;2018-06-21T09:45;39;kWh;-51317;0;0;0;51317;-51317
2018-06-21T09:45;2018-06-21T10:00;40;kWh;-73038;0;0;0;73038;-73038
2018-06-21T10:00;2018-06-21T10:15;41;kWh;-30578;0;0;0;30578;-30578
2018-06-21T10:15;2018-06-21T10:30;42;kWh;-51728;0;0;0;51728;-51728
2018-06-21T10:30;2018-06-21T10:45;43;kWh;-69983;0;0;0;69983;-69983
2018-06-21T10:45;2018-06-21T11:00;44;kWh;-62125;0;0;0;62125;-62125
2018-06-21T11:00;2018-06-21T11:15;45;kWh;-27428;400;0;0;27828;-27028
2018-06-21T11:15;2018-06-21T11:30;46;kWh;-295;25;0;0;320;-270
2018-06-21T11:30;2018-06-21T11:45;47;kWh;-215;0;0;0;215;-215
2018-06-21T11:45;2018-06-21T12:00;48;kWh;0;0;0;0;0;0
2018-06-21T12:00;2018-06-21T12:15;49;kWh;-9639;0;0;0;9639;-9639
2018-06-21T12:15;2018-06-21T12:30;50;kWh;-10607;0;0;0;10607;-10607
2018-06-21T12:30;2018-06-21T12:45;51;kWh;-49733;0;0;0;49733;-49733
2018-06-21T12:45;2018-06-21T13:00;52;kWh;-28696;0;0;0;28696;-28696
2018-06-21T13:00;2018-06-21T13:15;53;kWh;-16215;0;0;0;16215;-16215
2018-06-21T13:15;2018-06-21T13:30;54;kWh;-355;0;0;0;355;-355
2018-06-21T13:30;2018-06-21T13:45;55;kWh;0;0;0;0;0;0
2018-06-21T13:45;2018-06-21T14:00;56;kWh;0;0;0;0;0;0
2018-06-21T14:00;2018-06-21T14:15;57;kWh;0;1269;0;0;1269;1269
2018-06-21T14:15;2018-06-21T14:30;58;kWh;0;18783;0;0;18783;18783
2018-06-21T14:30;2018-06-21T14:45;59;kWh;0;16157;0;0;16157;16157
2018-06-21T14:45;2018-06-21T15:00;60;kWh;0;21337;0;0;21337;21337
2018-06-21T15:00;2018-06-21T15:15;61;kWh;-230;12576;0;0;12806;12346
2018-06-21T15:15;2018-06-21T15:30;62;kWh;-1172;43;0;0;1215;-1129
2018-06-21T15:30;2018-06-21T15:45;63;kWh;0;5071;0;0;5071;5071
2018-06-21T15:45;2018-06-21T16:00;64;kWh;-2467;2746;0;0;5213;279
2018-06-21T16:00;2018-06-21T16:15;65;kWh;-40783;0;0;0;40783;-40783
2018-06-21T16:15;2018-06-21T16:30;66;kWh;-31013;0;0;0;31013;-31013
2018-06-21T16:30;2018-06-21T16:45;67;kWh;-25556;0;0;0;25556;-25556
2018-06-21T16:45;2018-06-21T17:00;68;kWh;-24204;0;0;0;24204;-24204
2018-06-21T17:00;2018-06-21T17:15;69;kWh;-34826;0;0;0;34826;-34826
2018-06-21T17:15;2018-06-21T17:30;70;kWh;-8807;0;0;0;8807;-8807
2018-06-21T17:30;2018-06-21T17:45;71;kWh;-14184;0;0;0;14184;-14184
2018-06-21T17:45;2018-06-21T18:00;72;kWh;-18015;0;0;0;18015;-18015
2018-06-21T18:00;2018-06-21T18:15;73;kWh;-31838;0;0;0;31838;-31838
2018-06-21T18:15;2018-06-21T18:30;74;kWh;-50695;0;0;0;50695;-50695
2018-06-21T18:30;2018-06-21T18:45;75;kWh;-19561;0;0;0;19561;-19561
2018-06-21T18:45;2018-06-21T19:00;76;kWh;-5266;0;0;0;5266;-5266
2018-06-21T19:00;2018-06-21T19:15;77;kWh;-2618;0;0;0;2618;-2618
2018-06-21T19:15;2018-06-21T19:30;78;kWh;-24101;0;0;0;24101;-24101
2018-06-21T19:30;2018-06-21T19:45;79;kWh;-42656;0;0;0;42656;-42656
2018-06-21T19:45;2018-06-21T20:00;80;kWh;-39074;0;0;0;39074;-39074
2018-06-21T20:00;2018-06-21T20:15;81;kWh;-26346;0;0;0;26346;-26346
2018-06-21T20:15;2018-06-21T20:30;82;kWh;-2063;0;0;0;2063;-2063
2018-06-21T20:30;2018-06-21T20:45;83;kWh;-19585;0;0;0;19585;-19585
2018-06-21T20:45;2018-06-21T21:00;84;kWh;-21714;5642;0;0;27356;-16072
2018-06-21T21:00;2018-06-21T21:15;85;kWh;-314;17498;0;0;17812;17184
2018-06-21T21:15;2018-06-21T21:30;86;kWh;0;6596;0;0;6596;6596
2018-06-21T21:30;2018-06-21T21:45;87;kWh;0;42;0;0;42;42
2018-06-21T21:45;2018-06-21T22:00;88;kWh;0;1427;0;0;1427;1427
2018-06-21T22:00;2018-06-21T22:15;89;kWh;0;15040;0;0;15040;15040
2018-06-21T22:15;2018-06-21T22:30;90;kWh;0;28410;0;0;28410;28410
2018-06-21T22:30;2018-06-21T22:45;91;kWh;0;35996;0;0;35996;35996
2018-06-21T22:45;2018-06-21T23:00;92;kWh;-1733;19673;0;0;21406;17940
2018-06-21T23:00;2018-06-21T23:15;93;kWh;-494;30154;0;0;30648;29660
2018-06-21T23:15;2018-06-21T23:30;94;kWh;0;70486;0;0;70486;70486
2018-06-21T23:30;2018-06-21T23:45;95;kWh;-5614;17178;0;0;22792;11564
2018-06-21T23:45;2018-06-22T00:00;96;kWh;-22596;0;0;0;22596;-22596
2018-06-22T00:00;2018-06-22T00:15;1;kWh;-33308;0;0;0;33308;-33308
2018-06-22T00:15;2018-06-22T00:30;2;kWh;-15504;0;0;0;15504;-15504
2018-06-22T00:30;2018-06-22T00:45;3;kWh;-62337;0;0;0;62337;-62337
2018-06-22T00:45;2018-06-22T01:00;4;kWh;-61841;0;0;0;61841;-61841
2018-06-22T01:00;2018-06-22T01:15;5;kWh;-32135;0;0;0;32135;-32135
2018-06-22T01:15;2018-06-22T01:30;6;kWh;-541;0;0;0;541;-541
2018-06-22T01:30;2018-06-22T01:45;7;kWh;-1710;0;0;0;1710;-1710
2018-06-22T01:45;2018-06-22T02:00;8;kWh;-5356;0;0;0;5356;-5356
2018-06-22T02:00;2018-06-22T02:15;9;kWh;-1944;0;0;0;1944;-1944
2018-06-22T02:15;2018-06-22T02:30;10;kWh;-2413;0;0;0;2413;-2413
2018-06-22T02:30;2018-06-22T02:45;11;kWh;-3683;0;0;0;3683;-3683
2018-06-22T02:45;2018-06-22T03:00;12;kWh;-932;0;0;0;932;-932
2018-06-22T03:00;2018-06-22T03:15;13;kWh;-844;983;0;0;1827;139
2018-06-22T03:15;2018-06-22T03:30;14;kWh;0;1594;0;0;1594;1594
2018-06-22T03:30;2018-06-22T03:45;15;kWh;0;1490;0;0;1490;1490
2018-06-22T03:45;2018-06-22T04:00;16;kWh;0;965;0;0;965;965
2018-06-22T04:00;2018-06-22T04:15;17;kWh;0;445;0;0;445;445
2018-06-22T04:15;2018-06-22T04:30;18;kWh;0;387;0;0;387;387
2018-06-22T04:30;2018-06-22T04:45;19;kWh;0;250;0;0;250;250
2018-06-22T04:45;2018-06-22T05:00;20;kWh;0;368;0;0;368;368
2018-06-22T05:00;2018-06-22T05:15;21;kWh;0;19;0;0;19;19
2018-06-22T05:15;2018-06-22T05:30;22;kWh;-1143;0;0;0;1143;-1143
2018-06-22T05:30;2018-06-22T05:45;23;kWh;-2125;0;0;0;2125;-2125
2018-06-22T05:45;2018-06-22T06:00;24;kWh;-13380;0;0;0;13380;-13380
2018-06-22T06:00;2018-06-22T06:15;25;kWh;-58722;0;0;0;58722;-58722
2018-06-22T06:15;2018-06-22T06:30;26;kWh;-25927;0;0;0;25927;-25927
2018-06-22T06:30;2018-06-22T06:45;27;kWh;-24241;0;0;0;24241;-24241
2018-06-22T06:45;2018-06-22T07:00;28;kWh;-8491;0;0;0;8491;-8491
2018-06-22T07:00;2018-06-22T07:15;29;kWh;-31564;0;0;0;31564;-31564
2018-06-22T07:15;2018-06-22T07:30;30;kWh;-59363;0;0;0;59363;-59363
2018-06-22T07:30;2018-06-22T07:45;31;kWh;-57913;0;0;0;57913;-57913
2018-06-22T07:45;2018-06-22T08:00;32;kWh;-35879;0;0;0;35879;-35879
2018-06-22T08:00;2018-06-22T08:15;33;kWh;-53231;0;0;0;53231;-53231
2018-06-22T08:15;2018-06-22T08:30;34;kWh;-39360;0;0;0;39360;-39360
2018-06-22T08:30;2018-06-22T08:45;35;kWh;-23300;0;0;0;23300;-23300
2018-06-22T08:45;2018-06-22T09:00;36;kWh;-1329;868;0;0;2197;-461
2018-06-22T09:00;2018-06-22T09:15;37;kWh;0;4;0;0;4;4
2018-06-22T09:15;2018-06-22T09:30;38;kWh;0;0;0;0;0;0
2018-06-22T09:30;2018-06-22T09:45;39;kWh;-5284;0;0;0;5284;-5284
2018-06-22T09:45;2018-06-22T10:00;40;kWh;-20111;0;0;0;20111;-20111
2018-06-22T10:00;2018-06-22T10:15;41;kWh;-15019;0;0;0;15019;-15019
2018-06-22T10:15;2018-06-22T10:30;42;kWh;-5834;0;0;0;5834;-5834
2018-06-22T10:30;2018-06-22T10:45;43;kWh;-8796;0;0;0;8796;-8796
2018-06-22T10:45;2018-06-22T11:00;44;kWh;-30930;57;0;0;30987;-30873
2018-06-22T11:00;2018-06-22T11:15;45;kWh;-11682;0;0;0;11682;-11682
2018-06-22T11:15;2018-06-22T11:30;46;kWh;-25141;0;0;0;25141;-25141
2018-06-22T11:30;2018-06-22T11:45;47;kWh;-38986;0;0;0;38986;-38986
2018-06-22T11:45;2018-06-22T12:00;48;kWh;-13787;0;0;0;13787;-13787
2018-06-22T12:00;2018-06-22T12:15;49;kWh;-4317;2064;0;0;6381;-2253
2018-06-22T12:15;2018-06-22T12:30;50;kWh;-936;0;0;0;936;-936
2018-06-22T12:30;2018-06-22T12:45;51;kWh;-1570;0;0;0;1570;-1570
2018-06-22T12:45;2018-06-22T13:00;52;kWh;-9154;0;0;0;9154;-9154
2018-06-22T13:00;2018-06-22T13:15;53;kWh;-14382;0;0;0;14382;-14382
2018-06-22T13:15;2018-06-22T13:30;54;kWh;-293;0;0;0;293;-293
2018-06-22T13:30;2018-06-22T13:45;55;kWh;-241;0;0;0;241;-241
2018-06-22T13:45;2018-06-22T14:00;56;kWh;0;0;0;0;0;0
2018-06-22T14:00;2018-06-22T14:15;57;kWh;0;0;0;0;0;0
2018-06-22T14:15;2018-06-22T14:30;58;kWh;0;0;0;0;0;0
2018-06-22T14:30;2018-06-22T14:45;59;kWh;0;0;0;0;0;0
2018-06-22T14:45;2018-06-22T15:00;60;kWh;-830;0;0;0;830;-830
2018-06-22T15:00;2018-06-22T15:15;61;kWh;-479;0;0;0;479;-479
2018-06-22T15:15;2018-06-22T15:30;62;kWh;0;1631;0;0;1631;1631
2018-06-22T15:30;2018-06-22T15:45;63;kWh;-279;328;0;0;607;49
2018-06-22T15:45;2018-06-22T16:00;64;kWh;-7575;0;0;0;7575;-7575
2018-06-22T16:00;2018-06-22T16:15;65;kWh;-31317;0;0;0;31317;-31317
2018-06-22T16:15;2018-06-22T16:30;66;kWh;-23490;0;0;0;23490;-23490
2018-06-22T16:30;2018-06-22T16:45;67;kWh;-11877;0;0;0;11877;-11877
2018-06-22T16:45;2018-06-22T17:00;68;kWh;-1779;1608;0;0;3387;-171
2018-06-22T17:00;2018-06-22T17:15;69;kWh;0;4778;0;0;4778;4778
2018-06-22T17:15;2018-06-22T17:30;70;kWh;0;9915;0;0;9915;9915
2018-06-22T17:30;2018-06-22T17:45;71;kWh;0;10652;0;0;10652;10652
2018-06-22T17:45;2018-06-22T18:00;72;kWh;0;2080;0;0;2080;2080
2018-06-22T18:00;2018-06-22T18:15;73;kWh;-1396;106;0;0;1502;-1290
2018-06-22T18:15;2018-06-22T18:30;74;kWh;-2992;0;0;0;2992;-2992
2018-06-22T18:30;2018-06-22T18:45;75;kWh;-10311;0;0;0;10311;-10311
2018-06-22T18:45;2018-06-22T19:00;76;kWh;-6054;0;0;0;6054;-6054
2018-06-22T19:00;2018-06-22T19:15;77;kWh;-17;0;0;0;17;-17
2018-06-22T19:15;2018-06-22T19:30;78;kWh;0;0;0;0;0;0
2018-06-22T19:30;2018-06-22T19:45;79;kWh;0;0;0;0;0;0
2018-06-22T19:45;2018-06-22T20:00;80;kWh;0;11459;0;0;11459;11459
2018-06-22T20:00;2018-06-22T20:15;81;kWh;-29;10378;0;0;10407;10349
2018-06-22T20:15;2018-06-22T20:30;82;kWh;-2458;0;0;0;2458;-2458
2018-06-22T20:30;2018-06-22T20:45;83;kWh;-5595;0;0;0;5595;-5595
2018-06-22T20:45;2018-06-22T21:00;84;kWh;-23511;0;0;0;23511;-23511
2018-06-22T21:00;2018-06-22T21:15;85;kWh;-10655;0;0;0;10655;-10655
2018-06-22T21:15;2018-06-22T21:30;86;kWh;-13537;0;0;0;13537;-13537
2018-06-22T21:30;2018-06-22T21:45;87;kWh;-12528;0;0;0;12528;-12528
2018-06-22T21:45;2018-06-22T22:00;88;kWh;-24420;0;0;0;24420;-24420
2018-06-22T22:00;2018-06-22T22:15;89;kWh;-30331;0;0;0;30331;-30331
2018-06-22T22:15;2018-06-22T22:30;90;kWh;-15413;0;0;0;15413;-15413
2018-06-22T22:30;2018-06-22T22:45;91;kWh;-44;3;0;0;47;-41
2018-06-22T22:45;2018-06-22T23:00;92;kWh;-1309;0;0;0;1309;-1309
2018-06-22T23:00;2018-06-22T23:15;93;kWh;-13;18825;0;0;18838;18812
2018-06-22T23:15;2018-06-22T23:30;94;kWh;0;46462;0;0;46462;46462
2018-06-22T23:30;2018-06-22T23:45;95;kWh;-1258;8099;0;0;9357;6841
2018-06-22T23:45;2018-06-23T00:00;96;kWh;0;7429;0;0;7429;7429
2018-06-23T00:00;2018-06-23T00:15;1;kWh;0;28160;0;0;28160;28160
2018-06-23T00:15;2018-06-23T00:30;2;kWh;0;35119;0;0;35119;35119
2018-06-23T00:30;2018-06-23T00:45;3;kWh;0;39347;0;0;39347;39347
2018-06-23T00:45;2018-06-23T01:00;4;kWh;0;65249;0;0;65249;65249
2018-06-23T01:00;2018-06-23T01:15;5;kWh;0;34526;0;0;34526;34526
2018-06-23T01:15;2018-06-23T01:30;6;kWh;0;42035;0;0;42035;42035
2018-06-23T01:30;2018-06-23T01:45;7;kWh;-1020;9657;0;0;10677;8637
2018-06-23T01:45;2018-06-23T02:00;8;kWh;0;7099;0;0;7099;7099
2018-06-23T02:00;2018-06-23T02:15;9;kWh;0;7138;0;0;7138;7138
2018-06-23T02:15;2018-06-23T02:30;10;kWh;0;19583;0;0;19583;19583
2018-06-23T02:30;2018-06-23T02:45;11;kWh;-24;1444;0;0;1468;1420
2018-06-23T02:45;2018-06-23T03:00;12;kWh;-11620;0;0;0;11620;-11620
2018-06-23T03:00;2018-06-23T03:15;13;kWh;-3244;8694;0;0;11938;5450
2018-06-23T03:15;2018-06-23T03:30;14;kWh;0;12016;0;0;12016;12016
2018-06-23T03:30;2018-06-23T03:45;15;kWh;0;480;0;0;480;480
2018-06-23T03:45;2018-06-23T04:00;16;kWh;-1827;0;0;0;1827;-1827
2018-06-23T04:00;2018-06-23T04:15;17;kWh;-1033;0;0;0;1033;-1033
2018-06-23T04:15;2018-06-23T04:30;18;kWh;0;0;0;0;0;0
2018-06-23T04:30;2018-06-23T04:45;19;kWh;0;0;0;0;0;0
2018-06-23T04:45;2018-06-23T05:00;20;kWh;0;0;0;0;0;0
2018-06-23T05:00;2018-06-23T05:15;21;kWh;0;7086;0;0;7086;7086
2018-06-23T05:15;2018-06-23T05:30;22;kWh;0;701;0;0;701;701
2018-06-23T05:30;2018-06-23T05:45;23;kWh;0;0;0;0;0;0
2018-06-23T05:45;2018-06-23T06:00;24;kWh;0;88;0;0;88;88
2018-06-23T06:00;2018-06-23T06:15;25;kWh;-20007;0;0;0;20007;-20007
2018-06-23T06:15;2018-06-23T06:30;26;kWh;-32284;0;0;0;32284;-32284
2018-06-23T06:30;2018-06-23T06:45;27;kWh;-14061;0;0;0;14061;-14061
2018-06-23T06:45;2018-06-23T07:00;28;kWh;-92;0;0;0;92;-92
2018-06-23T07:00;2018-06-23T07:15;29;kWh;-3067;0;0;0;3067;-3067
2018-06-23T07:15;2018-06-23T07:30;30;kWh;-41567;0;0;0;41567;-41567
2018-06-23T07:30;2018-06-23T07:45;31;kWh;-36444;0;0;0;36444;-36444
2018-06-23T07:45;2018-06-23T08:00;32;kWh;-13240;0;0;0;13240;-13240
2018-06-23T08:00;2018-06-23T08:15;33;kWh;-20174;0;0;0;20174;-20174
2018-06-23T08:15;2018-06-23T08:30;34;kWh;-37640;0;0;0;37640;-37640
2018-06-23T08:30;2018-06-23T08:45;35;kWh;-15542;39;0;0;15581;-15503
2018-06-23T08:45;2018-06-23T09:00;36;kWh;-664;12448;0;0;13112;11784
2018-06-23T09:00;2018-06-23T09:15;37;kWh;-98;9171;0;0;9269;9073
2018-06-23T09:15;2018-06-23T09:30;38;kWh;-718;704;0;0;1422;-14
2018-06-23T09:30;2018-06-23T09:45;39;kWh;0;8330;0;0;8330;8330
2018-06-23T09:45;2018-06-23T10:00;40;kWh;-183;2633;0;0;2816;2450
2018-06-23T10:00;2018-06-23T10:15;41;kWh;0;11034;0;0;11034;11034
2018-06-23T10:15;2018-06-23T10:30;42;kWh;0;7287;0;0;7287;7287
2018-06-23T10:30;2018-06-23T10:45;43;kWh;0;3250;0;0;3250;3250
2018-06-23T10:45;2018-06-23T11:00;44;kWh;0;5269;0;0;5269;5269
2018-06-23T11:00;2018-06-23T11:15;45;kWh;0;23201;0;0;23201;23201
2018-06-23T11:15;2018-06-23T11:30;46;kWh;0;44844;0;0;44844;44844
2018-06-23T11:30;2018-06-23T11:45;47;kWh;0;27433;0;0;27433;27433
2018-06-23T11:45;2018-06-23T12:00;48;kWh;0;6188;0;0;6188;6188
2018-06-23T12:00;2018-06-23T12:15;49;kWh;0;7885;0;0;7885;7885
2018-06-23T12:15;2018-06-23T12:30;50;kWh;0;1768;0;0;1768;1768
2018-06-23T12:30;2018-06-23T12:45;51;kWh;-554;315;0;0;869;-239
2018-06-23T12:45;2018-06-23T13:00;52;kWh;-3297;0;0;0;3297;-3297
2018-06-23T13:00;2018-06-23T13:15;53;kWh;-457;0;0;0;457;-457
2018-06-23T13:15;2018-06-23T13:30;54;kWh;0;0;0;0;0;0
2018-06-23T13:30;2018-06-23T13:45;55;kWh;-296;0;0;0;296;-296
2018-06-23T13:45;2018-06-23T14:00;56;kWh;-1941;0;0;0;1941;-1941
2018-06-23T14:00;2018-06-23T14:15;57;kWh;-906;0;0;0;906;-906
2018-06-23T14:15;2018-06-23T14:30;58;kWh;0;0;0;0;0;0
2018-06-23T14:30;2018-06-23T14:45;59;kWh;-6459;0;0;0;6459;-6459
2018-06-23T14:45;2018-06-23T15:00;60;kWh;-18995;0;0;0;18995;-18995
2018-06-23T15:00;2018-06-23T15:15;61;kWh;-4560;0;0;0;4560;-4560
2018-06-23T15:15;2018-06-23T15:30;62;kWh;-11;0;0;0;11;-11
2018-06-23T15:30;2018-06-23T15:45;63;kWh;0;0;0;0;0;0
2018-06-23T15:45;2018-06-23T16:00;64;kWh;0;0;0;0;0;0
2018-06-23T16:00;2018-06-23T16:15;65;kWh;-12426;0;0;0;12426;-12426
2018-06-23T16:15;2018-06-23T16:30;66;kWh;-19145;0;0;0;19145;-19145
2018-06-23T16:30;2018-06-23T16:45;67;kWh;-2840;0;0;0;2840;-2840
2018-06-23T16:45;2018-06-23T17:00;68;kWh;0;0;0;0;0;0
2018-06-23T17:00;2018-06-23T17:15;69;kWh;-28294;0;0;0;28294;-28294
2018-06-23T17:15;2018-06-23T17:30;70;kWh;-39993;0;0;0;39993;-39993
2018-06-23T17:30;2018-06-23T17:45;71;kWh;-16155;471;0;0;16626;-15684
2018-06-23T17:45;2018-06-23T18:00;72;kWh;0;3826;0;0;3826;3826
2018-06-23T18:00;2018-06-23T18:15;73;kWh;-8;971;0;0;979;963
2018-06-23T18:15;2018-06-23T18:30;74;kWh;-2580;0;0;0;2580;-2580
2018-06-23T18:30;2018-06-23T18:45;75;kWh;-821;35;0;0;856;-786
2018-06-23T18:45;2018-06-23T19:00;76;kWh;0;6652;0;0;6652;6652
2018-06-23T19:00;2018-06-23T19:15;77;kWh;0;1634;0;0;1634;1634
2018-06-23T19:15;2018-06-23T19:30;78;kWh;0;12017;0;0;12017;12017
2018-06-23T19:30;2018-06-23T19:45;79;kWh;0;27379;0;0;27379;27379
2018-06-23T19:45;2018-06-23T20:00;80;kWh;0;32590;0;0;32590;32590
2018-06-23T20:00;2018-06-23T20:15;81;kWh;-24;18323;0;0;18347;18299
2018-06-23T20:15;2018-06-23T20:30;82;kWh;-32;8245;0;0;8277;8213
2018-06-23T20:30;2018-06-23T20:45;83;kWh;0;17599;0;0;17599;17599
2018-06-23T20:45;2018-06-23T21:00;84;kWh;-312;1244;0;0;1556;932
2018-06-23T21:00;2018-06-23T21:15;85;kWh;0;1151;0;0;1151;1151
2018-06-23T21:15;2018-06-23T21:30;86;kWh;0;2347;0;0;2347;2347
2018-06-23T21:30;2018-06-23T21:45;87;kWh;0;1479;0;0;1479;1479
2018-06-23T21:45;2018-06-23T22:00;88;kWh;-1996;1;0;0;1997;-1995
2018-06-23T22:00;2018-06-23T22:15;89;kWh;-124;8313;0;0;8437;8189
2018-06-23T22:15;2018-06-23T22:30;90;kWh;0;33301;0;0;33301;33301
2018-06-23T22:30;2018-06-23T22:45;91;kWh;0;45661;0;0;45661;45661
2018-06-23T22:45;2018-06-23T23:00;92;kWh;-600;10216;0;0;10816;9616
2018-06-23T23:00;2018-06-23T23:15;93;kWh;0;21119;0;0;21119;21119
2018-06-23T23:15;2018-06-23T23:30;94;kWh;0;32243;0;0;32243;32243
2018-06-23T23:30;2018-06-23T23:45;95;kWh;-290;18031;0;0;18321;17741
2018-06-23T23:45;2018-06-24T00:00;96;kWh;-404;489;0;0;893;85
2018-06-24T00:00;2018-06-24T00:15;1;kWh;-90;264;0;0;354;174
2018-06-24T00:15;2018-06-24T00:30;2;kWh;-28;2520;0;0;2548;2492
2018-06-24T00:30;2018-06-24T00:45;3;kWh;-6300;14;0;0;6314;-6286
2018-06-24T00:45;2018-06-24T01:00;4;kWh;-31294;0;0;0;31294;-31294
2018-06-24T01:00;2018-06-24T01:15;5;kWh;-5831;937;0;0;6768;-4894
2018-06-24T01:15;2018-06-24T01:30;6;kWh;0;547;0;0;547;547
2018-06-24T01:30;2018-06-24T01:45;7;kWh;-1112;103;0;0;1215;-1009
2018-06-24T01:45;2018-06-24T02:00;8;kWh;-19157;0;0;0;19157;-19157
2018-06-24T02:00;2018-06-24T02:15;9;kWh;-12792;2253;0;0;15045;-10539
2018-06-24T02:15;2018-06-24T02:30;10;kWh;-129;655;0;0;784;526
2018-06-24T02:30;2018-06-24T02:45;11;kWh;-1188;0;0;0;1188;-1188
2018-06-24T02:45;2018-06-24T03:00;12;kWh;-20343;0;0;0;20343;-20343
2018-06-24T03:00;2018-06-24T03:15;13;kWh;-10765;4032;0;0;14797;-6733
2018-06-24T03:15;2018-06-24T03:30;14;kWh;-17;3622;0;0;3639;3605
2018-06-24T03:30;2018-06-24T03:45;15;kWh;-485;128;0;0;613;-357
2018-06-24T03:45;2018-06-24T04:00;16;kWh;-1933;0;0;0;1933;-1933
2018-06-24T04:00;2018-06-24T04:15;17;kWh;-996;4099;0;0;5095;3103
2018-06-24T04:15;2018-06-24T04:30;18;kWh;0;7421;0;0;7421;7421
2018-06-24T04:30;2018-06-24T04:45;19;kWh;0;5015;0;0;5015;5015
2018-06-24T04:45;2018-06-24T05:00;20;kWh;0;764;0;0;764;764
2018-06-24T05:00;2018-06-24T05:15;21;kWh;0;0;0;0;0;0
2018-06-24T05:15;2018-06-24T05:30;22;kWh;0;0;0;0;0;0
2018-06-24T05:30;2018-06-24T05:45;23;kWh;0;0;0;0;0;0
2018-06-24T05:45;2018-06-24T06:00;24;kWh;-818;0;0;0;818;-818
2018-06-24T06:00;2018-06-24T06:15;25;kWh;-1401;0;0;0;1401;-1401
2018-06-24T06:15;2018-06-24T06:30;26;kWh;-68;0;0;0;68;-68
2018-06-24T06:30;2018-06-24T06:45;27;kWh;0;0;0;0;0;0
2018-06-24T06:45;2018-06-24T07:00;28;kWh;-285;0;0;0;285;-285
2018-06-24T07:00;2018-06-24T07:15;29;kWh;-1783;0;0;0;1783;-1783
2018-06-24T07:15;2018-06-24T07:30;30;kWh;-1468;0;0;0;1468;-1468
2018-06-24T07:30;2018-06-24T07:45;31;kWh;-7416;0;0;0;7416;-7416
2018-06-24T07:45;2018-06-24T08:00;32;kWh;-12389;0;0;0;12389;-12389
2018-06-24T08:00;2018-06-24T08:15;33;kWh;-28809;0;0;0;28809;-28809
2018-06-24T08:15;2018-06-24T08:30;34;kWh;-43953;0;0;0;43953;-43953
2018-06-24T08:30;2018-06-24T08:45;35;kWh;-29807;0;0;0;29807;-29807
2018-06-24T08:45;2018-06-24T09:00;36;kWh;-4785;0;0;0;4785;-4785
2018-06-24T09:00;2018-06-24T09:15;37;kWh;-20193;0;0;0;20193;-20193
2018-06-24T09:15;2018-06-24T09:30;38;kWh;-44228;0;0;0;44228;-44228
2018-06-24T09:30;2018-06-24T09:45;39;kWh;-34725;0;0;0;34725;-34725
2018-06-24T09:45;2018-06-24T10:00;40;kWh;-34550;0;0;0;34550;-34550
2018-06-24T10:00;2018-06-24T10:15;41;kWh;-13360;0;0;0;13360;-13360
2018-06-24T10:15;2018-06-24T10:30;42;kWh;-11113;0;0;0;11113;-11113
2018-06-24T10:30;2018-06-24T10:45;43;kWh;-22975;0;0;0;22975;-22975
2018-06-24T10:45;2018-06-24T11:00;44;kWh;-21261;0;0;0;21261;-21261
2018-06-24T11:00;2018-06-24T11:15;45;kWh;-3364;0;0;0;3364;-3364
2018-06-24T11:15;2018-06-24T11:30;46;kWh;0;0;0;0;0;0
2018-06-24T11:30;2018-06-24T11:45;47;kWh;0;0;0;0;0;0
2018-06-24T11:45;2018-06-24T12:00;48;kWh;0;10421;0;0;10421;10421
2018-06-24T12:00;2018-06-24T12:15;49;kWh;-12070;4908;0;0;16978;-7162
2018-06-24T12:15;2018-06-24T12:30;50;kWh;-31736;0;0;0;31736;-31736
2018-06-24T12:30;2018-06-24T12:45;51;kWh;-13766;0;0;0;13766;-13766
2018-06-24T12:45;2018-06-24T13:00;52;kWh;-5947;0;0;0;5947;-5947
2018-06-24T13:00;2018-06-24T13:15;53;kWh;-4829;989;0;0;5818;-3840
2018-06-24T13:15;2018-06-24T13:30;54;kWh;-4820;5;0;0;4825;-4815
2018-06-24T13:30;2018-06-24T13:45;55;kWh;-14936;0;0;0;14936;-14936
2018-06-24T13:45;2018-06-24T14:00;56;kWh;-20846;0;0;0;20846;-20846
2018-06-24T14:00;2018-06-24T14:15;57;kWh;-14928;47;0;0;14975;-14881
2018-06-24T14:15;2018-06-24T14:30;58;kWh;-454;72;0;0;526;-382
2018-06-24T14:30;2018-06-24T14:45;59;kWh;0;0;0;0;0;0
2018-06-24T14:45;2018-06-24T15:00;60;kWh;0;335;0;0;335;335
2018-06-24T15:00;2018-06-24T15:15;61;kWh;0;43;0;0;43;43
2018-06-24T15:15;2018-06-24T15:30;62;kWh;0;0;0;0;0;0
2018-06-24T15:30;2018-06-24T15:45;63;kWh;-53;0;0;0;53;-53
2018-06-24T15:45;2018-06-24T16:00;64;kWh;0;0;0;0;0;0
2018-06-24T16:00;2018-06-24T16:15;65;kWh;-295;0;0;0;295;-295
2018-06-24T16:15;2018-06-24T16:30;66;kWh;-221;0;0;0;221;-221
2018-06-24T16:30;2018-06-24T16:45;67;kWh;0;0;0;0;0;0
2018-06-24T16:45;2018-06-24T17:00;68;kWh;0;0;0;0;0;0
2018-06-24T17:00;2018-06-24T17:15;69;kWh;-1448;0;0;0;1448;-1448
2018-06-24T17:15;2018-06-24T17:30;70;kWh;-1131;0;0;0;1131;-1131
2018-06-24T17:30;2018-06-24T17:45;71;kWh;-36;0;0;0;36;-36
2018-06-24T17:45;2018-06-24T18:00;72;kWh;0;0;0;0;0;0
2018-06-24T18:00;2018-06-24T18:15;73;kWh;0;2995;0;0;2995;2995
2018-06-24T18:15;2018-06-24T18:30;74;kWh;0;1293;0;0;1293;1293
2018-06-24T18:30;2018-06-24T18:45;75;kWh;0;668;0;0;668;668
2018-06-24T18:45;2018-06-24T19:00;76;kWh;0;1439;0;0;1439;1439
2018-06-24T19:00;2018-06-24T19:15;77;kWh;0;0;0;0;0;0
2018-06-24T19:15;2018-06-24T19:30;78;kWh;0;348;0;0;348;348
2018-06-24T19:30;2018-06-24T19:45;79;kWh;0;1223;0;0;1223;1223
2018-06-24T19:45;2018-06-24T20:00;80;kWh;0;6128;0;0;6128;6128
2018-06-24T20:00;2018-06-24T20:15;81;kWh;-2262;2064;0;0;4326;-198
2018-06-24T20:15;2018-06-24T20:30;82;kWh;-5754;0;0;0;5754;-5754
2018-06-24T20:30;2018-06-24T20:45;83;kWh;-35719;0;0;0;35719;-35719
2018-06-24T20:45;2018-06-24T21:00;84;kWh;-28583;0;0;0;28583;-28583
2018-06-24T21:00;2018-06-24T21:15;85;kWh;-38912;0;0;0;38912;-38912
2018-06-24T21:15;2018-06-24T21:30;86;kWh;-37600;0;0;0;37600;-37600
2018-06-24T21:30;2018-06-24T21:45;87;kWh;-31135;0;0;0;31135;-31135
2018-06-24T21:45;2018-06-24T22:00;88;kWh;-22570;0;0;0;22570;-22570
2018-06-24T22:00;2018-06-24T22:15;89;kWh;-19013;0;0;0;19013;-19013
2018-06-24T22:15;2018-06-24T22:30;90;kWh;-5794;835;0;0;6629;-4959
2018-06-24T22:30;2018-06-24T22:45;91;kWh;0;848;0;0;848;848
2018-06-24T22:45;2018-06-24T23:00;92;kWh;-430;1235;0;0;1665;805
2018-06-24T23:00;2018-06-24T23:15;93;kWh;-307;4973;0;0;5280;4666
2018-06-24T23:15;2018-06-24T23:30;94;kWh;-489;868;0;0;1357;379
2018-06-24T23:30;2018-06-24T23:45;95;kWh;-17919;0;0;0;17919;-17919
2018-06-24T23:45;2018-06-25T00:00;96;kWh;-30435;0;0;0;30435;-30435
2018-06-25T00:00;2018-06-25T00:15;1;kWh;-15433;1660;0;0;17093;-13773
2018-06-25T00:15;2018-06-25T00:30;2;kWh;-101;354;0;0;455;253
2018-06-25T00:30;2018-06-25T00:45;3;kWh;-527;0;0;0;527;-527
2018-06-25T00:45;2018-06-25T01:00;4;kWh;-5815;0;0;0;5815;-5815
2018-06-25T01:00;2018-06-25T01:15;5;kWh;-1375;8210;0;0;9585;6835
2018-06-25T01:15;2018-06-25T01:30;6;kWh;0;12041;0;0;12041;12041
2018-06-25T01:30;2018-06-25T01:45;7;kWh;0;118;0;0;118;118
2018-06-25T01:45;2018-06-25T02:00;8;kWh;0;0;0;0;0;0
2018-06-25T02:00;2018-06-25T02:15;9;kWh;0;4838;0;0;4838;4838
2018-06-25T02:15;2018-06-25T02:30;10;kWh;0;19518;0;0;19518;19518
2018-06-25T02:30;2018-06-25T02:45;11;kWh;0;3865;0;0;3865;3865
2018-06-25T02:45;2018-06-25T03:00;12;kWh;0;2995;0;0;2995;2995
2018-06-25T03:00;2018-06-25T03:15;13;kWh;0;3488;0;0;3488;3488
2018-06-25T03:15;2018-06-25T03:30;14;kWh;0;3553;0;0;3553;3553
2018-06-25T03:30;2018-06-25T03:45;15;kWh;0;15752;0;0;15752;15752
2018-06-25T03:45;2018-06-25T04:00;16;kWh;0;10202;0;0;10202;10202
2018-06-25T04:00;2018-06-25T04:15;17;kWh;0;27047;0;0;27047;27047
2018-06-25T04:15;2018-06-25T04:30;18;kWh;0;22623;0;0;22623;22623
2018-06-25T04:30;2018-06-25T04:45;19;kWh;0;5836;0;0;5836;5836
2018-06-25T04:45;2018-06-25T05:00;20;kWh;0;669;0;0;669;669
2018-06-25T05:00;2018-06-25T05:15;21;kWh;0;11785;0;0;11785;11785
2018-06-25T05:15;2018-06-25T05:30;22;kWh;0;3072;0;0;3072;3072
2018-06-25T05:30;2018-06-25T05:45;23;kWh;0;0;0;0;0;0
2018-06-25T05:45;2018-06-25T06:00;24;kWh;0;0;0;0;0;0
2018-06-25T06:00;2018-06-25T06:15;25;kWh;0;313;0;0;313;313
2018-06-25T06:15;2018-06-25T06:30;26;kWh;0;1844;0;0;1844;1844
2018-06-25T06:30;2018-06-25T06:45;27;kWh;0;5839;0;0;5839;5839
2018-06-25T06:45;2018-06-25T07:00;28;kWh;0;0;0;0;0;0
2018-06-25T07:00;2018-06-25T07:15;29;kWh;-5433;0;0;0;5433;-5433
2018-06-25T07:15;2018-06-25T07:30;30;kWh;-632;0;0;0;632;-632
2018-06-25T07:30;2018-06-25T07:45;31;kWh;0;265;0;0;265;265
2018-06-25T07:45;2018-06-25T08:00;32;kWh;0;20916;0;0;20916;20916
2018-06-25T08:00;2018-06-25T08:15;33;kWh;-217;14910;0;0;15127;14693
2018-06-25T08:15;2018-06-25T08:30;34;kWh;-111;9566;0;0;9677;9455
2018-06-25T08:30;2018-06-25T08:45;35;kWh;0;21976;0;0;21976;21976
2018-06-25T08:45;2018-06-25T09:00;36;kWh;0;21720;0;0;21720;21720
2018-06-25T09:00;2018-06-25T09:15;37;kWh;0;44838;0;0;44838;44838
2018-06-25T09:15;2018-06-25T09:30;38;kWh;0;77091;0;0;77091;77091
2018-06-25T09:30;2018-06-25T09:45;39;kWh;0;96699;0;0;96699;96699
2018-06-25T09:45;2018-06-25T10:00;40;kWh;0;95354;0;75705;173559;173559
2018-06-25T10:00;2018-06-25T10:15;41;kWh;0;33880;0;107814;144194;144194
2018-06-25T10:15;2018-06-25T10:30;42;kWh;0;19250;0;10000;29250;29250
2018-06-25T10:30;2018-06-25T10:45;43;kWh;0;33397;0;0;33397;33397
2018-06-25T10:45;2018-06-25T11:00;44;kWh;-451;3634;0;0;4085;3183
2018-06-25T11:00;2018-06-25T11:15;45;kWh;0;27837;0;0;27837;27837
2018-06-25T11:15;2018-06-25T11:30;46;kWh;0;5486;0;0;5486;5486
2018-06-25T11:30;2018-06-25T11:45;47;kWh;-1214;0;0;0;1214;-1214
2018-06-25T11:45;2018-06-25T12:00;48;kWh;-579;285;0;0;864;-294
2018-06-25T12:00;2018-06-25T12:15;49;kWh;0;19086;0;0;19086;19086
2018-06-25T12:15;2018-06-25T12:30;50;kWh;-115;9334;0;0;9449;9219
2018-06-25T12:30;2018-06-25T12:45;51;kWh;-1073;0;0;0;1073;-1073
2018-06-25T12:45;2018-06-25T13:00;52;kWh;-239;0;0;0;239;-239
2018-06-25T13:00;2018-06-25T13:15;53;kWh;0;0;0;0;0;0
2018-06-25T13:15;2018-06-25T13:30;54;kWh;0;0;0;0;0;0
2018-06-25T13:30;2018-06-25T13:45;55;kWh;0;0;0;0;0;0
2018-06-25T13:45;2018-06-25T14:00;56;kWh;-7;0;0;0;7;-7
2018-06-25T14:00;2018-06-25T14:15;57;kWh;-48;1843;0;0;1891;1795
2018-06-25T14:15;2018-06-25T14:30;58;kWh;0;2742;0;0;2742;2742
2018-06-25T14:30;2018-06-25T14:45;59;kWh;0;723;0;0;723;723
2018-06-25T14:45;2018-06-25T15:00;60;kWh;-245;0;0;0;245;-245
2018-06-25T15:00;2018-06-25T15:15;61;kWh;-1184;0;0;0;1184;-1184
2018-06-25T15:15;2018-06-25T15:30;62;kWh;-608;0;0;0;608;-608
2018-06-25T15:30;2018-06-25T15:45;63;kWh;-1936;0;0;0;1936;-1936
2018-06-25T15:45;2018-06-25T16:00;64;kWh;-14143;0;0;0;14143;-14143
2018-06-25T16:00;2018-06-25T16:15;65;kWh;-5126;0;0;0;5126;-5126
2018-06-25T16:15;2018-06-25T16:30;66;kWh;-1806;0;0;0;1806;-1806
2018-06-25T16:30;2018-06-25T16:45;67;kWh;-17644;0;0;0;17644;-17644
2018-06-25T16:45;2018-06-25T17:00;68;kWh;-7044;0;0;0;7044;-7044
2018-06-25T17:00;2018-06-25T17:15;69;kWh;-8250;0;0;0;8250;-8250
2018-06-25T17:15;2018-06-25T17:30;70;kWh;-545;0;0;0;545;-545
2018-06-25T17:30;2018-06-25T17:45;71;kWh;0;2882;0;0;2882;2882
2018-06-25T17:45;2018-06-25T18:00;72;kWh;0;4788;0;0;4788;4788
2018-06-25T18:00;2018-06-25T18:15;73;kWh;-2994;1911;0;0;4905;-1083
2018-06-25T18:15;2018-06-25T18:30;74;kWh;-4478;0;0;0;4478;-4478
2018-06-25T18:30;2018-06-25T18:45;75;kWh;-10584;0;0;0;10584;-10584
2018-06-25T18:45;2018-06-25T19:00;76;kWh;-3412;193;0;0;3605;-3219
2018-06-25T19:00;2018-06-25T19:15;77;kWh;0;1198;0;0;1198;1198
2018-06-25T19:15;2018-06-25T19:30;78;kWh;0;3830;0;0;3830;3830
2018-06-25T19:30;2018-06-25T19:45;79;kWh;0;8578;0;0;8578;8578
2018-06-25T19:45;2018-06-25T20:00;80;kWh;0;6059;0;0;6059;6059
2018-06-25T20:00;2018-06-25T20:15;81;kWh;0;13846;0;0;13846;13846
2018-06-25T20:15;2018-06-25T20:30;82;kWh;0;14939;0;0;14939;14939
2018-06-25T20:30;2018-06-25T20:45;83;kWh;-67;5150;0;0;5217;5083
2018-06-25T20:45;2018-06-25T21:00;84;kWh;-1907;0;0;0;1907;-1907
2018-06-25T21:00;2018-06-25T21:15;85;kWh;-76;0;0;0;76;-76
2018-06-25T21:15;2018-06-25T21:30;86;kWh;0;0;0;0;0;0
2018-06-25T21:30;2018-06-25T21:45;87;kWh;-4327;0;0;0;4327;-4327
2018-06-25T21:45;2018-06-25T22:00;88;kWh;-30413;0;0;0;30413;-30413
2018-06-25T22:00;2018-06-25T22:15;89;kWh;-14077;800;0;0;14877;-13277
2018-06-25T22:15;2018-06-25T22:30;90;kWh;0;8856;0;0;8856;8856
2018-06-25T22:30;2018-06-25T22:45;91;kWh;0;18558;0;0;18558;18558
2018-06-25T22:45;2018-06-25T23:00;92;kWh;0;10609;0;0;10609;10609
2018-06-25T23:00;2018-06-25T23:15;93;kWh;-118;13594;0;0;13712;13476
2018-06-25T23:15;2018-06-25T23:30;94;kWh;-13;21279;0;0;21292;21266
2018-06-25T23:30;2018-06-25T23:45;95;kWh;-10472;2673;0;0;13145;-7799
2018-06-25T23:45;2018-06-26T00:00;96;kWh;-15750;0;0;0;15750;-15750
2018-06-26T00:00;2018-06-26T00:15;1;kWh;-11236;1372;0;0;12608;-9864
2018-06-26T00:15;2018-06-26T00:30;2;kWh;-294;21632;0;0;21926;21338
2018-06-26T00:30;2018-06-26T00:45;3;kWh;-11995;1162;0;0;13157;-10833
2018-06-26T00:45;2018-06-26T01:00;4;kWh;-24711;0;0;0;24711;-24711
2018-06-26T01:00;2018-06-26T01:15;5;kWh;-19786;7750;0;0;27536;-12036
2018-06-26T01:15;2018-06-26T01:30;6;kWh;-400;8291;0;0;8691;7891
2018-06-26T01:30;2018-06-26T01:45;7;kWh;0;0;0;0;0;0
2018-06-26T01:45;2018-06-26T02:00;8;kWh;0;0;0;0;0;0
2018-06-26T02:00;2018-06-26T02:15;9;kWh;0;10128;0;0;10128;10128
2018-06-26T02:15;2018-06-26T02:30;10;kWh;0;28532;0;0;28532;28532
2018-06-26T02:30;2018-06-26T02:45;11;kWh;-511;8160;0;0;8671;7649
2018-06-26T02:45;2018-06-26T03:00;12;kWh;0;0;0;0;0;0
2018-06-26T03:00;2018-06-26T03:15;13;kWh;0;0;0;0;0;0
2018-06-26T03:15;2018-06-26T03:30;14;kWh;0;0;0;0;0;0
2018-06-26T03:30;2018-06-26T03:45;15;kWh;0;0;0;0;0;0
2018-06-26T03:45;2018-06-26T04:00;16;kWh;0;0;0;0;0;0
2018-06-26T04:00;2018-06-26T04:15;17;kWh;0;0;0;0;0;0
2018-06-26T04:15;2018-06-26T04:30;18;kWh;0;0;0;0;0;0
2018-06-26T04:30;2018-06-26T04:45;19;kWh;0;0;0;0;0;0
2018-06-26T04:45;2018-06-26T05:00;20;kWh;0;0;0;0;0;0
2018-06-26T05:00;2018-06-26T05:15;21;kWh;0;253;0;0;253;253
2018-06-26T05:15;2018-06-26T05:30;22;kWh;-4397;195;0;0;4592;-4202
2018-06-26T05:30;2018-06-26T05:45;23;kWh;-3584;0;0;0;3584;-3584
2018-06-26T05:45;2018-06-26T06:00;24;kWh;-318;0;0;0;318;-318
2018-06-26T06:00;2018-06-26T06:15;25;kWh;-2562;0;0;0;2562;-2562
2018-06-26T06:15;2018-06-26T06:30;26;kWh;-15667;0;0;0;15667;-15667
2018-06-26T06:30;2018-06-26T06:45;27;kWh;-1542;924;0;0;2466;-618
2018-06-26T06:45;2018-06-26T07:00;28;kWh;0;28098;0;0;28098;28098
2018-06-26T07:00;2018-06-26T07:15;29;kWh;-23316;9644;0;0;32960;-13672
2018-06-26T07:15;2018-06-26T07:30;30;kWh;-9374;0;0;0;9374;-9374
2018-06-26T07:30;2018-06-26T07:45;31;kWh;-153;0;0;0;153;-153
2018-06-26T07:45;2018-06-26T08:00;32;kWh;0;0;0;0;0;0
2018-06-26T08:00;2018-06-26T08:15;33;kWh;0;0;0;0;0;0
2018-06-26T08:15;2018-06-26T08:30;34;kWh;0;0;0;0;0;0
2018-06-26T08:30;2018-06-26T08:45;35;kWh;0;0;0;0;0;0
2018-06-26T08:45;2018-06-26T09:00;36;kWh;0;0;0;0;0;0
2018-06-26T09:00;2018-06-26T09:15;37;kWh;0;0;0;0;0;0
2018-06-26T09:15;2018-06-26T09:30;38;kWh;0;0;0;0;0;0
2018-06-26T09:30;2018-06-26T09:45;39;kWh;-8;0;0;0;8;-8
2018-06-26T09:45;2018-06-26T10:00;40;kWh;-14433;0;0;0;14433;-14433
2018-06-26T10:00;2018-06-26T10:15;41;kWh;-2410;380;0;0;2790;-2030
2018-06-26T10:15;2018-06-26T10:30;42;kWh;0;0;0;0;0;0
2018-06-26T10:30;2018-06-26T10:45;43;kWh;0;0;0;0;0;0
2018-06-26T10:45;2018-06-26T11:00;44;kWh;-3268;0;0;0;3268;-3268
2018-06-26T11:00;2018-06-26T11:15;45;kWh;-6118;0;0;0;6118;-6118
2018-06-26T11:15;2018-06-26T11:30;46;kWh;-15279;0;0;0;15279;-15279
2018-06-26T11:30;2018-06-26T11:45;47;kWh;-10692;0;0;0;10692;-10692
2018-06-26T11:45;2018-06-26T12:00;48;kWh;-3644;0;0;0;3644;-3644
2018-06-26T12:00;2018-06-26T12:15;49;kWh;-3982;0;0;0;3982;-3982
2018-06-26T12:15;2018-06-26T12:30;50;kWh;-2572;0;0;0;2572;-2572
2018-06-26T12:30;2018-06-26T12:45;51;kWh;-9551;0;0;0;9551;-9551
2018-06-26T12:45;2018-06-26T13:00;52;kWh;-2472;0;0;0;2472;-2472
2018-06-26T13:00;2018-06-26T13:15;53;kWh;-486;0;0;0;486;-486
2018-06-26T13:15;2018-06-26T13:30;54;kWh;-2348;0;0;0;2348;-2348
2018-06-26T13:30;2018-06-26T13:45;55;kWh;-1827;0;0;0;1827;-1827
2018-06-26T13:45;2018-06-26T14:00;56;kWh;-20539;0;0;0;20539;-20539
2018-06-26T14:00;2018-06-26T14:15;57;kWh;-10272;0;0;0;10272;-10272
2018-06-26T14:15;2018-06-26T14:30;58;kWh;-218;0;0;0;218;-218
2018-06-26T14:30;2018-06-26T14:45;59;kWh;-8177;0;0;0;8177;-8177
2018-06-26T14:45;2018-06-26T15:00;60;kWh;-14794;0;0;0;14794;-14794
2018-06-26T15:00;2018-06-26T15:15;61;kWh;-8511;0;0;0;8511;-8511
2018-06-26T15:15;2018-06-26T15:30;62;kWh;-75;0;0;0;75;-75
2018-06-26T15:30;2018-06-26T15:45;63;kWh;0;0;0;0;0;0
2018-06-26T15:45;2018-06-26T16:00;64;kWh;0;0;0;0;0;0
2018-06-26T16:00;2018-06-26T16:15;65;kWh;0;0;0;0;0;0
2018-06-26T16:15;2018-06-26T16:30;66;kWh;0;0;0;0;0;0
2018-06-26T16:30;2018-06-26T16:45;67;kWh;0;0;0;0;0;0
2018-06-26T16:45;2018-06-26T17:00;68;kWh;0;0;0;0;0;0
2018-06-26T17:00;2018-06-26T17:15;69;kWh;-411;0;0;0;411;-411
2018-06-26T17:15;2018-06-26T17:30;70;kWh;-5551;0;0;0;5551;-5551
2018-06-26T17:30;2018-06-26T17:45;71;kWh;-1204;0;0;0;1204;-1204
2018-06-26T17:45;2018-06-26T18:00;72;kWh;0;0;0;0;0;0
2018-06-26T18:00;2018-06-26T18:15;73;kWh;0;807;0;0;807;807
2018-06-26T18:15;2018-06-26T18:30;74;kWh;0;3329;0;0;3329;3329
2018-06-26T18:30;2018-06-26T18:45;75;kWh;0;23730;0;0;23730;23730
2018-06-26T18:45;2018-06-26T19:00;76;kWh;0;17803;0;0;17803;17803
2018-06-26T19:00;2018-06-26T19:15;77;kWh;0;23286;0;0;23286;23286
2018-06-26T19:15;2018-06-26T19:30;78;kWh;0;29433;0;0;29433;29433
2018-06-26T19:30;2018-06-26T19:45;79;kWh;0;8211;0;0;8211;8211
2018-06-26T19:45;2018-06-26T20:00;80;kWh;0;17414;0;0;17414;17414
2018-06-26T20:00;2018-06-26T20:15;81;kWh;0;29748;0;0;29748;29748
2018-06-26T20:15;2018-06-26T20:30;82;kWh;0;21617;0;0;21617;21617
2018-06-26T20:30;2018-06-26T20:45;83;kWh;0;2563;0;0;2563;2563
2018-06-26T20:45;2018-06-26T21:00;84;kWh;0;948;0;0;948;948
2018-06-26T21:00;2018-06-26T21:15;85;kWh;0;8584;0;0;8584;8584
2018-06-26T21:15;2018-06-26T21:30;86;kWh;0;3724;0;0;3724;3724
2018-06-26T21:30;2018-06-26T21:45;87;kWh;-1875;130;0;0;2005;-1745
2018-06-26T21:45;2018-06-26T22:00;88;kWh;-25243;0;0;0;25243;-25243
2018-06-26T22:00;2018-06-26T22:15;89;kWh;-19211;536;0;0;19747;-18675
2018-06-26T22:15;2018-06-26T22:30;90;kWh;-358;19353;0;0;19711;18995
2018-06-26T22:30;2018-06-26T22:45;91;kWh;0;26767;0;0;26767;26767
2018-06-26T22:45;2018-06-26T23:00;92;kWh;0;25097;0;0;25097;25097
2018-06-26T23:00;2018-06-26T23:15;93;kWh;0;18336;0;0;18336;18336
2018-06-26T23:15;2018-06-26T23:30;94;kWh;0;33336;0;0;33336;33336
2018-06-26T23:30;2018-06-26T23:45;95;kWh;-492;13417;0;0;13909;12925
2018-06-26T23:45;2018-06-27T00:00;96;kWh;-39;197;0;0;236;158
2018-06-27T00:00;2018-06-27T00:15;1;kWh;-2580;2091;0;0;4671;-489
2018-06-27T00:15;2018-06-27T00:30;2;kWh;0;16782;0;0;16782;16782
2018-06-27T00:30;2018-06-27T00:45;3;kWh;-501;661;0;0;1162;160
2018-06-27T00:45;2018-06-27T01:00;4;kWh;-8331;0;0;0;8331;-8331
2018-06-27T01:00;2018-06-27T01:15;5;kWh;-7177;0;0;0;7177;-7177
2018-06-27T01:15;2018-06-27T01:30;6;kWh;-169;0;0;0;169;-169
2018-06-27T01:30;2018-06-27T01:45;7;kWh;-100;0;0;0;100;-100
2018-06-27T01:45;2018-06-27T02:00;8;kWh;-35;0;0;0;35;-35
2018-06-27T02:00;2018-06-27T02:15;9;kWh;-822;0;0;0;822;-822
2018-06-27T02:15;2018-06-27T02:30;10;kWh;-3;0;0;0;3;-3
2018-06-27T02:30;2018-06-27T02:45;11;kWh;-188;0;0;0;188;-188
2018-06-27T02:45;2018-06-27T03:00;12;kWh;-1362;0;0;0;1362;-1362
2018-06-27T03:00;2018-06-27T03:15;13;kWh;-1940;0;0;0;1940;-1940
2018-06-27T03:15;2018-06-27T03:30;14;kWh;-712;0;0;0;712;-712
2018-06-27T03:30;2018-06-27T03:45;15;kWh;-80;0;0;0;80;-80
2018-06-27T03:45;2018-06-27T04:00;16;kWh;-228;0;0;0;228;-228
2018-06-27T04:00;2018-06-27T04:15;17;kWh;-2420;0;0;0;2420;-2420
2018-06-27T04:15;2018-06-27T04:30;18;kWh;-4297;0;0;0;4297;-4297
2018-06-27T04:30;2018-06-27T04:45;19;kWh;-346;0;0;0;346;-346
2018-06-27T04:45;2018-06-27T05:00;20;kWh;-868;0;0;0;868;-868
2018-06-27T05:00;2018-06-27T05:15;21;kWh;-358;0;0;0;358;-358
2018-06-27T05:15;2018-06-27T05:30;22;kWh;-2241;0;0;0;2241;-2241
2018-06-27T05:30;2018-06-27T05:45;23;kWh;-5026;0;0;0;5026;-5026
2018-06-27T05:45;2018-06-27T06:00;24;kWh;-839;0;0;0;839;-839
2018-06-27T06:00;2018-06-27T06:15;25;kWh;-19973;0;0;0;19973;-19973
2018-06-27T06:15;2018-06-27T06:30;26;kWh;-13265;0;0;0;13265;-13265
2018-06-27T06:30;2018-06-27T06:45;27;kWh;-1192;732;0;0;1924;-460
2018-06-27T06:45;2018-06-27T07:00;28;kWh;0;25861;0;0;25861;25861
2018-06-27T07:00;2018-06-27T07:15;29;kWh;-9844;7754;0;0;17598;-2090
2018-06-27T07:15;2018-06-27T07:30;30;kWh;-1094;0;0;0;1094;-1094
2018-06-27T07:30;2018-06-27T07:45;31;kWh;0;0;0;0;0;0
2018-06-27T07:45;2018-06-27T08:00;32;kWh;0;3009;0;0;3009;3009
2018-06-27T08:00;2018-06-27T08:15;33;kWh;0;669;0;0;669;669
2018-06-27T08:15;2018-06-27T08:30;34;kWh;0;0;0;0;0;0
2018-06-27T08:30;2018-06-27T08:45;35;kWh;0;0;0;0;0;0
2018-06-27T08:45;2018-06-27T09:00;36;kWh;0;0;0;0;0;0
2018-06-27T09:00;2018-06-27T09:15;37;kWh;-4669;0;0;0;4669;-4669
2018-06-27T09:15;2018-06-27T09:30;38;kWh;-30302;0;0;0;30302;-30302
2018-06-27T09:30;2018-06-27T09:45;39;kWh;-19088;0;0;0;19088;-19088
2018-06-27T09:45;2018-06-27T10:00;40;kWh;-29192;0;0;0;29192;-29192
2018-06-27T10:00;2018-06-27T10:15;41;kWh;-12250;2079;0;0;14329;-10171
2018-06-27T10:15;2018-06-27T10:30;42;kWh;0;8;0;0;8;8
2018-06-27T10:30;2018-06-27T10:45;43;kWh;0;0;0;0;0;0
2018-06-27T10:45;2018-06-27T11:00;44;kWh;0;0;0;0;0;0
2018-06-27T11:00;2018-06-27T11:15;45;kWh;-8722;0;0;0;8722;-8722
2018-06-27T11:15;2018-06-27T11:30;46;kWh;-25949;0;0;0;25949;-25949
2018-06-27T11:30;2018-06-27T11:45;47;kWh;-28401;0;0;0;28401;-28401
2018-06-27T11:45;2018-06-27T12:00;48;kWh;-20497;0;0;0;20497;-20497
2018-06-27T12:00;2018-06-27T12:15;49;kWh;-5771;0;0;0;5771;-5771
2018-06-27T12:15;2018-06-27T12:30;50;kWh;-5754;0;0;0;5754;-5754
2018-06-27T12:30;2018-06-27T12:45;51;kWh;-7554;0;0;0;7554;-7554
2018-06-27T12:45;2018-06-27T13:00;52;kWh;-16971;0;0;0;16971;-16971
2018-06-27T13:00;2018-06-27T13:15;53;kWh;-10154;0;0;0;10154;-10154
2018-06-27T13:15;2018-06-27T13:30;54;kWh;-1024;0;0;0;1024;-1024
2018-06-27T13:30;2018-06-27T13:45;55;kWh;-1734;0;0;0;1734;-1734
2018-06-27T13:45;2018-06-27T14:00;56;kWh;-2065;0;0;0;2065;-2065
2018-06-27T14:00;2018-06-27T14:15;57;kWh;-464;0;0;0;464;-464
2018-06-27T14:15;2018-06-27T14:30;58;kWh;0;0;0;0;0;0
2018-06-27T14:30;2018-06-27T14:45;59;kWh;0;0;0;0;0;0
2018-06-27T14:45;2018-06-27T15:00;60;kWh;-2017;0;0;0;2017;-2017
2018-06-27T15:00;2018-06-27T15:15;61;kWh;-793;0;0;0;793;-793
2018-06-27T15:15;2018-06-27T15:30;62;kWh;-68;0;0;0;68;-68
2018-06-27T15:30;2018-06-27T15:45;63;kWh;0;0;0;0;0;0
2018-06-27T15:45;2018-06-27T16:00;64;kWh;0;0;0;0;0;0
2018-06-27T16:00;2018-06-27T16:15;65;kWh;-1066;0;0;0;1066;-1066
2018-06-27T16:15;2018-06-27T16:30;66;kWh;-6461;0;0;0;6461;-6461
2018-06-27T16:30;2018-06-27T16:45;67;kWh;-270;0;0;0;270;-270
2018-06-27T16:45;2018-06-27T17:00;68;kWh;0;396;0;0;396;396
2018-06-27T17:00;2018-06-27T17:15;69;kWh;-2453;0;0;0;2453;-2453
2018-06-27T17:15;2018-06-27T17:30;70;kWh;-4300;0;0;0;4300;-4300
2018-06-27T17:30;2018-06-27T17:45;71;kWh;-3881;0;0;0;3881;-3881
2018-06-27T17:45;2018-06-27T18:00;72;kWh;-7703;0;0;0;7703;-7703
2018-06-27T18:00;2018-06-27T18:15;73;kWh;-3485;0;0;0;3485;-3485
2018-06-27T18:15;2018-06-27T18:30;74;kWh;-408;0;0;0;408;-408
2018-06-27T18:30;2018-06-27T18:45;75;kWh;-7243;0;0;0;7243;-7243
2018-06-27T18:45;2018-06-27T19:00;76;kWh;-2750;0;0;0;2750;-2750
2018-06-27T19:00;2018-06-27T19:15;77;kWh;-247;0;0;0;247;-247
2018-06-27T19:15;2018-06-27T19:30;78;kWh;0;892;0;0;892;892
2018-06-27T19:30;2018-06-27T19:45;79;kWh;0;12059;0;0;12059;12059
2018-06-27T19:45;2018-06-27T20:00;80;kWh;0;7309;0;0;7309;7309
2018-06-27T20:00;2018-06-27T20:15;81;kWh;0;14407;0;0;14407;14407
2018-06-27T20:15;2018-06-27T20:30;82;kWh;0;26583;0;0;26583;26583
2018-06-27T20:30;2018-06-27T20:45;83;kWh;-289;4192;0;0;4481;3903
2018-06-27T20:45;2018-06-27T21:00;84;kWh;0;0;0;0;0;0
2018-06-27T21:00;2018-06-27T21:15;85;kWh;0;7111;0;0;7111;7111
2018-06-27T21:15;2018-06-27T21:30;86;kWh;0;630;0;0;630;630
2018-06-27T21:30;2018-06-27T21:45;87;kWh;-253;0;0;0;253;-253
2018-06-27T21:45;2018-06-27T22:00;88;kWh;-31460;0;0;0;31460;-31460
2018-06-27T22:00;2018-06-27T22:15;89;kWh;-15995;2553;0;0;18548;-13442
2018-06-27T22:15;2018-06-27T22:30;90;kWh;0;7780;0;0;7780;7780
2018-06-27T22:30;2018-06-27T22:45;91;kWh;0;12752;0;0;12752;12752
2018-06-27T22:45;2018-06-27T23:00;92;kWh;-9190;382;0;0;9572;-8808
2018-06-27T23:00;2018-06-27T23:15;93;kWh;-12992;0;0;0;12992;-12992
2018-06-27T23:15;2018-06-27T23:30;94;kWh;-1374;0;0;0;1374;-1374
2018-06-27T23:30;2018-06-27T23:45;95;kWh;-11033;0;0;0;11033;-11033
2018-06-27T23:45;2018-06-28T00:00;96;kWh;-54210;0;0;0;54210;-54210
2018-06-28T00:00;2018-06-28T00:15;1;kWh;-38336;0;0;0;38336;-38336
2018-06-28T00:15;2018-06-28T00:30;2;kWh;-4492;1970;0;0;6462;-2522
2018-06-28T00:30;2018-06-28T00:45;3;kWh;0;2645;0;0;2645;2645
2018-06-28T00:45;2018-06-28T01:00;4;kWh;-6704;103;0;0;6807;-6601
2018-06-28T01:00;2018-06-28T01:15;5;kWh;-12308;1492;0;0;13800;-10816
2018-06-28T01:15;2018-06-28T01:30;6;kWh;-634;3879;0;0;4513;3245
2018-06-28T01:30;2018-06-28T01:45;7;kWh;-2290;0;0;0;2290;-2290
2018-06-28T01:45;2018-06-28T02:00;8;kWh;-6267;0;0;0;6267;-6267
2018-06-28T02:00;2018-06-28T02:15;9;kWh;-2827;5364;0;0;8191;2537
2018-06-28T02:15;2018-06-28T02:30;10;kWh;0;5034;0;0;5034;5034
2018-06-28T02:30;2018-06-28T02:45;11;kWh;0;339;0;0;339;339
2018-06-28T02:45;2018-06-28T03:00;12;kWh;0;0;0;0;0;0
2018-06-28T03:00;2018-06-28T03:15;13;kWh;0;1105;0;0;1105;1105
2018-06-28T03:15;2018-06-28T03:30;14;kWh;0;12;0;0;12;12
2018-06-28T03:30;2018-06-28T03:45;15;kWh;0;0;0;0;0;0
2018-06-28T03:45;2018-06-28T04:00;16;kWh;0;663;0;0;663;663
2018-06-28T04:00;2018-06-28T04:15;17;kWh;0;272;0;0;272;272
2018-06-28T04:15;2018-06-28T04:30;18;kWh;0;142;0;0;142;142
2018-06-28T04:30;2018-06-28T04:45;19;kWh;0;1430;0;0;1430;1430
2018-06-28T04:45;2018-06-28T05:00;20;kWh;0;0;0;0;0;0
2018-06-28T05:00;2018-06-28T05:15;21;kWh;0;1151;0;0;1151;1151
2018-06-28T05:15;2018-06-28T05:30;22;kWh;0;0;0;0;0;0
2018-06-28T05:30;2018-06-28T05:45;23;kWh;-150;0;0;0;150;-150
2018-06-28T05:45;2018-06-28T06:00;24;kWh;-2516;0;0;0;2516;-2516
2018-06-28T06:00;2018-06-28T06:15;25;kWh;-8509;0;0;0;8509;-8509
2018-06-28T06:15;2018-06-28T06:30;26;kWh;-13977;0;0;0;13977;-13977
2018-06-28T06:30;2018-06-28T06:45;27;kWh;-5676;1150;0;0;6826;-4526
2018-06-28T06:45;2018-06-28T07:00;28;kWh;-34;17220;0;0;17254;17186
2018-06-28T07:00;2018-06-28T07:15;29;kWh;-1711;8228;0;0;9939;6517
2018-06-28T07:15;2018-06-28T07:30;30;kWh;0;0;0;0;0;0
2018-06-28T07:30;2018-06-28T07:45;31;kWh;0;2046;0;0;2046;2046
2018-06-28T07:45;2018-06-28T08:00;32;kWh;0;36647;0;0;36647;36647
2018-06-28T08:00;2018-06-28T08:15;33;kWh;-582;8689;0;0;9271;8107
2018-06-28T08:15;2018-06-28T08:30;34;kWh;0;0;0;0;0;0
2018-06-28T08:30;2018-06-28T08:45;35;kWh;0;0;0;0;0;0
2018-06-28T08:45;2018-06-28T09:00;36;kWh;-23;0;0;0;23;-23
2018-06-28T09:00;2018-06-28T09:15;37;kWh;-118;0;0;0;118;-118
2018-06-28T09:15;2018-06-28T09:30;38;kWh;0;0;0;0;0;0
2018-06-28T09:30;2018-06-28T09:45;39;kWh;0;0;0;0;0;0
2018-06-28T09:45;2018-06-28T10:00;40;kWh;-35;0;0;0;35;-35
2018-06-28T10:00;2018-06-28T10:15;41;kWh;0;19963;0;0;19963;19963
2018-06-28T10:15;2018-06-28T10:30;42;kWh;0;19010;0;0;19010;19010
2018-06-28T10:30;2018-06-28T10:45;43;kWh;0;506;0;0;506;506
2018-06-28T10:45;2018-06-28T11:00;44;kWh;-133;0;0;0;133;-133
2018-06-28T11:00;2018-06-28T11:15;45;kWh;-127;0;0;0;127;-127
2018-06-28T11:15;2018-06-28T11:30;46;kWh;0;0;0;0;0;0
2018-06-28T11:30;2018-06-28T11:45;47;kWh;0;0;0;0;0;0
2018-06-28T11:45;2018-06-28T12:00;48;kWh;0;0;0;0;0;0
2018-06-28T12:00;2018-06-28T12:15;49;kWh;0;0;0;0;0;0
2018-06-28T12:15;2018-06-28T12:30;50;kWh;0;0;0;0;0;0
2018-06-28T12:30;2018-06-28T12:45;51;kWh;0;0;0;0;0;0
2018-06-28T12:45;2018-06-28T13:00;52;kWh;0;0;0;0;0;0
2018-06-28T13:00;2018-06-28T13:15;53;kWh;0;5709;0;0;5709;5709
2018-06-28T13:15;2018-06-28T13:30;54;kWh;0;16459;0;0;16459;16459
2018-06-28T13:30;2018-06-28T13:45;55;kWh;0;18546;0;0;18546;18546
2018-06-28T13:45;2018-06-28T14:00;56;kWh;0;11530;0;0;11530;11530
2018-06-28T14:00;2018-06-28T14:15;57;kWh;0;6537;0;0;6537;6537
2018-06-28T14:15;2018-06-28T14:30;58;kWh;0;20722;0;0;20722;20722
2018-06-28T14:30;2018-06-28T14:45;59;kWh;0;14808;0;0;14808;14808
2018-06-28T14:45;2018-06-28T15:00;60;kWh;0;777;0;0;777;777
2018-06-28T15:00;2018-06-28T15:15;61;kWh;-41;0;0;0;41;-41
2018-06-28T15:15;2018-06-28T15:30;62;kWh;0;0;0;0;0;0
2018-06-28T15:30;2018-06-28T15:45;63;kWh;0;0;0;0;0;0
2018-06-28T15:45;2018-06-28T16:00;64;kWh;0;0;0;0;0;0
2018-06-28T16:00;2018-06-28T16:15;65;kWh;0;485;0;0;485;485
2018-06-28T16:15;2018-06-28T16:30;66;kWh;0;457;0;0;457;457
2018-06-28T16:30;2018-06-28T16:45;67;kWh;0;688;0;0;688;688
2018-06-28T16:45;2018-06-28T17:00;68;kWh;0;13787;0;0;13787;13787
2018-06-28T17:00;2018-06-28T17:15;69;kWh;-11;8031;0;0;8042;8020
2018-06-28T17:15;2018-06-28T17:30;70;kWh;-302;23;0;0;325;-279
2018-06-28T17:30;2018-06-28T17:45;71;kWh;0;0;0;0;0;0
2018-06-28T17:45;2018-06-28T18:00;72;kWh;0;0;0;0;0;0
2018-06-28T18:00;2018-06-28T18:15;73;kWh;-25;0;0;0;25;-25
2018-06-28T18:15;2018-06-28T18:30;74;kWh;-1444;0;0;0;1444;-1444
2018-06-28T18:30;2018-06-28T18:45;75;kWh;-10147;0;0;0;10147;-10147
2018-06-28T18:45;2018-06-28T19:00;76;kWh;-4898;0;0;0;4898;-4898
2018-06-28T19:00;2018-06-28T19:15;77;kWh;-1494;2031;0;0;3525;537
2018-06-28T19:15;2018-06-28T19:30;78;kWh;0;6648;0;0;6648;6648
2018-06-28T19:30;2018-06-28T19:45;79;kWh;0;18632;0;0;18632;18632
2018-06-28T19:45;2018-06-28T20:00;80;kWh;0;18367;0;0;18367;18367
2018-06-28T20:00;2018-06-28T20:15;81;kWh;0;29642;0;0;29642;29642
2018-06-28T20:15;2018-06-28T20:30;82;kWh;0;82190;0;0;82190;82190
2018-06-28T20:30;2018-06-28T20:45;83;kWh;-11;23193;0;0;23204;23182
2018-06-28T20:45;2018-06-28T21:00;84;kWh;0;1018;0;0;1018;1018
2018-06-28T21:00;2018-06-28T21:15;85;kWh;0;17231;0;0;17231;17231
2018-06-28T21:15;2018-06-28T21:30;86;kWh;0;43702;0;0;43702;43702
2018-06-28T21:30;2018-06-28T21:45;87;kWh;-774;14215;0;0;14989;13441
2018-06-28T21:45;2018-06-28T22:00;88;kWh;-16;37;0;0;53;21
2018-06-28T22:00;2018-06-28T22:15;89;kWh;-5049;0;0;0;5049;-5049
2018-06-28T22:15;2018-06-28T22:30;90;kWh;-7800;0;0;0;7800;-7800
2018-06-28T22:30;2018-06-28T22:45;91;kWh;-460;0;0;0;460;-460
2018-06-28T22:45;2018-06-28T23:00;92;kWh;-1657;0;0;0;1657;-1657
2018-06-28T23:00;2018-06-28T23:15;93;kWh;0;24825;0;0;24825;24825
2018-06-28T23:15;2018-06-28T23:30;94;kWh;0;37979;0;0;37979;37979
2018-06-28T23:30;2018-06-28T23:45;95;kWh;0;1253;0;0;1253;1253
2018-06-28T23:45;2018-06-29T00:00;96;kWh;-133;0;0;0;133;-133
2018-06-29T00:00;2018-06-29T00:15;1;kWh;-661;3222;0;0;3883;2561
2018-06-29T00:15;2018-06-29T00:30;2;kWh;0;1122;0;0;1122;1122
2018-06-29T00:30;2018-06-29T00:45;3;kWh;0;18;0;0;18;18
2018-06-29T00:45;2018-06-29T01:00;4;kWh;0;0;0;0;0;0
2018-06-29T01:00;2018-06-29T01:15;5;kWh;0;18665;0;0;18665;18665
2018-06-29T01:15;2018-06-29T01:30;6;kWh;0;15606;0;0;15606;15606
2018-06-29T01:30;2018-06-29T01:45;7;kWh;0;224;0;0;224;224
2018-06-29T01:45;2018-06-29T02:00;8;kWh;0;190;0;0;190;190
2018-06-29T02:00;2018-06-29T02:15;9;kWh;0;6315;0;0;6315;6315
2018-06-29T02:15;2018-06-29T02:30;10;kWh;0;17484;0;0;17484;17484
2018-06-29T02:30;2018-06-29T02:45;11;kWh;0;4418;0;0;4418;4418
2018-06-29T02:45;2018-06-29T03:00;12;kWh;0;0;0;0;0;0
2018-06-29T03:00;2018-06-29T03:15;13;kWh;0;7612;0;0;7612;7612
2018-06-29T03:15;2018-06-29T03:30;14;kWh;0;10444;0;0;10444;10444
2018-06-29T03:30;2018-06-29T03:45;15;kWh;0;5986;0;0;5986;5986
2018-06-29T03:45;2018-06-29T04:00;16;kWh;0;5317;0;0;5317;5317
2018-06-29T04:00;2018-06-29T04:15;17;kWh;0;15807;0;0;15807;15807
2018-06-29T04:15;2018-06-29T04:30;18;kWh;0;9105;0;0;9105;9105
2018-06-29T04:30;2018-06-29T04:45;19;kWh;0;4525;0;0;4525;4525
2018-06-29T04:45;2018-06-29T05:00;20;kWh;0;1390;0;0;1390;1390
2018-06-29T05:00;2018-06-29T05:15;21;kWh;0;58;0;0;58;58
2018-06-29T05:15;2018-06-29T05:30;22;kWh;0;999;0;0;999;999
2018-06-29T05:30;2018-06-29T05:45;23;kWh;0;971;0;0;971;971
2018-06-29T05:45;2018-06-29T06:00;24;kWh;0;8401;0;0;8401;8401
2018-06-29T06:00;2018-06-29T06:15;25;kWh;0;2630;0;0;2630;2630
2018-06-29T06:15;2018-06-29T06:30;26;kWh;-805;446;0;0;1251;-359
2018-06-29T06:30;2018-06-29T06:45;27;kWh;0;28152;0;0;28152;28152
2018-06-29T06:45;2018-06-29T07:00;28;kWh;0;35598;0;0;35598;35598
2018-06-29T07:00;2018-06-29T07:15;29;kWh;-349;5218;0;0;5567;4869
2018-06-29T07:15;2018-06-29T07:30;30;kWh;0;2189;0;0;2189;2189
2018-06-29T07:30;2018-06-29T07:45;31;kWh;0;40650;0;0;40650;40650
2018-06-29T07:45;2018-06-29T08:00;32;kWh;0;62812;0;0;62812;62812
2018-06-29T08:00;2018-06-29T08:15;33;kWh;-1636;26556;0;0;28192;24920
2018-06-29T08:15;2018-06-29T08:30;34;kWh;-248;0;0;0;248;-248
2018-06-29T08:30;2018-06-29T08:45;35;kWh;0;2136;0;0;2136;2136
2018-06-29T08:45;2018-06-29T09:00;36;kWh;0;10195;0;0;10195;10195
2018-06-29T09:00;2018-06-29T09:15;37;kWh;0;1846;0;0;1846;1846
2018-06-29T09:15;2018-06-29T09:30;38;kWh;0;0;0;0;0;0
2018-06-29T09:30;2018-06-29T09:45;39;kWh;0;0;0;0;0;0
2018-06-29T09:45;2018-06-29T10:00;40;kWh;-47;0;0;0;47;-47
2018-06-29T10:00;2018-06-29T10:15;41;kWh;-135;1035;0;0;1170;900
2018-06-29T10:15;2018-06-29T10:30;42;kWh;0;1073;0;0;1073;1073
2018-06-29T10:30;2018-06-29T10:45;43;kWh;0;480;0;0;480;480
2018-06-29T10:45;2018-06-29T11:00;44;kWh;0;0;0;0;0;0
2018-06-29T11:00;2018-06-29T11:15;45;kWh;0;1299;0;0;1299;1299
2018-06-29T11:15;2018-06-29T11:30;46;kWh;0;2964;0;0;2964;2964
2018-06-29T11:30;2018-06-29T11:45;47;kWh;0;2225;0;0;2225;2225
2018-06-29T11:45;2018-06-29T12:00;48;kWh;0;220;0;0;220;220
2018-06-29T12:00;2018-06-29T12:15;49;kWh;0;745;0;0;745;745
2018-06-29T12:15;2018-06-29T12:30;50;kWh;0;49;0;0;49;49
2018-06-29T12:30;2018-06-29T12:45;51;kWh;0;1564;0;0;1564;1564
2018-06-29T12:45;2018-06-29T13:00;52;kWh;0;3219;0;0;3219;3219
2018-06-29T13:00;2018-06-29T13:15;53;kWh;0;20822;0;0;20822;20822
2018-06-29T13:15;2018-06-29T13:30;54;kWh;-19;29995;0;0;30014;29976
2018-06-29T13:30;2018-06-29T13:45;55;kWh;-449;3371;0;0;3820;2922
2018-06-29T13:45;2018-06-29T14:00;56;kWh;0;9430;0;0;9430;9430
2018-06-29T14:00;2018-06-29T14:15;57;kWh;0;10793;0;0;10793;10793
2018-06-29T14:15;2018-06-29T14:30;58;kWh;0;7971;0;0;7971;7971
2018-06-29T14:30;2018-06-29T14:45;59;kWh;0;2879;0;0;2879;2879
2018-06-29T14:45;2018-06-29T15:00;60;kWh;0;4201;0;0;4201;4201
2018-06-29T15:00;2018-06-29T15:15;61;kWh;0;537;0;0;537;537
2018-06-29T15:15;2018-06-29T15:30;62;kWh;0;0;0;0;0;0
2018-06-29T15:30;2018-06-29T15:45;63;kWh;0;0;0;0;0;0
2018-06-29T15:45;2018-06-29T16:00;64;kWh;-73;0;0;0;73;-73
2018-06-29T16:00;2018-06-29T16:15;65;kWh;-4026;0;0;0;4026;-4026
2018-06-29T16:15;2018-06-29T16:30;66;kWh;-2626;0;0;0;2626;-2626
2018-06-29T16:30;2018-06-29T16:45;67;kWh;-987;134;0;0;1121;-853
2018-06-29T16:45;2018-06-29T17:00;68;kWh;0;6108;0;0;6108;6108
2018-06-29T17:00;2018-06-29T17:15;69;kWh;-195;1653;0;0;1848;1458
2018-06-29T17:15;2018-06-29T17:30;70;kWh;-109;0;0;0;109;-109
2018-06-29T17:30;2018-06-29T17:45;71;kWh;0;473;0;0;473;473
2018-06-29T17:45;2018-06-29T18:00;72;kWh;0;22971;0;0;22971;22971
2018-06-29T18:00;2018-06-29T18:15;73;kWh;0;60620;0;0;60620;60620
2018-06-29T18:15;2018-06-29T18:30;74;kWh;0;66722;0;0;66722;66722
2018-06-29T18:30;2018-06-29T18:45;75;kWh;-2565;9901;0;0;12466;7336
2018-06-29T18:45;2018-06-29T19:00;76;kWh;0;7500;0;0;7500;7500
2018-06-29T19:00;2018-06-29T19:15;77;kWh;0;1509;0;0;1509;1509
2018-06-29T19:15;2018-06-29T19:30;78;kWh;0;6053;0;0;6053;6053
2018-06-29T19:30;2018-06-29T19:45;79;kWh;0;55258;0;0;55258;55258
2018-06-29T19:45;2018-06-29T20:00;80;kWh;0;42761;0;0;42761;42761
2018-06-29T20:00;2018-06-29T20:15;81;kWh;-139;3451;0;0;3590;3312
2018-06-29T20:15;2018-06-29T20:30;82;kWh;0;24004;0;0;24004;24004
2018-06-29T20:30;2018-06-29T20:45;83;kWh;0;28942;0;0;28942;28942
2018-06-29T20:45;2018-06-29T21:00;84;kWh;-248;8909;0;0;9157;8661
2018-06-29T21:00;2018-06-29T21:15;85;kWh;0;18584;0;0;18584;18584
2018-06-29T21:15;2018-06-29T21:30;86;kWh;-32;11183;0;0;11215;11151
2018-06-29T21:30;2018-06-29T21:45;87;kWh;-12968;3;0;0;12971;-12965
2018-06-29T21:45;2018-06-29T22:00;88;kWh;-21409;0;0;0;21409;-21409
2018-06-29T22:00;2018-06-29T22:15;89;kWh;-13343;0;0;0;13343;-13343
2018-06-29T22:15;2018-06-29T22:30;90;kWh;-2480;0;0;0;2480;-2480
2018-06-29T22:30;2018-06-29T22:45;91;kWh;-1652;0;0;0;1652;-1652
2018-06-29T22:45;2018-06-29T23:00;92;kWh;-50;599;0;0;649;549
2018-06-29T23:00;2018-06-29T23:15;93;kWh;0;20936;0;0;20936;20936
2018-06-29T23:15;2018-06-29T23:30;94;kWh;0;31854;0;0;31854;31854
2018-06-29T23:30;2018-06-29T23:45;95;kWh;-2665;2718;0;0;5383;53
2018-06-29T23:45;2018-06-30T00:00;96;kWh;-12519;0;0;0;12519;-12519
2018-06-30T00:00;2018-06-30T00:15;1;kWh;-17085;153;0;0;17238;-16932
2018-06-30T00:15;2018-06-30T00:30;2;kWh;-21;14968;0;0;14989;14947
2018-06-30T00:30;2018-06-30T00:45;3;kWh;0;14987;0;0;14987;14987
2018-06-30T00:45;2018-06-30T01:00;4;kWh;0;59436;0;0;59436;59436
2018-06-30T01:00;2018-06-30T01:15;5;kWh;-2761;18818;0;0;21579;16057
2018-06-30T01:15;2018-06-30T01:30;6;kWh;-56;16322;0;0;16378;16266
2018-06-30T01:30;2018-06-30T01:45;7;kWh;0;9642;0;0;9642;9642
2018-06-30T01:45;2018-06-30T02:00;8;kWh;0;12492;0;0;12492;12492
2018-06-30T02:00;2018-06-30T02:15;9;kWh;0;9570;0;0;9570;9570
2018-06-30T02:15;2018-06-30T02:30;10;kWh;0;6437;0;0;6437;6437
2018-06-30T02:30;2018-06-30T02:45;11;kWh;0;2268;0;0;2268;2268
2018-06-30T02:45;2018-06-30T03:00;12;kWh;0;541;0;0;541;541
2018-06-30T03:00;2018-06-30T03:15;13;kWh;0;20493;0;0;20493;20493
2018-06-30T03:15;2018-06-30T03:30;14;kWh;0;30691;0;0;30691;30691
2018-06-30T03:30;2018-06-30T03:45;15;kWh;0;16777;0;0;16777;16777
2018-06-30T03:45;2018-06-30T04:00;16;kWh;0;1363;0;0;1363;1363
2018-06-30T04:00;2018-06-30T04:15;17;kWh;0;3330;0;0;3330;3330
2018-06-30T04:15;2018-06-30T04:30;18;kWh;0;4537;0;0;4537;4537
2018-06-30T04:30;2018-06-30T04:45;19;kWh;0;163;0;0;163;163
2018-06-30T04:45;2018-06-30T05:00;20;kWh;-635;0;0;0;635;-635
2018-06-30T05:00;2018-06-30T05:15;21;kWh;-1001;0;0;0;1001;-1001
2018-06-30T05:15;2018-06-30T05:30;22;kWh;-1971;0;0;0;1971;-1971
2018-06-30T05:30;2018-06-30T05:45;23;kWh;-27494;0;0;0;27494;-27494
2018-06-30T05:45;2018-06-30T06:00;24;kWh;-40901;0;0;0;40901;-40901
2018-06-30T06:00;2018-06-30T06:15;25;kWh;-6379;0;0;0;6379;-6379
2018-06-30T06:15;2018-06-30T06:30;26;kWh;-1326;0;0;0;1326;-1326
2018-06-30T06:30;2018-06-30T06:45;27;kWh;0;0;0;0;0;0
2018-06-30T06:45;2018-06-30T07:00;28;kWh;0;0;0;0;0;0
2018-06-30T07:00;2018-06-30T07:15;29;kWh;-5041;0;0;0;5041;-5041
2018-06-30T07:15;2018-06-30T07:30;30;kWh;-5130;0;0;0;5130;-5130
2018-06-30T07:30;2018-06-30T07:45;31;kWh;0;0;0;0;0;0
2018-06-30T07:45;2018-06-30T08:00;32;kWh;0;1090;0;0;1090;1090
2018-06-30T08:00;2018-06-30T08:15;33;kWh;0;663;0;0;663;663
2018-06-30T08:15;2018-06-30T08:30;34;kWh;0;490;0;0;490;490
2018-06-30T08:30;2018-06-30T08:45;35;kWh;0;5322;0;0;5322;5322
2018-06-30T08:45;2018-06-30T09:00;36;kWh;0;16885;0;0;16885;16885
2018-06-30T09:00;2018-06-30T09:15;37;kWh;-576;4787;0;0;5363;4211
2018-06-30T09:15;2018-06-30T09:30;38;kWh;-1367;0;0;0;1367;-1367
2018-06-30T09:30;2018-06-30T09:45;39;kWh;-23;0;0;0;23;-23
2018-06-30T09:45;2018-06-30T10:00;40;kWh;0;616;0;0;616;616
2018-06-30T10:00;2018-06-30T10:15;41;kWh;0;1543;0;0;1543;1543
2018-06-30T10:15;2018-06-30T10:30;42;kWh;0;894;0;0;894;894
2018-06-30T10:30;2018-06-30T10:45;43;kWh;0;325;0;0;325;325
2018-06-30T10:45;2018-06-30T11:00;44;kWh;-6;0;0;0;6;-6
2018-06-30T11:00;2018-06-30T11:15;45;kWh;-271;0;0;0;271;-271
2018-06-30T11:15;2018-06-30T11:30;46;kWh;-1982;0;0;0;1982;-1982
2018-06-30T11:30;2018-06-30T11:45;47;kWh;-15679;0;0;0;15679;-15679
2018-06-30T11:45;2018-06-30T12:00;48;kWh;-17897;0;0;0;17897;-17897
2018-06-30T12:00;2018-06-30T12:15;49;kWh;-5234;0;0;0;5234;-5234
2018-06-30T12:15;2018-06-30T12:30;50;kWh;-372;0;0;0;372;-372
2018-06-30T12:30;2018-06-30T12:45;51;kWh;-479;0;0;0;479;-479
2018-06-30T12:45;2018-06-30T13:00;52;kWh;-10189;0;0;0;10189;-10189
2018-06-30T13:00;2018-06-30T13:15;53;kWh;-5948;0;0;0;5948;-5948
2018-06-30T13:15;2018-06-30T13:30;54;kWh;-4236;0;0;0;4236;-4236
2018-06-30T13:30;2018-06-30T13:45;55;kWh;-20588;0;0;0;20588;-20588
2018-06-30T13:45;2018-06-30T14:00;56;kWh;-27563;0;0;0;27563;-27563
2018-06-30T14:00;2018-06-30T14:15;57;kWh;-21313;0;0;0;21313;-21313
2018-06-30T14:15;2018-06-30T14:30;58;kWh;-1258;0;0;0;1258;-1258
2018-06-30T14:30;2018-06-30T14:45;59;kWh;-15879;0;0;0;15879;-15879
2018-06-30T14:45;2018-06-30T15:00;60;kWh;-35970;0;0;0;35970;-35970
2018-06-30T15:00;2018-06-30T15:15;61;kWh;-34141;0;0;0;34141;-34141
2018-06-30T15:15;2018-06-30T15:30;62;kWh;-2745;0;0;0;2745;-2745
2018-06-30T15:30;2018-06-30T15:45;63;kWh;0;0;0;0;0;0
2018-06-30T15:45;2018-06-30T16:00;64;kWh;-21;0;0;0;21;-21
2018-06-30T16:00;2018-06-30T16:15;65;kWh;-12505;0;0;0;12505;-12505
2018-06-30T16:15;2018-06-30T16:30;66;kWh;-2462;0;0;0;2462;-2462
2018-06-30T16:30;2018-06-30T16:45;67;kWh;0;0;0;0;0;0
2018-06-30T16:45;2018-06-30T17:00;68;kWh;0;0;0;0;0;0
2018-06-30T17:00;2018-06-30T17:15;69;kWh;-1132;0;0;0;1132;-1132
2018-06-30T17:15;2018-06-30T17:30;70;kWh;-7953;0;0;0;7953;-7953
2018-06-30T17:30;2018-06-30T17:45;71;kWh;-1400;0;0;0;1400;-1400
2018-06-30T17:45;2018-06-30T18:00;72;kWh;-279;0;0;0;279;-279
2018-06-30T18:00;2018-06-30T18:15;73;kWh;-8164;0;0;0;8164;-8164
2018-06-30T18:15;2018-06-30T18:30;74;kWh;-24446;0;0;0;24446;-24446
2018-06-30T18:30;2018-06-30T18:45;75;kWh;-2786;0;0;0;2786;-2786
2018-06-30T18:45;2018-06-30T19:00;76;kWh;0;0;0;0;0;0
2018-06-30T19:00;2018-06-30T19:15;77;kWh;-34422;0;0;0;34422;-34422
2018-06-30T19:15;2018-06-30T19:30;78;kWh;-62080;0;0;0;62080;-62080
2018-06-30T19:30;2018-06-30T19:45;79;kWh;-28358;0;0;0;28358;-28358
2018-06-30T19:45;2018-06-30T20:00;80;kWh;-44;0;0;0;44;-44
2018-06-30T20:00;2018-06-30T20:15;81;kWh;0;26;0;0;26;26
2018-06-30T20:15;2018-06-30T20:30;82;kWh;0;0;0;0;0;0
2018-06-30T20:30;2018-06-30T20:45;83;kWh;0;0;0;0;0;0
2018-06-30T20:45;2018-06-30T21:00;84;kWh;0;301;0;0;301;301
2018-06-30T21:00;2018-06-30T21:15;85;kWh;0;9719;0;0;9719;9719
2018-06-30T21:15;2018-06-30T21:30;86;kWh;0;6097;0;0;6097;6097
2018-06-30T21:30;2018-06-30T21:45;87;kWh;-5966;0;0;0;5966;-5966
2018-06-30T21:45;2018-06-30T22:00;88;kWh;-27869;0;0;0;27869;-27869
2018-06-30T22:00;2018-06-30T22:15;89;kWh;-17824;1761;0;0;19585;-16063
2018-06-30T22:15;2018-06-30T22:30;90;kWh;-138;142;0;0;280;4
2018-06-30T22:30;2018-06-30T22:45;91;kWh;0;42;0;0;42;42
2018-06-30T22:45;2018-06-30T23:00;92;kWh;0;164;0;0;164;164
2018-06-30T23:00;2018-06-30T23:15;93;kWh;0;14220;0;0;14220;14220
2018-06-30T23:15;2018-06-30T23:30;94;kWh;-215;21168;0;0;21383;20953
2018-06-30T23:30;2018-06-30T23:45;95;kWh;-3287;1394;0;0;4681;-1893
2018-06-30T23:45;2018-07-01T00:00;96;kWh;-14394;0;0;0;14394;-14394
2018-07-01T00:00;2018-07-01T00:15;1;kWh;-15608;0;0;0;15608;-15608
2018-07-01T00:15;2018-07-01T00:30;2;kWh;-52121;0;0;0;52121;-52121
2018-07-01T00:30;2018-07-01T00:45;3;kWh;-58613;0;0;0;58613;-58613
2018-07-01T00:45;2018-07-01T01:00;4;kWh;-41863;0;0;0;41863;-41863
2018-07-01T01:00;2018-07-01T01:15;5;kWh;-9204;0;0;0;9204;-9204
2018-07-01T01:15;2018-07-01T01:30;6;kWh;-3298;0;0;0;3298;-3298
2018-07-01T01:30;2018-07-01T01:45;7;kWh;-16938;0;0;0;16938;-16938
2018-07-01T01:45;2018-07-01T02:00;8;kWh;-53509;0;0;0;53509;-53509
2018-07-01T02:00;2018-07-01T02:15;9;kWh;-9478;0;0;0;9478;-9478
2018-07-01T02:15;2018-07-01T02:30;10;kWh;-114;0;0;0;114;-114
2018-07-01T02:30;2018-07-01T02:45;11;kWh;-1742;0;0;0;1742;-1742
2018-07-01T02:45;2018-07-01T03:00;12;kWh;-15042;0;0;0;15042;-15042
2018-07-01T03:00;2018-07-01T03:15;13;kWh;-26773;0;0;0;26773;-26773
2018-07-01T03:15;2018-07-01T03:30;14;kWh;-721;0;0;0;721;-721
2018-07-01T03:30;2018-07-01T03:45;15;kWh;0;0;0;0;0;0
2018-07-01T03:45;2018-07-01T04:00;16;kWh;0;0;0;0;0;0
2018-07-01T04:00;2018-07-01T04:15;17;kWh;0;0;0;0;0;0
2018-07-01T04:15;2018-07-01T04:30;18;kWh;0;9;0;0;9;9
2018-07-01T04:30;2018-07-01T04:45;19;kWh;0;0;0;0;0;0
2018-07-01T04:45;2018-07-01T05:00;20;kWh;0;0;0;0;0;0
2018-07-01T05:00;2018-07-01T05:15;21;kWh;-88;0;0;0;88;-88
2018-07-01T05:15;2018-07-01T05:30;22;kWh;-4420;0;0;0;4420;-4420
2018-07-01T05:30;2018-07-01T05:45;23;kWh;-12455;0;0;0;12455;-12455
2018-07-01T05:45;2018-07-01T06:00;24;kWh;-6913;0;0;0;6913;-6913
2018-07-01T06:00;2018-07-01T06:15;25;kWh;-17364;0;0;0;17364;-17364
2018-07-01T06:15;2018-07-01T06:30;26;kWh;-50520;0;0;0;50520;-50520
2018-07-01T06:30;2018-07-01T06:45;27;kWh;-57858;0;0;0;57858;-57858
2018-07-01T06:45;2018-07-01T07:00;28;kWh;-39332;0;0;0;39332;-39332
2018-07-01T07:00;2018-07-01T07:15;29;kWh;-13242;0;0;0;13242;-13242
2018-07-01T07:15;2018-07-01T07:30;30;kWh;-12869;0;0;0;12869;-12869
2018-07-01T07:30;2018-07-01T07:45;31;kWh;-4698;0;0;0;4698;-4698
2018-07-01T07:45;2018-07-01T08:00;32;kWh;-4066;0;0;0;4066;-4066
2018-07-01T08:00;2018-07-01T08:15;33;kWh;-39734;0;0;0;39734;-39734
2018-07-01T08:15;2018-07-01T08:30;34;kWh;-35769;0;0;0;35769;-35769
2018-07-01T08:30;2018-07-01T08:45;35;kWh;-30987;0;0;0;30987;-30987
2018-07-01T08:45;2018-07-01T09:00;36;kWh;-37146;0;0;0;37146;-37146
2018-07-01T09:00;2018-07-01T09:15;37;kWh;-68763;0;0;0;68763;-68763
2018-07-01T09:15;2018-07-01T09:30;38;kWh;-80595;0;0;0;80595;-80595
2018-07-01T09:30;2018-07-01T09:45;39;kWh;-96184;0;0;0;96184;-96184
2018-07-01T09:45;2018-07-01T10:00;40;kWh;-104324;0;0;0;104324;-104324
2018-07-01T10:00;2018-07-01T10:15;41;kWh;-78012;0;0;0;78012;-78012
2018-07-01T10:15;2018-07-01T10:30;42;kWh;-61285;0;0;0;61285;-61285
2018-07-01T10:30;2018-07-01T10:45;43;kWh;-85649;0;0;0;85649;-85649
2018-07-01T10:45;2018-07-01T11:00;44;kWh;-91959;0;0;0;91959;-91959
2018-07-01T11:00;2018-07-01T11:15;45;kWh;-66400;0;0;0;66400;-66400
2018-07-01T11:15;2018-07-01T11:30;46;kWh;-60031;0;0;0;60031;-60031
2018-07-01T11:30;2018-07-01T11:45;47;kWh;-74832;0;0;0;74832;-74832
2018-07-01T11:45;2018-07-01T12:00;48;kWh;-76528;0;0;0;76528;-76528
2018-07-01T12:00;2018-07-01T12:15;49;kWh;-13805;52;0;0;13857;-13753
2018-07-01T12:15;2018-07-01T12:30;50;kWh;-37963;0;0;0;37963;-37963
2018-07-01T12:30;2018-07-01T12:45;51;kWh;-21833;0;0;0;21833;-21833
2018-07-01T12:45;2018-07-01T13:00;52;kWh;-44659;0;0;0;44659;-44659
2018-07-01T13:00;2018-07-01T13:15;53;kWh;-45913;0;0;0;45913;-45913
2018-07-01T13:15;2018-07-01T13:30;54;kWh;-51748;0;0;0;51748;-51748
2018-07-01T13:30;2018-07-01T13:45;55;kWh;-78549;0;0;0;78549;-78549
2018-07-01T13:45;2018-07-01T14:00;56;kWh;-85994;0;0;0;85994;-85994
2018-07-01T14:00;2018-07-01T14:15;57;kWh;-60561;0;0;0;60561;-60561
2018-07-01T14:15;2018-07-01T14:30;58;kWh;-3769;0;0;0;3769;-3769
2018-07-01T14:30;2018-07-01T14:45;59;kWh;-22268;0;0;0;22268;-22268
2018-07-01T14:45;2018-07-01T15:00;60;kWh;-39385;0;0;0;39385;-39385
2018-07-01T15:00;2018-07-01T15:15;61;kWh;-17417;0;0;0;17417;-17417
2018-07-01T15:15;2018-07-01T15:30;62;kWh;-7;0;0;0;7;-7
2018-07-01T15:30;2018-07-01T15:45;63;kWh;0;0;0;0;0;0
2018-07-01T15:45;2018-07-01T16:00;64;kWh;-3;0;0;0;3;-3
2018-07-01T16:00;2018-07-01T16:15;65;kWh;-32629;0;0;0;32629;-32629
2018-07-01T16:15;2018-07-01T16:30;66;kWh;-38493;0;0;0;38493;-38493
2018-07-01T16:30;2018-07-01T16:45;67;kWh;-7233;0;0;0;7233;-7233
2018-07-01T16:45;2018-07-01T17:00;68;kWh;-1161;0;0;0;1161;-1161
2018-07-01T17:00;2018-07-01T17:15;69;kWh;-918;0;0;0;918;-918
2018-07-01T17:15;2018-07-01T17:30;70;kWh;-1917;0;0;0;1917;-1917
2018-07-01T17:30;2018-07-01T17:45;71;kWh;-1905;0;0;0;1905;-1905
2018-07-01T17:45;2018-07-01T18:00;72;kWh;-913;0;0;0;913;-913
2018-07-01T18:00;2018-07-01T18:15;73;kWh;-631;0;0;0;631;-631
2018-07-01T18:15;2018-07-01T18:30;74;kWh;0;0;0;0;0;0
2018-07-01T18:30;2018-07-01T18:45;75;kWh;0;0;0;0;0;0
2018-07-01T18:45;2018-07-01T19:00;76;kWh;0;1373;0;0;1373;1373
2018-07-01T19:00;2018-07-01T19:15;77;kWh;-737;0;0;0;737;-737
2018-07-01T19:15;2018-07-01T19:30;78;kWh;-302;1748;0;0;2050;1446
2018-07-01T19:30;2018-07-01T19:45;79;kWh;0;13204;0;0;13204;13204
2018-07-01T19:45;2018-07-01T20:00;80;kWh;0;37100;0;0;37100;37100
2018-07-01T20:00;2018-07-01T20:15;81;kWh;0;33327;0;0;33327;33327
2018-07-01T20:15;2018-07-01T20:30;82;kWh;0;15836;0;0;15836;15836
2018-07-01T20:30;2018-07-01T20:45;83;kWh;0;32663;0;0;32663;32663
2018-07-01T20:45;2018-07-01T21:00;84;kWh;0;33018;0;0;33018;33018
2018-07-01T21:00;2018-07-01T21:15;85;kWh;0;39836;0;0;39836;39836
2018-07-01T21:15;2018-07-01T21:30;86;kWh;0;42863;0;0;42863;42863
2018-07-01T21:30;2018-07-01T21:45;87;kWh;0;24954;0;0;24954;24954
2018-07-01T21:45;2018-07-01T22:00;88;kWh;-6068;1190;0;0;7258;-4878
2018-07-01T22:00;2018-07-01T22:15;89;kWh;-2267;38;0;0;2305;-2229
2018-07-01T22:15;2018-07-01T22:30;90;kWh;0;25047;0;0;25047;25047
2018-07-01T22:30;2018-07-01T22:45;91;kWh;0;32435;0;0;32435;32435
2018-07-01T22:45;2018-07-01T23:00;92;kWh;-71;20614;0;0;20685;20543
2018-07-01T23:00;2018-07-01T23:15;93;kWh;-41;20127;0;0;20168;20086
2018-07-01T23:15;2018-07-01T23:30;94;kWh;0;35701;0;0;35701;35701
2018-07-01T23:30;2018-07-01T23:45;95;kWh;-3376;4387;0;0;7763;1011
2018-07-01T23:45;2018-07-02T00:00;96;kWh;-29248;0;0;0;29248;-29248
2018-07-02T00:00;2018-07-02T00:15;1;kWh;-17264;0;0;0;17264;-17264
2018-07-02T00:15;2018-07-02T00:30;2;kWh;-284;876;0;0;1160;592
2018-07-02T00:30;2018-07-02T00:45;3;kWh;-2449;13;0;0;2462;-2436
2018-07-02T00:45;2018-07-02T01:00;4;kWh;-2557;0;0;0;2557;-2557
2018-07-02T01:00;2018-07-02T01:15;5;kWh;-618;0;0;0;618;-618
2018-07-02T01:15;2018-07-02T01:30;6;kWh;0;832;0;0;832;832
2018-07-02T01:30;2018-07-02T01:45;7;kWh;0;199;0;0;199;199
2018-07-02T01:45;2018-07-02T02:00;8;kWh;-196;0;0;0;196;-196
2018-07-02T02:00;2018-07-02T02:15;9;kWh;-5616;0;0;0;5616;-5616
2018-07-02T02:15;2018-07-02T02:30;10;kWh;-5703;0;0;0;5703;-5703
2018-07-02T02:30;2018-07-02T02:45;11;kWh;-25378;0;0;0;25378;-25378
2018-07-02T02:45;2018-07-02T03:00;12;kWh;-29493;0;0;0;29493;-29493
2018-07-02T03:00;2018-07-02T03:15;13;kWh;-12447;0;0;0;12447;-12447
2018-07-02T03:15;2018-07-02T03:30;14;kWh;-218;0;0;0;218;-218
2018-07-02T03:30;2018-07-02T03:45;15;kWh;-2288;0;0;0;2288;-2288
2018-07-02T03:45;2018-07-02T04:00;16;kWh;-44997;0;0;0;44997;-44997
2018-07-02T04:00;2018-07-02T04:15;17;kWh;-41300;0;0;0;41300;-41300
2018-07-02T04:15;2018-07-02T04:30;18;kWh;-56488;0;0;0;56488;-56488
2018-07-02T04:30;2018-07-02T04:45;19;kWh;-52885;0;0;0;52885;-52885
2018-07-02T04:45;2018-07-02T05:00;20;kWh;-36950;0;0;0;36950;-36950
2018-07-02T05:00;2018-07-02T05:15;21;kWh;-12433;897;0;0;13330;-11536
2018-07-02T05:15;2018-07-02T05:30;22;kWh;0;32;0;0;32;32
2018-07-02T05:30;2018-07-02T05:45;23;kWh;0;0;0;0;0;0
2018-07-02T05:45;2018-07-02T06:00;24;kWh;-492;0;0;0;492;-492
2018-07-02T06:00;2018-07-02T06:15;25;kWh;-3650;0;0;0;3650;-3650
2018-07-02T06:15;2018-07-02T06:30;26;kWh;-58361;0;0;0;58361;-58361
2018-07-02T06:30;2018-07-02T06:45;27;kWh;-22370;1086;0;0;23456;-21284
2018-07-02T06:45;2018-07-02T07:00;28;kWh;-107;45;0;0;152;-62
2018-07-02T07:00;2018-07-02T07:15;29;kWh;-3714;0;0;0;3714;-3714
2018-07-02T07:15;2018-07-02T07:30;30;kWh;-17193;0;0;0;17193;-17193
2018-07-02T07:30;2018-07-02T07:45;31;kWh;-502;0;0;0;502;-502
2018-07-02T07:45;2018-07-02T08:00;32;kWh;0;3271;0;0;3271;3271
2018-07-02T08:00;2018-07-02T08:15;33;kWh;-75;1057;0;0;1132;982
2018-07-02T08:15;2018-07-02T08:30;34;kWh;-616;0;0;0;616;-616
2018-07-02T08:30;2018-07-02T08:45;35;kWh;-202;0;0;0;202;-202
2018-07-02T08:45;2018-07-02T09:00;36;kWh;0;1776;0;0;1776;1776
2018-07-02T09:00;2018-07-02T09:15;37;kWh;0;5936;0;0;5936;5936
2018-07-02T09:15;2018-07-02T09:30;38;kWh;0;2691;0;0;2691;2691
2018-07-02T09:30;2018-07-02T09:45;39;kWh;-1038;151;0;0;1189;-887
2018-07-02T09:45;2018-07-02T10:00;40;kWh;-1802;0;0;0;1802;-1802
2018-07-02T10:00;2018-07-02T10:15;41;kWh;-1221;0;0;0;1221;-1221
2018-07-02T10:15;2018-07-02T10:30;42;kWh;-2425;0;0;0;2425;-2425
2018-07-02T10:30;2018-07-02T10:45;43;kWh;-8319;0;0;0;8319;-8319
2018-07-02T10:45;2018-07-02T11:00;44;kWh;-20339;0;0;0;20339;-20339
2018-07-02T11:00;2018-07-02T11:15;45;kWh;-29572;0;0;0;29572;-29572
2018-07-02T11:15;2018-07-02T11:30;46;kWh;-27951;0;0;0;27951;-27951
2018-07-02T11:30;2018-07-02T11:45;47;kWh;-43594;0;0;0;43594;-43594
2018-07-02T11:45;2018-07-02T12:00;48;kWh;-47538;0;0;0;47538;-47538
2018-07-02T12:00;2018-07-02T12:15;49;kWh;-54845;0;0;0;54845;-54845
2018-07-02T12:15;2018-07-02T12:30;50;kWh;-33064;0;0;0;33064;-33064
2018-07-02T12:30;2018-07-02T12:45;51;kWh;-9366;0;0;0;9366;-9366
2018-07-02T12:45;2018-07-02T13:00;52;kWh;-8238;0;0;0;8238;-8238
2018-07-02T13:00;2018-07-02T13:15;53;kWh;-13810;2;0;0;13812;-13808
2018-07-02T13:15;2018-07-02T13:30;54;kWh;-1850;215;0;0;2065;-1635
2018-07-02T13:30;2018-07-02T13:45;55;kWh;-2218;0;0;0;2218;-2218
2018-07-02T13:45;2018-07-02T14:00;56;kWh;-12141;0;0;0;12141;-12141
2018-07-02T14:00;2018-07-02T14:15;57;kWh;-41428;0;0;0;41428;-41428
2018-07-02T14:15;2018-07-02T14:30;58;kWh;-31697;0;0;0;31697;-31697
2018-07-02T14:30;2018-07-02T14:45;59;kWh;-28864;0;0;0;28864;-28864
2018-07-02T14:45;2018-07-02T15:00;60;kWh;-39133;0;0;0;39133;-39133
2018-07-02T15:00;2018-07-02T15:15;61;kWh;-24029;0;0;0;24029;-24029
2018-07-02T15:15;2018-07-02T15:30;62;kWh;-20843;0;0;0;20843;-20843
2018-07-02T15:30;2018-07-02T15:45;63;kWh;-17933;0;0;0;17933;-17933
2018-07-02T15:45;2018-07-02T16:00;64;kWh;-14021;0;0;0;14021;-14021
2018-07-02T16:00;2018-07-02T16:15;65;kWh;-17766;0;0;0;17766;-17766
2018-07-02T16:15;2018-07-02T16:30;66;kWh;-23641;0;0;0;23641;-23641
2018-07-02T16:30;2018-07-02T16:45;67;kWh;-25887;0;0;0;25887;-25887
2018-07-02T16:45;2018-07-02T17:00;68;kWh;-24181;0;0;0;24181;-24181
2018-07-02T17:00;2018-07-02T17:15;69;kWh;-41004;0;0;0;41004;-41004
2018-07-02T17:15;2018-07-02T17:30;70;kWh;-19623;0;0;0;19623;-19623
2018-07-02T17:30;2018-07-02T17:45;71;kWh;-14221;0;0;0;14221;-14221
2018-07-02T17:45;2018-07-02T18:00;72;kWh;-20372;0;0;0;20372;-20372
2018-07-02T18:00;2018-07-02T18:15;73;kWh;-13382;8;0;0;13390;-13374
2018-07-02T18:15;2018-07-02T18:30;74;kWh;-8905;0;0;0;8905;-8905
2018-07-02T18:30;2018-07-02T18:45;75;kWh;-11419;0;0;0;11419;-11419
2018-07-02T18:45;2018-07-02T19:00;76;kWh;-885;0;0;0;885;-885
2018-07-02T19:00;2018-07-02T19:15;77;kWh;0;8315;0;0;8315;8315
2018-07-02T19:15;2018-07-02T19:30;78;kWh;0;12396;0;0;12396;12396
2018-07-02T19:30;2018-07-02T19:45;79;kWh;0;13742;0;0;13742;13742
2018-07-02T19:45;2018-07-02T20:00;80;kWh;0;26219;0;0;26219;26219
2018-07-02T20:00;2018-07-02T20:15;81;kWh;0;22457;0;0;22457;22457
2018-07-02T20:15;2018-07-02T20:30;82;kWh;0;32499;0;0;32499;32499
2018-07-02T20:30;2018-07-02T20:45;83;kWh;0;40039;0;0;40039;40039
2018-07-02T20:45;2018-07-02T21:00;84;kWh;0;15499;0;0;15499;15499
2018-07-02T21:00;2018-07-02T21:15;85;kWh;0;20683;0;0;20683;20683
2018-07-02T21:15;2018-07-02T21:30;86;kWh;0;15823;0;0;15823;15823
2018-07-02T21:30;2018-07-02T21:45;87;kWh;-718;51;0;0;769;-667
2018-07-02T21:45;2018-07-02T22:00;88;kWh;-1366;0;0;0;1366;-1366
2018-07-02T22:00;2018-07-02T22:15;89;kWh;-17692;0;0;0;17692;-17692
2018-07-02T22:15;2018-07-02T22:30;90;kWh;-3613;1387;0;0;5000;-2226
2018-07-02T22:30;2018-07-02T22:45;91;kWh;0;31003;0;0;31003;31003
2018-07-02T22:45;2018-07-02T23:00;92;kWh;0;44388;0;0;44388;44388
2018-07-02T23:00;2018-07-02T23:15;93;kWh;0;48140;0;0;48140;48140
2018-07-02T23:15;2018-07-02T23:30;94;kWh;0;86495;0;0;86495;86495
2018-07-02T23:30;2018-07-02T23:45;95;kWh;0;38992;0;0;38992;38992
2018-07-02T23:45;2018-07-03T00:00;96;kWh;0;15502;0;0;15502;15502
2018-07-03T00:00;2018-07-03T00:15;1;kWh;0;42411;0;0;42411;42411
2018-07-03T00:15;2018-07-03T00:30;2;kWh;0;104072;0;0;104072;104072
2018-07-03T00:30;2018-07-03T00:45;3;kWh;0;80834;0;0;85834;85834
2018-07-03T00:45;2018-07-03T01:00;4;kWh;-1641;11208;0;0;12849;9567
2018-07-03T01:00;2018-07-03T01:15;5;kWh;0;4783;0;0;4783;4783
2018-07-03T01:15;2018-07-03T01:30;6;kWh;0;20289;0;0;20289;20289
2018-07-03T01:30;2018-07-03T01:45;7;kWh;0;20854;0;0;20854;20854
2018-07-03T01:45;2018-07-03T02:00;8;kWh;0;34320;0;0;34320;34320
2018-07-03T02:00;2018-07-03T02:15;9;kWh;0;68020;0;0;68020;68020
2018-07-03T02:15;2018-07-03T02:30;10;kWh;0;106671;0;0;106671;106671
2018-07-03T02:30;2018-07-03T02:45;11;kWh;0;26522;0;0;26522;26522
2018-07-03T02:45;2018-07-03T03:00;12;kWh;0;7669;0;0;7669;7669
2018-07-03T03:00;2018-07-03T03:15;13;kWh;0;35060;0;0;35060;35060
2018-07-03T03:15;2018-07-03T03:30;14;kWh;0;103554;0;0;103554;103554
2018-07-03T03:30;2018-07-03T03:45;15;kWh;-6;44610;0;0;44616;44604
2018-07-03T03:45;2018-07-03T04:00;16;kWh;-132;75;0;0;207;-57
2018-07-03T04:00;2018-07-03T04:15;17;kWh;0;0;0;0;0;0
2018-07-03T04:15;2018-07-03T04:30;18;kWh;0;498;0;0;498;498
2018-07-03T04:30;2018-07-03T04:45;19;kWh;0;500;0;0;500;500
2018-07-03T04:45;2018-07-03T05:00;20;kWh;0;398;0;0;398;398
2018-07-03T05:00;2018-07-03T05:15;21;kWh;-1403;0;0;0;1403;-1403
2018-07-03T05:15;2018-07-03T05:30;22;kWh;-274;0;0;0;274;-274
2018-07-03T05:30;2018-07-03T05:45;23;kWh;-5391;0;0;0;5391;-5391
2018-07-03T05:45;2018-07-03T06:00;24;kWh;-1497;0;0;0;1497;-1497
2018-07-03T06:00;2018-07-03T06:15;25;kWh;-7051;0;0;0;7051;-7051
2018-07-03T06:15;2018-07-03T06:30;26;kWh;-10562;0;0;0;10562;-10562
2018-07-03T06:30;2018-07-03T06:45;27;kWh;-1439;1001;0;0;2440;-438
2018-07-03T06:45;2018-07-03T07:00;28;kWh;0;4920;0;0;4920;4920
2018-07-03T07:00;2018-07-03T07:15;29;kWh;-14654;18;0;0;14672;-14636
2018-07-03T07:15;2018-07-03T07:30;30;kWh;-5453;0;0;0;5453;-5453
2018-07-03T07:30;2018-07-03T07:45;31;kWh;0;103;0;0;103;103
2018-07-03T07:45;2018-07-03T08:00;32;kWh;0;14742;0;0;14742;14742
2018-07-03T08:00;2018-07-03T08:15;33;kWh;-470;7422;0;0;7892;6952
2018-07-03T08:15;2018-07-03T08:30;34;kWh;-1230;0;0;0;1230;-1230
2018-07-03T08:30;2018-07-03T08:45;35;kWh;-337;0;0;0;337;-337
2018-07-03T08:45;2018-07-03T09:00;36;kWh;-64;0;0;0;64;-64
2018-07-03T09:00;2018-07-03T09:15;37;kWh;-1122;0;0;0;1122;-1122
2018-07-03T09:15;2018-07-03T09:30;38;kWh;-1009;0;0;0;1009;-1009
2018-07-03T09:30;2018-07-03T09:45;39;kWh;-489;0;0;0;489;-489
2018-07-03T09:45;2018-07-03T10:00;40;kWh;-2696;0;0;0;2696;-2696
2018-07-03T10:00;2018-07-03T10:15;41;kWh;-367;1036;0;0;1403;669
2018-07-03T10:15;2018-07-03T10:30;42;kWh;-27;186;0;0;213;159
2018-07-03T10:30;2018-07-03T10:45;43;kWh;-544;0;0;0;544;-544
2018-07-03T10:45;2018-07-03T11:00;44;kWh;-702;0;0;0;702;-702
2018-07-03T11:00;2018-07-03T11:15;45;kWh;-246;7277;0;0;7523;7031
2018-07-03T11:15;2018-07-03T11:30;46;kWh;0;21554;0;0;21554;21554
2018-07-03T11:30;2018-07-03T11:45;47;kWh;0;15585;0;0;15585;15585
2018-07-03T11:45;2018-07-03T12:00;48;kWh;-53;1623;0;0;1676;1570
2018-07-03T12:00;2018-07-03T12:15;49;kWh;-711;167;0;0;878;-544
2018-07-03T12:15;2018-07-03T12:30;50;kWh;-83;1628;0;0;1711;1545
2018-07-03T12:30;2018-07-03T12:45;51;kWh;-3187;0;0;0;3187;-3187
2018-07-03T12:45;2018-07-03T13:00;52;kWh;-385;0;0;0;385;-385
2018-07-03T13:00;2018-07-03T13:15;53;kWh;0;868;0;0;868;868
2018-07-03T13:15;2018-07-03T13:30;54;kWh;0;4565;0;0;4565;4565
2018-07-03T13:30;2018-07-03T13:45;55;kWh;0;10993;0;0;10993;10993
2018-07-03T13:45;2018-07-03T14:00;56;kWh;0;13837;0;0;13837;13837
2018-07-03T14:00;2018-07-03T14:15;57;kWh;0;18629;0;0;18629;18629
2018-07-03T14:15;2018-07-03T14:30;58;kWh;0;25492;0;0;25492;25492
2018-07-03T14:30;2018-07-03T14:45;59;kWh;0;23756;0;0;23756;23756
2018-07-03T14:45;2018-07-03T15:00;60;kWh;0;21243;0;0;21243;21243
2018-07-03T15:00;2018-07-03T15:15;61;kWh;0;26427;0;0;26427;26427
2018-07-03T15:15;2018-07-03T15:30;62;kWh;0;26189;0;0;26189;26189
2018-07-03T15:30;2018-07-03T15:45;63;kWh;0;40429;0;0;40429;40429
2018-07-03T15:45;2018-07-03T16:00;64;kWh;0;48873;0;0;48873;48873
2018-07-03T16:00;2018-07-03T16:15;65;kWh;0;30265;0;0;30265;30265
2018-07-03T16:15;2018-07-03T16:30;66;kWh;0;5818;0;0;5818;5818
2018-07-03T16:30;2018-07-03T16:45;67;kWh;0;11122;0;0;11122;11122
2018-07-03T16:45;2018-07-03T17:00;68;kWh;0;44515;0;0;44515;44515
2018-07-03T17:00;2018-07-03T17:15;69;kWh;0;20409;0;0;20409;20409
2018-07-03T17:15;2018-07-03T17:30;70;kWh;0;22851;0;0;22851;22851
2018-07-03T17:30;2018-07-03T17:45;71;kWh;0;31736;0;0;31736;31736
2018-07-03T17:45;2018-07-03T18:00;72;kWh;0;36015;0;0;36015;36015
2018-07-03T18:00;2018-07-03T18:15;73;kWh;0;35109;0;0;35109;35109
2018-07-03T18:15;2018-07-03T18:30;74;kWh;-265;13454;0;0;13719;13189
2018-07-03T18:30;2018-07-03T18:45;75;kWh;-22;2851;0;0;2873;2829
2018-07-03T18:45;2018-07-03T19:00;76;kWh;0;11677;0;0;11677;11677
2018-07-03T19:00;2018-07-03T19:15;77;kWh;0;3393;0;0;3393;3393
2018-07-03T19:15;2018-07-03T19:30;78;kWh;0;9311;0;0;9311;9311
2018-07-03T19:30;2018-07-03T19:45;79;kWh;0;31694;0;0;31694;31694
2018-07-03T19:45;2018-07-03T20:00;80;kWh;0;40109;0;0;40109;40109
2018-07-03T20:00;2018-07-03T20:15;81;kWh;0;57764;0;0;57764;57764
2018-07-03T20:15;2018-07-03T20:30;82;kWh;0;66669;0;0;66669;66669
2018-07-03T20:30;2018-07-03T20:45;83;kWh;-124;12760;0;0;12884;12636
2018-07-03T20:45;2018-07-03T21:00;84;kWh;0;5565;0;0;5565;5565
2018-07-03T21:00;2018-07-03T21:15;85;kWh;0;60946;0;0;60946;60946
2018-07-03T21:15;2018-07-03T21:30;86;kWh;0;49657;0;0;49657;49657
2018-07-03T21:30;2018-07-03T21:45;87;kWh;-103;4460;0;0;4563;4357
2018-07-03T21:45;2018-07-03T22:00;88;kWh;0;15278;0;0;15278;15278
2018-07-03T22:00;2018-07-03T22:15;89;kWh;0;34542;0;0;34542;34542
2018-07-03T22:15;2018-07-03T22:30;90;kWh;0;51177;0;0;51177;51177
2018-07-03T22:30;2018-07-03T22:45;91;kWh;0;62461;0;0;62461;62461
2018-07-03T22:45;2018-07-03T23:00;92;kWh;0;49611;0;0;49611;49611
2018-07-03T23:00;2018-07-03T23:15;93;kWh;0;62660;0;0;62660;62660
2018-07-03T23:15;2018-07-03T23:30;94;kWh;0;84433;0;0;84433;84433
2018-07-03T23:30;2018-07-03T23:45;95;kWh;-296;20146;0;0;20442;19850
2018-07-03T23:45;2018-07-04T00:00;96;kWh;0;4833;0;0;4833;4833
2018-07-04T00:00;2018-07-04T00:15;1;kWh;0;37367;0;0;37367;37367
2018-07-04T00:15;2018-07-04T00:30;2;kWh;0;45547;0;0;45547;45547
2018-07-04T00:30;2018-07-04T00:45;3;kWh;-160;13570;0;0;13730;13410
2018-07-04T00:45;2018-07-04T01:00;4;kWh;0;0;0;0;0;0
2018-07-04T01:00;2018-07-04T01:15;5;kWh;0;17124;0;0;17124;17124
2018-07-04T01:15;2018-07-04T01:30;6;kWh;0;52998;0;0;52998;52998
2018-07-04T01:30;2018-07-04T01:45;7;kWh;0;14229;0;0;14229;14229
2018-07-04T01:45;2018-07-04T02:00;8;kWh;-208;250;0;0;458;42
2018-07-04T02:00;2018-07-04T02:15;9;kWh;-301;12559;0;0;12860;12258
2018-07-04T02:15;2018-07-04T02:30;10;kWh;0;34045;0;0;34045;34045
2018-07-04T02:30;2018-07-04T02:45;11;kWh;0;13121;0;0;13121;13121
2018-07-04T02:45;2018-07-04T03:00;12;kWh;0;2853;0;0;2853;2853
2018-07-04T03:00;2018-07-04T03:15;13;kWh;0;1395;0;0;1395;1395
2018-07-04T03:15;2018-07-04T03:30;14;kWh;0;1238;0;0;1238;1238
2018-07-04T03:30;2018-07-04T03:45;15;kWh;0;24;0;0;24;24
2018-07-04T03:45;2018-07-04T04:00;16;kWh;0;12;0;0;12;12
2018-07-04T04:00;2018-07-04T04:15;17;kWh;0;167;0;0;167;167
2018-07-04T04:15;2018-07-04T04:30;18;kWh;0;10508;0;0;10508;10508
2018-07-04T04:30;2018-07-04T04:45;19;kWh;0;27138;0;0;27138;27138
2018-07-04T04:45;2018-07-04T05:00;20;kWh;0;26331;0;0;26331;26331
2018-07-04T05:00;2018-07-04T05:15;21;kWh;0;9640;0;0;9640;9640
2018-07-04T05:15;2018-07-04T05:30;22;kWh;0;1472;0;0;1472;1472
2018-07-04T05:30;2018-07-04T05:45;23;kWh;0;3185;0;0;3185;3185
2018-07-04T05:45;2018-07-04T06:00;24;kWh;0;6365;0;0;6365;6365
2018-07-04T06:00;2018-07-04T06:15;25;kWh;-2554;583;0;0;3137;-1971
2018-07-04T06:15;2018-07-04T06:30;26;kWh;-8919;0;0;0;8919;-8919
2018-07-04T06:30;2018-07-04T06:45;27;kWh;-48;510;0;0;558;462
2018-07-04T06:45;2018-07-04T07:00;28;kWh;0;17372;0;0;17372;17372
2018-07-04T07:00;2018-07-04T07:15;29;kWh;-6754;9166;0;0;15920;2412
2018-07-04T07:15;2018-07-04T07:30;30;kWh;-5835;0;0;0;5835;-5835
2018-07-04T07:30;2018-07-04T07:45;31;kWh;-2320;0;0;0;2320;-2320
2018-07-04T07:45;2018-07-04T08:00;32;kWh;-363;20049;0;0;20412;19686
2018-07-04T08:00;2018-07-04T08:15;33;kWh;-5499;9524;0;0;15023;4025
2018-07-04T08:15;2018-07-04T08:30;34;kWh;-5141;0;0;0;5141;-5141
2018-07-04T08:30;2018-07-04T08:45;35;kWh;-2928;0;0;0;2928;-2928
2018-07-04T08:45;2018-07-04T09:00;36;kWh;-1552;0;0;0;1552;-1552
2018-07-04T09:00;2018-07-04T09:15;37;kWh;-17;4408;0;0;4425;4391
2018-07-04T09:15;2018-07-04T09:30;38;kWh;0;2408;0;0;2408;2408
2018-07-04T09:30;2018-07-04T09:45;39;kWh;0;2658;0;0;2658;2658
2018-07-04T09:45;2018-07-04T10:00;40;kWh;0;1276;0;0;1276;1276
2018-07-04T10:00;2018-07-04T10:15;41;kWh;0;1911;0;0;1911;1911
2018-07-04T10:15;2018-07-04T10:30;42;kWh;0;166;0;0;166;166
2018-07-04T10:30;2018-07-04T10:45;43;kWh;0;0;0;0;0;0
2018-07-04T10:45;2018-07-04T11:00;44;kWh;0;698;0;0;698;698
2018-07-04T11:00;2018-07-04T11:15;45;kWh;0;29063;0;0;29063;29063
2018-07-04T11:15;2018-07-04T11:30;46;kWh;0;32738;0;0;32738;32738
2018-07-04T11:30;2018-07-04T11:45;47;kWh;-6;19651;0;0;19657;19645
2018-07-04T11:45;2018-07-04T12:00;48;kWh;-662;1461;0;0;2123;799
2018-07-04T12:00;2018-07-04T12:15;49;kWh;0;0;0;0;0;0
2018-07-04T12:15;2018-07-04T12:30;50;kWh;-6309;0;0;0;6309;-6309
2018-07-04T12:30;2018-07-04T12:45;51;kWh;-3194;0;0;0;3194;-3194
2018-07-04T12:45;2018-07-04T13:00;52;kWh;0;0;0;0;0;0
2018-07-04T13:00;2018-07-04T13:15;53;kWh;-173;0;0;0;173;-173
2018-07-04T13:15;2018-07-04T13:30;54;kWh;0;0;0;0;0;0
2018-07-04T13:30;2018-07-04T13:45;55;kWh;0;0;0;0;0;0
2018-07-04T13:45;2018-07-04T14:00;56;kWh;0;0;0;0;0;0
2018-07-04T14:00;2018-07-04T14:15;57;kWh;0;6348;0;0;6348;6348
2018-07-04T14:15;2018-07-04T14:30;58;kWh;0;26077;0;0;26077;26077
2018-07-04T14:30;2018-07-04T14:45;59;kWh;-223;2660;0;0;2883;2437
2018-07-04T14:45;2018-07-04T15:00;60;kWh;0;0;0;0;0;0
2018-07-04T15:00;2018-07-04T15:15;61;kWh;0;0;0;0;0;0
2018-07-04T15:15;2018-07-04T15:30;62;kWh;0;9479;0;0;9479;9479
2018-07-04T15:30;2018-07-04T15:45;63;kWh;0;38172;0;0;38172;38172
2018-07-04T15:45;2018-07-04T16:00;64;kWh;0;29887;0;0;29887;29887
2018-07-04T16:00;2018-07-04T16:15;65;kWh;0;7736;0;0;7736;7736
2018-07-04T16:15;2018-07-04T16:30;66;kWh;0;2;0;0;2;2
2018-07-04T16:30;2018-07-04T16:45;67;kWh;0;7277;0;0;7277;7277
2018-07-04T16:45;2018-07-04T17:00;68;kWh;0;31318;0;0;31318;31318
2018-07-04T17:00;2018-07-04T17:15;69;kWh;0;30771;0;0;30771;30771
2018-07-04T17:15;2018-07-04T17:30;70;kWh;0;44251;0;0;44251;44251
2018-07-04T17:30;2018-07-04T17:45;71;kWh;0;50039;0;0;50039;50039
2018-07-04T17:45;2018-07-04T18:00;72;kWh;0;54561;0;0;54561;54561
2018-07-04T18:00;2018-07-04T18:15;73;kWh;-20565;13725;0;0;34290;-6840
2018-07-04T18:15;2018-07-04T18:30;74;kWh;-28074;0;0;0;28074;-28074
2018-07-04T18:30;2018-07-04T18:45;75;kWh;-21843;0;0;0;21843;-21843
2018-07-04T18:45;2018-07-04T19:00;76;kWh;-4034;99;0;0;4133;-3935
2018-07-04T19:00;2018-07-04T19:15;77;kWh;0;2177;0;0;2177;2177
2018-07-04T19:15;2018-07-04T19:30;78;kWh;0;1924;0;0;1924;1924
2018-07-04T19:30;2018-07-04T19:45;79;kWh;0;2126;0;0;2126;2126
2018-07-04T19:45;2018-07-04T20:00;80;kWh;0;2452;0;0;2452;2452
2018-07-04T20:00;2018-07-04T20:15;81;kWh;0;6103;0;0;6103;6103
2018-07-04T20:15;2018-07-04T20:30;82;kWh;0;3840;0;0;3840;3840
2018-07-04T20:30;2018-07-04T20:45;83;kWh;0;2965;0;0;2965;2965
2018-07-04T20:45;2018-07-04T21:00;84;kWh;0;238;0;0;238;238
2018-07-04T21:00;2018-07-04T21:15;85;kWh;0;23592;0;0;23592;23592
2018-07-04T21:15;2018-07-04T21:30;86;kWh;0;51096;0;0;51096;51096
2018-07-04T21:30;2018-07-04T21:45;87;kWh;-896;13574;0;0;14470;12678
2018-07-04T21:45;2018-07-04T22:00;88;kWh;0;1753;0;0;1753;1753
2018-07-04T22:00;2018-07-04T22:15;89;kWh;0;14220;0;0;14220;14220
2018-07-04T22:15;2018-07-04T22:30;90;kWh;0;30108;0;0;30108;30108
2018-07-04T22:30;2018-07-04T22:45;91;kWh;0;29225;0;0;29225;29225
2018-07-04T22:45;2018-07-04T23:00;92;kWh;-2123;9347;0;0;11470;7224
2018-07-04T23:00;2018-07-04T23:15;93;kWh;-278;7030;0;0;7308;6752
2018-07-04T23:15;2018-07-04T23:30;94;kWh;0;7926;0;0;7926;7926
2018-07-04T23:30;2018-07-04T23:45;95;kWh;-1099;297;0;0;1396;-802
2018-07-04T23:45;2018-07-05T00:00;96;kWh;-35724;0;0;0;35724;-35724
2018-07-05T00:00;2018-07-05T00:15;1;kWh;-23917;7706;0;0;31623;-16211
2018-07-05T00:15;2018-07-05T00:30;2;kWh;0;2930;0;0;2930;2930
2018-07-05T00:30;2018-07-05T00:45;3;kWh;-2738;0;0;0;2738;-2738
2018-07-05T00:45;2018-07-05T01:00;4;kWh;-10347;0;0;0;10347;-10347
2018-07-05T01:00;2018-07-05T01:15;5;kWh;-7985;0;0;0;7985;-7985
2018-07-05T01:15;2018-07-05T01:30;6;kWh;-1418;0;0;0;1418;-1418
2018-07-05T01:30;2018-07-05T01:45;7;kWh;-1770;0;0;0;1770;-1770
2018-07-05T01:45;2018-07-05T02:00;8;kWh;-6108;0;0;0;6108;-6108
2018-07-05T02:00;2018-07-05T02:15;9;kWh;-8929;0;0;0;8929;-8929
2018-07-05T02:15;2018-07-05T02:30;10;kWh;-40;0;0;0;40;-40
2018-07-05T02:30;2018-07-05T02:45;11;kWh;-1437;0;0;0;1437;-1437
2018-07-05T02:45;2018-07-05T03:00;12;kWh;-9840;0;0;0;9840;-9840
2018-07-05T03:00;2018-07-05T03:15;13;kWh;-8548;0;0;0;8548;-8548
2018-07-05T03:15;2018-07-05T03:30;14;kWh;-37;0;0;0;37;-37
2018-07-05T03:30;2018-07-05T03:45;15;kWh;0;0;0;0;0;0
2018-07-05T03:45;2018-07-05T04:00;16;kWh;0;0;0;0;0;0
2018-07-05T04:00;2018-07-05T04:15;17;kWh;0;0;0;0;0;0
2018-07-05T04:15;2018-07-05T04:30;18;kWh;0;0;0;0;0;0
2018-07-05T04:30;2018-07-05T04:45;19;kWh;0;0;0;0;0;0
2018-07-05T04:45;2018-07-05T05:00;20;kWh;-1044;0;0;0;1044;-1044
2018-07-05T05:00;2018-07-05T05:15;21;kWh;-17236;0;0;0;17236;-17236
2018-07-05T05:15;2018-07-05T05:30;22;kWh;-40583;0;0;0;40583;-40583
2018-07-05T05:30;2018-07-05T05:45;23;kWh;-41551;0;0;0;41551;-41551
2018-07-05T05:45;2018-07-05T06:00;24;kWh;-28963;0;0;0;28963;-28963
2018-07-05T06:00;2018-07-05T06:15;25;kWh;-50375;0;0;0;50375;-50375
2018-07-05T06:15;2018-07-05T06:30;26;kWh;-6805;230;0;0;7035;-6575
2018-07-05T06:30;2018-07-05T06:45;27;kWh;-1233;0;0;0;1233;-1233
2018-07-05T06:45;2018-07-05T07:00;28;kWh;-400;0;0;0;400;-400
2018-07-05T07:00;2018-07-05T07:15;29;kWh;-11391;0;0;0;11391;-11391
2018-07-05T07:15;2018-07-05T07:30;30;kWh;-20964;335;0;0;21299;-20629
2018-07-05T07:30;2018-07-05T07:45;31;kWh;-575;985;0;0;1560;410
2018-07-05T07:45;2018-07-05T08:00;32;kWh;0;28796;0;0;28796;28796
2018-07-05T08:00;2018-07-05T08:15;33;kWh;0;31418;0;0;31418;31418
2018-07-05T08:15;2018-07-05T08:30;34;kWh;0;12302;0;0;12302;12302
2018-07-05T08:30;2018-07-05T08:45;35;kWh;0;13922;0;0;13922;13922
2018-07-05T08:45;2018-07-05T09:00;36;kWh;0;3708;0;0;3708;3708
2018-07-05T09:00;2018-07-05T09:15;37;kWh;0;2777;0;0;2777;2777
2018-07-05T09:15;2018-07-05T09:30;38;kWh;0;0;0;0;0;0
2018-07-05T09:30;2018-07-05T09:45;39;kWh;0;0;0;0;0;0
2018-07-05T09:45;2018-07-05T10:00;40;kWh;-22;0;0;0;22;-22
2018-07-05T10:00;2018-07-05T10:15;41;kWh;-325;0;0;0;325;-325
2018-07-05T10:15;2018-07-05T10:30;42;kWh;-1830;0;0;0;1830;-1830
2018-07-05T10:30;2018-07-05T10:45;43;kWh;-5585;0;0;0;5585;-5585
2018-07-05T10:45;2018-07-05T11:00;44;kWh;-2996;0;0;0;2996;-2996
2018-07-05T11:00;2018-07-05T11:15;45;kWh;-2532;0;0;0;2532;-2532
2018-07-05T11:15;2018-07-05T11:30;46;kWh;-156;0;0;0;156;-156
2018-07-05T11:30;2018-07-05T11:45;47;kWh;-1056;0;0;0;1056;-1056
2018-07-05T11:45;2018-07-05T12:00;48;kWh;-393;0;0;0;393;-393
2018-07-05T12:00;2018-07-05T12:15;49;kWh;-80;0;0;0;80;-80
2018-07-05T12:15;2018-07-05T12:30;50;kWh;-22;0;0;0;22;-22
2018-07-05T12:30;2018-07-05T12:45;51;kWh;-1504;0;0;0;1504;-1504
2018-07-05T12:45;2018-07-05T13:00;52;kWh;-3350;0;0;0;3350;-3350
2018-07-05T13:00;2018-07-05T13:15;53;kWh;-7922;0;0;0;7922;-7922
2018-07-05T13:15;2018-07-05T13:30;54;kWh;-6581;0;0;0;6581;-6581
2018-07-05T13:30;2018-07-05T13:45;55;kWh;-5815;0;0;0;5815;-5815
2018-07-05T13:45;2018-07-05T14:00;56;kWh;-17452;0;0;0;17452;-17452
2018-07-05T14:00;2018-07-05T14:15;57;kWh;-16837;0;0;0;16837;-16837
2018-07-05T14:15;2018-07-05T14:30;58;kWh;-482;0;0;0;482;-482
2018-07-05T14:30;2018-07-05T14:45;59;kWh;-314;0;0;0;314;-314
2018-07-05T14:45;2018-07-05T15:00;60;kWh;-28273;0;0;0;28273;-28273
2018-07-05T15:00;2018-07-05T15:15;61;kWh;-44059;0;0;0;44059;-44059
2018-07-05T15:15;2018-07-05T15:30;62;kWh;-40402;0;0;0;40402;-40402
2018-07-05T15:30;2018-07-05T15:45;63;kWh;-34472;0;0;0;34472;-34472
2018-07-05T15:45;2018-07-05T16:00;64;kWh;-21507;0;0;0;21507;-21507
2018-07-05T16:00;2018-07-05T16:15;65;kWh;-26083;0;0;0;26083;-26083
2018-07-05T16:15;2018-07-05T16:30;66;kWh;-34210;0;0;0;34210;-34210
2018-07-05T16:30;2018-07-05T16:45;67;kWh;-33235;0;0;0;33235;-33235
2018-07-05T16:45;2018-07-05T17:00;68;kWh;-6126;0;0;0;6126;-6126
2018-07-05T17:00;2018-07-05T17:15;69;kWh;-1949;0;0;0;1949;-1949
2018-07-05T17:15;2018-07-05T17:30;70;kWh;-8619;0;0;0;8619;-8619
2018-07-05T17:30;2018-07-05T17:45;71;kWh;-6709;0;0;0;6709;-6709
2018-07-05T17:45;2018-07-05T18:00;72;kWh;-1849;0;0;0;1849;-1849
2018-07-05T18:00;2018-07-05T18:15;73;kWh;-7672;0;0;0;7672;-7672
2018-07-05T18:15;2018-07-05T18:30;74;kWh;-23519;0;0;0;23519;-23519
2018-07-05T18:30;2018-07-05T18:45;75;kWh;-19557;0;0;0;19557;-19557
2018-07-05T18:45;2018-07-05T19:00;76;kWh;-5519;0;0;0;5519;-5519
2018-07-05T19:00;2018-07-05T19:15;77;kWh;-7132;0;0;0;7132;-7132
2018-07-05T19:15;2018-07-05T19:30;78;kWh;-6955;0;0;0;6955;-6955
2018-07-05T19:30;2018-07-05T19:45;79;kWh;-6831;0;0;0;6831;-6831
2018-07-05T19:45;2018-07-05T20:00;80;kWh;-1132;0;0;0;1132;-1132
2018-07-05T20:00;2018-07-05T20:15;81;kWh;-599;0;0;0;599;-599
2018-07-05T20:15;2018-07-05T20:30;82;kWh;-1346;0;0;0;1346;-1346
2018-07-05T20:30;2018-07-05T20:45;83;kWh;-2245;0;0;0;2245;-2245
2018-07-05T20:45;2018-07-05T21:00;84;kWh;-9649;0;0;0;9649;-9649
2018-07-05T21:00;2018-07-05T21:15;85;kWh;-7036;0;0;0;7036;-7036
2018-07-05T21:15;2018-07-05T21:30;86;kWh;-1085;0;0;0;1085;-1085
2018-07-05T21:30;2018-07-05T21:45;87;kWh;-3530;0;0;0;3530;-3530
2018-07-05T21:45;2018-07-05T22:00;88;kWh;-9584;0;0;0;9584;-9584
2018-07-05T22:00;2018-07-05T22:15;89;kWh;-40153;0;0;0;40153;-40153
2018-07-05T22:15;2018-07-05T22:30;90;kWh;-9616;0;0;0;9616;-9616
2018-07-05T22:30;2018-07-05T22:45;91;kWh;-432;0;0;0;432;-432
2018-07-05T22:45;2018-07-05T23:00;92;kWh;-2061;0;0;0;2061;-2061
2018-07-05T23:00;2018-07-05T23:15;93;kWh;-1186;787;0;0;1973;-399
2018-07-05T23:15;2018-07-05T23:30;94;kWh;-3483;0;0;0;3483;-3483
2018-07-05T23:30;2018-07-05T23:45;95;kWh;-12243;0;0;0;12243;-12243
2018-07-05T23:45;2018-07-06T00:00;96;kWh;-53873;0;0;0;53873;-53873
2018-07-06T00:00;2018-07-06T00:15;1;kWh;-54801;0;0;0;54801;-54801
2018-07-06T00:15;2018-07-06T00:30;2;kWh;-23836;0;0;0;23836;-23836
2018-07-06T00:30;2018-07-06T00:45;3;kWh;-81531;0;0;0;81531;-81531
2018-07-06T00:45;2018-07-06T01:00;4;kWh;-113831;0;0;0;113831;-113831
2018-07-06T01:00;2018-07-06T01:15;5;kWh;-83769;0;0;0;83769;-83769
2018-07-06T01:15;2018-07-06T01:30;6;kWh;-23608;0;0;0;23608;-23608
2018-07-06T01:30;2018-07-06T01:45;7;kWh;-93050;0;0;0;93050;-93050
2018-07-06T01:45;2018-07-06T02:00;8;kWh;-112046;0;0;0;112046;-112046
2018-07-06T02:00;2018-07-06T02:15;9;kWh;-56466;0;0;0;56466;-56466
2018-07-06T02:15;2018-07-06T02:30;10;kWh;-856;0;0;0;856;-856
2018-07-06T02:30;2018-07-06T02:45;11;kWh;-4742;0;0;0;4742;-4742
2018-07-06T02:45;2018-07-06T03:00;12;kWh;-51649;0;0;0;51649;-51649
2018-07-06T03:00;2018-07-06T03:15;13;kWh;-49596;0;0;0;49596;-49596
2018-07-06T03:15;2018-07-06T03:30;14;kWh;-2225;0;0;0;2225;-2225
2018-07-06T03:30;2018-07-06T03:45;15;kWh;-15798;0;0;0;15798;-15798
2018-07-06T03:45;2018-07-06T04:00;16;kWh;-28618;0;0;0;28618;-28618
2018-07-06T04:00;2018-07-06T04:15;17;kWh;-18678;0;0;0;18678;-18678
2018-07-06T04:15;2018-07-06T04:30;18;kWh;-34223;0;0;0;34223;-34223
2018-07-06T04:30;2018-07-06T04:45;19;kWh;-16229;0;0;0;16229;-16229
2018-07-06T04:45;2018-07-06T05:00;20;kWh;-34;0;0;0;34;-34
2018-07-06T05:00;2018-07-06T05:15;21;kWh;0;0;0;0;0;0
2018-07-06T05:15;2018-07-06T05:30;22;kWh;0;0;0;0;0;0
2018-07-06T05:30;2018-07-06T05:45;23;kWh;0;0;0;0;0;0
2018-07-06T05:45;2018-07-06T06:00;24;kWh;-5676;0;0;0;5676;-5676
2018-07-06T06:00;2018-07-06T06:15;25;kWh;-30927;7098;0;0;38025;-23829
2018-07-06T06:15;2018-07-06T06:30;26;kWh;-396;5208;0;0;5604;4812
2018-07-06T06:30;2018-07-06T06:45;27;kWh;0;35693;0;0;35693;35693
2018-07-06T06:45;2018-07-06T07:00;28;kWh;0;34543;0;0;34543;34543
2018-07-06T07:00;2018-07-06T07:15;29;kWh;-1287;21344;0;0;22631;20057
2018-07-06T07:15;2018-07-06T07:30;30;kWh;-13765;949;0;0;14714;-12816
2018-07-06T07:30;2018-07-06T07:45;31;kWh;-330;8713;0;0;9043;8383
2018-07-06T07:45;2018-07-06T08:00;32;kWh;0;50288;0;0;50288;50288
2018-07-06T08:00;2018-07-06T08:15;33;kWh;-285;19673;0;0;19958;19388
2018-07-06T08:15;2018-07-06T08:30;34;kWh;-261;4415;0;0;4676;4154
2018-07-06T08:30;2018-07-06T08:45;35;kWh;0;24228;0;0;24228;24228
2018-07-06T08:45;2018-07-06T09:00;36;kWh;0;13923;0;0;13923;13923
2018-07-06T09:00;2018-07-06T09:15;37;kWh;0;12770;0;0;12770;12770
2018-07-06T09:15;2018-07-06T09:30;38;kWh;0;2511;0;0;2511;2511
2018-07-06T09:30;2018-07-06T09:45;39;kWh;0;820;0;0;820;820
2018-07-06T09:45;2018-07-06T10:00;40;kWh;0;0;0;0;0;0
2018-07-06T10:00;2018-07-06T10:15;41;kWh;0;7074;0;0;7074;7074
2018-07-06T10:15;2018-07-06T10:30;42;kWh;0;3253;0;0;3253;3253
2018-07-06T10:30;2018-07-06T10:45;43;kWh;0;1098;0;0;1098;1098
2018-07-06T10:45;2018-07-06T11:00;44;kWh;0;815;0;0;815;815
2018-07-06T11:00;2018-07-06T11:15;45;kWh;0;5717;0;0;5717;5717
2018-07-06T11:15;2018-07-06T11:30;46;kWh;0;16027;0;0;16027;16027
2018-07-06T11:30;2018-07-06T11:45;47;kWh;0;15279;0;0;15279;15279
2018-07-06T11:45;2018-07-06T12:00;48;kWh;0;2587;0;0;2587;2587
2018-07-06T12:00;2018-07-06T12:15;49;kWh;0;15325;0;0;15325;15325
2018-07-06T12:15;2018-07-06T12:30;50;kWh;0;31511;0;0;31511;31511
2018-07-06T12:30;2018-07-06T12:45;51;kWh;0;38667;0;0;38667;38667
2018-07-06T12:45;2018-07-06T13:00;52;kWh;0;35940;0;0;35940;35940
2018-07-06T13:00;2018-07-06T13:15;53;kWh;0;48592;0;0;48592;48592
2018-07-06T13:15;2018-07-06T13:30;54;kWh;0;58332;0;0;58332;58332
2018-07-06T13:30;2018-07-06T13:45;55;kWh;0;66543;0;0;66543;66543
2018-07-06T13:45;2018-07-06T14:00;56;kWh;0;62558;0;0;62558;62558
2018-07-06T14:00;2018-07-06T14:15;57;kWh;0;78358;0;0;78358;78358
2018-07-06T14:15;2018-07-06T14:30;58;kWh;0;64901;0;0;64901;64901
2018-07-06T14:30;2018-07-06T14:45;59;kWh;0;50019;0;0;50019;50019
2018-07-06T14:45;2018-07-06T15:00;60;kWh;0;37178;0;0;37178;37178
2018-07-06T15:00;2018-07-06T15:15;61;kWh;0;41744;0;0;41744;41744
2018-07-06T15:15;2018-07-06T15:30;62;kWh;0;66592;0;0;66592;66592
2018-07-06T15:30;2018-07-06T15:45;63;kWh;0;46797;0;0;46797;46797
2018-07-06T15:45;2018-07-06T16:00;64;kWh;0;90794;0;0;90794;90794
2018-07-06T16:00;2018-07-06T16:15;65;kWh;0;87061;0;0;92061;92061
2018-07-06T16:15;2018-07-06T16:30;66;kWh;-2836;10561;0;0;13397;7725
2018-07-06T16:30;2018-07-06T16:45;67;kWh;-21;26301;0;0;26322;26280
2018-07-06T16:45;2018-07-06T17:00;68;kWh;0;69422;0;0;69422;69422
2018-07-06T17:00;2018-07-06T17:15;69;kWh;0;55459;0;0;55459;55459
2018-07-06T17:15;2018-07-06T17:30;70;kWh;0;44947;0;0;44947;44947
2018-07-06T17:30;2018-07-06T17:45;71;kWh;0;58855;0;0;58855;58855
2018-07-06T17:45;2018-07-06T18:00;72;kWh;0;62113;0;0;62113;62113
2018-07-06T18:00;2018-07-06T18:15;73;kWh;0;62679;0;0;62679;62679
2018-07-06T18:15;2018-07-06T18:30;74;kWh;0;60995;0;0;60995;60995
2018-07-06T18:30;2018-07-06T18:45;75;kWh;0;61631;0;0;61631;61631
2018-07-06T18:45;2018-07-06T19:00;76;kWh;0;69294;0;0;69294;69294
2018-07-06T19:00;2018-07-06T19:15;77;kWh;0;50636;0;0;50636;50636
2018-07-06T19:15;2018-07-06T19:30;78;kWh;0;34362;0;0;34362;34362
2018-07-06T19:30;2018-07-06T19:45;79;kWh;0;61122;0;0;61122;61122
2018-07-06T19:45;2018-07-06T20:00;80;kWh;0;84146;0;0;84146;84146
2018-07-06T20:00;2018-07-06T20:15;81;kWh;-146;57110;0;0;57256;56964
2018-07-06T20:15;2018-07-06T20:30;82;kWh;-1429;5592;0;0;7021;4163
2018-07-06T20:30;2018-07-06T20:45;83;kWh;0;31187;0;0;31187;31187
2018-07-06T20:45;2018-07-06T21:00;84;kWh;0;27479;0;0;27479;27479
2018-07-06T21:00;2018-07-06T21:15;85;kWh;0;6348;0;0;6348;6348
2018-07-06T21:15;2018-07-06T21:30;86;kWh;-206;0;0;0;206;-206
2018-07-06T21:30;2018-07-06T21:45;87;kWh;-3561;0;0;0;3561;-3561
2018-07-06T21:45;2018-07-06T22:00;88;kWh;-9061;0;0;0;9061;-9061
2018-07-06T22:00;2018-07-06T22:15;89;kWh;-1785;1998;0;0;3783;213
2018-07-06T22:15;2018-07-06T22:30;90;kWh;0;29654;0;0;29654;29654
2018-07-06T22:30;2018-07-06T22:45;91;kWh;0;46734;0;0;46734;46734
2018-07-06T22:45;2018-07-06T23:00;92;kWh;0;42370;0;0;42370;42370
2018-07-06T23:00;2018-07-06T23:15;93;kWh;0;29524;0;0;29524;29524
2018-07-06T23:15;2018-07-06T23:30;94;kWh;0;38528;0;0;38528;38528
2018-07-06T23:30;2018-07-06T23:45;95;kWh;0;7178;0;0;7178;7178
2018-07-06T23:45;2018-07-07T00:00;96;kWh;-8;9502;0;0;9510;9494
2018-07-07T00:00;2018-07-07T00:15;1;kWh;-23672;1327;0;0;24999;-22345
2018-07-07T00:15;2018-07-07T00:30;2;kWh;-275;66471;0;0;66746;66196
2018-07-07T00:30;2018-07-07T00:45;3;kWh;-229;80737;0;0;85966;85508
2018-07-07T00:45;2018-07-07T01:00;4;kWh;-20070;4472;0;0;24542;-15598
2018-07-07T01:00;2018-07-07T01:15;5;kWh;-13726;1406;0;0;15132;-12320
2018-07-07T01:15;2018-07-07T01:30;6;kWh;-1028;38171;0;0;39199;37143
2018-07-07T01:30;2018-07-07T01:45;7;kWh;0;32367;0;0;32367;32367
2018-07-07T01:45;2018-07-07T02:00;8;kWh;0;53644;0;0;53644;53644
2018-07-07T02:00;2018-07-07T02:15;9;kWh;0;56760;0;0;56760;56760
2018-07-07T02:15;2018-07-07T02:30;10;kWh;0;49409;0;0;49409;49409
2018-07-07T02:30;2018-07-07T02:45;11;kWh;0;37551;0;0;37551;37551
2018-07-07T02:45;2018-07-07T03:00;12;kWh;0;13787;0;0;13787;13787
2018-07-07T03:00;2018-07-07T03:15;13;kWh;0;46930;0;0;46930;46930
2018-07-07T03:15;2018-07-07T03:30;14;kWh;0;82685;0;0;82685;82685
2018-07-07T03:30;2018-07-07T03:45;15;kWh;0;40064;0;0;40064;40064
2018-07-07T03:45;2018-07-07T04:00;16;kWh;0;25025;0;0;25025;25025
2018-07-07T04:00;2018-07-07T04:15;17;kWh;0;56838;0;0;56838;56838
2018-07-07T04:15;2018-07-07T04:30;18;kWh;0;70682;0;0;70682;70682
2018-07-07T04:30;2018-07-07T04:45;19;kWh;0;64095;0;0;64095;64095
2018-07-07T04:45;2018-07-07T05:00;20;kWh;0;25979;0;0;25979;25979
2018-07-07T05:00;2018-07-07T05:15;21;kWh;0;37491;0;0;37491;37491
2018-07-07T05:15;2018-07-07T05:30;22;kWh;0;33097;0;0;33097;33097
2018-07-07T05:30;2018-07-07T05:45;23;kWh;0;3591;0;0;3591;3591
2018-07-07T05:45;2018-07-07T06:00;24;kWh;0;0;0;0;0;0
2018-07-07T06:00;2018-07-07T06:15;25;kWh;0;2818;0;0;2818;2818
2018-07-07T06:15;2018-07-07T06:30;26;kWh;0;30889;0;0;30889;30889
2018-07-07T06:30;2018-07-07T06:45;27;kWh;0;38399;0;0;38399;38399
2018-07-07T06:45;2018-07-07T07:00;28;kWh;0;35209;0;0;35209;35209
2018-07-07T07:00;2018-07-07T07:15;29;kWh;-6726;2991;0;0;9717;-3735
2018-07-07T07:15;2018-07-07T07:30;30;kWh;-6385;0;0;0;6385;-6385
2018-07-07T07:30;2018-07-07T07:45;31;kWh;-7693;0;0;0;7693;-7693
2018-07-07T07:45;2018-07-07T08:00;32;kWh;-2573;0;0;0;2573;-2573
2018-07-07T08:00;2018-07-07T08:15;33;kWh;-382;0;0;0;382;-382
2018-07-07T08:15;2018-07-07T08:30;34;kWh;0;9199;0;0;9199;9199
2018-07-07T08:30;2018-07-07T08:45;35;kWh;0;20295;0;0;20295;20295
2018-07-07T08:45;2018-07-07T09:00;36;kWh;0;34923;0;0;34923;34923
2018-07-07T09:00;2018-07-07T09:15;37;kWh;0;30998;0;0;30998;30998
2018-07-07T09:15;2018-07-07T09:30;38;kWh;0;29555;0;0;29555;29555
2018-07-07T09:30;2018-07-07T09:45;39;kWh;0;73211;0;0;73211;73211
2018-07-07T09:45;2018-07-07T10:00;40;kWh;-1529;22067;0;0;23596;20538
2018-07-07T10:00;2018-07-07T10:15;41;kWh;-16;45288;0;0;45304;45272
2018-07-07T10:15;2018-07-07T10:30;42;kWh;0;112641;0;0;112641;112641
2018-07-07T10:30;2018-07-07T10:45;43;kWh;0;86108;0;0;86108;86108
2018-07-07T10:45;2018-07-07T11:00;44;kWh;0;63315;0;0;63315;63315
2018-07-07T11:00;2018-07-07T11:15;45;kWh;0;77057;0;0;77057;77057
2018-07-07T11:15;2018-07-07T11:30;46;kWh;0;81192;0;0;81192;81192
2018-07-07T11:30;2018-07-07T11:45;47;kWh;0;63516;0;0;63516;63516
2018-07-07T11:45;2018-07-07T12:00;48;kWh;0;60306;0;0;60306;60306
2018-07-07T12:00;2018-07-07T12:15;49;kWh;0;89664;0;0;89664;89664
2018-07-07T12:15;2018-07-07T12:30;50;kWh;0;94704;0;0;97204;97204
2018-07-07T12:30;2018-07-07T12:45;51;kWh;0;43251;0;0;45751;45751
2018-07-07T12:45;2018-07-07T13:00;52;kWh;0;15927;0;0;15927;15927
2018-07-07T13:00;2018-07-07T13:15;53;kWh;0;41116;0;0;41116;41116
2018-07-07T13:15;2018-07-07T13:30;54;kWh;0;47046;0;0;47046;47046
2018-07-07T13:30;2018-07-07T13:45;55;kWh;0;63171;0;0;63171;63171
2018-07-07T13:45;2018-07-07T14:00;56;kWh;0;47037;0;0;47037;47037
2018-07-07T14:00;2018-07-07T14:15;57;kWh;0;54140;0;0;54140;54140
2018-07-07T14:15;2018-07-07T14:30;58;kWh;0;75672;0;0;75672;75672
2018-07-07T14:30;2018-07-07T14:45;59;kWh;0;54457;0;0;54457;54457
2018-07-07T14:45;2018-07-07T15:00;60;kWh;0;53549;0;0;53549;53549
2018-07-07T15:00;2018-07-07T15:15;61;kWh;-591;15705;0;0;16296;15114
2018-07-07T15:15;2018-07-07T15:30;62;kWh;-7;0;0;0;7;-7
2018-07-07T15:30;2018-07-07T15:45;63;kWh;0;8162;0;0;8162;8162
2018-07-07T15:45;2018-07-07T16:00;64;kWh;0;18069;0;0;18069;18069
2018-07-07T16:00;2018-07-07T16:15;65;kWh;0;17081;0;0;17081;17081
2018-07-07T16:15;2018-07-07T16:30;66;kWh;0;3909;0;0;3909;3909
2018-07-07T16:30;2018-07-07T16:45;67;kWh;0;22398;0;0;22398;22398
2018-07-07T16:45;2018-07-07T17:00;68;kWh;0;80734;0;0;80734;80734
2018-07-07T17:00;2018-07-07T17:15;69;kWh;-1365;37482;0;0;38847;36117
2018-07-07T17:15;2018-07-07T17:30;70;kWh;-220;2330;0;0;2550;2110
2018-07-07T17:30;2018-07-07T17:45;71;kWh;0;20262;0;0;20262;20262
2018-07-07T17:45;2018-07-07T18:00;72;kWh;0;42311;0;0;42311;42311
2018-07-07T18:00;2018-07-07T18:15;73;kWh;0;22135;0;0;22135;22135
2018-07-07T18:15;2018-07-07T18:30;74;kWh;0;16623;0;0;16623;16623
2018-07-07T18:30;2018-07-07T18:45;75;kWh;0;18545;0;0;18545;18545
2018-07-07T18:45;2018-07-07T19:00;76;kWh;0;44486;0;0;44486;44486
2018-07-07T19:00;2018-07-07T19:15;77;kWh;0;39239;0;0;39239;39239
2018-07-07T19:15;2018-07-07T19:30;78;kWh;0;51992;0;0;51992;51992
2018-07-07T19:30;2018-07-07T19:45;79;kWh;0;72930;0;0;72930;72930
2018-07-07T19:45;2018-07-07T20:00;80;kWh;0;78870;0;0;78870;78870
2018-07-07T20:00;2018-07-07T20:15;81;kWh;0;48089;0;0;48089;48089
2018-07-07T20:15;2018-07-07T20:30;82;kWh;0;25483;0;0;25483;25483
2018-07-07T20:30;2018-07-07T20:45;83;kWh;0;41910;0;0;41910;41910
2018-07-07T20:45;2018-07-07T21:00;84;kWh;0;37989;0;0;37989;37989
2018-07-07T21:00;2018-07-07T21:15;85;kWh;0;39561;0;0;39561;39561
2018-07-07T21:15;2018-07-07T21:30;86;kWh;0;37119;0;0;37119;37119
2018-07-07T21:30;2018-07-07T21:45;87;kWh;0;17575;0;0;17575;17575
2018-07-07T21:45;2018-07-07T22:00;88;kWh;0;1968;0;0;1968;1968
2018-07-07T22:00;2018-07-07T22:15;89;kWh;0;36752;0;0;36752;36752
2018-07-07T22:15;2018-07-07T22:30;90;kWh;0;68391;0;0;68391;68391
2018-07-07T22:30;2018-07-07T22:45;91;kWh;0;68669;0;0;68669;68669
2018-07-07T22:45;2018-07-07T23:00;92;kWh;0;59532;0;0;59532;59532
2018-07-07T23:00;2018-07-07T23:15;93;kWh;0;75242;0;0;75242;75242
2018-07-07T23:15;2018-07-07T23:30;94;kWh;0;66439;0;0;67689;67689
2018-07-07T23:30;2018-07-07T23:45;95;kWh;-2374;11353;0;0;13727;8979
2018-07-07T23:45;2018-07-08T00:00;96;kWh;-9580;0;0;0;9580;-9580
2018-07-08T00:00;2018-07-08T00:15;1;kWh;-16355;0;0;0;16355;-16355
2018-07-08T00:15;2018-07-08T00:30;2;kWh;-52;14226;0;0;14278;14174
2018-07-08T00:30;2018-07-08T00:45;3;kWh;-1010;10814;0;0;11824;9804
2018-07-08T00:45;2018-07-08T01:00;4;kWh;-6612;18;0;0;6630;-6594
2018-07-08T01:00;2018-07-08T01:15;5;kWh;-11091;0;0;0;11091;-11091
2018-07-08T01:15;2018-07-08T01:30;6;kWh;-551;0;0;0;551;-551
2018-07-08T01:30;2018-07-08T01:45;7;kWh;-1627;0;0;0;1627;-1627
2018-07-08T01:45;2018-07-08T02:00;8;kWh;-4709;0;0;0;4709;-4709
2018-07-08T02:00;2018-07-08T02:15;9;kWh;-4715;0;0;0;4715;-4715
2018-07-08T02:15;2018-07-08T02:30;10;kWh;-108;2647;0;0;2755;2539
2018-07-08T02:30;2018-07-08T02:45;11;kWh;-37;147;0;0;184;110
2018-07-08T02:45;2018-07-08T03:00;12;kWh;-3765;0;0;0;3765;-3765
2018-07-08T03:00;2018-07-08T03:15;13;kWh;-2347;3674;0;0;6021;1327
2018-07-08T03:15;2018-07-08T03:30;14;kWh;0;1407;0;0;1407;1407
2018-07-08T03:30;2018-07-08T03:45;15;kWh;0;3592;0;0;3592;3592
2018-07-08T03:45;2018-07-08T04:00;16;kWh;0;2200;0;0;2200;2200
2018-07-08T04:00;2018-07-08T04:15;17;kWh;0;864;0;0;864;864
2018-07-08T04:15;2018-07-08T04:30;18;kWh;0;14495;0;0;14495;14495
2018-07-08T04:30;2018-07-08T04:45;19;kWh;0;16184;0;0;16184;16184
2018-07-08T04:45;2018-07-08T05:00;20;kWh;-12;10372;0;0;10384;10360
2018-07-08T05:00;2018-07-08T05:15;21;kWh;-28;7586;0;0;7614;7558
2018-07-08T05:15;2018-07-08T05:30;22;kWh;0;14077;0;0;14077;14077
2018-07-08T05:30;2018-07-08T05:45;23;kWh;-1528;1419;0;0;2947;-109
2018-07-08T05:45;2018-07-08T06:00;24;kWh;-20106;0;0;0;20106;-20106
2018-07-08T06:00;2018-07-08T06:15;25;kWh;-23093;0;0;0;23093;-23093
2018-07-08T06:15;2018-07-08T06:30;26;kWh;-4099;670;0;0;4769;-3429
2018-07-08T06:30;2018-07-08T06:45;27;kWh;-5343;0;0;0;5343;-5343
2018-07-08T06:45;2018-07-08T07:00;28;kWh;-5477;0;0;0;5477;-5477
2018-07-08T07:00;2018-07-08T07:15;29;kWh;-4606;0;0;0;4606;-4606
2018-07-08T07:15;2018-07-08T07:30;30;kWh;-268;0;0;0;268;-268
2018-07-08T07:30;2018-07-08T07:45;31;kWh;-485;0;0;0;485;-485
2018-07-08T07:45;2018-07-08T08:00;32;kWh;-504;0;0;0;504;-504
2018-07-08T08:00;2018-07-08T08:15;33;kWh;-237;0;0;0;237;-237
2018-07-08T08:15;2018-07-08T08:30;34;kWh;-1055;0;0;0;1055;-1055
2018-07-08T08:30;2018-07-08T08:45;35;kWh;-353;0;0;0;353;-353
2018-07-08T08:45;2018-07-08T09:00;36;kWh;0;0;0;0;0;0
2018-07-08T09:00;2018-07-08T09:15;37;kWh;-197;0;0;0;197;-197
2018-07-08T09:15;2018-07-08T09:30;38;kWh;-235;0;0;0;235;-235
2018-07-08T09:30;2018-07-08T09:45;39;kWh;0;0;0;0;0;0
2018-07-08T09:45;2018-07-08T10:00;40;kWh;0;0;0;0;0;0
2018-07-08T10:00;2018-07-08T10:15;41;kWh;0;316;0;0;316;316
2018-07-08T10:15;2018-07-08T10:30;42;kWh;0;313;0;0;313;313
2018-07-08T10:30;2018-07-08T10:45;43;kWh;0;35;0;0;35;35
2018-07-08T10:45;2018-07-08T11:00;44;kWh;0;0;0;0;0;0
2018-07-08T11:00;2018-07-08T11:15;45;kWh;-2171;0;0;0;2171;-2171
2018-07-08T11:15;2018-07-08T11:30;46;kWh;-10389;0;0;0;10389;-10389
2018-07-08T11:30;2018-07-08T11:45;47;kWh;-14885;0;0;0;14885;-14885
2018-07-08T11:45;2018-07-08T12:00;48;kWh;-3978;0;0;0;3978;-3978
2018-07-08T12:00;2018-07-08T12:15;49;kWh;-70;15402;0;0;15472;15332
2018-07-08T12:15;2018-07-08T12:30;50;kWh;0;30718;0;0;30718;30718
2018-07-08T12:30;2018-07-08T12:45;51;kWh;0;27720;0;0;27720;27720
2018-07-08T12:45;2018-07-08T13:00;52;kWh;0;17928;0;0;17928;17928
2018-07-08T13:00;2018-07-08T13:15;53;kWh;0;21535;0;0;21535;21535
2018-07-08T13:15;2018-07-08T13:30;54;kWh;0;21850;0;0;21850;21850
2018-07-08T13:30;2018-07-08T13:45;55;kWh;0;9937;0;0;9937;9937
2018-07-08T13:45;2018-07-08T14:00;56;kWh;-12;12385;0;0;12397;12373
2018-07-08T14:00;2018-07-08T14:15;57;kWh;-592;592;0;0;1184;0
2018-07-08T14:15;2018-07-08T14:30;58;kWh;-208;0;0;0;208;-208
2018-07-08T14:30;2018-07-08T14:45;59;kWh;-1753;0;0;0;1753;-1753
2018-07-08T14:45;2018-07-08T15:00;60;kWh;-7300;0;0;0;7300;-7300
2018-07-08T15:00;2018-07-08T15:15;61;kWh;-9063;0;0;0;9063;-9063
2018-07-08T15:15;2018-07-08T15:30;62;kWh;-181;0;0;0;181;-181
2018-07-08T15:30;2018-07-08T15:45;63;kWh;-3825;0;0;0;3825;-3825
2018-07-08T15:45;2018-07-08T16:00;64;kWh;-2492;0;0;0;2492;-2492
2018-07-08T16:00;2018-07-08T16:15;65;kWh;-33673;0;0;0;33673;-33673
2018-07-08T16:15;2018-07-08T16:30;66;kWh;-40634;0;0;0;40634;-40634
2018-07-08T16:30;2018-07-08T16:45;67;kWh;-27331;0;0;0;27331;-27331
2018-07-08T16:45;2018-07-08T17:00;68;kWh;-2696;0;0;0;2696;-2696
2018-07-08T17:00;2018-07-08T17:15;69;kWh;-14790;0;0;0;14790;-14790
2018-07-08T17:15;2018-07-08T17:30;70;kWh;-34091;0;0;0;34091;-34091
2018-07-08T17:30;2018-07-08T17:45;71;kWh;-8629;0;0;0;8629;-8629
2018-07-08T17:45;2018-07-08T18:00;72;kWh;0;164;0;0;164;164
2018-07-08T18:00;2018-07-08T18:15;73;kWh;0;313;0;0;313;313
2018-07-08T18:15;2018-07-08T18:30;74;kWh;0;0;0;0;0;0
2018-07-08T18:30;2018-07-08T18:45;75;kWh;0;0;0;0;0;0
2018-07-08T18:45;2018-07-08T19:00;76;kWh;0;127;0;0;127;127
2018-07-08T19:00;2018-07-08T19:15;77;kWh;0;1230;0;0;1230;1230
2018-07-08T19:15;2018-07-08T19:30;78;kWh;0;452;0;0;452;452
2018-07-08T19:30;2018-07-08T19:45;79;kWh;0;3714;0;0;3714;3714
2018-07-08T19:45;2018-07-08T20:00;80;kWh;0;26242;0;0;26242;26242
2018-07-08T20:00;2018-07-08T20:15;81;kWh;0;38499;0;0;38499;38499
2018-07-08T20:15;2018-07-08T20:30;82;kWh;0;6951;0;0;6951;6951
2018-07-08T20:30;2018-07-08T20:45;83;kWh;0;24658;0;0;24658;24658
2018-07-08T20:45;2018-07-08T21:00;84;kWh;0;66987;0;0;66987;66987
2018-07-08T21:00;2018-07-08T21:15;85;kWh;-74;30794;0;0;30868;30720
2018-07-08T21:15;2018-07-08T21:30;86;kWh;-143;3445;0;0;3588;3302
2018-07-08T21:30;2018-07-08T21:45;87;kWh;0;9141;0;0;9141;9141
2018-07-08T21:45;2018-07-08T22:00;88;kWh;0;2837;0;0;2837;2837
2018-07-08T22:00;2018-07-08T22:15;89;kWh;0;6530;0;0;6530;6530
2018-07-08T22:15;2018-07-08T22:30;90;kWh;0;51416;0;0;51416;51416
2018-07-08T22:30;2018-07-08T22:45;91;kWh;0;57300;0;0;57300;57300
2018-07-08T22:45;2018-07-08T23:00;92;kWh;0;42858;0;0;42858;42858
2018-07-08T23:00;2018-07-08T23:15;93;kWh;0;54339;0;0;54339;54339
2018-07-08T23:15;2018-07-08T23:30;94;kWh;-282;30161;0;0;30443;29879
2018-07-08T23:30;2018-07-08T23:45;95;kWh;-806;833;0;0;1639;27
2018-07-08T23:45;2018-07-09T00:00;96;kWh;-140;4998;0;0;5138;4858
2018-07-09T00:00;2018-07-09T00:15;1;kWh;0;30200;0;0;30200;30200
2018-07-09T00:15;2018-07-09T00:30;2;kWh;0;28174;0;0;28174;28174
2018-07-09T00:30;2018-07-09T00:45;3;kWh;-27;4001;0;0;4028;3974
2018-07-09T00:45;2018-07-09T01:00;4;kWh;-1767;0;0;0;1767;-1767
2018-07-09T01:00;2018-07-09T01:15;5;kWh;-2105;4187;0;0;6292;2082
2018-07-09T01:15;2018-07-09T01:30;6;kWh;0;20962;0;0;20962;20962
2018-07-09T01:30;2018-07-09T01:45;7;kWh;0;21356;0;0;21356;21356
2018-07-09T01:45;2018-07-09T02:00;8;kWh;0;11910;0;0;11910;11910
2018-07-09T02:00;2018-07-09T02:15;9;kWh;0;17512;0;0;17512;17512
2018-07-09T02:15;2018-07-09T02:30;10;kWh;0;39631;0;0;39631;39631
2018-07-09T02:30;2018-07-09T02:45;11;kWh;0;36472;0;0;36472;36472
2018-07-09T02:45;2018-07-09T03:00;12;kWh;0;8231;0;0;8231;8231
2018-07-09T03:00;2018-07-09T03:15;13;kWh;0;14709;0;0;14709;14709
2018-07-09T03:15;2018-07-09T03:30;14;kWh;0;28710;0;0;28710;28710
2018-07-09T03:30;2018-07-09T03:45;15;kWh;0;5001;0;0;5001;5001
2018-07-09T03:45;2018-07-09T04:00;16;kWh;0;1904;0;0;1904;1904
2018-07-09T04:00;2018-07-09T04:15;17;kWh;0;527;0;0;527;527
2018-07-09T04:15;2018-07-09T04:30;18;kWh;0;0;0;0;0;0
2018-07-09T04:30;2018-07-09T04:45;19;kWh;0;731;0;0;731;731
2018-07-09T04:45;2018-07-09T05:00;20;kWh;0;6999;0;0;6999;6999
2018-07-09T05:00;2018-07-09T05:15;21;kWh;0;17265;0;0;17265;17265
2018-07-09T05:15;2018-07-09T05:30;22;kWh;0;8291;0;0;8291;8291
2018-07-09T05:30;2018-07-09T05:45;23;kWh;0;4748;0;0;4748;4748
2018-07-09T05:45;2018-07-09T06:00;24;kWh;0;19141;0;0;19141;19141
2018-07-09T06:00;2018-07-09T06:15;25;kWh;0;22880;0;0;22880;22880
2018-07-09T06:15;2018-07-09T06:30;26;kWh;-8;2641;0;0;2649;2633
2018-07-09T06:30;2018-07-09T06:45;27;kWh;0;154;0;0;154;154
2018-07-09T06:45;2018-07-09T07:00;28;kWh;0;2231;0;0;2231;2231
2018-07-09T07:00;2018-07-09T07:15;29;kWh;0;2391;0;0;2391;2391
2018-07-09T07:15;2018-07-09T07:30;30;kWh;0;0;0;0;0;0
2018-07-09T07:30;2018-07-09T07:45;31;kWh;0;464;0;0;464;464
2018-07-09T07:45;2018-07-09T08:00;32;kWh;0;23347;0;0;23347;23347
2018-07-09T08:00;2018-07-09T08:15;33;kWh;0;29088;0;0;29088;29088
2018-07-09T08:15;2018-07-09T08:30;34;kWh;0;272;0;0;272;272
2018-07-09T08:30;2018-07-09T08:45;35;kWh;0;0;0;0;0;0
2018-07-09T08:45;2018-07-09T09:00;36;kWh;0;0;0;0;0;0
2018-07-09T09:00;2018-07-09T09:15;37;kWh;0;16129;0;0;16129;16129
2018-07-09T09:15;2018-07-09T09:30;38;kWh;0;51085;0;0;51085;51085
2018-07-09T09:30;2018-07-09T09:45;39;kWh;0;47492;0;0;47492;47492
2018-07-09T09:45;2018-07-09T10:00;40;kWh;0;6825;0;0;6825;6825
2018-07-09T10:00;2018-07-09T10:15;41;kWh;0;0;0;0;0;0
2018-07-09T10:15;2018-07-09T10:30;42;kWh;0;10067;0;0;10067;10067
2018-07-09T10:30;2018-07-09T10:45;43;kWh;0;26420;0;0;26420;26420
2018-07-09T10:45;2018-07-09T11:00;44;kWh;0;16446;0;0;16446;16446
2018-07-09T11:00;2018-07-09T11:15;45;kWh;0;1347;0;0;1347;1347
2018-07-09T11:15;2018-07-09T11:30;46;kWh;0;323;0;0;323;323
2018-07-09T11:30;2018-07-09T11:45;47;kWh;0;16276;0;0;16276;16276
2018-07-09T11:45;2018-07-09T12:00;48;kWh;0;23844;0;0;23844;23844
2018-07-09T12:00;2018-07-09T12:15;49;kWh;0;71977;0;0;71977;71977
2018-07-09T12:15;2018-07-09T12:30;50;kWh;0;74926;0;0;74926;74926
2018-07-09T12:30;2018-07-09T12:45;51;kWh;0;38918;0;0;38918;38918
2018-07-09T12:45;2018-07-09T13:00;52;kWh;0;71140;0;0;71140;71140
2018-07-09T13:00;2018-07-09T13:15;53;kWh;0;86895;0;0;86895;86895
2018-07-09T13:15;2018-07-09T13:30;54;kWh;0;57842;0;0;57842;57842
2018-07-09T13:30;2018-07-09T13:45;55;kWh;0;65756;0;0;65756;65756
2018-07-09T13:45;2018-07-09T14:00;56;kWh;0;63850;0;0;63850;63850
2018-07-09T14:00;2018-07-09T14:15;57;kWh;0;75860;0;0;75860;75860
2018-07-09T14:15;2018-07-09T14:30;58;kWh;0;99342;0;0;99342;99342
2018-07-09T14:30;2018-07-09T14:45;59;kWh;0;77500;0;0;77500;77500
2018-07-09T14:45;2018-07-09T15:00;60;kWh;0;73768;0;0;73768;73768
2018-07-09T15:00;2018-07-09T15:15;61;kWh;0;61402;0;0;61402;61402
2018-07-09T15:15;2018-07-09T15:30;62;kWh;0;82434;0;0;82434;82434
2018-07-09T15:30;2018-07-09T15:45;63;kWh;0;89733;0;0;89733;89733
2018-07-09T15:45;2018-07-09T16:00;64;kWh;0;75387;0;0;75387;75387
2018-07-09T16:00;2018-07-09T16:15;65;kWh;0;76731;0;0;76731;76731
2018-07-09T16:15;2018-07-09T16:30;66;kWh;0;68831;0;0;68831;68831
2018-07-09T16:30;2018-07-09T16:45;67;kWh;0;65937;0;0;65937;65937
2018-07-09T16:45;2018-07-09T17:00;68;kWh;0;81533;0;0;81533;81533
2018-07-09T17:00;2018-07-09T17:15;69;kWh;0;71964;0;0;71964;71964
2018-07-09T17:15;2018-07-09T17:30;70;kWh;0;57168;0;0;57168;57168
2018-07-09T17:30;2018-07-09T17:45;71;kWh;0;103250;0;0;103250;103250
2018-07-09T17:45;2018-07-09T18:00;72;kWh;0;74059;0;0;75309;75309
2018-07-09T18:00;2018-07-09T18:15;73;kWh;-3004;16378;0;0;19382;13374
2018-07-09T18:15;2018-07-09T18:30;74;kWh;-17879;125;0;0;18004;-17754
2018-07-09T18:30;2018-07-09T18:45;75;kWh;-2175;29;0;0;2204;-2146
2018-07-09T18:45;2018-07-09T19:00;76;kWh;0;141;0;0;141;141
2018-07-09T19:00;2018-07-09T19:15;77;kWh;0;13092;0;0;13092;13092
2018-07-09T19:15;2018-07-09T19:30;78;kWh;0;6529;0;0;6529;6529
2018-07-09T19:30;2018-07-09T19:45;79;kWh;0;2158;0;0;2158;2158
2018-07-09T19:45;2018-07-09T20:00;80;kWh;0;308;0;0;308;308
2018-07-09T20:00;2018-07-09T20:15;81;kWh;-190;0;0;0;190;-190
2018-07-09T20:15;2018-07-09T20:30;82;kWh;-1409;0;0;0;1409;-1409
2018-07-09T20:30;2018-07-09T20:45;83;kWh;-43;4156;0;0;4199;4113
2018-07-09T20:45;2018-07-09T21:00;84;kWh;-2930;472;0;0;3402;-2458
2018-07-09T21:00;2018-07-09T21:15;85;kWh;-3658;0;0;0;3658;-3658
2018-07-09T21:15;2018-07-09T21:30;86;kWh;0;0;0;0;0;0
2018-07-09T21:30;2018-07-09T21:45;87;kWh;0;0;0;0;0;0
2018-07-09T21:45;2018-07-09T22:00;88;kWh;-1480;0;0;0;1480;-1480
2018-07-09T22:00;2018-07-09T22:15;89;kWh;-15268;0;0;0;15268;-15268
2018-07-09T22:15;2018-07-09T22:30;90;kWh;-20714;0;0;0;20714;-20714
2018-07-09T22:30;2018-07-09T22:45;91;kWh;-30662;0;0;0;30662;-30662
2018-07-09T22:45;2018-07-09T23:00;92;kWh;-68469;0;0;0;68469;-68469
2018-07-09T23:00;2018-07-09T23:15;93;kWh;-38139;0;0;0;38139;-38139
2018-07-09T23:15;2018-07-09T23:30;94;kWh;-25089;0;0;0;25089;-25089
2018-07-09T23:30;2018-07-09T23:45;95;kWh;-77906;0;0;0;77906;-77906
2018-07-09T23:45;2018-07-10T00:00;96;kWh;-76574;0;0;0;76574;-76574
2018-07-10T00:00;2018-07-10T00:15;1;kWh;-32880;3640;0;0;36520;-29240
2018-07-10T00:15;2018-07-10T00:30;2;kWh;-970;614;0;0;1584;-356
2018-07-10T00:30;2018-07-10T00:45;3;kWh;-15461;0;0;0;15461;-15461
2018-07-10T00:45;2018-07-10T01:00;4;kWh;-16325;0;0;0;16325;-16325
2018-07-10T01:00;2018-07-10T01:15;5;kWh;-7234;1222;0;0;8456;-6012
2018-07-10T01:15;2018-07-10T01:30;6;kWh;0;3199;0;0;3199;3199
2018-07-10T01:30;2018-07-10T01:45;7;kWh;-933;0;0;0;933;-933
2018-07-10T01:45;2018-07-10T02:00;8;kWh;-11862;0;0;0;11862;-11862
2018-07-10T02:00;2018-07-10T02:15;9;kWh;-1758;4695;0;0;6453;2937
2018-07-10T02:15;2018-07-10T02:30;10;kWh;0;1230;0;0;1230;1230
2018-07-10T02:30;2018-07-10T02:45;11;kWh;0;0;0;0;0;0
2018-07-10T02:45;2018-07-10T03:00;12;kWh;-5255;0;0;0;5255;-5255
2018-07-10T03:00;2018-07-10T03:15;13;kWh;-4542;4729;0;0;9271;187
2018-07-10T03:15;2018-07-10T03:30;14;kWh;0;18074;0;0;18074;18074
2018-07-10T03:30;2018-07-10T03:45;15;kWh;0;840;0;0;840;840
2018-07-10T03:45;2018-07-10T04:00;16;kWh;-235;0;0;0;235;-235
2018-07-10T04:00;2018-07-10T04:15;17;kWh;-16020;0;0;0;16020;-16020
2018-07-10T04:15;2018-07-10T04:30;18;kWh;-30334;0;0;0;30334;-30334
2018-07-10T04:30;2018-07-10T04:45;19;kWh;-55658;0;0;0;55658;-55658
2018-07-10T04:45;2018-07-10T05:00;20;kWh;-29013;0;0;0;29013;-29013
2018-07-10T05:00;2018-07-10T05:15;21;kWh;-16446;0;0;0;16446;-16446
2018-07-10T05:15;2018-07-10T05:30;22;kWh;-3324;0;0;0;3324;-3324
2018-07-10T05:30;2018-07-10T05:45;23;kWh;-1847;0;0;0;1847;-1847
2018-07-10T05:45;2018-07-10T06:00;24;kWh;-2028;0;0;0;2028;-2028
2018-07-10T06:00;2018-07-10T06:15;25;kWh;-487;0;0;0;487;-487
2018-07-10T06:15;2018-07-10T06:30;26;kWh;-1732;0;0;0;1732;-1732
2018-07-10T06:30;2018-07-10T06:45;27;kWh;0;0;0;0;0;0
2018-07-10T06:45;2018-07-10T07:00;28;kWh;0;0;0;0;0;0
2018-07-10T07:00;2018-07-10T07:15;29;kWh;-13172;0;0;0;13172;-13172
2018-07-10T07:15;2018-07-10T07:30;30;kWh;-15547;0;0;0;15547;-15547
2018-07-10T07:30;2018-07-10T07:45;31;kWh;-3656;979;0;0;4635;-2677
2018-07-10T07:45;2018-07-10T08:00;32;kWh;0;16683;0;0;16683;16683
2018-07-10T08:00;2018-07-10T08:15;33;kWh;-226;6982;0;0;7208;6756
2018-07-10T08:15;2018-07-10T08:30;34;kWh;-1860;0;0;0;1860;-1860
2018-07-10T08:30;2018-07-10T08:45;35;kWh;-1596;0;0;0;1596;-1596
2018-07-10T08:45;2018-07-10T09:00;36;kWh;0;0;0;0;0;0
2018-07-10T09:00;2018-07-10T09:15;37;kWh;0;0;0;0;0;0
2018-07-10T09:15;2018-07-10T09:30;38;kWh;0;187;0;0;187;187
2018-07-10T09:30;2018-07-10T09:45;39;kWh;0;0;0;0;0;0
2018-07-10T09:45;2018-07-10T10:00;40;kWh;0;1435;0;0;1435;1435
2018-07-10T10:00;2018-07-10T10:15;41;kWh;0;33055;0;0;33055;33055
2018-07-10T10:15;2018-07-10T10:30;42;kWh;0;35457;0;0;35457;35457
2018-07-10T10:30;2018-07-10T10:45;43;kWh;0;2412;0;0;2412;2412
2018-07-10T10:45;2018-07-10T11:00;44;kWh;0;0;0;0;0;0
2018-07-10T11:00;2018-07-10T11:15;45;kWh;0;381;0;0;381;381
2018-07-10T11:15;2018-07-10T11:30;46;kWh;0;18386;0;0;18386;18386
2018-07-10T11:30;2018-07-10T11:45;47;kWh;0;22453;0;0;22453;22453
2018-07-10T11:45;2018-07-10T12:00;48;kWh;0;529;0;0;529;529
2018-07-10T12:00;2018-07-10T12:15;49;kWh;0;8767;0;0;8767;8767
2018-07-10T12:15;2018-07-10T12:30;50;kWh;0;7380;0;0;7380;7380
2018-07-10T12:30;2018-07-10T12:45;51;kWh;0;24481;0;0;24481;24481
2018-07-10T12:45;2018-07-10T13:00;52;kWh;0;16913;0;0;16913;16913
2018-07-10T13:00;2018-07-10T13:15;53;kWh;0;28234;0;0;28234;28234
2018-07-10T13:15;2018-07-10T13:30;54;kWh;0;56577;0;0;56577;56577
2018-07-10T13:30;2018-07-10T13:45;55;kWh;-436;13785;0;0;14221;13349
2018-07-10T13:45;2018-07-10T14:00;56;kWh;-3879;0;0;0;3879;-3879
2018-07-10T14:00;2018-07-10T14:15;57;kWh;-1528;0;0;0;1528;-1528
2018-07-10T14:15;2018-07-10T14:30;58;kWh;0;0;0;0;0;0
2018-07-10T14:30;2018-07-10T14:45;59;kWh;0;0;0;0;0;0
2018-07-10T14:45;2018-07-10T15:00;60;kWh;-735;0;0;0;735;-735
2018-07-10T15:00;2018-07-10T15:15;61;kWh;-11534;0;0;0;11534;-11534
2018-07-10T15:15;2018-07-10T15:30;62;kWh;-31959;0;0;0;31959;-31959
2018-07-10T15:30;2018-07-10T15:45;63;kWh;-25701;0;0;0;25701;-25701
2018-07-10T15:45;2018-07-10T16:00;64;kWh;-11850;0;0;0;11850;-11850
2018-07-10T16:00;2018-07-10T16:15;65;kWh;-15920;0;0;0;15920;-15920
2018-07-10T16:15;2018-07-10T16:30;66;kWh;-34463;0;0;0;34463;-34463
2018-07-10T16:30;2018-07-10T16:45;67;kWh;-27136;0;0;0;27136;-27136
2018-07-10T16:45;2018-07-10T17:00;68;kWh;-13909;0;0;0;13909;-13909
2018-07-10T17:00;2018-07-10T17:15;69;kWh;-41544;0;0;0;41544;-41544
2018-07-10T17:15;2018-07-10T17:30;70;kWh;-39160;0;0;0;39160;-39160
2018-07-10T17:30;2018-07-10T17:45;71;kWh;-4944;0;0;0;4944;-4944
2018-07-10T17:45;2018-07-10T18:00;72;kWh;0;15;0;0;15;15
2018-07-10T18:00;2018-07-10T18:15;73;kWh;-794;0;0;0;794;-794
2018-07-10T18:15;2018-07-10T18:30;74;kWh;-5789;0;0;0;5789;-5789
2018-07-10T18:30;2018-07-10T18:45;75;kWh;-2118;0;0;0;2118;-2118
2018-07-10T18:45;2018-07-10T19:00;76;kWh;-1181;0;0;0;1181;-1181
2018-07-10T19:00;2018-07-10T19:15;77;kWh;-14786;0;0;0;14786;-14786
2018-07-10T19:15;2018-07-10T19:30;78;kWh;-14241;0;0;0;14241;-14241
2018-07-10T19:30;2018-07-10T19:45;79;kWh;-483;1681;0;0;2164;1198
2018-07-10T19:45;2018-07-10T20:00;80;kWh;0;18;0;0;18;18
2018-07-10T20:00;2018-07-10T20:15;81;kWh;0;924;0;0;924;924
2018-07-10T20:15;2018-07-10T20:30;82;kWh;-1576;0;0;0;1576;-1576
2018-07-10T20:30;2018-07-10T20:45;83;kWh;-23095;0;0;0;23095;-23095
2018-07-10T20:45;2018-07-10T21:00;84;kWh;-18286;251;0;0;18537;-18035
2018-07-10T21:00;2018-07-10T21:15;85;kWh;-557;5093;0;0;5650;4536
2018-07-10T21:15;2018-07-10T21:30;86;kWh;0;6579;0;0;6579;6579
2018-07-10T21:30;2018-07-10T21:45;87;kWh;0;242;0;0;242;242
2018-07-10T21:45;2018-07-10T22:00;88;kWh;0;0;0;0;0;0
2018-07-10T22:00;2018-07-10T22:15;89;kWh;0;196;0;0;196;196
2018-07-10T22:15;2018-07-10T22:30;90;kWh;0;32441;0;0;32441;32441
2018-07-10T22:30;2018-07-10T22:45;91;kWh;0;91466;0;0;95216;95216
2018-07-10T22:45;2018-07-10T23:00;92;kWh;-862;33062;0;0;37674;35950
2018-07-10T23:00;2018-07-10T23:15;93;kWh;-6225;223;0;0;6448;-6002
2018-07-10T23:15;2018-07-10T23:30;94;kWh;-1407;1580;0;0;2987;173
2018-07-10T23:30;2018-07-10T23:45;95;kWh;-8382;0;0;0;8382;-8382
2018-07-10T23:45;2018-07-11T00:00;96;kWh;-8727;0;0;0;8727;-8727
2018-07-11T00:00;2018-07-11T00:15;1;kWh;-17000;1876;0;0;18876;-15124
2018-07-11T00:15;2018-07-11T00:30;2;kWh;-36;23997;0;0;24033;23961
2018-07-11T00:30;2018-07-11T00:45;3;kWh;-492;348;0;0;840;-144
2018-07-11T00:45;2018-07-11T01:00;4;kWh;-330;0;0;0;330;-330
2018-07-11T01:00;2018-07-11T01:15;5;kWh;0;12889;0;0;12889;12889
2018-07-11T01:15;2018-07-11T01:30;6;kWh;0;10450;0;0;10450;10450
2018-07-11T01:30;2018-07-11T01:45;7;kWh;0;0;0;0;0;0
2018-07-11T01:45;2018-07-11T02:00;8;kWh;-1859;0;0;0;1859;-1859
2018-07-11T02:00;2018-07-11T02:15;9;kWh;-955;8577;0;0;9532;7622
2018-07-11T02:15;2018-07-11T02:30;10;kWh;0;20853;0;0;20853;20853
2018-07-11T02:30;2018-07-11T02:45;11;kWh;0;14069;0;0;14069;14069
2018-07-11T02:45;2018-07-11T03:00;12;kWh;0;7141;0;0;7141;7141
2018-07-11T03:00;2018-07-11T03:15;13;kWh;0;6171;0;0;6171;6171
2018-07-11T03:15;2018-07-11T03:30;14;kWh;0;5957;0;0;5957;5957
2018-07-11T03:30;2018-07-11T03:45;15;kWh;0;1573;0;0;1573;1573
2018-07-11T03:45;2018-07-11T04:00;16;kWh;0;1149;0;0;1149;1149
2018-07-11T04:00;2018-07-11T04:15;17;kWh;0;470;0;0;470;470
2018-07-11T04:15;2018-07-11T04:30;18;kWh;0;0;0;0;0;0
2018-07-11T04:30;2018-07-11T04:45;19;kWh;0;0;0;0;0;0
2018-07-11T04:45;2018-07-11T05:00;20;kWh;0;287;0;0;287;287
2018-07-11T05:00;2018-07-11T05:15;21;kWh;0;676;0;0;676;676
2018-07-11T05:15;2018-07-11T05:30;22;kWh;0;1915;0;0;1915;1915
2018-07-11T05:30;2018-07-11T05:45;23;kWh;0;3152;0;0;3152;3152
2018-07-11T05:45;2018-07-11T06:00;24;kWh;0;198;0;0;198;198
2018-07-11T06:00;2018-07-11T06:15;25;kWh;0;129;0;0;129;129
2018-07-11T06:15;2018-07-11T06:30;26;kWh;-755;0;0;0;755;-755
2018-07-11T06:30;2018-07-11T06:45;27;kWh;0;1127;0;0;1127;1127
2018-07-11T06:45;2018-07-11T07:00;28;kWh;0;26138;0;0;26138;26138
2018-07-11T07:00;2018-07-11T07:15;29;kWh;-1117;18813;0;0;19930;17696
2018-07-11T07:15;2018-07-11T07:30;30;kWh;-2204;173;0;0;2377;-2031
2018-07-11T07:30;2018-07-11T07:45;31;kWh;-53;2825;0;0;2878;2772
2018-07-11T07:45;2018-07-11T08:00;32;kWh;0;54813;0;0;54813;54813
2018-07-11T08:00;2018-07-11T08:15;33;kWh;-1875;27670;0;0;29545;25795
2018-07-11T08:15;2018-07-11T08:30;34;kWh;-459;22;0;0;481;-437
2018-07-11T08:30;2018-07-11T08:45;35;kWh;-641;0;0;0;641;-641
2018-07-11T08:45;2018-07-11T09:00;36;kWh;-2190;0;0;0;2190;-2190
2018-07-11T09:00;2018-07-11T09:15;37;kWh;-30784;0;0;0;30784;-30784
2018-07-11T09:15;2018-07-11T09:30;38;kWh;-16450;0;0;0;16450;-16450
2018-07-11T09:30;2018-07-11T09:45;39;kWh;-1950;0;0;0;1950;-1950
2018-07-11T09:45;2018-07-11T10:00;40;kWh;-2954;0;0;0;2954;-2954
2018-07-11T10:00;2018-07-11T10:15;41;kWh;-35;11064;0;0;11099;11029
2018-07-11T10:15;2018-07-11T10:30;42;kWh;0;5388;0;0;5388;5388
2018-07-11T10:30;2018-07-11T10:45;43;kWh;0;7158;0;0;7158;7158
2018-07-11T10:45;2018-07-11T11:00;44;kWh;0;7406;0;0;7406;7406
2018-07-11T11:00;2018-07-11T11:15;45;kWh;0;865;0;0;865;865
2018-07-11T11:15;2018-07-11T11:30;46;kWh;0;21296;0;0;21296;21296
2018-07-11T11:30;2018-07-11T11:45;47;kWh;0;21190;0;0;21190;21190
2018-07-11T11:45;2018-07-11T12:00;48;kWh;0;9554;0;0;9554;9554
2018-07-11T12:00;2018-07-11T12:15;49;kWh;0;20219;0;0;20219;20219
2018-07-11T12:15;2018-07-11T12:30;50;kWh;0;7484;0;0;7484;7484
2018-07-11T12:30;2018-07-11T12:45;51;kWh;0;21193;0;0;21193;21193
2018-07-11T12:45;2018-07-11T13:00;52;kWh;0;25339;0;0;25339;25339
2018-07-11T13:00;2018-07-11T13:15;53;kWh;0;28381;0;0;28381;28381
2018-07-11T13:15;2018-07-11T13:30;54;kWh;0;59376;0;0;59376;59376
2018-07-11T13:30;2018-07-11T13:45;55;kWh;0;10332;0;0;10332;10332
2018-07-11T13:45;2018-07-11T14:00;56;kWh;0;0;0;0;0;0
2018-07-11T14:00;2018-07-11T14:15;57;kWh;-4;498;0;0;502;494
2018-07-11T14:15;2018-07-11T14:30;58;kWh;0;1138;0;0;1138;1138
2018-07-11T14:30;2018-07-11T14:45;59;kWh;-5;0;0;0;5;-5
2018-07-11T14:45;2018-07-11T15:00;60;kWh;-2096;0;0;0;2096;-2096
2018-07-11T15:00;2018-07-11T15:15;61;kWh;-2071;0;0;0;2071;-2071
2018-07-11T15:15;2018-07-11T15:30;62;kWh;0;0;0;0;0;0
2018-07-11T15:30;2018-07-11T15:45;63;kWh;0;0;0;0;0;0
2018-07-11T15:45;2018-07-11T16:00;64;kWh;-2230;0;0;0;2230;-2230
2018-07-11T16:00;2018-07-11T16:15;65;kWh;-35250;0;0;0;35250;-35250
2018-07-11T16:15;2018-07-11T16:30;66;kWh;-44849;0;0;0;44849;-44849
2018-07-11T16:30;2018-07-11T16:45;67;kWh;-44843;0;0;0;44843;-44843
2018-07-11T16:45;2018-07-11T17:00;68;kWh;-38540;0;0;0;38540;-38540
2018-07-11T17:00;2018-07-11T17:15;69;kWh;-55003;0;0;0;55003;-55003
2018-07-11T17:15;2018-07-11T17:30;70;kWh;-53690;0;0;0;53690;-53690
2018-07-11T17:30;2018-07-11T17:45;71;kWh;-3717;0;0;0;3717;-3717
2018-07-11T17:45;2018-07-11T18:00;72;kWh;0;0;0;0;0;0
2018-07-11T18:00;2018-07-11T18:15;73;kWh;0;3;0;0;3;3
2018-07-11T18:15;2018-07-11T18:30;74;kWh;-1393;0;0;0;1393;-1393
2018-07-11T18:30;2018-07-11T18:45;75;kWh;-8684;0;0;0;8684;-8684
2018-07-11T18:45;2018-07-11T19:00;76;kWh;-774;0;0;0;774;-774
2018-07-11T19:00;2018-07-11T19:15;77;kWh;0;332;0;0;332;332
2018-07-11T19:15;2018-07-11T19:30;78;kWh;0;1838;0;0;1838;1838
2018-07-11T19:30;2018-07-11T19:45;79;kWh;0;5600;0;0;5600;5600
2018-07-11T19:45;2018-07-11T20:00;80;kWh;0;19883;0;0;19883;19883
2018-07-11T20:00;2018-07-11T20:15;81;kWh;-532;6437;0;0;6969;5905
2018-07-11T20:15;2018-07-11T20:30;82;kWh;-853;0;0;0;853;-853
2018-07-11T20:30;2018-07-11T20:45;83;kWh;-639;0;0;0;639;-639
2018-07-11T20:45;2018-07-11T21:00;84;kWh;-209;0;0;0;209;-209
2018-07-11T21:00;2018-07-11T21:15;85;kWh;0;3063;0;0;3063;3063
2018-07-11T21:15;2018-07-11T21:30;86;kWh;0;490;0;0;490;490
2018-07-11T21:30;2018-07-11T21:45;87;kWh;-5;0;0;0;5;-5
2018-07-11T21:45;2018-07-11T22:00;88;kWh;-4690;0;0;0;4690;-4690
2018-07-11T22:00;2018-07-11T22:15;89;kWh;-376;0;0;0;376;-376
2018-07-11T22:15;2018-07-11T22:30;90;kWh;0;0;0;0;0;0
2018-07-11T22:30;2018-07-11T22:45;91;kWh;0;675;0;0;675;675
2018-07-11T22:45;2018-07-11T23:00;92;kWh;0;10501;0;0;10501;10501
2018-07-11T23:00;2018-07-11T23:15;93;kWh;0;14386;0;0;14386;14386
2018-07-11T23:15;2018-07-11T23:30;94;kWh;0;28798;0;0;28798;28798
2018-07-11T23:30;2018-07-11T23:45;95;kWh;-12;5667;0;0;5679;5655
2018-07-11T23:45;2018-07-12T00:00;96;kWh;-9275;0;0;0;9275;-9275
2018-07-12T00:00;2018-07-12T00:15;1;kWh;-5675;15301;0;0;20976;9626
2018-07-12T00:15;2018-07-12T00:30;2;kWh;0;58062;0;0;58062;58062
2018-07-12T00:30;2018-07-12T00:45;3;kWh;0;5774;0;0;5774;5774
2018-07-12T00:45;2018-07-12T01:00;4;kWh;-8;0;0;0;8;-8
2018-07-12T01:00;2018-07-12T01:15;5;kWh;0;3050;0;0;3050;3050
2018-07-12T01:15;2018-07-12T01:30;6;kWh;0;1815;0;0;1815;1815
2018-07-12T01:30;2018-07-12T01:45;7;kWh;0;47;0;0;47;47
2018-07-12T01:45;2018-07-12T02:00;8;kWh;-5302;0;0;0;5302;-5302
2018-07-12T02:00;2018-07-12T02:15;9;kWh;-4358;0;0;0;4358;-4358
2018-07-12T02:15;2018-07-12T02:30;10;kWh;0;0;0;0;0;0
2018-07-12T02:30;2018-07-12T02:45;11;kWh;0;0;0;0;0;0
2018-07-12T02:45;2018-07-12T03:00;12;kWh;-5582;0;0;0;5582;-5582
2018-07-12T03:00;2018-07-12T03:15;13;kWh;-9091;0;0;0;9091;-9091
2018-07-12T03:15;2018-07-12T03:30;14;kWh;0;0;0;0;0;0
2018-07-12T03:30;2018-07-12T03:45;15;kWh;-545;0;0;0;545;-545
2018-07-12T03:45;2018-07-12T04:00;16;kWh;-38;0;0;0;38;-38
2018-07-12T04:00;2018-07-12T04:15;17;kWh;0;0;0;0;0;0
2018-07-12T04:15;2018-07-12T04:30;18;kWh;0;0;0;0;0;0
2018-07-12T04:30;2018-07-12T04:45;19;kWh;0;0;0;0;0;0
2018-07-12T04:45;2018-07-12T05:00;20;kWh;0;0;0;0;0;0
2018-07-12T05:00;2018-07-12T05:15;21;kWh;0;3237;0;0;3237;3237
2018-07-12T05:15;2018-07-12T05:30;22;kWh;0;401;0;0;401;401
2018-07-12T05:30;2018-07-12T05:45;23;kWh;0;0;0;0;0;0
2018-07-12T05:45;2018-07-12T06:00;24;kWh;0;1;0;0;1;1
2018-07-12T06:00;2018-07-12T06:15;25;kWh;-28623;0;0;0;28623;-28623
2018-07-12T06:15;2018-07-12T06:30;26;kWh;-43312;0;0;0;43312;-43312
2018-07-12T06:30;2018-07-12T06:45;27;kWh;-15259;0;0;0;15259;-15259
2018-07-12T06:45;2018-07-12T07:00;28;kWh;-1;0;0;0;1;-1
2018-07-12T07:00;2018-07-12T07:15;29;kWh;-396;34;0;0;430;-362
2018-07-12T07:15;2018-07-12T07:30;30;kWh;-3838;0;0;0;3838;-3838
2018-07-12T07:30;2018-07-12T07:45;31;kWh;-312;0;0;0;312;-312
2018-07-12T07:45;2018-07-12T08:00;32;kWh;0;6351;0;0;6351;6351
2018-07-12T08:00;2018-07-12T08:15;33;kWh;0;2298;0;0;2298;2298
2018-07-12T08:15;2018-07-12T08:30;34;kWh;0;10391;0;0;10391;10391
2018-07-12T08:30;2018-07-12T08:45;35;kWh;0;9976;0;0;9976;9976
2018-07-12T08:45;2018-07-12T09:00;36;kWh;0;78;0;0;78;78
2018-07-12T09:00;2018-07-12T09:15;37;kWh;0;14480;0;0;14480;14480
2018-07-12T09:15;2018-07-12T09:30;38;kWh;0;32776;0;0;32776;32776
2018-07-12T09:30;2018-07-12T09:45;39;kWh;0;19305;0;0;19305;19305
2018-07-12T09:45;2018-07-12T10:00;40;kWh;0;10503;0;0;10503;10503
2018-07-12T10:00;2018-07-12T10:15;41;kWh;0;30183;0;0;30183;30183
2018-07-12T10:15;2018-07-12T10:30;42;kWh;0;21682;0;0;21682;21682
2018-07-12T10:30;2018-07-12T10:45;43;kWh;0;18926;0;0;18926;18926
2018-07-12T10:45;2018-07-12T11:00;44;kWh;0;6343;0;0;6343;6343
2018-07-12T11:00;2018-07-12T11:15;45;kWh;0;33210;0;0;33210;33210
2018-07-12T11:15;2018-07-12T11:30;46;kWh;0;39264;0;0;39264;39264
2018-07-12T11:30;2018-07-12T11:45;47;kWh;0;3907;0;0;3907;3907
2018-07-12T11:45;2018-07-12T12:00;48;kWh;0;1076;0;0;1076;1076
2018-07-12T12:00;2018-07-12T12:15;49;kWh;0;4902;0;0;4902;4902
2018-07-12T12:15;2018-07-12T12:30;50;kWh;0;0;0;0;0;0
2018-07-12T12:30;2018-07-12T12:45;51;kWh;0;7083;0;0;7083;7083
2018-07-12T12:45;2018-07-12T13:00;52;kWh;0;3234;0;0;3234;3234
2018-07-12T13:00;2018-07-12T13:15;53;kWh;0;6202;0;0;6202;6202
2018-07-12T13:15;2018-07-12T13:30;54;kWh;0;28067;0;0;28067;28067
2018-07-12T13:30;2018-07-12T13:45;55;kWh;0;6207;0;0;6207;6207
2018-07-12T13:45;2018-07-12T14:00;56;kWh;0;399;0;0;399;399
2018-07-12T14:00;2018-07-12T14:15;57;kWh;0;2917;0;0;2917;2917
2018-07-12T14:15;2018-07-12T14:30;58;kWh;0;21190;0;0;21190;21190
2018-07-12T14:30;2018-07-12T14:45;59;kWh;0;4783;0;0;4783;4783
2018-07-12T14:45;2018-07-12T15:00;60;kWh;0;0;0;0;0;0
2018-07-12T15:00;2018-07-12T15:15;61;kWh;-46;169;0;0;215;123
2018-07-12T15:15;2018-07-12T15:30;62;kWh;0;2091;0;0;2091;2091
2018-07-12T15:30;2018-07-12T15:45;63;kWh;0;1522;0;0;1522;1522
2018-07-12T15:45;2018-07-12T16:00;64;kWh;0;1112;0;0;1112;1112
2018-07-12T16:00;2018-07-12T16:15;65;kWh;0;0;0;0;0;0
2018-07-12T16:15;2018-07-12T16:30;66;kWh;0;0;0;0;0;0
2018-07-12T16:30;2018-07-12T16:45;67;kWh;-214;0;0;0;214;-214
2018-07-12T16:45;2018-07-12T17:00;68;kWh;0;0;0;0;0;0
2018-07-12T17:00;2018-07-12T17:15;69;kWh;0;0;0;0;0;0
2018-07-12T17:15;2018-07-12T17:30;70;kWh;0;2590;0;0;2590;2590
2018-07-12T17:30;2018-07-12T17:45;71;kWh;0;6784;0;0;6784;6784
2018-07-12T17:45;2018-07-12T18:00;72;kWh;0;10624;0;0;10624;10624
2018-07-12T18:00;2018-07-12T18:15;73;kWh;0;45680;0;0;45680;45680
2018-07-12T18:15;2018-07-12T18:30;74;kWh;0;37221;0;0;37221;37221
2018-07-12T18:30;2018-07-12T18:45;75;kWh;0;26997;0;0;26997;26997
2018-07-12T18:45;2018-07-12T19:00;76;kWh;0;23125;0;0;23125;23125
2018-07-12T19:00;2018-07-12T19:15;77;kWh;-22;12777;0;0;12799;12755
2018-07-12T19:15;2018-07-12T19:30;78;kWh;-708;22;0;0;730;-686
2018-07-12T19:30;2018-07-12T19:45;79;kWh;-1584;0;0;0;1584;-1584
2018-07-12T19:45;2018-07-12T20:00;80;kWh;-10;1625;0;0;1635;1615
2018-07-12T20:00;2018-07-12T20:15;81;kWh;0;40422;0;0;40422;40422
2018-07-12T20:15;2018-07-12T20:30;82;kWh;0;92928;0;0;92928;92928
2018-07-12T20:30;2018-07-12T20:45;83;kWh;0;35456;0;0;35456;35456
2018-07-12T20:45;2018-07-12T21:00;84;kWh;0;15413;0;0;15413;15413
2018-07-12T21:00;2018-07-12T21:15;85;kWh;0;32791;0;0;32791;32791
2018-07-12T21:15;2018-07-12T21:30;86;kWh;0;47298;0;0;47298;47298
2018-07-12T21:30;2018-07-12T21:45;87;kWh;0;31462;0;0;31462;31462
2018-07-12T21:45;2018-07-12T22:00;88;kWh;0;12597;0;0;12597;12597
2018-07-12T22:00;2018-07-12T22:15;89;kWh;0;2637;0;0;2637;2637
2018-07-12T22:15;2018-07-12T22:30;90;kWh;0;0;0;0;0;0
2018-07-12T22:30;2018-07-12T22:45;91;kWh;0;19890;0;0;19890;19890
2018-07-12T22:45;2018-07-12T23:00;92;kWh;0;30790;0;0;30790;30790
2018-07-12T23:00;2018-07-12T23:15;93;kWh;0;12731;0;0;12731;12731
2018-07-12T23:15;2018-07-12T23:30;94;kWh;-23;16772;0;0;16795;16749
2018-07-12T23:30;2018-07-12T23:45;95;kWh;-423;677;0;0;1100;254
2018-07-12T23:45;2018-07-13T00:00;96;kWh;-15478;0;0;0;15478;-15478
2018-07-13T00:00;2018-07-13T00:15;1;kWh;-18649;5507;0;0;24156;-13142
2018-07-13T00:15;2018-07-13T00:30;2;kWh;0;53714;0;0;53714;53714
2018-07-13T00:30;2018-07-13T00:45;3;kWh;0;47796;0;0;47796;47796
2018-07-13T00:45;2018-07-13T01:00;4;kWh;0;15501;0;0;15501;15501
2018-07-13T01:00;2018-07-13T01:15;5;kWh;0;4146;0;0;4146;4146
2018-07-13T01:15;2018-07-13T01:30;6;kWh;0;20559;0;0;20559;20559
2018-07-13T01:30;2018-07-13T01:45;7;kWh;0;54685;0;0;54685;54685
2018-07-13T01:45;2018-07-13T02:00;8;kWh;0;98256;0;0;107006;107006
2018-07-13T02:00;2018-07-13T02:15;9;kWh;-1546;15066;0;0;16612;13520
2018-07-13T02:15;2018-07-13T02:30;10;kWh;0;33235;0;0;33235;33235
2018-07-13T02:30;2018-07-13T02:45;11;kWh;0;46664;0;0;46664;46664
2018-07-13T02:45;2018-07-13T03:00;12;kWh;0;29790;0;0;29790;29790
2018-07-13T03:00;2018-07-13T03:15;13;kWh;0;4663;0;0;4663;4663
2018-07-13T03:15;2018-07-13T03:30;14;kWh;0;19599;0;0;19599;19599
2018-07-13T03:30;2018-07-13T03:45;15;kWh;0;2059;0;0;2059;2059
2018-07-13T03:45;2018-07-13T04:00;16;kWh;0;308;0;0;308;308
2018-07-13T04:00;2018-07-13T04:15;17;kWh;0;166;0;0;166;166
2018-07-13T04:15;2018-07-13T04:30;18;kWh;0;97;0;0;97;97
2018-07-13T04:30;2018-07-13T04:45;19;kWh;0;990;0;0;990;990
2018-07-13T04:45;2018-07-13T05:00;20;kWh;0;6084;0;0;6084;6084
2018-07-13T05:00;2018-07-13T05:15;21;kWh;0;18805;0;0;18805;18805
2018-07-13T05:15;2018-07-13T05:30;22;kWh;0;24725;0;0;24725;24725
2018-07-13T05:30;2018-07-13T05:45;23;kWh;0;12445;0;0;12445;12445
2018-07-13T05:45;2018-07-13T06:00;24;kWh;0;3683;0;0;3683;3683
2018-07-13T06:00;2018-07-13T06:15;25;kWh;0;592;0;0;592;592
2018-07-13T06:15;2018-07-13T06:30;26;kWh;-6827;0;0;0;6827;-6827
2018-07-13T06:30;2018-07-13T06:45;27;kWh;-19139;0;0;0;19139;-19139
2018-07-13T06:45;2018-07-13T07:00;28;kWh;-2784;232;0;0;3016;-2552
2018-07-13T07:00;2018-07-13T07:15;29;kWh;0;0;0;0;0;0
2018-07-13T07:15;2018-07-13T07:30;30;kWh;0;0;0;0;0;0
2018-07-13T07:30;2018-07-13T07:45;31;kWh;0;4027;0;0;4027;4027
2018-07-13T07:45;2018-07-13T08:00;32;kWh;0;39976;0;0;39976;39976
2018-07-13T08:00;2018-07-13T08:15;33;kWh;0;21959;0;0;21959;21959
2018-07-13T08:15;2018-07-13T08:30;34;kWh;0;500;0;0;500;500
2018-07-13T08:30;2018-07-13T08:45;35;kWh;0;2238;0;0;2238;2238
2018-07-13T08:45;2018-07-13T09:00;36;kWh;0;44862;0;0;44862;44862
2018-07-13T09:00;2018-07-13T09:15;37;kWh;0;32044;0;0;32044;32044
2018-07-13T09:15;2018-07-13T09:30;38;kWh;0;32371;0;0;32371;32371
2018-07-13T09:30;2018-07-13T09:45;39;kWh;0;23632;0;0;23632;23632
2018-07-13T09:45;2018-07-13T10:00;40;kWh;0;923;0;0;923;923
2018-07-13T10:00;2018-07-13T10:15;41;kWh;0;7757;0;0;7757;7757
2018-07-13T10:15;2018-07-13T10:30;42;kWh;0;4847;0;0;4847;4847
2018-07-13T10:30;2018-07-13T10:45;43;kWh;0;6949;0;0;6949;6949
2018-07-13T10:45;2018-07-13T11:00;44;kWh;0;472;0;0;472;472
2018-07-13T11:00;2018-07-13T11:15;45;kWh;0;11634;0;0;11634;11634
2018-07-13T11:15;2018-07-13T11:30;46;kWh;0;28216;0;0;28216;28216
2018-07-13T11:30;2018-07-13T11:45;47;kWh;0;21823;0;0;21823;21823
2018-07-13T11:45;2018-07-13T12:00;48;kWh;0;11267;0;0;11267;11267
2018-07-13T12:00;2018-07-13T12:15;49;kWh;0;15428;0;0;15428;15428
2018-07-13T12:15;2018-07-13T12:30;50;kWh;0;14242;0;0;14242;14242
2018-07-13T12:30;2018-07-13T12:45;51;kWh;-131;488;0;0;619;357
2018-07-13T12:45;2018-07-13T13:00;52;kWh;0;0;0;0;0;0
2018-07-13T13:00;2018-07-13T13:15;53;kWh;0;0;0;0;0;0
2018-07-13T13:15;2018-07-13T13:30;54;kWh;0;2;0;0;2;2
2018-07-13T13:30;2018-07-13T13:45;55;kWh;0;819;0;0;819;819
2018-07-13T13:45;2018-07-13T14:00;56;kWh;0;0;0;0;0;0
2018-07-13T14:00;2018-07-13T14:15;57;kWh;0;55;0;0;55;55
2018-07-13T14:15;2018-07-13T14:30;58;kWh;0;2277;0;0;2277;2277
2018-07-13T14:30;2018-07-13T14:45;59;kWh;0;805;0;0;805;805
2018-07-13T14:45;2018-07-13T15:00;60;kWh;0;153;0;0;153;153
2018-07-13T15:00;2018-07-13T15:15;61;kWh;0;0;0;0;0;0
2018-07-13T15:15;2018-07-13T15:30;62;kWh;0;0;0;0;0;0
2018-07-13T15:30;2018-07-13T15:45;63;kWh;0;2846;0;0;2846;2846
2018-07-13T15:45;2018-07-13T16:00;64;kWh;0;1673;0;0;1673;1673
2018-07-13T16:00;2018-07-13T16:15;65;kWh;0;4701;0;0;4701;4701
2018-07-13T16:15;2018-07-13T16:30;66;kWh;0;12013;0;0;12013;12013
2018-07-13T16:30;2018-07-13T16:45;67;kWh;0;2601;0;0;2601;2601
2018-07-13T16:45;2018-07-13T17:00;68;kWh;0;3719;0;0;3719;3719
2018-07-13T17:00;2018-07-13T17:15;69;kWh;0;8890;0;0;8890;8890
2018-07-13T17:15;2018-07-13T17:30;70;kWh;0;27075;0;0;27075;27075
2018-07-13T17:30;2018-07-13T17:45;71;kWh;0;31220;0;0;31220;31220
2018-07-13T17:45;2018-07-13T18:00;72;kWh;0;41875;0;0;41875;41875
2018-07-13T18:00;2018-07-13T18:15;73;kWh;0;34783;0;0;34783;34783
2018-07-13T18:15;2018-07-13T18:30;74;kWh;0;4512;0;0;4512;4512
2018-07-13T18:30;2018-07-13T18:45;75;kWh;0;14183;0;0;14183;14183
2018-07-13T18:45;2018-07-13T19:00;76;kWh;0;13800;0;0;13800;13800
2018-07-13T19:00;2018-07-13T19:15;77;kWh;0;3142;0;0;3142;3142
2018-07-13T19:15;2018-07-13T19:30;78;kWh;0;0;0;0;0;0
2018-07-13T19:30;2018-07-13T19:45;79;kWh;0;688;0;0;688;688
2018-07-13T19:45;2018-07-13T20:00;80;kWh;0;1714;0;0;1714;1714
2018-07-13T20:00;2018-07-13T20:15;81;kWh;0;3651;0;0;3651;3651
2018-07-13T20:15;2018-07-13T20:30;82;kWh;0;6328;0;0;6328;6328
2018-07-13T20:30;2018-07-13T20:45;83;kWh;-73;245;0;0;318;172
2018-07-13T20:45;2018-07-13T21:00;84;kWh;-1089;0;0;0;1089;-1089
2018-07-13T21:00;2018-07-13T21:15;85;kWh;-6;407;0;0;413;401
2018-07-13T21:15;2018-07-13T21:30;86;kWh;0;848;0;0;848;848
2018-07-13T21:30;2018-07-13T21:45;87;kWh;0;538;0;0;538;538
2018-07-13T21:45;2018-07-13T22:00;88;kWh;0;765;0;0;765;765
2018-07-13T22:00;2018-07-13T22:15;89;kWh;0;31;0;0;31;31
2018-07-13T22:15;2018-07-13T22:30;90;kWh;0;3822;0;0;3822;3822
2018-07-13T22:30;2018-07-13T22:45;91;kWh;0;674;0;0;674;674
2018-07-13T22:45;2018-07-13T23:00;92;kWh;-1875;0;0;0;1875;-1875
2018-07-13T23:00;2018-07-13T23:15;93;kWh;-712;0;0;0;712;-712
2018-07-13T23:15;2018-07-13T23:30;94;kWh;-18;0;0;0;18;-18
2018-07-13T23:30;2018-07-13T23:45;95;kWh;-2205;0;0;0;2205;-2205
2018-07-13T23:45;2018-07-14T00:00;96;kWh;-2207;0;0;0;2207;-2207
2018-07-14T00:00;2018-07-14T00:15;1;kWh;-639;2279;0;0;2918;1640
2018-07-14T00:15;2018-07-14T00:30;2;kWh;0;9845;0;0;9845;9845
2018-07-14T00:30;2018-07-14T00:45;3;kWh;0;1023;0;0;1023;1023
2018-07-14T00:45;2018-07-14T01:00;4;kWh;0;1998;0;0;1998;1998
2018-07-14T01:00;2018-07-14T01:15;5;kWh;0;7403;0;0;7403;7403
2018-07-14T01:15;2018-07-14T01:30;6;kWh;-56;15864;0;0;15920;15808
2018-07-14T01:30;2018-07-14T01:45;7;kWh;-329;508;0;0;837;179
2018-07-14T01:45;2018-07-14T02:00;8;kWh;0;4900;0;0;4900;4900
2018-07-14T02:00;2018-07-14T02:15;9;kWh;0;14923;0;0;14923;14923
2018-07-14T02:15;2018-07-14T02:30;10;kWh;0;29541;0;0;29541;29541
2018-07-14T02:30;2018-07-14T02:45;11;kWh;0;12246;0;0;12246;12246
2018-07-14T02:45;2018-07-14T03:00;12;kWh;0;331;0;0;331;331
2018-07-14T03:00;2018-07-14T03:15;13;kWh;0;6007;0;0;6007;6007
2018-07-14T03:15;2018-07-14T03:30;14;kWh;0;11095;0;0;11095;11095
2018-07-14T03:30;2018-07-14T03:45;15;kWh;0;3684;0;0;3684;3684
2018-07-14T03:45;2018-07-14T04:00;16;kWh;0;5790;0;0;5790;5790
2018-07-14T04:00;2018-07-14T04:15;17;kWh;0;6390;0;0;6390;6390
2018-07-14T04:15;2018-07-14T04:30;18;kWh;0;19115;0;0;19115;19115
2018-07-14T04:30;2018-07-14T04:45;19;kWh;0;9780;0;0;9780;9780
2018-07-14T04:45;2018-07-14T05:00;20;kWh;0;13050;0;0;13050;13050
2018-07-14T05:00;2018-07-14T05:15;21;kWh;0;23898;0;0;23898;23898
2018-07-14T05:15;2018-07-14T05:30;22;kWh;0;31147;0;0;31147;31147
2018-07-14T05:30;2018-07-14T05:45;23;kWh;-409;10704;0;0;11113;10295
2018-07-14T05:45;2018-07-14T06:00;24;kWh;0;1157;0;0;1157;1157
2018-07-14T06:00;2018-07-14T06:15;25;kWh;0;412;0;0;412;412
2018-07-14T06:15;2018-07-14T06:30;26;kWh;0;1866;0;0;1866;1866
2018-07-14T06:30;2018-07-14T06:45;27;kWh;0;5424;0;0;5424;5424
2018-07-14T06:45;2018-07-14T07:00;28;kWh;0;18506;0;0;18506;18506
2018-07-14T07:00;2018-07-14T07:15;29;kWh;0;10389;0;0;10389;10389
2018-07-14T07:15;2018-07-14T07:30;30;kWh;0;9305;0;0;9305;9305
2018-07-14T07:30;2018-07-14T07:45;31;kWh;0;1096;0;0;1096;1096
2018-07-14T07:45;2018-07-14T08:00;32;kWh;0;232;0;0;232;232
2018-07-14T08:00;2018-07-14T08:15;33;kWh;0;893;0;0;893;893
2018-07-14T08:15;2018-07-14T08:30;34;kWh;0;331;0;0;331;331
2018-07-14T08:30;2018-07-14T08:45;35;kWh;0;4105;0;0;4105;4105
2018-07-14T08:45;2018-07-14T09:00;36;kWh;0;14942;0;0;14942;14942
2018-07-14T09:00;2018-07-14T09:15;37;kWh;-15;4305;0;0;4320;4290
2018-07-14T09:15;2018-07-14T09:30;38;kWh;0;1699;0;0;1699;1699
2018-07-14T09:30;2018-07-14T09:45;39;kWh;0;17639;0;0;17639;17639
2018-07-14T09:45;2018-07-14T10:00;40;kWh;0;14038;0;0;14038;14038
2018-07-14T10:00;2018-07-14T10:15;41;kWh;0;12020;0;0;12020;12020
2018-07-14T10:15;2018-07-14T10:30;42;kWh;0;5423;0;0;5423;5423
2018-07-14T10:30;2018-07-14T10:45;43;kWh;0;2338;0;0;2338;2338
2018-07-14T10:45;2018-07-14T11:00;44;kWh;0;333;0;0;333;333
2018-07-14T11:00;2018-07-14T11:15;45;kWh;0;19543;0;0;19543;19543
2018-07-14T11:15;2018-07-14T11:30;46;kWh;0;27994;0;0;27994;27994
2018-07-14T11:30;2018-07-14T11:45;47;kWh;0;13106;0;0;13106;13106
2018-07-14T11:45;2018-07-14T12:00;48;kWh;0;3903;0;0;3903;3903
2018-07-14T12:00;2018-07-14T12:15;49;kWh;0;24404;0;0;24404;24404
2018-07-14T12:15;2018-07-14T12:30;50;kWh;0;30706;0;0;30706;30706
2018-07-14T12:30;2018-07-14T12:45;51;kWh;-998;7083;0;0;8081;6085
2018-07-14T12:45;2018-07-14T13:00;52;kWh;-455;0;0;0;455;-455
2018-07-14T13:00;2018-07-14T13:15;53;kWh;-13;0;0;0;13;-13
2018-07-14T13:15;2018-07-14T13:30;54;kWh;-1262;0;0;0;1262;-1262
2018-07-14T13:30;2018-07-14T13:45;55;kWh;-3340;0;0;0;3340;-3340
2018-07-14T13:45;2018-07-14T14:00;56;kWh;-16018;0;0;0;16018;-16018
2018-07-14T14:00;2018-07-14T14:15;57;kWh;-12593;0;0;0;12593;-12593
2018-07-14T14:15;2018-07-14T14:30;58;kWh;-143;2;0;0;145;-141
2018-07-14T14:30;2018-07-14T14:45;59;kWh;0;0;0;0;0;0
2018-07-14T14:45;2018-07-14T15:00;60;kWh;-151;0;0;0;151;-151
2018-07-14T15:00;2018-07-14T15:15;61;kWh;-1433;0;0;0;1433;-1433
2018-07-14T15:15;2018-07-14T15:30;62;kWh;-219;0;0;0;219;-219
2018-07-14T15:30;2018-07-14T15:45;63;kWh;0;0;0;0;0;0
2018-07-14T15:45;2018-07-14T16:00;64;kWh;-2821;0;0;0;2821;-2821
2018-07-14T16:00;2018-07-14T16:15;65;kWh;-3042;0;0;0;3042;-3042
2018-07-14T16:15;2018-07-14T16:30;66;kWh;0;0;0;0;0;0
2018-07-14T16:30;2018-07-14T16:45;67;kWh;0;560;0;0;560;560
2018-07-14T16:45;2018-07-14T17:00;68;kWh;0;3186;0;0;3186;3186
2018-07-14T17:00;2018-07-14T17:15;69;kWh;-4458;413;0;0;4871;-4045
2018-07-14T17:15;2018-07-14T17:30;70;kWh;-1136;0;0;0;1136;-1136
2018-07-14T17:30;2018-07-14T17:45;71;kWh;-268;506;0;0;774;238
2018-07-14T17:45;2018-07-14T18:00;72;kWh;0;10539;0;0;10539;10539
2018-07-14T18:00;2018-07-14T18:15;73;kWh;0;10924;0;0;10924;10924
2018-07-14T18:15;2018-07-14T18:30;74;kWh;-810;453;0;0;1263;-357
2018-07-14T18:30;2018-07-14T18:45;75;kWh;0;1457;0;0;1457;1457
2018-07-14T18:45;2018-07-14T19:00;76;kWh;0;21165;0;0;21165;21165
2018-07-14T19:00;2018-07-14T19:15;77;kWh;-872;5290;0;0;6162;4418
2018-07-14T19:15;2018-07-14T19:30;78;kWh;0;18;0;0;18;18
2018-07-14T19:30;2018-07-14T19:45;79;kWh;0;3429;0;0;3429;3429
2018-07-14T19:45;2018-07-14T20:00;80;kWh;0;17008;0;0;17008;17008
2018-07-14T20:00;2018-07-14T20:15;81;kWh;0;12636;0;0;12636;12636
2018-07-14T20:15;2018-07-14T20:30;82;kWh;0;3405;0;0;3405;3405
2018-07-14T20:30;2018-07-14T20:45;83;kWh;0;1409;0;0;1409;1409
2018-07-14T20:45;2018-07-14T21:00;84;kWh;0;520;0;0;520;520
2018-07-14T21:00;2018-07-14T21:15;85;kWh;0;573;0;0;573;573
2018-07-14T21:15;2018-07-14T21:30;86;kWh;-1480;0;0;0;1480;-1480
2018-07-14T21:30;2018-07-14T21:45;87;kWh;-812;0;0;0;812;-812
2018-07-14T21:45;2018-07-14T22:00;88;kWh;-3824;0;0;0;3824;-3824
2018-07-14T22:00;2018-07-14T22:15;89;kWh;-1175;0;0;0;1175;-1175
2018-07-14T22:15;2018-07-14T22:30;90;kWh;0;1145;0;0;1145;1145
2018-07-14T22:30;2018-07-14T22:45;91;kWh;0;4297;0;0;4297;4297
2018-07-14T22:45;2018-07-14T23:00;92;kWh;0;1704;0;0;1704;1704
2018-07-14T23:00;2018-07-14T23:15;93;kWh;0;15426;0;0;15426;15426
2018-07-14T23:15;2018-07-14T23:30;94;kWh;0;7967;0;0;7967;7967
2018-07-14T23:30;2018-07-14T23:45;95;kWh;-1903;0;0;0;1903;-1903
2018-07-14T23:45;2018-07-15T00:00;96;kWh;-22488;0;0;0;22488;-22488
2018-07-15T00:00;2018-07-15T00:15;1;kWh;-16099;339;0;0;16438;-15760
2018-07-15T00:15;2018-07-15T00:30;2;kWh;-23;7;0;0;30;-16
2018-07-15T00:30;2018-07-15T00:45;3;kWh;-342;1197;0;0;1539;855
2018-07-15T00:45;2018-07-15T01:00;4;kWh;0;606;0;0;606;606
2018-07-15T01:00;2018-07-15T01:15;5;kWh;0;4553;0;0;4553;4553
2018-07-15T01:15;2018-07-15T01:30;6;kWh;0;38971;0;0;38971;38971
2018-07-15T01:30;2018-07-15T01:45;7;kWh;-620;3748;0;0;4368;3128
2018-07-15T01:45;2018-07-15T02:00;8;kWh;-2672;0;0;0;2672;-2672
2018-07-15T02:00;2018-07-15T02:15;9;kWh;-2536;0;0;0;2536;-2536
2018-07-15T02:15;2018-07-15T02:30;10;kWh;0;0;0;0;0;0
2018-07-15T02:30;2018-07-15T02:45;11;kWh;0;2158;0;0;2158;2158
2018-07-15T02:45;2018-07-15T03:00;12;kWh;0;1321;0;0;1321;1321
2018-07-15T03:00;2018-07-15T03:15;13;kWh;0;0;0;0;0;0
2018-07-15T03:15;2018-07-15T03:30;14;kWh;0;0;0;0;0;0
2018-07-15T03:30;2018-07-15T03:45;15;kWh;-1722;0;0;0;1722;-1722
2018-07-15T03:45;2018-07-15T04:00;16;kWh;-17522;0;0;0;17522;-17522
2018-07-15T04:00;2018-07-15T04:15;17;kWh;-8873;3946;0;0;12819;-4927
2018-07-15T04:15;2018-07-15T04:30;18;kWh;-4;10680;0;0;10684;10676
2018-07-15T04:30;2018-07-15T04:45;19;kWh;0;1800;0;0;1800;1800
2018-07-15T04:45;2018-07-15T05:00;20;kWh;0;4585;0;0;4585;4585
2018-07-15T05:00;2018-07-15T05:15;21;kWh;0;16906;0;0;16906;16906
2018-07-15T05:15;2018-07-15T05:30;22;kWh;0;14738;0;0;14738;14738
2018-07-15T05:30;2018-07-15T05:45;23;kWh;0;13605;0;0;13605;13605
2018-07-15T05:45;2018-07-15T06:00;24;kWh;-602;2098;0;0;2700;1496
2018-07-15T06:00;2018-07-15T06:15;25;kWh;-129;0;0;0;129;-129
2018-07-15T06:15;2018-07-15T06:30;26;kWh;0;0;0;0;0;0
2018-07-15T06:30;2018-07-15T06:45;27;kWh;0;0;0;0;0;0
2018-07-15T06:45;2018-07-15T07:00;28;kWh;0;0;0;0;0;0
2018-07-15T07:00;2018-07-15T07:15;29;kWh;0;7312;0;0;7312;7312
2018-07-15T07:15;2018-07-15T07:30;30;kWh;0;1294;0;0;1294;1294
2018-07-15T07:30;2018-07-15T07:45;31;kWh;0;4069;0;0;4069;4069
2018-07-15T07:45;2018-07-15T08:00;32;kWh;0;7653;0;0;7653;7653
2018-07-15T08:00;2018-07-15T08:15;33;kWh;0;10467;0;0;10467;10467
2018-07-15T08:15;2018-07-15T08:30;34;kWh;0;11708;0;0;11708;11708
2018-07-15T08:30;2018-07-15T08:45;35;kWh;-806;374;0;0;1180;-432
2018-07-15T08:45;2018-07-15T09:00;36;kWh;0;2191;0;0;2191;2191
2018-07-15T09:00;2018-07-15T09:15;37;kWh;0;532;0;0;532;532
2018-07-15T09:15;2018-07-15T09:30;38;kWh;0;0;0;0;0;0
2018-07-15T09:30;2018-07-15T09:45;39;kWh;-1515;0;0;0;1515;-1515
2018-07-15T09:45;2018-07-15T10:00;40;kWh;-1927;0;0;0;1927;-1927
2018-07-15T10:00;2018-07-15T10:15;41;kWh;-4;0;0;0;4;-4
2018-07-15T10:15;2018-07-15T10:30;42;kWh;-361;0;0;0;361;-361
2018-07-15T10:30;2018-07-15T10:45;43;kWh;-1664;0;0;0;1664;-1664
2018-07-15T10:45;2018-07-15T11:00;44;kWh;-1483;0;0;0;1483;-1483
2018-07-15T11:00;2018-07-15T11:15;45;kWh;-3909;0;0;0;3909;-3909
2018-07-15T11:15;2018-07-15T11:30;46;kWh;-3712;0;0;0;3712;-3712
2018-07-15T11:30;2018-07-15T11:45;47;kWh;-1712;0;0;0;1712;-1712
2018-07-15T11:45;2018-07-15T12:00;48;kWh;-886;0;0;0;886;-886
2018-07-15T12:00;2018-07-15T12:15;49;kWh;0;983;0;0;983;983
2018-07-15T12:15;2018-07-15T12:30;50;kWh;0;598;0;0;598;598
2018-07-15T12:30;2018-07-15T12:45;51;kWh;0;2040;0;0;2040;2040
2018-07-15T12:45;2018-07-15T13:00;52;kWh;0;713;0;0;713;713
2018-07-15T13:00;2018-07-15T13:15;53;kWh;0;1404;0;0;1404;1404
2018-07-15T13:15;2018-07-15T13:30;54;kWh;-1085;318;0;0;1403;-767
2018-07-15T13:30;2018-07-15T13:45;55;kWh;-3301;0;0;0;3301;-3301
2018-07-15T13:45;2018-07-15T14:00;56;kWh;-410;0;0;0;410;-410
2018-07-15T14:00;2018-07-15T14:15;57;kWh;-503;0;0;0;503;-503
2018-07-15T14:15;2018-07-15T14:30;58;kWh;0;0;0;0;0;0
2018-07-15T14:30;2018-07-15T14:45;59;kWh;0;0;0;0;0;0
2018-07-15T14:45;2018-07-15T15:00;60;kWh;0;0;0;0;0;0
2018-07-15T15:00;2018-07-15T15:15;61;kWh;0;0;0;0;0;0
2018-07-15T15:15;2018-07-15T15:30;62;kWh;0;0;0;0;0;0
2018-07-15T15:30;2018-07-15T15:45;63;kWh;0;0;0;0;0;0
2018-07-15T15:45;2018-07-15T16:00;64;kWh;0;0;0;0;0;0
2018-07-15T16:00;2018-07-15T16:15;65;kWh;0;0;0;0;0;0
2018-07-15T16:15;2018-07-15T16:30;66;kWh;0;37;0;0;37;37
2018-07-15T16:30;2018-07-15T16:45;67;kWh;0;4810;0;0;4810;4810
2018-07-15T16:45;2018-07-15T17:00;68;kWh;0;27459;0;0;27459;27459
2018-07-15T17:00;2018-07-15T17:15;69;kWh;-891;15284;0;0;16175;14393
2018-07-15T17:15;2018-07-15T17:30;70;kWh;-285;63;0;0;348;-222
2018-07-15T17:30;2018-07-15T17:45;71;kWh;0;2412;0;0;2412;2412
2018-07-15T17:45;2018-07-15T18:00;72;kWh;0;28849;0;0;28849;28849
2018-07-15T18:00;2018-07-15T18:15;73;kWh;-421;27726;0;0;28147;27305
2018-07-15T18:15;2018-07-15T18:30;74;kWh;-3001;1738;0;0;4739;-1263
2018-07-15T18:30;2018-07-15T18:45;75;kWh;-2340;0;0;0;2340;-2340
2018-07-15T18:45;2018-07-15T19:00;76;kWh;-2012;0;0;0;2012;-2012
2018-07-15T19:00;2018-07-15T19:15;77;kWh;-1110;0;0;0;1110;-1110
2018-07-15T19:15;2018-07-15T19:30;78;kWh;-4902;0;0;0;4902;-4902
2018-07-15T19:30;2018-07-15T19:45;79;kWh;-160;221;0;0;381;61
2018-07-15T19:45;2018-07-15T20:00;80;kWh;0;13652;0;0;13652;13652
2018-07-15T20:00;2018-07-15T20:15;81;kWh;0;17628;0;0;17628;17628
2018-07-15T20:15;2018-07-15T20:30;82;kWh;0;26737;0;0;26737;26737
2018-07-15T20:30;2018-07-15T20:45;83;kWh;0;33776;0;0;33776;33776
2018-07-15T20:45;2018-07-15T21:00;84;kWh;0;23730;0;0;23730;23730
2018-07-15T21:00;2018-07-15T21:15;85;kWh;0;50202;0;0;50202;50202
2018-07-15T21:15;2018-07-15T21:30;86;kWh;0;55147;0;0;55147;55147
2018-07-15T21:30;2018-07-15T21:45;87;kWh;-738;13229;0;0;13967;12491
2018-07-15T21:45;2018-07-15T22:00;88;kWh;0;0;0;0;0;0
2018-07-15T22:00;2018-07-15T22:15;89;kWh;0;2299;0;0;2299;2299
2018-07-15T22:15;2018-07-15T22:30;90;kWh;0;17274;0;0;17274;17274
2018-07-15T22:30;2018-07-15T22:45;91;kWh;0;32217;0;0;32217;32217
2018-07-15T22:45;2018-07-15T23:00;92;kWh;0;32832;0;0;32832;32832
2018-07-15T23:00;2018-07-15T23:15;93;kWh;0;53262;0;0;53262;53262
2018-07-15T23:15;2018-07-15T23:30;94;kWh;0;74263;0;0;74263;74263
2018-07-15T23:30;2018-07-15T23:45;95;kWh;-3769;14052;0;0;17821;10283
2018-07-15T23:45;2018-07-16T00:00;96;kWh;-15261;0;0;0;15261;-15261
2018-07-16T00:00;2018-07-16T00:15;1;kWh;-3754;0;0;0;3754;-3754
2018-07-16T00:15;2018-07-16T00:30;2;kWh;0;199;0;0;199;199
2018-07-16T00:30;2018-07-16T00:45;3;kWh;-548;154;0;0;702;-394
2018-07-16T00:45;2018-07-16T01:00;4;kWh;-31372;0;0;0;31372;-31372
2018-07-16T01:00;2018-07-16T01:15;5;kWh;-15174;1811;0;0;16985;-13363
2018-07-16T01:15;2018-07-16T01:30;6;kWh;-28;1620;0;0;1648;1592
2018-07-16T01:30;2018-07-16T01:45;7;kWh;-5;533;0;0;538;528
2018-07-16T01:45;2018-07-16T02:00;8;kWh;-16513;0;0;0;16513;-16513
2018-07-16T02:00;2018-07-16T02:15;9;kWh;-12867;526;0;0;13393;-12341
2018-07-16T02:15;2018-07-16T02:30;10;kWh;-1923;19;0;0;1942;-1904
2018-07-16T02:30;2018-07-16T02:45;11;kWh;-2052;0;0;0;2052;-2052
2018-07-16T02:45;2018-07-16T03:00;12;kWh;-2848;0;0;0;2848;-2848
2018-07-16T03:00;2018-07-16T03:15;13;kWh;-826;0;0;0;826;-826
2018-07-16T03:15;2018-07-16T03:30;14;kWh;-565;0;0;0;565;-565
2018-07-16T03:30;2018-07-16T03:45;15;kWh;-761;0;0;0;761;-761
2018-07-16T03:45;2018-07-16T04:00;16;kWh;0;0;0;0;0;0
2018-07-16T04:00;2018-07-16T04:15;17;kWh;0;16434;0;0;16434;16434
2018-07-16T04:15;2018-07-16T04:30;18;kWh;-282;19832;0;0;20114;19550
2018-07-16T04:30;2018-07-16T04:45;19;kWh;-515;465;0;0;980;-50
2018-07-16T04:45;2018-07-16T05:00;20;kWh;0;1282;0;0;1282;1282
2018-07-16T05:00;2018-07-16T05:15;21;kWh;0;2447;0;0;2447;2447
2018-07-16T05:15;2018-07-16T05:30;22;kWh;0;0;0;0;0;0
2018-07-16T05:30;2018-07-16T05:45;23;kWh;0;0;0;0;0;0
2018-07-16T05:45;2018-07-16T06:00;24;kWh;-34;0;0;0;34;-34
2018-07-16T06:00;2018-07-16T06:15;25;kWh;-19548;0;0;0;19548;-19548
2018-07-16T06:15;2018-07-16T06:30;26;kWh;-50875;0;0;0;50875;-50875
2018-07-16T06:30;2018-07-16T06:45;27;kWh;-18991;0;0;0;18991;-18991
2018-07-16T06:45;2018-07-16T07:00;28;kWh;-357;565;0;0;922;208
2018-07-16T07:00;2018-07-16T07:15;29;kWh;-18524;96;0;0;18620;-18428
2018-07-16T07:15;2018-07-16T07:30;30;kWh;-20595;0;0;0;20595;-20595
2018-07-16T07:30;2018-07-16T07:45;31;kWh;-122;0;0;0;122;-122
2018-07-16T07:45;2018-07-16T08:00;32;kWh;0;22327;0;0;22327;22327
2018-07-16T08:00;2018-07-16T08:15;33;kWh;0;22400;0;0;22400;22400
2018-07-16T08:15;2018-07-16T08:30;34;kWh;0;1021;0;0;1021;1021
2018-07-16T08:30;2018-07-16T08:45;35;kWh;0;43297;0;0;43297;43297
2018-07-16T08:45;2018-07-16T09:00;36;kWh;0;51872;0;0;51872;51872
2018-07-16T09:00;2018-07-16T09:15;37;kWh;0;58651;0;0;58651;58651
2018-07-16T09:15;2018-07-16T09:30;38;kWh;0;82030;0;0;82030;82030
2018-07-16T09:30;2018-07-16T09:45;39;kWh;0;70894;0;0;70894;70894
2018-07-16T09:45;2018-07-16T10:00;40;kWh;0;47176;0;0;47176;47176
2018-07-16T10:00;2018-07-16T10:15;41;kWh;0;11521;0;0;11521;11521
2018-07-16T10:15;2018-07-16T10:30;42;kWh;0;750;0;0;750;750
2018-07-16T10:30;2018-07-16T10:45;43;kWh;0;5012;0;0;5012;5012
2018-07-16T10:45;2018-07-16T11:00;44;kWh;0;263;0;0;263;263
2018-07-16T11:00;2018-07-16T11:15;45;kWh;0;27232;0;0;27232;27232
2018-07-16T11:15;2018-07-16T11:30;46;kWh;0;49002;0;0;49002;49002
2018-07-16T11:30;2018-07-16T11:45;47;kWh;0;40941;0;0;40941;40941
2018-07-16T11:45;2018-07-16T12:00;48;kWh;0;10658;0;0;10658;10658
2018-07-16T12:00;2018-07-16T12:15;49;kWh;0;1568;0;0;1568;1568
2018-07-16T12:15;2018-07-16T12:30;50;kWh;0;17195;0;0;17195;17195
2018-07-16T12:30;2018-07-16T12:45;51;kWh;0;6292;0;0;6292;6292
2018-07-16T12:45;2018-07-16T13:00;52;kWh;0;6119;0;0;6119;6119
2018-07-16T13:00;2018-07-16T13:15;53;kWh;0;45048;0;0;45048;45048
2018-07-16T13:15;2018-07-16T13:30;54;kWh;0;47576;0;0;47576;47576
2018-07-16T13:30;2018-07-16T13:45;55;kWh;0;43260;0;0;43260;43260
2018-07-16T13:45;2018-07-16T14:00;56;kWh;0;44443;0;0;44443;44443
2018-07-16T14:00;2018-07-16T14:15;57;kWh;-1328;22218;0;0;23546;20890
2018-07-16T14:15;2018-07-16T14:30;58;kWh;-345;126;0;0;471;-219
2018-07-16T14:30;2018-07-16T14:45;59;kWh;0;1402;0;0;1402;1402
2018-07-16T14:45;2018-07-16T15:00;60;kWh;0;3643;0;0;3643;3643
2018-07-16T15:00;2018-07-16T15:15;61;kWh;-59;593;0;0;652;534
2018-07-16T15:15;2018-07-16T15:30;62;kWh;-531;0;0;0;531;-531
2018-07-16T15:30;2018-07-16T15:45;63;kWh;0;0;0;0;0;0
2018-07-16T15:45;2018-07-16T16:00;64;kWh;0;0;0;0;0;0
2018-07-16T16:00;2018-07-16T16:15;65;kWh;0;0;0;0;0;0
2018-07-16T16:15;2018-07-16T16:30;66;kWh;0;0;0;0;0;0
2018-07-16T16:30;2018-07-16T16:45;67;kWh;0;0;0;0;0;0
2018-07-16T16:45;2018-07-16T17:00;68;kWh;0;219;0;0;219;219
2018-07-16T17:00;2018-07-16T17:15;69;kWh;-9463;0;0;0;9463;-9463
2018-07-16T17:15;2018-07-16T17:30;70;kWh;-1806;0;0;0;1806;-1806
2018-07-16T17:30;2018-07-16T17:45;71;kWh;0;7726;0;0;7726;7726
2018-07-16T17:45;2018-07-16T18:00;72;kWh;0;27380;0;0;27380;27380
2018-07-16T18:00;2018-07-16T18:15;73;kWh;0;39865;0;0;39865;39865
2018-07-16T18:15;2018-07-16T18:30;74;kWh;0;26832;0;0;26832;26832
2018-07-16T18:30;2018-07-16T18:45;75;kWh;0;18827;0;0;18827;18827
2018-07-16T18:45;2018-07-16T19:00;76;kWh;0;21183;0;0;21183;21183
2018-07-16T19:00;2018-07-16T19:15;77;kWh;0;14063;0;0;14063;14063
2018-07-16T19:15;2018-07-16T19:30;78;kWh;0;5801;0;0;5801;5801
2018-07-16T19:30;2018-07-16T19:45;79;kWh;0;18986;0;0;18986;18986
2018-07-16T19:45;2018-07-16T20:00;80;kWh;0;54131;0;0;54131;54131
2018-07-16T20:00;2018-07-16T20:15;81;kWh;0;77835;0;0;77835;77835
2018-07-16T20:15;2018-07-16T20:30;82;kWh;0;84453;0;0;84453;84453
2018-07-16T20:30;2018-07-16T20:45;83;kWh;0;25193;0;0;25193;25193
2018-07-16T20:45;2018-07-16T21:00;84;kWh;0;200;0;0;200;200
2018-07-16T21:00;2018-07-16T21:15;85;kWh;0;9479;0;0;9479;9479
2018-07-16T21:15;2018-07-16T21:30;86;kWh;0;19563;0;0;19563;19563
2018-07-16T21:30;2018-07-16T21:45;87;kWh;0;4924;0;0;4924;4924
2018-07-16T21:45;2018-07-16T22:00;88;kWh;0;1888;0;0;1888;1888
2018-07-16T22:00;2018-07-16T22:15;89;kWh;0;12275;0;0;12275;12275
2018-07-16T22:15;2018-07-16T22:30;90;kWh;0;12263;0;0;12263;12263
2018-07-16T22:30;2018-07-16T22:45;91;kWh;0;197;0;0;197;197
2018-07-16T22:45;2018-07-16T23:00;92;kWh;0;0;0;0;0;0
2018-07-16T23:00;2018-07-16T23:15;93;kWh;0;3008;0;0;3008;3008
2018-07-16T23:15;2018-07-16T23:30;94;kWh;0;15208;0;0;15208;15208
2018-07-16T23:30;2018-07-16T23:45;95;kWh;-7094;14;0;0;7108;-7080
2018-07-16T23:45;2018-07-17T00:00;96;kWh;-41769;0;0;0;41769;-41769
2018-07-17T00:00;2018-07-17T00:15;1;kWh;-24071;158;0;0;24229;-23913
2018-07-17T00:15;2018-07-17T00:30;2;kWh;-656;337;0;0;993;-319
2018-07-17T00:30;2018-07-17T00:45;3;kWh;-8358;0;0;0;8358;-8358
2018-07-17T00:45;2018-07-17T01:00;4;kWh;-43759;0;0;0;43759;-43759
2018-07-17T01:00;2018-07-17T01:15;5;kWh;-26295;7437;0;0;33732;-18858
2018-07-17T01:15;2018-07-17T01:30;6;kWh;-391;23403;0;0;23794;23012
2018-07-17T01:30;2018-07-17T01:45;7;kWh;-959;91;0;0;1050;-868
2018-07-17T01:45;2018-07-17T02:00;8;kWh;-328;0;0;0;328;-328
2018-07-17T02:00;2018-07-17T02:15;9;kWh;-29;11944;0;0;11973;11915
2018-07-17T02:15;2018-07-17T02:30;10;kWh;0;21212;0;0;21212;21212
2018-07-17T02:30;2018-07-17T02:45;11;kWh;0;1581;0;0;1581;1581
2018-07-17T02:45;2018-07-17T03:00;12;kWh;0;14;0;0;14;14
2018-07-17T03:00;2018-07-17T03:15;13;kWh;0;5204;0;0;5204;5204
2018-07-17T03:15;2018-07-17T03:30;14;kWh;0;4531;0;0;4531;4531
2018-07-17T03:30;2018-07-17T03:45;15;kWh;0;5580;0;0;5580;5580
2018-07-17T03:45;2018-07-17T04:00;16;kWh;0;7593;0;0;7593;7593
2018-07-17T04:00;2018-07-17T04:15;17;kWh;0;4596;0;0;4596;4596
2018-07-17T04:15;2018-07-17T04:30;18;kWh;0;1266;0;0;1266;1266
2018-07-17T04:30;2018-07-17T04:45;19;kWh;0;302;0;0;302;302
2018-07-17T04:45;2018-07-17T05:00;20;kWh;0;3159;0;0;3159;3159
2018-07-17T05:00;2018-07-17T05:15;21;kWh;0;2657;0;0;2657;2657
2018-07-17T05:15;2018-07-17T05:30;22;kWh;0;837;0;0;837;837
2018-07-17T05:30;2018-07-17T05:45;23;kWh;0;746;0;0;746;746
2018-07-17T05:45;2018-07-17T06:00;24;kWh;0;2733;0;0;2733;2733
2018-07-17T06:00;2018-07-17T06:15;25;kWh;-10248;712;0;0;10960;-9536
2018-07-17T06:15;2018-07-17T06:30;26;kWh;-9432;0;0;0;9432;-9432
2018-07-17T06:30;2018-07-17T06:45;27;kWh;-162;26;0;0;188;-136
2018-07-17T06:45;2018-07-17T07:00;28;kWh;0;1448;0;0;1448;1448
2018-07-17T07:00;2018-07-17T07:15;29;kWh;-1776;748;0;0;2524;-1028
2018-07-17T07:15;2018-07-17T07:30;30;kWh;-1031;0;0;0;1031;-1031
2018-07-17T07:30;2018-07-17T07:45;31;kWh;0;2353;0;0;2353;2353
2018-07-17T07:45;2018-07-17T08:00;32;kWh;0;53400;0;0;53400;53400
2018-07-17T08:00;2018-07-17T08:15;33;kWh;-557;38042;0;0;38599;37485
2018-07-17T08:15;2018-07-17T08:30;34;kWh;-700;7271;0;0;7971;6571
2018-07-17T08:30;2018-07-17T08:45;35;kWh;0;4826;0;0;4826;4826
2018-07-17T08:45;2018-07-17T09:00;36;kWh;0;20373;0;0;20373;20373
2018-07-17T09:00;2018-07-17T09:15;37;kWh;0;4468;0;0;4468;4468
2018-07-17T09:15;2018-07-17T09:30;38;kWh;0;0;0;0;0;0
2018-07-17T09:30;2018-07-17T09:45;39;kWh;-1023;0;0;0;1023;-1023
2018-07-17T09:45;2018-07-17T10:00;40;kWh;-1952;0;0;0;1952;-1952
2018-07-17T10:00;2018-07-17T10:15;41;kWh;-31;0;0;0;31;-31
2018-07-17T10:15;2018-07-17T10:30;42;kWh;0;0;0;0;0;0
2018-07-17T10:30;2018-07-17T10:45;43;kWh;0;0;0;0;0;0
2018-07-17T10:45;2018-07-17T11:00;44;kWh;0;0;0;0;0;0
2018-07-17T11:00;2018-07-17T11:15;45;kWh;0;0;0;0;0;0
2018-07-17T11:15;2018-07-17T11:30;46;kWh;0;0;0;0;0;0
2018-07-17T11:30;2018-07-17T11:45;47;kWh;0;0;0;0;0;0
2018-07-17T11:45;2018-07-17T12:00;48;kWh;0;5196;0;0;5196;5196
2018-07-17T12:00;2018-07-17T12:15;49;kWh;0;17053;0;0;17053;17053
2018-07-17T12:15;2018-07-17T12:30;50;kWh;0;2724;0;0;2724;2724
2018-07-17T12:30;2018-07-17T12:45;51;kWh;0;374;0;0;374;374
2018-07-17T12:45;2018-07-17T13:00;52;kWh;0;42;0;0;42;42
2018-07-17T13:00;2018-07-17T13:15;53;kWh;0;266;0;0;266;266
2018-07-17T13:15;2018-07-17T13:30;54;kWh;0;2779;0;0;2779;2779
2018-07-17T13:30;2018-07-17T13:45;55;kWh;0;3199;0;0;3199;3199
2018-07-17T13:45;2018-07-17T14:00;56;kWh;0;3964;0;0;3964;3964
2018-07-17T14:00;2018-07-17T14:15;57;kWh;0;259;0;0;259;259
2018-07-17T14:15;2018-07-17T14:30;58;kWh;0;0;0;0;0;0
2018-07-17T14:30;2018-07-17T14:45;59;kWh;-75;0;0;0;75;-75
2018-07-17T14:45;2018-07-17T15:00;60;kWh;-9387;0;0;0;9387;-9387
2018-07-17T15:00;2018-07-17T15:15;61;kWh;-7742;0;0;0;7742;-7742
2018-07-17T15:15;2018-07-17T15:30;62;kWh;-10533;0;0;0;10533;-10533
2018-07-17T15:30;2018-07-17T15:45;63;kWh;-11959;0;0;0;11959;-11959
2018-07-17T15:45;2018-07-17T16:00;64;kWh;-49819;0;0;0;49819;-49819
2018-07-17T16:00;2018-07-17T16:15;65;kWh;-29918;0;0;0;29918;-29918
2018-07-17T16:15;2018-07-17T16:30;66;kWh;-3899;0;0;0;3899;-3899
2018-07-17T16:30;2018-07-17T16:45;67;kWh;-704;0;0;0;704;-704
2018-07-17T16:45;2018-07-17T17:00;68;kWh;-304;0;0;0;304;-304
2018-07-17T17:00;2018-07-17T17:15;69;kWh;-16719;0;0;0;16719;-16719
2018-07-17T17:15;2018-07-17T17:30;70;kWh;-9930;0;0;0;9930;-9930
2018-07-17T17:30;2018-07-17T17:45;71;kWh;-176;0;0;0;176;-176
2018-07-17T17:45;2018-07-17T18:00;72;kWh;-376;0;0;0;376;-376
2018-07-17T18:00;2018-07-17T18:15;73;kWh;-16660;0;0;0;16660;-16660
2018-07-17T18:15;2018-07-17T18:30;74;kWh;-37676;0;0;0;37676;-37676
2018-07-17T18:30;2018-07-17T18:45;75;kWh;-10257;0;0;0;10257;-10257
2018-07-17T18:45;2018-07-17T19:00;76;kWh;0;0;0;0;0;0
2018-07-17T19:00;2018-07-17T19:15;77;kWh;0;0;0;0;0;0
2018-07-17T19:15;2018-07-17T19:30;78;kWh;0;0;0;0;0;0
2018-07-17T19:30;2018-07-17T19:45;79;kWh;0;2;0;0;2;2
2018-07-17T19:45;2018-07-17T20:00;80;kWh;0;1218;0;0;1218;1218
2018-07-17T20:00;2018-07-17T20:15;81;kWh;0;519;0;0;519;519
2018-07-17T20:15;2018-07-17T20:30;82;kWh;0;1350;0;0;1350;1350
2018-07-17T20:30;2018-07-17T20:45;83;kWh;0;82;0;0;82;82
2018-07-17T20:45;2018-07-17T21:00;84;kWh;-1422;0;0;0;1422;-1422
2018-07-17T21:00;2018-07-17T21:15;85;kWh;0;8;0;0;8;8
2018-07-17T21:15;2018-07-17T21:30;86;kWh;0;759;0;0;759;759
2018-07-17T21:30;2018-07-17T21:45;87;kWh;0;1921;0;0;1921;1921
2018-07-17T21:45;2018-07-17T22:00;88;kWh;-5;0;0;0;5;-5
2018-07-17T22:00;2018-07-17T22:15;89;kWh;-440;0;0;0;440;-440
2018-07-17T22:15;2018-07-17T22:30;90;kWh;-14;0;0;0;14;-14
2018-07-17T22:30;2018-07-17T22:45;91;kWh;-1072;0;0;0;1072;-1072
2018-07-17T22:45;2018-07-17T23:00;92;kWh;-3391;0;0;0;3391;-3391
2018-07-17T23:00;2018-07-17T23:15;93;kWh;-5171;74;0;0;5245;-5097
2018-07-17T23:15;2018-07-17T23:30;94;kWh;-1252;0;0;0;1252;-1252
2018-07-17T23:30;2018-07-17T23:45;95;kWh;-4908;0;0;0;4908;-4908
2018-07-17T23:45;2018-07-18T00:00;96;kWh;-12339;0;0;0;12339;-12339
2018-07-18T00:00;2018-07-18T00:15;1;kWh;-7158;1590;0;0;8748;-5568
2018-07-18T00:15;2018-07-18T00:30;2;kWh;-41;333;0;0;374;292
2018-07-18T00:30;2018-07-18T00:45;3;kWh;-9345;0;0;0;9345;-9345
2018-07-18T00:45;2018-07-18T01:00;4;kWh;-31871;0;0;0;31871;-31871
2018-07-18T01:00;2018-07-18T01:15;5;kWh;-3704;4674;0;0;8378;970
2018-07-18T01:15;2018-07-18T01:30;6;kWh;-6;2304;0;0;2310;2298
2018-07-18T01:30;2018-07-18T01:45;7;kWh;-40;0;0;0;40;-40
2018-07-18T01:45;2018-07-18T02:00;8;kWh;0;0;0;0;0;0
2018-07-18T02:00;2018-07-18T02:15;9;kWh;-137;609;0;0;746;472
2018-07-18T02:15;2018-07-18T02:30;10;kWh;-1064;96;0;0;1160;-968
2018-07-18T02:30;2018-07-18T02:45;11;kWh;-19396;0;0;0;19396;-19396
2018-07-18T02:45;2018-07-18T03:00;12;kWh;-24277;0;0;0;24277;-24277
2018-07-18T03:00;2018-07-18T03:15;13;kWh;-14356;1190;0;0;15546;-13166
2018-07-18T03:15;2018-07-18T03:30;14;kWh;-385;291;0;0;676;-94
2018-07-18T03:30;2018-07-18T03:45;15;kWh;-1538;0;0;0;1538;-1538
2018-07-18T03:45;2018-07-18T04:00;16;kWh;-8975;0;0;0;8975;-8975
2018-07-18T04:00;2018-07-18T04:15;17;kWh;-6846;0;0;0;6846;-6846
2018-07-18T04:15;2018-07-18T04:30;18;kWh;-85;0;0;0;85;-85
2018-07-18T04:30;2018-07-18T04:45;19;kWh;-163;0;0;0;163;-163
2018-07-18T04:45;2018-07-18T05:00;20;kWh;-204;0;0;0;204;-204
2018-07-18T05:00;2018-07-18T05:15;21;kWh;-2095;0;0;0;2095;-2095
2018-07-18T05:15;2018-07-18T05:30;22;kWh;-4967;0;0;0;4967;-4967
2018-07-18T05:30;2018-07-18T05:45;23;kWh;-741;0;0;0;741;-741
2018-07-18T05:45;2018-07-18T06:00;24;kWh;0;0;0;0;0;0
2018-07-18T06:00;2018-07-18T06:15;25;kWh;-1353;0;0;0;1353;-1353
2018-07-18T06:15;2018-07-18T06:30;26;kWh;-940;0;0;0;940;-940
2018-07-18T06:30;2018-07-18T06:45;27;kWh;-29;400;0;0;429;371
2018-07-18T06:45;2018-07-18T07:00;28;kWh;0;1356;0;0;1356;1356
2018-07-18T07:00;2018-07-18T07:15;29;kWh;-3034;0;0;0;3034;-3034
2018-07-18T07:15;2018-07-18T07:30;30;kWh;-28761;0;0;0;28761;-28761
2018-07-18T07:30;2018-07-18T07:45;31;kWh;-4004;85;0;0;4089;-3919
2018-07-18T07:45;2018-07-18T08:00;32;kWh;0;4684;0;0;4684;4684
2018-07-18T08:00;2018-07-18T08:15;33;kWh;-12637;284;0;0;12921;-12353
2018-07-18T08:15;2018-07-18T08:30;34;kWh;-6132;0;0;0;6132;-6132
2018-07-18T08:30;2018-07-18T08:45;35;kWh;-2238;0;0;0;2238;-2238
2018-07-18T08:45;2018-07-18T09:00;36;kWh;-274;0;0;0;274;-274
2018-07-18T09:00;2018-07-18T09:15;37;kWh;0;6405;0;0;6405;6405
2018-07-18T09:15;2018-07-18T09:30;38;kWh;0;8863;0;0;8863;8863
2018-07-18T09:30;2018-07-18T09:45;39;kWh;-1564;3122;0;0;4686;1558
2018-07-18T09:45;2018-07-18T10:00;40;kWh;-1;254;0;0;255;253
2018-07-18T10:00;2018-07-18T10:15;41;kWh;0;326;0;0;326;326
2018-07-18T10:15;2018-07-18T10:30;42;kWh;-112;0;0;0;112;-112
2018-07-18T10:30;2018-07-18T10:45;43;kWh;-201;0;0;0;201;-201
2018-07-18T10:45;2018-07-18T11:00;44;kWh;-393;0;0;0;393;-393
2018-07-18T11:00;2018-07-18T11:15;45;kWh;0;15076;0;0;15076;15076
2018-07-18T11:15;2018-07-18T11:30;46;kWh;0;30640;0;0;30640;30640
2018-07-18T11:30;2018-07-18T11:45;47;kWh;0;43728;0;0;43728;43728
2018-07-18T11:45;2018-07-18T12:00;48;kWh;0;46395;0;0;46395;46395
2018-07-18T12:00;2018-07-18T12:15;49;kWh;0;44515;0;0;44515;44515
2018-07-18T12:15;2018-07-18T12:30;50;kWh;0;46143;0;0;46143;46143
2018-07-18T12:30;2018-07-18T12:45;51;kWh;0;35588;0;0;35588;35588
2018-07-18T12:45;2018-07-18T13:00;52;kWh;0;28118;0;0;28118;28118
2018-07-18T13:00;2018-07-18T13:15;53;kWh;0;34515;0;0;34515;34515
2018-07-18T13:15;2018-07-18T13:30;54;kWh;0;82932;0;0;82932;82932
2018-07-18T13:30;2018-07-18T13:45;55;kWh;0;46506;0;0;46506;46506
2018-07-18T13:45;2018-07-18T14:00;56;kWh;0;25328;0;0;25328;25328
2018-07-18T14:00;2018-07-18T14:15;57;kWh;0;46498;0;0;46498;46498
2018-07-18T14:15;2018-07-18T14:30;58;kWh;0;66416;0;0;66416;66416
2018-07-18T14:30;2018-07-18T14:45;59;kWh;0;49354;0;0;49354;49354
2018-07-18T14:45;2018-07-18T15:00;60;kWh;0;76115;0;16090;92205;92205
2018-07-18T15:00;2018-07-18T15:15;61;kWh;0;88996;0;41454;132950;132950
2018-07-18T15:15;2018-07-18T15:30;62;kWh;-288;16381;0;23828;40497;39921
2018-07-18T15:30;2018-07-18T15:45;63;kWh;0;49610;0;0;49610;49610
2018-07-18T15:45;2018-07-18T16:00;64;kWh;0;90186;0;0;90186;90186
2018-07-18T16:00;2018-07-18T16:15;65;kWh;-487;53892;0;0;54379;53405
2018-07-18T16:15;2018-07-18T16:30;66;kWh;-573;13947;0;0;14520;13374
2018-07-18T16:30;2018-07-18T16:45;67;kWh;0;56514;0;0;56514;56514
2018-07-18T16:45;2018-07-18T17:00;68;kWh;0;56261;0;0;56261;56261
2018-07-18T17:00;2018-07-18T17:15;69;kWh;-2615;21463;0;0;24078;18848
2018-07-18T17:15;2018-07-18T17:30;70;kWh;-5;28836;0;0;28841;28831
2018-07-18T17:30;2018-07-18T17:45;71;kWh;0;50819;0;0;50819;50819
2018-07-18T17:45;2018-07-18T18:00;72;kWh;0;66026;0;0;66026;66026
2018-07-18T18:00;2018-07-18T18:15;73;kWh;0;80249;0;0;80249;80249
2018-07-18T18:15;2018-07-18T18:30;74;kWh;-235;45641;0;0;45876;45406
2018-07-18T18:30;2018-07-18T18:45;75;kWh;-556;4277;0;0;4833;3721
2018-07-18T18:45;2018-07-18T19:00;76;kWh;0;10294;0;0;10294;10294
2018-07-18T19:00;2018-07-18T19:15;77;kWh;0;5456;0;0;5456;5456
2018-07-18T19:15;2018-07-18T19:30;78;kWh;0;14085;0;0;14085;14085
2018-07-18T19:30;2018-07-18T19:45;79;kWh;0;16712;0;0;16712;16712
2018-07-18T19:45;2018-07-18T20:00;80;kWh;0;20573;0;0;20573;20573
2018-07-18T20:00;2018-07-18T20:15;81;kWh;-1542;7263;0;0;8805;5721
2018-07-18T20:15;2018-07-18T20:30;82;kWh;-1799;0;0;0;1799;-1799
2018-07-18T20:30;2018-07-18T20:45;83;kWh;-1704;0;0;0;1704;-1704
2018-07-18T20:45;2018-07-18T21:00;84;kWh;-1889;0;0;0;1889;-1889
2018-07-18T21:00;2018-07-18T21:15;85;kWh;-1106;6292;0;0;7398;5186
2018-07-18T21:15;2018-07-18T21:30;86;kWh;0;2337;0;0;2337;2337
2018-07-18T21:30;2018-07-18T21:45;87;kWh;0;0;0;0;0;0
2018-07-18T21:45;2018-07-18T22:00;88;kWh;0;0;0;0;0;0
2018-07-18T22:00;2018-07-18T22:15;89;kWh;0;20594;0;0;20594;20594
2018-07-18T22:15;2018-07-18T22:30;90;kWh;0;65092;0;0;65092;65092
2018-07-18T22:30;2018-07-18T22:45;91;kWh;-573;20610;0;0;21183;20037
2018-07-18T22:45;2018-07-18T23:00;92;kWh;-3243;69;0;0;3312;-3174
2018-07-18T23:00;2018-07-18T23:15;93;kWh;-232;13056;0;0;13288;12824
2018-07-18T23:15;2018-07-18T23:30;94;kWh;-8;14415;0;0;14423;14407
2018-07-18T23:30;2018-07-18T23:45;95;kWh;-1798;751;0;0;2549;-1047
2018-07-18T23:45;2018-07-19T00:00;96;kWh;-12740;0;0;0;12740;-12740
2018-07-19T00:00;2018-07-19T00:15;1;kWh;-13158;3349;0;0;16507;-9809
2018-07-19T00:15;2018-07-19T00:30;2;kWh;-519;28883;0;0;29402;28364
2018-07-19T00:30;2018-07-19T00:45;3;kWh;-8941;277;0;0;9218;-8664
2018-07-19T00:45;2018-07-19T01:00;4;kWh;-36253;0;0;0;36253;-36253
2018-07-19T01:00;2018-07-19T01:15;5;kWh;-10461;1006;0;0;11467;-9455
2018-07-19T01:15;2018-07-19T01:30;6;kWh;-1933;5;0;0;1938;-1928
2018-07-19T01:30;2018-07-19T01:45;7;kWh;-9585;0;0;0;9585;-9585
2018-07-19T01:45;2018-07-19T02:00;8;kWh;-15155;0;0;0;15155;-15155
2018-07-19T02:00;2018-07-19T02:15;9;kWh;-6257;5493;0;0;11750;-764
2018-07-19T02:15;2018-07-19T02:30;10;kWh;0;3723;0;0;3723;3723
2018-07-19T02:30;2018-07-19T02:45;11;kWh;0;0;0;0;0;0
2018-07-19T02:45;2018-07-19T03:00;12;kWh;-933;0;0;0;933;-933
2018-07-19T03:00;2018-07-19T03:15;13;kWh;-65;0;0;0;65;-65
2018-07-19T03:15;2018-07-19T03:30;14;kWh;0;0;0;0;0;0
2018-07-19T03:30;2018-07-19T03:45;15;kWh;0;0;0;0;0;0
2018-07-19T03:45;2018-07-19T04:00;16;kWh;-716;0;0;0;716;-716
2018-07-19T04:00;2018-07-19T04:15;17;kWh;-2732;0;0;0;2732;-2732
2018-07-19T04:15;2018-07-19T04:30;18;kWh;-2539;0;0;0;2539;-2539
2018-07-19T04:30;2018-07-19T04:45;19;kWh;-107;577;0;0;684;470
2018-07-19T04:45;2018-07-19T05:00;20;kWh;0;7044;0;0;7044;7044
2018-07-19T05:00;2018-07-19T05:15;21;kWh;0;252;0;0;252;252
2018-07-19T05:15;2018-07-19T05:30;22;kWh;0;0;0;0;0;0
2018-07-19T05:30;2018-07-19T05:45;23;kWh;0;0;0;0;0;0
2018-07-19T05:45;2018-07-19T06:00;24;kWh;0;0;0;0;0;0
2018-07-19T06:00;2018-07-19T06:15;25;kWh;0;0;0;0;0;0
2018-07-19T06:15;2018-07-19T06:30;26;kWh;-1083;0;0;0;1083;-1083
2018-07-19T06:30;2018-07-19T06:45;27;kWh;-171;1568;0;0;1739;1397
2018-07-19T06:45;2018-07-19T07:00;28;kWh;0;13978;0;0;13978;13978
2018-07-19T07:00;2018-07-19T07:15;29;kWh;-2458;11294;0;0;13752;8836
2018-07-19T07:15;2018-07-19T07:30;30;kWh;-5743;385;0;0;6128;-5358
2018-07-19T07:30;2018-07-19T07:45;31;kWh;0;9306;0;0;9306;9306
2018-07-19T07:45;2018-07-19T08:00;32;kWh;0;45990;0;0;45990;45990
2018-07-19T08:00;2018-07-19T08:15;33;kWh;-746;14943;0;0;15689;14197
2018-07-19T08:15;2018-07-19T08:30;34;kWh;0;2522;0;0;2522;2522
2018-07-19T08:30;2018-07-19T08:45;35;kWh;0;33136;0;0;33136;33136
2018-07-19T08:45;2018-07-19T09:00;36;kWh;0;41093;0;0;41093;41093
2018-07-19T09:00;2018-07-19T09:15;37;kWh;0;41063;0;0;41063;41063
2018-07-19T09:15;2018-07-19T09:30;38;kWh;0;24840;0;0;24840;24840
2018-07-19T09:30;2018-07-19T09:45;39;kWh;0;22477;0;0;22477;22477
2018-07-19T09:45;2018-07-19T10:00;40;kWh;0;4877;0;0;4877;4877
2018-07-19T10:00;2018-07-19T10:15;41;kWh;0;23380;0;0;23380;23380
2018-07-19T10:15;2018-07-19T10:30;42;kWh;0;29706;0;0;29706;29706
2018-07-19T10:30;2018-07-19T10:45;43;kWh;0;28112;0;0;28112;28112
2018-07-19T10:45;2018-07-19T11:00;44;kWh;0;18836;0;0;18836;18836
2018-07-19T11:00;2018-07-19T11:15;45;kWh;-357;5833;0;0;6190;5476
2018-07-19T11:15;2018-07-19T11:30;46;kWh;-452;0;0;0;452;-452
2018-07-19T11:30;2018-07-19T11:45;47;kWh;0;0;0;0;0;0
2018-07-19T11:45;2018-07-19T12:00;48;kWh;0;0;0;0;0;0
2018-07-19T12:00;2018-07-19T12:15;49;kWh;0;0;0;0;0;0
2018-07-19T12:15;2018-07-19T12:30;50;kWh;0;0;0;0;0;0
2018-07-19T12:30;2018-07-19T12:45;51;kWh;0;1319;0;0;1319;1319
2018-07-19T12:45;2018-07-19T13:00;52;kWh;0;6825;0;0;6825;6825
2018-07-19T13:00;2018-07-19T13:15;53;kWh;0;0;0;0;0;0
2018-07-19T13:15;2018-07-19T13:30;54;kWh;0;766;0;0;766;766
2018-07-19T13:30;2018-07-19T13:45;55;kWh;0;1141;0;0;1141;1141
2018-07-19T13:45;2018-07-19T14:00;56;kWh;0;2171;0;0;2171;2171
2018-07-19T14:00;2018-07-19T14:15;57;kWh;0;11167;0;0;11167;11167
2018-07-19T14:15;2018-07-19T14:30;58;kWh;0;59541;0;0;59541;59541
2018-07-19T14:30;2018-07-19T14:45;59;kWh;0;16635;0;0;16635;16635
2018-07-19T14:45;2018-07-19T15:00;60;kWh;0;25744;0;0;25744;25744
2018-07-19T15:00;2018-07-19T15:15;61;kWh;-761;12613;0;0;13374;11852
2018-07-19T15:15;2018-07-19T15:30;62;kWh;-63;1613;0;0;1676;1550
2018-07-19T15:30;2018-07-19T15:45;63;kWh;0;3032;0;0;3032;3032
2018-07-19T15:45;2018-07-19T16:00;64;kWh;0;0;0;0;0;0
2018-07-19T16:00;2018-07-19T16:15;65;kWh;-4844;0;0;0;4844;-4844
2018-07-19T16:15;2018-07-19T16:30;66;kWh;-15167;0;0;0;15167;-15167
2018-07-19T16:30;2018-07-19T16:45;67;kWh;-10828;0;0;0;10828;-10828
2018-07-19T16:45;2018-07-19T17:00;68;kWh;-1633;0;0;0;1633;-1633
2018-07-19T17:00;2018-07-19T17:15;69;kWh;-4206;0;0;0;4206;-4206
2018-07-19T17:15;2018-07-19T17:30;70;kWh;-1788;0;0;0;1788;-1788
2018-07-19T17:30;2018-07-19T17:45;71;kWh;-110;0;0;0;110;-110
2018-07-19T17:45;2018-07-19T18:00;72;kWh;0;0;0;0;0;0
2018-07-19T18:00;2018-07-19T18:15;73;kWh;0;0;0;0;0;0
2018-07-19T18:15;2018-07-19T18:30;74;kWh;0;0;0;0;0;0
2018-07-19T18:30;2018-07-19T18:45;75;kWh;0;0;0;0;0;0
2018-07-19T18:45;2018-07-19T19:00;76;kWh;0;1281;0;0;1281;1281
2018-07-19T19:00;2018-07-19T19:15;77;kWh;0;432;0;0;432;432
2018-07-19T19:15;2018-07-19T19:30;78;kWh;0;0;0;0;0;0
2018-07-19T19:30;2018-07-19T19:45;79;kWh;0;0;0;0;0;0
2018-07-19T19:45;2018-07-19T20:00;80;kWh;0;0;0;0;0;0
2018-07-19T20:00;2018-07-19T20:15;81;kWh;0;9;0;0;9;9
2018-07-19T20:15;2018-07-19T20:30;82;kWh;0;1200;0;0;1200;1200
2018-07-19T20:30;2018-07-19T20:45;83;kWh;0;44;0;0;44;44
2018-07-19T20:45;2018-07-19T21:00;84;kWh;-582;0;0;0;582;-582
2018-07-19T21:00;2018-07-19T21:15;85;kWh;-119;4105;0;0;4224;3986
2018-07-19T21:15;2018-07-19T21:30;86;kWh;0;1020;0;0;1020;1020
2018-07-19T21:30;2018-07-19T21:45;87;kWh;-2529;0;0;0;2529;-2529
2018-07-19T21:45;2018-07-19T22:00;88;kWh;-868;0;0;0;868;-868
2018-07-19T22:00;2018-07-19T22:15;89;kWh;0;0;0;0;0;0
2018-07-19T22:15;2018-07-19T22:30;90;kWh;0;0;0;0;0;0
2018-07-19T22:30;2018-07-19T22:45;91;kWh;0;0;0;0;0;0
2018-07-19T22:45;2018-07-19T23:00;92;kWh;0;0;0;0;0;0
2018-07-19T23:00;2018-07-19T23:15;93;kWh;-41;3328;0;0;3369;3287
2018-07-19T23:15;2018-07-19T23:30;94;kWh;-38;521;0;0;559;483
2018-07-19T23:30;2018-07-19T23:45;95;kWh;-6871;0;0;0;6871;-6871
2018-07-19T23:45;2018-07-20T00:00;96;kWh;-39836;0;0;0;39836;-39836
2018-07-20T00:00;2018-07-20T00:15;1;kWh;-16145;11650;0;0;27795;-4495
2018-07-20T00:15;2018-07-20T00:30;2;kWh;-22;17255;0;0;17277;17233
2018-07-20T00:30;2018-07-20T00:45;3;kWh;-554;105;0;0;659;-449
2018-07-20T00:45;2018-07-20T01:00;4;kWh;-3534;0;0;0;3534;-3534
2018-07-20T01:00;2018-07-20T01:15;5;kWh;-1678;7151;0;0;8829;5473
2018-07-20T01:15;2018-07-20T01:30;6;kWh;0;18919;0;0;18919;18919
2018-07-20T01:30;2018-07-20T01:45;7;kWh;0;901;0;0;901;901
2018-07-20T01:45;2018-07-20T02:00;8;kWh;0;151;0;0;151;151
2018-07-20T02:00;2018-07-20T02:15;9;kWh;0;0;0;0;0;0
2018-07-20T02:15;2018-07-20T02:30;10;kWh;0;0;0;0;0;0
2018-07-20T02:30;2018-07-20T02:45;11;kWh;0;0;0;0;0;0
2018-07-20T02:45;2018-07-20T03:00;12;kWh;0;0;0;0;0;0
2018-07-20T03:00;2018-07-20T03:15;13;kWh;0;587;0;0;587;587
2018-07-20T03:15;2018-07-20T03:30;14;kWh;0;336;0;0;336;336
2018-07-20T03:30;2018-07-20T03:45;15;kWh;0;0;0;0;0;0
2018-07-20T03:45;2018-07-20T04:00;16;kWh;-1648;0;0;0;1648;-1648
2018-07-20T04:00;2018-07-20T04:15;17;kWh;-16463;0;0;0;16463;-16463
2018-07-20T04:15;2018-07-20T04:30;18;kWh;-19271;0;0;0;19271;-19271
2018-07-20T04:30;2018-07-20T04:45;19;kWh;-2834;0;0;0;2834;-2834
2018-07-20T04:45;2018-07-20T05:00;20;kWh;0;0;0;0;0;0
2018-07-20T05:00;2018-07-20T05:15;21;kWh;-6808;0;0;0;6808;-6808
2018-07-20T05:15;2018-07-20T05:30;22;kWh;-13508;0;0;0;13508;-13508
2018-07-20T05:30;2018-07-20T05:45;23;kWh;-2212;0;0;0;2212;-2212
2018-07-20T05:45;2018-07-20T06:00;24;kWh;-1370;0;0;0;1370;-1370
2018-07-20T06:00;2018-07-20T06:15;25;kWh;-33251;0;0;0;33251;-33251
2018-07-20T06:15;2018-07-20T06:30;26;kWh;-58985;0;0;0;58985;-58985
2018-07-20T06:30;2018-07-20T06:45;27;kWh;-7595;2256;0;0;9851;-5339
2018-07-20T06:45;2018-07-20T07:00;28;kWh;0;2615;0;0;2615;2615
2018-07-20T07:00;2018-07-20T07:15;29;kWh;-25604;416;0;0;26020;-25188
2018-07-20T07:15;2018-07-20T07:30;30;kWh;-39564;0;0;0;39564;-39564
2018-07-20T07:30;2018-07-20T07:45;31;kWh;-4087;4;0;0;4091;-4083
2018-07-20T07:45;2018-07-20T08:00;32;kWh;0;2715;0;0;2715;2715
2018-07-20T08:00;2018-07-20T08:15;33;kWh;-2396;77;0;0;2473;-2319
2018-07-20T08:15;2018-07-20T08:30;34;kWh;-500;0;0;0;500;-500
2018-07-20T08:30;2018-07-20T08:45;35;kWh;0;0;0;0;0;0
2018-07-20T08:45;2018-07-20T09:00;36;kWh;0;186;0;0;186;186
2018-07-20T09:00;2018-07-20T09:15;37;kWh;0;472;0;0;472;472
2018-07-20T09:15;2018-07-20T09:30;38;kWh;0;2284;0;0;2284;2284
2018-07-20T09:30;2018-07-20T09:45;39;kWh;0;1400;0;0;1400;1400
2018-07-20T09:45;2018-07-20T10:00;40;kWh;0;1666;0;0;1666;1666
2018-07-20T10:00;2018-07-20T10:15;41;kWh;0;19447;0;0;19447;19447
2018-07-20T10:15;2018-07-20T10:30;42;kWh;0;23458;0;0;23458;23458
2018-07-20T10:30;2018-07-20T10:45;43;kWh;0;8321;0;0;8321;8321
2018-07-20T10:45;2018-07-20T11:00;44;kWh;0;6;0;0;6;6
2018-07-20T11:00;2018-07-20T11:15;45;kWh;0;0;0;0;0;0
2018-07-20T11:15;2018-07-20T11:30;46;kWh;0;0;0;0;0;0
2018-07-20T11:30;2018-07-20T11:45;47;kWh;0;0;0;0;0;0
2018-07-20T11:45;2018-07-20T12:00;48;kWh;0;0;0;0;0;0
2018-07-20T12:00;2018-07-20T12:15;49;kWh;-894;0;0;0;894;-894
2018-07-20T12:15;2018-07-20T12:30;50;kWh;-8166;0;0;0;8166;-8166
2018-07-20T12:30;2018-07-20T12:45;51;kWh;-9320;59;0;0;9379;-9261
2018-07-20T12:45;2018-07-20T13:00;52;kWh;-171;39;0;0;210;-132
2018-07-20T13:00;2018-07-20T13:15;53;kWh;-1017;83;0;0;1100;-934
2018-07-20T13:15;2018-07-20T13:30;54;kWh;0;1465;0;0;1465;1465
2018-07-20T13:30;2018-07-20T13:45;55;kWh;0;6680;0;0;6680;6680
2018-07-20T13:45;2018-07-20T14:00;56;kWh;0;2604;0;0;2604;2604
2018-07-20T14:00;2018-07-20T14:15;57;kWh;0;1377;0;0;1377;1377
2018-07-20T14:15;2018-07-20T14:30;58;kWh;0;3290;0;0;3290;3290
2018-07-20T14:30;2018-07-20T14:45;59;kWh;0;1888;0;0;1888;1888
2018-07-20T14:45;2018-07-20T15:00;60;kWh;0;719;0;0;719;719
2018-07-20T15:00;2018-07-20T15:15;61;kWh;-3305;0;0;0;3305;-3305
2018-07-20T15:15;2018-07-20T15:30;62;kWh;-7619;0;0;0;7619;-7619
2018-07-20T15:30;2018-07-20T15:45;63;kWh;-491;0;0;0;491;-491
2018-07-20T15:45;2018-07-20T16:00;64;kWh;-4661;0;0;0;4661;-4661
2018-07-20T16:00;2018-07-20T16:15;65;kWh;-9170;0;0;0;9170;-9170
2018-07-20T16:15;2018-07-20T16:30;66;kWh;-9464;0;0;0;9464;-9464
2018-07-20T16:30;2018-07-20T16:45;67;kWh;-3465;0;0;0;3465;-3465
2018-07-20T16:45;2018-07-20T17:00;68;kWh;-2;0;0;0;2;-2
2018-07-20T17:00;2018-07-20T17:15;69;kWh;-412;0;0;0;412;-412
2018-07-20T17:15;2018-07-20T17:30;70;kWh;-414;0;0;0;414;-414
2018-07-20T17:30;2018-07-20T17:45;71;kWh;0;1887;0;0;1887;1887
2018-07-20T17:45;2018-07-20T18:00;72;kWh;0;12213;0;0;12213;12213
2018-07-20T18:00;2018-07-20T18:15;73;kWh;0;2771;0;0;2771;2771
2018-07-20T18:15;2018-07-20T18:30;74;kWh;-949;127;0;0;1076;-822
2018-07-20T18:30;2018-07-20T18:45;75;kWh;0;0;0;0;0;0
2018-07-20T18:45;2018-07-20T19:00;76;kWh;0;0;0;0;0;0
2018-07-20T19:00;2018-07-20T19:15;77;kWh;0;0;0;0;0;0
2018-07-20T19:15;2018-07-20T19:30;78;kWh;0;0;0;0;0;0
2018-07-20T19:30;2018-07-20T19:45;79;kWh;0;1360;0;0;1360;1360
2018-07-20T19:45;2018-07-20T20:00;80;kWh;0;4271;0;0;4271;4271
2018-07-20T20:00;2018-07-20T20:15;81;kWh;0;13575;0;0;13575;13575
2018-07-20T20:15;2018-07-20T20:30;82;kWh;0;5904;0;0;5904;5904
2018-07-20T20:30;2018-07-20T20:45;83;kWh;0;12;0;0;12;12
2018-07-20T20:45;2018-07-20T21:00;84;kWh;-644;0;0;0;644;-644
2018-07-20T21:00;2018-07-20T21:15;85;kWh;-327;12725;0;0;13052;12398
2018-07-20T21:15;2018-07-20T21:30;86;kWh;0;4987;0;0;4987;4987
2018-07-20T21:30;2018-07-20T21:45;87;kWh;0;0;0;0;0;0
2018-07-20T21:45;2018-07-20T22:00;88;kWh;0;1066;0;0;1066;1066
2018-07-20T22:00;2018-07-20T22:15;89;kWh;0;515;0;0;515;515
2018-07-20T22:15;2018-07-20T22:30;90;kWh;0;0;0;0;0;0
2018-07-20T22:30;2018-07-20T22:45;91;kWh;-4348;0;0;0;4348;-4348
2018-07-20T22:45;2018-07-20T23:00;92;kWh;-22357;0;0;0;22357;-22357
2018-07-20T23:00;2018-07-20T23:15;93;kWh;-14561;408;0;0;14969;-14153
2018-07-20T23:15;2018-07-20T23:30;94;kWh;-3375;617;0;0;3992;-2758
2018-07-20T23:30;2018-07-20T23:45;95;kWh;-13038;0;0;0;13038;-13038
2018-07-20T23:45;2018-07-21T00:00;96;kWh;-39918;0;0;0;39918;-39918
2018-07-21T00:00;2018-07-21T00:15;1;kWh;-18675;7233;0;0;25908;-11442
2018-07-21T00:15;2018-07-21T00:30;2;kWh;0;1565;0;0;1565;1565
2018-07-21T00:30;2018-07-21T00:45;3;kWh;-93;0;0;0;93;-93
2018-07-21T00:45;2018-07-21T01:00;4;kWh;-1368;0;0;0;1368;-1368
2018-07-21T01:00;2018-07-21T01:15;5;kWh;-16181;3;0;0;16184;-16178
2018-07-21T01:15;2018-07-21T01:30;6;kWh;-3311;261;0;0;3572;-3050
2018-07-21T01:30;2018-07-21T01:45;7;kWh;-18674;0;0;0;18674;-18674
2018-07-21T01:45;2018-07-21T02:00;8;kWh;-11318;0;0;0;11318;-11318
2018-07-21T02:00;2018-07-21T02:15;9;kWh;-9775;0;0;0;9775;-9775
2018-07-21T02:15;2018-07-21T02:30;10;kWh;-346;0;0;0;346;-346
2018-07-21T02:30;2018-07-21T02:45;11;kWh;-1743;0;0;0;1743;-1743
2018-07-21T02:45;2018-07-21T03:00;12;kWh;-179;0;0;0;179;-179
2018-07-21T03:00;2018-07-21T03:15;13;kWh;-429;0;0;0;429;-429
2018-07-21T03:15;2018-07-21T03:30;14;kWh;0;0;0;0;0;0
2018-07-21T03:30;2018-07-21T03:45;15;kWh;0;0;0;0;0;0
2018-07-21T03:45;2018-07-21T04:00;16;kWh;0;0;0;0;0;0
2018-07-21T04:00;2018-07-21T04:15;17;kWh;0;0;0;0;0;0
2018-07-21T04:15;2018-07-21T04:30;18;kWh;0;0;0;0;0;0
2018-07-21T04:30;2018-07-21T04:45;19;kWh;0;0;0;0;0;0
2018-07-21T04:45;2018-07-21T05:00;20;kWh;0;0;0;0;0;0
2018-07-21T05:00;2018-07-21T05:15;21;kWh;0;52;0;0;52;52
2018-07-21T05:15;2018-07-21T05:30;22;kWh;0;1071;0;0;1071;1071
2018-07-21T05:30;2018-07-21T05:45;23;kWh;0;0;0;0;0;0
2018-07-21T05:45;2018-07-21T06:00;24;kWh;0;0;0;0;0;0
2018-07-21T06:00;2018-07-21T06:15;25;kWh;0;0;0;0;0;0
2018-07-21T06:15;2018-07-21T06:30;26;kWh;0;0;0;0;0;0
2018-07-21T06:30;2018-07-21T06:45;27;kWh;0;0;0;0;0;0
2018-07-21T06:45;2018-07-21T07:00;28;kWh;0;0;0;0;0;0
2018-07-21T07:00;2018-07-21T07:15;29;kWh;-51;0;0;0;51;-51
2018-07-21T07:15;2018-07-21T07:30;30;kWh;-352;0;0;0;352;-352
2018-07-21T07:30;2018-07-21T07:45;31;kWh;0;0;0;0;0;0
2018-07-21T07:45;2018-07-21T08:00;32;kWh;0;0;0;0;0;0
2018-07-21T08:00;2018-07-21T08:15;33;kWh;0;0;0;0;0;0
2018-07-21T08:15;2018-07-21T08:30;34;kWh;0;0;0;0;0;0
2018-07-21T08:30;2018-07-21T08:45;35;kWh;0;0;0;0;0;0
2018-07-21T08:45;2018-07-21T09:00;36;kWh;0;156;0;0;156;156
2018-07-21T09:00;2018-07-21T09:15;37;kWh;0;1333;0;0;1333;1333
2018-07-21T09:15;2018-07-21T09:30;38;kWh;0;17548;0;0;17548;17548
2018-07-21T09:30;2018-07-21T09:45;39;kWh;0;10572;0;0;10572;10572
2018-07-21T09:45;2018-07-21T10:00;40;kWh;0;23798;0;0;23798;23798
2018-07-21T10:00;2018-07-21T10:15;41;kWh;0;38405;0;0;38405;38405
2018-07-21T10:15;2018-07-21T10:30;42;kWh;-57;18767;0;0;18824;18710
2018-07-21T10:30;2018-07-21T10:45;43;kWh;-690;893;0;0;1583;203
2018-07-21T10:45;2018-07-21T11:00;44;kWh;-400;0;0;0;400;-400
2018-07-21T11:00;2018-07-21T11:15;45;kWh;0;0;0;0;0;0
2018-07-21T11:15;2018-07-21T11:30;46;kWh;0;0;0;0;0;0
2018-07-21T11:30;2018-07-21T11:45;47;kWh;0;0;0;0;0;0
2018-07-21T11:45;2018-07-21T12:00;48;kWh;0;1333;0;0;1333;1333
2018-07-21T12:00;2018-07-21T12:15;49;kWh;0;11797;0;0;11797;11797
2018-07-21T12:15;2018-07-21T12:30;50;kWh;-343;4200;0;0;4543;3857
2018-07-21T12:30;2018-07-21T12:45;51;kWh;0;1839;0;0;1839;1839
2018-07-21T12:45;2018-07-21T13:00;52;kWh;0;1726;0;0;1726;1726
2018-07-21T13:00;2018-07-21T13:15;53;kWh;0;24651;0;0;24651;24651
2018-07-21T13:15;2018-07-21T13:30;54;kWh;0;27047;0;0;27047;27047
2018-07-21T13:30;2018-07-21T13:45;55;kWh;0;3120;0;0;3120;3120
2018-07-21T13:45;2018-07-21T14:00;56;kWh;0;12137;0;0;12137;12137
2018-07-21T14:00;2018-07-21T14:15;57;kWh;0;82874;0;0;82874;82874
2018-07-21T14:15;2018-07-21T14:30;58;kWh;0;110559;0;0;119309;119309
2018-07-21T14:30;2018-07-21T14:45;59;kWh;-67;35272;0;0;44089;43955
2018-07-21T14:45;2018-07-21T15:00;60;kWh;0;0;0;0;0;0
2018-07-21T15:00;2018-07-21T15:15;61;kWh;0;0;0;0;0;0
2018-07-21T15:15;2018-07-21T15:30;62;kWh;0;0;0;0;0;0
2018-07-21T15:30;2018-07-21T15:45;63;kWh;0;4090;0;0;4090;4090
2018-07-21T15:45;2018-07-21T16:00;64;kWh;0;12615;0;0;12615;12615
2018-07-21T16:00;2018-07-21T16:15;65;kWh;0;1877;0;0;1877;1877
2018-07-21T16:15;2018-07-21T16:30;66;kWh;0;2139;0;0;2139;2139
2018-07-21T16:30;2018-07-21T16:45;67;kWh;0;23969;0;0;23969;23969
2018-07-21T16:45;2018-07-21T17:00;68;kWh;0;33965;0;0;33965;33965
2018-07-21T17:00;2018-07-21T17:15;69;kWh;0;23465;0;0;23465;23465
2018-07-21T17:15;2018-07-21T17:30;70;kWh;0;2660;0;0;2660;2660
2018-07-21T17:30;2018-07-21T17:45;71;kWh;0;28459;0;0;28459;28459
2018-07-21T17:45;2018-07-21T18:00;72;kWh;0;48992;0;0;48992;48992
2018-07-21T18:00;2018-07-21T18:15;73;kWh;-4803;6214;0;0;11017;1411
2018-07-21T18:15;2018-07-21T18:30;74;kWh;-963;0;0;0;963;-963
2018-07-21T18:30;2018-07-21T18:45;75;kWh;0;4649;0;0;4649;4649
2018-07-21T18:45;2018-07-21T19:00;76;kWh;0;6190;0;0;6190;6190
2018-07-21T19:00;2018-07-21T19:15;77;kWh;0;1605;0;0;1605;1605
2018-07-21T19:15;2018-07-21T19:30;78;kWh;0;234;0;0;234;234
2018-07-21T19:30;2018-07-21T19:45;79;kWh;0;15499;0;0;15499;15499
2018-07-21T19:45;2018-07-21T20:00;80;kWh;0;25459;0;0;25459;25459
2018-07-21T20:00;2018-07-21T20:15;81;kWh;0;21592;0;0;21592;21592
2018-07-21T20:15;2018-07-21T20:30;82;kWh;0;34695;0;0;34695;34695
2018-07-21T20:30;2018-07-21T20:45;83;kWh;0;17818;0;0;17818;17818
2018-07-21T20:45;2018-07-21T21:00;84;kWh;0;11159;0;0;11159;11159
2018-07-21T21:00;2018-07-21T21:15;85;kWh;0;1840;0;0;1840;1840
2018-07-21T21:15;2018-07-21T21:30;86;kWh;0;2792;0;0;2792;2792
2018-07-21T21:30;2018-07-21T21:45;87;kWh;0;23709;0;0;23709;23709
2018-07-21T21:45;2018-07-21T22:00;88;kWh;0;47167;0;0;47167;47167
2018-07-21T22:00;2018-07-21T22:15;89;kWh;0;65263;0;0;65263;65263
2018-07-21T22:15;2018-07-21T22:30;90;kWh;0;75968;0;0;75968;75968
2018-07-21T22:30;2018-07-21T22:45;91;kWh;0;35673;0;0;35673;35673
2018-07-21T22:45;2018-07-21T23:00;92;kWh;0;15424;0;0;15424;15424
2018-07-21T23:00;2018-07-21T23:15;93;kWh;0;3088;0;0;3088;3088
2018-07-21T23:15;2018-07-21T23:30;94;kWh;0;258;0;0;258;258
2018-07-21T23:30;2018-07-21T23:45;95;kWh;0;34;0;0;34;34
2018-07-21T23:45;2018-07-22T00:00;96;kWh;-14249;0;0;0;14249;-14249
2018-07-22T00:00;2018-07-22T00:15;1;kWh;-9764;10065;0;0;19829;301
2018-07-22T00:15;2018-07-22T00:30;2;kWh;-11;32716;0;0;32727;32705
2018-07-22T00:30;2018-07-22T00:45;3;kWh;-241;512;0;0;753;271
2018-07-22T00:45;2018-07-22T01:00;4;kWh;0;12774;0;0;12774;12774
2018-07-22T01:00;2018-07-22T01:15;5;kWh;0;19473;0;0;19473;19473
2018-07-22T01:15;2018-07-22T01:30;6;kWh;0;19926;0;0;19926;19926
2018-07-22T01:30;2018-07-22T01:45;7;kWh;-720;5373;0;0;6093;4653
2018-07-22T01:45;2018-07-22T02:00;8;kWh;-336;0;0;0;336;-336
2018-07-22T02:00;2018-07-22T02:15;9;kWh;0;981;0;0;981;981
2018-07-22T02:15;2018-07-22T02:30;10;kWh;0;53;0;0;53;53
2018-07-22T02:30;2018-07-22T02:45;11;kWh;0;0;0;0;0;0
2018-07-22T02:45;2018-07-22T03:00;12;kWh;0;0;0;0;0;0
2018-07-22T03:00;2018-07-22T03:15;13;kWh;0;0;0;0;0;0
2018-07-22T03:15;2018-07-22T03:30;14;kWh;0;0;0;0;0;0
2018-07-22T03:30;2018-07-22T03:45;15;kWh;0;0;0;0;0;0
2018-07-22T03:45;2018-07-22T04:00;16;kWh;0;1563;0;0;1563;1563
2018-07-22T04:00;2018-07-22T04:15;17;kWh;0;2847;0;0;2847;2847
2018-07-22T04:15;2018-07-22T04:30;18;kWh;0;2371;0;0;2371;2371
2018-07-22T04:30;2018-07-22T04:45;19;kWh;0;1505;0;0;1505;1505
2018-07-22T04:45;2018-07-22T05:00;20;kWh;0;1188;0;0;1188;1188
2018-07-22T05:00;2018-07-22T05:15;21;kWh;0;24243;0;0;24243;24243
2018-07-22T05:15;2018-07-22T05:30;22;kWh;0;19611;0;0;19611;19611
2018-07-22T05:30;2018-07-22T05:45;23;kWh;0;4678;0;0;4678;4678
2018-07-22T05:45;2018-07-22T06:00;24;kWh;-44;763;0;0;807;719
2018-07-22T06:00;2018-07-22T06:15;25;kWh;-57;184;0;0;241;127
2018-07-22T06:15;2018-07-22T06:30;26;kWh;0;311;0;0;311;311
2018-07-22T06:30;2018-07-22T06:45;27;kWh;0;0;0;0;0;0
2018-07-22T06:45;2018-07-22T07:00;28;kWh;0;0;0;0;0;0
2018-07-22T07:00;2018-07-22T07:15;29;kWh;-1374;0;0;0;1374;-1374
2018-07-22T07:15;2018-07-22T07:30;30;kWh;-3408;0;0;0;3408;-3408
2018-07-22T07:30;2018-07-22T07:45;31;kWh;-3316;0;0;0;3316;-3316
2018-07-22T07:45;2018-07-22T08:00;32;kWh;-74;0;0;0;74;-74
2018-07-22T08:00;2018-07-22T08:15;33;kWh;-459;0;0;0;459;-459
2018-07-22T08:15;2018-07-22T08:30;34;kWh;-2104;0;0;0;2104;-2104
2018-07-22T08:30;2018-07-22T08:45;35;kWh;-953;0;0;0;953;-953
2018-07-22T08:45;2018-07-22T09:00;36;kWh;0;364;0;0;364;364
2018-07-22T09:00;2018-07-22T09:15;37;kWh;0;0;0;0;0;0
2018-07-22T09:15;2018-07-22T09:30;38;kWh;0;0;0;0;0;0
2018-07-22T09:30;2018-07-22T09:45;39;kWh;0;0;0;0;0;0
2018-07-22T09:45;2018-07-22T10:00;40;kWh;0;0;0;0;0;0
2018-07-22T10:00;2018-07-22T10:15;41;kWh;0;0;0;0;0;0
2018-07-22T10:15;2018-07-22T10:30;42;kWh;0;0;0;0;0;0
2018-07-22T10:30;2018-07-22T10:45;43;kWh;0;344;0;0;344;344
2018-07-22T10:45;2018-07-22T11:00;44;kWh;0;234;0;0;234;234
2018-07-22T11:00;2018-07-22T11:15;45;kWh;0;2022;0;0;2022;2022
2018-07-22T11:15;2018-07-22T11:30;46;kWh;0;2628;0;0;2628;2628
2018-07-22T11:30;2018-07-22T11:45;47;kWh;0;1362;0;0;1362;1362
2018-07-22T11:45;2018-07-22T12:00;48;kWh;0;0;0;0;0;0
2018-07-22T12:00;2018-07-22T12:15;49;kWh;0;0;0;0;0;0
2018-07-22T12:15;2018-07-22T12:30;50;kWh;0;0;0;0;0;0
2018-07-22T12:30;2018-07-22T12:45;51;kWh;0;5748;0;0;5748;5748
2018-07-22T12:45;2018-07-22T13:00;52;kWh;0;9074;0;0;9074;9074
2018-07-22T13:00;2018-07-22T13:15;53;kWh;0;272;0;0;272;272
2018-07-22T13:15;2018-07-22T13:30;54;kWh;0;0;0;0;0;0
2018-07-22T13:30;2018-07-22T13:45;55;kWh;0;0;0;0;0;0
2018-07-22T13:45;2018-07-22T14:00;56;kWh;0;565;0;0;565;565
2018-07-22T14:00;2018-07-22T14:15;57;kWh;0;9903;0;0;9903;9903
2018-07-22T14:15;2018-07-22T14:30;58;kWh;0;15351;0;0;15351;15351
2018-07-22T14:30;2018-07-22T14:45;59;kWh;0;4673;0;0;4673;4673
2018-07-22T14:45;2018-07-22T15:00;60;kWh;0;31472;0;0;31472;31472
2018-07-22T15:00;2018-07-22T15:15;61;kWh;-424;12194;0;0;12618;11770
2018-07-22T15:15;2018-07-22T15:30;62;kWh;-58;3375;0;0;3433;3317
2018-07-22T15:30;2018-07-22T15:45;63;kWh;0;3869;0;0;3869;3869
2018-07-22T15:45;2018-07-22T16:00;64;kWh;0;842;0;0;842;842
2018-07-22T16:00;2018-07-22T16:15;65;kWh;-1238;0;0;0;1238;-1238
2018-07-22T16:15;2018-07-22T16:30;66;kWh;-9425;0;0;0;9425;-9425
2018-07-22T16:30;2018-07-22T16:45;67;kWh;-4701;0;0;0;4701;-4701
2018-07-22T16:45;2018-07-22T17:00;68;kWh;-134;205;0;0;339;71
2018-07-22T17:00;2018-07-22T17:15;69;kWh;-3731;0;0;0;3731;-3731
2018-07-22T17:15;2018-07-22T17:30;70;kWh;-11245;0;0;0;11245;-11245
2018-07-22T17:30;2018-07-22T17:45;71;kWh;-1776;0;0;0;1776;-1776
2018-07-22T17:45;2018-07-22T18:00;72;kWh;0;6951;0;0;6951;6951
2018-07-22T18:00;2018-07-22T18:15;73;kWh;-133;32284;0;0;32417;32151
2018-07-22T18:15;2018-07-22T18:30;74;kWh;-1828;1225;0;0;3053;-603
2018-07-22T18:30;2018-07-22T18:45;75;kWh;0;0;0;0;0;0
2018-07-22T18:45;2018-07-22T19:00;76;kWh;0;2043;0;0;2043;2043
2018-07-22T19:00;2018-07-22T19:15;77;kWh;-16246;155;0;0;16401;-16091
2018-07-22T19:15;2018-07-22T19:30;78;kWh;-14191;0;0;0;14191;-14191
2018-07-22T19:30;2018-07-22T19:45;79;kWh;-197;116;0;0;313;-81
2018-07-22T19:45;2018-07-22T20:00;80;kWh;0;15711;0;0;15711;15711
2018-07-22T20:00;2018-07-22T20:15;81;kWh;-546;6873;0;0;7419;6327
2018-07-22T20:15;2018-07-22T20:30;82;kWh;0;0;0;0;0;0
2018-07-22T20:30;2018-07-22T20:45;83;kWh;0;0;0;0;0;0
2018-07-22T20:45;2018-07-22T21:00;84;kWh;0;652;0;0;652;652
2018-07-22T21:00;2018-07-22T21:15;85;kWh;0;25354;0;0;25354;25354
2018-07-22T21:15;2018-07-22T21:30;86;kWh;0;49488;0;0;49488;49488
2018-07-22T21:30;2018-07-22T21:45;87;kWh;0;47098;0;0;47098;47098
2018-07-22T21:45;2018-07-22T22:00;88;kWh;0;56793;0;0;56793;56793
2018-07-22T22:00;2018-07-22T22:15;89;kWh;0;83551;0;0;83551;83551
2018-07-22T22:15;2018-07-22T22:30;90;kWh;0;73018;0;0;73018;73018
2018-07-22T22:30;2018-07-22T22:45;91;kWh;0;15102;0;0;15102;15102
2018-07-22T22:45;2018-07-22T23:00;92;kWh;0;241;0;0;241;241
2018-07-22T23:00;2018-07-22T23:15;93;kWh;0;33060;0;0;33060;33060
2018-07-22T23:15;2018-07-22T23:30;94;kWh;0;39502;0;0;39502;39502
2018-07-22T23:30;2018-07-22T23:45;95;kWh;0;9931;0;0;9931;9931
2018-07-22T23:45;2018-07-23T00:00;96;kWh;-53;1070;0;0;1123;1017
2018-07-23T00:00;2018-07-23T00:15;1;kWh;-70;1315;0;0;1385;1245
2018-07-23T00:15;2018-07-23T00:30;2;kWh;0;414;0;0;414;414
2018-07-23T00:30;2018-07-23T00:45;3;kWh;-4203;0;0;0;4203;-4203
2018-07-23T00:45;2018-07-23T01:00;4;kWh;-28378;0;0;0;28378;-28378
2018-07-23T01:00;2018-07-23T01:15;5;kWh;-4936;1780;0;0;6716;-3156
2018-07-23T01:15;2018-07-23T01:30;6;kWh;0;1520;0;0;1520;1520
2018-07-23T01:30;2018-07-23T01:45;7;kWh;-11;0;0;0;11;-11
2018-07-23T01:45;2018-07-23T02:00;8;kWh;-8188;0;0;0;8188;-8188
2018-07-23T02:00;2018-07-23T02:15;9;kWh;-4177;1178;0;0;5355;-2999
2018-07-23T02:15;2018-07-23T02:30;10;kWh;0;10864;0;0;10864;10864
2018-07-23T02:30;2018-07-23T02:45;11;kWh;0;9580;0;0;9580;9580
2018-07-23T02:45;2018-07-23T03:00;12;kWh;0;4593;0;0;4593;4593
2018-07-23T03:00;2018-07-23T03:15;13;kWh;0;17969;0;0;17969;17969
2018-07-23T03:15;2018-07-23T03:30;14;kWh;0;25657;0;0;25657;25657
2018-07-23T03:30;2018-07-23T03:45;15;kWh;0;8346;0;0;8346;8346
2018-07-23T03:45;2018-07-23T04:00;16;kWh;0;452;0;0;452;452
2018-07-23T04:00;2018-07-23T04:15;17;kWh;0;2101;0;0;2101;2101
2018-07-23T04:15;2018-07-23T04:30;18;kWh;0;2785;0;0;2785;2785
2018-07-23T04:30;2018-07-23T04:45;19;kWh;-127;47;0;0;174;-80
2018-07-23T04:45;2018-07-23T05:00;20;kWh;-451;0;0;0;451;-451
2018-07-23T05:00;2018-07-23T05:15;21;kWh;0;3418;0;0;3418;3418
2018-07-23T05:15;2018-07-23T05:30;22;kWh;0;3463;0;0;3463;3463
2018-07-23T05:30;2018-07-23T05:45;23;kWh;0;11955;0;0;11955;11955
2018-07-23T05:45;2018-07-23T06:00;24;kWh;-572;15790;0;0;16362;15218
2018-07-23T06:00;2018-07-23T06:15;25;kWh;-3948;915;0;0;4863;-3033
2018-07-23T06:15;2018-07-23T06:30;26;kWh;-286;0;0;0;286;-286
2018-07-23T06:30;2018-07-23T06:45;27;kWh;0;2381;0;0;2381;2381
2018-07-23T06:45;2018-07-23T07:00;28;kWh;0;13098;0;0;13098;13098
2018-07-23T07:00;2018-07-23T07:15;29;kWh;-1321;2741;0;0;4062;1420
2018-07-23T07:15;2018-07-23T07:30;30;kWh;-322;0;0;0;322;-322
2018-07-23T07:30;2018-07-23T07:45;31;kWh;0;794;0;0;794;794
2018-07-23T07:45;2018-07-23T08:00;32;kWh;0;19114;0;0;19114;19114
2018-07-23T08:00;2018-07-23T08:15;33;kWh;0;4655;0;0;4655;4655
2018-07-23T08:15;2018-07-23T08:30;34;kWh;0;14409;0;0;14409;14409
2018-07-23T08:30;2018-07-23T08:45;35;kWh;0;21969;0;0;21969;21969
2018-07-23T08:45;2018-07-23T09:00;36;kWh;0;23071;0;0;23071;23071
2018-07-23T09:00;2018-07-23T09:15;37;kWh;-7;8614;0;0;8621;8607
2018-07-23T09:15;2018-07-23T09:30;38;kWh;-605;0;0;0;605;-605
2018-07-23T09:30;2018-07-23T09:45;39;kWh;-345;0;0;0;345;-345
2018-07-23T09:45;2018-07-23T10:00;40;kWh;-38;0;0;0;38;-38
2018-07-23T10:00;2018-07-23T10:15;41;kWh;0;0;0;0;0;0
2018-07-23T10:15;2018-07-23T10:30;42;kWh;0;0;0;0;0;0
2018-07-23T10:30;2018-07-23T10:45;43;kWh;-93;0;0;0;93;-93
2018-07-23T10:45;2018-07-23T11:00;44;kWh;-13;0;0;0;13;-13
2018-07-23T11:00;2018-07-23T11:15;45;kWh;0;506;0;0;506;506
2018-07-23T11:15;2018-07-23T11:30;46;kWh;0;2249;0;0;2249;2249
2018-07-23T11:30;2018-07-23T11:45;47;kWh;0;10555;0;0;10555;10555
2018-07-23T11:45;2018-07-23T12:00;48;kWh;0;27560;0;0;27560;27560
2018-07-23T12:00;2018-07-23T12:15;49;kWh;0;24344;0;0;24344;24344
2018-07-23T12:15;2018-07-23T12:30;50;kWh;0;4132;0;0;4132;4132
2018-07-23T12:30;2018-07-23T12:45;51;kWh;0;8532;0;0;8532;8532
2018-07-23T12:45;2018-07-23T13:00;52;kWh;0;14529;0;0;14529;14529
2018-07-23T13:00;2018-07-23T13:15;53;kWh;-217;632;0;0;849;415
2018-07-23T13:15;2018-07-23T13:30;54;kWh;0;0;0;0;0;0
2018-07-23T13:30;2018-07-23T13:45;55;kWh;0;160;0;0;160;160
2018-07-23T13:45;2018-07-23T14:00;56;kWh;0;1923;0;0;1923;1923
2018-07-23T14:00;2018-07-23T14:15;57;kWh;0;5626;0;0;5626;5626
2018-07-23T14:15;2018-07-23T14:30;58;kWh;0;10158;0;0;10158;10158
2018-07-23T14:30;2018-07-23T14:45;59;kWh;0;5365;0;0;5365;5365
2018-07-23T14:45;2018-07-23T15:00;60;kWh;0;6561;0;0;6561;6561
2018-07-23T15:00;2018-07-23T15:15;61;kWh;0;15267;0;0;15267;15267
2018-07-23T15:15;2018-07-23T15:30;62;kWh;0;30494;0;0;30494;30494
2018-07-23T15:30;2018-07-23T15:45;63;kWh;0;44118;0;0;44118;44118
2018-07-23T15:45;2018-07-23T16:00;64;kWh;0;45716;0;0;45716;45716
2018-07-23T16:00;2018-07-23T16:15;65;kWh;0;11475;0;0;11475;11475
2018-07-23T16:15;2018-07-23T16:30;66;kWh;0;12756;0;0;12756;12756
2018-07-23T16:30;2018-07-23T16:45;67;kWh;0;43267;0;0;43267;43267
2018-07-23T16:45;2018-07-23T17:00;68;kWh;0;52486;0;0;52486;52486
2018-07-23T17:00;2018-07-23T17:15;69;kWh;0;32528;0;0;32528;32528
2018-07-23T17:15;2018-07-23T17:30;70;kWh;0;14486;0;0;14486;14486
2018-07-23T17:30;2018-07-23T17:45;71;kWh;0;28240;0;0;28240;28240
2018-07-23T17:45;2018-07-23T18:00;72;kWh;0;51899;0;0;51899;51899
2018-07-23T18:00;2018-07-23T18:15;73;kWh;0;50763;0;0;50763;50763
2018-07-23T18:15;2018-07-23T18:30;74;kWh;0;19780;0;0;19780;19780
2018-07-23T18:30;2018-07-23T18:45;75;kWh;0;23972;0;0;23972;23972
2018-07-23T18:45;2018-07-23T19:00;76;kWh;0;55359;0;0;55359;55359
2018-07-23T19:00;2018-07-23T19:15;77;kWh;0;33754;0;0;33754;33754
2018-07-23T19:15;2018-07-23T19:30;78;kWh;0;1223;0;0;1223;1223
2018-07-23T19:30;2018-07-23T19:45;79;kWh;0;35042;0;0;35042;35042
2018-07-23T19:45;2018-07-23T20:00;80;kWh;0;58879;0;0;58879;58879
2018-07-23T20:00;2018-07-23T20:15;81;kWh;0;60401;0;0;60401;60401
2018-07-23T20:15;2018-07-23T20:30;82;kWh;0;60927;0;0;60927;60927
2018-07-23T20:30;2018-07-23T20:45;83;kWh;0;56423;0;0;56423;56423
2018-07-23T20:45;2018-07-23T21:00;84;kWh;0;14526;0;0;14526;14526
2018-07-23T21:00;2018-07-23T21:15;85;kWh;0;7881;0;0;7881;7881
2018-07-23T21:15;2018-07-23T21:30;86;kWh;0;18499;0;0;18499;18499
2018-07-23T21:30;2018-07-23T21:45;87;kWh;0;10983;0;0;10983;10983
2018-07-23T21:45;2018-07-23T22:00;88;kWh;0;16259;0;0;16259;16259
2018-07-23T22:00;2018-07-23T22:15;89;kWh;0;12137;0;0;12137;12137
2018-07-23T22:15;2018-07-23T22:30;90;kWh;0;4282;0;0;4282;4282
2018-07-23T22:30;2018-07-23T22:45;91;kWh;0;5078;0;0;5078;5078
2018-07-23T22:45;2018-07-23T23:00;92;kWh;0;2122;0;0;2122;2122
2018-07-23T23:00;2018-07-23T23:15;93;kWh;0;37431;0;0;37431;37431
2018-07-23T23:15;2018-07-23T23:30;94;kWh;0;51843;0;0;51843;51843
2018-07-23T23:30;2018-07-23T23:45;95;kWh;0;661;0;0;661;661
2018-07-23T23:45;2018-07-24T00:00;96;kWh;-2027;0;0;0;2027;-2027
2018-07-24T00:00;2018-07-24T00:15;1;kWh;-823;28744;0;0;29567;27921
2018-07-24T00:15;2018-07-24T00:30;2;kWh;0;38954;0;0;38954;38954
2018-07-24T00:30;2018-07-24T00:45;3;kWh;-24;555;0;0;579;531
2018-07-24T00:45;2018-07-24T01:00;4;kWh;-5903;0;0;0;5903;-5903
2018-07-24T01:00;2018-07-24T01:15;5;kWh;-2308;7983;0;0;10291;5675
2018-07-24T01:15;2018-07-24T01:30;6;kWh;0;39145;0;0;39145;39145
2018-07-24T01:30;2018-07-24T01:45;7;kWh;-8;4243;0;0;4251;4235
2018-07-24T01:45;2018-07-24T02:00;8;kWh;-464;0;0;0;464;-464
2018-07-24T02:00;2018-07-24T02:15;9;kWh;0;2587;0;0;2587;2587
2018-07-24T02:15;2018-07-24T02:30;10;kWh;-176;2085;0;0;2261;1909
2018-07-24T02:30;2018-07-24T02:45;11;kWh;-1996;0;0;0;1996;-1996
2018-07-24T02:45;2018-07-24T03:00;12;kWh;-4332;0;0;0;4332;-4332
2018-07-24T03:00;2018-07-24T03:15;13;kWh;-2401;0;0;0;2401;-2401
2018-07-24T03:15;2018-07-24T03:30;14;kWh;0;1698;0;0;1698;1698
2018-07-24T03:30;2018-07-24T03:45;15;kWh;0;0;0;0;0;0
2018-07-24T03:45;2018-07-24T04:00;16;kWh;-200;0;0;0;200;-200
2018-07-24T04:00;2018-07-24T04:15;17;kWh;-338;5;0;0;343;-333
2018-07-24T04:15;2018-07-24T04:30;18;kWh;0;736;0;0;736;736
2018-07-24T04:30;2018-07-24T04:45;19;kWh;0;1781;0;0;1781;1781
2018-07-24T04:45;2018-07-24T05:00;20;kWh;0;4149;0;0;4149;4149
2018-07-24T05:00;2018-07-24T05:15;21;kWh;0;7869;0;0;7869;7869
2018-07-24T05:15;2018-07-24T05:30;22;kWh;0;33613;0;0;33613;33613
2018-07-24T05:30;2018-07-24T05:45;23;kWh;0;19080;0;0;19080;19080
2018-07-24T05:45;2018-07-24T06:00;24;kWh;0;787;0;0;787;787
2018-07-24T06:00;2018-07-24T06:15;25;kWh;-261;0;0;0;261;-261
2018-07-24T06:15;2018-07-24T06:30;26;kWh;0;0;0;0;0;0
2018-07-24T06:30;2018-07-24T06:45;27;kWh;0;9882;0;0;9882;9882
2018-07-24T06:45;2018-07-24T07:00;28;kWh;0;58595;0;0;58595;58595
2018-07-24T07:00;2018-07-24T07:15;29;kWh;-5172;19531;0;0;24703;14359
2018-07-24T07:15;2018-07-24T07:30;30;kWh;-2950;0;0;0;2950;-2950
2018-07-24T07:30;2018-07-24T07:45;31;kWh;0;739;0;0;739;739
2018-07-24T07:45;2018-07-24T08:00;32;kWh;0;14921;0;0;14921;14921
2018-07-24T08:00;2018-07-24T08:15;33;kWh;-6296;1834;0;0;8130;-4462
2018-07-24T08:15;2018-07-24T08:30;34;kWh;-110;0;0;0;110;-110
2018-07-24T08:30;2018-07-24T08:45;35;kWh;0;0;0;0;0;0
2018-07-24T08:45;2018-07-24T09:00;36;kWh;0;1346;0;0;1346;1346
2018-07-24T09:00;2018-07-24T09:15;37;kWh;-288;706;0;0;994;418
2018-07-24T09:15;2018-07-24T09:30;38;kWh;0;23635;0;0;23635;23635
2018-07-24T09:30;2018-07-24T09:45;39;kWh;0;64774;0;0;64774;64774
2018-07-24T09:45;2018-07-24T10:00;40;kWh;0;23204;0;0;23204;23204
2018-07-24T10:00;2018-07-24T10:15;41;kWh;0;15226;0;0;15226;15226
2018-07-24T10:15;2018-07-24T10:30;42;kWh;0;9812;0;0;9812;9812
2018-07-24T10:30;2018-07-24T10:45;43;kWh;0;7118;0;0;7118;7118
2018-07-24T10:45;2018-07-24T11:00;44;kWh;0;14317;0;0;14317;14317
2018-07-24T11:00;2018-07-24T11:15;45;kWh;0;26371;0;0;26371;26371
2018-07-24T11:15;2018-07-24T11:30;46;kWh;0;45533;0;0;45533;45533
2018-07-24T11:30;2018-07-24T11:45;47;kWh;0;54685;0;0;54685;54685
2018-07-24T11:45;2018-07-24T12:00;48;kWh;0;34844;0;0;34844;34844
2018-07-24T12:00;2018-07-24T12:15;49;kWh;0;35906;0;0;35906;35906
2018-07-24T12:15;2018-07-24T12:30;50;kWh;0;47099;0;0;47099;47099
2018-07-24T12:30;2018-07-24T12:45;51;kWh;0;31782;0;0;31782;31782
2018-07-24T12:45;2018-07-24T13:00;52;kWh;0;39078;0;0;39078;39078
2018-07-24T13:00;2018-07-24T13:15;53;kWh;-94;7459;0;0;7553;7365
2018-07-24T13:15;2018-07-24T13:30;54;kWh;0;31005;0;0;31005;31005
2018-07-24T13:30;2018-07-24T13:45;55;kWh;0;49577;0;0;49577;49577
2018-07-24T13:45;2018-07-24T14:00;56;kWh;0;60845;0;0;60845;60845
2018-07-24T14:00;2018-07-24T14:15;57;kWh;0;80234;0;0;80234;80234
2018-07-24T14:15;2018-07-24T14:30;58;kWh;0;17212;0;0;17212;17212
2018-07-24T14:30;2018-07-24T14:45;59;kWh;0;4758;0;0;4758;4758
2018-07-24T14:45;2018-07-24T15:00;60;kWh;0;4456;0;0;4456;4456
2018-07-24T15:00;2018-07-24T15:15;61;kWh;0;13293;0;0;13293;13293
2018-07-24T15:15;2018-07-24T15:30;62;kWh;0;17715;0;0;17715;17715
2018-07-24T15:30;2018-07-24T15:45;63;kWh;0;32973;0;0;32973;32973
2018-07-24T15:45;2018-07-24T16:00;64;kWh;0;40953;0;0;40953;40953
2018-07-24T16:00;2018-07-24T16:15;65;kWh;-2023;16683;0;0;18706;14660
2018-07-24T16:15;2018-07-24T16:30;66;kWh;-303;3;0;0;306;-300
2018-07-24T16:30;2018-07-24T16:45;67;kWh;0;0;0;0;0;0
2018-07-24T16:45;2018-07-24T17:00;68;kWh;0;0;0;0;0;0
2018-07-24T17:00;2018-07-24T17:15;69;kWh;0;272;0;0;272;272
2018-07-24T17:15;2018-07-24T17:30;70;kWh;0;17273;0;0;17273;17273
2018-07-24T17:30;2018-07-24T17:45;71;kWh;0;21383;0;0;21383;21383
2018-07-24T17:45;2018-07-24T18:00;72;kWh;0;17099;0;0;17099;17099
2018-07-24T18:00;2018-07-24T18:15;73;kWh;0;19787;0;0;19787;19787
2018-07-24T18:15;2018-07-24T18:30;74;kWh;0;6057;0;0;6057;6057
2018-07-24T18:30;2018-07-24T18:45;75;kWh;0;15267;0;0;15267;15267
2018-07-24T18:45;2018-07-24T19:00;76;kWh;0;31626;0;0;31626;31626
2018-07-24T19:00;2018-07-24T19:15;77;kWh;0;65458;0;0;65458;65458
2018-07-24T19:15;2018-07-24T19:30;78;kWh;0;66073;0;0;66073;66073
2018-07-24T19:30;2018-07-24T19:45;79;kWh;0;37059;0;0;37059;37059
2018-07-24T19:45;2018-07-24T20:00;80;kWh;0;40319;0;0;40319;40319
2018-07-24T20:00;2018-07-24T20:15;81;kWh;0;63134;0;0;63134;63134
2018-07-24T20:15;2018-07-24T20:30;82;kWh;0;78977;0;0;78977;78977
2018-07-24T20:30;2018-07-24T20:45;83;kWh;0;20256;0;0;20256;20256
2018-07-24T20:45;2018-07-24T21:00;84;kWh;0;13619;0;0;13619;13619
2018-07-24T21:00;2018-07-24T21:15;85;kWh;0;14315;0;0;14315;14315
2018-07-24T21:15;2018-07-24T21:30;86;kWh;0;46548;0;0;46548;46548
2018-07-24T21:30;2018-07-24T21:45;87;kWh;0;23582;0;0;23582;23582
2018-07-24T21:45;2018-07-24T22:00;88;kWh;0;13903;0;0;13903;13903
2018-07-24T22:00;2018-07-24T22:15;89;kWh;0;47774;0;0;47774;47774
2018-07-24T22:15;2018-07-24T22:30;90;kWh;0;74021;0;0;74021;74021
2018-07-24T22:30;2018-07-24T22:45;91;kWh;0;33528;0;0;33528;33528
2018-07-24T22:45;2018-07-24T23:00;92;kWh;0;2085;0;0;2085;2085
2018-07-24T23:00;2018-07-24T23:15;93;kWh;0;39272;0;0;39272;39272
2018-07-24T23:15;2018-07-24T23:30;94;kWh;0;56869;0;0;56869;56869
2018-07-24T23:30;2018-07-24T23:45;95;kWh;0;8799;0;0;8799;8799
2018-07-24T23:45;2018-07-25T00:00;96;kWh;0;0;0;0;0;0
2018-07-25T00:00;2018-07-25T00:15;1;kWh;0;15591;0;0;15591;15591
2018-07-25T00:15;2018-07-25T00:30;2;kWh;0;10041;0;0;10041;10041
2018-07-25T00:30;2018-07-25T00:45;3;kWh;0;0;0;0;0;0
2018-07-25T00:45;2018-07-25T01:00;4;kWh;-843;0;0;0;843;-843
2018-07-25T01:00;2018-07-25T01:15;5;kWh;-603;5346;0;0;5949;4743
2018-07-25T01:15;2018-07-25T01:30;6;kWh;0;6575;0;0;6575;6575
2018-07-25T01:30;2018-07-25T01:45;7;kWh;0;7;0;0;7;7
2018-07-25T01:45;2018-07-25T02:00;8;kWh;0;0;0;0;0;0
2018-07-25T02:00;2018-07-25T02:15;9;kWh;0;12653;0;0;12653;12653
2018-07-25T02:15;2018-07-25T02:30;10;kWh;0;24030;0;0;24030;24030
2018-07-25T02:30;2018-07-25T02:45;11;kWh;-384;4414;0;0;4798;4030
2018-07-25T02:45;2018-07-25T03:00;12;kWh;0;5084;0;0;5084;5084
2018-07-25T03:00;2018-07-25T03:15;13;kWh;0;19086;0;0;19086;19086
2018-07-25T03:15;2018-07-25T03:30;14;kWh;0;29181;0;0;29181;29181
2018-07-25T03:30;2018-07-25T03:45;15;kWh;0;17034;0;0;17034;17034
2018-07-25T03:45;2018-07-25T04:00;16;kWh;0;7963;0;0;7963;7963
2018-07-25T04:00;2018-07-25T04:15;17;kWh;0;5404;0;0;5404;5404
2018-07-25T04:15;2018-07-25T04:30;18;kWh;0;14618;0;0;14618;14618
2018-07-25T04:30;2018-07-25T04:45;19;kWh;0;16083;0;0;16083;16083
2018-07-25T04:45;2018-07-25T05:00;20;kWh;0;21437;0;0;21437;21437
2018-07-25T05:00;2018-07-25T05:15;21;kWh;0;15028;0;0;15028;15028
2018-07-25T05:15;2018-07-25T05:30;22;kWh;0;6269;0;0;6269;6269
2018-07-25T05:30;2018-07-25T05:45;23;kWh;0;15464;0;0;15464;15464
2018-07-25T05:45;2018-07-25T06:00;24;kWh;0;29746;0;0;29746;29746
2018-07-25T06:00;2018-07-25T06:15;25;kWh;-3298;8185;0;0;11483;4887
2018-07-25T06:15;2018-07-25T06:30;26;kWh;0;432;0;0;432;432
2018-07-25T06:30;2018-07-25T06:45;27;kWh;0;5447;0;0;5447;5447
2018-07-25T06:45;2018-07-25T07:00;28;kWh;0;31531;0;0;31531;31531
2018-07-25T07:00;2018-07-25T07:15;29;kWh;-6151;13007;0;0;19158;6856
2018-07-25T07:15;2018-07-25T07:30;30;kWh;-396;0;0;0;396;-396
2018-07-25T07:30;2018-07-25T07:45;31;kWh;0;87;0;0;87;87
2018-07-25T07:45;2018-07-25T08:00;32;kWh;0;19432;0;0;19432;19432
2018-07-25T08:00;2018-07-25T08:15;33;kWh;0;7078;0;0;7078;7078
2018-07-25T08:15;2018-07-25T08:30;34;kWh;0;905;0;0;905;905
2018-07-25T08:30;2018-07-25T08:45;35;kWh;0;7062;0;0;7062;7062
2018-07-25T08:45;2018-07-25T09:00;36;kWh;0;29296;0;0;29296;29296
2018-07-25T09:00;2018-07-25T09:15;37;kWh;-1273;15001;0;0;16274;13728
2018-07-25T09:15;2018-07-25T09:30;38;kWh;0;40198;0;0;40198;40198
2018-07-25T09:30;2018-07-25T09:45;39;kWh;0;32364;0;0;32364;32364
2018-07-25T09:45;2018-07-25T10:00;40;kWh;0;2959;0;0;2959;2959
2018-07-25T10:00;2018-07-25T10:15;41;kWh;0;21582;0;0;21582;21582
2018-07-25T10:15;2018-07-25T10:30;42;kWh;0;2271;0;0;2271;2271
2018-07-25T10:30;2018-07-25T10:45;43;kWh;0;12654;0;0;12654;12654
2018-07-25T10:45;2018-07-25T11:00;44;kWh;0;6428;0;0;6428;6428
2018-07-25T11:00;2018-07-25T11:15;45;kWh;0;846;0;0;846;846
2018-07-25T11:15;2018-07-25T11:30;46;kWh;0;0;0;0;0;0
2018-07-25T11:30;2018-07-25T11:45;47;kWh;0;0;0;0;0;0
2018-07-25T11:45;2018-07-25T12:00;48;kWh;0;1484;0;0;1484;1484
2018-07-25T12:00;2018-07-25T12:15;49;kWh;0;19108;0;0;19108;19108
2018-07-25T12:15;2018-07-25T12:30;50;kWh;0;16823;0;0;16823;16823
2018-07-25T12:30;2018-07-25T12:45;51;kWh;-192;5806;0;0;5998;5614
2018-07-25T12:45;2018-07-25T13:00;52;kWh;-428;0;0;0;428;-428
2018-07-25T13:00;2018-07-25T13:15;53;kWh;-547;195;0;0;742;-352
2018-07-25T13:15;2018-07-25T13:30;54;kWh;0;10535;0;0;10535;10535
2018-07-25T13:30;2018-07-25T13:45;55;kWh;0;5864;0;0;5864;5864
2018-07-25T13:45;2018-07-25T14:00;56;kWh;0;859;0;0;859;859
2018-07-25T14:00;2018-07-25T14:15;57;kWh;0;17353;0;0;17353;17353
2018-07-25T14:15;2018-07-25T14:30;58;kWh;0;11993;0;0;11993;11993
2018-07-25T14:30;2018-07-25T14:45;59;kWh;0;4696;0;0;4696;4696
2018-07-25T14:45;2018-07-25T15:00;60;kWh;-488;1602;0;0;2090;1114
2018-07-25T15:00;2018-07-25T15:15;61;kWh;0;0;0;0;0;0
2018-07-25T15:15;2018-07-25T15:30;62;kWh;0;0;0;0;0;0
2018-07-25T15:30;2018-07-25T15:45;63;kWh;0;0;0;0;0;0
2018-07-25T15:45;2018-07-25T16:00;64;kWh;0;0;0;0;0;0
2018-07-25T16:00;2018-07-25T16:15;65;kWh;0;0;0;0;0;0
2018-07-25T16:15;2018-07-25T16:30;66;kWh;0;0;0;0;0;0
2018-07-25T16:30;2018-07-25T16:45;67;kWh;0;0;0;0;0;0
2018-07-25T16:45;2018-07-25T17:00;68;kWh;0;9095;0;0;9095;9095
2018-07-25T17:00;2018-07-25T17:15;69;kWh;-762;1879;0;0;2641;1117
2018-07-25T17:15;2018-07-25T17:30;70;kWh;0;0;0;0;0;0
2018-07-25T17:30;2018-07-25T17:45;71;kWh;0;2517;0;0;2517;2517
2018-07-25T17:45;2018-07-25T18:00;72;kWh;0;29687;0;0;29687;29687
2018-07-25T18:00;2018-07-25T18:15;73;kWh;-637;16657;0;0;17294;16020
2018-07-25T18:15;2018-07-25T18:30;74;kWh;-97;57;0;0;154;-40
2018-07-25T18:30;2018-07-25T18:45;75;kWh;0;0;0;0;0;0
2018-07-25T18:45;2018-07-25T19:00;76;kWh;0;67;0;0;67;67
2018-07-25T19:00;2018-07-25T19:15;77;kWh;0;1658;0;0;1658;1658
2018-07-25T19:15;2018-07-25T19:30;78;kWh;0;4471;0;0;4471;4471
2018-07-25T19:30;2018-07-25T19:45;79;kWh;0;18337;0;0;18337;18337
2018-07-25T19:45;2018-07-25T20:00;80;kWh;0;10740;0;0;10740;10740
2018-07-25T20:00;2018-07-25T20:15;81;kWh;0;48900;0;0;48900;48900
2018-07-25T20:15;2018-07-25T20:30;82;kWh;0;60089;0;0;60089;60089
2018-07-25T20:30;2018-07-25T20:45;83;kWh;-1662;11742;0;0;13404;10080
2018-07-25T20:45;2018-07-25T21:00;84;kWh;-2877;0;0;0;2877;-2877
2018-07-25T21:00;2018-07-25T21:15;85;kWh;-67;17727;0;0;17794;17660
2018-07-25T21:15;2018-07-25T21:30;86;kWh;0;35944;0;0;35944;35944
2018-07-25T21:30;2018-07-25T21:45;87;kWh;0;37016;0;0;37016;37016
2018-07-25T21:45;2018-07-25T22:00;88;kWh;0;51650;0;0;51650;51650
2018-07-25T22:00;2018-07-25T22:15;89;kWh;0;69854;0;0;69854;69854
2018-07-25T22:15;2018-07-25T22:30;90;kWh;0;58224;0;0;58224;58224
2018-07-25T22:30;2018-07-25T22:45;91;kWh;0;42208;0;0;42208;42208
2018-07-25T22:45;2018-07-25T23:00;92;kWh;0;9167;0;0;9167;9167
2018-07-25T23:00;2018-07-25T23:15;93;kWh;0;27686;0;0;27686;27686
2018-07-25T23:15;2018-07-25T23:30;94;kWh;-10;41276;0;0;41286;41266
2018-07-25T23:30;2018-07-25T23:45;95;kWh;-750;1911;0;0;2661;1161
2018-07-25T23:45;2018-07-26T00:00;96;kWh;-2185;98;0;0;2283;-2087
2018-07-26T00:00;2018-07-26T00:15;1;kWh;-6;20378;0;0;20384;20372
2018-07-26T00:15;2018-07-26T00:30;2;kWh;0;49129;0;0;49129;49129
2018-07-26T00:30;2018-07-26T00:45;3;kWh;-1352;5775;0;0;7127;4423
2018-07-26T00:45;2018-07-26T01:00;4;kWh;-5377;0;0;0;5377;-5377
2018-07-26T01:00;2018-07-26T01:15;5;kWh;-1934;14270;0;0;16204;12336
2018-07-26T01:15;2018-07-26T01:30;6;kWh;-7;13217;0;0;13224;13210
2018-07-26T01:30;2018-07-26T01:45;7;kWh;-422;4;0;0;426;-418
2018-07-26T01:45;2018-07-26T02:00;8;kWh;-2584;0;0;0;2584;-2584
2018-07-26T02:00;2018-07-26T02:15;9;kWh;-175;7725;0;0;7900;7550
2018-07-26T02:15;2018-07-26T02:30;10;kWh;0;3532;0;0;3532;3532
2018-07-26T02:30;2018-07-26T02:45;11;kWh;0;0;0;0;0;0
2018-07-26T02:45;2018-07-26T03:00;12;kWh;0;0;0;0;0;0
2018-07-26T03:00;2018-07-26T03:15;13;kWh;0;2757;0;0;2757;2757
2018-07-26T03:15;2018-07-26T03:30;14;kWh;0;3123;0;0;3123;3123
2018-07-26T03:30;2018-07-26T03:45;15;kWh;0;679;0;0;679;679
2018-07-26T03:45;2018-07-26T04:00;16;kWh;0;0;0;0;0;0
2018-07-26T04:00;2018-07-26T04:15;17;kWh;0;0;0;0;0;0
2018-07-26T04:15;2018-07-26T04:30;18;kWh;0;548;0;0;548;548
2018-07-26T04:30;2018-07-26T04:45;19;kWh;0;1048;0;0;1048;1048
2018-07-26T04:45;2018-07-26T05:00;20;kWh;0;871;0;0;871;871
2018-07-26T05:00;2018-07-26T05:15;21;kWh;0;85;0;0;85;85
2018-07-26T05:15;2018-07-26T05:30;22;kWh;0;0;0;0;0;0
2018-07-26T05:30;2018-07-26T05:45;23;kWh;0;1025;0;0;1025;1025
2018-07-26T05:45;2018-07-26T06:00;24;kWh;0;2377;0;0;2377;2377
2018-07-26T06:00;2018-07-26T06:15;25;kWh;0;0;0;0;0;0
2018-07-26T06:15;2018-07-26T06:30;26;kWh;0;0;0;0;0;0
2018-07-26T06:30;2018-07-26T06:45;27;kWh;0;12344;0;0;12344;12344
2018-07-26T06:45;2018-07-26T07:00;28;kWh;0;24411;0;0;24411;24411
2018-07-26T07:00;2018-07-26T07:15;29;kWh;-18265;7389;0;0;25654;-10876
2018-07-26T07:15;2018-07-26T07:30;30;kWh;-3738;0;0;0;3738;-3738
2018-07-26T07:30;2018-07-26T07:45;31;kWh;0;3824;0;0;3824;3824
2018-07-26T07:45;2018-07-26T08:00;32;kWh;0;48651;0;0;48651;48651
2018-07-26T08:00;2018-07-26T08:15;33;kWh;-10187;17943;0;0;28130;7756
2018-07-26T08:15;2018-07-26T08:30;34;kWh;-3623;0;0;0;3623;-3623
2018-07-26T08:30;2018-07-26T08:45;35;kWh;0;0;0;0;0;0
2018-07-26T08:45;2018-07-26T09:00;36;kWh;0;1387;0;0;1387;1387
2018-07-26T09:00;2018-07-26T09:15;37;kWh;0;3162;0;0;3162;3162
2018-07-26T09:15;2018-07-26T09:30;38;kWh;0;16645;0;0;16645;16645
2018-07-26T09:30;2018-07-26T09:45;39;kWh;0;24739;0;0;24739;24739
2018-07-26T09:45;2018-07-26T10:00;40;kWh;0;27314;0;0;27314;27314
2018-07-26T10:00;2018-07-26T10:15;41;kWh;0;34094;0;0;34094;34094
2018-07-26T10:15;2018-07-26T10:30;42;kWh;0;32770;0;0;32770;32770
2018-07-26T10:30;2018-07-26T10:45;43;kWh;0;29057;0;0;29057;29057
2018-07-26T10:45;2018-07-26T11:00;44;kWh;0;43781;0;0;43781;43781
2018-07-26T11:00;2018-07-26T11:15;45;kWh;0;39068;0;0;39068;39068
2018-07-26T11:15;2018-07-26T11:30;46;kWh;0;43670;0;0;43670;43670
2018-07-26T11:30;2018-07-26T11:45;47;kWh;0;43631;0;0;43631;43631
2018-07-26T11:45;2018-07-26T12:00;48;kWh;0;40147;0;0;40147;40147
2018-07-26T12:00;2018-07-26T12:15;49;kWh;0;30203;0;0;30203;30203
2018-07-26T12:15;2018-07-26T12:30;50;kWh;0;3386;0;0;3386;3386
2018-07-26T12:30;2018-07-26T12:45;51;kWh;0;11671;0;0;11671;11671
2018-07-26T12:45;2018-07-26T13:00;52;kWh;0;28102;0;0;28102;28102
2018-07-26T13:00;2018-07-26T13:15;53;kWh;0;9473;0;0;9473;9473
2018-07-26T13:15;2018-07-26T13:30;54;kWh;-2;0;0;0;2;-2
2018-07-26T13:30;2018-07-26T13:45;55;kWh;0;0;0;0;0;0
2018-07-26T13:45;2018-07-26T14:00;56;kWh;-467;0;0;0;467;-467
2018-07-26T14:00;2018-07-26T14:15;57;kWh;-1647;0;0;0;1647;-1647
2018-07-26T14:15;2018-07-26T14:30;58;kWh;-697;0;0;0;697;-697
2018-07-26T14:30;2018-07-26T14:45;59;kWh;-1568;0;0;0;1568;-1568
2018-07-26T14:45;2018-07-26T15:00;60;kWh;-717;0;0;0;717;-717
2018-07-26T15:00;2018-07-26T15:15;61;kWh;-750;0;0;0;750;-750
2018-07-26T15:15;2018-07-26T15:30;62;kWh;-25;0;0;0;25;-25
2018-07-26T15:30;2018-07-26T15:45;63;kWh;0;9854;0;0;9854;9854
2018-07-26T15:45;2018-07-26T16:00;64;kWh;0;36718;0;0;36718;36718
2018-07-26T16:00;2018-07-26T16:15;65;kWh;0;33848;0;0;33848;33848
2018-07-26T16:15;2018-07-26T16:30;66;kWh;0;41632;0;0;41632;41632
2018-07-26T16:30;2018-07-26T16:45;67;kWh;0;45616;0;0;45616;45616
2018-07-26T16:45;2018-07-26T17:00;68;kWh;0;75604;0;0;75604;75604
2018-07-26T17:00;2018-07-26T17:15;69;kWh;-157;39350;0;0;39507;39193
2018-07-26T17:15;2018-07-26T17:30;70;kWh;-67;14032;0;0;14099;13965
2018-07-26T17:30;2018-07-26T17:45;71;kWh;0;51517;0;0;51517;51517
2018-07-26T17:45;2018-07-26T18:00;72;kWh;0;56068;0;0;56068;56068
2018-07-26T18:00;2018-07-26T18:15;73;kWh;0;43897;0;0;43897;43897
2018-07-26T18:15;2018-07-26T18:30;74;kWh;0;40644;0;0;40644;40644
2018-07-26T18:30;2018-07-26T18:45;75;kWh;0;35391;0;0;35391;35391
2018-07-26T18:45;2018-07-26T19:00;76;kWh;0;32151;0;0;32151;32151
2018-07-26T19:00;2018-07-26T19:15;77;kWh;0;32224;0;0;32224;32224
2018-07-26T19:15;2018-07-26T19:30;78;kWh;-23;11940;0;0;11963;11917
2018-07-26T19:30;2018-07-26T19:45;79;kWh;0;694;0;0;694;694
2018-07-26T19:45;2018-07-26T20:00;80;kWh;0;2054;0;0;2054;2054
2018-07-26T20:00;2018-07-26T20:15;81;kWh;0;29998;0;0;29998;29998
2018-07-26T20:15;2018-07-26T20:30;82;kWh;0;35686;0;0;35686;35686
2018-07-26T20:30;2018-07-26T20:45;83;kWh;0;27908;0;0;27908;27908
2018-07-26T20:45;2018-07-26T21:00;84;kWh;-1294;5740;0;0;7034;4446
2018-07-26T21:00;2018-07-26T21:15;85;kWh;0;37881;0;0;37881;37881
2018-07-26T21:15;2018-07-26T21:30;86;kWh;0;34939;0;0;34939;34939
2018-07-26T21:30;2018-07-26T21:45;87;kWh;0;7151;0;0;7151;7151
2018-07-26T21:45;2018-07-26T22:00;88;kWh;0;13376;0;0;13376;13376
2018-07-26T22:00;2018-07-26T22:15;89;kWh;0;41204;0;0;41204;41204
2018-07-26T22:15;2018-07-26T22:30;90;kWh;0;60638;0;0;60638;60638
2018-07-26T22:30;2018-07-26T22:45;91;kWh;-394;32361;0;0;32755;31967
2018-07-26T22:45;2018-07-26T23:00;92;kWh;-612;942;0;0;1554;330
2018-07-26T23:00;2018-07-26T23:15;93;kWh;0;15420;0;0;15420;15420
2018-07-26T23:15;2018-07-26T23:30;94;kWh;-851;5472;0;0;6323;4621
2018-07-26T23:30;2018-07-26T23:45;95;kWh;-1891;0;0;0;1891;-1891
2018-07-26T23:45;2018-07-27T00:00;96;kWh;-31772;0;0;0;31772;-31772
2018-07-27T00:00;2018-07-27T00:15;1;kWh;-23928;9739;0;0;33667;-14189
2018-07-27T00:15;2018-07-27T00:30;2;kWh;-23;14891;0;0;14914;14868
2018-07-27T00:30;2018-07-27T00:45;3;kWh;-617;775;0;0;1392;158
2018-07-27T00:45;2018-07-27T01:00;4;kWh;-4772;0;0;0;4772;-4772
2018-07-27T01:00;2018-07-27T01:15;5;kWh;-715;17875;0;0;18590;17160
2018-07-27T01:15;2018-07-27T01:30;6;kWh;0;30017;0;0;30017;30017
2018-07-27T01:30;2018-07-27T01:45;7;kWh;-226;6378;0;0;6604;6152
2018-07-27T01:45;2018-07-27T02:00;8;kWh;-4078;0;0;0;4078;-4078
2018-07-27T02:00;2018-07-27T02:15;9;kWh;-2311;0;0;0;2311;-2311
2018-07-27T02:15;2018-07-27T02:30;10;kWh;-2;0;0;0;2;-2
2018-07-27T02:30;2018-07-27T02:45;11;kWh;0;0;0;0;0;0
2018-07-27T02:45;2018-07-27T03:00;12;kWh;-2910;0;0;0;2910;-2910
2018-07-27T03:00;2018-07-27T03:15;13;kWh;-1339;1705;0;0;3044;366
2018-07-27T03:15;2018-07-27T03:30;14;kWh;0;0;0;0;0;0
2018-07-27T03:30;2018-07-27T03:45;15;kWh;0;0;0;0;0;0
2018-07-27T03:45;2018-07-27T04:00;16;kWh;-3454;0;0;0;3454;-3454
2018-07-27T04:00;2018-07-27T04:15;17;kWh;-3062;925;0;0;3987;-2137
2018-07-27T04:15;2018-07-27T04:30;18;kWh;0;3320;0;0;3320;3320
2018-07-27T04:30;2018-07-27T04:45;19;kWh;0;5756;0;0;5756;5756
2018-07-27T04:45;2018-07-27T05:00;20;kWh;0;6789;0;0;6789;6789
2018-07-27T05:00;2018-07-27T05:15;21;kWh;0;2734;0;0;2734;2734
2018-07-27T05:15;2018-07-27T05:30;22;kWh;0;7786;0;0;7786;7786
2018-07-27T05:30;2018-07-27T05:45;23;kWh;0;8029;0;0;8029;8029
2018-07-27T05:45;2018-07-27T06:00;24;kWh;0;6286;0;0;6286;6286
2018-07-27T06:00;2018-07-27T06:15;25;kWh;-1291;610;0;0;1901;-681
2018-07-27T06:15;2018-07-27T06:30;26;kWh;-2185;0;0;0;2185;-2185
2018-07-27T06:30;2018-07-27T06:45;27;kWh;-18;1865;0;0;1883;1847
2018-07-27T06:45;2018-07-27T07:00;28;kWh;0;26068;0;0;26068;26068
2018-07-27T07:00;2018-07-27T07:15;29;kWh;-23405;4660;0;0;28065;-18745
2018-07-27T07:15;2018-07-27T07:30;30;kWh;-21037;0;0;0;21037;-21037
2018-07-27T07:30;2018-07-27T07:45;31;kWh;-3980;1918;0;0;5898;-2062
2018-07-27T07:45;2018-07-27T08:00;32;kWh;0;24773;0;0;24773;24773
2018-07-27T08:00;2018-07-27T08:15;33;kWh;-1444;10426;0;0;11870;8982
2018-07-27T08:15;2018-07-27T08:30;34;kWh;0;0;0;0;0;0
2018-07-27T08:30;2018-07-27T08:45;35;kWh;0;1411;0;0;1411;1411
2018-07-27T08:45;2018-07-27T09:00;36;kWh;0;36645;0;0;36645;36645
2018-07-27T09:00;2018-07-27T09:15;37;kWh;-2179;15831;0;0;18010;13652
2018-07-27T09:15;2018-07-27T09:30;38;kWh;-7;0;0;0;7;-7
2018-07-27T09:30;2018-07-27T09:45;39;kWh;0;0;0;0;0;0
2018-07-27T09:45;2018-07-27T10:00;40;kWh;0;77;0;0;77;77
2018-07-27T10:00;2018-07-27T10:15;41;kWh;0;35214;0;0;35214;35214
2018-07-27T10:15;2018-07-27T10:30;42;kWh;0;70812;0;0;70812;70812
2018-07-27T10:30;2018-07-27T10:45;43;kWh;0;52133;0;0;52133;52133
2018-07-27T10:45;2018-07-27T11:00;44;kWh;0;31558;0;0;31558;31558
2018-07-27T11:00;2018-07-27T11:15;45;kWh;0;15960;0;0;15960;15960
2018-07-27T11:15;2018-07-27T11:30;46;kWh;0;25188;0;0;25188;25188
2018-07-27T11:30;2018-07-27T11:45;47;kWh;0;15360;0;0;15360;15360
2018-07-27T11:45;2018-07-27T12:00;48;kWh;0;17632;0;0;17632;17632
2018-07-27T12:00;2018-07-27T12:15;49;kWh;0;12494;0;0;12494;12494
2018-07-27T12:15;2018-07-27T12:30;50;kWh;0;4922;0;0;4922;4922
2018-07-27T12:30;2018-07-27T12:45;51;kWh;0;725;0;0;725;725
2018-07-27T12:45;2018-07-27T13:00;52;kWh;-54;2;0;0;56;-52
2018-07-27T13:00;2018-07-27T13:15;53;kWh;-6216;0;0;0;6216;-6216
2018-07-27T13:15;2018-07-27T13:30;54;kWh;-16504;0;0;0;16504;-16504
2018-07-27T13:30;2018-07-27T13:45;55;kWh;-763;0;0;0;763;-763
2018-07-27T13:45;2018-07-27T14:00;56;kWh;-22953;0;0;0;22953;-22953
2018-07-27T14:00;2018-07-27T14:15;57;kWh;-35808;0;0;0;35808;-35808
2018-07-27T14:15;2018-07-27T14:30;58;kWh;-5969;99;0;0;6068;-5870
2018-07-27T14:30;2018-07-27T14:45;59;kWh;-822;0;0;0;822;-822
2018-07-27T14:45;2018-07-27T15:00;60;kWh;-2875;0;0;0;2875;-2875
2018-07-27T15:00;2018-07-27T15:15;61;kWh;-1460;0;0;0;1460;-1460
2018-07-27T15:15;2018-07-27T15:30;62;kWh;-19;1075;0;0;1094;1056
2018-07-27T15:30;2018-07-27T15:45;63;kWh;0;1359;0;0;1359;1359
2018-07-27T15:45;2018-07-27T16:00;64;kWh;0;8024;0;0;8024;8024
2018-07-27T16:00;2018-07-27T16:15;65;kWh;-713;1868;0;0;2581;1155
2018-07-27T16:15;2018-07-27T16:30;66;kWh;-4368;0;0;0;4368;-4368
2018-07-27T16:30;2018-07-27T16:45;67;kWh;-1635;134;0;0;1769;-1501
2018-07-27T16:45;2018-07-27T17:00;68;kWh;0;22242;0;0;22242;22242
2018-07-27T17:00;2018-07-27T17:15;69;kWh;0;79503;0;0;79503;79503
2018-07-27T17:15;2018-07-27T17:30;70;kWh;0;42916;0;0;42916;42916
2018-07-27T17:30;2018-07-27T17:45;71;kWh;0;61591;0;0;61591;61591
2018-07-27T17:45;2018-07-27T18:00;72;kWh;0;102799;0;0;102799;102799
2018-07-27T18:00;2018-07-27T18:15;73;kWh;0;90761;0;0;90761;90761
2018-07-27T18:15;2018-07-27T18:30;74;kWh;-277;14602;0;0;14879;14325
2018-07-27T18:30;2018-07-27T18:45;75;kWh;0;21098;0;0;21098;21098
2018-07-27T18:45;2018-07-27T19:00;76;kWh;0;45393;0;0;45393;45393
2018-07-27T19:00;2018-07-27T19:15;77;kWh;0;26106;0;0;26106;26106
2018-07-27T19:15;2018-07-27T19:30;78;kWh;0;12643;0;0;12643;12643
2018-07-27T19:30;2018-07-27T19:45;79;kWh;0;41221;0;0;41221;41221
2018-07-27T19:45;2018-07-27T20:00;80;kWh;0;49500;0;0;49500;49500
2018-07-27T20:00;2018-07-27T20:15;81;kWh;0;87654;0;0;87654;87654
2018-07-27T20:15;2018-07-27T20:30;82;kWh;0;95265;0;0;95265;95265
2018-07-27T20:30;2018-07-27T20:45;83;kWh;-3;59720;0;0;59723;59717
2018-07-27T20:45;2018-07-27T21:00;84;kWh;-1450;4015;0;0;5465;2565
2018-07-27T21:00;2018-07-27T21:15;85;kWh;-1551;0;0;0;1551;-1551
2018-07-27T21:15;2018-07-27T21:30;86;kWh;-14943;0;0;0;14943;-14943
2018-07-27T21:30;2018-07-27T21:45;87;kWh;-18942;0;0;0;18942;-18942
2018-07-27T21:45;2018-07-27T22:00;88;kWh;-56497;0;0;0;56497;-56497
2018-07-27T22:00;2018-07-27T22:15;89;kWh;-55040;0;0;0;55040;-55040
2018-07-27T22:15;2018-07-27T22:30;90;kWh;-52695;0;0;0;52695;-52695
2018-07-27T22:30;2018-07-27T22:45;91;kWh;-73867;0;0;0;73867;-73867
2018-07-27T22:45;2018-07-27T23:00;92;kWh;-50625;0;0;0;50625;-50625
2018-07-27T23:00;2018-07-27T23:15;93;kWh;-66933;281;0;0;67214;-66652
2018-07-27T23:15;2018-07-27T23:30;94;kWh;-14634;327;0;0;14961;-14307
2018-07-27T23:30;2018-07-27T23:45;95;kWh;-41775;0;0;0;41775;-41775
2018-07-27T23:45;2018-07-28T00:00;96;kWh;-39135;0;0;0;39135;-39135
2018-07-28T00:00;2018-07-28T00:15;1;kWh;-17346;10169;0;0;27515;-7177
2018-07-28T00:15;2018-07-28T00:30;2;kWh;0;57408;0;0;57408;57408
2018-07-28T00:30;2018-07-28T00:45;3;kWh;-1562;6551;0;0;8113;4989
2018-07-28T00:45;2018-07-28T01:00;4;kWh;-240;0;0;0;240;-240
2018-07-28T01:00;2018-07-28T01:15;5;kWh;-138;18161;0;0;18299;18023
2018-07-28T01:15;2018-07-28T01:30;6;kWh;0;69160;0;0;69160;69160
2018-07-28T01:30;2018-07-28T01:45;7;kWh;-1256;17190;0;0;18446;15934
2018-07-28T01:45;2018-07-28T02:00;8;kWh;0;15421;0;0;15421;15421
2018-07-28T02:00;2018-07-28T02:15;9;kWh;0;21541;0;0;21541;21541
2018-07-28T02:15;2018-07-28T02:30;10;kWh;0;45446;0;0;45446;45446
2018-07-28T02:30;2018-07-28T02:45;11;kWh;0;52780;0;0;52780;52780
2018-07-28T02:45;2018-07-28T03:00;12;kWh;0;53728;0;0;53728;53728
2018-07-28T03:00;2018-07-28T03:15;13;kWh;0;39135;0;0;39135;39135
2018-07-28T03:15;2018-07-28T03:30;14;kWh;0;31441;0;0;31441;31441
2018-07-28T03:30;2018-07-28T03:45;15;kWh;0;38956;0;0;38956;38956
2018-07-28T03:45;2018-07-28T04:00;16;kWh;0;48332;0;0;48332;48332
2018-07-28T04:00;2018-07-28T04:15;17;kWh;0;48579;0;0;48579;48579
2018-07-28T04:15;2018-07-28T04:30;18;kWh;0;62747;0;0;62747;62747
2018-07-28T04:30;2018-07-28T04:45;19;kWh;0;40152;0;0;48902;48902
2018-07-28T04:45;2018-07-28T05:00;20;kWh;-120;5231;0;0;5351;5111
2018-07-28T05:00;2018-07-28T05:15;21;kWh;0;24471;0;0;24471;24471
2018-07-28T05:15;2018-07-28T05:30;22;kWh;0;7760;0;0;7760;7760
2018-07-28T05:30;2018-07-28T05:45;23;kWh;0;9641;0;0;9641;9641
2018-07-28T05:45;2018-07-28T06:00;24;kWh;0;12145;0;0;12145;12145
2018-07-28T06:00;2018-07-28T06:15;25;kWh;0;3249;0;0;3249;3249
2018-07-28T06:15;2018-07-28T06:30;26;kWh;0;0;0;0;0;0
2018-07-28T06:30;2018-07-28T06:45;27;kWh;0;2137;0;0;2137;2137
2018-07-28T06:45;2018-07-28T07:00;28;kWh;0;24439;0;0;24439;24439
2018-07-28T07:00;2018-07-28T07:15;29;kWh;-1405;14170;0;0;15575;12765
2018-07-28T07:15;2018-07-28T07:30;30;kWh;-104;3349;0;0;3453;3245
2018-07-28T07:30;2018-07-28T07:45;31;kWh;0;36937;0;0;36937;36937
2018-07-28T07:45;2018-07-28T08:00;32;kWh;0;45765;0;0;45765;45765
2018-07-28T08:00;2018-07-28T08:15;33;kWh;0;25825;0;0;25825;25825
2018-07-28T08:15;2018-07-28T08:30;34;kWh;0;15276;0;0;15276;15276
2018-07-28T08:30;2018-07-28T08:45;35;kWh;0;42038;0;0;42038;42038
2018-07-28T08:45;2018-07-28T09:00;36;kWh;0;63660;0;0;63660;63660
2018-07-28T09:00;2018-07-28T09:15;37;kWh;0;66587;0;0;66587;66587
2018-07-28T09:15;2018-07-28T09:30;38;kWh;0;51178;0;0;51178;51178
2018-07-28T09:30;2018-07-28T09:45;39;kWh;0;72009;0;0;72009;72009
2018-07-28T09:45;2018-07-28T10:00;40;kWh;0;68279;0;0;68279;68279
2018-07-28T10:00;2018-07-28T10:15;41;kWh;-1415;11295;0;0;12710;9880
2018-07-28T10:15;2018-07-28T10:30;42;kWh;0;28047;0;0;28047;28047
2018-07-28T10:30;2018-07-28T10:45;43;kWh;0;9699;0;0;9699;9699
2018-07-28T10:45;2018-07-28T11:00;44;kWh;0;15945;0;0;15945;15945
2018-07-28T11:00;2018-07-28T11:15;45;kWh;-3;4800;0;0;4803;4797
2018-07-28T11:15;2018-07-28T11:30;46;kWh;-6083;204;0;0;6287;-5879
2018-07-28T11:30;2018-07-28T11:45;47;kWh;-11534;0;0;0;11534;-11534
2018-07-28T11:45;2018-07-28T12:00;48;kWh;-553;0;0;0;553;-553
2018-07-28T12:00;2018-07-28T12:15;49;kWh;-1987;0;0;0;1987;-1987
2018-07-28T12:15;2018-07-28T12:30;50;kWh;-13407;0;0;0;13407;-13407
2018-07-28T12:30;2018-07-28T12:45;51;kWh;-3810;0;0;0;3810;-3810
2018-07-28T12:45;2018-07-28T13:00;52;kWh;-2172;0;0;0;2172;-2172
2018-07-28T13:00;2018-07-28T13:15;53;kWh;-477;5474;0;0;5951;4997
2018-07-28T13:15;2018-07-28T13:30;54;kWh;-19;9666;0;0;9685;9647
2018-07-28T13:30;2018-07-28T13:45;55;kWh;-403;240;0;0;643;-163
2018-07-28T13:45;2018-07-28T14:00;56;kWh;-1116;0;0;0;1116;-1116
2018-07-28T14:00;2018-07-28T14:15;57;kWh;-94;6848;0;0;6942;6754
2018-07-28T14:15;2018-07-28T14:30;58;kWh;0;904;0;0;904;904
2018-07-28T14:30;2018-07-28T14:45;59;kWh;0;0;0;0;0;0
2018-07-28T14:45;2018-07-28T15:00;60;kWh;0;0;0;0;0;0
2018-07-28T15:00;2018-07-28T15:15;61;kWh;0;149;0;0;149;149
2018-07-28T15:15;2018-07-28T15:30;62;kWh;-99;0;0;0;99;-99
2018-07-28T15:30;2018-07-28T15:45;63;kWh;-15476;0;0;0;15476;-15476
2018-07-28T15:45;2018-07-28T16:00;64;kWh;-25116;0;0;0;25116;-25116
2018-07-28T16:00;2018-07-28T16:15;65;kWh;-7151;122;0;0;7273;-7029
2018-07-28T16:15;2018-07-28T16:30;66;kWh;0;0;0;0;0;0
2018-07-28T16:30;2018-07-28T16:45;67;kWh;0;2679;0;0;2679;2679
2018-07-28T16:45;2018-07-28T17:00;68;kWh;0;21284;0;0;21284;21284
2018-07-28T17:00;2018-07-28T17:15;69;kWh;-2972;2262;0;0;5234;-710
2018-07-28T17:15;2018-07-28T17:30;70;kWh;-4998;0;0;0;4998;-4998
2018-07-28T17:30;2018-07-28T17:45;71;kWh;-862;0;0;0;862;-862
2018-07-28T17:45;2018-07-28T18:00;72;kWh;-1101;0;0;0;1101;-1101
2018-07-28T18:00;2018-07-28T18:15;73;kWh;-27103;0;0;0;27103;-27103
2018-07-28T18:15;2018-07-28T18:30;74;kWh;-35032;164;0;0;35196;-34868
2018-07-28T18:30;2018-07-28T18:45;75;kWh;-15533;188;0;0;15721;-15345
2018-07-28T18:45;2018-07-28T19:00;76;kWh;-19645;0;0;0;19645;-19645
2018-07-28T19:00;2018-07-28T19:15;77;kWh;-311;0;0;0;311;-311
2018-07-28T19:15;2018-07-28T19:30;78;kWh;0;0;0;0;0;0
2018-07-28T19:30;2018-07-28T19:45;79;kWh;0;0;0;0;0;0
2018-07-28T19:45;2018-07-28T20:00;80;kWh;0;9926;0;0;9926;9926
2018-07-28T20:00;2018-07-28T20:15;81;kWh;0;2317;0;0;2317;2317
2018-07-28T20:15;2018-07-28T20:30;82;kWh;0;0;0;0;0;0
2018-07-28T20:30;2018-07-28T20:45;83;kWh;0;3516;0;0;3516;3516
2018-07-28T20:45;2018-07-28T21:00;84;kWh;0;8779;0;0;8779;8779
2018-07-28T21:00;2018-07-28T21:15;85;kWh;-314;2344;0;0;2658;2030
2018-07-28T21:15;2018-07-28T21:30;86;kWh;-51;0;0;0;51;-51
2018-07-28T21:30;2018-07-28T21:45;87;kWh;0;0;0;0;0;0
2018-07-28T21:45;2018-07-28T22:00;88;kWh;0;732;0;0;732;732
2018-07-28T22:00;2018-07-28T22:15;89;kWh;0;1703;0;0;1703;1703
2018-07-28T22:15;2018-07-28T22:30;90;kWh;-3448;0;0;0;3448;-3448
2018-07-28T22:30;2018-07-28T22:45;91;kWh;-2151;0;0;0;2151;-2151
2018-07-28T22:45;2018-07-28T23:00;92;kWh;0;0;0;0;0;0
2018-07-28T23:00;2018-07-28T23:15;93;kWh;-42;0;0;0;42;-42
2018-07-28T23:15;2018-07-28T23:30;94;kWh;-10085;0;0;0;10085;-10085
2018-07-28T23:30;2018-07-28T23:45;95;kWh;-20296;0;0;0;20296;-20296
2018-07-28T23:45;2018-07-29T00:00;96;kWh;-9738;0;0;0;9738;-9738
2018-07-29T00:00;2018-07-29T00:15;1;kWh;-17023;10;0;0;17033;-17013
2018-07-29T00:15;2018-07-29T00:30;2;kWh;-414;830;0;0;1244;416
2018-07-29T00:30;2018-07-29T00:45;3;kWh;-9524;0;0;0;9524;-9524
2018-07-29T00:45;2018-07-29T01:00;4;kWh;-17325;0;0;0;17325;-17325
2018-07-29T01:00;2018-07-29T01:15;5;kWh;-3996;23340;0;0;27336;19344
2018-07-29T01:15;2018-07-29T01:30;6;kWh;0;50561;0;0;50561;50561
2018-07-29T01:30;2018-07-29T01:45;7;kWh;-1388;4608;0;0;5996;3220
2018-07-29T01:45;2018-07-29T02:00;8;kWh;0;1263;0;0;1263;1263
2018-07-29T02:00;2018-07-29T02:15;9;kWh;0;1011;0;0;1011;1011
2018-07-29T02:15;2018-07-29T02:30;10;kWh;0;13648;0;0;13648;13648
2018-07-29T02:30;2018-07-29T02:45;11;kWh;0;3207;0;0;3207;3207
2018-07-29T02:45;2018-07-29T03:00;12;kWh;-1179;0;0;0;1179;-1179
2018-07-29T03:00;2018-07-29T03:15;13;kWh;-790;841;0;0;1631;51
2018-07-29T03:15;2018-07-29T03:30;14;kWh;0;695;0;0;695;695
2018-07-29T03:30;2018-07-29T03:45;15;kWh;0;3678;0;0;3678;3678
2018-07-29T03:45;2018-07-29T04:00;16;kWh;0;6173;0;0;6173;6173
2018-07-29T04:00;2018-07-29T04:15;17;kWh;0;705;0;0;705;705
2018-07-29T04:15;2018-07-29T04:30;18;kWh;-173;0;0;0;173;-173
2018-07-29T04:30;2018-07-29T04:45;19;kWh;-3953;0;0;0;3953;-3953
2018-07-29T04:45;2018-07-29T05:00;20;kWh;-4808;0;0;0;4808;-4808
2018-07-29T05:00;2018-07-29T05:15;21;kWh;-998;0;0;0;998;-998
2018-07-29T05:15;2018-07-29T05:30;22;kWh;-380;0;0;0;380;-380
2018-07-29T05:30;2018-07-29T05:45;23;kWh;-9;0;0;0;9;-9
2018-07-29T05:45;2018-07-29T06:00;24;kWh;-5694;0;0;0;5694;-5694
2018-07-29T06:00;2018-07-29T06:15;25;kWh;-5272;0;0;0;5272;-5272
2018-07-29T06:15;2018-07-29T06:30;26;kWh;0;0;0;0;0;0
2018-07-29T06:30;2018-07-29T06:45;27;kWh;-826;0;0;0;826;-826
2018-07-29T06:45;2018-07-29T07:00;28;kWh;-1507;0;0;0;1507;-1507
2018-07-29T07:00;2018-07-29T07:15;29;kWh;-5437;0;0;0;5437;-5437
2018-07-29T07:15;2018-07-29T07:30;30;kWh;-3494;0;0;0;3494;-3494
2018-07-29T07:30;2018-07-29T07:45;31;kWh;-75;0;0;0;75;-75
2018-07-29T07:45;2018-07-29T08:00;32;kWh;0;0;0;0;0;0
2018-07-29T08:00;2018-07-29T08:15;33;kWh;-4235;0;0;0;4235;-4235
2018-07-29T08:15;2018-07-29T08:30;34;kWh;-1049;0;0;0;1049;-1049
2018-07-29T08:30;2018-07-29T08:45;35;kWh;0;0;0;0;0;0
2018-07-29T08:45;2018-07-29T09:00;36;kWh;0;0;0;0;0;0
2018-07-29T09:00;2018-07-29T09:15;37;kWh;0;356;0;0;356;356
2018-07-29T09:15;2018-07-29T09:30;38;kWh;0;6;0;0;6;6
2018-07-29T09:30;2018-07-29T09:45;39;kWh;-29;0;0;0;29;-29
2018-07-29T09:45;2018-07-29T10:00;40;kWh;-1403;0;0;0;1403;-1403
2018-07-29T10:00;2018-07-29T10:15;41;kWh;-41787;0;0;0;41787;-41787
2018-07-29T10:15;2018-07-29T10:30;42;kWh;-5420;167;0;0;5587;-5253
2018-07-29T10:30;2018-07-29T10:45;43;kWh;-31229;0;0;0;31229;-31229
2018-07-29T10:45;2018-07-29T11:00;44;kWh;-46258;0;0;0;46258;-46258
2018-07-29T11:00;2018-07-29T11:15;45;kWh;-38273;0;0;0;38273;-38273
2018-07-29T11:15;2018-07-29T11:30;46;kWh;-36673;0;0;0;36673;-36673
2018-07-29T11:30;2018-07-29T11:45;47;kWh;-48256;0;0;0;48256;-48256
2018-07-29T11:45;2018-07-29T12:00;48;kWh;-43618;0;0;0;43618;-43618
2018-07-29T12:00;2018-07-29T12:15;49;kWh;-30107;0;0;0;30107;-30107
2018-07-29T12:15;2018-07-29T12:30;50;kWh;-3035;0;0;0;3035;-3035
2018-07-29T12:30;2018-07-29T12:45;51;kWh;-1742;0;0;0;1742;-1742
2018-07-29T12:45;2018-07-29T13:00;52;kWh;0;0;0;0;0;0
2018-07-29T13:00;2018-07-29T13:15;53;kWh;0;0;0;0;0;0
2018-07-29T13:15;2018-07-29T13:30;54;kWh;0;0;0;0;0;0
2018-07-29T13:30;2018-07-29T13:45;55;kWh;0;0;0;0;0;0
2018-07-29T13:45;2018-07-29T14:00;56;kWh;0;0;0;0;0;0
2018-07-29T14:00;2018-07-29T14:15;57;kWh;0;2480;0;0;2480;2480
2018-07-29T14:15;2018-07-29T14:30;58;kWh;0;1150;0;0;1150;1150
2018-07-29T14:30;2018-07-29T14:45;59;kWh;0;546;0;0;546;546
2018-07-29T14:45;2018-07-29T15:00;60;kWh;0;28663;0;0;28663;28663
2018-07-29T15:00;2018-07-29T15:15;61;kWh;0;42022;0;0;42022;42022
2018-07-29T15:15;2018-07-29T15:30;62;kWh;0;48778;0;0;48778;48778
2018-07-29T15:30;2018-07-29T15:45;63;kWh;0;67991;0;0;67991;67991
2018-07-29T15:45;2018-07-29T16:00;64;kWh;0;57714;0;0;57714;57714
2018-07-29T16:00;2018-07-29T16:15;65;kWh;0;44755;0;0;44755;44755
2018-07-29T16:15;2018-07-29T16:30;66;kWh;-510;26219;0;0;26729;25709
2018-07-29T16:30;2018-07-29T16:45;67;kWh;-246;11659;0;0;11905;11413
2018-07-29T16:45;2018-07-29T17:00;68;kWh;0;17728;0;0;17728;17728
2018-07-29T17:00;2018-07-29T17:15;69;kWh;-1003;4399;0;0;5402;3396
2018-07-29T17:15;2018-07-29T17:30;70;kWh;-13;4915;0;0;4928;4902
2018-07-29T17:30;2018-07-29T17:45;71;kWh;0;50726;0;0;50726;50726
2018-07-29T17:45;2018-07-29T18:00;72;kWh;0;75072;0;0;75072;75072
2018-07-29T18:00;2018-07-29T18:15;73;kWh;0;56750;0;0;56750;56750
2018-07-29T18:15;2018-07-29T18:30;74;kWh;0;1847;0;0;1847;1847
2018-07-29T18:30;2018-07-29T18:45;75;kWh;0;3457;0;0;3457;3457
2018-07-29T18:45;2018-07-29T19:00;76;kWh;0;8277;0;0;8277;8277
2018-07-29T19:00;2018-07-29T19:15;77;kWh;-555;21;0;0;576;-534
2018-07-29T19:15;2018-07-29T19:30;78;kWh;-580;4;0;0;584;-576
2018-07-29T19:30;2018-07-29T19:45;79;kWh;0;2086;0;0;2086;2086
2018-07-29T19:45;2018-07-29T20:00;80;kWh;0;10927;0;0;10927;10927
2018-07-29T20:00;2018-07-29T20:15;81;kWh;-519;12728;0;0;13247;12209
2018-07-29T20:15;2018-07-29T20:30;82;kWh;-72;80;0;0;152;8
2018-07-29T20:30;2018-07-29T20:45;83;kWh;0;0;0;0;0;0
2018-07-29T20:45;2018-07-29T21:00;84;kWh;0;0;0;0;0;0
2018-07-29T21:00;2018-07-29T21:15;85;kWh;0;0;0;0;0;0
2018-07-29T21:15;2018-07-29T21:30;86;kWh;0;0;0;0;0;0
2018-07-29T21:30;2018-07-29T21:45;87;kWh;0;0;0;0;0;0
2018-07-29T21:45;2018-07-29T22:00;88;kWh;0;12423;0;0;12423;12423
2018-07-29T22:00;2018-07-29T22:15;89;kWh;0;9394;0;0;9394;9394
2018-07-29T22:15;2018-07-29T22:30;90;kWh;0;371;0;0;371;371
2018-07-29T22:30;2018-07-29T22:45;91;kWh;0;8506;0;0;8506;8506
2018-07-29T22:45;2018-07-29T23:00;92;kWh;0;17988;0;0;17988;17988
2018-07-29T23:00;2018-07-29T23:15;93;kWh;0;8544;0;0;8544;8544
2018-07-29T23:15;2018-07-29T23:30;94;kWh;0;5223;0;0;5223;5223
2018-07-29T23:30;2018-07-29T23:45;95;kWh;0;0;0;0;0;0
2018-07-29T23:45;2018-07-30T00:00;96;kWh;0;0;0;0;0;0
2018-07-30T00:00;2018-07-30T00:15;1;kWh;0;27509;0;0;27509;27509
2018-07-30T00:15;2018-07-30T00:30;2;kWh;0;38106;0;0;38106;38106
2018-07-30T00:30;2018-07-30T00:45;3;kWh;0;2063;0;0;2063;2063
2018-07-30T00:45;2018-07-30T01:00;4;kWh;0;0;0;0;0;0
2018-07-30T01:00;2018-07-30T01:15;5;kWh;0;21466;0;0;21466;21466
2018-07-30T01:15;2018-07-30T01:30;6;kWh;0;94676;0;0;94676;94676
2018-07-30T01:30;2018-07-30T01:45;7;kWh;0;47793;0;0;47793;47793
2018-07-30T01:45;2018-07-30T02:00;8;kWh;0;1143;0;0;1143;1143
2018-07-30T02:00;2018-07-30T02:15;9;kWh;0;24963;0;0;24963;24963
2018-07-30T02:15;2018-07-30T02:30;10;kWh;0;48635;0;0;52385;52385
2018-07-30T02:30;2018-07-30T02:45;11;kWh;0;3654;0;0;3654;3654
2018-07-30T02:45;2018-07-30T03:00;12;kWh;0;25000;0;0;25000;25000
2018-07-30T03:00;2018-07-30T03:15;13;kWh;0;1522;0;0;1522;1522
2018-07-30T03:15;2018-07-30T03:30;14;kWh;0;2324;0;0;2324;2324
2018-07-30T03:30;2018-07-30T03:45;15;kWh;0;2897;0;0;2897;2897
2018-07-30T03:45;2018-07-30T04:00;16;kWh;0;3864;0;0;3864;3864
2018-07-30T04:00;2018-07-30T04:15;17;kWh;0;2413;0;0;2413;2413
2018-07-30T04:15;2018-07-30T04:30;18;kWh;0;4749;0;0;4749;4749
2018-07-30T04:30;2018-07-30T04:45;19;kWh;0;2731;0;0;2731;2731
2018-07-30T04:45;2018-07-30T05:00;20;kWh;0;13216;0;0;13216;13216
2018-07-30T05:00;2018-07-30T05:15;21;kWh;-303;2531;0;0;2834;2228
2018-07-30T05:15;2018-07-30T05:30;22;kWh;0;0;0;0;0;0
2018-07-30T05:30;2018-07-30T05:45;23;kWh;0;0;0;0;0;0
2018-07-30T05:45;2018-07-30T06:00;24;kWh;0;0;0;0;0;0
2018-07-30T06:00;2018-07-30T06:15;25;kWh;-399;0;0;0;399;-399
2018-07-30T06:15;2018-07-30T06:30;26;kWh;-1;0;0;0;1;-1
2018-07-30T06:30;2018-07-30T06:45;27;kWh;0;0;0;0;0;0
2018-07-30T06:45;2018-07-30T07:00;28;kWh;0;1490;0;0;1490;1490
2018-07-30T07:00;2018-07-30T07:15;29;kWh;0;114;0;0;114;114
2018-07-30T07:15;2018-07-30T07:30;30;kWh;0;345;0;0;345;345
2018-07-30T07:30;2018-07-30T07:45;31;kWh;0;2168;0;0;2168;2168
2018-07-30T07:45;2018-07-30T08:00;32;kWh;0;8832;0;0;8832;8832
2018-07-30T08:00;2018-07-30T08:15;33;kWh;0;21454;0;0;21454;21454
2018-07-30T08:15;2018-07-30T08:30;34;kWh;0;22662;0;0;22662;22662
2018-07-30T08:30;2018-07-30T08:45;35;kWh;0;1325;0;0;1325;1325
2018-07-30T08:45;2018-07-30T09:00;36;kWh;0;16973;0;0;16973;16973
2018-07-30T09:00;2018-07-30T09:15;37;kWh;-7403;4931;0;0;12334;-2472
2018-07-30T09:15;2018-07-30T09:30;38;kWh;-58;0;0;0;58;-58
2018-07-30T09:30;2018-07-30T09:45;39;kWh;0;0;0;0;0;0
2018-07-30T09:45;2018-07-30T10:00;40;kWh;-12;0;0;0;12;-12
2018-07-30T10:00;2018-07-30T10:15;41;kWh;-1381;0;0;0;1381;-1381
2018-07-30T10:15;2018-07-30T10:30;42;kWh;-521;0;0;0;521;-521
2018-07-30T10:30;2018-07-30T10:45;43;kWh;-910;0;0;0;910;-910
2018-07-30T10:45;2018-07-30T11:00;44;kWh;0;2033;0;0;2033;2033
2018-07-30T11:00;2018-07-30T11:15;45;kWh;0;1704;0;0;1704;1704
2018-07-30T11:15;2018-07-30T11:30;46;kWh;0;0;0;0;0;0
2018-07-30T11:30;2018-07-30T11:45;47;kWh;0;0;0;0;0;0
2018-07-30T11:45;2018-07-30T12:00;48;kWh;0;0;0;0;0;0
2018-07-30T12:00;2018-07-30T12:15;49;kWh;-613;0;0;0;613;-613
2018-07-30T12:15;2018-07-30T12:30;50;kWh;-4703;0;0;0;4703;-4703
2018-07-30T12:30;2018-07-30T12:45;51;kWh;-803;0;0;0;803;-803
2018-07-30T12:45;2018-07-30T13:00;52;kWh;-93;0;0;0;93;-93
2018-07-30T13:00;2018-07-30T13:15;53;kWh;-694;0;0;0;694;-694
2018-07-30T13:15;2018-07-30T13:30;54;kWh;0;0;0;0;0;0
2018-07-30T13:30;2018-07-30T13:45;55;kWh;0;390;0;0;390;390
2018-07-30T13:45;2018-07-30T14:00;56;kWh;0;177;0;0;177;177
2018-07-30T14:00;2018-07-30T14:15;57;kWh;0;14474;0;0;14474;14474
2018-07-30T14:15;2018-07-30T14:30;58;kWh;0;33703;0;0;33703;33703
2018-07-30T14:30;2018-07-30T14:45;59;kWh;0;53872;0;0;53872;53872
2018-07-30T14:45;2018-07-30T15:00;60;kWh;0;20454;0;0;20454;20454
2018-07-30T15:00;2018-07-30T15:15;61;kWh;0;16544;0;0;16544;16544
2018-07-30T15:15;2018-07-30T15:30;62;kWh;0;11870;0;0;11870;11870
2018-07-30T15:30;2018-07-30T15:45;63;kWh;0;4691;0;0;4691;4691
2018-07-30T15:45;2018-07-30T16:00;64;kWh;0;47159;0;0;47159;47159
2018-07-30T16:00;2018-07-30T16:15;65;kWh;-1406;26725;0;0;28131;25319
2018-07-30T16:15;2018-07-30T16:30;66;kWh;-63;3374;0;0;3437;3311
2018-07-30T16:30;2018-07-30T16:45;67;kWh;0;39957;0;0;39957;39957
2018-07-30T16:45;2018-07-30T17:00;68;kWh;0;55496;0;0;55496;55496
2018-07-30T17:00;2018-07-30T17:15;69;kWh;-2788;20794;0;0;23582;18006
2018-07-30T17:15;2018-07-30T17:30;70;kWh;-215;242;0;0;457;27
2018-07-30T17:30;2018-07-30T17:45;71;kWh;0;1207;0;0;1207;1207
2018-07-30T17:45;2018-07-30T18:00;72;kWh;0;112;0;0;112;112
2018-07-30T18:00;2018-07-30T18:15;73;kWh;0;2222;0;0;2222;2222
2018-07-30T18:15;2018-07-30T18:30;74;kWh;0;5567;0;0;5567;5567
2018-07-30T18:30;2018-07-30T18:45;75;kWh;0;17897;0;0;17897;17897
2018-07-30T18:45;2018-07-30T19:00;76;kWh;0;8032;0;0;8032;8032
2018-07-30T19:00;2018-07-30T19:15;77;kWh;-458;6;0;0;464;-452
2018-07-30T19:15;2018-07-30T19:30;78;kWh;0;0;0;0;0;0
2018-07-30T19:30;2018-07-30T19:45;79;kWh;0;0;0;0;0;0
2018-07-30T19:45;2018-07-30T20:00;80;kWh;0;0;0;0;0;0
2018-07-30T20:00;2018-07-30T20:15;81;kWh;0;0;0;0;0;0
2018-07-30T20:15;2018-07-30T20:30;82;kWh;-2753;0;0;0;2753;-2753
2018-07-30T20:30;2018-07-30T20:45;83;kWh;-8361;0;0;0;8361;-8361
2018-07-30T20:45;2018-07-30T21:00;84;kWh;-27485;0;0;0;27485;-27485
2018-07-30T21:00;2018-07-30T21:15;85;kWh;-14765;785;0;0;15550;-13980
2018-07-30T21:15;2018-07-30T21:30;86;kWh;-35;71;0;0;106;36
2018-07-30T21:30;2018-07-30T21:45;87;kWh;-5570;0;0;0;5570;-5570
2018-07-30T21:45;2018-07-30T22:00;88;kWh;-5577;0;0;0;5577;-5577
2018-07-30T22:00;2018-07-30T22:15;89;kWh;-2050;0;0;0;2050;-2050
2018-07-30T22:15;2018-07-30T22:30;90;kWh;-26471;0;0;0;26471;-26471
2018-07-30T22:30;2018-07-30T22:45;91;kWh;-30717;0;0;0;30717;-30717
2018-07-30T22:45;2018-07-30T23:00;92;kWh;-8654;0;0;0;8654;-8654
2018-07-30T23:00;2018-07-30T23:15;93;kWh;-18180;941;0;0;19121;-17239
2018-07-30T23:15;2018-07-30T23:30;94;kWh;0;16930;0;0;16930;16930
2018-07-30T23:30;2018-07-30T23:45;95;kWh;-3984;1275;0;0;5259;-2709
2018-07-30T23:45;2018-07-31T00:00;96;kWh;-22797;0;0;0;22797;-22797
2018-07-31T00:00;2018-07-31T00:15;1;kWh;-13169;272;0;0;13441;-12897
2018-07-31T00:15;2018-07-31T00:30;2;kWh;-245;1657;0;0;1902;1412
2018-07-31T00:30;2018-07-31T00:45;3;kWh;-16678;0;0;0;16678;-16678
2018-07-31T00:45;2018-07-31T01:00;4;kWh;-63333;0;0;0;63333;-63333
2018-07-31T01:00;2018-07-31T01:15;5;kWh;-30752;0;0;0;30752;-30752
2018-07-31T01:15;2018-07-31T01:30;6;kWh;-24953;0;0;0;24953;-24953
2018-07-31T01:30;2018-07-31T01:45;7;kWh;-41995;0;0;0;41995;-41995
2018-07-31T01:45;2018-07-31T02:00;8;kWh;-47718;0;0;0;47718;-47718
2018-07-31T02:00;2018-07-31T02:15;9;kWh;-20217;6430;0;0;26647;-13787
2018-07-31T02:15;2018-07-31T02:30;10;kWh;0;1691;0;0;1691;1691
2018-07-31T02:30;2018-07-31T02:45;11;kWh;-7907;0;0;0;7907;-7907
2018-07-31T02:45;2018-07-31T03:00;12;kWh;-16785;248;0;0;17033;-16537
2018-07-31T03:00;2018-07-31T03:15;13;kWh;-450;2022;0;0;2472;1572
2018-07-31T03:15;2018-07-31T03:30;14;kWh;0;2599;0;0;2599;2599
2018-07-31T03:30;2018-07-31T03:45;15;kWh;0;6986;0;0;6986;6986
2018-07-31T03:45;2018-07-31T04:00;16;kWh;0;9095;0;0;9095;9095
2018-07-31T04:00;2018-07-31T04:15;17;kWh;0;9470;0;0;9470;9470
2018-07-31T04:15;2018-07-31T04:30;18;kWh;0;6824;0;0;6824;6824
2018-07-31T04:30;2018-07-31T04:45;19;kWh;0;15125;0;0;15125;15125
2018-07-31T04:45;2018-07-31T05:00;20;kWh;0;18819;0;0;18819;18819
2018-07-31T05:00;2018-07-31T05:15;21;kWh;0;5374;0;0;5374;5374
2018-07-31T05:15;2018-07-31T05:30;22;kWh;0;3030;0;0;3030;3030
2018-07-31T05:30;2018-07-31T05:45;23;kWh;0;21417;0;0;21417;21417
2018-07-31T05:45;2018-07-31T06:00;24;kWh;0;18946;0;0;18946;18946
2018-07-31T06:00;2018-07-31T06:15;25;kWh;-135;921;0;0;1056;786
2018-07-31T06:15;2018-07-31T06:30;26;kWh;-595;0;0;0;595;-595
2018-07-31T06:30;2018-07-31T06:45;27;kWh;0;1023;0;0;1023;1023
2018-07-31T06:45;2018-07-31T07:00;28;kWh;0;8002;0;0;8002;8002
2018-07-31T07:00;2018-07-31T07:15;29;kWh;0;283;0;0;283;283
2018-07-31T07:15;2018-07-31T07:30;30;kWh;0;0;0;0;0;0
2018-07-31T07:30;2018-07-31T07:45;31;kWh;0;313;0;0;313;313
2018-07-31T07:45;2018-07-31T08:00;32;kWh;0;19068;0;0;19068;19068
2018-07-31T08:00;2018-07-31T08:15;33;kWh;0;7255;0;0;7255;7255
2018-07-31T08:15;2018-07-31T08:30;34;kWh;0;41;0;0;41;41
2018-07-31T08:30;2018-07-31T08:45;35;kWh;0;10422;0;0;10422;10422
2018-07-31T08:45;2018-07-31T09:00;36;kWh;0;43397;0;0;43397;43397
2018-07-31T09:00;2018-07-31T09:15;37;kWh;0;20798;0;0;20798;20798
2018-07-31T09:15;2018-07-31T09:30;38;kWh;0;0;0;0;0;0
2018-07-31T09:30;2018-07-31T09:45;39;kWh;0;1379;0;0;1379;1379
2018-07-31T09:45;2018-07-31T10:00;40;kWh;0;1166;0;0;1166;1166
2018-07-31T10:00;2018-07-31T10:15;41;kWh;0;0;0;0;0;0
2018-07-31T10:15;2018-07-31T10:30;42;kWh;0;0;0;0;0;0
2018-07-31T10:30;2018-07-31T10:45;43;kWh;0;0;0;0;0;0
2018-07-31T10:45;2018-07-31T11:00;44;kWh;-702;0;0;0;702;-702
2018-07-31T11:00;2018-07-31T11:15;45;kWh;-1795;0;0;0;1795;-1795
2018-07-31T11:15;2018-07-31T11:30;46;kWh;-15299;0;0;0;15299;-15299
2018-07-31T11:30;2018-07-31T11:45;47;kWh;-18663;0;0;0;18663;-18663
2018-07-31T11:45;2018-07-31T12:00;48;kWh;-20544;0;0;0;20544;-20544
2018-07-31T12:00;2018-07-31T12:15;49;kWh;-2580;0;0;0;2580;-2580
2018-07-31T12:15;2018-07-31T12:30;50;kWh;-22128;0;0;0;22128;-22128
2018-07-31T12:30;2018-07-31T12:45;51;kWh;-73987;0;0;0;73987;-73987
2018-07-31T12:45;2018-07-31T13:00;52;kWh;-76419;0;0;0;76419;-76419
2018-07-31T13:00;2018-07-31T13:15;53;kWh;-63711;0;0;0;63711;-63711
2018-07-31T13:15;2018-07-31T13:30;54;kWh;-1316;0;0;0;1316;-1316
2018-07-31T13:30;2018-07-31T13:45;55;kWh;-203;0;0;0;203;-203
2018-07-31T13:45;2018-07-31T14:00;56;kWh;-1962;0;0;0;1962;-1962
2018-07-31T14:00;2018-07-31T14:15;57;kWh;-28;0;0;0;28;-28
2018-07-31T14:15;2018-07-31T14:30;58;kWh;0;89;0;0;89;89
2018-07-31T14:30;2018-07-31T14:45;59;kWh;0;2271;0;0;2271;2271
2018-07-31T14:45;2018-07-31T15:00;60;kWh;0;3331;0;0;3331;3331
2018-07-31T15:00;2018-07-31T15:15;61;kWh;0;0;0;0;0;0
2018-07-31T15:15;2018-07-31T15:30;62;kWh;0;0;0;0;0;0
2018-07-31T15:30;2018-07-31T15:45;63;kWh;0;0;0;0;0;0
2018-07-31T15:45;2018-07-31T16:00;64;kWh;-23;0;0;0;23;-23
2018-07-31T16:00;2018-07-31T16:15;65;kWh;-6763;0;0;0;6763;-6763
2018-07-31T16:15;2018-07-31T16:30;66;kWh;-17892;0;0;0;17892;-17892
2018-07-31T16:30;2018-07-31T16:45;67;kWh;-18549;0;0;0;18549;-18549
2018-07-31T16:45;2018-07-31T17:00;68;kWh;-3242;0;0;0;3242;-3242
2018-07-31T17:00;2018-07-31T17:15;69;kWh;-54629;0;0;0;54629;-54629
2018-07-31T17:15;2018-07-31T17:30;70;kWh;-32439;0;0;0;32439;-32439
2018-07-31T17:30;2018-07-31T17:45;71;kWh;-11694;0;0;0;11694;-11694
2018-07-31T17:45;2018-07-31T18:00;72;kWh;-710;0;0;0;710;-710
2018-07-31T18:00;2018-07-31T18:15;73;kWh;-31672;0;0;0;31672;-31672
2018-07-31T18:15;2018-07-31T18:30;74;kWh;-51187;0;0;0;51187;-51187
2018-07-31T18:30;2018-07-31T18:45;75;kWh;-17112;0;0;0;17112;-17112
2018-07-31T18:45;2018-07-31T19:00;76;kWh;-200;0;0;0;200;-200
2018-07-31T19:00;2018-07-31T19:15;77;kWh;-1488;0;0;0;1488;-1488
2018-07-31T19:15;2018-07-31T19:30;78;kWh;0;0;0;0;0;0
2018-07-31T19:30;2018-07-31T19:45;79;kWh;-1167;0;0;0;1167;-1167
2018-07-31T19:45;2018-07-31T20:00;80;kWh;-125;0;0;0;125;-125
2018-07-31T20:00;2018-07-31T20:15;81;kWh;0;4250;0;0;4250;4250
2018-07-31T20:15;2018-07-31T20:30;82;kWh;0;754;0;0;754;754
2018-07-31T20:30;2018-07-31T20:45;83;kWh;0;816;0;0;816;816
2018-07-31T20:45;2018-07-31T21:00;84;kWh;-10397;0;0;0;10397;-10397
2018-07-31T21:00;2018-07-31T21:15;85;kWh;-14662;0;0;0;14662;-14662
2018-07-31T21:15;2018-07-31T21:30;86;kWh;-72;0;0;0;72;-72
2018-07-31T21:30;2018-07-31T21:45;87;kWh;0;0;0;0;0;0
2018-07-31T21:45;2018-07-31T22:00;88;kWh;0;3;0;0;3;3
2018-07-31T22:00;2018-07-31T22:15;89;kWh;0;147;0;0;147;147
2018-07-31T22:15;2018-07-31T22:30;90;kWh;-767;0;0;0;767;-767
2018-07-31T22:30;2018-07-31T22:45;91;kWh;-1205;0;0;0;1205;-1205
2018-07-31T22:45;2018-07-31T23:00;92;kWh;-4473;0;0;0;4473;-4473
2018-07-31T23:00;2018-07-31T23:15;93;kWh;-2574;10130;0;0;12704;7556
2018-07-31T23:15;2018-07-31T23:30;94;kWh;-76;8392;0;0;8468;8316
2018-07-31T23:30;2018-07-31T23:45;95;kWh;-1503;0;0;0;1503;-1503
2018-07-31T23:45;2018-08-01T00:00;96;kWh;-9535;0;0;0;9535;-9535
2018-08-01T00:00;2018-08-01T00:15;1;kWh;-11302;1172;0;0;12474;-10130
2018-08-01T00:15;2018-08-01T00:30;2;kWh;0;16863;0;0;16863;16863
2018-08-01T00:30;2018-08-01T00:45;3;kWh;-2838;1133;0;0;3971;-1705
2018-08-01T00:45;2018-08-01T01:00;4;kWh;-27736;0;0;0;27736;-27736
2018-08-01T01:00;2018-08-01T01:15;5;kWh;-13710;5923;0;0;19633;-7787
2018-08-01T01:15;2018-08-01T01:30;6;kWh;-21;11748;0;0;11769;11727
2018-08-01T01:30;2018-08-01T01:45;7;kWh;0;53;0;0;53;53
2018-08-01T01:45;2018-08-01T02:00;8;kWh;-200;0;0;0;200;-200
2018-08-01T02:00;2018-08-01T02:15;9;kWh;-95;2201;0;0;2296;2106
2018-08-01T02:15;2018-08-01T02:30;10;kWh;0;8389;0;0;8389;8389
2018-08-01T02:30;2018-08-01T02:45;11;kWh;0;7785;0;0;7785;7785
2018-08-01T02:45;2018-08-01T03:00;12;kWh;0;405;0;0;405;405
2018-08-01T03:00;2018-08-01T03:15;13;kWh;0;4176;0;0;4176;4176
2018-08-01T03:15;2018-08-01T03:30;14;kWh;0;6612;0;0;6612;6612
2018-08-01T03:30;2018-08-01T03:45;15;kWh;0;949;0;0;949;949
2018-08-01T03:45;2018-08-01T04:00;16;kWh;0;20;0;0;20;20
2018-08-01T04:00;2018-08-01T04:15;17;kWh;0;2309;0;0;2309;2309
2018-08-01T04:15;2018-08-01T04:30;18;kWh;0;2628;0;0;2628;2628
2018-08-01T04:30;2018-08-01T04:45;19;kWh;0;4775;0;0;4775;4775
2018-08-01T04:45;2018-08-01T05:00;20;kWh;0;2772;0;0;2772;2772
2018-08-01T05:00;2018-08-01T05:15;21;kWh;0;163;0;0;163;163
2018-08-01T05:15;2018-08-01T05:30;22;kWh;0;0;0;0;0;0
2018-08-01T05:30;2018-08-01T05:45;23;kWh;0;4807;0;0;4807;4807
2018-08-01T05:45;2018-08-01T06:00;24;kWh;0;22288;0;0;22288;22288
2018-08-01T06:00;2018-08-01T06:15;25;kWh;-1212;6625;0;0;7837;5413
2018-08-01T06:15;2018-08-01T06:30;26;kWh;-4139;0;0;0;4139;-4139
2018-08-01T06:30;2018-08-01T06:45;27;kWh;-2107;17;0;0;2124;-2090
2018-08-01T06:45;2018-08-01T07:00;28;kWh;-35;6370;0;0;6405;6335
2018-08-01T07:00;2018-08-01T07:15;29;kWh;-8776;188;0;0;8964;-8588
2018-08-01T07:15;2018-08-01T07:30;30;kWh;-6726;0;0;0;6726;-6726
2018-08-01T07:30;2018-08-01T07:45;31;kWh;-24;0;0;0;24;-24
2018-08-01T07:45;2018-08-01T08:00;32;kWh;0;0;0;0;0;0
2018-08-01T08:00;2018-08-01T08:15;33;kWh;0;197;0;0;197;197
2018-08-01T08:15;2018-08-01T08:30;34;kWh;0;2966;0;0;2966;2966
2018-08-01T08:30;2018-08-01T08:45;35;kWh;0;22144;0;0;22144;22144
2018-08-01T08:45;2018-08-01T09:00;36;kWh;0;27862;0;0;27862;27862
2018-08-01T09:00;2018-08-01T09:15;37;kWh;-1426;7437;0;0;8863;6011
2018-08-01T09:15;2018-08-01T09:30;38;kWh;0;4699;0;0;4699;4699
2018-08-01T09:30;2018-08-01T09:45;39;kWh;0;3268;0;0;3268;3268
2018-08-01T09:45;2018-08-01T10:00;40;kWh;0;71;0;0;71;71
2018-08-01T10:00;2018-08-01T10:15;41;kWh;0;21;0;0;21;21
2018-08-01T10:15;2018-08-01T10:30;42;kWh;0;0;0;0;0;0
2018-08-01T10:30;2018-08-01T10:45;43;kWh;0;0;0;0;0;0
2018-08-01T10:45;2018-08-01T11:00;44;kWh;0;298;0;0;298;298
2018-08-01T11:00;2018-08-01T11:15;45;kWh;0;1129;0;0;1129;1129
2018-08-01T11:15;2018-08-01T11:30;46;kWh;0;3020;0;0;3020;3020
2018-08-01T11:30;2018-08-01T11:45;47;kWh;0;7252;0;0;7252;7252
2018-08-01T11:45;2018-08-01T12:00;48;kWh;0;14236;0;0;14236;14236
2018-08-01T12:00;2018-08-01T12:15;49;kWh;0;10576;0;0;10576;10576
2018-08-01T12:15;2018-08-01T12:30;50;kWh;0;2553;0;0;2553;2553
2018-08-01T12:30;2018-08-01T12:45;51;kWh;0;19049;0;0;19049;19049
2018-08-01T12:45;2018-08-01T13:00;52;kWh;0;28887;0;0;28887;28887
2018-08-01T13:00;2018-08-01T13:15;53;kWh;0;5824;0;0;5824;5824
2018-08-01T13:15;2018-08-01T13:30;54;kWh;0;12109;0;0;12109;12109
2018-08-01T13:30;2018-08-01T13:45;55;kWh;0;526;0;0;526;526
2018-08-01T13:45;2018-08-01T14:00;56;kWh;0;4562;0;0;4562;4562
2018-08-01T14:00;2018-08-01T14:15;57;kWh;0;2448;0;0;2448;2448
2018-08-01T14:15;2018-08-01T14:30;58;kWh;0;157;0;0;157;157
2018-08-01T14:30;2018-08-01T14:45;59;kWh;0;3878;0;0;3878;3878
2018-08-01T14:45;2018-08-01T15:00;60;kWh;0;21015;0;0;21015;21015
2018-08-01T15:00;2018-08-01T15:15;61;kWh;0;28294;0;0;28294;28294
2018-08-01T15:15;2018-08-01T15:30;62;kWh;0;32363;0;0;32363;32363
2018-08-01T15:30;2018-08-01T15:45;63;kWh;0;44409;0;0;44409;44409
2018-08-01T15:45;2018-08-01T16:00;64;kWh;0;46201;0;0;46201;46201
2018-08-01T16:00;2018-08-01T16:15;65;kWh;-1804;22312;0;0;24116;20508
2018-08-01T16:15;2018-08-01T16:30;66;kWh;-317;49;0;0;366;-268
2018-08-01T16:30;2018-08-01T16:45;67;kWh;0;1254;0;0;1254;1254
2018-08-01T16:45;2018-08-01T17:00;68;kWh;0;9533;0;0;9533;9533
2018-08-01T17:00;2018-08-01T17:15;69;kWh;0;2669;0;0;2669;2669
2018-08-01T17:15;2018-08-01T17:30;70;kWh;0;0;0;0;0;0
2018-08-01T17:30;2018-08-01T17:45;71;kWh;0;17721;0;0;17721;17721
2018-08-01T17:45;2018-08-01T18:00;72;kWh;0;31696;0;0;31696;31696
2018-08-01T18:00;2018-08-01T18:15;73;kWh;0;27631;0;0;27631;27631
2018-08-01T18:15;2018-08-01T18:30;74;kWh;0;28947;0;0;28947;28947
2018-08-01T18:30;2018-08-01T18:45;75;kWh;0;7621;0;0;7621;7621
2018-08-01T18:45;2018-08-01T19:00;76;kWh;0;16940;0;0;16940;16940
2018-08-01T19:00;2018-08-01T19:15;77;kWh;-469;7969;0;0;8438;7500
2018-08-01T19:15;2018-08-01T19:30;78;kWh;-81;0;0;0;81;-81
2018-08-01T19:30;2018-08-01T19:45;79;kWh;-1539;0;0;0;1539;-1539
2018-08-01T19:45;2018-08-01T20:00;80;kWh;-2669;0;0;0;2669;-2669
2018-08-01T20:00;2018-08-01T20:15;81;kWh;-448;0;0;0;448;-448
2018-08-01T20:15;2018-08-01T20:30;82;kWh;0;43;0;0;43;43
2018-08-01T20:30;2018-08-01T20:45;83;kWh;0;4616;0;0;4616;4616
2018-08-01T20:45;2018-08-01T21:00;84;kWh;0;1113;0;0;1113;1113
2018-08-01T21:00;2018-08-01T21:15;85;kWh;0;9806;0;0;9806;9806
2018-08-01T21:15;2018-08-01T21:30;86;kWh;0;20474;0;0;20474;20474
2018-08-01T21:30;2018-08-01T21:45;87;kWh;0;23964;0;0;23964;23964
2018-08-01T21:45;2018-08-01T22:00;88;kWh;0;41853;0;0;41853;41853
2018-08-01T22:00;2018-08-01T22:15;89;kWh;0;24517;0;0;24517;24517
2018-08-01T22:15;2018-08-01T22:30;90;kWh;0;898;0;0;898;898
2018-08-01T22:30;2018-08-01T22:45;91;kWh;-271;0;0;0;271;-271
2018-08-01T22:45;2018-08-01T23:00;92;kWh;-546;11;0;0;557;-535
2018-08-01T23:00;2018-08-01T23:15;93;kWh;0;4914;0;0;4914;4914
2018-08-01T23:15;2018-08-01T23:30;94;kWh;0;966;0;0;966;966
2018-08-01T23:30;2018-08-01T23:45;95;kWh;0;0;0;0;0;0
2018-08-01T23:45;2018-08-02T00:00;96;kWh;-4944;0;0;0;4944;-4944
2018-08-02T00:00;2018-08-02T00:15;1;kWh;-5557;0;0;0;5557;-5557
2018-08-02T00:15;2018-08-02T00:30;2;kWh;0;0;0;0;0;0
2018-08-02T00:30;2018-08-02T00:45;3;kWh;-4715;0;0;0;4715;-4715
2018-08-02T00:45;2018-08-02T01:00;4;kWh;-61455;0;0;0;61455;-61455
2018-08-02T01:00;2018-08-02T01:15;5;kWh;-20085;1723;0;0;21808;-18362
2018-08-02T01:15;2018-08-02T01:30;6;kWh;-13;1;0;0;14;-12
2018-08-02T01:30;2018-08-02T01:45;7;kWh;-1544;0;0;0;1544;-1544
2018-08-02T01:45;2018-08-02T02:00;8;kWh;-26548;0;0;0;26548;-26548
2018-08-02T02:00;2018-08-02T02:15;9;kWh;-11304;4397;0;0;15701;-6907
2018-08-02T02:15;2018-08-02T02:30;10;kWh;-11;3348;0;0;3359;3337
2018-08-02T02:30;2018-08-02T02:45;11;kWh;0;1019;0;0;1019;1019
2018-08-02T02:45;2018-08-02T03:00;12;kWh;-2809;150;0;0;2959;-2659
2018-08-02T03:00;2018-08-02T03:15;13;kWh;-1103;300;0;0;1403;-803
2018-08-02T03:15;2018-08-02T03:30;14;kWh;0;233;0;0;233;233
2018-08-02T03:30;2018-08-02T03:45;15;kWh;0;40;0;0;40;40
2018-08-02T03:45;2018-08-02T04:00;16;kWh;0;0;0;0;0;0
2018-08-02T04:00;2018-08-02T04:15;17;kWh;0;0;0;0;0;0
2018-08-02T04:15;2018-08-02T04:30;18;kWh;-3;0;0;0;3;-3
2018-08-02T04:30;2018-08-02T04:45;19;kWh;0;403;0;0;403;403
2018-08-02T04:45;2018-08-02T05:00;20;kWh;0;4058;0;0;4058;4058
2018-08-02T05:00;2018-08-02T05:15;21;kWh;0;3386;0;0;3386;3386
2018-08-02T05:15;2018-08-02T05:30;22;kWh;0;408;0;0;408;408
2018-08-02T05:30;2018-08-02T05:45;23;kWh;0;5162;0;0;5162;5162
2018-08-02T05:45;2018-08-02T06:00;24;kWh;0;23868;0;0;23868;23868
2018-08-02T06:00;2018-08-02T06:15;25;kWh;0;15049;0;0;15049;15049
2018-08-02T06:15;2018-08-02T06:30;26;kWh;0;63612;0;0;63612;63612
2018-08-02T06:30;2018-08-02T06:45;27;kWh;0;46519;0;0;46519;46519
2018-08-02T06:45;2018-08-02T07:00;28;kWh;0;26550;0;0;26550;26550
2018-08-02T07:00;2018-08-02T07:15;29;kWh;0;16982;0;0;16982;16982
2018-08-02T07:15;2018-08-02T07:30;30;kWh;0;562;0;0;562;562
2018-08-02T07:30;2018-08-02T07:45;31;kWh;0;40951;0;0;40951;40951
2018-08-02T07:45;2018-08-02T08:00;32;kWh;0;85297;0;0;85297;85297
2018-08-02T08:00;2018-08-02T08:15;33;kWh;-12240;27868;0;0;40108;15628
2018-08-02T08:15;2018-08-02T08:30;34;kWh;-6489;0;0;0;6489;-6489
2018-08-02T08:30;2018-08-02T08:45;35;kWh;-1013;0;0;0;1013;-1013
2018-08-02T08:45;2018-08-02T09:00;36;kWh;0;9756;0;0;9756;9756
2018-08-02T09:00;2018-08-02T09:15;37;kWh;0;4831;0;0;4831;4831
2018-08-02T09:15;2018-08-02T09:30;38;kWh;0;19535;0;0;19535;19535
2018-08-02T09:30;2018-08-02T09:45;39;kWh;0;16030;0;0;16030;16030
2018-08-02T09:45;2018-08-02T10:00;40;kWh;0;833;0;0;833;833
2018-08-02T10:00;2018-08-02T10:15;41;kWh;0;47;0;0;47;47
2018-08-02T10:15;2018-08-02T10:30;42;kWh;0;1127;0;0;1127;1127
2018-08-02T10:30;2018-08-02T10:45;43;kWh;0;195;0;0;195;195
2018-08-02T10:45;2018-08-02T11:00;44;kWh;-195;0;0;0;195;-195
2018-08-02T11:00;2018-08-02T11:15;45;kWh;0;0;0;0;0;0
2018-08-02T11:15;2018-08-02T11:30;46;kWh;0;551;0;0;551;551
2018-08-02T11:30;2018-08-02T11:45;47;kWh;0;3355;0;0;3355;3355
2018-08-02T11:45;2018-08-02T12:00;48;kWh;0;16787;0;0;16787;16787
2018-08-02T12:00;2018-08-02T12:15;49;kWh;0;34345;0;0;34345;34345
2018-08-02T12:15;2018-08-02T12:30;50;kWh;0;23672;0;0;23672;23672
2018-08-02T12:30;2018-08-02T12:45;51;kWh;0;3746;0;0;3746;3746
2018-08-02T12:45;2018-08-02T13:00;52;kWh;0;3351;0;0;3351;3351
2018-08-02T13:00;2018-08-02T13:15;53;kWh;0;5405;0;0;5405;5405
2018-08-02T13:15;2018-08-02T13:30;54;kWh;0;34049;0;0;34049;34049
2018-08-02T13:30;2018-08-02T13:45;55;kWh;0;34925;0;0;34925;34925
2018-08-02T13:45;2018-08-02T14:00;56;kWh;0;38231;0;0;38231;38231
2018-08-02T14:00;2018-08-02T14:15;57;kWh;0;14875;0;0;14875;14875
2018-08-02T14:15;2018-08-02T14:30;58;kWh;0;6803;0;0;6803;6803
2018-08-02T14:30;2018-08-02T14:45;59;kWh;0;2154;0;0;2154;2154
2018-08-02T14:45;2018-08-02T15:00;60;kWh;0;17615;0;0;17615;17615
2018-08-02T15:00;2018-08-02T15:15;61;kWh;-412;7129;0;0;7541;6717
2018-08-02T15:15;2018-08-02T15:30;62;kWh;0;849;0;0;849;849
2018-08-02T15:30;2018-08-02T15:45;63;kWh;0;19130;0;0;19130;19130
2018-08-02T15:45;2018-08-02T16:00;64;kWh;0;20871;0;0;20871;20871
2018-08-02T16:00;2018-08-02T16:15;65;kWh;-1028;4860;0;0;5888;3832
2018-08-02T16:15;2018-08-02T16:30;66;kWh;0;0;0;0;0;0
2018-08-02T16:30;2018-08-02T16:45;67;kWh;0;863;0;0;863;863
2018-08-02T16:45;2018-08-02T17:00;68;kWh;0;2957;0;0;2957;2957
2018-08-02T17:00;2018-08-02T17:15;69;kWh;-198;81;0;0;279;-117
2018-08-02T17:15;2018-08-02T17:30;70;kWh;0;6061;0;0;6061;6061
2018-08-02T17:30;2018-08-02T17:45;71;kWh;0;24899;0;0;24899;24899
2018-08-02T17:45;2018-08-02T18:00;72;kWh;0;62024;0;0;62024;62024
2018-08-02T18:00;2018-08-02T18:15;73;kWh;0;29129;0;0;29129;29129
2018-08-02T18:15;2018-08-02T18:30;74;kWh;0;1050;0;0;1050;1050
2018-08-02T18:30;2018-08-02T18:45;75;kWh;0;35022;0;0;35022;35022
2018-08-02T18:45;2018-08-02T19:00;76;kWh;0;75292;0;0;75292;75292
2018-08-02T19:00;2018-08-02T19:15;77;kWh;0;31548;0;0;31548;31548
2018-08-02T19:15;2018-08-02T19:30;78;kWh;0;50484;0;0;50484;50484
2018-08-02T19:30;2018-08-02T19:45;79;kWh;0;60628;0;0;60628;60628
2018-08-02T19:45;2018-08-02T20:00;80;kWh;0;57185;0;0;57185;57185
2018-08-02T20:00;2018-08-02T20:15;81;kWh;0;43616;0;0;43616;43616
2018-08-02T20:15;2018-08-02T20:30;82;kWh;0;15184;0;0;15184;15184
2018-08-02T20:30;2018-08-02T20:45;83;kWh;0;10936;0;0;10936;10936
2018-08-02T20:45;2018-08-02T21:00;84;kWh;0;3932;0;0;3932;3932
2018-08-02T21:00;2018-08-02T21:15;85;kWh;0;5845;0;0;5845;5845
2018-08-02T21:15;2018-08-02T21:30;86;kWh;0;5426;0;0;5426;5426
2018-08-02T21:30;2018-08-02T21:45;87;kWh;0;11147;0;0;11147;11147
2018-08-02T21:45;2018-08-02T22:00;88;kWh;0;41038;0;0;41038;41038
2018-08-02T22:00;2018-08-02T22:15;89;kWh;0;55502;0;0;55502;55502
2018-08-02T22:15;2018-08-02T22:30;90;kWh;0;26131;0;0;26131;26131
2018-08-02T22:30;2018-08-02T22:45;91;kWh;0;798;0;0;798;798
2018-08-02T22:45;2018-08-02T23:00;92;kWh;0;0;0;0;0;0
2018-08-02T23:00;2018-08-02T23:15;93;kWh;0;19199;0;0;19199;19199
2018-08-02T23:15;2018-08-02T23:30;94;kWh;0;41403;0;0;41403;41403
2018-08-02T23:30;2018-08-02T23:45;95;kWh;-50;3323;0;0;3373;3273
2018-08-02T23:45;2018-08-03T00:00;96;kWh;-1829;0;0;0;1829;-1829
2018-08-03T00:00;2018-08-03T00:15;1;kWh;-236;17310;0;0;17546;17074
2018-08-03T00:15;2018-08-03T00:30;2;kWh;0;35775;0;0;35775;35775
2018-08-03T00:30;2018-08-03T00:45;3;kWh;-3795;12002;0;0;15797;8207
2018-08-03T00:45;2018-08-03T01:00;4;kWh;-4385;0;0;0;4385;-4385
2018-08-03T01:00;2018-08-03T01:15;5;kWh;-449;26827;0;0;27276;26378
2018-08-03T01:15;2018-08-03T01:30;6;kWh;0;41073;0;0;41073;41073
2018-08-03T01:30;2018-08-03T01:45;7;kWh;-109;6792;0;0;6901;6683
2018-08-03T01:45;2018-08-03T02:00;8;kWh;-147;0;0;0;147;-147
2018-08-03T02:00;2018-08-03T02:15;9;kWh;-72;18481;0;0;18553;18409
2018-08-03T02:15;2018-08-03T02:30;10;kWh;0;44434;0;0;44434;44434
2018-08-03T02:30;2018-08-03T02:45;11;kWh;0;26140;0;0;26140;26140
2018-08-03T02:45;2018-08-03T03:00;12;kWh;0;5781;0;0;5781;5781
2018-08-03T03:00;2018-08-03T03:15;13;kWh;0;7158;0;0;7158;7158
2018-08-03T03:15;2018-08-03T03:30;14;kWh;0;24479;0;0;24479;24479
2018-08-03T03:30;2018-08-03T03:45;15;kWh;0;2587;0;0;2587;2587
2018-08-03T03:45;2018-08-03T04:00;16;kWh;-12;0;0;0;12;-12
2018-08-03T04:00;2018-08-03T04:15;17;kWh;0;2753;0;0;2753;2753
2018-08-03T04:15;2018-08-03T04:30;18;kWh;0;6538;0;0;6538;6538
2018-08-03T04:30;2018-08-03T04:45;19;kWh;0;15604;0;0;15604;15604
2018-08-03T04:45;2018-08-03T05:00;20;kWh;0;28936;0;0;28936;28936
2018-08-03T05:00;2018-08-03T05:15;21;kWh;0;14228;0;0;14228;14228
2018-08-03T05:15;2018-08-03T05:30;22;kWh;0;1519;0;0;1519;1519
2018-08-03T05:30;2018-08-03T05:45;23;kWh;0;18278;0;0;18278;18278
2018-08-03T05:45;2018-08-03T06:00;24;kWh;0;60017;0;0;60017;60017
2018-08-03T06:00;2018-08-03T06:15;25;kWh;-3889;20354;0;0;24243;16465
2018-08-03T06:15;2018-08-03T06:30;26;kWh;-203;0;0;0;203;-203
2018-08-03T06:30;2018-08-03T06:45;27;kWh;0;1735;0;0;1735;1735
2018-08-03T06:45;2018-08-03T07:00;28;kWh;0;20968;0;0;20968;20968
2018-08-03T07:00;2018-08-03T07:15;29;kWh;-13688;9003;0;0;22691;-4685
2018-08-03T07:15;2018-08-03T07:30;30;kWh;-20974;0;0;0;20974;-20974
2018-08-03T07:30;2018-08-03T07:45;31;kWh;-4176;439;0;0;4615;-3737
2018-08-03T07:45;2018-08-03T08:00;32;kWh;0;12842;0;0;12842;12842
2018-08-03T08:00;2018-08-03T08:15;33;kWh;0;4710;0;0;4710;4710
2018-08-03T08:15;2018-08-03T08:30;34;kWh;0;10639;0;0;10639;10639
2018-08-03T08:30;2018-08-03T08:45;35;kWh;0;47893;0;0;47893;47893
2018-08-03T08:45;2018-08-03T09:00;36;kWh;0;56258;0;0;56258;56258
2018-08-03T09:00;2018-08-03T09:15;37;kWh;0;61485;0;0;61485;61485
2018-08-03T09:15;2018-08-03T09:30;38;kWh;0;65155;0;0;65155;65155
2018-08-03T09:30;2018-08-03T09:45;39;kWh;0;62983;0;0;62983;62983
2018-08-03T09:45;2018-08-03T10:00;40;kWh;0;55350;0;0;55350;55350
2018-08-03T10:00;2018-08-03T10:15;41;kWh;-2107;24485;0;0;26592;22378
2018-08-03T10:15;2018-08-03T10:30;42;kWh;-173;0;0;0;173;-173
2018-08-03T10:30;2018-08-03T10:45;43;kWh;0;0;0;0;0;0
2018-08-03T10:45;2018-08-03T11:00;44;kWh;0;13665;0;0;13665;13665
2018-08-03T11:00;2018-08-03T11:15;45;kWh;0;71374;0;0;71374;71374
2018-08-03T11:15;2018-08-03T11:30;46;kWh;0;89966;0;0;89966;89966
2018-08-03T11:30;2018-08-03T11:45;47;kWh;0;88815;0;0;88815;88815
2018-08-03T11:45;2018-08-03T12:00;48;kWh;0;70996;0;0;70996;70996
2018-08-03T12:00;2018-08-03T12:15;49;kWh;0;83675;0;0;83675;83675
2018-08-03T12:15;2018-08-03T12:30;50;kWh;0;89918;0;50751;140669;140669
2018-08-03T12:30;2018-08-03T12:45;51;kWh;0;56046;0;83250;139296;139296
2018-08-03T12:45;2018-08-03T13:00;52;kWh;0;6909;0;83250;90159;90159
2018-08-03T13:00;2018-08-03T13:15;53;kWh;0;25034;0;83250;108284;108284
2018-08-03T13:15;2018-08-03T13:30;54;kWh;0;44945;0;69416;114361;114361
2018-08-03T13:30;2018-08-03T13:45;55;kWh;0;45912;0;62499;108411;108411
2018-08-03T13:45;2018-08-03T14:00;56;kWh;0;37430;0;62499;99929;99929
2018-08-03T14:00;2018-08-03T14:15;57;kWh;0;28096;0;62499;90595;90595
2018-08-03T14:15;2018-08-03T14:30;58;kWh;0;34187;0;62499;96686;96686
2018-08-03T14:30;2018-08-03T14:45;59;kWh;0;27183;0;62499;89682;89682
2018-08-03T14:45;2018-08-03T15:00;60;kWh;0;4127;0;62499;66626;66626
2018-08-03T15:00;2018-08-03T15:15;61;kWh;0;14188;0;0;14188;14188
2018-08-03T15:15;2018-08-03T15:30;62;kWh;0;49022;0;0;49022;49022
2018-08-03T15:30;2018-08-03T15:45;63;kWh;0;56503;0;0;56503;56503
2018-08-03T15:45;2018-08-03T16:00;64;kWh;0;63087;0;0;63087;63087
2018-08-03T16:00;2018-08-03T16:15;65;kWh;-3087;35651;0;0;38738;32564
2018-08-03T16:15;2018-08-03T16:30;66;kWh;-858;775;0;0;1633;-83
2018-08-03T16:30;2018-08-03T16:45;67;kWh;0;3863;0;0;3863;3863
2018-08-03T16:45;2018-08-03T17:00;68;kWh;0;44622;0;0;44622;44622
2018-08-03T17:00;2018-08-03T17:15;69;kWh;-3378;26876;0;0;30254;23498
2018-08-03T17:15;2018-08-03T17:30;70;kWh;-523;2;0;0;525;-521
2018-08-03T17:30;2018-08-03T17:45;71;kWh;0;0;0;0;0;0
2018-08-03T17:45;2018-08-03T18:00;72;kWh;0;2236;0;0;2236;2236
2018-08-03T18:00;2018-08-03T18:15;73;kWh;0;18117;0;0;18117;18117
2018-08-03T18:15;2018-08-03T18:30;74;kWh;0;10057;0;0;10057;10057
2018-08-03T18:30;2018-08-03T18:45;75;kWh;0;49804;0;0;49804;49804
2018-08-03T18:45;2018-08-03T19:00;76;kWh;0;42331;0;0;42331;42331
2018-08-03T19:00;2018-08-03T19:15;77;kWh;0;70413;0;0;70413;70413
2018-08-03T19:15;2018-08-03T19:30;78;kWh;0;46498;0;0;46498;46498
2018-08-03T19:30;2018-08-03T19:45;79;kWh;0;36667;0;0;36667;36667
2018-08-03T19:45;2018-08-03T20:00;80;kWh;0;62188;0;0;62188;62188
2018-08-03T20:00;2018-08-03T20:15;81;kWh;0;47554;0;0;47554;47554
2018-08-03T20:15;2018-08-03T20:30;82;kWh;0;68679;0;0;68679;68679
2018-08-03T20:30;2018-08-03T20:45;83;kWh;0;54628;0;0;54628;54628
2018-08-03T20:45;2018-08-03T21:00;84;kWh;0;55107;0;0;55107;55107
2018-08-03T21:00;2018-08-03T21:15;85;kWh;0;32049;0;0;32049;32049
2018-08-03T21:15;2018-08-03T21:30;86;kWh;0;16564;0;0;16564;16564
2018-08-03T21:30;2018-08-03T21:45;87;kWh;0;21762;0;0;21762;21762
2018-08-03T21:45;2018-08-03T22:00;88;kWh;0;27758;0;0;27758;27758
2018-08-03T22:00;2018-08-03T22:15;89;kWh;0;38722;0;0;38722;38722
2018-08-03T22:15;2018-08-03T22:30;90;kWh;0;22162;0;0;22162;22162
2018-08-03T22:30;2018-08-03T22:45;91;kWh;0;391;0;0;391;391
2018-08-03T22:45;2018-08-03T23:00;92;kWh;-148;0;0;0;148;-148
2018-08-03T23:00;2018-08-03T23:15;93;kWh;0;0;0;0;0;0
2018-08-03T23:15;2018-08-03T23:30;94;kWh;-3501;0;0;0;3501;-3501
2018-08-03T23:30;2018-08-03T23:45;95;kWh;-24094;0;0;0;24094;-24094
2018-08-03T23:45;2018-08-04T00:00;96;kWh;-42463;0;0;0;42463;-42463
2018-08-04T00:00;2018-08-04T00:15;1;kWh;-20249;8500;0;0;28749;-11749
2018-08-04T00:15;2018-08-04T00:30;2;kWh;0;7752;0;0;7752;7752
2018-08-04T00:30;2018-08-04T00:45;3;kWh;0;442;0;0;442;442
2018-08-04T00:45;2018-08-04T01:00;4;kWh;-267;0;0;0;267;-267
2018-08-04T01:00;2018-08-04T01:15;5;kWh;0;11217;0;0;11217;11217
2018-08-04T01:15;2018-08-04T01:30;6;kWh;0;45829;0;0;45829;45829
2018-08-04T01:30;2018-08-04T01:45;7;kWh;0;7847;0;0;7847;7847
2018-08-04T01:45;2018-08-04T02:00;8;kWh;0;0;0;0;0;0
2018-08-04T02:00;2018-08-04T02:15;9;kWh;0;13733;0;0;13733;13733
2018-08-04T02:15;2018-08-04T02:30;10;kWh;0;35870;0;0;35870;35870
2018-08-04T02:30;2018-08-04T02:45;11;kWh;0;4410;0;0;4410;4410
2018-08-04T02:45;2018-08-04T03:00;12;kWh;0;4682;0;0;4682;4682
2018-08-04T03:00;2018-08-04T03:15;13;kWh;0;41830;0;0;41830;41830
2018-08-04T03:15;2018-08-04T03:30;14;kWh;0;92283;0;0;92283;92283
2018-08-04T03:30;2018-08-04T03:45;15;kWh;0;76572;0;0;76572;76572
2018-08-04T03:45;2018-08-04T04:00;16;kWh;0;69137;0;0;69137;69137
2018-08-04T04:00;2018-08-04T04:15;17;kWh;0;80462;0;0;80462;80462
2018-08-04T04:15;2018-08-04T04:30;18;kWh;0;86811;0;0;86811;86811
2018-08-04T04:30;2018-08-04T04:45;19;kWh;0;77343;0;0;77343;77343
2018-08-04T04:45;2018-08-04T05:00;20;kWh;0;66139;0;0;66139;66139
2018-08-04T05:00;2018-08-04T05:15;21;kWh;0;65534;0;0;65534;65534
2018-08-04T05:15;2018-08-04T05:30;22;kWh;0;63891;0;0;63891;63891
2018-08-04T05:30;2018-08-04T05:45;23;kWh;0;63181;0;0;63181;63181
2018-08-04T05:45;2018-08-04T06:00;24;kWh;0;51494;0;0;51494;51494
2018-08-04T06:00;2018-08-04T06:15;25;kWh;0;29453;0;0;29453;29453
2018-08-04T06:15;2018-08-04T06:30;26;kWh;0;15966;0;0;15966;15966
2018-08-04T06:30;2018-08-04T06:45;27;kWh;0;31130;0;0;31130;31130
2018-08-04T06:45;2018-08-04T07:00;28;kWh;0;38531;0;0;38531;38531
2018-08-04T07:00;2018-08-04T07:15;29;kWh;-2372;19148;0;0;21520;16776
2018-08-04T07:15;2018-08-04T07:30;30;kWh;-330;29;0;0;359;-301
2018-08-04T07:30;2018-08-04T07:45;31;kWh;0;4610;0;0;4610;4610
2018-08-04T07:45;2018-08-04T08:00;32;kWh;0;15091;0;0;15091;15091
2018-08-04T08:00;2018-08-04T08:15;33;kWh;0;8021;0;0;8021;8021
2018-08-04T08:15;2018-08-04T08:30;34;kWh;0;9994;0;0;9994;9994
2018-08-04T08:30;2018-08-04T08:45;35;kWh;0;27309;0;0;27309;27309
2018-08-04T08:45;2018-08-04T09:00;36;kWh;0;30984;0;0;30984;30984
2018-08-04T09:00;2018-08-04T09:15;37;kWh;0;8158;0;0;8158;8158
2018-08-04T09:15;2018-08-04T09:30;38;kWh;0;2779;0;0;2779;2779
2018-08-04T09:30;2018-08-04T09:45;39;kWh;0;2935;0;0;2935;2935
2018-08-04T09:45;2018-08-04T10:00;40;kWh;0;1940;0;0;1940;1940
2018-08-04T10:00;2018-08-04T10:15;41;kWh;0;15359;0;0;15359;15359
2018-08-04T10:15;2018-08-04T10:30;42;kWh;0;4814;0;0;4814;4814
2018-08-04T10:30;2018-08-04T10:45;43;kWh;0;6575;0;0;6575;6575
2018-08-04T10:45;2018-08-04T11:00;44;kWh;0;1639;0;0;1639;1639
2018-08-04T11:00;2018-08-04T11:15;45;kWh;0;1938;0;0;1938;1938
2018-08-04T11:15;2018-08-04T11:30;46;kWh;0;36;0;0;36;36
2018-08-04T11:30;2018-08-04T11:45;47;kWh;0;1090;0;0;1090;1090
2018-08-04T11:45;2018-08-04T12:00;48;kWh;0;12112;0;0;12112;12112
2018-08-04T12:00;2018-08-04T12:15;49;kWh;0;15686;0;0;15686;15686
2018-08-04T12:15;2018-08-04T12:30;50;kWh;0;16723;0;0;16723;16723
2018-08-04T12:30;2018-08-04T12:45;51;kWh;0;31145;0;0;31145;31145
2018-08-04T12:45;2018-08-04T13:00;52;kWh;0;31322;0;0;31322;31322
2018-08-04T13:00;2018-08-04T13:15;53;kWh;0;28115;0;0;28115;28115
2018-08-04T13:15;2018-08-04T13:30;54;kWh;0;38111;0;0;38111;38111
2018-08-04T13:30;2018-08-04T13:45;55;kWh;0;26404;0;0;26404;26404
2018-08-04T13:45;2018-08-04T14:00;56;kWh;0;7092;0;0;7092;7092
2018-08-04T14:00;2018-08-04T14:15;57;kWh;0;17736;0;0;17736;17736
2018-08-04T14:15;2018-08-04T14:30;58;kWh;0;39358;0;0;39358;39358
2018-08-04T14:30;2018-08-04T14:45;59;kWh;0;62587;0;0;62587;62587
2018-08-04T14:45;2018-08-04T15:00;60;kWh;-77;71447;0;14679;86203;86049
2018-08-04T15:00;2018-08-04T15:15;61;kWh;-2268;8085;0;11700;22053;17517
2018-08-04T15:15;2018-08-04T15:30;62;kWh;0;44715;0;0;44715;44715
2018-08-04T15:30;2018-08-04T15:45;63;kWh;0;43387;0;0;43387;43387
2018-08-04T15:45;2018-08-04T16:00;64;kWh;0;56797;0;0;56797;56797
2018-08-04T16:00;2018-08-04T16:15;65;kWh;0;30897;0;0;30897;30897
2018-08-04T16:15;2018-08-04T16:30;66;kWh;0;152;0;0;152;152
2018-08-04T16:30;2018-08-04T16:45;67;kWh;0;19032;0;0;19032;19032
2018-08-04T16:45;2018-08-04T17:00;68;kWh;0;77083;0;0;77083;77083
2018-08-04T17:00;2018-08-04T17:15;69;kWh;-2062;32801;0;0;34863;30739
2018-08-04T17:15;2018-08-04T17:30;70;kWh;-607;0;0;0;607;-607
2018-08-04T17:30;2018-08-04T17:45;71;kWh;-28;6176;0;0;6204;6148
2018-08-04T17:45;2018-08-04T18:00;72;kWh;0;27027;0;0;27027;27027
2018-08-04T18:00;2018-08-04T18:15;73;kWh;0;30807;0;0;30807;30807
2018-08-04T18:15;2018-08-04T18:30;74;kWh;0;15587;0;0;15587;15587
2018-08-04T18:30;2018-08-04T18:45;75;kWh;0;1416;0;0;1416;1416
2018-08-04T18:45;2018-08-04T19:00;76;kWh;0;45860;0;0;45860;45860
2018-08-04T19:00;2018-08-04T19:15;77;kWh;0;23479;0;0;23479;23479
2018-08-04T19:15;2018-08-04T19:30;78;kWh;0;1062;0;0;1062;1062
2018-08-04T19:30;2018-08-04T19:45;79;kWh;0;48628;0;0;48628;48628
2018-08-04T19:45;2018-08-04T20:00;80;kWh;0;39382;0;0;39382;39382
2018-08-04T20:00;2018-08-04T20:15;81;kWh;0;12665;0;0;12665;12665
2018-08-04T20:15;2018-08-04T20:30;82;kWh;0;1127;0;0;1127;1127
2018-08-04T20:30;2018-08-04T20:45;83;kWh;0;6535;0;0;6535;6535
2018-08-04T20:45;2018-08-04T21:00;84;kWh;0;1507;0;0;1507;1507
2018-08-04T21:00;2018-08-04T21:15;85;kWh;0;0;0;0;0;0
2018-08-04T21:15;2018-08-04T21:30;86;kWh;0;494;0;0;494;494
2018-08-04T21:30;2018-08-04T21:45;87;kWh;0;19668;0;0;19668;19668
2018-08-04T21:45;2018-08-04T22:00;88;kWh;0;46809;0;0;46809;46809
2018-08-04T22:00;2018-08-04T22:15;89;kWh;0;76700;0;0;76700;76700
2018-08-04T22:15;2018-08-04T22:30;90;kWh;0;64574;0;0;64574;64574
2018-08-04T22:30;2018-08-04T22:45;91;kWh;0;11033;0;0;11033;11033
2018-08-04T22:45;2018-08-04T23:00;92;kWh;0;10190;0;0;10190;10190
2018-08-04T23:00;2018-08-04T23:15;93;kWh;0;1783;0;0;1783;1783
2018-08-04T23:15;2018-08-04T23:30;94;kWh;0;1622;0;0;1622;1622
2018-08-04T23:30;2018-08-04T23:45;95;kWh;-1161;0;0;0;1161;-1161
2018-08-04T23:45;2018-08-05T00:00;96;kWh;-10651;0;0;0;10651;-10651
2018-08-05T00:00;2018-08-05T00:15;1;kWh;-7842;6990;0;0;14832;-852
2018-08-05T00:15;2018-08-05T00:30;2;kWh;0;9100;0;0;9100;9100
2018-08-05T00:30;2018-08-05T00:45;3;kWh;0;0;0;0;0;0
2018-08-05T00:45;2018-08-05T01:00;4;kWh;0;901;0;0;901;901
2018-08-05T01:00;2018-08-05T01:15;5;kWh;0;2298;0;0;2298;2298
2018-08-05T01:15;2018-08-05T01:30;6;kWh;0;11138;0;0;11138;11138
2018-08-05T01:30;2018-08-05T01:45;7;kWh;0;9038;0;0;9038;9038
2018-08-05T01:45;2018-08-05T02:00;8;kWh;-835;5554;0;0;6389;4719
2018-08-05T02:00;2018-08-05T02:15;9;kWh;-1480;0;0;0;1480;-1480
2018-08-05T02:15;2018-08-05T02:30;10;kWh;0;4187;0;0;4187;4187
2018-08-05T02:30;2018-08-05T02:45;11;kWh;0;1574;0;0;1574;1574
2018-08-05T02:45;2018-08-05T03:00;12;kWh;0;450;0;0;450;450
2018-08-05T03:00;2018-08-05T03:15;13;kWh;0;3342;0;0;3342;3342
2018-08-05T03:15;2018-08-05T03:30;14;kWh;0;11161;0;0;11161;11161
2018-08-05T03:30;2018-08-05T03:45;15;kWh;0;5462;0;0;5462;5462
2018-08-05T03:45;2018-08-05T04:00;16;kWh;0;16052;0;0;16052;16052
2018-08-05T04:00;2018-08-05T04:15;17;kWh;0;6443;0;0;6443;6443
2018-08-05T04:15;2018-08-05T04:30;18;kWh;0;13906;0;0;13906;13906
2018-08-05T04:30;2018-08-05T04:45;19;kWh;0;15773;0;0;15773;15773
2018-08-05T04:45;2018-08-05T05:00;20;kWh;0;5516;0;0;5516;5516
2018-08-05T05:00;2018-08-05T05:15;21;kWh;0;213;0;0;213;213
2018-08-05T05:15;2018-08-05T05:30;22;kWh;0;0;0;0;0;0
2018-08-05T05:30;2018-08-05T05:45;23;kWh;0;0;0;0;0;0
2018-08-05T05:45;2018-08-05T06:00;24;kWh;0;0;0;0;0;0
2018-08-05T06:00;2018-08-05T06:15;25;kWh;0;0;0;0;0;0
2018-08-05T06:15;2018-08-05T06:30;26;kWh;0;0;0;0;0;0
2018-08-05T06:30;2018-08-05T06:45;27;kWh;0;0;0;0;0;0
2018-08-05T06:45;2018-08-05T07:00;28;kWh;0;0;0;0;0;0
2018-08-05T07:00;2018-08-05T07:15;29;kWh;0;391;0;0;391;391
2018-08-05T07:15;2018-08-05T07:30;30;kWh;0;5597;0;0;5597;5597
2018-08-05T07:30;2018-08-05T07:45;31;kWh;0;8731;0;0;8731;8731
2018-08-05T07:45;2018-08-05T08:00;32;kWh;0;3358;0;0;3358;3358
2018-08-05T08:00;2018-08-05T08:15;33;kWh;0;32323;0;0;32323;32323
2018-08-05T08:15;2018-08-05T08:30;34;kWh;-1178;15129;0;0;16307;13951
2018-08-05T08:30;2018-08-05T08:45;35;kWh;-7;8;0;0;15;1
2018-08-05T08:45;2018-08-05T09:00;36;kWh;0;0;0;0;0;0
2018-08-05T09:00;2018-08-05T09:15;37;kWh;0;0;0;0;0;0
2018-08-05T09:15;2018-08-05T09:30;38;kWh;0;456;0;0;456;456
2018-08-05T09:30;2018-08-05T09:45;39;kWh;0;494;0;0;494;494
2018-08-05T09:45;2018-08-05T10:00;40;kWh;0;0;0;0;0;0
2018-08-05T10:00;2018-08-05T10:15;41;kWh;0;0;0;0;0;0
2018-08-05T10:15;2018-08-05T10:30;42;kWh;-3381;0;0;0;3381;-3381
2018-08-05T10:30;2018-08-05T10:45;43;kWh;-4470;0;0;0;4470;-4470
2018-08-05T10:45;2018-08-05T11:00;44;kWh;-1644;0;0;0;1644;-1644
2018-08-05T11:00;2018-08-05T11:15;45;kWh;-12482;0;0;0;12482;-12482
2018-08-05T11:15;2018-08-05T11:30;46;kWh;-18552;0;0;0;18552;-18552
2018-08-05T11:30;2018-08-05T11:45;47;kWh;-24540;0;0;0;24540;-24540
2018-08-05T11:45;2018-08-05T12:00;48;kWh;-25069;0;0;0;25069;-25069
2018-08-05T12:00;2018-08-05T12:15;49;kWh;-17723;0;0;0;17723;-17723
2018-08-05T12:15;2018-08-05T12:30;50;kWh;-17148;0;0;0;17148;-17148
2018-08-05T12:30;2018-08-05T12:45;51;kWh;-15418;0;0;0;15418;-15418
2018-08-05T12:45;2018-08-05T13:00;52;kWh;-15232;0;0;0;15232;-15232
2018-08-05T13:00;2018-08-05T13:15;53;kWh;-23446;0;0;0;23446;-23446
2018-08-05T13:15;2018-08-05T13:30;54;kWh;-26289;0;0;0;26289;-26289
2018-08-05T13:30;2018-08-05T13:45;55;kWh;-50321;0;0;0;50321;-50321
2018-08-05T13:45;2018-08-05T14:00;56;kWh;-64460;0;0;0;64460;-64460
2018-08-05T14:00;2018-08-05T14:15;57;kWh;-37314;0;0;0;37314;-37314
2018-08-05T14:15;2018-08-05T14:30;58;kWh;-721;0;0;0;721;-721
2018-08-05T14:30;2018-08-05T14:45;59;kWh;-1044;0;0;0;1044;-1044
2018-08-05T14:45;2018-08-05T15:00;60;kWh;-673;0;0;0;673;-673
2018-08-05T15:00;2018-08-05T15:15;61;kWh;-2134;0;0;0;2134;-2134
2018-08-05T15:15;2018-08-05T15:30;62;kWh;-32;0;0;0;32;-32
2018-08-05T15:30;2018-08-05T15:45;63;kWh;0;1405;0;0;1405;1405
2018-08-05T15:45;2018-08-05T16:00;64;kWh;0;1772;0;0;1772;1772
2018-08-05T16:00;2018-08-05T16:15;65;kWh;0;214;0;0;214;214
2018-08-05T16:15;2018-08-05T16:30;66;kWh;0;15;0;0;15;15
2018-08-05T16:30;2018-08-05T16:45;67;kWh;0;1436;0;0;1436;1436
2018-08-05T16:45;2018-08-05T17:00;68;kWh;0;16976;0;0;16976;16976
2018-08-05T17:00;2018-08-05T17:15;69;kWh;-16120;5801;0;0;21921;-10319
2018-08-05T17:15;2018-08-05T17:30;70;kWh;-11059;12;0;0;11071;-11047
2018-08-05T17:30;2018-08-05T17:45;71;kWh;-54;8697;0;0;8751;8643
2018-08-05T17:45;2018-08-05T18:00;72;kWh;0;21978;0;0;21978;21978
2018-08-05T18:00;2018-08-05T18:15;73;kWh;0;27798;0;0;27798;27798
2018-08-05T18:15;2018-08-05T18:30;74;kWh;0;20277;0;0;20277;20277
2018-08-05T18:30;2018-08-05T18:45;75;kWh;0;26450;0;0;26450;26450
2018-08-05T18:45;2018-08-05T19:00;76;kWh;0;2755;0;0;2755;2755
2018-08-05T19:00;2018-08-05T19:15;77;kWh;0;1613;0;0;1613;1613
2018-08-05T19:15;2018-08-05T19:30;78;kWh;0;1580;0;0;1580;1580
2018-08-05T19:30;2018-08-05T19:45;79;kWh;0;18368;0;0;18368;18368
2018-08-05T19:45;2018-08-05T20:00;80;kWh;0;39778;0;0;39778;39778
2018-08-05T20:00;2018-08-05T20:15;81;kWh;0;20748;0;0;20748;20748
2018-08-05T20:15;2018-08-05T20:30;82;kWh;0;21;0;0;21;21
2018-08-05T20:30;2018-08-05T20:45;83;kWh;0;0;0;0;0;0
2018-08-05T20:45;2018-08-05T21:00;84;kWh;0;0;0;0;0;0
2018-08-05T21:00;2018-08-05T21:15;85;kWh;0;0;0;0;0;0
2018-08-05T21:15;2018-08-05T21:30;86;kWh;0;0;0;0;0;0
2018-08-05T21:30;2018-08-05T21:45;87;kWh;0;18069;0;0;18069;18069
2018-08-05T21:45;2018-08-05T22:00;88;kWh;0;79098;0;0;79098;79098
2018-08-05T22:00;2018-08-05T22:15;89;kWh;0;21794;0;0;21794;21794
2018-08-05T22:15;2018-08-05T22:30;90;kWh;0;0;0;0;0;0
2018-08-05T22:30;2018-08-05T22:45;91;kWh;0;0;0;0;0;0
2018-08-05T22:45;2018-08-05T23:00;92;kWh;0;0;0;0;0;0
2018-08-05T23:00;2018-08-05T23:15;93;kWh;0;14116;0;0;14116;14116
2018-08-05T23:15;2018-08-05T23:30;94;kWh;0;14390;0;0;14390;14390
2018-08-05T23:30;2018-08-05T23:45;95;kWh;-660;4;0;0;664;-656
2018-08-05T23:45;2018-08-06T00:00;96;kWh;-19119;0;0;0;19119;-19119
2018-08-06T00:00;2018-08-06T00:15;1;kWh;-16760;4703;0;0;21463;-12057
2018-08-06T00:15;2018-08-06T00:30;2;kWh;-12;13105;0;0;13117;13093
2018-08-06T00:30;2018-08-06T00:45;3;kWh;-38;56;0;0;94;18
2018-08-06T00:45;2018-08-06T01:00;4;kWh;-20152;0;0;0;20152;-20152
2018-08-06T01:00;2018-08-06T01:15;5;kWh;-14761;5891;0;0;20652;-8870
2018-08-06T01:15;2018-08-06T01:30;6;kWh;-138;3278;0;0;3416;3140
2018-08-06T01:30;2018-08-06T01:45;7;kWh;-606;0;0;0;606;-606
2018-08-06T01:45;2018-08-06T02:00;8;kWh;-3218;0;0;0;3218;-3218
2018-08-06T02:00;2018-08-06T02:15;9;kWh;-194;1235;0;0;1429;1041
2018-08-06T02:15;2018-08-06T02:30;10;kWh;0;321;0;0;321;321
2018-08-06T02:30;2018-08-06T02:45;11;kWh;-505;0;0;0;505;-505
2018-08-06T02:45;2018-08-06T03:00;12;kWh;-16894;0;0;0;16894;-16894
2018-08-06T03:00;2018-08-06T03:15;13;kWh;-7960;1836;0;0;9796;-6124
2018-08-06T03:15;2018-08-06T03:30;14;kWh;0;467;0;0;467;467
2018-08-06T03:30;2018-08-06T03:45;15;kWh;0;0;0;0;0;0
2018-08-06T03:45;2018-08-06T04:00;16;kWh;-740;0;0;0;740;-740
2018-08-06T04:00;2018-08-06T04:15;17;kWh;-62;0;0;0;62;-62
2018-08-06T04:15;2018-08-06T04:30;18;kWh;0;0;0;0;0;0
2018-08-06T04:30;2018-08-06T04:45;19;kWh;-296;0;0;0;296;-296
2018-08-06T04:45;2018-08-06T05:00;20;kWh;-817;0;0;0;817;-817
2018-08-06T05:00;2018-08-06T05:15;21;kWh;-811;0;0;0;811;-811
2018-08-06T05:15;2018-08-06T05:30;22;kWh;-6521;0;0;0;6521;-6521
2018-08-06T05:30;2018-08-06T05:45;23;kWh;-2153;0;0;0;2153;-2153
2018-08-06T05:45;2018-08-06T06:00;24;kWh;-5248;0;0;0;5248;-5248
2018-08-06T06:00;2018-08-06T06:15;25;kWh;-52846;0;0;0;52846;-52846
2018-08-06T06:15;2018-08-06T06:30;26;kWh;-48702;0;0;0;48702;-48702
2018-08-06T06:30;2018-08-06T06:45;27;kWh;-8830;0;0;0;8830;-8830
2018-08-06T06:45;2018-08-06T07:00;28;kWh;-535;0;0;0;535;-535
2018-08-06T07:00;2018-08-06T07:15;29;kWh;-7436;0;0;0;7436;-7436
2018-08-06T07:15;2018-08-06T07:30;30;kWh;-32063;0;0;0;32063;-32063
2018-08-06T07:30;2018-08-06T07:45;31;kWh;-1970;0;0;0;1970;-1970
2018-08-06T07:45;2018-08-06T08:00;32;kWh;0;648;0;0;648;648
2018-08-06T08:00;2018-08-06T08:15;33;kWh;0;1310;0;0;1310;1310
2018-08-06T08:15;2018-08-06T08:30;34;kWh;0;280;0;0;280;280
2018-08-06T08:30;2018-08-06T08:45;35;kWh;0;194;0;0;194;194
2018-08-06T08:45;2018-08-06T09:00;36;kWh;0;4305;0;0;4305;4305
2018-08-06T09:00;2018-08-06T09:15;37;kWh;0;15737;0;0;15737;15737
2018-08-06T09:15;2018-08-06T09:30;38;kWh;0;5776;0;0;5776;5776
2018-08-06T09:30;2018-08-06T09:45;39;kWh;0;4606;0;0;4606;4606
2018-08-06T09:45;2018-08-06T10:00;40;kWh;0;15;0;0;15;15
2018-08-06T10:00;2018-08-06T10:15;41;kWh;0;3167;0;0;3167;3167
2018-08-06T10:15;2018-08-06T10:30;42;kWh;0;3465;0;0;3465;3465
2018-08-06T10:30;2018-08-06T10:45;43;kWh;0;779;0;0;779;779
2018-08-06T10:45;2018-08-06T11:00;44;kWh;0;1721;0;0;1721;1721
2018-08-06T11:00;2018-08-06T11:15;45;kWh;0;938;0;0;938;938
2018-08-06T11:15;2018-08-06T11:30;46;kWh;0;1110;0;0;1110;1110
2018-08-06T11:30;2018-08-06T11:45;47;kWh;0;2098;0;0;2098;2098
2018-08-06T11:45;2018-08-06T12:00;48;kWh;0;152;0;0;152;152
2018-08-06T12:00;2018-08-06T12:15;49;kWh;0;538;0;0;538;538
2018-08-06T12:15;2018-08-06T12:30;50;kWh;0;0;0;0;0;0
2018-08-06T12:30;2018-08-06T12:45;51;kWh;0;8;0;0;8;8
2018-08-06T12:45;2018-08-06T13:00;52;kWh;0;2767;0;0;2767;2767
2018-08-06T13:00;2018-08-06T13:15;53;kWh;0;333;0;0;333;333
2018-08-06T13:15;2018-08-06T13:30;54;kWh;0;1763;0;0;1763;1763
2018-08-06T13:30;2018-08-06T13:45;55;kWh;0;4972;0;0;4972;4972
2018-08-06T13:45;2018-08-06T14:00;56;kWh;0;1977;0;0;1977;1977
2018-08-06T14:00;2018-08-06T14:15;57;kWh;0;832;0;0;832;832
2018-08-06T14:15;2018-08-06T14:30;58;kWh;0;4961;0;0;4961;4961
2018-08-06T14:30;2018-08-06T14:45;59;kWh;0;15726;0;0;15726;15726
2018-08-06T14:45;2018-08-06T15:00;60;kWh;0;38316;0;0;38316;38316
2018-08-06T15:00;2018-08-06T15:15;61;kWh;0;19545;0;0;19545;19545
2018-08-06T15:15;2018-08-06T15:30;62;kWh;0;13897;0;0;13897;13897
2018-08-06T15:30;2018-08-06T15:45;63;kWh;0;40207;0;0;40207;40207
2018-08-06T15:45;2018-08-06T16:00;64;kWh;0;43389;0;0;43389;43389
2018-08-06T16:00;2018-08-06T16:15;65;kWh;-135;30479;0;0;30614;30344
2018-08-06T16:15;2018-08-06T16:30;66;kWh;-548;673;0;0;1221;125
2018-08-06T16:30;2018-08-06T16:45;67;kWh;0;5884;0;0;5884;5884
2018-08-06T16:45;2018-08-06T17:00;68;kWh;0;36019;0;0;36019;36019
2018-08-06T17:00;2018-08-06T17:15;69;kWh;-14792;11451;0;0;26243;-3341
2018-08-06T17:15;2018-08-06T17:30;70;kWh;-2147;0;0;0;2147;-2147
2018-08-06T17:30;2018-08-06T17:45;71;kWh;0;1160;0;0;1160;1160
2018-08-06T17:45;2018-08-06T18:00;72;kWh;0;12470;0;0;12470;12470
2018-08-06T18:00;2018-08-06T18:15;73;kWh;0;13101;0;0;13101;13101
2018-08-06T18:15;2018-08-06T18:30;74;kWh;0;1013;0;0;1013;1013
2018-08-06T18:30;2018-08-06T18:45;75;kWh;0;21490;0;0;21490;21490
2018-08-06T18:45;2018-08-06T19:00;76;kWh;0;12309;0;0;12309;12309
2018-08-06T19:00;2018-08-06T19:15;77;kWh;0;32857;0;0;32857;32857
2018-08-06T19:15;2018-08-06T19:30;78;kWh;0;51470;0;0;51470;51470
2018-08-06T19:30;2018-08-06T19:45;79;kWh;0;40740;0;0;40740;40740
2018-08-06T19:45;2018-08-06T20:00;80;kWh;0;22448;0;0;22448;22448
2018-08-06T20:00;2018-08-06T20:15;81;kWh;0;54581;0;0;54581;54581
2018-08-06T20:15;2018-08-06T20:30;82;kWh;0;81088;0;0;81088;81088
2018-08-06T20:30;2018-08-06T20:45;83;kWh;-36;21038;0;0;21074;21002
2018-08-06T20:45;2018-08-06T21:00;84;kWh;0;1070;0;0;1070;1070
2018-08-06T21:00;2018-08-06T21:15;85;kWh;0;511;0;0;511;511
2018-08-06T21:15;2018-08-06T21:30;86;kWh;0;24441;0;0;24441;24441
2018-08-06T21:30;2018-08-06T21:45;87;kWh;0;29570;0;0;29570;29570
2018-08-06T21:45;2018-08-06T22:00;88;kWh;0;21343;0;0;21343;21343
2018-08-06T22:00;2018-08-06T22:15;89;kWh;-717;4854;0;0;5571;4137
2018-08-06T22:15;2018-08-06T22:30;90;kWh;-3477;0;0;0;3477;-3477
2018-08-06T22:30;2018-08-06T22:45;91;kWh;-4376;0;0;0;4376;-4376
2018-08-06T22:45;2018-08-06T23:00;92;kWh;-17430;0;0;0;17430;-17430
2018-08-06T23:00;2018-08-06T23:15;93;kWh;-14931;136;0;0;15067;-14795
2018-08-06T23:15;2018-08-06T23:30;94;kWh;-3441;36;0;0;3477;-3405
2018-08-06T23:30;2018-08-06T23:45;95;kWh;-15014;0;0;0;15014;-15014
2018-08-06T23:45;2018-08-07T00:00;96;kWh;-34221;0;0;0;34221;-34221
2018-08-07T00:00;2018-08-07T00:15;1;kWh;-25241;5157;0;0;30398;-20084
2018-08-07T00:15;2018-08-07T00:30;2;kWh;-23;43870;0;0;43893;43847
2018-08-07T00:30;2018-08-07T00:45;3;kWh;-548;6230;0;0;6778;5682
2018-08-07T00:45;2018-08-07T01:00;4;kWh;-3569;0;0;0;3569;-3569
2018-08-07T01:00;2018-08-07T01:15;5;kWh;-519;7059;0;0;7578;6540
2018-08-07T01:15;2018-08-07T01:30;6;kWh;0;12035;0;0;12035;12035
2018-08-07T01:30;2018-08-07T01:45;7;kWh;-863;1206;0;0;2069;343
2018-08-07T01:45;2018-08-07T02:00;8;kWh;-8060;0;0;0;8060;-8060
2018-08-07T02:00;2018-08-07T02:15;9;kWh;-5776;2576;0;0;8352;-3200
2018-08-07T02:15;2018-08-07T02:30;10;kWh;-1;1627;0;0;1628;1626
2018-08-07T02:30;2018-08-07T02:45;11;kWh;-1057;0;0;0;1057;-1057
2018-08-07T02:45;2018-08-07T03:00;12;kWh;-6061;0;0;0;6061;-6061
2018-08-07T03:00;2018-08-07T03:15;13;kWh;-1429;3649;0;0;5078;2220
2018-08-07T03:15;2018-08-07T03:30;14;kWh;-21;515;0;0;536;494
2018-08-07T03:30;2018-08-07T03:45;15;kWh;-1151;0;0;0;1151;-1151
2018-08-07T03:45;2018-08-07T04:00;16;kWh;-10365;0;0;0;10365;-10365
2018-08-07T04:00;2018-08-07T04:15;17;kWh;-6540;0;0;0;6540;-6540
2018-08-07T04:15;2018-08-07T04:30;18;kWh;0;0;0;0;0;0
2018-08-07T04:30;2018-08-07T04:45;19;kWh;0;0;0;0;0;0
2018-08-07T04:45;2018-08-07T05:00;20;kWh;0;534;0;0;534;534
2018-08-07T05:00;2018-08-07T05:15;21;kWh;0;1228;0;0;1228;1228
2018-08-07T05:15;2018-08-07T05:30;22;kWh;0;6118;0;0;6118;6118
2018-08-07T05:30;2018-08-07T05:45;23;kWh;0;34305;0;0;34305;34305
2018-08-07T05:45;2018-08-07T06:00;24;kWh;0;44663;0;0;44663;44663
2018-08-07T06:00;2018-08-07T06:15;25;kWh;-3842;10302;0;0;14144;6460
2018-08-07T06:15;2018-08-07T06:30;26;kWh;-3399;0;0;0;3399;-3399
2018-08-07T06:30;2018-08-07T06:45;27;kWh;-77;1802;0;0;1879;1725
2018-08-07T06:45;2018-08-07T07:00;28;kWh;0;33498;0;0;33498;33498
2018-08-07T07:00;2018-08-07T07:15;29;kWh;-18582;19350;0;0;37932;768
2018-08-07T07:15;2018-08-07T07:30;30;kWh;-46902;0;0;0;46902;-46902
2018-08-07T07:30;2018-08-07T07:45;31;kWh;-5754;920;0;0;6674;-4834
2018-08-07T07:45;2018-08-07T08:00;32;kWh;0;778;0;0;778;778
2018-08-07T08:00;2018-08-07T08:15;33;kWh;-9828;0;0;0;9828;-9828
2018-08-07T08:15;2018-08-07T08:30;34;kWh;-3567;183;0;0;3750;-3384
2018-08-07T08:30;2018-08-07T08:45;35;kWh;0;10251;0;0;10251;10251
2018-08-07T08:45;2018-08-07T09:00;36;kWh;0;10528;0;0;10528;10528
2018-08-07T09:00;2018-08-07T09:15;37;kWh;-204;40011;0;0;40215;39807
2018-08-07T09:15;2018-08-07T09:30;38;kWh;-376;290;0;0;666;-86
2018-08-07T09:30;2018-08-07T09:45;39;kWh;0;0;0;0;0;0
2018-08-07T09:45;2018-08-07T10:00;40;kWh;0;802;0;0;802;802
2018-08-07T10:00;2018-08-07T10:15;41;kWh;0;416;0;0;416;416
2018-08-07T10:15;2018-08-07T10:30;42;kWh;0;974;0;0;974;974
2018-08-07T10:30;2018-08-07T10:45;43;kWh;0;0;0;0;0;0
2018-08-07T10:45;2018-08-07T11:00;44;kWh;0;0;0;0;0;0
2018-08-07T11:00;2018-08-07T11:15;45;kWh;0;0;0;0;0;0
2018-08-07T11:15;2018-08-07T11:30;46;kWh;0;0;0;0;0;0
2018-08-07T11:30;2018-08-07T11:45;47;kWh;0;0;0;0;0;0
2018-08-07T11:45;2018-08-07T12:00;48;kWh;0;23;0;0;23;23
2018-08-07T12:00;2018-08-07T12:15;49;kWh;0;942;0;0;942;942
2018-08-07T12:15;2018-08-07T12:30;50;kWh;0;1147;0;0;1147;1147
2018-08-07T12:30;2018-08-07T12:45;51;kWh;0;8751;0;0;8751;8751
2018-08-07T12:45;2018-08-07T13:00;52;kWh;0;5408;0;0;5408;5408
2018-08-07T13:00;2018-08-07T13:15;53;kWh;0;2936;0;0;2936;2936
2018-08-07T13:15;2018-08-07T13:30;54;kWh;0;4133;0;0;4133;4133
2018-08-07T13:30;2018-08-07T13:45;55;kWh;0;5812;0;0;5812;5812
2018-08-07T13:45;2018-08-07T14:00;56;kWh;0;8842;0;0;8842;8842
2018-08-07T14:00;2018-08-07T14:15;57;kWh;0;9864;0;0;9864;9864
2018-08-07T14:15;2018-08-07T14:30;58;kWh;0;33244;0;0;33244;33244
2018-08-07T14:30;2018-08-07T14:45;59;kWh;0;32838;0;0;32838;32838
2018-08-07T14:45;2018-08-07T15:00;60;kWh;0;15366;0;0;15366;15366
2018-08-07T15:00;2018-08-07T15:15;61;kWh;0;8600;0;0;8600;8600
2018-08-07T15:15;2018-08-07T15:30;62;kWh;0;47036;0;0;47036;47036
2018-08-07T15:30;2018-08-07T15:45;63;kWh;0;41730;0;0;41730;41730
2018-08-07T15:45;2018-08-07T16:00;64;kWh;0;43803;0;0;43803;43803
2018-08-07T16:00;2018-08-07T16:15;65;kWh;-211;12596;0;0;12807;12385
2018-08-07T16:15;2018-08-07T16:30;66;kWh;0;2704;0;0;2704;2704
2018-08-07T16:30;2018-08-07T16:45;67;kWh;0;14091;0;0;14091;14091
2018-08-07T16:45;2018-08-07T17:00;68;kWh;0;34444;0;0;34444;34444
2018-08-07T17:00;2018-08-07T17:15;69;kWh;0;55847;0;0;55847;55847
2018-08-07T17:15;2018-08-07T17:30;70;kWh;0;29529;0;0;29529;29529
2018-08-07T17:30;2018-08-07T17:45;71;kWh;0;31056;0;0;31056;31056
2018-08-07T17:45;2018-08-07T18:00;72;kWh;0;51906;0;0;51906;51906
2018-08-07T18:00;2018-08-07T18:15;73;kWh;0;23229;0;0;23229;23229
2018-08-07T18:15;2018-08-07T18:30;74;kWh;0;73;0;0;73;73
2018-08-07T18:30;2018-08-07T18:45;75;kWh;0;0;0;0;0;0
2018-08-07T18:45;2018-08-07T19:00;76;kWh;0;0;0;0;0;0
2018-08-07T19:00;2018-08-07T19:15;77;kWh;0;9595;0;0;9595;9595
2018-08-07T19:15;2018-08-07T19:30;78;kWh;0;30375;0;0;30375;30375
2018-08-07T19:30;2018-08-07T19:45;79;kWh;0;11770;0;0;11770;11770
2018-08-07T19:45;2018-08-07T20:00;80;kWh;0;8111;0;0;8111;8111
2018-08-07T20:00;2018-08-07T20:15;81;kWh;0;27598;0;0;27598;27598
2018-08-07T20:15;2018-08-07T20:30;82;kWh;-1373;4750;0;0;6123;3377
2018-08-07T20:30;2018-08-07T20:45;83;kWh;-3;0;0;0;3;-3
2018-08-07T20:45;2018-08-07T21:00;84;kWh;-9989;0;0;0;9989;-9989
2018-08-07T21:00;2018-08-07T21:15;85;kWh;-2280;959;0;0;3239;-1321
2018-08-07T21:15;2018-08-07T21:30;86;kWh;0;2734;0;0;2734;2734
2018-08-07T21:30;2018-08-07T21:45;87;kWh;0;0;0;0;0;0
2018-08-07T21:45;2018-08-07T22:00;88;kWh;0;0;0;0;0;0
2018-08-07T22:00;2018-08-07T22:15;89;kWh;0;0;0;0;0;0
2018-08-07T22:15;2018-08-07T22:30;90;kWh;-1924;0;0;0;1924;-1924
2018-08-07T22:30;2018-08-07T22:45;91;kWh;-52609;0;0;0;52609;-52609
2018-08-07T22:45;2018-08-07T23:00;92;kWh;-96804;0;0;0;96804;-96804
2018-08-07T23:00;2018-08-07T23:15;93;kWh;-56857;0;0;0;56857;-56857
2018-08-07T23:15;2018-08-07T23:30;94;kWh;-1030;0;0;0;1030;-1030
2018-08-07T23:30;2018-08-07T23:45;95;kWh;-61644;0;0;0;61644;-61644
2018-08-07T23:45;2018-08-08T00:00;96;kWh;-116251;0;0;0;116251;-116251
2018-08-08T00:00;2018-08-08T00:15;1;kWh;-82587;1688;0;0;84275;-80899
2018-08-08T00:15;2018-08-08T00:30;2;kWh;-1454;4080;0;0;5534;2626
2018-08-08T00:30;2018-08-08T00:45;3;kWh;0;0;0;0;0;0
2018-08-08T00:45;2018-08-08T01:00;4;kWh;0;0;0;0;0;0
2018-08-08T01:00;2018-08-08T01:15;5;kWh;0;20095;0;0;20095;20095
2018-08-08T01:15;2018-08-08T01:30;6;kWh;-94;10763;0;0;10857;10669
2018-08-08T01:30;2018-08-08T01:45;7;kWh;-396;0;0;0;396;-396
2018-08-08T01:45;2018-08-08T02:00;8;kWh;0;0;0;0;0;0
2018-08-08T02:00;2018-08-08T02:15;9;kWh;0;0;0;0;0;0
2018-08-08T02:15;2018-08-08T02:30;10;kWh;0;0;0;0;0;0
2018-08-08T02:30;2018-08-08T02:45;11;kWh;0;0;0;0;0;0
2018-08-08T02:45;2018-08-08T03:00;12;kWh;0;1165;0;0;1165;1165
2018-08-08T03:00;2018-08-08T03:15;13;kWh;0;30078;0;0;30078;30078
2018-08-08T03:15;2018-08-08T03:30;14;kWh;0;33798;0;0;33798;33798
2018-08-08T03:30;2018-08-08T03:45;15;kWh;0;3127;0;0;3127;3127
2018-08-08T03:45;2018-08-08T04:00;16;kWh;0;0;0;0;0;0
2018-08-08T04:00;2018-08-08T04:15;17;kWh;0;0;0;0;0;0
2018-08-08T04:15;2018-08-08T04:30;18;kWh;0;0;0;0;0;0
2018-08-08T04:30;2018-08-08T04:45;19;kWh;0;5376;0;0;5376;5376
2018-08-08T04:45;2018-08-08T05:00;20;kWh;0;27;0;0;27;27
2018-08-08T05:00;2018-08-08T05:15;21;kWh;-25920;0;0;0;25920;-25920
2018-08-08T05:15;2018-08-08T05:30;22;kWh;-27161;0;0;0;27161;-27161
2018-08-08T05:30;2018-08-08T05:45;23;kWh;-1681;766;0;0;2447;-915
2018-08-08T05:45;2018-08-08T06:00;24;kWh;0;7815;0;0;7815;7815
2018-08-08T06:00;2018-08-08T06:15;25;kWh;0;4343;0;0;4343;4343
2018-08-08T06:15;2018-08-08T06:30;26;kWh;0;0;0;0;0;0
2018-08-08T06:30;2018-08-08T06:45;27;kWh;0;0;0;0;0;0
2018-08-08T06:45;2018-08-08T07:00;28;kWh;0;0;0;0;0;0
2018-08-08T07:00;2018-08-08T07:15;29;kWh;0;198;0;0;198;198
2018-08-08T07:15;2018-08-08T07:30;30;kWh;0;0;0;0;0;0
2018-08-08T07:30;2018-08-08T07:45;31;kWh;0;0;0;0;0;0
2018-08-08T07:45;2018-08-08T08:00;32;kWh;0;7552;0;0;7552;7552
2018-08-08T08:00;2018-08-08T08:15;33;kWh;0;1095;0;0;1095;1095
2018-08-08T08:15;2018-08-08T08:30;34;kWh;0;0;0;0;0;0
2018-08-08T08:30;2018-08-08T08:45;35;kWh;-5497;0;0;0;5497;-5497
2018-08-08T08:45;2018-08-08T09:00;36;kWh;-4319;0;0;0;4319;-4319
2018-08-08T09:00;2018-08-08T09:15;37;kWh;0;0;0;0;0;0
2018-08-08T09:15;2018-08-08T09:30;38;kWh;-1063;0;0;0;1063;-1063
2018-08-08T09:30;2018-08-08T09:45;39;kWh;-1036;0;0;0;1036;-1036
2018-08-08T09:45;2018-08-08T10:00;40;kWh;-25225;0;0;0;25225;-25225
2018-08-08T10:00;2018-08-08T10:15;41;kWh;-16721;1520;0;0;18241;-15201
2018-08-08T10:15;2018-08-08T10:30;42;kWh;-83;93;0;0;176;10
2018-08-08T10:30;2018-08-08T10:45;43;kWh;0;0;0;0;0;0
2018-08-08T10:45;2018-08-08T11:00;44;kWh;0;0;0;0;0;0
2018-08-08T11:00;2018-08-08T11:15;45;kWh;0;1068;0;0;1068;1068
2018-08-08T11:15;2018-08-08T11:30;46;kWh;0;4787;0;0;4787;4787
2018-08-08T11:30;2018-08-08T11:45;47;kWh;0;57;0;0;57;57
2018-08-08T11:45;2018-08-08T12:00;48;kWh;0;221;0;0;221;221
2018-08-08T12:00;2018-08-08T12:15;49;kWh;0;17960;0;0;17960;17960
2018-08-08T12:15;2018-08-08T12:30;50;kWh;0;3633;0;0;3633;3633
2018-08-08T12:30;2018-08-08T12:45;51;kWh;0;0;0;0;0;0
2018-08-08T12:45;2018-08-08T13:00;52;kWh;0;13;0;0;13;13
2018-08-08T13:00;2018-08-08T13:15;53;kWh;0;0;0;0;0;0
2018-08-08T13:15;2018-08-08T13:30;54;kWh;0;0;0;0;0;0
2018-08-08T13:30;2018-08-08T13:45;55;kWh;0;657;0;0;657;657
2018-08-08T13:45;2018-08-08T14:00;56;kWh;0;3558;0;0;3558;3558
2018-08-08T14:00;2018-08-08T14:15;57;kWh;0;4209;0;0;4209;4209
2018-08-08T14:15;2018-08-08T14:30;58;kWh;0;31024;0;0;31024;31024
2018-08-08T14:30;2018-08-08T14:45;59;kWh;0;11567;0;0;11567;11567
2018-08-08T14:45;2018-08-08T15:00;60;kWh;0;18491;0;0;18491;18491
2018-08-08T15:00;2018-08-08T15:15;61;kWh;0;12156;0;0;12156;12156
2018-08-08T15:15;2018-08-08T15:30;62;kWh;0;550;0;0;550;550
2018-08-08T15:30;2018-08-08T15:45;63;kWh;0;1646;0;0;1646;1646
2018-08-08T15:45;2018-08-08T16:00;64;kWh;0;4301;0;0;4301;4301
2018-08-08T16:00;2018-08-08T16:15;65;kWh;0;0;0;0;0;0
2018-08-08T16:15;2018-08-08T16:30;66;kWh;-186;0;0;0;186;-186
2018-08-08T16:30;2018-08-08T16:45;67;kWh;-1032;0;0;0;1032;-1032
2018-08-08T16:45;2018-08-08T17:00;68;kWh;-16;0;0;0;16;-16
2018-08-08T17:00;2018-08-08T17:15;69;kWh;-3517;0;0;0;3517;-3517
2018-08-08T17:15;2018-08-08T17:30;70;kWh;-5148;0;0;0;5148;-5148
2018-08-08T17:30;2018-08-08T17:45;71;kWh;-1521;0;0;0;1521;-1521
2018-08-08T17:45;2018-08-08T18:00;72;kWh;-61;0;0;0;61;-61
2018-08-08T18:00;2018-08-08T18:15;73;kWh;-527;0;0;0;527;-527
2018-08-08T18:15;2018-08-08T18:30;74;kWh;-9810;0;0;0;9810;-9810
2018-08-08T18:30;2018-08-08T18:45;75;kWh;-2071;0;0;0;2071;-2071
2018-08-08T18:45;2018-08-08T19:00;76;kWh;0;0;0;0;0;0
2018-08-08T19:00;2018-08-08T19:15;77;kWh;-4002;0;0;0;4002;-4002
2018-08-08T19:15;2018-08-08T19:30;78;kWh;-20120;0;0;0;20120;-20120
2018-08-08T19:30;2018-08-08T19:45;79;kWh;-3831;0;0;0;3831;-3831
2018-08-08T19:45;2018-08-08T20:00;80;kWh;0;0;0;0;0;0
2018-08-08T20:00;2018-08-08T20:15;81;kWh;-26350;0;0;0;26350;-26350
2018-08-08T20:15;2018-08-08T20:30;82;kWh;-32978;0;0;0;32978;-32978
2018-08-08T20:30;2018-08-08T20:45;83;kWh;-29481;0;0;0;29481;-29481
2018-08-08T20:45;2018-08-08T21:00;84;kWh;-31772;0;0;0;31772;-31772
2018-08-08T21:00;2018-08-08T21:15;85;kWh;-19812;0;0;0;19812;-19812
2018-08-08T21:15;2018-08-08T21:30;86;kWh;-14114;0;0;0;14114;-14114
2018-08-08T21:30;2018-08-08T21:45;87;kWh;-7847;12;0;0;7859;-7835
2018-08-08T21:45;2018-08-08T22:00;88;kWh;-159;290;0;0;449;131
2018-08-08T22:00;2018-08-08T22:15;89;kWh;0;0;0;0;0;0
2018-08-08T22:15;2018-08-08T22:30;90;kWh;0;0;0;0;0;0
2018-08-08T22:30;2018-08-08T22:45;91;kWh;-68;0;0;0;68;-68
2018-08-08T22:45;2018-08-08T23:00;92;kWh;-6251;0;0;0;6251;-6251
2018-08-08T23:00;2018-08-08T23:15;93;kWh;-4057;607;0;0;4664;-3450
2018-08-08T23:15;2018-08-08T23:30;94;kWh;0;0;0;0;0;0
2018-08-08T23:30;2018-08-08T23:45;95;kWh;-15177;0;0;0;15177;-15177
2018-08-08T23:45;2018-08-09T00:00;96;kWh;-41396;0;0;0;41396;-41396
2018-08-09T00:00;2018-08-09T00:15;1;kWh;-25463;113;0;0;25576;-25350
2018-08-09T00:15;2018-08-09T00:30;2;kWh;-4846;664;0;0;5510;-4182
2018-08-09T00:30;2018-08-09T00:45;3;kWh;-58759;0;0;0;58759;-58759
2018-08-09T00:45;2018-08-09T01:00;4;kWh;-59015;0;0;0;59015;-59015
2018-08-09T01:00;2018-08-09T01:15;5;kWh;-31621;100;0;0;31721;-31521
2018-08-09T01:15;2018-08-09T01:30;6;kWh;-7400;50;0;0;7450;-7350
2018-08-09T01:30;2018-08-09T01:45;7;kWh;-65326;0;0;0;65326;-65326
2018-08-09T01:45;2018-08-09T02:00;8;kWh;-52028;0;0;0;52028;-52028
2018-08-09T02:00;2018-08-09T02:15;9;kWh;-28786;1886;0;0;30672;-26900
2018-08-09T02:15;2018-08-09T02:30;10;kWh;-7554;242;0;0;7796;-7312
2018-08-09T02:30;2018-08-09T02:45;11;kWh;-24684;0;0;0;24684;-24684
2018-08-09T02:45;2018-08-09T03:00;12;kWh;-339;0;0;0;339;-339
2018-08-09T03:00;2018-08-09T03:15;13;kWh;-429;0;0;0;429;-429
2018-08-09T03:15;2018-08-09T03:30;14;kWh;0;0;0;0;0;0
2018-08-09T03:30;2018-08-09T03:45;15;kWh;0;0;0;0;0;0
2018-08-09T03:45;2018-08-09T04:00;16;kWh;0;0;0;0;0;0
2018-08-09T04:00;2018-08-09T04:15;17;kWh;0;591;0;0;591;591
2018-08-09T04:15;2018-08-09T04:30;18;kWh;0;86;0;0;86;86
2018-08-09T04:30;2018-08-09T04:45;19;kWh;0;0;0;0;0;0
2018-08-09T04:45;2018-08-09T05:00;20;kWh;0;0;0;0;0;0
2018-08-09T05:00;2018-08-09T05:15;21;kWh;0;0;0;0;0;0
2018-08-09T05:15;2018-08-09T05:30;22;kWh;-171;0;0;0;171;-171
2018-08-09T05:30;2018-08-09T05:45;23;kWh;0;657;0;0;657;657
2018-08-09T05:45;2018-08-09T06:00;24;kWh;0;0;0;0;0;0
2018-08-09T06:00;2018-08-09T06:15;25;kWh;-5711;0;0;0;5711;-5711
2018-08-09T06:15;2018-08-09T06:30;26;kWh;-1449;0;0;0;1449;-1449
2018-08-09T06:30;2018-08-09T06:45;27;kWh;-1268;0;0;0;1268;-1268
2018-08-09T06:45;2018-08-09T07:00;28;kWh;-858;0;0;0;858;-858
2018-08-09T07:00;2018-08-09T07:15;29;kWh;-57756;0;0;0;57756;-57756
2018-08-09T07:15;2018-08-09T07:30;30;kWh;-67433;0;0;0;67433;-67433
2018-08-09T07:30;2018-08-09T07:45;31;kWh;-24894;0;0;0;24894;-24894
2018-08-09T07:45;2018-08-09T08:00;32;kWh;-10704;0;0;0;10704;-10704
2018-08-09T08:00;2018-08-09T08:15;33;kWh;-4176;0;0;0;4176;-4176
2018-08-09T08:15;2018-08-09T08:30;34;kWh;-4906;0;0;0;4906;-4906
2018-08-09T08:30;2018-08-09T08:45;35;kWh;-27;841;0;0;868;814
2018-08-09T08:45;2018-08-09T09:00;36;kWh;0;606;0;0;606;606
2018-08-09T09:00;2018-08-09T09:15;37;kWh;0;0;0;0;0;0
2018-08-09T09:15;2018-08-09T09:30;38;kWh;-377;0;0;0;377;-377
2018-08-09T09:30;2018-08-09T09:45;39;kWh;-470;0;0;0;470;-470
2018-08-09T09:45;2018-08-09T10:00;40;kWh;0;307;0;0;307;307
2018-08-09T10:00;2018-08-09T10:15;41;kWh;0;0;0;0;0;0
2018-08-09T10:15;2018-08-09T10:30;42;kWh;0;0;0;0;0;0
2018-08-09T10:30;2018-08-09T10:45;43;kWh;0;0;0;0;0;0
2018-08-09T10:45;2018-08-09T11:00;44;kWh;0;0;0;0;0;0
2018-08-09T11:00;2018-08-09T11:15;45;kWh;0;0;0;0;0;0
2018-08-09T11:15;2018-08-09T11:30;46;kWh;0;0;0;0;0;0
2018-08-09T11:30;2018-08-09T11:45;47;kWh;0;0;0;0;0;0
2018-08-09T11:45;2018-08-09T12:00;48;kWh;0;0;0;0;0;0
2018-08-09T12:00;2018-08-09T12:15;49;kWh;0;0;0;0;0;0
2018-08-09T12:15;2018-08-09T12:30;50;kWh;0;0;0;0;0;0
2018-08-09T12:30;2018-08-09T12:45;51;kWh;0;0;0;0;0;0
2018-08-09T12:45;2018-08-09T13:00;52;kWh;0;5045;0;0;5045;5045
2018-08-09T13:00;2018-08-09T13:15;53;kWh;0;31514;0;0;31514;31514
2018-08-09T13:15;2018-08-09T13:30;54;kWh;0;19889;0;0;19889;19889
2018-08-09T13:30;2018-08-09T13:45;55;kWh;0;279;0;0;279;279
2018-08-09T13:45;2018-08-09T14:00;56;kWh;0;9740;0;0;9740;9740
2018-08-09T14:00;2018-08-09T14:15;57;kWh;0;32750;0;0;32750;32750
2018-08-09T14:15;2018-08-09T14:30;58;kWh;0;80990;0;0;80990;80990
2018-08-09T14:30;2018-08-09T14:45;59;kWh;0;18446;0;0;18446;18446
2018-08-09T14:45;2018-08-09T15:00;60;kWh;0;2661;0;0;2661;2661
2018-08-09T15:00;2018-08-09T15:15;61;kWh;0;9828;0;0;9828;9828
2018-08-09T15:15;2018-08-09T15:30;62;kWh;0;6091;0;0;6091;6091
2018-08-09T15:30;2018-08-09T15:45;63;kWh;-217;0;0;0;217;-217
2018-08-09T15:45;2018-08-09T16:00;64;kWh;-1698;0;0;0;1698;-1698
2018-08-09T16:00;2018-08-09T16:15;65;kWh;-1712;18;0;0;1730;-1694
2018-08-09T16:15;2018-08-09T16:30;66;kWh;0;3443;0;0;3443;3443
2018-08-09T16:30;2018-08-09T16:45;67;kWh;0;5028;0;0;5028;5028
2018-08-09T16:45;2018-08-09T17:00;68;kWh;0;2217;0;0;2217;2217
2018-08-09T17:00;2018-08-09T17:15;69;kWh;0;1092;0;0;1092;1092
2018-08-09T17:15;2018-08-09T17:30;70;kWh;0;2371;0;0;2371;2371
2018-08-09T17:30;2018-08-09T17:45;71;kWh;0;597;0;0;597;597
2018-08-09T17:45;2018-08-09T18:00;72;kWh;0;477;0;0;477;477
2018-08-09T18:00;2018-08-09T18:15;73;kWh;0;0;0;0;0;0
2018-08-09T18:15;2018-08-09T18:30;74;kWh;0;0;0;0;0;0
2018-08-09T18:30;2018-08-09T18:45;75;kWh;-11226;0;0;0;11226;-11226
2018-08-09T18:45;2018-08-09T19:00;76;kWh;-15415;0;0;0;15415;-15415
2018-08-09T19:00;2018-08-09T19:15;77;kWh;-17914;0;0;0;17914;-17914
2018-08-09T19:15;2018-08-09T19:30;78;kWh;-3633;1001;0;0;4634;-2632
2018-08-09T19:30;2018-08-09T19:45;79;kWh;-10116;328;0;0;10444;-9788
2018-08-09T19:45;2018-08-09T20:00;80;kWh;-25247;0;0;0;25247;-25247
2018-08-09T20:00;2018-08-09T20:15;81;kWh;-2227;5931;0;0;8158;3704
2018-08-09T20:15;2018-08-09T20:30;82;kWh;0;1254;0;0;1254;1254
2018-08-09T20:30;2018-08-09T20:45;83;kWh;-12875;0;0;0;12875;-12875
2018-08-09T20:45;2018-08-09T21:00;84;kWh;-29160;0;0;0;29160;-29160
2018-08-09T21:00;2018-08-09T21:15;85;kWh;-8388;938;0;0;9326;-7450
2018-08-09T21:15;2018-08-09T21:30;86;kWh;-9028;1;0;0;9029;-9027
2018-08-09T21:30;2018-08-09T21:45;87;kWh;-19104;0;0;0;19104;-19104
2018-08-09T21:45;2018-08-09T22:00;88;kWh;-19675;0;0;0;19675;-19675
2018-08-09T22:00;2018-08-09T22:15;89;kWh;-25971;0;0;0;25971;-25971
2018-08-09T22:15;2018-08-09T22:30;90;kWh;-31977;0;0;0;31977;-31977
2018-08-09T22:30;2018-08-09T22:45;91;kWh;-36258;0;0;0;36258;-36258
2018-08-09T22:45;2018-08-09T23:00;92;kWh;-43319;0;0;0;43319;-43319
2018-08-09T23:00;2018-08-09T23:15;93;kWh;-39796;0;0;0;39796;-39796
2018-08-09T23:15;2018-08-09T23:30;94;kWh;-12282;0;0;0;12282;-12282
2018-08-09T23:30;2018-08-09T23:45;95;kWh;-10374;0;0;0;10374;-10374
2018-08-09T23:45;2018-08-10T00:00;96;kWh;-23869;0;0;0;23869;-23869
2018-08-10T00:00;2018-08-10T00:15;1;kWh;-9966;4005;0;0;13971;-5961
2018-08-10T00:15;2018-08-10T00:30;2;kWh;0;22894;0;0;22894;22894
2018-08-10T00:30;2018-08-10T00:45;3;kWh;0;530;0;0;530;530
2018-08-10T00:45;2018-08-10T01:00;4;kWh;0;724;0;0;724;724
2018-08-10T01:00;2018-08-10T01:15;5;kWh;-3109;0;0;0;3109;-3109
2018-08-10T01:15;2018-08-10T01:30;6;kWh;-398;0;0;0;398;-398
2018-08-10T01:30;2018-08-10T01:45;7;kWh;0;10594;0;0;10594;10594
2018-08-10T01:45;2018-08-10T02:00;8;kWh;0;30966;0;0;30966;30966
2018-08-10T02:00;2018-08-10T02:15;9;kWh;0;21409;0;0;21409;21409
2018-08-10T02:15;2018-08-10T02:30;10;kWh;0;40358;0;0;40358;40358
2018-08-10T02:30;2018-08-10T02:45;11;kWh;0;13968;0;0;13968;13968
2018-08-10T02:45;2018-08-10T03:00;12;kWh;-41;2350;0;0;2391;2309
2018-08-10T03:00;2018-08-10T03:15;13;kWh;-2178;0;0;0;2178;-2178
2018-08-10T03:15;2018-08-10T03:30;14;kWh;-197;0;0;0;197;-197
2018-08-10T03:30;2018-08-10T03:45;15;kWh;0;8403;0;0;8403;8403
2018-08-10T03:45;2018-08-10T04:00;16;kWh;0;34719;0;0;34719;34719
2018-08-10T04:00;2018-08-10T04:15;17;kWh;0;20630;0;0;20630;20630
2018-08-10T04:15;2018-08-10T04:30;18;kWh;0;14654;0;0;14654;14654
2018-08-10T04:30;2018-08-10T04:45;19;kWh;0;35176;0;0;35176;35176
2018-08-10T04:45;2018-08-10T05:00;20;kWh;0;34499;0;0;34499;34499
2018-08-10T05:00;2018-08-10T05:15;21;kWh;-329;11241;0;0;11570;10912
2018-08-10T05:15;2018-08-10T05:30;22;kWh;0;81;0;0;81;81
2018-08-10T05:30;2018-08-10T05:45;23;kWh;0;27757;0;0;27757;27757
2018-08-10T05:45;2018-08-10T06:00;24;kWh;0;73708;0;0;73708;73708
2018-08-10T06:00;2018-08-10T06:15;25;kWh;0;36495;0;0;36495;36495
2018-08-10T06:15;2018-08-10T06:30;26;kWh;-1342;3;0;0;1345;-1339
2018-08-10T06:30;2018-08-10T06:45;27;kWh;-930;0;0;0;930;-930
2018-08-10T06:45;2018-08-10T07:00;28;kWh;0;0;0;0;0;0
2018-08-10T07:00;2018-08-10T07:15;29;kWh;-11300;0;0;0;11300;-11300
2018-08-10T07:15;2018-08-10T07:30;30;kWh;-40839;0;0;0;40839;-40839
2018-08-10T07:30;2018-08-10T07:45;31;kWh;-37666;0;0;0;37666;-37666
2018-08-10T07:45;2018-08-10T08:00;32;kWh;-41688;0;0;0;41688;-41688
2018-08-10T08:00;2018-08-10T08:15;33;kWh;-16977;0;0;0;16977;-16977
2018-08-10T08:15;2018-08-10T08:30;34;kWh;-20108;0;0;0;20108;-20108
2018-08-10T08:30;2018-08-10T08:45;35;kWh;-30750;0;0;0;30750;-30750
2018-08-10T08:45;2018-08-10T09:00;36;kWh;-36006;0;0;0;36006;-36006
2018-08-10T09:00;2018-08-10T09:15;37;kWh;-31307;0;0;0;31307;-31307
2018-08-10T09:15;2018-08-10T09:30;38;kWh;-24052;0;0;0;24052;-24052
2018-08-10T09:30;2018-08-10T09:45;39;kWh;-37549;0;0;0;37549;-37549
2018-08-10T09:45;2018-08-10T10:00;40;kWh;-70823;0;0;0;70823;-70823
2018-08-10T10:00;2018-08-10T10:15;41;kWh;-46351;0;0;0;46351;-46351
2018-08-10T10:15;2018-08-10T10:30;42;kWh;-37944;0;0;0;37944;-37944
2018-08-10T10:30;2018-08-10T10:45;43;kWh;-11516;0;0;0;11516;-11516
2018-08-10T10:45;2018-08-10T11:00;44;kWh;-14090;0;0;0;14090;-14090
2018-08-10T11:00;2018-08-10T11:15;45;kWh;-9827;0;0;0;9827;-9827
2018-08-10T11:15;2018-08-10T11:30;46;kWh;-23728;0;0;0;23728;-23728
2018-08-10T11:30;2018-08-10T11:45;47;kWh;-31675;0;0;0;31675;-31675
2018-08-10T11:45;2018-08-10T12:00;48;kWh;-41013;0;0;0;41013;-41013
2018-08-10T12:00;2018-08-10T12:15;49;kWh;-1839;0;0;0;1839;-1839
2018-08-10T12:15;2018-08-10T12:30;50;kWh;0;0;0;0;0;0
2018-08-10T12:30;2018-08-10T12:45;51;kWh;0;1318;0;0;1318;1318
2018-08-10T12:45;2018-08-10T13:00;52;kWh;0;1886;0;0;1886;1886
2018-08-10T13:00;2018-08-10T13:15;53;kWh;0;0;0;0;0;0
2018-08-10T13:15;2018-08-10T13:30;54;kWh;-166;0;0;0;166;-166
2018-08-10T13:30;2018-08-10T13:45;55;kWh;-250;0;0;0;250;-250
2018-08-10T13:45;2018-08-10T14:00;56;kWh;-541;0;0;0;541;-541
2018-08-10T14:00;2018-08-10T14:15;57;kWh;-680;0;0;0;680;-680
2018-08-10T14:15;2018-08-10T14:30;58;kWh;-26;0;0;0;26;-26
2018-08-10T14:30;2018-08-10T14:45;59;kWh;-4305;0;0;0;4305;-4305
2018-08-10T14:45;2018-08-10T15:00;60;kWh;-72295;0;0;0;72295;-72295
2018-08-10T15:00;2018-08-10T15:15;61;kWh;-78927;0;0;0;78927;-78927
2018-08-10T15:15;2018-08-10T15:30;62;kWh;-25600;0;0;0;25600;-25600
2018-08-10T15:30;2018-08-10T15:45;63;kWh;-24870;0;0;0;24870;-24870
2018-08-10T15:45;2018-08-10T16:00;64;kWh;-7043;0;0;0;7043;-7043
2018-08-10T16:00;2018-08-10T16:15;65;kWh;0;0;0;0;0;0
2018-08-10T16:15;2018-08-10T16:30;66;kWh;0;0;0;0;0;0
2018-08-10T16:30;2018-08-10T16:45;67;kWh;0;0;0;0;0;0
2018-08-10T16:45;2018-08-10T17:00;68;kWh;0;0;0;0;0;0
2018-08-10T17:00;2018-08-10T17:15;69;kWh;0;0;0;0;0;0
2018-08-10T17:15;2018-08-10T17:30;70;kWh;0;0;0;0;0;0
2018-08-10T17:30;2018-08-10T17:45;71;kWh;0;0;0;0;0;0
2018-08-10T17:45;2018-08-10T18:00;72;kWh;-50;0;0;0;50;-50
2018-08-10T18:00;2018-08-10T18:15;73;kWh;-26317;0;0;0;26317;-26317
2018-08-10T18:15;2018-08-10T18:30;74;kWh;-19643;0;0;0;19643;-19643
2018-08-10T18:30;2018-08-10T18:45;75;kWh;-4073;0;0;0;4073;-4073
2018-08-10T18:45;2018-08-10T19:00;76;kWh;-624;279;0;0;903;-345
2018-08-10T19:00;2018-08-10T19:15;77;kWh;0;3023;0;0;3023;3023
2018-08-10T19:15;2018-08-10T19:30;78;kWh;0;4319;0;0;4319;4319
2018-08-10T19:30;2018-08-10T19:45;79;kWh;0;18959;0;0;18959;18959
2018-08-10T19:45;2018-08-10T20:00;80;kWh;0;53211;0;0;53211;53211
2018-08-10T20:00;2018-08-10T20:15;81;kWh;-8706;7231;0;0;15937;-1475
2018-08-10T20:15;2018-08-10T20:30;82;kWh;-27447;0;0;0;27447;-27447
2018-08-10T20:30;2018-08-10T20:45;83;kWh;-89819;0;0;0;89819;-89819
2018-08-10T20:45;2018-08-10T21:00;84;kWh;-60145;0;0;0;60145;-60145
2018-08-10T21:00;2018-08-10T21:15;85;kWh;-12713;262;0;0;12975;-12451
2018-08-10T21:15;2018-08-10T21:30;86;kWh;0;7089;0;0;7089;7089
2018-08-10T21:30;2018-08-10T21:45;87;kWh;0;5079;0;0;5079;5079
2018-08-10T21:45;2018-08-10T22:00;88;kWh;0;397;0;0;397;397
2018-08-10T22:00;2018-08-10T22:15;89;kWh;0;0;0;0;0;0
2018-08-10T22:15;2018-08-10T22:30;90;kWh;-6696;0;0;0;6696;-6696
2018-08-10T22:30;2018-08-10T22:45;91;kWh;-20449;0;0;0;20449;-20449
2018-08-10T22:45;2018-08-10T23:00;92;kWh;-26836;0;0;0;26836;-26836
2018-08-10T23:00;2018-08-10T23:15;93;kWh;-44584;0;0;0;44584;-44584
2018-08-10T23:15;2018-08-10T23:30;94;kWh;-1461;0;0;0;1461;-1461
2018-08-10T23:30;2018-08-10T23:45;95;kWh;0;0;0;0;0;0
2018-08-10T23:45;2018-08-11T00:00;96;kWh;0;0;0;0;0;0
2018-08-11T00:00;2018-08-11T00:15;1;kWh;-159;965;0;0;1124;806
2018-08-11T00:15;2018-08-11T00:30;2;kWh;0;4563;0;0;4563;4563
2018-08-11T00:30;2018-08-11T00:45;3;kWh;0;127;0;0;127;127
2018-08-11T00:45;2018-08-11T01:00;4;kWh;0;0;0;0;0;0
2018-08-11T01:00;2018-08-11T01:15;5;kWh;0;0;0;0;0;0
2018-08-11T01:15;2018-08-11T01:30;6;kWh;0;7121;0;0;7121;7121
2018-08-11T01:30;2018-08-11T01:45;7;kWh;0;32165;0;0;32165;32165
2018-08-11T01:45;2018-08-11T02:00;8;kWh;-470;5839;0;0;6309;5369
2018-08-11T02:00;2018-08-11T02:15;9;kWh;0;6208;0;0;6208;6208
2018-08-11T02:15;2018-08-11T02:30;10;kWh;0;5493;0;0;5493;5493
2018-08-11T02:30;2018-08-11T02:45;11;kWh;0;80;0;0;80;80
2018-08-11T02:45;2018-08-11T03:00;12;kWh;0;456;0;0;456;456
2018-08-11T03:00;2018-08-11T03:15;13;kWh;0;3;0;0;3;3
2018-08-11T03:15;2018-08-11T03:30;14;kWh;0;0;0;0;0;0
2018-08-11T03:30;2018-08-11T03:45;15;kWh;0;0;0;0;0;0
2018-08-11T03:45;2018-08-11T04:00;16;kWh;0;0;0;0;0;0
2018-08-11T04:00;2018-08-11T04:15;17;kWh;0;0;0;0;0;0
2018-08-11T04:15;2018-08-11T04:30;18;kWh;0;0;0;0;0;0
2018-08-11T04:30;2018-08-11T04:45;19;kWh;0;0;0;0;0;0
2018-08-11T04:45;2018-08-11T05:00;20;kWh;0;0;0;0;0;0
2018-08-11T05:00;2018-08-11T05:15;21;kWh;0;0;0;0;0;0
2018-08-11T05:15;2018-08-11T05:30;22;kWh;0;0;0;0;0;0
2018-08-11T05:30;2018-08-11T05:45;23;kWh;0;0;0;0;0;0
2018-08-11T05:45;2018-08-11T06:00;24;kWh;0;0;0;0;0;0
2018-08-11T06:00;2018-08-11T06:15;25;kWh;0;0;0;0;0;0
2018-08-11T06:15;2018-08-11T06:30;26;kWh;0;0;0;0;0;0
2018-08-11T06:30;2018-08-11T06:45;27;kWh;-1538;0;0;0;1538;-1538
2018-08-11T06:45;2018-08-11T07:00;28;kWh;-9054;0;0;0;9054;-9054
2018-08-11T07:00;2018-08-11T07:15;29;kWh;-8926;0;0;0;8926;-8926
2018-08-11T07:15;2018-08-11T07:30;30;kWh;-20935;0;0;0;20935;-20935
2018-08-11T07:30;2018-08-11T07:45;31;kWh;-2851;0;0;0;2851;-2851
2018-08-11T07:45;2018-08-11T08:00;32;kWh;0;0;0;0;0;0
2018-08-11T08:00;2018-08-11T08:15;33;kWh;-188;0;0;0;188;-188
2018-08-11T08:15;2018-08-11T08:30;34;kWh;-6003;0;0;0;6003;-6003
2018-08-11T08:30;2018-08-11T08:45;35;kWh;-27217;0;0;0;27217;-27217
2018-08-11T08:45;2018-08-11T09:00;36;kWh;-34654;0;0;0;34654;-34654
2018-08-11T09:00;2018-08-11T09:15;37;kWh;-18822;0;0;0;18822;-18822
2018-08-11T09:15;2018-08-11T09:30;38;kWh;-1879;0;0;0;1879;-1879
2018-08-11T09:30;2018-08-11T09:45;39;kWh;-27442;0;0;0;27442;-27442
2018-08-11T09:45;2018-08-11T10:00;40;kWh;-44626;0;0;0;44626;-44626
2018-08-11T10:00;2018-08-11T10:15;41;kWh;-36231;0;0;0;36231;-36231
2018-08-11T10:15;2018-08-11T10:30;42;kWh;-1917;0;0;0;1917;-1917
2018-08-11T10:30;2018-08-11T10:45;43;kWh;-2803;0;0;0;2803;-2803
2018-08-11T10:45;2018-08-11T11:00;44;kWh;-1496;23;0;0;1519;-1473
2018-08-11T11:00;2018-08-11T11:15;45;kWh;-1353;355;0;0;1708;-998
2018-08-11T11:15;2018-08-11T11:30;46;kWh;-33239;0;0;0;33239;-33239
2018-08-11T11:30;2018-08-11T11:45;47;kWh;-23456;0;0;0;23456;-23456
2018-08-11T11:45;2018-08-11T12:00;48;kWh;-6870;0;0;0;6870;-6870
2018-08-11T12:00;2018-08-11T12:15;49;kWh;-376;0;0;0;376;-376
2018-08-11T12:15;2018-08-11T12:30;50;kWh;-13886;0;0;0;13886;-13886
2018-08-11T12:30;2018-08-11T12:45;51;kWh;-13195;0;0;0;13195;-13195
2018-08-11T12:45;2018-08-11T13:00;52;kWh;-30175;0;0;0;30175;-30175
2018-08-11T13:00;2018-08-11T13:15;53;kWh;-56694;0;0;0;56694;-56694
2018-08-11T13:15;2018-08-11T13:30;54;kWh;-72087;0;0;0;72087;-72087
2018-08-11T13:30;2018-08-11T13:45;55;kWh;-81642;0;0;0;81642;-81642
2018-08-11T13:45;2018-08-11T14:00;56;kWh;-71270;0;0;0;71270;-71270
2018-08-11T14:00;2018-08-11T14:15;57;kWh;-49184;0;0;0;49184;-49184
2018-08-11T14:15;2018-08-11T14:30;58;kWh;-13218;0;0;0;13218;-13218
2018-08-11T14:30;2018-08-11T14:45;59;kWh;-37067;0;0;0;37067;-37067
2018-08-11T14:45;2018-08-11T15:00;60;kWh;-44058;0;0;0;44058;-44058
2018-08-11T15:00;2018-08-11T15:15;61;kWh;-37931;0;0;0;37931;-37931
2018-08-11T15:15;2018-08-11T15:30;62;kWh;-2115;0;0;0;2115;-2115
2018-08-11T15:30;2018-08-11T15:45;63;kWh;-1612;0;0;0;1612;-1612
2018-08-11T15:45;2018-08-11T16:00;64;kWh;-5987;0;0;0;5987;-5987
2018-08-11T16:00;2018-08-11T16:15;65;kWh;-45889;0;0;0;45889;-45889
2018-08-11T16:15;2018-08-11T16:30;66;kWh;-27899;0;0;0;27899;-27899
2018-08-11T16:30;2018-08-11T16:45;67;kWh;-9736;0;0;0;9736;-9736
2018-08-11T16:45;2018-08-11T17:00;68;kWh;-10596;0;0;0;10596;-10596
2018-08-11T17:00;2018-08-11T17:15;69;kWh;-7396;0;0;0;7396;-7396
2018-08-11T17:15;2018-08-11T17:30;70;kWh;-10163;0;0;0;10163;-10163
2018-08-11T17:30;2018-08-11T17:45;71;kWh;-760;0;0;0;760;-760
2018-08-11T17:45;2018-08-11T18:00;72;kWh;0;3030;0;0;3030;3030
2018-08-11T18:00;2018-08-11T18:15;73;kWh;-9135;2253;0;0;11388;-6882
2018-08-11T18:15;2018-08-11T18:30;74;kWh;-54731;0;0;0;54731;-54731
2018-08-11T18:30;2018-08-11T18:45;75;kWh;-32658;0;0;0;32658;-32658
2018-08-11T18:45;2018-08-11T19:00;76;kWh;-4799;0;0;0;4799;-4799
2018-08-11T19:00;2018-08-11T19:15;77;kWh;-20096;0;0;0;20096;-20096
2018-08-11T19:15;2018-08-11T19:30;78;kWh;-18438;0;0;0;18438;-18438
2018-08-11T19:30;2018-08-11T19:45;79;kWh;-792;0;0;0;792;-792
2018-08-11T19:45;2018-08-11T20:00;80;kWh;-2;0;0;0;2;-2
2018-08-11T20:00;2018-08-11T20:15;81;kWh;-5691;0;0;0;5691;-5691
2018-08-11T20:15;2018-08-11T20:30;82;kWh;-15890;0;0;0;15890;-15890
2018-08-11T20:30;2018-08-11T20:45;83;kWh;-10031;0;0;0;10031;-10031
2018-08-11T20:45;2018-08-11T21:00;84;kWh;-15353;0;0;0;15353;-15353
2018-08-11T21:00;2018-08-11T21:15;85;kWh;-39925;0;0;0;39925;-39925
2018-08-11T21:15;2018-08-11T21:30;86;kWh;-22580;0;0;0;22580;-22580
2018-08-11T21:30;2018-08-11T21:45;87;kWh;-522;6433;0;0;6955;5911
2018-08-11T21:45;2018-08-11T22:00;88;kWh;0;4425;0;0;4425;4425
2018-08-11T22:00;2018-08-11T22:15;89;kWh;-1112;480;0;0;1592;-632
2018-08-11T22:15;2018-08-11T22:30;90;kWh;-2628;0;0;0;2628;-2628
2018-08-11T22:30;2018-08-11T22:45;91;kWh;-7898;0;0;0;7898;-7898
2018-08-11T22:45;2018-08-11T23:00;92;kWh;-17779;0;0;0;17779;-17779
2018-08-11T23:00;2018-08-11T23:15;93;kWh;-5527;5266;0;0;10793;-261
2018-08-11T23:15;2018-08-11T23:30;94;kWh;0;179;0;0;179;179
2018-08-11T23:30;2018-08-11T23:45;95;kWh;-1034;0;0;0;1034;-1034
2018-08-11T23:45;2018-08-12T00:00;96;kWh;-30637;0;0;0;30637;-30637
2018-08-12T00:00;2018-08-12T00:15;1;kWh;-30049;0;0;0;30049;-30049
2018-08-12T00:15;2018-08-12T00:30;2;kWh;-1122;240;0;0;1362;-882
2018-08-12T00:30;2018-08-12T00:45;3;kWh;-9883;0;0;0;9883;-9883
2018-08-12T00:45;2018-08-12T01:00;4;kWh;-17837;0;0;0;17837;-17837
2018-08-12T01:00;2018-08-12T01:15;5;kWh;-18944;0;0;0;18944;-18944
2018-08-12T01:15;2018-08-12T01:30;6;kWh;-12903;0;0;0;12903;-12903
2018-08-12T01:30;2018-08-12T01:45;7;kWh;-34779;0;0;0;34779;-34779
2018-08-12T01:45;2018-08-12T02:00;8;kWh;-35382;0;0;0;35382;-35382
2018-08-12T02:00;2018-08-12T02:15;9;kWh;-19100;1181;0;0;20281;-17919
2018-08-12T02:15;2018-08-12T02:30;10;kWh;-741;1764;0;0;2505;1023
2018-08-12T02:30;2018-08-12T02:45;11;kWh;-3853;0;0;0;3853;-3853
2018-08-12T02:45;2018-08-12T03:00;12;kWh;-14713;0;0;0;14713;-14713
2018-08-12T03:00;2018-08-12T03:15;13;kWh;-11824;1851;0;0;13675;-9973
2018-08-12T03:15;2018-08-12T03:30;14;kWh;-105;37460;0;0;37565;37355
2018-08-12T03:30;2018-08-12T03:45;15;kWh;-115;12795;0;0;12910;12680
2018-08-12T03:45;2018-08-12T04:00;16;kWh;-4316;102;0;0;4418;-4214
2018-08-12T04:00;2018-08-12T04:15;17;kWh;-299;6836;0;0;7135;6537
2018-08-12T04:15;2018-08-12T04:30;18;kWh;-44;7974;0;0;8018;7930
2018-08-12T04:30;2018-08-12T04:45;19;kWh;-2628;1;0;0;2629;-2627
2018-08-12T04:45;2018-08-12T05:00;20;kWh;-131;0;0;0;131;-131
2018-08-12T05:00;2018-08-12T05:15;21;kWh;-4425;0;0;0;4425;-4425
2018-08-12T05:15;2018-08-12T05:30;22;kWh;-6892;0;0;0;6892;-6892
2018-08-12T05:30;2018-08-12T05:45;23;kWh;-6829;0;0;0;6829;-6829
2018-08-12T05:45;2018-08-12T06:00;24;kWh;-3144;0;0;0;3144;-3144
2018-08-12T06:00;2018-08-12T06:15;25;kWh;0;72;0;0;72;72
2018-08-12T06:15;2018-08-12T06:30;26;kWh;0;0;0;0;0;0
2018-08-12T06:30;2018-08-12T06:45;27;kWh;-4555;0;0;0;4555;-4555
2018-08-12T06:45;2018-08-12T07:00;28;kWh;-27673;0;0;0;27673;-27673
2018-08-12T07:00;2018-08-12T07:15;29;kWh;-30041;0;0;0;30041;-30041
2018-08-12T07:15;2018-08-12T07:30;30;kWh;-4865;0;0;0;4865;-4865
2018-08-12T07:30;2018-08-12T07:45;31;kWh;0;0;0;0;0;0
2018-08-12T07:45;2018-08-12T08:00;32;kWh;0;0;0;0;0;0
2018-08-12T08:00;2018-08-12T08:15;33;kWh;0;1261;0;0;1261;1261
2018-08-12T08:15;2018-08-12T08:30;34;kWh;0;13497;0;0;13497;13497
2018-08-12T08:30;2018-08-12T08:45;35;kWh;0;14383;0;0;14383;14383
2018-08-12T08:45;2018-08-12T09:00;36;kWh;0;22925;0;0;22925;22925
2018-08-12T09:00;2018-08-12T09:15;37;kWh;-306;7588;0;0;7894;7282
2018-08-12T09:15;2018-08-12T09:30;38;kWh;0;0;0;0;0;0
2018-08-12T09:30;2018-08-12T09:45;39;kWh;0;4864;0;0;4864;4864
2018-08-12T09:45;2018-08-12T10:00;40;kWh;0;504;0;0;504;504
2018-08-12T10:00;2018-08-12T10:15;41;kWh;0;9792;0;0;9792;9792
2018-08-12T10:15;2018-08-12T10:30;42;kWh;-70;6015;0;0;6085;5945
2018-08-12T10:30;2018-08-12T10:45;43;kWh;-1264;0;0;0;1264;-1264
2018-08-12T10:45;2018-08-12T11:00;44;kWh;-2659;0;0;0;2659;-2659
2018-08-12T11:00;2018-08-12T11:15;45;kWh;-8488;0;0;0;8488;-8488
2018-08-12T11:15;2018-08-12T11:30;46;kWh;-22006;0;0;0;22006;-22006
2018-08-12T11:30;2018-08-12T11:45;47;kWh;-43100;0;0;0;43100;-43100
2018-08-12T11:45;2018-08-12T12:00;48;kWh;-58558;0;0;0;58558;-58558
2018-08-12T12:00;2018-08-12T12:15;49;kWh;-60208;0;0;0;60208;-60208
2018-08-12T12:15;2018-08-12T12:30;50;kWh;-64935;0;0;0;64935;-64935
2018-08-12T12:30;2018-08-12T12:45;51;kWh;-53127;0;0;0;53127;-53127
2018-08-12T12:45;2018-08-12T13:00;52;kWh;-56033;0;0;0;56033;-56033
2018-08-12T13:00;2018-08-12T13:15;53;kWh;-29385;0;0;0;29385;-29385
2018-08-12T13:15;2018-08-12T13:30;54;kWh;-25881;0;0;0;25881;-25881
2018-08-12T13:30;2018-08-12T13:45;55;kWh;-45460;0;0;0;45460;-45460
2018-08-12T13:45;2018-08-12T14:00;56;kWh;-41780;0;0;0;41780;-41780
2018-08-12T14:00;2018-08-12T14:15;57;kWh;-14686;0;0;0;14686;-14686
2018-08-12T14:15;2018-08-12T14:30;58;kWh;-64;0;0;0;64;-64
2018-08-12T14:30;2018-08-12T14:45;59;kWh;0;0;0;0;0;0
2018-08-12T14:45;2018-08-12T15:00;60;kWh;0;0;0;0;0;0
2018-08-12T15:00;2018-08-12T15:15;61;kWh;0;0;0;0;0;0
2018-08-12T15:15;2018-08-12T15:30;62;kWh;0;0;0;0;0;0
2018-08-12T15:30;2018-08-12T15:45;63;kWh;0;0;0;0;0;0
2018-08-12T15:45;2018-08-12T16:00;64;kWh;0;0;0;0;0;0
2018-08-12T16:00;2018-08-12T16:15;65;kWh;0;7336;0;0;7336;7336
2018-08-12T16:15;2018-08-12T16:30;66;kWh;0;1053;0;0;1053;1053
2018-08-12T16:30;2018-08-12T16:45;67;kWh;0;2220;0;0;2220;2220
2018-08-12T16:45;2018-08-12T17:00;68;kWh;0;49222;0;0;49222;49222
2018-08-12T17:00;2018-08-12T17:15;69;kWh;-2328;15810;0;0;18138;13482
2018-08-12T17:15;2018-08-12T17:30;70;kWh;-1582;0;0;0;1582;-1582
2018-08-12T17:30;2018-08-12T17:45;71;kWh;0;10613;0;0;10613;10613
2018-08-12T17:45;2018-08-12T18:00;72;kWh;0;68040;0;0;68040;68040
2018-08-12T18:00;2018-08-12T18:15;73;kWh;0;58275;0;0;58275;58275
2018-08-12T18:15;2018-08-12T18:30;74;kWh;0;19504;0;0;19504;19504
2018-08-12T18:30;2018-08-12T18:45;75;kWh;0;42527;0;0;42527;42527
2018-08-12T18:45;2018-08-12T19:00;76;kWh;0;46888;0;0;46888;46888
2018-08-12T19:00;2018-08-12T19:15;77;kWh;-2182;14167;0;0;16349;11985
2018-08-12T19:15;2018-08-12T19:30;78;kWh;-2899;0;0;0;2899;-2899
2018-08-12T19:30;2018-08-12T19:45;79;kWh;-1317;628;0;0;1945;-689
2018-08-12T19:45;2018-08-12T20:00;80;kWh;0;26869;0;0;26869;26869
2018-08-12T20:00;2018-08-12T20:15;81;kWh;-665;12077;0;0;12742;11412
2018-08-12T20:15;2018-08-12T20:30;82;kWh;0;0;0;0;0;0
2018-08-12T20:30;2018-08-12T20:45;83;kWh;0;362;0;0;362;362
2018-08-12T20:45;2018-08-12T21:00;84;kWh;0;1070;0;0;1070;1070
2018-08-12T21:00;2018-08-12T21:15;85;kWh;0;161;0;0;161;161
2018-08-12T21:15;2018-08-12T21:30;86;kWh;0;1111;0;0;1111;1111
2018-08-12T21:30;2018-08-12T21:45;87;kWh;0;16258;0;0;16258;16258
2018-08-12T21:45;2018-08-12T22:00;88;kWh;0;24228;0;0;24228;24228
2018-08-12T22:00;2018-08-12T22:15;89;kWh;0;18828;0;0;18828;18828
2018-08-12T22:15;2018-08-12T22:30;90;kWh;0;26450;0;0;26450;26450
2018-08-12T22:30;2018-08-12T22:45;91;kWh;0;14316;0;0;14316;14316
2018-08-12T22:45;2018-08-12T23:00;92;kWh;0;10810;0;0;10810;10810
2018-08-12T23:00;2018-08-12T23:15;93;kWh;0;20512;0;0;20512;20512
2018-08-12T23:15;2018-08-12T23:30;94;kWh;0;31700;0;0;31700;31700
2018-08-12T23:30;2018-08-12T23:45;95;kWh;0;2958;0;0;2958;2958
2018-08-12T23:45;2018-08-13T00:00;96;kWh;-2;1078;0;0;1080;1076
2018-08-13T00:00;2018-08-13T00:15;1;kWh;-440;2977;0;0;3417;2537
2018-08-13T00:15;2018-08-13T00:30;2;kWh;0;19348;0;0;19348;19348
2018-08-13T00:30;2018-08-13T00:45;3;kWh;0;5010;0;0;5010;5010
2018-08-13T00:45;2018-08-13T01:00;4;kWh;0;0;0;0;0;0
2018-08-13T01:00;2018-08-13T01:15;5;kWh;0;8790;0;0;8790;8790
2018-08-13T01:15;2018-08-13T01:30;6;kWh;0;27079;0;0;27079;27079
2018-08-13T01:30;2018-08-13T01:45;7;kWh;0;16348;0;0;16348;16348
2018-08-13T01:45;2018-08-13T02:00;8;kWh;-165;650;0;0;815;485
2018-08-13T02:00;2018-08-13T02:15;9;kWh;0;1880;0;0;1880;1880
2018-08-13T02:15;2018-08-13T02:30;10;kWh;0;6568;0;0;6568;6568
2018-08-13T02:30;2018-08-13T02:45;11;kWh;0;6295;0;0;6295;6295
2018-08-13T02:45;2018-08-13T03:00;12;kWh;0;4307;0;0;4307;4307
2018-08-13T03:00;2018-08-13T03:15;13;kWh;0;5525;0;0;5525;5525
2018-08-13T03:15;2018-08-13T03:30;14;kWh;0;25644;0;0;25644;25644
2018-08-13T03:30;2018-08-13T03:45;15;kWh;0;18398;0;0;18398;18398
2018-08-13T03:45;2018-08-13T04:00;16;kWh;0;356;0;0;356;356
2018-08-13T04:00;2018-08-13T04:15;17;kWh;0;0;0;0;0;0
2018-08-13T04:15;2018-08-13T04:30;18;kWh;0;593;0;0;593;593
2018-08-13T04:30;2018-08-13T04:45;19;kWh;0;1037;0;0;1037;1037
2018-08-13T04:45;2018-08-13T05:00;20;kWh;0;4950;0;0;4950;4950
2018-08-13T05:00;2018-08-13T05:15;21;kWh;0;1577;0;0;1577;1577
2018-08-13T05:15;2018-08-13T05:30;22;kWh;0;0;0;0;0;0
2018-08-13T05:30;2018-08-13T05:45;23;kWh;0;337;0;0;337;337
2018-08-13T05:45;2018-08-13T06:00;24;kWh;0;2028;0;0;2028;2028
2018-08-13T06:00;2018-08-13T06:15;25;kWh;0;19933;0;0;19933;19933
2018-08-13T06:15;2018-08-13T06:30;26;kWh;0;43064;0;0;43064;43064
2018-08-13T06:30;2018-08-13T06:45;27;kWh;0;22518;0;0;22518;22518
2018-08-13T06:45;2018-08-13T07:00;28;kWh;0;495;0;0;495;495
2018-08-13T07:00;2018-08-13T07:15;29;kWh;0;393;0;0;393;393
2018-08-13T07:15;2018-08-13T07:30;30;kWh;0;58;0;0;58;58
2018-08-13T07:30;2018-08-13T07:45;31;kWh;0;2286;0;0;2286;2286
2018-08-13T07:45;2018-08-13T08:00;32;kWh;0;48452;0;0;48452;48452
2018-08-13T08:00;2018-08-13T08:15;33;kWh;-3749;12279;0;0;16028;8530
2018-08-13T08:15;2018-08-13T08:30;34;kWh;-1074;42;0;0;1116;-1032
2018-08-13T08:30;2018-08-13T08:45;35;kWh;0;7212;0;0;7212;7212
2018-08-13T08:45;2018-08-13T09:00;36;kWh;0;27228;0;0;27228;27228
2018-08-13T09:00;2018-08-13T09:15;37;kWh;0;9560;0;0;9560;9560
2018-08-13T09:15;2018-08-13T09:30;38;kWh;0;15255;0;0;15255;15255
2018-08-13T09:30;2018-08-13T09:45;39;kWh;0;15768;0;0;15768;15768
2018-08-13T09:45;2018-08-13T10:00;40;kWh;0;17653;0;0;17653;17653
2018-08-13T10:00;2018-08-13T10:15;41;kWh;0;10529;0;0;10529;10529
2018-08-13T10:15;2018-08-13T10:30;42;kWh;0;3530;0;0;3530;3530
2018-08-13T10:30;2018-08-13T10:45;43;kWh;0;31997;0;0;31997;31997
2018-08-13T10:45;2018-08-13T11:00;44;kWh;0;40101;0;0;40101;40101
2018-08-13T11:00;2018-08-13T11:15;45;kWh;0;18185;0;0;18185;18185
2018-08-13T11:15;2018-08-13T11:30;46;kWh;0;7347;0;0;7347;7347
2018-08-13T11:30;2018-08-13T11:45;47;kWh;0;6578;0;0;6578;6578
2018-08-13T11:45;2018-08-13T12:00;48;kWh;0;2132;0;0;2132;2132
2018-08-13T12:00;2018-08-13T12:15;49;kWh;0;3513;0;0;3513;3513
2018-08-13T12:15;2018-08-13T12:30;50;kWh;0;3012;0;0;3012;3012
2018-08-13T12:30;2018-08-13T12:45;51;kWh;0;800;0;0;800;800
2018-08-13T12:45;2018-08-13T13:00;52;kWh;0;403;0;0;403;403
2018-08-13T13:00;2018-08-13T13:15;53;kWh;0;27334;0;0;27334;27334
2018-08-13T13:15;2018-08-13T13:30;54;kWh;0;27456;0;0;27456;27456
2018-08-13T13:30;2018-08-13T13:45;55;kWh;0;42;0;0;42;42
2018-08-13T13:45;2018-08-13T14:00;56;kWh;0;13729;0;0;13729;13729
2018-08-13T14:00;2018-08-13T14:15;57;kWh;0;74250;0;0;74250;74250
2018-08-13T14:15;2018-08-13T14:30;58;kWh;0;81413;0;18334;99747;99747
2018-08-13T14:30;2018-08-13T14:45;59;kWh;0;12509;0;9167;21676;21676
2018-08-13T14:45;2018-08-13T15:00;60;kWh;0;17468;0;0;17468;17468
2018-08-13T15:00;2018-08-13T15:15;61;kWh;0;42967;0;0;42967;42967
2018-08-13T15:15;2018-08-13T15:30;62;kWh;0;66130;0;0;66130;66130
2018-08-13T15:30;2018-08-13T15:45;63;kWh;0;76299;0;0;76299;76299
2018-08-13T15:45;2018-08-13T16:00;64;kWh;0;69705;0;0;69705;69705
2018-08-13T16:00;2018-08-13T16:15;65;kWh;-672;10254;0;0;10926;9582
2018-08-13T16:15;2018-08-13T16:30;66;kWh;0;12152;0;0;12152;12152
2018-08-13T16:30;2018-08-13T16:45;67;kWh;0;20581;0;0;20581;20581
2018-08-13T16:45;2018-08-13T17:00;68;kWh;-52;19871;0;0;19923;19819
2018-08-13T17:00;2018-08-13T17:15;69;kWh;-14416;1989;0;0;16405;-12427
2018-08-13T17:15;2018-08-13T17:30;70;kWh;-9719;0;0;0;9719;-9719
2018-08-13T17:30;2018-08-13T17:45;71;kWh;-600;0;0;0;600;-600
2018-08-13T17:45;2018-08-13T18:00;72;kWh;0;1291;0;0;1291;1291
2018-08-13T18:00;2018-08-13T18:15;73;kWh;0;38552;0;0;38552;38552
2018-08-13T18:15;2018-08-13T18:30;74;kWh;0;22430;0;0;22430;22430
2018-08-13T18:30;2018-08-13T18:45;75;kWh;0;11106;0;0;11106;11106
2018-08-13T18:45;2018-08-13T19:00;76;kWh;0;11204;0;0;11204;11204
2018-08-13T19:00;2018-08-13T19:15;77;kWh;0;1335;0;0;1335;1335
2018-08-13T19:15;2018-08-13T19:30;78;kWh;0;0;0;0;0;0
2018-08-13T19:30;2018-08-13T19:45;79;kWh;0;0;0;0;0;0
2018-08-13T19:45;2018-08-13T20:00;80;kWh;0;23;0;0;23;23
2018-08-13T20:00;2018-08-13T20:15;81;kWh;0;9692;0;0;9692;9692
2018-08-13T20:15;2018-08-13T20:30;82;kWh;0;16162;0;0;16162;16162
2018-08-13T20:30;2018-08-13T20:45;83;kWh;0;12251;0;0;12251;12251
2018-08-13T20:45;2018-08-13T21:00;84;kWh;0;2474;0;0;2474;2474
2018-08-13T21:00;2018-08-13T21:15;85;kWh;0;0;0;0;0;0
2018-08-13T21:15;2018-08-13T21:30;86;kWh;0;0;0;0;0;0
2018-08-13T21:30;2018-08-13T21:45;87;kWh;0;345;0;0;345;345
2018-08-13T21:45;2018-08-13T22:00;88;kWh;0;510;0;0;510;510
2018-08-13T22:00;2018-08-13T22:15;89;kWh;0;330;0;0;330;330
2018-08-13T22:15;2018-08-13T22:30;90;kWh;0;0;0;0;0;0
2018-08-13T22:30;2018-08-13T22:45;91;kWh;0;0;0;0;0;0
2018-08-13T22:45;2018-08-13T23:00;92;kWh;-284;0;0;0;284;-284
2018-08-13T23:00;2018-08-13T23:15;93;kWh;-2544;3724;0;0;6268;1180
2018-08-13T23:15;2018-08-13T23:30;94;kWh;0;17143;0;0;17143;17143
2018-08-13T23:30;2018-08-13T23:45;95;kWh;0;210;0;0;210;210
2018-08-13T23:45;2018-08-14T00:00;96;kWh;-1566;0;0;0;1566;-1566
2018-08-14T00:00;2018-08-14T00:15;1;kWh;-3469;0;0;0;3469;-3469
2018-08-14T00:15;2018-08-14T00:30;2;kWh;-8109;0;0;0;8109;-8109
2018-08-14T00:30;2018-08-14T00:45;3;kWh;-16730;0;0;0;16730;-16730
2018-08-14T00:45;2018-08-14T01:00;4;kWh;-65421;0;0;0;65421;-65421
2018-08-14T01:00;2018-08-14T01:15;5;kWh;-35610;116;0;0;35726;-35494
2018-08-14T01:15;2018-08-14T01:30;6;kWh;-4208;198;0;0;4406;-4010
2018-08-14T01:30;2018-08-14T01:45;7;kWh;-44087;0;0;0;44087;-44087
2018-08-14T01:45;2018-08-14T02:00;8;kWh;-71789;0;0;0;71789;-71789
2018-08-14T02:00;2018-08-14T02:15;9;kWh;-34044;48;0;0;34092;-33996
2018-08-14T02:15;2018-08-14T02:30;10;kWh;-1376;0;0;0;1376;-1376
2018-08-14T02:30;2018-08-14T02:45;11;kWh;-13335;0;0;0;13335;-13335
2018-08-14T02:45;2018-08-14T03:00;12;kWh;-3467;0;0;0;3467;-3467
2018-08-14T03:00;2018-08-14T03:15;13;kWh;0;8162;0;0;8162;8162
2018-08-14T03:15;2018-08-14T03:30;14;kWh;0;15127;0;0;15127;15127
2018-08-14T03:30;2018-08-14T03:45;15;kWh;-1107;1867;0;0;2974;760
2018-08-14T03:45;2018-08-14T04:00;16;kWh;-8807;0;0;0;8807;-8807
2018-08-14T04:00;2018-08-14T04:15;17;kWh;-2547;0;0;0;2547;-2547
2018-08-14T04:15;2018-08-14T04:30;18;kWh;0;0;0;0;0;0
2018-08-14T04:30;2018-08-14T04:45;19;kWh;0;0;0;0;0;0
2018-08-14T04:45;2018-08-14T05:00;20;kWh;0;0;0;0;0;0
2018-08-14T05:00;2018-08-14T05:15;21;kWh;-31509;0;0;0;31509;-31509
2018-08-14T05:15;2018-08-14T05:30;22;kWh;-84020;0;0;0;84020;-84020
2018-08-14T05:30;2018-08-14T05:45;23;kWh;-44173;0;0;0;44173;-44173
2018-08-14T05:45;2018-08-14T06:00;24;kWh;-3106;0;0;0;3106;-3106
2018-08-14T06:00;2018-08-14T06:15;25;kWh;-7673;0;0;0;7673;-7673
2018-08-14T06:15;2018-08-14T06:30;26;kWh;-39454;0;0;0;39454;-39454
2018-08-14T06:30;2018-08-14T06:45;27;kWh;-30440;0;0;0;30440;-30440
2018-08-14T06:45;2018-08-14T07:00;28;kWh;-3477;0;0;0;3477;-3477
2018-08-14T07:00;2018-08-14T07:15;29;kWh;-28602;0;0;0;28602;-28602
2018-08-14T07:15;2018-08-14T07:30;30;kWh;-4753;0;0;0;4753;-4753
2018-08-14T07:30;2018-08-14T07:45;31;kWh;0;997;0;0;997;997
2018-08-14T07:45;2018-08-14T08:00;32;kWh;0;5606;0;0;5606;5606
2018-08-14T08:00;2018-08-14T08:15;33;kWh;-7448;421;0;0;7869;-7027
2018-08-14T08:15;2018-08-14T08:30;34;kWh;-30699;0;0;0;30699;-30699
2018-08-14T08:30;2018-08-14T08:45;35;kWh;-16243;0;0;0;16243;-16243
2018-08-14T08:45;2018-08-14T09:00;36;kWh;-24336;0;0;0;24336;-24336
2018-08-14T09:00;2018-08-14T09:15;37;kWh;-46623;0;0;0;46623;-46623
2018-08-14T09:15;2018-08-14T09:30;38;kWh;-47151;0;0;0;47151;-47151
2018-08-14T09:30;2018-08-14T09:45;39;kWh;-52931;0;0;0;52931;-52931
2018-08-14T09:45;2018-08-14T10:00;40;kWh;-48550;0;0;0;48550;-48550
2018-08-14T10:00;2018-08-14T10:15;41;kWh;-15581;1918;0;0;17499;-13663
2018-08-14T10:15;2018-08-14T10:30;42;kWh;0;0;0;0;0;0
2018-08-14T10:30;2018-08-14T10:45;43;kWh;-9753;0;0;0;9753;-9753
2018-08-14T10:45;2018-08-14T11:00;44;kWh;-33485;0;0;0;33485;-33485
2018-08-14T11:00;2018-08-14T11:15;45;kWh;-9703;866;0;0;10569;-8837
2018-08-14T11:15;2018-08-14T11:30;46;kWh;0;2;0;0;2;2
2018-08-14T11:30;2018-08-14T11:45;47;kWh;-1199;0;0;0;1199;-1199
2018-08-14T11:45;2018-08-14T12:00;48;kWh;-3283;0;0;0;3283;-3283
2018-08-14T12:00;2018-08-14T12:15;49;kWh;-789;36069;0;0;36858;35280
2018-08-14T12:15;2018-08-14T12:30;50;kWh;0;36074;0;0;36074;36074
2018-08-14T12:30;2018-08-14T12:45;51;kWh;0;31313;0;0;31313;31313
2018-08-14T12:45;2018-08-14T13:00;52;kWh;0;29157;0;0;29157;29157
2018-08-14T13:00;2018-08-14T13:15;53;kWh;0;5216;0;0;5216;5216
2018-08-14T13:15;2018-08-14T13:30;54;kWh;0;46481;0;0;46481;46481
2018-08-14T13:30;2018-08-14T13:45;55;kWh;0;21740;0;0;21740;21740
2018-08-14T13:45;2018-08-14T14:00;56;kWh;-19;13005;0;0;13024;12986
2018-08-14T14:00;2018-08-14T14:15;57;kWh;-24696;632;0;0;25328;-24064
2018-08-14T14:15;2018-08-14T14:30;58;kWh;-30334;0;0;0;30334;-30334
2018-08-14T14:30;2018-08-14T14:45;59;kWh;-47792;0;0;0;47792;-47792
2018-08-14T14:45;2018-08-14T15:00;60;kWh;-42130;0;0;0;42130;-42130
2018-08-14T15:00;2018-08-14T15:15;61;kWh;-20936;0;0;0;20936;-20936
2018-08-14T15:15;2018-08-14T15:30;62;kWh;-669;0;0;0;669;-669
2018-08-14T15:30;2018-08-14T15:45;63;kWh;-20985;0;0;0;20985;-20985
2018-08-14T15:45;2018-08-14T16:00;64;kWh;-7606;786;0;0;8392;-6820
2018-08-14T16:00;2018-08-14T16:15;65;kWh;-3582;0;0;0;3582;-3582
2018-08-14T16:15;2018-08-14T16:30;66;kWh;-460;0;0;0;460;-460
2018-08-14T16:30;2018-08-14T16:45;67;kWh;0;0;0;0;0;0
2018-08-14T16:45;2018-08-14T17:00;68;kWh;0;0;0;0;0;0
2018-08-14T17:00;2018-08-14T17:15;69;kWh;0;30993;0;0;30993;30993
2018-08-14T17:15;2018-08-14T17:30;70;kWh;0;29012;0;0;29012;29012
2018-08-14T17:30;2018-08-14T17:45;71;kWh;0;58717;0;0;58717;58717
2018-08-14T17:45;2018-08-14T18:00;72;kWh;0;58913;0;0;58913;58913
2018-08-14T18:00;2018-08-14T18:15;73;kWh;-181;17540;0;0;17721;17359
2018-08-14T18:15;2018-08-14T18:30;74;kWh;0;544;0;0;544;544
2018-08-14T18:30;2018-08-14T18:45;75;kWh;0;8348;0;0;8348;8348
2018-08-14T18:45;2018-08-14T19:00;76;kWh;0;18980;0;0;18980;18980
2018-08-14T19:00;2018-08-14T19:15;77;kWh;0;58345;0;0;58345;58345
2018-08-14T19:15;2018-08-14T19:30;78;kWh;0;77976;0;0;77976;77976
2018-08-14T19:30;2018-08-14T19:45;79;kWh;0;46296;0;0;46296;46296
2018-08-14T19:45;2018-08-14T20:00;80;kWh;0;13821;0;0;13821;13821
2018-08-14T20:00;2018-08-14T20:15;81;kWh;0;13508;0;0;13508;13508
2018-08-14T20:15;2018-08-14T20:30;82;kWh;0;0;0;0;0;0
2018-08-14T20:30;2018-08-14T20:45;83;kWh;0;0;0;0;0;0
2018-08-14T20:45;2018-08-14T21:00;84;kWh;0;0;0;0;0;0
2018-08-14T21:00;2018-08-14T21:15;85;kWh;0;945;0;0;945;945
2018-08-14T21:15;2018-08-14T21:30;86;kWh;0;31566;0;0;31566;31566
2018-08-14T21:30;2018-08-14T21:45;87;kWh;0;29642;0;0;29642;29642
2018-08-14T21:45;2018-08-14T22:00;88;kWh;0;9881;0;0;9881;9881
2018-08-14T22:00;2018-08-14T22:15;89;kWh;0;15710;0;0;15710;15710
2018-08-14T22:15;2018-08-14T22:30;90;kWh;-251;9226;0;0;9477;8975
2018-08-14T22:30;2018-08-14T22:45;91;kWh;-2326;26;0;0;2352;-2300
2018-08-14T22:45;2018-08-14T23:00;92;kWh;-19468;0;0;0;19468;-19468
2018-08-14T23:00;2018-08-14T23:15;93;kWh;-11384;3148;0;0;14532;-8236
2018-08-14T23:15;2018-08-14T23:30;94;kWh;-840;1136;0;0;1976;296
2018-08-14T23:30;2018-08-14T23:45;95;kWh;-4942;0;0;0;4942;-4942
2018-08-14T23:45;2018-08-15T00:00;96;kWh;-27393;0;0;0;27393;-27393
2018-08-15T00:00;2018-08-15T00:15;1;kWh;-10005;7345;0;0;17350;-2660
2018-08-15T00:15;2018-08-15T00:30;2;kWh;0;14304;0;0;14304;14304
2018-08-15T00:30;2018-08-15T00:45;3;kWh;-5339;668;0;0;6007;-4671
2018-08-15T00:45;2018-08-15T01:00;4;kWh;-31404;0;0;0;31404;-31404
2018-08-15T01:00;2018-08-15T01:15;5;kWh;-17052;7421;0;0;24473;-9631
2018-08-15T01:15;2018-08-15T01:30;6;kWh;-43;19010;0;0;19053;18967
2018-08-15T01:30;2018-08-15T01:45;7;kWh;0;7559;0;0;7559;7559
2018-08-15T01:45;2018-08-15T02:00;8;kWh;-463;2435;0;0;2898;1972
2018-08-15T02:00;2018-08-15T02:15;9;kWh;-152;20484;0;0;20636;20332
2018-08-15T02:15;2018-08-15T02:30;10;kWh;0;40607;0;0;40607;40607
2018-08-15T02:30;2018-08-15T02:45;11;kWh;0;29662;0;0;29662;29662
2018-08-15T02:45;2018-08-15T03:00;12;kWh;0;21522;0;0;21522;21522
2018-08-15T03:00;2018-08-15T03:15;13;kWh;0;2859;0;0;2859;2859
2018-08-15T03:15;2018-08-15T03:30;14;kWh;0;114;0;0;114;114
2018-08-15T03:30;2018-08-15T03:45;15;kWh;0;51;0;0;51;51
2018-08-15T03:45;2018-08-15T04:00;16;kWh;0;250;0;0;250;250
2018-08-15T04:00;2018-08-15T04:15;17;kWh;0;250;0;0;250;250
2018-08-15T04:15;2018-08-15T04:30;18;kWh;0;1944;0;0;1944;1944
2018-08-15T04:30;2018-08-15T04:45;19;kWh;0;3717;0;0;3717;3717
2018-08-15T04:45;2018-08-15T05:00;20;kWh;0;24299;0;0;24299;24299
2018-08-15T05:00;2018-08-15T05:15;21;kWh;-461;14855;0;0;15316;14394
2018-08-15T05:15;2018-08-15T05:30;22;kWh;-1242;1904;0;0;3146;662
2018-08-15T05:30;2018-08-15T05:45;23;kWh;0;22436;0;0;22436;22436
2018-08-15T05:45;2018-08-15T06:00;24;kWh;0;37056;0;0;37056;37056
2018-08-15T06:00;2018-08-15T06:15;25;kWh;-216;16555;0;0;16771;16339
2018-08-15T06:15;2018-08-15T06:30;26;kWh;0;0;0;0;0;0
2018-08-15T06:30;2018-08-15T06:45;27;kWh;0;7727;0;0;7727;7727
2018-08-15T06:45;2018-08-15T07:00;28;kWh;0;25484;0;0;25484;25484
2018-08-15T07:00;2018-08-15T07:15;29;kWh;-3904;8784;0;0;12688;4880
2018-08-15T07:15;2018-08-15T07:30;30;kWh;-4291;1156;0;0;5447;-3135
2018-08-15T07:30;2018-08-15T07:45;31;kWh;0;32055;0;0;32055;32055
2018-08-15T07:45;2018-08-15T08:00;32;kWh;0;49316;0;0;49316;49316
2018-08-15T08:00;2018-08-15T08:15;33;kWh;-340;12533;0;0;12873;12193
2018-08-15T08:15;2018-08-15T08:30;34;kWh;0;26434;0;0;26434;26434
2018-08-15T08:30;2018-08-15T08:45;35;kWh;0;51332;0;0;51332;51332
2018-08-15T08:45;2018-08-15T09:00;36;kWh;0;53562;0;0;53562;53562
2018-08-15T09:00;2018-08-15T09:15;37;kWh;0;40778;0;0;40778;40778
2018-08-15T09:15;2018-08-15T09:30;38;kWh;0;37412;0;0;37412;37412
2018-08-15T09:30;2018-08-15T09:45;39;kWh;0;52416;0;0;52416;52416
2018-08-15T09:45;2018-08-15T10:00;40;kWh;0;31435;0;0;31435;31435
2018-08-15T10:00;2018-08-15T10:15;41;kWh;-1134;7975;0;0;9109;6841
2018-08-15T10:15;2018-08-15T10:30;42;kWh;0;0;0;0;0;0
2018-08-15T10:30;2018-08-15T10:45;43;kWh;0;0;0;0;0;0
2018-08-15T10:45;2018-08-15T11:00;44;kWh;0;0;0;0;0;0
2018-08-15T11:00;2018-08-15T11:15;45;kWh;0;2678;0;0;2678;2678
2018-08-15T11:15;2018-08-15T11:30;46;kWh;0;1974;0;0;1974;1974
2018-08-15T11:30;2018-08-15T11:45;47;kWh;0;4306;0;0;4306;4306
2018-08-15T11:45;2018-08-15T12:00;48;kWh;0;2606;0;0;2606;2606
2018-08-15T12:00;2018-08-15T12:15;49;kWh;0;28637;0;0;28637;28637
2018-08-15T12:15;2018-08-15T12:30;50;kWh;0;32274;0;0;32274;32274
2018-08-15T12:30;2018-08-15T12:45;51;kWh;0;9939;0;0;9939;9939
2018-08-15T12:45;2018-08-15T13:00;52;kWh;0;1233;0;0;1233;1233
2018-08-15T13:00;2018-08-15T13:15;53;kWh;0;10198;0;0;10198;10198
2018-08-15T13:15;2018-08-15T13:30;54;kWh;0;20104;0;0;20104;20104
2018-08-15T13:30;2018-08-15T13:45;55;kWh;0;20044;0;0;20044;20044
2018-08-15T13:45;2018-08-15T14:00;56;kWh;0;46232;0;0;46232;46232
2018-08-15T14:00;2018-08-15T14:15;57;kWh;0;30587;0;0;30587;30587
2018-08-15T14:15;2018-08-15T14:30;58;kWh;0;26743;0;0;26743;26743
2018-08-15T14:30;2018-08-15T14:45;59;kWh;0;18096;0;0;18096;18096
2018-08-15T14:45;2018-08-15T15:00;60;kWh;0;18871;0;0;18871;18871
2018-08-15T15:00;2018-08-15T15:15;61;kWh;0;37811;0;0;37811;37811
2018-08-15T15:15;2018-08-15T15:30;62;kWh;0;50513;0;0;50513;50513
2018-08-15T15:30;2018-08-15T15:45;63;kWh;0;43447;0;0;43447;43447
2018-08-15T15:45;2018-08-15T16:00;64;kWh;0;38772;0;0;38772;38772
2018-08-15T16:00;2018-08-15T16:15;65;kWh;0;44875;0;0;44875;44875
2018-08-15T16:15;2018-08-15T16:30;66;kWh;0;32821;0;0;32821;32821
2018-08-15T16:30;2018-08-15T16:45;67;kWh;-514;13682;0;0;14196;13168
2018-08-15T16:45;2018-08-15T17:00;68;kWh;-111;1693;0;0;1804;1582
2018-08-15T17:00;2018-08-15T17:15;69;kWh;-71;17480;0;0;17551;17409
2018-08-15T17:15;2018-08-15T17:30;70;kWh;-3671;3241;0;0;6912;-430
2018-08-15T17:30;2018-08-15T17:45;71;kWh;0;11148;0;0;11148;11148
2018-08-15T17:45;2018-08-15T18:00;72;kWh;-1200;2282;0;0;3482;1082
2018-08-15T18:00;2018-08-15T18:15;73;kWh;-2737;0;0;0;2737;-2737
2018-08-15T18:15;2018-08-15T18:30;74;kWh;-14653;0;0;0;14653;-14653
2018-08-15T18:30;2018-08-15T18:45;75;kWh;-13897;0;0;0;13897;-13897
2018-08-15T18:45;2018-08-15T19:00;76;kWh;-1584;472;0;0;2056;-1112
2018-08-15T19:00;2018-08-15T19:15;77;kWh;0;608;0;0;608;608
2018-08-15T19:15;2018-08-15T19:30;78;kWh;0;11158;0;0;11158;11158
2018-08-15T19:30;2018-08-15T19:45;79;kWh;0;15673;0;0;15673;15673
2018-08-15T19:45;2018-08-15T20:00;80;kWh;0;3597;0;0;3597;3597
2018-08-15T20:00;2018-08-15T20:15;81;kWh;0;6492;0;0;6492;6492
2018-08-15T20:15;2018-08-15T20:30;82;kWh;0;2280;0;0;2280;2280
2018-08-15T20:30;2018-08-15T20:45;83;kWh;0;104;0;0;104;104
2018-08-15T20:45;2018-08-15T21:00;84;kWh;0;118;0;0;118;118
2018-08-15T21:00;2018-08-15T21:15;85;kWh;0;0;0;0;0;0
2018-08-15T21:15;2018-08-15T21:30;86;kWh;0;13932;0;0;13932;13932
2018-08-15T21:30;2018-08-15T21:45;87;kWh;0;26189;0;0;26189;26189
2018-08-15T21:45;2018-08-15T22:00;88;kWh;0;6015;0;0;6015;6015
2018-08-15T22:00;2018-08-15T22:15;89;kWh;0;300;0;0;300;300
2018-08-15T22:15;2018-08-15T22:30;90;kWh;0;429;0;0;429;429
2018-08-15T22:30;2018-08-15T22:45;91;kWh;0;761;0;0;761;761
2018-08-15T22:45;2018-08-15T23:00;92;kWh;-4759;0;0;0;4759;-4759
2018-08-15T23:00;2018-08-15T23:15;93;kWh;-11405;2973;0;0;14378;-8432
2018-08-15T23:15;2018-08-15T23:30;94;kWh;-2435;7856;0;0;10291;5421
2018-08-15T23:30;2018-08-15T23:45;95;kWh;-7273;0;0;0;7273;-7273
2018-08-15T23:45;2018-08-16T00:00;96;kWh;-51944;0;0;0;51944;-51944
2018-08-16T00:00;2018-08-16T00:15;1;kWh;-34330;0;0;0;34330;-34330
2018-08-16T00:15;2018-08-16T00:30;2;kWh;0;0;0;0;0;0
2018-08-16T00:30;2018-08-16T00:45;3;kWh;-3340;0;0;0;3340;-3340
2018-08-16T00:45;2018-08-16T01:00;4;kWh;-58859;0;0;0;58859;-58859
2018-08-16T01:00;2018-08-16T01:15;5;kWh;-17930;0;0;0;17930;-17930
2018-08-16T01:15;2018-08-16T01:30;6;kWh;-2822;0;0;0;2822;-2822
2018-08-16T01:30;2018-08-16T01:45;7;kWh;-7410;0;0;0;7410;-7410
2018-08-16T01:45;2018-08-16T02:00;8;kWh;-36793;0;0;0;36793;-36793
2018-08-16T02:00;2018-08-16T02:15;9;kWh;-16220;0;0;0;16220;-16220
2018-08-16T02:15;2018-08-16T02:30;10;kWh;-482;0;0;0;482;-482
2018-08-16T02:30;2018-08-16T02:45;11;kWh;-2398;0;0;0;2398;-2398
2018-08-16T02:45;2018-08-16T03:00;12;kWh;-11444;0;0;0;11444;-11444
2018-08-16T03:00;2018-08-16T03:15;13;kWh;-7241;0;0;0;7241;-7241
2018-08-16T03:15;2018-08-16T03:30;14;kWh;-63;0;0;0;63;-63
2018-08-16T03:30;2018-08-16T03:45;15;kWh;-4339;0;0;0;4339;-4339
2018-08-16T03:45;2018-08-16T04:00;16;kWh;-40570;0;0;0;40570;-40570
2018-08-16T04:00;2018-08-16T04:15;17;kWh;-30360;0;0;0;30360;-30360
2018-08-16T04:15;2018-08-16T04:30;18;kWh;-915;0;0;0;915;-915
2018-08-16T04:30;2018-08-16T04:45;19;kWh;0;0;0;0;0;0
2018-08-16T04:45;2018-08-16T05:00;20;kWh;0;0;0;0;0;0
2018-08-16T05:00;2018-08-16T05:15;21;kWh;0;0;0;0;0;0
2018-08-16T05:15;2018-08-16T05:30;22;kWh;0;0;0;0;0;0
2018-08-16T05:30;2018-08-16T05:45;23;kWh;0;0;0;0;0;0
2018-08-16T05:45;2018-08-16T06:00;24;kWh;0;0;0;0;0;0
2018-08-16T06:00;2018-08-16T06:15;25;kWh;-2717;52;0;0;2769;-2665
2018-08-16T06:15;2018-08-16T06:30;26;kWh;-16316;0;0;0;16316;-16316
2018-08-16T06:30;2018-08-16T06:45;27;kWh;-255;1129;0;0;1384;874
2018-08-16T06:45;2018-08-16T07:00;28;kWh;0;2625;0;0;2625;2625
2018-08-16T07:00;2018-08-16T07:15;29;kWh;-16968;24;0;0;16992;-16944
2018-08-16T07:15;2018-08-16T07:30;30;kWh;-16047;0;0;0;16047;-16047
2018-08-16T07:30;2018-08-16T07:45;31;kWh;-444;53;0;0;497;-391
2018-08-16T07:45;2018-08-16T08:00;32;kWh;0;1679;0;0;1679;1679
2018-08-16T08:00;2018-08-16T08:15;33;kWh;-54;388;0;0;442;334
2018-08-16T08:15;2018-08-16T08:30;34;kWh;0;0;0;0;0;0
2018-08-16T08:30;2018-08-16T08:45;35;kWh;0;0;0;0;0;0
2018-08-16T08:45;2018-08-16T09:00;36;kWh;0;0;0;0;0;0
2018-08-16T09:00;2018-08-16T09:15;37;kWh;0;1003;0;0;1003;1003
2018-08-16T09:15;2018-08-16T09:30;38;kWh;0;1715;0;0;1715;1715
2018-08-16T09:30;2018-08-16T09:45;39;kWh;0;2741;0;0;2741;2741
2018-08-16T09:45;2018-08-16T10:00;40;kWh;0;0;0;0;0;0
2018-08-16T10:00;2018-08-16T10:15;41;kWh;0;0;0;0;0;0
2018-08-16T10:15;2018-08-16T10:30;42;kWh;-55;0;0;0;55;-55
2018-08-16T10:30;2018-08-16T10:45;43;kWh;-1104;0;0;0;1104;-1104
2018-08-16T10:45;2018-08-16T11:00;44;kWh;-490;0;0;0;490;-490
2018-08-16T11:00;2018-08-16T11:15;45;kWh;-11;2414;0;0;2425;2403
2018-08-16T11:15;2018-08-16T11:30;46;kWh;0;17500;0;0;17500;17500
2018-08-16T11:30;2018-08-16T11:45;47;kWh;0;46877;0;0;46877;46877
2018-08-16T11:45;2018-08-16T12:00;48;kWh;0;67940;0;0;67940;67940
2018-08-16T12:00;2018-08-16T12:15;49;kWh;0;60504;0;0;60504;60504
2018-08-16T12:15;2018-08-16T12:30;50;kWh;0;9006;0;0;9006;9006
2018-08-16T12:30;2018-08-16T12:45;51;kWh;0;12205;0;0;12205;12205
2018-08-16T12:45;2018-08-16T13:00;52;kWh;0;13953;0;0;13953;13953
2018-08-16T13:00;2018-08-16T13:15;53;kWh;0;1401;0;0;1401;1401
2018-08-16T13:15;2018-08-16T13:30;54;kWh;0;594;0;0;594;594
2018-08-16T13:30;2018-08-16T13:45;55;kWh;0;0;0;0;0;0
2018-08-16T13:45;2018-08-16T14:00;56;kWh;0;0;0;0;0;0
2018-08-16T14:00;2018-08-16T14:15;57;kWh;0;0;0;0;0;0
2018-08-16T14:15;2018-08-16T14:30;58;kWh;0;0;0;0;0;0
2018-08-16T14:30;2018-08-16T14:45;59;kWh;0;0;0;0;0;0
2018-08-16T14:45;2018-08-16T15:00;60;kWh;0;0;0;0;0;0
2018-08-16T15:00;2018-08-16T15:15;61;kWh;0;1076;0;0;1076;1076
2018-08-16T15:15;2018-08-16T15:30;62;kWh;-5806;0;0;0;5806;-5806
2018-08-16T15:30;2018-08-16T15:45;63;kWh;-4758;0;0;0;4758;-4758
2018-08-16T15:45;2018-08-16T16:00;64;kWh;-291;0;0;0;291;-291
2018-08-16T16:00;2018-08-16T16:15;65;kWh;0;394;0;0;394;394
2018-08-16T16:15;2018-08-16T16:30;66;kWh;0;4784;0;0;4784;4784
2018-08-16T16:30;2018-08-16T16:45;67;kWh;0;25610;0;0;25610;25610
2018-08-16T16:45;2018-08-16T17:00;68;kWh;0;80515;0;0;80515;80515
2018-08-16T17:00;2018-08-16T17:15;69;kWh;0;51519;0;0;54019;54019
2018-08-16T17:15;2018-08-16T17:30;70;kWh;-2;2705;0;0;2707;2703
2018-08-16T17:30;2018-08-16T17:45;71;kWh;0;39901;0;0;39901;39901
2018-08-16T17:45;2018-08-16T18:00;72;kWh;0;25572;0;0;25572;25572
2018-08-16T18:00;2018-08-16T18:15;73;kWh;-770;3138;0;0;3908;2368
2018-08-16T18:15;2018-08-16T18:30;74;kWh;0;0;0;0;0;0
2018-08-16T18:30;2018-08-16T18:45;75;kWh;0;0;0;0;0;0
2018-08-16T18:45;2018-08-16T19:00;76;kWh;0;87;0;0;87;87
2018-08-16T19:00;2018-08-16T19:15;77;kWh;0;211;0;0;211;211
2018-08-16T19:15;2018-08-16T19:30;78;kWh;0;15031;0;0;15031;15031
2018-08-16T19:30;2018-08-16T19:45;79;kWh;0;17920;0;0;17920;17920
2018-08-16T19:45;2018-08-16T20:00;80;kWh;0;9139;0;0;9139;9139
2018-08-16T20:00;2018-08-16T20:15;81;kWh;0;11752;0;0;11752;11752
2018-08-16T20:15;2018-08-16T20:30;82;kWh;0;1680;0;0;1680;1680
2018-08-16T20:30;2018-08-16T20:45;83;kWh;0;0;0;0;0;0
2018-08-16T20:45;2018-08-16T21:00;84;kWh;0;451;0;0;451;451
2018-08-16T21:00;2018-08-16T21:15;85;kWh;0;5188;0;0;5188;5188
2018-08-16T21:15;2018-08-16T21:30;86;kWh;0;36703;0;0;36703;36703
2018-08-16T21:30;2018-08-16T21:45;87;kWh;0;21935;0;0;21935;21935
2018-08-16T21:45;2018-08-16T22:00;88;kWh;-464;2194;0;0;2658;1730
2018-08-16T22:00;2018-08-16T22:15;89;kWh;-856;1978;0;0;2834;1122
2018-08-16T22:15;2018-08-16T22:30;90;kWh;-10688;28;0;0;10716;-10660
2018-08-16T22:30;2018-08-16T22:45;91;kWh;-41993;0;0;0;41993;-41993
2018-08-16T22:45;2018-08-16T23:00;92;kWh;-45612;0;0;0;45612;-45612
2018-08-16T23:00;2018-08-16T23:15;93;kWh;-32562;0;0;0;32562;-32562
2018-08-16T23:15;2018-08-16T23:30;94;kWh;-195;7;0;0;202;-188
2018-08-16T23:30;2018-08-16T23:45;95;kWh;-632;0;0;0;632;-632
2018-08-16T23:45;2018-08-17T00:00;96;kWh;-4950;0;0;0;4950;-4950
2018-08-17T00:00;2018-08-17T00:15;1;kWh;-4861;0;0;0;4861;-4861
2018-08-17T00:15;2018-08-17T00:30;2;kWh;0;0;0;0;0;0
2018-08-17T00:30;2018-08-17T00:45;3;kWh;0;42;0;0;42;42
2018-08-17T00:45;2018-08-17T01:00;4;kWh;0;1348;0;0;1348;1348
2018-08-17T01:00;2018-08-17T01:15;5;kWh;0;425;0;0;425;425
2018-08-17T01:15;2018-08-17T01:30;6;kWh;0;1543;0;0;1543;1543
2018-08-17T01:30;2018-08-17T01:45;7;kWh;0;40;0;0;40;40
2018-08-17T01:45;2018-08-17T02:00;8;kWh;-4346;0;0;0;4346;-4346
2018-08-17T02:00;2018-08-17T02:15;9;kWh;-689;6524;0;0;7213;5835
2018-08-17T02:15;2018-08-17T02:30;10;kWh;0;20651;0;0;20651;20651
2018-08-17T02:30;2018-08-17T02:45;11;kWh;-1023;2906;0;0;3929;1883
2018-08-17T02:45;2018-08-17T03:00;12;kWh;-4186;0;0;0;4186;-4186
2018-08-17T03:00;2018-08-17T03:15;13;kWh;-1769;454;0;0;2223;-1315
2018-08-17T03:15;2018-08-17T03:30;14;kWh;0;1184;0;0;1184;1184
2018-08-17T03:30;2018-08-17T03:45;15;kWh;0;2310;0;0;2310;2310
2018-08-17T03:45;2018-08-17T04:00;16;kWh;0;923;0;0;923;923
2018-08-17T04:00;2018-08-17T04:15;17;kWh;0;1442;0;0;1442;1442
2018-08-17T04:15;2018-08-17T04:30;18;kWh;0;25429;0;0;25429;25429
2018-08-17T04:30;2018-08-17T04:45;19;kWh;0;30384;0;0;30384;30384
2018-08-17T04:45;2018-08-17T05:00;20;kWh;0;14887;0;0;14887;14887
2018-08-17T05:00;2018-08-17T05:15;21;kWh;0;508;0;0;508;508
2018-08-17T05:15;2018-08-17T05:30;22;kWh;0;33;0;0;33;33
2018-08-17T05:30;2018-08-17T05:45;23;kWh;0;11002;0;0;11002;11002
2018-08-17T05:45;2018-08-17T06:00;24;kWh;0;65873;0;0;65873;65873
2018-08-17T06:00;2018-08-17T06:15;25;kWh;0;24752;0;0;24752;24752
2018-08-17T06:15;2018-08-17T06:30;26;kWh;0;2112;0;0;2112;2112
2018-08-17T06:30;2018-08-17T06:45;27;kWh;0;18489;0;0;18489;18489
2018-08-17T06:45;2018-08-17T07:00;28;kWh;0;50044;0;0;50044;50044
2018-08-17T07:00;2018-08-17T07:15;29;kWh;-1593;26961;0;0;28554;25368
2018-08-17T07:15;2018-08-17T07:30;30;kWh;-5111;839;0;0;5950;-4272
2018-08-17T07:30;2018-08-17T07:45;31;kWh;0;36732;0;0;36732;36732
2018-08-17T07:45;2018-08-17T08:00;32;kWh;0;60266;0;0;60266;60266
2018-08-17T08:00;2018-08-17T08:15;33;kWh;0;15281;0;0;15281;15281
2018-08-17T08:15;2018-08-17T08:30;34;kWh;0;15241;0;0;15241;15241
2018-08-17T08:30;2018-08-17T08:45;35;kWh;0;59596;0;0;59596;59596
2018-08-17T08:45;2018-08-17T09:00;36;kWh;0;62310;0;0;62310;62310
2018-08-17T09:00;2018-08-17T09:15;37;kWh;0;61931;0;0;61931;61931
2018-08-17T09:15;2018-08-17T09:30;38;kWh;0;59238;0;0;59238;59238
2018-08-17T09:30;2018-08-17T09:45;39;kWh;0;52706;0;0;52706;52706
2018-08-17T09:45;2018-08-17T10:00;40;kWh;0;35941;0;0;35941;35941
2018-08-17T10:00;2018-08-17T10:15;41;kWh;0;51719;0;0;51719;51719
2018-08-17T10:15;2018-08-17T10:30;42;kWh;0;39290;0;0;39290;39290
2018-08-17T10:30;2018-08-17T10:45;43;kWh;0;31257;0;0;31257;31257
2018-08-17T10:45;2018-08-17T11:00;44;kWh;0;8347;0;0;8347;8347
2018-08-17T11:00;2018-08-17T11:15;45;kWh;0;42411;0;0;42411;42411
2018-08-17T11:15;2018-08-17T11:30;46;kWh;0;84285;0;13166;97451;97451
2018-08-17T11:30;2018-08-17T11:45;47;kWh;-189;23844;0;19749;43782;43404
2018-08-17T11:45;2018-08-17T12:00;48;kWh;0;12672;0;6583;19255;19255
2018-08-17T12:00;2018-08-17T12:15;49;kWh;0;16744;0;0;16744;16744
2018-08-17T12:15;2018-08-17T12:30;50;kWh;0;4399;0;0;4399;4399
2018-08-17T12:30;2018-08-17T12:45;51;kWh;-1746;0;0;0;1746;-1746
2018-08-17T12:45;2018-08-17T13:00;52;kWh;-4507;0;0;0;4507;-4507
2018-08-17T13:00;2018-08-17T13:15;53;kWh;-23276;0;0;0;23276;-23276
2018-08-17T13:15;2018-08-17T13:30;54;kWh;-14863;0;0;0;14863;-14863
2018-08-17T13:30;2018-08-17T13:45;55;kWh;-15757;0;0;0;15757;-15757
2018-08-17T13:45;2018-08-17T14:00;56;kWh;-17198;0;0;0;17198;-17198
2018-08-17T14:00;2018-08-17T14:15;57;kWh;-6800;4499;0;0;11299;-2301
2018-08-17T14:15;2018-08-17T14:30;58;kWh;0;15046;0;0;15046;15046
2018-08-17T14:30;2018-08-17T14:45;59;kWh;0;3699;0;0;3699;3699
2018-08-17T14:45;2018-08-17T15:00;60;kWh;0;0;0;0;0;0
2018-08-17T15:00;2018-08-17T15:15;61;kWh;0;742;0;0;742;742
2018-08-17T15:15;2018-08-17T15:30;62;kWh;0;3064;0;0;3064;3064
2018-08-17T15:30;2018-08-17T15:45;63;kWh;0;16370;0;0;16370;16370
2018-08-17T15:45;2018-08-17T16:00;64;kWh;0;7293;0;0;7293;7293
2018-08-17T16:00;2018-08-17T16:15;65;kWh;0;0;0;0;0;0
2018-08-17T16:15;2018-08-17T16:30;66;kWh;0;0;0;0;0;0
2018-08-17T16:30;2018-08-17T16:45;67;kWh;0;473;0;0;473;473
2018-08-17T16:45;2018-08-17T17:00;68;kWh;0;3813;0;0;3813;3813
2018-08-17T17:00;2018-08-17T17:15;69;kWh;0;171;0;0;171;171
2018-08-17T17:15;2018-08-17T17:30;70;kWh;0;0;0;0;0;0
2018-08-17T17:30;2018-08-17T17:45;71;kWh;0;27980;0;20833;48813;48813
2018-08-17T17:45;2018-08-17T18:00;72;kWh;0;73498;0;121319;194817;194817
2018-08-17T18:00;2018-08-17T18:15;73;kWh;-4079;8077;0;146600;158756;150598
2018-08-17T18:15;2018-08-17T18:30;74;kWh;-118;2689;0;23332;26139;25903
2018-08-17T18:30;2018-08-17T18:45;75;kWh;0;53343;0;0;53343;53343
2018-08-17T18:45;2018-08-17T19:00;76;kWh;0;87684;0;0;87684;87684
2018-08-17T19:00;2018-08-17T19:15;77;kWh;-1712;31993;0;0;33705;30281
2018-08-17T19:15;2018-08-17T19:30;78;kWh;-37;174;0;0;211;137
2018-08-17T19:30;2018-08-17T19:45;79;kWh;0;5785;0;0;5785;5785
2018-08-17T19:45;2018-08-17T20:00;80;kWh;0;50831;0;0;50831;50831
2018-08-17T20:00;2018-08-17T20:15;81;kWh;0;55304;0;0;55304;55304
2018-08-17T20:15;2018-08-17T20:30;82;kWh;0;10963;0;0;10963;10963
2018-08-17T20:30;2018-08-17T20:45;83;kWh;0;3049;0;0;3049;3049
2018-08-17T20:45;2018-08-17T21:00;84;kWh;0;4388;0;0;4388;4388
2018-08-17T21:00;2018-08-17T21:15;85;kWh;0;18704;0;0;18704;18704
2018-08-17T21:15;2018-08-17T21:30;86;kWh;0;74864;0;0;74864;74864
2018-08-17T21:30;2018-08-17T21:45;87;kWh;0;57973;0;0;57973;57973
2018-08-17T21:45;2018-08-17T22:00;88;kWh;-487;3991;0;0;4478;3504
2018-08-17T22:00;2018-08-17T22:15;89;kWh;0;169;0;0;169;169
2018-08-17T22:15;2018-08-17T22:30;90;kWh;0;0;0;0;0;0
2018-08-17T22:30;2018-08-17T22:45;91;kWh;0;0;0;0;0;0
2018-08-17T22:45;2018-08-17T23:00;92;kWh;-4253;0;0;0;4253;-4253
2018-08-17T23:00;2018-08-17T23:15;93;kWh;-8198;658;0;0;8856;-7540
2018-08-17T23:15;2018-08-17T23:30;94;kWh;-630;473;0;0;1103;-157
2018-08-17T23:30;2018-08-17T23:45;95;kWh;-2867;0;0;0;2867;-2867
2018-08-17T23:45;2018-08-18T00:00;96;kWh;-34794;0;0;0;34794;-34794
2018-08-18T00:00;2018-08-18T00:15;1;kWh;-26660;0;0;0;26660;-26660
2018-08-18T00:15;2018-08-18T00:30;2;kWh;-55;36;0;0;91;-19
2018-08-18T00:30;2018-08-18T00:45;3;kWh;-2376;0;0;0;2376;-2376
2018-08-18T00:45;2018-08-18T01:00;4;kWh;-6564;0;0;0;6564;-6564
2018-08-18T01:00;2018-08-18T01:15;5;kWh;-3662;0;0;0;3662;-3662
2018-08-18T01:15;2018-08-18T01:30;6;kWh;-446;0;0;0;446;-446
2018-08-18T01:30;2018-08-18T01:45;7;kWh;0;0;0;0;0;0
2018-08-18T01:45;2018-08-18T02:00;8;kWh;0;0;0;0;0;0
2018-08-18T02:00;2018-08-18T02:15;9;kWh;0;0;0;0;0;0
2018-08-18T02:15;2018-08-18T02:30;10;kWh;-3188;0;0;0;3188;-3188
2018-08-18T02:30;2018-08-18T02:45;11;kWh;-3346;0;0;0;3346;-3346
2018-08-18T02:45;2018-08-18T03:00;12;kWh;-5673;0;0;0;5673;-5673
2018-08-18T03:00;2018-08-18T03:15;13;kWh;-1564;0;0;0;1564;-1564
2018-08-18T03:15;2018-08-18T03:30;14;kWh;0;0;0;0;0;0
2018-08-18T03:30;2018-08-18T03:45;15;kWh;0;0;0;0;0;0
2018-08-18T03:45;2018-08-18T04:00;16;kWh;-161;0;0;0;161;-161
2018-08-18T04:00;2018-08-18T04:15;17;kWh;-320;0;0;0;320;-320
2018-08-18T04:15;2018-08-18T04:30;18;kWh;-132;0;0;0;132;-132
2018-08-18T04:30;2018-08-18T04:45;19;kWh;-200;0;0;0;200;-200
2018-08-18T04:45;2018-08-18T05:00;20;kWh;-499;0;0;0;499;-499
2018-08-18T05:00;2018-08-18T05:15;21;kWh;-4628;0;0;0;4628;-4628
2018-08-18T05:15;2018-08-18T05:30;22;kWh;-3649;0;0;0;3649;-3649
2018-08-18T05:30;2018-08-18T05:45;23;kWh;-2214;0;0;0;2214;-2214
2018-08-18T05:45;2018-08-18T06:00;24;kWh;-375;0;0;0;375;-375
2018-08-18T06:00;2018-08-18T06:15;25;kWh;0;0;0;0;0;0
2018-08-18T06:15;2018-08-18T06:30;26;kWh;0;0;0;0;0;0
2018-08-18T06:30;2018-08-18T06:45;27;kWh;0;0;0;0;0;0
2018-08-18T06:45;2018-08-18T07:00;28;kWh;0;0;0;0;0;0
2018-08-18T07:00;2018-08-18T07:15;29;kWh;-13457;0;0;0;13457;-13457
2018-08-18T07:15;2018-08-18T07:30;30;kWh;-8472;0;0;0;8472;-8472
2018-08-18T07:30;2018-08-18T07:45;31;kWh;0;0;0;0;0;0
2018-08-18T07:45;2018-08-18T08:00;32;kWh;0;0;0;0;0;0
2018-08-18T08:00;2018-08-18T08:15;33;kWh;0;0;0;0;0;0
2018-08-18T08:15;2018-08-18T08:30;34;kWh;0;0;0;0;0;0
2018-08-18T08:30;2018-08-18T08:45;35;kWh;0;0;0;0;0;0
2018-08-18T08:45;2018-08-18T09:00;36;kWh;0;0;0;0;0;0
2018-08-18T09:00;2018-08-18T09:15;37;kWh;0;0;0;0;0;0
2018-08-18T09:15;2018-08-18T09:30;38;kWh;0;0;0;0;0;0
2018-08-18T09:30;2018-08-18T09:45;39;kWh;-2067;0;0;0;2067;-2067
2018-08-18T09:45;2018-08-18T10:00;40;kWh;-8730;0;0;0;8730;-8730
2018-08-18T10:00;2018-08-18T10:15;41;kWh;-8224;0;0;0;8224;-8224
2018-08-18T10:15;2018-08-18T10:30;42;kWh;-6380;0;0;0;6380;-6380
2018-08-18T10:30;2018-08-18T10:45;43;kWh;-10092;0;0;0;10092;-10092
2018-08-18T10:45;2018-08-18T11:00;44;kWh;-30912;0;0;0;30912;-30912
2018-08-18T11:00;2018-08-18T11:15;45;kWh;-23038;261;0;0;23299;-22777
2018-08-18T11:15;2018-08-18T11:30;46;kWh;-782;357;0;0;1139;-425
2018-08-18T11:30;2018-08-18T11:45;47;kWh;-232;0;0;0;232;-232
2018-08-18T11:45;2018-08-18T12:00;48;kWh;-304;0;0;0;304;-304
2018-08-18T12:00;2018-08-18T12:15;49;kWh;-250;0;0;0;250;-250
2018-08-18T12:15;2018-08-18T12:30;50;kWh;-280;0;0;0;280;-280
2018-08-18T12:30;2018-08-18T12:45;51;kWh;-350;110;0;0;460;-240
2018-08-18T12:45;2018-08-18T13:00;52;kWh;0;6159;0;0;6159;6159
2018-08-18T13:00;2018-08-18T13:15;53;kWh;0;14258;0;0;14258;14258
2018-08-18T13:15;2018-08-18T13:30;54;kWh;0;12182;0;0;12182;12182
2018-08-18T13:30;2018-08-18T13:45;55;kWh;0;1705;0;0;1705;1705
2018-08-18T13:45;2018-08-18T14:00;56;kWh;0;962;0;0;962;962
2018-08-18T14:00;2018-08-18T14:15;57;kWh;0;24415;0;0;24415;24415
2018-08-18T14:15;2018-08-18T14:30;58;kWh;0;32405;0;0;32405;32405
2018-08-18T14:30;2018-08-18T14:45;59;kWh;0;3106;0;0;3106;3106
2018-08-18T14:45;2018-08-18T15:00;60;kWh;0;38;0;0;38;38
2018-08-18T15:00;2018-08-18T15:15;61;kWh;0;0;0;0;0;0
2018-08-18T15:15;2018-08-18T15:30;62;kWh;0;0;0;0;0;0
2018-08-18T15:30;2018-08-18T15:45;63;kWh;0;0;0;0;0;0
2018-08-18T15:45;2018-08-18T16:00;64;kWh;0;0;0;0;0;0
2018-08-18T16:00;2018-08-18T16:15;65;kWh;-14826;0;0;0;14826;-14826
2018-08-18T16:15;2018-08-18T16:30;66;kWh;-13765;0;0;0;13765;-13765
2018-08-18T16:30;2018-08-18T16:45;67;kWh;-143;0;0;0;143;-143
2018-08-18T16:45;2018-08-18T17:00;68;kWh;0;736;0;0;736;736
2018-08-18T17:00;2018-08-18T17:15;69;kWh;0;2002;0;0;2002;2002
2018-08-18T17:15;2018-08-18T17:30;70;kWh;0;2401;0;0;2401;2401
2018-08-18T17:30;2018-08-18T17:45;71;kWh;0;14920;0;0;14920;14920
2018-08-18T17:45;2018-08-18T18:00;72;kWh;0;38905;0;0;38905;38905
2018-08-18T18:00;2018-08-18T18:15;73;kWh;0;57431;0;0;57431;57431
2018-08-18T18:15;2018-08-18T18:30;74;kWh;0;27420;0;0;27420;27420
2018-08-18T18:30;2018-08-18T18:45;75;kWh;0;37961;0;0;37961;37961
2018-08-18T18:45;2018-08-18T19:00;76;kWh;0;40352;0;0;40352;40352
2018-08-18T19:00;2018-08-18T19:15;77;kWh;-654;21238;0;0;21892;20584
2018-08-18T19:15;2018-08-18T19:30;78;kWh;-195;368;0;0;563;173
2018-08-18T19:30;2018-08-18T19:45;79;kWh;0;29731;0;0;29731;29731
2018-08-18T19:45;2018-08-18T20:00;80;kWh;0;51676;0;0;51676;51676
2018-08-18T20:00;2018-08-18T20:15;81;kWh;-258;16176;0;0;16434;15918
2018-08-18T20:15;2018-08-18T20:30;82;kWh;-581;0;0;0;581;-581
2018-08-18T20:30;2018-08-18T20:45;83;kWh;-792;0;0;0;792;-792
2018-08-18T20:45;2018-08-18T21:00;84;kWh;-1571;0;0;0;1571;-1571
2018-08-18T21:00;2018-08-18T21:15;85;kWh;-281;0;0;0;281;-281
2018-08-18T21:15;2018-08-18T21:30;86;kWh;0;2411;0;0;2411;2411
2018-08-18T21:30;2018-08-18T21:45;87;kWh;0;28961;0;0;28961;28961
2018-08-18T21:45;2018-08-18T22:00;88;kWh;0;18141;0;0;18141;18141
2018-08-18T22:00;2018-08-18T22:15;89;kWh;0;1993;0;0;1993;1993
2018-08-18T22:15;2018-08-18T22:30;90;kWh;0;0;0;0;0;0
2018-08-18T22:30;2018-08-18T22:45;91;kWh;0;5924;0;0;5924;5924
2018-08-18T22:45;2018-08-18T23:00;92;kWh;0;26231;0;0;26231;26231
2018-08-18T23:00;2018-08-18T23:15;93;kWh;0;27645;0;0;27645;27645
2018-08-18T23:15;2018-08-18T23:30;94;kWh;0;28733;0;0;28733;28733
2018-08-18T23:30;2018-08-18T23:45;95;kWh;-96;1549;0;0;1645;1453
2018-08-18T23:45;2018-08-19T00:00;96;kWh;-2079;0;0;0;2079;-2079
2018-08-19T00:00;2018-08-19T00:15;1;kWh;-42;14584;0;0;14626;14542
2018-08-19T00:15;2018-08-19T00:30;2;kWh;0;17310;0;0;17310;17310
2018-08-19T00:30;2018-08-19T00:45;3;kWh;0;18065;0;0;18065;18065
2018-08-19T00:45;2018-08-19T01:00;4;kWh;0;28066;0;0;28066;28066
2018-08-19T01:00;2018-08-19T01:15;5;kWh;0;4653;0;0;4653;4653
2018-08-19T01:15;2018-08-19T01:30;6;kWh;0;49096;0;0;49096;49096
2018-08-19T01:30;2018-08-19T01:45;7;kWh;0;27422;0;0;27422;27422
2018-08-19T01:45;2018-08-19T02:00;8;kWh;-40;18832;0;0;18872;18792
2018-08-19T02:00;2018-08-19T02:15;9;kWh;-201;11212;0;0;11413;11011
2018-08-19T02:15;2018-08-19T02:30;10;kWh;0;39564;0;0;39564;39564
2018-08-19T02:30;2018-08-19T02:45;11;kWh;0;41895;0;0;41895;41895
2018-08-19T02:45;2018-08-19T03:00;12;kWh;0;33894;0;0;33894;33894
2018-08-19T03:00;2018-08-19T03:15;13;kWh;0;13716;0;0;13716;13716
2018-08-19T03:15;2018-08-19T03:30;14;kWh;0;20904;0;0;20904;20904
2018-08-19T03:30;2018-08-19T03:45;15;kWh;0;18508;0;0;18508;18508
2018-08-19T03:45;2018-08-19T04:00;16;kWh;0;8378;0;0;8378;8378
2018-08-19T04:00;2018-08-19T04:15;17;kWh;0;3165;0;0;3165;3165
2018-08-19T04:15;2018-08-19T04:30;18;kWh;0;3995;0;0;3995;3995
2018-08-19T04:30;2018-08-19T04:45;19;kWh;0;21256;0;0;21256;21256
2018-08-19T04:45;2018-08-19T05:00;20;kWh;0;11653;0;0;11653;11653
2018-08-19T05:00;2018-08-19T05:15;21;kWh;0;13947;0;0;13947;13947
2018-08-19T05:15;2018-08-19T05:30;22;kWh;-55;3422;0;0;3477;3367
2018-08-19T05:30;2018-08-19T05:45;23;kWh;-108;0;0;0;108;-108
2018-08-19T05:45;2018-08-19T06:00;24;kWh;-318;0;0;0;318;-318
2018-08-19T06:00;2018-08-19T06:15;25;kWh;0;4848;0;0;4848;4848
2018-08-19T06:15;2018-08-19T06:30;26;kWh;0;9185;0;0;9185;9185
2018-08-19T06:30;2018-08-19T06:45;27;kWh;0;1532;0;0;1532;1532
2018-08-19T06:45;2018-08-19T07:00;28;kWh;-1096;0;0;0;1096;-1096
2018-08-19T07:00;2018-08-19T07:15;29;kWh;-8;0;0;0;8;-8
2018-08-19T07:15;2018-08-19T07:30;30;kWh;0;0;0;0;0;0
2018-08-19T07:30;2018-08-19T07:45;31;kWh;0;238;0;0;238;238
2018-08-19T07:45;2018-08-19T08:00;32;kWh;0;1285;0;0;1285;1285
2018-08-19T08:00;2018-08-19T08:15;33;kWh;0;0;0;0;0;0
2018-08-19T08:15;2018-08-19T08:30;34;kWh;0;60;0;0;60;60
2018-08-19T08:30;2018-08-19T08:45;35;kWh;0;250;0;0;250;250
2018-08-19T08:45;2018-08-19T09:00;36;kWh;0;446;0;0;446;446
2018-08-19T09:00;2018-08-19T09:15;37;kWh;0;555;0;0;555;555
2018-08-19T09:15;2018-08-19T09:30;38;kWh;0;316;0;0;316;316
2018-08-19T09:30;2018-08-19T09:45;39;kWh;0;0;0;0;0;0
2018-08-19T09:45;2018-08-19T10:00;40;kWh;0;0;0;0;0;0
2018-08-19T10:00;2018-08-19T10:15;41;kWh;-760;0;0;0;760;-760
2018-08-19T10:15;2018-08-19T10:30;42;kWh;-475;0;0;0;475;-475
2018-08-19T10:30;2018-08-19T10:45;43;kWh;-17877;0;0;0;17877;-17877
2018-08-19T10:45;2018-08-19T11:00;44;kWh;-60560;0;0;0;60560;-60560
2018-08-19T11:00;2018-08-19T11:15;45;kWh;-10865;5107;0;0;15972;-5758
2018-08-19T11:15;2018-08-19T11:30;46;kWh;-1965;2534;0;0;4499;569
2018-08-19T11:30;2018-08-19T11:45;47;kWh;-22274;0;0;0;22274;-22274
2018-08-19T11:45;2018-08-19T12:00;48;kWh;-40406;0;0;0;40406;-40406
2018-08-19T12:00;2018-08-19T12:15;49;kWh;-18675;443;0;0;19118;-18232
2018-08-19T12:15;2018-08-19T12:30;50;kWh;-4522;33;0;0;4555;-4489
2018-08-19T12:30;2018-08-19T12:45;51;kWh;-27722;0;0;0;27722;-27722
2018-08-19T12:45;2018-08-19T13:00;52;kWh;-33312;0;0;0;33312;-33312
2018-08-19T13:00;2018-08-19T13:15;53;kWh;-24454;0;0;0;24454;-24454
2018-08-19T13:15;2018-08-19T13:30;54;kWh;-1835;0;0;0;1835;-1835
2018-08-19T13:30;2018-08-19T13:45;55;kWh;-55004;0;0;0;55004;-55004
2018-08-19T13:45;2018-08-19T14:00;56;kWh;-83900;0;0;0;83900;-83900
2018-08-19T14:00;2018-08-19T14:15;57;kWh;-51492;0;0;0;51492;-51492
2018-08-19T14:15;2018-08-19T14:30;58;kWh;-7796;0;0;0;7796;-7796
2018-08-19T14:30;2018-08-19T14:45;59;kWh;-47131;0;0;0;47131;-47131
2018-08-19T14:45;2018-08-19T15:00;60;kWh;-49877;0;0;0;49877;-49877
2018-08-19T15:00;2018-08-19T15:15;61;kWh;-45062;0;0;0;45062;-45062
2018-08-19T15:15;2018-08-19T15:30;62;kWh;-12343;0;0;0;12343;-12343
2018-08-19T15:30;2018-08-19T15:45;63;kWh;-27781;0;0;0;27781;-27781
2018-08-19T15:45;2018-08-19T16:00;64;kWh;-44519;0;0;0;44519;-44519
2018-08-19T16:00;2018-08-19T16:15;65;kWh;-51732;0;0;0;51732;-51732
2018-08-19T16:15;2018-08-19T16:30;66;kWh;-65300;0;0;0;65300;-65300
2018-08-19T16:30;2018-08-19T16:45;67;kWh;-25851;0;0;0;25851;-25851
2018-08-19T16:45;2018-08-19T17:00;68;kWh;0;0;0;0;0;0
2018-08-19T17:00;2018-08-19T17:15;69;kWh;-4592;0;0;0;4592;-4592
2018-08-19T17:15;2018-08-19T17:30;70;kWh;-8683;0;0;0;8683;-8683
2018-08-19T17:30;2018-08-19T17:45;71;kWh;-468;0;0;0;468;-468
2018-08-19T17:45;2018-08-19T18:00;72;kWh;0;34;0;0;34;34
2018-08-19T18:00;2018-08-19T18:15;73;kWh;0;689;0;0;689;689
2018-08-19T18:15;2018-08-19T18:30;74;kWh;0;98;0;0;98;98
2018-08-19T18:30;2018-08-19T18:45;75;kWh;0;674;0;0;674;674
2018-08-19T18:45;2018-08-19T19:00;76;kWh;0;2424;0;0;2424;2424
2018-08-19T19:00;2018-08-19T19:15;77;kWh;0;13177;0;0;13177;13177
2018-08-19T19:15;2018-08-19T19:30;78;kWh;0;2096;0;0;2096;2096
2018-08-19T19:30;2018-08-19T19:45;79;kWh;0;12701;0;0;12701;12701
2018-08-19T19:45;2018-08-19T20:00;80;kWh;0;28046;0;0;28046;28046
2018-08-19T20:00;2018-08-19T20:15;81;kWh;0;19009;0;0;19009;19009
2018-08-19T20:15;2018-08-19T20:30;82;kWh;0;4846;0;0;4846;4846
2018-08-19T20:30;2018-08-19T20:45;83;kWh;0;34057;0;0;34057;34057
2018-08-19T20:45;2018-08-19T21:00;84;kWh;0;24628;0;0;24628;24628
2018-08-19T21:00;2018-08-19T21:15;85;kWh;0;13701;0;0;13701;13701
2018-08-19T21:15;2018-08-19T21:30;86;kWh;0;30877;0;0;30877;30877
2018-08-19T21:30;2018-08-19T21:45;87;kWh;0;63813;0;0;63813;63813
2018-08-19T21:45;2018-08-19T22:00;88;kWh;-24;13787;0;0;13811;13763
2018-08-19T22:00;2018-08-19T22:15;89;kWh;-618;1143;0;0;1761;525
2018-08-19T22:15;2018-08-19T22:30;90;kWh;0;3852;0;0;3852;3852
2018-08-19T22:30;2018-08-19T22:45;91;kWh;0;87;0;0;87;87
2018-08-19T22:45;2018-08-19T23:00;92;kWh;0;0;0;0;0;0
2018-08-19T23:00;2018-08-19T23:15;93;kWh;0;9801;0;0;9801;9801
2018-08-19T23:15;2018-08-19T23:30;94;kWh;0;18500;0;0;18500;18500
2018-08-19T23:30;2018-08-19T23:45;95;kWh;-279;2125;0;0;2404;1846
2018-08-19T23:45;2018-08-20T00:00;96;kWh;-2940;19;0;0;2959;-2921
2018-08-20T00:00;2018-08-20T00:15;1;kWh;-348;34852;0;0;35200;34504
2018-08-20T00:15;2018-08-20T00:30;2;kWh;0;87009;0;0;90759;90759
2018-08-20T00:30;2018-08-20T00:45;3;kWh;0;36429;0;0;36429;36429
2018-08-20T00:45;2018-08-20T01:00;4;kWh;0;54068;0;0;54068;54068
2018-08-20T01:00;2018-08-20T01:15;5;kWh;-323;12012;0;0;12335;11689
2018-08-20T01:15;2018-08-20T01:30;6;kWh;0;114;0;0;114;114
2018-08-20T01:30;2018-08-20T01:45;7;kWh;0;1091;0;0;1091;1091
2018-08-20T01:45;2018-08-20T02:00;8;kWh;0;2104;0;0;2104;2104
2018-08-20T02:00;2018-08-20T02:15;9;kWh;0;23204;0;0;23204;23204
2018-08-20T02:15;2018-08-20T02:30;10;kWh;0;42991;0;0;42991;42991
2018-08-20T02:30;2018-08-20T02:45;11;kWh;0;24033;0;0;24033;24033
2018-08-20T02:45;2018-08-20T03:00;12;kWh;0;8028;0;0;8028;8028
2018-08-20T03:00;2018-08-20T03:15;13;kWh;0;17455;0;0;17455;17455
2018-08-20T03:15;2018-08-20T03:30;14;kWh;0;43850;0;0;43850;43850
2018-08-20T03:30;2018-08-20T03:45;15;kWh;0;50381;0;0;50381;50381
2018-08-20T03:45;2018-08-20T04:00;16;kWh;0;42450;0;0;42450;42450
2018-08-20T04:00;2018-08-20T04:15;17;kWh;0;24612;0;0;24612;24612
2018-08-20T04:15;2018-08-20T04:30;18;kWh;0;29372;0;0;29372;29372
2018-08-20T04:30;2018-08-20T04:45;19;kWh;0;34419;0;0;34419;34419
2018-08-20T04:45;2018-08-20T05:00;20;kWh;0;30548;0;0;30548;30548
2018-08-20T05:00;2018-08-20T05:15;21;kWh;0;32295;0;0;32295;32295
2018-08-20T05:15;2018-08-20T05:30;22;kWh;0;17051;0;0;17051;17051
2018-08-20T05:30;2018-08-20T05:45;23;kWh;0;4982;0;0;4982;4982
2018-08-20T05:45;2018-08-20T06:00;24;kWh;0;65104;0;0;65104;65104
2018-08-20T06:00;2018-08-20T06:15;25;kWh;0;85367;0;0;85367;85367
2018-08-20T06:15;2018-08-20T06:30;26;kWh;0;50801;0;0;50801;50801
2018-08-20T06:30;2018-08-20T06:45;27;kWh;0;9453;0;0;9453;9453
2018-08-20T06:45;2018-08-20T07:00;28;kWh;0;23192;0;0;23192;23192
2018-08-20T07:00;2018-08-20T07:15;29;kWh;-287;3407;0;0;3694;3120
2018-08-20T07:15;2018-08-20T07:30;30;kWh;0;0;0;0;0;0
2018-08-20T07:30;2018-08-20T07:45;31;kWh;0;2271;0;0;2271;2271
2018-08-20T07:45;2018-08-20T08:00;32;kWh;0;61363;0;0;61363;61363
2018-08-20T08:00;2018-08-20T08:15;33;kWh;0;39287;0;0;39287;39287
2018-08-20T08:15;2018-08-20T08:30;34;kWh;0;0;0;0;0;0
2018-08-20T08:30;2018-08-20T08:45;35;kWh;0;0;0;0;0;0
2018-08-20T08:45;2018-08-20T09:00;36;kWh;0;91;0;0;91;91
2018-08-20T09:00;2018-08-20T09:15;37;kWh;0;44243;0;0;44243;44243
2018-08-20T09:15;2018-08-20T09:30;38;kWh;0;78837;0;0;78837;78837
2018-08-20T09:30;2018-08-20T09:45;39;kWh;0;64354;0;0;64354;64354
2018-08-20T09:45;2018-08-20T10:00;40;kWh;0;73850;0;0;73850;73850
2018-08-20T10:00;2018-08-20T10:15;41;kWh;0;86465;0;0;86465;86465
2018-08-20T10:15;2018-08-20T10:30;42;kWh;0;82859;0;0;87859;87859
2018-08-20T10:30;2018-08-20T10:45;43;kWh;0;39677;0;0;44677;44677
2018-08-20T10:45;2018-08-20T11:00;44;kWh;0;30595;0;0;30595;30595
2018-08-20T11:00;2018-08-20T11:15;45;kWh;0;39750;0;0;39750;39750
2018-08-20T11:15;2018-08-20T11:30;46;kWh;0;38943;0;0;38943;38943
2018-08-20T11:30;2018-08-20T11:45;47;kWh;0;34615;0;0;34615;34615
2018-08-20T11:45;2018-08-20T12:00;48;kWh;0;42036;0;0;42036;42036
2018-08-20T12:00;2018-08-20T12:15;49;kWh;0;26190;0;0;26190;26190
2018-08-20T12:15;2018-08-20T12:30;50;kWh;0;34192;0;0;34192;34192
2018-08-20T12:30;2018-08-20T12:45;51;kWh;0;31245;0;0;31245;31245
2018-08-20T12:45;2018-08-20T13:00;52;kWh;0;27251;0;0;27251;27251
2018-08-20T13:00;2018-08-20T13:15;53;kWh;0;34035;0;0;34035;34035
2018-08-20T13:15;2018-08-20T13:30;54;kWh;0;50553;0;0;50553;50553
2018-08-20T13:30;2018-08-20T13:45;55;kWh;0;52738;0;0;52738;52738
2018-08-20T13:45;2018-08-20T14:00;56;kWh;0;38945;0;0;38945;38945
2018-08-20T14:00;2018-08-20T14:15;57;kWh;0;31134;0;0;31134;31134
2018-08-20T14:15;2018-08-20T14:30;58;kWh;0;28862;0;0;28862;28862
2018-08-20T14:30;2018-08-20T14:45;59;kWh;0;24232;0;0;24232;24232
2018-08-20T14:45;2018-08-20T15:00;60;kWh;0;27272;0;0;27272;27272
2018-08-20T15:00;2018-08-20T15:15;61;kWh;-789;12739;0;0;13528;11950
2018-08-20T15:15;2018-08-20T15:30;62;kWh;-113;2560;0;0;2673;2447
2018-08-20T15:30;2018-08-20T15:45;63;kWh;0;24505;0;0;24505;24505
2018-08-20T15:45;2018-08-20T16:00;64;kWh;0;27918;0;0;27918;27918
2018-08-20T16:00;2018-08-20T16:15;65;kWh;0;52152;0;0;52152;52152
2018-08-20T16:15;2018-08-20T16:30;66;kWh;0;71317;0;0;71317;71317
2018-08-20T16:30;2018-08-20T16:45;67;kWh;0;23752;0;0;23752;23752
2018-08-20T16:45;2018-08-20T17:00;68;kWh;0;40563;0;0;40563;40563
2018-08-20T17:00;2018-08-20T17:15;69;kWh;-3096;12963;0;0;16059;9867
2018-08-20T17:15;2018-08-20T17:30;70;kWh;-52;447;0;0;499;395
2018-08-20T17:30;2018-08-20T17:45;71;kWh;0;13168;0;0;13168;13168
2018-08-20T17:45;2018-08-20T18:00;72;kWh;0;42805;0;0;42805;42805
2018-08-20T18:00;2018-08-20T18:15;73;kWh;0;26145;0;0;26145;26145
2018-08-20T18:15;2018-08-20T18:30;74;kWh;-242;1328;0;0;1570;1086
2018-08-20T18:30;2018-08-20T18:45;75;kWh;0;5079;0;0;5079;5079
2018-08-20T18:45;2018-08-20T19:00;76;kWh;0;18810;0;0;18810;18810
2018-08-20T19:00;2018-08-20T19:15;77;kWh;0;49031;0;0;49031;49031
2018-08-20T19:15;2018-08-20T19:30;78;kWh;0;49840;0;0;49840;49840
2018-08-20T19:30;2018-08-20T19:45;79;kWh;0;39028;0;0;39028;39028
2018-08-20T19:45;2018-08-20T20:00;80;kWh;0;21213;0;0;21213;21213
2018-08-20T20:00;2018-08-20T20:15;81;kWh;0;39382;0;0;39382;39382
2018-08-20T20:15;2018-08-20T20:30;82;kWh;0;26613;0;0;26613;26613
2018-08-20T20:30;2018-08-20T20:45;83;kWh;0;22163;0;0;22163;22163
2018-08-20T20:45;2018-08-20T21:00;84;kWh;0;40843;0;0;40843;40843
2018-08-20T21:00;2018-08-20T21:15;85;kWh;0;44890;0;0;44890;44890
2018-08-20T21:15;2018-08-20T21:30;86;kWh;0;78324;0;0;78324;78324
2018-08-20T21:30;2018-08-20T21:45;87;kWh;0;54994;0;0;54994;54994
2018-08-20T21:45;2018-08-20T22:00;88;kWh;-208;3560;0;0;3768;3352
2018-08-20T22:00;2018-08-20T22:15;89;kWh;0;21124;0;0;21124;21124
2018-08-20T22:15;2018-08-20T22:30;90;kWh;0;44123;0;0;44123;44123
2018-08-20T22:30;2018-08-20T22:45;91;kWh;0;41966;0;0;41966;41966
2018-08-20T22:45;2018-08-20T23:00;92;kWh;-8;11736;0;0;11744;11728
2018-08-20T23:00;2018-08-20T23:15;93;kWh;-65;0;0;0;65;-65
2018-08-20T23:15;2018-08-20T23:30;94;kWh;0;6596;0;0;6596;6596
2018-08-20T23:30;2018-08-20T23:45;95;kWh;0;15310;0;0;15310;15310
2018-08-20T23:45;2018-08-21T00:00;96;kWh;0;22944;0;0;22944;22944
2018-08-21T00:00;2018-08-21T00:15;1;kWh;0;37568;0;0;37568;37568
2018-08-21T00:15;2018-08-21T00:30;2;kWh;0;55644;0;0;55644;55644
2018-08-21T00:30;2018-08-21T00:45;3;kWh;0;4790;0;0;4790;4790
2018-08-21T00:45;2018-08-21T01:00;4;kWh;-2522;0;0;0;2522;-2522
2018-08-21T01:00;2018-08-21T01:15;5;kWh;-361;13371;0;0;13732;13010
2018-08-21T01:15;2018-08-21T01:30;6;kWh;0;23667;0;0;23667;23667
2018-08-21T01:30;2018-08-21T01:45;7;kWh;0;3856;0;0;3856;3856
2018-08-21T01:45;2018-08-21T02:00;8;kWh;0;1252;0;0;1252;1252
2018-08-21T02:00;2018-08-21T02:15;9;kWh;0;13108;0;0;13108;13108
2018-08-21T02:15;2018-08-21T02:30;10;kWh;0;36649;0;0;36649;36649
2018-08-21T02:30;2018-08-21T02:45;11;kWh;0;25227;0;0;25227;25227
2018-08-21T02:45;2018-08-21T03:00;12;kWh;0;26789;0;0;26789;26789
2018-08-21T03:00;2018-08-21T03:15;13;kWh;0;33115;0;0;33115;33115
2018-08-21T03:15;2018-08-21T03:30;14;kWh;0;40669;0;0;40669;40669
2018-08-21T03:30;2018-08-21T03:45;15;kWh;0;39100;0;0;39100;39100
2018-08-21T03:45;2018-08-21T04:00;16;kWh;0;30936;0;0;30936;30936
2018-08-21T04:00;2018-08-21T04:15;17;kWh;0;20899;0;0;20899;20899
2018-08-21T04:15;2018-08-21T04:30;18;kWh;0;29212;0;0;29212;29212
2018-08-21T04:30;2018-08-21T04:45;19;kWh;0;19865;0;0;19865;19865
2018-08-21T04:45;2018-08-21T05:00;20;kWh;0;38798;0;0;38798;38798
2018-08-21T05:00;2018-08-21T05:15;21;kWh;0;20396;0;0;20396;20396
2018-08-21T05:15;2018-08-21T05:30;22;kWh;-8;0;0;0;8;-8
2018-08-21T05:30;2018-08-21T05:45;23;kWh;0;967;0;0;967;967
2018-08-21T05:45;2018-08-21T06:00;24;kWh;0;25259;0;0;25259;25259
2018-08-21T06:00;2018-08-21T06:15;25;kWh;0;13668;0;0;13668;13668
2018-08-21T06:15;2018-08-21T06:30;26;kWh;0;0;0;0;0;0
2018-08-21T06:30;2018-08-21T06:45;27;kWh;0;2332;0;0;2332;2332
2018-08-21T06:45;2018-08-21T07:00;28;kWh;0;20017;0;0;20017;20017
2018-08-21T07:00;2018-08-21T07:15;29;kWh;0;51078;0;0;51078;51078
2018-08-21T07:15;2018-08-21T07:30;30;kWh;-412;4152;0;0;4564;3740
2018-08-21T07:30;2018-08-21T07:45;31;kWh;0;18710;0;0;18710;18710
2018-08-21T07:45;2018-08-21T08:00;32;kWh;0;60680;0;0;60680;60680
2018-08-21T08:00;2018-08-21T08:15;33;kWh;-478;14275;0;0;14753;13797
2018-08-21T08:15;2018-08-21T08:30;34;kWh;0;460;0;0;460;460
2018-08-21T08:30;2018-08-21T08:45;35;kWh;0;30878;0;0;30878;30878
2018-08-21T08:45;2018-08-21T09:00;36;kWh;0;57045;0;0;57045;57045
2018-08-21T09:00;2018-08-21T09:15;37;kWh;0;25970;0;0;25970;25970
2018-08-21T09:15;2018-08-21T09:30;38;kWh;0;2986;0;0;2986;2986
2018-08-21T09:30;2018-08-21T09:45;39;kWh;0;2272;0;0;2272;2272
2018-08-21T09:45;2018-08-21T10:00;40;kWh;0;2306;0;0;2306;2306
2018-08-21T10:00;2018-08-21T10:15;41;kWh;0;28332;0;0;28332;28332
2018-08-21T10:15;2018-08-21T10:30;42;kWh;-165;11975;0;0;12140;11810
2018-08-21T10:30;2018-08-21T10:45;43;kWh;-60;41;0;0;101;-19
2018-08-21T10:45;2018-08-21T11:00;44;kWh;-1433;0;0;0;1433;-1433
2018-08-21T11:00;2018-08-21T11:15;45;kWh;-509;0;0;0;509;-509
2018-08-21T11:15;2018-08-21T11:30;46;kWh;-11;0;0;0;11;-11
2018-08-21T11:30;2018-08-21T11:45;47;kWh;-482;0;0;0;482;-482
2018-08-21T11:45;2018-08-21T12:00;48;kWh;-2262;0;0;0;2262;-2262
2018-08-21T12:00;2018-08-21T12:15;49;kWh;-694;37;0;0;731;-657
2018-08-21T12:15;2018-08-21T12:30;50;kWh;0;2739;0;0;2739;2739
2018-08-21T12:30;2018-08-21T12:45;51;kWh;0;7297;0;0;7297;7297
2018-08-21T12:45;2018-08-21T13:00;52;kWh;0;5998;0;0;5998;5998
2018-08-21T13:00;2018-08-21T13:15;53;kWh;0;28789;0;0;28789;28789
2018-08-21T13:15;2018-08-21T13:30;54;kWh;0;63200;0;0;63200;63200
2018-08-21T13:30;2018-08-21T13:45;55;kWh;0;54169;0;0;54169;54169
2018-08-21T13:45;2018-08-21T14:00;56;kWh;0;38585;0;0;38585;38585
2018-08-21T14:00;2018-08-21T14:15;57;kWh;0;25480;0;0;25480;25480
2018-08-21T14:15;2018-08-21T14:30;58;kWh;0;51598;0;0;51598;51598
2018-08-21T14:30;2018-08-21T14:45;59;kWh;0;47426;0;0;47426;47426
2018-08-21T14:45;2018-08-21T15:00;60;kWh;0;14176;0;0;14176;14176
2018-08-21T15:00;2018-08-21T15:15;61;kWh;0;949;0;0;949;949
2018-08-21T15:15;2018-08-21T15:30;62;kWh;0;15653;0;0;15653;15653
2018-08-21T15:30;2018-08-21T15:45;63;kWh;0;50841;0;0;50841;50841
2018-08-21T15:45;2018-08-21T16:00;64;kWh;0;61841;0;0;61841;61841
2018-08-21T16:00;2018-08-21T16:15;65;kWh;0;19158;0;0;19158;19158
2018-08-21T16:15;2018-08-21T16:30;66;kWh;0;3471;0;0;3471;3471
2018-08-21T16:30;2018-08-21T16:45;67;kWh;0;10418;0;0;10418;10418
2018-08-21T16:45;2018-08-21T17:00;68;kWh;0;33163;0;0;33163;33163
2018-08-21T17:00;2018-08-21T17:15;69;kWh;0;25545;0;0;25545;25545
2018-08-21T17:15;2018-08-21T17:30;70;kWh;0;26601;0;0;26601;26601
2018-08-21T17:30;2018-08-21T17:45;71;kWh;0;56745;0;0;56745;56745
2018-08-21T17:45;2018-08-21T18:00;72;kWh;0;61534;0;0;61534;61534
2018-08-21T18:00;2018-08-21T18:15;73;kWh;0;39575;0;0;39575;39575
2018-08-21T18:15;2018-08-21T18:30;74;kWh;0;9900;0;0;9900;9900
2018-08-21T18:30;2018-08-21T18:45;75;kWh;0;30186;0;0;30186;30186
2018-08-21T18:45;2018-08-21T19:00;76;kWh;0;24179;0;0;24179;24179
2018-08-21T19:00;2018-08-21T19:15;77;kWh;0;47315;0;0;47315;47315
2018-08-21T19:15;2018-08-21T19:30;78;kWh;0;55040;0;0;55040;55040
2018-08-21T19:30;2018-08-21T19:45;79;kWh;0;42417;0;0;42417;42417
2018-08-21T19:45;2018-08-21T20:00;80;kWh;0;49865;0;0;49865;49865
2018-08-21T20:00;2018-08-21T20:15;81;kWh;0;51224;0;0;51224;51224
2018-08-21T20:15;2018-08-21T20:30;82;kWh;0;31456;0;0;31456;31456
2018-08-21T20:30;2018-08-21T20:45;83;kWh;0;15763;0;0;15763;15763
2018-08-21T20:45;2018-08-21T21:00;84;kWh;0;40782;0;0;40782;40782
2018-08-21T21:00;2018-08-21T21:15;85;kWh;0;50613;0;0;50613;50613
2018-08-21T21:15;2018-08-21T21:30;86;kWh;0;88472;0;0;88472;88472
2018-08-21T21:30;2018-08-21T21:45;87;kWh;0;78004;0;0;83004;83004
2018-08-21T21:45;2018-08-21T22:00;88;kWh;-101;10052;0;0;10153;9951
2018-08-21T22:00;2018-08-21T22:15;89;kWh;0;19701;0;0;19701;19701
2018-08-21T22:15;2018-08-21T22:30;90;kWh;0;25541;0;0;25541;25541
2018-08-21T22:30;2018-08-21T22:45;91;kWh;0;2914;0;0;2914;2914
2018-08-21T22:45;2018-08-21T23:00;92;kWh;0;1034;0;0;1034;1034
2018-08-21T23:00;2018-08-21T23:15;93;kWh;0;35267;0;0;35267;35267
2018-08-21T23:15;2018-08-21T23:30;94;kWh;0;86718;0;0;86718;86718
2018-08-21T23:30;2018-08-21T23:45;95;kWh;-171;28653;0;0;28824;28482
2018-08-21T23:45;2018-08-22T00:00;96;kWh;-16907;0;0;0;16907;-16907
2018-08-22T00:00;2018-08-22T00:15;1;kWh;-7165;23805;0;0;30970;16640
2018-08-22T00:15;2018-08-22T00:30;2;kWh;0;85000;0;0;88750;88750
2018-08-22T00:30;2018-08-22T00:45;3;kWh;-393;39781;0;0;43924;43138
2018-08-22T00:45;2018-08-22T01:00;4;kWh;-15422;0;0;0;15422;-15422
2018-08-22T01:00;2018-08-22T01:15;5;kWh;-2541;10411;0;0;12952;7870
2018-08-22T01:15;2018-08-22T01:30;6;kWh;0;16940;0;0;16940;16940
2018-08-22T01:30;2018-08-22T01:45;7;kWh;0;4060;0;0;4060;4060
2018-08-22T01:45;2018-08-22T02:00;8;kWh;0;3332;0;0;3332;3332
2018-08-22T02:00;2018-08-22T02:15;9;kWh;0;23766;0;0;23766;23766
2018-08-22T02:15;2018-08-22T02:30;10;kWh;0;28950;0;0;28950;28950
2018-08-22T02:30;2018-08-22T02:45;11;kWh;0;5533;0;0;5533;5533
2018-08-22T02:45;2018-08-22T03:00;12;kWh;0;549;0;0;549;549
2018-08-22T03:00;2018-08-22T03:15;13;kWh;0;13228;0;0;13228;13228
2018-08-22T03:15;2018-08-22T03:30;14;kWh;0;33216;0;0;33216;33216
2018-08-22T03:30;2018-08-22T03:45;15;kWh;0;7604;0;0;7604;7604
2018-08-22T03:45;2018-08-22T04:00;16;kWh;-8;0;0;0;8;-8
2018-08-22T04:00;2018-08-22T04:15;17;kWh;0;0;0;0;0;0
2018-08-22T04:15;2018-08-22T04:30;18;kWh;0;2332;0;0;2332;2332
2018-08-22T04:30;2018-08-22T04:45;19;kWh;0;6631;0;0;6631;6631
2018-08-22T04:45;2018-08-22T05:00;20;kWh;0;7644;0;0;7644;7644
2018-08-22T05:00;2018-08-22T05:15;21;kWh;0;1371;0;0;1371;1371
2018-08-22T05:15;2018-08-22T05:30;22;kWh;0;0;0;0;0;0
2018-08-22T05:30;2018-08-22T05:45;23;kWh;0;816;0;0;816;816
2018-08-22T05:45;2018-08-22T06:00;24;kWh;0;19355;0;0;19355;19355
2018-08-22T06:00;2018-08-22T06:15;25;kWh;0;15258;0;0;15258;15258
2018-08-22T06:15;2018-08-22T06:30;26;kWh;0;16395;0;0;16395;16395
2018-08-22T06:30;2018-08-22T06:45;27;kWh;0;65072;0;0;65072;65072
2018-08-22T06:45;2018-08-22T07:00;28;kWh;0;72937;0;0;72937;72937
2018-08-22T07:00;2018-08-22T07:15;29;kWh;-22077;15121;0;0;37198;-6956
2018-08-22T07:15;2018-08-22T07:30;30;kWh;-33480;0;0;0;33480;-33480
2018-08-22T07:30;2018-08-22T07:45;31;kWh;-3489;1235;0;0;4724;-2254
2018-08-22T07:45;2018-08-22T08:00;32;kWh;0;30257;0;0;30257;30257
2018-08-22T08:00;2018-08-22T08:15;33;kWh;-406;12338;0;0;12744;11932
2018-08-22T08:15;2018-08-22T08:30;34;kWh;0;24490;0;0;24490;24490
2018-08-22T08:30;2018-08-22T08:45;35;kWh;0;52160;0;0;52160;52160
2018-08-22T08:45;2018-08-22T09:00;36;kWh;0;51181;0;0;51181;51181
2018-08-22T09:00;2018-08-22T09:15;37;kWh;0;29218;0;0;29218;29218
2018-08-22T09:15;2018-08-22T09:30;38;kWh;0;9607;0;0;9607;9607
2018-08-22T09:30;2018-08-22T09:45;39;kWh;0;12033;0;0;12033;12033
2018-08-22T09:45;2018-08-22T10:00;40;kWh;-708;327;0;0;1035;-381
2018-08-22T10:00;2018-08-22T10:15;41;kWh;0;26063;0;0;26063;26063
2018-08-22T10:15;2018-08-22T10:30;42;kWh;0;16135;0;0;16135;16135
2018-08-22T10:30;2018-08-22T10:45;43;kWh;0;250;0;0;250;250
2018-08-22T10:45;2018-08-22T11:00;44;kWh;-12;0;0;0;12;-12
2018-08-22T11:00;2018-08-22T11:15;45;kWh;0;3394;0;0;3394;3394
2018-08-22T11:15;2018-08-22T11:30;46;kWh;0;7061;0;0;7061;7061
2018-08-22T11:30;2018-08-22T11:45;47;kWh;0;19527;0;0;19527;19527
2018-08-22T11:45;2018-08-22T12:00;48;kWh;0;14765;0;0;14765;14765
2018-08-22T12:00;2018-08-22T12:15;49;kWh;0;51789;0;0;51789;51789
2018-08-22T12:15;2018-08-22T12:30;50;kWh;0;62027;0;0;62027;62027
2018-08-22T12:30;2018-08-22T12:45;51;kWh;0;14298;0;0;14298;14298
2018-08-22T12:45;2018-08-22T13:00;52;kWh;0;36310;0;0;36310;36310
2018-08-22T13:00;2018-08-22T13:15;53;kWh;0;20146;0;0;20146;20146
2018-08-22T13:15;2018-08-22T13:30;54;kWh;0;6689;0;0;6689;6689
2018-08-22T13:30;2018-08-22T13:45;55;kWh;0;11834;0;0;11834;11834
2018-08-22T13:45;2018-08-22T14:00;56;kWh;0;16464;0;0;16464;16464
2018-08-22T14:00;2018-08-22T14:15;57;kWh;-412;969;0;0;1381;557
2018-08-22T14:15;2018-08-22T14:30;58;kWh;-334;0;0;0;334;-334
2018-08-22T14:30;2018-08-22T14:45;59;kWh;0;684;0;0;684;684
2018-08-22T14:45;2018-08-22T15:00;60;kWh;0;0;0;0;0;0
2018-08-22T15:00;2018-08-22T15:15;61;kWh;0;0;0;0;0;0
2018-08-22T15:15;2018-08-22T15:30;62;kWh;0;661;0;0;661;661
2018-08-22T15:30;2018-08-22T15:45;63;kWh;0;11633;0;0;11633;11633
2018-08-22T15:45;2018-08-22T16:00;64;kWh;0;20368;0;0;20368;20368
2018-08-22T16:00;2018-08-22T16:15;65;kWh;-327;10597;0;0;10924;10270
2018-08-22T16:15;2018-08-22T16:30;66;kWh;-33;578;0;0;611;545
2018-08-22T16:30;2018-08-22T16:45;67;kWh;0;17416;0;0;17416;17416
2018-08-22T16:45;2018-08-22T17:00;68;kWh;0;44209;0;0;44209;44209
2018-08-22T17:00;2018-08-22T17:15;69;kWh;0;14218;0;0;14218;14218
2018-08-22T17:15;2018-08-22T17:30;70;kWh;0;0;0;0;0;0
2018-08-22T17:30;2018-08-22T17:45;71;kWh;0;1109;0;0;1109;1109
2018-08-22T17:45;2018-08-22T18:00;72;kWh;0;32392;0;0;32392;32392
2018-08-22T18:00;2018-08-22T18:15;73;kWh;0;17553;0;0;17553;17553
2018-08-22T18:15;2018-08-22T18:30;74;kWh;0;44088;0;0;44088;44088
2018-08-22T18:30;2018-08-22T18:45;75;kWh;0;52651;0;0;52651;52651
2018-08-22T18:45;2018-08-22T19:00;76;kWh;0;40285;0;0;40285;40285
2018-08-22T19:00;2018-08-22T19:15;77;kWh;0;71724;0;0;71724;71724
2018-08-22T19:15;2018-08-22T19:30;78;kWh;0;80856;0;0;80856;80856
2018-08-22T19:30;2018-08-22T19:45;79;kWh;0;53739;0;0;53739;53739
2018-08-22T19:45;2018-08-22T20:00;80;kWh;0;27497;0;0;27497;27497
2018-08-22T20:00;2018-08-22T20:15;81;kWh;0;47047;0;0;47047;47047
2018-08-22T20:15;2018-08-22T20:30;82;kWh;0;57441;0;0;57441;57441
2018-08-22T20:30;2018-08-22T20:45;83;kWh;0;29756;0;0;29756;29756
2018-08-22T20:45;2018-08-22T21:00;84;kWh;0;16571;0;0;16571;16571
2018-08-22T21:00;2018-08-22T21:15;85;kWh;0;31879;0;0;31879;31879
2018-08-22T21:15;2018-08-22T21:30;86;kWh;0;84086;0;0;84086;84086
2018-08-22T21:30;2018-08-22T21:45;87;kWh;-4211;21604;0;0;30815;22393
2018-08-22T21:45;2018-08-22T22:00;88;kWh;-4573;0;0;0;4573;-4573
2018-08-22T22:00;2018-08-22T22:15;89;kWh;0;17452;0;0;17452;17452
2018-08-22T22:15;2018-08-22T22:30;90;kWh;0;12421;0;0;12421;12421
2018-08-22T22:30;2018-08-22T22:45;91;kWh;0;798;0;0;798;798
2018-08-22T22:45;2018-08-22T23:00;92;kWh;0;0;0;0;0;0
2018-08-22T23:00;2018-08-22T23:15;93;kWh;-2738;0;0;0;2738;-2738
2018-08-22T23:15;2018-08-22T23:30;94;kWh;-10120;0;0;0;10120;-10120
2018-08-22T23:30;2018-08-22T23:45;95;kWh;-5058;0;0;0;5058;-5058
2018-08-22T23:45;2018-08-23T00:00;96;kWh;-24352;0;0;0;24352;-24352
2018-08-23T00:00;2018-08-23T00:15;1;kWh;-14339;20042;0;0;34381;5703
2018-08-23T00:15;2018-08-23T00:30;2;kWh;0;38353;0;0;38353;38353
2018-08-23T00:30;2018-08-23T00:45;3;kWh;-1266;2547;0;0;3813;1281
2018-08-23T00:45;2018-08-23T01:00;4;kWh;-32714;0;0;0;32714;-32714
2018-08-23T01:00;2018-08-23T01:15;5;kWh;-13360;15771;0;0;29131;2411
2018-08-23T01:15;2018-08-23T01:30;6;kWh;0;62992;0;0;62992;62992
2018-08-23T01:30;2018-08-23T01:45;7;kWh;0;12965;0;0;12965;12965
2018-08-23T01:45;2018-08-23T02:00;8;kWh;-3798;1096;0;0;4894;-2702
2018-08-23T02:00;2018-08-23T02:15;9;kWh;-3279;17016;0;0;20295;13737
2018-08-23T02:15;2018-08-23T02:30;10;kWh;0;35718;0;0;35718;35718
2018-08-23T02:30;2018-08-23T02:45;11;kWh;0;9940;0;0;9940;9940
2018-08-23T02:45;2018-08-23T03:00;12;kWh;0;4142;0;0;4142;4142
2018-08-23T03:00;2018-08-23T03:15;13;kWh;0;5243;0;0;5243;5243
2018-08-23T03:15;2018-08-23T03:30;14;kWh;0;4828;0;0;4828;4828
2018-08-23T03:30;2018-08-23T03:45;15;kWh;0;2449;0;0;2449;2449
2018-08-23T03:45;2018-08-23T04:00;16;kWh;-1109;182;0;0;1291;-927
2018-08-23T04:00;2018-08-23T04:15;17;kWh;-687;880;0;0;1567;193
2018-08-23T04:15;2018-08-23T04:30;18;kWh;0;2925;0;0;2925;2925
2018-08-23T04:30;2018-08-23T04:45;19;kWh;0;2077;0;0;2077;2077
2018-08-23T04:45;2018-08-23T05:00;20;kWh;0;5556;0;0;5556;5556
2018-08-23T05:00;2018-08-23T05:15;21;kWh;0;2713;0;0;2713;2713
2018-08-23T05:15;2018-08-23T05:30;22;kWh;0;1142;0;0;1142;1142
2018-08-23T05:30;2018-08-23T05:45;23;kWh;0;3836;0;0;3836;3836
2018-08-23T05:45;2018-08-23T06:00;24;kWh;0;24950;0;0;24950;24950
2018-08-23T06:00;2018-08-23T06:15;25;kWh;-182;13041;0;0;13223;12859
2018-08-23T06:15;2018-08-23T06:30;26;kWh;-133;226;0;0;359;93
2018-08-23T06:30;2018-08-23T06:45;27;kWh;0;10302;0;0;10302;10302
2018-08-23T06:45;2018-08-23T07:00;28;kWh;0;54216;0;0;54216;54216
2018-08-23T07:00;2018-08-23T07:15;29;kWh;-4767;19567;0;0;24334;14800
2018-08-23T07:15;2018-08-23T07:30;30;kWh;-7;0;0;0;7;-7
2018-08-23T07:30;2018-08-23T07:45;31;kWh;0;357;0;0;357;357
2018-08-23T07:45;2018-08-23T08:00;32;kWh;0;22246;0;0;22246;22246
2018-08-23T08:00;2018-08-23T08:15;33;kWh;0;45236;0;0;45236;45236
2018-08-23T08:15;2018-08-23T08:30;34;kWh;-184;6532;0;0;6716;6348
2018-08-23T08:30;2018-08-23T08:45;35;kWh;0;34514;0;0;34514;34514
2018-08-23T08:45;2018-08-23T09:00;36;kWh;0;49678;0;0;49678;49678
2018-08-23T09:00;2018-08-23T09:15;37;kWh;0;50666;0;0;50666;50666
2018-08-23T09:15;2018-08-23T09:30;38;kWh;0;60633;0;0;60633;60633
2018-08-23T09:30;2018-08-23T09:45;39;kWh;0;81600;0;0;81600;81600
2018-08-23T09:45;2018-08-23T10:00;40;kWh;0;46958;0;0;46958;46958
2018-08-23T10:00;2018-08-23T10:15;41;kWh;0;60198;0;0;60198;60198
2018-08-23T10:15;2018-08-23T10:30;42;kWh;0;41830;0;0;41830;41830
2018-08-23T10:30;2018-08-23T10:45;43;kWh;-146;7684;0;0;7830;7538
2018-08-23T10:45;2018-08-23T11:00;44;kWh;-208;0;0;0;208;-208
2018-08-23T11:00;2018-08-23T11:15;45;kWh;0;7537;0;0;7537;7537
2018-08-23T11:15;2018-08-23T11:30;46;kWh;0;44503;0;0;44503;44503
2018-08-23T11:30;2018-08-23T11:45;47;kWh;-687;25571;0;0;26258;24884
2018-08-23T11:45;2018-08-23T12:00;48;kWh;0;42151;0;0;42151;42151
2018-08-23T12:00;2018-08-23T12:15;49;kWh;0;63655;0;0;63655;63655
2018-08-23T12:15;2018-08-23T12:30;50;kWh;0;9976;0;0;9976;9976
2018-08-23T12:30;2018-08-23T12:45;51;kWh;-5802;1797;0;0;7599;-4005
2018-08-23T12:45;2018-08-23T13:00;52;kWh;-43431;0;0;0;43431;-43431
2018-08-23T13:00;2018-08-23T13:15;53;kWh;-37101;0;0;0;37101;-37101
2018-08-23T13:15;2018-08-23T13:30;54;kWh;-7485;0;0;0;7485;-7485
2018-08-23T13:30;2018-08-23T13:45;55;kWh;-2856;0;0;0;2856;-2856
2018-08-23T13:45;2018-08-23T14:00;56;kWh;-520;0;0;0;520;-520
2018-08-23T14:00;2018-08-23T14:15;57;kWh;-170;49;0;0;219;-121
2018-08-23T14:15;2018-08-23T14:30;58;kWh;0;522;0;0;522;522
2018-08-23T14:30;2018-08-23T14:45;59;kWh;-482;126;0;0;608;-356
2018-08-23T14:45;2018-08-23T15:00;60;kWh;-8000;0;0;0;8000;-8000
2018-08-23T15:00;2018-08-23T15:15;61;kWh;-7100;10963;0;0;18063;3863
2018-08-23T15:15;2018-08-23T15:30;62;kWh;0;51837;0;0;51837;51837
2018-08-23T15:30;2018-08-23T15:45;63;kWh;0;36213;0;0;36213;36213
2018-08-23T15:45;2018-08-23T16:00;64;kWh;0;28405;0;0;28405;28405
2018-08-23T16:00;2018-08-23T16:15;65;kWh;0;17033;0;0;17033;17033
2018-08-23T16:15;2018-08-23T16:30;66;kWh;0;57500;0;0;57500;57500
2018-08-23T16:30;2018-08-23T16:45;67;kWh;0;56547;0;0;56547;56547
2018-08-23T16:45;2018-08-23T17:00;68;kWh;0;69182;0;0;69182;69182
2018-08-23T17:00;2018-08-23T17:15;69;kWh;-3533;23764;0;0;27297;20231
2018-08-23T17:15;2018-08-23T17:30;70;kWh;-44;8579;0;0;8623;8535
2018-08-23T17:30;2018-08-23T17:45;71;kWh;0;29830;0;0;29830;29830
2018-08-23T17:45;2018-08-23T18:00;72;kWh;0;50454;0;0;50454;50454
2018-08-23T18:00;2018-08-23T18:15;73;kWh;0;28579;0;0;28579;28579
2018-08-23T18:15;2018-08-23T18:30;74;kWh;0;4423;0;0;4423;4423
2018-08-23T18:30;2018-08-23T18:45;75;kWh;0;27064;0;0;27064;27064
2018-08-23T18:45;2018-08-23T19:00;76;kWh;0;55675;0;0;55675;55675
2018-08-23T19:00;2018-08-23T19:15;77;kWh;0;23174;0;0;23174;23174
2018-08-23T19:15;2018-08-23T19:30;78;kWh;-3467;2;0;0;3469;-3465
2018-08-23T19:30;2018-08-23T19:45;79;kWh;-3889;0;0;0;3889;-3889
2018-08-23T19:45;2018-08-23T20:00;80;kWh;-2236;0;0;0;2236;-2236
2018-08-23T20:00;2018-08-23T20:15;81;kWh;-12194;0;0;0;12194;-12194
2018-08-23T20:15;2018-08-23T20:30;82;kWh;-1918;0;0;0;1918;-1918
2018-08-23T20:30;2018-08-23T20:45;83;kWh;-38;0;0;0;38;-38
2018-08-23T20:45;2018-08-23T21:00;84;kWh;-398;0;0;0;398;-398
2018-08-23T21:00;2018-08-23T21:15;85;kWh;-411;0;0;0;411;-411
2018-08-23T21:15;2018-08-23T21:30;86;kWh;0;0;0;0;0;0
2018-08-23T21:30;2018-08-23T21:45;87;kWh;-133;0;0;0;133;-133
2018-08-23T21:45;2018-08-23T22:00;88;kWh;-8287;0;0;0;8287;-8287
2018-08-23T22:00;2018-08-23T22:15;89;kWh;-9433;51;0;0;9484;-9382
2018-08-23T22:15;2018-08-23T22:30;90;kWh;-2429;228;0;0;2657;-2201
2018-08-23T22:30;2018-08-23T22:45;91;kWh;-26208;0;0;0;26208;-26208
2018-08-23T22:45;2018-08-23T23:00;92;kWh;-59836;0;0;0;59836;-59836
2018-08-23T23:00;2018-08-23T23:15;93;kWh;-45903;521;0;0;46424;-45382
2018-08-23T23:15;2018-08-23T23:30;94;kWh;-1;10977;0;0;10978;10976
2018-08-23T23:30;2018-08-23T23:45;95;kWh;-13564;903;0;0;14467;-12661
2018-08-23T23:45;2018-08-24T00:00;96;kWh;-36861;0;0;0;36861;-36861
2018-08-24T00:00;2018-08-24T00:15;1;kWh;-5218;2874;0;0;8092;-2344
2018-08-24T00:15;2018-08-24T00:30;2;kWh;0;37702;0;0;37702;37702
2018-08-24T00:30;2018-08-24T00:45;3;kWh;0;76228;0;0;76228;76228
2018-08-24T00:45;2018-08-24T01:00;4;kWh;0;71688;0;0;71688;71688
2018-08-24T01:00;2018-08-24T01:15;5;kWh;0;8197;0;0;8197;8197
2018-08-24T01:15;2018-08-24T01:30;6;kWh;0;920;0;0;920;920
2018-08-24T01:30;2018-08-24T01:45;7;kWh;0;518;0;0;518;518
2018-08-24T01:45;2018-08-24T02:00;8;kWh;0;986;0;0;986;986
2018-08-24T02:00;2018-08-24T02:15;9;kWh;0;14879;0;0;14879;14879
2018-08-24T02:15;2018-08-24T02:30;10;kWh;0;25146;0;0;25146;25146
2018-08-24T02:30;2018-08-24T02:45;11;kWh;-729;6040;0;0;6769;5311
2018-08-24T02:45;2018-08-24T03:00;12;kWh;0;0;0;0;0;0
2018-08-24T03:00;2018-08-24T03:15;13;kWh;0;1283;0;0;1283;1283
2018-08-24T03:15;2018-08-24T03:30;14;kWh;0;13217;0;0;13217;13217
2018-08-24T03:30;2018-08-24T03:45;15;kWh;-4407;97;0;0;4504;-4310
2018-08-24T03:45;2018-08-24T04:00;16;kWh;-65296;0;0;0;65296;-65296
2018-08-24T04:00;2018-08-24T04:15;17;kWh;-30280;0;0;0;30280;-30280
2018-08-24T04:15;2018-08-24T04:30;18;kWh;-2785;0;0;0;2785;-2785
2018-08-24T04:30;2018-08-24T04:45;19;kWh;-6429;0;0;0;6429;-6429
2018-08-24T04:45;2018-08-24T05:00;20;kWh;-143;109;0;0;252;-34
2018-08-24T05:00;2018-08-24T05:15;21;kWh;0;2411;0;0;2411;2411
2018-08-24T05:15;2018-08-24T05:30;22;kWh;0;7637;0;0;7637;7637
2018-08-24T05:30;2018-08-24T05:45;23;kWh;0;12800;0;0;12800;12800
2018-08-24T05:45;2018-08-24T06:00;24;kWh;0;62195;0;0;62195;62195
2018-08-24T06:00;2018-08-24T06:15;25;kWh;0;22571;0;0;22571;22571
2018-08-24T06:15;2018-08-24T06:30;26;kWh;0;31547;0;0;31547;31547
2018-08-24T06:30;2018-08-24T06:45;27;kWh;0;8059;0;0;8059;8059
2018-08-24T06:45;2018-08-24T07:00;28;kWh;-787;0;0;0;787;-787
2018-08-24T07:00;2018-08-24T07:15;29;kWh;-40001;0;0;0;40001;-40001
2018-08-24T07:15;2018-08-24T07:30;30;kWh;-50041;0;0;0;50041;-50041
2018-08-24T07:30;2018-08-24T07:45;31;kWh;-14857;0;0;0;14857;-14857
2018-08-24T07:45;2018-08-24T08:00;32;kWh;-593;0;0;0;593;-593
2018-08-24T08:00;2018-08-24T08:15;33;kWh;-552;0;0;0;552;-552
2018-08-24T08:15;2018-08-24T08:30;34;kWh;-275;671;0;0;946;396
2018-08-24T08:30;2018-08-24T08:45;35;kWh;0;30988;0;0;30988;30988
2018-08-24T08:45;2018-08-24T09:00;36;kWh;-33;25984;0;0;26017;25951
2018-08-24T09:00;2018-08-24T09:15;37;kWh;-2769;1644;0;0;4413;-1125
2018-08-24T09:15;2018-08-24T09:30;38;kWh;0;0;0;0;0;0
2018-08-24T09:30;2018-08-24T09:45;39;kWh;-6498;0;0;0;6498;-6498
2018-08-24T09:45;2018-08-24T10:00;40;kWh;-51201;0;0;0;51201;-51201
2018-08-24T10:00;2018-08-24T10:15;41;kWh;-34943;0;0;0;34943;-34943
2018-08-24T10:15;2018-08-24T10:30;42;kWh;-34515;0;0;0;34515;-34515
2018-08-24T10:30;2018-08-24T10:45;43;kWh;-11881;235;0;0;12116;-11646
2018-08-24T10:45;2018-08-24T11:00;44;kWh;0;0;0;0;0;0
2018-08-24T11:00;2018-08-24T11:15;45;kWh;0;0;0;0;0;0
2018-08-24T11:15;2018-08-24T11:30;46;kWh;0;0;0;0;0;0
2018-08-24T11:30;2018-08-24T11:45;47;kWh;0;0;0;0;0;0
2018-08-24T11:45;2018-08-24T12:00;48;kWh;-239;0;0;0;239;-239
2018-08-24T12:00;2018-08-24T12:15;49;kWh;-34361;0;0;0;34361;-34361
2018-08-24T12:15;2018-08-24T12:30;50;kWh;-35635;0;0;0;35635;-35635
2018-08-24T12:30;2018-08-24T12:45;51;kWh;-69185;0;0;0;69185;-69185
2018-08-24T12:45;2018-08-24T13:00;52;kWh;-25537;0;0;0;25537;-25537
2018-08-24T13:00;2018-08-24T13:15;53;kWh;-50111;0;0;0;50111;-50111
2018-08-24T13:15;2018-08-24T13:30;54;kWh;-42452;0;0;0;42452;-42452
2018-08-24T13:30;2018-08-24T13:45;55;kWh;-81701;0;0;0;81701;-81701
2018-08-24T13:45;2018-08-24T14:00;56;kWh;-90316;0;0;0;90316;-90316
2018-08-24T14:00;2018-08-24T14:15;57;kWh;-109574;0;0;0;109574;-109574
2018-08-24T14:15;2018-08-24T14:30;58;kWh;-98416;0;0;0;98416;-98416
2018-08-24T14:30;2018-08-24T14:45;59;kWh;-81043;0;0;0;81043;-81043
2018-08-24T14:45;2018-08-24T15:00;60;kWh;-69756;0;0;0;69756;-69756
2018-08-24T15:00;2018-08-24T15:15;61;kWh;-48024;3;0;0;48027;-48021
2018-08-24T15:15;2018-08-24T15:30;62;kWh;-10548;30431;0;0;40979;19883
2018-08-24T15:30;2018-08-24T15:45;63;kWh;-4831;1129;0;0;5960;-3702
2018-08-24T15:45;2018-08-24T16:00;64;kWh;-14976;0;0;0;14976;-14976
2018-08-24T16:00;2018-08-24T16:15;65;kWh;-16301;0;0;0;16301;-16301
2018-08-24T16:15;2018-08-24T16:30;66;kWh;-713;1381;0;0;2094;668
2018-08-24T16:30;2018-08-24T16:45;67;kWh;-1323;1447;0;0;2770;124
2018-08-24T16:45;2018-08-24T17:00;68;kWh;-12343;0;0;0;12343;-12343
2018-08-24T17:00;2018-08-24T17:15;69;kWh;-32351;0;0;0;32351;-32351
2018-08-24T17:15;2018-08-24T17:30;70;kWh;-11441;276;0;0;11717;-11165
2018-08-24T17:30;2018-08-24T17:45;71;kWh;-743;42;0;0;785;-701
2018-08-24T17:45;2018-08-24T18:00;72;kWh;-7482;0;0;0;7482;-7482
2018-08-24T18:00;2018-08-24T18:15;73;kWh;-39869;0;0;0;39869;-39869
2018-08-24T18:15;2018-08-24T18:30;74;kWh;-77201;0;0;0;77201;-77201
2018-08-24T18:30;2018-08-24T18:45;75;kWh;-77105;0;0;0;77105;-77105
2018-08-24T18:45;2018-08-24T19:00;76;kWh;-70901;0;0;0;70901;-70901
2018-08-24T19:00;2018-08-24T19:15;77;kWh;-21971;630;0;0;22601;-21341
2018-08-24T19:15;2018-08-24T19:30;78;kWh;-11657;27;0;0;11684;-11630
2018-08-24T19:30;2018-08-24T19:45;79;kWh;-16526;0;0;0;16526;-16526
2018-08-24T19:45;2018-08-24T20:00;80;kWh;-16364;0;0;0;16364;-16364
2018-08-24T20:00;2018-08-24T20:15;81;kWh;-57187;0;0;0;57187;-57187
2018-08-24T20:15;2018-08-24T20:30;82;kWh;-35934;0;0;0;35934;-35934
2018-08-24T20:30;2018-08-24T20:45;83;kWh;-30373;0;0;0;30373;-30373
2018-08-24T20:45;2018-08-24T21:00;84;kWh;-8390;7348;0;0;15738;-1042
2018-08-24T21:00;2018-08-24T21:15;85;kWh;-9;32686;0;0;32695;32677
2018-08-24T21:15;2018-08-24T21:30;86;kWh;-35706;2449;0;0;38155;-33257
2018-08-24T21:30;2018-08-24T21:45;87;kWh;-76301;0;0;0;76301;-76301
2018-08-24T21:45;2018-08-24T22:00;88;kWh;-70751;0;0;0;70751;-70751
2018-08-24T22:00;2018-08-24T22:15;89;kWh;-28020;14;0;0;28034;-28006
2018-08-24T22:15;2018-08-24T22:30;90;kWh;0;1114;0;0;1114;1114
2018-08-24T22:30;2018-08-24T22:45;91;kWh;-612;137;0;0;749;-475
2018-08-24T22:45;2018-08-24T23:00;92;kWh;-11363;0;0;0;11363;-11363
2018-08-24T23:00;2018-08-24T23:15;93;kWh;-2356;0;0;0;2356;-2356
2018-08-24T23:15;2018-08-24T23:30;94;kWh;0;1616;0;0;1616;1616
2018-08-24T23:30;2018-08-24T23:45;95;kWh;0;5040;0;0;5040;5040
2018-08-24T23:45;2018-08-25T00:00;96;kWh;-3;483;0;0;486;480
2018-08-25T00:00;2018-08-25T00:15;1;kWh;-8826;0;0;0;8826;-8826
2018-08-25T00:15;2018-08-25T00:30;2;kWh;-93;1138;0;0;1231;1045
2018-08-25T00:30;2018-08-25T00:45;3;kWh;0;0;0;0;0;0
2018-08-25T00:45;2018-08-25T01:00;4;kWh;0;1278;0;0;1278;1278
2018-08-25T01:00;2018-08-25T01:15;5;kWh;-268;0;0;0;268;-268
2018-08-25T01:15;2018-08-25T01:30;6;kWh;0;0;0;0;0;0
2018-08-25T01:30;2018-08-25T01:45;7;kWh;0;5993;0;0;5993;5993
2018-08-25T01:45;2018-08-25T02:00;8;kWh;0;15366;0;0;15366;15366
2018-08-25T02:00;2018-08-25T02:15;9;kWh;-884;1392;0;0;2276;508
2018-08-25T02:15;2018-08-25T02:30;10;kWh;-603;0;0;0;603;-603
2018-08-25T02:30;2018-08-25T02:45;11;kWh;0;0;0;0;0;0
2018-08-25T02:45;2018-08-25T03:00;12;kWh;0;0;0;0;0;0
2018-08-25T03:00;2018-08-25T03:15;13;kWh;0;9748;0;0;9748;9748
2018-08-25T03:15;2018-08-25T03:30;14;kWh;0;8899;0;0;8899;8899
2018-08-25T03:30;2018-08-25T03:45;15;kWh;0;18083;0;0;18083;18083
2018-08-25T03:45;2018-08-25T04:00;16;kWh;0;36411;0;0;36411;36411
2018-08-25T04:00;2018-08-25T04:15;17;kWh;0;40775;0;0;40775;40775
2018-08-25T04:15;2018-08-25T04:30;18;kWh;0;22865;0;0;22865;22865
2018-08-25T04:30;2018-08-25T04:45;19;kWh;0;13927;0;0;13927;13927
2018-08-25T04:45;2018-08-25T05:00;20;kWh;0;30749;0;0;30749;30749
2018-08-25T05:00;2018-08-25T05:15;21;kWh;0;38255;0;0;38255;38255
2018-08-25T05:15;2018-08-25T05:30;22;kWh;0;33573;0;0;33573;33573
2018-08-25T05:30;2018-08-25T05:45;23;kWh;0;16407;0;0;16407;16407
2018-08-25T05:45;2018-08-25T06:00;24;kWh;0;666;0;0;666;666
2018-08-25T06:00;2018-08-25T06:15;25;kWh;0;49717;0;0;49717;49717
2018-08-25T06:15;2018-08-25T06:30;26;kWh;0;49622;0;0;49622;49622
2018-08-25T06:30;2018-08-25T06:45;27;kWh;0;27525;0;0;27525;27525
2018-08-25T06:45;2018-08-25T07:00;28;kWh;0;2108;0;0;2108;2108
2018-08-25T07:00;2018-08-25T07:15;29;kWh;0;15358;0;0;15358;15358
2018-08-25T07:15;2018-08-25T07:30;30;kWh;0;22989;0;0;22989;22989
2018-08-25T07:30;2018-08-25T07:45;31;kWh;0;31999;0;0;31999;31999
2018-08-25T07:45;2018-08-25T08:00;32;kWh;0;48343;0;0;48343;48343
2018-08-25T08:00;2018-08-25T08:15;33;kWh;0;30147;0;0;30147;30147
2018-08-25T08:15;2018-08-25T08:30;34;kWh;0;63176;0;0;63176;63176
2018-08-25T08:30;2018-08-25T08:45;35;kWh;0;95318;0;0;95318;95318
2018-08-25T08:45;2018-08-25T09:00;36;kWh;0;83494;0;0;83494;83494
2018-08-25T09:00;2018-08-25T09:15;37;kWh;-162;21191;0;0;21353;21029
2018-08-25T09:15;2018-08-25T09:30;38;kWh;0;0;0;0;0;0
2018-08-25T09:30;2018-08-25T09:45;39;kWh;0;266;0;0;266;266
2018-08-25T09:45;2018-08-25T10:00;40;kWh;0;231;0;0;231;231
2018-08-25T10:00;2018-08-25T10:15;41;kWh;-8744;0;0;0;8744;-8744
2018-08-25T10:15;2018-08-25T10:30;42;kWh;-35925;0;0;0;35925;-35925
2018-08-25T10:30;2018-08-25T10:45;43;kWh;-48966;0;0;0;48966;-48966
2018-08-25T10:45;2018-08-25T11:00;44;kWh;-69361;0;0;0;69361;-69361
2018-08-25T11:00;2018-08-25T11:15;45;kWh;-42463;0;0;0;42463;-42463
2018-08-25T11:15;2018-08-25T11:30;46;kWh;-43558;0;0;0;43558;-43558
2018-08-25T11:30;2018-08-25T11:45;47;kWh;-27451;0;0;0;27451;-27451
2018-08-25T11:45;2018-08-25T12:00;48;kWh;-28003;0;0;0;28003;-28003
2018-08-25T12:00;2018-08-25T12:15;49;kWh;-31267;0;0;0;31267;-31267
2018-08-25T12:15;2018-08-25T12:30;50;kWh;-25096;0;0;0;25096;-25096
2018-08-25T12:30;2018-08-25T12:45;51;kWh;-2999;6344;0;0;9343;3345
2018-08-25T12:45;2018-08-25T13:00;52;kWh;-75;144;0;0;219;69
2018-08-25T13:00;2018-08-25T13:15;53;kWh;0;22996;0;0;22996;22996
2018-08-25T13:15;2018-08-25T13:30;54;kWh;-1841;21685;0;0;23526;19844
2018-08-25T13:30;2018-08-25T13:45;55;kWh;-4958;817;0;0;5775;-4141
2018-08-25T13:45;2018-08-25T14:00;56;kWh;-4770;273;0;0;5043;-4497
2018-08-25T14:00;2018-08-25T14:15;57;kWh;-324;28191;0;0;28515;27867
2018-08-25T14:15;2018-08-25T14:30;58;kWh;-177;23910;0;0;24087;23733
2018-08-25T14:30;2018-08-25T14:45;59;kWh;-1171;1032;0;0;2203;-139
2018-08-25T14:45;2018-08-25T15:00;60;kWh;-10089;0;0;0;10089;-10089
2018-08-25T15:00;2018-08-25T15:15;61;kWh;-57952;0;0;0;57952;-57952
2018-08-25T15:15;2018-08-25T15:30;62;kWh;-6282;8823;0;0;15105;2541
2018-08-25T15:30;2018-08-25T15:45;63;kWh;-12493;179;0;0;12672;-12314
2018-08-25T15:45;2018-08-25T16:00;64;kWh;-22891;0;0;0;22891;-22891
2018-08-25T16:00;2018-08-25T16:15;65;kWh;-40208;0;0;0;40208;-40208
2018-08-25T16:15;2018-08-25T16:30;66;kWh;-21087;0;0;0;21087;-21087
2018-08-25T16:30;2018-08-25T16:45;67;kWh;-12162;180;0;0;12342;-11982
2018-08-25T16:45;2018-08-25T17:00;68;kWh;-8161;935;0;0;9096;-7226
2018-08-25T17:00;2018-08-25T17:15;69;kWh;-22281;0;0;0;22281;-22281
2018-08-25T17:15;2018-08-25T17:30;70;kWh;-19901;109;0;0;20010;-19792
2018-08-25T17:30;2018-08-25T17:45;71;kWh;-2293;32207;0;0;34500;29914
2018-08-25T17:45;2018-08-25T18:00;72;kWh;0;37144;0;0;37144;37144
2018-08-25T18:00;2018-08-25T18:15;73;kWh;-17070;11401;0;0;28471;-5669
2018-08-25T18:15;2018-08-25T18:30;74;kWh;-9489;238;0;0;9727;-9251
2018-08-25T18:30;2018-08-25T18:45;75;kWh;0;1769;0;0;1769;1769
2018-08-25T18:45;2018-08-25T19:00;76;kWh;0;4360;0;0;4360;4360
2018-08-25T19:00;2018-08-25T19:15;77;kWh;0;4562;0;0;4562;4562
2018-08-25T19:15;2018-08-25T19:30;78;kWh;0;3881;0;0;3881;3881
2018-08-25T19:30;2018-08-25T19:45;79;kWh;0;23735;0;0;23735;23735
2018-08-25T19:45;2018-08-25T20:00;80;kWh;-1676;7619;0;0;9295;5943
2018-08-25T20:00;2018-08-25T20:15;81;kWh;-29549;12;0;0;29561;-29537
2018-08-25T20:15;2018-08-25T20:30;82;kWh;-9716;0;0;0;9716;-9716
2018-08-25T20:30;2018-08-25T20:45;83;kWh;-15008;0;0;0;15008;-15008
2018-08-25T20:45;2018-08-25T21:00;84;kWh;-3667;11069;0;0;14736;7402
2018-08-25T21:00;2018-08-25T21:15;85;kWh;-545;7733;0;0;8278;7188
2018-08-25T21:15;2018-08-25T21:30;86;kWh;0;34883;0;0;34883;34883
2018-08-25T21:30;2018-08-25T21:45;87;kWh;-17317;4287;0;0;21604;-13030
2018-08-25T21:45;2018-08-25T22:00;88;kWh;-20172;0;0;0;20172;-20172
2018-08-25T22:00;2018-08-25T22:15;89;kWh;-37344;0;0;0;37344;-37344
2018-08-25T22:15;2018-08-25T22:30;90;kWh;-14644;0;0;0;14644;-14644
2018-08-25T22:30;2018-08-25T22:45;91;kWh;-5383;0;0;0;5383;-5383
2018-08-25T22:45;2018-08-25T23:00;92;kWh;-23805;0;0;0;23805;-23805
2018-08-25T23:00;2018-08-25T23:15;93;kWh;-21361;0;0;0;21361;-21361
2018-08-25T23:15;2018-08-25T23:30;94;kWh;-13196;0;0;0;13196;-13196
2018-08-25T23:30;2018-08-25T23:45;95;kWh;-38111;0;0;0;38111;-38111
2018-08-25T23:45;2018-08-26T00:00;96;kWh;-39376;0;0;0;39376;-39376
2018-08-26T00:00;2018-08-26T00:15;1;kWh;-58800;0;0;0;58800;-58800
2018-08-26T00:15;2018-08-26T00:30;2;kWh;-12298;398;0;0;12696;-11900
2018-08-26T00:30;2018-08-26T00:45;3;kWh;-44296;0;0;0;44296;-44296
2018-08-26T00:45;2018-08-26T01:00;4;kWh;-27389;0;0;0;27389;-27389
2018-08-26T01:00;2018-08-26T01:15;5;kWh;-35857;0;0;0;35857;-35857
2018-08-26T01:15;2018-08-26T01:30;6;kWh;-11913;701;0;0;12614;-11212
2018-08-26T01:30;2018-08-26T01:45;7;kWh;-54320;0;0;0;54320;-54320
2018-08-26T01:45;2018-08-26T02:00;8;kWh;-49514;0;0;0;49514;-49514
2018-08-26T02:00;2018-08-26T02:15;9;kWh;-28487;0;0;0;28487;-28487
2018-08-26T02:15;2018-08-26T02:30;10;kWh;-9739;0;0;0;9739;-9739
2018-08-26T02:30;2018-08-26T02:45;11;kWh;-8046;0;0;0;8046;-8046
2018-08-26T02:45;2018-08-26T03:00;12;kWh;-12397;0;0;0;12397;-12397
2018-08-26T03:00;2018-08-26T03:15;13;kWh;-8948;0;0;0;8948;-8948
2018-08-26T03:15;2018-08-26T03:30;14;kWh;-2516;0;0;0;2516;-2516
2018-08-26T03:30;2018-08-26T03:45;15;kWh;-124;0;0;0;124;-124
2018-08-26T03:45;2018-08-26T04:00;16;kWh;-16946;0;0;0;16946;-16946
2018-08-26T04:00;2018-08-26T04:15;17;kWh;-15563;0;0;0;15563;-15563
2018-08-26T04:15;2018-08-26T04:30;18;kWh;-197;0;0;0;197;-197
2018-08-26T04:30;2018-08-26T04:45;19;kWh;0;0;0;0;0;0
2018-08-26T04:45;2018-08-26T05:00;20;kWh;0;0;0;0;0;0
2018-08-26T05:00;2018-08-26T05:15;21;kWh;0;0;0;0;0;0
2018-08-26T05:15;2018-08-26T05:30;22;kWh;-1405;0;0;0;1405;-1405
2018-08-26T05:30;2018-08-26T05:45;23;kWh;-2105;0;0;0;2105;-2105
2018-08-26T05:45;2018-08-26T06:00;24;kWh;-502;0;0;0;502;-502
2018-08-26T06:00;2018-08-26T06:15;25;kWh;-323;0;0;0;323;-323
2018-08-26T06:15;2018-08-26T06:30;26;kWh;0;0;0;0;0;0
2018-08-26T06:30;2018-08-26T06:45;27;kWh;0;0;0;0;0;0
2018-08-26T06:45;2018-08-26T07:00;28;kWh;0;0;0;0;0;0
2018-08-26T07:00;2018-08-26T07:15;29;kWh;-1480;0;0;0;1480;-1480
2018-08-26T07:15;2018-08-26T07:30;30;kWh;-1501;0;0;0;1501;-1501
2018-08-26T07:30;2018-08-26T07:45;31;kWh;-1121;0;0;0;1121;-1121
2018-08-26T07:45;2018-08-26T08:00;32;kWh;-25;0;0;0;25;-25
2018-08-26T08:00;2018-08-26T08:15;33;kWh;-22941;0;0;0;22941;-22941
2018-08-26T08:15;2018-08-26T08:30;34;kWh;-26296;0;0;0;26296;-26296
2018-08-26T08:30;2018-08-26T08:45;35;kWh;-34358;0;0;0;34358;-34358
2018-08-26T08:45;2018-08-26T09:00;36;kWh;-28846;0;0;0;28846;-28846
2018-08-26T09:00;2018-08-26T09:15;37;kWh;-21856;0;0;0;21856;-21856
2018-08-26T09:15;2018-08-26T09:30;38;kWh;-2141;0;0;0;2141;-2141
2018-08-26T09:30;2018-08-26T09:45;39;kWh;-5569;0;0;0;5569;-5569
2018-08-26T09:45;2018-08-26T10:00;40;kWh;-37997;0;0;0;37997;-37997
2018-08-26T10:00;2018-08-26T10:15;41;kWh;-46572;0;0;0;46572;-46572
2018-08-26T10:15;2018-08-26T10:30;42;kWh;-67003;0;0;0;67003;-67003
2018-08-26T10:30;2018-08-26T10:45;43;kWh;-106917;0;0;0;106917;-106917
2018-08-26T10:45;2018-08-26T11:00;44;kWh;-102999;0;0;0;102999;-102999
2018-08-26T11:00;2018-08-26T11:15;45;kWh;-98470;0;0;0;98470;-98470
2018-08-26T11:15;2018-08-26T11:30;46;kWh;-58946;0;0;0;58946;-58946
2018-08-26T11:30;2018-08-26T11:45;47;kWh;-30076;0;0;0;30076;-30076
2018-08-26T11:45;2018-08-26T12:00;48;kWh;-31588;0;0;0;31588;-31588
2018-08-26T12:00;2018-08-26T12:15;49;kWh;-45294;0;0;0;45294;-45294
2018-08-26T12:15;2018-08-26T12:30;50;kWh;-67118;0;0;0;67118;-67118
2018-08-26T12:30;2018-08-26T12:45;51;kWh;-61908;0;0;0;61908;-61908
2018-08-26T12:45;2018-08-26T13:00;52;kWh;-62181;0;0;0;62181;-62181
2018-08-26T13:00;2018-08-26T13:15;53;kWh;-45638;0;0;0;45638;-45638
2018-08-26T13:15;2018-08-26T13:30;54;kWh;-61614;0;0;0;61614;-61614
2018-08-26T13:30;2018-08-26T13:45;55;kWh;-49441;0;0;0;49441;-49441
2018-08-26T13:45;2018-08-26T14:00;56;kWh;-65710;0;0;0;65710;-65710
2018-08-26T14:00;2018-08-26T14:15;57;kWh;-44802;0;0;0;44802;-44802
2018-08-26T14:15;2018-08-26T14:30;58;kWh;-106;253;0;0;359;147
2018-08-26T14:30;2018-08-26T14:45;59;kWh;-9907;0;0;0;9907;-9907
2018-08-26T14:45;2018-08-26T15:00;60;kWh;-19958;0;0;0;19958;-19958
2018-08-26T15:00;2018-08-26T15:15;61;kWh;-21525;0;0;0;21525;-21525
2018-08-26T15:15;2018-08-26T15:30;62;kWh;-5593;0;0;0;5593;-5593
2018-08-26T15:30;2018-08-26T15:45;63;kWh;-15177;0;0;0;15177;-15177
2018-08-26T15:45;2018-08-26T16:00;64;kWh;-12625;0;0;0;12625;-12625
2018-08-26T16:00;2018-08-26T16:15;65;kWh;-11334;0;0;0;11334;-11334
2018-08-26T16:15;2018-08-26T16:30;66;kWh;-1201;0;0;0;1201;-1201
2018-08-26T16:30;2018-08-26T16:45;67;kWh;0;156;0;0;156;156
2018-08-26T16:45;2018-08-26T17:00;68;kWh;0;0;0;0;0;0
2018-08-26T17:00;2018-08-26T17:15;69;kWh;-2316;0;0;0;2316;-2316
2018-08-26T17:15;2018-08-26T17:30;70;kWh;-8471;0;0;0;8471;-8471
2018-08-26T17:30;2018-08-26T17:45;71;kWh;-248;0;0;0;248;-248
2018-08-26T17:45;2018-08-26T18:00;72;kWh;0;3;0;0;3;3
2018-08-26T18:00;2018-08-26T18:15;73;kWh;0;6689;0;0;6689;6689
2018-08-26T18:15;2018-08-26T18:30;74;kWh;0;3969;0;0;3969;3969
2018-08-26T18:30;2018-08-26T18:45;75;kWh;-1332;6;0;0;1338;-1326
2018-08-26T18:45;2018-08-26T19:00;76;kWh;0;0;0;0;0;0
2018-08-26T19:00;2018-08-26T19:15;77;kWh;-420;0;0;0;420;-420
2018-08-26T19:15;2018-08-26T19:30;78;kWh;0;0;0;0;0;0
2018-08-26T19:30;2018-08-26T19:45;79;kWh;0;0;0;0;0;0
2018-08-26T19:45;2018-08-26T20:00;80;kWh;0;0;0;0;0;0
2018-08-26T20:00;2018-08-26T20:15;81;kWh;-22;0;0;0;22;-22
2018-08-26T20:15;2018-08-26T20:30;82;kWh;-1549;0;0;0;1549;-1549
2018-08-26T20:30;2018-08-26T20:45;83;kWh;0;0;0;0;0;0
2018-08-26T20:45;2018-08-26T21:00;84;kWh;0;1015;0;0;1015;1015
2018-08-26T21:00;2018-08-26T21:15;85;kWh;0;943;0;0;943;943
2018-08-26T21:15;2018-08-26T21:30;86;kWh;0;56;0;0;56;56
2018-08-26T21:30;2018-08-26T21:45;87;kWh;-5729;0;0;0;5729;-5729
2018-08-26T21:45;2018-08-26T22:00;88;kWh;-38723;0;0;0;38723;-38723
2018-08-26T22:00;2018-08-26T22:15;89;kWh;-6740;7904;0;0;14644;1164
2018-08-26T22:15;2018-08-26T22:30;90;kWh;0;13038;0;0;13038;13038
2018-08-26T22:30;2018-08-26T22:45;91;kWh;0;10704;0;0;10704;10704
2018-08-26T22:45;2018-08-26T23:00;92;kWh;-8217;980;0;0;9197;-7237
2018-08-26T23:00;2018-08-26T23:15;93;kWh;-907;1380;0;0;2287;473
2018-08-26T23:15;2018-08-26T23:30;94;kWh;0;97;0;0;97;97
2018-08-26T23:30;2018-08-26T23:45;95;kWh;0;0;0;0;0;0
2018-08-26T23:45;2018-08-27T00:00;96;kWh;-3487;0;0;0;3487;-3487
2018-08-27T00:00;2018-08-27T00:15;1;kWh;-4056;3550;0;0;7606;-506
2018-08-27T00:15;2018-08-27T00:30;2;kWh;-31;20163;0;0;20194;20132
2018-08-27T00:30;2018-08-27T00:45;3;kWh;-28169;931;0;0;29100;-27238
2018-08-27T00:45;2018-08-27T01:00;4;kWh;-44049;0;0;0;44049;-44049
2018-08-27T01:00;2018-08-27T01:15;5;kWh;-36267;2612;0;0;38879;-33655
2018-08-27T01:15;2018-08-27T01:30;6;kWh;-197;19640;0;0;19837;19443
2018-08-27T01:30;2018-08-27T01:45;7;kWh;-21;292;0;0;313;271
2018-08-27T01:45;2018-08-27T02:00;8;kWh;-697;732;0;0;1429;35
2018-08-27T02:00;2018-08-27T02:15;9;kWh;-31790;0;0;0;31790;-31790
2018-08-27T02:15;2018-08-27T02:30;10;kWh;-42880;0;0;0;42880;-42880
2018-08-27T02:30;2018-08-27T02:45;11;kWh;-41729;0;0;0;41729;-41729
2018-08-27T02:45;2018-08-27T03:00;12;kWh;-37654;0;0;0;37654;-37654
2018-08-27T03:00;2018-08-27T03:15;13;kWh;-6251;2076;0;0;8327;-4175
2018-08-27T03:15;2018-08-27T03:30;14;kWh;0;10358;0;0;10358;10358
2018-08-27T03:30;2018-08-27T03:45;15;kWh;0;13482;0;0;13482;13482
2018-08-27T03:45;2018-08-27T04:00;16;kWh;0;17876;0;0;17876;17876
2018-08-27T04:00;2018-08-27T04:15;17;kWh;-15338;5939;0;0;21277;-9399
2018-08-27T04:15;2018-08-27T04:30;18;kWh;-13761;0;0;0;13761;-13761
2018-08-27T04:30;2018-08-27T04:45;19;kWh;-13003;0;0;0;13003;-13003
2018-08-27T04:45;2018-08-27T05:00;20;kWh;-3208;1612;0;0;4820;-1596
2018-08-27T05:00;2018-08-27T05:15;21;kWh;-68682;0;0;0;68682;-68682
2018-08-27T05:15;2018-08-27T05:30;22;kWh;-74162;0;0;0;74162;-74162
2018-08-27T05:30;2018-08-27T05:45;23;kWh;-27636;0;0;0;27636;-27636
2018-08-27T05:45;2018-08-27T06:00;24;kWh;-6283;951;0;0;7234;-5332
2018-08-27T06:00;2018-08-27T06:15;25;kWh;0;46138;0;0;46138;46138
2018-08-27T06:15;2018-08-27T06:30;26;kWh;-972;28791;0;0;29763;27819
2018-08-27T06:30;2018-08-27T06:45;27;kWh;-9996;0;0;0;9996;-9996
2018-08-27T06:45;2018-08-27T07:00;28;kWh;-16941;0;0;0;16941;-16941
2018-08-27T07:00;2018-08-27T07:15;29;kWh;-52288;0;0;0;52288;-52288
2018-08-27T07:15;2018-08-27T07:30;30;kWh;-18595;0;0;0;18595;-18595
2018-08-27T07:30;2018-08-27T07:45;31;kWh;-814;1584;0;0;2398;770
2018-08-27T07:45;2018-08-27T08:00;32;kWh;0;9651;0;0;9651;9651
2018-08-27T08:00;2018-08-27T08:15;33;kWh;0;30841;0;0;30841;30841
2018-08-27T08:15;2018-08-27T08:30;34;kWh;0;16353;0;0;16353;16353
2018-08-27T08:30;2018-08-27T08:45;35;kWh;0;18916;0;0;18916;18916
2018-08-27T08:45;2018-08-27T09:00;36;kWh;0;34112;0;0;34112;34112
2018-08-27T09:00;2018-08-27T09:15;37;kWh;0;53445;0;0;53445;53445
2018-08-27T09:15;2018-08-27T09:30;38;kWh;0;46768;0;0;46768;46768
2018-08-27T09:30;2018-08-27T09:45;39;kWh;0;34645;0;0;34645;34645
2018-08-27T09:45;2018-08-27T10:00;40;kWh;-1524;6458;0;0;7982;4934
2018-08-27T10:00;2018-08-27T10:15;41;kWh;-1726;3377;0;0;5103;1651
2018-08-27T10:15;2018-08-27T10:30;42;kWh;0;3289;0;0;3289;3289
2018-08-27T10:30;2018-08-27T10:45;43;kWh;-1746;645;0;0;2391;-1101
2018-08-27T10:45;2018-08-27T11:00;44;kWh;-18960;0;0;0;18960;-18960
2018-08-27T11:00;2018-08-27T11:15;45;kWh;-28045;0;0;0;28045;-28045
2018-08-27T11:15;2018-08-27T11:30;46;kWh;-13425;918;0;0;14343;-12507
2018-08-27T11:30;2018-08-27T11:45;47;kWh;-205;556;0;0;761;351
2018-08-27T11:45;2018-08-27T12:00;48;kWh;-2995;158;0;0;3153;-2837
2018-08-27T12:00;2018-08-27T12:15;49;kWh;-31250;0;0;0;31250;-31250
2018-08-27T12:15;2018-08-27T12:30;50;kWh;-31633;0;0;0;31633;-31633
2018-08-27T12:30;2018-08-27T12:45;51;kWh;-35041;0;0;0;35041;-35041
2018-08-27T12:45;2018-08-27T13:00;52;kWh;-21142;0;0;0;21142;-21142
2018-08-27T13:00;2018-08-27T13:15;53;kWh;-7099;1684;0;0;8783;-5415
2018-08-27T13:15;2018-08-27T13:30;54;kWh;0;1591;0;0;1591;1591
2018-08-27T13:30;2018-08-27T13:45;55;kWh;0;7634;0;0;7634;7634
2018-08-27T13:45;2018-08-27T14:00;56;kWh;0;19934;0;0;19934;19934
2018-08-27T14:00;2018-08-27T14:15;57;kWh;0;23618;0;0;23618;23618
2018-08-27T14:15;2018-08-27T14:30;58;kWh;-446;10039;0;0;10485;9593
2018-08-27T14:30;2018-08-27T14:45;59;kWh;0;1231;0;0;1231;1231
2018-08-27T14:45;2018-08-27T15:00;60;kWh;0;7902;0;0;7902;7902
2018-08-27T15:00;2018-08-27T15:15;61;kWh;-208;5367;0;0;5575;5159
2018-08-27T15:15;2018-08-27T15:30;62;kWh;0;22205;0;0;22205;22205
2018-08-27T15:30;2018-08-27T15:45;63;kWh;0;54258;0;0;54258;54258
2018-08-27T15:45;2018-08-27T16:00;64;kWh;0;76270;0;0;76270;76270
2018-08-27T16:00;2018-08-27T16:15;65;kWh;-2269;19518;0;0;21787;17249
2018-08-27T16:15;2018-08-27T16:30;66;kWh;-176;7242;0;0;7418;7066
2018-08-27T16:30;2018-08-27T16:45;67;kWh;0;7321;0;0;7321;7321
2018-08-27T16:45;2018-08-27T17:00;68;kWh;0;3983;0;0;3983;3983
2018-08-27T17:00;2018-08-27T17:15;69;kWh;-12874;695;0;0;13569;-12179
2018-08-27T17:15;2018-08-27T17:30;70;kWh;-7341;5717;0;0;13058;-1624
2018-08-27T17:30;2018-08-27T17:45;71;kWh;0;15781;0;0;15781;15781
2018-08-27T17:45;2018-08-27T18:00;72;kWh;0;16215;0;0;16215;16215
2018-08-27T18:00;2018-08-27T18:15;73;kWh;0;46027;0;0;46027;46027
2018-08-27T18:15;2018-08-27T18:30;74;kWh;0;29740;0;0;29740;29740
2018-08-27T18:30;2018-08-27T18:45;75;kWh;0;35471;0;0;35471;35471
2018-08-27T18:45;2018-08-27T19:00;76;kWh;0;30448;0;0;30448;30448
2018-08-27T19:00;2018-08-27T19:15;77;kWh;0;53240;0;0;53240;53240
2018-08-27T19:15;2018-08-27T19:30;78;kWh;0;66221;0;0;66221;66221
2018-08-27T19:30;2018-08-27T19:45;79;kWh;0;72562;0;0;72562;72562
2018-08-27T19:45;2018-08-27T20:00;80;kWh;0;55806;0;0;55806;55806
2018-08-27T20:00;2018-08-27T20:15;81;kWh;-3962;26479;0;0;30441;22517
2018-08-27T20:15;2018-08-27T20:30;82;kWh;-5829;4315;0;0;10144;-1514
2018-08-27T20:30;2018-08-27T20:45;83;kWh;0;33253;0;0;33253;33253
2018-08-27T20:45;2018-08-27T21:00;84;kWh;0;40916;0;0;40916;40916
2018-08-27T21:00;2018-08-27T21:15;85;kWh;0;35863;0;0;35863;35863
2018-08-27T21:15;2018-08-27T21:30;86;kWh;0;16863;0;0;16863;16863
2018-08-27T21:30;2018-08-27T21:45;87;kWh;-7277;1830;0;0;9107;-5447
2018-08-27T21:45;2018-08-27T22:00;88;kWh;-19068;0;0;0;19068;-19068
2018-08-27T22:00;2018-08-27T22:15;89;kWh;-30143;0;0;0;30143;-30143
2018-08-27T22:15;2018-08-27T22:30;90;kWh;-23215;0;0;0;23215;-23215
2018-08-27T22:30;2018-08-27T22:45;91;kWh;-24921;0;0;0;24921;-24921
2018-08-27T22:45;2018-08-27T23:00;92;kWh;-47073;0;0;0;47073;-47073
2018-08-27T23:00;2018-08-27T23:15;93;kWh;-35162;0;0;0;35162;-35162
2018-08-27T23:15;2018-08-27T23:30;94;kWh;-26548;0;0;0;26548;-26548
2018-08-27T23:30;2018-08-27T23:45;95;kWh;-40109;0;0;0;40109;-40109
2018-08-27T23:45;2018-08-28T00:00;96;kWh;-53543;0;0;0;53543;-53543
2018-08-28T00:00;2018-08-28T00:15;1;kWh;-14178;11858;0;0;26036;-2320
2018-08-28T00:15;2018-08-28T00:30;2;kWh;-2349;1042;0;0;3391;-1307
2018-08-28T00:30;2018-08-28T00:45;3;kWh;-33105;0;0;0;33105;-33105
2018-08-28T00:45;2018-08-28T01:00;4;kWh;-41623;0;0;0;41623;-41623
2018-08-28T01:00;2018-08-28T01:15;5;kWh;-52716;0;0;0;52716;-52716
2018-08-28T01:15;2018-08-28T01:30;6;kWh;-46818;0;0;0;46818;-46818
2018-08-28T01:30;2018-08-28T01:45;7;kWh;-37950;0;0;0;37950;-37950
2018-08-28T01:45;2018-08-28T02:00;8;kWh;-27381;0;0;0;27381;-27381
2018-08-28T02:00;2018-08-28T02:15;9;kWh;-14886;4791;0;0;19677;-10095
2018-08-28T02:15;2018-08-28T02:30;10;kWh;-54;7812;0;0;7866;7758
2018-08-28T02:30;2018-08-28T02:45;11;kWh;0;303;0;0;303;303
2018-08-28T02:45;2018-08-28T03:00;12;kWh;0;717;0;0;717;717
2018-08-28T03:00;2018-08-28T03:15;13;kWh;0;6885;0;0;6885;6885
2018-08-28T03:15;2018-08-28T03:30;14;kWh;0;12528;0;0;12528;12528
2018-08-28T03:30;2018-08-28T03:45;15;kWh;0;8271;0;0;8271;8271
2018-08-28T03:45;2018-08-28T04:00;16;kWh;0;2590;0;0;2590;2590
2018-08-28T04:00;2018-08-28T04:15;17;kWh;0;1827;0;0;1827;1827
2018-08-28T04:15;2018-08-28T04:30;18;kWh;0;15717;0;0;15717;15717
2018-08-28T04:30;2018-08-28T04:45;19;kWh;0;15658;0;0;15658;15658
2018-08-28T04:45;2018-08-28T05:00;20;kWh;-30;21656;0;0;21686;21626
2018-08-28T05:00;2018-08-28T05:15;21;kWh;-1126;2481;0;0;3607;1355
2018-08-28T05:15;2018-08-28T05:30;22;kWh;-6950;0;0;0;6950;-6950
2018-08-28T05:30;2018-08-28T05:45;23;kWh;-424;808;0;0;1232;384
2018-08-28T05:45;2018-08-28T06:00;24;kWh;0;16066;0;0;16066;16066
2018-08-28T06:00;2018-08-28T06:15;25;kWh;0;62243;0;19500;81743;81743
2018-08-28T06:15;2018-08-28T06:30;26;kWh;0;28540;0;6500;35040;35040
2018-08-28T06:30;2018-08-28T06:45;27;kWh;0;53737;0;0;53737;53737
2018-08-28T06:45;2018-08-28T07:00;28;kWh;0;96778;0;0;96778;96778
2018-08-28T07:00;2018-08-28T07:15;29;kWh;-413;32757;0;0;38170;37344
2018-08-28T07:15;2018-08-28T07:30;30;kWh;-294;0;0;0;294;-294
2018-08-28T07:30;2018-08-28T07:45;31;kWh;0;10115;0;0;10115;10115
2018-08-28T07:45;2018-08-28T08:00;32;kWh;0;72826;0;0;72826;72826
2018-08-28T08:00;2018-08-28T08:15;33;kWh;-1948;13631;0;0;16829;12933
2018-08-28T08:15;2018-08-28T08:30;34;kWh;0;0;0;0;0;0
2018-08-28T08:30;2018-08-28T08:45;35;kWh;0;0;0;0;0;0
2018-08-28T08:45;2018-08-28T09:00;36;kWh;0;0;0;0;0;0
2018-08-28T09:00;2018-08-28T09:15;37;kWh;-5512;204;0;0;5716;-5308
2018-08-28T09:15;2018-08-28T09:30;38;kWh;-12;22262;0;0;22274;22250
2018-08-28T09:30;2018-08-28T09:45;39;kWh;0;38267;0;0;38267;38267
2018-08-28T09:45;2018-08-28T10:00;40;kWh;0;25389;0;0;25389;25389
2018-08-28T10:00;2018-08-28T10:15;41;kWh;0;24754;0;0;24754;24754
2018-08-28T10:15;2018-08-28T10:30;42;kWh;0;24549;0;0;24549;24549
2018-08-28T10:30;2018-08-28T10:45;43;kWh;0;11642;0;0;11642;11642
2018-08-28T10:45;2018-08-28T11:00;44;kWh;0;1336;0;0;1336;1336
2018-08-28T11:00;2018-08-28T11:15;45;kWh;-13918;0;0;0;13918;-13918
2018-08-28T11:15;2018-08-28T11:30;46;kWh;-17633;172;0;0;17805;-17461
2018-08-28T11:30;2018-08-28T11:45;47;kWh;-15081;44;0;0;15125;-15037
2018-08-28T11:45;2018-08-28T12:00;48;kWh;-22840;119;0;0;22959;-22721
2018-08-28T12:00;2018-08-28T12:15;49;kWh;-95;8336;0;0;8431;8241
2018-08-28T12:15;2018-08-28T12:30;50;kWh;0;3402;0;0;3402;3402
2018-08-28T12:30;2018-08-28T12:45;51;kWh;0;2169;0;0;2169;2169
2018-08-28T12:45;2018-08-28T13:00;52;kWh;-2;2512;0;0;2514;2510
2018-08-28T13:00;2018-08-28T13:15;53;kWh;-571;680;0;0;1251;109
2018-08-28T13:15;2018-08-28T13:30;54;kWh;0;21387;0;0;21387;21387
2018-08-28T13:30;2018-08-28T13:45;55;kWh;0;11433;0;0;11433;11433
2018-08-28T13:45;2018-08-28T14:00;56;kWh;0;6687;0;0;6687;6687
2018-08-28T14:00;2018-08-28T14:15;57;kWh;0;17927;0;0;17927;17927
2018-08-28T14:15;2018-08-28T14:30;58;kWh;0;21627;0;0;21627;21627
2018-08-28T14:30;2018-08-28T14:45;59;kWh;0;8013;0;0;8013;8013
2018-08-28T14:45;2018-08-28T15:00;60;kWh;-38;5217;0;0;5255;5179
2018-08-28T15:00;2018-08-28T15:15;61;kWh;-574;581;0;0;1155;7
2018-08-28T15:15;2018-08-28T15:30;62;kWh;0;3801;0;0;3801;3801
2018-08-28T15:30;2018-08-28T15:45;63;kWh;0;24304;0;0;24304;24304
2018-08-28T15:45;2018-08-28T16:00;64;kWh;0;15938;0;0;15938;15938
2018-08-28T16:00;2018-08-28T16:15;65;kWh;-62;2805;0;0;2867;2743
2018-08-28T16:15;2018-08-28T16:30;66;kWh;0;12;0;0;12;12
2018-08-28T16:30;2018-08-28T16:45;67;kWh;0;1297;0;0;1297;1297
2018-08-28T16:45;2018-08-28T17:00;68;kWh;0;6236;0;0;6236;6236
2018-08-28T17:00;2018-08-28T17:15;69;kWh;0;5285;0;0;5285;5285
2018-08-28T17:15;2018-08-28T17:30;70;kWh;0;7348;0;0;7348;7348
2018-08-28T17:30;2018-08-28T17:45;71;kWh;0;14398;0;0;14398;14398
2018-08-28T17:45;2018-08-28T18:00;72;kWh;0;8592;0;0;8592;8592
2018-08-28T18:00;2018-08-28T18:15;73;kWh;0;409;0;0;409;409
2018-08-28T18:15;2018-08-28T18:30;74;kWh;0;62;0;0;62;62
2018-08-28T18:30;2018-08-28T18:45;75;kWh;0;2336;0;0;2336;2336
2018-08-28T18:45;2018-08-28T19:00;76;kWh;0;3027;0;0;3027;3027
2018-08-28T19:00;2018-08-28T19:15;77;kWh;0;2784;0;0;2784;2784
2018-08-28T19:15;2018-08-28T19:30;78;kWh;0;2746;0;0;2746;2746
2018-08-28T19:30;2018-08-28T19:45;79;kWh;0;17150;0;0;17150;17150
2018-08-28T19:45;2018-08-28T20:00;80;kWh;0;21842;0;0;21842;21842
2018-08-28T20:00;2018-08-28T20:15;81;kWh;0;2725;0;0;2725;2725
2018-08-28T20:15;2018-08-28T20:30;82;kWh;0;0;0;0;0;0
2018-08-28T20:30;2018-08-28T20:45;83;kWh;0;16;0;0;16;16
2018-08-28T20:45;2018-08-28T21:00;84;kWh;0;5079;0;0;5079;5079
2018-08-28T21:00;2018-08-28T21:15;85;kWh;0;48359;0;0;48359;48359
2018-08-28T21:15;2018-08-28T21:30;86;kWh;-168;24640;0;0;24808;24472
2018-08-28T21:30;2018-08-28T21:45;87;kWh;-135;36;0;0;171;-99
2018-08-28T21:45;2018-08-28T22:00;88;kWh;-4965;0;0;0;4965;-4965
2018-08-28T22:00;2018-08-28T22:15;89;kWh;-7461;0;0;0;7461;-7461
2018-08-28T22:15;2018-08-28T22:30;90;kWh;-5547;0;0;0;5547;-5547
2018-08-28T22:30;2018-08-28T22:45;91;kWh;-27896;0;0;0;27896;-27896
2018-08-28T22:45;2018-08-28T23:00;92;kWh;-60414;0;0;0;60414;-60414
2018-08-28T23:00;2018-08-28T23:15;93;kWh;-32118;0;0;0;32118;-32118
2018-08-28T23:15;2018-08-28T23:30;94;kWh;-43533;0;0;0;43533;-43533
2018-08-28T23:30;2018-08-28T23:45;95;kWh;-52856;0;0;0;52856;-52856
2018-08-28T23:45;2018-08-29T00:00;96;kWh;-75003;0;0;0;75003;-75003
2018-08-29T00:00;2018-08-29T00:15;1;kWh;-84901;0;0;0;84901;-84901
2018-08-29T00:15;2018-08-29T00:30;2;kWh;-34060;0;0;0;34060;-34060
2018-08-29T00:30;2018-08-29T00:45;3;kWh;-66583;0;0;0;66583;-66583
2018-08-29T00:45;2018-08-29T01:00;4;kWh;-64975;0;0;0;64975;-64975
2018-08-29T01:00;2018-08-29T01:15;5;kWh;-56223;0;0;0;56223;-56223
2018-08-29T01:15;2018-08-29T01:30;6;kWh;-5983;27;0;0;6010;-5956
2018-08-29T01:30;2018-08-29T01:45;7;kWh;-40275;0;0;0;40275;-40275
2018-08-29T01:45;2018-08-29T02:00;8;kWh;-52141;0;0;0;52141;-52141
2018-08-29T02:00;2018-08-29T02:15;9;kWh;-31765;77;0;0;31842;-31688
2018-08-29T02:15;2018-08-29T02:30;10;kWh;-718;262;0;0;980;-456
2018-08-29T02:30;2018-08-29T02:45;11;kWh;-7230;0;0;0;7230;-7230
2018-08-29T02:45;2018-08-29T03:00;12;kWh;-976;0;0;0;976;-976
2018-08-29T03:00;2018-08-29T03:15;13;kWh;-162;0;0;0;162;-162
2018-08-29T03:15;2018-08-29T03:30;14;kWh;0;4164;0;0;4164;4164
2018-08-29T03:30;2018-08-29T03:45;15;kWh;0;1394;0;0;1394;1394
2018-08-29T03:45;2018-08-29T04:00;16;kWh;0;111;0;0;111;111
2018-08-29T04:00;2018-08-29T04:15;17;kWh;0;0;0;0;0;0
2018-08-29T04:15;2018-08-29T04:30;18;kWh;-175;0;0;0;175;-175
2018-08-29T04:30;2018-08-29T04:45;19;kWh;-593;0;0;0;593;-593
2018-08-29T04:45;2018-08-29T05:00;20;kWh;-129;0;0;0;129;-129
2018-08-29T05:00;2018-08-29T05:15;21;kWh;-24565;0;0;0;24565;-24565
2018-08-29T05:15;2018-08-29T05:30;22;kWh;-19435;0;0;0;19435;-19435
2018-08-29T05:30;2018-08-29T05:45;23;kWh;-1240;0;0;0;1240;-1240
2018-08-29T05:45;2018-08-29T06:00;24;kWh;0;0;0;0;0;0
2018-08-29T06:00;2018-08-29T06:15;25;kWh;-1995;0;0;0;1995;-1995
2018-08-29T06:15;2018-08-29T06:30;26;kWh;-18080;0;0;0;18080;-18080
2018-08-29T06:30;2018-08-29T06:45;27;kWh;-12435;5;0;0;12440;-12430
2018-08-29T06:45;2018-08-29T07:00;28;kWh;-690;436;0;0;1126;-254
2018-08-29T07:00;2018-08-29T07:15;29;kWh;-35731;0;0;0;35731;-35731
2018-08-29T07:15;2018-08-29T07:30;30;kWh;-31636;0;0;0;31636;-31636
2018-08-29T07:30;2018-08-29T07:45;31;kWh;-26232;0;0;0;26232;-26232
2018-08-29T07:45;2018-08-29T08:00;32;kWh;-3213;231;0;0;3444;-2982
2018-08-29T08:00;2018-08-29T08:15;33;kWh;-523;0;0;0;523;-523
2018-08-29T08:15;2018-08-29T08:30;34;kWh;0;0;0;0;0;0
2018-08-29T08:30;2018-08-29T08:45;35;kWh;0;0;0;0;0;0
2018-08-29T08:45;2018-08-29T09:00;36;kWh;0;3540;0;0;3540;3540
2018-08-29T09:00;2018-08-29T09:15;37;kWh;0;3556;0;0;3556;3556
2018-08-29T09:15;2018-08-29T09:30;38;kWh;0;228;0;0;228;228
2018-08-29T09:30;2018-08-29T09:45;39;kWh;0;1623;0;0;1623;1623
2018-08-29T09:45;2018-08-29T10:00;40;kWh;0;3251;0;0;3251;3251
2018-08-29T10:00;2018-08-29T10:15;41;kWh;0;6143;0;0;6143;6143
2018-08-29T10:15;2018-08-29T10:30;42;kWh;0;2847;0;0;2847;2847
2018-08-29T10:30;2018-08-29T10:45;43;kWh;0;26530;0;0;26530;26530
2018-08-29T10:45;2018-08-29T11:00;44;kWh;0;22348;0;0;22348;22348
2018-08-29T11:00;2018-08-29T11:15;45;kWh;-12196;10174;0;0;22370;-2022
2018-08-29T11:15;2018-08-29T11:30;46;kWh;-22173;0;0;0;22173;-22173
2018-08-29T11:30;2018-08-29T11:45;47;kWh;-23537;0;0;0;23537;-23537
2018-08-29T11:45;2018-08-29T12:00;48;kWh;-1331;0;0;0;1331;-1331
2018-08-29T12:00;2018-08-29T12:15;49;kWh;-235;0;0;0;235;-235
2018-08-29T12:15;2018-08-29T12:30;50;kWh;-2031;0;0;0;2031;-2031
2018-08-29T12:30;2018-08-29T12:45;51;kWh;-1621;886;0;0;2507;-735
2018-08-29T12:45;2018-08-29T13:00;52;kWh;0;10141;0;0;10141;10141
2018-08-29T13:00;2018-08-29T13:15;53;kWh;0;20522;0;0;20522;20522
2018-08-29T13:15;2018-08-29T13:30;54;kWh;0;61655;0;0;61655;61655
2018-08-29T13:30;2018-08-29T13:45;55;kWh;0;56930;0;0;56930;56930
2018-08-29T13:45;2018-08-29T14:00;56;kWh;0;57174;0;0;57174;57174
2018-08-29T14:00;2018-08-29T14:15;57;kWh;0;58911;0;0;58911;58911
2018-08-29T14:15;2018-08-29T14:30;58;kWh;0;68441;0;0;68441;68441
2018-08-29T14:30;2018-08-29T14:45;59;kWh;0;48828;0;0;48828;48828
2018-08-29T14:45;2018-08-29T15:00;60;kWh;0;27476;0;0;27476;27476
2018-08-29T15:00;2018-08-29T15:15;61;kWh;-4103;4077;0;0;8180;-26
2018-08-29T15:15;2018-08-29T15:30;62;kWh;-1176;488;0;0;1664;-688
2018-08-29T15:30;2018-08-29T15:45;63;kWh;-17012;0;0;0;17012;-17012
2018-08-29T15:45;2018-08-29T16:00;64;kWh;-7591;0;0;0;7591;-7591
2018-08-29T16:00;2018-08-29T16:15;65;kWh;-10633;5857;0;0;16490;-4776
2018-08-29T16:15;2018-08-29T16:30;66;kWh;-6144;2343;0;0;8487;-3801
2018-08-29T16:30;2018-08-29T16:45;67;kWh;-12959;0;0;0;12959;-12959
2018-08-29T16:45;2018-08-29T17:00;68;kWh;-5401;0;0;0;5401;-5401
2018-08-29T17:00;2018-08-29T17:15;69;kWh;-1098;9395;0;0;10493;8297
2018-08-29T17:15;2018-08-29T17:30;70;kWh;0;3875;0;0;3875;3875
2018-08-29T17:30;2018-08-29T17:45;71;kWh;0;0;0;0;0;0
2018-08-29T17:45;2018-08-29T18:00;72;kWh;0;0;0;0;0;0
2018-08-29T18:00;2018-08-29T18:15;73;kWh;0;537;0;0;537;537
2018-08-29T18:15;2018-08-29T18:30;74;kWh;0;7789;0;0;7789;7789
2018-08-29T18:30;2018-08-29T18:45;75;kWh;0;9839;0;0;9839;9839
2018-08-29T18:45;2018-08-29T19:00;76;kWh;0;10782;0;0;10782;10782
2018-08-29T19:00;2018-08-29T19:15;77;kWh;0;17133;0;0;17133;17133
2018-08-29T19:15;2018-08-29T19:30;78;kWh;0;13994;0;0;13994;13994
2018-08-29T19:30;2018-08-29T19:45;79;kWh;0;38112;0;0;38112;38112
2018-08-29T19:45;2018-08-29T20:00;80;kWh;0;30698;0;0;30698;30698
2018-08-29T20:00;2018-08-29T20:15;81;kWh;0;41335;0;0;41335;41335
2018-08-29T20:15;2018-08-29T20:30;82;kWh;0;24061;0;0;24061;24061
2018-08-29T20:30;2018-08-29T20:45;83;kWh;0;4406;0;0;4406;4406
2018-08-29T20:45;2018-08-29T21:00;84;kWh;0;15436;0;0;15436;15436
2018-08-29T21:00;2018-08-29T21:15;85;kWh;0;34651;0;0;34651;34651
2018-08-29T21:15;2018-08-29T21:30;86;kWh;0;11951;0;0;11951;11951
2018-08-29T21:30;2018-08-29T21:45;87;kWh;-15;1172;0;0;1187;1157
2018-08-29T21:45;2018-08-29T22:00;88;kWh;-768;0;0;0;768;-768
2018-08-29T22:00;2018-08-29T22:15;89;kWh;-2518;112;0;0;2630;-2406
2018-08-29T22:15;2018-08-29T22:30;90;kWh;-67;1677;0;0;1744;1610
2018-08-29T22:30;2018-08-29T22:45;91;kWh;-36362;0;0;0;36362;-36362
2018-08-29T22:45;2018-08-29T23:00;92;kWh;-76729;0;0;0;76729;-76729
2018-08-29T23:00;2018-08-29T23:15;93;kWh;-55636;1726;0;0;57362;-53910
2018-08-29T23:15;2018-08-29T23:30;94;kWh;-8382;7330;0;0;15712;-1052
2018-08-29T23:30;2018-08-29T23:45;95;kWh;-78574;0;0;0;78574;-78574
2018-08-29T23:45;2018-08-30T00:00;96;kWh;-113413;0;0;0;113413;-113413
2018-08-30T00:00;2018-08-30T00:15;1;kWh;-58055;1009;0;0;59064;-57046
2018-08-30T00:15;2018-08-30T00:30;2;kWh;-237;23811;0;0;24048;23574
2018-08-30T00:30;2018-08-30T00:45;3;kWh;-35076;306;0;0;35382;-34770
2018-08-30T00:45;2018-08-30T01:00;4;kWh;-52720;0;0;0;52720;-52720
2018-08-30T01:00;2018-08-30T01:15;5;kWh;-5970;15295;0;0;21265;9325
2018-08-30T01:15;2018-08-30T01:30;6;kWh;0;41922;0;0;41922;41922
2018-08-30T01:30;2018-08-30T01:45;7;kWh;0;15584;0;0;15584;15584
2018-08-30T01:45;2018-08-30T02:00;8;kWh;0;289;0;0;289;289
2018-08-30T02:00;2018-08-30T02:15;9;kWh;0;12849;0;0;12849;12849
2018-08-30T02:15;2018-08-30T02:30;10;kWh;0;7929;0;0;7929;7929
2018-08-30T02:30;2018-08-30T02:45;11;kWh;0;12;0;0;12;12
2018-08-30T02:45;2018-08-30T03:00;12;kWh;0;0;0;0;0;0
2018-08-30T03:00;2018-08-30T03:15;13;kWh;0;0;0;0;0;0
2018-08-30T03:15;2018-08-30T03:30;14;kWh;0;0;0;0;0;0
2018-08-30T03:30;2018-08-30T03:45;15;kWh;0;0;0;0;0;0
2018-08-30T03:45;2018-08-30T04:00;16;kWh;0;0;0;0;0;0
2018-08-30T04:00;2018-08-30T04:15;17;kWh;0;87;0;0;87;87
2018-08-30T04:15;2018-08-30T04:30;18;kWh;0;480;0;0;480;480
2018-08-30T04:30;2018-08-30T04:45;19;kWh;0;2155;0;0;2155;2155
2018-08-30T04:45;2018-08-30T05:00;20;kWh;0;7402;0;0;7402;7402
2018-08-30T05:00;2018-08-30T05:15;21;kWh;0;2058;0;0;2058;2058
2018-08-30T05:15;2018-08-30T05:30;22;kWh;-950;180;0;0;1130;-770
2018-08-30T05:30;2018-08-30T05:45;23;kWh;0;25790;0;0;25790;25790
2018-08-30T05:45;2018-08-30T06:00;24;kWh;0;22942;0;0;22942;22942
2018-08-30T06:00;2018-08-30T06:15;25;kWh;-17335;2247;0;0;19582;-15088
2018-08-30T06:15;2018-08-30T06:30;26;kWh;-5901;11061;0;0;16962;5160
2018-08-30T06:30;2018-08-30T06:45;27;kWh;0;45673;0;0;45673;45673
2018-08-30T06:45;2018-08-30T07:00;28;kWh;-12;29206;0;0;29218;29194
2018-08-30T07:00;2018-08-30T07:15;29;kWh;-13591;1589;0;0;15180;-12002
2018-08-30T07:15;2018-08-30T07:30;30;kWh;-30966;0;0;0;30966;-30966
2018-08-30T07:30;2018-08-30T07:45;31;kWh;-5199;0;0;0;5199;-5199
2018-08-30T07:45;2018-08-30T08:00;32;kWh;0;0;0;0;0;0
2018-08-30T08:00;2018-08-30T08:15;33;kWh;0;2000;0;0;2000;2000
2018-08-30T08:15;2018-08-30T08:30;34;kWh;0;35111;0;0;35111;35111
2018-08-30T08:30;2018-08-30T08:45;35;kWh;0;46941;0;0;46941;46941
2018-08-30T08:45;2018-08-30T09:00;36;kWh;0;43857;0;0;43857;43857
2018-08-30T09:00;2018-08-30T09:15;37;kWh;-386;27322;0;0;27708;26936
2018-08-30T09:15;2018-08-30T09:30;38;kWh;-4698;176;0;0;4874;-4522
2018-08-30T09:30;2018-08-30T09:45;39;kWh;-9620;2138;0;0;11758;-7482
2018-08-30T09:45;2018-08-30T10:00;40;kWh;-125;4835;0;0;4960;4710
2018-08-30T10:00;2018-08-30T10:15;41;kWh;0;19114;0;0;19114;19114
2018-08-30T10:15;2018-08-30T10:30;42;kWh;-77;5431;0;0;5508;5354
2018-08-30T10:30;2018-08-30T10:45;43;kWh;-250;0;0;0;250;-250
2018-08-30T10:45;2018-08-30T11:00;44;kWh;-62;0;0;0;62;-62
2018-08-30T11:00;2018-08-30T11:15;45;kWh;0;335;0;0;335;335
2018-08-30T11:15;2018-08-30T11:30;46;kWh;0;1519;0;0;1519;1519
2018-08-30T11:30;2018-08-30T11:45;47;kWh;0;163;0;0;163;163
2018-08-30T11:45;2018-08-30T12:00;48;kWh;0;40;0;0;40;40
2018-08-30T12:00;2018-08-30T12:15;49;kWh;-183;1718;0;0;1901;1535
2018-08-30T12:15;2018-08-30T12:30;50;kWh;-1192;0;0;0;1192;-1192
2018-08-30T12:30;2018-08-30T12:45;51;kWh;0;346;0;0;346;346
2018-08-30T12:45;2018-08-30T13:00;52;kWh;0;35;0;0;35;35
2018-08-30T13:00;2018-08-30T13:15;53;kWh;0;11395;0;0;11395;11395
2018-08-30T13:15;2018-08-30T13:30;54;kWh;0;18192;0;0;18192;18192
2018-08-30T13:30;2018-08-30T13:45;55;kWh;0;26513;0;0;26513;26513
2018-08-30T13:45;2018-08-30T14:00;56;kWh;0;30521;0;0;30521;30521
2018-08-30T14:00;2018-08-30T14:15;57;kWh;-12219;11033;0;0;23252;-1186
2018-08-30T14:15;2018-08-30T14:30;58;kWh;-21400;0;0;0;21400;-21400
2018-08-30T14:30;2018-08-30T14:45;59;kWh;-25848;0;0;0;25848;-25848
2018-08-30T14:45;2018-08-30T15:00;60;kWh;-26327;0;0;0;26327;-26327
2018-08-30T15:00;2018-08-30T15:15;61;kWh;-20289;0;0;0;20289;-20289
2018-08-30T15:15;2018-08-30T15:30;62;kWh;-15775;0;0;0;15775;-15775
2018-08-30T15:30;2018-08-30T15:45;63;kWh;-8109;2382;0;0;10491;-5727
2018-08-30T15:45;2018-08-30T16:00;64;kWh;-42;10639;0;0;10681;10597
2018-08-30T16:00;2018-08-30T16:15;65;kWh;-4464;2730;0;0;7194;-1734
2018-08-30T16:15;2018-08-30T16:30;66;kWh;-493;0;0;0;493;-493
2018-08-30T16:30;2018-08-30T16:45;67;kWh;-6425;0;0;0;6425;-6425
2018-08-30T16:45;2018-08-30T17:00;68;kWh;-10890;0;0;0;10890;-10890
2018-08-30T17:00;2018-08-30T17:15;69;kWh;-4801;0;0;0;4801;-4801
2018-08-30T17:15;2018-08-30T17:30;70;kWh;-3011;0;0;0;3011;-3011
2018-08-30T17:30;2018-08-30T17:45;71;kWh;-733;139;0;0;872;-594
2018-08-30T17:45;2018-08-30T18:00;72;kWh;0;4532;0;0;4532;4532
2018-08-30T18:00;2018-08-30T18:15;73;kWh;0;13031;0;0;13031;13031
2018-08-30T18:15;2018-08-30T18:30;74;kWh;0;16063;0;0;16063;16063
2018-08-30T18:30;2018-08-30T18:45;75;kWh;0;25943;0;0;25943;25943
2018-08-30T18:45;2018-08-30T19:00;76;kWh;0;37201;0;0;37201;37201
2018-08-30T19:00;2018-08-30T19:15;77;kWh;0;25245;0;0;25245;25245
2018-08-30T19:15;2018-08-30T19:30;78;kWh;0;29723;0;0;29723;29723
2018-08-30T19:30;2018-08-30T19:45;79;kWh;0;28430;0;0;28430;28430
2018-08-30T19:45;2018-08-30T20:00;80;kWh;0;28947;0;0;28947;28947
2018-08-30T20:00;2018-08-30T20:15;81;kWh;0;21006;0;0;21006;21006
2018-08-30T20:15;2018-08-30T20:30;82;kWh;0;14999;0;0;14999;14999
2018-08-30T20:30;2018-08-30T20:45;83;kWh;0;31964;0;0;31964;31964
2018-08-30T20:45;2018-08-30T21:00;84;kWh;0;62579;0;0;62579;62579
2018-08-30T21:00;2018-08-30T21:15;85;kWh;0;49424;0;0;49424;49424
2018-08-30T21:15;2018-08-30T21:30;86;kWh;0;38126;0;0;38126;38126
2018-08-30T21:30;2018-08-30T21:45;87;kWh;0;22560;0;0;22560;22560
2018-08-30T21:45;2018-08-30T22:00;88;kWh;-6422;2592;0;0;9014;-3830
2018-08-30T22:00;2018-08-30T22:15;89;kWh;-38375;0;0;0;38375;-38375
2018-08-30T22:15;2018-08-30T22:30;90;kWh;-20273;0;0;0;20273;-20273
2018-08-30T22:30;2018-08-30T22:45;91;kWh;-21284;0;0;0;21284;-21284
2018-08-30T22:45;2018-08-30T23:00;92;kWh;-52306;0;0;0;52306;-52306
2018-08-30T23:00;2018-08-30T23:15;93;kWh;-27867;6184;0;0;34051;-21683
2018-08-30T23:15;2018-08-30T23:30;94;kWh;-186;35363;0;0;35549;35177
2018-08-30T23:30;2018-08-30T23:45;95;kWh;-26172;235;0;0;26407;-25937
2018-08-30T23:45;2018-08-31T00:00;96;kWh;-28519;0;0;0;28519;-28519
2018-08-31T00:00;2018-08-31T00:15;1;kWh;-55818;0;0;0;55818;-55818
2018-08-31T00:15;2018-08-31T00:30;2;kWh;-48191;0;0;0;48191;-48191
2018-08-31T00:30;2018-08-31T00:45;3;kWh;-48705;0;0;0;48705;-48705
2018-08-31T00:45;2018-08-31T01:00;4;kWh;-83412;0;0;0;83412;-83412
2018-08-31T01:00;2018-08-31T01:15;5;kWh;-52265;0;0;0;52265;-52265
2018-08-31T01:15;2018-08-31T01:30;6;kWh;-22764;0;0;0;22764;-22764
2018-08-31T01:30;2018-08-31T01:45;7;kWh;-51392;0;0;0;51392;-51392
2018-08-31T01:45;2018-08-31T02:00;8;kWh;-77633;0;0;0;77633;-77633
2018-08-31T02:00;2018-08-31T02:15;9;kWh;-33985;0;0;0;33985;-33985
2018-08-31T02:15;2018-08-31T02:30;10;kWh;-531;0;0;0;531;-531
2018-08-31T02:30;2018-08-31T02:45;11;kWh;-10890;0;0;0;10890;-10890
2018-08-31T02:45;2018-08-31T03:00;12;kWh;-47005;0;0;0;47005;-47005
2018-08-31T03:00;2018-08-31T03:15;13;kWh;-35890;0;0;0;35890;-35890
2018-08-31T03:15;2018-08-31T03:30;14;kWh;-23309;0;0;0;23309;-23309
2018-08-31T03:30;2018-08-31T03:45;15;kWh;-18265;0;0;0;18265;-18265
2018-08-31T03:45;2018-08-31T04:00;16;kWh;-28168;0;0;0;28168;-28168
2018-08-31T04:00;2018-08-31T04:15;17;kWh;-24661;0;0;0;24661;-24661
2018-08-31T04:15;2018-08-31T04:30;18;kWh;-5785;0;0;0;5785;-5785
2018-08-31T04:30;2018-08-31T04:45;19;kWh;-322;0;0;0;322;-322
2018-08-31T04:45;2018-08-31T05:00;20;kWh;-511;0;0;0;511;-511
2018-08-31T05:00;2018-08-31T05:15;21;kWh;-16116;0;0;0;16116;-16116
2018-08-31T05:15;2018-08-31T05:30;22;kWh;-25223;0;0;0;25223;-25223
2018-08-31T05:30;2018-08-31T05:45;23;kWh;-4545;0;0;0;4545;-4545
2018-08-31T05:45;2018-08-31T06:00;24;kWh;0;11;0;0;11;11
2018-08-31T06:00;2018-08-31T06:15;25;kWh;-2868;0;0;0;2868;-2868
2018-08-31T06:15;2018-08-31T06:30;26;kWh;-44678;0;0;0;44678;-44678
2018-08-31T06:30;2018-08-31T06:45;27;kWh;-5360;0;0;0;5360;-5360
2018-08-31T06:45;2018-08-31T07:00;28;kWh;0;680;0;0;680;680
2018-08-31T07:00;2018-08-31T07:15;29;kWh;-15141;302;0;0;15443;-14839
2018-08-31T07:15;2018-08-31T07:30;30;kWh;-15237;0;0;0;15237;-15237
2018-08-31T07:30;2018-08-31T07:45;31;kWh;-124;2972;0;0;3096;2848
2018-08-31T07:45;2018-08-31T08:00;32;kWh;0;27381;0;0;27381;27381
2018-08-31T08:00;2018-08-31T08:15;33;kWh;0;13238;0;0;13238;13238
2018-08-31T08:15;2018-08-31T08:30;34;kWh;-326;585;0;0;911;259
2018-08-31T08:30;2018-08-31T08:45;35;kWh;0;19655;0;0;19655;19655
2018-08-31T08:45;2018-08-31T09:00;36;kWh;0;28404;0;0;28404;28404
2018-08-31T09:00;2018-08-31T09:15;37;kWh;0;37478;0;0;37478;37478
2018-08-31T09:15;2018-08-31T09:30;38;kWh;0;30118;0;0;30118;30118
2018-08-31T09:30;2018-08-31T09:45;39;kWh;0;23015;0;0;23015;23015
2018-08-31T09:45;2018-08-31T10:00;40;kWh;-160;3165;0;0;3325;3005
2018-08-31T10:00;2018-08-31T10:15;41;kWh;0;12776;0;0;12776;12776
2018-08-31T10:15;2018-08-31T10:30;42;kWh;0;15422;0;0;15422;15422
2018-08-31T10:30;2018-08-31T10:45;43;kWh;0;3096;0;0;3096;3096
2018-08-31T10:45;2018-08-31T11:00;44;kWh;0;0;0;0;0;0
2018-08-31T11:00;2018-08-31T11:15;45;kWh;0;253;0;0;253;253
2018-08-31T11:15;2018-08-31T11:30;46;kWh;0;6;0;0;6;6
2018-08-31T11:30;2018-08-31T11:45;47;kWh;0;757;0;0;757;757
2018-08-31T11:45;2018-08-31T12:00;48;kWh;0;2345;0;0;2345;2345
2018-08-31T12:00;2018-08-31T12:15;49;kWh;0;2377;0;0;2377;2377
2018-08-31T12:15;2018-08-31T12:30;50;kWh;0;2664;0;0;2664;2664
2018-08-31T12:30;2018-08-31T12:45;51;kWh;0;444;0;0;444;444
2018-08-31T12:45;2018-08-31T13:00;52;kWh;0;0;0;0;0;0
2018-08-31T13:00;2018-08-31T13:15;53;kWh;0;11245;0;0;11245;11245
2018-08-31T13:15;2018-08-31T13:30;54;kWh;0;24638;0;0;24638;24638
2018-08-31T13:30;2018-08-31T13:45;55;kWh;0;23663;0;0;23663;23663
2018-08-31T13:45;2018-08-31T14:00;56;kWh;0;10104;0;0;10104;10104
2018-08-31T14:00;2018-08-31T14:15;57;kWh;0;15330;0;0;15330;15330
2018-08-31T14:15;2018-08-31T14:30;58;kWh;0;25220;0;0;25220;25220
2018-08-31T14:30;2018-08-31T14:45;59;kWh;0;20703;0;0;20703;20703
2018-08-31T14:45;2018-08-31T15:00;60;kWh;0;3079;0;0;3079;3079
2018-08-31T15:00;2018-08-31T15:15;61;kWh;0;764;0;0;764;764
2018-08-31T15:15;2018-08-31T15:30;62;kWh;0;0;0;0;0;0
2018-08-31T15:30;2018-08-31T15:45;63;kWh;0;0;0;0;0;0
2018-08-31T15:45;2018-08-31T16:00;64;kWh;0;973;0;0;973;973
2018-08-31T16:00;2018-08-31T16:15;65;kWh;0;2285;0;0;2285;2285
2018-08-31T16:15;2018-08-31T16:30;66;kWh;0;2645;0;0;2645;2645
2018-08-31T16:30;2018-08-31T16:45;67;kWh;0;4599;0;0;4599;4599
2018-08-31T16:45;2018-08-31T17:00;68;kWh;0;7616;0;0;7616;7616
2018-08-31T17:00;2018-08-31T17:15;69;kWh;0;5793;0;0;5793;5793
2018-08-31T17:15;2018-08-31T17:30;70;kWh;0;6277;0;0;6277;6277
2018-08-31T17:30;2018-08-31T17:45;71;kWh;0;19247;0;0;19247;19247
2018-08-31T17:45;2018-08-31T18:00;72;kWh;0;23408;0;0;23408;23408
2018-08-31T18:00;2018-08-31T18:15;73;kWh;0;25255;0;0;25255;25255
2018-08-31T18:15;2018-08-31T18:30;74;kWh;0;18015;0;0;18015;18015
2018-08-31T18:30;2018-08-31T18:45;75;kWh;0;2093;0;0;2093;2093
2018-08-31T18:45;2018-08-31T19:00;76;kWh;0;2051;0;0;2051;2051
2018-08-31T19:00;2018-08-31T19:15;77;kWh;0;1327;0;0;1327;1327
2018-08-31T19:15;2018-08-31T19:30;78;kWh;0;8416;0;0;8416;8416
2018-08-31T19:30;2018-08-31T19:45;79;kWh;0;16643;0;0;16643;16643
2018-08-31T19:45;2018-08-31T20:00;80;kWh;0;9700;0;0;9700;9700
2018-08-31T20:00;2018-08-31T20:15;81;kWh;0;10637;0;0;10637;10637
2018-08-31T20:15;2018-08-31T20:30;82;kWh;0;23827;0;0;23827;23827
2018-08-31T20:30;2018-08-31T20:45;83;kWh;0;42391;0;0;42391;42391
2018-08-31T20:45;2018-08-31T21:00;84;kWh;0;41860;0;0;41860;41860
2018-08-31T21:00;2018-08-31T21:15;85;kWh;0;42113;0;0;42113;42113
2018-08-31T21:15;2018-08-31T21:30;86;kWh;0;27188;0;0;27188;27188
2018-08-31T21:30;2018-08-31T21:45;87;kWh;-102;5405;0;0;5507;5303
2018-08-31T21:45;2018-08-31T22:00;88;kWh;-790;0;0;0;790;-790
2018-08-31T22:00;2018-08-31T22:15;89;kWh;-7422;0;0;0;7422;-7422
2018-08-31T22:15;2018-08-31T22:30;90;kWh;-4;0;0;0;4;-4
2018-08-31T22:30;2018-08-31T22:45;91;kWh;0;0;0;0;0;0
2018-08-31T22:45;2018-08-31T23:00;92;kWh;-1473;0;0;0;1473;-1473
2018-08-31T23:00;2018-08-31T23:15;93;kWh;-16545;2721;0;0;19266;-13824
2018-08-31T23:15;2018-08-31T23:30;94;kWh;-154;25988;0;0;26142;25834
2018-08-31T23:30;2018-08-31T23:45;95;kWh;-19103;66;0;0;19169;-19037
2018-08-31T23:45;2018-09-01T00:00;96;kWh;-52214;0;0;0;52214;-52214
2018-09-01T00:00;2018-09-01T00:15;1;kWh;-31799;4042;0;0;35841;-27757
2018-09-01T00:15;2018-09-01T00:30;2;kWh;-30;27279;0;0;27309;27249
2018-09-01T00:30;2018-09-01T00:45;3;kWh;-1326;1991;0;0;3317;665
2018-09-01T00:45;2018-09-01T01:00;4;kWh;-15120;0;0;0;15120;-15120
2018-09-01T01:00;2018-09-01T01:15;5;kWh;-7277;337;0;0;7614;-6940
2018-09-01T01:15;2018-09-01T01:30;6;kWh;-1;1505;0;0;1506;1504
2018-09-01T01:30;2018-09-01T01:45;7;kWh;-2544;105;0;0;2649;-2439
2018-09-01T01:45;2018-09-01T02:00;8;kWh;-6339;0;0;0;6339;-6339
2018-09-01T02:00;2018-09-01T02:15;9;kWh;-231;0;0;0;231;-231
2018-09-01T02:15;2018-09-01T02:30;10;kWh;0;0;0;0;0;0
2018-09-01T02:30;2018-09-01T02:45;11;kWh;-117;0;0;0;117;-117
2018-09-01T02:45;2018-09-01T03:00;12;kWh;-7339;0;0;0;7339;-7339
2018-09-01T03:00;2018-09-01T03:15;13;kWh;-2943;900;0;0;3843;-2043
2018-09-01T03:15;2018-09-01T03:30;14;kWh;0;2343;0;0;2343;2343
2018-09-01T03:30;2018-09-01T03:45;15;kWh;0;66;0;0;66;66
2018-09-01T03:45;2018-09-01T04:00;16;kWh;0;1404;0;0;1404;1404
2018-09-01T04:00;2018-09-01T04:15;17;kWh;0;2504;0;0;2504;2504
2018-09-01T04:15;2018-09-01T04:30;18;kWh;0;5067;0;0;5067;5067
2018-09-01T04:30;2018-09-01T04:45;19;kWh;0;5388;0;0;5388;5388
2018-09-01T04:45;2018-09-01T05:00;20;kWh;0;519;0;0;519;519
2018-09-01T05:00;2018-09-01T05:15;21;kWh;-301;0;0;0;301;-301
2018-09-01T05:15;2018-09-01T05:30;22;kWh;-2844;0;0;0;2844;-2844
2018-09-01T05:30;2018-09-01T05:45;23;kWh;-3032;0;0;0;3032;-3032
2018-09-01T05:45;2018-09-01T06:00;24;kWh;-498;743;0;0;1241;245
2018-09-01T06:00;2018-09-01T06:15;25;kWh;0;3067;0;0;3067;3067
2018-09-01T06:15;2018-09-01T06:30;26;kWh;0;3218;0;0;3218;3218
2018-09-01T06:30;2018-09-01T06:45;27;kWh;0;4756;0;0;4756;4756
2018-09-01T06:45;2018-09-01T07:00;28;kWh;-1518;657;0;0;2175;-861
2018-09-01T07:00;2018-09-01T07:15;29;kWh;-644;0;0;0;644;-644
2018-09-01T07:15;2018-09-01T07:30;30;kWh;0;0;0;0;0;0
2018-09-01T07:30;2018-09-01T07:45;31;kWh;0;0;0;0;0;0
2018-09-01T07:45;2018-09-01T08:00;32;kWh;0;4338;0;0;4338;4338
2018-09-01T08:00;2018-09-01T08:15;33;kWh;0;60;0;0;60;60
2018-09-01T08:15;2018-09-01T08:30;34;kWh;0;0;0;0;0;0
2018-09-01T08:30;2018-09-01T08:45;35;kWh;0;6475;0;0;6475;6475
2018-09-01T08:45;2018-09-01T09:00;36;kWh;0;16986;0;0;16986;16986
2018-09-01T09:00;2018-09-01T09:15;37;kWh;0;17889;0;0;17889;17889
2018-09-01T09:15;2018-09-01T09:30;38;kWh;0;16345;0;0;16345;16345
2018-09-01T09:30;2018-09-01T09:45;39;kWh;0;11263;0;0;11263;11263
2018-09-01T09:45;2018-09-01T10:00;40;kWh;0;1798;0;0;1798;1798
2018-09-01T10:00;2018-09-01T10:15;41;kWh;0;5257;0;0;5257;5257
2018-09-01T10:15;2018-09-01T10:30;42;kWh;0;5015;0;0;5015;5015
2018-09-01T10:30;2018-09-01T10:45;43;kWh;0;69;0;0;69;69
2018-09-01T10:45;2018-09-01T11:00;44;kWh;-260;0;0;0;260;-260
2018-09-01T11:00;2018-09-01T11:15;45;kWh;-91;0;0;0;91;-91
2018-09-01T11:15;2018-09-01T11:30;46;kWh;-1167;0;0;0;1167;-1167
2018-09-01T11:30;2018-09-01T11:45;47;kWh;-10263;0;0;0;10263;-10263
2018-09-01T11:45;2018-09-01T12:00;48;kWh;-13672;0;0;0;13672;-13672
2018-09-01T12:00;2018-09-01T12:15;49;kWh;-5821;0;0;0;5821;-5821
2018-09-01T12:15;2018-09-01T12:30;50;kWh;-18;110;0;0;128;92
2018-09-01T12:30;2018-09-01T12:45;51;kWh;0;0;0;0;0;0
2018-09-01T12:45;2018-09-01T13:00;52;kWh;0;0;0;0;0;0
2018-09-01T13:00;2018-09-01T13:15;53;kWh;0;0;0;0;0;0
2018-09-01T13:15;2018-09-01T13:30;54;kWh;0;0;0;0;0;0
2018-09-01T13:30;2018-09-01T13:45;55;kWh;0;0;0;0;0;0
2018-09-01T13:45;2018-09-01T14:00;56;kWh;-486;0;0;0;486;-486
2018-09-01T14:00;2018-09-01T14:15;57;kWh;-730;55;0;0;785;-675
2018-09-01T14:15;2018-09-01T14:30;58;kWh;0;4430;0;0;4430;4430
2018-09-01T14:30;2018-09-01T14:45;59;kWh;0;7948;0;0;7948;7948
2018-09-01T14:45;2018-09-01T15:00;60;kWh;0;1754;0;0;1754;1754
2018-09-01T15:00;2018-09-01T15:15;61;kWh;0;14188;0;0;14188;14188
2018-09-01T15:15;2018-09-01T15:30;62;kWh;0;26560;0;0;26560;26560
2018-09-01T15:30;2018-09-01T15:45;63;kWh;0;25777;0;0;25777;25777
2018-09-01T15:45;2018-09-01T16:00;64;kWh;-45;18977;0;0;19022;18932
2018-09-01T16:00;2018-09-01T16:15;65;kWh;-356;832;0;0;1188;476
2018-09-01T16:15;2018-09-01T16:30;66;kWh;0;0;0;0;0;0
2018-09-01T16:30;2018-09-01T16:45;67;kWh;0;0;0;0;0;0
2018-09-01T16:45;2018-09-01T17:00;68;kWh;0;2088;0;0;2088;2088
2018-09-01T17:00;2018-09-01T17:15;69;kWh;-444;177;0;0;621;-267
2018-09-01T17:15;2018-09-01T17:30;70;kWh;-2111;0;0;0;2111;-2111
2018-09-01T17:30;2018-09-01T17:45;71;kWh;-20;4240;0;0;4260;4220
2018-09-01T17:45;2018-09-01T18:00;72;kWh;0;35132;0;0;35132;35132
2018-09-01T18:00;2018-09-01T18:15;73;kWh;0;19930;0;0;19930;19930
2018-09-01T18:15;2018-09-01T18:30;74;kWh;0;0;0;0;0;0
2018-09-01T18:30;2018-09-01T18:45;75;kWh;0;13589;0;0;13589;13589
2018-09-01T18:45;2018-09-01T19:00;76;kWh;0;42456;0;0;42456;42456
2018-09-01T19:00;2018-09-01T19:15;77;kWh;-384;15708;0;0;16092;15324
2018-09-01T19:15;2018-09-01T19:30;78;kWh;0;5415;0;0;5415;5415
2018-09-01T19:30;2018-09-01T19:45;79;kWh;0;18358;0;0;18358;18358
2018-09-01T19:45;2018-09-01T20:00;80;kWh;0;30986;0;0;30986;30986
2018-09-01T20:00;2018-09-01T20:15;81;kWh;0;11201;0;0;11201;11201
2018-09-01T20:15;2018-09-01T20:30;82;kWh;-216;0;0;0;216;-216
2018-09-01T20:30;2018-09-01T20:45;83;kWh;-7;0;0;0;7;-7
2018-09-01T20:45;2018-09-01T21:00;84;kWh;0;0;0;0;0;0
2018-09-01T21:00;2018-09-01T21:15;85;kWh;0;8092;0;0;8092;8092
2018-09-01T21:15;2018-09-01T21:30;86;kWh;0;5888;0;0;5888;5888
2018-09-01T21:30;2018-09-01T21:45;87;kWh;-1815;472;0;0;2287;-1343
2018-09-01T21:45;2018-09-01T22:00;88;kWh;-15069;0;0;0;15069;-15069
2018-09-01T22:00;2018-09-01T22:15;89;kWh;-9131;1395;0;0;10526;-7736
2018-09-01T22:15;2018-09-01T22:30;90;kWh;-1797;16;0;0;1813;-1781
2018-09-01T22:30;2018-09-01T22:45;91;kWh;-2637;0;0;0;2637;-2637
2018-09-01T22:45;2018-09-01T23:00;92;kWh;-26086;0;0;0;26086;-26086
2018-09-01T23:00;2018-09-01T23:15;93;kWh;-30453;201;0;0;30654;-30252
2018-09-01T23:15;2018-09-01T23:30;94;kWh;-1691;15705;0;0;17396;14014
2018-09-01T23:30;2018-09-01T23:45;95;kWh;-3652;593;0;0;4245;-3059
2018-09-01T23:45;2018-09-02T00:00;96;kWh;-25301;0;0;0;25301;-25301
2018-09-02T00:00;2018-09-02T00:15;1;kWh;-3080;0;0;0;3080;-3080
2018-09-02T00:15;2018-09-02T00:30;2;kWh;0;0;0;0;0;0
2018-09-02T00:30;2018-09-02T00:45;3;kWh;-2405;0;0;0;2405;-2405
2018-09-02T00:45;2018-09-02T01:00;4;kWh;-24538;0;0;0;24538;-24538
2018-09-02T01:00;2018-09-02T01:15;5;kWh;-22334;0;0;0;22334;-22334
2018-09-02T01:15;2018-09-02T01:30;6;kWh;-11669;0;0;0;11669;-11669
2018-09-02T01:30;2018-09-02T01:45;7;kWh;-25749;0;0;0;25749;-25749
2018-09-02T01:45;2018-09-02T02:00;8;kWh;-31306;0;0;0;31306;-31306
2018-09-02T02:00;2018-09-02T02:15;9;kWh;-12603;1001;0;0;13604;-11602
2018-09-02T02:15;2018-09-02T02:30;10;kWh;-45;4538;0;0;4583;4493
2018-09-02T02:30;2018-09-02T02:45;11;kWh;0;3736;0;0;3736;3736
2018-09-02T02:45;2018-09-02T03:00;12;kWh;0;3116;0;0;3116;3116
2018-09-02T03:00;2018-09-02T03:15;13;kWh;0;0;0;0;0;0
2018-09-02T03:15;2018-09-02T03:30;14;kWh;0;0;0;0;0;0
2018-09-02T03:30;2018-09-02T03:45;15;kWh;-185;0;0;0;185;-185
2018-09-02T03:45;2018-09-02T04:00;16;kWh;-660;0;0;0;660;-660
2018-09-02T04:00;2018-09-02T04:15;17;kWh;-501;0;0;0;501;-501
2018-09-02T04:15;2018-09-02T04:30;18;kWh;-1178;0;0;0;1178;-1178
2018-09-02T04:30;2018-09-02T04:45;19;kWh;-10757;0;0;0;10757;-10757
2018-09-02T04:45;2018-09-02T05:00;20;kWh;-13007;0;0;0;13007;-13007
2018-09-02T05:00;2018-09-02T05:15;21;kWh;-8658;0;0;0;8658;-8658
2018-09-02T05:15;2018-09-02T05:30;22;kWh;-65;0;0;0;65;-65
2018-09-02T05:30;2018-09-02T05:45;23;kWh;0;0;0;0;0;0
2018-09-02T05:45;2018-09-02T06:00;24;kWh;-288;0;0;0;288;-288
2018-09-02T06:00;2018-09-02T06:15;25;kWh;-8732;0;0;0;8732;-8732
2018-09-02T06:15;2018-09-02T06:30;26;kWh;-694;0;0;0;694;-694
2018-09-02T06:30;2018-09-02T06:45;27;kWh;0;0;0;0;0;0
2018-09-02T06:45;2018-09-02T07:00;28;kWh;-10686;0;0;0;10686;-10686
2018-09-02T07:00;2018-09-02T07:15;29;kWh;-57738;0;0;0;57738;-57738
2018-09-02T07:15;2018-09-02T07:30;30;kWh;-68689;0;0;0;68689;-68689
2018-09-02T07:30;2018-09-02T07:45;31;kWh;-62528;0;0;0;62528;-62528
2018-09-02T07:45;2018-09-02T08:00;32;kWh;-32164;0;0;0;32164;-32164
2018-09-02T08:00;2018-09-02T08:15;33;kWh;-3568;0;0;0;3568;-3568
2018-09-02T08:15;2018-09-02T08:30;34;kWh;0;599;0;0;599;599
2018-09-02T08:30;2018-09-02T08:45;35;kWh;0;1211;0;0;1211;1211
2018-09-02T08:45;2018-09-02T09:00;36;kWh;0;12485;0;0;12485;12485
2018-09-02T09:00;2018-09-02T09:15;37;kWh;0;23592;0;0;23592;23592
2018-09-02T09:15;2018-09-02T09:30;38;kWh;0;30312;0;0;30312;30312
2018-09-02T09:30;2018-09-02T09:45;39;kWh;-435;8437;0;0;8872;8002
2018-09-02T09:45;2018-09-02T10:00;40;kWh;0;2095;0;0;2095;2095
2018-09-02T10:00;2018-09-02T10:15;41;kWh;0;301;0;0;301;301
2018-09-02T10:15;2018-09-02T10:30;42;kWh;0;0;0;0;0;0
2018-09-02T10:30;2018-09-02T10:45;43;kWh;-172;0;0;0;172;-172
2018-09-02T10:45;2018-09-02T11:00;44;kWh;-652;0;0;0;652;-652
2018-09-02T11:00;2018-09-02T11:15;45;kWh;-1170;0;0;0;1170;-1170
2018-09-02T11:15;2018-09-02T11:30;46;kWh;-4320;0;0;0;4320;-4320
2018-09-02T11:30;2018-09-02T11:45;47;kWh;-7458;0;0;0;7458;-7458
2018-09-02T11:45;2018-09-02T12:00;48;kWh;-6099;0;0;0;6099;-6099
2018-09-02T12:00;2018-09-02T12:15;49;kWh;-2256;0;0;0;2256;-2256
2018-09-02T12:15;2018-09-02T12:30;50;kWh;0;75;0;0;75;75
2018-09-02T12:30;2018-09-02T12:45;51;kWh;0;250;0;0;250;250
2018-09-02T12:45;2018-09-02T13:00;52;kWh;0;1221;0;0;1221;1221
2018-09-02T13:00;2018-09-02T13:15;53;kWh;0;3393;0;0;3393;3393
2018-09-02T13:15;2018-09-02T13:30;54;kWh;0;6837;0;0;6837;6837
2018-09-02T13:30;2018-09-02T13:45;55;kWh;0;5165;0;0;5165;5165
2018-09-02T13:45;2018-09-02T14:00;56;kWh;0;662;0;0;662;662
2018-09-02T14:00;2018-09-02T14:15;57;kWh;0;3945;0;0;3945;3945
2018-09-02T14:15;2018-09-02T14:30;58;kWh;0;22642;0;0;22642;22642
2018-09-02T14:30;2018-09-02T14:45;59;kWh;0;20890;0;0;20890;20890
2018-09-02T14:45;2018-09-02T15:00;60;kWh;0;13272;0;0;13272;13272
2018-09-02T15:00;2018-09-02T15:15;61;kWh;0;1883;0;0;1883;1883
2018-09-02T15:15;2018-09-02T15:30;62;kWh;0;0;0;0;0;0
2018-09-02T15:30;2018-09-02T15:45;63;kWh;0;0;0;0;0;0
2018-09-02T15:45;2018-09-02T16:00;64;kWh;0;0;0;0;0;0
2018-09-02T16:00;2018-09-02T16:15;65;kWh;-10211;0;0;0;10211;-10211
2018-09-02T16:15;2018-09-02T16:30;66;kWh;-7364;0;0;0;7364;-7364
2018-09-02T16:30;2018-09-02T16:45;67;kWh;-5055;0;0;0;5055;-5055
2018-09-02T16:45;2018-09-02T17:00;68;kWh;-83;0;0;0;83;-83
2018-09-02T17:00;2018-09-02T17:15;69;kWh;-2189;0;0;0;2189;-2189
2018-09-02T17:15;2018-09-02T17:30;70;kWh;-1716;0;0;0;1716;-1716
2018-09-02T17:30;2018-09-02T17:45;71;kWh;0;0;0;0;0;0
2018-09-02T17:45;2018-09-02T18:00;72;kWh;0;0;0;0;0;0
2018-09-02T18:00;2018-09-02T18:15;73;kWh;0;1414;0;0;1414;1414
2018-09-02T18:15;2018-09-02T18:30;74;kWh;0;0;0;0;0;0
2018-09-02T18:30;2018-09-02T18:45;75;kWh;0;1138;0;0;1138;1138
2018-09-02T18:45;2018-09-02T19:00;76;kWh;0;7735;0;0;7735;7735
2018-09-02T19:00;2018-09-02T19:15;77;kWh;0;14090;0;0;14090;14090
2018-09-02T19:15;2018-09-02T19:30;78;kWh;0;26371;0;0;26371;26371
2018-09-02T19:30;2018-09-02T19:45;79;kWh;0;46206;0;0;46206;46206
2018-09-02T19:45;2018-09-02T20:00;80;kWh;0;39006;0;0;39006;39006
2018-09-02T20:00;2018-09-02T20:15;81;kWh;-1215;9825;0;0;11040;8610
2018-09-02T20:15;2018-09-02T20:30;82;kWh;0;808;0;0;808;808
2018-09-02T20:30;2018-09-02T20:45;83;kWh;0;2720;0;0;2720;2720
2018-09-02T20:45;2018-09-02T21:00;84;kWh;0;30308;0;0;30308;30308
2018-09-02T21:00;2018-09-02T21:15;85;kWh;0;11060;0;0;11060;11060
2018-09-02T21:15;2018-09-02T21:30;86;kWh;0;0;0;0;0;0
2018-09-02T21:30;2018-09-02T21:45;87;kWh;-534;0;0;0;534;-534
2018-09-02T21:45;2018-09-02T22:00;88;kWh;-4925;0;0;0;4925;-4925
2018-09-02T22:00;2018-09-02T22:15;89;kWh;-6050;0;0;0;6050;-6050
2018-09-02T22:15;2018-09-02T22:30;90;kWh;-4541;0;0;0;4541;-4541
2018-09-02T22:30;2018-09-02T22:45;91;kWh;-18991;0;0;0;18991;-18991
2018-09-02T22:45;2018-09-02T23:00;92;kWh;-5139;0;0;0;5139;-5139
2018-09-02T23:00;2018-09-02T23:15;93;kWh;-1447;0;0;0;1447;-1447
2018-09-02T23:15;2018-09-02T23:30;94;kWh;-8301;0;0;0;8301;-8301
2018-09-02T23:30;2018-09-02T23:45;95;kWh;-29978;0;0;0;29978;-29978
2018-09-02T23:45;2018-09-03T00:00;96;kWh;-53387;0;0;0;53387;-53387
2018-09-03T00:00;2018-09-03T00:15;1;kWh;-38454;9807;0;0;48261;-28647
2018-09-03T00:15;2018-09-03T00:30;2;kWh;0;18648;0;0;18648;18648
2018-09-03T00:30;2018-09-03T00:45;3;kWh;-2144;2597;0;0;4741;453
2018-09-03T00:45;2018-09-03T01:00;4;kWh;-31477;0;0;0;31477;-31477
2018-09-03T01:00;2018-09-03T01:15;5;kWh;-24235;3754;0;0;27989;-20481
2018-09-03T01:15;2018-09-03T01:30;6;kWh;-19;7776;0;0;7795;7757
2018-09-03T01:30;2018-09-03T01:45;7;kWh;0;29;0;0;29;29
2018-09-03T01:45;2018-09-03T02:00;8;kWh;0;151;0;0;151;151
2018-09-03T02:00;2018-09-03T02:15;9;kWh;0;14577;0;0;14577;14577
2018-09-03T02:15;2018-09-03T02:30;10;kWh;0;18508;0;0;18508;18508
2018-09-03T02:30;2018-09-03T02:45;11;kWh;0;1656;0;0;1656;1656
2018-09-03T02:45;2018-09-03T03:00;12;kWh;0;0;0;0;0;0
2018-09-03T03:00;2018-09-03T03:15;13;kWh;0;1346;0;0;1346;1346
2018-09-03T03:15;2018-09-03T03:30;14;kWh;0;1980;0;0;1980;1980
2018-09-03T03:30;2018-09-03T03:45;15;kWh;0;3296;0;0;3296;3296
2018-09-03T03:45;2018-09-03T04:00;16;kWh;0;16256;0;0;16256;16256
2018-09-03T04:00;2018-09-03T04:15;17;kWh;0;7870;0;0;7870;7870
2018-09-03T04:15;2018-09-03T04:30;18;kWh;0;0;0;0;0;0
2018-09-03T04:30;2018-09-03T04:45;19;kWh;0;7376;0;0;7376;7376
2018-09-03T04:45;2018-09-03T05:00;20;kWh;0;38651;0;0;38651;38651
2018-09-03T05:00;2018-09-03T05:15;21;kWh;0;10743;0;0;10743;10743
2018-09-03T05:15;2018-09-03T05:30;22;kWh;0;0;0;0;0;0
2018-09-03T05:30;2018-09-03T05:45;23;kWh;0;0;0;0;0;0
2018-09-03T05:45;2018-09-03T06:00;24;kWh;0;2701;0;0;2701;2701
2018-09-03T06:00;2018-09-03T06:15;25;kWh;0;2957;0;0;2957;2957
2018-09-03T06:15;2018-09-03T06:30;26;kWh;0;0;0;0;0;0
2018-09-03T06:30;2018-09-03T06:45;27;kWh;0;25333;0;0;25333;25333
2018-09-03T06:45;2018-09-03T07:00;28;kWh;0;34305;0;0;34305;34305
2018-09-03T07:00;2018-09-03T07:15;29;kWh;0;30687;0;0;30687;30687
2018-09-03T07:15;2018-09-03T07:30;30;kWh;0;36751;0;0;36751;36751
2018-09-03T07:30;2018-09-03T07:45;31;kWh;0;78998;0;0;78998;78998
2018-09-03T07:45;2018-09-03T08:00;32;kWh;0;88261;0;0;88261;88261
2018-09-03T08:00;2018-09-03T08:15;33;kWh;0;48004;0;0;48004;48004
2018-09-03T08:15;2018-09-03T08:30;34;kWh;0;15;0;0;15;15
2018-09-03T08:30;2018-09-03T08:45;35;kWh;0;8232;0;0;8232;8232
2018-09-03T08:45;2018-09-03T09:00;36;kWh;0;60284;0;0;60284;60284
2018-09-03T09:00;2018-09-03T09:15;37;kWh;0;50517;0;0;50517;50517
2018-09-03T09:15;2018-09-03T09:30;38;kWh;0;62453;0;0;62453;62453
2018-09-03T09:30;2018-09-03T09:45;39;kWh;0;36898;0;0;36898;36898
2018-09-03T09:45;2018-09-03T10:00;40;kWh;0;10706;0;0;10706;10706
2018-09-03T10:00;2018-09-03T10:15;41;kWh;0;63792;0;0;63792;63792
2018-09-03T10:15;2018-09-03T10:30;42;kWh;0;46424;0;0;46424;46424
2018-09-03T10:30;2018-09-03T10:45;43;kWh;0;49536;0;0;49536;49536
2018-09-03T10:45;2018-09-03T11:00;44;kWh;0;38914;0;0;38914;38914
2018-09-03T11:00;2018-09-03T11:15;45;kWh;0;47258;0;0;47258;47258
2018-09-03T11:15;2018-09-03T11:30;46;kWh;0;54757;0;0;54757;54757
2018-09-03T11:30;2018-09-03T11:45;47;kWh;0;38379;0;0;38379;38379
2018-09-03T11:45;2018-09-03T12:00;48;kWh;0;32784;0;0;32784;32784
2018-09-03T12:00;2018-09-03T12:15;49;kWh;0;50341;0;0;50341;50341
2018-09-03T12:15;2018-09-03T12:30;50;kWh;0;46775;0;0;46775;46775
2018-09-03T12:30;2018-09-03T12:45;51;kWh;0;6378;0;0;6378;6378
2018-09-03T12:45;2018-09-03T13:00;52;kWh;0;0;0;0;0;0
2018-09-03T13:00;2018-09-03T13:15;53;kWh;0;22538;0;0;22538;22538
2018-09-03T13:15;2018-09-03T13:30;54;kWh;0;54711;0;0;54711;54711
2018-09-03T13:30;2018-09-03T13:45;55;kWh;0;25506;0;0;25506;25506
2018-09-03T13:45;2018-09-03T14:00;56;kWh;0;17075;0;0;17075;17075
2018-09-03T14:00;2018-09-03T14:15;57;kWh;0;31509;0;0;31509;31509
2018-09-03T14:15;2018-09-03T14:30;58;kWh;0;51503;0;0;51503;51503
2018-09-03T14:30;2018-09-03T14:45;59;kWh;0;33766;0;0;33766;33766
2018-09-03T14:45;2018-09-03T15:00;60;kWh;0;7416;0;0;7416;7416
2018-09-03T15:00;2018-09-03T15:15;61;kWh;0;9;0;0;9;9
2018-09-03T15:15;2018-09-03T15:30;62;kWh;0;0;0;0;0;0
2018-09-03T15:30;2018-09-03T15:45;63;kWh;0;1078;0;0;1078;1078
2018-09-03T15:45;2018-09-03T16:00;64;kWh;0;1604;0;0;1604;1604
2018-09-03T16:00;2018-09-03T16:15;65;kWh;0;14;0;0;14;14
2018-09-03T16:15;2018-09-03T16:30;66;kWh;0;0;0;0;0;0
2018-09-03T16:30;2018-09-03T16:45;67;kWh;0;965;0;0;965;965
2018-09-03T16:45;2018-09-03T17:00;68;kWh;0;2973;0;0;2973;2973
2018-09-03T17:00;2018-09-03T17:15;69;kWh;0;49614;0;0;49614;49614
2018-09-03T17:15;2018-09-03T17:30;70;kWh;0;82144;0;20856;103000;103000
2018-09-03T17:30;2018-09-03T17:45;71;kWh;0;46500;0;86871;133371;133371
2018-09-03T17:45;2018-09-03T18:00;72;kWh;0;58194;0;48733;106927;106927
2018-09-03T18:00;2018-09-03T18:15;73;kWh;0;66294;0;56199;122493;122493
2018-09-03T18:15;2018-09-03T18:30;74;kWh;0;78080;0;81198;159278;159278
2018-09-03T18:30;2018-09-03T18:45;75;kWh;0;83021;0;129225;212246;212246
2018-09-03T18:45;2018-09-03T19:00;76;kWh;0;75479;0;173695;249174;249174
2018-09-03T19:00;2018-09-03T19:15;77;kWh;-234;18313;0;169376;187923;187455
2018-09-03T19:15;2018-09-03T19:30;78;kWh;0;21395;0;69476;90871;90871
2018-09-03T19:30;2018-09-03T19:45;79;kWh;0;61075;0;0;61075;61075
2018-09-03T19:45;2018-09-03T20:00;80;kWh;0;63092;0;0;63092;63092
2018-09-03T20:00;2018-09-03T20:15;81;kWh;0;15015;0;0;15015;15015
2018-09-03T20:15;2018-09-03T20:30;82;kWh;0;42247;0;0;42247;42247
2018-09-03T20:30;2018-09-03T20:45;83;kWh;0;73132;0;0;73132;73132
2018-09-03T20:45;2018-09-03T21:00;84;kWh;0;38851;0;0;38851;38851
2018-09-03T21:00;2018-09-03T21:15;85;kWh;0;24935;0;0;24935;24935
2018-09-03T21:15;2018-09-03T21:30;86;kWh;0;20540;0;0;20540;20540
2018-09-03T21:30;2018-09-03T21:45;87;kWh;-78;632;0;0;710;554
2018-09-03T21:45;2018-09-03T22:00;88;kWh;-4109;0;0;0;4109;-4109
2018-09-03T22:00;2018-09-03T22:15;89;kWh;-729;27279;0;0;28008;26550
2018-09-03T22:15;2018-09-03T22:30;90;kWh;0;80025;0;0;80025;80025
2018-09-03T22:30;2018-09-03T22:45;91;kWh;0;45997;0;0;45997;45997
2018-09-03T22:45;2018-09-03T23:00;92;kWh;0;15194;0;0;15194;15194
2018-09-03T23:00;2018-09-03T23:15;93;kWh;0;17041;0;0;17041;17041
2018-09-03T23:15;2018-09-03T23:30;94;kWh;0;51976;0;0;51976;51976
2018-09-03T23:30;2018-09-03T23:45;95;kWh;0;47125;0;0;47125;47125
2018-09-03T23:45;2018-09-04T00:00;96;kWh;0;36974;0;0;36974;36974
2018-09-04T00:00;2018-09-04T00:15;1;kWh;0;31586;0;0;31586;31586
2018-09-04T00:15;2018-09-04T00:30;2;kWh;0;40489;0;0;40489;40489
2018-09-04T00:30;2018-09-04T00:45;3;kWh;0;23261;0;0;23261;23261
2018-09-04T00:45;2018-09-04T01:00;4;kWh;0;4205;0;0;4205;4205
2018-09-04T01:00;2018-09-04T01:15;5;kWh;0;14354;0;0;14354;14354
2018-09-04T01:15;2018-09-04T01:30;6;kWh;0;46537;0;0;46537;46537
2018-09-04T01:30;2018-09-04T01:45;7;kWh;0;2103;0;0;2103;2103
2018-09-04T01:45;2018-09-04T02:00;8;kWh;0;458;0;0;458;458
2018-09-04T02:00;2018-09-04T02:15;9;kWh;0;14;0;0;14;14
2018-09-04T02:15;2018-09-04T02:30;10;kWh;0;16470;0;0;16470;16470
2018-09-04T02:30;2018-09-04T02:45;11;kWh;0;11708;0;0;11708;11708
2018-09-04T02:45;2018-09-04T03:00;12;kWh;0;297;0;0;297;297
2018-09-04T03:00;2018-09-04T03:15;13;kWh;0;7106;0;0;7106;7106
2018-09-04T03:15;2018-09-04T03:30;14;kWh;0;14858;0;0;14858;14858
2018-09-04T03:30;2018-09-04T03:45;15;kWh;0;1382;0;0;1382;1382
2018-09-04T03:45;2018-09-04T04:00;16;kWh;0;236;0;0;236;236
2018-09-04T04:00;2018-09-04T04:15;17;kWh;0;239;0;0;239;239
2018-09-04T04:15;2018-09-04T04:30;18;kWh;0;9;0;0;9;9
2018-09-04T04:30;2018-09-04T04:45;19;kWh;0;58;0;0;58;58
2018-09-04T04:45;2018-09-04T05:00;20;kWh;0;647;0;0;647;647
2018-09-04T05:00;2018-09-04T05:15;21;kWh;0;126;0;0;126;126
2018-09-04T05:15;2018-09-04T05:30;22;kWh;0;10402;0;0;10402;10402
2018-09-04T05:30;2018-09-04T05:45;23;kWh;0;33869;0;0;33869;33869
2018-09-04T05:45;2018-09-04T06:00;24;kWh;-354;15587;0;0;15941;15233
2018-09-04T06:00;2018-09-04T06:15;25;kWh;0;9;0;0;9;9
2018-09-04T06:15;2018-09-04T06:30;26;kWh;0;3314;0;0;3314;3314
2018-09-04T06:30;2018-09-04T06:45;27;kWh;0;57849;0;0;57849;57849
2018-09-04T06:45;2018-09-04T07:00;28;kWh;0;82161;0;0;82161;82161
2018-09-04T07:00;2018-09-04T07:15;29;kWh;-2667;31739;0;0;34406;29072
2018-09-04T07:15;2018-09-04T07:30;30;kWh;-31;83;0;0;114;52
2018-09-04T07:30;2018-09-04T07:45;31;kWh;0;18433;0;0;18433;18433
2018-09-04T07:45;2018-09-04T08:00;32;kWh;0;74131;0;0;74131;74131
2018-09-04T08:00;2018-09-04T08:15;33;kWh;0;57200;0;0;57200;57200
2018-09-04T08:15;2018-09-04T08:30;34;kWh;0;57044;0;0;57044;57044
2018-09-04T08:30;2018-09-04T08:45;35;kWh;0;73757;0;0;73757;73757
2018-09-04T08:45;2018-09-04T09:00;36;kWh;0;80745;0;0;80745;80745
2018-09-04T09:00;2018-09-04T09:15;37;kWh;0;29750;0;0;29750;29750
2018-09-04T09:15;2018-09-04T09:30;38;kWh;0;64089;0;0;64089;64089
2018-09-04T09:30;2018-09-04T09:45;39;kWh;0;82283;0;0;84783;84783
2018-09-04T09:45;2018-09-04T10:00;40;kWh;0;78255;0;0;78255;78255
2018-09-04T10:00;2018-09-04T10:15;41;kWh;-388;34566;0;0;38704;37928
2018-09-04T10:15;2018-09-04T10:30;42;kWh;-4286;208;0;0;4494;-4078
2018-09-04T10:30;2018-09-04T10:45;43;kWh;0;9380;0;0;9380;9380
2018-09-04T10:45;2018-09-04T11:00;44;kWh;0;32931;0;0;32931;32931
2018-09-04T11:00;2018-09-04T11:15;45;kWh;0;42347;0;0;42347;42347
2018-09-04T11:15;2018-09-04T11:30;46;kWh;0;36302;0;0;36302;36302
2018-09-04T11:30;2018-09-04T11:45;47;kWh;0;39888;0;0;39888;39888
2018-09-04T11:45;2018-09-04T12:00;48;kWh;-2;32637;0;0;32639;32635
2018-09-04T12:00;2018-09-04T12:15;49;kWh;-157;3803;0;0;3960;3646
2018-09-04T12:15;2018-09-04T12:30;50;kWh;0;1387;0;0;1387;1387
2018-09-04T12:30;2018-09-04T12:45;51;kWh;-992;0;0;0;992;-992
2018-09-04T12:45;2018-09-04T13:00;52;kWh;-676;0;0;0;676;-676
2018-09-04T13:00;2018-09-04T13:15;53;kWh;-743;150;0;0;893;-593
2018-09-04T13:15;2018-09-04T13:30;54;kWh;0;2088;0;0;2088;2088
2018-09-04T13:30;2018-09-04T13:45;55;kWh;0;568;0;0;568;568
2018-09-04T13:45;2018-09-04T14:00;56;kWh;0;0;0;0;0;0
2018-09-04T14:00;2018-09-04T14:15;57;kWh;0;12627;0;0;12627;12627
2018-09-04T14:15;2018-09-04T14:30;58;kWh;0;36662;0;0;36662;36662
2018-09-04T14:30;2018-09-04T14:45;59;kWh;0;8361;0;0;8361;8361
2018-09-04T14:45;2018-09-04T15:00;60;kWh;0;4264;0;0;4264;4264
2018-09-04T15:00;2018-09-04T15:15;61;kWh;0;2203;0;0;2203;2203
2018-09-04T15:15;2018-09-04T15:30;62;kWh;0;1363;0;0;1363;1363
2018-09-04T15:30;2018-09-04T15:45;63;kWh;0;2521;0;0;2521;2521
2018-09-04T15:45;2018-09-04T16:00;64;kWh;0;292;0;0;292;292
2018-09-04T16:00;2018-09-04T16:15;65;kWh;0;844;0;0;844;844
2018-09-04T16:15;2018-09-04T16:30;66;kWh;0;971;0;0;971;971
2018-09-04T16:30;2018-09-04T16:45;67;kWh;0;3590;0;0;3590;3590
2018-09-04T16:45;2018-09-04T17:00;68;kWh;0;3191;0;0;3191;3191
2018-09-04T17:00;2018-09-04T17:15;69;kWh;0;8283;0;0;8283;8283
2018-09-04T17:15;2018-09-04T17:30;70;kWh;0;50854;0;0;50854;50854
2018-09-04T17:30;2018-09-04T17:45;71;kWh;0;38768;0;0;38768;38768
2018-09-04T17:45;2018-09-04T18:00;72;kWh;0;47196;0;0;47196;47196
2018-09-04T18:00;2018-09-04T18:15;73;kWh;0;72190;0;0;72190;72190
2018-09-04T18:15;2018-09-04T18:30;74;kWh;0;73720;0;0;73720;73720
2018-09-04T18:30;2018-09-04T18:45;75;kWh;0;81655;0;0;81655;81655
2018-09-04T18:45;2018-09-04T19:00;76;kWh;0;67587;0;0;71337;71337
2018-09-04T19:00;2018-09-04T19:15;77;kWh;-422;8408;0;0;8830;7986
2018-09-04T19:15;2018-09-04T19:30;78;kWh;0;1330;0;0;1330;1330
2018-09-04T19:30;2018-09-04T19:45;79;kWh;0;4448;0;0;4448;4448
2018-09-04T19:45;2018-09-04T20:00;80;kWh;0;11683;0;0;11683;11683
2018-09-04T20:00;2018-09-04T20:15;81;kWh;0;36468;0;0;36468;36468
2018-09-04T20:15;2018-09-04T20:30;82;kWh;0;45143;0;0;45143;45143
2018-09-04T20:30;2018-09-04T20:45;83;kWh;0;73788;0;0;73788;73788
2018-09-04T20:45;2018-09-04T21:00;84;kWh;0;79692;0;0;79692;79692
2018-09-04T21:00;2018-09-04T21:15;85;kWh;0;63195;0;0;65695;65695
2018-09-04T21:15;2018-09-04T21:30;86;kWh;0;76270;0;0;80020;80020
2018-09-04T21:30;2018-09-04T21:45;87;kWh;0;43024;0;0;43024;43024
2018-09-04T21:45;2018-09-04T22:00;88;kWh;0;26106;0;0;26106;26106
2018-09-04T22:00;2018-09-04T22:15;89;kWh;0;49699;0;0;49699;49699
2018-09-04T22:15;2018-09-04T22:30;90;kWh;0;56775;0;0;56775;56775
2018-09-04T22:30;2018-09-04T22:45;91;kWh;-59;20784;0;0;20843;20725
2018-09-04T22:45;2018-09-04T23:00;92;kWh;-1458;873;0;0;2331;-585
2018-09-04T23:00;2018-09-04T23:15;93;kWh;-1290;1244;0;0;2534;-46
2018-09-04T23:15;2018-09-04T23:30;94;kWh;0;230;0;0;230;230
2018-09-04T23:30;2018-09-04T23:45;95;kWh;0;23;0;0;23;23
2018-09-04T23:45;2018-09-05T00:00;96;kWh;-9066;0;0;0;9066;-9066
2018-09-05T00:00;2018-09-05T00:15;1;kWh;-13740;388;0;0;14128;-13352
2018-09-05T00:15;2018-09-05T00:30;2;kWh;-98;19040;0;0;19138;18942
2018-09-05T00:30;2018-09-05T00:45;3;kWh;-548;4527;0;0;5075;3979
2018-09-05T00:45;2018-09-05T01:00;4;kWh;-35985;0;0;0;35985;-35985
2018-09-05T01:00;2018-09-05T01:15;5;kWh;-19265;245;0;0;19510;-19020
2018-09-05T01:15;2018-09-05T01:30;6;kWh;-267;2495;0;0;2762;2228
2018-09-05T01:30;2018-09-05T01:45;7;kWh;-439;0;0;0;439;-439
2018-09-05T01:45;2018-09-05T02:00;8;kWh;-2399;0;0;0;2399;-2399
2018-09-05T02:00;2018-09-05T02:15;9;kWh;-4616;0;0;0;4616;-4616
2018-09-05T02:15;2018-09-05T02:30;10;kWh;0;0;0;0;0;0
2018-09-05T02:30;2018-09-05T02:45;11;kWh;0;5;0;0;5;5
2018-09-05T02:45;2018-09-05T03:00;12;kWh;0;614;0;0;614;614
2018-09-05T03:00;2018-09-05T03:15;13;kWh;0;3432;0;0;3432;3432
2018-09-05T03:15;2018-09-05T03:30;14;kWh;0;6670;0;0;6670;6670
2018-09-05T03:30;2018-09-05T03:45;15;kWh;0;6146;0;0;6146;6146
2018-09-05T03:45;2018-09-05T04:00;16;kWh;0;359;0;0;359;359
2018-09-05T04:00;2018-09-05T04:15;17;kWh;0;1945;0;0;1945;1945
2018-09-05T04:15;2018-09-05T04:30;18;kWh;0;865;0;0;865;865
2018-09-05T04:30;2018-09-05T04:45;19;kWh;0;3792;0;0;3792;3792
2018-09-05T04:45;2018-09-05T05:00;20;kWh;0;4559;0;0;4559;4559
2018-09-05T05:00;2018-09-05T05:15;21;kWh;0;2123;0;0;2123;2123
2018-09-05T05:15;2018-09-05T05:30;22;kWh;-1787;0;0;0;1787;-1787
2018-09-05T05:30;2018-09-05T05:45;23;kWh;-994;4480;0;0;5474;3486
2018-09-05T05:45;2018-09-05T06:00;24;kWh;0;14569;0;0;14569;14569
2018-09-05T06:00;2018-09-05T06:15;25;kWh;-4744;356;0;0;5100;-4388
2018-09-05T06:15;2018-09-05T06:30;26;kWh;-8402;0;0;0;8402;-8402
2018-09-05T06:30;2018-09-05T06:45;27;kWh;-1021;5984;0;0;7005;4963
2018-09-05T06:45;2018-09-05T07:00;28;kWh;0;53852;0;0;53852;53852
2018-09-05T07:00;2018-09-05T07:15;29;kWh;-3910;17427;0;0;21337;13517
2018-09-05T07:15;2018-09-05T07:30;30;kWh;-280;0;0;0;280;-280
2018-09-05T07:30;2018-09-05T07:45;31;kWh;0;14843;0;0;14843;14843
2018-09-05T07:45;2018-09-05T08:00;32;kWh;0;73819;0;0;73819;73819
2018-09-05T08:00;2018-09-05T08:15;33;kWh;-398;40127;0;0;40525;39729
2018-09-05T08:15;2018-09-05T08:30;34;kWh;-22;6791;0;0;6813;6769
2018-09-05T08:30;2018-09-05T08:45;35;kWh;0;44992;0;0;44992;44992
2018-09-05T08:45;2018-09-05T09:00;36;kWh;0;40400;0;0;40400;40400
2018-09-05T09:00;2018-09-05T09:15;37;kWh;0;60760;0;0;60760;60760
2018-09-05T09:15;2018-09-05T09:30;38;kWh;0;82432;0;0;82432;82432
2018-09-05T09:30;2018-09-05T09:45;39;kWh;0;79450;0;0;80700;80700
2018-09-05T09:45;2018-09-05T10:00;40;kWh;0;53405;0;0;53405;53405
2018-09-05T10:00;2018-09-05T10:15;41;kWh;0;70676;0;0;70676;70676
2018-09-05T10:15;2018-09-05T10:30;42;kWh;0;80974;0;0;80974;80974
2018-09-05T10:30;2018-09-05T10:45;43;kWh;0;44446;0;0;44446;44446
2018-09-05T10:45;2018-09-05T11:00;44;kWh;0;27171;0;0;27171;27171
2018-09-05T11:00;2018-09-05T11:15;45;kWh;0;28757;0;0;28757;28757
2018-09-05T11:15;2018-09-05T11:30;46;kWh;0;39342;0;0;39342;39342
2018-09-05T11:30;2018-09-05T11:45;47;kWh;0;35017;0;0;35017;35017
2018-09-05T11:45;2018-09-05T12:00;48;kWh;0;32015;0;0;32015;32015
2018-09-05T12:00;2018-09-05T12:15;49;kWh;0;33756;0;0;33756;33756
2018-09-05T12:15;2018-09-05T12:30;50;kWh;0;43134;0;0;43134;43134
2018-09-05T12:30;2018-09-05T12:45;51;kWh;0;33616;0;0;33616;33616
2018-09-05T12:45;2018-09-05T13:00;52;kWh;0;27961;0;0;27961;27961
2018-09-05T13:00;2018-09-05T13:15;53;kWh;0;30173;0;0;30173;30173
2018-09-05T13:15;2018-09-05T13:30;54;kWh;0;24135;0;0;24135;24135
2018-09-05T13:30;2018-09-05T13:45;55;kWh;0;16823;0;0;16823;16823
2018-09-05T13:45;2018-09-05T14:00;56;kWh;0;6013;0;0;6013;6013
2018-09-05T14:00;2018-09-05T14:15;57;kWh;0;8241;0;0;8241;8241
2018-09-05T14:15;2018-09-05T14:30;58;kWh;0;21474;0;0;21474;21474
2018-09-05T14:30;2018-09-05T14:45;59;kWh;0;21511;0;0;21511;21511
2018-09-05T14:45;2018-09-05T15:00;60;kWh;0;17115;0;0;17115;17115
2018-09-05T15:00;2018-09-05T15:15;61;kWh;-1316;12856;0;0;14172;11540
2018-09-05T15:15;2018-09-05T15:30;62;kWh;-281;8270;0;0;8551;7989
2018-09-05T15:30;2018-09-05T15:45;63;kWh;0;34376;0;0;34376;34376
2018-09-05T15:45;2018-09-05T16:00;64;kWh;0;63618;0;0;63618;63618
2018-09-05T16:00;2018-09-05T16:15;65;kWh;-343;27168;0;0;27511;26825
2018-09-05T16:15;2018-09-05T16:30;66;kWh;-2;1603;0;0;1605;1601
2018-09-05T16:30;2018-09-05T16:45;67;kWh;0;8360;0;0;8360;8360
2018-09-05T16:45;2018-09-05T17:00;68;kWh;0;19407;0;0;19407;19407
2018-09-05T17:00;2018-09-05T17:15;69;kWh;-699;6726;0;0;7425;6027
2018-09-05T17:15;2018-09-05T17:30;70;kWh;-1771;0;0;0;1771;-1771
2018-09-05T17:30;2018-09-05T17:45;71;kWh;-208;0;0;0;208;-208
2018-09-05T17:45;2018-09-05T18:00;72;kWh;0;0;0;0;0;0
2018-09-05T18:00;2018-09-05T18:15;73;kWh;-67;3855;0;0;3922;3788
2018-09-05T18:15;2018-09-05T18:30;74;kWh;0;17345;0;0;17345;17345
2018-09-05T18:30;2018-09-05T18:45;75;kWh;0;11329;0;0;11329;11329
2018-09-05T18:45;2018-09-05T19:00;76;kWh;0;30444;0;0;30444;30444
2018-09-05T19:00;2018-09-05T19:15;77;kWh;0;70042;0;0;70042;70042
2018-09-05T19:15;2018-09-05T19:30;78;kWh;-30;33878;0;0;33908;33848
2018-09-05T19:30;2018-09-05T19:45;79;kWh;-754;211;0;0;965;-543
2018-09-05T19:45;2018-09-05T20:00;80;kWh;0;20755;0;0;20755;20755
2018-09-05T20:00;2018-09-05T20:15;81;kWh;0;58109;0;0;58109;58109
2018-09-05T20:15;2018-09-05T20:30;82;kWh;0;71218;0;0;71218;71218
2018-09-05T20:30;2018-09-05T20:45;83;kWh;0;80428;0;0;80428;80428
2018-09-05T20:45;2018-09-05T21:00;84;kWh;0;76549;0;0;76549;76549
2018-09-05T21:00;2018-09-05T21:15;85;kWh;0;76534;0;0;76534;76534
2018-09-05T21:15;2018-09-05T21:30;86;kWh;0;80587;0;0;80587;80587
2018-09-05T21:30;2018-09-05T21:45;87;kWh;-145;29731;0;0;29876;29586
2018-09-05T21:45;2018-09-05T22:00;88;kWh;0;5294;0;0;5294;5294
2018-09-05T22:00;2018-09-05T22:15;89;kWh;0;48229;0;0;48229;48229
2018-09-05T22:15;2018-09-05T22:30;90;kWh;0;58724;0;0;58724;58724
2018-09-05T22:30;2018-09-05T22:45;91;kWh;-129;17130;0;0;17259;17001
2018-09-05T22:45;2018-09-05T23:00;92;kWh;0;0;0;0;0;0
2018-09-05T23:00;2018-09-05T23:15;93;kWh;0;29422;0;0;29422;29422
2018-09-05T23:15;2018-09-05T23:30;94;kWh;0;58948;0;0;58948;58948
2018-09-05T23:30;2018-09-05T23:45;95;kWh;-972;6769;0;0;7741;5797
2018-09-05T23:45;2018-09-06T00:00;96;kWh;-7301;0;0;0;7301;-7301
2018-09-06T00:00;2018-09-06T00:15;1;kWh;-824;6255;0;0;7079;5431
2018-09-06T00:15;2018-09-06T00:30;2;kWh;0;15599;0;0;15599;15599
2018-09-06T00:30;2018-09-06T00:45;3;kWh;0;6993;0;0;6993;6993
2018-09-06T00:45;2018-09-06T01:00;4;kWh;0;7137;0;0;7137;7137
2018-09-06T01:00;2018-09-06T01:15;5;kWh;0;928;0;0;928;928
2018-09-06T01:15;2018-09-06T01:30;6;kWh;0;11620;0;0;11620;11620
2018-09-06T01:30;2018-09-06T01:45;7;kWh;0;3873;0;0;3873;3873
2018-09-06T01:45;2018-09-06T02:00;8;kWh;-2985;0;0;0;2985;-2985
2018-09-06T02:00;2018-09-06T02:15;9;kWh;-239;62;0;0;301;-177
2018-09-06T02:15;2018-09-06T02:30;10;kWh;0;3157;0;0;3157;3157
2018-09-06T02:30;2018-09-06T02:45;11;kWh;0;8381;0;0;8381;8381
2018-09-06T02:45;2018-09-06T03:00;12;kWh;0;4840;0;0;4840;4840
2018-09-06T03:00;2018-09-06T03:15;13;kWh;0;21202;0;0;21202;21202
2018-09-06T03:15;2018-09-06T03:30;14;kWh;0;46635;0;0;46635;46635
2018-09-06T03:30;2018-09-06T03:45;15;kWh;0;38598;0;0;38598;38598
2018-09-06T03:45;2018-09-06T04:00;16;kWh;0;34497;0;0;34497;34497
2018-09-06T04:00;2018-09-06T04:15;17;kWh;0;16915;0;0;16915;16915
2018-09-06T04:15;2018-09-06T04:30;18;kWh;0;782;0;0;782;782
2018-09-06T04:30;2018-09-06T04:45;19;kWh;0;8944;0;0;8944;8944
2018-09-06T04:45;2018-09-06T05:00;20;kWh;0;22738;0;0;22738;22738
2018-09-06T05:00;2018-09-06T05:15;21;kWh;-2188;9518;0;0;11706;7330
2018-09-06T05:15;2018-09-06T05:30;22;kWh;-10434;0;0;0;10434;-10434
2018-09-06T05:30;2018-09-06T05:45;23;kWh;-1177;1751;0;0;2928;574
2018-09-06T05:45;2018-09-06T06:00;24;kWh;-654;1180;0;0;1834;526
2018-09-06T06:00;2018-09-06T06:15;25;kWh;-30782;0;0;0;30782;-30782
2018-09-06T06:15;2018-09-06T06:30;26;kWh;-15504;0;0;0;15504;-15504
2018-09-06T06:30;2018-09-06T06:45;27;kWh;-17;3828;0;0;3845;3811
2018-09-06T06:45;2018-09-06T07:00;28;kWh;0;29647;0;0;29647;29647
2018-09-06T07:00;2018-09-06T07:15;29;kWh;-5329;16341;0;0;21670;11012
2018-09-06T07:15;2018-09-06T07:30;30;kWh;-1176;2516;0;0;3692;1340
2018-09-06T07:30;2018-09-06T07:45;31;kWh;0;11097;0;0;11097;11097
2018-09-06T07:45;2018-09-06T08:00;32;kWh;0;31970;0;0;31970;31970
2018-09-06T08:00;2018-09-06T08:15;33;kWh;-254;18003;0;0;18257;17749
2018-09-06T08:15;2018-09-06T08:30;34;kWh;-2;1;0;0;3;-1
2018-09-06T08:30;2018-09-06T08:45;35;kWh;0;17789;0;0;17789;17789
2018-09-06T08:45;2018-09-06T09:00;36;kWh;0;66118;0;0;66118;66118
2018-09-06T09:00;2018-09-06T09:15;37;kWh;0;61252;0;0;61252;61252
2018-09-06T09:15;2018-09-06T09:30;38;kWh;0;77968;0;0;77968;77968
2018-09-06T09:30;2018-09-06T09:45;39;kWh;0;69943;0;18334;93277;93277
2018-09-06T09:45;2018-09-06T10:00;40;kWh;-312;8818;0;27501;41631;41007
2018-09-06T10:00;2018-09-06T10:15;41;kWh;0;40841;0;9167;50008;50008
2018-09-06T10:15;2018-09-06T10:30;42;kWh;0;81817;0;0;81817;81817
2018-09-06T10:30;2018-09-06T10:45;43;kWh;0;80149;0;0;85149;85149
2018-09-06T10:45;2018-09-06T11:00;44;kWh;0;63730;0;0;63730;63730
2018-09-06T11:00;2018-09-06T11:15;45;kWh;0;65745;0;0;65745;65745
2018-09-06T11:15;2018-09-06T11:30;46;kWh;0;43728;0;0;43728;43728
2018-09-06T11:30;2018-09-06T11:45;47;kWh;0;41823;0;0;41823;41823
2018-09-06T11:45;2018-09-06T12:00;48;kWh;0;47017;0;0;47017;47017
2018-09-06T12:00;2018-09-06T12:15;49;kWh;0;58511;0;0;58511;58511
2018-09-06T12:15;2018-09-06T12:30;50;kWh;0;63851;0;0;63851;63851
2018-09-06T12:30;2018-09-06T12:45;51;kWh;0;29096;0;0;29096;29096
2018-09-06T12:45;2018-09-06T13:00;52;kWh;0;31609;0;0;31609;31609
2018-09-06T13:00;2018-09-06T13:15;53;kWh;0;47411;0;0;47411;47411
2018-09-06T13:15;2018-09-06T13:30;54;kWh;0;66886;0;0;66886;66886
2018-09-06T13:30;2018-09-06T13:45;55;kWh;0;70939;0;0;70939;70939
2018-09-06T13:45;2018-09-06T14:00;56;kWh;0;52361;0;0;52361;52361
2018-09-06T14:00;2018-09-06T14:15;57;kWh;0;55401;0;0;55401;55401
2018-09-06T14:15;2018-09-06T14:30;58;kWh;0;83476;0;0;83476;83476
2018-09-06T14:30;2018-09-06T14:45;59;kWh;0;64802;0;0;68552;68552
2018-09-06T14:45;2018-09-06T15:00;60;kWh;0;8826;0;0;8826;8826
2018-09-06T15:00;2018-09-06T15:15;61;kWh;0;126;0;0;126;126
2018-09-06T15:15;2018-09-06T15:30;62;kWh;-140;0;0;0;140;-140
2018-09-06T15:30;2018-09-06T15:45;63;kWh;-270;0;0;0;270;-270
2018-09-06T15:45;2018-09-06T16:00;64;kWh;0;0;0;0;0;0
2018-09-06T16:00;2018-09-06T16:15;65;kWh;0;0;0;0;0;0
2018-09-06T16:15;2018-09-06T16:30;66;kWh;0;0;0;0;0;0
2018-09-06T16:30;2018-09-06T16:45;67;kWh;0;54;0;0;54;54
2018-09-06T16:45;2018-09-06T17:00;68;kWh;0;2344;0;0;2344;2344
2018-09-06T17:00;2018-09-06T17:15;69;kWh;0;2894;0;0;2894;2894
2018-09-06T17:15;2018-09-06T17:30;70;kWh;0;12787;0;0;12787;12787
2018-09-06T17:30;2018-09-06T17:45;71;kWh;0;15711;0;0;15711;15711
2018-09-06T17:45;2018-09-06T18:00;72;kWh;0;22521;0;0;22521;22521
2018-09-06T18:00;2018-09-06T18:15;73;kWh;-7565;6314;0;0;13879;-1251
2018-09-06T18:15;2018-09-06T18:30;74;kWh;-6607;0;0;0;6607;-6607
2018-09-06T18:30;2018-09-06T18:45;75;kWh;-158;0;0;0;158;-158
2018-09-06T18:45;2018-09-06T19:00;76;kWh;-3820;0;0;0;3820;-3820
2018-09-06T19:00;2018-09-06T19:15;77;kWh;-771;8806;0;0;9577;8035
2018-09-06T19:15;2018-09-06T19:30;78;kWh;0;21093;0;0;21093;21093
2018-09-06T19:30;2018-09-06T19:45;79;kWh;0;28621;0;0;28621;28621
2018-09-06T19:45;2018-09-06T20:00;80;kWh;0;41144;0;0;41144;41144
2018-09-06T20:00;2018-09-06T20:15;81;kWh;-520;13485;0;0;14005;12965
2018-09-06T20:15;2018-09-06T20:30;82;kWh;0;11248;0;0;11248;11248
2018-09-06T20:30;2018-09-06T20:45;83;kWh;0;30541;0;0;30541;30541
2018-09-06T20:45;2018-09-06T21:00;84;kWh;0;26544;0;0;26544;26544
2018-09-06T21:00;2018-09-06T21:15;85;kWh;0;47159;0;0;47159;47159
2018-09-06T21:15;2018-09-06T21:30;86;kWh;-456;38572;0;0;39028;38116
2018-09-06T21:30;2018-09-06T21:45;87;kWh;-5088;16;0;0;5104;-5072
2018-09-06T21:45;2018-09-06T22:00;88;kWh;-15901;0;0;0;15901;-15901
2018-09-06T22:00;2018-09-06T22:15;89;kWh;-7930;21518;0;0;29448;13588
2018-09-06T22:15;2018-09-06T22:30;90;kWh;0;76708;0;0;76708;76708
2018-09-06T22:30;2018-09-06T22:45;91;kWh;-207;21993;0;0;22200;21786
2018-09-06T22:45;2018-09-06T23:00;92;kWh;-2126;0;0;0;2126;-2126
2018-09-06T23:00;2018-09-06T23:15;93;kWh;-5735;8701;0;0;14436;2966
2018-09-06T23:15;2018-09-06T23:30;94;kWh;0;26872;0;0;26872;26872
2018-09-06T23:30;2018-09-06T23:45;95;kWh;0;2543;0;0;2543;2543
2018-09-06T23:45;2018-09-07T00:00;96;kWh;-1735;0;0;0;1735;-1735
2018-09-07T00:00;2018-09-07T00:15;1;kWh;-3798;5710;0;0;9508;1912
2018-09-07T00:15;2018-09-07T00:30;2;kWh;0;16334;0;0;16334;16334
2018-09-07T00:30;2018-09-07T00:45;3;kWh;-14;3605;0;0;3619;3591
2018-09-07T00:45;2018-09-07T01:00;4;kWh;-1478;0;0;0;1478;-1478
2018-09-07T01:00;2018-09-07T01:15;5;kWh;-810;6900;0;0;7710;6090
2018-09-07T01:15;2018-09-07T01:30;6;kWh;0;13645;0;0;13645;13645
2018-09-07T01:30;2018-09-07T01:45;7;kWh;0;2;0;0;2;2
2018-09-07T01:45;2018-09-07T02:00;8;kWh;-113;0;0;0;113;-113
2018-09-07T02:00;2018-09-07T02:15;9;kWh;-191;6655;0;0;6846;6464
2018-09-07T02:15;2018-09-07T02:30;10;kWh;0;26432;0;0;26432;26432
2018-09-07T02:30;2018-09-07T02:45;11;kWh;0;19648;0;0;19648;19648
2018-09-07T02:45;2018-09-07T03:00;12;kWh;-8438;2824;0;0;11262;-5614
2018-09-07T03:00;2018-09-07T03:15;13;kWh;-5058;11169;0;0;16227;6111
2018-09-07T03:15;2018-09-07T03:30;14;kWh;0;19282;0;0;19282;19282
2018-09-07T03:30;2018-09-07T03:45;15;kWh;0;8783;0;0;8783;8783
2018-09-07T03:45;2018-09-07T04:00;16;kWh;0;57;0;0;57;57
2018-09-07T04:00;2018-09-07T04:15;17;kWh;0;0;0;0;0;0
2018-09-07T04:15;2018-09-07T04:30;18;kWh;-5;0;0;0;5;-5
2018-09-07T04:30;2018-09-07T04:45;19;kWh;-1340;0;0;0;1340;-1340
2018-09-07T04:45;2018-09-07T05:00;20;kWh;-462;0;0;0;462;-462
2018-09-07T05:00;2018-09-07T05:15;21;kWh;-4171;0;0;0;4171;-4171
2018-09-07T05:15;2018-09-07T05:30;22;kWh;-742;3;0;0;745;-739
2018-09-07T05:30;2018-09-07T05:45;23;kWh;0;15236;0;0;15236;15236
2018-09-07T05:45;2018-09-07T06:00;24;kWh;0;43534;0;0;43534;43534
2018-09-07T06:00;2018-09-07T06:15;25;kWh;-11665;13127;0;0;24792;1462
2018-09-07T06:15;2018-09-07T06:30;26;kWh;-15314;0;0;0;15314;-15314
2018-09-07T06:30;2018-09-07T06:45;27;kWh;-1813;380;0;0;2193;-1433
2018-09-07T06:45;2018-09-07T07:00;28;kWh;0;8247;0;0;8247;8247
2018-09-07T07:00;2018-09-07T07:15;29;kWh;-24704;2470;0;0;27174;-22234
2018-09-07T07:15;2018-09-07T07:30;30;kWh;-4436;152;0;0;4588;-4284
2018-09-07T07:30;2018-09-07T07:45;31;kWh;0;10617;0;0;10617;10617
2018-09-07T07:45;2018-09-07T08:00;32;kWh;0;22436;0;0;22436;22436
2018-09-07T08:00;2018-09-07T08:15;33;kWh;0;15164;0;0;15164;15164
2018-09-07T08:15;2018-09-07T08:30;34;kWh;0;52091;0;0;52091;52091
2018-09-07T08:30;2018-09-07T08:45;35;kWh;0;15906;0;0;15906;15906
2018-09-07T08:45;2018-09-07T09:00;36;kWh;0;1901;0;0;1901;1901
2018-09-07T09:00;2018-09-07T09:15;37;kWh;0;21413;0;0;21413;21413
2018-09-07T09:15;2018-09-07T09:30;38;kWh;-689;4583;0;0;5272;3894
2018-09-07T09:30;2018-09-07T09:45;39;kWh;-19438;0;0;0;19438;-19438
2018-09-07T09:45;2018-09-07T10:00;40;kWh;-56708;0;0;0;56708;-56708
2018-09-07T10:00;2018-09-07T10:15;41;kWh;-15231;0;0;0;15231;-15231
2018-09-07T10:15;2018-09-07T10:30;42;kWh;0;0;0;0;0;0
2018-09-07T10:30;2018-09-07T10:45;43;kWh;-18502;0;0;0;18502;-18502
2018-09-07T10:45;2018-09-07T11:00;44;kWh;-35996;0;0;0;35996;-35996
2018-09-07T11:00;2018-09-07T11:15;45;kWh;-12197;3901;0;0;16098;-8296
2018-09-07T11:15;2018-09-07T11:30;46;kWh;0;1434;0;0;1434;1434
2018-09-07T11:30;2018-09-07T11:45;47;kWh;-13837;0;0;0;13837;-13837
2018-09-07T11:45;2018-09-07T12:00;48;kWh;-36985;0;0;0;36985;-36985
2018-09-07T12:00;2018-09-07T12:15;49;kWh;-29158;1453;0;0;30611;-27705
2018-09-07T12:15;2018-09-07T12:30;50;kWh;-516;1872;0;0;2388;1356
2018-09-07T12:30;2018-09-07T12:45;51;kWh;-6552;0;0;0;6552;-6552
2018-09-07T12:45;2018-09-07T13:00;52;kWh;-48431;0;0;0;48431;-48431
2018-09-07T13:00;2018-09-07T13:15;53;kWh;-43323;0;0;0;43323;-43323
2018-09-07T13:15;2018-09-07T13:30;54;kWh;-45342;0;0;0;45342;-45342
2018-09-07T13:30;2018-09-07T13:45;55;kWh;-85522;0;0;0;85522;-85522
2018-09-07T13:45;2018-09-07T14:00;56;kWh;-89716;0;0;0;89716;-89716
2018-09-07T14:00;2018-09-07T14:15;57;kWh;-69191;0;0;0;69191;-69191
2018-09-07T14:15;2018-09-07T14:30;58;kWh;-76617;0;0;0;76617;-76617
2018-09-07T14:30;2018-09-07T14:45;59;kWh;-96437;0;0;0;96437;-96437
2018-09-07T14:45;2018-09-07T15:00;60;kWh;-82511;0;0;0;82511;-82511
2018-09-07T15:00;2018-09-07T15:15;61;kWh;-35195;0;0;0;35195;-35195
2018-09-07T15:15;2018-09-07T15:30;62;kWh;-63381;0;0;0;63381;-63381
2018-09-07T15:30;2018-09-07T15:45;63;kWh;-61823;0;0;0;61823;-61823
2018-09-07T15:45;2018-09-07T16:00;64;kWh;-65358;0;0;0;65358;-65358
2018-09-07T16:00;2018-09-07T16:15;65;kWh;-64915;0;0;0;64915;-64915
2018-09-07T16:15;2018-09-07T16:30;66;kWh;-59477;0;0;0;59477;-59477
2018-09-07T16:30;2018-09-07T16:45;67;kWh;-50346;0;0;0;50346;-50346
2018-09-07T16:45;2018-09-07T17:00;68;kWh;-48057;0;0;0;48057;-48057
2018-09-07T17:00;2018-09-07T17:15;69;kWh;-42115;0;0;0;42115;-42115
2018-09-07T17:15;2018-09-07T17:30;70;kWh;-27225;164;0;0;27389;-27061
2018-09-07T17:30;2018-09-07T17:45;71;kWh;-534;12491;0;0;13025;11957
2018-09-07T17:45;2018-09-07T18:00;72;kWh;0;26599;0;0;26599;26599
2018-09-07T18:00;2018-09-07T18:15;73;kWh;-3139;8105;0;0;11244;4966
2018-09-07T18:15;2018-09-07T18:30;74;kWh;-22398;0;0;0;22398;-22398
2018-09-07T18:30;2018-09-07T18:45;75;kWh;-29431;0;0;0;29431;-29431
2018-09-07T18:45;2018-09-07T19:00;76;kWh;-4823;1210;0;0;6033;-3613
2018-09-07T19:00;2018-09-07T19:15;77;kWh;-538;0;0;0;538;-538
2018-09-07T19:15;2018-09-07T19:30;78;kWh;-2242;0;0;0;2242;-2242
2018-09-07T19:30;2018-09-07T19:45;79;kWh;-18203;0;0;0;18203;-18203
2018-09-07T19:45;2018-09-07T20:00;80;kWh;-20522;0;0;0;20522;-20522
2018-09-07T20:00;2018-09-07T20:15;81;kWh;-26566;0;0;0;26566;-26566
2018-09-07T20:15;2018-09-07T20:30;82;kWh;-11564;124;0;0;11688;-11440
2018-09-07T20:30;2018-09-07T20:45;83;kWh;-104;2328;0;0;2432;2224
2018-09-07T20:45;2018-09-07T21:00;84;kWh;0;13175;0;0;13175;13175
2018-09-07T21:00;2018-09-07T21:15;85;kWh;0;29646;0;0;29646;29646
2018-09-07T21:15;2018-09-07T21:30;86;kWh;-115;45151;0;0;45266;45036
2018-09-07T21:30;2018-09-07T21:45;87;kWh;-9877;694;0;0;10571;-9183
2018-09-07T21:45;2018-09-07T22:00;88;kWh;-8861;0;0;0;8861;-8861
2018-09-07T22:00;2018-09-07T22:15;89;kWh;-6320;788;0;0;7108;-5532
2018-09-07T22:15;2018-09-07T22:30;90;kWh;-122;10394;0;0;10516;10272
2018-09-07T22:30;2018-09-07T22:45;91;kWh;-604;17221;0;0;17825;16617
2018-09-07T22:45;2018-09-07T23:00;92;kWh;-34532;657;0;0;35189;-33875
2018-09-07T23:00;2018-09-07T23:15;93;kWh;-15896;1097;0;0;16993;-14799
2018-09-07T23:15;2018-09-07T23:30;94;kWh;-35;34;0;0;69;-1
2018-09-07T23:30;2018-09-07T23:45;95;kWh;-1;647;0;0;648;646
2018-09-07T23:45;2018-09-08T00:00;96;kWh;-15020;0;0;0;15020;-15020
2018-09-08T00:00;2018-09-08T00:15;1;kWh;-2461;6791;0;0;9252;4330
2018-09-08T00:15;2018-09-08T00:30;2;kWh;0;36237;0;0;36237;36237
2018-09-08T00:30;2018-09-08T00:45;3;kWh;0;27498;0;0;27498;27498
2018-09-08T00:45;2018-09-08T01:00;4;kWh;0;14022;0;0;14022;14022
2018-09-08T01:00;2018-09-08T01:15;5;kWh;0;6004;0;0;6004;6004
2018-09-08T01:15;2018-09-08T01:30;6;kWh;0;16119;0;0;16119;16119
2018-09-08T01:30;2018-09-08T01:45;7;kWh;0;10736;0;0;10736;10736
2018-09-08T01:45;2018-09-08T02:00;8;kWh;0;202;0;0;202;202
2018-09-08T02:00;2018-09-08T02:15;9;kWh;0;28483;0;0;28483;28483
2018-09-08T02:15;2018-09-08T02:30;10;kWh;0;69722;0;0;69722;69722
2018-09-08T02:30;2018-09-08T02:45;11;kWh;-133;15387;0;0;15520;15254
2018-09-08T02:45;2018-09-08T03:00;12;kWh;-7725;0;0;0;7725;-7725
2018-09-08T03:00;2018-09-08T03:15;13;kWh;-6485;1829;0;0;8314;-4656
2018-09-08T03:15;2018-09-08T03:30;14;kWh;0;24202;0;0;24202;24202
2018-09-08T03:30;2018-09-08T03:45;15;kWh;0;4085;0;0;4085;4085
2018-09-08T03:45;2018-09-08T04:00;16;kWh;0;3611;0;0;3611;3611
2018-09-08T04:00;2018-09-08T04:15;17;kWh;-21;951;0;0;972;930
2018-09-08T04:15;2018-09-08T04:30;18;kWh;-6074;0;0;0;6074;-6074
2018-09-08T04:30;2018-09-08T04:45;19;kWh;-16193;0;0;0;16193;-16193
2018-09-08T04:45;2018-09-08T05:00;20;kWh;-19160;0;0;0;19160;-19160
2018-09-08T05:00;2018-09-08T05:15;21;kWh;-18254;63;0;0;18317;-18191
2018-09-08T05:15;2018-09-08T05:30;22;kWh;-4547;332;0;0;4879;-4215
2018-09-08T05:30;2018-09-08T05:45;23;kWh;-21799;0;0;0;21799;-21799
2018-09-08T05:45;2018-09-08T06:00;24;kWh;-5356;6507;0;0;11863;1151
2018-09-08T06:00;2018-09-08T06:15;25;kWh;0;25731;0;0;25731;25731
2018-09-08T06:15;2018-09-08T06:30;26;kWh;0;25219;0;0;25219;25219
2018-09-08T06:30;2018-09-08T06:45;27;kWh;0;30833;0;0;30833;30833
2018-09-08T06:45;2018-09-08T07:00;28;kWh;0;23880;0;0;23880;23880
2018-09-08T07:00;2018-09-08T07:15;29;kWh;-2495;4501;0;0;6996;2006
2018-09-08T07:15;2018-09-08T07:30;30;kWh;-741;0;0;0;741;-741
2018-09-08T07:30;2018-09-08T07:45;31;kWh;-2608;0;0;0;2608;-2608
2018-09-08T07:45;2018-09-08T08:00;32;kWh;-969;0;0;0;969;-969
2018-09-08T08:00;2018-09-08T08:15;33;kWh;-8230;0;0;0;8230;-8230
2018-09-08T08:15;2018-09-08T08:30;34;kWh;-35597;0;0;0;35597;-35597
2018-09-08T08:30;2018-09-08T08:45;35;kWh;-3425;0;0;0;3425;-3425
2018-09-08T08:45;2018-09-08T09:00;36;kWh;-4356;0;0;0;4356;-4356
2018-09-08T09:00;2018-09-08T09:15;37;kWh;-21072;0;0;0;21072;-21072
2018-09-08T09:15;2018-09-08T09:30;38;kWh;-38819;0;0;0;38819;-38819
2018-09-08T09:30;2018-09-08T09:45;39;kWh;-25560;0;0;0;25560;-25560
2018-09-08T09:45;2018-09-08T10:00;40;kWh;-44820;0;0;0;44820;-44820
2018-09-08T10:00;2018-09-08T10:15;41;kWh;-21143;832;0;0;21975;-20311
2018-09-08T10:15;2018-09-08T10:30;42;kWh;-53;1421;0;0;1474;1368
2018-09-08T10:30;2018-09-08T10:45;43;kWh;-7114;4;0;0;7118;-7110
2018-09-08T10:45;2018-09-08T11:00;44;kWh;-21683;0;0;0;21683;-21683
2018-09-08T11:00;2018-09-08T11:15;45;kWh;-4885;13836;0;0;18721;8951
2018-09-08T11:15;2018-09-08T11:30;46;kWh;-3;27368;0;0;27371;27365
2018-09-08T11:30;2018-09-08T11:45;47;kWh;-17019;4256;0;0;21275;-12763
2018-09-08T11:45;2018-09-08T12:00;48;kWh;-39964;0;0;0;39964;-39964
2018-09-08T12:00;2018-09-08T12:15;49;kWh;-67387;0;0;0;67387;-67387
2018-09-08T12:15;2018-09-08T12:30;50;kWh;-56431;0;0;0;56431;-56431
2018-09-08T12:30;2018-09-08T12:45;51;kWh;-76522;0;0;0;76522;-76522
2018-09-08T12:45;2018-09-08T13:00;52;kWh;-79045;0;0;0;79045;-79045
2018-09-08T13:00;2018-09-08T13:15;53;kWh;-44935;0;0;0;44935;-44935
2018-09-08T13:15;2018-09-08T13:30;54;kWh;-9159;0;0;0;9159;-9159
2018-09-08T13:30;2018-09-08T13:45;55;kWh;-2750;0;0;0;2750;-2750
2018-09-08T13:45;2018-09-08T14:00;56;kWh;-3315;0;0;0;3315;-3315
2018-09-08T14:00;2018-09-08T14:15;57;kWh;-14143;0;0;0;14143;-14143
2018-09-08T14:15;2018-09-08T14:30;58;kWh;-2519;0;0;0;2519;-2519
2018-09-08T14:30;2018-09-08T14:45;59;kWh;0;1044;0;0;1044;1044
2018-09-08T14:45;2018-09-08T15:00;60;kWh;-10530;0;0;0;10530;-10530
2018-09-08T15:00;2018-09-08T15:15;61;kWh;-49590;0;0;0;49590;-49590
2018-09-08T15:15;2018-09-08T15:30;62;kWh;-42267;0;0;0;42267;-42267
2018-09-08T15:30;2018-09-08T15:45;63;kWh;-3979;883;0;0;4862;-3096
2018-09-08T15:45;2018-09-08T16:00;64;kWh;0;9170;0;0;9170;9170
2018-09-08T16:00;2018-09-08T16:15;65;kWh;0;16026;0;0;16026;16026
2018-09-08T16:15;2018-09-08T16:30;66;kWh;0;5245;0;0;5245;5245
2018-09-08T16:30;2018-09-08T16:45;67;kWh;0;12921;0;0;12921;12921
2018-09-08T16:45;2018-09-08T17:00;68;kWh;0;64565;0;0;64565;64565
2018-09-08T17:00;2018-09-08T17:15;69;kWh;-3035;30580;0;0;33615;27545
2018-09-08T17:15;2018-09-08T17:30;70;kWh;-8618;0;0;0;8618;-8618
2018-09-08T17:30;2018-09-08T17:45;71;kWh;0;200;0;0;200;200
2018-09-08T17:45;2018-09-08T18:00;72;kWh;0;18013;0;0;18013;18013
2018-09-08T18:00;2018-09-08T18:15;73;kWh;0;26930;0;0;26930;26930
2018-09-08T18:15;2018-09-08T18:30;74;kWh;0;24648;0;0;24648;24648
2018-09-08T18:30;2018-09-08T18:45;75;kWh;0;16993;0;0;16993;16993
2018-09-08T18:45;2018-09-08T19:00;76;kWh;0;24324;0;0;24324;24324
2018-09-08T19:00;2018-09-08T19:15;77;kWh;-235;17192;0;0;17427;16957
2018-09-08T19:15;2018-09-08T19:30;78;kWh;-492;464;0;0;956;-28
2018-09-08T19:30;2018-09-08T19:45;79;kWh;0;0;0;0;0;0
2018-09-08T19:45;2018-09-08T20:00;80;kWh;0;168;0;0;168;168
2018-09-08T20:00;2018-09-08T20:15;81;kWh;0;0;0;0;0;0
2018-09-08T20:15;2018-09-08T20:30;82;kWh;0;416;0;0;416;416
2018-09-08T20:30;2018-09-08T20:45;83;kWh;0;6125;0;0;6125;6125
2018-09-08T20:45;2018-09-08T21:00;84;kWh;0;2413;0;0;2413;2413
2018-09-08T21:00;2018-09-08T21:15;85;kWh;0;8672;0;0;8672;8672
2018-09-08T21:15;2018-09-08T21:30;86;kWh;0;4823;0;0;4823;4823
2018-09-08T21:30;2018-09-08T21:45;87;kWh;0;1659;0;0;1659;1659
2018-09-08T21:45;2018-09-08T22:00;88;kWh;0;217;0;0;217;217
2018-09-08T22:00;2018-09-08T22:15;89;kWh;0;1675;0;0;1675;1675
2018-09-08T22:15;2018-09-08T22:30;90;kWh;-3882;449;0;0;4331;-3433
2018-09-08T22:30;2018-09-08T22:45;91;kWh;-14563;0;0;0;14563;-14563
2018-09-08T22:45;2018-09-08T23:00;92;kWh;-22674;0;0;0;22674;-22674
2018-09-08T23:00;2018-09-08T23:15;93;kWh;-31263;91;0;0;31354;-31172
2018-09-08T23:15;2018-09-08T23:30;94;kWh;-1037;11773;0;0;12810;10736
2018-09-08T23:30;2018-09-08T23:45;95;kWh;0;21775;0;0;21775;21775
2018-09-08T23:45;2018-09-09T00:00;96;kWh;0;57283;0;0;57283;57283
2018-09-09T00:00;2018-09-09T00:15;1;kWh;0;36629;0;0;36629;36629
2018-09-09T00:15;2018-09-09T00:30;2;kWh;0;54784;0;0;54784;54784
2018-09-09T00:30;2018-09-09T00:45;3;kWh;0;36256;0;0;36256;36256
2018-09-09T00:45;2018-09-09T01:00;4;kWh;0;9370;0;0;9370;9370
2018-09-09T01:00;2018-09-09T01:15;5;kWh;-21;4276;0;0;4297;4255
2018-09-09T01:15;2018-09-09T01:30;6;kWh;0;23237;0;0;23237;23237
2018-09-09T01:30;2018-09-09T01:45;7;kWh;0;10539;0;0;10539;10539
2018-09-09T01:45;2018-09-09T02:00;8;kWh;0;2899;0;0;2899;2899
2018-09-09T02:00;2018-09-09T02:15;9;kWh;0;8413;0;0;8413;8413
2018-09-09T02:15;2018-09-09T02:30;10;kWh;0;22540;0;0;22540;22540
2018-09-09T02:30;2018-09-09T02:45;11;kWh;0;6433;0;0;6433;6433
2018-09-09T02:45;2018-09-09T03:00;12;kWh;-118;2996;0;0;3114;2878
2018-09-09T03:00;2018-09-09T03:15;13;kWh;-285;6176;0;0;6461;5891
2018-09-09T03:15;2018-09-09T03:30;14;kWh;0;22452;0;0;22452;22452
2018-09-09T03:30;2018-09-09T03:45;15;kWh;0;35594;0;0;35594;35594
2018-09-09T03:45;2018-09-09T04:00;16;kWh;0;25439;0;0;25439;25439
2018-09-09T04:00;2018-09-09T04:15;17;kWh;0;26984;0;0;26984;26984
2018-09-09T04:15;2018-09-09T04:30;18;kWh;0;23266;0;0;23266;23266
2018-09-09T04:30;2018-09-09T04:45;19;kWh;0;22137;0;0;22137;22137
2018-09-09T04:45;2018-09-09T05:00;20;kWh;0;28480;0;0;28480;28480
2018-09-09T05:00;2018-09-09T05:15;21;kWh;0;14493;0;0;14493;14493
2018-09-09T05:15;2018-09-09T05:30;22;kWh;0;15706;0;0;15706;15706
2018-09-09T05:30;2018-09-09T05:45;23;kWh;0;46142;0;0;46142;46142
2018-09-09T05:45;2018-09-09T06:00;24;kWh;0;36440;0;0;36440;36440
2018-09-09T06:00;2018-09-09T06:15;25;kWh;0;37876;0;0;37876;37876
2018-09-09T06:15;2018-09-09T06:30;26;kWh;0;35568;0;0;35568;35568
2018-09-09T06:30;2018-09-09T06:45;27;kWh;0;32948;0;0;32948;32948
2018-09-09T06:45;2018-09-09T07:00;28;kWh;0;36693;0;0;36693;36693
2018-09-09T07:00;2018-09-09T07:15;29;kWh;-814;3938;0;0;4752;3124
2018-09-09T07:15;2018-09-09T07:30;30;kWh;0;1561;0;0;1561;1561
2018-09-09T07:30;2018-09-09T07:45;31;kWh;0;15157;0;0;15157;15157
2018-09-09T07:45;2018-09-09T08:00;32;kWh;0;35031;0;0;35031;35031
2018-09-09T08:00;2018-09-09T08:15;33;kWh;0;8477;0;0;8477;8477
2018-09-09T08:15;2018-09-09T08:30;34;kWh;0;12437;0;0;12437;12437
2018-09-09T08:30;2018-09-09T08:45;35;kWh;0;35456;0;0;35456;35456
2018-09-09T08:45;2018-09-09T09:00;36;kWh;0;44167;0;0;44167;44167
2018-09-09T09:00;2018-09-09T09:15;37;kWh;0;44632;0;0;44632;44632
2018-09-09T09:15;2018-09-09T09:30;38;kWh;0;55184;0;0;55184;55184
2018-09-09T09:30;2018-09-09T09:45;39;kWh;0;60322;0;0;60322;60322
2018-09-09T09:45;2018-09-09T10:00;40;kWh;0;37099;0;0;37099;37099
2018-09-09T10:00;2018-09-09T10:15;41;kWh;0;20961;0;0;20961;20961
2018-09-09T10:15;2018-09-09T10:30;42;kWh;0;10488;0;0;10488;10488
2018-09-09T10:30;2018-09-09T10:45;43;kWh;0;4045;0;0;4045;4045
2018-09-09T10:45;2018-09-09T11:00;44;kWh;0;43;0;0;43;43
2018-09-09T11:00;2018-09-09T11:15;45;kWh;-19529;0;0;0;19529;-19529
2018-09-09T11:15;2018-09-09T11:30;46;kWh;-43184;0;0;0;43184;-43184
2018-09-09T11:30;2018-09-09T11:45;47;kWh;-45390;0;0;0;45390;-45390
2018-09-09T11:45;2018-09-09T12:00;48;kWh;-17170;0;0;0;17170;-17170
2018-09-09T12:00;2018-09-09T12:15;49;kWh;-11949;0;0;0;11949;-11949
2018-09-09T12:15;2018-09-09T12:30;50;kWh;-30431;0;0;0;30431;-30431
2018-09-09T12:30;2018-09-09T12:45;51;kWh;-21589;0;0;0;21589;-21589
2018-09-09T12:45;2018-09-09T13:00;52;kWh;-10262;0;0;0;10262;-10262
2018-09-09T13:00;2018-09-09T13:15;53;kWh;-5961;306;0;0;6267;-5655
2018-09-09T13:15;2018-09-09T13:30;54;kWh;-7703;0;0;0;7703;-7703
2018-09-09T13:30;2018-09-09T13:45;55;kWh;-31330;0;0;0;31330;-31330
2018-09-09T13:45;2018-09-09T14:00;56;kWh;-42057;0;0;0;42057;-42057
2018-09-09T14:00;2018-09-09T14:15;57;kWh;-42449;0;0;0;42449;-42449
2018-09-09T14:15;2018-09-09T14:30;58;kWh;-5479;0;0;0;5479;-5479
2018-09-09T14:30;2018-09-09T14:45;59;kWh;-2056;0;0;0;2056;-2056
2018-09-09T14:45;2018-09-09T15:00;60;kWh;-27595;0;0;0;27595;-27595
2018-09-09T15:00;2018-09-09T15:15;61;kWh;-43843;0;0;0;43843;-43843
2018-09-09T15:15;2018-09-09T15:30;62;kWh;-12617;0;0;0;12617;-12617
2018-09-09T15:30;2018-09-09T15:45;63;kWh;-2434;0;0;0;2434;-2434
2018-09-09T15:45;2018-09-09T16:00;64;kWh;0;0;0;0;0;0
2018-09-09T16:00;2018-09-09T16:15;65;kWh;-6667;0;0;0;6667;-6667
2018-09-09T16:15;2018-09-09T16:30;66;kWh;-13496;0;0;0;13496;-13496
2018-09-09T16:30;2018-09-09T16:45;67;kWh;-4215;3687;0;0;7902;-528
2018-09-09T16:45;2018-09-09T17:00;68;kWh;0;14768;0;0;14768;14768
2018-09-09T17:00;2018-09-09T17:15;69;kWh;0;14969;0;0;14969;14969
2018-09-09T17:15;2018-09-09T17:30;70;kWh;0;18908;0;0;18908;18908
2018-09-09T17:30;2018-09-09T17:45;71;kWh;0;72988;0;0;72988;72988
2018-09-09T17:45;2018-09-09T18:00;72;kWh;0;85216;0;0;88966;88966
2018-09-09T18:00;2018-09-09T18:15;73;kWh;-124;45587;0;0;45711;45463
2018-09-09T18:15;2018-09-09T18:30;74;kWh;-92;9;0;0;101;-83
2018-09-09T18:30;2018-09-09T18:45;75;kWh;0;3650;0;0;3650;3650
2018-09-09T18:45;2018-09-09T19:00;76;kWh;0;24442;0;0;24442;24442
2018-09-09T19:00;2018-09-09T19:15;77;kWh;0;22771;0;0;22771;22771
2018-09-09T19:15;2018-09-09T19:30;78;kWh;0;51185;0;0;51185;51185
2018-09-09T19:30;2018-09-09T19:45;79;kWh;0;72345;0;0;72345;72345
2018-09-09T19:45;2018-09-09T20:00;80;kWh;0;55219;0;0;55219;55219
2018-09-09T20:00;2018-09-09T20:15;81;kWh;0;27178;0;0;27178;27178
2018-09-09T20:15;2018-09-09T20:30;82;kWh;0;13221;0;0;13221;13221
2018-09-09T20:30;2018-09-09T20:45;83;kWh;0;75828;0;0;75828;75828
2018-09-09T20:45;2018-09-09T21:00;84;kWh;0;65992;0;0;65992;65992
2018-09-09T21:00;2018-09-09T21:15;85;kWh;-53;12763;0;0;12816;12710
2018-09-09T21:15;2018-09-09T21:30;86;kWh;0;0;0;0;0;0
2018-09-09T21:30;2018-09-09T21:45;87;kWh;0;0;0;0;0;0
2018-09-09T21:45;2018-09-09T22:00;88;kWh;-3425;0;0;0;3425;-3425
2018-09-09T22:00;2018-09-09T22:15;89;kWh;-701;13771;0;0;14472;13070
2018-09-09T22:15;2018-09-09T22:30;90;kWh;0;32700;0;0;32700;32700
2018-09-09T22:30;2018-09-09T22:45;91;kWh;0;19262;0;0;19262;19262
2018-09-09T22:45;2018-09-09T23:00;92;kWh;-1;12910;0;0;12911;12909
2018-09-09T23:00;2018-09-09T23:15;93;kWh;-261;14263;0;0;14524;14002
2018-09-09T23:15;2018-09-09T23:30;94;kWh;0;55411;0;0;55411;55411
2018-09-09T23:30;2018-09-09T23:45;95;kWh;-5576;3871;0;0;9447;-1705
2018-09-09T23:45;2018-09-10T00:00;96;kWh;-11381;0;0;0;11381;-11381
2018-09-10T00:00;2018-09-10T00:15;1;kWh;-5463;18003;0;0;23466;12540
2018-09-10T00:15;2018-09-10T00:30;2;kWh;0;71892;0;0;71892;71892
2018-09-10T00:30;2018-09-10T00:45;3;kWh;0;30250;0;0;30250;30250
2018-09-10T00:45;2018-09-10T01:00;4;kWh;0;26673;0;0;26673;26673
2018-09-10T01:00;2018-09-10T01:15;5;kWh;0;14931;0;0;14931;14931
2018-09-10T01:15;2018-09-10T01:30;6;kWh;0;3826;0;0;3826;3826
2018-09-10T01:30;2018-09-10T01:45;7;kWh;0;13130;0;0;13130;13130
2018-09-10T01:45;2018-09-10T02:00;8;kWh;0;23034;0;0;23034;23034
2018-09-10T02:00;2018-09-10T02:15;9;kWh;0;22740;0;0;22740;22740
2018-09-10T02:15;2018-09-10T02:30;10;kWh;0;35664;0;0;35664;35664
2018-09-10T02:30;2018-09-10T02:45;11;kWh;0;42290;0;0;42290;42290
2018-09-10T02:45;2018-09-10T03:00;12;kWh;0;10255;0;0;10255;10255
2018-09-10T03:00;2018-09-10T03:15;13;kWh;0;9634;0;0;9634;9634
2018-09-10T03:15;2018-09-10T03:30;14;kWh;0;11273;0;0;11273;11273
2018-09-10T03:30;2018-09-10T03:45;15;kWh;0;337;0;0;337;337
2018-09-10T03:45;2018-09-10T04:00;16;kWh;0;0;0;0;0;0
2018-09-10T04:00;2018-09-10T04:15;17;kWh;0;0;0;0;0;0
2018-09-10T04:15;2018-09-10T04:30;18;kWh;0;0;0;0;0;0
2018-09-10T04:30;2018-09-10T04:45;19;kWh;0;16;0;0;16;16
2018-09-10T04:45;2018-09-10T05:00;20;kWh;-173;718;0;0;891;545
2018-09-10T05:00;2018-09-10T05:15;21;kWh;-3245;0;0;0;3245;-3245
2018-09-10T05:15;2018-09-10T05:30;22;kWh;-23003;0;0;0;23003;-23003
2018-09-10T05:30;2018-09-10T05:45;23;kWh;-7324;887;0;0;8211;-6437
2018-09-10T05:45;2018-09-10T06:00;24;kWh;0;5365;0;0;5365;5365
2018-09-10T06:00;2018-09-10T06:15;25;kWh;0;9014;0;0;9014;9014
2018-09-10T06:15;2018-09-10T06:30;26;kWh;0;2428;0;0;2428;2428
2018-09-10T06:30;2018-09-10T06:45;27;kWh;0;50908;0;0;50908;50908
2018-09-10T06:45;2018-09-10T07:00;28;kWh;-84;48532;0;0;51116;50948
2018-09-10T07:00;2018-09-10T07:15;29;kWh;-9280;99;0;0;9379;-9181
2018-09-10T07:15;2018-09-10T07:30;30;kWh;-1910;0;0;0;1910;-1910
2018-09-10T07:30;2018-09-10T07:45;31;kWh;-396;1059;0;0;1455;663
2018-09-10T07:45;2018-09-10T08:00;32;kWh;-13;7191;0;0;7204;7178
2018-09-10T08:00;2018-09-10T08:15;33;kWh;-8047;172;0;0;8219;-7875
2018-09-10T08:15;2018-09-10T08:30;34;kWh;-688;0;0;0;688;-688
2018-09-10T08:30;2018-09-10T08:45;35;kWh;0;641;0;0;641;641
2018-09-10T08:45;2018-09-10T09:00;36;kWh;0;1149;0;0;1149;1149
2018-09-10T09:00;2018-09-10T09:15;37;kWh;0;18966;0;0;18966;18966
2018-09-10T09:15;2018-09-10T09:30;38;kWh;0;55162;0;0;58912;58912
2018-09-10T09:30;2018-09-10T09:45;39;kWh;-2010;2677;0;0;4687;667
2018-09-10T09:45;2018-09-10T10:00;40;kWh;-358;0;0;0;358;-358
2018-09-10T10:00;2018-09-10T10:15;41;kWh;-1436;0;0;0;1436;-1436
2018-09-10T10:15;2018-09-10T10:30;42;kWh;-27578;0;0;0;27578;-27578
2018-09-10T10:30;2018-09-10T10:45;43;kWh;-23700;0;0;0;23700;-23700
2018-09-10T10:45;2018-09-10T11:00;44;kWh;-14059;0;0;0;14059;-14059
2018-09-10T11:00;2018-09-10T11:15;45;kWh;-3864;2613;0;0;6477;-1251
2018-09-10T11:15;2018-09-10T11:30;46;kWh;0;0;0;0;0;0
2018-09-10T11:30;2018-09-10T11:45;47;kWh;0;0;0;0;0;0
2018-09-10T11:45;2018-09-10T12:00;48;kWh;0;116;0;0;116;116
2018-09-10T12:00;2018-09-10T12:15;49;kWh;0;21876;0;0;21876;21876
2018-09-10T12:15;2018-09-10T12:30;50;kWh;0;31387;0;0;31387;31387
2018-09-10T12:30;2018-09-10T12:45;51;kWh;0;2859;0;0;2859;2859
2018-09-10T12:45;2018-09-10T13:00;52;kWh;0;0;0;0;0;0
2018-09-10T13:00;2018-09-10T13:15;53;kWh;0;2810;0;0;2810;2810
2018-09-10T13:15;2018-09-10T13:30;54;kWh;0;11420;0;0;11420;11420
2018-09-10T13:30;2018-09-10T13:45;55;kWh;0;10886;0;0;10886;10886
2018-09-10T13:45;2018-09-10T14:00;56;kWh;0;19748;0;0;19748;19748
2018-09-10T14:00;2018-09-10T14:15;57;kWh;0;11270;0;0;11270;11270
2018-09-10T14:15;2018-09-10T14:30;58;kWh;0;31779;0;0;31779;31779
2018-09-10T14:30;2018-09-10T14:45;59;kWh;0;16867;0;0;16867;16867
2018-09-10T14:45;2018-09-10T15:00;60;kWh;0;32800;0;0;32800;32800
2018-09-10T15:00;2018-09-10T15:15;61;kWh;0;24562;0;0;24562;24562
2018-09-10T15:15;2018-09-10T15:30;62;kWh;-73;1357;0;0;1430;1284
2018-09-10T15:30;2018-09-10T15:45;63;kWh;0;12623;0;0;12623;12623
2018-09-10T15:45;2018-09-10T16:00;64;kWh;0;31901;0;0;31901;31901
2018-09-10T16:00;2018-09-10T16:15;65;kWh;0;12955;0;0;12955;12955
2018-09-10T16:15;2018-09-10T16:30;66;kWh;0;33;0;0;33;33
2018-09-10T16:30;2018-09-10T16:45;67;kWh;0;16142;0;0;16142;16142
2018-09-10T16:45;2018-09-10T17:00;68;kWh;0;62346;0;0;62346;62346
2018-09-10T17:00;2018-09-10T17:15;69;kWh;-569;16095;0;0;16664;15526
2018-09-10T17:15;2018-09-10T17:30;70;kWh;0;16215;0;0;16215;16215
2018-09-10T17:30;2018-09-10T17:45;71;kWh;0;24616;0;0;24616;24616
2018-09-10T17:45;2018-09-10T18:00;72;kWh;-157;13977;0;0;14134;13820
2018-09-10T18:00;2018-09-10T18:15;73;kWh;-64;803;0;0;867;739
2018-09-10T18:15;2018-09-10T18:30;74;kWh;0;19;0;0;19;19
2018-09-10T18:30;2018-09-10T18:45;75;kWh;0;1436;0;0;1436;1436
2018-09-10T18:45;2018-09-10T19:00;76;kWh;0;1963;0;0;1963;1963
2018-09-10T19:00;2018-09-10T19:15;77;kWh;0;1966;0;0;1966;1966
2018-09-10T19:15;2018-09-10T19:30;78;kWh;0;1124;0;0;1124;1124
2018-09-10T19:30;2018-09-10T19:45;79;kWh;0;1699;0;0;1699;1699
2018-09-10T19:45;2018-09-10T20:00;80;kWh;0;7746;0;0;7746;7746
2018-09-10T20:00;2018-09-10T20:15;81;kWh;0;21997;0;0;21997;21997
2018-09-10T20:15;2018-09-10T20:30;82;kWh;0;50384;0;0;50384;50384
2018-09-10T20:30;2018-09-10T20:45;83;kWh;0;74212;0;0;74212;74212
2018-09-10T20:45;2018-09-10T21:00;84;kWh;-1102;24004;0;0;25106;22902
2018-09-10T21:00;2018-09-10T21:15;85;kWh;-1074;825;0;0;1899;-249
2018-09-10T21:15;2018-09-10T21:30;86;kWh;-5108;507;0;0;5615;-4601
2018-09-10T21:30;2018-09-10T21:45;87;kWh;-16440;0;0;0;16440;-16440
2018-09-10T21:45;2018-09-10T22:00;88;kWh;-56344;0;0;0;56344;-56344
2018-09-10T22:00;2018-09-10T22:15;89;kWh;-10947;642;0;0;11589;-10305
2018-09-10T22:15;2018-09-10T22:30;90;kWh;0;0;0;0;0;0
2018-09-10T22:30;2018-09-10T22:45;91;kWh;-5442;0;0;0;5442;-5442
2018-09-10T22:45;2018-09-10T23:00;92;kWh;-25072;0;0;0;25072;-25072
2018-09-10T23:00;2018-09-10T23:15;93;kWh;-19164;2199;0;0;21363;-16965
2018-09-10T23:15;2018-09-10T23:30;94;kWh;-272;590;0;0;862;318
2018-09-10T23:30;2018-09-10T23:45;95;kWh;0;0;0;0;0;0
2018-09-10T23:45;2018-09-11T00:00;96;kWh;-73;0;0;0;73;-73
2018-09-11T00:00;2018-09-11T00:15;1;kWh;-7662;0;0;0;7662;-7662
2018-09-11T00:15;2018-09-11T00:30;2;kWh;-7;1239;0;0;1246;1232
2018-09-11T00:30;2018-09-11T00:45;3;kWh;0;904;0;0;904;904
2018-09-11T00:45;2018-09-11T01:00;4;kWh;0;0;0;0;0;0
2018-09-11T01:00;2018-09-11T01:15;5;kWh;0;25473;0;0;25473;25473
2018-09-11T01:15;2018-09-11T01:30;6;kWh;0;18791;0;0;18791;18791
2018-09-11T01:30;2018-09-11T01:45;7;kWh;0;237;0;0;237;237
2018-09-11T01:45;2018-09-11T02:00;8;kWh;-1565;0;0;0;1565;-1565
2018-09-11T02:00;2018-09-11T02:15;9;kWh;-21;2992;0;0;3013;2971
2018-09-11T02:15;2018-09-11T02:30;10;kWh;0;38;0;0;38;38
2018-09-11T02:30;2018-09-11T02:45;11;kWh;0;0;0;0;0;0
2018-09-11T02:45;2018-09-11T03:00;12;kWh;-393;0;0;0;393;-393
2018-09-11T03:00;2018-09-11T03:15;13;kWh;-361;651;0;0;1012;290
2018-09-11T03:15;2018-09-11T03:30;14;kWh;0;6200;0;0;6200;6200
2018-09-11T03:30;2018-09-11T03:45;15;kWh;0;1082;0;0;1082;1082
2018-09-11T03:45;2018-09-11T04:00;16;kWh;0;43;0;0;43;43
2018-09-11T04:00;2018-09-11T04:15;17;kWh;0;1442;0;0;1442;1442
2018-09-11T04:15;2018-09-11T04:30;18;kWh;0;1720;0;0;1720;1720
2018-09-11T04:30;2018-09-11T04:45;19;kWh;0;287;0;0;287;287
2018-09-11T04:45;2018-09-11T05:00;20;kWh;0;549;0;0;549;549
2018-09-11T05:00;2018-09-11T05:15;21;kWh;0;441;0;0;441;441
2018-09-11T05:15;2018-09-11T05:30;22;kWh;0;0;0;0;0;0
2018-09-11T05:30;2018-09-11T05:45;23;kWh;0;0;0;0;0;0
2018-09-11T05:45;2018-09-11T06:00;24;kWh;0;0;0;0;0;0
2018-09-11T06:00;2018-09-11T06:15;25;kWh;0;4697;0;0;4697;4697
2018-09-11T06:15;2018-09-11T06:30;26;kWh;0;216;0;0;216;216
2018-09-11T06:30;2018-09-11T06:45;27;kWh;0;9622;0;0;9622;9622
2018-09-11T06:45;2018-09-11T07:00;28;kWh;0;57958;0;0;57958;57958
2018-09-11T07:00;2018-09-11T07:15;29;kWh;-5006;10603;0;0;15609;5597
2018-09-11T07:15;2018-09-11T07:30;30;kWh;-41050;0;0;0;41050;-41050
2018-09-11T07:30;2018-09-11T07:45;31;kWh;-21085;0;0;0;21085;-21085
2018-09-11T07:45;2018-09-11T08:00;32;kWh;-6234;3099;0;0;9333;-3135
2018-09-11T08:00;2018-09-11T08:15;33;kWh;-7670;971;0;0;8641;-6699
2018-09-11T08:15;2018-09-11T08:30;34;kWh;-13356;0;0;0;13356;-13356
2018-09-11T08:30;2018-09-11T08:45;35;kWh;-15525;0;0;0;15525;-15525
2018-09-11T08:45;2018-09-11T09:00;36;kWh;-13451;0;0;0;13451;-13451
2018-09-11T09:00;2018-09-11T09:15;37;kWh;-24292;1907;0;0;26199;-22385
2018-09-11T09:15;2018-09-11T09:30;38;kWh;-2878;2077;0;0;4955;-801
2018-09-11T09:30;2018-09-11T09:45;39;kWh;-12243;0;0;0;12243;-12243
2018-09-11T09:45;2018-09-11T10:00;40;kWh;-20185;0;0;0;20185;-20185
2018-09-11T10:00;2018-09-11T10:15;41;kWh;-7541;22927;0;0;30468;15386
2018-09-11T10:15;2018-09-11T10:30;42;kWh;-10;21234;0;0;21244;21224
2018-09-11T10:30;2018-09-11T10:45;43;kWh;-22544;0;0;0;22544;-22544
2018-09-11T10:45;2018-09-11T11:00;44;kWh;-40465;0;0;0;40465;-40465
2018-09-11T11:00;2018-09-11T11:15;45;kWh;-33428;0;0;0;33428;-33428
2018-09-11T11:15;2018-09-11T11:30;46;kWh;-27400;0;0;0;27400;-27400
2018-09-11T11:30;2018-09-11T11:45;47;kWh;-53032;0;0;0;53032;-53032
2018-09-11T11:45;2018-09-11T12:00;48;kWh;-57405;0;0;0;57405;-57405
2018-09-11T12:00;2018-09-11T12:15;49;kWh;-45891;0;0;0;45891;-45891
2018-09-11T12:15;2018-09-11T12:30;50;kWh;-40389;0;0;0;40389;-40389
2018-09-11T12:30;2018-09-11T12:45;51;kWh;-44430;0;0;0;44430;-44430
2018-09-11T12:45;2018-09-11T13:00;52;kWh;-19452;0;0;0;19452;-19452
2018-09-11T13:00;2018-09-11T13:15;53;kWh;-21699;0;0;0;21699;-21699
2018-09-11T13:15;2018-09-11T13:30;54;kWh;-11994;467;0;0;12461;-11527
2018-09-11T13:30;2018-09-11T13:45;55;kWh;-1741;618;0;0;2359;-1123
2018-09-11T13:45;2018-09-11T14:00;56;kWh;-128;3406;0;0;3534;3278
2018-09-11T14:00;2018-09-11T14:15;57;kWh;0;15895;0;0;15895;15895
2018-09-11T14:15;2018-09-11T14:30;58;kWh;0;26621;0;0;26621;26621
2018-09-11T14:30;2018-09-11T14:45;59;kWh;0;40357;0;0;40357;40357
2018-09-11T14:45;2018-09-11T15:00;60;kWh;0;36744;0;0;36744;36744
2018-09-11T15:00;2018-09-11T15:15;61;kWh;-9124;14996;0;0;24120;5872
2018-09-11T15:15;2018-09-11T15:30;62;kWh;-4887;7713;0;0;12600;2826
2018-09-11T15:30;2018-09-11T15:45;63;kWh;0;34898;0;0;34898;34898
2018-09-11T15:45;2018-09-11T16:00;64;kWh;0;77235;0;0;77235;77235
2018-09-11T16:00;2018-09-11T16:15;65;kWh;-464;36161;0;0;36625;35697
2018-09-11T16:15;2018-09-11T16:30;66;kWh;-5;8166;0;0;8171;8161
2018-09-11T16:30;2018-09-11T16:45;67;kWh;0;29002;0;0;29002;29002
2018-09-11T16:45;2018-09-11T17:00;68;kWh;0;62104;0;0;62104;62104
2018-09-11T17:00;2018-09-11T17:15;69;kWh;-1373;26072;0;0;27445;24699
2018-09-11T17:15;2018-09-11T17:30;70;kWh;-159;13815;0;0;13974;13656
2018-09-11T17:30;2018-09-11T17:45;71;kWh;0;50718;0;0;50718;50718
2018-09-11T17:45;2018-09-11T18:00;72;kWh;0;49816;0;0;49816;49816
2018-09-11T18:00;2018-09-11T18:15;73;kWh;-3701;19651;0;0;23352;15950
2018-09-11T18:15;2018-09-11T18:30;74;kWh;-149;0;0;0;149;-149
2018-09-11T18:30;2018-09-11T18:45;75;kWh;0;347;0;0;347;347
2018-09-11T18:45;2018-09-11T19:00;76;kWh;0;4443;0;0;4443;4443
2018-09-11T19:00;2018-09-11T19:15;77;kWh;-306;918;0;0;1224;612
2018-09-11T19:15;2018-09-11T19:30;78;kWh;-1048;0;0;0;1048;-1048
2018-09-11T19:30;2018-09-11T19:45;79;kWh;0;0;0;0;0;0
2018-09-11T19:45;2018-09-11T20:00;80;kWh;0;3895;0;0;3895;3895
2018-09-11T20:00;2018-09-11T20:15;81;kWh;0;670;0;0;670;670
2018-09-11T20:15;2018-09-11T20:30;82;kWh;0;668;0;0;668;668
2018-09-11T20:30;2018-09-11T20:45;83;kWh;0;3160;0;0;3160;3160
2018-09-11T20:45;2018-09-11T21:00;84;kWh;0;0;0;0;0;0
2018-09-11T21:00;2018-09-11T21:15;85;kWh;0;19531;0;0;19531;19531
2018-09-11T21:15;2018-09-11T21:30;86;kWh;0;30719;0;0;30719;30719
2018-09-11T21:30;2018-09-11T21:45;87;kWh;-18;6693;0;0;6711;6675
2018-09-11T21:45;2018-09-11T22:00;88;kWh;-8639;148;0;0;8787;-8491
2018-09-11T22:00;2018-09-11T22:15;89;kWh;-1229;13791;0;0;15020;12562
2018-09-11T22:15;2018-09-11T22:30;90;kWh;0;28925;0;0;28925;28925
2018-09-11T22:30;2018-09-11T22:45;91;kWh;-248;1794;0;0;2042;1546
2018-09-11T22:45;2018-09-11T23:00;92;kWh;-22;504;0;0;526;482
2018-09-11T23:00;2018-09-11T23:15;93;kWh;-6893;1267;0;0;8160;-5626
2018-09-11T23:15;2018-09-11T23:30;94;kWh;0;24116;0;0;24116;24116
2018-09-11T23:30;2018-09-11T23:45;95;kWh;0;24398;0;0;24398;24398
2018-09-11T23:45;2018-09-12T00:00;96;kWh;0;39478;0;0;39478;39478
2018-09-12T00:00;2018-09-12T00:15;1;kWh;0;58849;0;0;58849;58849
2018-09-12T00:15;2018-09-12T00:30;2;kWh;0;63197;0;0;63197;63197
2018-09-12T00:30;2018-09-12T00:45;3;kWh;0;77899;0;0;77899;77899
2018-09-12T00:45;2018-09-12T01:00;4;kWh;0;70356;0;0;70356;70356
2018-09-12T01:00;2018-09-12T01:15;5;kWh;0;57285;0;0;57285;57285
2018-09-12T01:15;2018-09-12T01:30;6;kWh;0;50743;0;0;50743;50743
2018-09-12T01:30;2018-09-12T01:45;7;kWh;0;32596;0;0;32596;32596
2018-09-12T01:45;2018-09-12T02:00;8;kWh;0;31961;0;0;31961;31961
2018-09-12T02:00;2018-09-12T02:15;9;kWh;-233;10625;0;0;10858;10392
2018-09-12T02:15;2018-09-12T02:30;10;kWh;0;9875;0;0;9875;9875
2018-09-12T02:30;2018-09-12T02:45;11;kWh;0;1002;0;0;1002;1002
2018-09-12T02:45;2018-09-12T03:00;12;kWh;0;0;0;0;0;0
2018-09-12T03:00;2018-09-12T03:15;13;kWh;0;23911;0;0;23911;23911
2018-09-12T03:15;2018-09-12T03:30;14;kWh;0;22110;0;0;22110;22110
2018-09-12T03:30;2018-09-12T03:45;15;kWh;0;840;0;0;840;840
2018-09-12T03:45;2018-09-12T04:00;16;kWh;0;0;0;0;0;0
2018-09-12T04:00;2018-09-12T04:15;17;kWh;0;14200;0;0;14200;14200
2018-09-12T04:15;2018-09-12T04:30;18;kWh;0;15485;0;0;15485;15485
2018-09-12T04:30;2018-09-12T04:45;19;kWh;0;4099;0;0;4099;4099
2018-09-12T04:45;2018-09-12T05:00;20;kWh;0;3445;0;0;3445;3445
2018-09-12T05:00;2018-09-12T05:15;21;kWh;0;830;0;0;830;830
2018-09-12T05:15;2018-09-12T05:30;22;kWh;0;0;0;0;0;0
2018-09-12T05:30;2018-09-12T05:45;23;kWh;0;1900;0;0;1900;1900
2018-09-12T05:45;2018-09-12T06:00;24;kWh;0;2864;0;0;2864;2864
2018-09-12T06:00;2018-09-12T06:15;25;kWh;-28;337;0;0;365;309
2018-09-12T06:15;2018-09-12T06:30;26;kWh;-20576;0;0;0;20576;-20576
2018-09-12T06:30;2018-09-12T06:45;27;kWh;-4945;464;0;0;5409;-4481
2018-09-12T06:45;2018-09-12T07:00;28;kWh;0;11867;0;0;11867;11867
2018-09-12T07:00;2018-09-12T07:15;29;kWh;-12771;4994;0;0;17765;-7777
2018-09-12T07:15;2018-09-12T07:30;30;kWh;-36873;0;0;0;36873;-36873
2018-09-12T07:30;2018-09-12T07:45;31;kWh;-24692;0;0;0;24692;-24692
2018-09-12T07:45;2018-09-12T08:00;32;kWh;-625;226;0;0;851;-399
2018-09-12T08:00;2018-09-12T08:15;33;kWh;-3852;0;0;0;3852;-3852
2018-09-12T08:15;2018-09-12T08:30;34;kWh;-2537;0;0;0;2537;-2537
2018-09-12T08:30;2018-09-12T08:45;35;kWh;0;2189;0;0;2189;2189
2018-09-12T08:45;2018-09-12T09:00;36;kWh;0;19069;0;0;19069;19069
2018-09-12T09:00;2018-09-12T09:15;37;kWh;0;14806;0;0;14806;14806
2018-09-12T09:15;2018-09-12T09:30;38;kWh;0;1585;0;0;1585;1585
2018-09-12T09:30;2018-09-12T09:45;39;kWh;-1333;38;0;0;1371;-1295
2018-09-12T09:45;2018-09-12T10:00;40;kWh;-14797;0;0;0;14797;-14797
2018-09-12T10:00;2018-09-12T10:15;41;kWh;-1550;6826;0;0;8376;5276
2018-09-12T10:15;2018-09-12T10:30;42;kWh;0;21275;0;0;21275;21275
2018-09-12T10:30;2018-09-12T10:45;43;kWh;0;22342;0;0;22342;22342
2018-09-12T10:45;2018-09-12T11:00;44;kWh;0;42843;0;0;42843;42843
2018-09-12T11:00;2018-09-12T11:15;45;kWh;0;40432;0;0;40432;40432
2018-09-12T11:15;2018-09-12T11:30;46;kWh;0;12538;0;0;12538;12538
2018-09-12T11:30;2018-09-12T11:45;47;kWh;0;21226;0;0;21226;21226
2018-09-12T11:45;2018-09-12T12:00;48;kWh;0;20590;0;0;20590;20590
2018-09-12T12:00;2018-09-12T12:15;49;kWh;-48;10466;0;0;10514;10418
2018-09-12T12:15;2018-09-12T12:30;50;kWh;0;25908;0;0;25908;25908
2018-09-12T12:30;2018-09-12T12:45;51;kWh;-3171;13949;0;0;17120;10778
2018-09-12T12:45;2018-09-12T13:00;52;kWh;-6493;103;0;0;6596;-6390
2018-09-12T13:00;2018-09-12T13:15;53;kWh;0;2068;0;0;2068;2068
2018-09-12T13:15;2018-09-12T13:30;54;kWh;0;9745;0;0;9745;9745
2018-09-12T13:30;2018-09-12T13:45;55;kWh;0;11824;0;0;11824;11824
2018-09-12T13:45;2018-09-12T14:00;56;kWh;-716;6218;0;0;6934;5502
2018-09-12T14:00;2018-09-12T14:15;57;kWh;-116;3675;0;0;3791;3559
2018-09-12T14:15;2018-09-12T14:30;58;kWh;0;8459;0;0;8459;8459
2018-09-12T14:30;2018-09-12T14:45;59;kWh;0;6765;0;0;6765;6765
2018-09-12T14:45;2018-09-12T15:00;60;kWh;0;948;0;0;948;948
2018-09-12T15:00;2018-09-12T15:15;61;kWh;0;33;0;0;33;33
2018-09-12T15:15;2018-09-12T15:30;62;kWh;-563;135;0;0;698;-428
2018-09-12T15:30;2018-09-12T15:45;63;kWh;0;6595;0;0;6595;6595
2018-09-12T15:45;2018-09-12T16:00;64;kWh;0;4877;0;0;4877;4877
2018-09-12T16:00;2018-09-12T16:15;65;kWh;-1178;732;0;0;1910;-446
2018-09-12T16:15;2018-09-12T16:30;66;kWh;-1964;0;0;0;1964;-1964
2018-09-12T16:30;2018-09-12T16:45;67;kWh;0;0;0;0;0;0
2018-09-12T16:45;2018-09-12T17:00;68;kWh;-61;0;0;0;61;-61
2018-09-12T17:00;2018-09-12T17:15;69;kWh;-3993;0;0;0;3993;-3993
2018-09-12T17:15;2018-09-12T17:30;70;kWh;-2402;995;0;0;3397;-1407
2018-09-12T17:30;2018-09-12T17:45;71;kWh;0;5437;0;0;5437;5437
2018-09-12T17:45;2018-09-12T18:00;72;kWh;0;5565;0;0;5565;5565
2018-09-12T18:00;2018-09-12T18:15;73;kWh;0;8580;0;0;8580;8580
2018-09-12T18:15;2018-09-12T18:30;74;kWh;-398;513;0;0;911;115
2018-09-12T18:30;2018-09-12T18:45;75;kWh;-802;0;0;0;802;-802
2018-09-12T18:45;2018-09-12T19:00;76;kWh;0;0;0;0;0;0
2018-09-12T19:00;2018-09-12T19:15;77;kWh;-798;0;0;0;798;-798
2018-09-12T19:15;2018-09-12T19:30;78;kWh;0;3627;0;0;3627;3627
2018-09-12T19:30;2018-09-12T19:45;79;kWh;0;3665;0;0;3665;3665
2018-09-12T19:45;2018-09-12T20:00;80;kWh;0;3913;0;0;3913;3913
2018-09-12T20:00;2018-09-12T20:15;81;kWh;0;5875;0;0;5875;5875
2018-09-12T20:15;2018-09-12T20:30;82;kWh;0;6284;0;0;6284;6284
2018-09-12T20:30;2018-09-12T20:45;83;kWh;-5778;415;0;0;6193;-5363
2018-09-12T20:45;2018-09-12T21:00;84;kWh;-8528;0;0;0;8528;-8528
2018-09-12T21:00;2018-09-12T21:15;85;kWh;-12012;0;0;0;12012;-12012
2018-09-12T21:15;2018-09-12T21:30;86;kWh;-222;0;0;0;222;-222
2018-09-12T21:30;2018-09-12T21:45;87;kWh;-2009;0;0;0;2009;-2009
2018-09-12T21:45;2018-09-12T22:00;88;kWh;-37449;0;0;0;37449;-37449
2018-09-12T22:00;2018-09-12T22:15;89;kWh;-37625;3031;0;0;40656;-34594
2018-09-12T22:15;2018-09-12T22:30;90;kWh;-3927;1714;0;0;5641;-2213
2018-09-12T22:30;2018-09-12T22:45;91;kWh;-8112;0;0;0;8112;-8112
2018-09-12T22:45;2018-09-12T23:00;92;kWh;-1775;0;0;0;1775;-1775
2018-09-12T23:00;2018-09-12T23:15;93;kWh;-2654;701;0;0;3355;-1953
2018-09-12T23:15;2018-09-12T23:30;94;kWh;-300;2292;0;0;2592;1992
2018-09-12T23:30;2018-09-12T23:45;95;kWh;-385;0;0;0;385;-385
2018-09-12T23:45;2018-09-13T00:00;96;kWh;-17787;0;0;0;17787;-17787
2018-09-13T00:00;2018-09-13T00:15;1;kWh;-14807;0;0;0;14807;-14807
2018-09-13T00:15;2018-09-13T00:30;2;kWh;-853;0;0;0;853;-853
2018-09-13T00:30;2018-09-13T00:45;3;kWh;-40984;0;0;0;40984;-40984
2018-09-13T00:45;2018-09-13T01:00;4;kWh;-60656;0;0;0;60656;-60656
2018-09-13T01:00;2018-09-13T01:15;5;kWh;-19174;934;0;0;20108;-18240
2018-09-13T01:15;2018-09-13T01:30;6;kWh;-975;122;0;0;1097;-853
2018-09-13T01:30;2018-09-13T01:45;7;kWh;-648;0;0;0;648;-648
2018-09-13T01:45;2018-09-13T02:00;8;kWh;-8629;0;0;0;8629;-8629
2018-09-13T02:00;2018-09-13T02:15;9;kWh;-6727;0;0;0;6727;-6727
2018-09-13T02:15;2018-09-13T02:30;10;kWh;-41;1324;0;0;1365;1283
2018-09-13T02:30;2018-09-13T02:45;11;kWh;0;2126;0;0;2126;2126
2018-09-13T02:45;2018-09-13T03:00;12;kWh;-78;0;0;0;78;-78
2018-09-13T03:00;2018-09-13T03:15;13;kWh;-1444;0;0;0;1444;-1444
2018-09-13T03:15;2018-09-13T03:30;14;kWh;-1951;0;0;0;1951;-1951
2018-09-13T03:30;2018-09-13T03:45;15;kWh;-4616;0;0;0;4616;-4616
2018-09-13T03:45;2018-09-13T04:00;16;kWh;-6672;0;0;0;6672;-6672
2018-09-13T04:00;2018-09-13T04:15;17;kWh;-3465;0;0;0;3465;-3465
2018-09-13T04:15;2018-09-13T04:30;18;kWh;-3136;0;0;0;3136;-3136
2018-09-13T04:30;2018-09-13T04:45;19;kWh;-152;0;0;0;152;-152
2018-09-13T04:45;2018-09-13T05:00;20;kWh;-778;0;0;0;778;-778
2018-09-13T05:00;2018-09-13T05:15;21;kWh;-23726;0;0;0;23726;-23726
2018-09-13T05:15;2018-09-13T05:30;22;kWh;-27759;5;0;0;27764;-27754
2018-09-13T05:30;2018-09-13T05:45;23;kWh;-765;286;0;0;1051;-479
2018-09-13T05:45;2018-09-13T06:00;24;kWh;-275;1301;0;0;1576;1026
2018-09-13T06:00;2018-09-13T06:15;25;kWh;-21216;4;0;0;21220;-21212
2018-09-13T06:15;2018-09-13T06:30;26;kWh;-1690;0;0;0;1690;-1690
2018-09-13T06:30;2018-09-13T06:45;27;kWh;0;1505;0;0;1505;1505
2018-09-13T06:45;2018-09-13T07:00;28;kWh;0;50398;0;0;50398;50398
2018-09-13T07:00;2018-09-13T07:15;29;kWh;-1879;24292;0;0;26171;22413
2018-09-13T07:15;2018-09-13T07:30;30;kWh;0;0;0;0;0;0
2018-09-13T07:30;2018-09-13T07:45;31;kWh;0;0;0;0;0;0
2018-09-13T07:45;2018-09-13T08:00;32;kWh;0;426;0;0;426;426
2018-09-13T08:00;2018-09-13T08:15;33;kWh;0;927;0;0;927;927
2018-09-13T08:15;2018-09-13T08:30;34;kWh;0;7230;0;0;7230;7230
2018-09-13T08:30;2018-09-13T08:45;35;kWh;0;18676;0;0;18676;18676
2018-09-13T08:45;2018-09-13T09:00;36;kWh;0;32096;0;0;32096;32096
2018-09-13T09:00;2018-09-13T09:15;37;kWh;0;25009;0;0;25009;25009
2018-09-13T09:15;2018-09-13T09:30;38;kWh;0;13876;0;0;13876;13876
2018-09-13T09:30;2018-09-13T09:45;39;kWh;0;293;0;0;293;293
2018-09-13T09:45;2018-09-13T10:00;40;kWh;-360;0;0;0;360;-360
2018-09-13T10:00;2018-09-13T10:15;41;kWh;-216;0;0;0;216;-216
2018-09-13T10:15;2018-09-13T10:30;42;kWh;-10476;0;0;0;10476;-10476
2018-09-13T10:30;2018-09-13T10:45;43;kWh;-39392;0;0;0;39392;-39392
2018-09-13T10:45;2018-09-13T11:00;44;kWh;-60539;0;0;0;60539;-60539
2018-09-13T11:00;2018-09-13T11:15;45;kWh;-17099;321;0;0;17420;-16778
2018-09-13T11:15;2018-09-13T11:30;46;kWh;0;1699;0;0;1699;1699
2018-09-13T11:30;2018-09-13T11:45;47;kWh;-233;0;0;0;233;-233
2018-09-13T11:45;2018-09-13T12:00;48;kWh;-5307;0;0;0;5307;-5307
2018-09-13T12:00;2018-09-13T12:15;49;kWh;-3563;3216;0;0;6779;-347
2018-09-13T12:15;2018-09-13T12:30;50;kWh;-2635;577;0;0;3212;-2058
2018-09-13T12:30;2018-09-13T12:45;51;kWh;-30706;0;0;0;30706;-30706
2018-09-13T12:45;2018-09-13T13:00;52;kWh;-35390;0;0;0;35390;-35390
2018-09-13T13:00;2018-09-13T13:15;53;kWh;-40902;0;0;0;40902;-40902
2018-09-13T13:15;2018-09-13T13:30;54;kWh;-18721;0;0;0;18721;-18721
2018-09-13T13:30;2018-09-13T13:45;55;kWh;-24566;0;0;0;24566;-24566
2018-09-13T13:45;2018-09-13T14:00;56;kWh;-18363;0;0;0;18363;-18363
2018-09-13T14:00;2018-09-13T14:15;57;kWh;-1164;1317;0;0;2481;153
2018-09-13T14:15;2018-09-13T14:30;58;kWh;0;2219;0;0;2219;2219
2018-09-13T14:30;2018-09-13T14:45;59;kWh;0;3252;0;0;3252;3252
2018-09-13T14:45;2018-09-13T15:00;60;kWh;0;868;0;0;868;868
2018-09-13T15:00;2018-09-13T15:15;61;kWh;0;3071;0;0;3071;3071
2018-09-13T15:15;2018-09-13T15:30;62;kWh;0;6153;0;0;6153;6153
2018-09-13T15:30;2018-09-13T15:45;63;kWh;0;22610;0;0;22610;22610
2018-09-13T15:45;2018-09-13T16:00;64;kWh;0;34805;0;0;34805;34805
2018-09-13T16:00;2018-09-13T16:15;65;kWh;-827;15176;0;0;16003;14349
2018-09-13T16:15;2018-09-13T16:30;66;kWh;-77;0;0;0;77;-77
2018-09-13T16:30;2018-09-13T16:45;67;kWh;0;0;0;0;0;0
2018-09-13T16:45;2018-09-13T17:00;68;kWh;0;8224;0;0;8224;8224
2018-09-13T17:00;2018-09-13T17:15;69;kWh;0;2355;0;0;2355;2355
2018-09-13T17:15;2018-09-13T17:30;70;kWh;0;0;0;0;0;0
2018-09-13T17:30;2018-09-13T17:45;71;kWh;0;28;0;0;28;28
2018-09-13T17:45;2018-09-13T18:00;72;kWh;0;2275;0;0;2275;2275
2018-09-13T18:00;2018-09-13T18:15;73;kWh;-5102;186;0;0;5288;-4916
2018-09-13T18:15;2018-09-13T18:30;74;kWh;-215;5706;0;0;5921;5491
2018-09-13T18:30;2018-09-13T18:45;75;kWh;0;24296;0;0;24296;24296
2018-09-13T18:45;2018-09-13T19:00;76;kWh;0;27624;0;0;27624;27624
2018-09-13T19:00;2018-09-13T19:15;77;kWh;0;54381;0;0;54381;54381
2018-09-13T19:15;2018-09-13T19:30;78;kWh;0;29800;0;0;29800;29800
2018-09-13T19:30;2018-09-13T19:45;79;kWh;0;8083;0;0;8083;8083
2018-09-13T19:45;2018-09-13T20:00;80;kWh;0;26576;0;0;26576;26576
2018-09-13T20:00;2018-09-13T20:15;81;kWh;0;17822;0;0;17822;17822
2018-09-13T20:15;2018-09-13T20:30;82;kWh;0;11795;0;0;11795;11795
2018-09-13T20:30;2018-09-13T20:45;83;kWh;0;14821;0;0;14821;14821
2018-09-13T20:45;2018-09-13T21:00;84;kWh;0;2188;0;0;2188;2188
2018-09-13T21:00;2018-09-13T21:15;85;kWh;0;22894;0;0;22894;22894
2018-09-13T21:15;2018-09-13T21:30;86;kWh;-3486;10537;0;0;14023;7051
2018-09-13T21:30;2018-09-13T21:45;87;kWh;-28866;0;0;0;28866;-28866
2018-09-13T21:45;2018-09-13T22:00;88;kWh;-63675;0;0;0;63675;-63675
2018-09-13T22:00;2018-09-13T22:15;89;kWh;-27669;0;0;0;27669;-27669
2018-09-13T22:15;2018-09-13T22:30;90;kWh;-6688;0;0;0;6688;-6688
2018-09-13T22:30;2018-09-13T22:45;91;kWh;-28982;0;0;0;28982;-28982
2018-09-13T22:45;2018-09-13T23:00;92;kWh;-43526;0;0;0;43526;-43526
2018-09-13T23:00;2018-09-13T23:15;93;kWh;-22426;8623;0;0;31049;-13803
2018-09-13T23:15;2018-09-13T23:30;94;kWh;0;10432;0;0;10432;10432
2018-09-13T23:30;2018-09-13T23:45;95;kWh;-2115;0;0;0;2115;-2115
2018-09-13T23:45;2018-09-14T00:00;96;kWh;-14566;0;0;0;14566;-14566
2018-09-14T00:00;2018-09-14T00:15;1;kWh;-9237;883;0;0;10120;-8354
2018-09-14T00:15;2018-09-14T00:30;2;kWh;-23;1808;0;0;1831;1785
2018-09-14T00:30;2018-09-14T00:45;3;kWh;0;4528;0;0;4528;4528
2018-09-14T00:45;2018-09-14T01:00;4;kWh;-2394;213;0;0;2607;-2181
2018-09-14T01:00;2018-09-14T01:15;5;kWh;-61;7264;0;0;7325;7203
2018-09-14T01:15;2018-09-14T01:30;6;kWh;0;3663;0;0;3663;3663
2018-09-14T01:30;2018-09-14T01:45;7;kWh;0;0;0;0;0;0
2018-09-14T01:45;2018-09-14T02:00;8;kWh;-9162;0;0;0;9162;-9162
2018-09-14T02:00;2018-09-14T02:15;9;kWh;-14111;3532;0;0;17643;-10579
2018-09-14T02:15;2018-09-14T02:30;10;kWh;-99;7359;0;0;7458;7260
2018-09-14T02:30;2018-09-14T02:45;11;kWh;0;1;0;0;1;1
2018-09-14T02:45;2018-09-14T03:00;12;kWh;-4608;0;0;0;4608;-4608
2018-09-14T03:00;2018-09-14T03:15;13;kWh;-1877;0;0;0;1877;-1877
2018-09-14T03:15;2018-09-14T03:30;14;kWh;-14;0;0;0;14;-14
2018-09-14T03:30;2018-09-14T03:45;15;kWh;-1671;0;0;0;1671;-1671
2018-09-14T03:45;2018-09-14T04:00;16;kWh;-7901;0;0;0;7901;-7901
2018-09-14T04:00;2018-09-14T04:15;17;kWh;-2773;0;0;0;2773;-2773
2018-09-14T04:15;2018-09-14T04:30;18;kWh;-2136;0;0;0;2136;-2136
2018-09-14T04:30;2018-09-14T04:45;19;kWh;-318;0;0;0;318;-318
2018-09-14T04:45;2018-09-14T05:00;20;kWh;-1600;0;0;0;1600;-1600
2018-09-14T05:00;2018-09-14T05:15;21;kWh;-2000;0;0;0;2000;-2000
2018-09-14T05:15;2018-09-14T05:30;22;kWh;-35186;0;0;0;35186;-35186
2018-09-14T05:30;2018-09-14T05:45;23;kWh;-31238;0;0;0;31238;-31238
2018-09-14T05:45;2018-09-14T06:00;24;kWh;-4082;0;0;0;4082;-4082
2018-09-14T06:00;2018-09-14T06:15;25;kWh;-34863;0;0;0;34863;-34863
2018-09-14T06:15;2018-09-14T06:30;26;kWh;-36810;0;0;0;36810;-36810
2018-09-14T06:30;2018-09-14T06:45;27;kWh;-9703;663;0;0;10366;-9040
2018-09-14T06:45;2018-09-14T07:00;28;kWh;-79;1285;0;0;1364;1206
2018-09-14T07:00;2018-09-14T07:15;29;kWh;-38435;0;0;0;38435;-38435
2018-09-14T07:15;2018-09-14T07:30;30;kWh;-10180;0;0;0;10180;-10180
2018-09-14T07:30;2018-09-14T07:45;31;kWh;-322;0;0;0;322;-322
2018-09-14T07:45;2018-09-14T08:00;32;kWh;0;0;0;0;0;0
2018-09-14T08:00;2018-09-14T08:15;33;kWh;-669;0;0;0;669;-669
2018-09-14T08:15;2018-09-14T08:30;34;kWh;-230;0;0;0;230;-230
2018-09-14T08:30;2018-09-14T08:45;35;kWh;-7221;0;0;0;7221;-7221
2018-09-14T08:45;2018-09-14T09:00;36;kWh;-3520;0;0;0;3520;-3520
2018-09-14T09:00;2018-09-14T09:15;37;kWh;-572;0;0;0;572;-572
2018-09-14T09:15;2018-09-14T09:30;38;kWh;-58;0;0;0;58;-58
2018-09-14T09:30;2018-09-14T09:45;39;kWh;-4559;0;0;0;4559;-4559
2018-09-14T09:45;2018-09-14T10:00;40;kWh;-32856;0;0;0;32856;-32856
2018-09-14T10:00;2018-09-14T10:15;41;kWh;-12386;0;0;0;12386;-12386
2018-09-14T10:15;2018-09-14T10:30;42;kWh;-2721;0;0;0;2721;-2721
2018-09-14T10:30;2018-09-14T10:45;43;kWh;-10045;334;0;0;10379;-9711
2018-09-14T10:45;2018-09-14T11:00;44;kWh;-496;16475;0;2873;19844;18852
2018-09-14T11:00;2018-09-14T11:15;45;kWh;0;4325;0;22414;26739;26739
2018-09-14T11:15;2018-09-14T11:30;46;kWh;0;0;0;8483;8483;8483
2018-09-14T11:30;2018-09-14T11:45;47;kWh;0;0;0;0;0;0
2018-09-14T11:45;2018-09-14T12:00;48;kWh;0;1145;0;0;1145;1145
2018-09-14T12:00;2018-09-14T12:15;49;kWh;-5660;175;0;0;5835;-5485
2018-09-14T12:15;2018-09-14T12:30;50;kWh;-25533;0;0;0;25533;-25533
2018-09-14T12:30;2018-09-14T12:45;51;kWh;-59723;0;0;0;59723;-59723
2018-09-14T12:45;2018-09-14T13:00;52;kWh;-53650;0;0;0;53650;-53650
2018-09-14T13:00;2018-09-14T13:15;53;kWh;-44286;0;0;0;44286;-44286
2018-09-14T13:15;2018-09-14T13:30;54;kWh;-598;803;0;0;1401;205
2018-09-14T13:30;2018-09-14T13:45;55;kWh;-4452;9;0;0;4461;-4443
2018-09-14T13:45;2018-09-14T14:00;56;kWh;-12703;0;0;0;12703;-12703
2018-09-14T14:00;2018-09-14T14:15;57;kWh;-8866;0;0;0;8866;-8866
2018-09-14T14:15;2018-09-14T14:30;58;kWh;-1183;0;0;0;1183;-1183
2018-09-14T14:30;2018-09-14T14:45;59;kWh;-3613;0;0;0;3613;-3613
2018-09-14T14:45;2018-09-14T15:00;60;kWh;-21138;0;0;0;21138;-21138
2018-09-14T15:00;2018-09-14T15:15;61;kWh;-10021;272;0;0;10293;-9749
2018-09-14T15:15;2018-09-14T15:30;62;kWh;-63;1991;0;0;2054;1928
2018-09-14T15:30;2018-09-14T15:45;63;kWh;0;380;0;0;380;380
2018-09-14T15:45;2018-09-14T16:00;64;kWh;-7;0;0;0;7;-7
2018-09-14T16:00;2018-09-14T16:15;65;kWh;-304;0;0;0;304;-304
2018-09-14T16:15;2018-09-14T16:30;66;kWh;-1033;0;0;0;1033;-1033
2018-09-14T16:30;2018-09-14T16:45;67;kWh;-1653;0;0;0;1653;-1653
2018-09-14T16:45;2018-09-14T17:00;68;kWh;0;0;0;0;0;0
2018-09-14T17:00;2018-09-14T17:15;69;kWh;0;0;0;0;0;0
2018-09-14T17:15;2018-09-14T17:30;70;kWh;0;0;0;0;0;0
2018-09-14T17:30;2018-09-14T17:45;71;kWh;0;1448;0;0;1448;1448
2018-09-14T17:45;2018-09-14T18:00;72;kWh;0;4780;0;0;4780;4780
2018-09-14T18:00;2018-09-14T18:15;73;kWh;0;5431;0;0;5431;5431
2018-09-14T18:15;2018-09-14T18:30;74;kWh;0;811;0;0;811;811
2018-09-14T18:30;2018-09-14T18:45;75;kWh;0;0;0;0;0;0
2018-09-14T18:45;2018-09-14T19:00;76;kWh;0;1913;0;0;1913;1913
2018-09-14T19:00;2018-09-14T19:15;77;kWh;0;2102;0;0;2102;2102
2018-09-14T19:15;2018-09-14T19:30;78;kWh;0;0;0;0;0;0
2018-09-14T19:30;2018-09-14T19:45;79;kWh;0;0;0;0;0;0
2018-09-14T19:45;2018-09-14T20:00;80;kWh;0;1971;0;0;1971;1971
2018-09-14T20:00;2018-09-14T20:15;81;kWh;0;4008;0;0;4008;4008
2018-09-14T20:15;2018-09-14T20:30;82;kWh;0;9063;0;0;9063;9063
2018-09-14T20:30;2018-09-14T20:45;83;kWh;0;919;0;0;919;919
2018-09-14T20:45;2018-09-14T21:00;84;kWh;-514;0;0;0;514;-514
2018-09-14T21:00;2018-09-14T21:15;85;kWh;-1243;5395;0;0;6638;4152
2018-09-14T21:15;2018-09-14T21:30;86;kWh;-690;7102;0;0;7792;6412
2018-09-14T21:30;2018-09-14T21:45;87;kWh;-2688;0;0;0;2688;-2688
2018-09-14T21:45;2018-09-14T22:00;88;kWh;-22129;0;0;0;22129;-22129
2018-09-14T22:00;2018-09-14T22:15;89;kWh;-18021;0;0;0;18021;-18021
2018-09-14T22:15;2018-09-14T22:30;90;kWh;-1017;228;0;0;1245;-789
2018-09-14T22:30;2018-09-14T22:45;91;kWh;-4357;0;0;0;4357;-4357
2018-09-14T22:45;2018-09-14T23:00;92;kWh;-13499;0;0;0;13499;-13499
2018-09-14T23:00;2018-09-14T23:15;93;kWh;-22703;0;0;0;22703;-22703
2018-09-14T23:15;2018-09-14T23:30;94;kWh;-417;0;0;0;417;-417
2018-09-14T23:30;2018-09-14T23:45;95;kWh;0;2390;0;0;2390;2390
2018-09-14T23:45;2018-09-15T00:00;96;kWh;0;9121;0;0;9121;9121
2018-09-15T00:00;2018-09-15T00:15;1;kWh;0;6229;0;0;6229;6229
2018-09-15T00:15;2018-09-15T00:30;2;kWh;0;16158;0;0;16158;16158
2018-09-15T00:30;2018-09-15T00:45;3;kWh;0;23931;0;0;23931;23931
2018-09-15T00:45;2018-09-15T01:00;4;kWh;0;21855;0;0;21855;21855
2018-09-15T01:00;2018-09-15T01:15;5;kWh;-12;12918;0;0;12930;12906
2018-09-15T01:15;2018-09-15T01:30;6;kWh;-73;1280;0;0;1353;1207
2018-09-15T01:30;2018-09-15T01:45;7;kWh;0;3327;0;0;3327;3327
2018-09-15T01:45;2018-09-15T02:00;8;kWh;-159;2477;0;0;2636;2318
2018-09-15T02:00;2018-09-15T02:15;9;kWh;-580;805;0;0;1385;225
2018-09-15T02:15;2018-09-15T02:30;10;kWh;0;699;0;0;699;699
2018-09-15T02:30;2018-09-15T02:45;11;kWh;-6628;0;0;0;6628;-6628
2018-09-15T02:45;2018-09-15T03:00;12;kWh;-26513;0;0;0;26513;-26513
2018-09-15T03:00;2018-09-15T03:15;13;kWh;-23945;0;0;0;23945;-23945
2018-09-15T03:15;2018-09-15T03:30;14;kWh;-1960;0;0;0;1960;-1960
2018-09-15T03:30;2018-09-15T03:45;15;kWh;-1691;0;0;0;1691;-1691
2018-09-15T03:45;2018-09-15T04:00;16;kWh;-8331;0;0;0;8331;-8331
2018-09-15T04:00;2018-09-15T04:15;17;kWh;-8693;12;0;0;8705;-8681
2018-09-15T04:15;2018-09-15T04:30;18;kWh;-44;330;0;0;374;286
2018-09-15T04:30;2018-09-15T04:45;19;kWh;0;162;0;0;162;162
2018-09-15T04:45;2018-09-15T05:00;20;kWh;-410;0;0;0;410;-410
2018-09-15T05:00;2018-09-15T05:15;21;kWh;-9293;0;0;0;9293;-9293
2018-09-15T05:15;2018-09-15T05:30;22;kWh;-7014;0;0;0;7014;-7014
2018-09-15T05:30;2018-09-15T05:45;23;kWh;-143;3;0;0;146;-140
2018-09-15T05:45;2018-09-15T06:00;24;kWh;0;5997;0;0;5997;5997
2018-09-15T06:00;2018-09-15T06:15;25;kWh;0;633;0;0;633;633
2018-09-15T06:15;2018-09-15T06:30;26;kWh;0;993;0;0;993;993
2018-09-15T06:30;2018-09-15T06:45;27;kWh;0;26649;0;0;26649;26649
2018-09-15T06:45;2018-09-15T07:00;28;kWh;0;66250;0;0;66250;66250
2018-09-15T07:00;2018-09-15T07:15;29;kWh;-3375;13171;0;0;16546;9796
2018-09-15T07:15;2018-09-15T07:30;30;kWh;-3872;0;0;0;3872;-3872
2018-09-15T07:30;2018-09-15T07:45;31;kWh;0;0;0;0;0;0
2018-09-15T07:45;2018-09-15T08:00;32;kWh;0;6496;0;0;6496;6496
2018-09-15T08:00;2018-09-15T08:15;33;kWh;0;39965;0;0;39965;39965
2018-09-15T08:15;2018-09-15T08:30;34;kWh;0;47986;0;0;47986;47986
2018-09-15T08:30;2018-09-15T08:45;35;kWh;0;52100;0;0;52100;52100
2018-09-15T08:45;2018-09-15T09:00;36;kWh;0;49246;0;0;49246;49246
2018-09-15T09:00;2018-09-15T09:15;37;kWh;0;30325;0;0;30325;30325
2018-09-15T09:15;2018-09-15T09:30;38;kWh;0;37126;0;0;37126;37126
2018-09-15T09:30;2018-09-15T09:45;39;kWh;-497;11328;0;0;11825;10831
2018-09-15T09:45;2018-09-15T10:00;40;kWh;0;0;0;0;0;0
2018-09-15T10:00;2018-09-15T10:15;41;kWh;0;8651;0;0;8651;8651
2018-09-15T10:15;2018-09-15T10:30;42;kWh;0;2369;0;0;2369;2369
2018-09-15T10:30;2018-09-15T10:45;43;kWh;0;379;0;0;379;379
2018-09-15T10:45;2018-09-15T11:00;44;kWh;-246;17;0;0;263;-229
2018-09-15T11:00;2018-09-15T11:15;45;kWh;0;34569;0;0;34569;34569
2018-09-15T11:15;2018-09-15T11:30;46;kWh;0;68657;0;0;68657;68657
2018-09-15T11:30;2018-09-15T11:45;47;kWh;0;24363;0;0;24363;24363
2018-09-15T11:45;2018-09-15T12:00;48;kWh;0;9532;0;0;9532;9532
2018-09-15T12:00;2018-09-15T12:15;49;kWh;0;37244;0;0;37244;37244
2018-09-15T12:15;2018-09-15T12:30;50;kWh;-267;19528;0;0;19795;19261
2018-09-15T12:30;2018-09-15T12:45;51;kWh;-271;84;0;0;355;-187
2018-09-15T12:45;2018-09-15T13:00;52;kWh;0;0;0;0;0;0
2018-09-15T13:00;2018-09-15T13:15;53;kWh;0;0;0;0;0;0
2018-09-15T13:15;2018-09-15T13:30;54;kWh;-796;0;0;0;796;-796
2018-09-15T13:30;2018-09-15T13:45;55;kWh;-4225;0;0;0;4225;-4225
2018-09-15T13:45;2018-09-15T14:00;56;kWh;-3314;0;0;0;3314;-3314
2018-09-15T14:00;2018-09-15T14:15;57;kWh;-1689;0;0;0;1689;-1689
2018-09-15T14:15;2018-09-15T14:30;58;kWh;0;0;0;0;0;0
2018-09-15T14:30;2018-09-15T14:45;59;kWh;-585;0;0;0;585;-585
2018-09-15T14:45;2018-09-15T15:00;60;kWh;-2767;0;0;0;2767;-2767
2018-09-15T15:00;2018-09-15T15:15;61;kWh;-1505;0;0;0;1505;-1505
2018-09-15T15:15;2018-09-15T15:30;62;kWh;0;0;0;0;0;0
2018-09-15T15:30;2018-09-15T15:45;63;kWh;-1;0;0;0;1;-1
2018-09-15T15:45;2018-09-15T16:00;64;kWh;-124;0;0;0;124;-124
2018-09-15T16:00;2018-09-15T16:15;65;kWh;-4958;0;0;0;4958;-4958
2018-09-15T16:15;2018-09-15T16:30;66;kWh;-23796;0;0;0;23796;-23796
2018-09-15T16:30;2018-09-15T16:45;67;kWh;-18361;0;0;0;18361;-18361
2018-09-15T16:45;2018-09-15T17:00;68;kWh;-1394;20250;0;0;21644;18856
2018-09-15T17:00;2018-09-15T17:15;69;kWh;-9146;6649;0;0;15795;-2497
2018-09-15T17:15;2018-09-15T17:30;70;kWh;-53925;0;0;0;53925;-53925
2018-09-15T17:30;2018-09-15T17:45;71;kWh;-23878;61;0;0;23939;-23817
2018-09-15T17:45;2018-09-15T18:00;72;kWh;-102;2435;0;0;2537;2333
2018-09-15T18:00;2018-09-15T18:15;73;kWh;-1899;1741;0;0;3640;-158
2018-09-15T18:15;2018-09-15T18:30;74;kWh;-677;2591;0;0;3268;1914
2018-09-15T18:30;2018-09-15T18:45;75;kWh;0;34653;0;0;34653;34653
2018-09-15T18:45;2018-09-15T19:00;76;kWh;0;44214;0;0;44214;44214
2018-09-15T19:00;2018-09-15T19:15;77;kWh;0;34839;0;0;34839;34839
2018-09-15T19:15;2018-09-15T19:30;78;kWh;0;19944;0;0;19944;19944
2018-09-15T19:30;2018-09-15T19:45;79;kWh;0;5207;0;0;5207;5207
2018-09-15T19:45;2018-09-15T20:00;80;kWh;0;55140;0;0;55140;55140
2018-09-15T20:00;2018-09-15T20:15;81;kWh;0;31757;0;0;31757;31757
2018-09-15T20:15;2018-09-15T20:30;82;kWh;0;54467;0;0;54467;54467
2018-09-15T20:30;2018-09-15T20:45;83;kWh;0;73714;0;0;73714;73714
2018-09-15T20:45;2018-09-15T21:00;84;kWh;0;19182;0;0;19182;19182
2018-09-15T21:00;2018-09-15T21:15;85;kWh;0;10596;0;0;10596;10596
2018-09-15T21:15;2018-09-15T21:30;86;kWh;0;17640;0;0;17640;17640
2018-09-15T21:30;2018-09-15T21:45;87;kWh;0;7119;0;0;7119;7119
2018-09-15T21:45;2018-09-15T22:00;88;kWh;-332;0;0;0;332;-332
2018-09-15T22:00;2018-09-15T22:15;89;kWh;0;16927;0;0;16927;16927
2018-09-15T22:15;2018-09-15T22:30;90;kWh;0;48254;0;0;48254;48254
2018-09-15T22:30;2018-09-15T22:45;91;kWh;0;25273;0;0;25273;25273
2018-09-15T22:45;2018-09-15T23:00;92;kWh;0;23726;0;0;23726;23726
2018-09-15T23:00;2018-09-15T23:15;93;kWh;0;25084;0;0;25084;25084
2018-09-15T23:15;2018-09-15T23:30;94;kWh;0;50683;0;0;50683;50683
2018-09-15T23:30;2018-09-15T23:45;95;kWh;0;7134;0;0;7134;7134
2018-09-15T23:45;2018-09-16T00:00;96;kWh;0;193;0;0;193;193
2018-09-16T00:00;2018-09-16T00:15;1;kWh;0;72;0;0;72;72
2018-09-16T00:15;2018-09-16T00:30;2;kWh;0;36231;0;0;36231;36231
2018-09-16T00:30;2018-09-16T00:45;3;kWh;0;21378;0;0;21378;21378
2018-09-16T00:45;2018-09-16T01:00;4;kWh;0;6698;0;0;6698;6698
2018-09-16T01:00;2018-09-16T01:15;5;kWh;0;15674;0;0;15674;15674
2018-09-16T01:15;2018-09-16T01:30;6;kWh;0;82463;0;0;82463;82463
2018-09-16T01:30;2018-09-16T01:45;7;kWh;0;78118;0;0;81868;81868
2018-09-16T01:45;2018-09-16T02:00;8;kWh;0;12139;0;0;17139;17139
2018-09-16T02:00;2018-09-16T02:15;9;kWh;0;1843;0;0;1843;1843
2018-09-16T02:15;2018-09-16T02:30;10;kWh;0;1049;0;0;1049;1049
2018-09-16T02:30;2018-09-16T02:45;11;kWh;0;3087;0;0;3087;3087
2018-09-16T02:45;2018-09-16T03:00;12;kWh;-699;364;0;0;1063;-335
2018-09-16T03:00;2018-09-16T03:15;13;kWh;-269;0;0;0;269;-269
2018-09-16T03:15;2018-09-16T03:30;14;kWh;0;0;0;0;0;0
2018-09-16T03:30;2018-09-16T03:45;15;kWh;-23;0;0;0;23;-23
2018-09-16T03:45;2018-09-16T04:00;16;kWh;-2395;0;0;0;2395;-2395
2018-09-16T04:00;2018-09-16T04:15;17;kWh;-42;14443;0;0;14485;14401
2018-09-16T04:15;2018-09-16T04:30;18;kWh;0;23973;0;0;23973;23973
2018-09-16T04:30;2018-09-16T04:45;19;kWh;-5;4729;0;0;4734;4724
2018-09-16T04:45;2018-09-16T05:00;20;kWh;0;1356;0;0;1356;1356
2018-09-16T05:00;2018-09-16T05:15;21;kWh;0;157;0;0;157;157
2018-09-16T05:15;2018-09-16T05:30;22;kWh;-52;0;0;0;52;-52
2018-09-16T05:30;2018-09-16T05:45;23;kWh;-270;0;0;0;270;-270
2018-09-16T05:45;2018-09-16T06:00;24;kWh;-8;0;0;0;8;-8
2018-09-16T06:00;2018-09-16T06:15;25;kWh;-10001;0;0;0;10001;-10001
2018-09-16T06:15;2018-09-16T06:30;26;kWh;-31361;0;0;0;31361;-31361
2018-09-16T06:30;2018-09-16T06:45;27;kWh;-25640;0;0;0;25640;-25640
2018-09-16T06:45;2018-09-16T07:00;28;kWh;-7383;0;0;0;7383;-7383
2018-09-16T07:00;2018-09-16T07:15;29;kWh;-31690;0;0;0;31690;-31690
2018-09-16T07:15;2018-09-16T07:30;30;kWh;-19626;0;0;0;19626;-19626
2018-09-16T07:30;2018-09-16T07:45;31;kWh;-723;0;0;0;723;-723
2018-09-16T07:45;2018-09-16T08:00;32;kWh;0;0;0;0;0;0
2018-09-16T08:00;2018-09-16T08:15;33;kWh;-68;0;0;0;68;-68
2018-09-16T08:15;2018-09-16T08:30;34;kWh;-6988;0;0;0;6988;-6988
2018-09-16T08:30;2018-09-16T08:45;35;kWh;-1154;0;0;0;1154;-1154
2018-09-16T08:45;2018-09-16T09:00;36;kWh;0;673;0;0;673;673
2018-09-16T09:00;2018-09-16T09:15;37;kWh;-746;0;0;0;746;-746
2018-09-16T09:15;2018-09-16T09:30;38;kWh;0;0;0;0;0;0
2018-09-16T09:30;2018-09-16T09:45;39;kWh;-2204;0;0;0;2204;-2204
2018-09-16T09:45;2018-09-16T10:00;40;kWh;-650;0;0;0;650;-650
2018-09-16T10:00;2018-09-16T10:15;41;kWh;0;1498;0;0;1498;1498
2018-09-16T10:15;2018-09-16T10:30;42;kWh;0;1280;0;0;1280;1280
2018-09-16T10:30;2018-09-16T10:45;43;kWh;0;0;0;0;0;0
2018-09-16T10:45;2018-09-16T11:00;44;kWh;0;71;0;0;71;71
2018-09-16T11:00;2018-09-16T11:15;45;kWh;0;6364;0;0;6364;6364
2018-09-16T11:15;2018-09-16T11:30;46;kWh;0;1231;0;0;1231;1231
2018-09-16T11:30;2018-09-16T11:45;47;kWh;0;6802;0;0;6802;6802
2018-09-16T11:45;2018-09-16T12:00;48;kWh;0;2653;0;0;2653;2653
2018-09-16T12:00;2018-09-16T12:15;49;kWh;0;32198;0;0;32198;32198
2018-09-16T12:15;2018-09-16T12:30;50;kWh;-11;22621;0;0;22632;22610
2018-09-16T12:30;2018-09-16T12:45;51;kWh;-98;106;0;0;204;8
2018-09-16T12:45;2018-09-16T13:00;52;kWh;0;378;0;0;378;378
2018-09-16T13:00;2018-09-16T13:15;53;kWh;0;141;0;0;141;141
2018-09-16T13:15;2018-09-16T13:30;54;kWh;-2829;0;0;0;2829;-2829
2018-09-16T13:30;2018-09-16T13:45;55;kWh;-26718;0;0;0;26718;-26718
2018-09-16T13:45;2018-09-16T14:00;56;kWh;-13475;0;0;0;13475;-13475
2018-09-16T14:00;2018-09-16T14:15;57;kWh;-30609;0;0;0;30609;-30609
2018-09-16T14:15;2018-09-16T14:30;58;kWh;-20941;0;0;0;20941;-20941
2018-09-16T14:30;2018-09-16T14:45;59;kWh;-26708;0;0;0;26708;-26708
2018-09-16T14:45;2018-09-16T15:00;60;kWh;-21349;0;0;0;21349;-21349
2018-09-16T15:00;2018-09-16T15:15;61;kWh;-2051;0;0;0;2051;-2051
2018-09-16T15:15;2018-09-16T15:30;62;kWh;0;0;0;0;0;0
2018-09-16T15:30;2018-09-16T15:45;63;kWh;0;3;0;0;3;3
2018-09-16T15:45;2018-09-16T16:00;64;kWh;0;409;0;0;409;409
2018-09-16T16:00;2018-09-16T16:15;65;kWh;0;10992;0;0;10992;10992
2018-09-16T16:15;2018-09-16T16:30;66;kWh;0;7962;0;0;7962;7962
2018-09-16T16:30;2018-09-16T16:45;67;kWh;0;32490;0;0;32490;32490
2018-09-16T16:45;2018-09-16T17:00;68;kWh;0;21253;0;0;21253;21253
2018-09-16T17:00;2018-09-16T17:15;69;kWh;0;19059;0;0;19059;19059
2018-09-16T17:15;2018-09-16T17:30;70;kWh;-912;2178;0;0;3090;1266
2018-09-16T17:30;2018-09-16T17:45;71;kWh;0;1832;0;0;1832;1832
2018-09-16T17:45;2018-09-16T18:00;72;kWh;0;31048;0;0;31048;31048
2018-09-16T18:00;2018-09-16T18:15;73;kWh;0;78273;0;0;78273;78273
2018-09-16T18:15;2018-09-16T18:30;74;kWh;-21;29211;0;0;29232;29190
2018-09-16T18:30;2018-09-16T18:45;75;kWh;0;214;0;0;214;214
2018-09-16T18:45;2018-09-16T19:00;76;kWh;0;1027;0;0;1027;1027
2018-09-16T19:00;2018-09-16T19:15;77;kWh;0;367;0;0;367;367
2018-09-16T19:15;2018-09-16T19:30;78;kWh;0;1049;0;0;1049;1049
2018-09-16T19:30;2018-09-16T19:45;79;kWh;0;2551;0;0;2551;2551
2018-09-16T19:45;2018-09-16T20:00;80;kWh;0;14340;0;0;14340;14340
2018-09-16T20:00;2018-09-16T20:15;81;kWh;0;54783;0;0;54783;54783
2018-09-16T20:15;2018-09-16T20:30;82;kWh;0;81417;0;0;81417;81417
2018-09-16T20:30;2018-09-16T20:45;83;kWh;0;56213;0;0;56213;56213
2018-09-16T20:45;2018-09-16T21:00;84;kWh;0;5780;0;0;5780;5780
2018-09-16T21:00;2018-09-16T21:15;85;kWh;0;27486;0;0;27486;27486
2018-09-16T21:15;2018-09-16T21:30;86;kWh;0;36005;0;0;36005;36005
2018-09-16T21:30;2018-09-16T21:45;87;kWh;0;10755;0;0;10755;10755
2018-09-16T21:45;2018-09-16T22:00;88;kWh;0;2734;0;0;2734;2734
2018-09-16T22:00;2018-09-16T22:15;89;kWh;0;44983;0;0;44983;44983
2018-09-16T22:15;2018-09-16T22:30;90;kWh;0;81940;0;0;81940;81940
2018-09-16T22:30;2018-09-16T22:45;91;kWh;0;49206;0;0;49206;49206
2018-09-16T22:45;2018-09-16T23:00;92;kWh;-1545;1297;0;0;2842;-248
2018-09-16T23:00;2018-09-16T23:15;93;kWh;-8;15339;0;0;15347;15331
2018-09-16T23:15;2018-09-16T23:30;94;kWh;0;33876;0;0;33876;33876
2018-09-16T23:30;2018-09-16T23:45;95;kWh;0;9454;0;0;9454;9454
2018-09-16T23:45;2018-09-17T00:00;96;kWh;0;27089;0;0;27089;27089
2018-09-17T00:00;2018-09-17T00:15;1;kWh;-595;13999;0;0;14594;13404
2018-09-17T00:15;2018-09-17T00:30;2;kWh;0;29275;0;0;29275;29275
2018-09-17T00:30;2018-09-17T00:45;3;kWh;0;27570;0;0;27570;27570
2018-09-17T00:45;2018-09-17T01:00;4;kWh;-2631;1553;0;0;4184;-1078
2018-09-17T01:00;2018-09-17T01:15;5;kWh;-562;13703;0;0;14265;13141
2018-09-17T01:15;2018-09-17T01:30;6;kWh;-236;19885;0;0;20121;19649
2018-09-17T01:30;2018-09-17T01:45;7;kWh;-4172;95;0;0;4267;-4077
2018-09-17T01:45;2018-09-17T02:00;8;kWh;-5957;0;0;0;5957;-5957
2018-09-17T02:00;2018-09-17T02:15;9;kWh;-2916;11890;0;0;14806;8974
2018-09-17T02:15;2018-09-17T02:30;10;kWh;-330;20965;0;0;21295;20635
2018-09-17T02:30;2018-09-17T02:45;11;kWh;-7539;23;0;0;7562;-7516
2018-09-17T02:45;2018-09-17T03:00;12;kWh;-14961;0;0;0;14961;-14961
2018-09-17T03:00;2018-09-17T03:15;13;kWh;-15812;0;0;0;15812;-15812
2018-09-17T03:15;2018-09-17T03:30;14;kWh;-2079;0;0;0;2079;-2079
2018-09-17T03:30;2018-09-17T03:45;15;kWh;-19588;0;0;0;19588;-19588
2018-09-17T03:45;2018-09-17T04:00;16;kWh;-27588;0;0;0;27588;-27588
2018-09-17T04:00;2018-09-17T04:15;17;kWh;-50490;0;0;0;50490;-50490
2018-09-17T04:15;2018-09-17T04:30;18;kWh;-43829;0;0;0;43829;-43829
2018-09-17T04:30;2018-09-17T04:45;19;kWh;-63100;0;0;0;63100;-63100
2018-09-17T04:45;2018-09-17T05:00;20;kWh;-51598;0;0;0;51598;-51598
2018-09-17T05:00;2018-09-17T05:15;21;kWh;-6774;38;0;0;6812;-6736
2018-09-17T05:15;2018-09-17T05:30;22;kWh;-18686;0;0;0;18686;-18686
2018-09-17T05:30;2018-09-17T05:45;23;kWh;-650;0;0;0;650;-650
2018-09-17T05:45;2018-09-17T06:00;24;kWh;-1793;0;0;0;1793;-1793
2018-09-17T06:00;2018-09-17T06:15;25;kWh;-3949;0;0;0;3949;-3949
2018-09-17T06:15;2018-09-17T06:30;26;kWh;-5714;0;0;0;5714;-5714
2018-09-17T06:30;2018-09-17T06:45;27;kWh;-22;191;0;0;213;169
2018-09-17T06:45;2018-09-17T07:00;28;kWh;0;23782;0;0;23782;23782
2018-09-17T07:00;2018-09-17T07:15;29;kWh;-577;6509;0;0;7086;5932
2018-09-17T07:15;2018-09-17T07:30;30;kWh;0;0;0;0;0;0
2018-09-17T07:30;2018-09-17T07:45;31;kWh;-2255;0;0;0;2255;-2255
2018-09-17T07:45;2018-09-17T08:00;32;kWh;-1075;0;0;0;1075;-1075
2018-09-17T08:00;2018-09-17T08:15;33;kWh;0;0;0;0;0;0
2018-09-17T08:15;2018-09-17T08:30;34;kWh;-71;0;0;0;71;-71
2018-09-17T08:30;2018-09-17T08:45;35;kWh;0;0;0;0;0;0
2018-09-17T08:45;2018-09-17T09:00;36;kWh;0;0;0;0;0;0
2018-09-17T09:00;2018-09-17T09:15;37;kWh;0;0;0;0;0;0
2018-09-17T09:15;2018-09-17T09:30;38;kWh;-2;0;0;0;2;-2
2018-09-17T09:30;2018-09-17T09:45;39;kWh;-571;0;0;0;571;-571
2018-09-17T09:45;2018-09-17T10:00;40;kWh;0;0;0;0;0;0
2018-09-17T10:00;2018-09-17T10:15;41;kWh;0;1033;0;0;1033;1033
2018-09-17T10:15;2018-09-17T10:30;42;kWh;0;13767;0;0;13767;13767
2018-09-17T10:30;2018-09-17T10:45;43;kWh;0;27735;0;0;27735;27735
2018-09-17T10:45;2018-09-17T11:00;44;kWh;0;22217;0;0;22217;22217
2018-09-17T11:00;2018-09-17T11:15;45;kWh;0;5196;0;0;5196;5196
2018-09-17T11:15;2018-09-17T11:30;46;kWh;0;1782;0;0;1782;1782
2018-09-17T11:30;2018-09-17T11:45;47;kWh;0;121;0;0;121;121
2018-09-17T11:45;2018-09-17T12:00;48;kWh;0;2617;0;0;2617;2617
2018-09-17T12:00;2018-09-17T12:15;49;kWh;0;209;0;0;209;209
2018-09-17T12:15;2018-09-17T12:30;50;kWh;-433;0;0;0;433;-433
2018-09-17T12:30;2018-09-17T12:45;51;kWh;-10547;0;0;0;10547;-10547
2018-09-17T12:45;2018-09-17T13:00;52;kWh;-22319;0;0;0;22319;-22319
2018-09-17T13:00;2018-09-17T13:15;53;kWh;-17327;0;0;0;17327;-17327
2018-09-17T13:15;2018-09-17T13:30;54;kWh;-2034;0;0;0;2034;-2034
2018-09-17T13:30;2018-09-17T13:45;55;kWh;-4538;0;0;0;4538;-4538
2018-09-17T13:45;2018-09-17T14:00;56;kWh;-3282;0;0;0;3282;-3282
2018-09-17T14:00;2018-09-17T14:15;57;kWh;-10683;0;0;0;10683;-10683
2018-09-17T14:15;2018-09-17T14:30;58;kWh;-6742;0;0;0;6742;-6742
2018-09-17T14:30;2018-09-17T14:45;59;kWh;-10592;0;0;0;10592;-10592
2018-09-17T14:45;2018-09-17T15:00;60;kWh;-26992;0;0;0;26992;-26992
2018-09-17T15:00;2018-09-17T15:15;61;kWh;-31635;0;0;0;31635;-31635
2018-09-17T15:15;2018-09-17T15:30;62;kWh;-39845;0;0;0;39845;-39845
2018-09-17T15:30;2018-09-17T15:45;63;kWh;-8485;0;0;0;8485;-8485
2018-09-17T15:45;2018-09-17T16:00;64;kWh;0;16;0;0;16;16
2018-09-17T16:00;2018-09-17T16:15;65;kWh;-272;0;0;0;272;-272
2018-09-17T16:15;2018-09-17T16:30;66;kWh;0;0;0;0;0;0
2018-09-17T16:30;2018-09-17T16:45;67;kWh;0;7035;0;0;7035;7035
2018-09-17T16:45;2018-09-17T17:00;68;kWh;0;24224;0;0;24224;24224
2018-09-17T17:00;2018-09-17T17:15;69;kWh;0;11275;0;0;11275;11275
2018-09-17T17:15;2018-09-17T17:30;70;kWh;0;13132;0;0;13132;13132
2018-09-17T17:30;2018-09-17T17:45;71;kWh;0;40269;0;0;40269;40269
2018-09-17T17:45;2018-09-17T18:00;72;kWh;0;55474;0;0;55474;55474
2018-09-17T18:00;2018-09-17T18:15;73;kWh;0;18234;0;0;18234;18234
2018-09-17T18:15;2018-09-17T18:30;74;kWh;0;1258;0;0;1258;1258
2018-09-17T18:30;2018-09-17T18:45;75;kWh;0;12268;0;0;12268;12268
2018-09-17T18:45;2018-09-17T19:00;76;kWh;0;27539;0;0;27539;27539
2018-09-17T19:00;2018-09-17T19:15;77;kWh;0;30882;0;0;30882;30882
2018-09-17T19:15;2018-09-17T19:30;78;kWh;0;27463;0;0;27463;27463
2018-09-17T19:30;2018-09-17T19:45;79;kWh;0;36763;0;0;36763;36763
2018-09-17T19:45;2018-09-17T20:00;80;kWh;0;41308;0;0;41308;41308
2018-09-17T20:00;2018-09-17T20:15;81;kWh;0;30969;0;0;30969;30969
2018-09-17T20:15;2018-09-17T20:30;82;kWh;0;57487;0;0;57487;57487
2018-09-17T20:30;2018-09-17T20:45;83;kWh;-1036;22562;0;0;28598;26526
2018-09-17T20:45;2018-09-17T21:00;84;kWh;-20127;0;0;0;20127;-20127
2018-09-17T21:00;2018-09-17T21:15;85;kWh;-11088;11656;0;0;22744;568
2018-09-17T21:15;2018-09-17T21:30;86;kWh;0;53504;0;0;53504;53504
2018-09-17T21:30;2018-09-17T21:45;87;kWh;-1163;4482;0;0;5645;3319
2018-09-17T21:45;2018-09-17T22:00;88;kWh;-18911;0;0;0;18911;-18911
2018-09-17T22:00;2018-09-17T22:15;89;kWh;-13226;7518;0;0;20744;-5708
2018-09-17T22:15;2018-09-17T22:30;90;kWh;-15;12549;0;0;12564;12534
2018-09-17T22:30;2018-09-17T22:45;91;kWh;-2130;0;0;0;2130;-2130
2018-09-17T22:45;2018-09-17T23:00;92;kWh;-25021;0;0;0;25021;-25021
2018-09-17T23:00;2018-09-17T23:15;93;kWh;-28234;278;0;0;28512;-27956
2018-09-17T23:15;2018-09-17T23:30;94;kWh;-1537;610;0;0;2147;-927
2018-09-17T23:30;2018-09-17T23:45;95;kWh;-23619;0;0;0;23619;-23619
2018-09-17T23:45;2018-09-18T00:00;96;kWh;-67490;0;0;0;67490;-67490
2018-09-18T00:00;2018-09-18T00:15;1;kWh;-33646;0;0;0;33646;-33646
2018-09-18T00:15;2018-09-18T00:30;2;kWh;-136;0;0;0;136;-136
2018-09-18T00:30;2018-09-18T00:45;3;kWh;-20981;0;0;0;20981;-20981
2018-09-18T00:45;2018-09-18T01:00;4;kWh;-17636;0;0;0;17636;-17636
2018-09-18T01:00;2018-09-18T01:15;5;kWh;-16894;0;0;0;16894;-16894
2018-09-18T01:15;2018-09-18T01:30;6;kWh;-2669;0;0;0;2669;-2669
2018-09-18T01:30;2018-09-18T01:45;7;kWh;-14491;0;0;0;14491;-14491
2018-09-18T01:45;2018-09-18T02:00;8;kWh;-6601;0;0;0;6601;-6601
2018-09-18T02:00;2018-09-18T02:15;9;kWh;-2749;0;0;0;2749;-2749
2018-09-18T02:15;2018-09-18T02:30;10;kWh;0;0;0;0;0;0
2018-09-18T02:30;2018-09-18T02:45;11;kWh;0;0;0;0;0;0
2018-09-18T02:45;2018-09-18T03:00;12;kWh;0;0;0;0;0;0
2018-09-18T03:00;2018-09-18T03:15;13;kWh;0;0;0;0;0;0
2018-09-18T03:15;2018-09-18T03:30;14;kWh;-3564;0;0;0;3564;-3564
2018-09-18T03:30;2018-09-18T03:45;15;kWh;-16911;0;0;0;16911;-16911
2018-09-18T03:45;2018-09-18T04:00;16;kWh;-25890;0;0;0;25890;-25890
2018-09-18T04:00;2018-09-18T04:15;17;kWh;-24127;0;0;0;24127;-24127
2018-09-18T04:15;2018-09-18T04:30;18;kWh;-27767;0;0;0;27767;-27767
2018-09-18T04:30;2018-09-18T04:45;19;kWh;-19539;0;0;0;19539;-19539
2018-09-18T04:45;2018-09-18T05:00;20;kWh;-18639;0;0;0;18639;-18639
2018-09-18T05:00;2018-09-18T05:15;21;kWh;-4986;0;0;0;4986;-4986
2018-09-18T05:15;2018-09-18T05:30;22;kWh;-5796;0;0;0;5796;-5796
2018-09-18T05:30;2018-09-18T05:45;23;kWh;0;3056;0;0;3056;3056
2018-09-18T05:45;2018-09-18T06:00;24;kWh;0;331;0;0;331;331
2018-09-18T06:00;2018-09-18T06:15;25;kWh;-4927;0;0;0;4927;-4927
2018-09-18T06:15;2018-09-18T06:30;26;kWh;-21686;0;0;0;21686;-21686
2018-09-18T06:30;2018-09-18T06:45;27;kWh;-674;551;0;0;1225;-123
2018-09-18T06:45;2018-09-18T07:00;28;kWh;0;1383;0;0;1383;1383
2018-09-18T07:00;2018-09-18T07:15;29;kWh;0;22063;0;0;22063;22063
2018-09-18T07:15;2018-09-18T07:30;30;kWh;0;5177;0;0;5177;5177
2018-09-18T07:30;2018-09-18T07:45;31;kWh;0;4823;0;0;4823;4823
2018-09-18T07:45;2018-09-18T08:00;32;kWh;0;48866;0;0;48866;48866
2018-09-18T08:00;2018-09-18T08:15;33;kWh;0;17844;0;0;17844;17844
2018-09-18T08:15;2018-09-18T08:30;34;kWh;0;3493;0;0;3493;3493
2018-09-18T08:30;2018-09-18T08:45;35;kWh;0;17202;0;0;17202;17202
2018-09-18T08:45;2018-09-18T09:00;36;kWh;0;33959;0;0;33959;33959
2018-09-18T09:00;2018-09-18T09:15;37;kWh;0;22232;0;0;22232;22232
2018-09-18T09:15;2018-09-18T09:30;38;kWh;-126;1235;0;0;1361;1109
2018-09-18T09:30;2018-09-18T09:45;39;kWh;0;664;0;0;664;664
2018-09-18T09:45;2018-09-18T10:00;40;kWh;0;0;0;0;0;0
2018-09-18T10:00;2018-09-18T10:15;41;kWh;0;3034;0;0;3034;3034
2018-09-18T10:15;2018-09-18T10:30;42;kWh;0;152;0;0;152;152
2018-09-18T10:30;2018-09-18T10:45;43;kWh;-171;0;0;0;171;-171
2018-09-18T10:45;2018-09-18T11:00;44;kWh;-317;0;0;0;317;-317
2018-09-18T11:00;2018-09-18T11:15;45;kWh;0;960;0;0;960;960
2018-09-18T11:15;2018-09-18T11:30;46;kWh;0;0;0;0;0;0
2018-09-18T11:30;2018-09-18T11:45;47;kWh;-17;0;0;0;17;-17
2018-09-18T11:45;2018-09-18T12:00;48;kWh;-2142;0;0;0;2142;-2142
2018-09-18T12:00;2018-09-18T12:15;49;kWh;-611;1742;0;0;2353;1131
2018-09-18T12:15;2018-09-18T12:30;50;kWh;0;582;0;0;582;582
2018-09-18T12:30;2018-09-18T12:45;51;kWh;-1149;0;0;0;1149;-1149
2018-09-18T12:45;2018-09-18T13:00;52;kWh;-11993;0;0;0;11993;-11993
2018-09-18T13:00;2018-09-18T13:15;53;kWh;-7354;250;0;0;7604;-7104
2018-09-18T13:15;2018-09-18T13:30;54;kWh;-33;273;0;0;306;240
2018-09-18T13:30;2018-09-18T13:45;55;kWh;0;0;0;0;0;0
2018-09-18T13:45;2018-09-18T14:00;56;kWh;0;7;0;0;7;7
2018-09-18T14:00;2018-09-18T14:15;57;kWh;-2240;0;0;0;2240;-2240
2018-09-18T14:15;2018-09-18T14:30;58;kWh;-16772;0;0;0;16772;-16772
2018-09-18T14:30;2018-09-18T14:45;59;kWh;-885;306;0;0;1191;-579
2018-09-18T14:45;2018-09-18T15:00;60;kWh;0;700;0;0;700;700
2018-09-18T15:00;2018-09-18T15:15;61;kWh;0;0;0;0;0;0
2018-09-18T15:15;2018-09-18T15:30;62;kWh;0;0;0;0;0;0
2018-09-18T15:30;2018-09-18T15:45;63;kWh;-1387;0;0;0;1387;-1387
2018-09-18T15:45;2018-09-18T16:00;64;kWh;-2441;0;0;0;2441;-2441
2018-09-18T16:00;2018-09-18T16:15;65;kWh;-23356;0;0;0;23356;-23356
2018-09-18T16:15;2018-09-18T16:30;66;kWh;-1265;179;0;0;1444;-1086
2018-09-18T16:30;2018-09-18T16:45;67;kWh;0;2129;0;0;2129;2129
2018-09-18T16:45;2018-09-18T17:00;68;kWh;0;4724;0;0;4724;4724
2018-09-18T17:00;2018-09-18T17:15;69;kWh;0;16395;0;0;16395;16395
2018-09-18T17:15;2018-09-18T17:30;70;kWh;-292;1454;0;0;1746;1162
2018-09-18T17:30;2018-09-18T17:45;71;kWh;0;231;0;0;231;231
2018-09-18T17:45;2018-09-18T18:00;72;kWh;0;3104;0;0;3104;3104
2018-09-18T18:00;2018-09-18T18:15;73;kWh;0;489;0;0;489;489
2018-09-18T18:15;2018-09-18T18:30;74;kWh;0;1825;0;0;1825;1825
2018-09-18T18:30;2018-09-18T18:45;75;kWh;0;16624;0;0;16624;16624
2018-09-18T18:45;2018-09-18T19:00;76;kWh;0;44940;0;0;44940;44940
2018-09-18T19:00;2018-09-18T19:15;77;kWh;-1425;19945;0;0;21370;18520
2018-09-18T19:15;2018-09-18T19:30;78;kWh;-7058;778;0;0;7836;-6280
2018-09-18T19:30;2018-09-18T19:45;79;kWh;0;1164;0;0;1164;1164
2018-09-18T19:45;2018-09-18T20:00;80;kWh;0;20311;0;0;20311;20311
2018-09-18T20:00;2018-09-18T20:15;81;kWh;0;39138;0;0;39138;39138
2018-09-18T20:15;2018-09-18T20:30;82;kWh;0;16620;0;0;16620;16620
2018-09-18T20:30;2018-09-18T20:45;83;kWh;-348;1388;0;0;1736;1040
2018-09-18T20:45;2018-09-18T21:00;84;kWh;-166;0;0;0;166;-166
2018-09-18T21:00;2018-09-18T21:15;85;kWh;-1514;0;0;0;1514;-1514
2018-09-18T21:15;2018-09-18T21:30;86;kWh;-1703;0;0;0;1703;-1703
2018-09-18T21:30;2018-09-18T21:45;87;kWh;-2650;0;0;0;2650;-2650
2018-09-18T21:45;2018-09-18T22:00;88;kWh;-10249;0;0;0;10249;-10249
2018-09-18T22:00;2018-09-18T22:15;89;kWh;-556;7783;0;0;8339;7227
2018-09-18T22:15;2018-09-18T22:30;90;kWh;-23;30441;0;0;30464;30418
2018-09-18T22:30;2018-09-18T22:45;91;kWh;-351;336;0;0;687;-15
2018-09-18T22:45;2018-09-18T23:00;92;kWh;-1642;0;0;0;1642;-1642
2018-09-18T23:00;2018-09-18T23:15;93;kWh;-846;2743;0;0;3589;1897
2018-09-18T23:15;2018-09-18T23:30;94;kWh;0;33204;0;0;33204;33204
2018-09-18T23:30;2018-09-18T23:45;95;kWh;0;9029;0;0;9029;9029
2018-09-18T23:45;2018-09-19T00:00;96;kWh;0;19009;0;0;19009;19009
2018-09-19T00:00;2018-09-19T00:15;1;kWh;0;43344;0;0;43344;43344
2018-09-19T00:15;2018-09-19T00:30;2;kWh;0;73086;0;0;73086;73086
2018-09-19T00:30;2018-09-19T00:45;3;kWh;0;34692;0;0;34692;34692
2018-09-19T00:45;2018-09-19T01:00;4;kWh;0;52050;0;0;52050;52050
2018-09-19T01:00;2018-09-19T01:15;5;kWh;0;41257;0;0;41257;41257
2018-09-19T01:15;2018-09-19T01:30;6;kWh;0;5140;0;0;5140;5140
2018-09-19T01:30;2018-09-19T01:45;7;kWh;0;57;0;0;57;57
2018-09-19T01:45;2018-09-19T02:00;8;kWh;0;438;0;0;438;438
2018-09-19T02:00;2018-09-19T02:15;9;kWh;0;3703;0;0;3703;3703
2018-09-19T02:15;2018-09-19T02:30;10;kWh;0;3022;0;0;3022;3022
2018-09-19T02:30;2018-09-19T02:45;11;kWh;0;292;0;0;292;292
2018-09-19T02:45;2018-09-19T03:00;12;kWh;0;863;0;0;863;863
2018-09-19T03:00;2018-09-19T03:15;13;kWh;0;5830;0;0;5830;5830
2018-09-19T03:15;2018-09-19T03:30;14;kWh;0;9753;0;0;9753;9753
2018-09-19T03:30;2018-09-19T03:45;15;kWh;0;933;0;0;933;933
2018-09-19T03:45;2018-09-19T04:00;16;kWh;0;6413;0;0;6413;6413
2018-09-19T04:00;2018-09-19T04:15;17;kWh;0;1618;0;0;1618;1618
2018-09-19T04:15;2018-09-19T04:30;18;kWh;0;5261;0;0;5261;5261
2018-09-19T04:30;2018-09-19T04:45;19;kWh;0;19947;0;0;19947;19947
2018-09-19T04:45;2018-09-19T05:00;20;kWh;0;44102;0;0;44102;44102
2018-09-19T05:00;2018-09-19T05:15;21;kWh;-380;16057;0;0;16437;15677
2018-09-19T05:15;2018-09-19T05:30;22;kWh;0;0;0;0;0;0
2018-09-19T05:30;2018-09-19T05:45;23;kWh;0;1217;0;0;1217;1217
2018-09-19T05:45;2018-09-19T06:00;24;kWh;0;0;0;0;0;0
2018-09-19T06:00;2018-09-19T06:15;25;kWh;0;349;0;0;349;349
2018-09-19T06:15;2018-09-19T06:30;26;kWh;-638;52;0;0;690;-586
2018-09-19T06:30;2018-09-19T06:45;27;kWh;-1515;0;0;0;1515;-1515
2018-09-19T06:45;2018-09-19T07:00;28;kWh;0;381;0;0;381;381
2018-09-19T07:00;2018-09-19T07:15;29;kWh;0;2644;0;0;2644;2644
2018-09-19T07:15;2018-09-19T07:30;30;kWh;0;0;0;0;0;0
2018-09-19T07:30;2018-09-19T07:45;31;kWh;0;1250;0;0;1250;1250
2018-09-19T07:45;2018-09-19T08:00;32;kWh;0;29315;0;0;29315;29315
2018-09-19T08:00;2018-09-19T08:15;33;kWh;-65;8284;0;0;8349;8219
2018-09-19T08:15;2018-09-19T08:30;34;kWh;0;1066;0;0;1066;1066
2018-09-19T08:30;2018-09-19T08:45;35;kWh;0;7692;0;0;7692;7692
2018-09-19T08:45;2018-09-19T09:00;36;kWh;0;34866;0;0;34866;34866
2018-09-19T09:00;2018-09-19T09:15;37;kWh;0;33728;0;0;33728;33728
2018-09-19T09:15;2018-09-19T09:30;38;kWh;-3352;5350;0;0;8702;1998
2018-09-19T09:30;2018-09-19T09:45;39;kWh;-8544;0;0;0;8544;-8544
2018-09-19T09:45;2018-09-19T10:00;40;kWh;-24670;0;0;0;24670;-24670
2018-09-19T10:00;2018-09-19T10:15;41;kWh;-5655;17087;0;0;22742;11432
2018-09-19T10:15;2018-09-19T10:30;42;kWh;-262;4691;0;0;4953;4429
2018-09-19T10:30;2018-09-19T10:45;43;kWh;-1316;0;0;0;1316;-1316
2018-09-19T10:45;2018-09-19T11:00;44;kWh;-15017;0;0;0;15017;-15017
2018-09-19T11:00;2018-09-19T11:15;45;kWh;-10342;153;0;0;10495;-10189
2018-09-19T11:15;2018-09-19T11:30;46;kWh;-7378;18;0;0;7396;-7360
2018-09-19T11:30;2018-09-19T11:45;47;kWh;-18140;0;0;0;18140;-18140
2018-09-19T11:45;2018-09-19T12:00;48;kWh;-44630;0;0;0;44630;-44630
2018-09-19T12:00;2018-09-19T12:15;49;kWh;-38289;0;0;0;38289;-38289
2018-09-19T12:15;2018-09-19T12:30;50;kWh;-32109;0;0;0;32109;-32109
2018-09-19T12:30;2018-09-19T12:45;51;kWh;-56556;0;0;0;56556;-56556
2018-09-19T12:45;2018-09-19T13:00;52;kWh;-53948;3550;0;0;57498;-50398
2018-09-19T13:00;2018-09-19T13:15;53;kWh;-2606;62828;0;23332;88766;83554
2018-09-19T13:15;2018-09-19T13:30;54;kWh;-10070;28559;0;23332;61961;41821
2018-09-19T13:30;2018-09-19T13:45;55;kWh;-5359;0;0;0;5359;-5359
2018-09-19T13:45;2018-09-19T14:00;56;kWh;-17038;0;0;0;17038;-17038
2018-09-19T14:00;2018-09-19T14:15;57;kWh;-18481;0;0;0;18481;-18481
2018-09-19T14:15;2018-09-19T14:30;58;kWh;-7595;0;0;0;7595;-7595
2018-09-19T14:30;2018-09-19T14:45;59;kWh;-3833;0;0;0;3833;-3833
2018-09-19T14:45;2018-09-19T15:00;60;kWh;-7443;0;0;0;7443;-7443
2018-09-19T15:00;2018-09-19T15:15;61;kWh;-6456;0;0;0;6456;-6456
2018-09-19T15:15;2018-09-19T15:30;62;kWh;-580;0;0;0;580;-580
2018-09-19T15:30;2018-09-19T15:45;63;kWh;-64;0;0;0;64;-64
2018-09-19T15:45;2018-09-19T16:00;64;kWh;0;0;0;0;0;0
2018-09-19T16:00;2018-09-19T16:15;65;kWh;0;21472;0;0;21472;21472
2018-09-19T16:15;2018-09-19T16:30;66;kWh;0;31042;0;0;31042;31042
2018-09-19T16:30;2018-09-19T16:45;67;kWh;0;31549;0;0;31549;31549
2018-09-19T16:45;2018-09-19T17:00;68;kWh;0;42568;0;0;42568;42568
2018-09-19T17:00;2018-09-19T17:15;69;kWh;0;25341;0;0;25341;25341
2018-09-19T17:15;2018-09-19T17:30;70;kWh;0;14017;0;0;14017;14017
2018-09-19T17:30;2018-09-19T17:45;71;kWh;0;61609;0;0;61609;61609
2018-09-19T17:45;2018-09-19T18:00;72;kWh;0;80104;0;0;80104;80104
2018-09-19T18:00;2018-09-19T18:15;73;kWh;-539;33401;0;0;33940;32862
2018-09-19T18:15;2018-09-19T18:30;74;kWh;-3288;0;0;0;3288;-3288
2018-09-19T18:30;2018-09-19T18:45;75;kWh;-404;98;0;0;502;-306
2018-09-19T18:45;2018-09-19T19:00;76;kWh;0;29424;0;0;29424;29424
2018-09-19T19:00;2018-09-19T19:15;77;kWh;-91;14232;0;0;14323;14141
2018-09-19T19:15;2018-09-19T19:30;78;kWh;-11;2560;0;0;2571;2549
2018-09-19T19:30;2018-09-19T19:45;79;kWh;0;7601;0;0;7601;7601
2018-09-19T19:45;2018-09-19T20:00;80;kWh;0;50254;0;0;50254;50254
2018-09-19T20:00;2018-09-19T20:15;81;kWh;0;82817;0;0;82817;82817
2018-09-19T20:15;2018-09-19T20:30;82;kWh;-194;35825;0;0;36019;35631
2018-09-19T20:30;2018-09-19T20:45;83;kWh;-3500;0;0;0;3500;-3500
2018-09-19T20:45;2018-09-19T21:00;84;kWh;-15971;0;0;0;15971;-15971
2018-09-19T21:00;2018-09-19T21:15;85;kWh;-11979;0;0;0;11979;-11979
2018-09-19T21:15;2018-09-19T21:30;86;kWh;-11845;0;0;0;11845;-11845
2018-09-19T21:30;2018-09-19T21:45;87;kWh;-37093;0;0;0;37093;-37093
2018-09-19T21:45;2018-09-19T22:00;88;kWh;-68367;0;0;0;68367;-68367
2018-09-19T22:00;2018-09-19T22:15;89;kWh;-43783;1213;0;0;44996;-42570
2018-09-19T22:15;2018-09-19T22:30;90;kWh;-214;30446;0;0;30660;30232
2018-09-19T22:30;2018-09-19T22:45;91;kWh;-9146;4892;0;0;14038;-4254
2018-09-19T22:45;2018-09-19T23:00;92;kWh;-24075;0;0;0;24075;-24075
2018-09-19T23:00;2018-09-19T23:15;93;kWh;-20716;5221;0;0;25937;-15495
2018-09-19T23:15;2018-09-19T23:30;94;kWh;-96;48672;0;0;53768;53576
2018-09-19T23:30;2018-09-19T23:45;95;kWh;-12721;9417;0;0;22138;-3304
2018-09-19T23:45;2018-09-20T00:00;96;kWh;-21703;0;0;0;21703;-21703
2018-09-20T00:00;2018-09-20T00:15;1;kWh;-15978;14;0;0;15992;-15964
2018-09-20T00:15;2018-09-20T00:30;2;kWh;-859;6799;0;0;7658;5940
2018-09-20T00:30;2018-09-20T00:45;3;kWh;-658;3483;0;0;4141;2825
2018-09-20T00:45;2018-09-20T01:00;4;kWh;-20083;70;0;0;20153;-20013
2018-09-20T01:00;2018-09-20T01:15;5;kWh;-18666;88;0;0;18754;-18578
2018-09-20T01:15;2018-09-20T01:30;6;kWh;-127;96;0;0;223;-31
2018-09-20T01:30;2018-09-20T01:45;7;kWh;0;0;0;0;0;0
2018-09-20T01:45;2018-09-20T02:00;8;kWh;-579;0;0;0;579;-579
2018-09-20T02:00;2018-09-20T02:15;9;kWh;-2868;0;0;0;2868;-2868
2018-09-20T02:15;2018-09-20T02:30;10;kWh;0;2885;0;0;2885;2885
2018-09-20T02:30;2018-09-20T02:45;11;kWh;0;43;0;0;43;43
2018-09-20T02:45;2018-09-20T03:00;12;kWh;0;30;0;0;30;30
2018-09-20T03:00;2018-09-20T03:15;13;kWh;0;3941;0;0;3941;3941
2018-09-20T03:15;2018-09-20T03:30;14;kWh;0;5141;0;0;5141;5141
2018-09-20T03:30;2018-09-20T03:45;15;kWh;0;4185;0;0;4185;4185
2018-09-20T03:45;2018-09-20T04:00;16;kWh;-12;895;0;0;907;883
2018-09-20T04:00;2018-09-20T04:15;17;kWh;-715;0;0;0;715;-715
2018-09-20T04:15;2018-09-20T04:30;18;kWh;-1156;55;0;0;1211;-1101
2018-09-20T04:30;2018-09-20T04:45;19;kWh;0;10598;0;0;10598;10598
2018-09-20T04:45;2018-09-20T05:00;20;kWh;0;11208;0;0;11208;11208
2018-09-20T05:00;2018-09-20T05:15;21;kWh;-32;6555;0;0;6587;6523
2018-09-20T05:15;2018-09-20T05:30;22;kWh;-1550;13;0;0;1563;-1537
2018-09-20T05:30;2018-09-20T05:45;23;kWh;-5205;0;0;0;5205;-5205
2018-09-20T05:45;2018-09-20T06:00;24;kWh;-10436;0;0;0;10436;-10436
2018-09-20T06:00;2018-09-20T06:15;25;kWh;-32937;0;0;0;32937;-32937
2018-09-20T06:15;2018-09-20T06:30;26;kWh;-9658;0;0;0;9658;-9658
2018-09-20T06:30;2018-09-20T06:45;27;kWh;-645;145;0;0;790;-500
2018-09-20T06:45;2018-09-20T07:00;28;kWh;0;1323;0;0;1323;1323
2018-09-20T07:00;2018-09-20T07:15;29;kWh;0;631;0;0;631;631
2018-09-20T07:15;2018-09-20T07:30;30;kWh;0;121;0;0;121;121
2018-09-20T07:30;2018-09-20T07:45;31;kWh;0;0;0;0;0;0
2018-09-20T07:45;2018-09-20T08:00;32;kWh;0;1061;0;0;1061;1061
2018-09-20T08:00;2018-09-20T08:15;33;kWh;-1060;0;0;0;1060;-1060
2018-09-20T08:15;2018-09-20T08:30;34;kWh;-233;0;0;0;233;-233
2018-09-20T08:30;2018-09-20T08:45;35;kWh;0;0;0;0;0;0
2018-09-20T08:45;2018-09-20T09:00;36;kWh;0;14;0;0;14;14
2018-09-20T09:00;2018-09-20T09:15;37;kWh;0;11767;0;0;11767;11767
2018-09-20T09:15;2018-09-20T09:30;38;kWh;0;44941;0;0;44941;44941
2018-09-20T09:30;2018-09-20T09:45;39;kWh;0;6656;0;0;6656;6656
2018-09-20T09:45;2018-09-20T10:00;40;kWh;0;5133;0;0;5133;5133
2018-09-20T10:00;2018-09-20T10:15;41;kWh;0;39273;0;0;39273;39273
2018-09-20T10:15;2018-09-20T10:30;42;kWh;0;41115;0;0;41115;41115
2018-09-20T10:30;2018-09-20T10:45;43;kWh;0;16129;0;0;16129;16129
2018-09-20T10:45;2018-09-20T11:00;44;kWh;-1242;1082;0;0;2324;-160
2018-09-20T11:00;2018-09-20T11:15;45;kWh;-96;54321;0;8397;62814;62622
2018-09-20T11:15;2018-09-20T11:30;46;kWh;0;80570;0;52692;133262;133262
2018-09-20T11:30;2018-09-20T11:45;47;kWh;0;28301;0;44295;72596;72596
2018-09-20T11:45;2018-09-20T12:00;48;kWh;0;46319;0;9167;55486;55486
2018-09-20T12:00;2018-09-20T12:15;49;kWh;-3147;9675;0;0;12822;6528
2018-09-20T12:15;2018-09-20T12:30;50;kWh;0;3503;0;0;3503;3503
2018-09-20T12:30;2018-09-20T12:45;51;kWh;0;688;0;0;688;688
2018-09-20T12:45;2018-09-20T13:00;52;kWh;0;2947;0;0;2947;2947
2018-09-20T13:00;2018-09-20T13:15;53;kWh;0;30054;0;0;30054;30054
2018-09-20T13:15;2018-09-20T13:30;54;kWh;0;30914;0;0;30914;30914
2018-09-20T13:30;2018-09-20T13:45;55;kWh;0;14471;0;0;14471;14471
2018-09-20T13:45;2018-09-20T14:00;56;kWh;-655;908;0;0;1563;253
2018-09-20T14:00;2018-09-20T14:15;57;kWh;0;28379;0;0;28379;28379
2018-09-20T14:15;2018-09-20T14:30;58;kWh;0;37623;0;0;37623;37623
2018-09-20T14:30;2018-09-20T14:45;59;kWh;0;44577;0;0;44577;44577
2018-09-20T14:45;2018-09-20T15:00;60;kWh;-255;24053;0;0;24308;23798
2018-09-20T15:00;2018-09-20T15:15;61;kWh;-29995;836;0;0;30831;-29159
2018-09-20T15:15;2018-09-20T15:30;62;kWh;-4978;12138;0;0;17116;7160
2018-09-20T15:30;2018-09-20T15:45;63;kWh;0;23752;0;0;23752;23752
2018-09-20T15:45;2018-09-20T16:00;64;kWh;0;36666;0;0;36666;36666
2018-09-20T16:00;2018-09-20T16:15;65;kWh;-12534;10095;0;0;22629;-2439
2018-09-20T16:15;2018-09-20T16:30;66;kWh;-766;7339;0;0;8105;6573
2018-09-20T16:30;2018-09-20T16:45;67;kWh;0;22828;0;0;22828;22828
2018-09-20T16:45;2018-09-20T17:00;68;kWh;0;70722;0;0;70722;70722
2018-09-20T17:00;2018-09-20T17:15;69;kWh;0;56531;0;0;56531;56531
2018-09-20T17:15;2018-09-20T17:30;70;kWh;0;80749;0;2708;83457;83457
2018-09-20T17:30;2018-09-20T17:45;71;kWh;0;81422;0;24674;124846;124846
2018-09-20T17:45;2018-09-20T18:00;72;kWh;0;64218;0;24774;107742;107742
2018-09-20T18:00;2018-09-20T18:15;73;kWh;-1747;23040;0;24774;68311;64817
2018-09-20T18:15;2018-09-20T18:30;74;kWh;-7;12700;0;0;12707;12693
2018-09-20T18:30;2018-09-20T18:45;75;kWh;0;72229;0;0;72229;72229
2018-09-20T18:45;2018-09-20T19:00;76;kWh;0;81770;0;0;100520;100520
2018-09-20T19:00;2018-09-20T19:15;77;kWh;0;42079;0;0;42079;42079
2018-09-20T19:15;2018-09-20T19:30;78;kWh;0;38304;0;0;38304;38304
2018-09-20T19:30;2018-09-20T19:45;79;kWh;0;68432;0;0;68432;68432
2018-09-20T19:45;2018-09-20T20:00;80;kWh;0;80154;0;0;80154;80154
2018-09-20T20:00;2018-09-20T20:15;81;kWh;0;62365;0;0;62365;62365
2018-09-20T20:15;2018-09-20T20:30;82;kWh;0;17189;0;0;17189;17189
2018-09-20T20:30;2018-09-20T20:45;83;kWh;0;7159;0;0;7159;7159
2018-09-20T20:45;2018-09-20T21:00;84;kWh;-306;0;0;0;306;-306
2018-09-20T21:00;2018-09-20T21:15;85;kWh;-9;32408;0;0;32417;32399
2018-09-20T21:15;2018-09-20T21:30;86;kWh;0;77493;0;0;77493;77493
2018-09-20T21:30;2018-09-20T21:45;87;kWh;-90;20779;0;0;20869;20689
2018-09-20T21:45;2018-09-20T22:00;88;kWh;-459;0;0;0;459;-459
2018-09-20T22:00;2018-09-20T22:15;89;kWh;-92;16061;0;0;16153;15969
2018-09-20T22:15;2018-09-20T22:30;90;kWh;-875;22617;0;0;23492;21742
2018-09-20T22:30;2018-09-20T22:45;91;kWh;-24861;29;0;0;24890;-24832
2018-09-20T22:45;2018-09-20T23:00;92;kWh;-6021;0;0;0;6021;-6021
2018-09-20T23:00;2018-09-20T23:15;93;kWh;-80;12464;0;0;12544;12384
2018-09-20T23:15;2018-09-20T23:30;94;kWh;0;35742;0;0;35742;35742
2018-09-20T23:30;2018-09-20T23:45;95;kWh;0;32128;0;0;32128;32128
2018-09-20T23:45;2018-09-21T00:00;96;kWh;-526;23224;0;0;23750;22698
2018-09-21T00:00;2018-09-21T00:15;1;kWh;-883;4250;0;0;5133;3367
2018-09-21T00:15;2018-09-21T00:30;2;kWh;0;8171;0;0;8171;8171
2018-09-21T00:30;2018-09-21T00:45;3;kWh;0;51;0;0;51;51
2018-09-21T00:45;2018-09-21T01:00;4;kWh;-909;0;0;0;909;-909
2018-09-21T01:00;2018-09-21T01:15;5;kWh;-484;17493;0;0;17977;17009
2018-09-21T01:15;2018-09-21T01:30;6;kWh;0;40728;0;0;40728;40728
2018-09-21T01:30;2018-09-21T01:45;7;kWh;-2065;165;0;0;2230;-1900
2018-09-21T01:45;2018-09-21T02:00;8;kWh;-5068;0;0;0;5068;-5068
2018-09-21T02:00;2018-09-21T02:15;9;kWh;-3424;0;0;0;3424;-3424
2018-09-21T02:15;2018-09-21T02:30;10;kWh;0;0;0;0;0;0
2018-09-21T02:30;2018-09-21T02:45;11;kWh;-51;1066;0;0;1117;1015
2018-09-21T02:45;2018-09-21T03:00;12;kWh;-5421;0;0;0;5421;-5421
2018-09-21T03:00;2018-09-21T03:15;13;kWh;-9244;0;0;0;9244;-9244
2018-09-21T03:15;2018-09-21T03:30;14;kWh;-24;0;0;0;24;-24
2018-09-21T03:30;2018-09-21T03:45;15;kWh;0;0;0;0;0;0
2018-09-21T03:45;2018-09-21T04:00;16;kWh;-161;0;0;0;161;-161
2018-09-21T04:00;2018-09-21T04:15;17;kWh;-1041;0;0;0;1041;-1041
2018-09-21T04:15;2018-09-21T04:30;18;kWh;-1829;0;0;0;1829;-1829
2018-09-21T04:30;2018-09-21T04:45;19;kWh;-1399;0;0;0;1399;-1399
2018-09-21T04:45;2018-09-21T05:00;20;kWh;-1601;0;0;0;1601;-1601
2018-09-21T05:00;2018-09-21T05:15;21;kWh;-125;0;0;0;125;-125
2018-09-21T05:15;2018-09-21T05:30;22;kWh;-9483;0;0;0;9483;-9483
2018-09-21T05:30;2018-09-21T05:45;23;kWh;-350;48718;0;0;49068;48368
2018-09-21T05:45;2018-09-21T06:00;24;kWh;0;70361;0;0;84111;84111
2018-09-21T06:00;2018-09-21T06:15;25;kWh;-3356;3884;0;0;7240;528
2018-09-21T06:15;2018-09-21T06:30;26;kWh;-2550;0;0;0;2550;-2550
2018-09-21T06:30;2018-09-21T06:45;27;kWh;-2570;299;0;0;2869;-2271
2018-09-21T06:45;2018-09-21T07:00;28;kWh;0;972;0;0;972;972
2018-09-21T07:00;2018-09-21T07:15;29;kWh;0;900;0;0;900;900
2018-09-21T07:15;2018-09-21T07:30;30;kWh;0;5042;0;0;5042;5042
2018-09-21T07:30;2018-09-21T07:45;31;kWh;0;46053;0;0;46053;46053
2018-09-21T07:45;2018-09-21T08:00;32;kWh;0;72451;0;0;72451;72451
2018-09-21T08:00;2018-09-21T08:15;33;kWh;0;78122;0;0;78122;78122
2018-09-21T08:15;2018-09-21T08:30;34;kWh;0;82449;0;0;82449;82449
2018-09-21T08:30;2018-09-21T08:45;35;kWh;0;82477;0;0;82477;82477
2018-09-21T08:45;2018-09-21T09:00;36;kWh;0;82400;0;0;82400;82400
2018-09-21T09:00;2018-09-21T09:15;37;kWh;-12;46527;0;0;49039;49015
2018-09-21T09:15;2018-09-21T09:30;38;kWh;-45;9290;0;0;9335;9245
2018-09-21T09:30;2018-09-21T09:45;39;kWh;0;32761;0;0;32761;32761
2018-09-21T09:45;2018-09-21T10:00;40;kWh;0;13319;0;0;13319;13319
2018-09-21T10:00;2018-09-21T10:15;41;kWh;0;23836;0;0;23836;23836
2018-09-21T10:15;2018-09-21T10:30;42;kWh;0;19077;0;0;19077;19077
2018-09-21T10:30;2018-09-21T10:45;43;kWh;0;17518;0;0;17518;17518
2018-09-21T10:45;2018-09-21T11:00;44;kWh;-394;3303;0;0;3697;2909
2018-09-21T11:00;2018-09-21T11:15;45;kWh;-380;9790;0;0;10170;9410
2018-09-21T11:15;2018-09-21T11:30;46;kWh;0;12399;0;0;12399;12399
2018-09-21T11:30;2018-09-21T11:45;47;kWh;0;7773;0;0;7773;7773
2018-09-21T11:45;2018-09-21T12:00;48;kWh;-398;793;0;0;1191;395
2018-09-21T12:00;2018-09-21T12:15;49;kWh;0;1667;0;0;1667;1667
2018-09-21T12:15;2018-09-21T12:30;50;kWh;0;921;0;0;921;921
2018-09-21T12:30;2018-09-21T12:45;51;kWh;-137;0;0;0;137;-137
2018-09-21T12:45;2018-09-21T13:00;52;kWh;-248;0;0;0;248;-248
2018-09-21T13:00;2018-09-21T13:15;53;kWh;-98;2406;0;0;2504;2308
2018-09-21T13:15;2018-09-21T13:30;54;kWh;0;5669;0;0;5669;5669
2018-09-21T13:30;2018-09-21T13:45;55;kWh;0;0;0;0;0;0
2018-09-21T13:45;2018-09-21T14:00;56;kWh;-7301;0;0;0;7301;-7301
2018-09-21T14:00;2018-09-21T14:15;57;kWh;-30716;0;0;0;30716;-30716
2018-09-21T14:15;2018-09-21T14:30;58;kWh;-666;0;0;0;666;-666
2018-09-21T14:30;2018-09-21T14:45;59;kWh;0;0;0;0;0;0
2018-09-21T14:45;2018-09-21T15:00;60;kWh;0;0;0;0;0;0
2018-09-21T15:00;2018-09-21T15:15;61;kWh;-153;0;0;0;153;-153
2018-09-21T15:15;2018-09-21T15:30;62;kWh;-23001;0;0;0;23001;-23001
2018-09-21T15:30;2018-09-21T15:45;63;kWh;-39566;0;0;0;39566;-39566
2018-09-21T15:45;2018-09-21T16:00;64;kWh;-54105;0;0;0;54105;-54105
2018-09-21T16:00;2018-09-21T16:15;65;kWh;-90311;0;0;0;90311;-90311
2018-09-21T16:15;2018-09-21T16:30;66;kWh;-15802;0;0;0;15802;-15802
2018-09-21T16:30;2018-09-21T16:45;67;kWh;-5234;0;0;0;5234;-5234
2018-09-21T16:45;2018-09-21T17:00;68;kWh;-3068;0;0;0;3068;-3068
2018-09-21T17:00;2018-09-21T17:15;69;kWh;-21909;0;0;0;21909;-21909
2018-09-21T17:15;2018-09-21T17:30;70;kWh;-3412;0;0;0;3412;-3412
2018-09-21T17:30;2018-09-21T17:45;71;kWh;0;0;0;0;0;0
2018-09-21T17:45;2018-09-21T18:00;72;kWh;0;0;0;0;0;0
2018-09-21T18:00;2018-09-21T18:15;73;kWh;0;11;0;0;11;11
2018-09-21T18:15;2018-09-21T18:30;74;kWh;0;4471;0;0;4471;4471
2018-09-21T18:30;2018-09-21T18:45;75;kWh;0;40180;0;0;40180;40180
2018-09-21T18:45;2018-09-21T19:00;76;kWh;-756;6302;0;0;7058;5546
2018-09-21T19:00;2018-09-21T19:15;77;kWh;-838;0;0;0;838;-838
2018-09-21T19:15;2018-09-21T19:30;78;kWh;-14;2581;0;0;2595;2567
2018-09-21T19:30;2018-09-21T19:45;79;kWh;0;19300;0;0;19300;19300
2018-09-21T19:45;2018-09-21T20:00;80;kWh;0;28756;0;0;28756;28756
2018-09-21T20:00;2018-09-21T20:15;81;kWh;0;23120;0;0;23120;23120
2018-09-21T20:15;2018-09-21T20:30;82;kWh;-496;2766;0;0;3262;2270
2018-09-21T20:30;2018-09-21T20:45;83;kWh;0;0;0;0;0;0
2018-09-21T20:45;2018-09-21T21:00;84;kWh;-10801;0;0;0;10801;-10801
2018-09-21T21:00;2018-09-21T21:15;85;kWh;-6397;123;0;0;6520;-6274
2018-09-21T21:15;2018-09-21T21:30;86;kWh;-8;601;0;0;609;593
2018-09-21T21:30;2018-09-21T21:45;87;kWh;-2775;0;0;0;2775;-2775
2018-09-21T21:45;2018-09-21T22:00;88;kWh;-30735;0;0;0;30735;-30735
2018-09-21T22:00;2018-09-21T22:15;89;kWh;-19089;0;0;0;19089;-19089
2018-09-21T22:15;2018-09-21T22:30;90;kWh;-4292;237;0;0;4529;-4055
2018-09-21T22:30;2018-09-21T22:45;91;kWh;-9806;0;0;0;9806;-9806
2018-09-21T22:45;2018-09-21T23:00;92;kWh;-23600;0;0;0;23600;-23600
2018-09-21T23:00;2018-09-21T23:15;93;kWh;-9059;0;0;0;9059;-9059
2018-09-21T23:15;2018-09-21T23:30;94;kWh;-2846;176;0;0;3022;-2670
2018-09-21T23:30;2018-09-21T23:45;95;kWh;-22146;0;0;0;22146;-22146
2018-09-21T23:45;2018-09-22T00:00;96;kWh;-41651;0;0;0;41651;-41651
2018-09-22T00:00;2018-09-22T00:15;1;kWh;-23356;742;0;0;24098;-22614
2018-09-22T00:15;2018-09-22T00:30;2;kWh;0;89;0;0;89;89
2018-09-22T00:30;2018-09-22T00:45;3;kWh;-3086;0;0;0;3086;-3086
2018-09-22T00:45;2018-09-22T01:00;4;kWh;-24951;0;0;0;24951;-24951
2018-09-22T01:00;2018-09-22T01:15;5;kWh;-13676;0;0;0;13676;-13676
2018-09-22T01:15;2018-09-22T01:30;6;kWh;-32614;0;0;0;32614;-32614
2018-09-22T01:30;2018-09-22T01:45;7;kWh;-43524;0;0;0;43524;-43524
2018-09-22T01:45;2018-09-22T02:00;8;kWh;-12551;0;0;0;12551;-12551
2018-09-22T02:00;2018-09-22T02:15;9;kWh;-22616;0;0;0;22616;-22616
2018-09-22T02:15;2018-09-22T02:30;10;kWh;-21417;0;0;0;21417;-21417
2018-09-22T02:30;2018-09-22T02:45;11;kWh;-24011;0;0;0;24011;-24011
2018-09-22T02:45;2018-09-22T03:00;12;kWh;-7049;0;0;0;7049;-7049
2018-09-22T03:00;2018-09-22T03:15;13;kWh;-351;15989;0;0;16340;15638
2018-09-22T03:15;2018-09-22T03:30;14;kWh;-58;18984;0;0;19042;18926
2018-09-22T03:30;2018-09-22T03:45;15;kWh;-8705;267;0;0;8972;-8438
2018-09-22T03:45;2018-09-22T04:00;16;kWh;-3920;0;0;0;3920;-3920
2018-09-22T04:00;2018-09-22T04:15;17;kWh;-35;32138;0;0;32173;32103
2018-09-22T04:15;2018-09-22T04:30;18;kWh;0;60208;0;0;60208;60208
2018-09-22T04:30;2018-09-22T04:45;19;kWh;0;45252;0;0;45252;45252
2018-09-22T04:45;2018-09-22T05:00;20;kWh;0;37830;0;0;37830;37830
2018-09-22T05:00;2018-09-22T05:15;21;kWh;-1407;7135;0;0;8542;5728
2018-09-22T05:15;2018-09-22T05:30;22;kWh;-3889;0;0;0;3889;-3889
2018-09-22T05:30;2018-09-22T05:45;23;kWh;-12522;50;0;0;12572;-12472
2018-09-22T05:45;2018-09-22T06:00;24;kWh;-668;6341;0;0;7009;5673
2018-09-22T06:00;2018-09-22T06:15;25;kWh;0;11293;0;0;11293;11293
2018-09-22T06:15;2018-09-22T06:30;26;kWh;0;8708;0;0;8708;8708
2018-09-22T06:30;2018-09-22T06:45;27;kWh;0;22313;0;0;22313;22313
2018-09-22T06:45;2018-09-22T07:00;28;kWh;0;33426;0;0;33426;33426
2018-09-22T07:00;2018-09-22T07:15;29;kWh;-1551;16320;0;0;17871;14769
2018-09-22T07:15;2018-09-22T07:30;30;kWh;-16698;0;0;0;16698;-16698
2018-09-22T07:30;2018-09-22T07:45;31;kWh;-7492;533;0;0;8025;-6959
2018-09-22T07:45;2018-09-22T08:00;32;kWh;0;7143;0;0;7143;7143
2018-09-22T08:00;2018-09-22T08:15;33;kWh;-915;521;0;0;1436;-394
2018-09-22T08:15;2018-09-22T08:30;34;kWh;0;15644;0;0;15644;15644
2018-09-22T08:30;2018-09-22T08:45;35;kWh;0;32343;0;0;32343;32343
2018-09-22T08:45;2018-09-22T09:00;36;kWh;0;53084;0;0;53084;53084
2018-09-22T09:00;2018-09-22T09:15;37;kWh;0;49377;0;0;49377;49377
2018-09-22T09:15;2018-09-22T09:30;38;kWh;0;42112;0;0;42112;42112
2018-09-22T09:30;2018-09-22T09:45;39;kWh;0;52985;0;0;52985;52985
2018-09-22T09:45;2018-09-22T10:00;40;kWh;0;58873;0;0;58873;58873
2018-09-22T10:00;2018-09-22T10:15;41;kWh;-40;19299;0;0;19339;19259
2018-09-22T10:15;2018-09-22T10:30;42;kWh;-1271;0;0;0;1271;-1271
2018-09-22T10:30;2018-09-22T10:45;43;kWh;-20551;0;0;0;20551;-20551
2018-09-22T10:45;2018-09-22T11:00;44;kWh;-18195;0;0;0;18195;-18195
2018-09-22T11:00;2018-09-22T11:15;45;kWh;-3847;4167;0;0;8014;320
2018-09-22T11:15;2018-09-22T11:30;46;kWh;0;1889;0;0;1889;1889
2018-09-22T11:30;2018-09-22T11:45;47;kWh;0;2947;0;0;2947;2947
2018-09-22T11:45;2018-09-22T12:00;48;kWh;-1208;198;0;0;1406;-1010
2018-09-22T12:00;2018-09-22T12:15;49;kWh;-234;0;0;0;234;-234
2018-09-22T12:15;2018-09-22T12:30;50;kWh;0;2080;0;0;2080;2080
2018-09-22T12:30;2018-09-22T12:45;51;kWh;0;21995;0;0;21995;21995
2018-09-22T12:45;2018-09-22T13:00;52;kWh;0;31280;0;0;31280;31280
2018-09-22T13:00;2018-09-22T13:15;53;kWh;0;1284;0;0;1284;1284
2018-09-22T13:15;2018-09-22T13:30;54;kWh;0;16;0;0;16;16
2018-09-22T13:30;2018-09-22T13:45;55;kWh;0;14;0;0;14;14
2018-09-22T13:45;2018-09-22T14:00;56;kWh;0;4829;0;0;4829;4829
2018-09-22T14:00;2018-09-22T14:15;57;kWh;0;36798;0;0;36798;36798
2018-09-22T14:15;2018-09-22T14:30;58;kWh;0;67985;0;0;67985;67985
2018-09-22T14:30;2018-09-22T14:45;59;kWh;0;60561;0;0;60561;60561
2018-09-22T14:45;2018-09-22T15:00;60;kWh;0;50131;0;0;50131;50131
2018-09-22T15:00;2018-09-22T15:15;61;kWh;0;56518;0;0;56518;56518
2018-09-22T15:15;2018-09-22T15:30;62;kWh;0;45448;0;0;45448;45448
2018-09-22T15:30;2018-09-22T15:45;63;kWh;0;48405;0;0;48405;48405
2018-09-22T15:45;2018-09-22T16:00;64;kWh;0;59179;0;0;59179;59179
2018-09-22T16:00;2018-09-22T16:15;65;kWh;0;44979;0;0;44979;44979
2018-09-22T16:15;2018-09-22T16:30;66;kWh;0;37018;0;0;37018;37018
2018-09-22T16:30;2018-09-22T16:45;67;kWh;0;31027;0;0;31027;31027
2018-09-22T16:45;2018-09-22T17:00;68;kWh;0;51223;0;0;51223;51223
2018-09-22T17:00;2018-09-22T17:15;69;kWh;0;55048;0;0;55048;55048
2018-09-22T17:15;2018-09-22T17:30;70;kWh;0;65838;0;0;65838;65838
2018-09-22T17:30;2018-09-22T17:45;71;kWh;0;68599;0;0;68599;68599
2018-09-22T17:45;2018-09-22T18:00;72;kWh;-6;18786;0;0;18792;18780
2018-09-22T18:00;2018-09-22T18:15;73;kWh;-25968;0;0;0;25968;-25968
2018-09-22T18:15;2018-09-22T18:30;74;kWh;-30698;0;0;0;30698;-30698
2018-09-22T18:30;2018-09-22T18:45;75;kWh;-13054;0;0;0;13054;-13054
2018-09-22T18:45;2018-09-22T19:00;76;kWh;-29725;0;0;0;29725;-29725
2018-09-22T19:00;2018-09-22T19:15;77;kWh;-23119;0;0;0;23119;-23119
2018-09-22T19:15;2018-09-22T19:30;78;kWh;-22729;0;0;0;22729;-22729
2018-09-22T19:30;2018-09-22T19:45;79;kWh;-25723;0;0;0;25723;-25723
2018-09-22T19:45;2018-09-22T20:00;80;kWh;-9781;0;0;0;9781;-9781
2018-09-22T20:00;2018-09-22T20:15;81;kWh;-2758;0;0;0;2758;-2758
2018-09-22T20:15;2018-09-22T20:30;82;kWh;-8385;0;0;0;8385;-8385
2018-09-22T20:30;2018-09-22T20:45;83;kWh;-38074;0;0;0;38074;-38074
2018-09-22T20:45;2018-09-22T21:00;84;kWh;-48810;0;0;0;48810;-48810
2018-09-22T21:00;2018-09-22T21:15;85;kWh;-54762;0;0;0;54762;-54762
2018-09-22T21:15;2018-09-22T21:30;86;kWh;-69202;0;0;0;69202;-69202
2018-09-22T21:30;2018-09-22T21:45;87;kWh;-60379;0;0;0;60379;-60379
2018-09-22T21:45;2018-09-22T22:00;88;kWh;-67268;0;0;0;67268;-67268
2018-09-22T22:00;2018-09-22T22:15;89;kWh;-60815;0;0;0;60815;-60815
2018-09-22T22:15;2018-09-22T22:30;90;kWh;-37548;0;0;0;37548;-37548
2018-09-22T22:30;2018-09-22T22:45;91;kWh;-51347;0;0;0;51347;-51347
2018-09-22T22:45;2018-09-22T23:00;92;kWh;-50771;0;0;0;50771;-50771
2018-09-22T23:00;2018-09-22T23:15;93;kWh;-29230;2365;0;0;31595;-26865
2018-09-22T23:15;2018-09-22T23:30;94;kWh;-2212;835;0;0;3047;-1377
2018-09-22T23:30;2018-09-22T23:45;95;kWh;-23857;0;0;0;23857;-23857
2018-09-22T23:45;2018-09-23T00:00;96;kWh;-29942;0;0;0;29942;-29942
2018-09-23T00:00;2018-09-23T00:15;1;kWh;-16952;0;0;0;16952;-16952
2018-09-23T00:15;2018-09-23T00:30;2;kWh;-136;0;0;0;136;-136
2018-09-23T00:30;2018-09-23T00:45;3;kWh;-101;0;0;0;101;-101
2018-09-23T00:45;2018-09-23T01:00;4;kWh;-12053;0;0;0;12053;-12053
2018-09-23T01:00;2018-09-23T01:15;5;kWh;-25145;0;0;0;25145;-25145
2018-09-23T01:15;2018-09-23T01:30;6;kWh;-37592;0;0;0;37592;-37592
2018-09-23T01:30;2018-09-23T01:45;7;kWh;-18651;179;0;0;18830;-18472
2018-09-23T01:45;2018-09-23T02:00;8;kWh;-92;364;0;0;456;272
2018-09-23T02:00;2018-09-23T02:15;9;kWh;-2344;0;0;0;2344;-2344
2018-09-23T02:15;2018-09-23T02:30;10;kWh;-8906;0;0;0;8906;-8906
2018-09-23T02:30;2018-09-23T02:45;11;kWh;-24658;0;0;0;24658;-24658
2018-09-23T02:45;2018-09-23T03:00;12;kWh;-41013;0;0;0;41013;-41013
2018-09-23T03:00;2018-09-23T03:15;13;kWh;-21024;0;0;0;21024;-21024
2018-09-23T03:15;2018-09-23T03:30;14;kWh;-135;0;0;0;135;-135
2018-09-23T03:30;2018-09-23T03:45;15;kWh;-363;0;0;0;363;-363
2018-09-23T03:45;2018-09-23T04:00;16;kWh;-19693;0;0;0;19693;-19693
2018-09-23T04:00;2018-09-23T04:15;17;kWh;-48495;0;0;0;48495;-48495
2018-09-23T04:15;2018-09-23T04:30;18;kWh;-55288;0;0;0;55288;-55288
2018-09-23T04:30;2018-09-23T04:45;19;kWh;-28512;0;0;0;28512;-28512
2018-09-23T04:45;2018-09-23T05:00;20;kWh;-5956;0;0;0;5956;-5956
2018-09-23T05:00;2018-09-23T05:15;21;kWh;-33517;0;0;0;33517;-33517
2018-09-23T05:15;2018-09-23T05:30;22;kWh;-61980;0;0;0;61980;-61980
2018-09-23T05:30;2018-09-23T05:45;23;kWh;-21277;0;0;0;21277;-21277
2018-09-23T05:45;2018-09-23T06:00;24;kWh;-10042;0;0;0;10042;-10042
2018-09-23T06:00;2018-09-23T06:15;25;kWh;-27672;0;0;0;27672;-27672
2018-09-23T06:15;2018-09-23T06:30;26;kWh;-13869;0;0;0;13869;-13869
2018-09-23T06:30;2018-09-23T06:45;27;kWh;-36113;0;0;0;36113;-36113
2018-09-23T06:45;2018-09-23T07:00;28;kWh;-4115;0;0;0;4115;-4115
2018-09-23T07:00;2018-09-23T07:15;29;kWh;0;0;0;0;0;0
2018-09-23T07:15;2018-09-23T07:30;30;kWh;-15608;0;0;0;15608;-15608
2018-09-23T07:30;2018-09-23T07:45;31;kWh;-36891;0;0;0;36891;-36891
2018-09-23T07:45;2018-09-23T08:00;32;kWh;-1064;0;0;0;1064;-1064
2018-09-23T08:00;2018-09-23T08:15;33;kWh;-10124;0;0;0;10124;-10124
2018-09-23T08:15;2018-09-23T08:30;34;kWh;-2939;0;0;0;2939;-2939
2018-09-23T08:30;2018-09-23T08:45;35;kWh;0;508;0;0;508;508
2018-09-23T08:45;2018-09-23T09:00;36;kWh;0;16186;0;0;16186;16186
2018-09-23T09:00;2018-09-23T09:15;37;kWh;-339;7466;0;0;7805;7127
2018-09-23T09:15;2018-09-23T09:30;38;kWh;0;0;0;0;0;0
2018-09-23T09:30;2018-09-23T09:45;39;kWh;0;714;0;0;714;714
2018-09-23T09:45;2018-09-23T10:00;40;kWh;0;26084;0;0;26084;26084
2018-09-23T10:00;2018-09-23T10:15;41;kWh;-18;9527;0;0;9545;9509
2018-09-23T10:15;2018-09-23T10:30;42;kWh;-456;941;0;0;1397;485
2018-09-23T10:30;2018-09-23T10:45;43;kWh;0;24444;0;0;24444;24444
2018-09-23T10:45;2018-09-23T11:00;44;kWh;0;32527;0;0;32527;32527
2018-09-23T11:00;2018-09-23T11:15;45;kWh;0;25651;0;0;25651;25651
2018-09-23T11:15;2018-09-23T11:30;46;kWh;0;21856;0;0;21856;21856
2018-09-23T11:30;2018-09-23T11:45;47;kWh;0;28859;0;0;28859;28859
2018-09-23T11:45;2018-09-23T12:00;48;kWh;0;33231;0;0;33231;33231
2018-09-23T12:00;2018-09-23T12:15;49;kWh;0;55471;0;0;55471;55471
2018-09-23T12:15;2018-09-23T12:30;50;kWh;0;22348;0;0;22348;22348
2018-09-23T12:30;2018-09-23T12:45;51;kWh;0;12380;0;0;12380;12380
2018-09-23T12:45;2018-09-23T13:00;52;kWh;0;6755;0;0;6755;6755
2018-09-23T13:00;2018-09-23T13:15;53;kWh;0;33708;0;0;33708;33708
2018-09-23T13:15;2018-09-23T13:30;54;kWh;0;32398;0;0;32398;32398
2018-09-23T13:30;2018-09-23T13:45;55;kWh;-290;3891;0;0;4181;3601
2018-09-23T13:45;2018-09-23T14:00;56;kWh;-834;0;0;0;834;-834
2018-09-23T14:00;2018-09-23T14:15;57;kWh;-1390;0;0;0;1390;-1390
2018-09-23T14:15;2018-09-23T14:30;58;kWh;-15;0;0;0;15;-15
2018-09-23T14:30;2018-09-23T14:45;59;kWh;-3655;0;0;0;3655;-3655
2018-09-23T14:45;2018-09-23T15:00;60;kWh;-11547;0;0;0;11547;-11547
2018-09-23T15:00;2018-09-23T15:15;61;kWh;-31019;0;0;0;31019;-31019
2018-09-23T15:15;2018-09-23T15:30;62;kWh;-37448;0;0;0;37448;-37448
2018-09-23T15:30;2018-09-23T15:45;63;kWh;-41880;0;0;0;41880;-41880
2018-09-23T15:45;2018-09-23T16:00;64;kWh;-35077;0;0;0;35077;-35077
2018-09-23T16:00;2018-09-23T16:15;65;kWh;-31197;0;0;0;31197;-31197
2018-09-23T16:15;2018-09-23T16:30;66;kWh;-942;0;0;0;942;-942
2018-09-23T16:30;2018-09-23T16:45;67;kWh;-10675;0;0;0;10675;-10675
2018-09-23T16:45;2018-09-23T17:00;68;kWh;-7946;0;0;0;7946;-7946
2018-09-23T17:00;2018-09-23T17:15;69;kWh;-38;1178;0;0;1216;1140
2018-09-23T17:15;2018-09-23T17:30;70;kWh;0;1560;0;0;1560;1560
2018-09-23T17:30;2018-09-23T17:45;71;kWh;0;942;0;0;942;942
2018-09-23T17:45;2018-09-23T18:00;72;kWh;-2014;5128;0;0;7142;3114
2018-09-23T18:00;2018-09-23T18:15;73;kWh;-27;36125;0;0;36152;36098
2018-09-23T18:15;2018-09-23T18:30;74;kWh;-25;23352;0;0;23377;23327
2018-09-23T18:30;2018-09-23T18:45;75;kWh;0;0;0;0;0;0
2018-09-23T18:45;2018-09-23T19:00;76;kWh;0;0;0;0;0;0
2018-09-23T19:00;2018-09-23T19:15;77;kWh;0;658;0;0;658;658
2018-09-23T19:15;2018-09-23T19:30;78;kWh;0;1498;0;0;1498;1498
2018-09-23T19:30;2018-09-23T19:45;79;kWh;0;1278;0;0;1278;1278
2018-09-23T19:45;2018-09-23T20:00;80;kWh;0;2867;0;0;2867;2867
2018-09-23T20:00;2018-09-23T20:15;81;kWh;0;9117;0;0;9117;9117
2018-09-23T20:15;2018-09-23T20:30;82;kWh;-71;3601;0;0;3672;3530
2018-09-23T20:30;2018-09-23T20:45;83;kWh;-22872;339;0;0;23211;-22533
2018-09-23T20:45;2018-09-23T21:00;84;kWh;-36410;0;0;0;36410;-36410
2018-09-23T21:00;2018-09-23T21:15;85;kWh;-48689;0;0;0;48689;-48689
2018-09-23T21:15;2018-09-23T21:30;86;kWh;-63362;0;0;0;63362;-63362
2018-09-23T21:30;2018-09-23T21:45;87;kWh;-67091;0;0;0;67091;-67091
2018-09-23T21:45;2018-09-23T22:00;88;kWh;-59838;0;0;0;59838;-59838
2018-09-23T22:00;2018-09-23T22:15;89;kWh;-26602;0;0;0;26602;-26602
2018-09-23T22:15;2018-09-23T22:30;90;kWh;-2370;0;0;0;2370;-2370
2018-09-23T22:30;2018-09-23T22:45;91;kWh;-11480;0;0;0;11480;-11480
2018-09-23T22:45;2018-09-23T23:00;92;kWh;-3107;0;0;0;3107;-3107
2018-09-23T23:00;2018-09-23T23:15;93;kWh;-15907;0;0;0;15907;-15907
2018-09-23T23:15;2018-09-23T23:30;94;kWh;-29617;0;0;0;29617;-29617
2018-09-23T23:30;2018-09-23T23:45;95;kWh;-41450;0;0;0;41450;-41450
2018-09-23T23:45;2018-09-24T00:00;96;kWh;-42117;0;0;0;42117;-42117
2018-09-24T00:00;2018-09-24T00:15;1;kWh;-39878;0;0;0;39878;-39878
2018-09-24T00:15;2018-09-24T00:30;2;kWh;-7553;730;0;0;8283;-6823
2018-09-24T00:30;2018-09-24T00:45;3;kWh;-10309;0;0;0;10309;-10309
2018-09-24T00:45;2018-09-24T01:00;4;kWh;-24490;0;0;0;24490;-24490
2018-09-24T01:00;2018-09-24T01:15;5;kWh;-22178;0;0;0;22178;-22178
2018-09-24T01:15;2018-09-24T01:30;6;kWh;-19596;0;0;0;19596;-19596
2018-09-24T01:30;2018-09-24T01:45;7;kWh;-29843;0;0;0;29843;-29843
2018-09-24T01:45;2018-09-24T02:00;8;kWh;-9832;0;0;0;9832;-9832
2018-09-24T02:00;2018-09-24T02:15;9;kWh;-26891;0;0;0;26891;-26891
2018-09-24T02:15;2018-09-24T02:30;10;kWh;-10154;0;0;0;10154;-10154
2018-09-24T02:30;2018-09-24T02:45;11;kWh;-36759;0;0;0;36759;-36759
2018-09-24T02:45;2018-09-24T03:00;12;kWh;-11149;973;0;0;12122;-10176
2018-09-24T03:00;2018-09-24T03:15;13;kWh;0;9908;0;0;9908;9908
2018-09-24T03:15;2018-09-24T03:30;14;kWh;0;31602;0;0;31602;31602
2018-09-24T03:30;2018-09-24T03:45;15;kWh;0;21251;0;0;21251;21251
2018-09-24T03:45;2018-09-24T04:00;16;kWh;-251;4856;0;0;5107;4605
2018-09-24T04:00;2018-09-24T04:15;17;kWh;-14196;81;0;0;14277;-14115
2018-09-24T04:15;2018-09-24T04:30;18;kWh;-22593;0;0;0;22593;-22593
2018-09-24T04:30;2018-09-24T04:45;19;kWh;-13793;2011;0;0;15804;-11782
2018-09-24T04:45;2018-09-24T05:00;20;kWh;-212;22749;0;0;22961;22537
2018-09-24T05:00;2018-09-24T05:15;21;kWh;-213;17212;0;0;17425;16999
2018-09-24T05:15;2018-09-24T05:30;22;kWh;-4901;705;0;0;5606;-4196
2018-09-24T05:30;2018-09-24T05:45;23;kWh;-5904;0;0;0;5904;-5904
2018-09-24T05:45;2018-09-24T06:00;24;kWh;-15010;0;0;0;15010;-15010
2018-09-24T06:00;2018-09-24T06:15;25;kWh;-38187;0;0;0;38187;-38187
2018-09-24T06:15;2018-09-24T06:30;26;kWh;-30024;0;0;0;30024;-30024
2018-09-24T06:30;2018-09-24T06:45;27;kWh;-25003;293;0;0;25296;-24710
2018-09-24T06:45;2018-09-24T07:00;28;kWh;-1959;45663;0;0;47622;43704
2018-09-24T07:00;2018-09-24T07:15;29;kWh;-3333;24516;0;0;27849;21183
2018-09-24T07:15;2018-09-24T07:30;30;kWh;-9881;0;0;0;9881;-9881
2018-09-24T07:30;2018-09-24T07:45;31;kWh;-3990;235;0;0;4225;-3755
2018-09-24T07:45;2018-09-24T08:00;32;kWh;-106;3364;0;0;3470;3258
2018-09-24T08:00;2018-09-24T08:15;33;kWh;-6693;104;0;0;6797;-6589
2018-09-24T08:15;2018-09-24T08:30;34;kWh;-22774;43;0;0;22817;-22731
2018-09-24T08:30;2018-09-24T08:45;35;kWh;-798;978;0;0;1776;180
2018-09-24T08:45;2018-09-24T09:00;36;kWh;0;6168;0;0;6168;6168
2018-09-24T09:00;2018-09-24T09:15;37;kWh;0;27366;0;0;27366;27366
2018-09-24T09:15;2018-09-24T09:30;38;kWh;-3910;10718;0;0;14628;6808
2018-09-24T09:30;2018-09-24T09:45;39;kWh;-51062;25;0;0;51087;-51037
2018-09-24T09:45;2018-09-24T10:00;40;kWh;-64570;0;0;0;64570;-64570
2018-09-24T10:00;2018-09-24T10:15;41;kWh;-11792;0;0;0;11792;-11792
2018-09-24T10:15;2018-09-24T10:30;42;kWh;-43904;0;0;0;43904;-43904
2018-09-24T10:30;2018-09-24T10:45;43;kWh;-58407;0;0;0;58407;-58407
2018-09-24T10:45;2018-09-24T11:00;44;kWh;-70356;0;0;0;70356;-70356
2018-09-24T11:00;2018-09-24T11:15;45;kWh;-35822;0;0;0;35822;-35822
2018-09-24T11:15;2018-09-24T11:30;46;kWh;-22253;0;0;0;22253;-22253
2018-09-24T11:30;2018-09-24T11:45;47;kWh;-41230;0;0;0;41230;-41230
2018-09-24T11:45;2018-09-24T12:00;48;kWh;-63809;0;0;0;63809;-63809
2018-09-24T12:00;2018-09-24T12:15;49;kWh;-39917;0;0;0;39917;-39917
2018-09-24T12:15;2018-09-24T12:30;50;kWh;-44409;0;0;0;44409;-44409
2018-09-24T12:30;2018-09-24T12:45;51;kWh;-50118;0;0;0;50118;-50118
2018-09-24T12:45;2018-09-24T13:00;52;kWh;-39420;0;0;0;39420;-39420
2018-09-24T13:00;2018-09-24T13:15;53;kWh;-48131;0;0;0;48131;-48131
2018-09-24T13:15;2018-09-24T13:30;54;kWh;-38792;0;0;0;38792;-38792
2018-09-24T13:30;2018-09-24T13:45;55;kWh;-53862;0;0;0;53862;-53862
2018-09-24T13:45;2018-09-24T14:00;56;kWh;-35703;0;0;0;35703;-35703
2018-09-24T14:00;2018-09-24T14:15;57;kWh;-58575;0;0;0;58575;-58575
2018-09-24T14:15;2018-09-24T14:30;58;kWh;-59165;0;0;0;59165;-59165
2018-09-24T14:30;2018-09-24T14:45;59;kWh;-55812;0;0;0;55812;-55812
2018-09-24T14:45;2018-09-24T15:00;60;kWh;-56396;0;0;0;56396;-56396
2018-09-24T15:00;2018-09-24T15:15;61;kWh;-61798;0;0;0;61798;-61798
2018-09-24T15:15;2018-09-24T15:30;62;kWh;-50614;0;0;0;50614;-50614
2018-09-24T15:30;2018-09-24T15:45;63;kWh;-52625;0;0;0;52625;-52625
2018-09-24T15:45;2018-09-24T16:00;64;kWh;-31664;0;0;0;31664;-31664
2018-09-24T16:00;2018-09-24T16:15;65;kWh;-56366;0;0;0;56366;-56366
2018-09-24T16:15;2018-09-24T16:30;66;kWh;-61909;0;0;0;61909;-61909
2018-09-24T16:30;2018-09-24T16:45;67;kWh;-51204;4938;0;0;56142;-46266
2018-09-24T16:45;2018-09-24T17:00;68;kWh;-6208;48424;0;0;54632;42216
2018-09-24T17:00;2018-09-24T17:15;69;kWh;-27678;5182;0;0;32860;-22496
2018-09-24T17:15;2018-09-24T17:30;70;kWh;-18942;0;0;0;18942;-18942
2018-09-24T17:30;2018-09-24T17:45;71;kWh;-4938;0;0;0;4938;-4938
2018-09-24T17:45;2018-09-24T18:00;72;kWh;-1049;0;0;0;1049;-1049
2018-09-24T18:00;2018-09-24T18:15;73;kWh;-10950;0;0;0;10950;-10950
2018-09-24T18:15;2018-09-24T18:30;74;kWh;-27751;1809;0;0;29560;-25942
2018-09-24T18:30;2018-09-24T18:45;75;kWh;-532;1119;0;0;1651;587
2018-09-24T18:45;2018-09-24T19:00;76;kWh;-7118;0;0;0;7118;-7118
2018-09-24T19:00;2018-09-24T19:15;77;kWh;-30923;0;0;0;30923;-30923
2018-09-24T19:15;2018-09-24T19:30;78;kWh;-18796;0;0;0;18796;-18796
2018-09-24T19:30;2018-09-24T19:45;79;kWh;-9715;3195;0;0;12910;-6520
2018-09-24T19:45;2018-09-24T20:00;80;kWh;-50;55971;0;0;56021;55921
2018-09-24T20:00;2018-09-24T20:15;81;kWh;0;82481;0;0;82481;82481
2018-09-24T20:15;2018-09-24T20:30;82;kWh;0;82393;0;0;87393;87393
2018-09-24T20:30;2018-09-24T20:45;83;kWh;-2;53273;0;0;58275;58271
2018-09-24T20:45;2018-09-24T21:00;84;kWh;-2312;999;0;0;3311;-1313
2018-09-24T21:00;2018-09-24T21:15;85;kWh;-5100;0;0;0;5100;-5100
2018-09-24T21:15;2018-09-24T21:30;86;kWh;-29;92;0;0;121;63
2018-09-24T21:30;2018-09-24T21:45;87;kWh;-154;0;0;0;154;-154
2018-09-24T21:45;2018-09-24T22:00;88;kWh;0;0;0;0;0;0
2018-09-24T22:00;2018-09-24T22:15;89;kWh;0;21319;0;0;21319;21319
2018-09-24T22:15;2018-09-24T22:30;90;kWh;0;21347;0;0;21347;21347
2018-09-24T22:30;2018-09-24T22:45;91;kWh;0;23341;0;0;23341;23341
2018-09-24T22:45;2018-09-24T23:00;92;kWh;-5769;4446;0;0;10215;-1323
2018-09-24T23:00;2018-09-24T23:15;93;kWh;-7638;4780;0;0;12418;-2858
2018-09-24T23:15;2018-09-24T23:30;94;kWh;-900;2141;0;0;3041;1241
2018-09-24T23:30;2018-09-24T23:45;95;kWh;-33417;0;0;0;33417;-33417
2018-09-24T23:45;2018-09-25T00:00;96;kWh;-59175;0;0;0;59175;-59175
2018-09-25T00:00;2018-09-25T00:15;1;kWh;-23700;0;0;0;23700;-23700
2018-09-25T00:15;2018-09-25T00:30;2;kWh;-316;0;0;0;316;-316
2018-09-25T00:30;2018-09-25T00:45;3;kWh;-575;0;0;0;575;-575
2018-09-25T00:45;2018-09-25T01:00;4;kWh;-18101;0;0;0;18101;-18101
2018-09-25T01:00;2018-09-25T01:15;5;kWh;-38044;0;0;0;38044;-38044
2018-09-25T01:15;2018-09-25T01:30;6;kWh;-33118;0;0;0;33118;-33118
2018-09-25T01:30;2018-09-25T01:45;7;kWh;-40489;0;0;0;40489;-40489
2018-09-25T01:45;2018-09-25T02:00;8;kWh;-48001;0;0;0;48001;-48001
2018-09-25T02:00;2018-09-25T02:15;9;kWh;-29015;0;0;0;29015;-29015
2018-09-25T02:15;2018-09-25T02:30;10;kWh;-30;0;0;0;30;-30
2018-09-25T02:30;2018-09-25T02:45;11;kWh;-6038;0;0;0;6038;-6038
2018-09-25T02:45;2018-09-25T03:00;12;kWh;-32112;0;0;0;32112;-32112
2018-09-25T03:00;2018-09-25T03:15;13;kWh;-62286;0;0;0;62286;-62286
2018-09-25T03:15;2018-09-25T03:30;14;kWh;-48858;0;0;0;48858;-48858
2018-09-25T03:30;2018-09-25T03:45;15;kWh;-33470;0;0;0;33470;-33470
2018-09-25T03:45;2018-09-25T04:00;16;kWh;-22255;0;0;0;22255;-22255
2018-09-25T04:00;2018-09-25T04:15;17;kWh;-28224;0;0;0;28224;-28224
2018-09-25T04:15;2018-09-25T04:30;18;kWh;-15968;0;0;0;15968;-15968
2018-09-25T04:30;2018-09-25T04:45;19;kWh;-11042;0;0;0;11042;-11042
2018-09-25T04:45;2018-09-25T05:00;20;kWh;-244;20;0;0;264;-224
2018-09-25T05:00;2018-09-25T05:15;21;kWh;-243;1318;0;0;1561;1075
2018-09-25T05:15;2018-09-25T05:30;22;kWh;-9335;0;0;0;9335;-9335
2018-09-25T05:30;2018-09-25T05:45;23;kWh;-20628;0;0;0;20628;-20628
2018-09-25T05:45;2018-09-25T06:00;24;kWh;-19118;97;0;0;19215;-19021
2018-09-25T06:00;2018-09-25T06:15;25;kWh;-341;4738;0;0;5079;4397
2018-09-25T06:15;2018-09-25T06:30;26;kWh;-4974;289;0;0;5263;-4685
2018-09-25T06:30;2018-09-25T06:45;27;kWh;-3508;2059;0;0;5567;-1449
2018-09-25T06:45;2018-09-25T07:00;28;kWh;0;14889;0;0;14889;14889
2018-09-25T07:00;2018-09-25T07:15;29;kWh;-8839;6670;0;0;15509;-2169
2018-09-25T07:15;2018-09-25T07:30;30;kWh;-3359;0;0;0;3359;-3359
2018-09-25T07:30;2018-09-25T07:45;31;kWh;-11;17718;0;0;17729;17707
2018-09-25T07:45;2018-09-25T08:00;32;kWh;0;73059;0;13334;91393;91393
2018-09-25T08:00;2018-09-25T08:15;33;kWh;-508;15735;0;13334;34577;33561
2018-09-25T08:15;2018-09-25T08:30;34;kWh;-173;0;0;0;173;-173
2018-09-25T08:30;2018-09-25T08:45;35;kWh;-1078;0;0;0;1078;-1078
2018-09-25T08:45;2018-09-25T09:00;36;kWh;0;79;0;0;79;79
2018-09-25T09:00;2018-09-25T09:15;37;kWh;-91;138;0;0;229;47
2018-09-25T09:15;2018-09-25T09:30;38;kWh;-20618;0;0;0;20618;-20618
2018-09-25T09:30;2018-09-25T09:45;39;kWh;-29420;0;0;0;29420;-29420
2018-09-25T09:45;2018-09-25T10:00;40;kWh;-64029;0;0;0;64029;-64029
2018-09-25T10:00;2018-09-25T10:15;41;kWh;-20117;0;0;0;20117;-20117
2018-09-25T10:15;2018-09-25T10:30;42;kWh;-30983;0;0;0;30983;-30983
2018-09-25T10:30;2018-09-25T10:45;43;kWh;-65944;0;0;0;65944;-65944
2018-09-25T10:45;2018-09-25T11:00;44;kWh;-94904;0;0;0;94904;-94904
2018-09-25T11:00;2018-09-25T11:15;45;kWh;-26037;0;0;0;26037;-26037
2018-09-25T11:15;2018-09-25T11:30;46;kWh;-37054;0;0;0;37054;-37054
2018-09-25T11:30;2018-09-25T11:45;47;kWh;-54939;0;0;0;54939;-54939
2018-09-25T11:45;2018-09-25T12:00;48;kWh;-68607;0;0;0;68607;-68607
2018-09-25T12:00;2018-09-25T12:15;49;kWh;-40410;0;0;0;40410;-40410
2018-09-25T12:15;2018-09-25T12:30;50;kWh;-27497;0;0;0;27497;-27497
2018-09-25T12:30;2018-09-25T12:45;51;kWh;-56692;0;0;0;56692;-56692
2018-09-25T12:45;2018-09-25T13:00;52;kWh;-50949;0;0;0;50949;-50949
2018-09-25T13:00;2018-09-25T13:15;53;kWh;-28401;0;0;0;28401;-28401
2018-09-25T13:15;2018-09-25T13:30;54;kWh;-14962;0;0;0;14962;-14962
2018-09-25T13:30;2018-09-25T13:45;55;kWh;-20431;0;0;0;20431;-20431
2018-09-25T13:45;2018-09-25T14:00;56;kWh;-36551;0;0;0;36551;-36551
2018-09-25T14:00;2018-09-25T14:15;57;kWh;-19518;0;0;0;19518;-19518
2018-09-25T14:15;2018-09-25T14:30;58;kWh;-4646;0;0;0;4646;-4646
2018-09-25T14:30;2018-09-25T14:45;59;kWh;-6190;0;0;0;6190;-6190
2018-09-25T14:45;2018-09-25T15:00;60;kWh;-18228;0;0;0;18228;-18228
2018-09-25T15:00;2018-09-25T15:15;61;kWh;-39309;0;0;0;39309;-39309
2018-09-25T15:15;2018-09-25T15:30;62;kWh;-4248;0;0;0;4248;-4248
2018-09-25T15:30;2018-09-25T15:45;63;kWh;-42;0;0;0;42;-42
2018-09-25T15:45;2018-09-25T16:00;64;kWh;-45;0;0;0;45;-45
2018-09-25T16:00;2018-09-25T16:15;65;kWh;-40849;0;0;0;40849;-40849
2018-09-25T16:15;2018-09-25T16:30;66;kWh;-52951;0;0;0;52951;-52951
2018-09-25T16:30;2018-09-25T16:45;67;kWh;-39191;0;0;0;39191;-39191
2018-09-25T16:45;2018-09-25T17:00;68;kWh;-8285;0;0;0;8285;-8285
2018-09-25T17:00;2018-09-25T17:15;69;kWh;-20714;0;0;0;20714;-20714
2018-09-25T17:15;2018-09-25T17:30;70;kWh;-8268;0;0;0;8268;-8268
2018-09-25T17:30;2018-09-25T17:45;71;kWh;0;0;0;0;0;0
2018-09-25T17:45;2018-09-25T18:00;72;kWh;0;0;0;0;0;0
2018-09-25T18:00;2018-09-25T18:15;73;kWh;0;383;0;0;383;383
2018-09-25T18:15;2018-09-25T18:30;74;kWh;0;3434;0;0;3434;3434
2018-09-25T18:30;2018-09-25T18:45;75;kWh;0;885;0;0;885;885
2018-09-25T18:45;2018-09-25T19:00;76;kWh;0;1406;0;0;1406;1406
2018-09-25T19:00;2018-09-25T19:15;77;kWh;-18604;339;0;0;18943;-18265
2018-09-25T19:15;2018-09-25T19:30;78;kWh;-14239;0;0;0;14239;-14239
2018-09-25T19:30;2018-09-25T19:45;79;kWh;-28;3;0;0;31;-25
2018-09-25T19:45;2018-09-25T20:00;80;kWh;0;25695;0;0;25695;25695
2018-09-25T20:00;2018-09-25T20:15;81;kWh;-19;22185;0;0;22204;22166
2018-09-25T20:15;2018-09-25T20:30;82;kWh;-10091;62;0;0;10153;-10029
2018-09-25T20:30;2018-09-25T20:45;83;kWh;-44790;0;0;0;44790;-44790
2018-09-25T20:45;2018-09-25T21:00;84;kWh;-43688;0;0;0;43688;-43688
2018-09-25T21:00;2018-09-25T21:15;85;kWh;-14324;1916;0;0;16240;-12408
2018-09-25T21:15;2018-09-25T21:30;86;kWh;-736;0;0;0;736;-736
2018-09-25T21:30;2018-09-25T21:45;87;kWh;-33396;0;0;0;33396;-33396
2018-09-25T21:45;2018-09-25T22:00;88;kWh;-46820;0;0;0;46820;-46820
2018-09-25T22:00;2018-09-25T22:15;89;kWh;-33626;3;0;0;33629;-33623
2018-09-25T22:15;2018-09-25T22:30;90;kWh;-1533;667;0;0;2200;-866
2018-09-25T22:30;2018-09-25T22:45;91;kWh;-25944;0;0;0;25944;-25944
2018-09-25T22:45;2018-09-25T23:00;92;kWh;-63974;0;0;0;63974;-63974
2018-09-25T23:00;2018-09-25T23:15;93;kWh;-36522;1394;0;0;37916;-35128
2018-09-25T23:15;2018-09-25T23:30;94;kWh;-3744;1145;0;0;4889;-2599
2018-09-25T23:30;2018-09-25T23:45;95;kWh;-40354;0;0;0;40354;-40354
2018-09-25T23:45;2018-09-26T00:00;96;kWh;-52853;0;0;0;52853;-52853
2018-09-26T00:00;2018-09-26T00:15;1;kWh;-53447;0;0;0;53447;-53447
2018-09-26T00:15;2018-09-26T00:30;2;kWh;-2809;783;0;0;3592;-2026
2018-09-26T00:30;2018-09-26T00:45;3;kWh;-2;7933;0;0;7935;7931
2018-09-26T00:45;2018-09-26T01:00;4;kWh;-319;180;0;0;499;-139
2018-09-26T01:00;2018-09-26T01:15;5;kWh;-5173;0;0;0;5173;-5173
2018-09-26T01:15;2018-09-26T01:30;6;kWh;-227;5388;0;0;5615;5161
2018-09-26T01:30;2018-09-26T01:45;7;kWh;-11677;421;0;0;12098;-11256
2018-09-26T01:45;2018-09-26T02:00;8;kWh;-35449;0;0;0;35449;-35449
2018-09-26T02:00;2018-09-26T02:15;9;kWh;-32110;1428;0;0;33538;-30682
2018-09-26T02:15;2018-09-26T02:30;10;kWh;-629;23543;0;0;24172;22914
2018-09-26T02:30;2018-09-26T02:45;11;kWh;-10015;1302;0;0;11317;-8713
2018-09-26T02:45;2018-09-26T03:00;12;kWh;-27881;0;0;0;27881;-27881
2018-09-26T03:00;2018-09-26T03:15;13;kWh;-21721;0;0;0;21721;-21721
2018-09-26T03:15;2018-09-26T03:30;14;kWh;-168;0;0;0;168;-168
2018-09-26T03:30;2018-09-26T03:45;15;kWh;-13743;0;0;0;13743;-13743
2018-09-26T03:45;2018-09-26T04:00;16;kWh;-40417;0;0;0;40417;-40417
2018-09-26T04:00;2018-09-26T04:15;17;kWh;-40901;0;0;0;40901;-40901
2018-09-26T04:15;2018-09-26T04:30;18;kWh;-40492;0;0;0;40492;-40492
2018-09-26T04:30;2018-09-26T04:45;19;kWh;-30523;0;0;0;30523;-30523
2018-09-26T04:45;2018-09-26T05:00;20;kWh;-14388;0;0;0;14388;-14388
2018-09-26T05:00;2018-09-26T05:15;21;kWh;-12104;0;0;0;12104;-12104
2018-09-26T05:15;2018-09-26T05:30;22;kWh;-33153;22;0;0;33175;-33131
2018-09-26T05:30;2018-09-26T05:45;23;kWh;-528;5638;0;0;6166;5110
2018-09-26T05:45;2018-09-26T06:00;24;kWh;0;27228;0;0;27228;27228
2018-09-26T06:00;2018-09-26T06:15;25;kWh;0;21623;0;0;21623;21623
2018-09-26T06:15;2018-09-26T06:30;26;kWh;-6689;1917;0;0;8606;-4772
2018-09-26T06:30;2018-09-26T06:45;27;kWh;-898;508;0;0;1406;-390
2018-09-26T06:45;2018-09-26T07:00;28;kWh;-6085;16;0;0;6101;-6069
2018-09-26T07:00;2018-09-26T07:15;29;kWh;-21006;0;0;0;21006;-21006
2018-09-26T07:15;2018-09-26T07:30;30;kWh;-32481;0;0;0;32481;-32481
2018-09-26T07:30;2018-09-26T07:45;31;kWh;-36626;1935;0;0;38561;-34691
2018-09-26T07:45;2018-09-26T08:00;32;kWh;-1346;1705;0;0;3051;359
2018-09-26T08:00;2018-09-26T08:15;33;kWh;-10952;0;0;0;10952;-10952
2018-09-26T08:15;2018-09-26T08:30;34;kWh;-10737;0;0;0;10737;-10737
2018-09-26T08:30;2018-09-26T08:45;35;kWh;-6087;0;0;0;6087;-6087
2018-09-26T08:45;2018-09-26T09:00;36;kWh;-3366;0;0;0;3366;-3366
2018-09-26T09:00;2018-09-26T09:15;37;kWh;-460;12930;0;0;13390;12470
2018-09-26T09:15;2018-09-26T09:30;38;kWh;-15463;3796;0;0;19259;-11667
2018-09-26T09:30;2018-09-26T09:45;39;kWh;-25561;0;0;0;25561;-25561
2018-09-26T09:45;2018-09-26T10:00;40;kWh;-57153;0;0;0;57153;-57153
2018-09-26T10:00;2018-09-26T10:15;41;kWh;-43184;0;0;0;43184;-43184
2018-09-26T10:15;2018-09-26T10:30;42;kWh;-43139;0;0;0;43139;-43139
2018-09-26T10:30;2018-09-26T10:45;43;kWh;-55372;0;0;0;55372;-55372
2018-09-26T10:45;2018-09-26T11:00;44;kWh;-71899;0;0;0;71899;-71899
2018-09-26T11:00;2018-09-26T11:15;45;kWh;-21126;157;0;0;21283;-20969
2018-09-26T11:15;2018-09-26T11:30;46;kWh;-2421;0;0;0;2421;-2421
2018-09-26T11:30;2018-09-26T11:45;47;kWh;-44404;0;0;0;44404;-44404
2018-09-26T11:45;2018-09-26T12:00;48;kWh;-34601;0;0;0;34601;-34601
2018-09-26T12:00;2018-09-26T12:15;49;kWh;-59920;0;0;0;59920;-59920
2018-09-26T12:15;2018-09-26T12:30;50;kWh;-64826;0;0;0;64826;-64826
2018-09-26T12:30;2018-09-26T12:45;51;kWh;-66597;0;0;0;66597;-66597
2018-09-26T12:45;2018-09-26T13:00;52;kWh;-59268;0;0;0;59268;-59268
2018-09-26T13:00;2018-09-26T13:15;53;kWh;-23215;0;0;0;23215;-23215
2018-09-26T13:15;2018-09-26T13:30;54;kWh;-23380;0;0;0;23380;-23380
2018-09-26T13:30;2018-09-26T13:45;55;kWh;-29452;0;0;0;29452;-29452
2018-09-26T13:45;2018-09-26T14:00;56;kWh;-32851;0;0;0;32851;-32851
2018-09-26T14:00;2018-09-26T14:15;57;kWh;-27155;0;0;0;27155;-27155
2018-09-26T14:15;2018-09-26T14:30;58;kWh;-10462;0;0;0;10462;-10462
2018-09-26T14:30;2018-09-26T14:45;59;kWh;-1617;0;0;0;1617;-1617
2018-09-26T14:45;2018-09-26T15:00;60;kWh;-29845;0;0;0;29845;-29845
2018-09-26T15:00;2018-09-26T15:15;61;kWh;-1910;0;0;0;1910;-1910
2018-09-26T15:15;2018-09-26T15:30;62;kWh;0;0;0;0;0;0
2018-09-26T15:30;2018-09-26T15:45;63;kWh;0;0;0;0;0;0
2018-09-26T15:45;2018-09-26T16:00;64;kWh;0;0;0;0;0;0
2018-09-26T16:00;2018-09-26T16:15;65;kWh;-25349;0;0;0;25349;-25349
2018-09-26T16:15;2018-09-26T16:30;66;kWh;-43626;0;0;0;43626;-43626
2018-09-26T16:30;2018-09-26T16:45;67;kWh;-9016;0;0;0;9016;-9016
2018-09-26T16:45;2018-09-26T17:00;68;kWh;-9406;1139;0;0;10545;-8267
2018-09-26T17:00;2018-09-26T17:15;69;kWh;-26432;272;0;0;26704;-26160
2018-09-26T17:15;2018-09-26T17:30;70;kWh;-46864;0;0;0;46864;-46864
2018-09-26T17:30;2018-09-26T17:45;71;kWh;-41648;1;0;0;41649;-41647
2018-09-26T17:45;2018-09-26T18:00;72;kWh;-3482;843;0;0;4325;-2639
2018-09-26T18:00;2018-09-26T18:15;73;kWh;-351;0;0;0;351;-351
2018-09-26T18:15;2018-09-26T18:30;74;kWh;-635;1829;0;0;2464;1194
2018-09-26T18:30;2018-09-26T18:45;75;kWh;0;2987;0;0;2987;2987
2018-09-26T18:45;2018-09-26T19:00;76;kWh;0;4870;0;0;4870;4870
2018-09-26T19:00;2018-09-26T19:15;77;kWh;-6070;1015;0;0;7085;-5055
2018-09-26T19:15;2018-09-26T19:30;78;kWh;-14509;0;0;0;14509;-14509
2018-09-26T19:30;2018-09-26T19:45;79;kWh;-2976;3784;0;0;6760;808
2018-09-26T19:45;2018-09-26T20:00;80;kWh;0;58475;0;0;58475;58475
2018-09-26T20:00;2018-09-26T20:15;81;kWh;0;40836;0;0;40836;40836
2018-09-26T20:15;2018-09-26T20:30;82;kWh;-1068;192;0;0;1260;-876
2018-09-26T20:30;2018-09-26T20:45;83;kWh;-16450;0;0;0;16450;-16450
2018-09-26T20:45;2018-09-26T21:00;84;kWh;-30623;0;0;0;30623;-30623
2018-09-26T21:00;2018-09-26T21:15;85;kWh;-30142;0;0;0;30142;-30142
2018-09-26T21:15;2018-09-26T21:30;86;kWh;-31249;0;0;0;31249;-31249
2018-09-26T21:30;2018-09-26T21:45;87;kWh;-40008;0;0;0;40008;-40008
2018-09-26T21:45;2018-09-26T22:00;88;kWh;-37139;0;0;0;37139;-37139
2018-09-26T22:00;2018-09-26T22:15;89;kWh;-18097;9546;0;0;27643;-8551
2018-09-26T22:15;2018-09-26T22:30;90;kWh;-9;28164;0;0;28173;28155
2018-09-26T22:30;2018-09-26T22:45;91;kWh;-9042;3693;0;0;12735;-5349
2018-09-26T22:45;2018-09-26T23:00;92;kWh;-37769;0;0;0;37769;-37769
2018-09-26T23:00;2018-09-26T23:15;93;kWh;-30726;4626;0;0;35352;-26100
2018-09-26T23:15;2018-09-26T23:30;94;kWh;-17;25512;0;0;25529;25495
2018-09-26T23:30;2018-09-26T23:45;95;kWh;-7179;330;0;0;7509;-6849
2018-09-26T23:45;2018-09-27T00:00;96;kWh;-31448;0;0;0;31448;-31448
2018-09-27T00:00;2018-09-27T00:15;1;kWh;-16545;0;0;0;16545;-16545
2018-09-27T00:15;2018-09-27T00:30;2;kWh;-3;0;0;0;3;-3
2018-09-27T00:30;2018-09-27T00:45;3;kWh;0;0;0;0;0;0
2018-09-27T00:45;2018-09-27T01:00;4;kWh;-11501;0;0;0;11501;-11501
2018-09-27T01:00;2018-09-27T01:15;5;kWh;-32385;0;0;0;32385;-32385
2018-09-27T01:15;2018-09-27T01:30;6;kWh;-2621;317;0;0;2938;-2304
2018-09-27T01:30;2018-09-27T01:45;7;kWh;-2809;0;0;0;2809;-2809
2018-09-27T01:45;2018-09-27T02:00;8;kWh;-4283;0;0;0;4283;-4283
2018-09-27T02:00;2018-09-27T02:15;9;kWh;-2803;0;0;0;2803;-2803
2018-09-27T02:15;2018-09-27T02:30;10;kWh;-588;0;0;0;588;-588
2018-09-27T02:30;2018-09-27T02:45;11;kWh;-1716;0;0;0;1716;-1716
2018-09-27T02:45;2018-09-27T03:00;12;kWh;-710;0;0;0;710;-710
2018-09-27T03:00;2018-09-27T03:15;13;kWh;-2924;0;0;0;2924;-2924
2018-09-27T03:15;2018-09-27T03:30;14;kWh;-1296;0;0;0;1296;-1296
2018-09-27T03:30;2018-09-27T03:45;15;kWh;-336;0;0;0;336;-336
2018-09-27T03:45;2018-09-27T04:00;16;kWh;0;0;0;0;0;0
2018-09-27T04:00;2018-09-27T04:15;17;kWh;-446;0;0;0;446;-446
2018-09-27T04:15;2018-09-27T04:30;18;kWh;-3210;0;0;0;3210;-3210
2018-09-27T04:30;2018-09-27T04:45;19;kWh;-1442;0;0;0;1442;-1442
2018-09-27T04:45;2018-09-27T05:00;20;kWh;0;0;0;0;0;0
2018-09-27T05:00;2018-09-27T05:15;21;kWh;0;3606;0;0;3606;3606
2018-09-27T05:15;2018-09-27T05:30;22;kWh;0;12270;0;0;12270;12270
2018-09-27T05:30;2018-09-27T05:45;23;kWh;0;46186;0;0;46186;46186
2018-09-27T05:45;2018-09-27T06:00;24;kWh;0;101128;0;0;101128;101128
2018-09-27T06:00;2018-09-27T06:15;25;kWh;-507;53421;0;0;53928;52914
2018-09-27T06:15;2018-09-27T06:30;26;kWh;-1338;0;0;0;1338;-1338
2018-09-27T06:30;2018-09-27T06:45;27;kWh;0;4195;0;0;4195;4195
2018-09-27T06:45;2018-09-27T07:00;28;kWh;0;60674;0;0;60674;60674
2018-09-27T07:00;2018-09-27T07:15;29;kWh;0;82285;0;0;82285;82285
2018-09-27T07:15;2018-09-27T07:30;30;kWh;0;82859;0;0;82859;82859
2018-09-27T07:30;2018-09-27T07:45;31;kWh;0;91501;0;0;91501;91501
2018-09-27T07:45;2018-09-27T08:00;32;kWh;0;95122;0;8450;122322;122322
2018-09-27T08:00;2018-09-27T08:15;33;kWh;0;64999;0;25350;107849;107849
2018-09-27T08:15;2018-09-27T08:30;34;kWh;0;22352;0;16900;56752;56752
2018-09-27T08:30;2018-09-27T08:45;35;kWh;0;51523;0;0;66523;66523
2018-09-27T08:45;2018-09-27T09:00;36;kWh;0;50888;0;0;50888;50888
2018-09-27T09:00;2018-09-27T09:15;37;kWh;0;63615;0;0;63615;63615
2018-09-27T09:15;2018-09-27T09:30;38;kWh;0;82500;0;0;101250;101250
2018-09-27T09:30;2018-09-27T09:45;39;kWh;0;42462;0;0;59962;59962
2018-09-27T09:45;2018-09-27T10:00;40;kWh;-1289;1420;0;0;2709;131
2018-09-27T10:00;2018-09-27T10:15;41;kWh;-5933;0;0;0;5933;-5933
2018-09-27T10:15;2018-09-27T10:30;42;kWh;-23556;0;0;0;23556;-23556
2018-09-27T10:30;2018-09-27T10:45;43;kWh;-53240;0;0;0;53240;-53240
2018-09-27T10:45;2018-09-27T11:00;44;kWh;-59158;0;0;0;59158;-59158
2018-09-27T11:00;2018-09-27T11:15;45;kWh;-13195;15539;0;0;28734;2344
2018-09-27T11:15;2018-09-27T11:30;46;kWh;-1011;7257;0;0;8268;6246
2018-09-27T11:30;2018-09-27T11:45;47;kWh;-21229;0;0;0;21229;-21229
2018-09-27T11:45;2018-09-27T12:00;48;kWh;-17893;0;0;0;17893;-17893
2018-09-27T12:00;2018-09-27T12:15;49;kWh;-6713;18585;0;0;25298;11872
2018-09-27T12:15;2018-09-27T12:30;50;kWh;0;27284;0;0;27284;27284
2018-09-27T12:30;2018-09-27T12:45;51;kWh;-5814;10233;0;0;16047;4419
2018-09-27T12:45;2018-09-27T13:00;52;kWh;-24849;0;0;0;24849;-24849
2018-09-27T13:00;2018-09-27T13:15;53;kWh;-11037;0;0;0;11037;-11037
2018-09-27T13:15;2018-09-27T13:30;54;kWh;-12866;0;0;0;12866;-12866
2018-09-27T13:30;2018-09-27T13:45;55;kWh;-4877;0;0;0;4877;-4877
2018-09-27T13:45;2018-09-27T14:00;56;kWh;-5235;0;0;0;5235;-5235
2018-09-27T14:00;2018-09-27T14:15;57;kWh;-10617;0;0;0;10617;-10617
2018-09-27T14:15;2018-09-27T14:30;58;kWh;-7264;0;0;0;7264;-7264
2018-09-27T14:30;2018-09-27T14:45;59;kWh;-4516;0;0;0;4516;-4516
2018-09-27T14:45;2018-09-27T15:00;60;kWh;-2418;140;0;0;2558;-2278
2018-09-27T15:00;2018-09-27T15:15;61;kWh;-13245;0;0;0;13245;-13245
2018-09-27T15:15;2018-09-27T15:30;62;kWh;-17237;58;0;0;17295;-17179
2018-09-27T15:30;2018-09-27T15:45;63;kWh;-211;10524;0;0;10735;10313
2018-09-27T15:45;2018-09-27T16:00;64;kWh;0;31272;0;0;31272;31272
2018-09-27T16:00;2018-09-27T16:15;65;kWh;-19164;12758;0;0;31922;-6406
2018-09-27T16:15;2018-09-27T16:30;66;kWh;-17199;0;0;0;17199;-17199
2018-09-27T16:30;2018-09-27T16:45;67;kWh;-1514;49;0;0;1563;-1465
2018-09-27T16:45;2018-09-27T17:00;68;kWh;0;17866;0;0;17866;17866
2018-09-27T17:00;2018-09-27T17:15;69;kWh;-3274;19086;0;0;22360;15812
2018-09-27T17:15;2018-09-27T17:30;70;kWh;-16544;539;0;0;17083;-16005
2018-09-27T17:30;2018-09-27T17:45;71;kWh;-135;32449;0;0;32584;32314
2018-09-27T17:45;2018-09-27T18:00;72;kWh;-997;13473;0;0;14470;12476
2018-09-27T18:00;2018-09-27T18:15;73;kWh;-590;1714;0;0;2304;1124
2018-09-27T18:15;2018-09-27T18:30;74;kWh;0;12719;0;0;12719;12719
2018-09-27T18:30;2018-09-27T18:45;75;kWh;0;11918;0;0;11918;11918
2018-09-27T18:45;2018-09-27T19:00;76;kWh;0;24232;0;0;24232;24232
2018-09-27T19:00;2018-09-27T19:15;77;kWh;-703;14549;0;0;15252;13846
2018-09-27T19:15;2018-09-27T19:30;78;kWh;-235;2105;0;0;2340;1870
2018-09-27T19:30;2018-09-27T19:45;79;kWh;0;32289;0;0;32289;32289
2018-09-27T19:45;2018-09-27T20:00;80;kWh;0;74348;0;0;74348;74348
2018-09-27T20:00;2018-09-27T20:15;81;kWh;0;69382;0;27501;115633;115633
2018-09-27T20:15;2018-09-27T20:30;82;kWh;-37;7479;0;9167;16683;16609
2018-09-27T20:30;2018-09-27T20:45;83;kWh;-4732;21;0;0;4753;-4711
2018-09-27T20:45;2018-09-27T21:00;84;kWh;-40798;0;0;0;40798;-40798
2018-09-27T21:00;2018-09-27T21:15;85;kWh;-29454;2254;0;0;31708;-27200
2018-09-27T21:15;2018-09-27T21:30;86;kWh;-936;7194;0;0;8130;6258
2018-09-27T21:30;2018-09-27T21:45;87;kWh;-11524;0;0;0;11524;-11524
2018-09-27T21:45;2018-09-27T22:00;88;kWh;-26995;0;0;0;26995;-26995
2018-09-27T22:00;2018-09-27T22:15;89;kWh;-3201;12765;0;0;15966;9564
2018-09-27T22:15;2018-09-27T22:30;90;kWh;0;58934;0;0;77684;77684
2018-09-27T22:30;2018-09-27T22:45;91;kWh;-10933;5532;0;0;16465;-5401
2018-09-27T22:45;2018-09-27T23:00;92;kWh;-198;4098;0;0;4296;3900
2018-09-27T23:00;2018-09-27T23:15;93;kWh;0;35845;0;0;35845;35845
2018-09-27T23:15;2018-09-27T23:30;94;kWh;0;26013;0;0;26013;26013
2018-09-27T23:30;2018-09-27T23:45;95;kWh;-8454;1223;0;0;9677;-7231
2018-09-27T23:45;2018-09-28T00:00;96;kWh;-9817;0;0;0;9817;-9817
2018-09-28T00:00;2018-09-28T00:15;1;kWh;-10510;0;0;0;10510;-10510
2018-09-28T00:15;2018-09-28T00:30;2;kWh;-7203;0;0;0;7203;-7203
2018-09-28T00:30;2018-09-28T00:45;3;kWh;-2267;0;0;0;2267;-2267
2018-09-28T00:45;2018-09-28T01:00;4;kWh;-36452;0;0;0;36452;-36452
2018-09-28T01:00;2018-09-28T01:15;5;kWh;-44654;0;0;0;44654;-44654
2018-09-28T01:15;2018-09-28T01:30;6;kWh;-49054;0;0;0;49054;-49054
2018-09-28T01:30;2018-09-28T01:45;7;kWh;-66534;0;0;0;66534;-66534
2018-09-28T01:45;2018-09-28T02:00;8;kWh;-52497;0;0;0;52497;-52497
2018-09-28T02:00;2018-09-28T02:15;9;kWh;-44003;0;0;0;44003;-44003
2018-09-28T02:15;2018-09-28T02:30;10;kWh;-5276;0;0;0;5276;-5276
2018-09-28T02:30;2018-09-28T02:45;11;kWh;-27869;0;0;0;27869;-27869
2018-09-28T02:45;2018-09-28T03:00;12;kWh;-38678;0;0;0;38678;-38678
2018-09-28T03:00;2018-09-28T03:15;13;kWh;-12687;0;0;0;12687;-12687
2018-09-28T03:15;2018-09-28T03:30;14;kWh;-15424;0;0;0;15424;-15424
2018-09-28T03:30;2018-09-28T03:45;15;kWh;-24290;0;0;0;24290;-24290
2018-09-28T03:45;2018-09-28T04:00;16;kWh;-45984;0;0;0;45984;-45984
2018-09-28T04:00;2018-09-28T04:15;17;kWh;-43391;0;0;0;43391;-43391
2018-09-28T04:15;2018-09-28T04:30;18;kWh;-19195;0;0;0;19195;-19195
2018-09-28T04:30;2018-09-28T04:45;19;kWh;-34704;0;0;0;34704;-34704
2018-09-28T04:45;2018-09-28T05:00;20;kWh;-16107;0;0;0;16107;-16107
2018-09-28T05:00;2018-09-28T05:15;21;kWh;-38367;0;0;0;38367;-38367
2018-09-28T05:15;2018-09-28T05:30;22;kWh;-50796;0;0;0;50796;-50796
2018-09-28T05:30;2018-09-28T05:45;23;kWh;-32627;0;0;0;32627;-32627
2018-09-28T05:45;2018-09-28T06:00;24;kWh;-3986;425;0;0;4411;-3561
2018-09-28T06:00;2018-09-28T06:15;25;kWh;-175;8988;0;0;9163;8813
2018-09-28T06:15;2018-09-28T06:30;26;kWh;0;547;0;0;547;547
2018-09-28T06:30;2018-09-28T06:45;27;kWh;0;3562;0;0;3562;3562
2018-09-28T06:45;2018-09-28T07:00;28;kWh;0;17846;0;0;17846;17846
2018-09-28T07:00;2018-09-28T07:15;29;kWh;-18559;2670;0;0;21229;-15889
2018-09-28T07:15;2018-09-28T07:30;30;kWh;-24898;258;0;0;25156;-24640
2018-09-28T07:30;2018-09-28T07:45;31;kWh;0;909;0;0;909;909
2018-09-28T07:45;2018-09-28T08:00;32;kWh;0;38809;0;0;38809;38809
2018-09-28T08:00;2018-09-28T08:15;33;kWh;-16;36110;0;0;36126;36094
2018-09-28T08:15;2018-09-28T08:30;34;kWh;-120;563;0;0;683;443
2018-09-28T08:30;2018-09-28T08:45;35;kWh;0;16294;0;0;16294;16294
2018-09-28T08:45;2018-09-28T09:00;36;kWh;0;57939;0;0;57939;57939
2018-09-28T09:00;2018-09-28T09:15;37;kWh;-112;15185;0;0;15297;15073
2018-09-28T09:15;2018-09-28T09:30;38;kWh;0;27447;0;0;27447;27447
2018-09-28T09:30;2018-09-28T09:45;39;kWh;0;36950;0;0;36950;36950
2018-09-28T09:45;2018-09-28T10:00;40;kWh;-2048;12552;0;0;14600;10504
2018-09-28T10:00;2018-09-28T10:15;41;kWh;0;13150;0;0;13150;13150
2018-09-28T10:15;2018-09-28T10:30;42;kWh;-20049;3857;0;0;23906;-16192
2018-09-28T10:30;2018-09-28T10:45;43;kWh;-11104;0;0;0;11104;-11104
2018-09-28T10:45;2018-09-28T11:00;44;kWh;-22269;0;0;0;22269;-22269
2018-09-28T11:00;2018-09-28T11:15;45;kWh;-21261;2206;0;0;23467;-19055
2018-09-28T11:15;2018-09-28T11:30;46;kWh;-10912;568;0;0;11480;-10344
2018-09-28T11:30;2018-09-28T11:45;47;kWh;-29561;0;0;0;29561;-29561
2018-09-28T11:45;2018-09-28T12:00;48;kWh;-45440;0;0;0;45440;-45440
2018-09-28T12:00;2018-09-28T12:15;49;kWh;-11253;13839;0;0;25092;2586
2018-09-28T12:15;2018-09-28T12:30;50;kWh;0;4977;0;0;4977;4977
2018-09-28T12:30;2018-09-28T12:45;51;kWh;-56;12211;0;0;12267;12155
2018-09-28T12:45;2018-09-28T13:00;52;kWh;-958;757;0;0;1715;-201
2018-09-28T13:00;2018-09-28T13:15;53;kWh;-14388;0;0;0;14388;-14388
2018-09-28T13:15;2018-09-28T13:30;54;kWh;-7257;0;0;0;7257;-7257
2018-09-28T13:30;2018-09-28T13:45;55;kWh;-47683;0;0;0;47683;-47683
2018-09-28T13:45;2018-09-28T14:00;56;kWh;-50632;0;0;0;50632;-50632
2018-09-28T14:00;2018-09-28T14:15;57;kWh;-24634;127;0;0;24761;-24507
2018-09-28T14:15;2018-09-28T14:30;58;kWh;-21239;0;0;0;21239;-21239
2018-09-28T14:30;2018-09-28T14:45;59;kWh;-43442;0;0;0;43442;-43442
2018-09-28T14:45;2018-09-28T15:00;60;kWh;-52964;0;0;0;52964;-52964
2018-09-28T15:00;2018-09-28T15:15;61;kWh;-56048;0;0;0;56048;-56048
2018-09-28T15:15;2018-09-28T15:30;62;kWh;-48529;0;0;0;48529;-48529
2018-09-28T15:30;2018-09-28T15:45;63;kWh;-47822;0;0;0;47822;-47822
2018-09-28T15:45;2018-09-28T16:00;64;kWh;-36032;0;0;0;36032;-36032
2018-09-28T16:00;2018-09-28T16:15;65;kWh;-29256;0;0;0;29256;-29256
2018-09-28T16:15;2018-09-28T16:30;66;kWh;-11535;0;0;0;11535;-11535
2018-09-28T16:30;2018-09-28T16:45;67;kWh;-41507;0;0;0;41507;-41507
2018-09-28T16:45;2018-09-28T17:00;68;kWh;-38887;0;0;0;38887;-38887
2018-09-28T17:00;2018-09-28T17:15;69;kWh;-28989;0;0;0;28989;-28989
2018-09-28T17:15;2018-09-28T17:30;70;kWh;-27807;0;0;0;27807;-27807
2018-09-28T17:30;2018-09-28T17:45;71;kWh;-11524;0;0;0;11524;-11524
2018-09-28T17:45;2018-09-28T18:00;72;kWh;-1610;0;0;0;1610;-1610
2018-09-28T18:00;2018-09-28T18:15;73;kWh;-12868;95;0;0;12963;-12773
2018-09-28T18:15;2018-09-28T18:30;74;kWh;-12668;0;0;0;12668;-12668
2018-09-28T18:30;2018-09-28T18:45;75;kWh;-478;0;0;0;478;-478
2018-09-28T18:45;2018-09-28T19:00;76;kWh;-45;0;0;0;45;-45
2018-09-28T19:00;2018-09-28T19:15;77;kWh;-26913;0;0;0;26913;-26913
2018-09-28T19:15;2018-09-28T19:30;78;kWh;-17320;0;0;0;17320;-17320
2018-09-28T19:30;2018-09-28T19:45;79;kWh;-9417;2948;0;0;12365;-6469
2018-09-28T19:45;2018-09-28T20:00;80;kWh;-77;26371;0;0;26448;26294
2018-09-28T20:00;2018-09-28T20:15;81;kWh;0;24685;0;0;24685;24685
2018-09-28T20:15;2018-09-28T20:30;82;kWh;0;12942;0;0;12942;12942
2018-09-28T20:30;2018-09-28T20:45;83;kWh;0;13043;0;0;13043;13043
2018-09-28T20:45;2018-09-28T21:00;84;kWh;0;14040;0;0;14040;14040
2018-09-28T21:00;2018-09-28T21:15;85;kWh;0;15388;0;0;15388;15388
2018-09-28T21:15;2018-09-28T21:30;86;kWh;0;23321;0;0;23321;23321
2018-09-28T21:30;2018-09-28T21:45;87;kWh;-865;5982;0;0;6847;5117
2018-09-28T21:45;2018-09-28T22:00;88;kWh;-23;0;0;0;23;-23
2018-09-28T22:00;2018-09-28T22:15;89;kWh;-6641;3162;0;0;9803;-3479
2018-09-28T22:15;2018-09-28T22:30;90;kWh;-344;19303;0;0;19647;18959
2018-09-28T22:30;2018-09-28T22:45;91;kWh;-13954;72;0;0;14026;-13882
2018-09-28T22:45;2018-09-28T23:00;92;kWh;-230;2036;0;0;2266;1806
2018-09-28T23:00;2018-09-28T23:15;93;kWh;-75;2005;0;0;2080;1930
2018-09-28T23:15;2018-09-28T23:30;94;kWh;-89;13716;0;0;13805;13627
2018-09-28T23:30;2018-09-28T23:45;95;kWh;-24238;67;0;0;24305;-24171
2018-09-28T23:45;2018-09-29T00:00;96;kWh;-36584;0;0;0;36584;-36584
2018-09-29T00:00;2018-09-29T00:15;1;kWh;-13897;6032;0;0;19929;-7865
2018-09-29T00:15;2018-09-29T00:30;2;kWh;-3824;362;0;0;4186;-3462
2018-09-29T00:30;2018-09-29T00:45;3;kWh;-26574;0;0;0;26574;-26574
2018-09-29T00:45;2018-09-29T01:00;4;kWh;-40500;0;0;0;40500;-40500
2018-09-29T01:00;2018-09-29T01:15;5;kWh;-29764;0;0;0;29764;-29764
2018-09-29T01:15;2018-09-29T01:30;6;kWh;-1295;0;0;0;1295;-1295
2018-09-29T01:30;2018-09-29T01:45;7;kWh;-5082;0;0;0;5082;-5082
2018-09-29T01:45;2018-09-29T02:00;8;kWh;-26798;0;0;0;26798;-26798
2018-09-29T02:00;2018-09-29T02:15;9;kWh;-23294;0;0;0;23294;-23294
2018-09-29T02:15;2018-09-29T02:30;10;kWh;-375;0;0;0;375;-375
2018-09-29T02:30;2018-09-29T02:45;11;kWh;-6109;0;0;0;6109;-6109
2018-09-29T02:45;2018-09-29T03:00;12;kWh;-29243;0;0;0;29243;-29243
2018-09-29T03:00;2018-09-29T03:15;13;kWh;-23540;22;0;0;23562;-23518
2018-09-29T03:15;2018-09-29T03:30;14;kWh;-4888;41;0;0;4929;-4847
2018-09-29T03:30;2018-09-29T03:45;15;kWh;-27329;0;0;0;27329;-27329
2018-09-29T03:45;2018-09-29T04:00;16;kWh;-23071;0;0;0;23071;-23071
2018-09-29T04:00;2018-09-29T04:15;17;kWh;-19461;0;0;0;19461;-19461
2018-09-29T04:15;2018-09-29T04:30;18;kWh;-686;0;0;0;686;-686
2018-09-29T04:30;2018-09-29T04:45;19;kWh;0;28;0;0;28;28
2018-09-29T04:45;2018-09-29T05:00;20;kWh;-361;21;0;0;382;-340
2018-09-29T05:00;2018-09-29T05:15;21;kWh;-9115;0;0;0;9115;-9115
2018-09-29T05:15;2018-09-29T05:30;22;kWh;-21863;0;0;0;21863;-21863
2018-09-29T05:30;2018-09-29T05:45;23;kWh;-11684;0;0;0;11684;-11684
2018-09-29T05:45;2018-09-29T06:00;24;kWh;-66;0;0;0;66;-66
2018-09-29T06:00;2018-09-29T06:15;25;kWh;-361;0;0;0;361;-361
2018-09-29T06:15;2018-09-29T06:30;26;kWh;-3777;0;0;0;3777;-3777
2018-09-29T06:30;2018-09-29T06:45;27;kWh;-3661;0;0;0;3661;-3661
2018-09-29T06:45;2018-09-29T07:00;28;kWh;-2409;0;0;0;2409;-2409
2018-09-29T07:00;2018-09-29T07:15;29;kWh;0;0;0;0;0;0
2018-09-29T07:15;2018-09-29T07:30;30;kWh;-27;0;0;0;27;-27
2018-09-29T07:30;2018-09-29T07:45;31;kWh;-1846;0;0;0;1846;-1846
2018-09-29T07:45;2018-09-29T08:00;32;kWh;-2161;0;0;0;2161;-2161
2018-09-29T08:00;2018-09-29T08:15;33;kWh;-3104;0;0;0;3104;-3104
2018-09-29T08:15;2018-09-29T08:30;34;kWh;-728;0;0;0;728;-728
2018-09-29T08:30;2018-09-29T08:45;35;kWh;-1791;0;0;0;1791;-1791
2018-09-29T08:45;2018-09-29T09:00;36;kWh;0;0;0;0;0;0
2018-09-29T09:00;2018-09-29T09:15;37;kWh;0;0;0;0;0;0
2018-09-29T09:15;2018-09-29T09:30;38;kWh;0;0;0;0;0;0
2018-09-29T09:30;2018-09-29T09:45;39;kWh;-1772;0;0;0;1772;-1772
2018-09-29T09:45;2018-09-29T10:00;40;kWh;-10445;0;0;0;10445;-10445
2018-09-29T10:00;2018-09-29T10:15;41;kWh;-9761;0;0;0;9761;-9761
2018-09-29T10:15;2018-09-29T10:30;42;kWh;-27428;0;0;0;27428;-27428
2018-09-29T10:30;2018-09-29T10:45;43;kWh;-64484;0;0;0;64484;-64484
2018-09-29T10:45;2018-09-29T11:00;44;kWh;-68771;0;0;0;68771;-68771
2018-09-29T11:00;2018-09-29T11:15;45;kWh;-53660;0;0;0;53660;-53660
2018-09-29T11:15;2018-09-29T11:30;46;kWh;-21016;0;0;0;21016;-21016
2018-09-29T11:30;2018-09-29T11:45;47;kWh;-68372;0;0;0;68372;-68372
2018-09-29T11:45;2018-09-29T12:00;48;kWh;-73985;0;0;0;73985;-73985
2018-09-29T12:00;2018-09-29T12:15;49;kWh;-42615;153;0;0;42768;-42462
2018-09-29T12:15;2018-09-29T12:30;50;kWh;-23568;21;0;0;23589;-23547
2018-09-29T12:30;2018-09-29T12:45;51;kWh;-41387;0;0;0;41387;-41387
2018-09-29T12:45;2018-09-29T13:00;52;kWh;-63164;0;0;0;63164;-63164
2018-09-29T13:00;2018-09-29T13:15;53;kWh;-37496;0;0;0;37496;-37496
2018-09-29T13:15;2018-09-29T13:30;54;kWh;-26327;0;0;0;26327;-26327
2018-09-29T13:30;2018-09-29T13:45;55;kWh;-32628;0;0;0;32628;-32628
2018-09-29T13:45;2018-09-29T14:00;56;kWh;-51074;0;0;0;51074;-51074
2018-09-29T14:00;2018-09-29T14:15;57;kWh;-61621;0;0;0;61621;-61621
2018-09-29T14:15;2018-09-29T14:30;58;kWh;-50379;0;0;0;50379;-50379
2018-09-29T14:30;2018-09-29T14:45;59;kWh;-59986;0;0;0;59986;-59986
2018-09-29T14:45;2018-09-29T15:00;60;kWh;-65330;0;0;0;65330;-65330
2018-09-29T15:00;2018-09-29T15:15;61;kWh;-69667;0;0;0;69667;-69667
2018-09-29T15:15;2018-09-29T15:30;62;kWh;-64215;0;0;0;64215;-64215
2018-09-29T15:30;2018-09-29T15:45;63;kWh;-56326;0;0;0;56326;-56326
2018-09-29T15:45;2018-09-29T16:00;64;kWh;-41078;0;0;0;41078;-41078
2018-09-29T16:00;2018-09-29T16:15;65;kWh;-46789;0;0;0;46789;-46789
2018-09-29T16:15;2018-09-29T16:30;66;kWh;-31350;0;0;0;31350;-31350
2018-09-29T16:30;2018-09-29T16:45;67;kWh;-3658;9130;0;0;12788;5472
2018-09-29T16:45;2018-09-29T17:00;68;kWh;-552;6365;0;0;6917;5813
2018-09-29T17:00;2018-09-29T17:15;69;kWh;-40031;0;0;0;40031;-40031
2018-09-29T17:15;2018-09-29T17:30;70;kWh;-33333;0;0;0;33333;-33333
2018-09-29T17:30;2018-09-29T17:45;71;kWh;-13356;1923;0;0;15279;-11433
2018-09-29T17:45;2018-09-29T18:00;72;kWh;-519;15766;0;0;16285;15247
2018-09-29T18:00;2018-09-29T18:15;73;kWh;-3649;5639;0;0;9288;1990
2018-09-29T18:15;2018-09-29T18:30;74;kWh;-4954;0;0;0;4954;-4954
2018-09-29T18:30;2018-09-29T18:45;75;kWh;-50;0;0;0;50;-50
2018-09-29T18:45;2018-09-29T19:00;76;kWh;-5454;0;0;0;5454;-5454
2018-09-29T19:00;2018-09-29T19:15;77;kWh;-15643;0;0;0;15643;-15643
2018-09-29T19:15;2018-09-29T19:30;78;kWh;-13812;14;0;0;13826;-13798
2018-09-29T19:30;2018-09-29T19:45;79;kWh;-322;4817;0;0;5139;4495
2018-09-29T19:45;2018-09-29T20:00;80;kWh;0;13730;0;0;13730;13730
2018-09-29T20:00;2018-09-29T20:15;81;kWh;0;1430;0;0;1430;1430
2018-09-29T20:15;2018-09-29T20:30;82;kWh;0;0;0;0;0;0
2018-09-29T20:30;2018-09-29T20:45;83;kWh;-1491;0;0;0;1491;-1491
2018-09-29T20:45;2018-09-29T21:00;84;kWh;-15418;0;0;0;15418;-15418
2018-09-29T21:00;2018-09-29T21:15;85;kWh;-10533;0;0;0;10533;-10533
2018-09-29T21:15;2018-09-29T21:30;86;kWh;-1126;56;0;0;1182;-1070
2018-09-29T21:30;2018-09-29T21:45;87;kWh;-17244;0;0;0;17244;-17244
2018-09-29T21:45;2018-09-29T22:00;88;kWh;-40060;0;0;0;40060;-40060
2018-09-29T22:00;2018-09-29T22:15;89;kWh;-36618;1699;0;0;38317;-34919
2018-09-29T22:15;2018-09-29T22:30;90;kWh;-3230;10642;0;0;13872;7412
2018-09-29T22:30;2018-09-29T22:45;91;kWh;-25890;0;0;0;25890;-25890
2018-09-29T22:45;2018-09-29T23:00;92;kWh;-19488;0;0;0;19488;-19488
2018-09-29T23:00;2018-09-29T23:15;93;kWh;-37347;0;0;0;37347;-37347
2018-09-29T23:15;2018-09-29T23:30;94;kWh;-21754;0;0;0;21754;-21754
2018-09-29T23:30;2018-09-29T23:45;95;kWh;-14659;0;0;0;14659;-14659
2018-09-29T23:45;2018-09-30T00:00;96;kWh;-35323;0;0;0;35323;-35323
2018-09-30T00:00;2018-09-30T00:15;1;kWh;-12580;10434;0;0;23014;-2146
2018-09-30T00:15;2018-09-30T00:30;2;kWh;-13;8085;0;0;8098;8072
2018-09-30T00:30;2018-09-30T00:45;3;kWh;-15390;0;0;0;15390;-15390
2018-09-30T00:45;2018-09-30T01:00;4;kWh;-14302;0;0;0;14302;-14302
2018-09-30T01:00;2018-09-30T01:15;5;kWh;-23031;0;0;0;23031;-23031
2018-09-30T01:15;2018-09-30T01:30;6;kWh;-5497;925;0;0;6422;-4572
2018-09-30T01:30;2018-09-30T01:45;7;kWh;-29443;0;0;0;29443;-29443
2018-09-30T01:45;2018-09-30T02:00;8;kWh;-18514;0;0;0;18514;-18514
2018-09-30T02:00;2018-09-30T02:15;9;kWh;-20489;853;0;0;21342;-19636
2018-09-30T02:15;2018-09-30T02:30;10;kWh;-971;10021;0;0;10992;9050
2018-09-30T02:30;2018-09-30T02:45;11;kWh;-3619;0;0;0;3619;-3619
2018-09-30T02:45;2018-09-30T03:00;12;kWh;-24821;0;0;0;24821;-24821
2018-09-30T03:00;2018-09-30T03:15;13;kWh;-40578;0;0;0;40578;-40578
2018-09-30T03:15;2018-09-30T03:30;14;kWh;-16070;0;0;0;16070;-16070
2018-09-30T03:30;2018-09-30T03:45;15;kWh;-18235;0;0;0;18235;-18235
2018-09-30T03:45;2018-09-30T04:00;16;kWh;-23848;0;0;0;23848;-23848
2018-09-30T04:00;2018-09-30T04:15;17;kWh;-39621;0;0;0;39621;-39621
2018-09-30T04:15;2018-09-30T04:30;18;kWh;-46290;0;0;0;46290;-46290
2018-09-30T04:30;2018-09-30T04:45;19;kWh;-28515;0;0;0;28515;-28515
2018-09-30T04:45;2018-09-30T05:00;20;kWh;-31088;0;0;0;31088;-31088
2018-09-30T05:00;2018-09-30T05:15;21;kWh;-22835;0;0;0;22835;-22835
2018-09-30T05:15;2018-09-30T05:30;22;kWh;-11438;0;0;0;11438;-11438
2018-09-30T05:30;2018-09-30T05:45;23;kWh;-16645;0;0;0;16645;-16645
2018-09-30T05:45;2018-09-30T06:00;24;kWh;-3678;39;0;0;3717;-3639
2018-09-30T06:00;2018-09-30T06:15;25;kWh;-13120;0;0;0;13120;-13120
2018-09-30T06:15;2018-09-30T06:30;26;kWh;-18481;0;0;0;18481;-18481
2018-09-30T06:30;2018-09-30T06:45;27;kWh;-10861;0;0;0;10861;-10861
2018-09-30T06:45;2018-09-30T07:00;28;kWh;-5613;35;0;0;5648;-5578
2018-09-30T07:00;2018-09-30T07:15;29;kWh;-223;29850;0;0;30073;29627
2018-09-30T07:15;2018-09-30T07:30;30;kWh;-686;22252;0;0;22938;21566
2018-09-30T07:30;2018-09-30T07:45;31;kWh;-19047;126;0;0;19173;-18921
2018-09-30T07:45;2018-09-30T08:00;32;kWh;-3868;92;0;0;3960;-3776
2018-09-30T08:00;2018-09-30T08:15;33;kWh;-399;33943;0;0;34342;33544
2018-09-30T08:15;2018-09-30T08:30;34;kWh;0;20862;0;0;20862;20862
2018-09-30T08:30;2018-09-30T08:45;35;kWh;0;507;0;0;507;507
2018-09-30T08:45;2018-09-30T09:00;36;kWh;-4001;0;0;0;4001;-4001
2018-09-30T09:00;2018-09-30T09:15;37;kWh;-22030;0;0;0;22030;-22030
2018-09-30T09:15;2018-09-30T09:30;38;kWh;-43490;0;0;0;43490;-43490
2018-09-30T09:30;2018-09-30T09:45;39;kWh;-45576;0;0;0;45576;-45576
2018-09-30T09:45;2018-09-30T10:00;40;kWh;-66974;0;0;0;66974;-66974
2018-09-30T10:00;2018-09-30T10:15;41;kWh;-35053;1980;0;0;37033;-33073
2018-09-30T10:15;2018-09-30T10:30;42;kWh;-1528;2155;0;0;3683;627
2018-09-30T10:30;2018-09-30T10:45;43;kWh;-34356;0;0;0;34356;-34356
2018-09-30T10:45;2018-09-30T11:00;44;kWh;-22972;0;0;0;22972;-22972
2018-09-30T11:00;2018-09-30T11:15;45;kWh;-29872;0;0;0;29872;-29872
2018-09-30T11:15;2018-09-30T11:30;46;kWh;-47132;0;0;0;47132;-47132
2018-09-30T11:30;2018-09-30T11:45;47;kWh;-57791;0;0;0;57791;-57791
2018-09-30T11:45;2018-09-30T12:00;48;kWh;-53702;0;0;0;53702;-53702
2018-09-30T12:00;2018-09-30T12:15;49;kWh;-31864;0;0;0;31864;-31864
2018-09-30T12:15;2018-09-30T12:30;50;kWh;-24302;0;0;0;24302;-24302
2018-09-30T12:30;2018-09-30T12:45;51;kWh;-21453;0;0;0;21453;-21453
2018-09-30T12:45;2018-09-30T13:00;52;kWh;-25345;0;0;0;25345;-25345
2018-09-30T13:00;2018-09-30T13:15;53;kWh;-27022;0;0;0;27022;-27022
2018-09-30T13:15;2018-09-30T13:30;54;kWh;-17867;0;0;0;17867;-17867
2018-09-30T13:30;2018-09-30T13:45;55;kWh;-3368;95;0;0;3463;-3273
2018-09-30T13:45;2018-09-30T14:00;56;kWh;-18073;0;0;0;18073;-18073
2018-09-30T14:00;2018-09-30T14:15;57;kWh;-27943;0;0;0;27943;-27943
2018-09-30T14:15;2018-09-30T14:30;58;kWh;-29175;0;0;0;29175;-29175
2018-09-30T14:30;2018-09-30T14:45;59;kWh;-19500;0;0;0;19500;-19500
2018-09-30T14:45;2018-09-30T15:00;60;kWh;-14006;0;0;0;14006;-14006
2018-09-30T15:00;2018-09-30T15:15;61;kWh;-18897;0;0;0;18897;-18897
2018-09-30T15:15;2018-09-30T15:30;62;kWh;-30321;0;0;0;30321;-30321
2018-09-30T15:30;2018-09-30T15:45;63;kWh;-27881;0;0;0;27881;-27881
2018-09-30T15:45;2018-09-30T16:00;64;kWh;-4231;0;0;0;4231;-4231
2018-09-30T16:00;2018-09-30T16:15;65;kWh;-33304;0;0;0;33304;-33304
2018-09-30T16:15;2018-09-30T16:30;66;kWh;-34643;0;0;0;34643;-34643
2018-09-30T16:30;2018-09-30T16:45;67;kWh;-33034;0;0;0;33034;-33034
2018-09-30T16:45;2018-09-30T17:00;68;kWh;-10642;651;0;0;11293;-9991
2018-09-30T17:00;2018-09-30T17:15;69;kWh;-23032;0;0;0;23032;-23032
2018-09-30T17:15;2018-09-30T17:30;70;kWh;-4995;0;0;0;4995;-4995
2018-09-30T17:30;2018-09-30T17:45;71;kWh;0;4164;0;0;4164;4164
2018-09-30T17:45;2018-09-30T18:00;72;kWh;0;10946;0;0;10946;10946
2018-09-30T18:00;2018-09-30T18:15;73;kWh;0;1029;0;0;1029;1029
2018-09-30T18:15;2018-09-30T18:30;74;kWh;0;0;0;0;0;0
2018-09-30T18:30;2018-09-30T18:45;75;kWh;0;0;0;0;0;0
2018-09-30T18:45;2018-09-30T19:00;76;kWh;0;11;0;0;11;11
2018-09-30T19:00;2018-09-30T19:15;77;kWh;-19388;0;0;0;19388;-19388
2018-09-30T19:15;2018-09-30T19:30;78;kWh;-15723;0;0;0;15723;-15723
2018-09-30T19:30;2018-09-30T19:45;79;kWh;-8048;0;0;0;8048;-8048
2018-09-30T19:45;2018-09-30T20:00;80;kWh;-5455;0;0;0;5455;-5455
2018-09-30T20:00;2018-09-30T20:15;81;kWh;-423;0;0;0;423;-423
2018-09-30T20:15;2018-09-30T20:30;82;kWh;-4271;0;0;0;4271;-4271
2018-09-30T20:30;2018-09-30T20:45;83;kWh;-60551;0;0;0;60551;-60551
2018-09-30T20:45;2018-09-30T21:00;84;kWh;-81925;0;0;0;81925;-81925
2018-09-30T21:00;2018-09-30T21:15;85;kWh;-47406;0;0;0;47406;-47406
2018-09-30T21:15;2018-09-30T21:30;86;kWh;-17853;0;0;0;17853;-17853
2018-09-30T21:30;2018-09-30T21:45;87;kWh;-56787;0;0;0;56787;-56787
2018-09-30T21:45;2018-09-30T22:00;88;kWh;-39415;0;0;0;39415;-39415
2018-09-30T22:00;2018-09-30T22:15;89;kWh;-16510;1029;0;0;17539;-15481
2018-09-30T22:15;2018-09-30T22:30;90;kWh;-4583;685;0;0;5268;-3898
2018-09-30T22:30;2018-09-30T22:45;91;kWh;-29836;0;0;0;29836;-29836
2018-09-30T22:45;2018-09-30T23:00;92;kWh;-60238;0;0;0;60238;-60238
2018-09-30T23:00;2018-09-30T23:15;93;kWh;-33959;0;0;0;33959;-33959
2018-09-30T23:15;2018-09-30T23:30;94;kWh;-1121;0;0;0;1121;-1121
2018-09-30T23:30;2018-09-30T23:45;95;kWh;-26671;0;0;0;26671;-26671
2018-09-30T23:45;2018-10-01T00:00;96;kWh;-44254;0;0;0;44254;-44254
2018-10-01T00:00;2018-10-01T00:15;1;kWh;-35275;13;0;0;35288;-35262
2018-10-01T00:15;2018-10-01T00:30;2;kWh;-189;58;0;0;247;-131
2018-10-01T00:30;2018-10-01T00:45;3;kWh;-12;0;0;0;12;-12
2018-10-01T00:45;2018-10-01T01:00;4;kWh;-207;0;0;0;207;-207
2018-10-01T01:00;2018-10-01T01:15;5;kWh;-15811;0;0;0;15811;-15811
2018-10-01T01:15;2018-10-01T01:30;6;kWh;-1683;0;0;0;1683;-1683
2018-10-01T01:30;2018-10-01T01:45;7;kWh;-12082;0;0;0;12082;-12082
2018-10-01T01:45;2018-10-01T02:00;8;kWh;-36400;0;0;0;36400;-36400
2018-10-01T02:00;2018-10-01T02:15;9;kWh;-25168;0;0;0;25168;-25168
2018-10-01T02:15;2018-10-01T02:30;10;kWh;-3531;3;0;0;3534;-3528
2018-10-01T02:30;2018-10-01T02:45;11;kWh;-15708;0;0;0;15708;-15708
2018-10-01T02:45;2018-10-01T03:00;12;kWh;-15917;0;0;0;15917;-15917
2018-10-01T03:00;2018-10-01T03:15;13;kWh;-23162;0;0;0;23162;-23162
2018-10-01T03:15;2018-10-01T03:30;14;kWh;-8322;0;0;0;8322;-8322
2018-10-01T03:30;2018-10-01T03:45;15;kWh;-62530;0;0;0;62530;-62530
2018-10-01T03:45;2018-10-01T04:00;16;kWh;-53332;0;0;0;53332;-53332
2018-10-01T04:00;2018-10-01T04:15;17;kWh;-39496;0;0;0;39496;-39496
2018-10-01T04:15;2018-10-01T04:30;18;kWh;-10514;0;0;0;10514;-10514
2018-10-01T04:30;2018-10-01T04:45;19;kWh;-35412;0;0;0;35412;-35412
2018-10-01T04:45;2018-10-01T05:00;20;kWh;-38965;0;0;0;38965;-38965
2018-10-01T05:00;2018-10-01T05:15;21;kWh;-19108;0;0;0;19108;-19108
2018-10-01T05:15;2018-10-01T05:30;22;kWh;-42428;0;0;0;42428;-42428
2018-10-01T05:30;2018-10-01T05:45;23;kWh;-55102;0;0;0;55102;-55102
2018-10-01T05:45;2018-10-01T06:00;24;kWh;-19041;0;0;0;19041;-19041
2018-10-01T06:00;2018-10-01T06:15;25;kWh;-5410;0;0;0;5410;-5410
2018-10-01T06:15;2018-10-01T06:30;26;kWh;-36410;0;0;0;36410;-36410
2018-10-01T06:30;2018-10-01T06:45;27;kWh;-15413;450;0;0;15863;-14963
2018-10-01T06:45;2018-10-01T07:00;28;kWh;-8;22200;0;0;22208;22192
2018-10-01T07:00;2018-10-01T07:15;29;kWh;-4209;6419;0;0;10628;2210
2018-10-01T07:15;2018-10-01T07:30;30;kWh;-363;5809;0;0;6172;5446
2018-10-01T07:30;2018-10-01T07:45;31;kWh;0;6955;0;0;6955;6955
2018-10-01T07:45;2018-10-01T08:00;32;kWh;0;240;0;0;240;240
2018-10-01T08:00;2018-10-01T08:15;33;kWh;-343;68;0;0;411;-275
2018-10-01T08:15;2018-10-01T08:30;34;kWh;0;0;0;0;0;0
2018-10-01T08:30;2018-10-01T08:45;35;kWh;0;0;0;0;0;0
2018-10-01T08:45;2018-10-01T09:00;36;kWh;-832;0;0;0;832;-832
2018-10-01T09:00;2018-10-01T09:15;37;kWh;-7;13406;0;0;13413;13399
2018-10-01T09:15;2018-10-01T09:30;38;kWh;0;8886;0;0;8886;8886
2018-10-01T09:30;2018-10-01T09:45;39;kWh;-166;2663;0;0;2829;2497
2018-10-01T09:45;2018-10-01T10:00;40;kWh;-4471;0;0;0;4471;-4471
2018-10-01T10:00;2018-10-01T10:15;41;kWh;-3594;14668;0;0;18262;11074
2018-10-01T10:15;2018-10-01T10:30;42;kWh;0;5218;0;0;5218;5218
2018-10-01T10:30;2018-10-01T10:45;43;kWh;0;0;0;0;0;0
2018-10-01T10:45;2018-10-01T11:00;44;kWh;0;0;0;0;0;0
2018-10-01T11:00;2018-10-01T11:15;45;kWh;0;0;0;0;0;0
2018-10-01T11:15;2018-10-01T11:30;46;kWh;-713;0;0;0;713;-713
2018-10-01T11:30;2018-10-01T11:45;47;kWh;-38690;0;0;0;38690;-38690
2018-10-01T11:45;2018-10-01T12:00;48;kWh;-44178;0;0;0;44178;-44178
2018-10-01T12:00;2018-10-01T12:15;49;kWh;-49975;0;0;0;49975;-49975
2018-10-01T12:15;2018-10-01T12:30;50;kWh;-18885;0;0;0;18885;-18885
2018-10-01T12:30;2018-10-01T12:45;51;kWh;-60031;0;0;0;60031;-60031
2018-10-01T12:45;2018-10-01T13:00;52;kWh;-49669;0;0;0;49669;-49669
2018-10-01T13:00;2018-10-01T13:15;53;kWh;-29748;0;0;0;29748;-29748
2018-10-01T13:15;2018-10-01T13:30;54;kWh;-3517;83;0;0;3600;-3434
2018-10-01T13:30;2018-10-01T13:45;55;kWh;-9924;0;0;0;9924;-9924
2018-10-01T13:45;2018-10-01T14:00;56;kWh;-35083;0;0;0;35083;-35083
2018-10-01T14:00;2018-10-01T14:15;57;kWh;-38694;0;0;0;38694;-38694
2018-10-01T14:15;2018-10-01T14:30;58;kWh;-1241;0;0;0;1241;-1241
2018-10-01T14:30;2018-10-01T14:45;59;kWh;-1531;0;0;0;1531;-1531
2018-10-01T14:45;2018-10-01T15:00;60;kWh;-130;0;0;0;130;-130
2018-10-01T15:00;2018-10-01T15:15;61;kWh;-23513;0;0;0;23513;-23513
2018-10-01T15:15;2018-10-01T15:30;62;kWh;-34390;0;0;0;34390;-34390
2018-10-01T15:30;2018-10-01T15:45;63;kWh;-12794;0;0;0;12794;-12794
2018-10-01T15:45;2018-10-01T16:00;64;kWh;-934;1655;0;0;2589;721
2018-10-01T16:00;2018-10-01T16:15;65;kWh;-2786;0;0;0;2786;-2786
2018-10-01T16:15;2018-10-01T16:30;66;kWh;-2421;0;0;0;2421;-2421
2018-10-01T16:30;2018-10-01T16:45;67;kWh;0;0;0;0;0;0
2018-10-01T16:45;2018-10-01T17:00;68;kWh;0;7223;0;0;7223;7223
2018-10-01T17:00;2018-10-01T17:15;69;kWh;-8291;5115;0;0;13406;-3176
2018-10-01T17:15;2018-10-01T17:30;70;kWh;-36323;0;0;0;36323;-36323
2018-10-01T17:30;2018-10-01T17:45;71;kWh;-1349;0;0;0;1349;-1349
2018-10-01T17:45;2018-10-01T18:00;72;kWh;-11;24;0;0;35;13
2018-10-01T18:00;2018-10-01T18:15;73;kWh;-21742;0;0;0;21742;-21742
2018-10-01T18:15;2018-10-01T18:30;74;kWh;-4023;0;0;0;4023;-4023
2018-10-01T18:30;2018-10-01T18:45;75;kWh;-480;0;0;0;480;-480
2018-10-01T18:45;2018-10-01T19:00;76;kWh;0;5611;0;0;5611;5611
2018-10-01T19:00;2018-10-01T19:15;77;kWh;-389;14770;0;0;15159;14381
2018-10-01T19:15;2018-10-01T19:30;78;kWh;-53;8810;0;0;8863;8757
2018-10-01T19:30;2018-10-01T19:45;79;kWh;0;52035;0;0;52035;52035
2018-10-01T19:45;2018-10-01T20:00;80;kWh;0;83501;0;0;83501;83501
2018-10-01T20:00;2018-10-01T20:15;81;kWh;0;56665;0;0;56665;56665
2018-10-01T20:15;2018-10-01T20:30;82;kWh;0;41096;0;0;41096;41096
2018-10-01T20:30;2018-10-01T20:45;83;kWh;0;20672;0;0;20672;20672
2018-10-01T20:45;2018-10-01T21:00;84;kWh;-16466;7151;0;0;23617;-9315
2018-10-01T21:00;2018-10-01T21:15;85;kWh;-20062;1809;0;0;21871;-18253
2018-10-01T21:15;2018-10-01T21:30;86;kWh;-13358;155;0;0;13513;-13203
2018-10-01T21:30;2018-10-01T21:45;87;kWh;-59535;0;0;0;59535;-59535
2018-10-01T21:45;2018-10-01T22:00;88;kWh;-32471;0;0;0;32471;-32471
2018-10-01T22:00;2018-10-01T22:15;89;kWh;-29063;0;0;0;29063;-29063
2018-10-01T22:15;2018-10-01T22:30;90;kWh;-23509;0;0;0;23509;-23509
2018-10-01T22:30;2018-10-01T22:45;91;kWh;-4286;0;0;0;4286;-4286
2018-10-01T22:45;2018-10-01T23:00;92;kWh;-27122;0;0;0;27122;-27122
2018-10-01T23:00;2018-10-01T23:15;93;kWh;-25243;2726;0;0;27969;-22517
2018-10-01T23:15;2018-10-01T23:30;94;kWh;-502;41932;0;0;42434;41430
2018-10-01T23:30;2018-10-01T23:45;95;kWh;-70;18177;0;0;18247;18107
2018-10-01T23:45;2018-10-02T00:00;96;kWh;-6296;0;0;0;6296;-6296
2018-10-02T00:00;2018-10-02T00:15;1;kWh;-5674;0;0;0;5674;-5674
2018-10-02T00:15;2018-10-02T00:30;2;kWh;-117;642;0;0;759;525
2018-10-02T00:30;2018-10-02T00:45;3;kWh;0;19847;0;0;19847;19847
2018-10-02T00:45;2018-10-02T01:00;4;kWh;0;8098;0;0;8098;8098
2018-10-02T01:00;2018-10-02T01:15;5;kWh;0;16525;0;0;16525;16525
2018-10-02T01:15;2018-10-02T01:30;6;kWh;0;50649;0;0;50649;50649
2018-10-02T01:30;2018-10-02T01:45;7;kWh;-61;9226;0;0;9287;9165
2018-10-02T01:45;2018-10-02T02:00;8;kWh;-16414;0;0;0;16414;-16414
2018-10-02T02:00;2018-10-02T02:15;9;kWh;-24946;0;0;0;24946;-24946
2018-10-02T02:15;2018-10-02T02:30;10;kWh;-15723;0;0;0;15723;-15723
2018-10-02T02:30;2018-10-02T02:45;11;kWh;-61410;0;0;0;61410;-61410
2018-10-02T02:45;2018-10-02T03:00;12;kWh;-73781;0;0;0;73781;-73781
2018-10-02T03:00;2018-10-02T03:15;13;kWh;-37630;302;0;0;37932;-37328
2018-10-02T03:15;2018-10-02T03:30;14;kWh;-7559;14;0;0;7573;-7545
2018-10-02T03:30;2018-10-02T03:45;15;kWh;-36046;0;0;0;36046;-36046
2018-10-02T03:45;2018-10-02T04:00;16;kWh;-45854;0;0;0;45854;-45854
2018-10-02T04:00;2018-10-02T04:15;17;kWh;-29561;0;0;0;29561;-29561
2018-10-02T04:15;2018-10-02T04:30;18;kWh;-34002;0;0;0;34002;-34002
2018-10-02T04:30;2018-10-02T04:45;19;kWh;-75836;0;0;0;75836;-75836
2018-10-02T04:45;2018-10-02T05:00;20;kWh;-87051;0;0;0;87051;-87051
2018-10-02T05:00;2018-10-02T05:15;21;kWh;-90861;0;0;0;90861;-90861
2018-10-02T05:15;2018-10-02T05:30;22;kWh;-85701;0;0;0;85701;-85701
2018-10-02T05:30;2018-10-02T05:45;23;kWh;-85739;0;0;0;85739;-85739
2018-10-02T05:45;2018-10-02T06:00;24;kWh;-95946;0;0;0;95946;-95946
2018-10-02T06:00;2018-10-02T06:15;25;kWh;-31646;0;0;0;31646;-31646
2018-10-02T06:15;2018-10-02T06:30;26;kWh;-41606;0;0;0;41606;-41606
2018-10-02T06:30;2018-10-02T06:45;27;kWh;-10909;714;0;0;11623;-10195
2018-10-02T06:45;2018-10-02T07:00;28;kWh;0;5304;0;0;5304;5304
2018-10-02T07:00;2018-10-02T07:15;29;kWh;-18552;938;0;0;19490;-17614
2018-10-02T07:15;2018-10-02T07:30;30;kWh;-51418;0;0;0;51418;-51418
2018-10-02T07:30;2018-10-02T07:45;31;kWh;-2499;1345;0;0;3844;-1154
2018-10-02T07:45;2018-10-02T08:00;32;kWh;0;11256;0;0;11256;11256
2018-10-02T08:00;2018-10-02T08:15;33;kWh;0;16580;0;0;16580;16580
2018-10-02T08:15;2018-10-02T08:30;34;kWh;-889;916;0;0;1805;27
2018-10-02T08:30;2018-10-02T08:45;35;kWh;-201;0;0;0;201;-201
2018-10-02T08:45;2018-10-02T09:00;36;kWh;0;0;0;0;0;0
2018-10-02T09:00;2018-10-02T09:15;37;kWh;0;2791;0;0;2791;2791
2018-10-02T09:15;2018-10-02T09:30;38;kWh;0;4067;0;0;4067;4067
2018-10-02T09:30;2018-10-02T09:45;39;kWh;0;11776;0;0;11776;11776
2018-10-02T09:45;2018-10-02T10:00;40;kWh;0;9236;0;0;9236;9236
2018-10-02T10:00;2018-10-02T10:15;41;kWh;0;6169;0;0;6169;6169
2018-10-02T10:15;2018-10-02T10:30;42;kWh;0;40225;0;0;40225;40225
2018-10-02T10:30;2018-10-02T10:45;43;kWh;0;59011;0;0;59011;59011
2018-10-02T10:45;2018-10-02T11:00;44;kWh;0;45434;0;0;45434;45434
2018-10-02T11:00;2018-10-02T11:15;45;kWh;0;69597;0;0;69597;69597
2018-10-02T11:15;2018-10-02T11:30;46;kWh;0;110501;0;0;110501;110501
2018-10-02T11:30;2018-10-02T11:45;47;kWh;0;100964;0;0;100964;100964
2018-10-02T11:45;2018-10-02T12:00;48;kWh;0;90003;0;0;93753;93753
2018-10-02T12:00;2018-10-02T12:15;49;kWh;0;49409;0;0;49409;49409
2018-10-02T12:15;2018-10-02T12:30;50;kWh;0;24226;0;0;24226;24226
2018-10-02T12:30;2018-10-02T12:45;51;kWh;0;10120;0;0;10120;10120
2018-10-02T12:45;2018-10-02T13:00;52;kWh;-119;11162;0;0;11281;11043
2018-10-02T13:00;2018-10-02T13:15;53;kWh;-531;679;0;0;1210;148
2018-10-02T13:15;2018-10-02T13:30;54;kWh;0;0;0;0;0;0
2018-10-02T13:30;2018-10-02T13:45;55;kWh;-729;0;0;0;729;-729
2018-10-02T13:45;2018-10-02T14:00;56;kWh;-41472;0;0;0;41472;-41472
2018-10-02T14:00;2018-10-02T14:15;57;kWh;-19147;0;0;0;19147;-19147
2018-10-02T14:15;2018-10-02T14:30;58;kWh;-1694;0;0;0;1694;-1694
2018-10-02T14:30;2018-10-02T14:45;59;kWh;-18164;0;0;0;18164;-18164
2018-10-02T14:45;2018-10-02T15:00;60;kWh;-31787;0;0;0;31787;-31787
2018-10-02T15:00;2018-10-02T15:15;61;kWh;-50718;0;0;0;50718;-50718
2018-10-02T15:15;2018-10-02T15:30;62;kWh;-2332;0;0;0;2332;-2332
2018-10-02T15:30;2018-10-02T15:45;63;kWh;-3498;0;0;0;3498;-3498
2018-10-02T15:45;2018-10-02T16:00;64;kWh;-33090;0;0;0;33090;-33090
2018-10-02T16:00;2018-10-02T16:15;65;kWh;-74698;0;0;0;74698;-74698
2018-10-02T16:15;2018-10-02T16:30;66;kWh;-57299;0;0;0;57299;-57299
2018-10-02T16:30;2018-10-02T16:45;67;kWh;-75114;0;0;0;75114;-75114
2018-10-02T16:45;2018-10-02T17:00;68;kWh;-58607;0;0;0;58607;-58607
2018-10-02T17:00;2018-10-02T17:15;69;kWh;-48668;0;0;0;48668;-48668
2018-10-02T17:15;2018-10-02T17:30;70;kWh;-25299;810;0;0;26109;-24489
2018-10-02T17:30;2018-10-02T17:45;71;kWh;-179;113;0;0;292;-66
2018-10-02T17:45;2018-10-02T18:00;72;kWh;0;1017;0;0;1017;1017
2018-10-02T18:00;2018-10-02T18:15;73;kWh;-1370;2063;0;0;3433;693
2018-10-02T18:15;2018-10-02T18:30;74;kWh;-25479;0;0;0;25479;-25479
2018-10-02T18:30;2018-10-02T18:45;75;kWh;-3166;22;0;0;3188;-3144
2018-10-02T18:45;2018-10-02T19:00;76;kWh;-667;553;0;0;1220;-114
2018-10-02T19:00;2018-10-02T19:15;77;kWh;-12400;35;0;0;12435;-12365
2018-10-02T19:15;2018-10-02T19:30;78;kWh;-3701;900;0;0;4601;-2801
2018-10-02T19:30;2018-10-02T19:45;79;kWh;0;36305;0;0;36305;36305
2018-10-02T19:45;2018-10-02T20:00;80;kWh;0;47551;0;0;47551;47551
2018-10-02T20:00;2018-10-02T20:15;81;kWh;0;62002;0;0;62002;62002
2018-10-02T20:15;2018-10-02T20:30;82;kWh;0;67670;0;0;70170;70170
2018-10-02T20:30;2018-10-02T20:45;83;kWh;-5821;16727;0;0;22548;10906
2018-10-02T20:45;2018-10-02T21:00;84;kWh;-22333;0;0;0;22333;-22333
2018-10-02T21:00;2018-10-02T21:15;85;kWh;-22360;247;0;0;22607;-22113
2018-10-02T21:15;2018-10-02T21:30;86;kWh;-1366;3932;0;0;5298;2566
2018-10-02T21:30;2018-10-02T21:45;87;kWh;-1667;0;0;0;1667;-1667
2018-10-02T21:45;2018-10-02T22:00;88;kWh;-18321;0;0;0;18321;-18321
2018-10-02T22:00;2018-10-02T22:15;89;kWh;-10881;3656;0;0;14537;-7225
2018-10-02T22:15;2018-10-02T22:30;90;kWh;-48;279;0;0;327;231
2018-10-02T22:30;2018-10-02T22:45;91;kWh;-11783;0;0;0;11783;-11783
2018-10-02T22:45;2018-10-02T23:00;92;kWh;-13124;0;0;0;13124;-13124
2018-10-02T23:00;2018-10-02T23:15;93;kWh;-2020;31946;0;0;33966;29926
2018-10-02T23:15;2018-10-02T23:30;94;kWh;0;64403;0;0;64403;64403
2018-10-02T23:30;2018-10-02T23:45;95;kWh;-151;2294;0;0;2445;2143
2018-10-02T23:45;2018-10-03T00:00;96;kWh;-20229;0;0;0;20229;-20229
2018-10-03T00:00;2018-10-03T00:15;1;kWh;-8068;16183;0;0;24251;8115
2018-10-03T00:15;2018-10-03T00:30;2;kWh;-1208;28330;0;0;29538;27122
2018-10-03T00:30;2018-10-03T00:45;3;kWh;-19059;53;0;0;19112;-19006
2018-10-03T00:45;2018-10-03T01:00;4;kWh;-1358;16298;0;0;17656;14940
2018-10-03T01:00;2018-10-03T01:15;5;kWh;-5027;3122;0;0;8149;-1905
2018-10-03T01:15;2018-10-03T01:30;6;kWh;0;23551;0;0;23551;23551
2018-10-03T01:30;2018-10-03T01:45;7;kWh;-710;2344;0;0;3054;1634
2018-10-03T01:45;2018-10-03T02:00;8;kWh;-7852;0;0;0;7852;-7852
2018-10-03T02:00;2018-10-03T02:15;9;kWh;-608;12804;0;0;13412;12196
2018-10-03T02:15;2018-10-03T02:30;10;kWh;0;26653;0;0;26653;26653
2018-10-03T02:30;2018-10-03T02:45;11;kWh;0;4545;0;0;4545;4545
2018-10-03T02:45;2018-10-03T03:00;12;kWh;0;4707;0;0;4707;4707
2018-10-03T03:00;2018-10-03T03:15;13;kWh;0;39888;0;0;39888;39888
2018-10-03T03:15;2018-10-03T03:30;14;kWh;0;31031;0;0;31031;31031
2018-10-03T03:30;2018-10-03T03:45;15;kWh;0;14276;0;0;14276;14276
2018-10-03T03:45;2018-10-03T04:00;16;kWh;-329;335;0;0;664;6
2018-10-03T04:00;2018-10-03T04:15;17;kWh;-346;3336;0;0;3682;2990
2018-10-03T04:15;2018-10-03T04:30;18;kWh;-877;692;0;0;1569;-185
2018-10-03T04:30;2018-10-03T04:45;19;kWh;-3;7055;0;0;7058;7052
2018-10-03T04:45;2018-10-03T05:00;20;kWh;0;20594;0;0;20594;20594
2018-10-03T05:00;2018-10-03T05:15;21;kWh;-23501;6143;0;0;29644;-17358
2018-10-03T05:15;2018-10-03T05:30;22;kWh;-18137;0;0;0;18137;-18137
2018-10-03T05:30;2018-10-03T05:45;23;kWh;-748;3342;0;0;4090;2594
2018-10-03T05:45;2018-10-03T06:00;24;kWh;-3180;6424;0;0;9604;3244
2018-10-03T06:00;2018-10-03T06:15;25;kWh;-36194;246;0;0;36440;-35948
2018-10-03T06:15;2018-10-03T06:30;26;kWh;-26784;0;0;0;26784;-26784
2018-10-03T06:30;2018-10-03T06:45;27;kWh;-3879;25613;0;0;29492;21734
2018-10-03T06:45;2018-10-03T07:00;28;kWh;0;50761;0;0;50761;50761
2018-10-03T07:00;2018-10-03T07:15;29;kWh;0;90293;0;0;90293;90293
2018-10-03T07:15;2018-10-03T07:30;30;kWh;0;38142;0;0;38142;38142
2018-10-03T07:30;2018-10-03T07:45;31;kWh;0;57049;0;0;57049;57049
2018-10-03T07:45;2018-10-03T08:00;32;kWh;-35;21391;0;0;21426;21356
2018-10-03T08:00;2018-10-03T08:15;33;kWh;-30733;3121;0;0;33854;-27612
2018-10-03T08:15;2018-10-03T08:30;34;kWh;-14976;0;0;0;14976;-14976
2018-10-03T08:30;2018-10-03T08:45;35;kWh;-8049;0;0;0;8049;-8049
2018-10-03T08:45;2018-10-03T09:00;36;kWh;-3877;60;0;0;3937;-3817
2018-10-03T09:00;2018-10-03T09:15;37;kWh;-187;840;0;0;1027;653
2018-10-03T09:15;2018-10-03T09:30;38;kWh;0;709;0;0;709;709
2018-10-03T09:30;2018-10-03T09:45;39;kWh;0;0;0;0;0;0
2018-10-03T09:45;2018-10-03T10:00;40;kWh;-358;0;0;0;358;-358
2018-10-03T10:00;2018-10-03T10:15;41;kWh;-24778;0;0;0;24778;-24778
2018-10-03T10:15;2018-10-03T10:30;42;kWh;-41260;0;0;0;41260;-41260
2018-10-03T10:30;2018-10-03T10:45;43;kWh;-48731;0;0;0;48731;-48731
2018-10-03T10:45;2018-10-03T11:00;44;kWh;-65547;0;0;0;65547;-65547
2018-10-03T11:00;2018-10-03T11:15;45;kWh;-35398;0;0;0;35398;-35398
2018-10-03T11:15;2018-10-03T11:30;46;kWh;-42913;0;0;0;42913;-42913
2018-10-03T11:30;2018-10-03T11:45;47;kWh;-55206;0;0;0;55206;-55206
2018-10-03T11:45;2018-10-03T12:00;48;kWh;-47333;0;0;0;47333;-47333
2018-10-03T12:00;2018-10-03T12:15;49;kWh;-15791;0;0;0;15791;-15791
2018-10-03T12:15;2018-10-03T12:30;50;kWh;-33510;0;0;0;33510;-33510
2018-10-03T12:30;2018-10-03T12:45;51;kWh;-44865;0;0;0;44865;-44865
2018-10-03T12:45;2018-10-03T13:00;52;kWh;-49187;0;0;0;49187;-49187
2018-10-03T13:00;2018-10-03T13:15;53;kWh;-30136;0;0;0;30136;-30136
2018-10-03T13:15;2018-10-03T13:30;54;kWh;-8392;17;0;0;8409;-8375
2018-10-03T13:30;2018-10-03T13:45;55;kWh;-21095;0;0;0;21095;-21095
2018-10-03T13:45;2018-10-03T14:00;56;kWh;-6626;429;0;0;7055;-6197
2018-10-03T14:00;2018-10-03T14:15;57;kWh;-11121;0;0;0;11121;-11121
2018-10-03T14:15;2018-10-03T14:30;58;kWh;-41600;0;0;0;41600;-41600
2018-10-03T14:30;2018-10-03T14:45;59;kWh;-32757;0;0;0;32757;-32757
2018-10-03T14:45;2018-10-03T15:00;60;kWh;-33482;0;0;0;33482;-33482
2018-10-03T15:00;2018-10-03T15:15;61;kWh;-43701;0;0;0;43701;-43701
2018-10-03T15:15;2018-10-03T15:30;62;kWh;-63062;0;0;0;63062;-63062
2018-10-03T15:30;2018-10-03T15:45;63;kWh;-30339;0;0;0;30339;-30339
2018-10-03T15:45;2018-10-03T16:00;64;kWh;-7306;0;0;0;7306;-7306
2018-10-03T16:00;2018-10-03T16:15;65;kWh;-1096;686;0;0;1782;-410
2018-10-03T16:15;2018-10-03T16:30;66;kWh;-8862;0;0;0;8862;-8862
2018-10-03T16:30;2018-10-03T16:45;67;kWh;-10920;0;0;0;10920;-10920
2018-10-03T16:45;2018-10-03T17:00;68;kWh;-5526;0;0;0;5526;-5526
2018-10-03T17:00;2018-10-03T17:15;69;kWh;-16210;0;0;0;16210;-16210
2018-10-03T17:15;2018-10-03T17:30;70;kWh;-5706;4138;0;0;9844;-1568
2018-10-03T17:30;2018-10-03T17:45;71;kWh;0;15976;0;0;15976;15976
2018-10-03T17:45;2018-10-03T18:00;72;kWh;0;29757;0;0;29757;29757
2018-10-03T18:00;2018-10-03T18:15;73;kWh;-2707;7837;0;0;10544;5130
2018-10-03T18:15;2018-10-03T18:30;74;kWh;-314;0;0;0;314;-314
2018-10-03T18:30;2018-10-03T18:45;75;kWh;0;310;0;0;310;310
2018-10-03T18:45;2018-10-03T19:00;76;kWh;-419;321;0;0;740;-98
2018-10-03T19:00;2018-10-03T19:15;77;kWh;-4232;406;0;0;4638;-3826
2018-10-03T19:15;2018-10-03T19:30;78;kWh;-88;19146;0;0;19234;19058
2018-10-03T19:30;2018-10-03T19:45;79;kWh;0;74924;0;0;74924;74924
2018-10-03T19:45;2018-10-03T20:00;80;kWh;0;70107;0;0;70107;70107
2018-10-03T20:00;2018-10-03T20:15;81;kWh;0;63069;0;0;63069;63069
2018-10-03T20:15;2018-10-03T20:30;82;kWh;-1111;39103;0;0;40214;37992
2018-10-03T20:30;2018-10-03T20:45;83;kWh;-18574;1003;0;0;19577;-17571
2018-10-03T20:45;2018-10-03T21:00;84;kWh;-19609;0;0;0;19609;-19609
2018-10-03T21:00;2018-10-03T21:15;85;kWh;-21236;11195;0;0;32431;-10041
2018-10-03T21:15;2018-10-03T21:30;86;kWh;-754;5732;0;0;6486;4978
2018-10-03T21:30;2018-10-03T21:45;87;kWh;-22229;0;0;0;22229;-22229
2018-10-03T21:45;2018-10-03T22:00;88;kWh;-23963;312;0;0;24275;-23651
2018-10-03T22:00;2018-10-03T22:15;89;kWh;-545;6916;0;0;7461;6371
2018-10-03T22:15;2018-10-03T22:30;90;kWh;-8;535;0;0;543;527
2018-10-03T22:30;2018-10-03T22:45;91;kWh;-12971;0;0;0;12971;-12971
2018-10-03T22:45;2018-10-03T23:00;92;kWh;-2939;489;0;0;3428;-2450
2018-10-03T23:00;2018-10-03T23:15;93;kWh;-3267;0;0;0;3267;-3267
2018-10-03T23:15;2018-10-03T23:30;94;kWh;0;0;0;0;0;0
2018-10-03T23:30;2018-10-03T23:45;95;kWh;0;0;0;0;0;0
2018-10-03T23:45;2018-10-04T00:00;96;kWh;-60;0;0;0;60;-60
2018-10-04T00:00;2018-10-04T00:15;1;kWh;-22;7054;0;0;7076;7032
2018-10-04T00:15;2018-10-04T00:30;2;kWh;0;23208;0;0;23208;23208
2018-10-04T00:30;2018-10-04T00:45;3;kWh;-14670;3908;0;0;18578;-10762
2018-10-04T00:45;2018-10-04T01:00;4;kWh;-43279;0;0;0;43279;-43279
2018-10-04T01:00;2018-10-04T01:15;5;kWh;-18638;2489;0;0;21127;-16149
2018-10-04T01:15;2018-10-04T01:30;6;kWh;0;763;0;0;763;763
2018-10-04T01:30;2018-10-04T01:45;7;kWh;-11418;0;0;0;11418;-11418
2018-10-04T01:45;2018-10-04T02:00;8;kWh;-45137;0;0;0;45137;-45137
2018-10-04T02:00;2018-10-04T02:15;9;kWh;-22276;926;0;0;23202;-21350
2018-10-04T02:15;2018-10-04T02:30;10;kWh;-69;6461;0;0;6530;6392
2018-10-04T02:30;2018-10-04T02:45;11;kWh;0;3989;0;0;3989;3989
2018-10-04T02:45;2018-10-04T03:00;12;kWh;0;4339;0;0;4339;4339
2018-10-04T03:00;2018-10-04T03:15;13;kWh;0;4687;0;0;4687;4687
2018-10-04T03:15;2018-10-04T03:30;14;kWh;0;18174;0;0;18174;18174
2018-10-04T03:30;2018-10-04T03:45;15;kWh;0;17900;0;0;17900;17900
2018-10-04T03:45;2018-10-04T04:00;16;kWh;-152;5832;0;0;5984;5680
2018-10-04T04:00;2018-10-04T04:15;17;kWh;-274;2;0;0;276;-272
2018-10-04T04:15;2018-10-04T04:30;18;kWh;0;9243;0;0;9243;9243
2018-10-04T04:30;2018-10-04T04:45;19;kWh;0;9895;0;0;9895;9895
2018-10-04T04:45;2018-10-04T05:00;20;kWh;0;11738;0;0;11738;11738
2018-10-04T05:00;2018-10-04T05:15;21;kWh;0;15847;0;0;15847;15847
2018-10-04T05:15;2018-10-04T05:30;22;kWh;0;16852;0;0;16852;16852
2018-10-04T05:30;2018-10-04T05:45;23;kWh;0;41733;0;0;41733;41733
2018-10-04T05:45;2018-10-04T06:00;24;kWh;-903;22572;0;0;23475;21669
2018-10-04T06:00;2018-10-04T06:15;25;kWh;-474;23;0;0;497;-451
2018-10-04T06:15;2018-10-04T06:30;26;kWh;0;1011;0;0;1011;1011
2018-10-04T06:30;2018-10-04T06:45;27;kWh;0;26242;0;0;26242;26242
2018-10-04T06:45;2018-10-04T07:00;28;kWh;0;54316;0;0;54316;54316
2018-10-04T07:00;2018-10-04T07:15;29;kWh;-11792;14781;0;0;26573;2989
2018-10-04T07:15;2018-10-04T07:30;30;kWh;-1195;0;0;0;1195;-1195
2018-10-04T07:30;2018-10-04T07:45;31;kWh;0;14990;0;0;14990;14990
2018-10-04T07:45;2018-10-04T08:00;32;kWh;0;79413;0;0;79413;79413
2018-10-04T08:00;2018-10-04T08:15;33;kWh;0;39425;0;0;39425;39425
2018-10-04T08:15;2018-10-04T08:30;34;kWh;0;0;0;0;0;0
2018-10-04T08:30;2018-10-04T08:45;35;kWh;0;0;0;0;0;0
2018-10-04T08:45;2018-10-04T09:00;36;kWh;0;1115;0;0;1115;1115
2018-10-04T09:00;2018-10-04T09:15;37;kWh;0;22969;0;0;22969;22969
2018-10-04T09:15;2018-10-04T09:30;38;kWh;0;21686;0;0;21686;21686
2018-10-04T09:30;2018-10-04T09:45;39;kWh;0;5624;0;0;5624;5624
2018-10-04T09:45;2018-10-04T10:00;40;kWh;0;0;0;0;0;0
2018-10-04T10:00;2018-10-04T10:15;41;kWh;0;592;0;0;592;592
2018-10-04T10:15;2018-10-04T10:30;42;kWh;0;1329;0;0;1329;1329
2018-10-04T10:30;2018-10-04T10:45;43;kWh;0;0;0;0;0;0
2018-10-04T10:45;2018-10-04T11:00;44;kWh;0;0;0;0;0;0
2018-10-04T11:00;2018-10-04T11:15;45;kWh;0;17706;0;0;17706;17706
2018-10-04T11:15;2018-10-04T11:30;46;kWh;0;39460;0;0;39460;39460
2018-10-04T11:30;2018-10-04T11:45;47;kWh;0;13417;0;0;13417;13417
2018-10-04T11:45;2018-10-04T12:00;48;kWh;-65;1582;0;0;1647;1517
2018-10-04T12:00;2018-10-04T12:15;49;kWh;-5409;2;0;0;5411;-5407
2018-10-04T12:15;2018-10-04T12:30;50;kWh;-42551;0;0;0;42551;-42551
2018-10-04T12:30;2018-10-04T12:45;51;kWh;-68484;0;0;0;68484;-68484
2018-10-04T12:45;2018-10-04T13:00;52;kWh;-82550;0;0;0;82550;-82550
2018-10-04T13:00;2018-10-04T13:15;53;kWh;-60481;0;0;0;60481;-60481
2018-10-04T13:15;2018-10-04T13:30;54;kWh;-22280;0;0;0;22280;-22280
2018-10-04T13:30;2018-10-04T13:45;55;kWh;-32921;0;0;0;32921;-32921
2018-10-04T13:45;2018-10-04T14:00;56;kWh;-26707;0;0;0;26707;-26707
2018-10-04T14:00;2018-10-04T14:15;57;kWh;-24200;3366;0;0;27566;-20834
2018-10-04T14:15;2018-10-04T14:30;58;kWh;-173;9715;0;0;9888;9542
2018-10-04T14:30;2018-10-04T14:45;59;kWh;0;16152;0;0;16152;16152
2018-10-04T14:45;2018-10-04T15:00;60;kWh;0;25533;0;0;25533;25533
2018-10-04T15:00;2018-10-04T15:15;61;kWh;-503;15913;0;0;16416;15410
2018-10-04T15:15;2018-10-04T15:30;62;kWh;-1155;7105;0;0;8260;5950
2018-10-04T15:30;2018-10-04T15:45;63;kWh;0;29119;0;0;29119;29119
2018-10-04T15:45;2018-10-04T16:00;64;kWh;0;15057;0;0;15057;15057
2018-10-04T16:00;2018-10-04T16:15;65;kWh;0;19323;0;0;19323;19323
2018-10-04T16:15;2018-10-04T16:30;66;kWh;0;19580;0;0;19580;19580
2018-10-04T16:30;2018-10-04T16:45;67;kWh;0;31167;0;0;31167;31167
2018-10-04T16:45;2018-10-04T17:00;68;kWh;0;34513;0;0;34513;34513
2018-10-04T17:00;2018-10-04T17:15;69;kWh;-4545;20351;0;0;24896;15806
2018-10-04T17:15;2018-10-04T17:30;70;kWh;-1426;585;0;0;2011;-841
2018-10-04T17:30;2018-10-04T17:45;71;kWh;0;3258;0;0;3258;3258
2018-10-04T17:45;2018-10-04T18:00;72;kWh;0;2159;0;0;2159;2159
2018-10-04T18:00;2018-10-04T18:15;73;kWh;-18585;644;0;0;19229;-17941
2018-10-04T18:15;2018-10-04T18:30;74;kWh;-45362;0;0;0;45362;-45362
2018-10-04T18:30;2018-10-04T18:45;75;kWh;-7868;0;0;0;7868;-7868
2018-10-04T18:45;2018-10-04T19:00;76;kWh;0;0;0;0;0;0
2018-10-04T19:00;2018-10-04T19:15;77;kWh;-819;0;0;0;819;-819
2018-10-04T19:15;2018-10-04T19:30;78;kWh;0;0;0;0;0;0
2018-10-04T19:30;2018-10-04T19:45;79;kWh;0;0;0;0;0;0
2018-10-04T19:45;2018-10-04T20:00;80;kWh;0;140;0;0;140;140
2018-10-04T20:00;2018-10-04T20:15;81;kWh;0;34027;0;0;34027;34027
2018-10-04T20:15;2018-10-04T20:30;82;kWh;0;28505;0;0;28505;28505
2018-10-04T20:30;2018-10-04T20:45;83;kWh;-2234;1814;0;0;4048;-420
2018-10-04T20:45;2018-10-04T21:00;84;kWh;-24200;0;0;0;24200;-24200
2018-10-04T21:00;2018-10-04T21:15;85;kWh;-13863;10519;0;0;24382;-3344
2018-10-04T21:15;2018-10-04T21:30;86;kWh;0;14985;0;0;14985;14985
2018-10-04T21:30;2018-10-04T21:45;87;kWh;-2479;4817;0;0;7296;2338
2018-10-04T21:45;2018-10-04T22:00;88;kWh;-27844;0;0;0;27844;-27844
2018-10-04T22:00;2018-10-04T22:15;89;kWh;-6437;2796;0;0;9233;-3641
2018-10-04T22:15;2018-10-04T22:30;90;kWh;0;31;0;0;31;31
2018-10-04T22:30;2018-10-04T22:45;91;kWh;-919;0;0;0;919;-919
2018-10-04T22:45;2018-10-04T23:00;92;kWh;-34281;0;0;0;34281;-34281
2018-10-04T23:00;2018-10-04T23:15;93;kWh;-40839;2395;0;0;43234;-38444
2018-10-04T23:15;2018-10-04T23:30;94;kWh;-10228;7658;0;0;17886;-2570
2018-10-04T23:30;2018-10-04T23:45;95;kWh;-47550;0;0;0;47550;-47550
2018-10-04T23:45;2018-10-05T00:00;96;kWh;-65707;0;0;0;65707;-65707
2018-10-05T00:00;2018-10-05T00:15;1;kWh;-27034;774;0;0;27808;-26260
2018-10-05T00:15;2018-10-05T00:30;2;kWh;-2293;1320;0;0;3613;-973
2018-10-05T00:30;2018-10-05T00:45;3;kWh;-877;7135;0;0;8012;6258
2018-10-05T00:45;2018-10-05T01:00;4;kWh;-7387;1460;0;0;8847;-5927
2018-10-05T01:00;2018-10-05T01:15;5;kWh;-12185;0;0;0;12185;-12185
2018-10-05T01:15;2018-10-05T01:30;6;kWh;-9895;0;0;0;9895;-9895
2018-10-05T01:30;2018-10-05T01:45;7;kWh;-16146;0;0;0;16146;-16146
2018-10-05T01:45;2018-10-05T02:00;8;kWh;-24783;0;0;0;24783;-24783
2018-10-05T02:00;2018-10-05T02:15;9;kWh;-23322;0;0;0;23322;-23322
2018-10-05T02:15;2018-10-05T02:30;10;kWh;-959;419;0;0;1378;-540
2018-10-05T02:30;2018-10-05T02:45;11;kWh;-63;1034;0;0;1097;971
2018-10-05T02:45;2018-10-05T03:00;12;kWh;-1084;39;0;0;1123;-1045
2018-10-05T03:00;2018-10-05T03:15;13;kWh;-2644;51;0;0;2695;-2593
2018-10-05T03:15;2018-10-05T03:30;14;kWh;0;1167;0;0;1167;1167
2018-10-05T03:30;2018-10-05T03:45;15;kWh;0;2174;0;0;2174;2174
2018-10-05T03:45;2018-10-05T04:00;16;kWh;0;8962;0;0;8962;8962
2018-10-05T04:00;2018-10-05T04:15;17;kWh;0;19103;0;0;19103;19103
2018-10-05T04:15;2018-10-05T04:30;18;kWh;0;15365;0;0;15365;15365
2018-10-05T04:30;2018-10-05T04:45;19;kWh;0;4236;0;0;4236;4236
2018-10-05T04:45;2018-10-05T05:00;20;kWh;0;11238;0;0;11238;11238
2018-10-05T05:00;2018-10-05T05:15;21;kWh;-3411;4946;0;0;8357;1535
2018-10-05T05:15;2018-10-05T05:30;22;kWh;-2417;1029;0;0;3446;-1388
2018-10-05T05:30;2018-10-05T05:45;23;kWh;0;5764;0;0;5764;5764
2018-10-05T05:45;2018-10-05T06:00;24;kWh;0;9421;0;0;9421;9421
2018-10-05T06:00;2018-10-05T06:15;25;kWh;-867;11373;0;0;12240;10506
2018-10-05T06:15;2018-10-05T06:30;26;kWh;-661;9868;0;0;10529;9207
2018-10-05T06:30;2018-10-05T06:45;27;kWh;0;51905;0;0;51905;51905
2018-10-05T06:45;2018-10-05T07:00;28;kWh;0;75598;0;0;75598;75598
2018-10-05T07:00;2018-10-05T07:15;29;kWh;-2651;60408;0;0;63059;57757
2018-10-05T07:15;2018-10-05T07:30;30;kWh;-9759;907;0;0;10666;-8852
2018-10-05T07:30;2018-10-05T07:45;31;kWh;0;0;0;0;0;0
2018-10-05T07:45;2018-10-05T08:00;32;kWh;0;0;0;0;0;0
2018-10-05T08:00;2018-10-05T08:15;33;kWh;0;0;0;0;0;0
2018-10-05T08:15;2018-10-05T08:30;34;kWh;0;0;0;0;0;0
2018-10-05T08:30;2018-10-05T08:45;35;kWh;0;0;0;0;0;0
2018-10-05T08:45;2018-10-05T09:00;36;kWh;0;0;0;0;0;0
2018-10-05T09:00;2018-10-05T09:15;37;kWh;0;295;0;0;295;295
2018-10-05T09:15;2018-10-05T09:30;38;kWh;-1745;0;0;0;1745;-1745
2018-10-05T09:30;2018-10-05T09:45;39;kWh;-17060;0;0;0;17060;-17060
2018-10-05T09:45;2018-10-05T10:00;40;kWh;-12370;0;0;0;12370;-12370
2018-10-05T10:00;2018-10-05T10:15;41;kWh;-8501;3860;0;0;12361;-4641
2018-10-05T10:15;2018-10-05T10:30;42;kWh;-7116;888;0;0;8004;-6228
2018-10-05T10:30;2018-10-05T10:45;43;kWh;-22111;0;0;0;22111;-22111
2018-10-05T10:45;2018-10-05T11:00;44;kWh;-24607;0;0;0;24607;-24607
2018-10-05T11:00;2018-10-05T11:15;45;kWh;-21628;4233;0;0;25861;-17395
2018-10-05T11:15;2018-10-05T11:30;46;kWh;-2586;1232;0;0;3818;-1354
2018-10-05T11:30;2018-10-05T11:45;47;kWh;-22396;0;0;0;22396;-22396
2018-10-05T11:45;2018-10-05T12:00;48;kWh;-40715;0;0;0;40715;-40715
2018-10-05T12:00;2018-10-05T12:15;49;kWh;-19998;2555;0;0;22553;-17443
2018-10-05T12:15;2018-10-05T12:30;50;kWh;0;106;0;0;106;106
2018-10-05T12:30;2018-10-05T12:45;51;kWh;0;0;0;0;0;0
2018-10-05T12:45;2018-10-05T13:00;52;kWh;-703;0;0;0;703;-703
2018-10-05T13:00;2018-10-05T13:15;53;kWh;-823;0;0;0;823;-823
2018-10-05T13:15;2018-10-05T13:30;54;kWh;0;0;0;0;0;0
2018-10-05T13:30;2018-10-05T13:45;55;kWh;0;0;0;0;0;0
2018-10-05T13:45;2018-10-05T14:00;56;kWh;0;0;0;0;0;0
2018-10-05T14:00;2018-10-05T14:15;57;kWh;0;0;0;0;0;0
2018-10-05T14:15;2018-10-05T14:30;58;kWh;0;0;0;0;0;0
2018-10-05T14:30;2018-10-05T14:45;59;kWh;0;0;0;0;0;0
2018-10-05T14:45;2018-10-05T15:00;60;kWh;0;215;0;0;215;215
2018-10-05T15:00;2018-10-05T15:15;61;kWh;-2362;286;0;0;2648;-2076
2018-10-05T15:15;2018-10-05T15:30;62;kWh;-21199;0;0;0;21199;-21199
2018-10-05T15:30;2018-10-05T15:45;63;kWh;-948;408;0;0;1356;-540
2018-10-05T15:45;2018-10-05T16:00;64;kWh;0;225;0;0;225;225
2018-10-05T16:00;2018-10-05T16:15;65;kWh;-3652;0;0;0;3652;-3652
2018-10-05T16:15;2018-10-05T16:30;66;kWh;-10440;0;0;0;10440;-10440
2018-10-05T16:30;2018-10-05T16:45;67;kWh;-749;2247;0;0;2996;1498
2018-10-05T16:45;2018-10-05T17:00;68;kWh;0;11416;0;0;11416;11416
2018-10-05T17:00;2018-10-05T17:15;69;kWh;-137;48632;0;0;48769;48495
2018-10-05T17:15;2018-10-05T17:30;70;kWh;-4736;2587;0;0;7323;-2149
2018-10-05T17:30;2018-10-05T17:45;71;kWh;0;33042;0;0;33042;33042
2018-10-05T17:45;2018-10-05T18:00;72;kWh;0;77938;0;0;77938;77938
2018-10-05T18:00;2018-10-05T18:15;73;kWh;0;31771;0;0;31771;31771
2018-10-05T18:15;2018-10-05T18:30;74;kWh;0;24;0;0;24;24
2018-10-05T18:30;2018-10-05T18:45;75;kWh;0;0;0;0;0;0
2018-10-05T18:45;2018-10-05T19:00;76;kWh;0;15862;0;0;15862;15862
2018-10-05T19:00;2018-10-05T19:15;77;kWh;-1777;13025;0;0;14802;11248
2018-10-05T19:15;2018-10-05T19:30;78;kWh;-662;41;0;0;703;-621
2018-10-05T19:30;2018-10-05T19:45;79;kWh;0;668;0;0;668;668
2018-10-05T19:45;2018-10-05T20:00;80;kWh;0;0;0;0;0;0
2018-10-05T20:00;2018-10-05T20:15;81;kWh;0;2272;0;0;2272;2272
2018-10-05T20:15;2018-10-05T20:30;82;kWh;0;0;0;0;0;0
2018-10-05T20:30;2018-10-05T20:45;83;kWh;-548;0;0;0;548;-548
2018-10-05T20:45;2018-10-05T21:00;84;kWh;-14894;0;0;0;14894;-14894
2018-10-05T21:00;2018-10-05T21:15;85;kWh;-10305;10554;0;0;20859;249
2018-10-05T21:15;2018-10-05T21:30;86;kWh;-22;6534;0;0;6556;6512
2018-10-05T21:30;2018-10-05T21:45;87;kWh;0;1646;0;0;1646;1646
2018-10-05T21:45;2018-10-05T22:00;88;kWh;-1596;0;0;0;1596;-1596
2018-10-05T22:00;2018-10-05T22:15;89;kWh;-7104;13807;0;0;20911;6703
2018-10-05T22:15;2018-10-05T22:30;90;kWh;0;64875;0;0;64875;64875
2018-10-05T22:30;2018-10-05T22:45;91;kWh;0;27087;0;0;27087;27087
2018-10-05T22:45;2018-10-05T23:00;92;kWh;0;20016;0;0;20016;20016
2018-10-05T23:00;2018-10-05T23:15;93;kWh;-1344;6120;0;0;7464;4776
2018-10-05T23:15;2018-10-05T23:30;94;kWh;0;7512;0;0;7512;7512
2018-10-05T23:30;2018-10-05T23:45;95;kWh;0;16218;0;0;16218;16218
2018-10-05T23:45;2018-10-06T00:00;96;kWh;0;25881;0;0;25881;25881
2018-10-06T00:00;2018-10-06T00:15;1;kWh;-17659;6908;0;0;24567;-10751
2018-10-06T00:15;2018-10-06T00:30;2;kWh;-4730;4306;0;0;9036;-424
2018-10-06T00:30;2018-10-06T00:45;3;kWh;0;60598;0;0;60598;60598
2018-10-06T00:45;2018-10-06T01:00;4;kWh;0;34292;0;0;34292;34292
2018-10-06T01:00;2018-10-06T01:15;5;kWh;0;9260;0;0;9260;9260
2018-10-06T01:15;2018-10-06T01:30;6;kWh;0;16430;0;0;16430;16430
2018-10-06T01:30;2018-10-06T01:45;7;kWh;-356;893;0;0;1249;537
2018-10-06T01:45;2018-10-06T02:00;8;kWh;-4238;0;0;0;4238;-4238
2018-10-06T02:00;2018-10-06T02:15;9;kWh;-4333;6941;0;0;11274;2608
2018-10-06T02:15;2018-10-06T02:30;10;kWh;0;8331;0;0;8331;8331
2018-10-06T02:30;2018-10-06T02:45;11;kWh;0;0;0;0;0;0
2018-10-06T02:45;2018-10-06T03:00;12;kWh;-7828;0;0;0;7828;-7828
2018-10-06T03:00;2018-10-06T03:15;13;kWh;-6972;153;0;0;7125;-6819
2018-10-06T03:15;2018-10-06T03:30;14;kWh;-156;102;0;0;258;-54
2018-10-06T03:30;2018-10-06T03:45;15;kWh;-677;0;0;0;677;-677
2018-10-06T03:45;2018-10-06T04:00;16;kWh;0;0;0;0;0;0
2018-10-06T04:00;2018-10-06T04:15;17;kWh;0;11107;0;0;11107;11107
2018-10-06T04:15;2018-10-06T04:30;18;kWh;0;2734;0;0;2734;2734
2018-10-06T04:30;2018-10-06T04:45;19;kWh;0;136;0;0;136;136
2018-10-06T04:45;2018-10-06T05:00;20;kWh;0;0;0;0;0;0
2018-10-06T05:00;2018-10-06T05:15;21;kWh;0;7;0;0;7;7
2018-10-06T05:15;2018-10-06T05:30;22;kWh;0;644;0;0;644;644
2018-10-06T05:30;2018-10-06T05:45;23;kWh;0;64;0;0;64;64
2018-10-06T05:45;2018-10-06T06:00;24;kWh;0;0;0;0;0;0
2018-10-06T06:00;2018-10-06T06:15;25;kWh;-569;0;0;0;569;-569
2018-10-06T06:15;2018-10-06T06:30;26;kWh;0;0;0;0;0;0
2018-10-06T06:30;2018-10-06T06:45;27;kWh;0;0;0;0;0;0
2018-10-06T06:45;2018-10-06T07:00;28;kWh;0;7200;0;0;7200;7200
2018-10-06T07:00;2018-10-06T07:15;29;kWh;0;5907;0;0;5907;5907
2018-10-06T07:15;2018-10-06T07:30;30;kWh;0;7383;0;0;7383;7383
2018-10-06T07:30;2018-10-06T07:45;31;kWh;0;4575;0;0;4575;4575
2018-10-06T07:45;2018-10-06T08:00;32;kWh;0;667;0;0;667;667
2018-10-06T08:00;2018-10-06T08:15;33;kWh;0;11464;0;0;11464;11464
2018-10-06T08:15;2018-10-06T08:30;34;kWh;0;17949;0;0;17949;17949
2018-10-06T08:30;2018-10-06T08:45;35;kWh;0;26555;0;0;26555;26555
2018-10-06T08:45;2018-10-06T09:00;36;kWh;0;40683;0;0;40683;40683
2018-10-06T09:00;2018-10-06T09:15;37;kWh;0;53199;0;0;53199;53199
2018-10-06T09:15;2018-10-06T09:30;38;kWh;0;8963;0;0;8963;8963
2018-10-06T09:30;2018-10-06T09:45;39;kWh;0;27097;0;0;27097;27097
2018-10-06T09:45;2018-10-06T10:00;40;kWh;0;26954;0;0;26954;26954
2018-10-06T10:00;2018-10-06T10:15;41;kWh;0;54341;0;0;54341;54341
2018-10-06T10:15;2018-10-06T10:30;42;kWh;0;53152;0;0;53152;53152
2018-10-06T10:30;2018-10-06T10:45;43;kWh;-6815;7379;0;0;14194;564
2018-10-06T10:45;2018-10-06T11:00;44;kWh;-18655;0;0;0;18655;-18655
2018-10-06T11:00;2018-10-06T11:15;45;kWh;-10361;8584;0;0;18945;-1777
2018-10-06T11:15;2018-10-06T11:30;46;kWh;-1;4092;0;0;4093;4091
2018-10-06T11:30;2018-10-06T11:45;47;kWh;-663;407;0;0;1070;-256
2018-10-06T11:45;2018-10-06T12:00;48;kWh;-10833;0;0;0;10833;-10833
2018-10-06T12:00;2018-10-06T12:15;49;kWh;-2641;3854;0;0;6495;1213
2018-10-06T12:15;2018-10-06T12:30;50;kWh;-4418;258;0;0;4676;-4160
2018-10-06T12:30;2018-10-06T12:45;51;kWh;-8409;0;0;0;8409;-8409
2018-10-06T12:45;2018-10-06T13:00;52;kWh;-23003;0;0;0;23003;-23003
2018-10-06T13:00;2018-10-06T13:15;53;kWh;-6964;4093;0;0;11057;-2871
2018-10-06T13:15;2018-10-06T13:30;54;kWh;-2961;644;0;0;3605;-2317
2018-10-06T13:30;2018-10-06T13:45;55;kWh;-14828;0;0;0;14828;-14828
2018-10-06T13:45;2018-10-06T14:00;56;kWh;-4398;0;0;0;4398;-4398
2018-10-06T14:00;2018-10-06T14:15;57;kWh;-23801;0;0;0;23801;-23801
2018-10-06T14:15;2018-10-06T14:30;58;kWh;-8802;104;0;0;8906;-8698
2018-10-06T14:30;2018-10-06T14:45;59;kWh;-2706;229;0;0;2935;-2477
2018-10-06T14:45;2018-10-06T15:00;60;kWh;-4176;1349;0;0;5525;-2827
2018-10-06T15:00;2018-10-06T15:15;61;kWh;-19382;267;0;0;19649;-19115
2018-10-06T15:15;2018-10-06T15:30;62;kWh;-41166;0;0;0;41166;-41166
2018-10-06T15:30;2018-10-06T15:45;63;kWh;-17752;0;0;0;17752;-17752
2018-10-06T15:45;2018-10-06T16:00;64;kWh;-3283;18;0;0;3301;-3265
2018-10-06T16:00;2018-10-06T16:15;65;kWh;-14425;22;0;0;14447;-14403
2018-10-06T16:15;2018-10-06T16:30;66;kWh;-5531;4945;0;0;10476;-586
2018-10-06T16:30;2018-10-06T16:45;67;kWh;0;39544;0;0;39544;39544
2018-10-06T16:45;2018-10-06T17:00;68;kWh;0;100122;0;0;100122;100122
2018-10-06T17:00;2018-10-06T17:15;69;kWh;-7854;46353;0;0;54207;38499
2018-10-06T17:15;2018-10-06T17:30;70;kWh;-11568;9718;0;0;21286;-1850
2018-10-06T17:30;2018-10-06T17:45;71;kWh;0;69193;0;0;69193;69193
2018-10-06T17:45;2018-10-06T18:00;72;kWh;0;32535;0;0;32535;32535
2018-10-06T18:00;2018-10-06T18:15;73;kWh;-2786;12632;0;0;15418;9846
2018-10-06T18:15;2018-10-06T18:30;74;kWh;-32403;432;0;0;32835;-31971
2018-10-06T18:30;2018-10-06T18:45;75;kWh;-28566;0;0;0;28566;-28566
2018-10-06T18:45;2018-10-06T19:00;76;kWh;-47338;0;0;0;47338;-47338
2018-10-06T19:00;2018-10-06T19:15;77;kWh;-22737;0;0;0;22737;-22737
2018-10-06T19:15;2018-10-06T19:30;78;kWh;-11263;0;0;0;11263;-11263
2018-10-06T19:30;2018-10-06T19:45;79;kWh;-13584;8;0;0;13592;-13576
2018-10-06T19:45;2018-10-06T20:00;80;kWh;-58619;0;0;0;58619;-58619
2018-10-06T20:00;2018-10-06T20:15;81;kWh;-15104;19664;0;0;34768;4560
2018-10-06T20:15;2018-10-06T20:30;82;kWh;-1907;6618;0;0;8525;4711
2018-10-06T20:30;2018-10-06T20:45;83;kWh;-36697;0;0;0;36697;-36697
2018-10-06T20:45;2018-10-06T21:00;84;kWh;-50689;0;0;0;50689;-50689
2018-10-06T21:00;2018-10-06T21:15;85;kWh;-26404;7058;0;0;33462;-19346
2018-10-06T21:15;2018-10-06T21:30;86;kWh;-22;4937;0;0;4959;4915
2018-10-06T21:30;2018-10-06T21:45;87;kWh;-13207;1907;0;0;15114;-11300
2018-10-06T21:45;2018-10-06T22:00;88;kWh;-45356;0;0;0;45356;-45356
2018-10-06T22:00;2018-10-06T22:15;89;kWh;-41719;160;0;0;41879;-41559
2018-10-06T22:15;2018-10-06T22:30;90;kWh;-7751;3025;0;0;10776;-4726
2018-10-06T22:30;2018-10-06T22:45;91;kWh;-53858;0;0;0;53858;-53858
2018-10-06T22:45;2018-10-06T23:00;92;kWh;-68954;0;0;0;68954;-68954
2018-10-06T23:00;2018-10-06T23:15;93;kWh;-30775;1662;0;0;32437;-29113
2018-10-06T23:15;2018-10-06T23:30;94;kWh;-9451;3021;0;0;12472;-6430
2018-10-06T23:30;2018-10-06T23:45;95;kWh;-48285;0;0;0;48285;-48285
2018-10-06T23:45;2018-10-07T00:00;96;kWh;-67304;0;0;0;67304;-67304
2018-10-07T00:00;2018-10-07T00:15;1;kWh;-41455;11;0;0;41466;-41444
2018-10-07T00:15;2018-10-07T00:30;2;kWh;-14432;673;0;0;15105;-13759
2018-10-07T00:30;2018-10-07T00:45;3;kWh;-54181;0;0;0;54181;-54181
2018-10-07T00:45;2018-10-07T01:00;4;kWh;-50691;0;0;0;50691;-50691
2018-10-07T01:00;2018-10-07T01:15;5;kWh;-45267;110;0;0;45377;-45157
2018-10-07T01:15;2018-10-07T01:30;6;kWh;-5728;4999;0;0;10727;-729
2018-10-07T01:30;2018-10-07T01:45;7;kWh;-35758;0;0;0;35758;-35758
2018-10-07T01:45;2018-10-07T02:00;8;kWh;-36044;0;0;0;36044;-36044
2018-10-07T02:00;2018-10-07T02:15;9;kWh;-13147;11884;0;0;25031;-1263
2018-10-07T02:15;2018-10-07T02:30;10;kWh;0;18738;0;0;18738;18738
2018-10-07T02:30;2018-10-07T02:45;11;kWh;0;15497;0;0;15497;15497
2018-10-07T02:45;2018-10-07T03:00;12;kWh;0;48209;0;0;48209;48209
2018-10-07T03:00;2018-10-07T03:15;13;kWh;-253;28044;0;0;28297;27791
2018-10-07T03:15;2018-10-07T03:30;14;kWh;0;2671;0;0;2671;2671
2018-10-07T03:30;2018-10-07T03:45;15;kWh;0;7874;0;0;7874;7874
2018-10-07T03:45;2018-10-07T04:00;16;kWh;0;16592;0;0;16592;16592
2018-10-07T04:00;2018-10-07T04:15;17;kWh;-9428;7672;0;0;17100;-1756
2018-10-07T04:15;2018-10-07T04:30;18;kWh;-7550;0;0;0;7550;-7550
2018-10-07T04:30;2018-10-07T04:45;19;kWh;0;1395;0;0;1395;1395
2018-10-07T04:45;2018-10-07T05:00;20;kWh;0;12299;0;0;12299;12299
2018-10-07T05:00;2018-10-07T05:15;21;kWh;0;11938;0;0;11938;11938
2018-10-07T05:15;2018-10-07T05:30;22;kWh;0;31269;0;0;31269;31269
2018-10-07T05:30;2018-10-07T05:45;23;kWh;0;67583;0;0;67583;67583
2018-10-07T05:45;2018-10-07T06:00;24;kWh;0;61476;0;0;61476;61476
2018-10-07T06:00;2018-10-07T06:15;25;kWh;-9023;17080;0;0;26103;8057
2018-10-07T06:15;2018-10-07T06:30;26;kWh;-1402;2841;0;0;4243;1439
2018-10-07T06:30;2018-10-07T06:45;27;kWh;0;42410;0;0;42410;42410
2018-10-07T06:45;2018-10-07T07:00;28;kWh;0;78486;0;0;78486;78486
2018-10-07T07:00;2018-10-07T07:15;29;kWh;-5523;21052;0;0;26575;15529
2018-10-07T07:15;2018-10-07T07:30;30;kWh;-4284;4250;0;0;8534;-34
2018-10-07T07:30;2018-10-07T07:45;31;kWh;0;42965;0;0;42965;42965
2018-10-07T07:45;2018-10-07T08:00;32;kWh;0;61657;0;0;61657;61657
2018-10-07T08:00;2018-10-07T08:15;33;kWh;-10077;17917;0;0;27994;7840
2018-10-07T08:15;2018-10-07T08:30;34;kWh;-6172;228;0;0;6400;-5944
2018-10-07T08:30;2018-10-07T08:45;35;kWh;-7;8267;0;0;8274;8260
2018-10-07T08:45;2018-10-07T09:00;36;kWh;0;51697;0;0;51697;51697
2018-10-07T09:00;2018-10-07T09:15;37;kWh;-21;28450;0;0;28471;28429
2018-10-07T09:15;2018-10-07T09:30;38;kWh;-511;140;0;0;651;-371
2018-10-07T09:30;2018-10-07T09:45;39;kWh;0;314;0;0;314;314
2018-10-07T09:45;2018-10-07T10:00;40;kWh;-731;0;0;0;731;-731
2018-10-07T10:00;2018-10-07T10:15;41;kWh;-561;0;0;0;561;-561
2018-10-07T10:15;2018-10-07T10:30;42;kWh;-20390;0;0;0;20390;-20390
2018-10-07T10:30;2018-10-07T10:45;43;kWh;-36627;0;0;0;36627;-36627
2018-10-07T10:45;2018-10-07T11:00;44;kWh;-63997;0;0;0;63997;-63997
2018-10-07T11:00;2018-10-07T11:15;45;kWh;-47548;0;0;0;47548;-47548
2018-10-07T11:15;2018-10-07T11:30;46;kWh;-53095;0;0;0;53095;-53095
2018-10-07T11:30;2018-10-07T11:45;47;kWh;-32704;0;0;0;32704;-32704
2018-10-07T11:45;2018-10-07T12:00;48;kWh;-22092;0;0;0;22092;-22092
2018-10-07T12:00;2018-10-07T12:15;49;kWh;-12292;1475;0;0;13767;-10817
2018-10-07T12:15;2018-10-07T12:30;50;kWh;-96;994;0;0;1090;898
2018-10-07T12:30;2018-10-07T12:45;51;kWh;-1693;648;0;0;2341;-1045
2018-10-07T12:45;2018-10-07T13:00;52;kWh;-9309;0;0;0;9309;-9309
2018-10-07T13:00;2018-10-07T13:15;53;kWh;-2524;6916;0;0;9440;4392
2018-10-07T13:15;2018-10-07T13:30;54;kWh;0;9174;0;0;9174;9174
2018-10-07T13:30;2018-10-07T13:45;55;kWh;0;4569;0;0;4569;4569
2018-10-07T13:45;2018-10-07T14:00;56;kWh;0;18457;0;0;18457;18457
2018-10-07T14:00;2018-10-07T14:15;57;kWh;0;15644;0;0;15644;15644
2018-10-07T14:15;2018-10-07T14:30;58;kWh;0;39817;0;0;39817;39817
2018-10-07T14:30;2018-10-07T14:45;59;kWh;0;47689;0;0;47689;47689
2018-10-07T14:45;2018-10-07T15:00;60;kWh;0;41446;0;0;41446;41446
2018-10-07T15:00;2018-10-07T15:15;61;kWh;-1497;19192;0;0;20689;17695
2018-10-07T15:15;2018-10-07T15:30;62;kWh;-149;6698;0;0;6847;6549
2018-10-07T15:30;2018-10-07T15:45;63;kWh;0;4689;0;0;4689;4689
2018-10-07T15:45;2018-10-07T16:00;64;kWh;0;32470;0;0;32470;32470
2018-10-07T16:00;2018-10-07T16:15;65;kWh;-3063;18503;0;0;21566;15440
2018-10-07T16:15;2018-10-07T16:30;66;kWh;-8002;15;0;0;8017;-7987
2018-10-07T16:30;2018-10-07T16:45;67;kWh;-881;8102;0;0;8983;7221
2018-10-07T16:45;2018-10-07T17:00;68;kWh;0;23930;0;0;23930;23930
2018-10-07T17:00;2018-10-07T17:15;69;kWh;0;19257;0;0;19257;19257
2018-10-07T17:15;2018-10-07T17:30;70;kWh;-1045;10419;0;0;11464;9374
2018-10-07T17:30;2018-10-07T17:45;71;kWh;-82;13415;0;0;13497;13333
2018-10-07T17:45;2018-10-07T18:00;72;kWh;0;56682;0;0;56682;56682
2018-10-07T18:00;2018-10-07T18:15;73;kWh;0;68395;0;0;68395;68395
2018-10-07T18:15;2018-10-07T18:30;74;kWh;-4562;11156;0;0;15718;6594
2018-10-07T18:30;2018-10-07T18:45;75;kWh;-2960;342;0;0;3302;-2618
2018-10-07T18:45;2018-10-07T19:00;76;kWh;-87;3098;0;0;3185;3011
2018-10-07T19:00;2018-10-07T19:15;77;kWh;-13374;366;0;0;13740;-13008
2018-10-07T19:15;2018-10-07T19:30;78;kWh;-3151;20394;0;0;23545;17243
2018-10-07T19:30;2018-10-07T19:45;79;kWh;0;45853;0;0;45853;45853
2018-10-07T19:45;2018-10-07T20:00;80;kWh;0;33330;0;0;33330;33330
2018-10-07T20:00;2018-10-07T20:15;81;kWh;0;28466;0;0;28466;28466
2018-10-07T20:15;2018-10-07T20:30;82;kWh;0;9444;0;0;9444;9444
2018-10-07T20:30;2018-10-07T20:45;83;kWh;-16078;288;0;0;16366;-15790
2018-10-07T20:45;2018-10-07T21:00;84;kWh;-33439;0;0;0;33439;-33439
2018-10-07T21:00;2018-10-07T21:15;85;kWh;-19299;6607;0;0;25906;-12692
2018-10-07T21:15;2018-10-07T21:30;86;kWh;-40;1341;0;0;1381;1301
2018-10-07T21:30;2018-10-07T21:45;87;kWh;-14399;0;0;0;14399;-14399
2018-10-07T21:45;2018-10-07T22:00;88;kWh;-32003;0;0;0;32003;-32003
2018-10-07T22:00;2018-10-07T22:15;89;kWh;-20910;6265;0;0;27175;-14645
2018-10-07T22:15;2018-10-07T22:30;90;kWh;-823;4506;0;0;5329;3683
2018-10-07T22:30;2018-10-07T22:45;91;kWh;-10484;0;0;0;10484;-10484
2018-10-07T22:45;2018-10-07T23:00;92;kWh;-13269;0;0;0;13269;-13269
2018-10-07T23:00;2018-10-07T23:15;93;kWh;-34321;0;0;0;34321;-34321
2018-10-07T23:15;2018-10-07T23:30;94;kWh;-26767;0;0;0;26767;-26767
2018-10-07T23:30;2018-10-07T23:45;95;kWh;-35563;0;0;0;35563;-35563
2018-10-07T23:45;2018-10-08T00:00;96;kWh;-20930;0;0;0;20930;-20930
2018-10-08T00:00;2018-10-08T00:15;1;kWh;-34427;629;0;0;35056;-33798
2018-10-08T00:15;2018-10-08T00:30;2;kWh;-18620;244;0;0;18864;-18376
2018-10-08T00:30;2018-10-08T00:45;3;kWh;-38149;0;0;0;38149;-38149
2018-10-08T00:45;2018-10-08T01:00;4;kWh;-9799;974;0;0;10773;-8825
2018-10-08T01:00;2018-10-08T01:15;5;kWh;-33953;27;0;0;33980;-33926
2018-10-08T01:15;2018-10-08T01:30;6;kWh;-1475;1779;0;0;3254;304
2018-10-08T01:30;2018-10-08T01:45;7;kWh;-16295;0;0;0;16295;-16295
2018-10-08T01:45;2018-10-08T02:00;8;kWh;-49019;0;0;0;49019;-49019
2018-10-08T02:00;2018-10-08T02:15;9;kWh;-29256;22;0;0;29278;-29234
2018-10-08T02:15;2018-10-08T02:30;10;kWh;-1449;5355;0;0;6804;3906
2018-10-08T02:30;2018-10-08T02:45;11;kWh;-2218;78;0;0;2296;-2140
2018-10-08T02:45;2018-10-08T03:00;12;kWh;-5744;0;0;0;5744;-5744
2018-10-08T03:00;2018-10-08T03:15;13;kWh;-3695;0;0;0;3695;-3695
2018-10-08T03:15;2018-10-08T03:30;14;kWh;-11334;0;0;0;11334;-11334
2018-10-08T03:30;2018-10-08T03:45;15;kWh;-16925;0;0;0;16925;-16925
2018-10-08T03:45;2018-10-08T04:00;16;kWh;-34103;0;0;0;34103;-34103
2018-10-08T04:00;2018-10-08T04:15;17;kWh;-21698;0;0;0;21698;-21698
2018-10-08T04:15;2018-10-08T04:30;18;kWh;-2244;0;0;0;2244;-2244
2018-10-08T04:30;2018-10-08T04:45;19;kWh;-4717;0;0;0;4717;-4717
2018-10-08T04:45;2018-10-08T05:00;20;kWh;-25106;0;0;0;25106;-25106
2018-10-08T05:00;2018-10-08T05:15;21;kWh;-12899;998;0;0;13897;-11901
2018-10-08T05:15;2018-10-08T05:30;22;kWh;-12098;0;0;0;12098;-12098
2018-10-08T05:30;2018-10-08T05:45;23;kWh;-2644;5290;0;0;7934;2646
2018-10-08T05:45;2018-10-08T06:00;24;kWh;-337;13012;0;0;13349;12675
2018-10-08T06:00;2018-10-08T06:15;25;kWh;-311;12938;0;0;13249;12627
2018-10-08T06:15;2018-10-08T06:30;26;kWh;-19170;1231;0;0;20401;-17939
2018-10-08T06:30;2018-10-08T06:45;27;kWh;-8797;475;0;0;9272;-8322
2018-10-08T06:45;2018-10-08T07:00;28;kWh;-4382;12;0;0;4394;-4370
2018-10-08T07:00;2018-10-08T07:15;29;kWh;-65424;0;0;0;65424;-65424
2018-10-08T07:15;2018-10-08T07:30;30;kWh;-29983;207;0;0;30190;-29776
2018-10-08T07:30;2018-10-08T07:45;31;kWh;0;439;0;0;439;439
2018-10-08T07:45;2018-10-08T08:00;32;kWh;-317;2558;0;0;2875;2241
2018-10-08T08:00;2018-10-08T08:15;33;kWh;-22628;0;0;0;22628;-22628
2018-10-08T08:15;2018-10-08T08:30;34;kWh;-20168;0;0;0;20168;-20168
2018-10-08T08:30;2018-10-08T08:45;35;kWh;-32950;0;0;0;32950;-32950
2018-10-08T08:45;2018-10-08T09:00;36;kWh;-19598;0;0;0;19598;-19598
2018-10-08T09:00;2018-10-08T09:15;37;kWh;-13171;629;0;0;13800;-12542
2018-10-08T09:15;2018-10-08T09:30;38;kWh;-975;194;0;0;1169;-781
2018-10-08T09:30;2018-10-08T09:45;39;kWh;-17441;0;0;0;17441;-17441
2018-10-08T09:45;2018-10-08T10:00;40;kWh;-45370;0;0;0;45370;-45370
2018-10-08T10:00;2018-10-08T10:15;41;kWh;-26470;669;0;0;27139;-25801
2018-10-08T10:15;2018-10-08T10:30;42;kWh;-10953;103;0;0;11056;-10850
2018-10-08T10:30;2018-10-08T10:45;43;kWh;-44140;0;0;0;44140;-44140
2018-10-08T10:45;2018-10-08T11:00;44;kWh;-45630;0;0;0;45630;-45630
2018-10-08T11:00;2018-10-08T11:15;45;kWh;-28674;3802;0;0;32476;-24872
2018-10-08T11:15;2018-10-08T11:30;46;kWh;-111;6448;0;0;6559;6337
2018-10-08T11:30;2018-10-08T11:45;47;kWh;-7287;0;0;0;7287;-7287
2018-10-08T11:45;2018-10-08T12:00;48;kWh;-35585;0;0;0;35585;-35585
2018-10-08T12:00;2018-10-08T12:15;49;kWh;-27607;80;0;0;27687;-27527
2018-10-08T12:15;2018-10-08T12:30;50;kWh;-1652;610;0;0;2262;-1042
2018-10-08T12:30;2018-10-08T12:45;51;kWh;-17765;0;0;0;17765;-17765
2018-10-08T12:45;2018-10-08T13:00;52;kWh;-14274;0;0;0;14274;-14274
2018-10-08T13:00;2018-10-08T13:15;53;kWh;-15348;440;0;0;15788;-14908
2018-10-08T13:15;2018-10-08T13:30;54;kWh;-1169;1356;0;0;2525;187
2018-10-08T13:30;2018-10-08T13:45;55;kWh;0;1937;0;0;1937;1937
2018-10-08T13:45;2018-10-08T14:00;56;kWh;0;13226;0;0;13226;13226
2018-10-08T14:00;2018-10-08T14:15;57;kWh;-870;5038;0;0;5908;4168
2018-10-08T14:15;2018-10-08T14:30;58;kWh;-247;5624;0;0;5871;5377
2018-10-08T14:30;2018-10-08T14:45;59;kWh;0;12715;0;0;12715;12715
2018-10-08T14:45;2018-10-08T15:00;60;kWh;0;28712;0;0;28712;28712
2018-10-08T15:00;2018-10-08T15:15;61;kWh;-1419;7654;0;0;9073;6235
2018-10-08T15:15;2018-10-08T15:30;62;kWh;0;15656;0;0;15656;15656
2018-10-08T15:30;2018-10-08T15:45;63;kWh;0;24954;0;0;24954;24954
2018-10-08T15:45;2018-10-08T16:00;64;kWh;0;59709;0;0;59709;59709
2018-10-08T16:00;2018-10-08T16:15;65;kWh;0;26578;0;0;26578;26578
2018-10-08T16:15;2018-10-08T16:30;66;kWh;0;33873;0;0;33873;33873
2018-10-08T16:30;2018-10-08T16:45;67;kWh;0;38298;0;0;38298;38298
2018-10-08T16:45;2018-10-08T17:00;68;kWh;0;33531;0;0;33531;33531
2018-10-08T17:00;2018-10-08T17:15;69;kWh;0;37965;0;0;37965;37965
2018-10-08T17:15;2018-10-08T17:30;70;kWh;0;69143;0;0;69143;69143
2018-10-08T17:30;2018-10-08T17:45;71;kWh;0;48643;0;0;48643;48643
2018-10-08T17:45;2018-10-08T18:00;72;kWh;0;62128;0;0;62128;62128
2018-10-08T18:00;2018-10-08T18:15;73;kWh;0;53512;0;0;53512;53512
2018-10-08T18:15;2018-10-08T18:30;74;kWh;-579;8565;0;0;9144;7986
2018-10-08T18:30;2018-10-08T18:45;75;kWh;0;10030;0;0;10030;10030
2018-10-08T18:45;2018-10-08T19:00;76;kWh;0;7667;0;0;7667;7667
2018-10-08T19:00;2018-10-08T19:15;77;kWh;0;5953;0;0;5953;5953
2018-10-08T19:15;2018-10-08T19:30;78;kWh;0;58546;0;0;58546;58546
2018-10-08T19:30;2018-10-08T19:45;79;kWh;0;65381;0;0;65381;65381
2018-10-08T19:45;2018-10-08T20:00;80;kWh;0;46624;0;0;46624;46624
2018-10-08T20:00;2018-10-08T20:15;81;kWh;-3006;19528;0;0;22534;16522
2018-10-08T20:15;2018-10-08T20:30;82;kWh;-1758;0;0;0;1758;-1758
2018-10-08T20:30;2018-10-08T20:45;83;kWh;-19890;0;0;0;19890;-19890
2018-10-08T20:45;2018-10-08T21:00;84;kWh;-27655;0;0;0;27655;-27655
2018-10-08T21:00;2018-10-08T21:15;85;kWh;-15870;5024;0;0;20894;-10846
2018-10-08T21:15;2018-10-08T21:30;86;kWh;-460;9326;0;0;9786;8866
2018-10-08T21:30;2018-10-08T21:45;87;kWh;-1918;1608;0;0;3526;-310
2018-10-08T21:45;2018-10-08T22:00;88;kWh;-1203;386;0;0;1589;-817
2018-10-08T22:00;2018-10-08T22:15;89;kWh;-23145;0;0;0;23145;-23145
2018-10-08T22:15;2018-10-08T22:30;90;kWh;-27250;0;0;0;27250;-27250
2018-10-08T22:30;2018-10-08T22:45;91;kWh;-36809;0;0;0;36809;-36809
2018-10-08T22:45;2018-10-08T23:00;92;kWh;-55403;0;0;0;55403;-55403
2018-10-08T23:00;2018-10-08T23:15;93;kWh;-88057;0;0;0;88057;-88057
2018-10-08T23:15;2018-10-08T23:30;94;kWh;-27246;0;0;0;27246;-27246
2018-10-08T23:30;2018-10-08T23:45;95;kWh;-63673;0;0;0;63673;-63673
2018-10-08T23:45;2018-10-09T00:00;96;kWh;-86226;0;0;0;86226;-86226
2018-10-09T00:00;2018-10-09T00:15;1;kWh;-23860;19972;0;0;43832;-3888
2018-10-09T00:15;2018-10-09T00:30;2;kWh;0;24363;0;0;24363;24363
2018-10-09T00:30;2018-10-09T00:45;3;kWh;-9529;1984;0;0;11513;-7545
2018-10-09T00:45;2018-10-09T01:00;4;kWh;-38314;0;0;0;38314;-38314
2018-10-09T01:00;2018-10-09T01:15;5;kWh;-12791;24603;0;0;37394;11812
2018-10-09T01:15;2018-10-09T01:30;6;kWh;0;24170;0;0;24170;24170
2018-10-09T01:30;2018-10-09T01:45;7;kWh;0;66064;0;0;71064;71064
2018-10-09T01:45;2018-10-09T02:00;8;kWh;-12115;7963;0;0;20078;-4152
2018-10-09T02:00;2018-10-09T02:15;9;kWh;-15635;51;0;0;15686;-15584
2018-10-09T02:15;2018-10-09T02:30;10;kWh;-1602;15278;0;0;16880;13676
2018-10-09T02:30;2018-10-09T02:45;11;kWh;0;20881;0;0;20881;20881
2018-10-09T02:45;2018-10-09T03:00;12;kWh;0;24018;0;0;24018;24018
2018-10-09T03:00;2018-10-09T03:15;13;kWh;0;21222;0;0;21222;21222
2018-10-09T03:15;2018-10-09T03:30;14;kWh;0;14661;0;0;14661;14661
2018-10-09T03:30;2018-10-09T03:45;15;kWh;-2793;1118;0;0;3911;-1675
2018-10-09T03:45;2018-10-09T04:00;16;kWh;-13475;0;0;0;13475;-13475
2018-10-09T04:00;2018-10-09T04:15;17;kWh;-15025;2862;0;0;17887;-12163
2018-10-09T04:15;2018-10-09T04:30;18;kWh;-88;8194;0;0;8282;8106
2018-10-09T04:30;2018-10-09T04:45;19;kWh;-265;1503;0;0;1768;1238
2018-10-09T04:45;2018-10-09T05:00;20;kWh;0;9512;0;0;9512;9512
2018-10-09T05:00;2018-10-09T05:15;21;kWh;-1059;4004;0;0;5063;2945
2018-10-09T05:15;2018-10-09T05:30;22;kWh;0;4727;0;0;4727;4727
2018-10-09T05:30;2018-10-09T05:45;23;kWh;0;13969;0;0;13969;13969
2018-10-09T05:45;2018-10-09T06:00;24;kWh;-9278;2901;0;0;12179;-6377
2018-10-09T06:00;2018-10-09T06:15;25;kWh;-2689;23836;0;0;26525;21147
2018-10-09T06:15;2018-10-09T06:30;26;kWh;0;92913;0;0;92913;92913
2018-10-09T06:30;2018-10-09T06:45;27;kWh;0;107222;0;0;107222;107222
2018-10-09T06:45;2018-10-09T07:00;28;kWh;0;123717;0;0;128717;128717
2018-10-09T07:00;2018-10-09T07:15;29;kWh;-2188;70229;0;0;72417;68041
2018-10-09T07:15;2018-10-09T07:30;30;kWh;-1422;18323;0;0;19745;16901
2018-10-09T07:30;2018-10-09T07:45;31;kWh;0;104874;0;0;104874;104874
2018-10-09T07:45;2018-10-09T08:00;32;kWh;0;115854;0;0;120854;120854
2018-10-09T08:00;2018-10-09T08:15;33;kWh;-11271;38198;0;0;49469;26927
2018-10-09T08:15;2018-10-09T08:30;34;kWh;-1805;2197;0;0;4002;392
2018-10-09T08:30;2018-10-09T08:45;35;kWh;0;2441;0;0;2441;2441
2018-10-09T08:45;2018-10-09T09:00;36;kWh;0;16601;0;0;16601;16601
2018-10-09T09:00;2018-10-09T09:15;37;kWh;-2124;12314;0;0;14438;10190
2018-10-09T09:15;2018-10-09T09:30;38;kWh;-4846;363;0;0;5209;-4483
2018-10-09T09:30;2018-10-09T09:45;39;kWh;-5202;0;0;0;5202;-5202
2018-10-09T09:45;2018-10-09T10:00;40;kWh;-9981;5;0;0;9986;-9976
2018-10-09T10:00;2018-10-09T10:15;41;kWh;-160;31937;0;0;32097;31777
2018-10-09T10:15;2018-10-09T10:30;42;kWh;-631;9011;0;0;9642;8380
2018-10-09T10:30;2018-10-09T10:45;43;kWh;-7583;0;0;0;7583;-7583
2018-10-09T10:45;2018-10-09T11:00;44;kWh;-30531;0;0;0;30531;-30531
2018-10-09T11:00;2018-10-09T11:15;45;kWh;-13890;8579;0;0;22469;-5311
2018-10-09T11:15;2018-10-09T11:30;46;kWh;0;20515;0;0;20515;20515
2018-10-09T11:30;2018-10-09T11:45;47;kWh;0;7679;0;0;7679;7679
2018-10-09T11:45;2018-10-09T12:00;48;kWh;-333;639;0;0;972;306
2018-10-09T12:00;2018-10-09T12:15;49;kWh;0;3271;0;0;3271;3271
2018-10-09T12:15;2018-10-09T12:30;50;kWh;-45;1429;0;0;1474;1384
2018-10-09T12:30;2018-10-09T12:45;51;kWh;-14582;0;0;0;14582;-14582
2018-10-09T12:45;2018-10-09T13:00;52;kWh;-15437;0;0;0;15437;-15437
2018-10-09T13:00;2018-10-09T13:15;53;kWh;-11189;198;0;0;11387;-10991
2018-10-09T13:15;2018-10-09T13:30;54;kWh;-1419;20337;0;0;21756;18918
2018-10-09T13:30;2018-10-09T13:45;55;kWh;0;16567;0;0;16567;16567
2018-10-09T13:45;2018-10-09T14:00;56;kWh;0;14677;0;0;14677;14677
2018-10-09T14:00;2018-10-09T14:15;57;kWh;-44469;4829;0;0;49298;-39640
2018-10-09T14:15;2018-10-09T14:30;58;kWh;-41742;0;0;0;41742;-41742
2018-10-09T14:30;2018-10-09T14:45;59;kWh;-36755;0;0;0;36755;-36755
2018-10-09T14:45;2018-10-09T15:00;60;kWh;-53395;0;0;0;53395;-53395
2018-10-09T15:00;2018-10-09T15:15;61;kWh;-32057;0;0;0;32057;-32057
2018-10-09T15:15;2018-10-09T15:30;62;kWh;-33639;57;0;0;33696;-33582
2018-10-09T15:30;2018-10-09T15:45;63;kWh;-2217;18203;0;0;20420;15986
2018-10-09T15:45;2018-10-09T16:00;64;kWh;0;32942;0;0;32942;32942
2018-10-09T16:00;2018-10-09T16:15;65;kWh;0;40464;0;0;40464;40464
2018-10-09T16:15;2018-10-09T16:30;66;kWh;0;12148;0;0;12148;12148
2018-10-09T16:30;2018-10-09T16:45;67;kWh;0;31693;0;0;31693;31693
2018-10-09T16:45;2018-10-09T17:00;68;kWh;0;74490;0;0;74490;74490
2018-10-09T17:00;2018-10-09T17:15;69;kWh;-25436;27010;0;0;52446;1574
2018-10-09T17:15;2018-10-09T17:30;70;kWh;-15003;0;0;0;15003;-15003
2018-10-09T17:30;2018-10-09T17:45;71;kWh;-6005;0;0;0;6005;-6005
2018-10-09T17:45;2018-10-09T18:00;72;kWh;-3087;0;0;0;3087;-3087
2018-10-09T18:00;2018-10-09T18:15;73;kWh;-70;6059;0;0;6129;5989
2018-10-09T18:15;2018-10-09T18:30;74;kWh;-1305;335;0;0;1640;-970
2018-10-09T18:30;2018-10-09T18:45;75;kWh;-6737;0;0;0;6737;-6737
2018-10-09T18:45;2018-10-09T19:00;76;kWh;-6696;4162;0;0;10858;-2534
2018-10-09T19:00;2018-10-09T19:15;77;kWh;-24;32967;0;0;32991;32943
2018-10-09T19:15;2018-10-09T19:30;78;kWh;0;41201;0;0;41201;41201
2018-10-09T19:30;2018-10-09T19:45;79;kWh;0;96222;0;0;96222;96222
2018-10-09T19:45;2018-10-09T20:00;80;kWh;0;56369;0;0;56369;56369
2018-10-09T20:00;2018-10-09T20:15;81;kWh;0;28032;0;0;28032;28032
2018-10-09T20:15;2018-10-09T20:30;82;kWh;-1006;698;0;0;1704;-308
2018-10-09T20:30;2018-10-09T20:45;83;kWh;-13184;0;0;0;13184;-13184
2018-10-09T20:45;2018-10-09T21:00;84;kWh;-21629;0;0;0;21629;-21629
2018-10-09T21:00;2018-10-09T21:15;85;kWh;-5436;13675;0;0;19111;8239
2018-10-09T21:15;2018-10-09T21:30;86;kWh;-398;8794;0;0;9192;8396
2018-10-09T21:30;2018-10-09T21:45;87;kWh;-23151;83;0;0;23234;-23068
2018-10-09T21:45;2018-10-09T22:00;88;kWh;-27078;0;0;0;27078;-27078
2018-10-09T22:00;2018-10-09T22:15;89;kWh;-44427;0;0;0;44427;-44427
2018-10-09T22:15;2018-10-09T22:30;90;kWh;-7834;13151;0;0;20985;5317
2018-10-09T22:30;2018-10-09T22:45;91;kWh;-2189;4396;0;0;6585;2207
2018-10-09T22:45;2018-10-09T23:00;92;kWh;-7346;0;0;0;7346;-7346
2018-10-09T23:00;2018-10-09T23:15;93;kWh;-14644;1014;0;0;15658;-13630
2018-10-09T23:15;2018-10-09T23:30;94;kWh;-211;4049;0;0;4260;3838
2018-10-09T23:30;2018-10-09T23:45;95;kWh;-6306;5;0;0;6311;-6301
2018-10-09T23:45;2018-10-10T00:00;96;kWh;-34689;0;0;0;34689;-34689
2018-10-10T00:00;2018-10-10T00:15;1;kWh;-28289;0;0;0;28289;-28289
2018-10-10T00:15;2018-10-10T00:30;2;kWh;-13871;0;0;0;13871;-13871
2018-10-10T00:30;2018-10-10T00:45;3;kWh;-19107;0;0;0;19107;-19107
2018-10-10T00:45;2018-10-10T01:00;4;kWh;-49855;0;0;0;49855;-49855
2018-10-10T01:00;2018-10-10T01:15;5;kWh;-15681;1076;0;0;16757;-14605
2018-10-10T01:15;2018-10-10T01:30;6;kWh;-13641;1;0;0;13642;-13640
2018-10-10T01:30;2018-10-10T01:45;7;kWh;-33023;0;0;0;33023;-33023
2018-10-10T01:45;2018-10-10T02:00;8;kWh;-32949;0;0;0;32949;-32949
2018-10-10T02:00;2018-10-10T02:15;9;kWh;-28102;0;0;0;28102;-28102
2018-10-10T02:15;2018-10-10T02:30;10;kWh;-6174;0;0;0;6174;-6174
2018-10-10T02:30;2018-10-10T02:45;11;kWh;-6849;0;0;0;6849;-6849
2018-10-10T02:45;2018-10-10T03:00;12;kWh;-10650;0;0;0;10650;-10650
2018-10-10T03:00;2018-10-10T03:15;13;kWh;-13088;0;0;0;13088;-13088
2018-10-10T03:15;2018-10-10T03:30;14;kWh;-5641;0;0;0;5641;-5641
2018-10-10T03:30;2018-10-10T03:45;15;kWh;-5522;0;0;0;5522;-5522
2018-10-10T03:45;2018-10-10T04:00;16;kWh;-514;0;0;0;514;-514
2018-10-10T04:00;2018-10-10T04:15;17;kWh;0;1184;0;0;1184;1184
2018-10-10T04:15;2018-10-10T04:30;18;kWh;0;480;0;0;480;480
2018-10-10T04:30;2018-10-10T04:45;19;kWh;0;4208;0;0;4208;4208
2018-10-10T04:45;2018-10-10T05:00;20;kWh;0;12264;0;0;12264;12264
2018-10-10T05:00;2018-10-10T05:15;21;kWh;-2518;5538;0;0;8056;3020
2018-10-10T05:15;2018-10-10T05:30;22;kWh;-103;10;0;0;113;-93
2018-10-10T05:30;2018-10-10T05:45;23;kWh;0;14051;0;0;14051;14051
2018-10-10T05:45;2018-10-10T06:00;24;kWh;-1859;22517;0;0;24376;20658
2018-10-10T06:00;2018-10-10T06:15;25;kWh;-20340;203;0;0;20543;-20137
2018-10-10T06:15;2018-10-10T06:30;26;kWh;-31505;0;0;0;31505;-31505
2018-10-10T06:30;2018-10-10T06:45;27;kWh;-24891;0;0;0;24891;-24891
2018-10-10T06:45;2018-10-10T07:00;28;kWh;-5444;9904;0;0;15348;4460
2018-10-10T07:00;2018-10-10T07:15;29;kWh;-35370;2256;0;0;37626;-33114
2018-10-10T07:15;2018-10-10T07:30;30;kWh;-15330;7655;0;0;22985;-7675
2018-10-10T07:30;2018-10-10T07:45;31;kWh;0;59169;0;0;59169;59169
2018-10-10T07:45;2018-10-10T08:00;32;kWh;0;82744;0;0;82744;82744
2018-10-10T08:00;2018-10-10T08:15;33;kWh;-10663;19937;0;0;30600;9274
2018-10-10T08:15;2018-10-10T08:30;34;kWh;0;25976;0;0;25976;25976
2018-10-10T08:30;2018-10-10T08:45;35;kWh;0;14394;0;0;14394;14394
2018-10-10T08:45;2018-10-10T09:00;36;kWh;0;25896;0;0;25896;25896
2018-10-10T09:00;2018-10-10T09:15;37;kWh;0;49318;0;0;49318;49318
2018-10-10T09:15;2018-10-10T09:30;38;kWh;0;34996;0;0;34996;34996
2018-10-10T09:30;2018-10-10T09:45;39;kWh;-5340;9022;0;0;14362;3682
2018-10-10T09:45;2018-10-10T10:00;40;kWh;-15340;0;0;0;15340;-15340
2018-10-10T10:00;2018-10-10T10:15;41;kWh;-5094;29198;0;0;34292;24104
2018-10-10T10:15;2018-10-10T10:30;42;kWh;-23;9381;0;0;9404;9358
2018-10-10T10:30;2018-10-10T10:45;43;kWh;-13435;538;0;0;13973;-12897
2018-10-10T10:45;2018-10-10T11:00;44;kWh;-19194;0;0;0;19194;-19194
2018-10-10T11:00;2018-10-10T11:15;45;kWh;-4891;3312;0;0;8203;-1579
2018-10-10T11:15;2018-10-10T11:30;46;kWh;-5010;0;0;0;5010;-5010
2018-10-10T11:30;2018-10-10T11:45;47;kWh;-18037;0;0;0;18037;-18037
2018-10-10T11:45;2018-10-10T12:00;48;kWh;-29829;0;0;0;29829;-29829
2018-10-10T12:00;2018-10-10T12:15;49;kWh;-16935;1517;0;0;18452;-15418
2018-10-10T12:15;2018-10-10T12:30;50;kWh;-14201;252;0;0;14453;-13949
2018-10-10T12:30;2018-10-10T12:45;51;kWh;-28790;0;0;0;28790;-28790
2018-10-10T12:45;2018-10-10T13:00;52;kWh;-38131;0;0;0;38131;-38131
2018-10-10T13:00;2018-10-10T13:15;53;kWh;-31526;7;0;0;31533;-31519
2018-10-10T13:15;2018-10-10T13:30;54;kWh;-2829;2379;0;0;5208;-450
2018-10-10T13:30;2018-10-10T13:45;55;kWh;-6582;0;0;0;6582;-6582
2018-10-10T13:45;2018-10-10T14:00;56;kWh;-8946;0;0;0;8946;-8946
2018-10-10T14:00;2018-10-10T14:15;57;kWh;-12259;1155;0;0;13414;-11104
2018-10-10T14:15;2018-10-10T14:30;58;kWh;-4263;80;0;0;4343;-4183
2018-10-10T14:30;2018-10-10T14:45;59;kWh;-62;7789;0;0;7851;7727
2018-10-10T14:45;2018-10-10T15:00;60;kWh;0;9909;0;0;9909;9909
2018-10-10T15:00;2018-10-10T15:15;61;kWh;-428;2929;0;0;3357;2501
2018-10-10T15:15;2018-10-10T15:30;62;kWh;-3143;3876;0;0;7019;733
2018-10-10T15:30;2018-10-10T15:45;63;kWh;0;27422;0;0;27422;27422
2018-10-10T15:45;2018-10-10T16:00;64;kWh;0;39481;0;0;39481;39481
2018-10-10T16:00;2018-10-10T16:15;65;kWh;-3968;17393;0;0;21361;13425
2018-10-10T16:15;2018-10-10T16:30;66;kWh;-273;2363;0;0;2636;2090
2018-10-10T16:30;2018-10-10T16:45;67;kWh;0;21838;0;0;21838;21838
2018-10-10T16:45;2018-10-10T17:00;68;kWh;0;40077;0;0;40077;40077
2018-10-10T17:00;2018-10-10T17:15;69;kWh;-590;14394;0;0;14984;13804
2018-10-10T17:15;2018-10-10T17:30;70;kWh;-108;18068;0;0;18176;17960
2018-10-10T17:30;2018-10-10T17:45;71;kWh;0;51531;0;0;51531;51531
2018-10-10T17:45;2018-10-10T18:00;72;kWh;0;54762;0;0;54762;54762
2018-10-10T18:00;2018-10-10T18:15;73;kWh;0;75879;0;0;75879;75879
2018-10-10T18:15;2018-10-10T18:30;74;kWh;0;45497;0;0;45497;45497
2018-10-10T18:30;2018-10-10T18:45;75;kWh;-5036;4144;0;0;9180;-892
2018-10-10T18:45;2018-10-10T19:00;76;kWh;-5778;0;0;0;5778;-5778
2018-10-10T19:00;2018-10-10T19:15;77;kWh;-22422;0;0;0;22422;-22422
2018-10-10T19:15;2018-10-10T19:30;78;kWh;-2873;1538;0;0;4411;-1335
2018-10-10T19:30;2018-10-10T19:45;79;kWh;-1926;3032;0;0;4958;1106
2018-10-10T19:45;2018-10-10T20:00;80;kWh;-15096;0;0;0;15096;-15096
2018-10-10T20:00;2018-10-10T20:15;81;kWh;-13507;0;0;0;13507;-13507
2018-10-10T20:15;2018-10-10T20:30;82;kWh;-10808;0;0;0;10808;-10808
2018-10-10T20:30;2018-10-10T20:45;83;kWh;-42023;0;0;0;42023;-42023
2018-10-10T20:45;2018-10-10T21:00;84;kWh;-54384;0;0;0;54384;-54384
2018-10-10T21:00;2018-10-10T21:15;85;kWh;-28326;5373;0;0;33699;-22953
2018-10-10T21:15;2018-10-10T21:30;86;kWh;-23097;1960;0;0;25057;-21137
2018-10-10T21:30;2018-10-10T21:45;87;kWh;-69286;0;0;0;69286;-69286
2018-10-10T21:45;2018-10-10T22:00;88;kWh;-44321;0;0;0;44321;-44321
2018-10-10T22:00;2018-10-10T22:15;89;kWh;-32179;1603;0;0;33782;-30576
2018-10-10T22:15;2018-10-10T22:30;90;kWh;-1575;4702;0;0;6277;3127
2018-10-10T22:30;2018-10-10T22:45;91;kWh;-151;4322;0;0;4473;4171
2018-10-10T22:45;2018-10-10T23:00;92;kWh;-2871;13;0;0;2884;-2858
2018-10-10T23:00;2018-10-10T23:15;93;kWh;-4715;7827;0;0;12542;3112
2018-10-10T23:15;2018-10-10T23:30;94;kWh;-611;15725;0;0;16336;15114
2018-10-10T23:30;2018-10-10T23:45;95;kWh;-22681;683;0;0;23364;-21998
2018-10-10T23:45;2018-10-11T00:00;96;kWh;-46154;0;0;0;46154;-46154
2018-10-11T00:00;2018-10-11T00:15;1;kWh;-73660;0;0;0;73660;-73660
2018-10-11T00:15;2018-10-11T00:30;2;kWh;-102497;0;0;0;102497;-102497
2018-10-11T00:30;2018-10-11T00:45;3;kWh;-77751;0;0;0;77751;-77751
2018-10-11T00:45;2018-10-11T01:00;4;kWh;-60887;0;0;0;60887;-60887
2018-10-11T01:00;2018-10-11T01:15;5;kWh;-63619;0;0;0;63619;-63619
2018-10-11T01:15;2018-10-11T01:30;6;kWh;-60997;0;0;0;60997;-60997
2018-10-11T01:30;2018-10-11T01:45;7;kWh;-36695;0;0;0;36695;-36695
2018-10-11T01:45;2018-10-11T02:00;8;kWh;-16310;0;0;0;16310;-16310
2018-10-11T02:00;2018-10-11T02:15;9;kWh;-22489;0;0;0;22489;-22489
2018-10-11T02:15;2018-10-11T02:30;10;kWh;-3747;0;0;0;3747;-3747
2018-10-11T02:30;2018-10-11T02:45;11;kWh;-12881;0;0;0;12881;-12881
2018-10-11T02:45;2018-10-11T03:00;12;kWh;-26678;0;0;0;26678;-26678
2018-10-11T03:00;2018-10-11T03:15;13;kWh;-45163;0;0;0;45163;-45163
2018-10-11T03:15;2018-10-11T03:30;14;kWh;-36808;0;0;0;36808;-36808
2018-10-11T03:30;2018-10-11T03:45;15;kWh;-31240;0;0;0;31240;-31240
2018-10-11T03:45;2018-10-11T04:00;16;kWh;-20041;0;0;0;20041;-20041
2018-10-11T04:00;2018-10-11T04:15;17;kWh;-31009;0;0;0;31009;-31009
2018-10-11T04:15;2018-10-11T04:30;18;kWh;-34410;0;0;0;34410;-34410
2018-10-11T04:30;2018-10-11T04:45;19;kWh;-34284;0;0;0;34284;-34284
2018-10-11T04:45;2018-10-11T05:00;20;kWh;-14508;0;0;0;14508;-14508
2018-10-11T05:00;2018-10-11T05:15;21;kWh;-44107;0;0;0;44107;-44107
2018-10-11T05:15;2018-10-11T05:30;22;kWh;-40896;0;0;0;40896;-40896
2018-10-11T05:30;2018-10-11T05:45;23;kWh;-35140;0;0;0;35140;-35140
2018-10-11T05:45;2018-10-11T06:00;24;kWh;-19820;0;0;0;19820;-19820
2018-10-11T06:00;2018-10-11T06:15;25;kWh;-2119;15752;0;0;17871;13633
2018-10-11T06:15;2018-10-11T06:30;26;kWh;0;1377;0;0;1377;1377
2018-10-11T06:30;2018-10-11T06:45;27;kWh;0;435;0;0;435;435
2018-10-11T06:45;2018-10-11T07:00;28;kWh;-15550;98;0;0;15648;-15452
2018-10-11T07:00;2018-10-11T07:15;29;kWh;-1981;32304;0;0;34285;30323
2018-10-11T07:15;2018-10-11T07:30;30;kWh;-9165;2308;0;0;11473;-6857
2018-10-11T07:30;2018-10-11T07:45;31;kWh;-13;72186;0;0;72199;72173
2018-10-11T07:45;2018-10-11T08:00;32;kWh;0;114133;0;0;114133;114133
2018-10-11T08:00;2018-10-11T08:15;33;kWh;-13891;18107;0;0;31998;4216
2018-10-11T08:15;2018-10-11T08:30;34;kWh;-23430;0;0;0;23430;-23430
2018-10-11T08:30;2018-10-11T08:45;35;kWh;-11460;3992;0;0;15452;-7468
2018-10-11T08:45;2018-10-11T09:00;36;kWh;-27;22571;0;0;22598;22544
2018-10-11T09:00;2018-10-11T09:15;37;kWh;-9606;4881;0;0;14487;-4725
2018-10-11T09:15;2018-10-11T09:30;38;kWh;-6958;0;0;0;6958;-6958
2018-10-11T09:30;2018-10-11T09:45;39;kWh;-6405;0;0;0;6405;-6405
2018-10-11T09:45;2018-10-11T10:00;40;kWh;-5933;0;0;0;5933;-5933
2018-10-11T10:00;2018-10-11T10:15;41;kWh;-559;29022;0;0;29581;28463
2018-10-11T10:15;2018-10-11T10:30;42;kWh;0;103638;0;0;103638;103638
2018-10-11T10:30;2018-10-11T10:45;43;kWh;0;71093;0;0;71093;71093
2018-10-11T10:45;2018-10-11T11:00;44;kWh;0;63847;0;0;63847;63847
2018-10-11T11:00;2018-10-11T11:15;45;kWh;0;103241;0;0;103241;103241
2018-10-11T11:15;2018-10-11T11:30;46;kWh;0;102465;0;0;102465;102465
2018-10-11T11:30;2018-10-11T11:45;47;kWh;0;48640;0;0;48640;48640
2018-10-11T11:45;2018-10-11T12:00;48;kWh;0;62897;0;0;62897;62897
2018-10-11T12:00;2018-10-11T12:15;49;kWh;0;40087;0;0;40087;40087
2018-10-11T12:15;2018-10-11T12:30;50;kWh;0;34878;0;0;34878;34878
2018-10-11T12:30;2018-10-11T12:45;51;kWh;0;11589;0;0;11589;11589
2018-10-11T12:45;2018-10-11T13:00;52;kWh;-22;5444;0;0;5466;5422
2018-10-11T13:00;2018-10-11T13:15;53;kWh;-5039;1973;0;0;7012;-3066
2018-10-11T13:15;2018-10-11T13:30;54;kWh;-96;5278;0;0;5374;5182
2018-10-11T13:30;2018-10-11T13:45;55;kWh;-833;785;0;0;1618;-48
2018-10-11T13:45;2018-10-11T14:00;56;kWh;-1252;493;0;0;1745;-759
2018-10-11T14:00;2018-10-11T14:15;57;kWh;-2132;253;0;0;2385;-1879
2018-10-11T14:15;2018-10-11T14:30;58;kWh;-13338;153;0;0;13491;-13185
2018-10-11T14:30;2018-10-11T14:45;59;kWh;-31369;0;0;0;31369;-31369
2018-10-11T14:45;2018-10-11T15:00;60;kWh;-17685;0;0;0;17685;-17685
2018-10-11T15:00;2018-10-11T15:15;61;kWh;-1390;0;0;0;1390;-1390
2018-10-11T15:15;2018-10-11T15:30;62;kWh;0;1404;0;0;1404;1404
2018-10-11T15:30;2018-10-11T15:45;63;kWh;0;13852;0;0;13852;13852
2018-10-11T15:45;2018-10-11T16:00;64;kWh;0;26391;0;0;26391;26391
2018-10-11T16:00;2018-10-11T16:15;65;kWh;-1108;11377;0;0;12485;10269
2018-10-11T16:15;2018-10-11T16:30;66;kWh;-101;55;0;0;156;-46
2018-10-11T16:30;2018-10-11T16:45;67;kWh;0;0;0;0;0;0
2018-10-11T16:45;2018-10-11T17:00;68;kWh;0;0;0;0;0;0
2018-10-11T17:00;2018-10-11T17:15;69;kWh;-30680;0;0;0;30680;-30680
2018-10-11T17:15;2018-10-11T17:30;70;kWh;-3395;0;0;0;3395;-3395
2018-10-11T17:30;2018-10-11T17:45;71;kWh;0;0;0;0;0;0
2018-10-11T17:45;2018-10-11T18:00;72;kWh;0;1;0;0;1;1
2018-10-11T18:00;2018-10-11T18:15;73;kWh;0;9102;0;0;9102;9102
2018-10-11T18:15;2018-10-11T18:30;74;kWh;0;40683;0;0;40683;40683
2018-10-11T18:30;2018-10-11T18:45;75;kWh;0;43552;0;0;43552;43552
2018-10-11T18:45;2018-10-11T19:00;76;kWh;0;89738;0;0;89738;89738
2018-10-11T19:00;2018-10-11T19:15;77;kWh;0;82072;0;0;82072;82072
2018-10-11T19:15;2018-10-11T19:30;78;kWh;0;66853;0;0;66853;66853
2018-10-11T19:30;2018-10-11T19:45;79;kWh;0;27162;0;0;27162;27162
2018-10-11T19:45;2018-10-11T20:00;80;kWh;0;0;0;0;0;0
2018-10-11T20:00;2018-10-11T20:15;81;kWh;0;0;0;0;0;0
2018-10-11T20:15;2018-10-11T20:30;82;kWh;0;0;0;0;0;0
2018-10-11T20:30;2018-10-11T20:45;83;kWh;0;0;0;0;0;0
2018-10-11T20:45;2018-10-11T21:00;84;kWh;-2836;0;0;0;2836;-2836
2018-10-11T21:00;2018-10-11T21:15;85;kWh;-25638;0;0;0;25638;-25638
2018-10-11T21:15;2018-10-11T21:30;86;kWh;-1005;0;0;0;1005;-1005
2018-10-11T21:30;2018-10-11T21:45;87;kWh;-3300;0;0;0;3300;-3300
2018-10-11T21:45;2018-10-11T22:00;88;kWh;-4402;0;0;0;4402;-4402
2018-10-11T22:00;2018-10-11T22:15;89;kWh;-27710;0;0;0;27710;-27710
2018-10-11T22:15;2018-10-11T22:30;90;kWh;-69459;0;0;0;69459;-69459
2018-10-11T22:30;2018-10-11T22:45;91;kWh;-49211;0;0;0;49211;-49211
2018-10-11T22:45;2018-10-11T23:00;92;kWh;-58746;0;0;0;58746;-58746
2018-10-11T23:00;2018-10-11T23:15;93;kWh;-32402;0;0;0;32402;-32402
2018-10-11T23:15;2018-10-11T23:30;94;kWh;-37048;0;0;0;37048;-37048
2018-10-11T23:30;2018-10-11T23:45;95;kWh;-76197;0;0;0;76197;-76197
2018-10-11T23:45;2018-10-12T00:00;96;kWh;-90766;0;0;0;90766;-90766
2018-10-12T00:00;2018-10-12T00:15;1;kWh;-45361;0;0;0;45361;-45361
2018-10-12T00:15;2018-10-12T00:30;2;kWh;-33678;0;0;0;33678;-33678
2018-10-12T00:30;2018-10-12T00:45;3;kWh;-69536;0;0;0;69536;-69536
2018-10-12T00:45;2018-10-12T01:00;4;kWh;-91812;0;0;0;91812;-91812
2018-10-12T01:00;2018-10-12T01:15;5;kWh;-56158;0;0;0;56158;-56158
2018-10-12T01:15;2018-10-12T01:30;6;kWh;-19203;0;0;0;19203;-19203
2018-10-12T01:30;2018-10-12T01:45;7;kWh;-53066;0;0;0;53066;-53066
2018-10-12T01:45;2018-10-12T02:00;8;kWh;-61242;0;0;0;61242;-61242
2018-10-12T02:00;2018-10-12T02:15;9;kWh;-22292;0;0;0;22292;-22292
2018-10-12T02:15;2018-10-12T02:30;10;kWh;-10915;0;0;0;10915;-10915
2018-10-12T02:30;2018-10-12T02:45;11;kWh;-6573;0;0;0;6573;-6573
2018-10-12T02:45;2018-10-12T03:00;12;kWh;-10200;0;0;0;10200;-10200
2018-10-12T03:00;2018-10-12T03:15;13;kWh;-2548;0;0;0;2548;-2548
2018-10-12T03:15;2018-10-12T03:30;14;kWh;-955;0;0;0;955;-955
2018-10-12T03:30;2018-10-12T03:45;15;kWh;-6898;0;0;0;6898;-6898
2018-10-12T03:45;2018-10-12T04:00;16;kWh;-65002;0;0;0;65002;-65002
2018-10-12T04:00;2018-10-12T04:15;17;kWh;-76332;0;0;0;76332;-76332
2018-10-12T04:15;2018-10-12T04:30;18;kWh;-82576;0;0;0;82576;-82576
2018-10-12T04:30;2018-10-12T04:45;19;kWh;-69956;0;0;0;69956;-69956
2018-10-12T04:45;2018-10-12T05:00;20;kWh;-35931;0;0;0;35931;-35931
2018-10-12T05:00;2018-10-12T05:15;21;kWh;-38467;0;0;0;38467;-38467
2018-10-12T05:15;2018-10-12T05:30;22;kWh;-46898;0;0;0;46898;-46898
2018-10-12T05:30;2018-10-12T05:45;23;kWh;-17950;0;0;0;17950;-17950
2018-10-12T05:45;2018-10-12T06:00;24;kWh;-1943;0;0;0;1943;-1943
2018-10-12T06:00;2018-10-12T06:15;25;kWh;-13165;0;0;0;13165;-13165
2018-10-12T06:15;2018-10-12T06:30;26;kWh;-326;0;0;0;326;-326
2018-10-12T06:30;2018-10-12T06:45;27;kWh;0;9007;0;0;9007;9007
2018-10-12T06:45;2018-10-12T07:00;28;kWh;0;15040;0;0;15040;15040
2018-10-12T07:00;2018-10-12T07:15;29;kWh;0;7333;0;0;7333;7333
2018-10-12T07:15;2018-10-12T07:30;30;kWh;0;15658;0;0;15658;15658
2018-10-12T07:30;2018-10-12T07:45;31;kWh;0;76833;0;0;76833;76833
2018-10-12T07:45;2018-10-12T08:00;32;kWh;0;46049;0;0;46049;46049
2018-10-12T08:00;2018-10-12T08:15;33;kWh;-6465;11390;0;0;17855;4925
2018-10-12T08:15;2018-10-12T08:30;34;kWh;-20854;2;0;0;20856;-20852
2018-10-12T08:30;2018-10-12T08:45;35;kWh;-11901;0;0;0;11901;-11901
2018-10-12T08:45;2018-10-12T09:00;36;kWh;-15563;0;0;0;15563;-15563
2018-10-12T09:00;2018-10-12T09:15;37;kWh;-32769;0;0;0;32769;-32769
2018-10-12T09:15;2018-10-12T09:30;38;kWh;-29045;0;0;0;29045;-29045
2018-10-12T09:30;2018-10-12T09:45;39;kWh;-5504;0;0;0;5504;-5504
2018-10-12T09:45;2018-10-12T10:00;40;kWh;-44807;0;0;0;44807;-44807
2018-10-12T10:00;2018-10-12T10:15;41;kWh;-11044;922;0;0;11966;-10122
2018-10-12T10:15;2018-10-12T10:30;42;kWh;-173;0;0;0;173;-173
2018-10-12T10:30;2018-10-12T10:45;43;kWh;-6413;0;0;0;6413;-6413
2018-10-12T10:45;2018-10-12T11:00;44;kWh;-18060;0;0;0;18060;-18060
2018-10-12T11:00;2018-10-12T11:15;45;kWh;-8230;18097;0;0;26327;9867
2018-10-12T11:15;2018-10-12T11:30;46;kWh;0;7515;0;0;7515;7515
2018-10-12T11:30;2018-10-12T11:45;47;kWh;0;463;0;0;463;463
2018-10-12T11:45;2018-10-12T12:00;48;kWh;-4171;4;0;0;4175;-4167
2018-10-12T12:00;2018-10-12T12:15;49;kWh;-4670;0;0;0;4670;-4670
2018-10-12T12:15;2018-10-12T12:30;50;kWh;-4696;0;0;0;4696;-4696
2018-10-12T12:30;2018-10-12T12:45;51;kWh;-3762;0;0;0;3762;-3762
2018-10-12T12:45;2018-10-12T13:00;52;kWh;-7118;0;0;0;7118;-7118
2018-10-12T13:00;2018-10-12T13:15;53;kWh;-46580;0;0;0;46580;-46580
2018-10-12T13:15;2018-10-12T13:30;54;kWh;-15059;0;0;0;15059;-15059
2018-10-12T13:30;2018-10-12T13:45;55;kWh;-45731;0;0;0;45731;-45731
2018-10-12T13:45;2018-10-12T14:00;56;kWh;-45685;0;0;0;45685;-45685
2018-10-12T14:00;2018-10-12T14:15;57;kWh;-35838;0;0;0;35838;-35838
2018-10-12T14:15;2018-10-12T14:30;58;kWh;-2683;0;0;0;2683;-2683
2018-10-12T14:30;2018-10-12T14:45;59;kWh;-7353;0;0;0;7353;-7353
2018-10-12T14:45;2018-10-12T15:00;60;kWh;-1338;0;0;0;1338;-1338
2018-10-12T15:00;2018-10-12T15:15;61;kWh;0;16219;0;0;16219;16219
2018-10-12T15:15;2018-10-12T15:30;62;kWh;0;18721;0;0;18721;18721
2018-10-12T15:30;2018-10-12T15:45;63;kWh;0;34223;0;0;34223;34223
2018-10-12T15:45;2018-10-12T16:00;64;kWh;0;17387;0;0;17387;17387
2018-10-12T16:00;2018-10-12T16:15;65;kWh;0;13177;0;0;13177;13177
2018-10-12T16:15;2018-10-12T16:30;66;kWh;0;40048;0;0;40048;40048
2018-10-12T16:30;2018-10-12T16:45;67;kWh;0;91146;0;0;91146;91146
2018-10-12T16:45;2018-10-12T17:00;68;kWh;0;72272;0;0;72272;72272
2018-10-12T17:00;2018-10-12T17:15;69;kWh;0;51316;0;0;51316;51316
2018-10-12T17:15;2018-10-12T17:30;70;kWh;0;83440;0;0;83440;83440
2018-10-12T17:30;2018-10-12T17:45;71;kWh;0;97958;0;0;97958;97958
2018-10-12T17:45;2018-10-12T18:00;72;kWh;0;94296;0;0;94296;94296
2018-10-12T18:00;2018-10-12T18:15;73;kWh;-6;21702;0;0;21708;21696
2018-10-12T18:15;2018-10-12T18:30;74;kWh;0;0;0;0;0;0
2018-10-12T18:30;2018-10-12T18:45;75;kWh;0;0;0;0;0;0
2018-10-12T18:45;2018-10-12T19:00;76;kWh;0;9;0;0;9;9
2018-10-12T19:00;2018-10-12T19:15;77;kWh;0;1003;0;0;1003;1003
2018-10-12T19:15;2018-10-12T19:30;78;kWh;0;28242;0;0;28242;28242
2018-10-12T19:30;2018-10-12T19:45;79;kWh;0;47495;0;0;47495;47495
2018-10-12T19:45;2018-10-12T20:00;80;kWh;0;7328;0;0;7328;7328
2018-10-12T20:00;2018-10-12T20:15;81;kWh;0;2056;0;0;2056;2056
2018-10-12T20:15;2018-10-12T20:30;82;kWh;0;232;0;0;232;232
2018-10-12T20:30;2018-10-12T20:45;83;kWh;-2404;0;0;0;2404;-2404
2018-10-12T20:45;2018-10-12T21:00;84;kWh;-29993;0;0;0;29993;-29993
2018-10-12T21:00;2018-10-12T21:15;85;kWh;-27891;780;0;0;28671;-27111
2018-10-12T21:15;2018-10-12T21:30;86;kWh;-701;8307;0;0;9008;7606
2018-10-12T21:30;2018-10-12T21:45;87;kWh;-1823;0;0;0;1823;-1823
2018-10-12T21:45;2018-10-12T22:00;88;kWh;-307;0;0;0;307;-307
2018-10-12T22:00;2018-10-12T22:15;89;kWh;-283;0;0;0;283;-283
2018-10-12T22:15;2018-10-12T22:30;90;kWh;0;154;0;0;154;154
2018-10-12T22:30;2018-10-12T22:45;91;kWh;0;886;0;0;886;886
2018-10-12T22:45;2018-10-12T23:00;92;kWh;-443;0;0;0;443;-443
2018-10-12T23:00;2018-10-12T23:15;93;kWh;-10952;7484;0;0;18436;-3468
2018-10-12T23:15;2018-10-12T23:30;94;kWh;-43;35135;0;0;35178;35092
2018-10-12T23:30;2018-10-12T23:45;95;kWh;-4539;470;0;0;5009;-4069
2018-10-12T23:45;2018-10-13T00:00;96;kWh;-15506;0;0;0;15506;-15506
2018-10-13T00:00;2018-10-13T00:15;1;kWh;-6373;266;0;0;6639;-6107
2018-10-13T00:15;2018-10-13T00:30;2;kWh;0;9922;0;0;9922;9922
2018-10-13T00:30;2018-10-13T00:45;3;kWh;0;21686;0;0;21686;21686
2018-10-13T00:45;2018-10-13T01:00;4;kWh;0;20438;0;0;20438;20438
2018-10-13T01:00;2018-10-13T01:15;5;kWh;0;20740;0;0;20740;20740
2018-10-13T01:15;2018-10-13T01:30;6;kWh;0;15966;0;0;15966;15966
2018-10-13T01:30;2018-10-13T01:45;7;kWh;-2705;737;0;0;3442;-1968
2018-10-13T01:45;2018-10-13T02:00;8;kWh;-1348;0;0;0;1348;-1348
2018-10-13T02:00;2018-10-13T02:15;9;kWh;-404;5669;0;0;6073;5265
2018-10-13T02:15;2018-10-13T02:30;10;kWh;0;14018;0;0;14018;14018
2018-10-13T02:30;2018-10-13T02:45;11;kWh;0;1100;0;0;1100;1100
2018-10-13T02:45;2018-10-13T03:00;12;kWh;0;0;0;0;0;0
2018-10-13T03:00;2018-10-13T03:15;13;kWh;0;6917;0;0;6917;6917
2018-10-13T03:15;2018-10-13T03:30;14;kWh;0;3195;0;0;3195;3195
2018-10-13T03:30;2018-10-13T03:45;15;kWh;0;158;0;0;158;158
2018-10-13T03:45;2018-10-13T04:00;16;kWh;0;0;0;0;0;0
2018-10-13T04:00;2018-10-13T04:15;17;kWh;0;16805;0;0;16805;16805
2018-10-13T04:15;2018-10-13T04:30;18;kWh;0;27509;0;0;27509;27509
2018-10-13T04:30;2018-10-13T04:45;19;kWh;0;16554;0;0;16554;16554
2018-10-13T04:45;2018-10-13T05:00;20;kWh;0;17208;0;0;17208;17208
2018-10-13T05:00;2018-10-13T05:15;21;kWh;-37;680;0;0;717;643
2018-10-13T05:15;2018-10-13T05:30;22;kWh;-104;102;0;0;206;-2
2018-10-13T05:30;2018-10-13T05:45;23;kWh;0;4290;0;0;4290;4290
2018-10-13T05:45;2018-10-13T06:00;24;kWh;0;5621;0;0;5621;5621
2018-10-13T06:00;2018-10-13T06:15;25;kWh;-6178;1154;0;0;7332;-5024
2018-10-13T06:15;2018-10-13T06:30;26;kWh;-9651;0;0;0;9651;-9651
2018-10-13T06:30;2018-10-13T06:45;27;kWh;-656;403;0;0;1059;-253
2018-10-13T06:45;2018-10-13T07:00;28;kWh;0;5162;0;0;5162;5162
2018-10-13T07:00;2018-10-13T07:15;29;kWh;0;1257;0;0;1257;1257
2018-10-13T07:15;2018-10-13T07:30;30;kWh;0;0;0;0;0;0
2018-10-13T07:30;2018-10-13T07:45;31;kWh;0;1798;0;0;1798;1798
2018-10-13T07:45;2018-10-13T08:00;32;kWh;0;27548;0;0;27548;27548
2018-10-13T08:00;2018-10-13T08:15;33;kWh;0;17188;0;0;17188;17188
2018-10-13T08:15;2018-10-13T08:30;34;kWh;0;35028;0;0;35028;35028
2018-10-13T08:30;2018-10-13T08:45;35;kWh;0;60023;0;0;60023;60023
2018-10-13T08:45;2018-10-13T09:00;36;kWh;0;66065;0;0;66065;66065
2018-10-13T09:00;2018-10-13T09:15;37;kWh;0;57738;0;0;57738;57738
2018-10-13T09:15;2018-10-13T09:30;38;kWh;0;72766;0;0;72766;72766
2018-10-13T09:30;2018-10-13T09:45;39;kWh;0;90158;0;0;90158;90158
2018-10-13T09:45;2018-10-13T10:00;40;kWh;0;66320;0;0;66320;66320
2018-10-13T10:00;2018-10-13T10:15;41;kWh;0;87675;0;0;87675;87675
2018-10-13T10:15;2018-10-13T10:30;42;kWh;0;100442;0;0;100442;100442
2018-10-13T10:30;2018-10-13T10:45;43;kWh;0;18047;0;0;18047;18047
2018-10-13T10:45;2018-10-13T11:00;44;kWh;0;17933;0;0;17933;17933
2018-10-13T11:00;2018-10-13T11:15;45;kWh;-26;3559;0;0;3585;3533
2018-10-13T11:15;2018-10-13T11:30;46;kWh;0;0;0;0;0;0
2018-10-13T11:30;2018-10-13T11:45;47;kWh;0;7499;0;0;7499;7499
2018-10-13T11:45;2018-10-13T12:00;48;kWh;0;12480;0;0;12480;12480
2018-10-13T12:00;2018-10-13T12:15;49;kWh;0;42041;0;0;42041;42041
2018-10-13T12:15;2018-10-13T12:30;50;kWh;0;46267;0;0;46267;46267
2018-10-13T12:30;2018-10-13T12:45;51;kWh;0;18956;0;0;18956;18956
2018-10-13T12:45;2018-10-13T13:00;52;kWh;0;12525;0;0;12525;12525
2018-10-13T13:00;2018-10-13T13:15;53;kWh;0;32784;0;0;32784;32784
2018-10-13T13:15;2018-10-13T13:30;54;kWh;0;45801;0;0;45801;45801
2018-10-13T13:30;2018-10-13T13:45;55;kWh;0;27682;0;0;27682;27682
2018-10-13T13:45;2018-10-13T14:00;56;kWh;0;34079;0;0;34079;34079
2018-10-13T14:00;2018-10-13T14:15;57;kWh;0;29046;0;0;29046;29046
2018-10-13T14:15;2018-10-13T14:30;58;kWh;0;37531;0;0;37531;37531
2018-10-13T14:30;2018-10-13T14:45;59;kWh;0;32520;0;0;32520;32520
2018-10-13T14:45;2018-10-13T15:00;60;kWh;0;32398;0;0;32398;32398
2018-10-13T15:00;2018-10-13T15:15;61;kWh;-9904;6562;0;0;16466;-3342
2018-10-13T15:15;2018-10-13T15:30;62;kWh;-1737;202;0;0;1939;-1535
2018-10-13T15:30;2018-10-13T15:45;63;kWh;0;5620;0;0;5620;5620
2018-10-13T15:45;2018-10-13T16:00;64;kWh;0;27907;0;0;27907;27907
2018-10-13T16:00;2018-10-13T16:15;65;kWh;0;10519;0;0;10519;10519
2018-10-13T16:15;2018-10-13T16:30;66;kWh;0;6300;0;0;6300;6300
2018-10-13T16:30;2018-10-13T16:45;67;kWh;0;47315;0;0;47315;47315
2018-10-13T16:45;2018-10-13T17:00;68;kWh;0;89176;0;0;89176;89176
2018-10-13T17:00;2018-10-13T17:15;69;kWh;0;47338;0;0;47338;47338
2018-10-13T17:15;2018-10-13T17:30;70;kWh;0;34623;0;0;34623;34623
2018-10-13T17:30;2018-10-13T17:45;71;kWh;0;76364;0;0;76364;76364
2018-10-13T17:45;2018-10-13T18:00;72;kWh;0;80742;0;0;80742;80742
2018-10-13T18:00;2018-10-13T18:15;73;kWh;0;59601;0;0;59601;59601
2018-10-13T18:15;2018-10-13T18:30;74;kWh;0;34927;0;0;34927;34927
2018-10-13T18:30;2018-10-13T18:45;75;kWh;0;46502;0;0;46502;46502
2018-10-13T18:45;2018-10-13T19:00;76;kWh;0;35973;0;0;35973;35973
2018-10-13T19:00;2018-10-13T19:15;77;kWh;0;45134;0;0;45134;45134
2018-10-13T19:15;2018-10-13T19:30;78;kWh;0;48042;0;0;48042;48042
2018-10-13T19:30;2018-10-13T19:45;79;kWh;0;27717;0;0;27717;27717
2018-10-13T19:45;2018-10-13T20:00;80;kWh;-427;13882;0;0;14309;13455
2018-10-13T20:00;2018-10-13T20:15;81;kWh;-1589;9749;0;0;11338;8160
2018-10-13T20:15;2018-10-13T20:30;82;kWh;0;22507;0;0;22507;22507
2018-10-13T20:30;2018-10-13T20:45;83;kWh;0;33932;0;0;33932;33932
2018-10-13T20:45;2018-10-13T21:00;84;kWh;-1312;4278;0;0;5590;2966
2018-10-13T21:00;2018-10-13T21:15;85;kWh;0;14241;0;0;14241;14241
2018-10-13T21:15;2018-10-13T21:30;86;kWh;0;23957;0;0;23957;23957
2018-10-13T21:30;2018-10-13T21:45;87;kWh;-5665;6079;0;0;11744;414
2018-10-13T21:45;2018-10-13T22:00;88;kWh;0;2674;0;0;2674;2674
2018-10-13T22:00;2018-10-13T22:15;89;kWh;0;37679;0;0;37679;37679
2018-10-13T22:15;2018-10-13T22:30;90;kWh;0;48329;0;0;48329;48329
2018-10-13T22:30;2018-10-13T22:45;91;kWh;-3928;2636;0;0;6564;-1292
2018-10-13T22:45;2018-10-13T23:00;92;kWh;-2853;8503;0;0;11356;5650
2018-10-13T23:00;2018-10-13T23:15;93;kWh;0;47958;0;0;47958;47958
2018-10-13T23:15;2018-10-13T23:30;94;kWh;0;114785;0;0;114785;114785
2018-10-13T23:30;2018-10-13T23:45;95;kWh;0;51177;0;0;51177;51177
2018-10-13T23:45;2018-10-14T00:00;96;kWh;0;40470;0;0;40470;40470
2018-10-14T00:00;2018-10-14T00:15;1;kWh;-8628;9721;0;0;18349;1093
2018-10-14T00:15;2018-10-14T00:30;2;kWh;-329;7469;0;0;7798;7140
2018-10-14T00:30;2018-10-14T00:45;3;kWh;0;61534;0;0;61534;61534
2018-10-14T00:45;2018-10-14T01:00;4;kWh;0;50615;0;0;50615;50615
2018-10-14T01:00;2018-10-14T01:15;5;kWh;0;67599;0;0;67599;67599
2018-10-14T01:15;2018-10-14T01:30;6;kWh;0;66598;0;0;66598;66598
2018-10-14T01:30;2018-10-14T01:45;7;kWh;0;62073;0;0;62073;62073
2018-10-14T01:45;2018-10-14T02:00;8;kWh;0;54126;0;0;54126;54126
2018-10-14T02:00;2018-10-14T02:15;9;kWh;0;37126;0;0;37126;37126
2018-10-14T02:15;2018-10-14T02:30;10;kWh;0;38587;0;0;38587;38587
2018-10-14T02:30;2018-10-14T02:45;11;kWh;0;29519;0;0;29519;29519
2018-10-14T02:45;2018-10-14T03:00;12;kWh;0;29601;0;0;29601;29601
2018-10-14T03:00;2018-10-14T03:15;13;kWh;0;48758;0;0;48758;48758
2018-10-14T03:15;2018-10-14T03:30;14;kWh;0;29230;0;0;29230;29230
2018-10-14T03:30;2018-10-14T03:45;15;kWh;0;37987;0;0;37987;37987
2018-10-14T03:45;2018-10-14T04:00;16;kWh;0;47081;0;0;47081;47081
2018-10-14T04:00;2018-10-14T04:15;17;kWh;-2206;11379;0;0;13585;9173
2018-10-14T04:15;2018-10-14T04:30;18;kWh;0;4366;0;0;4366;4366
2018-10-14T04:30;2018-10-14T04:45;19;kWh;0;10293;0;0;10293;10293
2018-10-14T04:45;2018-10-14T05:00;20;kWh;0;23208;0;0;23208;23208
2018-10-14T05:00;2018-10-14T05:15;21;kWh;0;16551;0;0;16551;16551
2018-10-14T05:15;2018-10-14T05:30;22;kWh;0;18879;0;0;18879;18879
2018-10-14T05:30;2018-10-14T05:45;23;kWh;0;36699;0;0;36699;36699
2018-10-14T05:45;2018-10-14T06:00;24;kWh;0;42870;0;0;42870;42870
2018-10-14T06:00;2018-10-14T06:15;25;kWh;0;36438;0;0;36438;36438
2018-10-14T06:15;2018-10-14T06:30;26;kWh;0;43305;0;0;43305;43305
2018-10-14T06:30;2018-10-14T06:45;27;kWh;0;53485;0;0;53485;53485
2018-10-14T06:45;2018-10-14T07:00;28;kWh;0;53939;0;0;53939;53939
2018-10-14T07:00;2018-10-14T07:15;29;kWh;-1477;18280;0;0;19757;16803
2018-10-14T07:15;2018-10-14T07:30;30;kWh;-1518;2;0;0;1520;-1516
2018-10-14T07:30;2018-10-14T07:45;31;kWh;-43;20353;0;0;20396;20310
2018-10-14T07:45;2018-10-14T08:00;32;kWh;-2898;13186;0;0;16084;10288
2018-10-14T08:00;2018-10-14T08:15;33;kWh;-4119;28;0;0;4147;-4091
2018-10-14T08:15;2018-10-14T08:30;34;kWh;-87;0;0;0;87;-87
2018-10-14T08:30;2018-10-14T08:45;35;kWh;0;929;0;0;929;929
2018-10-14T08:45;2018-10-14T09:00;36;kWh;0;10556;0;0;10556;10556
2018-10-14T09:00;2018-10-14T09:15;37;kWh;0;34895;0;0;34895;34895
2018-10-14T09:15;2018-10-14T09:30;38;kWh;0;51204;0;0;51204;51204
2018-10-14T09:30;2018-10-14T09:45;39;kWh;0;50774;0;0;50774;50774
2018-10-14T09:45;2018-10-14T10:00;40;kWh;0;36391;0;0;36391;36391
2018-10-14T10:00;2018-10-14T10:15;41;kWh;0;42680;0;0;42680;42680
2018-10-14T10:15;2018-10-14T10:30;42;kWh;0;48654;0;0;48654;48654
2018-10-14T10:30;2018-10-14T10:45;43;kWh;-614;7221;0;0;7835;6607
2018-10-14T10:45;2018-10-14T11:00;44;kWh;-121;4027;0;0;4148;3906
2018-10-14T11:00;2018-10-14T11:15;45;kWh;-235;472;0;0;707;237
2018-10-14T11:15;2018-10-14T11:30;46;kWh;0;12720;0;0;12720;12720
2018-10-14T11:30;2018-10-14T11:45;47;kWh;-1364;2086;0;0;3450;722
2018-10-14T11:45;2018-10-14T12:00;48;kWh;-1703;0;0;0;1703;-1703
2018-10-14T12:00;2018-10-14T12:15;49;kWh;0;12362;0;0;12362;12362
2018-10-14T12:15;2018-10-14T12:30;50;kWh;-828;3941;0;0;4769;3113
2018-10-14T12:30;2018-10-14T12:45;51;kWh;-8894;0;0;0;8894;-8894
2018-10-14T12:45;2018-10-14T13:00;52;kWh;-21302;0;0;0;21302;-21302
2018-10-14T13:00;2018-10-14T13:15;53;kWh;-11639;0;0;0;11639;-11639
2018-10-14T13:15;2018-10-14T13:30;54;kWh;-930;0;0;0;930;-930
2018-10-14T13:30;2018-10-14T13:45;55;kWh;-29727;0;0;0;29727;-29727
2018-10-14T13:45;2018-10-14T14:00;56;kWh;-39216;0;0;0;39216;-39216
2018-10-14T14:00;2018-10-14T14:15;57;kWh;-19277;51;0;0;19328;-19226
2018-10-14T14:15;2018-10-14T14:30;58;kWh;-46;959;0;0;1005;913
2018-10-14T14:30;2018-10-14T14:45;59;kWh;0;2573;0;0;2573;2573
2018-10-14T14:45;2018-10-14T15:00;60;kWh;0;11256;0;0;11256;11256
2018-10-14T15:00;2018-10-14T15:15;61;kWh;0;6441;0;0;6441;6441
2018-10-14T15:15;2018-10-14T15:30;62;kWh;0;1679;0;0;1679;1679
2018-10-14T15:30;2018-10-14T15:45;63;kWh;0;17280;0;0;17280;17280
2018-10-14T15:45;2018-10-14T16:00;64;kWh;0;46470;0;0;46470;46470
2018-10-14T16:00;2018-10-14T16:15;65;kWh;0;60540;0;0;60540;60540
2018-10-14T16:15;2018-10-14T16:30;66;kWh;0;61241;0;0;61241;61241
2018-10-14T16:30;2018-10-14T16:45;67;kWh;0;77596;0;0;77596;77596
2018-10-14T16:45;2018-10-14T17:00;68;kWh;0;107381;0;0;107381;107381
2018-10-14T17:00;2018-10-14T17:15;69;kWh;-881;34924;0;0;35805;34043
2018-10-14T17:15;2018-10-14T17:30;70;kWh;0;5288;0;0;5288;5288
2018-10-14T17:30;2018-10-14T17:45;71;kWh;0;82473;0;0;82473;82473
2018-10-14T17:45;2018-10-14T18:00;72;kWh;0;119913;0;0;119913;119913
2018-10-14T18:00;2018-10-14T18:15;73;kWh;0;28606;0;0;28606;28606
2018-10-14T18:15;2018-10-14T18:30;74;kWh;0;30218;0;0;30218;30218
2018-10-14T18:30;2018-10-14T18:45;75;kWh;0;26408;0;0;26408;26408
2018-10-14T18:45;2018-10-14T19:00;76;kWh;0;20585;0;0;20585;20585
2018-10-14T19:00;2018-10-14T19:15;77;kWh;0;96079;0;0;96079;96079
2018-10-14T19:15;2018-10-14T19:30;78;kWh;0;107045;0;0;108295;108295
2018-10-14T19:30;2018-10-14T19:45;79;kWh;0;37445;0;0;38695;38695
2018-10-14T19:45;2018-10-14T20:00;80;kWh;0;5062;0;0;5062;5062
2018-10-14T20:00;2018-10-14T20:15;81;kWh;0;82210;0;0;82210;82210
2018-10-14T20:15;2018-10-14T20:30;82;kWh;0;121849;0;30000;153099;153099
2018-10-14T20:30;2018-10-14T20:45;83;kWh;0;79951;0;30000;111201;111201
2018-10-14T20:45;2018-10-14T21:00;84;kWh;0;38572;0;30000;69822;69822
2018-10-14T21:00;2018-10-14T21:15;85;kWh;0;36551;0;30000;67801;67801
2018-10-14T21:15;2018-10-14T21:30;86;kWh;0;37557;0;30000;68807;68807
2018-10-14T21:30;2018-10-14T21:45;87;kWh;0;34015;0;10000;45265;45265
2018-10-14T21:45;2018-10-14T22:00;88;kWh;0;27321;0;0;27321;27321
2018-10-14T22:00;2018-10-14T22:15;89;kWh;0;82709;0;0;82709;82709
2018-10-14T22:15;2018-10-14T22:30;90;kWh;0;98225;0;0;98225;98225
2018-10-14T22:30;2018-10-14T22:45;91;kWh;0;63496;0;0;63496;63496
2018-10-14T22:45;2018-10-14T23:00;92;kWh;0;41365;0;0;41365;41365
2018-10-14T23:00;2018-10-14T23:15;93;kWh;0;51852;0;0;51852;51852
2018-10-14T23:15;2018-10-14T23:30;94;kWh;0;48202;0;0;48202;48202
2018-10-14T23:30;2018-10-14T23:45;95;kWh;0;15206;0;0;15206;15206
2018-10-14T23:45;2018-10-15T00:00;96;kWh;0;13040;0;0;13040;13040
2018-10-15T00:00;2018-10-15T00:15;1;kWh;0;23012;0;0;23012;23012
2018-10-15T00:15;2018-10-15T00:30;2;kWh;0;56608;0;0;56608;56608
2018-10-15T00:30;2018-10-15T00:45;3;kWh;0;36967;0;0;36967;36967
2018-10-15T00:45;2018-10-15T01:00;4;kWh;0;17727;0;0;17727;17727
2018-10-15T01:00;2018-10-15T01:15;5;kWh;-23;14402;0;0;14425;14379
2018-10-15T01:15;2018-10-15T01:30;6;kWh;0;50235;0;0;50235;50235
2018-10-15T01:30;2018-10-15T01:45;7;kWh;0;42376;0;0;42376;42376
2018-10-15T01:45;2018-10-15T02:00;8;kWh;0;28870;0;0;28870;28870
2018-10-15T02:00;2018-10-15T02:15;9;kWh;0;38068;0;0;38068;38068
2018-10-15T02:15;2018-10-15T02:30;10;kWh;0;44135;0;0;44135;44135
2018-10-15T02:30;2018-10-15T02:45;11;kWh;0;45240;0;0;45240;45240
2018-10-15T02:45;2018-10-15T03:00;12;kWh;0;33593;0;0;33593;33593
2018-10-15T03:00;2018-10-15T03:15;13;kWh;-1028;7306;0;0;8334;6278
2018-10-15T03:15;2018-10-15T03:30;14;kWh;0;3901;0;0;3901;3901
2018-10-15T03:30;2018-10-15T03:45;15;kWh;0;0;0;0;0;0
2018-10-15T03:45;2018-10-15T04:00;16;kWh;-2297;0;0;0;2297;-2297
2018-10-15T04:00;2018-10-15T04:15;17;kWh;-27183;0;0;0;27183;-27183
2018-10-15T04:15;2018-10-15T04:30;18;kWh;-52541;0;0;0;52541;-52541
2018-10-15T04:30;2018-10-15T04:45;19;kWh;-25053;0;0;0;25053;-25053
2018-10-15T04:45;2018-10-15T05:00;20;kWh;-26464;0;0;0;26464;-26464
2018-10-15T05:00;2018-10-15T05:15;21;kWh;-12135;0;0;0;12135;-12135
2018-10-15T05:15;2018-10-15T05:30;22;kWh;-21121;0;0;0;21121;-21121
2018-10-15T05:30;2018-10-15T05:45;23;kWh;-9226;0;0;0;9226;-9226
2018-10-15T05:45;2018-10-15T06:00;24;kWh;-2853;0;0;0;2853;-2853
2018-10-15T06:00;2018-10-15T06:15;25;kWh;-926;0;0;0;926;-926
2018-10-15T06:15;2018-10-15T06:30;26;kWh;-4953;0;0;0;4953;-4953
2018-10-15T06:30;2018-10-15T06:45;27;kWh;-13;0;0;0;13;-13
2018-10-15T06:45;2018-10-15T07:00;28;kWh;0;4940;0;0;4940;4940
2018-10-15T07:00;2018-10-15T07:15;29;kWh;0;0;0;0;0;0
2018-10-15T07:15;2018-10-15T07:30;30;kWh;0;6815;0;0;6815;6815
2018-10-15T07:30;2018-10-15T07:45;31;kWh;0;37576;0;0;37576;37576
2018-10-15T07:45;2018-10-15T08:00;32;kWh;0;71783;0;0;71783;71783
2018-10-15T08:00;2018-10-15T08:15;33;kWh;-7091;4482;0;0;11573;-2609
2018-10-15T08:15;2018-10-15T08:30;34;kWh;-268;0;0;0;268;-268
2018-10-15T08:30;2018-10-15T08:45;35;kWh;-5;851;0;0;856;846
2018-10-15T08:45;2018-10-15T09:00;36;kWh;0;3997;0;0;3997;3997
2018-10-15T09:00;2018-10-15T09:15;37;kWh;0;2452;0;0;2452;2452
2018-10-15T09:15;2018-10-15T09:30;38;kWh;0;5456;0;0;5456;5456
2018-10-15T09:30;2018-10-15T09:45;39;kWh;-1370;1381;0;0;2751;11
2018-10-15T09:45;2018-10-15T10:00;40;kWh;-1807;0;0;0;1807;-1807
2018-10-15T10:00;2018-10-15T10:15;41;kWh;-2202;0;0;0;2202;-2202
2018-10-15T10:15;2018-10-15T10:30;42;kWh;-22223;0;0;0;22223;-22223
2018-10-15T10:30;2018-10-15T10:45;43;kWh;-32244;0;0;0;32244;-32244
2018-10-15T10:45;2018-10-15T11:00;44;kWh;-24364;0;0;0;24364;-24364
2018-10-15T11:00;2018-10-15T11:15;45;kWh;-7405;0;0;0;7405;-7405
2018-10-15T11:15;2018-10-15T11:30;46;kWh;-22;0;0;0;22;-22
2018-10-15T11:30;2018-10-15T11:45;47;kWh;-5126;0;0;0;5126;-5126
2018-10-15T11:45;2018-10-15T12:00;48;kWh;-13739;0;0;0;13739;-13739
2018-10-15T12:00;2018-10-15T12:15;49;kWh;-2875;697;0;0;3572;-2178
2018-10-15T12:15;2018-10-15T12:30;50;kWh;-4030;0;0;0;4030;-4030
2018-10-15T12:30;2018-10-15T12:45;51;kWh;-5374;0;0;0;5374;-5374
2018-10-15T12:45;2018-10-15T13:00;52;kWh;-11243;0;0;0;11243;-11243
2018-10-15T13:00;2018-10-15T13:15;53;kWh;-8855;0;0;0;8855;-8855
2018-10-15T13:15;2018-10-15T13:30;54;kWh;-13648;0;0;0;13648;-13648
2018-10-15T13:30;2018-10-15T13:45;55;kWh;-11820;0;0;0;11820;-11820
2018-10-15T13:45;2018-10-15T14:00;56;kWh;-6126;0;0;0;6126;-6126
2018-10-15T14:00;2018-10-15T14:15;57;kWh;-23327;0;0;0;23327;-23327
2018-10-15T14:15;2018-10-15T14:30;58;kWh;-21059;0;0;0;21059;-21059
2018-10-15T14:30;2018-10-15T14:45;59;kWh;-11030;21;0;0;11051;-11009
2018-10-15T14:45;2018-10-15T15:00;60;kWh;-265;544;0;0;809;279
2018-10-15T15:00;2018-10-15T15:15;61;kWh;-1909;23;0;0;1932;-1886
2018-10-15T15:15;2018-10-15T15:30;62;kWh;-214;4468;0;0;4682;4254
2018-10-15T15:30;2018-10-15T15:45;63;kWh;0;47852;0;0;47852;47852
2018-10-15T15:45;2018-10-15T16:00;64;kWh;0;65329;0;0;65329;65329
2018-10-15T16:00;2018-10-15T16:15;65;kWh;-1632;19471;0;0;21103;17839
2018-10-15T16:15;2018-10-15T16:30;66;kWh;0;3011;0;0;3011;3011
2018-10-15T16:30;2018-10-15T16:45;67;kWh;0;49881;0;0;49881;49881
2018-10-15T16:45;2018-10-15T17:00;68;kWh;0;73742;0;0;73742;73742
2018-10-15T17:00;2018-10-15T17:15;69;kWh;0;27899;0;0;27899;27899
2018-10-15T17:15;2018-10-15T17:30;70;kWh;0;2874;0;0;2874;2874
2018-10-15T17:30;2018-10-15T17:45;71;kWh;0;48308;0;0;48308;48308
2018-10-15T17:45;2018-10-15T18:00;72;kWh;0;71616;0;0;71616;71616
2018-10-15T18:00;2018-10-15T18:15;73;kWh;-341;13899;0;0;14240;13558
2018-10-15T18:15;2018-10-15T18:30;74;kWh;0;3102;0;0;3102;3102
2018-10-15T18:30;2018-10-15T18:45;75;kWh;0;7998;0;0;7998;7998
2018-10-15T18:45;2018-10-15T19:00;76;kWh;0;21977;0;0;21977;21977
2018-10-15T19:00;2018-10-15T19:15;77;kWh;0;80872;0;0;80872;80872
2018-10-15T19:15;2018-10-15T19:30;78;kWh;0;81739;0;0;81739;81739
2018-10-15T19:30;2018-10-15T19:45;79;kWh;0;23279;0;0;23279;23279
2018-10-15T19:45;2018-10-15T20:00;80;kWh;0;6118;0;0;6118;6118
2018-10-15T20:00;2018-10-15T20:15;81;kWh;0;50489;0;0;50489;50489
2018-10-15T20:15;2018-10-15T20:30;82;kWh;0;54804;0;0;54804;54804
2018-10-15T20:30;2018-10-15T20:45;83;kWh;0;22422;0;0;22422;22422
2018-10-15T20:45;2018-10-15T21:00;84;kWh;0;1749;0;0;1749;1749
2018-10-15T21:00;2018-10-15T21:15;85;kWh;0;56048;0;0;56048;56048
2018-10-15T21:15;2018-10-15T21:30;86;kWh;0;79711;0;0;79711;79711
2018-10-15T21:30;2018-10-15T21:45;87;kWh;0;29569;0;0;29569;29569
2018-10-15T21:45;2018-10-15T22:00;88;kWh;0;14418;0;0;14418;14418
2018-10-15T22:00;2018-10-15T22:15;89;kWh;0;44708;0;0;44708;44708
2018-10-15T22:15;2018-10-15T22:30;90;kWh;0;51613;0;0;51613;51613
2018-10-15T22:30;2018-10-15T22:45;91;kWh;0;34524;0;0;34524;34524
2018-10-15T22:45;2018-10-15T23:00;92;kWh;0;42453;0;0;42453;42453
2018-10-15T23:00;2018-10-15T23:15;93;kWh;0;32295;0;0;32295;32295
2018-10-15T23:15;2018-10-15T23:30;94;kWh;0;46604;0;0;46604;46604
2018-10-15T23:30;2018-10-15T23:45;95;kWh;0;17016;0;0;17016;17016
2018-10-15T23:45;2018-10-16T00:00;96;kWh;0;2343;0;0;2343;2343
2018-10-16T00:00;2018-10-16T00:15;1;kWh;0;0;0;0;0;0
2018-10-16T00:15;2018-10-16T00:30;2;kWh;-458;0;0;0;458;-458
2018-10-16T00:30;2018-10-16T00:45;3;kWh;-5973;0;0;0;5973;-5973
2018-10-16T00:45;2018-10-16T01:00;4;kWh;-6671;0;0;0;6671;-6671
2018-10-16T01:00;2018-10-16T01:15;5;kWh;-3995;0;0;0;3995;-3995
2018-10-16T01:15;2018-10-16T01:30;6;kWh;-23;0;0;0;23;-23
2018-10-16T01:30;2018-10-16T01:45;7;kWh;-5185;0;0;0;5185;-5185
2018-10-16T01:45;2018-10-16T02:00;8;kWh;-5209;0;0;0;5209;-5209
2018-10-16T02:00;2018-10-16T02:15;9;kWh;-5793;3029;0;0;8822;-2764
2018-10-16T02:15;2018-10-16T02:30;10;kWh;-38;3467;0;0;3505;3429
2018-10-16T02:30;2018-10-16T02:45;11;kWh;0;0;0;0;0;0
2018-10-16T02:45;2018-10-16T03:00;12;kWh;-502;0;0;0;502;-502
2018-10-16T03:00;2018-10-16T03:15;13;kWh;-170;0;0;0;170;-170
2018-10-16T03:15;2018-10-16T03:30;14;kWh;0;0;0;0;0;0
2018-10-16T03:30;2018-10-16T03:45;15;kWh;0;0;0;0;0;0
2018-10-16T03:45;2018-10-16T04:00;16;kWh;0;0;0;0;0;0
2018-10-16T04:00;2018-10-16T04:15;17;kWh;0;753;0;0;753;753
2018-10-16T04:15;2018-10-16T04:30;18;kWh;0;38;0;0;38;38
2018-10-16T04:30;2018-10-16T04:45;19;kWh;0;8558;0;0;8558;8558
2018-10-16T04:45;2018-10-16T05:00;20;kWh;0;3514;0;0;3514;3514
2018-10-16T05:00;2018-10-16T05:15;21;kWh;-2983;1684;0;0;4667;-1299
2018-10-16T05:15;2018-10-16T05:30;22;kWh;-4337;0;0;0;4337;-4337
2018-10-16T05:30;2018-10-16T05:45;23;kWh;-48;552;0;0;600;504
2018-10-16T05:45;2018-10-16T06:00;24;kWh;0;13132;0;0;13132;13132
2018-10-16T06:00;2018-10-16T06:15;25;kWh;-10688;1329;0;0;12017;-9359
2018-10-16T06:15;2018-10-16T06:30;26;kWh;-3864;0;0;0;3864;-3864
2018-10-16T06:30;2018-10-16T06:45;27;kWh;-54;6237;0;0;6291;6183
2018-10-16T06:45;2018-10-16T07:00;28;kWh;0;39507;0;0;39507;39507
2018-10-16T07:00;2018-10-16T07:15;29;kWh;-6873;22463;0;0;29336;15590
2018-10-16T07:15;2018-10-16T07:30;30;kWh;-558;9519;0;0;10077;8961
2018-10-16T07:30;2018-10-16T07:45;31;kWh;0;78434;0;0;78434;78434
2018-10-16T07:45;2018-10-16T08:00;32;kWh;0;119824;0;0;119824;119824
2018-10-16T08:00;2018-10-16T08:15;33;kWh;0;35925;0;0;35925;35925
2018-10-16T08:15;2018-10-16T08:30;34;kWh;0;12319;0;0;12319;12319
2018-10-16T08:30;2018-10-16T08:45;35;kWh;0;3892;0;0;3892;3892
2018-10-16T08:45;2018-10-16T09:00;36;kWh;0;11365;0;0;11365;11365
2018-10-16T09:00;2018-10-16T09:15;37;kWh;0;20689;0;0;20689;20689
2018-10-16T09:15;2018-10-16T09:30;38;kWh;0;12803;0;0;12803;12803
2018-10-16T09:30;2018-10-16T09:45;39;kWh;-17;910;0;0;927;893
2018-10-16T09:45;2018-10-16T10:00;40;kWh;-252;0;0;0;252;-252
2018-10-16T10:00;2018-10-16T10:15;41;kWh;0;40989;0;0;40989;40989
2018-10-16T10:15;2018-10-16T10:30;42;kWh;0;39338;0;0;39338;39338
2018-10-16T10:30;2018-10-16T10:45;43;kWh;0;27941;0;0;27941;27941
2018-10-16T10:45;2018-10-16T11:00;44;kWh;0;30499;0;0;30499;30499
2018-10-16T11:00;2018-10-16T11:15;45;kWh;0;69477;0;0;69477;69477
2018-10-16T11:15;2018-10-16T11:30;46;kWh;0;104778;0;0;104778;104778
2018-10-16T11:30;2018-10-16T11:45;47;kWh;0;41347;0;0;41347;41347
2018-10-16T11:45;2018-10-16T12:00;48;kWh;0;37490;0;0;37490;37490
2018-10-16T12:00;2018-10-16T12:15;49;kWh;0;24714;0;0;24714;24714
2018-10-16T12:15;2018-10-16T12:30;50;kWh;0;3644;0;0;3644;3644
2018-10-16T12:30;2018-10-16T12:45;51;kWh;0;14048;0;0;14048;14048
2018-10-16T12:45;2018-10-16T13:00;52;kWh;0;4515;0;0;4515;4515
2018-10-16T13:00;2018-10-16T13:15;53;kWh;0;23702;0;0;23702;23702
2018-10-16T13:15;2018-10-16T13:30;54;kWh;0;60904;0;0;60904;60904
2018-10-16T13:30;2018-10-16T13:45;55;kWh;0;19177;0;0;19177;19177
2018-10-16T13:45;2018-10-16T14:00;56;kWh;0;32925;0;0;32925;32925
2018-10-16T14:00;2018-10-16T14:15;57;kWh;0;42996;0;0;42996;42996
2018-10-16T14:15;2018-10-16T14:30;58;kWh;0;53014;0;0;53014;53014
2018-10-16T14:30;2018-10-16T14:45;59;kWh;0;49871;0;0;49871;49871
2018-10-16T14:45;2018-10-16T15:00;60;kWh;0;54917;0;0;54917;54917
2018-10-16T15:00;2018-10-16T15:15;61;kWh;0;46058;0;0;46058;46058
2018-10-16T15:15;2018-10-16T15:30;62;kWh;0;21382;0;0;21382;21382
2018-10-16T15:30;2018-10-16T15:45;63;kWh;0;47091;0;0;47091;47091
2018-10-16T15:45;2018-10-16T16:00;64;kWh;0;77963;0;0;77963;77963
2018-10-16T16:00;2018-10-16T16:15;65;kWh;-925;23402;0;0;24327;22477
2018-10-16T16:15;2018-10-16T16:30;66;kWh;0;25338;0;0;25338;25338
2018-10-16T16:30;2018-10-16T16:45;67;kWh;0;69953;0;0;69953;69953
2018-10-16T16:45;2018-10-16T17:00;68;kWh;0;70312;0;0;70312;70312
2018-10-16T17:00;2018-10-16T17:15;69;kWh;0;13882;0;0;13882;13882
2018-10-16T17:15;2018-10-16T17:30;70;kWh;0;38964;0;0;38964;38964
2018-10-16T17:30;2018-10-16T17:45;71;kWh;0;79996;0;0;79996;79996
2018-10-16T17:45;2018-10-16T18:00;72;kWh;0;75809;0;0;75809;75809
2018-10-16T18:00;2018-10-16T18:15;73;kWh;-479;24961;0;0;25440;24482
2018-10-16T18:15;2018-10-16T18:30;74;kWh;0;16;0;0;16;16
2018-10-16T18:30;2018-10-16T18:45;75;kWh;0;0;0;0;0;0
2018-10-16T18:45;2018-10-16T19:00;76;kWh;0;156;0;0;156;156
2018-10-16T19:00;2018-10-16T19:15;77;kWh;0;39465;0;0;39465;39465
2018-10-16T19:15;2018-10-16T19:30;78;kWh;0;41992;0;0;41992;41992
2018-10-16T19:30;2018-10-16T19:45;79;kWh;0;3423;0;0;3423;3423
2018-10-16T19:45;2018-10-16T20:00;80;kWh;0;0;0;0;0;0
2018-10-16T20:00;2018-10-16T20:15;81;kWh;0;24131;0;0;24131;24131
2018-10-16T20:15;2018-10-16T20:30;82;kWh;0;22475;0;0;22475;22475
2018-10-16T20:30;2018-10-16T20:45;83;kWh;0;159;0;0;159;159
2018-10-16T20:45;2018-10-16T21:00;84;kWh;-2621;0;0;0;2621;-2621
2018-10-16T21:00;2018-10-16T21:15;85;kWh;-1293;6515;0;0;7808;5222
2018-10-16T21:15;2018-10-16T21:30;86;kWh;-22;11905;0;0;11927;11883
2018-10-16T21:30;2018-10-16T21:45;87;kWh;-1547;749;0;0;2296;-798
2018-10-16T21:45;2018-10-16T22:00;88;kWh;-27173;0;0;0;27173;-27173
2018-10-16T22:00;2018-10-16T22:15;89;kWh;-23672;0;0;0;23672;-23672
2018-10-16T22:15;2018-10-16T22:30;90;kWh;-7558;0;0;0;7558;-7558
2018-10-16T22:30;2018-10-16T22:45;91;kWh;-41958;0;0;0;41958;-41958
2018-10-16T22:45;2018-10-16T23:00;92;kWh;-48514;0;0;0;48514;-48514
2018-10-16T23:00;2018-10-16T23:15;93;kWh;-69336;0;0;0;69336;-69336
2018-10-16T23:15;2018-10-16T23:30;94;kWh;-17232;0;0;0;17232;-17232
2018-10-16T23:30;2018-10-16T23:45;95;kWh;-59444;0;0;0;59444;-59444
2018-10-16T23:45;2018-10-17T00:00;96;kWh;-60922;0;0;0;60922;-60922
2018-10-17T00:00;2018-10-17T00:15;1;kWh;-20271;12547;0;0;32818;-7724
2018-10-17T00:15;2018-10-17T00:30;2;kWh;0;39291;0;0;39291;39291
2018-10-17T00:30;2018-10-17T00:45;3;kWh;0;26222;0;0;26222;26222
2018-10-17T00:45;2018-10-17T01:00;4;kWh;-992;938;0;0;1930;-54
2018-10-17T01:00;2018-10-17T01:15;5;kWh;-1194;0;0;0;1194;-1194
2018-10-17T01:15;2018-10-17T01:30;6;kWh;0;0;0;0;0;0
2018-10-17T01:30;2018-10-17T01:45;7;kWh;0;1018;0;0;1018;1018
2018-10-17T01:45;2018-10-17T02:00;8;kWh;0;1038;0;0;1038;1038
2018-10-17T02:00;2018-10-17T02:15;9;kWh;0;7;0;0;7;7
2018-10-17T02:15;2018-10-17T02:30;10;kWh;0;7678;0;0;7678;7678
2018-10-17T02:30;2018-10-17T02:45;11;kWh;0;3088;0;0;3088;3088
2018-10-17T02:45;2018-10-17T03:00;12;kWh;0;0;0;0;0;0
2018-10-17T03:00;2018-10-17T03:15;13;kWh;0;96;0;0;96;96
2018-10-17T03:15;2018-10-17T03:30;14;kWh;0;19117;0;0;19117;19117
2018-10-17T03:30;2018-10-17T03:45;15;kWh;0;38897;0;0;38897;38897
2018-10-17T03:45;2018-10-17T04:00;16;kWh;0;17979;0;0;17979;17979
2018-10-17T04:00;2018-10-17T04:15;17;kWh;0;7595;0;0;7595;7595
2018-10-17T04:15;2018-10-17T04:30;18;kWh;0;642;0;0;642;642
2018-10-17T04:30;2018-10-17T04:45;19;kWh;0;33362;0;0;33362;33362
2018-10-17T04:45;2018-10-17T05:00;20;kWh;0;26266;0;0;26266;26266
2018-10-17T05:00;2018-10-17T05:15;21;kWh;0;2546;0;0;2546;2546
2018-10-17T05:15;2018-10-17T05:30;22;kWh;0;0;0;0;0;0
2018-10-17T05:30;2018-10-17T05:45;23;kWh;0;15898;0;0;15898;15898
2018-10-17T05:45;2018-10-17T06:00;24;kWh;0;27309;0;0;27309;27309
2018-10-17T06:00;2018-10-17T06:15;25;kWh;-27648;5248;0;0;32896;-22400
2018-10-17T06:15;2018-10-17T06:30;26;kWh;-66463;0;0;0;66463;-66463
2018-10-17T06:30;2018-10-17T06:45;27;kWh;-10365;6402;0;0;16767;-3963
2018-10-17T06:45;2018-10-17T07:00;28;kWh;0;18589;0;0;18589;18589
2018-10-17T07:00;2018-10-17T07:15;29;kWh;-12144;6805;0;0;18949;-5339
2018-10-17T07:15;2018-10-17T07:30;30;kWh;-2002;0;0;0;2002;-2002
2018-10-17T07:30;2018-10-17T07:45;31;kWh;-1137;70;0;0;1207;-1067
2018-10-17T07:45;2018-10-17T08:00;32;kWh;0;31195;0;0;31195;31195
2018-10-17T08:00;2018-10-17T08:15;33;kWh;0;27790;0;0;27790;27790
2018-10-17T08:15;2018-10-17T08:30;34;kWh;0;12492;0;0;12492;12492
2018-10-17T08:30;2018-10-17T08:45;35;kWh;0;9018;0;0;9018;9018
2018-10-17T08:45;2018-10-17T09:00;36;kWh;0;596;0;0;596;596
2018-10-17T09:00;2018-10-17T09:15;37;kWh;0;1855;0;0;1855;1855
2018-10-17T09:15;2018-10-17T09:30;38;kWh;0;1446;0;0;1446;1446
2018-10-17T09:30;2018-10-17T09:45;39;kWh;-4939;0;0;0;4939;-4939
2018-10-17T09:45;2018-10-17T10:00;40;kWh;-17799;0;0;0;17799;-17799
2018-10-17T10:00;2018-10-17T10:15;41;kWh;-1702;835;0;0;2537;-867
2018-10-17T10:15;2018-10-17T10:30;42;kWh;0;0;0;0;0;0
2018-10-17T10:30;2018-10-17T10:45;43;kWh;-4290;0;0;0;4290;-4290
2018-10-17T10:45;2018-10-17T11:00;44;kWh;-7829;0;0;0;7829;-7829
2018-10-17T11:00;2018-10-17T11:15;45;kWh;-2090;41553;0;0;43643;39463
2018-10-17T11:15;2018-10-17T11:30;46;kWh;0;71733;0;0;71733;71733
2018-10-17T11:30;2018-10-17T11:45;47;kWh;0;13621;0;0;13621;13621
2018-10-17T11:45;2018-10-17T12:00;48;kWh;0;2817;0;0;2817;2817
2018-10-17T12:00;2018-10-17T12:15;49;kWh;0;822;0;0;822;822
2018-10-17T12:15;2018-10-17T12:30;50;kWh;-16997;0;0;0;16997;-16997
2018-10-17T12:30;2018-10-17T12:45;51;kWh;-39020;0;0;0;39020;-39020
2018-10-17T12:45;2018-10-17T13:00;52;kWh;-64665;0;0;0;64665;-64665
2018-10-17T13:00;2018-10-17T13:15;53;kWh;-49495;0;0;0;49495;-49495
2018-10-17T13:15;2018-10-17T13:30;54;kWh;-37644;0;0;0;37644;-37644
2018-10-17T13:30;2018-10-17T13:45;55;kWh;-41481;0;0;0;41481;-41481
2018-10-17T13:45;2018-10-17T14:00;56;kWh;-25924;0;0;0;25924;-25924
2018-10-17T14:00;2018-10-17T14:15;57;kWh;-2736;23;0;0;2759;-2713
2018-10-17T14:15;2018-10-17T14:30;58;kWh;-12320;0;0;0;12320;-12320
2018-10-17T14:30;2018-10-17T14:45;59;kWh;-1269;0;0;0;1269;-1269
2018-10-17T14:45;2018-10-17T15:00;60;kWh;-1836;1141;0;0;2977;-695
2018-10-17T15:00;2018-10-17T15:15;61;kWh;0;354;0;0;354;354
2018-10-17T15:15;2018-10-17T15:30;62;kWh;0;9508;0;0;9508;9508
2018-10-17T15:30;2018-10-17T15:45;63;kWh;0;30177;0;0;30177;30177
2018-10-17T15:45;2018-10-17T16:00;64;kWh;0;26212;0;0;26212;26212
2018-10-17T16:00;2018-10-17T16:15;65;kWh;-1932;8548;0;0;10480;6616
2018-10-17T16:15;2018-10-17T16:30;66;kWh;-571;0;0;0;571;-571
2018-10-17T16:30;2018-10-17T16:45;67;kWh;0;201;0;0;201;201
2018-10-17T16:45;2018-10-17T17:00;68;kWh;0;23839;0;0;23839;23839
2018-10-17T17:00;2018-10-17T17:15;69;kWh;0;7164;0;0;7164;7164
2018-10-17T17:15;2018-10-17T17:30;70;kWh;0;5326;0;0;5326;5326
2018-10-17T17:30;2018-10-17T17:45;71;kWh;0;29878;0;0;29878;29878
2018-10-17T17:45;2018-10-17T18:00;72;kWh;0;34517;0;0;34517;34517
2018-10-17T18:00;2018-10-17T18:15;73;kWh;-1195;9309;0;0;10504;8114
2018-10-17T18:15;2018-10-17T18:30;74;kWh;-1034;3;0;0;1037;-1031
2018-10-17T18:30;2018-10-17T18:45;75;kWh;0;0;0;0;0;0
2018-10-17T18:45;2018-10-17T19:00;76;kWh;0;21;0;0;21;21
2018-10-17T19:00;2018-10-17T19:15;77;kWh;0;6283;0;0;6283;6283
2018-10-17T19:15;2018-10-17T19:30;78;kWh;0;5454;0;0;5454;5454
2018-10-17T19:30;2018-10-17T19:45;79;kWh;0;4644;0;0;4644;4644
2018-10-17T19:45;2018-10-17T20:00;80;kWh;-1170;45;0;0;1215;-1125
2018-10-17T20:00;2018-10-17T20:15;81;kWh;-794;141;0;0;935;-653
2018-10-17T20:15;2018-10-17T20:30;82;kWh;0;0;0;0;0;0
2018-10-17T20:30;2018-10-17T20:45;83;kWh;-7446;0;0;0;7446;-7446
2018-10-17T20:45;2018-10-17T21:00;84;kWh;-17729;0;0;0;17729;-17729
2018-10-17T21:00;2018-10-17T21:15;85;kWh;-3886;15759;0;0;19645;11873
2018-10-17T21:15;2018-10-17T21:30;86;kWh;0;5540;0;0;5540;5540
2018-10-17T21:30;2018-10-17T21:45;87;kWh;0;666;0;0;666;666
2018-10-17T21:45;2018-10-17T22:00;88;kWh;-6830;0;0;0;6830;-6830
2018-10-17T22:00;2018-10-17T22:15;89;kWh;-6812;747;0;0;7559;-6065
2018-10-17T22:15;2018-10-17T22:30;90;kWh;0;1636;0;0;1636;1636
2018-10-17T22:30;2018-10-17T22:45;91;kWh;-746;1324;0;0;2070;578
2018-10-17T22:45;2018-10-17T23:00;92;kWh;-21121;0;0;0;21121;-21121
2018-10-17T23:00;2018-10-17T23:15;93;kWh;-1481;15199;0;0;16680;13718
2018-10-17T23:15;2018-10-17T23:30;94;kWh;-808;1648;0;0;2456;840
2018-10-17T23:30;2018-10-17T23:45;95;kWh;-14620;0;0;0;14620;-14620
2018-10-17T23:45;2018-10-18T00:00;96;kWh;-31394;0;0;0;31394;-31394
2018-10-18T00:00;2018-10-18T00:15;1;kWh;-12100;19072;0;0;31172;6972
2018-10-18T00:15;2018-10-18T00:30;2;kWh;0;6471;0;0;6471;6471
2018-10-18T00:30;2018-10-18T00:45;3;kWh;-11064;0;0;0;11064;-11064
2018-10-18T00:45;2018-10-18T01:00;4;kWh;-36071;0;0;0;36071;-36071
2018-10-18T01:00;2018-10-18T01:15;5;kWh;-14728;14260;0;0;28988;-468
2018-10-18T01:15;2018-10-18T01:30;6;kWh;0;17795;0;0;17795;17795
2018-10-18T01:30;2018-10-18T01:45;7;kWh;0;1516;0;0;1516;1516
2018-10-18T01:45;2018-10-18T02:00;8;kWh;-6171;0;0;0;6171;-6171
2018-10-18T02:00;2018-10-18T02:15;9;kWh;-2127;750;0;0;2877;-1377
2018-10-18T02:15;2018-10-18T02:30;10;kWh;0;896;0;0;896;896
2018-10-18T02:30;2018-10-18T02:45;11;kWh;0;0;0;0;0;0
2018-10-18T02:45;2018-10-18T03:00;12;kWh;0;0;0;0;0;0
2018-10-18T03:00;2018-10-18T03:15;13;kWh;0;1494;0;0;1494;1494
2018-10-18T03:15;2018-10-18T03:30;14;kWh;0;923;0;0;923;923
2018-10-18T03:30;2018-10-18T03:45;15;kWh;0;0;0;0;0;0
2018-10-18T03:45;2018-10-18T04:00;16;kWh;-1410;0;0;0;1410;-1410
2018-10-18T04:00;2018-10-18T04:15;17;kWh;-3250;0;0;0;3250;-3250
2018-10-18T04:15;2018-10-18T04:30;18;kWh;-5187;0;0;0;5187;-5187
2018-10-18T04:30;2018-10-18T04:45;19;kWh;-2523;0;0;0;2523;-2523
2018-10-18T04:45;2018-10-18T05:00;20;kWh;0;0;0;0;0;0
2018-10-18T05:00;2018-10-18T05:15;21;kWh;-1981;0;0;0;1981;-1981
2018-10-18T05:15;2018-10-18T05:30;22;kWh;-6619;0;0;0;6619;-6619
2018-10-18T05:30;2018-10-18T05:45;23;kWh;-113;14;0;0;127;-99
2018-10-18T05:45;2018-10-18T06:00;24;kWh;0;3765;0;0;3765;3765
2018-10-18T06:00;2018-10-18T06:15;25;kWh;-16280;415;0;0;16695;-15865
2018-10-18T06:15;2018-10-18T06:30;26;kWh;-4485;0;0;0;4485;-4485
2018-10-18T06:30;2018-10-18T06:45;27;kWh;0;9657;0;0;9657;9657
2018-10-18T06:45;2018-10-18T07:00;28;kWh;0;76524;0;0;76524;76524
2018-10-18T07:00;2018-10-18T07:15;29;kWh;-16684;12861;0;0;29545;-3823
2018-10-18T07:15;2018-10-18T07:30;30;kWh;-618;3;0;0;621;-615
2018-10-18T07:30;2018-10-18T07:45;31;kWh;0;3300;0;0;3300;3300
2018-10-18T07:45;2018-10-18T08:00;32;kWh;0;40452;0;0;40452;40452
2018-10-18T08:00;2018-10-18T08:15;33;kWh;-947;3457;0;0;4404;2510
2018-10-18T08:15;2018-10-18T08:30;34;kWh;-1134;0;0;0;1134;-1134
2018-10-18T08:30;2018-10-18T08:45;35;kWh;-755;0;0;0;755;-755
2018-10-18T08:45;2018-10-18T09:00;36;kWh;0;0;0;0;0;0
2018-10-18T09:00;2018-10-18T09:15;37;kWh;0;281;0;0;281;281
2018-10-18T09:15;2018-10-18T09:30;38;kWh;0;10024;0;0;10024;10024
2018-10-18T09:30;2018-10-18T09:45;39;kWh;0;2793;0;0;2793;2793
2018-10-18T09:45;2018-10-18T10:00;40;kWh;0;134;0;0;134;134
2018-10-18T10:00;2018-10-18T10:15;41;kWh;0;20422;0;0;20422;20422
2018-10-18T10:15;2018-10-18T10:30;42;kWh;0;17781;0;0;17781;17781
2018-10-18T10:30;2018-10-18T10:45;43;kWh;0;3957;0;0;3957;3957
2018-10-18T10:45;2018-10-18T11:00;44;kWh;-1335;0;0;0;1335;-1335
2018-10-18T11:00;2018-10-18T11:15;45;kWh;-6067;0;0;0;6067;-6067
2018-10-18T11:15;2018-10-18T11:30;46;kWh;-3425;0;0;0;3425;-3425
2018-10-18T11:30;2018-10-18T11:45;47;kWh;-26446;0;0;0;26446;-26446
2018-10-18T11:45;2018-10-18T12:00;48;kWh;-22557;0;0;0;22557;-22557
2018-10-18T12:00;2018-10-18T12:15;49;kWh;-9604;577;0;0;10181;-9027
2018-10-18T12:15;2018-10-18T12:30;50;kWh;-8;16;0;0;24;8
2018-10-18T12:30;2018-10-18T12:45;51;kWh;0;0;0;0;0;0
2018-10-18T12:45;2018-10-18T13:00;52;kWh;0;0;0;0;0;0
2018-10-18T13:00;2018-10-18T13:15;53;kWh;0;0;0;0;0;0
2018-10-18T13:15;2018-10-18T13:30;54;kWh;0;190;0;0;190;190
2018-10-18T13:30;2018-10-18T13:45;55;kWh;0;10620;0;0;10620;10620
2018-10-18T13:45;2018-10-18T14:00;56;kWh;0;262;0;0;262;262
2018-10-18T14:00;2018-10-18T14:15;57;kWh;0;1152;0;0;1152;1152
2018-10-18T14:15;2018-10-18T14:30;58;kWh;0;2406;0;0;2406;2406
2018-10-18T14:30;2018-10-18T14:45;59;kWh;0;2119;0;0;2119;2119
2018-10-18T14:45;2018-10-18T15:00;60;kWh;0;2645;0;0;2645;2645
2018-10-18T15:00;2018-10-18T15:15;61;kWh;0;1804;0;0;1804;1804
2018-10-18T15:15;2018-10-18T15:30;62;kWh;0;3120;0;0;3120;3120
2018-10-18T15:30;2018-10-18T15:45;63;kWh;0;11203;0;0;11203;11203
2018-10-18T15:45;2018-10-18T16:00;64;kWh;0;11098;0;0;11098;11098
2018-10-18T16:00;2018-10-18T16:15;65;kWh;-277;753;0;0;1030;476
2018-10-18T16:15;2018-10-18T16:30;66;kWh;-3;0;0;0;3;-3
2018-10-18T16:30;2018-10-18T16:45;67;kWh;0;0;0;0;0;0
2018-10-18T16:45;2018-10-18T17:00;68;kWh;0;5403;0;0;5403;5403
2018-10-18T17:00;2018-10-18T17:15;69;kWh;0;1103;0;0;1103;1103
2018-10-18T17:15;2018-10-18T17:30;70;kWh;0;3844;0;0;3844;3844
2018-10-18T17:30;2018-10-18T17:45;71;kWh;0;16528;0;0;16528;16528
2018-10-18T17:45;2018-10-18T18:00;72;kWh;0;23004;0;0;23004;23004
2018-10-18T18:00;2018-10-18T18:15;73;kWh;0;8945;0;0;8945;8945
2018-10-18T18:15;2018-10-18T18:30;74;kWh;0;75;0;0;75;75
2018-10-18T18:30;2018-10-18T18:45;75;kWh;0;730;0;0;730;730
2018-10-18T18:45;2018-10-18T19:00;76;kWh;0;9635;0;0;9635;9635
2018-10-18T19:00;2018-10-18T19:15;77;kWh;0;26957;0;0;26957;26957
2018-10-18T19:15;2018-10-18T19:30;78;kWh;0;30528;0;0;30528;30528
2018-10-18T19:30;2018-10-18T19:45;79;kWh;0;4257;0;0;4257;4257
2018-10-18T19:45;2018-10-18T20:00;80;kWh;0;2;0;0;2;2
2018-10-18T20:00;2018-10-18T20:15;81;kWh;0;896;0;0;896;896
2018-10-18T20:15;2018-10-18T20:30;82;kWh;0;0;0;0;0;0
2018-10-18T20:30;2018-10-18T20:45;83;kWh;-7811;0;0;0;7811;-7811
2018-10-18T20:45;2018-10-18T21:00;84;kWh;-24031;0;0;0;24031;-24031
2018-10-18T21:00;2018-10-18T21:15;85;kWh;-11206;0;0;0;11206;-11206
2018-10-18T21:15;2018-10-18T21:30;86;kWh;-139;0;0;0;139;-139
2018-10-18T21:30;2018-10-18T21:45;87;kWh;-1619;0;0;0;1619;-1619
2018-10-18T21:45;2018-10-18T22:00;88;kWh;-21146;0;0;0;21146;-21146
2018-10-18T22:00;2018-10-18T22:15;89;kWh;-31276;429;0;0;31705;-30847
2018-10-18T22:15;2018-10-18T22:30;90;kWh;-128;31;0;0;159;-97
2018-10-18T22:30;2018-10-18T22:45;91;kWh;-19530;0;0;0;19530;-19530
2018-10-18T22:45;2018-10-18T23:00;92;kWh;-5933;0;0;0;5933;-5933
2018-10-18T23:00;2018-10-18T23:15;93;kWh;-30483;0;0;0;30483;-30483
2018-10-18T23:15;2018-10-18T23:30;94;kWh;-155;219;0;0;374;64
2018-10-18T23:30;2018-10-18T23:45;95;kWh;-2942;0;0;0;2942;-2942
2018-10-18T23:45;2018-10-19T00:00;96;kWh;-24970;0;0;0;24970;-24970
2018-10-19T00:00;2018-10-19T00:15;1;kWh;-16629;0;0;0;16629;-16629
2018-10-19T00:15;2018-10-19T00:30;2;kWh;-22289;0;0;0;22289;-22289
2018-10-19T00:30;2018-10-19T00:45;3;kWh;-39317;0;0;0;39317;-39317
2018-10-19T00:45;2018-10-19T01:00;4;kWh;-25863;0;0;0;25863;-25863
2018-10-19T01:00;2018-10-19T01:15;5;kWh;-8323;132;0;0;8455;-8191
2018-10-19T01:15;2018-10-19T01:30;6;kWh;-21104;0;0;0;21104;-21104
2018-10-19T01:30;2018-10-19T01:45;7;kWh;-32197;0;0;0;32197;-32197
2018-10-19T01:45;2018-10-19T02:00;8;kWh;-40287;0;0;0;40287;-40287
2018-10-19T02:00;2018-10-19T02:15;9;kWh;-25090;41;0;0;25131;-25049
2018-10-19T02:15;2018-10-19T02:30;10;kWh;-2889;448;0;0;3337;-2441
2018-10-19T02:30;2018-10-19T02:45;11;kWh;-2672;0;0;0;2672;-2672
2018-10-19T02:45;2018-10-19T03:00;12;kWh;-10728;0;0;0;10728;-10728
2018-10-19T03:00;2018-10-19T03:15;13;kWh;-6340;1916;0;0;8256;-4424
2018-10-19T03:15;2018-10-19T03:30;14;kWh;-15;1229;0;0;1244;1214
2018-10-19T03:30;2018-10-19T03:45;15;kWh;0;4641;0;0;4641;4641
2018-10-19T03:45;2018-10-19T04:00;16;kWh;0;2809;0;0;2809;2809
2018-10-19T04:00;2018-10-19T04:15;17;kWh;0;173;0;0;173;173
2018-10-19T04:15;2018-10-19T04:30;18;kWh;0;0;0;0;0;0
2018-10-19T04:30;2018-10-19T04:45;19;kWh;0;866;0;0;866;866
2018-10-19T04:45;2018-10-19T05:00;20;kWh;0;4408;0;0;4408;4408
2018-10-19T05:00;2018-10-19T05:15;21;kWh;-11592;2135;0;0;13727;-9457
2018-10-19T05:15;2018-10-19T05:30;22;kWh;-10984;0;0;0;10984;-10984
2018-10-19T05:30;2018-10-19T05:45;23;kWh;-19;275;0;0;294;256
2018-10-19T05:45;2018-10-19T06:00;24;kWh;-3;463;0;0;466;460
2018-10-19T06:00;2018-10-19T06:15;25;kWh;-17866;0;0;0;17866;-17866
2018-10-19T06:15;2018-10-19T06:30;26;kWh;-10291;0;0;0;10291;-10291
2018-10-19T06:30;2018-10-19T06:45;27;kWh;-104;2109;0;0;2213;2005
2018-10-19T06:45;2018-10-19T07:00;28;kWh;0;38945;0;0;38945;38945
2018-10-19T07:00;2018-10-19T07:15;29;kWh;-12558;18828;0;0;31386;6270
2018-10-19T07:15;2018-10-19T07:30;30;kWh;-11824;0;0;0;11824;-11824
2018-10-19T07:30;2018-10-19T07:45;31;kWh;0;1430;0;0;1430;1430
2018-10-19T07:45;2018-10-19T08:00;32;kWh;0;35862;0;0;35862;35862
2018-10-19T08:00;2018-10-19T08:15;33;kWh;0;45217;0;0;45217;45217
2018-10-19T08:15;2018-10-19T08:30;34;kWh;0;7414;0;0;7414;7414
2018-10-19T08:30;2018-10-19T08:45;35;kWh;0;2862;0;0;2862;2862
2018-10-19T08:45;2018-10-19T09:00;36;kWh;0;45;0;0;45;45
2018-10-19T09:00;2018-10-19T09:15;37;kWh;0;0;0;0;0;0
2018-10-19T09:15;2018-10-19T09:30;38;kWh;0;0;0;0;0;0
2018-10-19T09:30;2018-10-19T09:45;39;kWh;0;0;0;0;0;0
2018-10-19T09:45;2018-10-19T10:00;40;kWh;0;0;0;0;0;0
2018-10-19T10:00;2018-10-19T10:15;41;kWh;0;0;0;0;0;0
2018-10-19T10:15;2018-10-19T10:30;42;kWh;0;0;0;0;0;0
2018-10-19T10:30;2018-10-19T10:45;43;kWh;-830;0;0;0;830;-830
2018-10-19T10:45;2018-10-19T11:00;44;kWh;-7581;0;0;0;7581;-7581
2018-10-19T11:00;2018-10-19T11:15;45;kWh;-6965;0;0;0;6965;-6965
2018-10-19T11:15;2018-10-19T11:30;46;kWh;-777;0;0;0;777;-777
2018-10-19T11:30;2018-10-19T11:45;47;kWh;-3766;0;0;0;3766;-3766
2018-10-19T11:45;2018-10-19T12:00;48;kWh;-15271;0;0;0;15271;-15271
2018-10-19T12:00;2018-10-19T12:15;49;kWh;-9144;2025;0;0;11169;-7119
2018-10-19T12:15;2018-10-19T12:30;50;kWh;-18;0;0;0;18;-18
2018-10-19T12:30;2018-10-19T12:45;51;kWh;-4512;0;0;0;4512;-4512
2018-10-19T12:45;2018-10-19T13:00;52;kWh;-14434;0;0;0;14434;-14434
2018-10-19T13:00;2018-10-19T13:15;53;kWh;-9814;918;0;0;10732;-8896
2018-10-19T13:15;2018-10-19T13:30;54;kWh;-56;6;0;0;62;-50
2018-10-19T13:30;2018-10-19T13:45;55;kWh;0;0;0;0;0;0
2018-10-19T13:45;2018-10-19T14:00;56;kWh;-915;0;0;0;915;-915
2018-10-19T14:00;2018-10-19T14:15;57;kWh;-1523;0;0;0;1523;-1523
2018-10-19T14:15;2018-10-19T14:30;58;kWh;0;0;0;0;0;0
2018-10-19T14:30;2018-10-19T14:45;59;kWh;0;0;0;0;0;0
2018-10-19T14:45;2018-10-19T15:00;60;kWh;0;29;0;0;29;29
2018-10-19T15:00;2018-10-19T15:15;61;kWh;0;16;0;0;16;16
2018-10-19T15:15;2018-10-19T15:30;62;kWh;0;0;0;0;0;0
2018-10-19T15:30;2018-10-19T15:45;63;kWh;0;7318;0;0;7318;7318
2018-10-19T15:45;2018-10-19T16:00;64;kWh;-459;20968;0;0;21427;20509
2018-10-19T16:00;2018-10-19T16:15;65;kWh;-25821;1326;0;0;27147;-24495
2018-10-19T16:15;2018-10-19T16:30;66;kWh;-804;1845;0;0;2649;1041
2018-10-19T16:30;2018-10-19T16:45;67;kWh;0;6299;0;0;6299;6299
2018-10-19T16:45;2018-10-19T17:00;68;kWh;0;35168;0;0;35168;35168
2018-10-19T17:00;2018-10-19T17:15;69;kWh;-443;22613;0;0;23056;22170
2018-10-19T17:15;2018-10-19T17:30;70;kWh;-84;5069;0;0;5153;4985
2018-10-19T17:30;2018-10-19T17:45;71;kWh;0;17624;0;0;17624;17624
2018-10-19T17:45;2018-10-19T18:00;72;kWh;0;22400;0;0;22400;22400
2018-10-19T18:00;2018-10-19T18:15;73;kWh;-261;10057;0;0;10318;9796
2018-10-19T18:15;2018-10-19T18:30;74;kWh;-967;151;0;0;1118;-816
2018-10-19T18:30;2018-10-19T18:45;75;kWh;0;0;0;0;0;0
2018-10-19T18:45;2018-10-19T19:00;76;kWh;0;184;0;0;184;184
2018-10-19T19:00;2018-10-19T19:15;77;kWh;0;20715;0;0;20715;20715
2018-10-19T19:15;2018-10-19T19:30;78;kWh;0;4600;0;0;4600;4600
2018-10-19T19:30;2018-10-19T19:45;79;kWh;-42;552;0;0;594;510
2018-10-19T19:45;2018-10-19T20:00;80;kWh;-2002;0;0;0;2002;-2002
2018-10-19T20:00;2018-10-19T20:15;81;kWh;-356;435;0;0;791;79
2018-10-19T20:15;2018-10-19T20:30;82;kWh;0;0;0;0;0;0
2018-10-19T20:30;2018-10-19T20:45;83;kWh;0;0;0;0;0;0
2018-10-19T20:45;2018-10-19T21:00;84;kWh;-4315;0;0;0;4315;-4315
2018-10-19T21:00;2018-10-19T21:15;85;kWh;-818;0;0;0;818;-818
2018-10-19T21:15;2018-10-19T21:30;86;kWh;0;0;0;0;0;0
2018-10-19T21:30;2018-10-19T21:45;87;kWh;-1090;0;0;0;1090;-1090
2018-10-19T21:45;2018-10-19T22:00;88;kWh;-21151;0;0;0;21151;-21151
2018-10-19T22:00;2018-10-19T22:15;89;kWh;-25987;0;0;0;25987;-25987
2018-10-19T22:15;2018-10-19T22:30;90;kWh;-2587;968;0;0;3555;-1619
2018-10-19T22:30;2018-10-19T22:45;91;kWh;-1643;0;0;0;1643;-1643
2018-10-19T22:45;2018-10-19T23:00;92;kWh;-19426;0;0;0;19426;-19426
2018-10-19T23:00;2018-10-19T23:15;93;kWh;-35170;391;0;0;35561;-34779
2018-10-19T23:15;2018-10-19T23:30;94;kWh;-10528;2448;0;0;12976;-8080
2018-10-19T23:30;2018-10-19T23:45;95;kWh;-47032;0;0;0;47032;-47032
2018-10-19T23:45;2018-10-20T00:00;96;kWh;-18812;0;0;0;18812;-18812
2018-10-20T00:00;2018-10-20T00:15;1;kWh;-15543;0;0;0;15543;-15543
2018-10-20T00:15;2018-10-20T00:30;2;kWh;-129;0;0;0;129;-129
2018-10-20T00:30;2018-10-20T00:45;3;kWh;-390;0;0;0;390;-390
2018-10-20T00:45;2018-10-20T01:00;4;kWh;-9272;0;0;0;9272;-9272
2018-10-20T01:00;2018-10-20T01:15;5;kWh;-6150;209;0;0;6359;-5941
2018-10-20T01:15;2018-10-20T01:30;6;kWh;-1029;126;0;0;1155;-903
2018-10-20T01:30;2018-10-20T01:45;7;kWh;-4709;0;0;0;4709;-4709
2018-10-20T01:45;2018-10-20T02:00;8;kWh;-27666;0;0;0;27666;-27666
2018-10-20T02:00;2018-10-20T02:15;9;kWh;-17187;4034;0;0;21221;-13153
2018-10-20T02:15;2018-10-20T02:30;10;kWh;-32;3425;0;0;3457;3393
2018-10-20T02:30;2018-10-20T02:45;11;kWh;-2344;0;0;0;2344;-2344
2018-10-20T02:45;2018-10-20T03:00;12;kWh;-14074;0;0;0;14074;-14074
2018-10-20T03:00;2018-10-20T03:15;13;kWh;-6073;2315;0;0;8388;-3758
2018-10-20T03:15;2018-10-20T03:30;14;kWh;0;495;0;0;495;495
2018-10-20T03:30;2018-10-20T03:45;15;kWh;0;0;0;0;0;0
2018-10-20T03:45;2018-10-20T04:00;16;kWh;-9299;0;0;0;9299;-9299
2018-10-20T04:00;2018-10-20T04:15;17;kWh;-11752;1097;0;0;12849;-10655
2018-10-20T04:15;2018-10-20T04:30;18;kWh;-333;268;0;0;601;-65
2018-10-20T04:30;2018-10-20T04:45;19;kWh;-2404;0;0;0;2404;-2404
2018-10-20T04:45;2018-10-20T05:00;20;kWh;-562;0;0;0;562;-562
2018-10-20T05:00;2018-10-20T05:15;21;kWh;-7416;0;0;0;7416;-7416
2018-10-20T05:15;2018-10-20T05:30;22;kWh;-165;0;0;0;165;-165
2018-10-20T05:30;2018-10-20T05:45;23;kWh;0;0;0;0;0;0
2018-10-20T05:45;2018-10-20T06:00;24;kWh;0;0;0;0;0;0
2018-10-20T06:00;2018-10-20T06:15;25;kWh;-23524;0;0;0;23524;-23524
2018-10-20T06:15;2018-10-20T06:30;26;kWh;-33762;0;0;0;33762;-33762
2018-10-20T06:30;2018-10-20T06:45;27;kWh;-6886;463;0;0;7349;-6423
2018-10-20T06:45;2018-10-20T07:00;28;kWh;-55;47;0;0;102;-8
2018-10-20T07:00;2018-10-20T07:15;29;kWh;-10501;0;0;0;10501;-10501
2018-10-20T07:15;2018-10-20T07:30;30;kWh;-15118;0;0;0;15118;-15118
2018-10-20T07:30;2018-10-20T07:45;31;kWh;-1894;2536;0;0;4430;642
2018-10-20T07:45;2018-10-20T08:00;32;kWh;0;17490;0;0;17490;17490
2018-10-20T08:00;2018-10-20T08:15;33;kWh;-414;5175;0;0;5589;4761
2018-10-20T08:15;2018-10-20T08:30;34;kWh;-421;0;0;0;421;-421
2018-10-20T08:30;2018-10-20T08:45;35;kWh;0;4181;0;0;4181;4181
2018-10-20T08:45;2018-10-20T09:00;36;kWh;0;24034;0;0;24034;24034
2018-10-20T09:00;2018-10-20T09:15;37;kWh;0;12075;0;0;12075;12075
2018-10-20T09:15;2018-10-20T09:30;38;kWh;0;10867;0;0;10867;10867
2018-10-20T09:30;2018-10-20T09:45;39;kWh;0;3775;0;0;3775;3775
2018-10-20T09:45;2018-10-20T10:00;40;kWh;0;772;0;0;772;772
2018-10-20T10:00;2018-10-20T10:15;41;kWh;0;14071;0;0;14071;14071
2018-10-20T10:15;2018-10-20T10:30;42;kWh;0;385;0;0;385;385
2018-10-20T10:30;2018-10-20T10:45;43;kWh;0;0;0;0;0;0
2018-10-20T10:45;2018-10-20T11:00;44;kWh;-2658;0;0;0;2658;-2658
2018-10-20T11:00;2018-10-20T11:15;45;kWh;-1993;0;0;0;1993;-1993
2018-10-20T11:15;2018-10-20T11:30;46;kWh;-115;0;0;0;115;-115
2018-10-20T11:30;2018-10-20T11:45;47;kWh;-9867;0;0;0;9867;-9867
2018-10-20T11:45;2018-10-20T12:00;48;kWh;-15851;0;0;0;15851;-15851
2018-10-20T12:00;2018-10-20T12:15;49;kWh;-7238;3210;0;0;10448;-4028
2018-10-20T12:15;2018-10-20T12:30;50;kWh;-25;698;0;0;723;673
2018-10-20T12:30;2018-10-20T12:45;51;kWh;0;0;0;0;0;0
2018-10-20T12:45;2018-10-20T13:00;52;kWh;0;0;0;0;0;0
2018-10-20T13:00;2018-10-20T13:15;53;kWh;-439;180;0;0;619;-259
2018-10-20T13:15;2018-10-20T13:30;54;kWh;0;0;0;0;0;0
2018-10-20T13:30;2018-10-20T13:45;55;kWh;0;2549;0;0;2549;2549
2018-10-20T13:45;2018-10-20T14:00;56;kWh;0;427;0;0;427;427
2018-10-20T14:00;2018-10-20T14:15;57;kWh;0;362;0;0;362;362
2018-10-20T14:15;2018-10-20T14:30;58;kWh;0;0;0;0;0;0
2018-10-20T14:30;2018-10-20T14:45;59;kWh;-130;0;0;0;130;-130
2018-10-20T14:45;2018-10-20T15:00;60;kWh;-16;0;0;0;16;-16
2018-10-20T15:00;2018-10-20T15:15;61;kWh;-2096;0;0;0;2096;-2096
2018-10-20T15:15;2018-10-20T15:30;62;kWh;-176;241;0;0;417;65
2018-10-20T15:30;2018-10-20T15:45;63;kWh;0;13624;0;0;13624;13624
2018-10-20T15:45;2018-10-20T16:00;64;kWh;0;18610;0;0;18610;18610
2018-10-20T16:00;2018-10-20T16:15;65;kWh;-629;1980;0;0;2609;1351
2018-10-20T16:15;2018-10-20T16:30;66;kWh;-640;0;0;0;640;-640
2018-10-20T16:30;2018-10-20T16:45;67;kWh;0;5218;0;0;5218;5218
2018-10-20T16:45;2018-10-20T17:00;68;kWh;0;3600;0;0;3600;3600
2018-10-20T17:00;2018-10-20T17:15;69;kWh;-11273;0;0;0;11273;-11273
2018-10-20T17:15;2018-10-20T17:30;70;kWh;-6424;0;0;0;6424;-6424
2018-10-20T17:30;2018-10-20T17:45;71;kWh;-611;5239;0;0;5850;4628
2018-10-20T17:45;2018-10-20T18:00;72;kWh;0;38018;0;0;38018;38018
2018-10-20T18:00;2018-10-20T18:15;73;kWh;-5870;6578;0;0;12448;708
2018-10-20T18:15;2018-10-20T18:30;74;kWh;-92;784;0;0;876;692
2018-10-20T18:30;2018-10-20T18:45;75;kWh;0;811;0;0;811;811
2018-10-20T18:45;2018-10-20T19:00;76;kWh;0;11680;0;0;11680;11680
2018-10-20T19:00;2018-10-20T19:15;77;kWh;0;26692;0;0;26692;26692
2018-10-20T19:15;2018-10-20T19:30;78;kWh;0;419;0;0;419;419
2018-10-20T19:30;2018-10-20T19:45;79;kWh;0;0;0;0;0;0
2018-10-20T19:45;2018-10-20T20:00;80;kWh;-3984;0;0;0;3984;-3984
2018-10-20T20:00;2018-10-20T20:15;81;kWh;-588;0;0;0;588;-588
2018-10-20T20:15;2018-10-20T20:30;82;kWh;0;0;0;0;0;0
2018-10-20T20:30;2018-10-20T20:45;83;kWh;-12979;0;0;0;12979;-12979
2018-10-20T20:45;2018-10-20T21:00;84;kWh;-43529;0;0;0;43529;-43529
2018-10-20T21:00;2018-10-20T21:15;85;kWh;-18726;1038;0;0;19764;-17688
2018-10-20T21:15;2018-10-20T21:30;86;kWh;-549;4;0;0;553;-545
2018-10-20T21:30;2018-10-20T21:45;87;kWh;-20038;0;0;0;20038;-20038
2018-10-20T21:45;2018-10-20T22:00;88;kWh;-15095;455;0;0;15550;-14640
2018-10-20T22:00;2018-10-20T22:15;89;kWh;-921;141;0;0;1062;-780
2018-10-20T22:15;2018-10-20T22:30;90;kWh;0;2311;0;0;2311;2311
2018-10-20T22:30;2018-10-20T22:45;91;kWh;-440;722;0;0;1162;282
2018-10-20T22:45;2018-10-20T23:00;92;kWh;-3644;0;0;0;3644;-3644
2018-10-20T23:00;2018-10-20T23:15;93;kWh;-1113;66;0;0;1179;-1047
2018-10-20T23:15;2018-10-20T23:30;94;kWh;0;1327;0;0;1327;1327
2018-10-20T23:30;2018-10-20T23:45;95;kWh;-117;916;0;0;1033;799
2018-10-20T23:45;2018-10-21T00:00;96;kWh;-5751;0;0;0;5751;-5751
2018-10-21T00:00;2018-10-21T00:15;1;kWh;-32701;0;0;0;32701;-32701
2018-10-21T00:15;2018-10-21T00:30;2;kWh;-1842;1536;0;0;3378;-306
2018-10-21T00:30;2018-10-21T00:45;3;kWh;0;188;0;0;188;188
2018-10-21T00:45;2018-10-21T01:00;4;kWh;0;582;0;0;582;582
2018-10-21T01:00;2018-10-21T01:15;5;kWh;0;35445;0;0;35445;35445
2018-10-21T01:15;2018-10-21T01:30;6;kWh;0;20357;0;0;20357;20357
2018-10-21T01:30;2018-10-21T01:45;7;kWh;0;419;0;0;419;419
2018-10-21T01:45;2018-10-21T02:00;8;kWh;0;0;0;0;0;0
2018-10-21T02:00;2018-10-21T02:15;9;kWh;-18;6265;0;0;6283;6247
2018-10-21T02:15;2018-10-21T02:30;10;kWh;0;22383;0;0;22383;22383
2018-10-21T02:30;2018-10-21T02:45;11;kWh;0;1676;0;0;1676;1676
2018-10-21T02:45;2018-10-21T03:00;12;kWh;-1;0;0;0;1;-1
2018-10-21T03:00;2018-10-21T03:15;13;kWh;-46;0;0;0;46;-46
2018-10-21T03:15;2018-10-21T03:30;14;kWh;0;0;0;0;0;0
2018-10-21T03:30;2018-10-21T03:45;15;kWh;-431;0;0;0;431;-431
2018-10-21T03:45;2018-10-21T04:00;16;kWh;-4401;0;0;0;4401;-4401
2018-10-21T04:00;2018-10-21T04:15;17;kWh;-4765;0;0;0;4765;-4765
2018-10-21T04:15;2018-10-21T04:30;18;kWh;0;0;0;0;0;0
2018-10-21T04:30;2018-10-21T04:45;19;kWh;0;0;0;0;0;0
2018-10-21T04:45;2018-10-21T05:00;20;kWh;0;0;0;0;0;0
2018-10-21T05:00;2018-10-21T05:15;21;kWh;0;0;0;0;0;0
2018-10-21T05:15;2018-10-21T05:30;22;kWh;-3494;0;0;0;3494;-3494
2018-10-21T05:30;2018-10-21T05:45;23;kWh;-5224;0;0;0;5224;-5224
2018-10-21T05:45;2018-10-21T06:00;24;kWh;-14157;0;0;0;14157;-14157
2018-10-21T06:00;2018-10-21T06:15;25;kWh;-15810;0;0;0;15810;-15810
2018-10-21T06:15;2018-10-21T06:30;26;kWh;-18729;0;0;0;18729;-18729
2018-10-21T06:30;2018-10-21T06:45;27;kWh;-6418;0;0;0;6418;-6418
2018-10-21T06:45;2018-10-21T07:00;28;kWh;-2027;0;0;0;2027;-2027
2018-10-21T07:00;2018-10-21T07:15;29;kWh;-10068;0;0;0;10068;-10068
2018-10-21T07:15;2018-10-21T07:30;30;kWh;-1170;0;0;0;1170;-1170
2018-10-21T07:30;2018-10-21T07:45;31;kWh;-3369;0;0;0;3369;-3369
2018-10-21T07:45;2018-10-21T08:00;32;kWh;-957;0;0;0;957;-957
2018-10-21T08:00;2018-10-21T08:15;33;kWh;-8540;0;0;0;8540;-8540
2018-10-21T08:15;2018-10-21T08:30;34;kWh;-5360;0;0;0;5360;-5360
2018-10-21T08:30;2018-10-21T08:45;35;kWh;-1197;686;0;0;1883;-511
2018-10-21T08:45;2018-10-21T09:00;36;kWh;0;9058;0;0;9058;9058
2018-10-21T09:00;2018-10-21T09:15;37;kWh;0;14277;0;0;14277;14277
2018-10-21T09:15;2018-10-21T09:30;38;kWh;0;23568;0;0;23568;23568
2018-10-21T09:30;2018-10-21T09:45;39;kWh;0;15104;0;0;15104;15104
2018-10-21T09:45;2018-10-21T10:00;40;kWh;0;2322;0;0;2322;2322
2018-10-21T10:00;2018-10-21T10:15;41;kWh;0;49723;0;0;49723;49723
2018-10-21T10:15;2018-10-21T10:30;42;kWh;0;43413;0;0;43413;43413
2018-10-21T10:30;2018-10-21T10:45;43;kWh;0;16493;0;0;16493;16493
2018-10-21T10:45;2018-10-21T11:00;44;kWh;0;1434;0;0;1434;1434
2018-10-21T11:00;2018-10-21T11:15;45;kWh;0;15679;0;0;15679;15679
2018-10-21T11:15;2018-10-21T11:30;46;kWh;0;13115;0;0;13115;13115
2018-10-21T11:30;2018-10-21T11:45;47;kWh;0;8321;0;0;8321;8321
2018-10-21T11:45;2018-10-21T12:00;48;kWh;0;394;0;0;394;394
2018-10-21T12:00;2018-10-21T12:15;49;kWh;0;51452;0;0;51452;51452
2018-10-21T12:15;2018-10-21T12:30;50;kWh;0;51941;0;0;51941;51941
2018-10-21T12:30;2018-10-21T12:45;51;kWh;0;17835;0;0;17835;17835
2018-10-21T12:45;2018-10-21T13:00;52;kWh;0;26581;0;0;26581;26581
2018-10-21T13:00;2018-10-21T13:15;53;kWh;0;10305;0;0;10305;10305
2018-10-21T13:15;2018-10-21T13:30;54;kWh;0;4196;0;0;4196;4196
2018-10-21T13:30;2018-10-21T13:45;55;kWh;0;2231;0;0;2231;2231
2018-10-21T13:45;2018-10-21T14:00;56;kWh;-873;1736;0;0;2609;863
2018-10-21T14:00;2018-10-21T14:15;57;kWh;-11638;0;0;0;11638;-11638
2018-10-21T14:15;2018-10-21T14:30;58;kWh;-11988;0;0;0;11988;-11988
2018-10-21T14:30;2018-10-21T14:45;59;kWh;-8171;0;0;0;8171;-8171
2018-10-21T14:45;2018-10-21T15:00;60;kWh;-3901;0;0;0;3901;-3901
2018-10-21T15:00;2018-10-21T15:15;61;kWh;-3769;0;0;0;3769;-3769
2018-10-21T15:15;2018-10-21T15:30;62;kWh;0;0;0;0;0;0
2018-10-21T15:30;2018-10-21T15:45;63;kWh;0;0;0;0;0;0
2018-10-21T15:45;2018-10-21T16:00;64;kWh;0;113;0;0;113;113
2018-10-21T16:00;2018-10-21T16:15;65;kWh;0;295;0;0;295;295
2018-10-21T16:15;2018-10-21T16:30;66;kWh;0;47;0;0;47;47
2018-10-21T16:30;2018-10-21T16:45;67;kWh;0;1930;0;0;1930;1930
2018-10-21T16:45;2018-10-21T17:00;68;kWh;0;18658;0;0;18658;18658
2018-10-21T17:00;2018-10-21T17:15;69;kWh;0;13742;0;0;13742;13742
2018-10-21T17:15;2018-10-21T17:30;70;kWh;0;188;0;0;188;188
2018-10-21T17:30;2018-10-21T17:45;71;kWh;0;23105;0;0;23105;23105
2018-10-21T17:45;2018-10-21T18:00;72;kWh;0;46816;0;0;46816;46816
2018-10-21T18:00;2018-10-21T18:15;73;kWh;0;11813;0;0;11813;11813
2018-10-21T18:15;2018-10-21T18:30;74;kWh;0;46;0;0;46;46
2018-10-21T18:30;2018-10-21T18:45;75;kWh;-161;3731;0;0;3892;3570
2018-10-21T18:45;2018-10-21T19:00;76;kWh;0;54464;0;0;54464;54464
2018-10-21T19:00;2018-10-21T19:15;77;kWh;0;33656;0;0;33656;33656
2018-10-21T19:15;2018-10-21T19:30;78;kWh;0;1444;0;0;1444;1444
2018-10-21T19:30;2018-10-21T19:45;79;kWh;0;0;0;0;0;0
2018-10-21T19:45;2018-10-21T20:00;80;kWh;0;0;0;0;0;0
2018-10-21T20:00;2018-10-21T20:15;81;kWh;0;21743;0;0;21743;21743
2018-10-21T20:15;2018-10-21T20:30;82;kWh;0;2722;0;0;2722;2722
2018-10-21T20:30;2018-10-21T20:45;83;kWh;0;362;0;0;362;362
2018-10-21T20:45;2018-10-21T21:00;84;kWh;0;572;0;0;572;572
2018-10-21T21:00;2018-10-21T21:15;85;kWh;0;12374;0;0;12374;12374
2018-10-21T21:15;2018-10-21T21:30;86;kWh;0;43923;0;0;43923;43923
2018-10-21T21:30;2018-10-21T21:45;87;kWh;0;54715;0;0;54715;54715
2018-10-21T21:45;2018-10-21T22:00;88;kWh;0;50954;0;0;50954;50954
2018-10-21T22:00;2018-10-21T22:15;89;kWh;0;7987;0;0;7987;7987
2018-10-21T22:15;2018-10-21T22:30;90;kWh;0;11349;0;0;11349;11349
2018-10-21T22:30;2018-10-21T22:45;91;kWh;0;48616;0;0;48616;48616
2018-10-21T22:45;2018-10-21T23:00;92;kWh;0;94051;0;0;94051;94051
2018-10-21T23:00;2018-10-21T23:15;93;kWh;0;32893;0;0;32893;32893
2018-10-21T23:15;2018-10-21T23:30;94;kWh;-636;7641;0;0;8277;7005
2018-10-21T23:30;2018-10-21T23:45;95;kWh;-20886;0;0;0;20886;-20886
2018-10-21T23:45;2018-10-22T00:00;96;kWh;-24557;0;0;0;24557;-24557
2018-10-22T00:00;2018-10-22T00:15;1;kWh;-13957;4707;0;0;18664;-9250
2018-10-22T00:15;2018-10-22T00:30;2;kWh;-23;8518;0;0;8541;8495
2018-10-22T00:30;2018-10-22T00:45;3;kWh;-280;166;0;0;446;-114
2018-10-22T00:45;2018-10-22T01:00;4;kWh;0;0;0;0;0;0
2018-10-22T01:00;2018-10-22T01:15;5;kWh;0;3050;0;0;3050;3050
2018-10-22T01:15;2018-10-22T01:30;6;kWh;0;3286;0;0;3286;3286
2018-10-22T01:30;2018-10-22T01:45;7;kWh;-383;1034;0;0;1417;651
2018-10-22T01:45;2018-10-22T02:00;8;kWh;-19257;0;0;0;19257;-19257
2018-10-22T02:00;2018-10-22T02:15;9;kWh;-12189;3444;0;0;15633;-8745
2018-10-22T02:15;2018-10-22T02:30;10;kWh;-35;2336;0;0;2371;2301
2018-10-22T02:30;2018-10-22T02:45;11;kWh;-4827;0;0;0;4827;-4827
2018-10-22T02:45;2018-10-22T03:00;12;kWh;-17351;0;0;0;17351;-17351
2018-10-22T03:00;2018-10-22T03:15;13;kWh;-11949;0;0;0;11949;-11949
2018-10-22T03:15;2018-10-22T03:30;14;kWh;-8042;0;0;0;8042;-8042
2018-10-22T03:30;2018-10-22T03:45;15;kWh;-40163;0;0;0;40163;-40163
2018-10-22T03:45;2018-10-22T04:00;16;kWh;-59360;0;0;0;59360;-59360
2018-10-22T04:00;2018-10-22T04:15;17;kWh;-55839;0;0;0;55839;-55839
2018-10-22T04:15;2018-10-22T04:30;18;kWh;-42680;0;0;0;42680;-42680
2018-10-22T04:30;2018-10-22T04:45;19;kWh;-24313;178;0;0;24491;-24135
2018-10-22T04:45;2018-10-22T05:00;20;kWh;-943;1134;0;0;2077;191
2018-10-22T05:00;2018-10-22T05:15;21;kWh;0;17950;0;0;17950;17950
2018-10-22T05:15;2018-10-22T05:30;22;kWh;0;9155;0;0;9155;9155
2018-10-22T05:30;2018-10-22T05:45;23;kWh;0;15955;0;0;15955;15955
2018-10-22T05:45;2018-10-22T06:00;24;kWh;0;51079;0;0;51079;51079
2018-10-22T06:00;2018-10-22T06:15;25;kWh;0;18301;0;0;18301;18301
2018-10-22T06:15;2018-10-22T06:30;26;kWh;0;3665;0;0;3665;3665
2018-10-22T06:30;2018-10-22T06:45;27;kWh;0;29323;0;0;29323;29323
2018-10-22T06:45;2018-10-22T07:00;28;kWh;0;26835;0;0;26835;26835
2018-10-22T07:00;2018-10-22T07:15;29;kWh;-15;1137;0;0;1152;1122
2018-10-22T07:15;2018-10-22T07:30;30;kWh;0;0;0;0;0;0
2018-10-22T07:30;2018-10-22T07:45;31;kWh;0;9109;0;0;9109;9109
2018-10-22T07:45;2018-10-22T08:00;32;kWh;0;93036;0;0;93036;93036
2018-10-22T08:00;2018-10-22T08:15;33;kWh;-8280;32629;0;0;40909;24349
2018-10-22T08:15;2018-10-22T08:30;34;kWh;-19508;0;0;0;19508;-19508
2018-10-22T08:30;2018-10-22T08:45;35;kWh;-5883;0;0;0;5883;-5883
2018-10-22T08:45;2018-10-22T09:00;36;kWh;-2051;0;0;0;2051;-2051
2018-10-22T09:00;2018-10-22T09:15;37;kWh;-6236;0;0;0;6236;-6236
2018-10-22T09:15;2018-10-22T09:30;38;kWh;-2001;33;0;0;2034;-1968
2018-10-22T09:30;2018-10-22T09:45;39;kWh;0;2054;0;0;2054;2054
2018-10-22T09:45;2018-10-22T10:00;40;kWh;0;700;0;0;700;700
2018-10-22T10:00;2018-10-22T10:15;41;kWh;0;8096;0;0;8096;8096
2018-10-22T10:15;2018-10-22T10:30;42;kWh;-617;2950;0;0;3567;2333
2018-10-22T10:30;2018-10-22T10:45;43;kWh;-7369;0;0;0;7369;-7369
2018-10-22T10:45;2018-10-22T11:00;44;kWh;-39119;0;0;0;39119;-39119
2018-10-22T11:00;2018-10-22T11:15;45;kWh;-17734;321;0;0;18055;-17413
2018-10-22T11:15;2018-10-22T11:30;46;kWh;-16067;0;0;0;16067;-16067
2018-10-22T11:30;2018-10-22T11:45;47;kWh;-35313;0;0;0;35313;-35313
2018-10-22T11:45;2018-10-22T12:00;48;kWh;-41392;0;0;0;41392;-41392
2018-10-22T12:00;2018-10-22T12:15;49;kWh;-19306;307;0;0;19613;-18999
2018-10-22T12:15;2018-10-22T12:30;50;kWh;-2460;0;0;0;2460;-2460
2018-10-22T12:30;2018-10-22T12:45;51;kWh;-1072;0;0;0;1072;-1072
2018-10-22T12:45;2018-10-22T13:00;52;kWh;-6356;0;0;0;6356;-6356
2018-10-22T13:00;2018-10-22T13:15;53;kWh;-14714;1994;0;0;16708;-12720
2018-10-22T13:15;2018-10-22T13:30;54;kWh;-4997;1968;0;0;6965;-3029
2018-10-22T13:30;2018-10-22T13:45;55;kWh;-6933;0;0;0;6933;-6933
2018-10-22T13:45;2018-10-22T14:00;56;kWh;-11707;0;0;0;11707;-11707
2018-10-22T14:00;2018-10-22T14:15;57;kWh;-18561;0;0;0;18561;-18561
2018-10-22T14:15;2018-10-22T14:30;58;kWh;-25333;322;0;0;25655;-25011
2018-10-22T14:30;2018-10-22T14:45;59;kWh;-10774;1445;0;0;12219;-9329
2018-10-22T14:45;2018-10-22T15:00;60;kWh;-6614;0;0;0;6614;-6614
2018-10-22T15:00;2018-10-22T15:15;61;kWh;-44013;0;0;0;44013;-44013
2018-10-22T15:15;2018-10-22T15:30;62;kWh;-64880;0;0;0;64880;-64880
2018-10-22T15:30;2018-10-22T15:45;63;kWh;-20189;0;0;0;20189;-20189
2018-10-22T15:45;2018-10-22T16:00;64;kWh;-16180;0;0;0;16180;-16180
2018-10-22T16:00;2018-10-22T16:15;65;kWh;-11053;798;0;0;11851;-10255
2018-10-22T16:15;2018-10-22T16:30;66;kWh;-43451;0;0;0;43451;-43451
2018-10-22T16:30;2018-10-22T16:45;67;kWh;-1991;152;0;0;2143;-1839
2018-10-22T16:45;2018-10-22T17:00;68;kWh;0;6243;0;0;6243;6243
2018-10-22T17:00;2018-10-22T17:15;69;kWh;-19391;1727;0;0;21118;-17664
2018-10-22T17:15;2018-10-22T17:30;70;kWh;-8311;773;0;0;9084;-7538
2018-10-22T17:30;2018-10-22T17:45;71;kWh;0;8405;0;0;8405;8405
2018-10-22T17:45;2018-10-22T18:00;72;kWh;0;31432;0;0;31432;31432
2018-10-22T18:00;2018-10-22T18:15;73;kWh;0;31195;0;0;31195;31195
2018-10-22T18:15;2018-10-22T18:30;74;kWh;0;7581;0;0;7581;7581
2018-10-22T18:30;2018-10-22T18:45;75;kWh;0;15787;0;0;15787;15787
2018-10-22T18:45;2018-10-22T19:00;76;kWh;0;76156;0;0;76156;76156
2018-10-22T19:00;2018-10-22T19:15;77;kWh;0;65782;0;0;65782;65782
2018-10-22T19:15;2018-10-22T19:30;78;kWh;0;12813;0;0;12813;12813
2018-10-22T19:30;2018-10-22T19:45;79;kWh;0;18981;0;0;18981;18981
2018-10-22T19:45;2018-10-22T20:00;80;kWh;-6;4953;0;0;4959;4947
2018-10-22T20:00;2018-10-22T20:15;81;kWh;0;12367;0;0;12367;12367
2018-10-22T20:15;2018-10-22T20:30;82;kWh;0;8421;0;0;8421;8421
2018-10-22T20:30;2018-10-22T20:45;83;kWh;0;0;0;0;0;0
2018-10-22T20:45;2018-10-22T21:00;84;kWh;-408;0;0;0;408;-408
2018-10-22T21:00;2018-10-22T21:15;85;kWh;-2405;7943;0;0;10348;5538
2018-10-22T21:15;2018-10-22T21:30;86;kWh;-20;33521;0;0;33541;33501
2018-10-22T21:30;2018-10-22T21:45;87;kWh;-732;1230;0;0;1962;498
2018-10-22T21:45;2018-10-22T22:00;88;kWh;-2603;0;0;0;2603;-2603
2018-10-22T22:00;2018-10-22T22:15;89;kWh;-13434;5046;0;0;18480;-8388
2018-10-22T22:15;2018-10-22T22:30;90;kWh;-378;28422;0;0;28800;28044
2018-10-22T22:30;2018-10-22T22:45;91;kWh;-20821;302;0;0;21123;-20519
2018-10-22T22:45;2018-10-22T23:00;92;kWh;-14792;0;0;0;14792;-14792
2018-10-22T23:00;2018-10-22T23:15;93;kWh;-5801;18494;0;0;24295;12693
2018-10-22T23:15;2018-10-22T23:30;94;kWh;0;39037;0;0;39037;39037
2018-10-22T23:30;2018-10-22T23:45;95;kWh;-18967;4505;0;0;23472;-14462
2018-10-22T23:45;2018-10-23T00:00;96;kWh;-51580;0;0;0;51580;-51580
2018-10-23T00:00;2018-10-23T00:15;1;kWh;-52877;0;0;0;52877;-52877
2018-10-23T00:15;2018-10-23T00:30;2;kWh;-15338;0;0;0;15338;-15338
2018-10-23T00:30;2018-10-23T00:45;3;kWh;-54802;0;0;0;54802;-54802
2018-10-23T00:45;2018-10-23T01:00;4;kWh;-64689;0;0;0;64689;-64689
2018-10-23T01:00;2018-10-23T01:15;5;kWh;-24734;4040;0;0;28774;-20694
2018-10-23T01:15;2018-10-23T01:30;6;kWh;-6747;2774;0;0;9521;-3973
2018-10-23T01:30;2018-10-23T01:45;7;kWh;-49617;0;0;0;49617;-49617
2018-10-23T01:45;2018-10-23T02:00;8;kWh;-51256;0;0;0;51256;-51256
2018-10-23T02:00;2018-10-23T02:15;9;kWh;-20038;0;0;0;20038;-20038
2018-10-23T02:15;2018-10-23T02:30;10;kWh;-12022;0;0;0;12022;-12022
2018-10-23T02:30;2018-10-23T02:45;11;kWh;-57304;0;0;0;57304;-57304
2018-10-23T02:45;2018-10-23T03:00;12;kWh;-54231;0;0;0;54231;-54231
2018-10-23T03:00;2018-10-23T03:15;13;kWh;-23688;1210;0;0;24898;-22478
2018-10-23T03:15;2018-10-23T03:30;14;kWh;-2434;20;0;0;2454;-2414
2018-10-23T03:30;2018-10-23T03:45;15;kWh;-14576;0;0;0;14576;-14576
2018-10-23T03:45;2018-10-23T04:00;16;kWh;-37921;0;0;0;37921;-37921
2018-10-23T04:00;2018-10-23T04:15;17;kWh;-44186;1431;0;0;45617;-42755
2018-10-23T04:15;2018-10-23T04:30;18;kWh;-22822;1;0;0;22823;-22821
2018-10-23T04:30;2018-10-23T04:45;19;kWh;-48559;0;0;0;48559;-48559
2018-10-23T04:45;2018-10-23T05:00;20;kWh;-52480;0;0;0;52480;-52480
2018-10-23T05:00;2018-10-23T05:15;21;kWh;-33066;651;0;0;33717;-32415
2018-10-23T05:15;2018-10-23T05:30;22;kWh;-6460;750;0;0;7210;-5710
2018-10-23T05:30;2018-10-23T05:45;23;kWh;-11831;567;0;0;12398;-11264
2018-10-23T05:45;2018-10-23T06:00;24;kWh;-72;2990;0;0;3062;2918
2018-10-23T06:00;2018-10-23T06:15;25;kWh;-43332;77;0;0;43409;-43255
2018-10-23T06:15;2018-10-23T06:30;26;kWh;-41501;0;0;0;41501;-41501
2018-10-23T06:30;2018-10-23T06:45;27;kWh;-6583;369;0;0;6952;-6214
2018-10-23T06:45;2018-10-23T07:00;28;kWh;-33394;0;0;0;33394;-33394
2018-10-23T07:00;2018-10-23T07:15;29;kWh;-54115;0;0;0;54115;-54115
2018-10-23T07:15;2018-10-23T07:30;30;kWh;-20841;0;0;0;20841;-20841
2018-10-23T07:30;2018-10-23T07:45;31;kWh;-71;243;0;0;314;172
2018-10-23T07:45;2018-10-23T08:00;32;kWh;0;22099;0;0;22099;22099
2018-10-23T08:00;2018-10-23T08:15;33;kWh;0;9803;0;0;9803;9803
2018-10-23T08:15;2018-10-23T08:30;34;kWh;0;9523;0;0;9523;9523
2018-10-23T08:30;2018-10-23T08:45;35;kWh;0;57903;0;0;57903;57903
2018-10-23T08:45;2018-10-23T09:00;36;kWh;0;68733;0;0;68733;68733
2018-10-23T09:00;2018-10-23T09:15;37;kWh;0;51126;0;0;51126;51126
2018-10-23T09:15;2018-10-23T09:30;38;kWh;0;34143;0;0;34143;34143
2018-10-23T09:30;2018-10-23T09:45;39;kWh;0;25289;0;0;25289;25289
2018-10-23T09:45;2018-10-23T10:00;40;kWh;0;24366;0;0;24366;24366
2018-10-23T10:00;2018-10-23T10:15;41;kWh;0;66921;0;0;66921;66921
2018-10-23T10:15;2018-10-23T10:30;42;kWh;0;127300;0;0;127300;127300
2018-10-23T10:30;2018-10-23T10:45;43;kWh;0;105884;0;0;107134;107134
2018-10-23T10:45;2018-10-23T11:00;44;kWh;0;58534;0;0;58534;58534
2018-10-23T11:00;2018-10-23T11:15;45;kWh;0;20341;0;0;20341;20341
2018-10-23T11:15;2018-10-23T11:30;46;kWh;0;9112;0;0;9112;9112
2018-10-23T11:30;2018-10-23T11:45;47;kWh;-231;517;0;0;748;286
2018-10-23T11:45;2018-10-23T12:00;48;kWh;-2085;0;0;0;2085;-2085
2018-10-23T12:00;2018-10-23T12:15;49;kWh;-1370;6247;0;0;7617;4877
2018-10-23T12:15;2018-10-23T12:30;50;kWh;0;1143;0;0;1143;1143
2018-10-23T12:30;2018-10-23T12:45;51;kWh;0;0;0;0;0;0
2018-10-23T12:45;2018-10-23T13:00;52;kWh;-1030;0;0;0;1030;-1030
2018-10-23T13:00;2018-10-23T13:15;53;kWh;-180;10196;0;0;10376;10016
2018-10-23T13:15;2018-10-23T13:30;54;kWh;0;31455;0;0;31455;31455
2018-10-23T13:30;2018-10-23T13:45;55;kWh;0;39821;0;0;39821;39821
2018-10-23T13:45;2018-10-23T14:00;56;kWh;0;7062;0;0;7062;7062
2018-10-23T14:00;2018-10-23T14:15;57;kWh;0;29705;0;0;29705;29705
2018-10-23T14:15;2018-10-23T14:30;58;kWh;0;83841;0;0;83841;83841
2018-10-23T14:30;2018-10-23T14:45;59;kWh;0;13263;0;0;13263;13263
2018-10-23T14:45;2018-10-23T15:00;60;kWh;0;31938;0;0;31938;31938
2018-10-23T15:00;2018-10-23T15:15;61;kWh;0;26755;0;0;26755;26755
2018-10-23T15:15;2018-10-23T15:30;62;kWh;0;44782;0;0;44782;44782
2018-10-23T15:30;2018-10-23T15:45;63;kWh;0;85457;0;0;85457;85457
2018-10-23T15:45;2018-10-23T16:00;64;kWh;0;35895;0;0;35895;35895
2018-10-23T16:00;2018-10-23T16:15;65;kWh;0;7128;0;0;7128;7128
2018-10-23T16:15;2018-10-23T16:30;66;kWh;0;6523;0;0;6523;6523
2018-10-23T16:30;2018-10-23T16:45;67;kWh;0;22339;0;0;22339;22339
2018-10-23T16:45;2018-10-23T17:00;68;kWh;0;36050;0;0;36050;36050
2018-10-23T17:00;2018-10-23T17:15;69;kWh;0;12932;0;0;12932;12932
2018-10-23T17:15;2018-10-23T17:30;70;kWh;0;25358;0;0;25358;25358
2018-10-23T17:30;2018-10-23T17:45;71;kWh;0;34422;0;0;34422;34422
2018-10-23T17:45;2018-10-23T18:00;72;kWh;0;38911;0;0;38911;38911
2018-10-23T18:00;2018-10-23T18:15;73;kWh;0;73588;0;0;73588;73588
2018-10-23T18:15;2018-10-23T18:30;74;kWh;0;72404;0;0;72404;72404
2018-10-23T18:30;2018-10-23T18:45;75;kWh;0;38315;0;0;38315;38315
2018-10-23T18:45;2018-10-23T19:00;76;kWh;0;54254;0;0;54254;54254
2018-10-23T19:00;2018-10-23T19:15;77;kWh;0;45054;0;0;45054;45054
2018-10-23T19:15;2018-10-23T19:30;78;kWh;0;41861;0;0;41861;41861
2018-10-23T19:30;2018-10-23T19:45;79;kWh;0;29961;0;0;29961;29961
2018-10-23T19:45;2018-10-23T20:00;80;kWh;0;11408;0;0;11408;11408
2018-10-23T20:00;2018-10-23T20:15;81;kWh;0;7983;0;0;7983;7983
2018-10-23T20:15;2018-10-23T20:30;82;kWh;-1525;1597;0;0;3122;72
2018-10-23T20:30;2018-10-23T20:45;83;kWh;-18500;0;0;0;18500;-18500
2018-10-23T20:45;2018-10-23T21:00;84;kWh;-19511;0;0;0;19511;-19511
2018-10-23T21:00;2018-10-23T21:15;85;kWh;-5640;39146;0;0;44786;33506
2018-10-23T21:15;2018-10-23T21:30;86;kWh;0;60914;0;0;60914;60914
2018-10-23T21:30;2018-10-23T21:45;87;kWh;-28;18637;0;0;18665;18609
2018-10-23T21:45;2018-10-23T22:00;88;kWh;-9200;563;0;0;9763;-8637
2018-10-23T22:00;2018-10-23T22:15;89;kWh;-11577;13774;0;0;25351;2197
2018-10-23T22:15;2018-10-23T22:30;90;kWh;-7;48249;0;0;48256;48242
2018-10-23T22:30;2018-10-23T22:45;91;kWh;-6853;7786;0;0;14639;933
2018-10-23T22:45;2018-10-23T23:00;92;kWh;-17568;0;0;0;17568;-17568
2018-10-23T23:00;2018-10-23T23:15;93;kWh;-5378;10587;0;0;15965;5209
2018-10-23T23:15;2018-10-23T23:30;94;kWh;0;24002;0;0;24002;24002
2018-10-23T23:30;2018-10-23T23:45;95;kWh;-11858;8124;0;0;19982;-3734
2018-10-23T23:45;2018-10-24T00:00;96;kWh;-24852;0;0;0;24852;-24852
2018-10-24T00:00;2018-10-24T00:15;1;kWh;-22149;585;0;0;22734;-21564
2018-10-24T00:15;2018-10-24T00:30;2;kWh;-239;1351;0;0;1590;1112
2018-10-24T00:30;2018-10-24T00:45;3;kWh;-20687;0;0;0;20687;-20687
2018-10-24T00:45;2018-10-24T01:00;4;kWh;-65126;0;0;0;65126;-65126
2018-10-24T01:00;2018-10-24T01:15;5;kWh;-24784;2944;0;0;27728;-21840
2018-10-24T01:15;2018-10-24T01:30;6;kWh;-226;809;0;0;1035;583
2018-10-24T01:30;2018-10-24T01:45;7;kWh;-22116;0;0;0;22116;-22116
2018-10-24T01:45;2018-10-24T02:00;8;kWh;-31870;0;0;0;31870;-31870
2018-10-24T02:00;2018-10-24T02:15;9;kWh;-16337;934;0;0;17271;-15403
2018-10-24T02:15;2018-10-24T02:30;10;kWh;-634;30863;0;0;31497;30229
2018-10-24T02:30;2018-10-24T02:45;11;kWh;0;18899;0;0;18899;18899
2018-10-24T02:45;2018-10-24T03:00;12;kWh;-74;15656;0;0;15730;15582
2018-10-24T03:00;2018-10-24T03:15;13;kWh;-951;1466;0;0;2417;515
2018-10-24T03:15;2018-10-24T03:30;14;kWh;0;18356;0;0;18356;18356
2018-10-24T03:30;2018-10-24T03:45;15;kWh;0;14173;0;0;14173;14173
2018-10-24T03:45;2018-10-24T04:00;16;kWh;0;4314;0;0;4314;4314
2018-10-24T04:00;2018-10-24T04:15;17;kWh;-3203;629;0;0;3832;-2574
2018-10-24T04:15;2018-10-24T04:30;18;kWh;-4316;0;0;0;4316;-4316
2018-10-24T04:30;2018-10-24T04:45;19;kWh;-2274;4955;0;0;7229;2681
2018-10-24T04:45;2018-10-24T05:00;20;kWh;0;24611;0;0;24611;24611
2018-10-24T05:00;2018-10-24T05:15;21;kWh;-46;1415;0;0;1461;1369
2018-10-24T05:15;2018-10-24T05:30;22;kWh;-800;6289;0;0;7089;5489
2018-10-24T05:30;2018-10-24T05:45;23;kWh;0;24366;0;0;24366;24366
2018-10-24T05:45;2018-10-24T06:00;24;kWh;0;26056;0;0;26056;26056
2018-10-24T06:00;2018-10-24T06:15;25;kWh;-25667;4520;0;0;30187;-21147
2018-10-24T06:15;2018-10-24T06:30;26;kWh;-37848;0;0;0;37848;-37848
2018-10-24T06:30;2018-10-24T06:45;27;kWh;-1792;15279;0;0;17071;13487
2018-10-24T06:45;2018-10-24T07:00;28;kWh;0;23318;0;0;23318;23318
2018-10-24T07:00;2018-10-24T07:15;29;kWh;-12184;4348;0;0;16532;-7836
2018-10-24T07:15;2018-10-24T07:30;30;kWh;-29793;2604;0;0;32397;-27189
2018-10-24T07:30;2018-10-24T07:45;31;kWh;-23;2509;0;0;2532;2486
2018-10-24T07:45;2018-10-24T08:00;32;kWh;-2876;684;0;0;3560;-2192
2018-10-24T08:00;2018-10-24T08:15;33;kWh;-7024;282;0;0;7306;-6742
2018-10-24T08:15;2018-10-24T08:30;34;kWh;-18847;1554;0;0;20401;-17293
2018-10-24T08:30;2018-10-24T08:45;35;kWh;-404;19824;0;0;20228;19420
2018-10-24T08:45;2018-10-24T09:00;36;kWh;0;50779;0;0;50779;50779
2018-10-24T09:00;2018-10-24T09:15;37;kWh;0;56372;0;0;56372;56372
2018-10-24T09:15;2018-10-24T09:30;38;kWh;0;18899;0;0;18899;18899
2018-10-24T09:30;2018-10-24T09:45;39;kWh;0;48853;0;0;48853;48853
2018-10-24T09:45;2018-10-24T10:00;40;kWh;0;45461;0;0;45461;45461
2018-10-24T10:00;2018-10-24T10:15;41;kWh;-1707;14956;0;0;16663;13249
2018-10-24T10:15;2018-10-24T10:30;42;kWh;-152;2580;0;0;2732;2428
2018-10-24T10:30;2018-10-24T10:45;43;kWh;-1000;8053;0;0;9053;7053
2018-10-24T10:45;2018-10-24T11:00;44;kWh;-11316;0;0;0;11316;-11316
2018-10-24T11:00;2018-10-24T11:15;45;kWh;-159;11239;0;0;11398;11080
2018-10-24T11:15;2018-10-24T11:30;46;kWh;-99;6681;0;0;6780;6582
2018-10-24T11:30;2018-10-24T11:45;47;kWh;-28;384;0;0;412;356
2018-10-24T11:45;2018-10-24T12:00;48;kWh;-5570;0;0;0;5570;-5570
2018-10-24T12:00;2018-10-24T12:15;49;kWh;-25278;0;0;0;25278;-25278
2018-10-24T12:15;2018-10-24T12:30;50;kWh;-58175;0;0;0;58175;-58175
2018-10-24T12:30;2018-10-24T12:45;51;kWh;-69285;0;0;0;69285;-69285
2018-10-24T12:45;2018-10-24T13:00;52;kWh;-57505;0;0;0;57505;-57505
2018-10-24T13:00;2018-10-24T13:15;53;kWh;-10780;62;0;0;10842;-10718
2018-10-24T13:15;2018-10-24T13:30;54;kWh;-190;12582;0;0;12772;12392
2018-10-24T13:30;2018-10-24T13:45;55;kWh;0;24604;0;0;24604;24604
2018-10-24T13:45;2018-10-24T14:00;56;kWh;0;30713;0;0;30713;30713
2018-10-24T14:00;2018-10-24T14:15;57;kWh;0;22329;0;0;22329;22329
2018-10-24T14:15;2018-10-24T14:30;58;kWh;0;27897;0;0;27897;27897
2018-10-24T14:30;2018-10-24T14:45;59;kWh;0;46207;0;0;46207;46207
2018-10-24T14:45;2018-10-24T15:00;60;kWh;0;44846;0;0;44846;44846
2018-10-24T15:00;2018-10-24T15:15;61;kWh;0;26838;0;0;26838;26838
2018-10-24T15:15;2018-10-24T15:30;62;kWh;0;33659;0;0;33659;33659
2018-10-24T15:30;2018-10-24T15:45;63;kWh;0;55974;0;0;55974;55974
2018-10-24T15:45;2018-10-24T16:00;64;kWh;0;39444;0;0;39444;39444
2018-10-24T16:00;2018-10-24T16:15;65;kWh;0;29106;0;0;29106;29106
2018-10-24T16:15;2018-10-24T16:30;66;kWh;0;54740;0;0;54740;54740
2018-10-24T16:30;2018-10-24T16:45;67;kWh;0;77139;0;0;77139;77139
2018-10-24T16:45;2018-10-24T17:00;68;kWh;0;117139;0;0;117139;117139
2018-10-24T17:00;2018-10-24T17:15;69;kWh;0;38378;0;0;38378;38378
2018-10-24T17:15;2018-10-24T17:30;70;kWh;0;39933;0;0;39933;39933
2018-10-24T17:30;2018-10-24T17:45;71;kWh;0;71395;0;0;71395;71395
2018-10-24T17:45;2018-10-24T18:00;72;kWh;0;82044;0;0;82044;82044
2018-10-24T18:00;2018-10-24T18:15;73;kWh;0;63572;0;0;63572;63572
2018-10-24T18:15;2018-10-24T18:30;74;kWh;0;48232;0;0;48232;48232
2018-10-24T18:30;2018-10-24T18:45;75;kWh;0;39691;0;0;39691;39691
2018-10-24T18:45;2018-10-24T19:00;76;kWh;0;84758;0;0;84758;84758
2018-10-24T19:00;2018-10-24T19:15;77;kWh;0;42264;0;0;42264;42264
2018-10-24T19:15;2018-10-24T19:30;78;kWh;0;4755;0;0;4755;4755
2018-10-24T19:30;2018-10-24T19:45;79;kWh;0;235;0;0;235;235
2018-10-24T19:45;2018-10-24T20:00;80;kWh;0;931;0;0;931;931
2018-10-24T20:00;2018-10-24T20:15;81;kWh;0;25284;0;0;25284;25284
2018-10-24T20:15;2018-10-24T20:30;82;kWh;0;36450;0;0;36450;36450
2018-10-24T20:30;2018-10-24T20:45;83;kWh;0;19770;0;0;19770;19770
2018-10-24T20:45;2018-10-24T21:00;84;kWh;0;625;0;0;625;625
2018-10-24T21:00;2018-10-24T21:15;85;kWh;0;59042;0;0;59042;59042
2018-10-24T21:15;2018-10-24T21:30;86;kWh;0;116224;0;0;116224;116224
2018-10-24T21:30;2018-10-24T21:45;87;kWh;-19;42987;0;0;45506;45468
2018-10-24T21:45;2018-10-24T22:00;88;kWh;-8967;779;0;0;9746;-8188
2018-10-24T22:00;2018-10-24T22:15;89;kWh;-2001;12519;0;0;14520;10518
2018-10-24T22:15;2018-10-24T22:30;90;kWh;-4559;19931;0;0;24490;15372
2018-10-24T22:30;2018-10-24T22:45;91;kWh;-44220;0;0;0;44220;-44220
2018-10-24T22:45;2018-10-24T23:00;92;kWh;-71047;0;0;0;71047;-71047
2018-10-24T23:00;2018-10-24T23:15;93;kWh;-27410;15870;0;0;43280;-11540
2018-10-24T23:15;2018-10-24T23:30;94;kWh;0;27277;0;0;27277;27277
2018-10-24T23:30;2018-10-24T23:45;95;kWh;0;9909;0;0;9909;9909
2018-10-24T23:45;2018-10-25T00:00;96;kWh;-5532;2109;0;0;7641;-3423
2018-10-25T00:00;2018-10-25T00:15;1;kWh;-6038;123;0;0;6161;-5915
2018-10-25T00:15;2018-10-25T00:30;2;kWh;-1208;2005;0;0;3213;797
2018-10-25T00:30;2018-10-25T00:45;3;kWh;-7572;0;0;0;7572;-7572
2018-10-25T00:45;2018-10-25T01:00;4;kWh;-10690;0;0;0;10690;-10690
2018-10-25T01:00;2018-10-25T01:15;5;kWh;-18034;3473;0;0;21507;-14561
2018-10-25T01:15;2018-10-25T01:30;6;kWh;-4841;17545;0;0;22386;12704
2018-10-25T01:30;2018-10-25T01:45;7;kWh;-40575;0;0;0;40575;-40575
2018-10-25T01:45;2018-10-25T02:00;8;kWh;-32298;0;0;0;32298;-32298
2018-10-25T02:00;2018-10-25T02:15;9;kWh;-4239;1852;0;0;6091;-2387
2018-10-25T02:15;2018-10-25T02:30;10;kWh;-8775;1820;0;0;10595;-6955
2018-10-25T02:30;2018-10-25T02:45;11;kWh;-15372;0;0;0;15372;-15372
2018-10-25T02:45;2018-10-25T03:00;12;kWh;-29576;0;0;0;29576;-29576
2018-10-25T03:00;2018-10-25T03:15;13;kWh;-47652;0;0;0;47652;-47652
2018-10-25T03:15;2018-10-25T03:30;14;kWh;-4168;125;0;0;4293;-4043
2018-10-25T03:30;2018-10-25T03:45;15;kWh;-18561;0;0;0;18561;-18561
2018-10-25T03:45;2018-10-25T04:00;16;kWh;-30923;0;0;0;30923;-30923
2018-10-25T04:00;2018-10-25T04:15;17;kWh;-48602;0;0;0;48602;-48602
2018-10-25T04:15;2018-10-25T04:30;18;kWh;-48685;0;0;0;48685;-48685
2018-10-25T04:30;2018-10-25T04:45;19;kWh;-14253;0;0;0;14253;-14253
2018-10-25T04:45;2018-10-25T05:00;20;kWh;-12051;0;0;0;12051;-12051
2018-10-25T05:00;2018-10-25T05:15;21;kWh;-35281;0;0;0;35281;-35281
2018-10-25T05:15;2018-10-25T05:30;22;kWh;-39853;0;0;0;39853;-39853
2018-10-25T05:30;2018-10-25T05:45;23;kWh;-4679;910;0;0;5589;-3769
2018-10-25T05:45;2018-10-25T06:00;24;kWh;-351;879;0;0;1230;528
2018-10-25T06:00;2018-10-25T06:15;25;kWh;-7038;0;0;0;7038;-7038
2018-10-25T06:15;2018-10-25T06:30;26;kWh;-8275;994;0;0;9269;-7281
2018-10-25T06:30;2018-10-25T06:45;27;kWh;-50;16130;0;0;16180;16080
2018-10-25T06:45;2018-10-25T07:00;28;kWh;-17293;8008;0;0;25301;-9285
2018-10-25T07:00;2018-10-25T07:15;29;kWh;-23928;5;0;0;23933;-23923
2018-10-25T07:15;2018-10-25T07:30;30;kWh;-52405;0;0;0;52405;-52405
2018-10-25T07:30;2018-10-25T07:45;31;kWh;-16463;4545;0;0;21008;-11918
2018-10-25T07:45;2018-10-25T08:00;32;kWh;-8;31267;0;0;31275;31259
2018-10-25T08:00;2018-10-25T08:15;33;kWh;-11221;12759;0;0;23980;1538
2018-10-25T08:15;2018-10-25T08:30;34;kWh;-32286;0;0;0;32286;-32286
2018-10-25T08:30;2018-10-25T08:45;35;kWh;-7056;9516;0;0;16572;2460
2018-10-25T08:45;2018-10-25T09:00;36;kWh;0;26701;0;0;26701;26701
2018-10-25T09:00;2018-10-25T09:15;37;kWh;0;27479;0;0;27479;27479
2018-10-25T09:15;2018-10-25T09:30;38;kWh;0;20611;0;0;20611;20611
2018-10-25T09:30;2018-10-25T09:45;39;kWh;0;21642;0;0;21642;21642
2018-10-25T09:45;2018-10-25T10:00;40;kWh;0;15680;0;0;15680;15680
2018-10-25T10:00;2018-10-25T10:15;41;kWh;0;69545;0;0;69545;69545
2018-10-25T10:15;2018-10-25T10:30;42;kWh;0;76119;0;0;76119;76119
2018-10-25T10:30;2018-10-25T10:45;43;kWh;0;39615;0;0;39615;39615
2018-10-25T10:45;2018-10-25T11:00;44;kWh;0;37584;0;0;37584;37584
2018-10-25T11:00;2018-10-25T11:15;45;kWh;-2658;11517;0;0;14175;8859
2018-10-25T11:15;2018-10-25T11:30;46;kWh;-11475;222;0;0;11697;-11253
2018-10-25T11:30;2018-10-25T11:45;47;kWh;-492;4381;0;0;4873;3889
2018-10-25T11:45;2018-10-25T12:00;48;kWh;0;18251;0;0;18251;18251
2018-10-25T12:00;2018-10-25T12:15;49;kWh;0;54710;0;0;54710;54710
2018-10-25T12:15;2018-10-25T12:30;50;kWh;0;44171;0;0;44171;44171
2018-10-25T12:30;2018-10-25T12:45;51;kWh;0;45355;0;0;45355;45355
2018-10-25T12:45;2018-10-25T13:00;52;kWh;0;36171;0;0;36171;36171
2018-10-25T13:00;2018-10-25T13:15;53;kWh;0;47568;0;0;47568;47568
2018-10-25T13:15;2018-10-25T13:30;54;kWh;0;81348;0;0;81348;81348
2018-10-25T13:30;2018-10-25T13:45;55;kWh;0;43164;0;0;43164;43164
2018-10-25T13:45;2018-10-25T14:00;56;kWh;0;45057;0;0;45057;45057
2018-10-25T14:00;2018-10-25T14:15;57;kWh;0;14772;0;0;14772;14772
2018-10-25T14:15;2018-10-25T14:30;58;kWh;0;29303;0;0;29303;29303
2018-10-25T14:30;2018-10-25T14:45;59;kWh;0;30027;0;0;30027;30027
2018-10-25T14:45;2018-10-25T15:00;60;kWh;0;34808;0;0;34808;34808
2018-10-25T15:00;2018-10-25T15:15;61;kWh;-8035;11294;0;0;19329;3259
2018-10-25T15:15;2018-10-25T15:30;62;kWh;-10017;518;0;0;10535;-9499
2018-10-25T15:30;2018-10-25T15:45;63;kWh;-202;11882;0;0;12084;11680
2018-10-25T15:45;2018-10-25T16:00;64;kWh;0;22687;0;0;22687;22687
2018-10-25T16:00;2018-10-25T16:15;65;kWh;0;19297;0;0;19297;19297
2018-10-25T16:15;2018-10-25T16:30;66;kWh;0;36764;0;0;36764;36764
2018-10-25T16:30;2018-10-25T16:45;67;kWh;0;37583;0;0;37583;37583
2018-10-25T16:45;2018-10-25T17:00;68;kWh;0;40818;0;0;40818;40818
2018-10-25T17:00;2018-10-25T17:15;69;kWh;0;31580;0;0;31580;31580
2018-10-25T17:15;2018-10-25T17:30;70;kWh;0;12657;0;0;12657;12657
2018-10-25T17:30;2018-10-25T17:45;71;kWh;0;33265;0;0;33265;33265
2018-10-25T17:45;2018-10-25T18:00;72;kWh;0;37382;0;0;37382;37382
2018-10-25T18:00;2018-10-25T18:15;73;kWh;-419;6921;0;0;7340;6502
2018-10-25T18:15;2018-10-25T18:30;74;kWh;0;450;0;0;450;450
2018-10-25T18:30;2018-10-25T18:45;75;kWh;0;4342;0;0;4342;4342
2018-10-25T18:45;2018-10-25T19:00;76;kWh;0;7747;0;0;7747;7747
2018-10-25T19:00;2018-10-25T19:15;77;kWh;-794;773;0;0;1567;-21
2018-10-25T19:15;2018-10-25T19:30;78;kWh;-4890;0;0;0;4890;-4890
2018-10-25T19:30;2018-10-25T19:45;79;kWh;-19699;0;0;0;19699;-19699
2018-10-25T19:45;2018-10-25T20:00;80;kWh;-24607;0;0;0;24607;-24607
2018-10-25T20:00;2018-10-25T20:15;81;kWh;-8073;1071;0;0;9144;-7002
2018-10-25T20:15;2018-10-25T20:30;82;kWh;-12929;0;0;0;12929;-12929
2018-10-25T20:30;2018-10-25T20:45;83;kWh;-25611;0;0;0;25611;-25611
2018-10-25T20:45;2018-10-25T21:00;84;kWh;-58136;0;0;0;58136;-58136
2018-10-25T21:00;2018-10-25T21:15;85;kWh;-46682;7223;0;0;53905;-39459
2018-10-25T21:15;2018-10-25T21:30;86;kWh;-165;3247;0;0;3412;3082
2018-10-25T21:30;2018-10-25T21:45;87;kWh;-11610;0;0;0;11610;-11610
2018-10-25T21:45;2018-10-25T22:00;88;kWh;-44995;0;0;0;44995;-44995
2018-10-25T22:00;2018-10-25T22:15;89;kWh;-22199;13887;0;0;36086;-8312
2018-10-25T22:15;2018-10-25T22:30;90;kWh;-23;29602;0;0;29625;29579
2018-10-25T22:30;2018-10-25T22:45;91;kWh;-385;10;0;0;395;-375
2018-10-25T22:45;2018-10-25T23:00;92;kWh;0;0;0;0;0;0
2018-10-25T23:00;2018-10-25T23:15;93;kWh;-67;7521;0;0;7588;7454
2018-10-25T23:15;2018-10-25T23:30;94;kWh;0;28542;0;0;28542;28542
2018-10-25T23:30;2018-10-25T23:45;95;kWh;0;543;0;0;543;543
2018-10-25T23:45;2018-10-26T00:00;96;kWh;-664;0;0;0;664;-664
2018-10-26T00:00;2018-10-26T00:15;1;kWh;-2140;19;0;0;2159;-2121
2018-10-26T00:15;2018-10-26T00:30;2;kWh;-272;1638;0;0;1910;1366
2018-10-26T00:30;2018-10-26T00:45;3;kWh;-6663;0;0;0;6663;-6663
2018-10-26T00:45;2018-10-26T01:00;4;kWh;-15647;0;0;0;15647;-15647
2018-10-26T01:00;2018-10-26T01:15;5;kWh;-3459;3193;0;0;6652;-266
2018-10-26T01:15;2018-10-26T01:30;6;kWh;0;1191;0;0;1191;1191
2018-10-26T01:30;2018-10-26T01:45;7;kWh;-3649;0;0;0;3649;-3649
2018-10-26T01:45;2018-10-26T02:00;8;kWh;-25532;0;0;0;25532;-25532
2018-10-26T02:00;2018-10-26T02:15;9;kWh;-11186;11404;0;0;22590;218
2018-10-26T02:15;2018-10-26T02:30;10;kWh;-35;6767;0;0;6802;6732
2018-10-26T02:30;2018-10-26T02:45;11;kWh;-302;1496;0;0;1798;1194
2018-10-26T02:45;2018-10-26T03:00;12;kWh;-25430;0;0;0;25430;-25430
2018-10-26T03:00;2018-10-26T03:15;13;kWh;-13124;548;0;0;13672;-12576
2018-10-26T03:15;2018-10-26T03:30;14;kWh;0;207;0;0;207;207
2018-10-26T03:30;2018-10-26T03:45;15;kWh;0;0;0;0;0;0
2018-10-26T03:45;2018-10-26T04:00;16;kWh;-10449;0;0;0;10449;-10449
2018-10-26T04:00;2018-10-26T04:15;17;kWh;-15445;0;0;0;15445;-15445
2018-10-26T04:15;2018-10-26T04:30;18;kWh;-19080;0;0;0;19080;-19080
2018-10-26T04:30;2018-10-26T04:45;19;kWh;-22429;0;0;0;22429;-22429
2018-10-26T04:45;2018-10-26T05:00;20;kWh;-32272;0;0;0;32272;-32272
2018-10-26T05:00;2018-10-26T05:15;21;kWh;-21648;0;0;0;21648;-21648
2018-10-26T05:15;2018-10-26T05:30;22;kWh;-38120;0;0;0;38120;-38120
2018-10-26T05:30;2018-10-26T05:45;23;kWh;-25598;0;0;0;25598;-25598
2018-10-26T05:45;2018-10-26T06:00;24;kWh;-44495;0;0;0;44495;-44495
2018-10-26T06:00;2018-10-26T06:15;25;kWh;-18747;0;0;0;18747;-18747
2018-10-26T06:15;2018-10-26T06:30;26;kWh;-24922;0;0;0;24922;-24922
2018-10-26T06:30;2018-10-26T06:45;27;kWh;-6774;0;0;0;6774;-6774
2018-10-26T06:45;2018-10-26T07:00;28;kWh;0;0;0;0;0;0
2018-10-26T07:00;2018-10-26T07:15;29;kWh;-42796;0;0;0;42796;-42796
2018-10-26T07:15;2018-10-26T07:30;30;kWh;-61284;0;0;0;61284;-61284
2018-10-26T07:30;2018-10-26T07:45;31;kWh;-4531;0;0;0;4531;-4531
2018-10-26T07:45;2018-10-26T08:00;32;kWh;-755;0;0;0;755;-755
2018-10-26T08:00;2018-10-26T08:15;33;kWh;-26041;0;0;0;26041;-26041
2018-10-26T08:15;2018-10-26T08:30;34;kWh;-5414;128;0;0;5542;-5286
2018-10-26T08:30;2018-10-26T08:45;35;kWh;-2066;0;0;0;2066;-2066
2018-10-26T08:45;2018-10-26T09:00;36;kWh;0;11777;0;0;11777;11777
2018-10-26T09:00;2018-10-26T09:15;37;kWh;-2460;3130;0;0;5590;670
2018-10-26T09:15;2018-10-26T09:30;38;kWh;-779;1389;0;0;2168;610
2018-10-26T09:30;2018-10-26T09:45;39;kWh;0;9317;0;0;9317;9317
2018-10-26T09:45;2018-10-26T10:00;40;kWh;0;30540;0;0;30540;30540
2018-10-26T10:00;2018-10-26T10:15;41;kWh;0;39756;0;0;39756;39756
2018-10-26T10:15;2018-10-26T10:30;42;kWh;0;38983;0;0;38983;38983
2018-10-26T10:30;2018-10-26T10:45;43;kWh;0;43944;0;0;43944;43944
2018-10-26T10:45;2018-10-26T11:00;44;kWh;0;66465;0;0;66465;66465
2018-10-26T11:00;2018-10-26T11:15;45;kWh;0;57661;0;0;57661;57661
2018-10-26T11:15;2018-10-26T11:30;46;kWh;0;33742;0;0;33742;33742
2018-10-26T11:30;2018-10-26T11:45;47;kWh;0;13897;0;0;13897;13897
2018-10-26T11:45;2018-10-26T12:00;48;kWh;0;15675;0;0;15675;15675
2018-10-26T12:00;2018-10-26T12:15;49;kWh;0;35303;0;0;35303;35303
2018-10-26T12:15;2018-10-26T12:30;50;kWh;0;27913;0;0;27913;27913
2018-10-26T12:30;2018-10-26T12:45;51;kWh;-2093;2642;0;0;4735;549
2018-10-26T12:45;2018-10-26T13:00;52;kWh;-18921;0;0;0;18921;-18921
2018-10-26T13:00;2018-10-26T13:15;53;kWh;-1552;27049;0;0;28601;25497
2018-10-26T13:15;2018-10-26T13:30;54;kWh;-93;41107;0;0;41200;41014
2018-10-26T13:30;2018-10-26T13:45;55;kWh;-24463;809;0;0;25272;-23654
2018-10-26T13:45;2018-10-26T14:00;56;kWh;-10750;0;0;0;10750;-10750
2018-10-26T14:00;2018-10-26T14:15;57;kWh;-3118;0;0;0;3118;-3118
2018-10-26T14:15;2018-10-26T14:30;58;kWh;-154;1904;0;0;2058;1750
2018-10-26T14:30;2018-10-26T14:45;59;kWh;0;6267;0;0;6267;6267
2018-10-26T14:45;2018-10-26T15:00;60;kWh;0;8097;0;0;8097;8097
2018-10-26T15:00;2018-10-26T15:15;61;kWh;-52;5632;0;0;5684;5580
2018-10-26T15:15;2018-10-26T15:30;62;kWh;-9697;0;0;0;9697;-9697
2018-10-26T15:30;2018-10-26T15:45;63;kWh;-38912;0;0;0;38912;-38912
2018-10-26T15:45;2018-10-26T16:00;64;kWh;-35008;0;0;0;35008;-35008
2018-10-26T16:00;2018-10-26T16:15;65;kWh;-11399;1578;0;0;12977;-9821
2018-10-26T16:15;2018-10-26T16:30;66;kWh;-36612;0;0;0;36612;-36612
2018-10-26T16:30;2018-10-26T16:45;67;kWh;-23164;0;0;0;23164;-23164
2018-10-26T16:45;2018-10-26T17:00;68;kWh;-38244;0;0;0;38244;-38244
2018-10-26T17:00;2018-10-26T17:15;69;kWh;-7738;2177;0;0;9915;-5561
2018-10-26T17:15;2018-10-26T17:30;70;kWh;0;6675;0;0;6675;6675
2018-10-26T17:30;2018-10-26T17:45;71;kWh;0;6056;0;0;6056;6056
2018-10-26T17:45;2018-10-26T18:00;72;kWh;0;1114;0;0;1114;1114
2018-10-26T18:00;2018-10-26T18:15;73;kWh;-2398;74;0;0;2472;-2324
2018-10-26T18:15;2018-10-26T18:30;74;kWh;-24758;0;0;0;24758;-24758
2018-10-26T18:30;2018-10-26T18:45;75;kWh;-37598;0;0;0;37598;-37598
2018-10-26T18:45;2018-10-26T19:00;76;kWh;-39643;0;0;0;39643;-39643
2018-10-26T19:00;2018-10-26T19:15;77;kWh;-15994;775;0;0;16769;-15219
2018-10-26T19:15;2018-10-26T19:30;78;kWh;-15572;0;0;0;15572;-15572
2018-10-26T19:30;2018-10-26T19:45;79;kWh;-16009;0;0;0;16009;-16009
2018-10-26T19:45;2018-10-26T20:00;80;kWh;-13052;0;0;0;13052;-13052
2018-10-26T20:00;2018-10-26T20:15;81;kWh;-11772;2528;0;0;14300;-9244
2018-10-26T20:15;2018-10-26T20:30;82;kWh;-31;8795;0;0;8826;8764
2018-10-26T20:30;2018-10-26T20:45;83;kWh;-2387;5;0;0;2392;-2382
2018-10-26T20:45;2018-10-26T21:00;84;kWh;-2020;0;0;0;2020;-2020
2018-10-26T21:00;2018-10-26T21:15;85;kWh;0;19667;0;0;19667;19667
2018-10-26T21:15;2018-10-26T21:30;86;kWh;0;31115;0;0;31115;31115
2018-10-26T21:30;2018-10-26T21:45;87;kWh;0;8842;0;0;8842;8842
2018-10-26T21:45;2018-10-26T22:00;88;kWh;-6816;1281;0;0;8097;-5535
2018-10-26T22:00;2018-10-26T22:15;89;kWh;-10916;0;0;0;10916;-10916
2018-10-26T22:15;2018-10-26T22:30;90;kWh;-25043;0;0;0;25043;-25043
2018-10-26T22:30;2018-10-26T22:45;91;kWh;-10054;0;0;0;10054;-10054
2018-10-26T22:45;2018-10-26T23:00;92;kWh;-27572;0;0;0;27572;-27572
2018-10-26T23:00;2018-10-26T23:15;93;kWh;-34180;0;0;0;34180;-34180
2018-10-26T23:15;2018-10-26T23:30;94;kWh;-4407;0;0;0;4407;-4407
2018-10-26T23:30;2018-10-26T23:45;95;kWh;-13274;0;0;0;13274;-13274
2018-10-26T23:45;2018-10-27T00:00;96;kWh;-41006;0;0;0;41006;-41006
2018-10-27T00:00;2018-10-27T00:15;1;kWh;-69469;0;0;0;69469;-69469
2018-10-27T00:15;2018-10-27T00:30;2;kWh;-29707;0;0;0;29707;-29707
2018-10-27T00:30;2018-10-27T00:45;3;kWh;-10700;388;0;0;11088;-10312
2018-10-27T00:45;2018-10-27T01:00;4;kWh;-4623;35;0;0;4658;-4588
2018-10-27T01:00;2018-10-27T01:15;5;kWh;-21506;0;0;0;21506;-21506
2018-10-27T01:15;2018-10-27T01:30;6;kWh;-24878;0;0;0;24878;-24878
2018-10-27T01:30;2018-10-27T01:45;7;kWh;-26882;0;0;0;26882;-26882
2018-10-27T01:45;2018-10-27T02:00;8;kWh;-7422;423;0;0;7845;-6999
2018-10-27T02:00;2018-10-27T02:15;9;kWh;-21489;537;0;0;22026;-20952
2018-10-27T02:15;2018-10-27T02:30;10;kWh;-7549;0;0;0;7549;-7549
2018-10-27T02:30;2018-10-27T02:45;11;kWh;-7357;0;0;0;7357;-7357
2018-10-27T02:45;2018-10-27T03:00;12;kWh;-38830;0;0;0;38830;-38830
2018-10-27T03:00;2018-10-27T03:15;13;kWh;-23611;0;0;0;23611;-23611
2018-10-27T03:15;2018-10-27T03:30;14;kWh;-4027;491;0;0;4518;-3536
2018-10-27T03:30;2018-10-27T03:45;15;kWh;-2924;588;0;0;3512;-2336
2018-10-27T03:45;2018-10-27T04:00;16;kWh;0;4297;0;0;4297;4297
2018-10-27T04:00;2018-10-27T04:15;17;kWh;-3157;7;0;0;3164;-3150
2018-10-27T04:15;2018-10-27T04:30;18;kWh;-37136;0;0;0;37136;-37136
2018-10-27T04:30;2018-10-27T04:45;19;kWh;-55910;0;0;0;55910;-55910
2018-10-27T04:45;2018-10-27T05:00;20;kWh;-10933;224;0;0;11157;-10709
2018-10-27T05:00;2018-10-27T05:15;21;kWh;-26084;0;0;0;26084;-26084
2018-10-27T05:15;2018-10-27T05:30;22;kWh;-31060;0;0;0;31060;-31060
2018-10-27T05:30;2018-10-27T05:45;23;kWh;-31050;0;0;0;31050;-31050
2018-10-27T05:45;2018-10-27T06:00;24;kWh;-13646;0;0;0;13646;-13646
2018-10-27T06:00;2018-10-27T06:15;25;kWh;-29426;0;0;0;29426;-29426
2018-10-27T06:15;2018-10-27T06:30;26;kWh;-10194;3243;0;0;13437;-6951
2018-10-27T06:30;2018-10-27T06:45;27;kWh;0;21443;0;0;21443;21443
2018-10-27T06:45;2018-10-27T07:00;28;kWh;-8868;2583;0;0;11451;-6285
2018-10-27T07:00;2018-10-27T07:15;29;kWh;-26229;0;0;0;26229;-26229
2018-10-27T07:15;2018-10-27T07:30;30;kWh;-14658;1181;0;0;15839;-13477
2018-10-27T07:30;2018-10-27T07:45;31;kWh;-33;12002;0;0;12035;11969
2018-10-27T07:45;2018-10-27T08:00;32;kWh;-1588;17025;0;0;18613;15437
2018-10-27T08:00;2018-10-27T08:15;33;kWh;-34337;311;0;0;34648;-34026
2018-10-27T08:15;2018-10-27T08:30;34;kWh;-27092;8762;0;0;35854;-18330
2018-10-27T08:30;2018-10-27T08:45;35;kWh;-16;21631;0;0;21647;21615
2018-10-27T08:45;2018-10-27T09:00;36;kWh;0;9732;0;0;9732;9732
2018-10-27T09:00;2018-10-27T09:15;37;kWh;-37;6672;0;0;6709;6635
2018-10-27T09:15;2018-10-27T09:30;38;kWh;0;50681;0;0;50681;50681
2018-10-27T09:30;2018-10-27T09:45;39;kWh;0;41042;0;0;41042;41042
2018-10-27T09:45;2018-10-27T10:00;40;kWh;0;28402;0;0;28402;28402
2018-10-27T10:00;2018-10-27T10:15;41;kWh;0;16364;0;0;16364;16364
2018-10-27T10:15;2018-10-27T10:30;42;kWh;-203;12930;0;0;13133;12727
2018-10-27T10:30;2018-10-27T10:45;43;kWh;-3068;397;0;0;3465;-2671
2018-10-27T10:45;2018-10-27T11:00;44;kWh;-1619;8;0;0;1627;-1611
2018-10-27T11:00;2018-10-27T11:15;45;kWh;-958;4510;0;0;5468;3552
2018-10-27T11:15;2018-10-27T11:30;46;kWh;0;28229;0;0;28229;28229
2018-10-27T11:30;2018-10-27T11:45;47;kWh;0;22411;0;0;22411;22411
2018-10-27T11:45;2018-10-27T12:00;48;kWh;0;15607;0;0;15607;15607
2018-10-27T12:00;2018-10-27T12:15;49;kWh;0;19966;0;0;19966;19966
2018-10-27T12:15;2018-10-27T12:30;50;kWh;-7333;4246;0;0;11579;-3087
2018-10-27T12:30;2018-10-27T12:45;51;kWh;-6888;0;0;0;6888;-6888
2018-10-27T12:45;2018-10-27T13:00;52;kWh;-57;0;0;0;57;-57
2018-10-27T13:00;2018-10-27T13:15;53;kWh;0;11387;0;0;11387;11387
2018-10-27T13:15;2018-10-27T13:30;54;kWh;0;8854;0;0;8854;8854
2018-10-27T13:30;2018-10-27T13:45;55;kWh;-5513;0;0;0;5513;-5513
2018-10-27T13:45;2018-10-27T14:00;56;kWh;-3665;0;0;0;3665;-3665
2018-10-27T14:00;2018-10-27T14:15;57;kWh;-4431;0;0;0;4431;-4431
2018-10-27T14:15;2018-10-27T14:30;58;kWh;-991;0;0;0;991;-991
2018-10-27T14:30;2018-10-27T14:45;59;kWh;-1466;0;0;0;1466;-1466
2018-10-27T14:45;2018-10-27T15:00;60;kWh;-9799;0;0;0;9799;-9799
2018-10-27T15:00;2018-10-27T15:15;61;kWh;-14881;0;0;0;14881;-14881
2018-10-27T15:15;2018-10-27T15:30;62;kWh;-4724;0;0;0;4724;-4724
2018-10-27T15:30;2018-10-27T15:45;63;kWh;-2925;0;0;0;2925;-2925
2018-10-27T15:45;2018-10-27T16:00;64;kWh;-12024;0;0;0;12024;-12024
2018-10-27T16:00;2018-10-27T16:15;65;kWh;-13876;0;0;0;13876;-13876
2018-10-27T16:15;2018-10-27T16:30;66;kWh;-33041;0;0;0;33041;-33041
2018-10-27T16:30;2018-10-27T16:45;67;kWh;-1324;20651;0;0;21975;19327
2018-10-27T16:45;2018-10-27T17:00;68;kWh;0;22402;0;0;22402;22402
2018-10-27T17:00;2018-10-27T17:15;69;kWh;-13686;3911;0;0;17597;-9775
2018-10-27T17:15;2018-10-27T17:30;70;kWh;-2162;5545;0;0;7707;3383
2018-10-27T17:30;2018-10-27T17:45;71;kWh;0;39278;0;0;39278;39278
2018-10-27T17:45;2018-10-27T18:00;72;kWh;0;67194;0;0;67194;67194
2018-10-27T18:00;2018-10-27T18:15;73;kWh;-1752;16430;0;0;18182;14678
2018-10-27T18:15;2018-10-27T18:30;74;kWh;-517;0;0;0;517;-517
2018-10-27T18:30;2018-10-27T18:45;75;kWh;0;2880;0;0;2880;2880
2018-10-27T18:45;2018-10-27T19:00;76;kWh;0;2246;0;0;2246;2246
2018-10-27T19:00;2018-10-27T19:15;77;kWh;0;2060;0;0;2060;2060
2018-10-27T19:15;2018-10-27T19:30;78;kWh;-59;0;0;0;59;-59
2018-10-27T19:30;2018-10-27T19:45;79;kWh;-18360;0;0;0;18360;-18360
2018-10-27T19:45;2018-10-27T20:00;80;kWh;-40397;0;0;0;40397;-40397
2018-10-27T20:00;2018-10-27T20:15;81;kWh;-14454;0;0;0;14454;-14454
2018-10-27T20:15;2018-10-27T20:30;82;kWh;-31337;0;0;0;31337;-31337
2018-10-27T20:30;2018-10-27T20:45;83;kWh;-54669;0;0;0;54669;-54669
2018-10-27T20:45;2018-10-27T21:00;84;kWh;-60493;0;0;0;60493;-60493
2018-10-27T21:00;2018-10-27T21:15;85;kWh;-32697;2223;0;0;34920;-30474
2018-10-27T21:15;2018-10-27T21:30;86;kWh;-39775;54;0;0;39829;-39721
2018-10-27T21:30;2018-10-27T21:45;87;kWh;-46851;0;0;0;46851;-46851
2018-10-27T21:45;2018-10-27T22:00;88;kWh;-61608;0;0;0;61608;-61608
2018-10-27T22:00;2018-10-27T22:15;89;kWh;-51945;0;0;0;51945;-51945
2018-10-27T22:15;2018-10-27T22:30;90;kWh;-11531;226;0;0;11757;-11305
2018-10-27T22:30;2018-10-27T22:45;91;kWh;-36792;0;0;0;36792;-36792
2018-10-27T22:45;2018-10-27T23:00;92;kWh;-34867;0;0;0;34867;-34867
2018-10-27T23:00;2018-10-27T23:15;93;kWh;-39319;0;0;0;39319;-39319
2018-10-27T23:15;2018-10-27T23:30;94;kWh;-4510;2097;0;0;6607;-2413
2018-10-27T23:30;2018-10-27T23:45;95;kWh;-30552;0;0;0;30552;-30552
2018-10-27T23:45;2018-10-28T00:00;96;kWh;-29806;0;0;0;29806;-29806
2018-10-28T00:00;2018-10-28T00:15;1;kWh;-9000;459;0;0;9459;-8541
2018-10-28T00:15;2018-10-28T00:30;2;kWh;-50;836;0;0;886;786
2018-10-28T00:30;2018-10-28T00:45;3;kWh;-953;0;0;0;953;-953
2018-10-28T00:45;2018-10-28T01:00;4;kWh;-15661;0;0;0;15661;-15661
2018-10-28T01:00;2018-10-28T01:15;5;kWh;-22929;0;0;0;22929;-22929
2018-10-28T01:15;2018-10-28T01:30;6;kWh;-14364;0;0;0;14364;-14364
2018-10-28T01:30;2018-10-28T01:45;7;kWh;-1456;380;0;0;1836;-1076
2018-10-28T01:45;2018-10-28T02:00;8;kWh;-37786;0;0;0;37786;-37786
2018-10-28T02:00;2018-10-28T02:15;9;kWh;-35935;0;0;0;35935;-35935
2018-10-28T02:00;2018-10-28T02:15;13;kWh;-19937;0;0;0;19937;-19937
2018-10-28T02:15;2018-10-28T02:30;10;kWh;-3075;3813;0;0;6888;738
2018-10-28T02:15;2018-10-28T02:30;14;kWh;-18515;0;0;0;18515;-18515
2018-10-28T02:30;2018-10-28T02:45;11;kWh;-10401;9;0;0;10410;-10392
2018-10-28T02:30;2018-10-28T02:45;15;kWh;-26852;0;0;0;26852;-26852
2018-10-28T02:45;2018-10-28T03:00;12;kWh;-21758;0;0;0;21758;-21758
2018-10-28T02:45;2018-10-28T03:00;16;kWh;-43929;0;0;0;43929;-43929
2018-10-28T03:00;2018-10-28T03:15;17;kWh;-24864;0;0;0;24864;-24864
2018-10-28T03:15;2018-10-28T03:30;18;kWh;-1533;0;0;0;1533;-1533
2018-10-28T03:30;2018-10-28T03:45;19;kWh;0;6505;0;0;6505;6505
2018-10-28T03:45;2018-10-28T04:00;20;kWh;-4318;5611;0;0;9929;1293
2018-10-28T04:00;2018-10-28T04:15;21;kWh;-23819;0;0;0;23819;-23819
2018-10-28T04:15;2018-10-28T04:30;22;kWh;-16956;0;0;0;16956;-16956
2018-10-28T04:30;2018-10-28T04:45;23;kWh;-830;542;0;0;1372;-288
2018-10-28T04:45;2018-10-28T05:00;24;kWh;-16512;0;0;0;16512;-16512
2018-10-28T05:00;2018-10-28T05:15;25;kWh;-69640;0;0;0;69640;-69640
2018-10-28T05:15;2018-10-28T05:30;26;kWh;-69819;0;0;0;69819;-69819
2018-10-28T05:30;2018-10-28T05:45;27;kWh;-30083;0;0;0;30083;-30083
2018-10-28T05:45;2018-10-28T06:00;28;kWh;-15736;0;0;0;15736;-15736
2018-10-28T06:00;2018-10-28T06:15;29;kWh;-3647;0;0;0;3647;-3647
2018-10-28T06:15;2018-10-28T06:30;30;kWh;-16574;0;0;0;16574;-16574
2018-10-28T06:30;2018-10-28T06:45;31;kWh;-2640;2386;0;0;5026;-254
2018-10-28T06:45;2018-10-28T07:00;32;kWh;0;2422;0;0;2422;2422
2018-10-28T07:00;2018-10-28T07:15;33;kWh;-8200;88;0;0;8288;-8112
2018-10-28T07:15;2018-10-28T07:30;34;kWh;-12169;0;0;0;12169;-12169
2018-10-28T07:30;2018-10-28T07:45;35;kWh;-6690;1572;0;0;8262;-5118
2018-10-28T07:45;2018-10-28T08:00;36;kWh;0;29440;0;0;29440;29440
2018-10-28T08:00;2018-10-28T08:15;37;kWh;0;10080;0;0;10080;10080
2018-10-28T08:15;2018-10-28T08:30;38;kWh;0;36492;0;0;36492;36492
2018-10-28T08:30;2018-10-28T08:45;39;kWh;0;48898;0;0;48898;48898
2018-10-28T08:45;2018-10-28T09:00;40;kWh;0;50195;0;0;50195;50195
2018-10-28T09:00;2018-10-28T09:15;41;kWh;-2419;13942;0;0;16361;11523
2018-10-28T09:15;2018-10-28T09:30;42;kWh;-1394;0;0;0;1394;-1394
2018-10-28T09:30;2018-10-28T09:45;43;kWh;-15444;0;0;0;15444;-15444
2018-10-28T09:45;2018-10-28T10:00;44;kWh;-24625;0;0;0;24625;-24625
2018-10-28T10:00;2018-10-28T10:15;45;kWh;-40273;0;0;0;40273;-40273
2018-10-28T10:15;2018-10-28T10:30;46;kWh;-64723;0;0;0;64723;-64723
2018-10-28T10:30;2018-10-28T10:45;47;kWh;-86770;0;0;0;86770;-86770
2018-10-28T10:45;2018-10-28T11:00;48;kWh;-100150;0;0;0;100150;-100150
2018-10-28T11:00;2018-10-28T11:15;49;kWh;-101093;0;0;0;101093;-101093
2018-10-28T11:15;2018-10-28T11:30;50;kWh;-106044;0;0;0;106044;-106044
2018-10-28T11:30;2018-10-28T11:45;51;kWh;-105223;0;0;0;105223;-105223
2018-10-28T11:45;2018-10-28T12:00;52;kWh;-92470;0;0;0;92470;-92470
2018-10-28T12:00;2018-10-28T12:15;53;kWh;-82822;0;0;0;82822;-82822
2018-10-28T12:15;2018-10-28T12:30;54;kWh;-80893;0;0;0;80893;-80893
2018-10-28T12:30;2018-10-28T12:45;55;kWh;-95672;0;0;0;95672;-95672
2018-10-28T12:45;2018-10-28T13:00;56;kWh;-96871;0;0;0;96871;-96871
2018-10-28T13:00;2018-10-28T13:15;57;kWh;-92043;0;0;0;92043;-92043
2018-10-28T13:15;2018-10-28T13:30;58;kWh;-85796;0;0;0;85796;-85796
2018-10-28T13:30;2018-10-28T13:45;59;kWh;-77435;0;0;0;77435;-77435
2018-10-28T13:45;2018-10-28T14:00;60;kWh;-82511;0;0;0;82511;-82511
2018-10-28T14:00;2018-10-28T14:15;61;kWh;-31978;0;0;0;31978;-31978
2018-10-28T14:15;2018-10-28T14:30;62;kWh;-4765;0;0;0;4765;-4765
2018-10-28T14:30;2018-10-28T14:45;63;kWh;-40754;0;0;0;40754;-40754
2018-10-28T14:45;2018-10-28T15:00;64;kWh;-37743;0;0;0;37743;-37743
2018-10-28T15:00;2018-10-28T15:15;65;kWh;-58637;0;0;0;58637;-58637
2018-10-28T15:15;2018-10-28T15:30;66;kWh;-49070;0;0;0;49070;-49070
2018-10-28T15:30;2018-10-28T15:45;67;kWh;-4961;419;0;0;5380;-4542
2018-10-28T15:45;2018-10-28T16:00;68;kWh;0;10406;0;0;10406;10406
2018-10-28T16:00;2018-10-28T16:15;69;kWh;0;5191;0;0;5191;5191
2018-10-28T16:15;2018-10-28T16:30;70;kWh;0;3103;0;0;3103;3103
2018-10-28T16:30;2018-10-28T16:45;71;kWh;0;46042;0;0;46042;46042
2018-10-28T16:45;2018-10-28T17:00;72;kWh;0;69431;0;0;69431;69431
2018-10-28T17:00;2018-10-28T17:15;73;kWh;-5868;34994;0;0;40862;29126
2018-10-28T17:15;2018-10-28T17:30;74;kWh;-35;0;0;0;35;-35
2018-10-28T17:30;2018-10-28T17:45;75;kWh;0;22386;0;0;22386;22386
2018-10-28T17:45;2018-10-28T18:00;76;kWh;0;54101;0;0;54101;54101
2018-10-28T18:00;2018-10-28T18:15;77;kWh;0;40305;0;0;40305;40305
2018-10-28T18:15;2018-10-28T18:30;78;kWh;0;41327;0;0;41327;41327
2018-10-28T18:30;2018-10-28T18:45;79;kWh;0;14558;0;0;14558;14558
2018-10-28T18:45;2018-10-28T19:00;80;kWh;-12945;404;0;0;13349;-12541
2018-10-28T19:00;2018-10-28T19:15;81;kWh;-30596;0;0;0;30596;-30596
2018-10-28T19:15;2018-10-28T19:30;82;kWh;-35737;0;0;0;35737;-35737
2018-10-28T19:30;2018-10-28T19:45;83;kWh;-52958;0;0;0;52958;-52958
2018-10-28T19:45;2018-10-28T20:00;84;kWh;-43845;0;0;0;43845;-43845
2018-10-28T20:00;2018-10-28T20:15;85;kWh;-26991;0;0;0;26991;-26991
2018-10-28T20:15;2018-10-28T20:30;86;kWh;-59715;0;0;0;59715;-59715
2018-10-28T20:30;2018-10-28T20:45;87;kWh;-87588;0;0;0;87588;-87588
2018-10-28T20:45;2018-10-28T21:00;88;kWh;-78407;0;0;0;78407;-78407
2018-10-28T21:00;2018-10-28T21:15;89;kWh;-59890;0;0;0;59890;-59890
2018-10-28T21:15;2018-10-28T21:30;90;kWh;-70298;0;0;0;70298;-70298
2018-10-28T21:30;2018-10-28T21:45;91;kWh;-76657;0;0;0;76657;-76657
2018-10-28T21:45;2018-10-28T22:00;92;kWh;-71072;0;0;0;71072;-71072
2018-10-28T22:00;2018-10-28T22:15;93;kWh;-11186;709;0;0;11895;-10477
2018-10-28T22:15;2018-10-28T22:30;94;kWh;-15391;0;0;0;15391;-15391
2018-10-28T22:30;2018-10-28T22:45;95;kWh;-54364;0;0;0;54364;-54364
2018-10-28T22:45;2018-10-28T23:00;96;kWh;-71465;0;0;0;71465;-71465
2018-10-28T23:00;2018-10-28T23:15;97;kWh;-39878;0;0;0;39878;-39878
2018-10-28T23:15;2018-10-28T23:30;98;kWh;-36996;0;0;0;36996;-36996
2018-10-28T23:30;2018-10-28T23:45;99;kWh;-74523;0;0;0;74523;-74523
2018-10-28T23:45;2018-10-29T00:00;100;kWh;-84606;0;0;0;84606;-84606
2018-10-29T00:00;2018-10-29T00:15;1;kWh;-90173;0;0;0;90173;-90173
2018-10-29T00:15;2018-10-29T00:30;2;kWh;-63529;0;0;0;63529;-63529
2018-10-29T00:30;2018-10-29T00:45;3;kWh;-39186;0;0;0;39186;-39186
2018-10-29T00:45;2018-10-29T01:00;4;kWh;-18887;0;0;0;18887;-18887
2018-10-29T01:00;2018-10-29T01:15;5;kWh;-5762;10897;0;0;16659;5135
2018-10-29T01:15;2018-10-29T01:30;6;kWh;0;16170;0;0;16170;16170
2018-10-29T01:30;2018-10-29T01:45;7;kWh;0;4580;0;0;4580;4580
2018-10-29T01:45;2018-10-29T02:00;8;kWh;0;12705;0;0;12705;12705
2018-10-29T02:00;2018-10-29T02:15;9;kWh;-624;3254;0;0;3878;2630
2018-10-29T02:15;2018-10-29T02:30;10;kWh;-12266;0;0;0;12266;-12266
2018-10-29T02:30;2018-10-29T02:45;11;kWh;-27743;0;0;0;27743;-27743
2018-10-29T02:45;2018-10-29T03:00;12;kWh;-34707;0;0;0;34707;-34707
2018-10-29T03:00;2018-10-29T03:15;13;kWh;-21990;0;0;0;21990;-21990
2018-10-29T03:15;2018-10-29T03:30;14;kWh;-7310;0;0;0;7310;-7310
2018-10-29T03:30;2018-10-29T03:45;15;kWh;-726;0;0;0;726;-726
2018-10-29T03:45;2018-10-29T04:00;16;kWh;0;608;0;0;608;608
2018-10-29T04:00;2018-10-29T04:15;17;kWh;-11608;0;0;0;11608;-11608
2018-10-29T04:15;2018-10-29T04:30;18;kWh;-2338;3715;0;0;6053;1377
2018-10-29T04:30;2018-10-29T04:45;19;kWh;0;19600;0;0;19600;19600
2018-10-29T04:45;2018-10-29T05:00;20;kWh;-16253;5210;0;0;21463;-11043
2018-10-29T05:00;2018-10-29T05:15;21;kWh;-29993;0;0;0;29993;-29993
2018-10-29T05:15;2018-10-29T05:30;22;kWh;-4734;3516;0;0;8250;-1218
2018-10-29T05:30;2018-10-29T05:45;23;kWh;0;30902;0;0;30902;30902
2018-10-29T05:45;2018-10-29T06:00;24;kWh;0;21788;0;0;21788;21788
2018-10-29T06:00;2018-10-29T06:15;25;kWh;-10449;8071;0;0;18520;-2378
2018-10-29T06:15;2018-10-29T06:30;26;kWh;-16155;0;0;0;16155;-16155
2018-10-29T06:30;2018-10-29T06:45;27;kWh;-11;1158;0;0;1169;1147
2018-10-29T06:45;2018-10-29T07:00;28;kWh;0;17787;0;0;17787;17787
2018-10-29T07:00;2018-10-29T07:15;29;kWh;0;12788;0;0;12788;12788
2018-10-29T07:15;2018-10-29T07:30;30;kWh;-13596;386;0;0;13982;-13210
2018-10-29T07:30;2018-10-29T07:45;31;kWh;-14982;1314;0;0;16296;-13668
2018-10-29T07:45;2018-10-29T08:00;32;kWh;-137;56340;0;0;56477;56203
2018-10-29T08:00;2018-10-29T08:15;33;kWh;-777;42288;0;0;43065;41511
2018-10-29T08:15;2018-10-29T08:30;34;kWh;-6651;5414;0;0;12065;-1237
2018-10-29T08:30;2018-10-29T08:45;35;kWh;0;35484;0;0;35484;35484
2018-10-29T08:45;2018-10-29T09:00;36;kWh;0;89487;0;0;89487;89487
2018-10-29T09:00;2018-10-29T09:15;37;kWh;0;88040;0;0;88040;88040
2018-10-29T09:15;2018-10-29T09:30;38;kWh;0;76653;0;0;76653;76653
2018-10-29T09:30;2018-10-29T09:45;39;kWh;0;112410;0;0;112410;112410
2018-10-29T09:45;2018-10-29T10:00;40;kWh;0;120254;0;0;120254;120254
2018-10-29T10:00;2018-10-29T10:15;41;kWh;0;128664;0;0;128664;128664
2018-10-29T10:15;2018-10-29T10:30;42;kWh;0;121021;0;0;126021;126021
2018-10-29T10:30;2018-10-29T10:45;43;kWh;0;37315;0;0;42315;42315
2018-10-29T10:45;2018-10-29T11:00;44;kWh;0;61794;0;0;61794;61794
2018-10-29T11:00;2018-10-29T11:15;45;kWh;0;67888;0;0;67888;67888
2018-10-29T11:15;2018-10-29T11:30;46;kWh;0;119061;0;0;119061;119061
2018-10-29T11:30;2018-10-29T11:45;47;kWh;0;114372;0;0;119372;119372
2018-10-29T11:45;2018-10-29T12:00;48;kWh;0;77106;0;0;77106;77106
2018-10-29T12:00;2018-10-29T12:15;49;kWh;0;112613;0;0;112613;112613
2018-10-29T12:15;2018-10-29T12:30;50;kWh;0;83910;0;0;88910;88910
2018-10-29T12:30;2018-10-29T12:45;51;kWh;0;53116;0;0;53116;53116
2018-10-29T12:45;2018-10-29T13:00;52;kWh;0;84836;0;0;84836;84836
2018-10-29T13:00;2018-10-29T13:15;53;kWh;0;84348;0;0;84348;84348
2018-10-29T13:15;2018-10-29T13:30;54;kWh;0;113653;0;0;113653;113653
2018-10-29T13:30;2018-10-29T13:45;55;kWh;0;115882;0;0;115882;115882
2018-10-29T13:45;2018-10-29T14:00;56;kWh;0;107794;0;0;107794;107794
2018-10-29T14:00;2018-10-29T14:15;57;kWh;0;98825;0;0;98825;98825
2018-10-29T14:15;2018-10-29T14:30;58;kWh;0;83942;0;0;83942;83942
2018-10-29T14:30;2018-10-29T14:45;59;kWh;0;65082;0;0;65082;65082
2018-10-29T14:45;2018-10-29T15:00;60;kWh;0;53218;0;0;53218;53218
2018-10-29T15:00;2018-10-29T15:15;61;kWh;0;74188;0;0;74188;74188
2018-10-29T15:15;2018-10-29T15:30;62;kWh;0;58166;0;0;58166;58166
2018-10-29T15:30;2018-10-29T15:45;63;kWh;0;55925;0;0;55925;55925
2018-10-29T15:45;2018-10-29T16:00;64;kWh;0;64252;0;0;64252;64252
2018-10-29T16:00;2018-10-29T16:15;65;kWh;0;42570;0;0;42570;42570
2018-10-29T16:15;2018-10-29T16:30;66;kWh;0;38088;0;0;38088;38088
2018-10-29T16:30;2018-10-29T16:45;67;kWh;0;30032;0;0;30032;30032
2018-10-29T16:45;2018-10-29T17:00;68;kWh;0;16215;0;0;16215;16215
2018-10-29T17:00;2018-10-29T17:15;69;kWh;0;24695;0;0;24695;24695
2018-10-29T17:15;2018-10-29T17:30;70;kWh;0;48942;0;0;48942;48942
2018-10-29T17:30;2018-10-29T17:45;71;kWh;0;46571;0;0;46571;46571
2018-10-29T17:45;2018-10-29T18:00;72;kWh;0;27174;0;0;27174;27174
2018-10-29T18:00;2018-10-29T18:15;73;kWh;-12699;3588;0;0;16287;-9111
2018-10-29T18:15;2018-10-29T18:30;74;kWh;-36245;0;0;0;36245;-36245
2018-10-29T18:30;2018-10-29T18:45;75;kWh;-32133;0;0;0;32133;-32133
2018-10-29T18:45;2018-10-29T19:00;76;kWh;-51857;0;0;0;51857;-51857
2018-10-29T19:00;2018-10-29T19:15;77;kWh;-51339;0;0;0;51339;-51339
2018-10-29T19:15;2018-10-29T19:30;78;kWh;-21569;0;0;0;21569;-21569
2018-10-29T19:30;2018-10-29T19:45;79;kWh;-60492;0;0;0;60492;-60492
2018-10-29T19:45;2018-10-29T20:00;80;kWh;-31125;0;0;0;31125;-31125
2018-10-29T20:00;2018-10-29T20:15;81;kWh;-2483;0;0;0;2483;-2483
2018-10-29T20:15;2018-10-29T20:30;82;kWh;-7979;0;0;0;7979;-7979
2018-10-29T20:30;2018-10-29T20:45;83;kWh;-14783;0;0;0;14783;-14783
2018-10-29T20:45;2018-10-29T21:00;84;kWh;-13560;0;0;0;13560;-13560
2018-10-29T21:00;2018-10-29T21:15;85;kWh;-293;17679;0;0;17972;17386
2018-10-29T21:15;2018-10-29T21:30;86;kWh;-55;55412;0;0;55467;55357
2018-10-29T21:30;2018-10-29T21:45;87;kWh;-29388;1000;0;0;30388;-28388
2018-10-29T21:45;2018-10-29T22:00;88;kWh;-18188;0;0;0;18188;-18188
2018-10-29T22:00;2018-10-29T22:15;89;kWh;-21062;1598;0;0;22660;-19464
2018-10-29T22:15;2018-10-29T22:30;90;kWh;-645;10792;0;0;11437;10147
2018-10-29T22:30;2018-10-29T22:45;91;kWh;-31088;29;0;0;31117;-31059
2018-10-29T22:45;2018-10-29T23:00;92;kWh;-29198;0;0;0;29198;-29198
2018-10-29T23:00;2018-10-29T23:15;93;kWh;-13552;0;0;0;13552;-13552
2018-10-29T23:15;2018-10-29T23:30;94;kWh;-38596;0;0;0;38596;-38596
2018-10-29T23:30;2018-10-29T23:45;95;kWh;-66923;0;0;0;66923;-66923
2018-10-29T23:45;2018-10-30T00:00;96;kWh;-96640;0;0;0;96640;-96640
2018-10-30T00:00;2018-10-30T00:15;1;kWh;-66240;0;0;0;66240;-66240
2018-10-30T00:15;2018-10-30T00:30;2;kWh;-55957;0;0;0;55957;-55957
2018-10-30T00:30;2018-10-30T00:45;3;kWh;-55688;0;0;0;55688;-55688
2018-10-30T00:45;2018-10-30T01:00;4;kWh;-76007;0;0;0;76007;-76007
2018-10-30T01:00;2018-10-30T01:15;5;kWh;-58927;0;0;0;58927;-58927
2018-10-30T01:15;2018-10-30T01:30;6;kWh;-3700;1506;0;0;5206;-2194
2018-10-30T01:30;2018-10-30T01:45;7;kWh;0;2048;0;0;2048;2048
2018-10-30T01:45;2018-10-30T02:00;8;kWh;-1585;2649;0;0;4234;1064
2018-10-30T02:00;2018-10-30T02:15;9;kWh;-1725;14819;0;0;16544;13094
2018-10-30T02:15;2018-10-30T02:30;10;kWh;0;28654;0;0;28654;28654
2018-10-30T02:30;2018-10-30T02:45;11;kWh;0;21352;0;0;21352;21352
2018-10-30T02:45;2018-10-30T03:00;12;kWh;-1020;3680;0;0;4700;2660
2018-10-30T03:00;2018-10-30T03:15;13;kWh;-14887;0;0;0;14887;-14887
2018-10-30T03:15;2018-10-30T03:30;14;kWh;-17543;0;0;0;17543;-17543
2018-10-30T03:30;2018-10-30T03:45;15;kWh;-511;5950;0;0;6461;5439
2018-10-30T03:45;2018-10-30T04:00;16;kWh;0;1518;0;0;1518;1518
2018-10-30T04:00;2018-10-30T04:15;17;kWh;0;7150;0;0;7150;7150
2018-10-30T04:15;2018-10-30T04:30;18;kWh;0;30682;0;0;30682;30682
2018-10-30T04:30;2018-10-30T04:45;19;kWh;0;68441;0;0;68441;68441
2018-10-30T04:45;2018-10-30T05:00;20;kWh;0;79110;0;0;79110;79110
2018-10-30T05:00;2018-10-30T05:15;21;kWh;0;58934;0;0;58934;58934
2018-10-30T05:15;2018-10-30T05:30;22;kWh;0;56702;0;0;56702;56702
2018-10-30T05:30;2018-10-30T05:45;23;kWh;0;81899;0;0;81899;81899
2018-10-30T05:45;2018-10-30T06:00;24;kWh;0;104677;0;0;104677;104677
2018-10-30T06:00;2018-10-30T06:15;25;kWh;0;22897;0;0;22897;22897
2018-10-30T06:15;2018-10-30T06:30;26;kWh;0;42738;0;0;42738;42738
2018-10-30T06:30;2018-10-30T06:45;27;kWh;0;86185;0;0;86185;86185
2018-10-30T06:45;2018-10-30T07:00;28;kWh;0;130629;0;0;130629;130629
2018-10-30T07:00;2018-10-30T07:15;29;kWh;-1208;55148;0;0;56356;53940
2018-10-30T07:15;2018-10-30T07:30;30;kWh;-359;37903;0;0;38262;37544
2018-10-30T07:30;2018-10-30T07:45;31;kWh;0;140154;0;0;140154;140154
2018-10-30T07:45;2018-10-30T08:00;32;kWh;0;140846;0;0;145846;145846
2018-10-30T08:00;2018-10-30T08:15;33;kWh;-27219;25719;0;0;52938;-1500
2018-10-30T08:15;2018-10-30T08:30;34;kWh;-24908;0;0;0;24908;-24908
2018-10-30T08:30;2018-10-30T08:45;35;kWh;-4636;1015;0;0;5651;-3621
2018-10-30T08:45;2018-10-30T09:00;36;kWh;0;24500;0;0;24500;24500
2018-10-30T09:00;2018-10-30T09:15;37;kWh;-8467;10312;0;0;18779;1845
2018-10-30T09:15;2018-10-30T09:30;38;kWh;-1172;2146;0;0;3318;974
2018-10-30T09:30;2018-10-30T09:45;39;kWh;0;3603;0;0;3603;3603
2018-10-30T09:45;2018-10-30T10:00;40;kWh;0;961;0;0;961;961
2018-10-30T10:00;2018-10-30T10:15;41;kWh;-31142;5;0;0;31147;-31137
2018-10-30T10:15;2018-10-30T10:30;42;kWh;-31533;0;0;0;31533;-31533
2018-10-30T10:30;2018-10-30T10:45;43;kWh;-41572;0;0;0;41572;-41572
2018-10-30T10:45;2018-10-30T11:00;44;kWh;-39690;0;0;0;39690;-39690
2018-10-30T11:00;2018-10-30T11:15;45;kWh;-5443;9474;0;0;14917;4031
2018-10-30T11:15;2018-10-30T11:30;46;kWh;0;27079;0;0;27079;27079
2018-10-30T11:30;2018-10-30T11:45;47;kWh;0;29664;0;0;29664;29664
2018-10-30T11:45;2018-10-30T12:00;48;kWh;0;30558;0;0;30558;30558
2018-10-30T12:00;2018-10-30T12:15;49;kWh;0;52218;0;0;52218;52218
2018-10-30T12:15;2018-10-30T12:30;50;kWh;0;28919;0;0;28919;28919
2018-10-30T12:30;2018-10-30T12:45;51;kWh;-1627;2546;0;0;4173;919
2018-10-30T12:45;2018-10-30T13:00;52;kWh;-5874;0;0;0;5874;-5874
2018-10-30T13:00;2018-10-30T13:15;53;kWh;-1445;15242;0;0;16687;13797
2018-10-30T13:15;2018-10-30T13:30;54;kWh;0;21077;0;0;21077;21077
2018-10-30T13:30;2018-10-30T13:45;55;kWh;0;34330;0;0;34330;34330
2018-10-30T13:45;2018-10-30T14:00;56;kWh;0;37252;0;0;37252;37252
2018-10-30T14:00;2018-10-30T14:15;57;kWh;0;64361;0;0;64361;64361
2018-10-30T14:15;2018-10-30T14:30;58;kWh;0;64957;0;0;64957;64957
2018-10-30T14:30;2018-10-30T14:45;59;kWh;0;59763;0;0;59763;59763
2018-10-30T14:45;2018-10-30T15:00;60;kWh;0;73393;0;0;73393;73393
2018-10-30T15:00;2018-10-30T15:15;61;kWh;0;110201;0;0;110201;110201
2018-10-30T15:15;2018-10-30T15:30;62;kWh;0;102063;0;0;102063;102063
2018-10-30T15:30;2018-10-30T15:45;63;kWh;0;104010;0;0;104010;104010
2018-10-30T15:45;2018-10-30T16:00;64;kWh;0;115965;0;0;115965;115965
2018-10-30T16:00;2018-10-30T16:15;65;kWh;0;113143;0;0;113143;113143
2018-10-30T16:15;2018-10-30T16:30;66;kWh;0;129309;0;0;129309;129309
2018-10-30T16:30;2018-10-30T16:45;67;kWh;0;98034;0;0;103034;103034
2018-10-30T16:45;2018-10-30T17:00;68;kWh;0;67254;0;0;67254;67254
2018-10-30T17:00;2018-10-30T17:15;69;kWh;-4900;40177;0;0;45077;35277
2018-10-30T17:15;2018-10-30T17:30;70;kWh;-2986;15092;0;0;18078;12106
2018-10-30T17:30;2018-10-30T17:45;71;kWh;0;88019;0;0;88019;88019
2018-10-30T17:45;2018-10-30T18:00;72;kWh;0;84422;0;0;84422;84422
2018-10-30T18:00;2018-10-30T18:15;73;kWh;0;40311;0;0;40311;40311
2018-10-30T18:15;2018-10-30T18:30;74;kWh;-675;14457;0;0;15132;13782
2018-10-30T18:30;2018-10-30T18:45;75;kWh;-599;744;0;0;1343;145
2018-10-30T18:45;2018-10-30T19:00;76;kWh;0;5701;0;0;5701;5701
2018-10-30T19:00;2018-10-30T19:15;77;kWh;0;38141;0;0;38141;38141
2018-10-30T19:15;2018-10-30T19:30;78;kWh;-1106;20530;0;0;21636;19424
2018-10-30T19:30;2018-10-30T19:45;79;kWh;-7955;0;0;0;7955;-7955
2018-10-30T19:45;2018-10-30T20:00;80;kWh;-19223;0;0;0;19223;-19223
2018-10-30T20:00;2018-10-30T20:15;81;kWh;-9394;13909;0;0;23303;4515
2018-10-30T20:15;2018-10-30T20:30;82;kWh;-1550;39910;0;0;41460;38360
2018-10-30T20:30;2018-10-30T20:45;83;kWh;-46392;0;0;0;46392;-46392
2018-10-30T20:45;2018-10-30T21:00;84;kWh;-46101;0;0;0;46101;-46101
2018-10-30T21:00;2018-10-30T21:15;85;kWh;-54577;0;0;0;54577;-54577
2018-10-30T21:15;2018-10-30T21:30;86;kWh;-9140;0;0;0;9140;-9140
2018-10-30T21:30;2018-10-30T21:45;87;kWh;-25560;0;0;0;25560;-25560
2018-10-30T21:45;2018-10-30T22:00;88;kWh;-24317;0;0;0;24317;-24317
2018-10-30T22:00;2018-10-30T22:15;89;kWh;-25347;4;0;0;25351;-25343
2018-10-30T22:15;2018-10-30T22:30;90;kWh;-2253;21298;0;0;23551;19045
2018-10-30T22:30;2018-10-30T22:45;91;kWh;-11232;568;0;0;11800;-10664
2018-10-30T22:45;2018-10-30T23:00;92;kWh;-49435;0;0;0;49435;-49435
2018-10-30T23:00;2018-10-30T23:15;93;kWh;-22654;6477;0;0;29131;-16177
2018-10-30T23:15;2018-10-30T23:30;94;kWh;0;4072;0;0;4072;4072
2018-10-30T23:30;2018-10-30T23:45;95;kWh;-4007;35;0;0;4042;-3972
2018-10-30T23:45;2018-10-31T00:00;96;kWh;-34203;0;0;0;34203;-34203
2018-10-31T00:00;2018-10-31T00:15;1;kWh;-2765;42032;0;0;44797;39267
2018-10-31T00:15;2018-10-31T00:30;2;kWh;0;30399;0;0;30399;30399
2018-10-31T00:30;2018-10-31T00:45;3;kWh;-2296;1040;0;0;3336;-1256
2018-10-31T00:45;2018-10-31T01:00;4;kWh;-1538;0;0;0;1538;-1538
2018-10-31T01:00;2018-10-31T01:15;5;kWh;0;6683;0;0;6683;6683
2018-10-31T01:15;2018-10-31T01:30;6;kWh;0;24683;0;0;24683;24683
2018-10-31T01:30;2018-10-31T01:45;7;kWh;0;8942;0;0;8942;8942
2018-10-31T01:45;2018-10-31T02:00;8;kWh;-21;2412;0;0;2433;2391
2018-10-31T02:00;2018-10-31T02:15;9;kWh;-14981;178;0;0;15159;-14803
2018-10-31T02:15;2018-10-31T02:30;10;kWh;-21935;0;0;0;21935;-21935
2018-10-31T02:30;2018-10-31T02:45;11;kWh;-14137;0;0;0;14137;-14137
2018-10-31T02:45;2018-10-31T03:00;12;kWh;-6390;0;0;0;6390;-6390
2018-10-31T03:00;2018-10-31T03:15;13;kWh;-24760;0;0;0;24760;-24760
2018-10-31T03:15;2018-10-31T03:30;14;kWh;-28302;0;0;0;28302;-28302
2018-10-31T03:30;2018-10-31T03:45;15;kWh;-8819;189;0;0;9008;-8630
2018-10-31T03:45;2018-10-31T04:00;16;kWh;-2841;2297;0;0;5138;-544
2018-10-31T04:00;2018-10-31T04:15;17;kWh;-33321;0;0;0;33321;-33321
2018-10-31T04:15;2018-10-31T04:30;18;kWh;-21992;0;0;0;21992;-21992
2018-10-31T04:30;2018-10-31T04:45;19;kWh;-17301;0;0;0;17301;-17301
2018-10-31T04:45;2018-10-31T05:00;20;kWh;-3587;0;0;0;3587;-3587
2018-10-31T05:00;2018-10-31T05:15;21;kWh;-23358;0;0;0;23358;-23358
2018-10-31T05:15;2018-10-31T05:30;22;kWh;-18375;346;0;0;18721;-18029
2018-10-31T05:30;2018-10-31T05:45;23;kWh;-2586;32844;0;0;35430;30258
2018-10-31T05:45;2018-10-31T06:00;24;kWh;0;60754;0;0;60754;60754
2018-10-31T06:00;2018-10-31T06:15;25;kWh;-5600;17099;0;0;22699;11499
2018-10-31T06:15;2018-10-31T06:30;26;kWh;-6573;4884;0;0;11457;-1689
2018-10-31T06:30;2018-10-31T06:45;27;kWh;0;63328;0;0;63328;63328
2018-10-31T06:45;2018-10-31T07:00;28;kWh;-555;21826;0;0;22381;21271
2018-10-31T07:00;2018-10-31T07:15;29;kWh;-12835;0;0;0;12835;-12835
2018-10-31T07:15;2018-10-31T07:30;30;kWh;-7952;18691;0;0;26643;10739
2018-10-31T07:30;2018-10-31T07:45;31;kWh;0;75867;0;0;75867;75867
2018-10-31T07:45;2018-10-31T08:00;32;kWh;0;107665;0;0;107665;107665
2018-10-31T08:00;2018-10-31T08:15;33;kWh;0;58007;0;0;58007;58007
2018-10-31T08:15;2018-10-31T08:30;34;kWh;0;20815;0;0;20815;20815
2018-10-31T08:30;2018-10-31T08:45;35;kWh;0;48694;0;0;48694;48694
2018-10-31T08:45;2018-10-31T09:00;36;kWh;0;93608;0;0;93608;93608
2018-10-31T09:00;2018-10-31T09:15;37;kWh;0;89259;0;0;89259;89259
2018-10-31T09:15;2018-10-31T09:30;38;kWh;0;47813;0;0;47813;47813
2018-10-31T09:30;2018-10-31T09:45;39;kWh;-274;21018;0;0;21292;20744
2018-10-31T09:45;2018-10-31T10:00;40;kWh;-3565;586;0;0;4151;-2979
2018-10-31T10:00;2018-10-31T10:15;41;kWh;-125;6032;0;0;6157;5907
2018-10-31T10:15;2018-10-31T10:30;42;kWh;-2074;4652;0;0;6726;2578
2018-10-31T10:30;2018-10-31T10:45;43;kWh;-697;4591;0;0;5288;3894
2018-10-31T10:45;2018-10-31T11:00;44;kWh;-17030;0;0;0;17030;-17030
2018-10-31T11:00;2018-10-31T11:15;45;kWh;-17934;0;0;0;17934;-17934
2018-10-31T11:15;2018-10-31T11:30;46;kWh;-11663;0;0;0;11663;-11663
2018-10-31T11:30;2018-10-31T11:45;47;kWh;-13208;0;0;0;13208;-13208
2018-10-31T11:45;2018-10-31T12:00;48;kWh;-30409;0;0;0;30409;-30409
2018-10-31T12:00;2018-10-31T12:15;49;kWh;-31978;0;0;0;31978;-31978
2018-10-31T12:15;2018-10-31T12:30;50;kWh;-38630;0;0;0;38630;-38630
2018-10-31T12:30;2018-10-31T12:45;51;kWh;-43352;0;0;0;43352;-43352
2018-10-31T12:45;2018-10-31T13:00;52;kWh;-34726;0;0;0;34726;-34726
2018-10-31T13:00;2018-10-31T13:15;53;kWh;-31594;0;0;0;31594;-31594
2018-10-31T13:15;2018-10-31T13:30;54;kWh;-24170;0;0;0;24170;-24170
2018-10-31T13:30;2018-10-31T13:45;55;kWh;-9248;0;0;0;9248;-9248
2018-10-31T13:45;2018-10-31T14:00;56;kWh;-10051;0;0;0;10051;-10051
2018-10-31T14:00;2018-10-31T14:15;57;kWh;-2233;0;0;0;2233;-2233
2018-10-31T14:15;2018-10-31T14:30;58;kWh;-393;1648;0;0;2041;1255
2018-10-31T14:30;2018-10-31T14:45;59;kWh;0;1605;0;0;1605;1605
2018-10-31T14:45;2018-10-31T15:00;60;kWh;0;523;0;0;523;523
2018-10-31T15:00;2018-10-31T15:15;61;kWh;-13;1197;0;0;1210;1184
2018-10-31T15:15;2018-10-31T15:30;62;kWh;-303;2841;0;0;3144;2538
2018-10-31T15:30;2018-10-31T15:45;63;kWh;0;5075;0;0;5075;5075
2018-10-31T15:45;2018-10-31T16:00;64;kWh;0;16026;0;0;16026;16026
2018-10-31T16:00;2018-10-31T16:15;65;kWh;0;9527;0;0;9527;9527
2018-10-31T16:15;2018-10-31T16:30;66;kWh;0;80;0;0;80;80
2018-10-31T16:30;2018-10-31T16:45;67;kWh;0;526;0;0;526;526
2018-10-31T16:45;2018-10-31T17:00;68;kWh;0;22447;0;0;22447;22447
2018-10-31T17:00;2018-10-31T17:15;69;kWh;-2763;6142;0;0;8905;3379
2018-10-31T17:15;2018-10-31T17:30;70;kWh;-830;13715;0;0;14545;12885
2018-10-31T17:30;2018-10-31T17:45;71;kWh;0;60321;0;0;60321;60321
2018-10-31T17:45;2018-10-31T18:00;72;kWh;0;49723;0;0;49723;49723
2018-10-31T18:00;2018-10-31T18:15;73;kWh;-185;16180;0;0;16365;15995
2018-10-31T18:15;2018-10-31T18:30;74;kWh;-20113;219;0;0;20332;-19894
2018-10-31T18:30;2018-10-31T18:45;75;kWh;-24200;0;0;0;24200;-24200
2018-10-31T18:45;2018-10-31T19:00;76;kWh;-16664;0;0;0;16664;-16664
2018-10-31T19:00;2018-10-31T19:15;77;kWh;-8742;680;0;0;9422;-8062
2018-10-31T19:15;2018-10-31T19:30;78;kWh;-3820;186;0;0;4006;-3634
2018-10-31T19:30;2018-10-31T19:45;79;kWh;-30193;0;0;0;30193;-30193
2018-10-31T19:45;2018-10-31T20:00;80;kWh;-29272;0;0;0;29272;-29272
2018-10-31T20:00;2018-10-31T20:15;81;kWh;-6452;1094;0;0;7546;-5358
2018-10-31T20:15;2018-10-31T20:30;82;kWh;0;1973;0;0;1973;1973
2018-10-31T20:30;2018-10-31T20:45;83;kWh;-7910;140;0;0;8050;-7770
2018-10-31T20:45;2018-10-31T21:00;84;kWh;-10148;0;0;0;10148;-10148
2018-10-31T21:00;2018-10-31T21:15;85;kWh;-3001;35053;0;0;38054;32052
2018-10-31T21:15;2018-10-31T21:30;86;kWh;0;66626;0;0;66626;66626
2018-10-31T21:30;2018-10-31T21:45;87;kWh;-18;2736;0;0;2754;2718
2018-10-31T21:45;2018-10-31T22:00;88;kWh;-273;15134;0;0;15407;14861
2018-10-31T22:00;2018-10-31T22:15;89;kWh;0;18266;0;0;18266;18266
2018-10-31T22:15;2018-10-31T22:30;90;kWh;0;64881;0;0;64881;64881
2018-10-31T22:30;2018-10-31T22:45;91;kWh;0;44653;0;0;44653;44653
2018-10-31T22:45;2018-10-31T23:00;92;kWh;-6384;10494;0;0;16878;4110
2018-10-31T23:00;2018-10-31T23:15;93;kWh;-3825;23689;0;0;27514;19864
2018-10-31T23:15;2018-10-31T23:30;94;kWh;0;66572;0;0;66572;66572
2018-10-31T23:30;2018-10-31T23:45;95;kWh;0;77275;0;0;77275;77275
2018-10-31T23:45;2018-11-01T00:00;96;kWh;0;102694;0;0;102694;102694
2018-11-01T00:00;2018-11-01T00:15;1;kWh;0;16165;0;0;16165;16165
2018-11-01T00:15;2018-11-01T00:30;2;kWh;0;0;0;0;0;0
2018-11-01T00:30;2018-11-01T00:45;3;kWh;0;0;0;0;0;0
2018-11-01T00:45;2018-11-01T01:00;4;kWh;0;285;0;0;285;285
2018-11-01T01:00;2018-11-01T01:15;5;kWh;-14047;0;0;0;14047;-14047
2018-11-01T01:15;2018-11-01T01:30;6;kWh;-21071;0;0;0;21071;-21071
2018-11-01T01:30;2018-11-01T01:45;7;kWh;-23445;0;0;0;23445;-23445
2018-11-01T01:45;2018-11-01T02:00;8;kWh;-47851;0;0;0;47851;-47851
2018-11-01T02:00;2018-11-01T02:15;9;kWh;-13545;0;0;0;13545;-13545
2018-11-01T02:15;2018-11-01T02:30;10;kWh;0;208;0;0;208;208
2018-11-01T02:30;2018-11-01T02:45;11;kWh;-364;0;0;0;364;-364
2018-11-01T02:45;2018-11-01T03:00;12;kWh;-7455;0;0;0;7455;-7455
2018-11-01T03:00;2018-11-01T03:15;13;kWh;-5199;158;0;0;5357;-5041
2018-11-01T03:15;2018-11-01T03:30;14;kWh;0;1042;0;0;1042;1042
2018-11-01T03:30;2018-11-01T03:45;15;kWh;0;574;0;0;574;574
2018-11-01T03:45;2018-11-01T04:00;16;kWh;-2160;853;0;0;3013;-1307
2018-11-01T04:00;2018-11-01T04:15;17;kWh;-2565;0;0;0;2565;-2565
2018-11-01T04:15;2018-11-01T04:30;18;kWh;-43;0;0;0;43;-43
2018-11-01T04:30;2018-11-01T04:45;19;kWh;-1608;0;0;0;1608;-1608
2018-11-01T04:45;2018-11-01T05:00;20;kWh;-31233;0;0;0;31233;-31233
2018-11-01T05:00;2018-11-01T05:15;21;kWh;-31026;0;0;0;31026;-31026
2018-11-01T05:15;2018-11-01T05:30;22;kWh;-13232;0;0;0;13232;-13232
2018-11-01T05:30;2018-11-01T05:45;23;kWh;-1730;0;0;0;1730;-1730
2018-11-01T05:45;2018-11-01T06:00;24;kWh;-766;0;0;0;766;-766
2018-11-01T06:00;2018-11-01T06:15;25;kWh;-38428;0;0;0;38428;-38428
2018-11-01T06:15;2018-11-01T06:30;26;kWh;-24620;0;0;0;24620;-24620
2018-11-01T06:30;2018-11-01T06:45;27;kWh;-6245;3959;0;0;10204;-2286
2018-11-01T06:45;2018-11-01T07:00;28;kWh;0;55472;0;0;55472;55472
2018-11-01T07:00;2018-11-01T07:15;29;kWh;-404;23152;0;0;23556;22748
2018-11-01T07:15;2018-11-01T07:30;30;kWh;-24254;33;0;0;24287;-24221
2018-11-01T07:30;2018-11-01T07:45;31;kWh;-15209;0;0;0;15209;-15209
2018-11-01T07:45;2018-11-01T08:00;32;kWh;-657;0;0;0;657;-657
2018-11-01T08:00;2018-11-01T08:15;33;kWh;-10495;0;0;0;10495;-10495
2018-11-01T08:15;2018-11-01T08:30;34;kWh;-33846;0;0;0;33846;-33846
2018-11-01T08:30;2018-11-01T08:45;35;kWh;-8389;4894;0;0;13283;-3495
2018-11-01T08:45;2018-11-01T09:00;36;kWh;0;8434;0;0;8434;8434
2018-11-01T09:00;2018-11-01T09:15;37;kWh;0;6321;0;0;6321;6321
2018-11-01T09:15;2018-11-01T09:30;38;kWh;0;24377;0;0;24377;24377
2018-11-01T09:30;2018-11-01T09:45;39;kWh;0;34024;0;0;34024;34024
2018-11-01T09:45;2018-11-01T10:00;40;kWh;0;31920;0;0;31920;31920
2018-11-01T10:00;2018-11-01T10:15;41;kWh;0;26071;0;0;26071;26071
2018-11-01T10:15;2018-11-01T10:30;42;kWh;0;11324;0;0;11324;11324
2018-11-01T10:30;2018-11-01T10:45;43;kWh;0;9635;0;0;9635;9635
2018-11-01T10:45;2018-11-01T11:00;44;kWh;0;36146;0;0;36146;36146
2018-11-01T11:00;2018-11-01T11:15;45;kWh;0;39485;0;0;39485;39485
2018-11-01T11:15;2018-11-01T11:30;46;kWh;0;60874;0;0;60874;60874
2018-11-01T11:30;2018-11-01T11:45;47;kWh;0;76481;0;0;76481;76481
2018-11-01T11:45;2018-11-01T12:00;48;kWh;0;77592;0;0;77592;77592
2018-11-01T12:00;2018-11-01T12:15;49;kWh;0;103999;0;0;103999;103999
2018-11-01T12:15;2018-11-01T12:30;50;kWh;0;75383;0;0;84133;84133
2018-11-01T12:30;2018-11-01T12:45;51;kWh;0;28036;0;0;36786;36786
2018-11-01T12:45;2018-11-01T13:00;52;kWh;0;59719;0;0;59719;59719
2018-11-01T13:00;2018-11-01T13:15;53;kWh;0;16436;0;0;16436;16436
2018-11-01T13:15;2018-11-01T13:30;54;kWh;0;18157;0;0;18157;18157
2018-11-01T13:30;2018-11-01T13:45;55;kWh;0;60329;0;0;60329;60329
2018-11-01T13:45;2018-11-01T14:00;56;kWh;0;35742;0;0;35742;35742
2018-11-01T14:00;2018-11-01T14:15;57;kWh;0;12062;0;0;12062;12062
2018-11-01T14:15;2018-11-01T14:30;58;kWh;0;8001;0;0;8001;8001
2018-11-01T14:30;2018-11-01T14:45;59;kWh;0;28341;0;0;28341;28341
2018-11-01T14:45;2018-11-01T15:00;60;kWh;0;28743;0;0;28743;28743
2018-11-01T15:00;2018-11-01T15:15;61;kWh;0;21350;0;0;21350;21350
2018-11-01T15:15;2018-11-01T15:30;62;kWh;0;31612;0;0;31612;31612
2018-11-01T15:30;2018-11-01T15:45;63;kWh;0;45271;0;0;45271;45271
2018-11-01T15:45;2018-11-01T16:00;64;kWh;0;55103;0;0;55103;55103
2018-11-01T16:00;2018-11-01T16:15;65;kWh;-564;12934;0;0;13498;12370
2018-11-01T16:15;2018-11-01T16:30;66;kWh;-858;0;0;0;858;-858
2018-11-01T16:30;2018-11-01T16:45;67;kWh;-1;0;0;0;1;-1
2018-11-01T16:45;2018-11-01T17:00;68;kWh;0;0;0;0;0;0
2018-11-01T17:00;2018-11-01T17:15;69;kWh;-9570;0;0;0;9570;-9570
2018-11-01T17:15;2018-11-01T17:30;70;kWh;-1770;0;0;0;1770;-1770
2018-11-01T17:30;2018-11-01T17:45;71;kWh;0;198;0;0;198;198
2018-11-01T17:45;2018-11-01T18:00;72;kWh;0;809;0;0;809;809
2018-11-01T18:00;2018-11-01T18:15;73;kWh;0;11771;0;0;11771;11771
2018-11-01T18:15;2018-11-01T18:30;74;kWh;0;17726;0;0;17726;17726
2018-11-01T18:30;2018-11-01T18:45;75;kWh;-75;989;0;0;1064;914
2018-11-01T18:45;2018-11-01T19:00;76;kWh;-6313;0;0;0;6313;-6313
2018-11-01T19:00;2018-11-01T19:15;77;kWh;-1691;29472;0;0;31163;27781
2018-11-01T19:15;2018-11-01T19:30;78;kWh;0;29109;0;0;29109;29109
2018-11-01T19:30;2018-11-01T19:45;79;kWh;0;12330;0;0;12330;12330
2018-11-01T19:45;2018-11-01T20:00;80;kWh;0;190;0;0;190;190
2018-11-01T20:00;2018-11-01T20:15;81;kWh;0;52548;0;0;52548;52548
2018-11-01T20:15;2018-11-01T20:30;82;kWh;0;54206;0;0;54206;54206
2018-11-01T20:30;2018-11-01T20:45;83;kWh;0;20820;0;0;20820;20820
2018-11-01T20:45;2018-11-01T21:00;84;kWh;0;15032;0;0;15032;15032
2018-11-01T21:00;2018-11-01T21:15;85;kWh;0;37719;0;0;37719;37719
2018-11-01T21:15;2018-11-01T21:30;86;kWh;0;91660;0;0;91660;91660
2018-11-01T21:30;2018-11-01T21:45;87;kWh;0;48199;0;0;48199;48199
2018-11-01T21:45;2018-11-01T22:00;88;kWh;0;24875;0;0;24875;24875
2018-11-01T22:00;2018-11-01T22:15;89;kWh;0;31585;0;0;31585;31585
2018-11-01T22:15;2018-11-01T22:30;90;kWh;0;96862;0;0;96862;96862
2018-11-01T22:30;2018-11-01T22:45;91;kWh;0;45250;0;0;45250;45250
2018-11-01T22:45;2018-11-01T23:00;92;kWh;0;22555;0;0;22555;22555
2018-11-01T23:00;2018-11-01T23:15;93;kWh;0;54358;0;0;54358;54358
2018-11-01T23:15;2018-11-01T23:30;94;kWh;0;43987;0;0;43987;43987
2018-11-01T23:30;2018-11-01T23:45;95;kWh;-2553;2545;0;0;5098;-8
2018-11-01T23:45;2018-11-02T00:00;96;kWh;-11656;0;0;0;11656;-11656
2018-11-02T00:00;2018-11-02T00:15;1;kWh;-8945;7504;0;0;16449;-1441
2018-11-02T00:15;2018-11-02T00:30;2;kWh;-2853;8165;0;0;11018;5312
2018-11-02T00:30;2018-11-02T00:45;3;kWh;-20806;0;0;0;20806;-20806
2018-11-02T00:45;2018-11-02T01:00;4;kWh;-18147;0;0;0;18147;-18147
2018-11-02T01:00;2018-11-02T01:15;5;kWh;-24387;12856;0;0;37243;-11531
2018-11-02T01:15;2018-11-02T01:30;6;kWh;-225;55173;0;0;55398;54948
2018-11-02T01:30;2018-11-02T01:45;7;kWh;-2455;7361;0;0;9816;4906
2018-11-02T01:45;2018-11-02T02:00;8;kWh;-5666;0;0;0;5666;-5666
2018-11-02T02:00;2018-11-02T02:15;9;kWh;-8942;0;0;0;8942;-8942
2018-11-02T02:15;2018-11-02T02:30;10;kWh;-1456;0;0;0;1456;-1456
2018-11-02T02:30;2018-11-02T02:45;11;kWh;0;4270;0;0;4270;4270
2018-11-02T02:45;2018-11-02T03:00;12;kWh;-284;6882;0;0;7166;6598
2018-11-02T03:00;2018-11-02T03:15;13;kWh;-454;629;0;0;1083;175
2018-11-02T03:15;2018-11-02T03:30;14;kWh;-13772;0;0;0;13772;-13772
2018-11-02T03:30;2018-11-02T03:45;15;kWh;-37166;0;0;0;37166;-37166
2018-11-02T03:45;2018-11-02T04:00;16;kWh;-21248;325;0;0;21573;-20923
2018-11-02T04:00;2018-11-02T04:15;17;kWh;-294;22466;0;0;22760;22172
2018-11-02T04:15;2018-11-02T04:30;18;kWh;0;57571;0;0;57571;57571
2018-11-02T04:30;2018-11-02T04:45;19;kWh;0;34199;0;0;34199;34199
2018-11-02T04:45;2018-11-02T05:00;20;kWh;0;35889;0;0;35889;35889
2018-11-02T05:00;2018-11-02T05:15;21;kWh;-4133;11563;0;0;15696;7430
2018-11-02T05:15;2018-11-02T05:30;22;kWh;-2681;12139;0;0;14820;9458
2018-11-02T05:30;2018-11-02T05:45;23;kWh;0;53700;0;0;53700;53700
2018-11-02T05:45;2018-11-02T06:00;24;kWh;0;63766;0;0;63766;63766
2018-11-02T06:00;2018-11-02T06:15;25;kWh;-42295;11655;0;0;53950;-30640
2018-11-02T06:15;2018-11-02T06:30;26;kWh;-44824;0;0;0;44824;-44824
2018-11-02T06:30;2018-11-02T06:45;27;kWh;-3352;9127;0;0;12479;5775
2018-11-02T06:45;2018-11-02T07:00;28;kWh;0;49730;0;0;49730;49730
2018-11-02T07:00;2018-11-02T07:15;29;kWh;-1901;28595;0;0;30496;26694
2018-11-02T07:15;2018-11-02T07:30;30;kWh;-258;23003;0;0;23261;22745
2018-11-02T07:30;2018-11-02T07:45;31;kWh;0;58146;0;0;58146;58146
2018-11-02T07:45;2018-11-02T08:00;32;kWh;0;91871;0;0;95621;95621
2018-11-02T08:00;2018-11-02T08:15;33;kWh;-848;55133;0;0;55981;54285
2018-11-02T08:15;2018-11-02T08:30;34;kWh;-11146;8965;0;0;20111;-2181
2018-11-02T08:30;2018-11-02T08:45;35;kWh;0;40763;0;0;40763;40763
2018-11-02T08:45;2018-11-02T09:00;36;kWh;0;11183;0;0;11183;11183
2018-11-02T09:00;2018-11-02T09:15;37;kWh;0;54929;0;0;54929;54929
2018-11-02T09:15;2018-11-02T09:30;38;kWh;0;44883;0;0;44883;44883
2018-11-02T09:30;2018-11-02T09:45;39;kWh;0;18375;0;0;18375;18375
2018-11-02T09:45;2018-11-02T10:00;40;kWh;0;24803;0;0;24803;24803
2018-11-02T10:00;2018-11-02T10:15;41;kWh;-26474;8320;0;0;34794;-18154
2018-11-02T10:15;2018-11-02T10:30;42;kWh;-34422;0;0;0;34422;-34422
2018-11-02T10:30;2018-11-02T10:45;43;kWh;-56861;0;0;0;56861;-56861
2018-11-02T10:45;2018-11-02T11:00;44;kWh;-78309;0;0;0;78309;-78309
2018-11-02T11:00;2018-11-02T11:15;45;kWh;-69558;0;0;0;69558;-69558
2018-11-02T11:15;2018-11-02T11:30;46;kWh;-93874;0;0;0;93874;-93874
2018-11-02T11:30;2018-11-02T11:45;47;kWh;-80234;0;0;0;80234;-80234
2018-11-02T11:45;2018-11-02T12:00;48;kWh;-65875;0;0;0;65875;-65875
2018-11-02T12:00;2018-11-02T12:15;49;kWh;-11638;21242;0;0;32880;9604
2018-11-02T12:15;2018-11-02T12:30;50;kWh;-4756;5912;0;0;10668;1156
2018-11-02T12:30;2018-11-02T12:45;51;kWh;-6108;145;0;0;6253;-5963
2018-11-02T12:45;2018-11-02T13:00;52;kWh;-426;2916;0;0;3342;2490
2018-11-02T13:00;2018-11-02T13:15;53;kWh;0;32111;0;0;32111;32111
2018-11-02T13:15;2018-11-02T13:30;54;kWh;0;41579;0;0;41579;41579
2018-11-02T13:30;2018-11-02T13:45;55;kWh;0;3525;0;0;3525;3525
2018-11-02T13:45;2018-11-02T14:00;56;kWh;0;0;0;0;0;0
2018-11-02T14:00;2018-11-02T14:15;57;kWh;0;1141;0;0;1141;1141
2018-11-02T14:15;2018-11-02T14:30;58;kWh;0;1622;0;0;1622;1622
2018-11-02T14:30;2018-11-02T14:45;59;kWh;0;0;0;0;0;0
2018-11-02T14:45;2018-11-02T15:00;60;kWh;0;5320;0;0;5320;5320
2018-11-02T15:00;2018-11-02T15:15;61;kWh;-91;270;0;0;361;179
2018-11-02T15:15;2018-11-02T15:30;62;kWh;0;2286;0;0;2286;2286
2018-11-02T15:30;2018-11-02T15:45;63;kWh;0;16446;0;0;16446;16446
2018-11-02T15:45;2018-11-02T16:00;64;kWh;0;41987;0;0;41987;41987
2018-11-02T16:00;2018-11-02T16:15;65;kWh;0;3376;0;0;3376;3376
2018-11-02T16:15;2018-11-02T16:30;66;kWh;0;4287;0;0;4287;4287
2018-11-02T16:30;2018-11-02T16:45;67;kWh;0;28020;0;0;28020;28020
2018-11-02T16:45;2018-11-02T17:00;68;kWh;0;78164;0;0;78164;78164
2018-11-02T17:00;2018-11-02T17:15;69;kWh;-1333;20226;0;0;21559;18893
2018-11-02T17:15;2018-11-02T17:30;70;kWh;0;7329;0;0;7329;7329
2018-11-02T17:30;2018-11-02T17:45;71;kWh;0;67143;0;0;67143;67143
2018-11-02T17:45;2018-11-02T18:00;72;kWh;0;84524;0;0;84524;84524
2018-11-02T18:00;2018-11-02T18:15;73;kWh;-175;26308;0;0;26483;26133
2018-11-02T18:15;2018-11-02T18:30;74;kWh;0;0;0;0;0;0
2018-11-02T18:30;2018-11-02T18:45;75;kWh;0;0;0;0;0;0
2018-11-02T18:45;2018-11-02T19:00;76;kWh;0;0;0;0;0;0
2018-11-02T19:00;2018-11-02T19:15;77;kWh;0;5918;0;0;5918;5918
2018-11-02T19:15;2018-11-02T19:30;78;kWh;0;6132;0;0;6132;6132
2018-11-02T19:30;2018-11-02T19:45;79;kWh;0;5497;0;0;5497;5497
2018-11-02T19:45;2018-11-02T20:00;80;kWh;0;9321;0;0;9321;9321
2018-11-02T20:00;2018-11-02T20:15;81;kWh;0;10609;0;0;10609;10609
2018-11-02T20:15;2018-11-02T20:30;82;kWh;0;1582;0;0;1582;1582
2018-11-02T20:30;2018-11-02T20:45;83;kWh;-55;0;0;0;55;-55
2018-11-02T20:45;2018-11-02T21:00;84;kWh;-3302;0;0;0;3302;-3302
2018-11-02T21:00;2018-11-02T21:15;85;kWh;-13140;2083;0;0;15223;-11057
2018-11-02T21:15;2018-11-02T21:30;86;kWh;-20;26826;0;0;26846;26806
2018-11-02T21:30;2018-11-02T21:45;87;kWh;-6064;173;0;0;6237;-5891
2018-11-02T21:45;2018-11-02T22:00;88;kWh;-19011;0;0;0;19011;-19011
2018-11-02T22:00;2018-11-02T22:15;89;kWh;-9802;7590;0;0;17392;-2212
2018-11-02T22:15;2018-11-02T22:30;90;kWh;-42;34025;0;0;34067;33983
2018-11-02T22:30;2018-11-02T22:45;91;kWh;0;5243;0;0;5243;5243
2018-11-02T22:45;2018-11-02T23:00;92;kWh;0;13220;0;0;13220;13220
2018-11-02T23:00;2018-11-02T23:15;93;kWh;-2658;6758;0;0;9416;4100
2018-11-02T23:15;2018-11-02T23:30;94;kWh;-354;11199;0;0;11553;10845
2018-11-02T23:30;2018-11-02T23:45;95;kWh;-22998;297;0;0;23295;-22701
2018-11-02T23:45;2018-11-03T00:00;96;kWh;-23782;0;0;0;23782;-23782
2018-11-03T00:00;2018-11-03T00:15;1;kWh;-35615;0;0;0;35615;-35615
2018-11-03T00:15;2018-11-03T00:30;2;kWh;-8894;0;0;0;8894;-8894
2018-11-03T00:30;2018-11-03T00:45;3;kWh;-4622;0;0;0;4622;-4622
2018-11-03T00:45;2018-11-03T01:00;4;kWh;-3651;0;0;0;3651;-3651
2018-11-03T01:00;2018-11-03T01:15;5;kWh;-4482;0;0;0;4482;-4482
2018-11-03T01:15;2018-11-03T01:30;6;kWh;-499;0;0;0;499;-499
2018-11-03T01:30;2018-11-03T01:45;7;kWh;-14666;0;0;0;14666;-14666
2018-11-03T01:45;2018-11-03T02:00;8;kWh;-27099;0;0;0;27099;-27099
2018-11-03T02:00;2018-11-03T02:15;9;kWh;-24131;0;0;0;24131;-24131
2018-11-03T02:15;2018-11-03T02:30;10;kWh;-1400;758;0;0;2158;-642
2018-11-03T02:30;2018-11-03T02:45;11;kWh;-11641;18;0;0;11659;-11623
2018-11-03T02:45;2018-11-03T03:00;12;kWh;-22033;0;0;0;22033;-22033
2018-11-03T03:00;2018-11-03T03:15;13;kWh;-8875;0;0;0;8875;-8875
2018-11-03T03:15;2018-11-03T03:30;14;kWh;-2343;0;0;0;2343;-2343
2018-11-03T03:30;2018-11-03T03:45;15;kWh;-19438;0;0;0;19438;-19438
2018-11-03T03:45;2018-11-03T04:00;16;kWh;-27343;0;0;0;27343;-27343
2018-11-03T04:00;2018-11-03T04:15;17;kWh;-7281;0;0;0;7281;-7281
2018-11-03T04:15;2018-11-03T04:30;18;kWh;-6198;0;0;0;6198;-6198
2018-11-03T04:30;2018-11-03T04:45;19;kWh;-4426;0;0;0;4426;-4426
2018-11-03T04:45;2018-11-03T05:00;20;kWh;-7414;0;0;0;7414;-7414
2018-11-03T05:00;2018-11-03T05:15;21;kWh;-22137;0;0;0;22137;-22137
2018-11-03T05:15;2018-11-03T05:30;22;kWh;-11255;0;0;0;11255;-11255
2018-11-03T05:30;2018-11-03T05:45;23;kWh;-12109;0;0;0;12109;-12109
2018-11-03T05:45;2018-11-03T06:00;24;kWh;-4416;0;0;0;4416;-4416
2018-11-03T06:00;2018-11-03T06:15;25;kWh;-133;0;0;0;133;-133
2018-11-03T06:15;2018-11-03T06:30;26;kWh;-53;90;0;0;143;37
2018-11-03T06:30;2018-11-03T06:45;27;kWh;-628;0;0;0;628;-628
2018-11-03T06:45;2018-11-03T07:00;28;kWh;-7226;0;0;0;7226;-7226
2018-11-03T07:00;2018-11-03T07:15;29;kWh;-1793;239;0;0;2032;-1554
2018-11-03T07:15;2018-11-03T07:30;30;kWh;0;0;0;0;0;0
2018-11-03T07:30;2018-11-03T07:45;31;kWh;0;0;0;0;0;0
2018-11-03T07:45;2018-11-03T08:00;32;kWh;0;0;0;0;0;0
2018-11-03T08:00;2018-11-03T08:15;33;kWh;0;0;0;0;0;0
2018-11-03T08:15;2018-11-03T08:30;34;kWh;0;658;0;0;658;658
2018-11-03T08:30;2018-11-03T08:45;35;kWh;0;18172;0;0;18172;18172
2018-11-03T08:45;2018-11-03T09:00;36;kWh;0;23439;0;0;23439;23439
2018-11-03T09:00;2018-11-03T09:15;37;kWh;0;12128;0;0;12128;12128
2018-11-03T09:15;2018-11-03T09:30;38;kWh;0;130;0;0;130;130
2018-11-03T09:30;2018-11-03T09:45;39;kWh;0;0;0;0;0;0
2018-11-03T09:45;2018-11-03T10:00;40;kWh;-13;5568;0;0;5581;5555
2018-11-03T10:00;2018-11-03T10:15;41;kWh;-406;16734;0;0;17140;16328
2018-11-03T10:15;2018-11-03T10:30;42;kWh;0;34014;0;0;34014;34014
2018-11-03T10:30;2018-11-03T10:45;43;kWh;-1051;14588;0;0;15639;13537
2018-11-03T10:45;2018-11-03T11:00;44;kWh;-601;870;0;0;1471;269
2018-11-03T11:00;2018-11-03T11:15;45;kWh;0;4476;0;0;4476;4476
2018-11-03T11:15;2018-11-03T11:30;46;kWh;0;553;0;0;553;553
2018-11-03T11:30;2018-11-03T11:45;47;kWh;0;712;0;0;712;712
2018-11-03T11:45;2018-11-03T12:00;48;kWh;-2083;0;0;0;2083;-2083
2018-11-03T12:00;2018-11-03T12:15;49;kWh;-35883;0;0;0;35883;-35883
2018-11-03T12:15;2018-11-03T12:30;50;kWh;-11489;0;0;0;11489;-11489
2018-11-03T12:30;2018-11-03T12:45;51;kWh;-4193;0;0;0;4193;-4193
2018-11-03T12:45;2018-11-03T13:00;52;kWh;-74891;0;0;0;74891;-74891
2018-11-03T13:00;2018-11-03T13:15;53;kWh;-50022;0;0;0;50022;-50022
2018-11-03T13:15;2018-11-03T13:30;54;kWh;-4374;0;0;0;4374;-4374
2018-11-03T13:30;2018-11-03T13:45;55;kWh;-31;0;0;0;31;-31
2018-11-03T13:45;2018-11-03T14:00;56;kWh;-8655;0;0;0;8655;-8655
2018-11-03T14:00;2018-11-03T14:15;57;kWh;-1061;8090;0;0;9151;7029
2018-11-03T14:15;2018-11-03T14:30;58;kWh;0;3502;0;0;3502;3502
2018-11-03T14:30;2018-11-03T14:45;59;kWh;0;135;0;0;135;135
2018-11-03T14:45;2018-11-03T15:00;60;kWh;0;837;0;0;837;837
2018-11-03T15:00;2018-11-03T15:15;61;kWh;0;1909;0;0;1909;1909
2018-11-03T15:15;2018-11-03T15:30;62;kWh;0;5310;0;0;5310;5310
2018-11-03T15:30;2018-11-03T15:45;63;kWh;0;37867;0;0;37867;37867
2018-11-03T15:45;2018-11-03T16:00;64;kWh;0;64850;0;0;64850;64850
2018-11-03T16:00;2018-11-03T16:15;65;kWh;-10123;10498;0;0;20621;375
2018-11-03T16:15;2018-11-03T16:30;66;kWh;-241;946;0;0;1187;705
2018-11-03T16:30;2018-11-03T16:45;67;kWh;0;12916;0;0;12916;12916
2018-11-03T16:45;2018-11-03T17:00;68;kWh;0;43752;0;0;43752;43752
2018-11-03T17:00;2018-11-03T17:15;69;kWh;-29449;10571;0;0;40020;-18878
2018-11-03T17:15;2018-11-03T17:30;70;kWh;-3042;1641;0;0;4683;-1401
2018-11-03T17:30;2018-11-03T17:45;71;kWh;0;31358;0;0;31358;31358
2018-11-03T17:45;2018-11-03T18:00;72;kWh;0;29317;0;0;29317;29317
2018-11-03T18:00;2018-11-03T18:15;73;kWh;0;26545;0;0;26545;26545
2018-11-03T18:15;2018-11-03T18:30;74;kWh;0;6799;0;0;6799;6799
2018-11-03T18:30;2018-11-03T18:45;75;kWh;-11;1051;0;0;1062;1040
2018-11-03T18:45;2018-11-03T19:00;76;kWh;-11499;0;0;0;11499;-11499
2018-11-03T19:00;2018-11-03T19:15;77;kWh;-12802;801;0;0;13603;-12001
2018-11-03T19:15;2018-11-03T19:30;78;kWh;-1405;51;0;0;1456;-1354
2018-11-03T19:30;2018-11-03T19:45;79;kWh;-24928;0;0;0;24928;-24928
2018-11-03T19:45;2018-11-03T20:00;80;kWh;-18184;0;0;0;18184;-18184
2018-11-03T20:00;2018-11-03T20:15;81;kWh;-3664;0;0;0;3664;-3664
2018-11-03T20:15;2018-11-03T20:30;82;kWh;0;0;0;0;0;0
2018-11-03T20:30;2018-11-03T20:45;83;kWh;-192;0;0;0;192;-192
2018-11-03T20:45;2018-11-03T21:00;84;kWh;-1387;0;0;0;1387;-1387
2018-11-03T21:00;2018-11-03T21:15;85;kWh;-26;8175;0;0;8201;8149
2018-11-03T21:15;2018-11-03T21:30;86;kWh;0;55720;0;0;55720;55720
2018-11-03T21:30;2018-11-03T21:45;87;kWh;0;12248;0;0;12248;12248
2018-11-03T21:45;2018-11-03T22:00;88;kWh;-1067;632;0;0;1699;-435
2018-11-03T22:00;2018-11-03T22:15;89;kWh;-700;0;0;0;700;-700
2018-11-03T22:15;2018-11-03T22:30;90;kWh;-539;0;0;0;539;-539
2018-11-03T22:30;2018-11-03T22:45;91;kWh;-14916;0;0;0;14916;-14916
2018-11-03T22:45;2018-11-03T23:00;92;kWh;-19455;0;0;0;19455;-19455
2018-11-03T23:00;2018-11-03T23:15;93;kWh;-12885;0;0;0;12885;-12885
2018-11-03T23:15;2018-11-03T23:30;94;kWh;-120;0;0;0;120;-120
2018-11-03T23:30;2018-11-03T23:45;95;kWh;-1169;0;0;0;1169;-1169
2018-11-03T23:45;2018-11-04T00:00;96;kWh;-2638;0;0;0;2638;-2638
2018-11-04T00:00;2018-11-04T00:15;1;kWh;-208;11931;0;0;12139;11723
2018-11-04T00:15;2018-11-04T00:30;2;kWh;0;103902;0;0;103902;103902
2018-11-04T00:30;2018-11-04T00:45;3;kWh;0;80363;0;0;95363;95363
2018-11-04T00:45;2018-11-04T01:00;4;kWh;-4451;4267;0;0;8718;-184
2018-11-04T01:00;2018-11-04T01:15;5;kWh;-1634;6892;0;0;8526;5258
2018-11-04T01:15;2018-11-04T01:30;6;kWh;0;33802;0;0;33802;33802
2018-11-04T01:30;2018-11-04T01:45;7;kWh;-460;3432;0;0;3892;2972
2018-11-04T01:45;2018-11-04T02:00;8;kWh;0;22441;0;0;22441;22441
2018-11-04T02:00;2018-11-04T02:15;9;kWh;-979;4016;0;0;4995;3037
2018-11-04T02:15;2018-11-04T02:30;10;kWh;-641;1546;0;0;2187;905
2018-11-04T02:30;2018-11-04T02:45;11;kWh;0;7047;0;0;7047;7047
2018-11-04T02:45;2018-11-04T03:00;12;kWh;-529;2963;0;0;3492;2434
2018-11-04T03:00;2018-11-04T03:15;13;kWh;-1250;21729;0;0;22979;20479
2018-11-04T03:15;2018-11-04T03:30;14;kWh;0;33460;0;0;33460;33460
2018-11-04T03:30;2018-11-04T03:45;15;kWh;0;28824;0;0;28824;28824
2018-11-04T03:45;2018-11-04T04:00;16;kWh;0;28979;0;0;28979;28979
2018-11-04T04:00;2018-11-04T04:15;17;kWh;0;14391;0;0;14391;14391
2018-11-04T04:15;2018-11-04T04:30;18;kWh;0;41586;0;0;41586;41586
2018-11-04T04:30;2018-11-04T04:45;19;kWh;0;42059;0;0;42059;42059
2018-11-04T04:45;2018-11-04T05:00;20;kWh;0;28675;0;0;28675;28675
2018-11-04T05:00;2018-11-04T05:15;21;kWh;0;18361;0;0;18361;18361
2018-11-04T05:15;2018-11-04T05:30;22;kWh;0;11550;0;0;11550;11550
2018-11-04T05:30;2018-11-04T05:45;23;kWh;0;11709;0;0;11709;11709
2018-11-04T05:45;2018-11-04T06:00;24;kWh;0;50912;0;0;50912;50912
2018-11-04T06:00;2018-11-04T06:15;25;kWh;-1042;16555;0;0;17597;15513
2018-11-04T06:15;2018-11-04T06:30;26;kWh;-9358;607;0;0;9965;-8751
2018-11-04T06:30;2018-11-04T06:45;27;kWh;-146;9641;0;0;9787;9495
2018-11-04T06:45;2018-11-04T07:00;28;kWh;0;27176;0;0;27176;27176
2018-11-04T07:00;2018-11-04T07:15;29;kWh;-82;19655;0;0;19737;19573
2018-11-04T07:15;2018-11-04T07:30;30;kWh;-2477;1237;0;0;3714;-1240
2018-11-04T07:30;2018-11-04T07:45;31;kWh;-2273;904;0;0;3177;-1369
2018-11-04T07:45;2018-11-04T08:00;32;kWh;0;24710;0;0;24710;24710
2018-11-04T08:00;2018-11-04T08:15;33;kWh;-2390;3085;0;0;5475;695
2018-11-04T08:15;2018-11-04T08:30;34;kWh;-1129;0;0;0;1129;-1129
2018-11-04T08:30;2018-11-04T08:45;35;kWh;-68;0;0;0;68;-68
2018-11-04T08:45;2018-11-04T09:00;36;kWh;-202;52;0;0;254;-150
2018-11-04T09:00;2018-11-04T09:15;37;kWh;-15254;0;0;0;15254;-15254
2018-11-04T09:15;2018-11-04T09:30;38;kWh;-15922;0;0;0;15922;-15922
2018-11-04T09:30;2018-11-04T09:45;39;kWh;-13308;0;0;0;13308;-13308
2018-11-04T09:45;2018-11-04T10:00;40;kWh;-9996;0;0;0;9996;-9996
2018-11-04T10:00;2018-11-04T10:15;41;kWh;-61;5705;0;0;5766;5644
2018-11-04T10:15;2018-11-04T10:30;42;kWh;0;1441;0;0;1441;1441
2018-11-04T10:30;2018-11-04T10:45;43;kWh;0;463;0;0;463;463
2018-11-04T10:45;2018-11-04T11:00;44;kWh;0;2806;0;0;2806;2806
2018-11-04T11:00;2018-11-04T11:15;45;kWh;0;25018;0;0;25018;25018
2018-11-04T11:15;2018-11-04T11:30;46;kWh;0;20551;0;0;20551;20551
2018-11-04T11:30;2018-11-04T11:45;47;kWh;-2436;1885;0;0;4321;-551
2018-11-04T11:45;2018-11-04T12:00;48;kWh;0;22358;0;0;22358;22358
2018-11-04T12:00;2018-11-04T12:15;49;kWh;-738;7825;0;0;8563;7087
2018-11-04T12:15;2018-11-04T12:30;50;kWh;0;4157;0;0;4157;4157
2018-11-04T12:30;2018-11-04T12:45;51;kWh;0;33588;0;0;33588;33588
2018-11-04T12:45;2018-11-04T13:00;52;kWh;0;28127;0;0;28127;28127
2018-11-04T13:00;2018-11-04T13:15;53;kWh;0;7122;0;0;7122;7122
2018-11-04T13:15;2018-11-04T13:30;54;kWh;0;574;0;0;574;574
2018-11-04T13:30;2018-11-04T13:45;55;kWh;0;1860;0;0;1860;1860
2018-11-04T13:45;2018-11-04T14:00;56;kWh;0;3;0;0;3;3
2018-11-04T14:00;2018-11-04T14:15;57;kWh;-3081;0;0;0;3081;-3081
2018-11-04T14:15;2018-11-04T14:30;58;kWh;-7097;0;0;0;7097;-7097
2018-11-04T14:30;2018-11-04T14:45;59;kWh;-765;644;0;0;1409;-121
2018-11-04T14:45;2018-11-04T15:00;60;kWh;0;22769;0;0;22769;22769
2018-11-04T15:00;2018-11-04T15:15;61;kWh;0;16842;0;0;16842;16842
2018-11-04T15:15;2018-11-04T15:30;62;kWh;0;15170;0;0;15170;15170
2018-11-04T15:30;2018-11-04T15:45;63;kWh;0;39367;0;0;39367;39367
2018-11-04T15:45;2018-11-04T16:00;64;kWh;0;44961;0;0;44961;44961
2018-11-04T16:00;2018-11-04T16:15;65;kWh;-250;7536;0;0;7786;7286
2018-11-04T16:15;2018-11-04T16:30;66;kWh;-4;3671;0;0;3675;3667
2018-11-04T16:30;2018-11-04T16:45;67;kWh;0;11301;0;0;11301;11301
2018-11-04T16:45;2018-11-04T17:00;68;kWh;0;9188;0;0;9188;9188
2018-11-04T17:00;2018-11-04T17:15;69;kWh;-23651;0;0;0;23651;-23651
2018-11-04T17:15;2018-11-04T17:30;70;kWh;-8593;1493;0;0;10086;-7100
2018-11-04T17:30;2018-11-04T17:45;71;kWh;0;59826;0;0;59826;59826
2018-11-04T17:45;2018-11-04T18:00;72;kWh;0;88336;0;0;88336;88336
2018-11-04T18:00;2018-11-04T18:15;73;kWh;0;43888;0;0;43888;43888
2018-11-04T18:15;2018-11-04T18:30;74;kWh;0;15950;0;0;15950;15950
2018-11-04T18:30;2018-11-04T18:45;75;kWh;-437;4291;0;0;4728;3854
2018-11-04T18:45;2018-11-04T19:00;76;kWh;-24;1930;0;0;1954;1906
2018-11-04T19:00;2018-11-04T19:15;77;kWh;0;48367;0;0;48367;48367
2018-11-04T19:15;2018-11-04T19:30;78;kWh;0;56601;0;0;61601;61601
2018-11-04T19:30;2018-11-04T19:45;79;kWh;0;16657;0;0;16657;16657
2018-11-04T19:45;2018-11-04T20:00;80;kWh;0;21480;0;0;21480;21480
2018-11-04T20:00;2018-11-04T20:15;81;kWh;0;49951;0;0;49951;49951
2018-11-04T20:15;2018-11-04T20:30;82;kWh;0;89040;0;23332;116122;116122
2018-11-04T20:30;2018-11-04T20:45;83;kWh;-1096;23204;0;23332;47632;45440
2018-11-04T20:45;2018-11-04T21:00;84;kWh;0;9484;0;0;9484;9484
2018-11-04T21:00;2018-11-04T21:15;85;kWh;0;15526;0;0;15526;15526
2018-11-04T21:15;2018-11-04T21:30;86;kWh;0;13045;0;0;13045;13045
2018-11-04T21:30;2018-11-04T21:45;87;kWh;0;47059;0;0;47059;47059
2018-11-04T21:45;2018-11-04T22:00;88;kWh;0;23518;0;0;23518;23518
2018-11-04T22:00;2018-11-04T22:15;89;kWh;0;13088;0;0;13088;13088
2018-11-04T22:15;2018-11-04T22:30;90;kWh;-4894;6038;0;0;10932;1144
2018-11-04T22:30;2018-11-04T22:45;91;kWh;-16132;0;0;0;16132;-16132
2018-11-04T22:45;2018-11-04T23:00;92;kWh;-3565;1845;0;0;5410;-1720
2018-11-04T23:00;2018-11-04T23:15;93;kWh;0;25429;0;0;25429;25429
2018-11-04T23:15;2018-11-04T23:30;94;kWh;-22;51628;0;0;51650;51606
2018-11-04T23:30;2018-11-04T23:45;95;kWh;-22582;1428;0;0;24010;-21154
2018-11-04T23:45;2018-11-05T00:00;96;kWh;-27703;0;0;0;27703;-27703
2018-11-05T00:00;2018-11-05T00:15;1;kWh;-11195;14902;0;0;26097;3707
2018-11-05T00:15;2018-11-05T00:30;2;kWh;0;14234;0;0;14234;14234
2018-11-05T00:30;2018-11-05T00:45;3;kWh;0;14501;0;0;14501;14501
2018-11-05T00:45;2018-11-05T01:00;4;kWh;0;30977;0;0;30977;30977
2018-11-05T01:00;2018-11-05T01:15;5;kWh;0;48342;0;0;48342;48342
2018-11-05T01:15;2018-11-05T01:30;6;kWh;0;103354;0;0;103354;103354
2018-11-05T01:30;2018-11-05T01:45;7;kWh;0;87022;0;0;102022;102022
2018-11-05T01:45;2018-11-05T02:00;8;kWh;0;32397;0;0;32397;32397
2018-11-05T02:00;2018-11-05T02:15;9;kWh;-1037;11619;0;0;12656;10582
2018-11-05T02:15;2018-11-05T02:30;10;kWh;0;4;0;0;4;4
2018-11-05T02:30;2018-11-05T02:45;11;kWh;0;0;0;0;0;0
2018-11-05T02:45;2018-11-05T03:00;12;kWh;-2735;0;0;0;2735;-2735
2018-11-05T03:00;2018-11-05T03:15;13;kWh;-1158;0;0;0;1158;-1158
2018-11-05T03:15;2018-11-05T03:30;14;kWh;0;0;0;0;0;0
2018-11-05T03:30;2018-11-05T03:45;15;kWh;0;4;0;0;4;4
2018-11-05T03:45;2018-11-05T04:00;16;kWh;-3180;89;0;0;3269;-3091
2018-11-05T04:00;2018-11-05T04:15;17;kWh;-1699;0;0;0;1699;-1699
2018-11-05T04:15;2018-11-05T04:30;18;kWh;0;0;0;0;0;0
2018-11-05T04:30;2018-11-05T04:45;19;kWh;0;0;0;0;0;0
2018-11-05T04:45;2018-11-05T05:00;20;kWh;0;0;0;0;0;0
2018-11-05T05:00;2018-11-05T05:15;21;kWh;-9951;0;0;0;9951;-9951
2018-11-05T05:15;2018-11-05T05:30;22;kWh;-24710;0;0;0;24710;-24710
2018-11-05T05:30;2018-11-05T05:45;23;kWh;-3167;3588;0;0;6755;421
2018-11-05T05:45;2018-11-05T06:00;24;kWh;0;8014;0;0;8014;8014
2018-11-05T06:00;2018-11-05T06:15;25;kWh;0;1477;0;0;1477;1477
2018-11-05T06:15;2018-11-05T06:30;26;kWh;0;0;0;0;0;0
2018-11-05T06:30;2018-11-05T06:45;27;kWh;0;3823;0;0;3823;3823
2018-11-05T06:45;2018-11-05T07:00;28;kWh;0;11725;0;0;11725;11725
2018-11-05T07:00;2018-11-05T07:15;29;kWh;-20796;157;0;0;20953;-20639
2018-11-05T07:15;2018-11-05T07:30;30;kWh;-185;30527;0;0;30712;30342
2018-11-05T07:30;2018-11-05T07:45;31;kWh;0;72243;0;0;72243;72243
2018-11-05T07:45;2018-11-05T08:00;32;kWh;0;98792;0;0;98792;98792
2018-11-05T08:00;2018-11-05T08:15;33;kWh;0;62903;0;0;62903;62903
2018-11-05T08:15;2018-11-05T08:30;34;kWh;0;53198;0;0;53198;53198
2018-11-05T08:30;2018-11-05T08:45;35;kWh;0;78782;0;0;78782;78782
2018-11-05T08:45;2018-11-05T09:00;36;kWh;0;81920;0;0;81920;81920
2018-11-05T09:00;2018-11-05T09:15;37;kWh;0;84885;0;0;84885;84885
2018-11-05T09:15;2018-11-05T09:30;38;kWh;0;57396;0;0;59896;59896
2018-11-05T09:30;2018-11-05T09:45;39;kWh;0;32272;0;0;32272;32272
2018-11-05T09:45;2018-11-05T10:00;40;kWh;0;45865;0;0;45865;45865
2018-11-05T10:00;2018-11-05T10:15;41;kWh;-2;32058;0;0;32060;32056
2018-11-05T10:15;2018-11-05T10:30;42;kWh;-308;3788;0;0;4096;3480
2018-11-05T10:30;2018-11-05T10:45;43;kWh;0;15374;0;0;15374;15374
2018-11-05T10:45;2018-11-05T11:00;44;kWh;0;15208;0;0;15208;15208
2018-11-05T11:00;2018-11-05T11:15;45;kWh;0;23622;0;0;23622;23622
2018-11-05T11:15;2018-11-05T11:30;46;kWh;0;46211;0;0;46211;46211
2018-11-05T11:30;2018-11-05T11:45;47;kWh;0;37149;0;0;37149;37149
2018-11-05T11:45;2018-11-05T12:00;48;kWh;0;52250;0;0;52250;52250
2018-11-05T12:00;2018-11-05T12:15;49;kWh;0;35080;0;0;35080;35080
2018-11-05T12:15;2018-11-05T12:30;50;kWh;0;14357;0;0;14357;14357
2018-11-05T12:30;2018-11-05T12:45;51;kWh;-264;491;0;0;755;227
2018-11-05T12:45;2018-11-05T13:00;52;kWh;0;367;0;0;367;367
2018-11-05T13:00;2018-11-05T13:15;53;kWh;0;752;0;0;752;752
2018-11-05T13:15;2018-11-05T13:30;54;kWh;0;346;0;0;346;346
2018-11-05T13:30;2018-11-05T13:45;55;kWh;0;248;0;0;248;248
2018-11-05T13:45;2018-11-05T14:00;56;kWh;0;1574;0;0;1574;1574
2018-11-05T14:00;2018-11-05T14:15;57;kWh;0;11494;0;0;11494;11494
2018-11-05T14:15;2018-11-05T14:30;58;kWh;0;18788;0;0;18788;18788
2018-11-05T14:30;2018-11-05T14:45;59;kWh;0;42010;0;0;42010;42010
2018-11-05T14:45;2018-11-05T15:00;60;kWh;0;38667;0;0;38667;38667
2018-11-05T15:00;2018-11-05T15:15;61;kWh;-91;18233;0;0;18324;18142
2018-11-05T15:15;2018-11-05T15:30;62;kWh;-11;16;0;0;27;5
2018-11-05T15:30;2018-11-05T15:45;63;kWh;0;4482;0;0;4482;4482
2018-11-05T15:45;2018-11-05T16:00;64;kWh;0;17967;0;0;17967;17967
2018-11-05T16:00;2018-11-05T16:15;65;kWh;0;6573;0;0;6573;6573
2018-11-05T16:15;2018-11-05T16:30;66;kWh;0;13336;0;0;13336;13336
2018-11-05T16:30;2018-11-05T16:45;67;kWh;0;25452;0;0;25452;25452
2018-11-05T16:45;2018-11-05T17:00;68;kWh;0;36690;0;0;36690;36690
2018-11-05T17:00;2018-11-05T17:15;69;kWh;0;25140;0;0;25140;25140
2018-11-05T17:15;2018-11-05T17:30;70;kWh;0;61372;0;0;61372;61372
2018-11-05T17:30;2018-11-05T17:45;71;kWh;0;92746;0;0;95246;95246
2018-11-05T17:45;2018-11-05T18:00;72;kWh;0;72776;0;0;72776;72776
2018-11-05T18:00;2018-11-05T18:15;73;kWh;0;60874;0;0;60874;60874
2018-11-05T18:15;2018-11-05T18:30;74;kWh;0;29676;0;0;29676;29676
2018-11-05T18:30;2018-11-05T18:45;75;kWh;0;9380;0;0;9380;9380
2018-11-05T18:45;2018-11-05T19:00;76;kWh;0;351;0;0;351;351
2018-11-05T19:00;2018-11-05T19:15;77;kWh;0;23356;0;0;23356;23356
2018-11-05T19:15;2018-11-05T19:30;78;kWh;0;38392;0;0;38392;38392
2018-11-05T19:30;2018-11-05T19:45;79;kWh;-286;7427;0;0;7713;7141
2018-11-05T19:45;2018-11-05T20:00;80;kWh;-12230;0;0;0;12230;-12230
2018-11-05T20:00;2018-11-05T20:15;81;kWh;-6850;1192;0;0;8042;-5658
2018-11-05T20:15;2018-11-05T20:30;82;kWh;0;373;0;0;373;373
2018-11-05T20:30;2018-11-05T20:45;83;kWh;0;3538;0;0;3538;3538
2018-11-05T20:45;2018-11-05T21:00;84;kWh;0;92;0;0;92;92
2018-11-05T21:00;2018-11-05T21:15;85;kWh;0;11974;0;0;11974;11974
2018-11-05T21:15;2018-11-05T21:30;86;kWh;0;13779;0;0;13779;13779
2018-11-05T21:30;2018-11-05T21:45;87;kWh;-370;42;0;0;412;-328
2018-11-05T21:45;2018-11-05T22:00;88;kWh;-14787;0;0;0;14787;-14787
2018-11-05T22:00;2018-11-05T22:15;89;kWh;-11277;19776;0;0;31053;8499
2018-11-05T22:15;2018-11-05T22:30;90;kWh;-1594;25953;0;0;32547;29359
2018-11-05T22:30;2018-11-05T22:45;91;kWh;-44457;0;0;0;44457;-44457
2018-11-05T22:45;2018-11-05T23:00;92;kWh;-12917;0;0;0;12917;-12917
2018-11-05T23:00;2018-11-05T23:15;93;kWh;-5050;21075;0;0;26125;16025
2018-11-05T23:15;2018-11-05T23:30;94;kWh;0;35648;0;0;35648;35648
2018-11-05T23:30;2018-11-05T23:45;95;kWh;0;3553;0;0;3553;3553
2018-11-05T23:45;2018-11-06T00:00;96;kWh;-9206;0;0;0;9206;-9206
2018-11-06T00:00;2018-11-06T00:15;1;kWh;-7219;5935;0;0;13154;-1284
2018-11-06T00:15;2018-11-06T00:30;2;kWh;0;3819;0;0;3819;3819
2018-11-06T00:30;2018-11-06T00:45;3;kWh;0;0;0;0;0;0
2018-11-06T00:45;2018-11-06T01:00;4;kWh;-3028;0;0;0;3028;-3028
2018-11-06T01:00;2018-11-06T01:15;5;kWh;-615;0;0;0;615;-615
2018-11-06T01:15;2018-11-06T01:30;6;kWh;-5058;0;0;0;5058;-5058
2018-11-06T01:30;2018-11-06T01:45;7;kWh;-14158;0;0;0;14158;-14158
2018-11-06T01:45;2018-11-06T02:00;8;kWh;-10715;0;0;0;10715;-10715
2018-11-06T02:00;2018-11-06T02:15;9;kWh;-2880;285;0;0;3165;-2595
2018-11-06T02:15;2018-11-06T02:30;10;kWh;-41;1319;0;0;1360;1278
2018-11-06T02:30;2018-11-06T02:45;11;kWh;0;747;0;0;747;747
2018-11-06T02:45;2018-11-06T03:00;12;kWh;-240;92;0;0;332;-148
2018-11-06T03:00;2018-11-06T03:15;13;kWh;-520;3570;0;0;4090;3050
2018-11-06T03:15;2018-11-06T03:30;14;kWh;0;17858;0;0;17858;17858
2018-11-06T03:30;2018-11-06T03:45;15;kWh;0;4875;0;0;4875;4875
2018-11-06T03:45;2018-11-06T04:00;16;kWh;-343;3146;0;0;3489;2803
2018-11-06T04:00;2018-11-06T04:15;17;kWh;-1602;0;0;0;1602;-1602
2018-11-06T04:15;2018-11-06T04:30;18;kWh;-31;0;0;0;31;-31
2018-11-06T04:30;2018-11-06T04:45;19;kWh;0;0;0;0;0;0
2018-11-06T04:45;2018-11-06T05:00;20;kWh;0;0;0;0;0;0
2018-11-06T05:00;2018-11-06T05:15;21;kWh;-2217;0;0;0;2217;-2217
2018-11-06T05:15;2018-11-06T05:30;22;kWh;-2291;0;0;0;2291;-2291
2018-11-06T05:30;2018-11-06T05:45;23;kWh;-303;1345;0;0;1648;1042
2018-11-06T05:45;2018-11-06T06:00;24;kWh;0;8905;0;0;8905;8905
2018-11-06T06:00;2018-11-06T06:15;25;kWh;-10348;464;0;0;10812;-9884
2018-11-06T06:15;2018-11-06T06:30;26;kWh;-9079;0;0;0;9079;-9079
2018-11-06T06:30;2018-11-06T06:45;27;kWh;-480;979;0;0;1459;499
2018-11-06T06:45;2018-11-06T07:00;28;kWh;0;24932;0;0;24932;24932
2018-11-06T07:00;2018-11-06T07:15;29;kWh;-11366;5300;0;0;16666;-6066
2018-11-06T07:15;2018-11-06T07:30;30;kWh;-919;0;0;0;919;-919
2018-11-06T07:30;2018-11-06T07:45;31;kWh;0;0;0;0;0;0
2018-11-06T07:45;2018-11-06T08:00;32;kWh;-7;0;0;0;7;-7
2018-11-06T08:00;2018-11-06T08:15;33;kWh;-29360;0;0;0;29360;-29360
2018-11-06T08:15;2018-11-06T08:30;34;kWh;-33886;0;0;0;33886;-33886
2018-11-06T08:30;2018-11-06T08:45;35;kWh;-15358;0;0;0;15358;-15358
2018-11-06T08:45;2018-11-06T09:00;36;kWh;-1790;0;0;0;1790;-1790
2018-11-06T09:00;2018-11-06T09:15;37;kWh;-863;0;0;0;863;-863
2018-11-06T09:15;2018-11-06T09:30;38;kWh;-44;0;0;0;44;-44
2018-11-06T09:30;2018-11-06T09:45;39;kWh;-7619;0;0;0;7619;-7619
2018-11-06T09:45;2018-11-06T10:00;40;kWh;-28665;0;0;0;28665;-28665
2018-11-06T10:00;2018-11-06T10:15;41;kWh;-12691;309;0;0;13000;-12382
2018-11-06T10:15;2018-11-06T10:30;42;kWh;0;0;0;0;0;0
2018-11-06T10:30;2018-11-06T10:45;43;kWh;-9525;0;0;0;9525;-9525
2018-11-06T10:45;2018-11-06T11:00;44;kWh;-9683;0;0;0;9683;-9683
2018-11-06T11:00;2018-11-06T11:15;45;kWh;-5936;0;0;0;5936;-5936
2018-11-06T11:15;2018-11-06T11:30;46;kWh;-77;0;0;0;77;-77
2018-11-06T11:30;2018-11-06T11:45;47;kWh;-2589;3432;0;0;6021;843
2018-11-06T11:45;2018-11-06T12:00;48;kWh;0;28593;0;0;28593;28593
2018-11-06T12:00;2018-11-06T12:15;49;kWh;0;47871;0;0;47871;47871
2018-11-06T12:15;2018-11-06T12:30;50;kWh;0;12557;0;0;12557;12557
2018-11-06T12:30;2018-11-06T12:45;51;kWh;0;34;0;0;34;34
2018-11-06T12:45;2018-11-06T13:00;52;kWh;-1;0;0;0;1;-1
2018-11-06T13:00;2018-11-06T13:15;53;kWh;-18168;0;0;0;18168;-18168
2018-11-06T13:15;2018-11-06T13:30;54;kWh;-7344;0;0;0;7344;-7344
2018-11-06T13:30;2018-11-06T13:45;55;kWh;-3173;0;0;0;3173;-3173
2018-11-06T13:45;2018-11-06T14:00;56;kWh;-138;0;0;0;138;-138
2018-11-06T14:00;2018-11-06T14:15;57;kWh;0;0;0;0;0;0
2018-11-06T14:15;2018-11-06T14:30;58;kWh;0;868;0;0;868;868
2018-11-06T14:30;2018-11-06T14:45;59;kWh;0;29726;0;0;29726;29726
2018-11-06T14:45;2018-11-06T15:00;60;kWh;0;15319;0;0;15319;15319
2018-11-06T15:00;2018-11-06T15:15;61;kWh;0;1371;0;0;1371;1371
2018-11-06T15:15;2018-11-06T15:30;62;kWh;0;0;0;0;0;0
2018-11-06T15:30;2018-11-06T15:45;63;kWh;0;0;0;0;0;0
2018-11-06T15:45;2018-11-06T16:00;64;kWh;0;0;0;0;0;0
2018-11-06T16:00;2018-11-06T16:15;65;kWh;0;0;0;0;0;0
2018-11-06T16:15;2018-11-06T16:30;66;kWh;0;0;0;0;0;0
2018-11-06T16:30;2018-11-06T16:45;67;kWh;-845;0;0;0;845;-845
2018-11-06T16:45;2018-11-06T17:00;68;kWh;-210;0;0;0;210;-210
2018-11-06T17:00;2018-11-06T17:15;69;kWh;-32728;0;0;0;32728;-32728
2018-11-06T17:15;2018-11-06T17:30;70;kWh;-9060;11;0;0;9071;-9049
2018-11-06T17:30;2018-11-06T17:45;71;kWh;-168;4909;0;0;5077;4741
2018-11-06T17:45;2018-11-06T18:00;72;kWh;0;1317;0;0;1317;1317
2018-11-06T18:00;2018-11-06T18:15;73;kWh;0;25350;0;0;25350;25350
2018-11-06T18:15;2018-11-06T18:30;74;kWh;0;15083;0;0;15083;15083
2018-11-06T18:30;2018-11-06T18:45;75;kWh;-18324;240;0;0;18564;-18084
2018-11-06T18:45;2018-11-06T19:00;76;kWh;-44288;0;0;0;44288;-44288
2018-11-06T19:00;2018-11-06T19:15;77;kWh;-25491;12536;0;0;38027;-12955
2018-11-06T19:15;2018-11-06T19:30;78;kWh;0;47967;0;0;47967;47967
2018-11-06T19:30;2018-11-06T19:45;79;kWh;0;49348;0;0;49348;49348
2018-11-06T19:45;2018-11-06T20:00;80;kWh;0;19180;0;0;19180;19180
2018-11-06T20:00;2018-11-06T20:15;81;kWh;0;48198;0;0;48198;48198
2018-11-06T20:15;2018-11-06T20:30;82;kWh;-308;21170;0;0;21478;20862
2018-11-06T20:30;2018-11-06T20:45;83;kWh;-667;401;0;0;1068;-266
2018-11-06T20:45;2018-11-06T21:00;84;kWh;-1358;464;0;0;1822;-894
2018-11-06T21:00;2018-11-06T21:15;85;kWh;0;19748;0;0;19748;19748
2018-11-06T21:15;2018-11-06T21:30;86;kWh;0;4458;0;0;4458;4458
2018-11-06T21:30;2018-11-06T21:45;87;kWh;-5550;0;0;0;5550;-5550
2018-11-06T21:45;2018-11-06T22:00;88;kWh;-30650;0;0;0;30650;-30650
2018-11-06T22:00;2018-11-06T22:15;89;kWh;-18645;7667;0;0;26312;-10978
2018-11-06T22:15;2018-11-06T22:30;90;kWh;-2341;16394;0;0;18735;14053
2018-11-06T22:30;2018-11-06T22:45;91;kWh;-31725;0;0;0;31725;-31725
2018-11-06T22:45;2018-11-06T23:00;92;kWh;-39285;0;0;0;39285;-39285
2018-11-06T23:00;2018-11-06T23:15;93;kWh;-24210;7057;0;0;31267;-17153
2018-11-06T23:15;2018-11-06T23:30;94;kWh;-149;57768;0;0;57917;57619
2018-11-06T23:30;2018-11-06T23:45;95;kWh;-539;8394;0;0;8933;7855
2018-11-06T23:45;2018-11-07T00:00;96;kWh;-3810;3789;0;0;7599;-21
2018-11-07T00:00;2018-11-07T00:15;1;kWh;-10510;3383;0;0;13893;-7127
2018-11-07T00:15;2018-11-07T00:30;2;kWh;0;48087;0;0;48087;48087
2018-11-07T00:30;2018-11-07T00:45;3;kWh;0;11504;0;0;11504;11504
2018-11-07T00:45;2018-11-07T01:00;4;kWh;0;32478;0;0;32478;32478
2018-11-07T01:00;2018-11-07T01:15;5;kWh;-1063;8551;0;0;9614;7488
2018-11-07T01:15;2018-11-07T01:30;6;kWh;-5919;0;0;0;5919;-5919
2018-11-07T01:30;2018-11-07T01:45;7;kWh;-25206;0;0;0;25206;-25206
2018-11-07T01:45;2018-11-07T02:00;8;kWh;-53075;0;0;0;53075;-53075
2018-11-07T02:00;2018-11-07T02:15;9;kWh;-17714;0;0;0;17714;-17714
2018-11-07T02:15;2018-11-07T02:30;10;kWh;-13661;0;0;0;13661;-13661
2018-11-07T02:30;2018-11-07T02:45;11;kWh;-54580;0;0;0;54580;-54580
2018-11-07T02:45;2018-11-07T03:00;12;kWh;-60290;0;0;0;60290;-60290
2018-11-07T03:00;2018-11-07T03:15;13;kWh;-22914;0;0;0;22914;-22914
2018-11-07T03:15;2018-11-07T03:30;14;kWh;-425;0;0;0;425;-425
2018-11-07T03:30;2018-11-07T03:45;15;kWh;-20401;0;0;0;20401;-20401
2018-11-07T03:45;2018-11-07T04:00;16;kWh;-9243;0;0;0;9243;-9243
2018-11-07T04:00;2018-11-07T04:15;17;kWh;-3320;0;0;0;3320;-3320
2018-11-07T04:15;2018-11-07T04:30;18;kWh;-4503;0;0;0;4503;-4503
2018-11-07T04:30;2018-11-07T04:45;19;kWh;-2345;0;0;0;2345;-2345
2018-11-07T04:45;2018-11-07T05:00;20;kWh;-2916;0;0;0;2916;-2916
2018-11-07T05:00;2018-11-07T05:15;21;kWh;-1478;0;0;0;1478;-1478
2018-11-07T05:15;2018-11-07T05:30;22;kWh;-3511;0;0;0;3511;-3511
2018-11-07T05:30;2018-11-07T05:45;23;kWh;-1662;0;0;0;1662;-1662
2018-11-07T05:45;2018-11-07T06:00;24;kWh;-1971;0;0;0;1971;-1971
2018-11-07T06:00;2018-11-07T06:15;25;kWh;-1217;0;0;0;1217;-1217
2018-11-07T06:15;2018-11-07T06:30;26;kWh;-4958;0;0;0;4958;-4958
2018-11-07T06:30;2018-11-07T06:45;27;kWh;-270;2640;0;0;2910;2370
2018-11-07T06:45;2018-11-07T07:00;28;kWh;0;14044;0;0;14044;14044
2018-11-07T07:00;2018-11-07T07:15;29;kWh;-9543;388;0;0;9931;-9155
2018-11-07T07:15;2018-11-07T07:30;30;kWh;-48541;0;0;0;48541;-48541
2018-11-07T07:30;2018-11-07T07:45;31;kWh;-35143;0;0;0;35143;-35143
2018-11-07T07:45;2018-11-07T08:00;32;kWh;-12700;0;0;0;12700;-12700
2018-11-07T08:00;2018-11-07T08:15;33;kWh;-25823;0;0;0;25823;-25823
2018-11-07T08:15;2018-11-07T08:30;34;kWh;-19536;0;0;0;19536;-19536
2018-11-07T08:30;2018-11-07T08:45;35;kWh;-6662;44;0;0;6706;-6618
2018-11-07T08:45;2018-11-07T09:00;36;kWh;0;250;0;0;250;250
2018-11-07T09:00;2018-11-07T09:15;37;kWh;0;1250;0;0;1250;1250
2018-11-07T09:15;2018-11-07T09:30;38;kWh;0;685;0;0;685;685
2018-11-07T09:30;2018-11-07T09:45;39;kWh;0;0;0;0;0;0
2018-11-07T09:45;2018-11-07T10:00;40;kWh;0;1581;0;0;1581;1581
2018-11-07T10:00;2018-11-07T10:15;41;kWh;0;6722;0;0;6722;6722
2018-11-07T10:15;2018-11-07T10:30;42;kWh;-3262;602;0;0;3864;-2660
2018-11-07T10:30;2018-11-07T10:45;43;kWh;-18880;0;0;0;18880;-18880
2018-11-07T10:45;2018-11-07T11:00;44;kWh;-27130;0;0;0;27130;-27130
2018-11-07T11:00;2018-11-07T11:15;45;kWh;-7104;196;0;0;7300;-6908
2018-11-07T11:15;2018-11-07T11:30;46;kWh;0;1611;0;0;1611;1611
2018-11-07T11:30;2018-11-07T11:45;47;kWh;0;5318;0;0;5318;5318
2018-11-07T11:45;2018-11-07T12:00;48;kWh;0;45278;0;0;45278;45278
2018-11-07T12:00;2018-11-07T12:15;49;kWh;0;20314;0;0;20314;20314
2018-11-07T12:15;2018-11-07T12:30;50;kWh;0;6479;0;0;6479;6479
2018-11-07T12:30;2018-11-07T12:45;51;kWh;0;16567;0;0;16567;16567
2018-11-07T12:45;2018-11-07T13:00;52;kWh;0;22403;0;0;22403;22403
2018-11-07T13:00;2018-11-07T13:15;53;kWh;0;18118;0;0;18118;18118
2018-11-07T13:15;2018-11-07T13:30;54;kWh;0;23278;0;0;23278;23278
2018-11-07T13:30;2018-11-07T13:45;55;kWh;0;55456;0;0;55456;55456
2018-11-07T13:45;2018-11-07T14:00;56;kWh;0;14859;0;0;14859;14859
2018-11-07T14:00;2018-11-07T14:15;57;kWh;0;520;0;0;520;520
2018-11-07T14:15;2018-11-07T14:30;58;kWh;0;8310;0;0;8310;8310
2018-11-07T14:30;2018-11-07T14:45;59;kWh;0;42925;0;0;42925;42925
2018-11-07T14:45;2018-11-07T15:00;60;kWh;0;42581;0;0;45081;45081
2018-11-07T15:00;2018-11-07T15:15;61;kWh;-6391;335;0;0;6726;-6056
2018-11-07T15:15;2018-11-07T15:30;62;kWh;-174;0;0;0;174;-174
2018-11-07T15:30;2018-11-07T15:45;63;kWh;0;6079;0;0;6079;6079
2018-11-07T15:45;2018-11-07T16:00;64;kWh;0;27472;0;0;27472;27472
2018-11-07T16:00;2018-11-07T16:15;65;kWh;-23761;5674;0;0;29435;-18087
2018-11-07T16:15;2018-11-07T16:30;66;kWh;-4728;0;0;0;4728;-4728
2018-11-07T16:30;2018-11-07T16:45;67;kWh;-17322;0;0;0;17322;-17322
2018-11-07T16:45;2018-11-07T17:00;68;kWh;-6184;0;0;0;6184;-6184
2018-11-07T17:00;2018-11-07T17:15;69;kWh;-44786;0;0;0;44786;-44786
2018-11-07T17:15;2018-11-07T17:30;70;kWh;-42537;0;0;0;42537;-42537
2018-11-07T17:30;2018-11-07T17:45;71;kWh;-7971;0;0;0;7971;-7971
2018-11-07T17:45;2018-11-07T18:00;72;kWh;-383;0;0;0;383;-383
2018-11-07T18:00;2018-11-07T18:15;73;kWh;0;10580;0;0;10580;10580
2018-11-07T18:15;2018-11-07T18:30;74;kWh;0;12120;0;0;12120;12120
2018-11-07T18:30;2018-11-07T18:45;75;kWh;0;1664;0;0;1664;1664
2018-11-07T18:45;2018-11-07T19:00;76;kWh;0;0;0;0;0;0
2018-11-07T19:00;2018-11-07T19:15;77;kWh;0;13436;0;0;13436;13436
2018-11-07T19:15;2018-11-07T19:30;78;kWh;0;19416;0;0;19416;19416
2018-11-07T19:30;2018-11-07T19:45;79;kWh;-1593;1947;0;0;3540;354
2018-11-07T19:45;2018-11-07T20:00;80;kWh;-5006;0;0;0;5006;-5006
2018-11-07T20:00;2018-11-07T20:15;81;kWh;-226;15206;0;0;15432;14980
2018-11-07T20:15;2018-11-07T20:30;82;kWh;0;28748;0;0;28748;28748
2018-11-07T20:30;2018-11-07T20:45;83;kWh;-2594;11366;0;0;13960;8772
2018-11-07T20:45;2018-11-07T21:00;84;kWh;-22961;7;0;0;22968;-22954
2018-11-07T21:00;2018-11-07T21:15;85;kWh;-16838;9729;0;0;26567;-7109
2018-11-07T21:15;2018-11-07T21:30;86;kWh;-36;19348;0;0;19384;19312
2018-11-07T21:30;2018-11-07T21:45;87;kWh;-10567;0;0;0;10567;-10567
2018-11-07T21:45;2018-11-07T22:00;88;kWh;-9577;0;0;0;9577;-9577
2018-11-07T22:00;2018-11-07T22:15;89;kWh;-1121;4901;0;0;6022;3780
2018-11-07T22:15;2018-11-07T22:30;90;kWh;-5416;8808;0;0;14224;3392
2018-11-07T22:30;2018-11-07T22:45;91;kWh;-8908;156;0;0;9064;-8752
2018-11-07T22:45;2018-11-07T23:00;92;kWh;-15042;13;0;0;15055;-15029
2018-11-07T23:00;2018-11-07T23:15;93;kWh;-13571;6578;0;0;20149;-6993
2018-11-07T23:15;2018-11-07T23:30;94;kWh;-966;7515;0;0;8481;6549
2018-11-07T23:30;2018-11-07T23:45;95;kWh;-3274;148;0;0;3422;-3126
2018-11-07T23:45;2018-11-08T00:00;96;kWh;-327;3465;0;0;3792;3138
2018-11-08T00:00;2018-11-08T00:15;1;kWh;-16831;57;0;0;16888;-16774
2018-11-08T00:15;2018-11-08T00:30;2;kWh;-216;17402;0;0;17618;17186
2018-11-08T00:30;2018-11-08T00:45;3;kWh;-16967;30;0;0;16997;-16937
2018-11-08T00:45;2018-11-08T01:00;4;kWh;-24289;0;0;0;24289;-24289
2018-11-08T01:00;2018-11-08T01:15;5;kWh;-21598;1767;0;0;23365;-19831
2018-11-08T01:15;2018-11-08T01:30;6;kWh;-1361;3857;0;0;5218;2496
2018-11-08T01:30;2018-11-08T01:45;7;kWh;-22436;0;0;0;22436;-22436
2018-11-08T01:45;2018-11-08T02:00;8;kWh;-39058;0;0;0;39058;-39058
2018-11-08T02:00;2018-11-08T02:15;9;kWh;-31024;0;0;0;31024;-31024
2018-11-08T02:15;2018-11-08T02:30;10;kWh;-40878;0;0;0;40878;-40878
2018-11-08T02:30;2018-11-08T02:45;11;kWh;-29350;0;0;0;29350;-29350
2018-11-08T02:45;2018-11-08T03:00;12;kWh;-30273;0;0;0;30273;-30273
2018-11-08T03:00;2018-11-08T03:15;13;kWh;-34931;0;0;0;34931;-34931
2018-11-08T03:15;2018-11-08T03:30;14;kWh;-21317;0;0;0;21317;-21317
2018-11-08T03:30;2018-11-08T03:45;15;kWh;-37500;0;0;0;37500;-37500
2018-11-08T03:45;2018-11-08T04:00;16;kWh;-47860;0;0;0;47860;-47860
2018-11-08T04:00;2018-11-08T04:15;17;kWh;-61146;0;0;0;61146;-61146
2018-11-08T04:15;2018-11-08T04:30;18;kWh;-40327;0;0;0;40327;-40327
2018-11-08T04:30;2018-11-08T04:45;19;kWh;-31562;0;0;0;31562;-31562
2018-11-08T04:45;2018-11-08T05:00;20;kWh;-32565;0;0;0;32565;-32565
2018-11-08T05:00;2018-11-08T05:15;21;kWh;-45635;0;0;0;45635;-45635
2018-11-08T05:15;2018-11-08T05:30;22;kWh;-54020;0;0;0;54020;-54020
2018-11-08T05:30;2018-11-08T05:45;23;kWh;-5145;0;0;0;5145;-5145
2018-11-08T05:45;2018-11-08T06:00;24;kWh;-3666;0;0;0;3666;-3666
2018-11-08T06:00;2018-11-08T06:15;25;kWh;-6140;0;0;0;6140;-6140
2018-11-08T06:15;2018-11-08T06:30;26;kWh;-31965;0;0;0;31965;-31965
2018-11-08T06:30;2018-11-08T06:45;27;kWh;-3246;84;0;0;3330;-3162
2018-11-08T06:45;2018-11-08T07:00;28;kWh;0;30543;0;0;30543;30543
2018-11-08T07:00;2018-11-08T07:15;29;kWh;-44692;6128;0;0;50820;-38564
2018-11-08T07:15;2018-11-08T07:30;30;kWh;-17114;0;0;0;17114;-17114
2018-11-08T07:30;2018-11-08T07:45;31;kWh;-5706;0;0;0;5706;-5706
2018-11-08T07:45;2018-11-08T08:00;32;kWh;-240;0;0;0;240;-240
2018-11-08T08:00;2018-11-08T08:15;33;kWh;-15475;0;0;0;15475;-15475
2018-11-08T08:15;2018-11-08T08:30;34;kWh;-5455;0;0;0;5455;-5455
2018-11-08T08:30;2018-11-08T08:45;35;kWh;-1655;0;0;0;1655;-1655
2018-11-08T08:45;2018-11-08T09:00;36;kWh;-117;0;0;0;117;-117
2018-11-08T09:00;2018-11-08T09:15;37;kWh;-552;0;0;0;552;-552
2018-11-08T09:15;2018-11-08T09:30;38;kWh;-262;0;0;0;262;-262
2018-11-08T09:30;2018-11-08T09:45;39;kWh;-16205;0;0;0;16205;-16205
2018-11-08T09:45;2018-11-08T10:00;40;kWh;-39351;0;0;0;39351;-39351
2018-11-08T10:00;2018-11-08T10:15;41;kWh;-19070;0;0;0;19070;-19070
2018-11-08T10:15;2018-11-08T10:30;42;kWh;-5935;0;0;0;5935;-5935
2018-11-08T10:30;2018-11-08T10:45;43;kWh;-13171;0;0;0;13171;-13171
2018-11-08T10:45;2018-11-08T11:00;44;kWh;-28746;0;0;0;28746;-28746
2018-11-08T11:00;2018-11-08T11:15;45;kWh;-15819;0;0;0;15819;-15819
2018-11-08T11:15;2018-11-08T11:30;46;kWh;-5016;0;0;0;5016;-5016
2018-11-08T11:30;2018-11-08T11:45;47;kWh;-13285;0;0;0;13285;-13285
2018-11-08T11:45;2018-11-08T12:00;48;kWh;-22515;0;0;0;22515;-22515
2018-11-08T12:00;2018-11-08T12:15;49;kWh;-36317;0;0;0;36317;-36317
2018-11-08T12:15;2018-11-08T12:30;50;kWh;-54291;0;0;0;54291;-54291
2018-11-08T12:30;2018-11-08T12:45;51;kWh;-42233;0;0;0;42233;-42233
2018-11-08T12:45;2018-11-08T13:00;52;kWh;-42227;0;0;0;42227;-42227
2018-11-08T13:00;2018-11-08T13:15;53;kWh;-30222;0;0;0;30222;-30222
2018-11-08T13:15;2018-11-08T13:30;54;kWh;-10596;0;0;0;10596;-10596
2018-11-08T13:30;2018-11-08T13:45;55;kWh;-12303;0;0;0;12303;-12303
2018-11-08T13:45;2018-11-08T14:00;56;kWh;-768;0;0;0;768;-768
2018-11-08T14:00;2018-11-08T14:15;57;kWh;-12209;0;0;0;12209;-12209
2018-11-08T14:15;2018-11-08T14:30;58;kWh;-9617;0;0;0;9617;-9617
2018-11-08T14:30;2018-11-08T14:45;59;kWh;-4497;708;0;0;5205;-3789
2018-11-08T14:45;2018-11-08T15:00;60;kWh;-28;2671;0;0;2699;2643
2018-11-08T15:00;2018-11-08T15:15;61;kWh;-9568;634;0;0;10202;-8934
2018-11-08T15:15;2018-11-08T15:30;62;kWh;-8109;0;0;0;8109;-8109
2018-11-08T15:30;2018-11-08T15:45;63;kWh;-31;6218;0;0;6249;6187
2018-11-08T15:45;2018-11-08T16:00;64;kWh;0;31710;0;0;31710;31710
2018-11-08T16:00;2018-11-08T16:15;65;kWh;-10331;23577;0;0;33908;13246
2018-11-08T16:15;2018-11-08T16:30;66;kWh;-38352;99;0;0;38451;-38253
2018-11-08T16:30;2018-11-08T16:45;67;kWh;-2235;0;0;0;2235;-2235
2018-11-08T16:45;2018-11-08T17:00;68;kWh;-161;0;0;0;161;-161
2018-11-08T17:00;2018-11-08T17:15;69;kWh;-14161;0;0;0;14161;-14161
2018-11-08T17:15;2018-11-08T17:30;70;kWh;-1374;7495;0;0;8869;6121
2018-11-08T17:30;2018-11-08T17:45;71;kWh;0;7218;0;0;7218;7218
2018-11-08T17:45;2018-11-08T18:00;72;kWh;0;10252;0;0;10252;10252
2018-11-08T18:00;2018-11-08T18:15;73;kWh;-1520;11259;0;0;12779;9739
2018-11-08T18:15;2018-11-08T18:30;74;kWh;-4379;0;0;0;4379;-4379
2018-11-08T18:30;2018-11-08T18:45;75;kWh;-33830;0;0;0;33830;-33830
2018-11-08T18:45;2018-11-08T19:00;76;kWh;-35662;0;0;0;35662;-35662
2018-11-08T19:00;2018-11-08T19:15;77;kWh;-15997;0;0;0;15997;-15997
2018-11-08T19:15;2018-11-08T19:30;78;kWh;-2960;0;0;0;2960;-2960
2018-11-08T19:30;2018-11-08T19:45;79;kWh;-22528;0;0;0;22528;-22528
2018-11-08T19:45;2018-11-08T20:00;80;kWh;-42836;0;0;0;42836;-42836
2018-11-08T20:00;2018-11-08T20:15;81;kWh;-15047;1927;0;0;16974;-13120
2018-11-08T20:15;2018-11-08T20:30;82;kWh;-6313;0;0;0;6313;-6313
2018-11-08T20:30;2018-11-08T20:45;83;kWh;-35245;0;0;0;35245;-35245
2018-11-08T20:45;2018-11-08T21:00;84;kWh;-54505;0;0;0;54505;-54505
2018-11-08T21:00;2018-11-08T21:15;85;kWh;-13712;6101;0;0;19813;-7611
2018-11-08T21:15;2018-11-08T21:30;86;kWh;-184;2811;0;0;2995;2627
2018-11-08T21:30;2018-11-08T21:45;87;kWh;-26532;0;0;0;26532;-26532
2018-11-08T21:45;2018-11-08T22:00;88;kWh;-35591;0;0;0;35591;-35591
2018-11-08T22:00;2018-11-08T22:15;89;kWh;-14616;3482;0;0;18098;-11134
2018-11-08T22:15;2018-11-08T22:30;90;kWh;-7155;9;0;0;7164;-7146
2018-11-08T22:30;2018-11-08T22:45;91;kWh;-29534;0;0;0;29534;-29534
2018-11-08T22:45;2018-11-08T23:00;92;kWh;-40617;0;0;0;40617;-40617
2018-11-08T23:00;2018-11-08T23:15;93;kWh;-52483;0;0;0;52483;-52483
2018-11-08T23:15;2018-11-08T23:30;94;kWh;-16305;0;0;0;16305;-16305
2018-11-08T23:30;2018-11-08T23:45;95;kWh;-57083;0;0;0;57083;-57083
2018-11-08T23:45;2018-11-09T00:00;96;kWh;-58722;0;0;0;58722;-58722
2018-11-09T00:00;2018-11-09T00:15;1;kWh;-35689;3187;0;0;38876;-32502
2018-11-09T00:15;2018-11-09T00:30;2;kWh;-571;8331;0;0;8902;7760
2018-11-09T00:30;2018-11-09T00:45;3;kWh;-14313;0;0;0;14313;-14313
2018-11-09T00:45;2018-11-09T01:00;4;kWh;-23035;0;0;0;23035;-23035
2018-11-09T01:00;2018-11-09T01:15;5;kWh;-39110;0;0;0;39110;-39110
2018-11-09T01:15;2018-11-09T01:30;6;kWh;-5111;0;0;0;5111;-5111
2018-11-09T01:30;2018-11-09T01:45;7;kWh;-10029;0;0;0;10029;-10029
2018-11-09T01:45;2018-11-09T02:00;8;kWh;-19687;0;0;0;19687;-19687
2018-11-09T02:00;2018-11-09T02:15;9;kWh;-13214;0;0;0;13214;-13214
2018-11-09T02:15;2018-11-09T02:30;10;kWh;-24545;0;0;0;24545;-24545
2018-11-09T02:30;2018-11-09T02:45;11;kWh;-46996;0;0;0;46996;-46996
2018-11-09T02:45;2018-11-09T03:00;12;kWh;-57378;0;0;0;57378;-57378
2018-11-09T03:00;2018-11-09T03:15;13;kWh;-23589;0;0;0;23589;-23589
2018-11-09T03:15;2018-11-09T03:30;14;kWh;-2968;0;0;0;2968;-2968
2018-11-09T03:30;2018-11-09T03:45;15;kWh;-7545;0;0;0;7545;-7545
2018-11-09T03:45;2018-11-09T04:00;16;kWh;-8228;0;0;0;8228;-8228
2018-11-09T04:00;2018-11-09T04:15;17;kWh;-6045;0;0;0;6045;-6045
2018-11-09T04:15;2018-11-09T04:30;18;kWh;-2136;0;0;0;2136;-2136
2018-11-09T04:30;2018-11-09T04:45;19;kWh;-544;0;0;0;544;-544
2018-11-09T04:45;2018-11-09T05:00;20;kWh;0;0;0;0;0;0
2018-11-09T05:00;2018-11-09T05:15;21;kWh;-13497;0;0;0;13497;-13497
2018-11-09T05:15;2018-11-09T05:30;22;kWh;-28855;0;0;0;28855;-28855
2018-11-09T05:30;2018-11-09T05:45;23;kWh;-4081;0;0;0;4081;-4081
2018-11-09T05:45;2018-11-09T06:00;24;kWh;0;2671;0;0;2671;2671
2018-11-09T06:00;2018-11-09T06:15;25;kWh;0;4569;0;0;4569;4569
2018-11-09T06:15;2018-11-09T06:30;26;kWh;-16741;0;0;0;16741;-16741
2018-11-09T06:30;2018-11-09T06:45;27;kWh;-889;466;0;0;1355;-423
2018-11-09T06:45;2018-11-09T07:00;28;kWh;0;26723;0;0;26723;26723
2018-11-09T07:00;2018-11-09T07:15;29;kWh;-462;13409;0;0;13871;12947
2018-11-09T07:15;2018-11-09T07:30;30;kWh;-783;0;0;0;783;-783
2018-11-09T07:30;2018-11-09T07:45;31;kWh;0;2921;0;0;2921;2921
2018-11-09T07:45;2018-11-09T08:00;32;kWh;0;41449;0;0;41449;41449
2018-11-09T08:00;2018-11-09T08:15;33;kWh;-6891;9976;0;0;16867;3085
2018-11-09T08:15;2018-11-09T08:30;34;kWh;0;0;0;0;0;0
2018-11-09T08:30;2018-11-09T08:45;35;kWh;0;353;0;0;353;353
2018-11-09T08:45;2018-11-09T09:00;36;kWh;0;5163;0;0;5163;5163
2018-11-09T09:00;2018-11-09T09:15;37;kWh;0;3895;0;0;3895;3895
2018-11-09T09:15;2018-11-09T09:30;38;kWh;0;28418;0;0;28418;28418
2018-11-09T09:30;2018-11-09T09:45;39;kWh;0;56133;0;0;56133;56133
2018-11-09T09:45;2018-11-09T10:00;40;kWh;0;6779;0;0;6779;6779
2018-11-09T10:00;2018-11-09T10:15;41;kWh;0;28042;0;0;28042;28042
2018-11-09T10:15;2018-11-09T10:30;42;kWh;0;30361;0;0;30361;30361
2018-11-09T10:30;2018-11-09T10:45;43;kWh;0;54780;0;0;54780;54780
2018-11-09T10:45;2018-11-09T11:00;44;kWh;0;45643;0;0;45643;45643
2018-11-09T11:00;2018-11-09T11:15;45;kWh;-104;11972;0;0;12076;11868
2018-11-09T11:15;2018-11-09T11:30;46;kWh;0;6705;0;0;6705;6705
2018-11-09T11:30;2018-11-09T11:45;47;kWh;0;25421;0;0;25421;25421
2018-11-09T11:45;2018-11-09T12:00;48;kWh;0;60282;0;0;60282;60282
2018-11-09T12:00;2018-11-09T12:15;49;kWh;0;63022;0;0;63022;63022
2018-11-09T12:15;2018-11-09T12:30;50;kWh;0;39381;0;0;39381;39381
2018-11-09T12:30;2018-11-09T12:45;51;kWh;0;20752;0;0;20752;20752
2018-11-09T12:45;2018-11-09T13:00;52;kWh;0;17396;0;0;17396;17396
2018-11-09T13:00;2018-11-09T13:15;53;kWh;0;33070;0;0;33070;33070
2018-11-09T13:15;2018-11-09T13:30;54;kWh;0;41891;0;0;41891;41891
2018-11-09T13:30;2018-11-09T13:45;55;kWh;0;30034;0;0;30034;30034
2018-11-09T13:45;2018-11-09T14:00;56;kWh;0;14905;0;0;14905;14905
2018-11-09T14:00;2018-11-09T14:15;57;kWh;0;21307;0;0;21307;21307
2018-11-09T14:15;2018-11-09T14:30;58;kWh;0;41221;0;0;41221;41221
2018-11-09T14:30;2018-11-09T14:45;59;kWh;0;1078;0;0;1078;1078
2018-11-09T14:45;2018-11-09T15:00;60;kWh;0;1332;0;0;1332;1332
2018-11-09T15:00;2018-11-09T15:15;61;kWh;0;7361;0;0;7361;7361
2018-11-09T15:15;2018-11-09T15:30;62;kWh;0;2119;0;0;2119;2119
2018-11-09T15:30;2018-11-09T15:45;63;kWh;0;31;0;0;31;31
2018-11-09T15:45;2018-11-09T16:00;64;kWh;0;28;0;0;28;28
2018-11-09T16:00;2018-11-09T16:15;65;kWh;0;12;0;0;12;12
2018-11-09T16:15;2018-11-09T16:30;66;kWh;0;0;0;0;0;0
2018-11-09T16:30;2018-11-09T16:45;67;kWh;0;286;0;0;286;286
2018-11-09T16:45;2018-11-09T17:00;68;kWh;0;915;0;0;915;915
2018-11-09T17:00;2018-11-09T17:15;69;kWh;-12399;0;0;0;12399;-12399
2018-11-09T17:15;2018-11-09T17:30;70;kWh;-224;0;0;0;224;-224
2018-11-09T17:30;2018-11-09T17:45;71;kWh;-185;0;0;0;185;-185
2018-11-09T17:45;2018-11-09T18:00;72;kWh;-1088;0;0;0;1088;-1088
2018-11-09T18:00;2018-11-09T18:15;73;kWh;-22;229;0;0;251;207
2018-11-09T18:15;2018-11-09T18:30;74;kWh;-12099;0;0;0;12099;-12099
2018-11-09T18:30;2018-11-09T18:45;75;kWh;-50878;0;0;0;50878;-50878
2018-11-09T18:45;2018-11-09T19:00;76;kWh;-51681;0;0;0;51681;-51681
2018-11-09T19:00;2018-11-09T19:15;77;kWh;-7783;29130;0;0;36913;21347
2018-11-09T19:15;2018-11-09T19:30;78;kWh;0;25425;0;0;25425;25425
2018-11-09T19:30;2018-11-09T19:45;79;kWh;-4262;308;0;0;4570;-3954
2018-11-09T19:45;2018-11-09T20:00;80;kWh;-4180;0;0;0;4180;-4180
2018-11-09T20:00;2018-11-09T20:15;81;kWh;-437;10854;0;0;11291;10417
2018-11-09T20:15;2018-11-09T20:30;82;kWh;-33;1768;0;0;1801;1735
2018-11-09T20:30;2018-11-09T20:45;83;kWh;-26929;0;0;0;26929;-26929
2018-11-09T20:45;2018-11-09T21:00;84;kWh;-57500;0;0;0;57500;-57500
2018-11-09T21:00;2018-11-09T21:15;85;kWh;-21217;7733;0;0;28950;-13484
2018-11-09T21:15;2018-11-09T21:30;86;kWh;0;3671;0;0;3671;3671
2018-11-09T21:30;2018-11-09T21:45;87;kWh;-5598;0;0;0;5598;-5598
2018-11-09T21:45;2018-11-09T22:00;88;kWh;-16264;0;0;0;16264;-16264
2018-11-09T22:00;2018-11-09T22:15;89;kWh;-34434;269;0;0;34703;-34165
2018-11-09T22:15;2018-11-09T22:30;90;kWh;-17510;387;0;0;17897;-17123
2018-11-09T22:30;2018-11-09T22:45;91;kWh;-48194;0;0;0;48194;-48194
2018-11-09T22:45;2018-11-09T23:00;92;kWh;-44237;0;0;0;44237;-44237
2018-11-09T23:00;2018-11-09T23:15;93;kWh;-43924;252;0;0;44176;-43672
2018-11-09T23:15;2018-11-09T23:30;94;kWh;-742;2009;0;0;2751;1267
2018-11-09T23:30;2018-11-09T23:45;95;kWh;0;27523;0;0;27523;27523
2018-11-09T23:45;2018-11-10T00:00;96;kWh;0;60230;0;0;60230;60230
2018-11-10T00:00;2018-11-10T00:15;1;kWh;-1350;3602;0;0;4952;2252
2018-11-10T00:15;2018-11-10T00:30;2;kWh;0;2926;0;0;2926;2926
2018-11-10T00:30;2018-11-10T00:45;3;kWh;-644;2248;0;0;2892;1604
2018-11-10T00:45;2018-11-10T01:00;4;kWh;-8550;0;0;0;8550;-8550
2018-11-10T01:00;2018-11-10T01:15;5;kWh;-10208;276;0;0;10484;-9932
2018-11-10T01:15;2018-11-10T01:30;6;kWh;-67;21208;0;0;21275;21141
2018-11-10T01:30;2018-11-10T01:45;7;kWh;-9773;2831;0;0;12604;-6942
2018-11-10T01:45;2018-11-10T02:00;8;kWh;-15787;0;0;0;15787;-15787
2018-11-10T02:00;2018-11-10T02:15;9;kWh;-7358;2325;0;0;9683;-5033
2018-11-10T02:15;2018-11-10T02:30;10;kWh;0;36365;0;0;36365;36365
2018-11-10T02:30;2018-11-10T02:45;11;kWh;0;27549;0;0;27549;27549
2018-11-10T02:45;2018-11-10T03:00;12;kWh;-6157;3805;0;0;9962;-2352
2018-11-10T03:00;2018-11-10T03:15;13;kWh;-4873;778;0;0;5651;-4095
2018-11-10T03:15;2018-11-10T03:30;14;kWh;-157;6327;0;0;6484;6170
2018-11-10T03:30;2018-11-10T03:45;15;kWh;-20580;0;0;0;20580;-20580
2018-11-10T03:45;2018-11-10T04:00;16;kWh;-55775;0;0;0;55775;-55775
2018-11-10T04:00;2018-11-10T04:15;17;kWh;-46254;0;0;0;46254;-46254
2018-11-10T04:15;2018-11-10T04:30;18;kWh;-961;0;0;0;961;-961
2018-11-10T04:30;2018-11-10T04:45;19;kWh;-26563;0;0;0;26563;-26563
2018-11-10T04:45;2018-11-10T05:00;20;kWh;-41218;0;0;0;41218;-41218
2018-11-10T05:00;2018-11-10T05:15;21;kWh;-48764;0;0;0;48764;-48764
2018-11-10T05:15;2018-11-10T05:30;22;kWh;-48852;0;0;0;48852;-48852
2018-11-10T05:30;2018-11-10T05:45;23;kWh;-42315;0;0;0;42315;-42315
2018-11-10T05:45;2018-11-10T06:00;24;kWh;-14749;0;0;0;14749;-14749
2018-11-10T06:00;2018-11-10T06:15;25;kWh;-27926;0;0;0;27926;-27926
2018-11-10T06:15;2018-11-10T06:30;26;kWh;-31838;0;0;0;31838;-31838
2018-11-10T06:30;2018-11-10T06:45;27;kWh;-11726;0;0;0;11726;-11726
2018-11-10T06:45;2018-11-10T07:00;28;kWh;-12043;0;0;0;12043;-12043
2018-11-10T07:00;2018-11-10T07:15;29;kWh;-38736;0;0;0;38736;-38736
2018-11-10T07:15;2018-11-10T07:30;30;kWh;-50693;0;0;0;50693;-50693
2018-11-10T07:30;2018-11-10T07:45;31;kWh;-16743;0;0;0;16743;-16743
2018-11-10T07:45;2018-11-10T08:00;32;kWh;-223;0;0;0;223;-223
2018-11-10T08:00;2018-11-10T08:15;33;kWh;-113;665;0;0;778;552
2018-11-10T08:15;2018-11-10T08:30;34;kWh;-933;0;0;0;933;-933
2018-11-10T08:30;2018-11-10T08:45;35;kWh;-14;0;0;0;14;-14
2018-11-10T08:45;2018-11-10T09:00;36;kWh;-179;0;0;0;179;-179
2018-11-10T09:00;2018-11-10T09:15;37;kWh;-507;233;0;0;740;-274
2018-11-10T09:15;2018-11-10T09:30;38;kWh;-1157;64;0;0;1221;-1093
2018-11-10T09:30;2018-11-10T09:45;39;kWh;0;7052;0;0;7052;7052
2018-11-10T09:45;2018-11-10T10:00;40;kWh;0;17942;0;0;17942;17942
2018-11-10T10:00;2018-11-10T10:15;41;kWh;0;10349;0;0;10349;10349
2018-11-10T10:15;2018-11-10T10:30;42;kWh;0;13648;0;0;13648;13648
2018-11-10T10:30;2018-11-10T10:45;43;kWh;0;22806;0;0;22806;22806
2018-11-10T10:45;2018-11-10T11:00;44;kWh;0;24020;0;0;24020;24020
2018-11-10T11:00;2018-11-10T11:15;45;kWh;0;10343;0;0;10343;10343
2018-11-10T11:15;2018-11-10T11:30;46;kWh;0;973;0;0;973;973
2018-11-10T11:30;2018-11-10T11:45;47;kWh;0;17247;0;0;17247;17247
2018-11-10T11:45;2018-11-10T12:00;48;kWh;0;33782;0;0;33782;33782
2018-11-10T12:00;2018-11-10T12:15;49;kWh;0;20642;0;0;20642;20642
2018-11-10T12:15;2018-11-10T12:30;50;kWh;0;14024;0;0;14024;14024
2018-11-10T12:30;2018-11-10T12:45;51;kWh;0;19638;0;0;19638;19638
2018-11-10T12:45;2018-11-10T13:00;52;kWh;0;16121;0;0;16121;16121
2018-11-10T13:00;2018-11-10T13:15;53;kWh;0;41523;0;0;41523;41523
2018-11-10T13:15;2018-11-10T13:30;54;kWh;0;26438;0;0;26438;26438
2018-11-10T13:30;2018-11-10T13:45;55;kWh;0;35883;0;0;35883;35883
2018-11-10T13:45;2018-11-10T14:00;56;kWh;0;43345;0;0;43345;43345
2018-11-10T14:00;2018-11-10T14:15;57;kWh;0;42886;0;0;42886;42886
2018-11-10T14:15;2018-11-10T14:30;58;kWh;0;38945;0;0;38945;38945
2018-11-10T14:30;2018-11-10T14:45;59;kWh;0;63129;0;0;63129;63129
2018-11-10T14:45;2018-11-10T15:00;60;kWh;0;70812;0;0;70812;70812
2018-11-10T15:00;2018-11-10T15:15;61;kWh;-294;25507;0;0;25801;25213
2018-11-10T15:15;2018-11-10T15:30;62;kWh;-19;1416;0;0;1435;1397
2018-11-10T15:30;2018-11-10T15:45;63;kWh;0;32176;0;0;32176;32176
2018-11-10T15:45;2018-11-10T16:00;64;kWh;0;43183;0;0;43183;43183
2018-11-10T16:00;2018-11-10T16:15;65;kWh;-724;16164;0;0;16888;15440
2018-11-10T16:15;2018-11-10T16:30;66;kWh;0;0;0;0;0;0
2018-11-10T16:30;2018-11-10T16:45;67;kWh;0;0;0;0;0;0
2018-11-10T16:45;2018-11-10T17:00;68;kWh;0;1336;0;0;1336;1336
2018-11-10T17:00;2018-11-10T17:15;69;kWh;-6632;101;0;0;6733;-6531
2018-11-10T17:15;2018-11-10T17:30;70;kWh;-791;18954;0;0;19745;18163
2018-11-10T17:30;2018-11-10T17:45;71;kWh;0;21275;0;0;21275;21275
2018-11-10T17:45;2018-11-10T18:00;72;kWh;0;122;0;0;122;122
2018-11-10T18:00;2018-11-10T18:15;73;kWh;0;21091;0;0;21091;21091
2018-11-10T18:15;2018-11-10T18:30;74;kWh;0;22740;0;0;22740;22740
2018-11-10T18:30;2018-11-10T18:45;75;kWh;-13033;1701;0;0;14734;-11332
2018-11-10T18:45;2018-11-10T19:00;76;kWh;-30656;0;0;0;30656;-30656
2018-11-10T19:00;2018-11-10T19:15;77;kWh;-9464;485;0;0;9949;-8979
2018-11-10T19:15;2018-11-10T19:30;78;kWh;-523;0;0;0;523;-523
2018-11-10T19:30;2018-11-10T19:45;79;kWh;-32146;0;0;0;32146;-32146
2018-11-10T19:45;2018-11-10T20:00;80;kWh;-44605;0;0;0;44605;-44605
2018-11-10T20:00;2018-11-10T20:15;81;kWh;-12023;12678;0;0;24701;655
2018-11-10T20:15;2018-11-10T20:30;82;kWh;-1472;847;0;0;2319;-625
2018-11-10T20:30;2018-11-10T20:45;83;kWh;-5577;0;0;0;5577;-5577
2018-11-10T20:45;2018-11-10T21:00;84;kWh;-11755;0;0;0;11755;-11755
2018-11-10T21:00;2018-11-10T21:15;85;kWh;-11435;8816;0;0;20251;-2619
2018-11-10T21:15;2018-11-10T21:30;86;kWh;-462;31741;0;0;32203;31279
2018-11-10T21:30;2018-11-10T21:45;87;kWh;-20408;549;0;0;20957;-19859
2018-11-10T21:45;2018-11-10T22:00;88;kWh;-20795;1393;0;0;22188;-19402
2018-11-10T22:00;2018-11-10T22:15;89;kWh;-748;7660;0;0;8408;6912
2018-11-10T22:15;2018-11-10T22:30;90;kWh;0;44438;0;0;44438;44438
2018-11-10T22:30;2018-11-10T22:45;91;kWh;-2828;3402;0;0;6230;574
2018-11-10T22:45;2018-11-10T23:00;92;kWh;-594;5101;0;0;5695;4507
2018-11-10T23:00;2018-11-10T23:15;93;kWh;-12065;1573;0;0;13638;-10492
2018-11-10T23:15;2018-11-10T23:30;94;kWh;-49;31684;0;0;31733;31635
2018-11-10T23:30;2018-11-10T23:45;95;kWh;-11919;2479;0;0;14398;-9440
2018-11-10T23:45;2018-11-11T00:00;96;kWh;-16780;0;0;0;16780;-16780
2018-11-11T00:00;2018-11-11T00:15;1;kWh;-9210;832;0;0;10042;-8378
2018-11-11T00:15;2018-11-11T00:30;2;kWh;-10;2244;0;0;2254;2234
2018-11-11T00:30;2018-11-11T00:45;3;kWh;0;27154;0;0;27154;27154
2018-11-11T00:45;2018-11-11T01:00;4;kWh;0;38739;0;0;38739;38739
2018-11-11T01:00;2018-11-11T01:15;5;kWh;-658;10856;0;0;11514;10198
2018-11-11T01:15;2018-11-11T01:30;6;kWh;-142;0;0;0;142;-142
2018-11-11T01:30;2018-11-11T01:45;7;kWh;-11596;0;0;0;11596;-11596
2018-11-11T01:45;2018-11-11T02:00;8;kWh;-18580;0;0;0;18580;-18580
2018-11-11T02:00;2018-11-11T02:15;9;kWh;-2384;9029;0;0;11413;6645
2018-11-11T02:15;2018-11-11T02:30;10;kWh;0;9594;0;0;9594;9594
2018-11-11T02:30;2018-11-11T02:45;11;kWh;-2249;301;0;0;2550;-1948
2018-11-11T02:45;2018-11-11T03:00;12;kWh;-18154;0;0;0;18154;-18154
2018-11-11T03:00;2018-11-11T03:15;13;kWh;-22635;0;0;0;22635;-22635
2018-11-11T03:15;2018-11-11T03:30;14;kWh;-34720;0;0;0;34720;-34720
2018-11-11T03:30;2018-11-11T03:45;15;kWh;-31959;0;0;0;31959;-31959
2018-11-11T03:45;2018-11-11T04:00;16;kWh;-40379;0;0;0;40379;-40379
2018-11-11T04:00;2018-11-11T04:15;17;kWh;-42076;0;0;0;42076;-42076
2018-11-11T04:15;2018-11-11T04:30;18;kWh;-49755;0;0;0;49755;-49755
2018-11-11T04:30;2018-11-11T04:45;19;kWh;-47518;0;0;0;47518;-47518
2018-11-11T04:45;2018-11-11T05:00;20;kWh;-46675;0;0;0;46675;-46675
2018-11-11T05:00;2018-11-11T05:15;21;kWh;-43679;0;0;0;43679;-43679
2018-11-11T05:15;2018-11-11T05:30;22;kWh;-14081;0;0;0;14081;-14081
2018-11-11T05:30;2018-11-11T05:45;23;kWh;-20500;0;0;0;20500;-20500
2018-11-11T05:45;2018-11-11T06:00;24;kWh;-15440;0;0;0;15440;-15440
2018-11-11T06:00;2018-11-11T06:15;25;kWh;-3923;2256;0;0;6179;-1667
2018-11-11T06:15;2018-11-11T06:30;26;kWh;-14465;0;0;0;14465;-14465
2018-11-11T06:30;2018-11-11T06:45;27;kWh;-9584;0;0;0;9584;-9584
2018-11-11T06:45;2018-11-11T07:00;28;kWh;-111;0;0;0;111;-111
2018-11-11T07:00;2018-11-11T07:15;29;kWh;-5085;0;0;0;5085;-5085
2018-11-11T07:15;2018-11-11T07:30;30;kWh;-55;3275;0;0;3330;3220
2018-11-11T07:30;2018-11-11T07:45;31;kWh;0;26170;0;0;26170;26170
2018-11-11T07:45;2018-11-11T08:00;32;kWh;0;12869;0;0;12869;12869
2018-11-11T08:00;2018-11-11T08:15;33;kWh;0;25314;0;0;25314;25314
2018-11-11T08:15;2018-11-11T08:30;34;kWh;0;18397;0;0;18397;18397
2018-11-11T08:30;2018-11-11T08:45;35;kWh;0;3448;0;0;3448;3448
2018-11-11T08:45;2018-11-11T09:00;36;kWh;0;6588;0;0;6588;6588
2018-11-11T09:00;2018-11-11T09:15;37;kWh;0;24933;0;0;24933;24933
2018-11-11T09:15;2018-11-11T09:30;38;kWh;0;12200;0;0;12200;12200
2018-11-11T09:30;2018-11-11T09:45;39;kWh;0;5286;0;0;5286;5286
2018-11-11T09:45;2018-11-11T10:00;40;kWh;0;2792;0;0;2792;2792
2018-11-11T10:00;2018-11-11T10:15;41;kWh;0;113;0;0;113;113
2018-11-11T10:15;2018-11-11T10:30;42;kWh;0;0;0;0;0;0
2018-11-11T10:30;2018-11-11T10:45;43;kWh;0;0;0;0;0;0
2018-11-11T10:45;2018-11-11T11:00;44;kWh;0;0;0;0;0;0
2018-11-11T11:00;2018-11-11T11:15;45;kWh;-5046;0;0;0;5046;-5046
2018-11-11T11:15;2018-11-11T11:30;46;kWh;-13377;0;0;0;13377;-13377
2018-11-11T11:30;2018-11-11T11:45;47;kWh;-2619;0;0;0;2619;-2619
2018-11-11T11:45;2018-11-11T12:00;48;kWh;0;3539;0;0;3539;3539
2018-11-11T12:00;2018-11-11T12:15;49;kWh;0;19941;0;0;19941;19941
2018-11-11T12:15;2018-11-11T12:30;50;kWh;0;34196;0;0;34196;34196
2018-11-11T12:30;2018-11-11T12:45;51;kWh;0;46465;0;0;46465;46465
2018-11-11T12:45;2018-11-11T13:00;52;kWh;0;33777;0;0;33777;33777
2018-11-11T13:00;2018-11-11T13:15;53;kWh;0;24976;0;0;24976;24976
2018-11-11T13:15;2018-11-11T13:30;54;kWh;0;30856;0;0;30856;30856
2018-11-11T13:30;2018-11-11T13:45;55;kWh;0;17028;0;0;17028;17028
2018-11-11T13:45;2018-11-11T14:00;56;kWh;-892;202;0;0;1094;-690
2018-11-11T14:00;2018-11-11T14:15;57;kWh;-3201;0;0;0;3201;-3201
2018-11-11T14:15;2018-11-11T14:30;58;kWh;-1780;0;0;0;1780;-1780
2018-11-11T14:30;2018-11-11T14:45;59;kWh;0;4575;0;0;4575;4575
2018-11-11T14:45;2018-11-11T15:00;60;kWh;0;13471;0;0;13471;13471
2018-11-11T15:00;2018-11-11T15:15;61;kWh;-236;9129;0;0;9365;8893
2018-11-11T15:15;2018-11-11T15:30;62;kWh;-153;7481;0;0;7634;7328
2018-11-11T15:30;2018-11-11T15:45;63;kWh;0;10909;0;0;10909;10909
2018-11-11T15:45;2018-11-11T16:00;64;kWh;0;46659;0;0;46659;46659
2018-11-11T16:00;2018-11-11T16:15;65;kWh;-5309;14290;0;0;19599;8981
2018-11-11T16:15;2018-11-11T16:30;66;kWh;-3959;125;0;0;4084;-3834
2018-11-11T16:30;2018-11-11T16:45;67;kWh;0;9906;0;0;9906;9906
2018-11-11T16:45;2018-11-11T17:00;68;kWh;0;32708;0;0;32708;32708
2018-11-11T17:00;2018-11-11T17:15;69;kWh;-1449;18601;0;0;20050;17152
2018-11-11T17:15;2018-11-11T17:30;70;kWh;0;35872;0;0;35872;35872
2018-11-11T17:30;2018-11-11T17:45;71;kWh;0;51962;0;0;51962;51962
2018-11-11T17:45;2018-11-11T18:00;72;kWh;0;27077;0;0;27077;27077
2018-11-11T18:00;2018-11-11T18:15;73;kWh;0;35219;0;0;35219;35219
2018-11-11T18:15;2018-11-11T18:30;74;kWh;0;23860;0;0;23860;23860
2018-11-11T18:30;2018-11-11T18:45;75;kWh;0;21208;0;0;21208;21208
2018-11-11T18:45;2018-11-11T19:00;76;kWh;0;14867;0;0;14867;14867
2018-11-11T19:00;2018-11-11T19:15;77;kWh;0;9993;0;0;9993;9993
2018-11-11T19:15;2018-11-11T19:30;78;kWh;0;8566;0;0;8566;8566
2018-11-11T19:30;2018-11-11T19:45;79;kWh;0;2206;0;0;2206;2206
2018-11-11T19:45;2018-11-11T20:00;80;kWh;0;23026;0;0;23026;23026
2018-11-11T20:00;2018-11-11T20:15;81;kWh;0;28005;0;0;28005;28005
2018-11-11T20:15;2018-11-11T20:30;82;kWh;0;41800;0;0;41800;41800
2018-11-11T20:30;2018-11-11T20:45;83;kWh;-8042;2626;0;0;10668;-5416
2018-11-11T20:45;2018-11-11T21:00;84;kWh;-14232;0;0;0;14232;-14232
2018-11-11T21:00;2018-11-11T21:15;85;kWh;-8176;8668;0;0;16844;492
2018-11-11T21:15;2018-11-11T21:30;86;kWh;0;81533;0;0;81533;81533
2018-11-11T21:30;2018-11-11T21:45;87;kWh;-131;36517;0;0;41648;41386
2018-11-11T21:45;2018-11-11T22:00;88;kWh;-17081;0;0;0;17081;-17081
2018-11-11T22:00;2018-11-11T22:15;89;kWh;-15890;0;0;0;15890;-15890
2018-11-11T22:15;2018-11-11T22:30;90;kWh;-4632;0;0;0;4632;-4632
2018-11-11T22:30;2018-11-11T22:45;91;kWh;-1117;0;0;0;1117;-1117
2018-11-11T22:45;2018-11-11T23:00;92;kWh;0;8870;0;0;8870;8870
2018-11-11T23:00;2018-11-11T23:15;93;kWh;-23810;2205;0;0;26015;-21605
2018-11-11T23:15;2018-11-11T23:30;94;kWh;-6671;0;0;0;6671;-6671
2018-11-11T23:30;2018-11-11T23:45;95;kWh;-23437;0;0;0;23437;-23437
2018-11-11T23:45;2018-11-12T00:00;96;kWh;-42122;0;0;0;42122;-42122
2018-11-12T00:00;2018-11-12T00:15;1;kWh;-28325;0;0;0;28325;-28325
2018-11-12T00:15;2018-11-12T00:30;2;kWh;-19021;0;0;0;19021;-19021
2018-11-12T00:30;2018-11-12T00:45;3;kWh;-5866;80;0;0;5946;-5786
2018-11-12T00:45;2018-11-12T01:00;4;kWh;-9445;0;0;0;9445;-9445
2018-11-12T01:00;2018-11-12T01:15;5;kWh;-25971;0;0;0;25971;-25971
2018-11-12T01:15;2018-11-12T01:30;6;kWh;-13292;0;0;0;13292;-13292
2018-11-12T01:30;2018-11-12T01:45;7;kWh;-8877;0;0;0;8877;-8877
2018-11-12T01:45;2018-11-12T02:00;8;kWh;-16339;0;0;0;16339;-16339
2018-11-12T02:00;2018-11-12T02:15;9;kWh;-14627;0;0;0;14627;-14627
2018-11-12T02:15;2018-11-12T02:30;10;kWh;-576;0;0;0;576;-576
2018-11-12T02:30;2018-11-12T02:45;11;kWh;0;0;0;0;0;0
2018-11-12T02:45;2018-11-12T03:00;12;kWh;0;1273;0;0;1273;1273
2018-11-12T03:00;2018-11-12T03:15;13;kWh;0;6747;0;0;6747;6747
2018-11-12T03:15;2018-11-12T03:30;14;kWh;0;29504;0;0;29504;29504
2018-11-12T03:30;2018-11-12T03:45;15;kWh;0;34666;0;0;34666;34666
2018-11-12T03:45;2018-11-12T04:00;16;kWh;0;26538;0;0;26538;26538
2018-11-12T04:00;2018-11-12T04:15;17;kWh;-2482;6858;0;0;9340;4376
2018-11-12T04:15;2018-11-12T04:30;18;kWh;-8099;1;0;0;8100;-8098
2018-11-12T04:30;2018-11-12T04:45;19;kWh;-4551;0;0;0;4551;-4551
2018-11-12T04:45;2018-11-12T05:00;20;kWh;-8;4475;0;0;4483;4467
2018-11-12T05:00;2018-11-12T05:15;21;kWh;-95;5220;0;0;5315;5125
2018-11-12T05:15;2018-11-12T05:30;22;kWh;-4489;549;0;0;5038;-3940
2018-11-12T05:30;2018-11-12T05:45;23;kWh;0;23047;0;0;23047;23047
2018-11-12T05:45;2018-11-12T06:00;24;kWh;0;12125;0;0;12125;12125
2018-11-12T06:00;2018-11-12T06:15;25;kWh;-2642;605;0;0;3247;-2037
2018-11-12T06:15;2018-11-12T06:30;26;kWh;-6544;0;0;0;6544;-6544
2018-11-12T06:30;2018-11-12T06:45;27;kWh;-340;0;0;0;340;-340
2018-11-12T06:45;2018-11-12T07:00;28;kWh;0;24961;0;0;24961;24961
2018-11-12T07:00;2018-11-12T07:15;29;kWh;-31957;7318;0;0;39275;-24639
2018-11-12T07:15;2018-11-12T07:30;30;kWh;-23633;0;0;0;23633;-23633
2018-11-12T07:30;2018-11-12T07:45;31;kWh;-5999;278;0;0;6277;-5721
2018-11-12T07:45;2018-11-12T08:00;32;kWh;-14;8903;0;0;8917;8889
2018-11-12T08:00;2018-11-12T08:15;33;kWh;-2320;2032;0;0;4352;-288
2018-11-12T08:15;2018-11-12T08:30;34;kWh;-1826;0;0;0;1826;-1826
2018-11-12T08:30;2018-11-12T08:45;35;kWh;-950;819;0;0;1769;-131
2018-11-12T08:45;2018-11-12T09:00;36;kWh;0;23610;0;0;23610;23610
2018-11-12T09:00;2018-11-12T09:15;37;kWh;0;17861;0;0;17861;17861
2018-11-12T09:15;2018-11-12T09:30;38;kWh;-339;833;0;0;1172;494
2018-11-12T09:30;2018-11-12T09:45;39;kWh;0;1685;0;0;1685;1685
2018-11-12T09:45;2018-11-12T10:00;40;kWh;0;2204;0;0;2204;2204
2018-11-12T10:00;2018-11-12T10:15;41;kWh;0;32050;0;0;32050;32050
2018-11-12T10:15;2018-11-12T10:30;42;kWh;0;41440;0;0;41440;41440
2018-11-12T10:30;2018-11-12T10:45;43;kWh;0;44601;0;0;44601;44601
2018-11-12T10:45;2018-11-12T11:00;44;kWh;0;52009;0;0;52009;52009
2018-11-12T11:00;2018-11-12T11:15;45;kWh;0;58765;0;0;58765;58765
2018-11-12T11:15;2018-11-12T11:30;46;kWh;0;47890;0;0;47890;47890
2018-11-12T11:30;2018-11-12T11:45;47;kWh;0;41702;0;0;41702;41702
2018-11-12T11:45;2018-11-12T12:00;48;kWh;0;37770;0;0;39020;39020
2018-11-12T12:00;2018-11-12T12:15;49;kWh;-22955;4232;0;0;27187;-18723
2018-11-12T12:15;2018-11-12T12:30;50;kWh;-27423;0;0;0;27423;-27423
2018-11-12T12:30;2018-11-12T12:45;51;kWh;-32547;0;0;0;32547;-32547
2018-11-12T12:45;2018-11-12T13:00;52;kWh;-22898;0;0;0;22898;-22898
2018-11-12T13:00;2018-11-12T13:15;53;kWh;-11316;0;0;0;11316;-11316
2018-11-12T13:15;2018-11-12T13:30;54;kWh;-47;0;0;0;47;-47
2018-11-12T13:30;2018-11-12T13:45;55;kWh;0;0;0;0;0;0
2018-11-12T13:45;2018-11-12T14:00;56;kWh;-4880;0;0;0;4880;-4880
2018-11-12T14:00;2018-11-12T14:15;57;kWh;-14208;0;0;0;14208;-14208
2018-11-12T14:15;2018-11-12T14:30;58;kWh;-640;0;0;0;640;-640
2018-11-12T14:30;2018-11-12T14:45;59;kWh;0;41;0;0;41;41
2018-11-12T14:45;2018-11-12T15:00;60;kWh;0;482;0;0;482;482
2018-11-12T15:00;2018-11-12T15:15;61;kWh;0;3156;0;0;3156;3156
2018-11-12T15:15;2018-11-12T15:30;62;kWh;0;13812;0;0;13812;13812
2018-11-12T15:30;2018-11-12T15:45;63;kWh;0;6011;0;0;6011;6011
2018-11-12T15:45;2018-11-12T16:00;64;kWh;0;6158;0;0;6158;6158
2018-11-12T16:00;2018-11-12T16:15;65;kWh;0;2895;0;0;2895;2895
2018-11-12T16:15;2018-11-12T16:30;66;kWh;-139;0;0;0;139;-139
2018-11-12T16:30;2018-11-12T16:45;67;kWh;0;0;0;0;0;0
2018-11-12T16:45;2018-11-12T17:00;68;kWh;0;0;0;0;0;0
2018-11-12T17:00;2018-11-12T17:15;69;kWh;-6028;0;0;0;6028;-6028
2018-11-12T17:15;2018-11-12T17:30;70;kWh;-437;0;0;0;437;-437
2018-11-12T17:30;2018-11-12T17:45;71;kWh;0;0;0;0;0;0
2018-11-12T17:45;2018-11-12T18:00;72;kWh;0;0;0;0;0;0
2018-11-12T18:00;2018-11-12T18:15;73;kWh;-1643;1747;0;0;3390;104
2018-11-12T18:15;2018-11-12T18:30;74;kWh;-41;1455;0;0;1496;1414
2018-11-12T18:30;2018-11-12T18:45;75;kWh;-27092;0;0;0;27092;-27092
2018-11-12T18:45;2018-11-12T19:00;76;kWh;-52803;0;0;0;52803;-52803
2018-11-12T19:00;2018-11-12T19:15;77;kWh;-20937;5948;0;0;26885;-14989
2018-11-12T19:15;2018-11-12T19:30;78;kWh;-5876;412;0;0;6288;-5464
2018-11-12T19:30;2018-11-12T19:45;79;kWh;-50984;0;0;0;50984;-50984
2018-11-12T19:45;2018-11-12T20:00;80;kWh;-77340;0;0;0;77340;-77340
2018-11-12T20:00;2018-11-12T20:15;81;kWh;-35312;4223;0;0;39535;-31089
2018-11-12T20:15;2018-11-12T20:30;82;kWh;-18633;1466;0;0;20099;-17167
2018-11-12T20:30;2018-11-12T20:45;83;kWh;-64566;0;0;0;64566;-64566
2018-11-12T20:45;2018-11-12T21:00;84;kWh;-76731;0;0;0;76731;-76731
2018-11-12T21:00;2018-11-12T21:15;85;kWh;-37970;3464;0;0;41434;-34506
2018-11-12T21:15;2018-11-12T21:30;86;kWh;-3792;14886;0;0;22428;14844
2018-11-12T21:30;2018-11-12T21:45;87;kWh;-52944;0;0;0;52944;-52944
2018-11-12T21:45;2018-11-12T22:00;88;kWh;-59222;0;0;0;59222;-59222
2018-11-12T22:00;2018-11-12T22:15;89;kWh;-33160;6132;0;0;39292;-27028
2018-11-12T22:15;2018-11-12T22:30;90;kWh;-1114;22373;0;0;23487;21259
2018-11-12T22:30;2018-11-12T22:45;91;kWh;-44939;0;0;0;44939;-44939
2018-11-12T22:45;2018-11-12T23:00;92;kWh;-50501;0;0;0;50501;-50501
2018-11-12T23:00;2018-11-12T23:15;93;kWh;-20150;13010;0;0;33160;-7140
2018-11-12T23:15;2018-11-12T23:30;94;kWh;-418;15183;0;0;15601;14765
2018-11-12T23:30;2018-11-12T23:45;95;kWh;-42535;0;0;0;42535;-42535
2018-11-12T23:45;2018-11-13T00:00;96;kWh;-67758;0;0;0;67758;-67758
2018-11-13T00:00;2018-11-13T00:15;1;kWh;-39135;2821;0;0;41956;-36314
2018-11-13T00:15;2018-11-13T00:30;2;kWh;-275;15939;0;0;16214;15664
2018-11-13T00:30;2018-11-13T00:45;3;kWh;0;35602;0;0;35602;35602
2018-11-13T00:45;2018-11-13T01:00;4;kWh;-7;25168;0;0;25175;25161
2018-11-13T01:00;2018-11-13T01:15;5;kWh;-752;9148;0;0;9900;8396
2018-11-13T01:15;2018-11-13T01:30;6;kWh;0;29393;0;0;29393;29393
2018-11-13T01:30;2018-11-13T01:45;7;kWh;-22417;717;0;0;23134;-21700
2018-11-13T01:45;2018-11-13T02:00;8;kWh;-46264;0;0;0;46264;-46264
2018-11-13T02:00;2018-11-13T02:15;9;kWh;-18173;5494;0;0;23667;-12679
2018-11-13T02:15;2018-11-13T02:30;10;kWh;0;12180;0;0;12180;12180
2018-11-13T02:30;2018-11-13T02:45;11;kWh;0;1330;0;0;1330;1330
2018-11-13T02:45;2018-11-13T03:00;12;kWh;-2985;1552;0;0;4537;-1433
2018-11-13T03:00;2018-11-13T03:15;13;kWh;-2624;1649;0;0;4273;-975
2018-11-13T03:15;2018-11-13T03:30;14;kWh;0;20316;0;0;20316;20316
2018-11-13T03:30;2018-11-13T03:45;15;kWh;-28;6117;0;0;6145;6089
2018-11-13T03:45;2018-11-13T04:00;16;kWh;0;12008;0;0;12008;12008
2018-11-13T04:00;2018-11-13T04:15;17;kWh;0;21172;0;0;21172;21172
2018-11-13T04:15;2018-11-13T04:30;18;kWh;0;3157;0;0;3157;3157
2018-11-13T04:30;2018-11-13T04:45;19;kWh;0;4483;0;0;4483;4483
2018-11-13T04:45;2018-11-13T05:00;20;kWh;0;21372;0;0;21372;21372
2018-11-13T05:00;2018-11-13T05:15;21;kWh;0;25443;0;0;25443;25443
2018-11-13T05:15;2018-11-13T05:30;22;kWh;-317;7036;0;0;7353;6719
2018-11-13T05:30;2018-11-13T05:45;23;kWh;0;9208;0;0;9208;9208
2018-11-13T05:45;2018-11-13T06:00;24;kWh;-7659;6707;0;0;14366;-952
2018-11-13T06:00;2018-11-13T06:15;25;kWh;-1014;26805;0;0;27819;25791
2018-11-13T06:15;2018-11-13T06:30;26;kWh;0;23700;0;0;23700;23700
2018-11-13T06:30;2018-11-13T06:45;27;kWh;0;58952;0;0;58952;58952
2018-11-13T06:45;2018-11-13T07:00;28;kWh;0;94117;0;0;94117;94117
2018-11-13T07:00;2018-11-13T07:15;29;kWh;-21590;30213;0;0;51803;8623
2018-11-13T07:15;2018-11-13T07:30;30;kWh;-26737;8800;0;0;35537;-17937
2018-11-13T07:30;2018-11-13T07:45;31;kWh;0;5547;0;0;5547;5547
2018-11-13T07:45;2018-11-13T08:00;32;kWh;0;2287;0;0;2287;2287
2018-11-13T08:00;2018-11-13T08:15;33;kWh;-20449;116;0;0;20565;-20333
2018-11-13T08:15;2018-11-13T08:30;34;kWh;-14112;0;0;0;14112;-14112
2018-11-13T08:30;2018-11-13T08:45;35;kWh;-1553;13;0;0;1566;-1540
2018-11-13T08:45;2018-11-13T09:00;36;kWh;0;7222;0;0;7222;7222
2018-11-13T09:00;2018-11-13T09:15;37;kWh;0;15058;0;0;15058;15058
2018-11-13T09:15;2018-11-13T09:30;38;kWh;0;3305;0;0;3305;3305
2018-11-13T09:30;2018-11-13T09:45;39;kWh;-3;2350;0;0;2353;2347
2018-11-13T09:45;2018-11-13T10:00;40;kWh;-3546;2;0;0;3548;-3544
2018-11-13T10:00;2018-11-13T10:15;41;kWh;-253;1347;0;0;1600;1094
2018-11-13T10:15;2018-11-13T10:30;42;kWh;0;0;0;0;0;0
2018-11-13T10:30;2018-11-13T10:45;43;kWh;-2981;0;0;0;2981;-2981
2018-11-13T10:45;2018-11-13T11:00;44;kWh;-32232;0;0;0;32232;-32232
2018-11-13T11:00;2018-11-13T11:15;45;kWh;-13910;0;0;0;13910;-13910
2018-11-13T11:15;2018-11-13T11:30;46;kWh;0;0;0;0;0;0
2018-11-13T11:30;2018-11-13T11:45;47;kWh;0;0;0;0;0;0
2018-11-13T11:45;2018-11-13T12:00;48;kWh;0;0;0;0;0;0
2018-11-13T12:00;2018-11-13T12:15;49;kWh;-9943;0;0;0;9943;-9943
2018-11-13T12:15;2018-11-13T12:30;50;kWh;-1818;0;0;0;1818;-1818
2018-11-13T12:30;2018-11-13T12:45;51;kWh;-18871;0;0;0;18871;-18871
2018-11-13T12:45;2018-11-13T13:00;52;kWh;-47769;0;0;0;47769;-47769
2018-11-13T13:00;2018-11-13T13:15;53;kWh;-38700;0;0;0;38700;-38700
2018-11-13T13:15;2018-11-13T13:30;54;kWh;-23982;0;0;0;23982;-23982
2018-11-13T13:30;2018-11-13T13:45;55;kWh;-3039;0;0;0;3039;-3039
2018-11-13T13:45;2018-11-13T14:00;56;kWh;-4581;0;0;0;4581;-4581
2018-11-13T14:00;2018-11-13T14:15;57;kWh;-2186;0;0;0;2186;-2186
2018-11-13T14:15;2018-11-13T14:30;58;kWh;0;0;0;0;0;0
2018-11-13T14:30;2018-11-13T14:45;59;kWh;0;297;0;0;297;297
2018-11-13T14:45;2018-11-13T15:00;60;kWh;0;16880;0;0;16880;16880
2018-11-13T15:00;2018-11-13T15:15;61;kWh;-990;9912;0;0;10902;8922
2018-11-13T15:15;2018-11-13T15:30;62;kWh;-967;189;0;0;1156;-778
2018-11-13T15:30;2018-11-13T15:45;63;kWh;0;9874;0;0;9874;9874
2018-11-13T15:45;2018-11-13T16:00;64;kWh;0;45268;0;0;45268;45268
2018-11-13T16:00;2018-11-13T16:15;65;kWh;-10589;9504;0;0;20093;-1085
2018-11-13T16:15;2018-11-13T16:30;66;kWh;-284;0;0;0;284;-284
2018-11-13T16:30;2018-11-13T16:45;67;kWh;0;74;0;0;74;74
2018-11-13T16:45;2018-11-13T17:00;68;kWh;0;30509;0;0;30509;30509
2018-11-13T17:00;2018-11-13T17:15;69;kWh;-1966;15041;0;0;17007;13075
2018-11-13T17:15;2018-11-13T17:30;70;kWh;0;33487;0;0;33487;33487
2018-11-13T17:30;2018-11-13T17:45;71;kWh;0;37211;0;0;37211;37211
2018-11-13T17:45;2018-11-13T18:00;72;kWh;-4498;8264;0;0;12762;3766
2018-11-13T18:00;2018-11-13T18:15;73;kWh;-6239;872;0;0;7111;-5367
2018-11-13T18:15;2018-11-13T18:30;74;kWh;-14;4031;0;0;4045;4017
2018-11-13T18:30;2018-11-13T18:45;75;kWh;-525;343;0;0;868;-182
2018-11-13T18:45;2018-11-13T19:00;76;kWh;-833;0;0;0;833;-833
2018-11-13T19:00;2018-11-13T19:15;77;kWh;0;17067;0;0;17067;17067
2018-11-13T19:15;2018-11-13T19:30;78;kWh;0;29760;0;0;29760;29760
2018-11-13T19:30;2018-11-13T19:45;79;kWh;0;12435;0;0;12435;12435
2018-11-13T19:45;2018-11-13T20:00;80;kWh;-567;765;0;0;1332;198
2018-11-13T20:00;2018-11-13T20:15;81;kWh;0;852;0;0;852;852
2018-11-13T20:15;2018-11-13T20:30;82;kWh;0;6;0;0;6;6
2018-11-13T20:30;2018-11-13T20:45;83;kWh;-5100;0;0;0;5100;-5100
2018-11-13T20:45;2018-11-13T21:00;84;kWh;-16426;0;0;0;16426;-16426
2018-11-13T21:00;2018-11-13T21:15;85;kWh;-6059;17545;0;0;23604;11486
2018-11-13T21:15;2018-11-13T21:30;86;kWh;-4695;25250;0;0;29945;20555
2018-11-13T21:30;2018-11-13T21:45;87;kWh;-44060;0;0;0;44060;-44060
2018-11-13T21:45;2018-11-13T22:00;88;kWh;-59157;0;0;0;59157;-59157
2018-11-13T22:00;2018-11-13T22:15;89;kWh;-42216;3121;0;0;45337;-39095
2018-11-13T22:15;2018-11-13T22:30;90;kWh;-3286;22074;0;0;25360;18788
2018-11-13T22:30;2018-11-13T22:45;91;kWh;-41809;0;0;0;41809;-41809
2018-11-13T22:45;2018-11-13T23:00;92;kWh;-64250;0;0;0;64250;-64250
2018-11-13T23:00;2018-11-13T23:15;93;kWh;-38519;1807;0;0;40326;-36712
2018-11-13T23:15;2018-11-13T23:30;94;kWh;-4336;20878;0;0;25214;16542
2018-11-13T23:30;2018-11-13T23:45;95;kWh;-61823;0;0;0;61823;-61823
2018-11-13T23:45;2018-11-14T00:00;96;kWh;-31119;0;0;0;31119;-31119
2018-11-14T00:00;2018-11-14T00:15;1;kWh;-36778;0;0;0;36778;-36778
2018-11-14T00:15;2018-11-14T00:30;2;kWh;-29534;0;0;0;29534;-29534
2018-11-14T00:30;2018-11-14T00:45;3;kWh;-24749;0;0;0;24749;-24749
2018-11-14T00:45;2018-11-14T01:00;4;kWh;-18567;0;0;0;18567;-18567
2018-11-14T01:00;2018-11-14T01:15;5;kWh;-6893;11757;0;0;18650;4864
2018-11-14T01:15;2018-11-14T01:30;6;kWh;0;12246;0;0;12246;12246
2018-11-14T01:30;2018-11-14T01:45;7;kWh;0;14455;0;0;14455;14455
2018-11-14T01:45;2018-11-14T02:00;8;kWh;0;7021;0;0;7021;7021
2018-11-14T02:00;2018-11-14T02:15;9;kWh;0;12173;0;0;12173;12173
2018-11-14T02:15;2018-11-14T02:30;10;kWh;0;20475;0;0;20475;20475
2018-11-14T02:30;2018-11-14T02:45;11;kWh;0;27135;0;0;27135;27135
2018-11-14T02:45;2018-11-14T03:00;12;kWh;0;31067;0;0;31067;31067
2018-11-14T03:00;2018-11-14T03:15;13;kWh;0;12029;0;0;12029;12029
2018-11-14T03:15;2018-11-14T03:30;14;kWh;0;22734;0;0;22734;22734
2018-11-14T03:30;2018-11-14T03:45;15;kWh;0;28508;0;0;28508;28508
2018-11-14T03:45;2018-11-14T04:00;16;kWh;0;12801;0;0;12801;12801
2018-11-14T04:00;2018-11-14T04:15;17;kWh;-14914;2119;0;0;17033;-12795
2018-11-14T04:15;2018-11-14T04:30;18;kWh;-15580;0;0;0;15580;-15580
2018-11-14T04:30;2018-11-14T04:45;19;kWh;-2605;0;0;0;2605;-2605
2018-11-14T04:45;2018-11-14T05:00;20;kWh;0;23;0;0;23;23
2018-11-14T05:00;2018-11-14T05:15;21;kWh;-75;6418;0;0;6493;6343
2018-11-14T05:15;2018-11-14T05:30;22;kWh;-6147;42;0;0;6189;-6105
2018-11-14T05:30;2018-11-14T05:45;23;kWh;-612;5093;0;0;5705;4481
2018-11-14T05:45;2018-11-14T06:00;24;kWh;0;21497;0;0;21497;21497
2018-11-14T06:00;2018-11-14T06:15;25;kWh;-1141;10365;0;0;11506;9224
2018-11-14T06:15;2018-11-14T06:30;26;kWh;-25826;125;0;0;25951;-25701
2018-11-14T06:30;2018-11-14T06:45;27;kWh;-1798;12780;0;0;14578;10982
2018-11-14T06:45;2018-11-14T07:00;28;kWh;0;57166;0;0;57166;57166
2018-11-14T07:00;2018-11-14T07:15;29;kWh;-10121;17756;0;0;27877;7635
2018-11-14T07:15;2018-11-14T07:30;30;kWh;-1729;0;0;0;1729;-1729
2018-11-14T07:30;2018-11-14T07:45;31;kWh;0;0;0;0;0;0
2018-11-14T07:45;2018-11-14T08:00;32;kWh;0;895;0;0;895;895
2018-11-14T08:00;2018-11-14T08:15;33;kWh;-25085;113;0;0;25198;-24972
2018-11-14T08:15;2018-11-14T08:30;34;kWh;-26452;0;0;0;26452;-26452
2018-11-14T08:30;2018-11-14T08:45;35;kWh;-17401;0;0;0;17401;-17401
2018-11-14T08:45;2018-11-14T09:00;36;kWh;-18571;0;0;0;18571;-18571
2018-11-14T09:00;2018-11-14T09:15;37;kWh;-8294;13504;0;0;21798;5210
2018-11-14T09:15;2018-11-14T09:30;38;kWh;-7;15266;0;0;15273;15259
2018-11-14T09:30;2018-11-14T09:45;39;kWh;-2736;18;0;0;2754;-2718
2018-11-14T09:45;2018-11-14T10:00;40;kWh;-9350;0;0;0;9350;-9350
2018-11-14T10:00;2018-11-14T10:15;41;kWh;-2544;0;0;0;2544;-2544
2018-11-14T10:15;2018-11-14T10:30;42;kWh;0;0;0;0;0;0
2018-11-14T10:30;2018-11-14T10:45;43;kWh;0;0;0;0;0;0
2018-11-14T10:45;2018-11-14T11:00;44;kWh;-2;0;0;0;2;-2
2018-11-14T11:00;2018-11-14T11:15;45;kWh;-1893;0;0;0;1893;-1893
2018-11-14T11:15;2018-11-14T11:30;46;kWh;-544;0;0;0;544;-544
2018-11-14T11:30;2018-11-14T11:45;47;kWh;-66;0;0;0;66;-66
2018-11-14T11:45;2018-11-14T12:00;48;kWh;-67;0;0;0;67;-67
2018-11-14T12:00;2018-11-14T12:15;49;kWh;-3897;0;0;0;3897;-3897
2018-11-14T12:15;2018-11-14T12:30;50;kWh;-10291;0;0;0;10291;-10291
2018-11-14T12:30;2018-11-14T12:45;51;kWh;-14458;0;0;0;14458;-14458
2018-11-14T12:45;2018-11-14T13:00;52;kWh;-11068;0;0;0;11068;-11068
2018-11-14T13:00;2018-11-14T13:15;53;kWh;-268;0;0;0;268;-268
2018-11-14T13:15;2018-11-14T13:30;54;kWh;-140;0;0;0;140;-140
2018-11-14T13:30;2018-11-14T13:45;55;kWh;0;241;0;0;241;241
2018-11-14T13:45;2018-11-14T14:00;56;kWh;0;1782;0;0;1782;1782
2018-11-14T14:00;2018-11-14T14:15;57;kWh;0;62;0;0;62;62
2018-11-14T14:15;2018-11-14T14:30;58;kWh;0;5698;0;0;5698;5698
2018-11-14T14:30;2018-11-14T14:45;59;kWh;0;34430;0;0;34430;34430
2018-11-14T14:45;2018-11-14T15:00;60;kWh;-11;23372;0;0;23383;23361
2018-11-14T15:00;2018-11-14T15:15;61;kWh;-11129;2028;0;0;13157;-9101
2018-11-14T15:15;2018-11-14T15:30;62;kWh;-2352;0;0;0;2352;-2352
2018-11-14T15:30;2018-11-14T15:45;63;kWh;0;254;0;0;254;254
2018-11-14T15:45;2018-11-14T16:00;64;kWh;0;19458;0;0;19458;19458
2018-11-14T16:00;2018-11-14T16:15;65;kWh;-5881;8375;0;0;14256;2494
2018-11-14T16:15;2018-11-14T16:30;66;kWh;-390;0;0;0;390;-390
2018-11-14T16:30;2018-11-14T16:45;67;kWh;0;0;0;0;0;0
2018-11-14T16:45;2018-11-14T17:00;68;kWh;0;390;0;0;390;390
2018-11-14T17:00;2018-11-14T17:15;69;kWh;-16914;0;0;0;16914;-16914
2018-11-14T17:15;2018-11-14T17:30;70;kWh;-2454;11789;0;0;14243;9335
2018-11-14T17:30;2018-11-14T17:45;71;kWh;0;10051;0;0;10051;10051
2018-11-14T17:45;2018-11-14T18:00;72;kWh;0;1081;0;0;1081;1081
2018-11-14T18:00;2018-11-14T18:15;73;kWh;0;2987;0;0;2987;2987
2018-11-14T18:15;2018-11-14T18:30;74;kWh;0;0;0;0;0;0
2018-11-14T18:30;2018-11-14T18:45;75;kWh;-1244;0;0;0;1244;-1244
2018-11-14T18:45;2018-11-14T19:00;76;kWh;-3132;0;0;0;3132;-3132
2018-11-14T19:00;2018-11-14T19:15;77;kWh;-314;2545;0;0;2859;2231
2018-11-14T19:15;2018-11-14T19:30;78;kWh;0;2754;0;0;2754;2754
2018-11-14T19:30;2018-11-14T19:45;79;kWh;-5732;0;0;0;5732;-5732
2018-11-14T19:45;2018-11-14T20:00;80;kWh;-27879;0;0;0;27879;-27879
2018-11-14T20:00;2018-11-14T20:15;81;kWh;-13268;103;0;0;13371;-13165
2018-11-14T20:15;2018-11-14T20:30;82;kWh;-2004;15;0;0;2019;-1989
2018-11-14T20:30;2018-11-14T20:45;83;kWh;-12450;0;0;0;12450;-12450
2018-11-14T20:45;2018-11-14T21:00;84;kWh;-51753;0;0;0;51753;-51753
2018-11-14T21:00;2018-11-14T21:15;85;kWh;-60776;603;0;0;61379;-60173
2018-11-14T21:15;2018-11-14T21:30;86;kWh;-8068;2307;0;0;10375;-5761
2018-11-14T21:30;2018-11-14T21:45;87;kWh;-20397;0;0;0;20397;-20397
2018-11-14T21:45;2018-11-14T22:00;88;kWh;-31835;0;0;0;31835;-31835
2018-11-14T22:00;2018-11-14T22:15;89;kWh;-30446;219;0;0;30665;-30227
2018-11-14T22:15;2018-11-14T22:30;90;kWh;-3995;614;0;0;4609;-3381
2018-11-14T22:30;2018-11-14T22:45;91;kWh;-25315;0;0;0;25315;-25315
2018-11-14T22:45;2018-11-14T23:00;92;kWh;-20450;0;0;0;20450;-20450
2018-11-14T23:00;2018-11-14T23:15;93;kWh;-14620;0;0;0;14620;-14620
2018-11-14T23:15;2018-11-14T23:30;94;kWh;-1056;1084;0;0;2140;28
2018-11-14T23:30;2018-11-14T23:45;95;kWh;-22978;0;0;0;22978;-22978
2018-11-14T23:45;2018-11-15T00:00;96;kWh;-29464;0;0;0;29464;-29464
2018-11-15T00:00;2018-11-15T00:15;1;kWh;-22421;1524;0;0;23945;-20897
2018-11-15T00:15;2018-11-15T00:30;2;kWh;-984;3156;0;0;4140;2172
2018-11-15T00:30;2018-11-15T00:45;3;kWh;-5813;0;0;0;5813;-5813
2018-11-15T00:45;2018-11-15T01:00;4;kWh;-1483;0;0;0;1483;-1483
2018-11-15T01:00;2018-11-15T01:15;5;kWh;-3738;7841;0;0;11579;4103
2018-11-15T01:15;2018-11-15T01:30;6;kWh;0;35982;0;0;35982;35982
2018-11-15T01:30;2018-11-15T01:45;7;kWh;-329;2711;0;0;3040;2382
2018-11-15T01:45;2018-11-15T02:00;8;kWh;0;2380;0;0;2380;2380
2018-11-15T02:00;2018-11-15T02:15;9;kWh;0;2155;0;0;2155;2155
2018-11-15T02:15;2018-11-15T02:30;10;kWh;0;1647;0;0;1647;1647
2018-11-15T02:30;2018-11-15T02:45;11;kWh;-138;1341;0;0;1479;1203
2018-11-15T02:45;2018-11-15T03:00;12;kWh;-15933;11;0;0;15944;-15922
2018-11-15T03:00;2018-11-15T03:15;13;kWh;-7844;475;0;0;8319;-7369
2018-11-15T03:15;2018-11-15T03:30;14;kWh;0;352;0;0;352;352
2018-11-15T03:30;2018-11-15T03:45;15;kWh;0;0;0;0;0;0
2018-11-15T03:45;2018-11-15T04:00;16;kWh;-620;0;0;0;620;-620
2018-11-15T04:00;2018-11-15T04:15;17;kWh;-8057;0;0;0;8057;-8057
2018-11-15T04:15;2018-11-15T04:30;18;kWh;-6335;0;0;0;6335;-6335
2018-11-15T04:30;2018-11-15T04:45;19;kWh;-438;0;0;0;438;-438
2018-11-15T04:45;2018-11-15T05:00;20;kWh;0;0;0;0;0;0
2018-11-15T05:00;2018-11-15T05:15;21;kWh;-8582;0;0;0;8582;-8582
2018-11-15T05:15;2018-11-15T05:30;22;kWh;-21844;0;0;0;21844;-21844
2018-11-15T05:30;2018-11-15T05:45;23;kWh;-4959;0;0;0;4959;-4959
2018-11-15T05:45;2018-11-15T06:00;24;kWh;0;0;0;0;0;0
2018-11-15T06:00;2018-11-15T06:15;25;kWh;-35087;0;0;0;35087;-35087
2018-11-15T06:15;2018-11-15T06:30;26;kWh;-44151;0;0;0;44151;-44151
2018-11-15T06:30;2018-11-15T06:45;27;kWh;-10267;0;0;0;10267;-10267
2018-11-15T06:45;2018-11-15T07:00;28;kWh;0;1826;0;0;1826;1826
2018-11-15T07:00;2018-11-15T07:15;29;kWh;-29509;69;0;0;29578;-29440
2018-11-15T07:15;2018-11-15T07:30;30;kWh;-22;14448;0;0;14470;14426
2018-11-15T07:30;2018-11-15T07:45;31;kWh;0;51605;0;0;51605;51605
2018-11-15T07:45;2018-11-15T08:00;32;kWh;0;42642;0;0;42642;42642
2018-11-15T08:00;2018-11-15T08:15;33;kWh;-3306;7175;0;0;10481;3869
2018-11-15T08:15;2018-11-15T08:30;34;kWh;-14;0;0;0;14;-14
2018-11-15T08:30;2018-11-15T08:45;35;kWh;0;0;0;0;0;0
2018-11-15T08:45;2018-11-15T09:00;36;kWh;0;10850;0;0;10850;10850
2018-11-15T09:00;2018-11-15T09:15;37;kWh;0;5170;0;0;5170;5170
2018-11-15T09:15;2018-11-15T09:30;38;kWh;0;0;0;0;0;0
2018-11-15T09:30;2018-11-15T09:45;39;kWh;0;0;0;0;0;0
2018-11-15T09:45;2018-11-15T10:00;40;kWh;-2379;0;0;0;2379;-2379
2018-11-15T10:00;2018-11-15T10:15;41;kWh;-3532;7733;0;0;11265;4201
2018-11-15T10:15;2018-11-15T10:30;42;kWh;0;19313;0;0;19313;19313
2018-11-15T10:30;2018-11-15T10:45;43;kWh;0;492;0;0;492;492
2018-11-15T10:45;2018-11-15T11:00;44;kWh;0;836;0;0;836;836
2018-11-15T11:00;2018-11-15T11:15;45;kWh;0;27766;0;0;27766;27766
2018-11-15T11:15;2018-11-15T11:30;46;kWh;0;32228;0;0;32228;32228
2018-11-15T11:30;2018-11-15T11:45;47;kWh;0;21349;0;0;21349;21349
2018-11-15T11:45;2018-11-15T12:00;48;kWh;0;15160;0;0;15160;15160
2018-11-15T12:00;2018-11-15T12:15;49;kWh;0;19539;0;0;19539;19539
2018-11-15T12:15;2018-11-15T12:30;50;kWh;0;7068;0;0;7068;7068
2018-11-15T12:30;2018-11-15T12:45;51;kWh;-6;453;0;0;459;447
2018-11-15T12:45;2018-11-15T13:00;52;kWh;0;1119;0;0;1119;1119
2018-11-15T13:00;2018-11-15T13:15;53;kWh;0;110;0;0;110;110
2018-11-15T13:15;2018-11-15T13:30;54;kWh;0;9456;0;0;9456;9456
2018-11-15T13:30;2018-11-15T13:45;55;kWh;0;21006;0;0;21006;21006
2018-11-15T13:45;2018-11-15T14:00;56;kWh;0;25699;0;0;25699;25699
2018-11-15T14:00;2018-11-15T14:15;57;kWh;-1804;9509;0;0;11313;7705
2018-11-15T14:15;2018-11-15T14:30;58;kWh;0;575;0;0;575;575
2018-11-15T14:30;2018-11-15T14:45;59;kWh;0;15506;0;0;15506;15506
2018-11-15T14:45;2018-11-15T15:00;60;kWh;0;3999;0;0;3999;3999
2018-11-15T15:00;2018-11-15T15:15;61;kWh;0;7390;0;0;7390;7390
2018-11-15T15:15;2018-11-15T15:30;62;kWh;0;34908;0;0;34908;34908
2018-11-15T15:30;2018-11-15T15:45;63;kWh;0;64127;0;0;64127;64127
2018-11-15T15:45;2018-11-15T16:00;64;kWh;0;60347;0;0;60347;60347
2018-11-15T16:00;2018-11-15T16:15;65;kWh;-13892;15046;0;0;28938;1154
2018-11-15T16:15;2018-11-15T16:30;66;kWh;-7472;478;0;0;7950;-6994
2018-11-15T16:30;2018-11-15T16:45;67;kWh;0;317;0;0;317;317
2018-11-15T16:45;2018-11-15T17:00;68;kWh;0;3638;0;0;3638;3638
2018-11-15T17:00;2018-11-15T17:15;69;kWh;-16430;211;0;0;16641;-16219
2018-11-15T17:15;2018-11-15T17:30;70;kWh;-195;0;0;0;195;-195
2018-11-15T17:30;2018-11-15T17:45;71;kWh;0;0;0;0;0;0
2018-11-15T17:45;2018-11-15T18:00;72;kWh;0;0;0;0;0;0
2018-11-15T18:00;2018-11-15T18:15;73;kWh;0;26448;0;0;26448;26448
2018-11-15T18:15;2018-11-15T18:30;74;kWh;0;7818;0;0;7818;7818
2018-11-15T18:30;2018-11-15T18:45;75;kWh;-56;0;0;0;56;-56
2018-11-15T18:45;2018-11-15T19:00;76;kWh;0;0;0;0;0;0
2018-11-15T19:00;2018-11-15T19:15;77;kWh;-2;10007;0;0;10009;10005
2018-11-15T19:15;2018-11-15T19:30;78;kWh;0;2530;0;0;2530;2530
2018-11-15T19:30;2018-11-15T19:45;79;kWh;-149;0;0;0;149;-149
2018-11-15T19:45;2018-11-15T20:00;80;kWh;-4215;0;0;0;4215;-4215
2018-11-15T20:00;2018-11-15T20:15;81;kWh;-13;7270;0;0;7283;7257
2018-11-15T20:15;2018-11-15T20:30;82;kWh;0;2048;0;0;2048;2048
2018-11-15T20:30;2018-11-15T20:45;83;kWh;-2304;0;0;0;2304;-2304
2018-11-15T20:45;2018-11-15T21:00;84;kWh;-17688;0;0;0;17688;-17688
2018-11-15T21:00;2018-11-15T21:15;85;kWh;-12200;4195;0;0;16395;-8005
2018-11-15T21:15;2018-11-15T21:30;86;kWh;-2098;3381;0;0;5479;1283
2018-11-15T21:30;2018-11-15T21:45;87;kWh;-3505;5;0;0;3510;-3500
2018-11-15T21:45;2018-11-15T22:00;88;kWh;-52616;0;0;0;52616;-52616
2018-11-15T22:00;2018-11-15T22:15;89;kWh;-45352;1186;0;0;46538;-44166
2018-11-15T22:15;2018-11-15T22:30;90;kWh;-2006;3770;0;0;5776;1764
2018-11-15T22:30;2018-11-15T22:45;91;kWh;-16245;0;0;0;16245;-16245
2018-11-15T22:45;2018-11-15T23:00;92;kWh;-16096;0;0;0;16096;-16096
2018-11-15T23:00;2018-11-15T23:15;93;kWh;-13308;3856;0;0;17164;-9452
2018-11-15T23:15;2018-11-15T23:30;94;kWh;-818;17456;0;0;18274;16638
2018-11-15T23:30;2018-11-15T23:45;95;kWh;-16538;28;0;0;16566;-16510
2018-11-15T23:45;2018-11-16T00:00;96;kWh;-60153;0;0;0;60153;-60153
2018-11-16T00:00;2018-11-16T00:15;1;kWh;-22516;13235;0;0;35751;-9281
2018-11-16T00:15;2018-11-16T00:30;2;kWh;-1293;39261;0;0;40554;37968
2018-11-16T00:30;2018-11-16T00:45;3;kWh;-28130;385;0;0;28515;-27745
2018-11-16T00:45;2018-11-16T01:00;4;kWh;-2412;1433;0;0;3845;-979
2018-11-16T01:00;2018-11-16T01:15;5;kWh;-333;13697;0;0;14030;13364
2018-11-16T01:15;2018-11-16T01:30;6;kWh;-684;41885;0;0;42569;41201
2018-11-16T01:30;2018-11-16T01:45;7;kWh;-14372;530;0;0;14902;-13842
2018-11-16T01:45;2018-11-16T02:00;8;kWh;-2829;467;0;0;3296;-2362
2018-11-16T02:00;2018-11-16T02:15;9;kWh;-1728;2659;0;0;4387;931
2018-11-16T02:15;2018-11-16T02:30;10;kWh;-271;977;0;0;1248;706
2018-11-16T02:30;2018-11-16T02:45;11;kWh;-6642;0;0;0;6642;-6642
2018-11-16T02:45;2018-11-16T03:00;12;kWh;-14717;0;0;0;14717;-14717
2018-11-16T03:00;2018-11-16T03:15;13;kWh;-25576;0;0;0;25576;-25576
2018-11-16T03:15;2018-11-16T03:30;14;kWh;-19679;0;0;0;19679;-19679
2018-11-16T03:30;2018-11-16T03:45;15;kWh;-20715;0;0;0;20715;-20715
2018-11-16T03:45;2018-11-16T04:00;16;kWh;-9298;0;0;0;9298;-9298
2018-11-16T04:00;2018-11-16T04:15;17;kWh;-7065;0;0;0;7065;-7065
2018-11-16T04:15;2018-11-16T04:30;18;kWh;-1074;96;0;0;1170;-978
2018-11-16T04:30;2018-11-16T04:45;19;kWh;0;8824;0;0;8824;8824
2018-11-16T04:45;2018-11-16T05:00;20;kWh;0;26500;0;0;26500;26500
2018-11-16T05:00;2018-11-16T05:15;21;kWh;-10794;8266;0;0;19060;-2528
2018-11-16T05:15;2018-11-16T05:30;22;kWh;-4485;244;0;0;4729;-4241
2018-11-16T05:30;2018-11-16T05:45;23;kWh;0;11785;0;0;11785;11785
2018-11-16T05:45;2018-11-16T06:00;24;kWh;-2892;12405;0;0;15297;9513
2018-11-16T06:00;2018-11-16T06:15;25;kWh;-6939;362;0;0;7301;-6577
2018-11-16T06:15;2018-11-16T06:30;26;kWh;-43014;0;0;0;43014;-43014
2018-11-16T06:30;2018-11-16T06:45;27;kWh;-1455;9877;0;0;11332;8422
2018-11-16T06:45;2018-11-16T07:00;28;kWh;0;47047;0;0;47047;47047
2018-11-16T07:00;2018-11-16T07:15;29;kWh;-28645;13975;0;0;42620;-14670
2018-11-16T07:15;2018-11-16T07:30;30;kWh;-40110;0;0;0;40110;-40110
2018-11-16T07:30;2018-11-16T07:45;31;kWh;-7730;13568;0;0;21298;5838
2018-11-16T07:45;2018-11-16T08:00;32;kWh;0;48227;0;0;48227;48227
2018-11-16T08:00;2018-11-16T08:15;33;kWh;-3529;4236;0;0;7765;707
2018-11-16T08:15;2018-11-16T08:30;34;kWh;0;3456;0;0;3456;3456
2018-11-16T08:30;2018-11-16T08:45;35;kWh;0;17522;0;0;17522;17522
2018-11-16T08:45;2018-11-16T09:00;36;kWh;0;13993;0;0;13993;13993
2018-11-16T09:00;2018-11-16T09:15;37;kWh;0;36985;0;0;36985;36985
2018-11-16T09:15;2018-11-16T09:30;38;kWh;0;53733;0;0;53733;53733
2018-11-16T09:30;2018-11-16T09:45;39;kWh;0;49656;0;0;49656;49656
2018-11-16T09:45;2018-11-16T10:00;40;kWh;0;51861;0;0;51861;51861
2018-11-16T10:00;2018-11-16T10:15;41;kWh;0;62154;0;0;62154;62154
2018-11-16T10:15;2018-11-16T10:30;42;kWh;0;52158;0;0;53408;53408
2018-11-16T10:30;2018-11-16T10:45;43;kWh;0;14730;0;0;14730;14730
2018-11-16T10:45;2018-11-16T11:00;44;kWh;0;40425;0;0;40425;40425
2018-11-16T11:00;2018-11-16T11:15;45;kWh;0;72163;0;0;72163;72163
2018-11-16T11:15;2018-11-16T11:30;46;kWh;0;62093;0;0;62093;62093
2018-11-16T11:30;2018-11-16T11:45;47;kWh;0;59498;0;0;59498;59498
2018-11-16T11:45;2018-11-16T12:00;48;kWh;0;61259;0;0;61259;61259
2018-11-16T12:00;2018-11-16T12:15;49;kWh;0;63595;0;0;63595;63595
2018-11-16T12:15;2018-11-16T12:30;50;kWh;-334;35255;0;0;38089;37421
2018-11-16T12:30;2018-11-16T12:45;51;kWh;-7308;5604;0;0;12912;-1704
2018-11-16T12:45;2018-11-16T13:00;52;kWh;0;19159;0;0;19159;19159
2018-11-16T13:00;2018-11-16T13:15;53;kWh;0;65681;0;0;65681;65681
2018-11-16T13:15;2018-11-16T13:30;54;kWh;0;57180;0;0;57180;57180
2018-11-16T13:30;2018-11-16T13:45;55;kWh;0;56444;0;0;56444;56444
2018-11-16T13:45;2018-11-16T14:00;56;kWh;0;47927;0;0;47927;47927
2018-11-16T14:00;2018-11-16T14:15;57;kWh;-1897;7488;0;0;9385;5591
2018-11-16T14:15;2018-11-16T14:30;58;kWh;0;34464;0;0;34464;34464
2018-11-16T14:30;2018-11-16T14:45;59;kWh;0;49938;0;0;49938;49938
2018-11-16T14:45;2018-11-16T15:00;60;kWh;0;65337;0;0;65337;65337
2018-11-16T15:00;2018-11-16T15:15;61;kWh;0;25362;0;0;25362;25362
2018-11-16T15:15;2018-11-16T15:30;62;kWh;0;25619;0;0;25619;25619
2018-11-16T15:30;2018-11-16T15:45;63;kWh;0;36717;0;0;36717;36717
2018-11-16T15:45;2018-11-16T16:00;64;kWh;0;50153;0;0;50153;50153
2018-11-16T16:00;2018-11-16T16:15;65;kWh;-6685;17223;0;0;23908;10538
2018-11-16T16:15;2018-11-16T16:30;66;kWh;-2762;453;0;0;3215;-2309
2018-11-16T16:30;2018-11-16T16:45;67;kWh;0;2452;0;0;2452;2452
2018-11-16T16:45;2018-11-16T17:00;68;kWh;0;10047;0;0;10047;10047
2018-11-16T17:00;2018-11-16T17:15;69;kWh;-1930;2179;0;0;4109;249
2018-11-16T17:15;2018-11-16T17:30;70;kWh;0;21100;0;0;21100;21100
2018-11-16T17:30;2018-11-16T17:45;71;kWh;-515;6675;0;0;7190;6160
2018-11-16T17:45;2018-11-16T18:00;72;kWh;-11617;13;0;0;11630;-11604
2018-11-16T18:00;2018-11-16T18:15;73;kWh;-13969;9626;0;0;23595;-4343
2018-11-16T18:15;2018-11-16T18:30;74;kWh;-411;13725;0;0;14136;13314
2018-11-16T18:30;2018-11-16T18:45;75;kWh;-13977;0;0;0;13977;-13977
2018-11-16T18:45;2018-11-16T19:00;76;kWh;-22838;0;0;0;22838;-22838
2018-11-16T19:00;2018-11-16T19:15;77;kWh;-7666;17566;0;0;25232;9900
2018-11-16T19:15;2018-11-16T19:30;78;kWh;0;2417;0;0;2417;2417
2018-11-16T19:30;2018-11-16T19:45;79;kWh;-3224;64;0;0;3288;-3160
2018-11-16T19:45;2018-11-16T20:00;80;kWh;-17676;0;0;0;17676;-17676
2018-11-16T20:00;2018-11-16T20:15;81;kWh;-13213;16779;0;0;29992;3566
2018-11-16T20:15;2018-11-16T20:30;82;kWh;-649;8470;0;0;9119;7821
2018-11-16T20:30;2018-11-16T20:45;83;kWh;-7556;63;0;0;7619;-7493
2018-11-16T20:45;2018-11-16T21:00;84;kWh;-57019;0;0;0;57019;-57019
2018-11-16T21:00;2018-11-16T21:15;85;kWh;-29724;595;0;0;30319;-29129
2018-11-16T21:15;2018-11-16T21:30;86;kWh;-8135;90;0;0;8225;-8045
2018-11-16T21:30;2018-11-16T21:45;87;kWh;-17649;0;0;0;17649;-17649
2018-11-16T21:45;2018-11-16T22:00;88;kWh;-46981;0;0;0;46981;-46981
2018-11-16T22:00;2018-11-16T22:15;89;kWh;-34673;1325;0;0;35998;-33348
2018-11-16T22:15;2018-11-16T22:30;90;kWh;-858;35225;0;0;36083;34367
2018-11-16T22:30;2018-11-16T22:45;91;kWh;-1700;2514;0;0;4214;814
2018-11-16T22:45;2018-11-16T23:00;92;kWh;-30309;0;0;0;30309;-30309
2018-11-16T23:00;2018-11-16T23:15;93;kWh;-23776;360;0;0;24136;-23416
2018-11-16T23:15;2018-11-16T23:30;94;kWh;-45;86;0;0;131;41
2018-11-16T23:30;2018-11-16T23:45;95;kWh;-10414;0;0;0;10414;-10414
2018-11-16T23:45;2018-11-17T00:00;96;kWh;-45667;0;0;0;45667;-45667
2018-11-17T00:00;2018-11-17T00:15;1;kWh;-57854;105;0;0;57959;-57749
2018-11-17T00:15;2018-11-17T00:30;2;kWh;-4371;837;0;0;5208;-3534
2018-11-17T00:30;2018-11-17T00:45;3;kWh;0;3480;0;0;3480;3480
2018-11-17T00:45;2018-11-17T01:00;4;kWh;0;14241;0;0;14241;14241
2018-11-17T01:00;2018-11-17T01:15;5;kWh;-345;3294;0;0;3639;2949
2018-11-17T01:15;2018-11-17T01:30;6;kWh;0;18956;0;0;18956;18956
2018-11-17T01:30;2018-11-17T01:45;7;kWh;0;16474;0;0;16474;16474
2018-11-17T01:45;2018-11-17T02:00;8;kWh;0;6601;0;0;6601;6601
2018-11-17T02:00;2018-11-17T02:15;9;kWh;0;15258;0;0;15258;15258
2018-11-17T02:15;2018-11-17T02:30;10;kWh;0;36225;0;0;36225;36225
2018-11-17T02:30;2018-11-17T02:45;11;kWh;0;13596;0;0;13596;13596
2018-11-17T02:45;2018-11-17T03:00;12;kWh;0;10491;0;0;10491;10491
2018-11-17T03:00;2018-11-17T03:15;13;kWh;-1898;153;0;0;2051;-1745
2018-11-17T03:15;2018-11-17T03:30;14;kWh;-1885;0;0;0;1885;-1885
2018-11-17T03:30;2018-11-17T03:45;15;kWh;-1664;256;0;0;1920;-1408
2018-11-17T03:45;2018-11-17T04:00;16;kWh;-4456;1850;0;0;6306;-2606
2018-11-17T04:00;2018-11-17T04:15;17;kWh;-12235;0;0;0;12235;-12235
2018-11-17T04:15;2018-11-17T04:30;18;kWh;-7165;0;0;0;7165;-7165
2018-11-17T04:30;2018-11-17T04:45;19;kWh;-10986;0;0;0;10986;-10986
2018-11-17T04:45;2018-11-17T05:00;20;kWh;-14633;0;0;0;14633;-14633
2018-11-17T05:00;2018-11-17T05:15;21;kWh;-10781;0;0;0;10781;-10781
2018-11-17T05:15;2018-11-17T05:30;22;kWh;-15075;0;0;0;15075;-15075
2018-11-17T05:30;2018-11-17T05:45;23;kWh;-24774;0;0;0;24774;-24774
2018-11-17T05:45;2018-11-17T06:00;24;kWh;-18643;0;0;0;18643;-18643
2018-11-17T06:00;2018-11-17T06:15;25;kWh;-33083;0;0;0;33083;-33083
2018-11-17T06:15;2018-11-17T06:30;26;kWh;-9045;535;0;0;9580;-8510
2018-11-17T06:30;2018-11-17T06:45;27;kWh;-8373;0;0;0;8373;-8373
2018-11-17T06:45;2018-11-17T07:00;28;kWh;-3775;0;0;0;3775;-3775
2018-11-17T07:00;2018-11-17T07:15;29;kWh;-1362;291;0;0;1653;-1071
2018-11-17T07:15;2018-11-17T07:30;30;kWh;-30284;0;0;0;30284;-30284
2018-11-17T07:30;2018-11-17T07:45;31;kWh;-4221;5020;0;0;9241;799
2018-11-17T07:45;2018-11-17T08:00;32;kWh;-10676;1147;0;0;11823;-9529
2018-11-17T08:00;2018-11-17T08:15;33;kWh;-5235;98;0;0;5333;-5137
2018-11-17T08:15;2018-11-17T08:30;34;kWh;-14866;0;0;0;14866;-14866
2018-11-17T08:30;2018-11-17T08:45;35;kWh;-2254;0;0;0;2254;-2254
2018-11-17T08:45;2018-11-17T09:00;36;kWh;-108;2354;0;0;2462;2246
2018-11-17T09:00;2018-11-17T09:15;37;kWh;0;13442;0;0;13442;13442
2018-11-17T09:15;2018-11-17T09:30;38;kWh;0;21506;0;0;21506;21506
2018-11-17T09:30;2018-11-17T09:45;39;kWh;0;23421;0;0;23421;23421
2018-11-17T09:45;2018-11-17T10:00;40;kWh;0;12211;0;0;12211;12211
2018-11-17T10:00;2018-11-17T10:15;41;kWh;0;29674;0;0;29674;29674
2018-11-17T10:15;2018-11-17T10:30;42;kWh;0;18259;0;0;18259;18259
2018-11-17T10:30;2018-11-17T10:45;43;kWh;-4952;3409;0;0;8361;-1543
2018-11-17T10:45;2018-11-17T11:00;44;kWh;-12497;0;0;0;12497;-12497
2018-11-17T11:00;2018-11-17T11:15;45;kWh;-9509;2518;0;0;12027;-6991
2018-11-17T11:15;2018-11-17T11:30;46;kWh;0;11773;0;0;11773;11773
2018-11-17T11:30;2018-11-17T11:45;47;kWh;-4113;2275;0;0;6388;-1838
2018-11-17T11:45;2018-11-17T12:00;48;kWh;-3922;589;0;0;4511;-3333
2018-11-17T12:00;2018-11-17T12:15;49;kWh;0;16072;0;0;16072;16072
2018-11-17T12:15;2018-11-17T12:30;50;kWh;0;25172;0;0;25172;25172
2018-11-17T12:30;2018-11-17T12:45;51;kWh;-907;6003;0;0;6910;5096
2018-11-17T12:45;2018-11-17T13:00;52;kWh;-113;613;0;0;726;500
2018-11-17T13:00;2018-11-17T13:15;53;kWh;-11550;0;0;0;11550;-11550
2018-11-17T13:15;2018-11-17T13:30;54;kWh;-1526;0;0;0;1526;-1526
2018-11-17T13:30;2018-11-17T13:45;55;kWh;-11989;0;0;0;11989;-11989
2018-11-17T13:45;2018-11-17T14:00;56;kWh;-17456;0;0;0;17456;-17456
2018-11-17T14:00;2018-11-17T14:15;57;kWh;-7308;55;0;0;7363;-7253
2018-11-17T14:15;2018-11-17T14:30;58;kWh;-2;469;0;0;471;467
2018-11-17T14:30;2018-11-17T14:45;59;kWh;0;0;0;0;0;0
2018-11-17T14:45;2018-11-17T15:00;60;kWh;0;0;0;0;0;0
2018-11-17T15:00;2018-11-17T15:15;61;kWh;0;3910;0;0;3910;3910
2018-11-17T15:15;2018-11-17T15:30;62;kWh;0;17604;0;0;17604;17604
2018-11-17T15:30;2018-11-17T15:45;63;kWh;0;34869;0;0;34869;34869
2018-11-17T15:45;2018-11-17T16:00;64;kWh;0;44916;0;0;44916;44916
2018-11-17T16:00;2018-11-17T16:15;65;kWh;-6086;17085;0;0;23171;10999
2018-11-17T16:15;2018-11-17T16:30;66;kWh;-8243;0;0;0;8243;-8243
2018-11-17T16:30;2018-11-17T16:45;67;kWh;-6115;0;0;0;6115;-6115
2018-11-17T16:45;2018-11-17T17:00;68;kWh;-12;714;0;0;726;702
2018-11-17T17:00;2018-11-17T17:15;69;kWh;-11921;1;0;0;11922;-11920
2018-11-17T17:15;2018-11-17T17:30;70;kWh;-3852;5118;0;0;8970;1266
2018-11-17T17:30;2018-11-17T17:45;71;kWh;-824;1376;0;0;2200;552
2018-11-17T17:45;2018-11-17T18:00;72;kWh;-279;0;0;0;279;-279
2018-11-17T18:00;2018-11-17T18:15;73;kWh;0;1260;0;0;1260;1260
2018-11-17T18:15;2018-11-17T18:30;74;kWh;-1448;27;0;0;1475;-1421
2018-11-17T18:30;2018-11-17T18:45;75;kWh;-41642;0;0;0;41642;-41642
2018-11-17T18:45;2018-11-17T19:00;76;kWh;-43334;0;0;0;43334;-43334
2018-11-17T19:00;2018-11-17T19:15;77;kWh;-35012;0;0;0;35012;-35012
2018-11-17T19:15;2018-11-17T19:30;78;kWh;-23378;0;0;0;23378;-23378
2018-11-17T19:30;2018-11-17T19:45;79;kWh;-44601;0;0;0;44601;-44601
2018-11-17T19:45;2018-11-17T20:00;80;kWh;-32977;0;0;0;32977;-32977
2018-11-17T20:00;2018-11-17T20:15;81;kWh;-2557;843;0;0;3400;-1714
2018-11-17T20:15;2018-11-17T20:30;82;kWh;0;7726;0;0;7726;7726
2018-11-17T20:30;2018-11-17T20:45;83;kWh;-2078;114;0;0;2192;-1964
2018-11-17T20:45;2018-11-17T21:00;84;kWh;-4798;0;0;0;4798;-4798
2018-11-17T21:00;2018-11-17T21:15;85;kWh;-399;8874;0;0;9273;8475
2018-11-17T21:15;2018-11-17T21:30;86;kWh;0;28485;0;0;28485;28485
2018-11-17T21:30;2018-11-17T21:45;87;kWh;0;15961;0;0;15961;15961
2018-11-17T21:45;2018-11-17T22:00;88;kWh;-27047;1123;0;0;28170;-25924
2018-11-17T22:00;2018-11-17T22:15;89;kWh;-22514;0;0;0;22514;-22514
2018-11-17T22:15;2018-11-17T22:30;90;kWh;-8347;0;0;0;8347;-8347
2018-11-17T22:30;2018-11-17T22:45;91;kWh;-5794;1028;0;0;6822;-4766
2018-11-17T22:45;2018-11-17T23:00;92;kWh;-172;13432;0;0;13604;13260
2018-11-17T23:00;2018-11-17T23:15;93;kWh;-19279;1243;0;0;20522;-18036
2018-11-17T23:15;2018-11-17T23:30;94;kWh;-1849;1224;0;0;3073;-625
2018-11-17T23:30;2018-11-17T23:45;95;kWh;-3652;0;0;0;3652;-3652
2018-11-17T23:45;2018-11-18T00:00;96;kWh;-29565;0;0;0;29565;-29565
2018-11-18T00:00;2018-11-18T00:15;1;kWh;-2557;20971;0;0;23528;18414
2018-11-18T00:15;2018-11-18T00:30;2;kWh;0;7909;0;0;7909;7909
2018-11-18T00:30;2018-11-18T00:45;3;kWh;0;4012;0;0;4012;4012
2018-11-18T00:45;2018-11-18T01:00;4;kWh;-9147;416;0;0;9563;-8731
2018-11-18T01:00;2018-11-18T01:15;5;kWh;-8647;2427;0;0;11074;-6220
2018-11-18T01:15;2018-11-18T01:30;6;kWh;-427;2226;0;0;2653;1799
2018-11-18T01:30;2018-11-18T01:45;7;kWh;-5493;0;0;0;5493;-5493
2018-11-18T01:45;2018-11-18T02:00;8;kWh;-13497;0;0;0;13497;-13497
2018-11-18T02:00;2018-11-18T02:15;9;kWh;-22444;0;0;0;22444;-22444
2018-11-18T02:15;2018-11-18T02:30;10;kWh;-18157;0;0;0;18157;-18157
2018-11-18T02:30;2018-11-18T02:45;11;kWh;-13610;0;0;0;13610;-13610
2018-11-18T02:45;2018-11-18T03:00;12;kWh;-25574;0;0;0;25574;-25574
2018-11-18T03:00;2018-11-18T03:15;13;kWh;-10814;0;0;0;10814;-10814
2018-11-18T03:15;2018-11-18T03:30;14;kWh;-1261;0;0;0;1261;-1261
2018-11-18T03:30;2018-11-18T03:45;15;kWh;0;0;0;0;0;0
2018-11-18T03:45;2018-11-18T04:00;16;kWh;0;0;0;0;0;0
2018-11-18T04:00;2018-11-18T04:15;17;kWh;-4828;0;0;0;4828;-4828
2018-11-18T04:15;2018-11-18T04:30;18;kWh;-5634;0;0;0;5634;-5634
2018-11-18T04:30;2018-11-18T04:45;19;kWh;0;0;0;0;0;0
2018-11-18T04:45;2018-11-18T05:00;20;kWh;0;0;0;0;0;0
2018-11-18T05:00;2018-11-18T05:15;21;kWh;0;31;0;0;31;31
2018-11-18T05:15;2018-11-18T05:30;22;kWh;0;0;0;0;0;0
2018-11-18T05:30;2018-11-18T05:45;23;kWh;0;290;0;0;290;290
2018-11-18T05:45;2018-11-18T06:00;24;kWh;0;9243;0;0;9243;9243
2018-11-18T06:00;2018-11-18T06:15;25;kWh;-2793;145;0;0;2938;-2648
2018-11-18T06:15;2018-11-18T06:30;26;kWh;-5639;0;0;0;5639;-5639
2018-11-18T06:30;2018-11-18T06:45;27;kWh;-1437;0;0;0;1437;-1437
2018-11-18T06:45;2018-11-18T07:00;28;kWh;0;0;0;0;0;0
2018-11-18T07:00;2018-11-18T07:15;29;kWh;0;0;0;0;0;0
2018-11-18T07:15;2018-11-18T07:30;30;kWh;0;0;0;0;0;0
2018-11-18T07:30;2018-11-18T07:45;31;kWh;0;2234;0;0;2234;2234
2018-11-18T07:45;2018-11-18T08:00;32;kWh;0;23;0;0;23;23
2018-11-18T08:00;2018-11-18T08:15;33;kWh;0;37;0;0;37;37
2018-11-18T08:15;2018-11-18T08:30;34;kWh;0;2941;0;0;2941;2941
2018-11-18T08:30;2018-11-18T08:45;35;kWh;0;14256;0;0;14256;14256
2018-11-18T08:45;2018-11-18T09:00;36;kWh;-4036;8321;0;0;12357;4285
2018-11-18T09:00;2018-11-18T09:15;37;kWh;-835;4785;0;0;5620;3950
2018-11-18T09:15;2018-11-18T09:30;38;kWh;0;28047;0;0;28047;28047
2018-11-18T09:30;2018-11-18T09:45;39;kWh;0;28115;0;0;28115;28115
2018-11-18T09:45;2018-11-18T10:00;40;kWh;0;24125;0;0;24125;24125
2018-11-18T10:00;2018-11-18T10:15;41;kWh;0;20886;0;0;20886;20886
2018-11-18T10:15;2018-11-18T10:30;42;kWh;0;14900;0;0;14900;14900
2018-11-18T10:30;2018-11-18T10:45;43;kWh;-5393;656;0;0;6049;-4737
2018-11-18T10:45;2018-11-18T11:00;44;kWh;-27277;0;0;0;27277;-27277
2018-11-18T11:00;2018-11-18T11:15;45;kWh;-31573;0;0;0;31573;-31573
2018-11-18T11:15;2018-11-18T11:30;46;kWh;-65536;0;0;0;65536;-65536
2018-11-18T11:30;2018-11-18T11:45;47;kWh;-56510;0;0;0;56510;-56510
2018-11-18T11:45;2018-11-18T12:00;48;kWh;-48838;0;0;0;48838;-48838
2018-11-18T12:00;2018-11-18T12:15;49;kWh;-24113;0;0;0;24113;-24113
2018-11-18T12:15;2018-11-18T12:30;50;kWh;-1720;2046;0;0;3766;326
2018-11-18T12:30;2018-11-18T12:45;51;kWh;0;5374;0;0;5374;5374
2018-11-18T12:45;2018-11-18T13:00;52;kWh;0;6697;0;0;6697;6697
2018-11-18T13:00;2018-11-18T13:15;53;kWh;-44;935;0;0;979;891
2018-11-18T13:15;2018-11-18T13:30;54;kWh;-4571;0;0;0;4571;-4571
2018-11-18T13:30;2018-11-18T13:45;55;kWh;-4163;0;0;0;4163;-4163
2018-11-18T13:45;2018-11-18T14:00;56;kWh;-1693;245;0;0;1938;-1448
2018-11-18T14:00;2018-11-18T14:15;57;kWh;0;18922;0;0;18922;18922
2018-11-18T14:15;2018-11-18T14:30;58;kWh;0;8468;0;0;8468;8468
2018-11-18T14:30;2018-11-18T14:45;59;kWh;0;34329;0;0;34329;34329
2018-11-18T14:45;2018-11-18T15:00;60;kWh;0;33004;0;0;33004;33004
2018-11-18T15:00;2018-11-18T15:15;61;kWh;-2893;2022;0;0;4915;-871
2018-11-18T15:15;2018-11-18T15:30;62;kWh;-1794;0;0;0;1794;-1794
2018-11-18T15:30;2018-11-18T15:45;63;kWh;0;6322;0;0;6322;6322
2018-11-18T15:45;2018-11-18T16:00;64;kWh;0;11934;0;0;11934;11934
2018-11-18T16:00;2018-11-18T16:15;65;kWh;-434;5016;0;0;5450;4582
2018-11-18T16:15;2018-11-18T16:30;66;kWh;-262;0;0;0;262;-262
2018-11-18T16:30;2018-11-18T16:45;67;kWh;0;0;0;0;0;0
2018-11-18T16:45;2018-11-18T17:00;68;kWh;0;26;0;0;26;26
2018-11-18T17:00;2018-11-18T17:15;69;kWh;0;6051;0;0;6051;6051
2018-11-18T17:15;2018-11-18T17:30;70;kWh;0;57269;0;0;57269;57269
2018-11-18T17:30;2018-11-18T17:45;71;kWh;0;46392;0;0;46392;46392
2018-11-18T17:45;2018-11-18T18:00;72;kWh;0;19100;0;0;19100;19100
2018-11-18T18:00;2018-11-18T18:15;73;kWh;0;25492;0;0;25492;25492
2018-11-18T18:15;2018-11-18T18:30;74;kWh;-712;4925;0;0;5637;4213
2018-11-18T18:30;2018-11-18T18:45;75;kWh;-20838;0;0;0;20838;-20838
2018-11-18T18:45;2018-11-18T19:00;76;kWh;-26245;0;0;0;26245;-26245
2018-11-18T19:00;2018-11-18T19:15;77;kWh;-25336;0;0;0;25336;-25336
2018-11-18T19:15;2018-11-18T19:30;78;kWh;-20055;0;0;0;20055;-20055
2018-11-18T19:30;2018-11-18T19:45;79;kWh;-37766;0;0;0;37766;-37766
2018-11-18T19:45;2018-11-18T20:00;80;kWh;-51243;0;0;0;51243;-51243
2018-11-18T20:00;2018-11-18T20:15;81;kWh;-20480;564;0;0;21044;-19916
2018-11-18T20:15;2018-11-18T20:30;82;kWh;-3011;0;0;0;3011;-3011
2018-11-18T20:30;2018-11-18T20:45;83;kWh;-26830;0;0;0;26830;-26830
2018-11-18T20:45;2018-11-18T21:00;84;kWh;-46958;0;0;0;46958;-46958
2018-11-18T21:00;2018-11-18T21:15;85;kWh;-30573;1324;0;0;31897;-29249
2018-11-18T21:15;2018-11-18T21:30;86;kWh;-229;12984;0;0;13213;12755
2018-11-18T21:30;2018-11-18T21:45;87;kWh;-3438;134;0;0;3572;-3304
2018-11-18T21:45;2018-11-18T22:00;88;kWh;-11513;0;0;0;11513;-11513
2018-11-18T22:00;2018-11-18T22:15;89;kWh;-4819;546;0;0;5365;-4273
2018-11-18T22:15;2018-11-18T22:30;90;kWh;-6706;0;0;0;6706;-6706
2018-11-18T22:30;2018-11-18T22:45;91;kWh;-13747;0;0;0;13747;-13747
2018-11-18T22:45;2018-11-18T23:00;92;kWh;-1787;6417;0;0;8204;4630
2018-11-18T23:00;2018-11-18T23:15;93;kWh;-18891;1688;0;0;20579;-17203
2018-11-18T23:15;2018-11-18T23:30;94;kWh;-58549;0;0;0;58549;-58549
2018-11-18T23:30;2018-11-18T23:45;95;kWh;-64510;0;0;0;64510;-64510
2018-11-18T23:45;2018-11-19T00:00;96;kWh;-69775;0;0;0;69775;-69775
2018-11-19T00:00;2018-11-19T00:15;1;kWh;-58331;0;0;0;58331;-58331
2018-11-19T00:15;2018-11-19T00:30;2;kWh;-18996;0;0;0;18996;-18996
2018-11-19T00:30;2018-11-19T00:45;3;kWh;-27408;0;0;0;27408;-27408
2018-11-19T00:45;2018-11-19T01:00;4;kWh;-4867;0;0;0;4867;-4867
2018-11-19T01:00;2018-11-19T01:15;5;kWh;-13873;0;0;0;13873;-13873
2018-11-19T01:15;2018-11-19T01:30;6;kWh;-14870;0;0;0;14870;-14870
2018-11-19T01:30;2018-11-19T01:45;7;kWh;-34201;0;0;0;34201;-34201
2018-11-19T01:45;2018-11-19T02:00;8;kWh;-47415;0;0;0;47415;-47415
2018-11-19T02:00;2018-11-19T02:15;9;kWh;-19610;1636;0;0;21246;-17974
2018-11-19T02:15;2018-11-19T02:30;10;kWh;-6584;0;0;0;6584;-6584
2018-11-19T02:30;2018-11-19T02:45;11;kWh;-15348;0;0;0;15348;-15348
2018-11-19T02:45;2018-11-19T03:00;12;kWh;-26713;0;0;0;26713;-26713
2018-11-19T03:00;2018-11-19T03:15;13;kWh;-20789;78;0;0;20867;-20711
2018-11-19T03:15;2018-11-19T03:30;14;kWh;-7387;3;0;0;7390;-7384
2018-11-19T03:30;2018-11-19T03:45;15;kWh;-25107;0;0;0;25107;-25107
2018-11-19T03:45;2018-11-19T04:00;16;kWh;-26533;0;0;0;26533;-26533
2018-11-19T04:00;2018-11-19T04:15;17;kWh;-26421;0;0;0;26421;-26421
2018-11-19T04:15;2018-11-19T04:30;18;kWh;-26156;356;0;0;26512;-25800
2018-11-19T04:30;2018-11-19T04:45;19;kWh;-13613;93;0;0;13706;-13520
2018-11-19T04:45;2018-11-19T05:00;20;kWh;-19929;0;0;0;19929;-19929
2018-11-19T05:00;2018-11-19T05:15;21;kWh;-18910;64;0;0;18974;-18846
2018-11-19T05:15;2018-11-19T05:30;22;kWh;-54928;0;0;0;54928;-54928
2018-11-19T05:30;2018-11-19T05:45;23;kWh;-8573;1980;0;0;10553;-6593
2018-11-19T05:45;2018-11-19T06:00;24;kWh;0;24406;0;0;24406;24406
2018-11-19T06:00;2018-11-19T06:15;25;kWh;-22692;1974;0;0;24666;-20718
2018-11-19T06:15;2018-11-19T06:30;26;kWh;-34167;0;0;0;34167;-34167
2018-11-19T06:30;2018-11-19T06:45;27;kWh;-1087;257;0;0;1344;-830
2018-11-19T06:45;2018-11-19T07:00;28;kWh;0;22801;0;0;22801;22801
2018-11-19T07:00;2018-11-19T07:15;29;kWh;-53;5766;0;0;5819;5713
2018-11-19T07:15;2018-11-19T07:30;30;kWh;0;1357;0;0;1357;1357
2018-11-19T07:30;2018-11-19T07:45;31;kWh;0;15971;0;0;15971;15971
2018-11-19T07:45;2018-11-19T08:00;32;kWh;0;34489;0;0;34489;34489
2018-11-19T08:00;2018-11-19T08:15;33;kWh;-782;7049;0;0;7831;6267
2018-11-19T08:15;2018-11-19T08:30;34;kWh;-1138;0;0;0;1138;-1138
2018-11-19T08:30;2018-11-19T08:45;35;kWh;0;3230;0;0;3230;3230
2018-11-19T08:45;2018-11-19T09:00;36;kWh;0;10451;0;0;10451;10451
2018-11-19T09:00;2018-11-19T09:15;37;kWh;0;30768;0;0;30768;30768
2018-11-19T09:15;2018-11-19T09:30;38;kWh;0;38456;0;0;38456;38456
2018-11-19T09:30;2018-11-19T09:45;39;kWh;0;35142;0;0;35142;35142
2018-11-19T09:45;2018-11-19T10:00;40;kWh;0;30640;0;0;30640;30640
2018-11-19T10:00;2018-11-19T10:15;41;kWh;0;34696;0;0;34696;34696
2018-11-19T10:15;2018-11-19T10:30;42;kWh;0;44390;0;0;44390;44390
2018-11-19T10:30;2018-11-19T10:45;43;kWh;0;80200;0;8344;93544;93544
2018-11-19T10:45;2018-11-19T11:00;44;kWh;-105;10354;0;25974;36433;36223
2018-11-19T11:00;2018-11-19T11:15;45;kWh;0;31415;0;0;31415;31415
2018-11-19T11:15;2018-11-19T11:30;46;kWh;0;46899;0;0;46899;46899
2018-11-19T11:30;2018-11-19T11:45;47;kWh;0;76852;0;0;76852;76852
2018-11-19T11:45;2018-11-19T12:00;48;kWh;0;66430;0;0;66430;66430
2018-11-19T12:00;2018-11-19T12:15;49;kWh;-6;55013;0;0;55019;55007
2018-11-19T12:15;2018-11-19T12:30;50;kWh;-4749;3832;0;0;8581;-917
2018-11-19T12:30;2018-11-19T12:45;51;kWh;0;4736;0;0;4736;4736
2018-11-19T12:45;2018-11-19T13:00;52;kWh;0;14514;0;0;14514;14514
2018-11-19T13:00;2018-11-19T13:15;53;kWh;0;32466;0;0;32466;32466
2018-11-19T13:15;2018-11-19T13:30;54;kWh;0;39569;0;0;39569;39569
2018-11-19T13:30;2018-11-19T13:45;55;kWh;0;20749;0;0;20749;20749
2018-11-19T13:45;2018-11-19T14:00;56;kWh;0;37099;0;0;37099;37099
2018-11-19T14:00;2018-11-19T14:15;57;kWh;0;51536;0;0;51536;51536
2018-11-19T14:15;2018-11-19T14:30;58;kWh;0;52307;0;0;52307;52307
2018-11-19T14:30;2018-11-19T14:45;59;kWh;0;56814;0;0;56814;56814
2018-11-19T14:45;2018-11-19T15:00;60;kWh;0;44501;0;0;45751;45751
2018-11-19T15:00;2018-11-19T15:15;61;kWh;0;20777;0;0;20777;20777
2018-11-19T15:15;2018-11-19T15:30;62;kWh;0;6313;0;0;6313;6313
2018-11-19T15:30;2018-11-19T15:45;63;kWh;0;43523;0;0;43523;43523
2018-11-19T15:45;2018-11-19T16:00;64;kWh;0;67540;0;0;67540;67540
2018-11-19T16:00;2018-11-19T16:15;65;kWh;-22450;9587;0;0;32037;-12863
2018-11-19T16:15;2018-11-19T16:30;66;kWh;-1858;0;0;0;1858;-1858
2018-11-19T16:30;2018-11-19T16:45;67;kWh;0;0;0;0;0;0
2018-11-19T16:45;2018-11-19T17:00;68;kWh;0;1072;0;0;1072;1072
2018-11-19T17:00;2018-11-19T17:15;69;kWh;0;8882;0;0;8882;8882
2018-11-19T17:15;2018-11-19T17:30;70;kWh;0;63059;0;0;63059;63059
2018-11-19T17:30;2018-11-19T17:45;71;kWh;0;66448;0;0;66448;66448
2018-11-19T17:45;2018-11-19T18:00;72;kWh;0;23353;0;0;23353;23353
2018-11-19T18:00;2018-11-19T18:15;73;kWh;-1013;13954;0;0;14967;12941
2018-11-19T18:15;2018-11-19T18:30;74;kWh;-7658;512;0;0;8170;-7146
2018-11-19T18:30;2018-11-19T18:45;75;kWh;-5214;0;0;0;5214;-5214
2018-11-19T18:45;2018-11-19T19:00;76;kWh;-5019;0;0;0;5019;-5019
2018-11-19T19:00;2018-11-19T19:15;77;kWh;-6459;0;0;0;6459;-6459
2018-11-19T19:15;2018-11-19T19:30;78;kWh;-6479;0;0;0;6479;-6479
2018-11-19T19:30;2018-11-19T19:45;79;kWh;-24185;0;0;0;24185;-24185
2018-11-19T19:45;2018-11-19T20:00;80;kWh;-49637;0;0;0;49637;-49637
2018-11-19T20:00;2018-11-19T20:15;81;kWh;-15032;931;0;0;15963;-14101
2018-11-19T20:15;2018-11-19T20:30;82;kWh;-99;733;0;0;832;634
2018-11-19T20:30;2018-11-19T20:45;83;kWh;-237;1622;0;0;1859;1385
2018-11-19T20:45;2018-11-19T21:00;84;kWh;-14115;0;0;0;14115;-14115
2018-11-19T21:00;2018-11-19T21:15;85;kWh;-19871;4989;0;0;24860;-14882
2018-11-19T21:15;2018-11-19T21:30;86;kWh;-303;5362;0;0;5665;5059
2018-11-19T21:30;2018-11-19T21:45;87;kWh;0;2412;0;0;2412;2412
2018-11-19T21:45;2018-11-19T22:00;88;kWh;0;8370;0;0;8370;8370
2018-11-19T22:00;2018-11-19T22:15;89;kWh;0;19191;0;0;19191;19191
2018-11-19T22:15;2018-11-19T22:30;90;kWh;0;11318;0;0;11318;11318
2018-11-19T22:30;2018-11-19T22:45;91;kWh;-1096;177;0;0;1273;-919
2018-11-19T22:45;2018-11-19T23:00;92;kWh;-25175;0;0;0;25175;-25175
2018-11-19T23:00;2018-11-19T23:15;93;kWh;-14874;22133;0;0;37007;7259
2018-11-19T23:15;2018-11-19T23:30;94;kWh;-758;1695;0;0;2453;937
2018-11-19T23:30;2018-11-19T23:45;95;kWh;-15347;0;0;0;15347;-15347
2018-11-19T23:45;2018-11-20T00:00;96;kWh;-17702;0;0;0;17702;-17702
2018-11-20T00:00;2018-11-20T00:15;1;kWh;-9822;20129;0;0;29951;10307
2018-11-20T00:15;2018-11-20T00:30;2;kWh;-7;52222;0;0;52229;52215
2018-11-20T00:30;2018-11-20T00:45;3;kWh;0;22207;0;0;22207;22207
2018-11-20T00:45;2018-11-20T01:00;4;kWh;-5913;1812;0;0;7725;-4101
2018-11-20T01:00;2018-11-20T01:15;5;kWh;-5360;20073;0;0;25433;14713
2018-11-20T01:15;2018-11-20T01:30;6;kWh;0;18122;0;0;18122;18122
2018-11-20T01:30;2018-11-20T01:45;7;kWh;0;852;0;0;852;852
2018-11-20T01:45;2018-11-20T02:00;8;kWh;-5209;11;0;0;5220;-5198
2018-11-20T02:00;2018-11-20T02:15;9;kWh;-8852;6674;0;0;15526;-2178
2018-11-20T02:15;2018-11-20T02:30;10;kWh;0;17236;0;0;17236;17236
2018-11-20T02:30;2018-11-20T02:45;11;kWh;0;15876;0;0;15876;15876
2018-11-20T02:45;2018-11-20T03:00;12;kWh;0;17049;0;0;17049;17049
2018-11-20T03:00;2018-11-20T03:15;13;kWh;0;17428;0;0;17428;17428
2018-11-20T03:15;2018-11-20T03:30;14;kWh;0;15492;0;0;15492;15492
2018-11-20T03:30;2018-11-20T03:45;15;kWh;-2631;259;0;0;2890;-2372
2018-11-20T03:45;2018-11-20T04:00;16;kWh;-479;73;0;0;552;-406
2018-11-20T04:00;2018-11-20T04:15;17;kWh;-4593;0;0;0;4593;-4593
2018-11-20T04:15;2018-11-20T04:30;18;kWh;-1501;149;0;0;1650;-1352
2018-11-20T04:30;2018-11-20T04:45;19;kWh;0;2172;0;0;2172;2172
2018-11-20T04:45;2018-11-20T05:00;20;kWh;0;9296;0;0;9296;9296
2018-11-20T05:00;2018-11-20T05:15;21;kWh;-7525;4307;0;0;11832;-3218
2018-11-20T05:15;2018-11-20T05:30;22;kWh;-11711;198;0;0;11909;-11513
2018-11-20T05:30;2018-11-20T05:45;23;kWh;0;12681;0;0;12681;12681
2018-11-20T05:45;2018-11-20T06:00;24;kWh;0;35943;0;0;35943;35943
2018-11-20T06:00;2018-11-20T06:15;25;kWh;-22330;7506;0;0;29836;-14824
2018-11-20T06:15;2018-11-20T06:30;26;kWh;-2091;719;0;0;2810;-1372
2018-11-20T06:30;2018-11-20T06:45;27;kWh;0;25730;0;0;25730;25730
2018-11-20T06:45;2018-11-20T07:00;28;kWh;0;25656;0;0;25656;25656
2018-11-20T07:00;2018-11-20T07:15;29;kWh;-848;9976;0;0;10824;9128
2018-11-20T07:15;2018-11-20T07:30;30;kWh;-37;3216;0;0;3253;3179
2018-11-20T07:30;2018-11-20T07:45;31;kWh;0;56641;0;0;56641;56641
2018-11-20T07:45;2018-11-20T08:00;32;kWh;0;46132;0;0;46132;46132
2018-11-20T08:00;2018-11-20T08:15;33;kWh;-1197;14895;0;0;16092;13698
2018-11-20T08:15;2018-11-20T08:30;34;kWh;-105;10014;0;0;10119;9909
2018-11-20T08:30;2018-11-20T08:45;35;kWh;0;38864;0;0;38864;38864
2018-11-20T08:45;2018-11-20T09:00;36;kWh;0;58458;0;0;58458;58458
2018-11-20T09:00;2018-11-20T09:15;37;kWh;-3923;24371;0;0;28294;20448
2018-11-20T09:15;2018-11-20T09:30;38;kWh;-13971;461;0;0;14432;-13510
2018-11-20T09:30;2018-11-20T09:45;39;kWh;-5;4570;0;0;4575;4565
2018-11-20T09:45;2018-11-20T10:00;40;kWh;0;11682;0;0;11682;11682
2018-11-20T10:00;2018-11-20T10:15;41;kWh;0;24673;0;0;24673;24673
2018-11-20T10:15;2018-11-20T10:30;42;kWh;0;36730;0;0;36730;36730
2018-11-20T10:30;2018-11-20T10:45;43;kWh;0;50825;0;0;50825;50825
2018-11-20T10:45;2018-11-20T11:00;44;kWh;0;39185;0;0;39185;39185
2018-11-20T11:00;2018-11-20T11:15;45;kWh;0;55050;0;0;55050;55050
2018-11-20T11:15;2018-11-20T11:30;46;kWh;0;34458;0;0;34458;34458
2018-11-20T11:30;2018-11-20T11:45;47;kWh;0;40433;0;0;40433;40433
2018-11-20T11:45;2018-11-20T12:00;48;kWh;0;60727;0;0;60727;60727
2018-11-20T12:00;2018-11-20T12:15;49;kWh;0;67781;0;0;67781;67781
2018-11-20T12:15;2018-11-20T12:30;50;kWh;0;29627;0;0;30877;30877
2018-11-20T12:30;2018-11-20T12:45;51;kWh;-2;8693;0;0;8695;8691
2018-11-20T12:45;2018-11-20T13:00;52;kWh;0;27027;0;0;27027;27027
2018-11-20T13:00;2018-11-20T13:15;53;kWh;0;11288;0;0;11288;11288
2018-11-20T13:15;2018-11-20T13:30;54;kWh;0;22817;0;0;22817;22817
2018-11-20T13:30;2018-11-20T13:45;55;kWh;0;478;0;0;478;478
2018-11-20T13:45;2018-11-20T14:00;56;kWh;0;1038;0;0;1038;1038
2018-11-20T14:00;2018-11-20T14:15;57;kWh;0;9380;0;0;9380;9380
2018-11-20T14:15;2018-11-20T14:30;58;kWh;0;33795;0;0;33795;33795
2018-11-20T14:30;2018-11-20T14:45;59;kWh;0;17766;0;0;17766;17766
2018-11-20T14:45;2018-11-20T15:00;60;kWh;0;2143;0;0;2143;2143
2018-11-20T15:00;2018-11-20T15:15;61;kWh;-3511;0;0;0;3511;-3511
2018-11-20T15:15;2018-11-20T15:30;62;kWh;-1446;10641;0;0;12087;9195
2018-11-20T15:30;2018-11-20T15:45;63;kWh;0;28445;0;0;28445;28445
2018-11-20T15:45;2018-11-20T16:00;64;kWh;0;17501;0;0;17501;17501
2018-11-20T16:00;2018-11-20T16:15;65;kWh;-15381;3956;0;0;19337;-11425
2018-11-20T16:15;2018-11-20T16:30;66;kWh;-3397;1;0;0;3398;-3396
2018-11-20T16:30;2018-11-20T16:45;67;kWh;0;9107;0;0;9107;9107
2018-11-20T16:45;2018-11-20T17:00;68;kWh;0;65747;0;0;65747;65747
2018-11-20T17:00;2018-11-20T17:15;69;kWh;-651;25223;0;0;25874;24572
2018-11-20T17:15;2018-11-20T17:30;70;kWh;-24;19355;0;0;19379;19331
2018-11-20T17:30;2018-11-20T17:45;71;kWh;0;29237;0;0;29237;29237
2018-11-20T17:45;2018-11-20T18:00;72;kWh;0;21334;0;0;21334;21334
2018-11-20T18:00;2018-11-20T18:15;73;kWh;0;20512;0;0;20512;20512
2018-11-20T18:15;2018-11-20T18:30;74;kWh;0;9310;0;0;9310;9310
2018-11-20T18:30;2018-11-20T18:45;75;kWh;0;1770;0;0;1770;1770
2018-11-20T18:45;2018-11-20T19:00;76;kWh;0;3834;0;0;3834;3834
2018-11-20T19:00;2018-11-20T19:15;77;kWh;0;18646;0;0;18646;18646
2018-11-20T19:15;2018-11-20T19:30;78;kWh;0;8966;0;0;8966;8966
2018-11-20T19:30;2018-11-20T19:45;79;kWh;0;3;0;0;3;3
2018-11-20T19:45;2018-11-20T20:00;80;kWh;0;0;0;0;0;0
2018-11-20T20:00;2018-11-20T20:15;81;kWh;0;4316;0;0;4316;4316
2018-11-20T20:15;2018-11-20T20:30;82;kWh;0;6938;0;0;6938;6938
2018-11-20T20:30;2018-11-20T20:45;83;kWh;-10799;404;0;0;11203;-10395
2018-11-20T20:45;2018-11-20T21:00;84;kWh;-13773;0;0;0;13773;-13773
2018-11-20T21:00;2018-11-20T21:15;85;kWh;-2367;4526;0;0;6893;2159
2018-11-20T21:15;2018-11-20T21:30;86;kWh;0;28066;0;0;28066;28066
2018-11-20T21:30;2018-11-20T21:45;87;kWh;-1810;3703;0;0;5513;1893
2018-11-20T21:45;2018-11-20T22:00;88;kWh;-813;649;0;0;1462;-164
2018-11-20T22:00;2018-11-20T22:15;89;kWh;0;21398;0;0;21398;21398
2018-11-20T22:15;2018-11-20T22:30;90;kWh;0;35310;0;0;35310;35310
2018-11-20T22:30;2018-11-20T22:45;91;kWh;-7041;8057;0;0;15098;1016
2018-11-20T22:45;2018-11-20T23:00;92;kWh;-23382;0;0;0;23382;-23382
2018-11-20T23:00;2018-11-20T23:15;93;kWh;-8843;7866;0;0;16709;-977
2018-11-20T23:15;2018-11-20T23:30;94;kWh;-14445;7;0;0;14452;-14438
2018-11-20T23:30;2018-11-20T23:45;95;kWh;-35079;0;0;0;35079;-35079
2018-11-20T23:45;2018-11-21T00:00;96;kWh;-61766;0;0;0;61766;-61766
2018-11-21T00:00;2018-11-21T00:15;1;kWh;-25799;1249;0;0;27048;-24550
2018-11-21T00:15;2018-11-21T00:30;2;kWh;-236;21405;0;0;21641;21169
2018-11-21T00:30;2018-11-21T00:45;3;kWh;-4514;1159;0;0;5673;-3355
2018-11-21T00:45;2018-11-21T01:00;4;kWh;-6265;71;0;0;6336;-6194
2018-11-21T01:00;2018-11-21T01:15;5;kWh;-8466;1271;0;0;9737;-7195
2018-11-21T01:15;2018-11-21T01:30;6;kWh;0;835;0;0;835;835
2018-11-21T01:30;2018-11-21T01:45;7;kWh;-5189;6;0;0;5195;-5183
2018-11-21T01:45;2018-11-21T02:00;8;kWh;-16920;0;0;0;16920;-16920
2018-11-21T02:00;2018-11-21T02:15;9;kWh;-18101;1696;0;0;19797;-16405
2018-11-21T02:15;2018-11-21T02:30;10;kWh;-2387;7116;0;0;9503;4729
2018-11-21T02:30;2018-11-21T02:45;11;kWh;-2037;2364;0;0;4401;327
2018-11-21T02:45;2018-11-21T03:00;12;kWh;0;6573;0;0;6573;6573
2018-11-21T03:00;2018-11-21T03:15;13;kWh;-277;996;0;0;1273;719
2018-11-21T03:15;2018-11-21T03:30;14;kWh;0;2601;0;0;2601;2601
2018-11-21T03:30;2018-11-21T03:45;15;kWh;0;8324;0;0;8324;8324
2018-11-21T03:45;2018-11-21T04:00;16;kWh;0;30688;0;0;30688;30688
2018-11-21T04:00;2018-11-21T04:15;17;kWh;0;24489;0;0;24489;24489
2018-11-21T04:15;2018-11-21T04:30;18;kWh;0;41936;0;0;41936;41936
2018-11-21T04:30;2018-11-21T04:45;19;kWh;0;56344;0;0;56344;56344
2018-11-21T04:45;2018-11-21T05:00;20;kWh;0;63761;0;0;63761;63761
2018-11-21T05:00;2018-11-21T05:15;21;kWh;0;60368;0;0;60368;60368
2018-11-21T05:15;2018-11-21T05:30;22;kWh;0;54876;0;0;54876;54876
2018-11-21T05:30;2018-11-21T05:45;23;kWh;0;97225;0;0;99725;99725
2018-11-21T05:45;2018-11-21T06:00;24;kWh;0;57264;0;0;61014;61014
2018-11-21T06:00;2018-11-21T06:15;25;kWh;-7223;5800;0;0;13023;-1423
2018-11-21T06:15;2018-11-21T06:30;26;kWh;0;16930;0;0;16930;16930
2018-11-21T06:30;2018-11-21T06:45;27;kWh;0;54272;0;0;54272;54272
2018-11-21T06:45;2018-11-21T07:00;28;kWh;0;56077;0;0;56077;56077
2018-11-21T07:00;2018-11-21T07:15;29;kWh;-1619;22939;0;0;24558;21320
2018-11-21T07:15;2018-11-21T07:30;30;kWh;-50;35883;0;0;35933;35833
2018-11-21T07:30;2018-11-21T07:45;31;kWh;0;89423;0;7500;96923;96923
2018-11-21T07:45;2018-11-21T08:00;32;kWh;0;93241;0;45146;138387;138387
2018-11-21T08:00;2018-11-21T08:15;33;kWh;-26831;25483;0;83837;136151;82489
2018-11-21T08:15;2018-11-21T08:30;34;kWh;-1831;40157;0;0;41988;38326
2018-11-21T08:30;2018-11-21T08:45;35;kWh;0;71301;0;0;71301;71301
2018-11-21T08:45;2018-11-21T09:00;36;kWh;0;69248;0;0;69248;69248
2018-11-21T09:00;2018-11-21T09:15;37;kWh;0;76452;0;0;76452;76452
2018-11-21T09:15;2018-11-21T09:30;38;kWh;0;81508;0;0;81508;81508
2018-11-21T09:30;2018-11-21T09:45;39;kWh;0;82713;0;0;86463;86463
2018-11-21T09:45;2018-11-21T10:00;40;kWh;0;71044;0;0;74794;74794
2018-11-21T10:00;2018-11-21T10:15;41;kWh;-4000;19214;0;0;23214;15214
2018-11-21T10:15;2018-11-21T10:30;42;kWh;0;16111;0;0;16111;16111
2018-11-21T10:30;2018-11-21T10:45;43;kWh;0;13578;0;0;13578;13578
2018-11-21T10:45;2018-11-21T11:00;44;kWh;0;26834;0;0;26834;26834
2018-11-21T11:00;2018-11-21T11:15;45;kWh;0;32220;0;0;32220;32220
2018-11-21T11:15;2018-11-21T11:30;46;kWh;0;45309;0;0;45309;45309
2018-11-21T11:30;2018-11-21T11:45;47;kWh;0;49196;0;0;49196;49196
2018-11-21T11:45;2018-11-21T12:00;48;kWh;0;54041;0;0;54041;54041
2018-11-21T12:00;2018-11-21T12:15;49;kWh;0;68977;0;0;68977;68977
2018-11-21T12:15;2018-11-21T12:30;50;kWh;0;17138;0;0;17138;17138
2018-11-21T12:30;2018-11-21T12:45;51;kWh;0;34692;0;0;34692;34692
2018-11-21T12:45;2018-11-21T13:00;52;kWh;0;48194;0;0;48194;48194
2018-11-21T13:00;2018-11-21T13:15;53;kWh;0;65734;0;0;65734;65734
2018-11-21T13:15;2018-11-21T13:30;54;kWh;0;46131;0;0;46131;46131
2018-11-21T13:30;2018-11-21T13:45;55;kWh;0;74541;0;0;74541;74541
2018-11-21T13:45;2018-11-21T14:00;56;kWh;0;93815;0;0;93815;93815
2018-11-21T14:00;2018-11-21T14:15;57;kWh;0;87890;0;87498;175388;175388
2018-11-21T14:15;2018-11-21T14:30;58;kWh;0;86222;0;87498;173720;173720
2018-11-21T14:30;2018-11-21T14:45;59;kWh;0;86195;0;103599;189794;189794
2018-11-21T14:45;2018-11-21T15:00;60;kWh;0;68643;0;113325;185718;185718
2018-11-21T15:00;2018-11-21T15:15;61;kWh;0;13843;0;98325;112168;112168
2018-11-21T15:15;2018-11-21T15:30;62;kWh;0;26232;0;90825;117057;117057
2018-11-21T15:30;2018-11-21T15:45;63;kWh;0;70427;0;21666;97093;97093
2018-11-21T15:45;2018-11-21T16:00;64;kWh;0;89577;0;0;94577;94577
2018-11-21T16:00;2018-11-21T16:15;65;kWh;0;36539;0;0;41539;41539
2018-11-21T16:15;2018-11-21T16:30;66;kWh;0;20075;0;0;20075;20075
2018-11-21T16:30;2018-11-21T16:45;67;kWh;0;76025;0;0;79775;79775
2018-11-21T16:45;2018-11-21T17:00;68;kWh;0;85469;0;0;89219;89219
2018-11-21T17:00;2018-11-21T17:15;69;kWh;0;92501;0;0;97501;97501
2018-11-21T17:15;2018-11-21T17:30;70;kWh;0;93741;0;64998;162489;162489
2018-11-21T17:30;2018-11-21T17:45;71;kWh;0;94967;0;70011;168728;168728
2018-11-21T17:45;2018-11-21T18:00;72;kWh;0;94880;0;70011;168641;168641
2018-11-21T18:00;2018-11-21T18:15;73;kWh;0;96044;0;70011;171055;171055
2018-11-21T18:15;2018-11-21T18:30;74;kWh;0;92516;0;66669;164185;164185
2018-11-21T18:30;2018-11-21T18:45;75;kWh;0;50194;0;64998;120192;120192
2018-11-21T18:45;2018-11-21T19:00;76;kWh;0;15742;0;54998;75740;75740
2018-11-21T19:00;2018-11-21T19:15;77;kWh;0;33221;0;34998;71969;71969
2018-11-21T19:15;2018-11-21T19:30;78;kWh;0;8578;0;23332;35660;35660
2018-11-21T19:30;2018-11-21T19:45;79;kWh;0;1607;0;0;1607;1607
2018-11-21T19:45;2018-11-21T20:00;80;kWh;0;9373;0;0;9373;9373
2018-11-21T20:00;2018-11-21T20:15;81;kWh;-2021;1540;0;0;3561;-481
2018-11-21T20:15;2018-11-21T20:30;82;kWh;-7201;0;0;0;7201;-7201
2018-11-21T20:30;2018-11-21T20:45;83;kWh;-17983;0;0;0;17983;-17983
2018-11-21T20:45;2018-11-21T21:00;84;kWh;-23193;0;0;0;23193;-23193
2018-11-21T21:00;2018-11-21T21:15;85;kWh;-8302;26715;0;0;35017;18413
2018-11-21T21:15;2018-11-21T21:30;86;kWh;0;35594;0;0;35594;35594
2018-11-21T21:30;2018-11-21T21:45;87;kWh;0;23560;0;0;23560;23560
2018-11-21T21:45;2018-11-21T22:00;88;kWh;0;18357;0;0;18357;18357
2018-11-21T22:00;2018-11-21T22:15;89;kWh;-1198;11130;0;0;12328;9932
2018-11-21T22:15;2018-11-21T22:30;90;kWh;-31;29327;0;0;29358;29296
2018-11-21T22:30;2018-11-21T22:45;91;kWh;-1233;3204;0;0;4437;1971
2018-11-21T22:45;2018-11-21T23:00;92;kWh;-7735;2091;0;0;9826;-5644
2018-11-21T23:00;2018-11-21T23:15;93;kWh;-1769;33169;0;0;34938;31400
2018-11-21T23:15;2018-11-21T23:30;94;kWh;0;39134;0;0;39134;39134
2018-11-21T23:30;2018-11-21T23:45;95;kWh;-33;8892;0;0;8925;8859
2018-11-21T23:45;2018-11-22T00:00;96;kWh;-28137;182;0;0;28319;-27955
2018-11-22T00:00;2018-11-22T00:15;1;kWh;-21117;980;0;0;22097;-20137
2018-11-22T00:15;2018-11-22T00:30;2;kWh;-8059;0;0;0;8059;-8059
2018-11-22T00:30;2018-11-22T00:45;3;kWh;-13866;0;0;0;13866;-13866
2018-11-22T00:45;2018-11-22T01:00;4;kWh;-7041;0;0;0;7041;-7041
2018-11-22T01:00;2018-11-22T01:15;5;kWh;-726;31737;0;0;32463;31011
2018-11-22T01:15;2018-11-22T01:30;6;kWh;0;31696;0;0;31696;31696
2018-11-22T01:30;2018-11-22T01:45;7;kWh;0;3930;0;0;3930;3930
2018-11-22T01:45;2018-11-22T02:00;8;kWh;-353;99;0;0;452;-254
2018-11-22T02:00;2018-11-22T02:15;9;kWh;-233;4584;0;0;4817;4351
2018-11-22T02:15;2018-11-22T02:30;10;kWh;0;893;0;0;893;893
2018-11-22T02:30;2018-11-22T02:45;11;kWh;0;2111;0;0;2111;2111
2018-11-22T02:45;2018-11-22T03:00;12;kWh;-204;1408;0;0;1612;1204
2018-11-22T03:00;2018-11-22T03:15;13;kWh;-120;5608;0;0;5728;5488
2018-11-22T03:15;2018-11-22T03:30;14;kWh;0;2288;0;0;2288;2288
2018-11-22T03:30;2018-11-22T03:45;15;kWh;-4531;0;0;0;4531;-4531
2018-11-22T03:45;2018-11-22T04:00;16;kWh;-2952;0;0;0;2952;-2952
2018-11-22T04:00;2018-11-22T04:15;17;kWh;-1619;1021;0;0;2640;-598
2018-11-22T04:15;2018-11-22T04:30;18;kWh;0;0;0;0;0;0
2018-11-22T04:30;2018-11-22T04:45;19;kWh;0;2551;0;0;2551;2551
2018-11-22T04:45;2018-11-22T05:00;20;kWh;0;15043;0;0;15043;15043
2018-11-22T05:00;2018-11-22T05:15;21;kWh;-10829;2426;0;0;13255;-8403
2018-11-22T05:15;2018-11-22T05:30;22;kWh;-12086;0;0;0;12086;-12086
2018-11-22T05:30;2018-11-22T05:45;23;kWh;-727;778;0;0;1505;51
2018-11-22T05:45;2018-11-22T06:00;24;kWh;-3303;574;0;0;3877;-2729
2018-11-22T06:00;2018-11-22T06:15;25;kWh;-57965;0;0;0;57965;-57965
2018-11-22T06:15;2018-11-22T06:30;26;kWh;-49418;0;0;0;49418;-49418
2018-11-22T06:30;2018-11-22T06:45;27;kWh;-30302;842;0;0;31144;-29460
2018-11-22T06:45;2018-11-22T07:00;28;kWh;-1592;10842;0;0;12434;9250
2018-11-22T07:00;2018-11-22T07:15;29;kWh;-81951;0;0;0;81951;-81951
2018-11-22T07:15;2018-11-22T07:30;30;kWh;-57126;0;0;0;57126;-57126
2018-11-22T07:30;2018-11-22T07:45;31;kWh;-1087;13498;0;0;14585;12411
2018-11-22T07:45;2018-11-22T08:00;32;kWh;0;55925;0;0;55925;55925
2018-11-22T08:00;2018-11-22T08:15;33;kWh;-36831;12459;0;0;49290;-24372
2018-11-22T08:15;2018-11-22T08:30;34;kWh;-45203;0;0;0;45203;-45203
2018-11-22T08:30;2018-11-22T08:45;35;kWh;-6369;0;0;0;6369;-6369
2018-11-22T08:45;2018-11-22T09:00;36;kWh;0;6110;0;0;6110;6110
2018-11-22T09:00;2018-11-22T09:15;37;kWh;0;19420;0;0;19420;19420
2018-11-22T09:15;2018-11-22T09:30;38;kWh;0;12783;0;0;12783;12783
2018-11-22T09:30;2018-11-22T09:45;39;kWh;0;27868;0;0;27868;27868
2018-11-22T09:45;2018-11-22T10:00;40;kWh;0;9518;0;0;9518;9518
2018-11-22T10:00;2018-11-22T10:15;41;kWh;0;35184;0;0;35184;35184
2018-11-22T10:15;2018-11-22T10:30;42;kWh;-107;18928;0;0;19035;18821
2018-11-22T10:30;2018-11-22T10:45;43;kWh;0;26985;0;0;26985;26985
2018-11-22T10:45;2018-11-22T11:00;44;kWh;0;31854;0;0;31854;31854
2018-11-22T11:00;2018-11-22T11:15;45;kWh;0;31757;0;0;31757;31757
2018-11-22T11:15;2018-11-22T11:30;46;kWh;0;48335;0;0;48335;48335
2018-11-22T11:30;2018-11-22T11:45;47;kWh;0;10234;0;0;10234;10234
2018-11-22T11:45;2018-11-22T12:00;48;kWh;0;32966;0;0;32966;32966
2018-11-22T12:00;2018-11-22T12:15;49;kWh;0;43256;0;0;43256;43256
2018-11-22T12:15;2018-11-22T12:30;50;kWh;-583;4130;0;0;4713;3547
2018-11-22T12:30;2018-11-22T12:45;51;kWh;0;530;0;0;530;530
2018-11-22T12:45;2018-11-22T13:00;52;kWh;0;186;0;0;186;186
2018-11-22T13:00;2018-11-22T13:15;53;kWh;0;1363;0;0;1363;1363
2018-11-22T13:15;2018-11-22T13:30;54;kWh;0;14265;0;0;14265;14265
2018-11-22T13:30;2018-11-22T13:45;55;kWh;0;22545;0;0;22545;22545
2018-11-22T13:45;2018-11-22T14:00;56;kWh;0;24847;0;0;24847;24847
2018-11-22T14:00;2018-11-22T14:15;57;kWh;0;32427;0;0;32427;32427
2018-11-22T14:15;2018-11-22T14:30;58;kWh;0;31631;0;0;31631;31631
2018-11-22T14:30;2018-11-22T14:45;59;kWh;0;16088;0;0;16088;16088
2018-11-22T14:45;2018-11-22T15:00;60;kWh;0;630;0;0;630;630
2018-11-22T15:00;2018-11-22T15:15;61;kWh;0;21075;0;0;21075;21075
2018-11-22T15:15;2018-11-22T15:30;62;kWh;0;5482;0;0;5482;5482
2018-11-22T15:30;2018-11-22T15:45;63;kWh;0;33052;0;0;33052;33052
2018-11-22T15:45;2018-11-22T16:00;64;kWh;0;41491;0;0;41491;41491
2018-11-22T16:00;2018-11-22T16:15;65;kWh;-8663;10077;0;0;18740;1414
2018-11-22T16:15;2018-11-22T16:30;66;kWh;-14394;0;0;0;14394;-14394
2018-11-22T16:30;2018-11-22T16:45;67;kWh;-2475;511;0;0;2986;-1964
2018-11-22T16:45;2018-11-22T17:00;68;kWh;0;32738;0;0;32738;32738
2018-11-22T17:00;2018-11-22T17:15;69;kWh;-2326;28291;0;0;30617;25965
2018-11-22T17:15;2018-11-22T17:30;70;kWh;-242;7159;0;0;7401;6917
2018-11-22T17:30;2018-11-22T17:45;71;kWh;-8;14766;0;0;14774;14758
2018-11-22T17:45;2018-11-22T18:00;72;kWh;-2590;876;0;0;3466;-1714
2018-11-22T18:00;2018-11-22T18:15;73;kWh;-63;42859;0;0;42922;42796
2018-11-22T18:15;2018-11-22T18:30;74;kWh;-7;12374;0;0;12381;12367
2018-11-22T18:30;2018-11-22T18:45;75;kWh;-2061;110;0;0;2171;-1951
2018-11-22T18:45;2018-11-22T19:00;76;kWh;-1644;0;0;0;1644;-1644
2018-11-22T19:00;2018-11-22T19:15;77;kWh;-238;17780;0;0;18018;17542
2018-11-22T19:15;2018-11-22T19:30;78;kWh;0;7046;0;0;7046;7046
2018-11-22T19:30;2018-11-22T19:45;79;kWh;-1865;0;0;0;1865;-1865
2018-11-22T19:45;2018-11-22T20:00;80;kWh;-8932;0;0;0;8932;-8932
2018-11-22T20:00;2018-11-22T20:15;81;kWh;-3257;41475;0;0;44732;38218
2018-11-22T20:15;2018-11-22T20:30;82;kWh;0;72918;0;0;76668;76668
2018-11-22T20:30;2018-11-22T20:45;83;kWh;-12213;9168;0;0;21381;-3045
2018-11-22T20:45;2018-11-22T21:00;84;kWh;-12006;0;0;0;12006;-12006
2018-11-22T21:00;2018-11-22T21:15;85;kWh;-884;1425;0;0;2309;541
2018-11-22T21:15;2018-11-22T21:30;86;kWh;0;4221;0;0;4221;4221
2018-11-22T21:30;2018-11-22T21:45;87;kWh;0;837;0;0;837;837
2018-11-22T21:45;2018-11-22T22:00;88;kWh;-642;0;0;0;642;-642
2018-11-22T22:00;2018-11-22T22:15;89;kWh;-1542;17688;0;0;19230;16146
2018-11-22T22:15;2018-11-22T22:30;90;kWh;0;42308;0;0;42308;42308
2018-11-22T22:30;2018-11-22T22:45;91;kWh;0;6261;0;0;6261;6261
2018-11-22T22:45;2018-11-22T23:00;92;kWh;0;0;0;0;0;0
2018-11-22T23:00;2018-11-22T23:15;93;kWh;0;16059;0;0;16059;16059
2018-11-22T23:15;2018-11-22T23:30;94;kWh;0;3716;0;0;3716;3716
2018-11-22T23:30;2018-11-22T23:45;95;kWh;0;738;0;0;738;738
2018-11-22T23:45;2018-11-23T00:00;96;kWh;-9517;9;0;0;9526;-9508
2018-11-23T00:00;2018-11-23T00:15;1;kWh;-12153;5716;0;0;17869;-6437
2018-11-23T00:15;2018-11-23T00:30;2;kWh;0;16515;0;0;16515;16515
2018-11-23T00:30;2018-11-23T00:45;3;kWh;-978;2543;0;0;3521;1565
2018-11-23T00:45;2018-11-23T01:00;4;kWh;0;0;0;0;0;0
2018-11-23T01:00;2018-11-23T01:15;5;kWh;0;13069;0;0;13069;13069
2018-11-23T01:15;2018-11-23T01:30;6;kWh;-89;15041;0;0;15130;14952
2018-11-23T01:30;2018-11-23T01:45;7;kWh;-11396;311;0;0;11707;-11085
2018-11-23T01:45;2018-11-23T02:00;8;kWh;-17133;0;0;0;17133;-17133
2018-11-23T02:00;2018-11-23T02:15;9;kWh;-20960;394;0;0;21354;-20566
2018-11-23T02:15;2018-11-23T02:30;10;kWh;-489;1999;0;0;2488;1510
2018-11-23T02:30;2018-11-23T02:45;11;kWh;-222;0;0;0;222;-222
2018-11-23T02:45;2018-11-23T03:00;12;kWh;-4005;0;0;0;4005;-4005
2018-11-23T03:00;2018-11-23T03:15;13;kWh;-660;8994;0;0;9654;8334
2018-11-23T03:15;2018-11-23T03:30;14;kWh;0;8617;0;0;8617;8617
2018-11-23T03:30;2018-11-23T03:45;15;kWh;0;2012;0;0;2012;2012
2018-11-23T03:45;2018-11-23T04:00;16;kWh;-100;971;0;0;1071;871
2018-11-23T04:00;2018-11-23T04:15;17;kWh;-411;0;0;0;411;-411
2018-11-23T04:15;2018-11-23T04:30;18;kWh;-9046;0;0;0;9046;-9046
2018-11-23T04:30;2018-11-23T04:45;19;kWh;-3983;1064;0;0;5047;-2919
2018-11-23T04:45;2018-11-23T05:00;20;kWh;-8;5194;0;0;5202;5186
2018-11-23T05:00;2018-11-23T05:15;21;kWh;0;2537;0;0;2537;2537
2018-11-23T05:15;2018-11-23T05:30;22;kWh;0;2574;0;0;2574;2574
2018-11-23T05:30;2018-11-23T05:45;23;kWh;0;21300;0;0;21300;21300
2018-11-23T05:45;2018-11-23T06:00;24;kWh;0;57726;0;0;57726;57726
2018-11-23T06:00;2018-11-23T06:15;25;kWh;-21502;6369;0;0;27871;-15133
2018-11-23T06:15;2018-11-23T06:30;26;kWh;-4758;2;0;0;4760;-4756
2018-11-23T06:30;2018-11-23T06:45;27;kWh;0;7825;0;0;7825;7825
2018-11-23T06:45;2018-11-23T07:00;28;kWh;0;56482;0;0;56482;56482
2018-11-23T07:00;2018-11-23T07:15;29;kWh;-39392;13855;0;0;53247;-25537
2018-11-23T07:15;2018-11-23T07:30;30;kWh;-42896;182;0;0;43078;-42714
2018-11-23T07:30;2018-11-23T07:45;31;kWh;-183;23898;0;0;24081;23715
2018-11-23T07:45;2018-11-23T08:00;32;kWh;0;39992;0;0;39992;39992
2018-11-23T08:00;2018-11-23T08:15;33;kWh;-6858;11301;0;0;18159;4443
2018-11-23T08:15;2018-11-23T08:30;34;kWh;-8264;0;0;0;8264;-8264
2018-11-23T08:30;2018-11-23T08:45;35;kWh;-82;18627;0;0;18709;18545
2018-11-23T08:45;2018-11-23T09:00;36;kWh;0;40512;0;0;40512;40512
2018-11-23T09:00;2018-11-23T09:15;37;kWh;-184;17967;0;0;18151;17783
2018-11-23T09:15;2018-11-23T09:30;38;kWh;-1;12790;0;0;12791;12789
2018-11-23T09:30;2018-11-23T09:45;39;kWh;0;30758;0;0;30758;30758
2018-11-23T09:45;2018-11-23T10:00;40;kWh;0;20096;0;0;20096;20096
2018-11-23T10:00;2018-11-23T10:15;41;kWh;0;15914;0;0;15914;15914
2018-11-23T10:15;2018-11-23T10:30;42;kWh;0;9885;0;0;9885;9885
2018-11-23T10:30;2018-11-23T10:45;43;kWh;0;19096;0;0;19096;19096
2018-11-23T10:45;2018-11-23T11:00;44;kWh;0;15271;0;0;15271;15271
2018-11-23T11:00;2018-11-23T11:15;45;kWh;0;32263;0;0;32263;32263
2018-11-23T11:15;2018-11-23T11:30;46;kWh;0;7425;0;0;7425;7425
2018-11-23T11:30;2018-11-23T11:45;47;kWh;0;4815;0;0;4815;4815
2018-11-23T11:45;2018-11-23T12:00;48;kWh;0;14094;0;0;14094;14094
2018-11-23T12:00;2018-11-23T12:15;49;kWh;0;39349;0;0;39349;39349
2018-11-23T12:15;2018-11-23T12:30;50;kWh;-197;13376;0;0;13573;13179
2018-11-23T12:30;2018-11-23T12:45;51;kWh;-229;35;0;0;264;-194
2018-11-23T12:45;2018-11-23T13:00;52;kWh;-9;0;0;0;9;-9
2018-11-23T13:00;2018-11-23T13:15;53;kWh;-496;0;0;0;496;-496
2018-11-23T13:15;2018-11-23T13:30;54;kWh;0;11583;0;0;11583;11583
2018-11-23T13:30;2018-11-23T13:45;55;kWh;0;36554;0;0;36554;36554
2018-11-23T13:45;2018-11-23T14:00;56;kWh;0;24138;0;0;24138;24138
2018-11-23T14:00;2018-11-23T14:15;57;kWh;0;10433;0;0;10433;10433
2018-11-23T14:15;2018-11-23T14:30;58;kWh;0;36487;0;0;36487;36487
2018-11-23T14:30;2018-11-23T14:45;59;kWh;0;23682;0;0;23682;23682
2018-11-23T14:45;2018-11-23T15:00;60;kWh;0;31039;0;0;31039;31039
2018-11-23T15:00;2018-11-23T15:15;61;kWh;0;19014;0;0;19014;19014
2018-11-23T15:15;2018-11-23T15:30;62;kWh;0;13732;0;0;13732;13732
2018-11-23T15:30;2018-11-23T15:45;63;kWh;0;27278;0;0;27278;27278
2018-11-23T15:45;2018-11-23T16:00;64;kWh;0;21460;0;0;21460;21460
2018-11-23T16:00;2018-11-23T16:15;65;kWh;0;1066;0;0;1066;1066
2018-11-23T16:15;2018-11-23T16:30;66;kWh;0;0;0;0;0;0
2018-11-23T16:30;2018-11-23T16:45;67;kWh;0;0;0;0;0;0
2018-11-23T16:45;2018-11-23T17:00;68;kWh;0;9276;0;0;9276;9276
2018-11-23T17:00;2018-11-23T17:15;69;kWh;-907;4014;0;0;4921;3107
2018-11-23T17:15;2018-11-23T17:30;70;kWh;0;0;0;0;0;0
2018-11-23T17:30;2018-11-23T17:45;71;kWh;0;0;0;0;0;0
2018-11-23T17:45;2018-11-23T18:00;72;kWh;-48;0;0;0;48;-48
2018-11-23T18:00;2018-11-23T18:15;73;kWh;-10625;1875;0;0;12500;-8750
2018-11-23T18:15;2018-11-23T18:30;74;kWh;-4008;6461;0;0;10469;2453
2018-11-23T18:30;2018-11-23T18:45;75;kWh;-38439;0;0;0;38439;-38439
2018-11-23T18:45;2018-11-23T19:00;76;kWh;-22525;0;0;0;22525;-22525
2018-11-23T19:00;2018-11-23T19:15;77;kWh;-12950;1807;0;0;14757;-11143
2018-11-23T19:15;2018-11-23T19:30;78;kWh;-1025;0;0;0;1025;-1025
2018-11-23T19:30;2018-11-23T19:45;79;kWh;-16279;0;0;0;16279;-16279
2018-11-23T19:45;2018-11-23T20:00;80;kWh;-33188;0;0;0;33188;-33188
2018-11-23T20:00;2018-11-23T20:15;81;kWh;-8516;3522;0;0;12038;-4994
2018-11-23T20:15;2018-11-23T20:30;82;kWh;0;0;0;0;0;0
2018-11-23T20:30;2018-11-23T20:45;83;kWh;-409;0;0;0;409;-409
2018-11-23T20:45;2018-11-23T21:00;84;kWh;-5556;0;0;0;5556;-5556
2018-11-23T21:00;2018-11-23T21:15;85;kWh;-1936;7249;0;0;9185;5313
2018-11-23T21:15;2018-11-23T21:30;86;kWh;-4636;1885;0;0;6521;-2751
2018-11-23T21:30;2018-11-23T21:45;87;kWh;-42196;0;0;0;42196;-42196
2018-11-23T21:45;2018-11-23T22:00;88;kWh;-52943;0;0;0;52943;-52943
2018-11-23T22:00;2018-11-23T22:15;89;kWh;-20551;418;0;0;20969;-20133
2018-11-23T22:15;2018-11-23T22:30;90;kWh;-7235;176;0;0;7411;-7059
2018-11-23T22:30;2018-11-23T22:45;91;kWh;-35506;0;0;0;35506;-35506
2018-11-23T22:45;2018-11-23T23:00;92;kWh;-38863;0;0;0;38863;-38863
2018-11-23T23:00;2018-11-23T23:15;93;kWh;-15343;512;0;0;15855;-14831
2018-11-23T23:15;2018-11-23T23:30;94;kWh;-261;22;0;0;283;-239
2018-11-23T23:30;2018-11-23T23:45;95;kWh;-6735;0;0;0;6735;-6735
2018-11-23T23:45;2018-11-24T00:00;96;kWh;-20626;0;0;0;20626;-20626
2018-11-24T00:00;2018-11-24T00:15;1;kWh;-14478;2812;0;0;17290;-11666
2018-11-24T00:15;2018-11-24T00:30;2;kWh;-1674;8384;0;0;10058;6710
2018-11-24T00:30;2018-11-24T00:45;3;kWh;-16084;286;0;0;16370;-15798
2018-11-24T00:45;2018-11-24T01:00;4;kWh;-1016;2846;0;0;3862;1830
2018-11-24T01:00;2018-11-24T01:15;5;kWh;-172;6375;0;0;6547;6203
2018-11-24T01:15;2018-11-24T01:30;6;kWh;0;19658;0;0;19658;19658
2018-11-24T01:30;2018-11-24T01:45;7;kWh;0;5217;0;0;5217;5217
2018-11-24T01:45;2018-11-24T02:00;8;kWh;-1229;858;0;0;2087;-371
2018-11-24T02:00;2018-11-24T02:15;9;kWh;-1002;5710;0;0;6712;4708
2018-11-24T02:15;2018-11-24T02:30;10;kWh;0;1094;0;0;1094;1094
2018-11-24T02:30;2018-11-24T02:45;11;kWh;0;0;0;0;0;0
2018-11-24T02:45;2018-11-24T03:00;12;kWh;-3336;0;0;0;3336;-3336
2018-11-24T03:00;2018-11-24T03:15;13;kWh;-530;5172;0;0;5702;4642
2018-11-24T03:15;2018-11-24T03:30;14;kWh;0;9112;0;0;9112;9112
2018-11-24T03:30;2018-11-24T03:45;15;kWh;-2749;2941;0;0;5690;192
2018-11-24T03:45;2018-11-24T04:00;16;kWh;-3414;0;0;0;3414;-3414
2018-11-24T04:00;2018-11-24T04:15;17;kWh;-11;1010;0;0;1021;999
2018-11-24T04:15;2018-11-24T04:30;18;kWh;0;42;0;0;42;42
2018-11-24T04:30;2018-11-24T04:45;19;kWh;-836;0;0;0;836;-836
2018-11-24T04:45;2018-11-24T05:00;20;kWh;-4777;0;0;0;4777;-4777
2018-11-24T05:00;2018-11-24T05:15;21;kWh;-1950;0;0;0;1950;-1950
2018-11-24T05:15;2018-11-24T05:30;22;kWh;-2609;0;0;0;2609;-2609
2018-11-24T05:30;2018-11-24T05:45;23;kWh;-106;48;0;0;154;-58
2018-11-24T05:45;2018-11-24T06:00;24;kWh;0;2033;0;0;2033;2033
2018-11-24T06:00;2018-11-24T06:15;25;kWh;-9652;0;0;0;9652;-9652
2018-11-24T06:15;2018-11-24T06:30;26;kWh;-3328;0;0;0;3328;-3328
2018-11-24T06:30;2018-11-24T06:45;27;kWh;-30;0;0;0;30;-30
2018-11-24T06:45;2018-11-24T07:00;28;kWh;0;867;0;0;867;867
2018-11-24T07:00;2018-11-24T07:15;29;kWh;-10666;15;0;0;10681;-10651
2018-11-24T07:15;2018-11-24T07:30;30;kWh;-7435;0;0;0;7435;-7435
2018-11-24T07:30;2018-11-24T07:45;31;kWh;-146;154;0;0;300;8
2018-11-24T07:45;2018-11-24T08:00;32;kWh;0;15555;0;0;15555;15555
2018-11-24T08:00;2018-11-24T08:15;33;kWh;-2862;569;0;0;3431;-2293
2018-11-24T08:15;2018-11-24T08:30;34;kWh;-11613;60;0;0;11673;-11553
2018-11-24T08:30;2018-11-24T08:45;35;kWh;0;4149;0;0;4149;4149
2018-11-24T08:45;2018-11-24T09:00;36;kWh;0;33033;0;0;33033;33033
2018-11-24T09:00;2018-11-24T09:15;37;kWh;-1118;11727;0;0;12845;10609
2018-11-24T09:15;2018-11-24T09:30;38;kWh;-1467;0;0;0;1467;-1467
2018-11-24T09:30;2018-11-24T09:45;39;kWh;0;0;0;0;0;0
2018-11-24T09:45;2018-11-24T10:00;40;kWh;0;0;0;0;0;0
2018-11-24T10:00;2018-11-24T10:15;41;kWh;0;0;0;0;0;0
2018-11-24T10:15;2018-11-24T10:30;42;kWh;0;0;0;0;0;0
2018-11-24T10:30;2018-11-24T10:45;43;kWh;0;0;0;0;0;0
2018-11-24T10:45;2018-11-24T11:00;44;kWh;-1484;0;0;0;1484;-1484
2018-11-24T11:00;2018-11-24T11:15;45;kWh;-640;0;0;0;640;-640
2018-11-24T11:15;2018-11-24T11:30;46;kWh;0;0;0;0;0;0
2018-11-24T11:30;2018-11-24T11:45;47;kWh;0;0;0;0;0;0
2018-11-24T11:45;2018-11-24T12:00;48;kWh;0;0;0;0;0;0
2018-11-24T12:00;2018-11-24T12:15;49;kWh;0;10747;0;0;10747;10747
2018-11-24T12:15;2018-11-24T12:30;50;kWh;0;7158;0;0;7158;7158
2018-11-24T12:30;2018-11-24T12:45;51;kWh;0;34567;0;0;34567;34567
2018-11-24T12:45;2018-11-24T13:00;52;kWh;0;23042;0;0;23042;23042
2018-11-24T13:00;2018-11-24T13:15;53;kWh;0;19526;0;0;19526;19526
2018-11-24T13:15;2018-11-24T13:30;54;kWh;0;34954;0;0;34954;34954
2018-11-24T13:30;2018-11-24T13:45;55;kWh;0;6767;0;0;6767;6767
2018-11-24T13:45;2018-11-24T14:00;56;kWh;0;0;0;0;0;0
2018-11-24T14:00;2018-11-24T14:15;57;kWh;0;0;0;0;0;0
2018-11-24T14:15;2018-11-24T14:30;58;kWh;0;287;0;0;287;287
2018-11-24T14:30;2018-11-24T14:45;59;kWh;0;0;0;0;0;0
2018-11-24T14:45;2018-11-24T15:00;60;kWh;0;0;0;0;0;0
2018-11-24T15:00;2018-11-24T15:15;61;kWh;0;0;0;0;0;0
2018-11-24T15:15;2018-11-24T15:30;62;kWh;0;1819;0;0;1819;1819
2018-11-24T15:30;2018-11-24T15:45;63;kWh;0;6885;0;0;6885;6885
2018-11-24T15:45;2018-11-24T16:00;64;kWh;0;10474;0;0;10474;10474
2018-11-24T16:00;2018-11-24T16:15;65;kWh;-881;4795;0;0;5676;3914
2018-11-24T16:15;2018-11-24T16:30;66;kWh;-331;0;0;0;331;-331
2018-11-24T16:30;2018-11-24T16:45;67;kWh;0;46;0;0;46;46
2018-11-24T16:45;2018-11-24T17:00;68;kWh;0;24882;0;0;24882;24882
2018-11-24T17:00;2018-11-24T17:15;69;kWh;-2040;7511;0;0;9551;5471
2018-11-24T17:15;2018-11-24T17:30;70;kWh;-4287;0;0;0;4287;-4287
2018-11-24T17:30;2018-11-24T17:45;71;kWh;-24;0;0;0;24;-24
2018-11-24T17:45;2018-11-24T18:00;72;kWh;0;0;0;0;0;0
2018-11-24T18:00;2018-11-24T18:15;73;kWh;0;0;0;0;0;0
2018-11-24T18:15;2018-11-24T18:30;74;kWh;0;0;0;0;0;0
2018-11-24T18:30;2018-11-24T18:45;75;kWh;-1309;0;0;0;1309;-1309
2018-11-24T18:45;2018-11-24T19:00;76;kWh;-8211;0;0;0;8211;-8211
2018-11-24T19:00;2018-11-24T19:15;77;kWh;-375;7975;0;0;8350;7600
2018-11-24T19:15;2018-11-24T19:30;78;kWh;0;6325;0;0;6325;6325
2018-11-24T19:30;2018-11-24T19:45;79;kWh;0;716;0;0;716;716
2018-11-24T19:45;2018-11-24T20:00;80;kWh;0;42;0;0;42;42
2018-11-24T20:00;2018-11-24T20:15;81;kWh;0;12938;0;0;12938;12938
2018-11-24T20:15;2018-11-24T20:30;82;kWh;0;9443;0;0;9443;9443
2018-11-24T20:30;2018-11-24T20:45;83;kWh;0;2834;0;0;2834;2834
2018-11-24T20:45;2018-11-24T21:00;84;kWh;-2821;0;0;0;2821;-2821
2018-11-24T21:00;2018-11-24T21:15;85;kWh;-2141;16016;0;0;18157;13875
2018-11-24T21:15;2018-11-24T21:30;86;kWh;0;27651;0;0;27651;27651
2018-11-24T21:30;2018-11-24T21:45;87;kWh;0;11845;0;0;11845;11845
2018-11-24T21:45;2018-11-24T22:00;88;kWh;-785;283;0;0;1068;-502
2018-11-24T22:00;2018-11-24T22:15;89;kWh;-562;10619;0;0;11181;10057
2018-11-24T22:15;2018-11-24T22:30;90;kWh;0;17107;0;0;17107;17107
2018-11-24T22:30;2018-11-24T22:45;91;kWh;0;5546;0;0;5546;5546
2018-11-24T22:45;2018-11-24T23:00;92;kWh;0;407;0;0;407;407
2018-11-24T23:00;2018-11-24T23:15;93;kWh;0;15169;0;0;15169;15169
2018-11-24T23:15;2018-11-24T23:30;94;kWh;0;43038;0;0;43038;43038
2018-11-24T23:30;2018-11-24T23:45;95;kWh;0;10814;0;0;10814;10814
2018-11-24T23:45;2018-11-25T00:00;96;kWh;-781;611;0;0;1392;-170
2018-11-25T00:00;2018-11-25T00:15;1;kWh;-2319;7203;0;0;9522;4884
2018-11-25T00:15;2018-11-25T00:30;2;kWh;0;32194;0;0;32194;32194
2018-11-25T00:30;2018-11-25T00:45;3;kWh;-123;5954;0;0;6077;5831
2018-11-25T00:45;2018-11-25T01:00;4;kWh;0;3116;0;0;3116;3116
2018-11-25T01:00;2018-11-25T01:15;5;kWh;-284;1277;0;0;1561;993
2018-11-25T01:15;2018-11-25T01:30;6;kWh;0;26789;0;0;26789;26789
2018-11-25T01:30;2018-11-25T01:45;7;kWh;-302;6522;0;0;6824;6220
2018-11-25T01:45;2018-11-25T02:00;8;kWh;-411;0;0;0;411;-411
2018-11-25T02:00;2018-11-25T02:15;9;kWh;-5;25401;0;0;25406;25396
2018-11-25T02:15;2018-11-25T02:30;10;kWh;0;38067;0;0;38067;38067
2018-11-25T02:30;2018-11-25T02:45;11;kWh;0;21175;0;0;21175;21175
2018-11-25T02:45;2018-11-25T03:00;12;kWh;0;603;0;0;603;603
2018-11-25T03:00;2018-11-25T03:15;13;kWh;0;5;0;0;5;5
2018-11-25T03:15;2018-11-25T03:30;14;kWh;0;241;0;0;241;241
2018-11-25T03:30;2018-11-25T03:45;15;kWh;-66;0;0;0;66;-66
2018-11-25T03:45;2018-11-25T04:00;16;kWh;-4363;0;0;0;4363;-4363
2018-11-25T04:00;2018-11-25T04:15;17;kWh;0;1837;0;0;1837;1837
2018-11-25T04:15;2018-11-25T04:30;18;kWh;0;694;0;0;694;694
2018-11-25T04:30;2018-11-25T04:45;19;kWh;0;0;0;0;0;0
2018-11-25T04:45;2018-11-25T05:00;20;kWh;-2861;0;0;0;2861;-2861
2018-11-25T05:00;2018-11-25T05:15;21;kWh;-530;0;0;0;530;-530
2018-11-25T05:15;2018-11-25T05:30;22;kWh;0;0;0;0;0;0
2018-11-25T05:30;2018-11-25T05:45;23;kWh;0;0;0;0;0;0
2018-11-25T05:45;2018-11-25T06:00;24;kWh;0;322;0;0;322;322
2018-11-25T06:00;2018-11-25T06:15;25;kWh;0;0;0;0;0;0
2018-11-25T06:15;2018-11-25T06:30;26;kWh;0;0;0;0;0;0
2018-11-25T06:30;2018-11-25T06:45;27;kWh;0;0;0;0;0;0
2018-11-25T06:45;2018-11-25T07:00;28;kWh;0;0;0;0;0;0
2018-11-25T07:00;2018-11-25T07:15;29;kWh;-866;0;0;0;866;-866
2018-11-25T07:15;2018-11-25T07:30;30;kWh;-492;0;0;0;492;-492
2018-11-25T07:30;2018-11-25T07:45;31;kWh;0;0;0;0;0;0
2018-11-25T07:45;2018-11-25T08:00;32;kWh;0;7;0;0;7;7
2018-11-25T08:00;2018-11-25T08:15;33;kWh;0;2879;0;0;2879;2879
2018-11-25T08:15;2018-11-25T08:30;34;kWh;0;0;0;0;0;0
2018-11-25T08:30;2018-11-25T08:45;35;kWh;0;0;0;0;0;0
2018-11-25T08:45;2018-11-25T09:00;36;kWh;0;744;0;0;744;744
2018-11-25T09:00;2018-11-25T09:15;37;kWh;0;40660;0;0;40660;40660
2018-11-25T09:15;2018-11-25T09:30;38;kWh;0;8239;0;0;8239;8239
2018-11-25T09:30;2018-11-25T09:45;39;kWh;0;37717;0;0;37717;37717
2018-11-25T09:45;2018-11-25T10:00;40;kWh;0;36777;0;0;36777;36777
2018-11-25T10:00;2018-11-25T10:15;41;kWh;0;22353;0;0;22353;22353
2018-11-25T10:15;2018-11-25T10:30;42;kWh;0;54118;0;0;54118;54118
2018-11-25T10:30;2018-11-25T10:45;43;kWh;0;51444;0;0;51444;51444
2018-11-25T10:45;2018-11-25T11:00;44;kWh;0;52857;0;0;52857;52857
2018-11-25T11:00;2018-11-25T11:15;45;kWh;0;34967;0;0;34967;34967
2018-11-25T11:15;2018-11-25T11:30;46;kWh;0;30935;0;0;30935;30935
2018-11-25T11:30;2018-11-25T11:45;47;kWh;0;35276;0;0;35276;35276
2018-11-25T11:45;2018-11-25T12:00;48;kWh;0;54817;0;0;54817;54817
2018-11-25T12:00;2018-11-25T12:15;49;kWh;0;44663;0;0;44663;44663
2018-11-25T12:15;2018-11-25T12:30;50;kWh;0;42064;0;0;42064;42064
2018-11-25T12:30;2018-11-25T12:45;51;kWh;0;50341;0;0;50341;50341
2018-11-25T12:45;2018-11-25T13:00;52;kWh;-271;7306;0;0;7577;7035
2018-11-25T13:00;2018-11-25T13:15;53;kWh;0;21872;0;0;21872;21872
2018-11-25T13:15;2018-11-25T13:30;54;kWh;0;17629;0;0;17629;17629
2018-11-25T13:30;2018-11-25T13:45;55;kWh;0;6051;0;0;6051;6051
2018-11-25T13:45;2018-11-25T14:00;56;kWh;0;1736;0;0;1736;1736
2018-11-25T14:00;2018-11-25T14:15;57;kWh;0;16847;0;0;16847;16847
2018-11-25T14:15;2018-11-25T14:30;58;kWh;0;13393;0;0;13393;13393
2018-11-25T14:30;2018-11-25T14:45;59;kWh;0;13594;0;0;13594;13594
2018-11-25T14:45;2018-11-25T15:00;60;kWh;0;22232;0;0;22232;22232
2018-11-25T15:00;2018-11-25T15:15;61;kWh;0;17848;0;0;17848;17848
2018-11-25T15:15;2018-11-25T15:30;62;kWh;0;4996;0;0;4996;4996
2018-11-25T15:30;2018-11-25T15:45;63;kWh;0;3865;0;0;3865;3865
2018-11-25T15:45;2018-11-25T16:00;64;kWh;0;323;0;0;323;323
2018-11-25T16:00;2018-11-25T16:15;65;kWh;-18020;0;0;0;18020;-18020
2018-11-25T16:15;2018-11-25T16:30;66;kWh;-4102;0;0;0;4102;-4102
2018-11-25T16:30;2018-11-25T16:45;67;kWh;0;1776;0;0;1776;1776
2018-11-25T16:45;2018-11-25T17:00;68;kWh;0;38440;0;0;38440;38440
2018-11-25T17:00;2018-11-25T17:15;69;kWh;-11342;11917;0;0;23259;575
2018-11-25T17:15;2018-11-25T17:30;70;kWh;-12018;0;0;0;12018;-12018
2018-11-25T17:30;2018-11-25T17:45;71;kWh;-19224;0;0;0;19224;-19224
2018-11-25T17:45;2018-11-25T18:00;72;kWh;-1957;0;0;0;1957;-1957
2018-11-25T18:00;2018-11-25T18:15;73;kWh;-450;0;0;0;450;-450
2018-11-25T18:15;2018-11-25T18:30;74;kWh;-2480;0;0;0;2480;-2480
2018-11-25T18:30;2018-11-25T18:45;75;kWh;-18478;0;0;0;18478;-18478
2018-11-25T18:45;2018-11-25T19:00;76;kWh;-13896;0;0;0;13896;-13896
2018-11-25T19:00;2018-11-25T19:15;77;kWh;-19306;0;0;0;19306;-19306
2018-11-25T19:15;2018-11-25T19:30;78;kWh;-8820;0;0;0;8820;-8820
2018-11-25T19:30;2018-11-25T19:45;79;kWh;-41034;0;0;0;41034;-41034
2018-11-25T19:45;2018-11-25T20:00;80;kWh;-41174;0;0;0;41174;-41174
2018-11-25T20:00;2018-11-25T20:15;81;kWh;-4884;17157;0;0;22041;12273
2018-11-25T20:15;2018-11-25T20:30;82;kWh;-4397;2182;0;0;6579;-2215
2018-11-25T20:30;2018-11-25T20:45;83;kWh;-54161;0;0;0;54161;-54161
2018-11-25T20:45;2018-11-25T21:00;84;kWh;-52454;0;0;0;52454;-52454
2018-11-25T21:00;2018-11-25T21:15;85;kWh;-11342;10928;0;0;22270;-414
2018-11-25T21:15;2018-11-25T21:30;86;kWh;0;3766;0;0;3766;3766
2018-11-25T21:30;2018-11-25T21:45;87;kWh;-19490;0;0;0;19490;-19490
2018-11-25T21:45;2018-11-25T22:00;88;kWh;-10365;228;0;0;10593;-10137
2018-11-25T22:00;2018-11-25T22:15;89;kWh;0;26105;0;0;26105;26105
2018-11-25T22:15;2018-11-25T22:30;90;kWh;-3296;9281;0;0;12577;5985
2018-11-25T22:30;2018-11-25T22:45;91;kWh;-22719;0;0;0;22719;-22719
2018-11-25T22:45;2018-11-25T23:00;92;kWh;-30115;0;0;0;30115;-30115
2018-11-25T23:00;2018-11-25T23:15;93;kWh;-51589;0;0;0;51589;-51589
2018-11-25T23:15;2018-11-25T23:30;94;kWh;-16832;0;0;0;16832;-16832
2018-11-25T23:30;2018-11-25T23:45;95;kWh;-25315;0;0;0;25315;-25315
2018-11-25T23:45;2018-11-26T00:00;96;kWh;-60940;0;0;0;60940;-60940
2018-11-26T00:00;2018-11-26T00:15;1;kWh;-48679;0;0;0;48679;-48679
2018-11-26T00:15;2018-11-26T00:30;2;kWh;-12429;0;0;0;12429;-12429
2018-11-26T00:30;2018-11-26T00:45;3;kWh;-25007;0;0;0;25007;-25007
2018-11-26T00:45;2018-11-26T01:00;4;kWh;-41651;0;0;0;41651;-41651
2018-11-26T01:00;2018-11-26T01:15;5;kWh;-34950;323;0;0;35273;-34627
2018-11-26T01:15;2018-11-26T01:30;6;kWh;-1564;12445;0;0;14009;10881
2018-11-26T01:30;2018-11-26T01:45;7;kWh;-32;448;0;0;480;416
2018-11-26T01:45;2018-11-26T02:00;8;kWh;-19163;0;0;0;19163;-19163
2018-11-26T02:00;2018-11-26T02:15;9;kWh;-18527;1556;0;0;20083;-16971
2018-11-26T02:15;2018-11-26T02:30;10;kWh;-2480;1878;0;0;4358;-602
2018-11-26T02:30;2018-11-26T02:45;11;kWh;-2543;0;0;0;2543;-2543
2018-11-26T02:45;2018-11-26T03:00;12;kWh;-8867;0;0;0;8867;-8867
2018-11-26T03:00;2018-11-26T03:15;13;kWh;-20298;0;0;0;20298;-20298
2018-11-26T03:15;2018-11-26T03:30;14;kWh;-3471;0;0;0;3471;-3471
2018-11-26T03:30;2018-11-26T03:45;15;kWh;-8408;0;0;0;8408;-8408
2018-11-26T03:45;2018-11-26T04:00;16;kWh;-12163;0;0;0;12163;-12163
2018-11-26T04:00;2018-11-26T04:15;17;kWh;-20395;0;0;0;20395;-20395
2018-11-26T04:15;2018-11-26T04:30;18;kWh;-12264;944;0;0;13208;-11320
2018-11-26T04:30;2018-11-26T04:45;19;kWh;-304;6511;0;0;6815;6207
2018-11-26T04:45;2018-11-26T05:00;20;kWh;0;6900;0;0;6900;6900
2018-11-26T05:00;2018-11-26T05:15;21;kWh;-2932;6555;0;0;9487;3623
2018-11-26T05:15;2018-11-26T05:30;22;kWh;-583;1270;0;0;1853;687
2018-11-26T05:30;2018-11-26T05:45;23;kWh;0;7913;0;0;7913;7913
2018-11-26T05:45;2018-11-26T06:00;24;kWh;0;23081;0;0;23081;23081
2018-11-26T06:00;2018-11-26T06:15;25;kWh;-23016;4280;0;0;27296;-18736
2018-11-26T06:15;2018-11-26T06:30;26;kWh;-14075;0;0;0;14075;-14075
2018-11-26T06:30;2018-11-26T06:45;27;kWh;-294;823;0;0;1117;529
2018-11-26T06:45;2018-11-26T07:00;28;kWh;0;36062;0;0;36062;36062
2018-11-26T07:00;2018-11-26T07:15;29;kWh;-37656;18504;0;0;56160;-19152
2018-11-26T07:15;2018-11-26T07:30;30;kWh;-22519;680;0;0;23199;-21839
2018-11-26T07:30;2018-11-26T07:45;31;kWh;-57;35360;0;0;35417;35303
2018-11-26T07:45;2018-11-26T08:00;32;kWh;0;60807;0;0;60807;60807
2018-11-26T08:00;2018-11-26T08:15;33;kWh;-9524;10901;0;0;20425;1377
2018-11-26T08:15;2018-11-26T08:30;34;kWh;-1016;0;0;0;1016;-1016
2018-11-26T08:30;2018-11-26T08:45;35;kWh;0;2092;0;0;2092;2092
2018-11-26T08:45;2018-11-26T09:00;36;kWh;0;35886;0;0;35886;35886
2018-11-26T09:00;2018-11-26T09:15;37;kWh;0;27457;0;0;27457;27457
2018-11-26T09:15;2018-11-26T09:30;38;kWh;0;53818;0;0;53818;53818
2018-11-26T09:30;2018-11-26T09:45;39;kWh;0;65717;0;0;65717;65717
2018-11-26T09:45;2018-11-26T10:00;40;kWh;0;47941;0;0;47941;47941
2018-11-26T10:00;2018-11-26T10:15;41;kWh;-1938;11466;0;0;13404;9528
2018-11-26T10:15;2018-11-26T10:30;42;kWh;0;35686;0;0;35686;35686
2018-11-26T10:30;2018-11-26T10:45;43;kWh;0;48632;0;0;48632;48632
2018-11-26T10:45;2018-11-26T11:00;44;kWh;0;50751;0;0;50751;50751
2018-11-26T11:00;2018-11-26T11:15;45;kWh;0;47335;0;0;47335;47335
2018-11-26T11:15;2018-11-26T11:30;46;kWh;0;55252;0;0;55252;55252
2018-11-26T11:30;2018-11-26T11:45;47;kWh;0;47427;0;0;47427;47427
2018-11-26T11:45;2018-11-26T12:00;48;kWh;0;60035;0;0;60035;60035
2018-11-26T12:00;2018-11-26T12:15;49;kWh;0;48961;0;0;48961;48961
2018-11-26T12:15;2018-11-26T12:30;50;kWh;0;26563;0;0;26563;26563
2018-11-26T12:30;2018-11-26T12:45;51;kWh;0;9142;0;0;9142;9142
2018-11-26T12:45;2018-11-26T13:00;52;kWh;0;10177;0;0;10177;10177
2018-11-26T13:00;2018-11-26T13:15;53;kWh;0;13553;0;0;13553;13553
2018-11-26T13:15;2018-11-26T13:30;54;kWh;0;23041;0;0;23041;23041
2018-11-26T13:30;2018-11-26T13:45;55;kWh;0;20413;0;0;20413;20413
2018-11-26T13:45;2018-11-26T14:00;56;kWh;0;8255;0;0;8255;8255
2018-11-26T14:00;2018-11-26T14:15;57;kWh;0;40325;0;0;40325;40325
2018-11-26T14:15;2018-11-26T14:30;58;kWh;0;41587;0;0;41587;41587
2018-11-26T14:30;2018-11-26T14:45;59;kWh;0;31807;0;0;31807;31807
2018-11-26T14:45;2018-11-26T15:00;60;kWh;0;8916;0;0;8916;8916
2018-11-26T15:00;2018-11-26T15:15;61;kWh;0;8065;0;0;8065;8065
2018-11-26T15:15;2018-11-26T15:30;62;kWh;0;27143;0;0;27143;27143
2018-11-26T15:30;2018-11-26T15:45;63;kWh;0;47629;0;0;47629;47629
2018-11-26T15:45;2018-11-26T16:00;64;kWh;0;16609;0;0;16609;16609
2018-11-26T16:00;2018-11-26T16:15;65;kWh;0;3157;0;0;3157;3157
2018-11-26T16:15;2018-11-26T16:30;66;kWh;0;8997;0;0;8997;8997
2018-11-26T16:30;2018-11-26T16:45;67;kWh;0;14930;0;0;14930;14930
2018-11-26T16:45;2018-11-26T17:00;68;kWh;0;62755;0;0;62755;62755
2018-11-26T17:00;2018-11-26T17:15;69;kWh;-774;22679;0;0;23453;21905
2018-11-26T17:15;2018-11-26T17:30;70;kWh;-6;20048;0;0;20054;20042
2018-11-26T17:30;2018-11-26T17:45;71;kWh;0;4050;0;0;4050;4050
2018-11-26T17:45;2018-11-26T18:00;72;kWh;-644;0;0;0;644;-644
2018-11-26T18:00;2018-11-26T18:15;73;kWh;-514;1302;0;0;1816;788
2018-11-26T18:15;2018-11-26T18:30;74;kWh;-1009;0;0;0;1009;-1009
2018-11-26T18:30;2018-11-26T18:45;75;kWh;-18868;0;0;0;18868;-18868
2018-11-26T18:45;2018-11-26T19:00;76;kWh;-42318;0;0;0;42318;-42318
2018-11-26T19:00;2018-11-26T19:15;77;kWh;-17688;5233;0;0;22921;-12455
2018-11-26T19:15;2018-11-26T19:30;78;kWh;-883;1184;0;0;2067;301
2018-11-26T19:30;2018-11-26T19:45;79;kWh;-6021;0;0;0;6021;-6021
2018-11-26T19:45;2018-11-26T20:00;80;kWh;-20800;48;0;0;20848;-20752
2018-11-26T20:00;2018-11-26T20:15;81;kWh;-1574;47750;0;0;49324;46176
2018-11-26T20:15;2018-11-26T20:30;82;kWh;0;26053;0;0;26053;26053
2018-11-26T20:30;2018-11-26T20:45;83;kWh;-14386;1046;0;0;15432;-13340
2018-11-26T20:45;2018-11-26T21:00;84;kWh;-29265;0;0;0;29265;-29265
2018-11-26T21:00;2018-11-26T21:15;85;kWh;-9847;21877;0;0;31724;12030
2018-11-26T21:15;2018-11-26T21:30;86;kWh;-16;26820;0;0;26836;26804
2018-11-26T21:30;2018-11-26T21:45;87;kWh;-23697;0;0;0;23697;-23697
2018-11-26T21:45;2018-11-26T22:00;88;kWh;-46038;0;0;0;46038;-46038
2018-11-26T22:00;2018-11-26T22:15;89;kWh;-23353;4152;0;0;27505;-19201
2018-11-26T22:15;2018-11-26T22:30;90;kWh;-688;4;0;0;692;-684
2018-11-26T22:30;2018-11-26T22:45;91;kWh;-5369;0;0;0;5369;-5369
2018-11-26T22:45;2018-11-26T23:00;92;kWh;-24067;0;0;0;24067;-24067
2018-11-26T23:00;2018-11-26T23:15;93;kWh;-18961;2175;0;0;21136;-16786
2018-11-26T23:15;2018-11-26T23:30;94;kWh;-752;18;0;0;770;-734
2018-11-26T23:30;2018-11-26T23:45;95;kWh;-5598;0;0;0;5598;-5598
2018-11-26T23:45;2018-11-27T00:00;96;kWh;-23735;0;0;0;23735;-23735
2018-11-27T00:00;2018-11-27T00:15;1;kWh;-18397;1463;0;0;19860;-16934
2018-11-27T00:15;2018-11-27T00:30;2;kWh;-156;546;0;0;702;390
2018-11-27T00:30;2018-11-27T00:45;3;kWh;-2427;0;0;0;2427;-2427
2018-11-27T00:45;2018-11-27T01:00;4;kWh;-21109;0;0;0;21109;-21109
2018-11-27T01:00;2018-11-27T01:15;5;kWh;-10723;3263;0;0;13986;-7460
2018-11-27T01:15;2018-11-27T01:30;6;kWh;-1572;2095;0;0;3667;523
2018-11-27T01:30;2018-11-27T01:45;7;kWh;-20068;0;0;0;20068;-20068
2018-11-27T01:45;2018-11-27T02:00;8;kWh;-23673;0;0;0;23673;-23673
2018-11-27T02:00;2018-11-27T02:15;9;kWh;-9714;2253;0;0;11967;-7461
2018-11-27T02:15;2018-11-27T02:30;10;kWh;-17;9;0;0;26;-8
2018-11-27T02:30;2018-11-27T02:45;11;kWh;-3774;0;0;0;3774;-3774
2018-11-27T02:45;2018-11-27T03:00;12;kWh;-7353;0;0;0;7353;-7353
2018-11-27T03:00;2018-11-27T03:15;13;kWh;-405;2354;0;0;2759;1949
2018-11-27T03:15;2018-11-27T03:30;14;kWh;0;4506;0;0;4506;4506
2018-11-27T03:30;2018-11-27T03:45;15;kWh;0;408;0;0;408;408
2018-11-27T03:45;2018-11-27T04:00;16;kWh;-2039;0;0;0;2039;-2039
2018-11-27T04:00;2018-11-27T04:15;17;kWh;-1998;0;0;0;1998;-1998
2018-11-27T04:15;2018-11-27T04:30;18;kWh;-1597;0;0;0;1597;-1597
2018-11-27T04:30;2018-11-27T04:45;19;kWh;-1799;0;0;0;1799;-1799
2018-11-27T04:45;2018-11-27T05:00;20;kWh;-4749;0;0;0;4749;-4749
2018-11-27T05:00;2018-11-27T05:15;21;kWh;-36670;0;0;0;36670;-36670
2018-11-27T05:15;2018-11-27T05:30;22;kWh;-28979;0;0;0;28979;-28979
2018-11-27T05:30;2018-11-27T05:45;23;kWh;-3654;2467;0;0;6121;-1187
2018-11-27T05:45;2018-11-27T06:00;24;kWh;-4174;6205;0;0;10379;2031
2018-11-27T06:00;2018-11-27T06:15;25;kWh;-60092;0;0;0;60092;-60092
2018-11-27T06:15;2018-11-27T06:30;26;kWh;-36039;0;0;0;36039;-36039
2018-11-27T06:30;2018-11-27T06:45;27;kWh;-4714;2412;0;0;7126;-2302
2018-11-27T06:45;2018-11-27T07:00;28;kWh;0;36645;0;0;36645;36645
2018-11-27T07:00;2018-11-27T07:15;29;kWh;-55420;4047;0;0;59467;-51373
2018-11-27T07:15;2018-11-27T07:30;30;kWh;-35462;0;0;0;35462;-35462
2018-11-27T07:30;2018-11-27T07:45;31;kWh;-1919;12819;0;0;14738;10900
2018-11-27T07:45;2018-11-27T08:00;32;kWh;0;53774;0;0;53774;53774
2018-11-27T08:00;2018-11-27T08:15;33;kWh;-2472;10068;0;0;12540;7596
2018-11-27T08:15;2018-11-27T08:30;34;kWh;-14543;0;0;0;14543;-14543
2018-11-27T08:30;2018-11-27T08:45;35;kWh;-2650;0;0;0;2650;-2650
2018-11-27T08:45;2018-11-27T09:00;36;kWh;0;8;0;0;8;8
2018-11-27T09:00;2018-11-27T09:15;37;kWh;0;0;0;0;0;0
2018-11-27T09:15;2018-11-27T09:30;38;kWh;-335;0;0;0;335;-335
2018-11-27T09:30;2018-11-27T09:45;39;kWh;-1823;0;0;0;1823;-1823
2018-11-27T09:45;2018-11-27T10:00;40;kWh;-3789;0;0;0;3789;-3789
2018-11-27T10:00;2018-11-27T10:15;41;kWh;-3457;0;0;0;3457;-3457
2018-11-27T10:15;2018-11-27T10:30;42;kWh;0;0;0;0;0;0
2018-11-27T10:30;2018-11-27T10:45;43;kWh;0;0;0;0;0;0
2018-11-27T10:45;2018-11-27T11:00;44;kWh;-3805;0;0;0;3805;-3805
2018-11-27T11:00;2018-11-27T11:15;45;kWh;-1054;0;0;0;1054;-1054
2018-11-27T11:15;2018-11-27T11:30;46;kWh;0;0;0;0;0;0
2018-11-27T11:30;2018-11-27T11:45;47;kWh;0;0;0;0;0;0
2018-11-27T11:45;2018-11-27T12:00;48;kWh;0;157;0;0;157;157
2018-11-27T12:00;2018-11-27T12:15;49;kWh;0;31209;0;0;31209;31209
2018-11-27T12:15;2018-11-27T12:30;50;kWh;0;6658;0;0;6658;6658
2018-11-27T12:30;2018-11-27T12:45;51;kWh;0;3920;0;0;3920;3920
2018-11-27T12:45;2018-11-27T13:00;52;kWh;0;0;0;0;0;0
2018-11-27T13:00;2018-11-27T13:15;53;kWh;0;0;0;0;0;0
2018-11-27T13:15;2018-11-27T13:30;54;kWh;0;1562;0;0;1562;1562
2018-11-27T13:30;2018-11-27T13:45;55;kWh;0;20168;0;0;20168;20168
2018-11-27T13:45;2018-11-27T14:00;56;kWh;0;2393;0;0;2393;2393
2018-11-27T14:00;2018-11-27T14:15;57;kWh;0;11770;0;0;11770;11770
2018-11-27T14:15;2018-11-27T14:30;58;kWh;0;7835;0;0;7835;7835
2018-11-27T14:30;2018-11-27T14:45;59;kWh;0;26780;0;0;26780;26780
2018-11-27T14:45;2018-11-27T15:00;60;kWh;0;21761;0;0;21761;21761
2018-11-27T15:00;2018-11-27T15:15;61;kWh;0;17923;0;0;17923;17923
2018-11-27T15:15;2018-11-27T15:30;62;kWh;0;25074;0;0;25074;25074
2018-11-27T15:30;2018-11-27T15:45;63;kWh;0;22540;0;0;22540;22540
2018-11-27T15:45;2018-11-27T16:00;64;kWh;0;1450;0;0;1450;1450
2018-11-27T16:00;2018-11-27T16:15;65;kWh;-7164;0;0;0;7164;-7164
2018-11-27T16:15;2018-11-27T16:30;66;kWh;-5801;0;0;0;5801;-5801
2018-11-27T16:30;2018-11-27T16:45;67;kWh;-557;0;0;0;557;-557
2018-11-27T16:45;2018-11-27T17:00;68;kWh;0;7970;0;0;7970;7970
2018-11-27T17:00;2018-11-27T17:15;69;kWh;0;2380;0;0;2380;2380
2018-11-27T17:15;2018-11-27T17:30;70;kWh;0;0;0;0;0;0
2018-11-27T17:30;2018-11-27T17:45;71;kWh;-271;0;0;0;271;-271
2018-11-27T17:45;2018-11-27T18:00;72;kWh;-1882;0;0;0;1882;-1882
2018-11-27T18:00;2018-11-27T18:15;73;kWh;-2492;450;0;0;2942;-2042
2018-11-27T18:15;2018-11-27T18:30;74;kWh;0;0;0;0;0;0
2018-11-27T18:30;2018-11-27T18:45;75;kWh;-36;0;0;0;36;-36
2018-11-27T18:45;2018-11-27T19:00;76;kWh;-4676;0;0;0;4676;-4676
2018-11-27T19:00;2018-11-27T19:15;77;kWh;-2722;30505;0;0;33227;27783
2018-11-27T19:15;2018-11-27T19:30;78;kWh;0;5517;0;0;5517;5517
2018-11-27T19:30;2018-11-27T19:45;79;kWh;0;0;0;0;0;0
2018-11-27T19:45;2018-11-27T20:00;80;kWh;0;345;0;0;345;345
2018-11-27T20:00;2018-11-27T20:15;81;kWh;0;699;0;0;699;699
2018-11-27T20:15;2018-11-27T20:30;82;kWh;0;0;0;0;0;0
2018-11-27T20:30;2018-11-27T20:45;83;kWh;-1782;0;0;0;1782;-1782
2018-11-27T20:45;2018-11-27T21:00;84;kWh;-36078;0;0;0;36078;-36078
2018-11-27T21:00;2018-11-27T21:15;85;kWh;-22773;1782;0;0;24555;-20991
2018-11-27T21:15;2018-11-27T21:30;86;kWh;-1792;1845;0;0;3637;53
2018-11-27T21:30;2018-11-27T21:45;87;kWh;-39369;0;0;0;39369;-39369
2018-11-27T21:45;2018-11-27T22:00;88;kWh;-45861;0;0;0;45861;-45861
2018-11-27T22:00;2018-11-27T22:15;89;kWh;-11676;0;0;0;11676;-11676
2018-11-27T22:15;2018-11-27T22:30;90;kWh;-1740;0;0;0;1740;-1740
2018-11-27T22:30;2018-11-27T22:45;91;kWh;-34861;0;0;0;34861;-34861
2018-11-27T22:45;2018-11-27T23:00;92;kWh;-59542;0;0;0;59542;-59542
2018-11-27T23:00;2018-11-27T23:15;93;kWh;-12129;472;0;0;12601;-11657
2018-11-27T23:15;2018-11-27T23:30;94;kWh;-4664;0;0;0;4664;-4664
2018-11-27T23:30;2018-11-27T23:45;95;kWh;-41925;0;0;0;41925;-41925
2018-11-27T23:45;2018-11-28T00:00;96;kWh;-29601;0;0;0;29601;-29601
2018-11-28T00:00;2018-11-28T00:15;1;kWh;-26350;2665;0;0;29015;-23685
2018-11-28T00:15;2018-11-28T00:30;2;kWh;-160;1;0;0;161;-159
2018-11-28T00:30;2018-11-28T00:45;3;kWh;0;0;0;0;0;0
2018-11-28T00:45;2018-11-28T01:00;4;kWh;-2304;0;0;0;2304;-2304
2018-11-28T01:00;2018-11-28T01:15;5;kWh;-120;12738;0;0;12858;12618
2018-11-28T01:15;2018-11-28T01:30;6;kWh;-5706;797;0;0;6503;-4909
2018-11-28T01:30;2018-11-28T01:45;7;kWh;-25865;0;0;0;25865;-25865
2018-11-28T01:45;2018-11-28T02:00;8;kWh;-28555;0;0;0;28555;-28555
2018-11-28T02:00;2018-11-28T02:15;9;kWh;-14803;3608;0;0;18411;-11195
2018-11-28T02:15;2018-11-28T02:30;10;kWh;-129;7082;0;0;7211;6953
2018-11-28T02:30;2018-11-28T02:45;11;kWh;0;1360;0;0;1360;1360
2018-11-28T02:45;2018-11-28T03:00;12;kWh;-2804;0;0;0;2804;-2804
2018-11-28T03:00;2018-11-28T03:15;13;kWh;-650;1369;0;0;2019;719
2018-11-28T03:15;2018-11-28T03:30;14;kWh;0;895;0;0;895;895
2018-11-28T03:30;2018-11-28T03:45;15;kWh;-978;533;0;0;1511;-445
2018-11-28T03:45;2018-11-28T04:00;16;kWh;-1832;0;0;0;1832;-1832
2018-11-28T04:00;2018-11-28T04:15;17;kWh;-3568;0;0;0;3568;-3568
2018-11-28T04:15;2018-11-28T04:30;18;kWh;0;0;0;0;0;0
2018-11-28T04:30;2018-11-28T04:45;19;kWh;0;0;0;0;0;0
2018-11-28T04:45;2018-11-28T05:00;20;kWh;0;0;0;0;0;0
2018-11-28T05:00;2018-11-28T05:15;21;kWh;-1038;736;0;0;1774;-302
2018-11-28T05:15;2018-11-28T05:30;22;kWh;-14690;0;0;0;14690;-14690
2018-11-28T05:30;2018-11-28T05:45;23;kWh;-3291;113;0;0;3404;-3178
2018-11-28T05:45;2018-11-28T06:00;24;kWh;0;1445;0;0;1445;1445
2018-11-28T06:00;2018-11-28T06:15;25;kWh;-16001;240;0;0;16241;-15761
2018-11-28T06:15;2018-11-28T06:30;26;kWh;-16746;0;0;0;16746;-16746
2018-11-28T06:30;2018-11-28T06:45;27;kWh;-43;560;0;0;603;517
2018-11-28T06:45;2018-11-28T07:00;28;kWh;0;16763;0;0;16763;16763
2018-11-28T07:00;2018-11-28T07:15;29;kWh;-18342;4677;0;0;23019;-13665
2018-11-28T07:15;2018-11-28T07:30;30;kWh;-4284;0;0;0;4284;-4284
2018-11-28T07:30;2018-11-28T07:45;31;kWh;0;1378;0;0;1378;1378
2018-11-28T07:45;2018-11-28T08:00;32;kWh;0;52168;0;0;52168;52168
2018-11-28T08:00;2018-11-28T08:15;33;kWh;-173;10084;0;0;10257;9911
2018-11-28T08:15;2018-11-28T08:30;34;kWh;-156;0;0;0;156;-156
2018-11-28T08:30;2018-11-28T08:45;35;kWh;0;0;0;0;0;0
2018-11-28T08:45;2018-11-28T09:00;36;kWh;0;6362;0;0;6362;6362
2018-11-28T09:00;2018-11-28T09:15;37;kWh;0;436;0;0;436;436
2018-11-28T09:15;2018-11-28T09:30;38;kWh;0;0;0;0;0;0
2018-11-28T09:30;2018-11-28T09:45;39;kWh;0;0;0;0;0;0
2018-11-28T09:45;2018-11-28T10:00;40;kWh;0;0;0;0;0;0
2018-11-28T10:00;2018-11-28T10:15;41;kWh;0;939;0;0;939;939
2018-11-28T10:15;2018-11-28T10:30;42;kWh;0;1567;0;0;1567;1567
2018-11-28T10:30;2018-11-28T10:45;43;kWh;0;12913;0;0;12913;12913
2018-11-28T10:45;2018-11-28T11:00;44;kWh;0;7140;0;0;7140;7140
2018-11-28T11:00;2018-11-28T11:15;45;kWh;0;2606;0;0;2606;2606
2018-11-28T11:15;2018-11-28T11:30;46;kWh;0;5;0;0;5;5
2018-11-28T11:30;2018-11-28T11:45;47;kWh;0;394;0;0;394;394
2018-11-28T11:45;2018-11-28T12:00;48;kWh;0;3163;0;0;3163;3163
2018-11-28T12:00;2018-11-28T12:15;49;kWh;0;6110;0;0;6110;6110
2018-11-28T12:15;2018-11-28T12:30;50;kWh;0;228;0;0;228;228
2018-11-28T12:30;2018-11-28T12:45;51;kWh;0;111;0;0;111;111
2018-11-28T12:45;2018-11-28T13:00;52;kWh;0;1461;0;0;1461;1461
2018-11-28T13:00;2018-11-28T13:15;53;kWh;0;0;0;0;0;0
2018-11-28T13:15;2018-11-28T13:30;54;kWh;0;597;0;0;597;597
2018-11-28T13:30;2018-11-28T13:45;55;kWh;0;3046;0;0;3046;3046
2018-11-28T13:45;2018-11-28T14:00;56;kWh;0;327;0;0;327;327
2018-11-28T14:00;2018-11-28T14:15;57;kWh;-15;4483;0;0;4498;4468
2018-11-28T14:15;2018-11-28T14:30;58;kWh;-20299;313;0;0;20612;-19986
2018-11-28T14:30;2018-11-28T14:45;59;kWh;-21104;0;0;0;21104;-21104
2018-11-28T14:45;2018-11-28T15:00;60;kWh;-22274;0;0;0;22274;-22274
2018-11-28T15:00;2018-11-28T15:15;61;kWh;-9508;0;0;0;9508;-9508
2018-11-28T15:15;2018-11-28T15:30;62;kWh;-8401;0;0;0;8401;-8401
2018-11-28T15:30;2018-11-28T15:45;63;kWh;-6742;0;0;0;6742;-6742
2018-11-28T15:45;2018-11-28T16:00;64;kWh;-6145;0;0;0;6145;-6145
2018-11-28T16:00;2018-11-28T16:15;65;kWh;-13247;0;0;0;13247;-13247
2018-11-28T16:15;2018-11-28T16:30;66;kWh;-2851;0;0;0;2851;-2851
2018-11-28T16:30;2018-11-28T16:45;67;kWh;0;2631;0;0;2631;2631
2018-11-28T16:45;2018-11-28T17:00;68;kWh;0;26286;0;0;26286;26286
2018-11-28T17:00;2018-11-28T17:15;69;kWh;-14568;5200;0;0;19768;-9368
2018-11-28T17:15;2018-11-28T17:30;70;kWh;-603;4200;0;0;4803;3597
2018-11-28T17:30;2018-11-28T17:45;71;kWh;-8169;876;0;0;9045;-7293
2018-11-28T17:45;2018-11-28T18:00;72;kWh;-37972;0;0;0;37972;-37972
2018-11-28T18:00;2018-11-28T18:15;73;kWh;-51915;0;0;0;51915;-51915
2018-11-28T18:15;2018-11-28T18:30;74;kWh;-60053;0;0;0;60053;-60053
2018-11-28T18:30;2018-11-28T18:45;75;kWh;-53717;0;0;0;53717;-53717
2018-11-28T18:45;2018-11-28T19:00;76;kWh;-48234;0;0;0;48234;-48234
2018-11-28T19:00;2018-11-28T19:15;77;kWh;-1506;2363;0;0;3869;857
2018-11-28T19:15;2018-11-28T19:30;78;kWh;-26352;34;0;0;26386;-26318
2018-11-28T19:30;2018-11-28T19:45;79;kWh;-24339;0;0;0;24339;-24339
2018-11-28T19:45;2018-11-28T20:00;80;kWh;-36617;0;0;0;36617;-36617
2018-11-28T20:00;2018-11-28T20:15;81;kWh;-23408;5367;0;0;28775;-18041
2018-11-28T20:15;2018-11-28T20:30;82;kWh;-8966;856;0;0;9822;-8110
2018-11-28T20:30;2018-11-28T20:45;83;kWh;-35796;0;0;0;35796;-35796
2018-11-28T20:45;2018-11-28T21:00;84;kWh;-33713;0;0;0;33713;-33713
2018-11-28T21:00;2018-11-28T21:15;85;kWh;-20281;5959;0;0;26240;-14322
2018-11-28T21:15;2018-11-28T21:30;86;kWh;-601;32100;0;0;32701;31499
2018-11-28T21:30;2018-11-28T21:45;87;kWh;-12265;875;0;0;13140;-11390
2018-11-28T21:45;2018-11-28T22:00;88;kWh;-3296;0;0;0;3296;-3296
2018-11-28T22:00;2018-11-28T22:15;89;kWh;-582;20388;0;0;20970;19806
2018-11-28T22:15;2018-11-28T22:30;90;kWh;0;47643;0;0;47643;47643
2018-11-28T22:30;2018-11-28T22:45;91;kWh;-36;7894;0;0;7930;7858
2018-11-28T22:45;2018-11-28T23:00;92;kWh;-27586;0;0;0;27586;-27586
2018-11-28T23:00;2018-11-28T23:15;93;kWh;-21191;16432;0;0;37623;-4759
2018-11-28T23:15;2018-11-28T23:30;94;kWh;0;61769;0;0;61769;61769
2018-11-28T23:30;2018-11-28T23:45;95;kWh;-15057;2739;0;0;17796;-12318
2018-11-28T23:45;2018-11-29T00:00;96;kWh;-35408;0;0;0;35408;-35408
2018-11-29T00:00;2018-11-29T00:15;1;kWh;-11901;3359;0;0;15260;-8542
2018-11-29T00:15;2018-11-29T00:30;2;kWh;-123;10664;0;0;10787;10541
2018-11-29T00:30;2018-11-29T00:45;3;kWh;0;302;0;0;302;302
2018-11-29T00:45;2018-11-29T01:00;4;kWh;0;647;0;0;647;647
2018-11-29T01:00;2018-11-29T01:15;5;kWh;0;8234;0;0;8234;8234
2018-11-29T01:15;2018-11-29T01:30;6;kWh;-2534;3966;0;0;6500;1432
2018-11-29T01:30;2018-11-29T01:45;7;kWh;-12063;0;0;0;12063;-12063
2018-11-29T01:45;2018-11-29T02:00;8;kWh;-18318;0;0;0;18318;-18318
2018-11-29T02:00;2018-11-29T02:15;9;kWh;-10824;0;0;0;10824;-10824
2018-11-29T02:15;2018-11-29T02:30;10;kWh;-205;0;0;0;205;-205
2018-11-29T02:30;2018-11-29T02:45;11;kWh;0;0;0;0;0;0
2018-11-29T02:45;2018-11-29T03:00;12;kWh;0;526;0;0;526;526
2018-11-29T03:00;2018-11-29T03:15;13;kWh;-3308;0;0;0;3308;-3308
2018-11-29T03:15;2018-11-29T03:30;14;kWh;-3678;0;0;0;3678;-3678
2018-11-29T03:30;2018-11-29T03:45;15;kWh;-793;744;0;0;1537;-49
2018-11-29T03:45;2018-11-29T04:00;16;kWh;-1589;0;0;0;1589;-1589
2018-11-29T04:00;2018-11-29T04:15;17;kWh;-99;4897;0;0;4996;4798
2018-11-29T04:15;2018-11-29T04:30;18;kWh;0;27957;0;0;27957;27957
2018-11-29T04:30;2018-11-29T04:45;19;kWh;0;37613;0;0;37613;37613
2018-11-29T04:45;2018-11-29T05:00;20;kWh;0;50374;0;0;50374;50374
2018-11-29T05:00;2018-11-29T05:15;21;kWh;0;24514;0;0;24514;24514
2018-11-29T05:15;2018-11-29T05:30;22;kWh;0;4416;0;0;4416;4416
2018-11-29T05:30;2018-11-29T05:45;23;kWh;0;55272;0;0;55272;55272
2018-11-29T05:45;2018-11-29T06:00;24;kWh;0;51913;0;0;51913;51913
2018-11-29T06:00;2018-11-29T06:15;25;kWh;0;27899;0;0;27899;27899
2018-11-29T06:15;2018-11-29T06:30;26;kWh;0;40666;0;0;40666;40666
2018-11-29T06:30;2018-11-29T06:45;27;kWh;0;56856;0;0;56856;56856
2018-11-29T06:45;2018-11-29T07:00;28;kWh;0;69486;0;0;69486;69486
2018-11-29T07:00;2018-11-29T07:15;29;kWh;-4799;33061;0;0;37860;28262
2018-11-29T07:15;2018-11-29T07:30;30;kWh;-7425;23249;0;0;30674;15824
2018-11-29T07:30;2018-11-29T07:45;31;kWh;0;62070;0;0;62070;62070
2018-11-29T07:45;2018-11-29T08:00;32;kWh;0;98274;0;0;98274;98274
2018-11-29T08:00;2018-11-29T08:15;33;kWh;-1572;40715;0;0;42287;39143
2018-11-29T08:15;2018-11-29T08:30;34;kWh;-4472;2160;0;0;6632;-2312
2018-11-29T08:30;2018-11-29T08:45;35;kWh;0;34843;0;0;34843;34843
2018-11-29T08:45;2018-11-29T09:00;36;kWh;0;49284;0;0;49284;49284
2018-11-29T09:00;2018-11-29T09:15;37;kWh;-554;21153;0;0;21707;20599
2018-11-29T09:15;2018-11-29T09:30;38;kWh;-22;5574;0;0;5596;5552
2018-11-29T09:30;2018-11-29T09:45;39;kWh;0;21346;0;0;21346;21346
2018-11-29T09:45;2018-11-29T10:00;40;kWh;0;8658;0;0;8658;8658
2018-11-29T10:00;2018-11-29T10:15;41;kWh;0;25845;0;0;25845;25845
2018-11-29T10:15;2018-11-29T10:30;42;kWh;0;38191;0;0;38191;38191
2018-11-29T10:30;2018-11-29T10:45;43;kWh;0;54790;0;0;54790;54790
2018-11-29T10:45;2018-11-29T11:00;44;kWh;0;57992;0;0;57992;57992
2018-11-29T11:00;2018-11-29T11:15;45;kWh;0;67237;0;0;67237;67237
2018-11-29T11:15;2018-11-29T11:30;46;kWh;0;48756;0;0;48756;48756
2018-11-29T11:30;2018-11-29T11:45;47;kWh;0;20470;0;0;20470;20470
2018-11-29T11:45;2018-11-29T12:00;48;kWh;0;46683;0;0;46683;46683
2018-11-29T12:00;2018-11-29T12:15;49;kWh;0;79402;0;0;79402;79402
2018-11-29T12:15;2018-11-29T12:30;50;kWh;0;78422;0;0;78422;78422
2018-11-29T12:30;2018-11-29T12:45;51;kWh;0;38179;0;0;38179;38179
2018-11-29T12:45;2018-11-29T13:00;52;kWh;0;60814;0;0;60814;60814
2018-11-29T13:00;2018-11-29T13:15;53;kWh;0;68519;0;0;68519;68519
2018-11-29T13:15;2018-11-29T13:30;54;kWh;0;98426;0;12950;111376;111376
2018-11-29T13:30;2018-11-29T13:45;55;kWh;0;72510;0;83875;156385;156385
2018-11-29T13:45;2018-11-29T14:00;56;kWh;0;25275;0;37752;63027;63027
2018-11-29T14:00;2018-11-29T14:15;57;kWh;-22;38888;0;0;38910;38866
2018-11-29T14:15;2018-11-29T14:30;58;kWh;-6128;2157;0;0;8285;-3971
2018-11-29T14:30;2018-11-29T14:45;59;kWh;-55;23235;0;0;23290;23180
2018-11-29T14:45;2018-11-29T15:00;60;kWh;0;30725;0;0;30725;30725
2018-11-29T15:00;2018-11-29T15:15;61;kWh;-4192;12515;0;0;16707;8323
2018-11-29T15:15;2018-11-29T15:30;62;kWh;-2803;0;0;0;2803;-2803
2018-11-29T15:30;2018-11-29T15:45;63;kWh;-229;0;0;0;229;-229
2018-11-29T15:45;2018-11-29T16:00;64;kWh;-382;575;0;0;957;193
2018-11-29T16:00;2018-11-29T16:15;65;kWh;-34141;202;0;0;34343;-33939
2018-11-29T16:15;2018-11-29T16:30;66;kWh;-8564;268;0;0;8832;-8296
2018-11-29T16:30;2018-11-29T16:45;67;kWh;-7552;4195;0;0;11747;-3357
2018-11-29T16:45;2018-11-29T17:00;68;kWh;0;52949;0;0;52949;52949
2018-11-29T17:00;2018-11-29T17:15;69;kWh;-8071;23110;0;0;31181;15039
2018-11-29T17:15;2018-11-29T17:30;70;kWh;-6933;633;0;0;7566;-6300
2018-11-29T17:30;2018-11-29T17:45;71;kWh;-1136;222;0;0;1358;-914
2018-11-29T17:45;2018-11-29T18:00;72;kWh;-21448;0;0;0;21448;-21448
2018-11-29T18:00;2018-11-29T18:15;73;kWh;-25619;1154;0;0;26773;-24465
2018-11-29T18:15;2018-11-29T18:30;74;kWh;-630;2546;0;0;3176;1916
2018-11-29T18:30;2018-11-29T18:45;75;kWh;-19065;0;0;0;19065;-19065
2018-11-29T18:45;2018-11-29T19:00;76;kWh;-15742;0;0;0;15742;-15742
2018-11-29T19:00;2018-11-29T19:15;77;kWh;-5643;4565;0;0;10208;-1078
2018-11-29T19:15;2018-11-29T19:30;78;kWh;-5996;4686;0;0;10682;-1310
2018-11-29T19:30;2018-11-29T19:45;79;kWh;-20856;0;0;0;20856;-20856
2018-11-29T19:45;2018-11-29T20:00;80;kWh;-41536;0;0;0;41536;-41536
2018-11-29T20:00;2018-11-29T20:15;81;kWh;-20872;375;0;0;21247;-20497
2018-11-29T20:15;2018-11-29T20:30;82;kWh;-7905;0;0;0;7905;-7905
2018-11-29T20:30;2018-11-29T20:45;83;kWh;-51464;0;0;0;51464;-51464
2018-11-29T20:45;2018-11-29T21:00;84;kWh;-71791;0;0;0;71791;-71791
2018-11-29T21:00;2018-11-29T21:15;85;kWh;-42764;4468;0;0;47232;-38296
2018-11-29T21:15;2018-11-29T21:30;86;kWh;-4668;21131;0;0;25799;16463
2018-11-29T21:30;2018-11-29T21:45;87;kWh;-58754;0;0;0;58754;-58754
2018-11-29T21:45;2018-11-29T22:00;88;kWh;-63714;0;0;0;63714;-63714
2018-11-29T22:00;2018-11-29T22:15;89;kWh;-49967;153;0;0;50120;-49814
2018-11-29T22:15;2018-11-29T22:30;90;kWh;-2205;13303;0;0;15508;11098
2018-11-29T22:30;2018-11-29T22:45;91;kWh;-19345;11;0;0;19356;-19334
2018-11-29T22:45;2018-11-29T23:00;92;kWh;-45066;0;0;0;45066;-45066
2018-11-29T23:00;2018-11-29T23:15;93;kWh;-28515;2977;0;0;31492;-25538
2018-11-29T23:15;2018-11-29T23:30;94;kWh;-779;19327;0;0;20106;18548
2018-11-29T23:30;2018-11-29T23:45;95;kWh;-14986;12;0;0;14998;-14974
2018-11-29T23:45;2018-11-30T00:00;96;kWh;-47890;0;0;0;47890;-47890
2018-11-30T00:00;2018-11-30T00:15;1;kWh;-28189;13;0;0;28202;-28176
2018-11-30T00:15;2018-11-30T00:30;2;kWh;-1197;1961;0;0;3158;764
2018-11-30T00:30;2018-11-30T00:45;3;kWh;0;5931;0;0;5931;5931
2018-11-30T00:45;2018-11-30T01:00;4;kWh;-547;3777;0;0;4324;3230
2018-11-30T01:00;2018-11-30T01:15;5;kWh;-2193;692;0;0;2885;-1501
2018-11-30T01:15;2018-11-30T01:30;6;kWh;-9303;228;0;0;9531;-9075
2018-11-30T01:30;2018-11-30T01:45;7;kWh;-24851;0;0;0;24851;-24851
2018-11-30T01:45;2018-11-30T02:00;8;kWh;-24797;0;0;0;24797;-24797
2018-11-30T02:00;2018-11-30T02:15;9;kWh;-29941;0;0;0;29941;-29941
2018-11-30T02:15;2018-11-30T02:30;10;kWh;-28271;0;0;0;28271;-28271
2018-11-30T02:30;2018-11-30T02:45;11;kWh;-24465;0;0;0;24465;-24465
2018-11-30T02:45;2018-11-30T03:00;12;kWh;-23955;0;0;0;23955;-23955
2018-11-30T03:00;2018-11-30T03:15;13;kWh;-17161;0;0;0;17161;-17161
2018-11-30T03:15;2018-11-30T03:30;14;kWh;-899;0;0;0;899;-899
2018-11-30T03:30;2018-11-30T03:45;15;kWh;0;0;0;0;0;0
2018-11-30T03:45;2018-11-30T04:00;16;kWh;0;0;0;0;0;0
2018-11-30T04:00;2018-11-30T04:15;17;kWh;-654;0;0;0;654;-654
2018-11-30T04:15;2018-11-30T04:30;18;kWh;0;0;0;0;0;0
2018-11-30T04:30;2018-11-30T04:45;19;kWh;0;0;0;0;0;0
2018-11-30T04:45;2018-11-30T05:00;20;kWh;0;0;0;0;0;0
2018-11-30T05:00;2018-11-30T05:15;21;kWh;-22826;0;0;0;22826;-22826
2018-11-30T05:15;2018-11-30T05:30;22;kWh;-22665;0;0;0;22665;-22665
2018-11-30T05:30;2018-11-30T05:45;23;kWh;-3344;8785;0;0;12129;5441
2018-11-30T05:45;2018-11-30T06:00;24;kWh;-500;29780;0;0;30280;29280
2018-11-30T06:00;2018-11-30T06:15;25;kWh;-2768;657;0;0;3425;-2111
2018-11-30T06:15;2018-11-30T06:30;26;kWh;-26591;0;0;0;26591;-26591
2018-11-30T06:30;2018-11-30T06:45;27;kWh;-2189;0;0;0;2189;-2189
2018-11-30T06:45;2018-11-30T07:00;28;kWh;-2388;475;0;0;2863;-1913
2018-11-30T07:00;2018-11-30T07:15;29;kWh;-9985;7;0;0;9992;-9978
2018-11-30T07:15;2018-11-30T07:30;30;kWh;-51810;0;0;0;51810;-51810
2018-11-30T07:30;2018-11-30T07:45;31;kWh;-3136;0;0;0;3136;-3136
2018-11-30T07:45;2018-11-30T08:00;32;kWh;0;21909;0;0;21909;21909
2018-11-30T08:00;2018-11-30T08:15;33;kWh;-239;13984;0;0;14223;13745
2018-11-30T08:15;2018-11-30T08:30;34;kWh;0;0;0;0;0;0
2018-11-30T08:30;2018-11-30T08:45;35;kWh;0;195;0;0;195;195
2018-11-30T08:45;2018-11-30T09:00;36;kWh;0;3447;0;0;3447;3447
2018-11-30T09:00;2018-11-30T09:15;37;kWh;0;229;0;0;229;229
2018-11-30T09:15;2018-11-30T09:30;38;kWh;0;0;0;0;0;0
2018-11-30T09:30;2018-11-30T09:45;39;kWh;0;956;0;0;956;956
2018-11-30T09:45;2018-11-30T10:00;40;kWh;0;96;0;0;96;96
2018-11-30T10:00;2018-11-30T10:15;41;kWh;0;14489;0;0;14489;14489
2018-11-30T10:15;2018-11-30T10:30;42;kWh;0;11502;0;0;11502;11502
2018-11-30T10:30;2018-11-30T10:45;43;kWh;-1145;680;0;0;1825;-465
2018-11-30T10:45;2018-11-30T11:00;44;kWh;-26;0;0;0;26;-26
2018-11-30T11:00;2018-11-30T11:15;45;kWh;0;2881;0;0;2881;2881
2018-11-30T11:15;2018-11-30T11:30;46;kWh;0;16544;0;0;16544;16544
2018-11-30T11:30;2018-11-30T11:45;47;kWh;0;8708;0;0;8708;8708
2018-11-30T11:45;2018-11-30T12:00;48;kWh;-41;32;0;0;73;-9
2018-11-30T12:00;2018-11-30T12:15;49;kWh;0;0;0;0;0;0
2018-11-30T12:15;2018-11-30T12:30;50;kWh;0;0;0;0;0;0
2018-11-30T12:30;2018-11-30T12:45;51;kWh;0;495;0;0;495;495
2018-11-30T12:45;2018-11-30T13:00;52;kWh;0;1051;0;0;1051;1051
2018-11-30T13:00;2018-11-30T13:15;53;kWh;0;2837;0;0;2837;2837
2018-11-30T13:15;2018-11-30T13:30;54;kWh;0;7887;0;0;7887;7887
2018-11-30T13:30;2018-11-30T13:45;55;kWh;0;460;0;0;460;460
2018-11-30T13:45;2018-11-30T14:00;56;kWh;0;0;0;0;0;0
2018-11-30T14:00;2018-11-30T14:15;57;kWh;0;2084;0;0;2084;2084
2018-11-30T14:15;2018-11-30T14:30;58;kWh;0;12474;0;0;12474;12474
2018-11-30T14:30;2018-11-30T14:45;59;kWh;0;29583;0;0;29583;29583
2018-11-30T14:45;2018-11-30T15:00;60;kWh;0;17827;0;0;17827;17827
2018-11-30T15:00;2018-11-30T15:15;61;kWh;-122;48;0;0;170;-74
2018-11-30T15:15;2018-11-30T15:30;62;kWh;0;2420;0;0;2420;2420
2018-11-30T15:30;2018-11-30T15:45;63;kWh;0;8814;0;0;8814;8814
2018-11-30T15:45;2018-11-30T16:00;64;kWh;0;36470;0;0;36470;36470
2018-11-30T16:00;2018-11-30T16:15;65;kWh;-2067;11441;0;0;13508;9374
2018-11-30T16:15;2018-11-30T16:30;66;kWh;0;0;0;0;0;0
2018-11-30T16:30;2018-11-30T16:45;67;kWh;0;210;0;0;210;210
2018-11-30T16:45;2018-11-30T17:00;68;kWh;0;33074;0;0;33074;33074
2018-11-30T17:00;2018-11-30T17:15;69;kWh;-1887;14000;0;0;15887;12113
2018-11-30T17:15;2018-11-30T17:30;70;kWh;0;56116;0;0;56116;56116
2018-11-30T17:30;2018-11-30T17:45;71;kWh;-914;15745;0;0;16659;14831
2018-11-30T17:45;2018-11-30T18:00;72;kWh;-55;994;0;0;1049;939
2018-11-30T18:00;2018-11-30T18:15;73;kWh;-115;5920;0;0;6035;5805
2018-11-30T18:15;2018-11-30T18:30;74;kWh;-22143;0;0;0;22143;-22143
2018-11-30T18:30;2018-11-30T18:45;75;kWh;-45984;0;0;0;45984;-45984
2018-11-30T18:45;2018-11-30T19:00;76;kWh;-75469;0;0;0;75469;-75469
2018-11-30T19:00;2018-11-30T19:15;77;kWh;-27709;0;0;0;27709;-27709
2018-11-30T19:15;2018-11-30T19:30;78;kWh;0;0;0;0;0;0
2018-11-30T19:30;2018-11-30T19:45;79;kWh;-6517;0;0;0;6517;-6517
2018-11-30T19:45;2018-11-30T20:00;80;kWh;-49649;0;0;0;49649;-49649
2018-11-30T20:00;2018-11-30T20:15;81;kWh;-25529;0;0;0;25529;-25529
2018-11-30T20:15;2018-11-30T20:30;82;kWh;0;0;0;0;0;0
2018-11-30T20:30;2018-11-30T20:45;83;kWh;-1931;0;0;0;1931;-1931
2018-11-30T20:45;2018-11-30T21:00;84;kWh;-40319;0;0;0;40319;-40319
2018-11-30T21:00;2018-11-30T21:15;85;kWh;-30351;894;0;0;31245;-29457
2018-11-30T21:15;2018-11-30T21:30;86;kWh;-924;711;0;0;1635;-213
2018-11-30T21:30;2018-11-30T21:45;87;kWh;-10860;0;0;0;10860;-10860
2018-11-30T21:45;2018-11-30T22:00;88;kWh;-14321;0;0;0;14321;-14321
2018-11-30T22:00;2018-11-30T22:15;89;kWh;-3904;405;0;0;4309;-3499
2018-11-30T22:15;2018-11-30T22:30;90;kWh;0;1337;0;0;1337;1337
2018-11-30T22:30;2018-11-30T22:45;91;kWh;0;1509;0;0;1509;1509
2018-11-30T22:45;2018-11-30T23:00;92;kWh;0;2325;0;0;2325;2325
2018-11-30T23:00;2018-11-30T23:15;93;kWh;0;14853;0;0;14853;14853
2018-11-30T23:15;2018-11-30T23:30;94;kWh;0;6716;0;0;6716;6716
2018-11-30T23:30;2018-11-30T23:45;95;kWh;-2449;0;0;0;2449;-2449
2018-11-30T23:45;2018-12-01T00:00;96;kWh;-10233;0;0;0;10233;-10233
2018-12-01T00:00;2018-12-01T00:15;1;kWh;-3494;19530;0;0;23024;16036
2018-12-01T00:15;2018-12-01T00:30;2;kWh;0;27531;0;0;27531;27531
2018-12-01T00:30;2018-12-01T00:45;3;kWh;-3172;3038;0;0;6210;-134
2018-12-01T00:45;2018-12-01T01:00;4;kWh;-17986;0;0;0;17986;-17986
2018-12-01T01:00;2018-12-01T01:15;5;kWh;-10196;2642;0;0;12838;-7554
2018-12-01T01:15;2018-12-01T01:30;6;kWh;-198;34522;0;0;34720;34324
2018-12-01T01:30;2018-12-01T01:45;7;kWh;0;18852;0;0;18852;18852
2018-12-01T01:45;2018-12-01T02:00;8;kWh;-14092;947;0;0;15039;-13145
2018-12-01T02:00;2018-12-01T02:15;9;kWh;-2102;7622;0;0;9724;5520
2018-12-01T02:15;2018-12-01T02:30;10;kWh;0;7835;0;0;7835;7835
2018-12-01T02:30;2018-12-01T02:45;11;kWh;0;29469;0;0;29469;29469
2018-12-01T02:45;2018-12-01T03:00;12;kWh;0;17481;0;0;17481;17481
2018-12-01T03:00;2018-12-01T03:15;13;kWh;0;7530;0;0;7530;7530
2018-12-01T03:15;2018-12-01T03:30;14;kWh;0;14079;0;0;14079;14079
2018-12-01T03:30;2018-12-01T03:45;15;kWh;-337;4149;0;0;4486;3812
2018-12-01T03:45;2018-12-01T04:00;16;kWh;-260;4168;0;0;4428;3908
2018-12-01T04:00;2018-12-01T04:15;17;kWh;-721;0;0;0;721;-721
2018-12-01T04:15;2018-12-01T04:30;18;kWh;-6863;0;0;0;6863;-6863
2018-12-01T04:30;2018-12-01T04:45;19;kWh;-15453;0;0;0;15453;-15453
2018-12-01T04:45;2018-12-01T05:00;20;kWh;-27313;0;0;0;27313;-27313
2018-12-01T05:00;2018-12-01T05:15;21;kWh;-50089;0;0;0;50089;-50089
2018-12-01T05:15;2018-12-01T05:30;22;kWh;-38811;0;0;0;38811;-38811
2018-12-01T05:30;2018-12-01T05:45;23;kWh;-38942;0;0;0;38942;-38942
2018-12-01T05:45;2018-12-01T06:00;24;kWh;-34757;0;0;0;34757;-34757
2018-12-01T06:00;2018-12-01T06:15;25;kWh;-47461;0;0;0;47461;-47461
2018-12-01T06:15;2018-12-01T06:30;26;kWh;-43247;0;0;0;43247;-43247
2018-12-01T06:30;2018-12-01T06:45;27;kWh;-38355;0;0;0;38355;-38355
2018-12-01T06:45;2018-12-01T07:00;28;kWh;-44142;0;0;0;44142;-44142
2018-12-01T07:00;2018-12-01T07:15;29;kWh;-76219;0;0;0;76219;-76219
2018-12-01T07:15;2018-12-01T07:30;30;kWh;-66226;0;0;0;66226;-66226
2018-12-01T07:30;2018-12-01T07:45;31;kWh;-55103;0;0;0;55103;-55103
2018-12-01T07:45;2018-12-01T08:00;32;kWh;-58293;0;0;0;58293;-58293
2018-12-01T08:00;2018-12-01T08:15;33;kWh;-31703;0;0;0;31703;-31703
2018-12-01T08:15;2018-12-01T08:30;34;kWh;-62506;0;0;0;62506;-62506
2018-12-01T08:30;2018-12-01T08:45;35;kWh;-45692;0;0;0;45692;-45692
2018-12-01T08:45;2018-12-01T09:00;36;kWh;-5764;0;0;0;5764;-5764
2018-12-01T09:00;2018-12-01T09:15;37;kWh;-59143;0;0;0;59143;-59143
2018-12-01T09:15;2018-12-01T09:30;38;kWh;-60758;0;0;0;60758;-60758
2018-12-01T09:30;2018-12-01T09:45;39;kWh;-76401;0;0;0;76401;-76401
2018-12-01T09:45;2018-12-01T10:00;40;kWh;-20357;0;0;0;20357;-20357
2018-12-01T10:00;2018-12-01T10:15;41;kWh;-27257;0;0;0;27257;-27257
2018-12-01T10:15;2018-12-01T10:30;42;kWh;-52997;0;0;0;52997;-52997
2018-12-01T10:30;2018-12-01T10:45;43;kWh;-51691;0;0;0;51691;-51691
2018-12-01T10:45;2018-12-01T11:00;44;kWh;-21335;0;0;0;21335;-21335
2018-12-01T11:00;2018-12-01T11:15;45;kWh;-11484;0;0;0;11484;-11484
2018-12-01T11:15;2018-12-01T11:30;46;kWh;-5665;0;0;0;5665;-5665
2018-12-01T11:30;2018-12-01T11:45;47;kWh;-44600;0;0;0;44600;-44600
2018-12-01T11:45;2018-12-01T12:00;48;kWh;-49537;0;0;0;49537;-49537
2018-12-01T12:00;2018-12-01T12:15;49;kWh;-16081;1095;0;0;17176;-14986
2018-12-01T12:15;2018-12-01T12:30;50;kWh;-747;6;0;0;753;-741
2018-12-01T12:30;2018-12-01T12:45;51;kWh;-5956;0;0;0;5956;-5956
2018-12-01T12:45;2018-12-01T13:00;52;kWh;-2536;0;0;0;2536;-2536
2018-12-01T13:00;2018-12-01T13:15;53;kWh;0;1866;0;0;1866;1866
2018-12-01T13:15;2018-12-01T13:30;54;kWh;0;1653;0;0;1653;1653
2018-12-01T13:30;2018-12-01T13:45;55;kWh;0;5689;0;0;5689;5689
2018-12-01T13:45;2018-12-01T14:00;56;kWh;0;1757;0;0;1757;1757
2018-12-01T14:00;2018-12-01T14:15;57;kWh;0;624;0;0;624;624
2018-12-01T14:15;2018-12-01T14:30;58;kWh;0;1815;0;0;1815;1815
2018-12-01T14:30;2018-12-01T14:45;59;kWh;0;62;0;0;62;62
2018-12-01T14:45;2018-12-01T15:00;60;kWh;0;0;0;0;0;0
2018-12-01T15:00;2018-12-01T15:15;61;kWh;0;0;0;0;0;0
2018-12-01T15:15;2018-12-01T15:30;62;kWh;0;0;0;0;0;0
2018-12-01T15:30;2018-12-01T15:45;63;kWh;0;0;0;0;0;0
2018-12-01T15:45;2018-12-01T16:00;64;kWh;-556;0;0;0;556;-556
2018-12-01T16:00;2018-12-01T16:15;65;kWh;-33677;0;0;0;33677;-33677
2018-12-01T16:15;2018-12-01T16:30;66;kWh;-16928;0;0;0;16928;-16928
2018-12-01T16:30;2018-12-01T16:45;67;kWh;-1313;0;0;0;1313;-1313
2018-12-01T16:45;2018-12-01T17:00;68;kWh;0;0;0;0;0;0
2018-12-01T17:00;2018-12-01T17:15;69;kWh;-8349;0;0;0;8349;-8349
2018-12-01T17:15;2018-12-01T17:30;70;kWh;-24770;0;0;0;24770;-24770
2018-12-01T17:30;2018-12-01T17:45;71;kWh;-10398;0;0;0;10398;-10398
2018-12-01T17:45;2018-12-01T18:00;72;kWh;-25143;0;0;0;25143;-25143
2018-12-01T18:00;2018-12-01T18:15;73;kWh;-24394;0;0;0;24394;-24394
2018-12-01T18:15;2018-12-01T18:30;74;kWh;-12644;0;0;0;12644;-12644
2018-12-01T18:30;2018-12-01T18:45;75;kWh;-35310;0;0;0;35310;-35310
2018-12-01T18:45;2018-12-01T19:00;76;kWh;-20015;0;0;0;20015;-20015
2018-12-01T19:00;2018-12-01T19:15;77;kWh;-2243;715;0;0;2958;-1528
2018-12-01T19:15;2018-12-01T19:30;78;kWh;0;18324;0;0;18324;18324
2018-12-01T19:30;2018-12-01T19:45;79;kWh;0;19001;0;0;19001;19001
2018-12-01T19:45;2018-12-01T20:00;80;kWh;0;7367;0;0;7367;7367
2018-12-01T20:00;2018-12-01T20:15;81;kWh;0;20586;0;0;20586;20586
2018-12-01T20:15;2018-12-01T20:30;82;kWh;0;49794;0;0;49794;49794
2018-12-01T20:30;2018-12-01T20:45;83;kWh;-3807;17007;0;0;20814;13200
2018-12-01T20:45;2018-12-01T21:00;84;kWh;-5349;6062;0;0;11411;713
2018-12-01T21:00;2018-12-01T21:15;85;kWh;-64;1854;0;0;1918;1790
2018-12-01T21:15;2018-12-01T21:30;86;kWh;-766;8237;0;0;9003;7471
2018-12-01T21:30;2018-12-01T21:45;87;kWh;-21371;60;0;0;21431;-21311
2018-12-01T21:45;2018-12-01T22:00;88;kWh;-22009;0;0;0;22009;-22009
2018-12-01T22:00;2018-12-01T22:15;89;kWh;-20255;0;0;0;20255;-20255
2018-12-01T22:15;2018-12-01T22:30;90;kWh;-1099;1503;0;0;2602;404
2018-12-01T22:30;2018-12-01T22:45;91;kWh;-8600;0;0;0;8600;-8600
2018-12-01T22:45;2018-12-01T23:00;92;kWh;-13451;0;0;0;13451;-13451
2018-12-01T23:00;2018-12-01T23:15;93;kWh;-13269;6175;0;0;19444;-7094
2018-12-01T23:15;2018-12-01T23:30;94;kWh;-161;8339;0;0;8500;8178
2018-12-01T23:30;2018-12-01T23:45;95;kWh;-917;1313;0;0;2230;396
2018-12-01T23:45;2018-12-02T00:00;96;kWh;-12287;0;0;0;12287;-12287
2018-12-02T00:00;2018-12-02T00:15;1;kWh;-10129;73;0;0;10202;-10056
2018-12-02T00:15;2018-12-02T00:30;2;kWh;0;438;0;0;438;438
2018-12-02T00:30;2018-12-02T00:45;3;kWh;0;8031;0;0;8031;8031
2018-12-02T00:45;2018-12-02T01:00;4;kWh;-143;17661;0;0;17804;17518
2018-12-02T01:00;2018-12-02T01:15;5;kWh;-23799;2059;0;0;25858;-21740
2018-12-02T01:15;2018-12-02T01:30;6;kWh;-5943;0;0;0;5943;-5943
2018-12-02T01:30;2018-12-02T01:45;7;kWh;-5302;0;0;0;5302;-5302
2018-12-02T01:45;2018-12-02T02:00;8;kWh;-5921;0;0;0;5921;-5921
2018-12-02T02:00;2018-12-02T02:15;9;kWh;-1591;11954;0;0;13545;10363
2018-12-02T02:15;2018-12-02T02:30;10;kWh;0;21163;0;0;21163;21163
2018-12-02T02:30;2018-12-02T02:45;11;kWh;0;20453;0;0;20453;20453
2018-12-02T02:45;2018-12-02T03:00;12;kWh;0;18100;0;0;18100;18100
2018-12-02T03:00;2018-12-02T03:15;13;kWh;0;18980;0;0;18980;18980
2018-12-02T03:15;2018-12-02T03:30;14;kWh;0;23157;0;0;23157;23157
2018-12-02T03:30;2018-12-02T03:45;15;kWh;0;18040;0;0;18040;18040
2018-12-02T03:45;2018-12-02T04:00;16;kWh;-433;3150;0;0;3583;2717
2018-12-02T04:00;2018-12-02T04:15;17;kWh;-1702;0;0;0;1702;-1702
2018-12-02T04:15;2018-12-02T04:30;18;kWh;-118;0;0;0;118;-118
2018-12-02T04:30;2018-12-02T04:45;19;kWh;-3287;0;0;0;3287;-3287
2018-12-02T04:45;2018-12-02T05:00;20;kWh;-2985;0;0;0;2985;-2985
2018-12-02T05:00;2018-12-02T05:15;21;kWh;-5829;0;0;0;5829;-5829
2018-12-02T05:15;2018-12-02T05:30;22;kWh;-13465;0;0;0;13465;-13465
2018-12-02T05:30;2018-12-02T05:45;23;kWh;-3618;0;0;0;3618;-3618
2018-12-02T05:45;2018-12-02T06:00;24;kWh;-7052;0;0;0;7052;-7052
2018-12-02T06:00;2018-12-02T06:15;25;kWh;-12734;0;0;0;12734;-12734
2018-12-02T06:15;2018-12-02T06:30;26;kWh;-14740;0;0;0;14740;-14740
2018-12-02T06:30;2018-12-02T06:45;27;kWh;-13574;0;0;0;13574;-13574
2018-12-02T06:45;2018-12-02T07:00;28;kWh;-1355;0;0;0;1355;-1355
2018-12-02T07:00;2018-12-02T07:15;29;kWh;-30879;0;0;0;30879;-30879
2018-12-02T07:15;2018-12-02T07:30;30;kWh;-6780;0;0;0;6780;-6780
2018-12-02T07:30;2018-12-02T07:45;31;kWh;-1381;389;0;0;1770;-992
2018-12-02T07:45;2018-12-02T08:00;32;kWh;0;1698;0;0;1698;1698
2018-12-02T08:00;2018-12-02T08:15;33;kWh;0;4119;0;0;4119;4119
2018-12-02T08:15;2018-12-02T08:30;34;kWh;0;10658;0;0;10658;10658
2018-12-02T08:30;2018-12-02T08:45;35;kWh;0;10750;0;0;10750;10750
2018-12-02T08:45;2018-12-02T09:00;36;kWh;0;17902;0;0;17902;17902
2018-12-02T09:00;2018-12-02T09:15;37;kWh;-534;10701;0;0;11235;10167
2018-12-02T09:15;2018-12-02T09:30;38;kWh;0;17992;0;0;17992;17992
2018-12-02T09:30;2018-12-02T09:45;39;kWh;0;24953;0;0;24953;24953
2018-12-02T09:45;2018-12-02T10:00;40;kWh;0;62665;0;0;80165;80165
2018-12-02T10:00;2018-12-02T10:15;41;kWh;0;23547;0;0;23547;23547
2018-12-02T10:15;2018-12-02T10:30;42;kWh;0;57697;0;0;57697;57697
2018-12-02T10:30;2018-12-02T10:45;43;kWh;0;67453;0;0;67453;67453
2018-12-02T10:45;2018-12-02T11:00;44;kWh;0;81200;0;0;81200;81200
2018-12-02T11:00;2018-12-02T11:15;45;kWh;0;91280;0;0;91280;91280
2018-12-02T11:15;2018-12-02T11:30;46;kWh;0;84630;0;0;84630;84630
2018-12-02T11:30;2018-12-02T11:45;47;kWh;0;95547;0;0;113047;113047
2018-12-02T11:45;2018-12-02T12:00;48;kWh;0;91882;0;0;91882;91882
2018-12-02T12:00;2018-12-02T12:15;49;kWh;0;109518;0;508;126276;126276
2018-12-02T12:15;2018-12-02T12:30;50;kWh;0;104807;0;26232;134789;134789
2018-12-02T12:30;2018-12-02T12:45;51;kWh;0;77771;0;26577;104348;104348
2018-12-02T12:45;2018-12-02T13:00;52;kWh;0;90391;0;26577;116968;116968
2018-12-02T13:00;2018-12-02T13:15;53;kWh;0;77921;0;26577;104498;104498
2018-12-02T13:15;2018-12-02T13:30;54;kWh;0;85545;0;0;85545;85545
2018-12-02T13:30;2018-12-02T13:45;55;kWh;0;82283;0;0;82283;82283
2018-12-02T13:45;2018-12-02T14:00;56;kWh;0;77135;0;0;77135;77135
2018-12-02T14:00;2018-12-02T14:15;57;kWh;0;74619;0;0;74619;74619
2018-12-02T14:15;2018-12-02T14:30;58;kWh;0;71888;0;0;71888;71888
2018-12-02T14:30;2018-12-02T14:45;59;kWh;0;34005;0;0;34005;34005
2018-12-02T14:45;2018-12-02T15:00;60;kWh;0;61480;0;0;61480;61480
2018-12-02T15:00;2018-12-02T15:15;61;kWh;0;72207;0;0;72207;72207
2018-12-02T15:15;2018-12-02T15:30;62;kWh;0;70132;0;0;70132;70132
2018-12-02T15:30;2018-12-02T15:45;63;kWh;0;102559;0;0;102559;102559
2018-12-02T15:45;2018-12-02T16:00;64;kWh;-3;91286;0;0;91289;91283
2018-12-02T16:00;2018-12-02T16:15;65;kWh;-28176;8731;0;0;36907;-19445
2018-12-02T16:15;2018-12-02T16:30;66;kWh;-2127;472;0;0;2599;-1655
2018-12-02T16:30;2018-12-02T16:45;67;kWh;0;0;0;0;0;0
2018-12-02T16:45;2018-12-02T17:00;68;kWh;0;15462;0;0;15462;15462
2018-12-02T17:00;2018-12-02T17:15;69;kWh;-793;5950;0;0;6743;5157
2018-12-02T17:15;2018-12-02T17:30;70;kWh;-2931;0;0;0;2931;-2931
2018-12-02T17:30;2018-12-02T17:45;71;kWh;-87;4743;0;0;4830;4656
2018-12-02T17:45;2018-12-02T18:00;72;kWh;0;42149;0;0;42149;42149
2018-12-02T18:00;2018-12-02T18:15;73;kWh;0;57745;0;0;57745;57745
2018-12-02T18:15;2018-12-02T18:30;74;kWh;0;53038;0;0;53038;53038
2018-12-02T18:30;2018-12-02T18:45;75;kWh;0;22264;0;0;22264;22264
2018-12-02T18:45;2018-12-02T19:00;76;kWh;-2662;6321;0;0;8983;3659
2018-12-02T19:00;2018-12-02T19:15;77;kWh;-9482;0;0;0;9482;-9482
2018-12-02T19:15;2018-12-02T19:30;78;kWh;-10133;0;0;0;10133;-10133
2018-12-02T19:30;2018-12-02T19:45;79;kWh;-18515;0;0;0;18515;-18515
2018-12-02T19:45;2018-12-02T20:00;80;kWh;-4599;856;0;0;5455;-3743
2018-12-02T20:00;2018-12-02T20:15;81;kWh;-439;16135;0;0;16574;15696
2018-12-02T20:15;2018-12-02T20:30;82;kWh;-98;26074;0;0;26172;25976
2018-12-02T20:30;2018-12-02T20:45;83;kWh;-15951;2470;0;0;18421;-13481
2018-12-02T20:45;2018-12-02T21:00;84;kWh;-19177;0;0;0;19177;-19177
2018-12-02T21:00;2018-12-02T21:15;85;kWh;-7866;23287;0;0;31153;15421
2018-12-02T21:15;2018-12-02T21:30;86;kWh;0;70848;0;0;70848;70848
2018-12-02T21:30;2018-12-02T21:45;87;kWh;0;30454;0;0;30454;30454
2018-12-02T21:45;2018-12-02T22:00;88;kWh;0;18755;0;0;18755;18755
2018-12-02T22:00;2018-12-02T22:15;89;kWh;0;9038;0;0;9038;9038
2018-12-02T22:15;2018-12-02T22:30;90;kWh;0;31887;0;0;31887;31887
2018-12-02T22:30;2018-12-02T22:45;91;kWh;0;15356;0;0;15356;15356
2018-12-02T22:45;2018-12-02T23:00;92;kWh;-1602;3967;0;0;5569;2365
2018-12-02T23:00;2018-12-02T23:15;93;kWh;-539;5479;0;0;6018;4940
2018-12-02T23:15;2018-12-02T23:30;94;kWh;0;33564;0;0;33564;33564
2018-12-02T23:30;2018-12-02T23:45;95;kWh;0;20468;0;0;20468;20468
2018-12-02T23:45;2018-12-03T00:00;96;kWh;-6385;8138;0;0;14523;1753
2018-12-03T00:00;2018-12-03T00:15;1;kWh;-665;12921;0;0;13586;12256
2018-12-03T00:15;2018-12-03T00:30;2;kWh;0;6367;0;0;6367;6367
2018-12-03T00:30;2018-12-03T00:45;3;kWh;0;23056;0;0;23056;23056
2018-12-03T00:45;2018-12-03T01:00;4;kWh;-56;1261;0;0;1317;1205
2018-12-03T01:00;2018-12-03T01:15;5;kWh;-2923;3175;0;0;6098;252
2018-12-03T01:15;2018-12-03T01:30;6;kWh;-313;14720;0;0;15033;14407
2018-12-03T01:30;2018-12-03T01:45;7;kWh;-6138;0;0;0;6138;-6138
2018-12-03T01:45;2018-12-03T02:00;8;kWh;-9922;0;0;0;9922;-9922
2018-12-03T02:00;2018-12-03T02:15;9;kWh;-2216;1175;0;0;3391;-1041
2018-12-03T02:15;2018-12-03T02:30;10;kWh;-6;816;0;0;822;810
2018-12-03T02:30;2018-12-03T02:45;11;kWh;-11266;0;0;0;11266;-11266
2018-12-03T02:45;2018-12-03T03:00;12;kWh;-11605;0;0;0;11605;-11605
2018-12-03T03:00;2018-12-03T03:15;13;kWh;-10627;0;0;0;10627;-10627
2018-12-03T03:15;2018-12-03T03:30;14;kWh;-18045;0;0;0;18045;-18045
2018-12-03T03:30;2018-12-03T03:45;15;kWh;-40817;0;0;0;40817;-40817
2018-12-03T03:45;2018-12-03T04:00;16;kWh;-40969;0;0;0;40969;-40969
2018-12-03T04:00;2018-12-03T04:15;17;kWh;-51514;0;0;0;51514;-51514
2018-12-03T04:15;2018-12-03T04:30;18;kWh;-31223;0;0;0;31223;-31223
2018-12-03T04:30;2018-12-03T04:45;19;kWh;-10965;0;0;0;10965;-10965
2018-12-03T04:45;2018-12-03T05:00;20;kWh;-2691;0;0;0;2691;-2691
2018-12-03T05:00;2018-12-03T05:15;21;kWh;-36707;0;0;0;36707;-36707
2018-12-03T05:15;2018-12-03T05:30;22;kWh;-27524;0;0;0;27524;-27524
2018-12-03T05:30;2018-12-03T05:45;23;kWh;-2016;0;0;0;2016;-2016
2018-12-03T05:45;2018-12-03T06:00;24;kWh;0;0;0;0;0;0
2018-12-03T06:00;2018-12-03T06:15;25;kWh;0;1111;0;0;1111;1111
2018-12-03T06:15;2018-12-03T06:30;26;kWh;0;4276;0;0;4276;4276
2018-12-03T06:30;2018-12-03T06:45;27;kWh;0;7964;0;0;7964;7964
2018-12-03T06:45;2018-12-03T07:00;28;kWh;0;3038;0;0;3038;3038
2018-12-03T07:00;2018-12-03T07:15;29;kWh;0;40033;0;0;40033;40033
2018-12-03T07:15;2018-12-03T07:30;30;kWh;0;52624;0;0;52624;52624
2018-12-03T07:30;2018-12-03T07:45;31;kWh;0;73504;0;0;73504;73504
2018-12-03T07:45;2018-12-03T08:00;32;kWh;0;70450;0;0;70450;70450
2018-12-03T08:00;2018-12-03T08:15;33;kWh;-31;28598;0;0;28629;28567
2018-12-03T08:15;2018-12-03T08:30;34;kWh;0;1278;0;0;1278;1278
2018-12-03T08:30;2018-12-03T08:45;35;kWh;0;7806;0;0;7806;7806
2018-12-03T08:45;2018-12-03T09:00;36;kWh;0;54547;0;0;54547;54547
2018-12-03T09:00;2018-12-03T09:15;37;kWh;-1229;28243;0;0;29472;27014
2018-12-03T09:15;2018-12-03T09:30;38;kWh;-1357;0;0;0;1357;-1357
2018-12-03T09:30;2018-12-03T09:45;39;kWh;-7;0;0;0;7;-7
2018-12-03T09:45;2018-12-03T10:00;40;kWh;-56;3780;0;0;3836;3724
2018-12-03T10:00;2018-12-03T10:15;41;kWh;-4773;362;0;0;5135;-4411
2018-12-03T10:15;2018-12-03T10:30;42;kWh;-29640;0;0;0;29640;-29640
2018-12-03T10:30;2018-12-03T10:45;43;kWh;-51174;0;0;0;51174;-51174
2018-12-03T10:45;2018-12-03T11:00;44;kWh;-55758;0;0;0;55758;-55758
2018-12-03T11:00;2018-12-03T11:15;45;kWh;-22374;4807;0;0;27181;-17567
2018-12-03T11:15;2018-12-03T11:30;46;kWh;-2888;1131;0;0;4019;-1757
2018-12-03T11:30;2018-12-03T11:45;47;kWh;-4699;0;0;0;4699;-4699
2018-12-03T11:45;2018-12-03T12:00;48;kWh;0;0;0;0;0;0
2018-12-03T12:00;2018-12-03T12:15;49;kWh;0;0;0;0;0;0
2018-12-03T12:15;2018-12-03T12:30;50;kWh;0;0;0;0;0;0
2018-12-03T12:30;2018-12-03T12:45;51;kWh;-281;0;0;0;281;-281
2018-12-03T12:45;2018-12-03T13:00;52;kWh;0;536;0;0;536;536
2018-12-03T13:00;2018-12-03T13:15;53;kWh;0;6388;0;0;6388;6388
2018-12-03T13:15;2018-12-03T13:30;54;kWh;0;37911;0;0;37911;37911
2018-12-03T13:30;2018-12-03T13:45;55;kWh;0;61421;0;0;61421;61421
2018-12-03T13:45;2018-12-03T14:00;56;kWh;0;68238;0;0;68238;68238
2018-12-03T14:00;2018-12-03T14:15;57;kWh;0;56049;0;0;56049;56049
2018-12-03T14:15;2018-12-03T14:30;58;kWh;0;49683;0;0;49683;49683
2018-12-03T14:30;2018-12-03T14:45;59;kWh;0;69335;0;0;69335;69335
2018-12-03T14:45;2018-12-03T15:00;60;kWh;0;53461;0;0;53461;53461
2018-12-03T15:00;2018-12-03T15:15;61;kWh;-1625;20409;0;0;22034;18784
2018-12-03T15:15;2018-12-03T15:30;62;kWh;-29;0;0;0;29;-29
2018-12-03T15:30;2018-12-03T15:45;63;kWh;0;10417;0;0;10417;10417
2018-12-03T15:45;2018-12-03T16:00;64;kWh;0;53433;0;0;53433;53433
2018-12-03T16:00;2018-12-03T16:15;65;kWh;-5116;25099;0;0;30215;19983
2018-12-03T16:15;2018-12-03T16:30;66;kWh;-9849;0;0;0;9849;-9849
2018-12-03T16:30;2018-12-03T16:45;67;kWh;0;0;0;0;0;0
2018-12-03T16:45;2018-12-03T17:00;68;kWh;0;1577;0;0;1577;1577
2018-12-03T17:00;2018-12-03T17:15;69;kWh;0;4184;0;0;4184;4184
2018-12-03T17:15;2018-12-03T17:30;70;kWh;0;0;0;0;0;0
2018-12-03T17:30;2018-12-03T17:45;71;kWh;0;0;0;0;0;0
2018-12-03T17:45;2018-12-03T18:00;72;kWh;-209;0;0;0;209;-209
2018-12-03T18:00;2018-12-03T18:15;73;kWh;-8477;0;0;0;8477;-8477
2018-12-03T18:15;2018-12-03T18:30;74;kWh;-34093;0;0;0;34093;-34093
2018-12-03T18:30;2018-12-03T18:45;75;kWh;-32692;0;0;0;32692;-32692
2018-12-03T18:45;2018-12-03T19:00;76;kWh;-5219;376;0;0;5595;-4843
2018-12-03T19:00;2018-12-03T19:15;77;kWh;0;14475;0;0;14475;14475
2018-12-03T19:15;2018-12-03T19:30;78;kWh;-21;8999;0;0;9020;8978
2018-12-03T19:30;2018-12-03T19:45;79;kWh;-48;1;0;0;49;-47
2018-12-03T19:45;2018-12-03T20:00;80;kWh;-1450;0;0;0;1450;-1450
2018-12-03T20:00;2018-12-03T20:15;81;kWh;-1832;0;0;0;1832;-1832
2018-12-03T20:15;2018-12-03T20:30;82;kWh;-3340;0;0;0;3340;-3340
2018-12-03T20:30;2018-12-03T20:45;83;kWh;-16244;0;0;0;16244;-16244
2018-12-03T20:45;2018-12-03T21:00;84;kWh;-34338;0;0;0;34338;-34338
2018-12-03T21:00;2018-12-03T21:15;85;kWh;-23295;522;0;0;23817;-22773
2018-12-03T21:15;2018-12-03T21:30;86;kWh;-278;254;0;0;532;-24
2018-12-03T21:30;2018-12-03T21:45;87;kWh;0;0;0;0;0;0
2018-12-03T21:45;2018-12-03T22:00;88;kWh;0;0;0;0;0;0
2018-12-03T22:00;2018-12-03T22:15;89;kWh;0;24170;0;0;24170;24170
2018-12-03T22:15;2018-12-03T22:30;90;kWh;0;34402;0;0;34402;34402
2018-12-03T22:30;2018-12-03T22:45;91;kWh;0;12925;0;0;12925;12925
2018-12-03T22:45;2018-12-03T23:00;92;kWh;-149;15173;0;0;15322;15024
2018-12-03T23:00;2018-12-03T23:15;93;kWh;-339;26941;0;0;27280;26602
2018-12-03T23:15;2018-12-03T23:30;94;kWh;0;37370;0;0;37370;37370
2018-12-03T23:30;2018-12-03T23:45;95;kWh;0;16425;0;0;16425;16425
2018-12-03T23:45;2018-12-04T00:00;96;kWh;-9322;5741;0;0;15063;-3581
2018-12-04T00:00;2018-12-04T00:15;1;kWh;-39870;0;0;0;39870;-39870
2018-12-04T00:15;2018-12-04T00:30;2;kWh;-1156;0;0;0;1156;-1156
2018-12-04T00:30;2018-12-04T00:45;3;kWh;-3462;0;0;0;3462;-3462
2018-12-04T00:45;2018-12-04T01:00;4;kWh;-2263;0;0;0;2263;-2263
2018-12-04T01:00;2018-12-04T01:15;5;kWh;-3380;16084;0;0;19464;12704
2018-12-04T01:15;2018-12-04T01:30;6;kWh;0;30247;0;0;30247;30247
2018-12-04T01:30;2018-12-04T01:45;7;kWh;0;11495;0;0;11495;11495
2018-12-04T01:45;2018-12-04T02:00;8;kWh;0;1617;0;0;1617;1617
2018-12-04T02:00;2018-12-04T02:15;9;kWh;0;18731;0;0;18731;18731
2018-12-04T02:15;2018-12-04T02:30;10;kWh;0;21708;0;0;21708;21708
2018-12-04T02:30;2018-12-04T02:45;11;kWh;-76;1657;0;0;1733;1581
2018-12-04T02:45;2018-12-04T03:00;12;kWh;0;2973;0;0;2973;2973
2018-12-04T03:00;2018-12-04T03:15;13;kWh;0;31218;0;0;31218;31218
2018-12-04T03:15;2018-12-04T03:30;14;kWh;0;52911;0;0;52911;52911
2018-12-04T03:30;2018-12-04T03:45;15;kWh;0;41111;0;0;41111;41111
2018-12-04T03:45;2018-12-04T04:00;16;kWh;0;54624;0;0;54624;54624
2018-12-04T04:00;2018-12-04T04:15;17;kWh;0;48354;0;0;48354;48354
2018-12-04T04:15;2018-12-04T04:30;18;kWh;0;30829;0;0;30829;30829
2018-12-04T04:30;2018-12-04T04:45;19;kWh;0;23968;0;0;23968;23968
2018-12-04T04:45;2018-12-04T05:00;20;kWh;0;53561;0;0;53561;53561
2018-12-04T05:00;2018-12-04T05:15;21;kWh;0;47509;0;0;47509;47509
2018-12-04T05:15;2018-12-04T05:30;22;kWh;0;29605;0;0;29605;29605
2018-12-04T05:30;2018-12-04T05:45;23;kWh;0;42065;0;0;42065;42065
2018-12-04T05:45;2018-12-04T06:00;24;kWh;0;16447;0;0;16447;16447
2018-12-04T06:00;2018-12-04T06:15;25;kWh;-10510;2581;0;0;13091;-7929
2018-12-04T06:15;2018-12-04T06:30;26;kWh;-25258;0;0;0;25258;-25258
2018-12-04T06:30;2018-12-04T06:45;27;kWh;-9801;0;0;0;9801;-9801
2018-12-04T06:45;2018-12-04T07:00;28;kWh;-7950;10002;0;0;17952;2052
2018-12-04T07:00;2018-12-04T07:15;29;kWh;-24048;5457;0;0;29505;-18591
2018-12-04T07:15;2018-12-04T07:30;30;kWh;-40449;0;0;0;40449;-40449
2018-12-04T07:30;2018-12-04T07:45;31;kWh;-4115;4842;0;0;8957;727
2018-12-04T07:45;2018-12-04T08:00;32;kWh;0;70641;0;0;70641;70641
2018-12-04T08:00;2018-12-04T08:15;33;kWh;-2466;24070;0;0;26536;21604
2018-12-04T08:15;2018-12-04T08:30;34;kWh;0;1349;0;0;1349;1349
2018-12-04T08:30;2018-12-04T08:45;35;kWh;0;24286;0;0;24286;24286
2018-12-04T08:45;2018-12-04T09:00;36;kWh;0;63400;0;0;63400;63400
2018-12-04T09:00;2018-12-04T09:15;37;kWh;-967;9396;0;0;10363;8429
2018-12-04T09:15;2018-12-04T09:30;38;kWh;0;127;0;0;127;127
2018-12-04T09:30;2018-12-04T09:45;39;kWh;-1;0;0;0;1;-1
2018-12-04T09:45;2018-12-04T10:00;40;kWh;-7904;0;0;0;7904;-7904
2018-12-04T10:00;2018-12-04T10:15;41;kWh;-2975;0;0;0;2975;-2975
2018-12-04T10:15;2018-12-04T10:30;42;kWh;-6724;0;0;0;6724;-6724
2018-12-04T10:30;2018-12-04T10:45;43;kWh;-18141;0;0;0;18141;-18141
2018-12-04T10:45;2018-12-04T11:00;44;kWh;-15611;0;0;0;15611;-15611
2018-12-04T11:00;2018-12-04T11:15;45;kWh;-19341;0;0;0;19341;-19341
2018-12-04T11:15;2018-12-04T11:30;46;kWh;-18520;0;0;0;18520;-18520
2018-12-04T11:30;2018-12-04T11:45;47;kWh;-28033;0;0;0;28033;-28033
2018-12-04T11:45;2018-12-04T12:00;48;kWh;-39994;0;0;0;39994;-39994
2018-12-04T12:00;2018-12-04T12:15;49;kWh;-35959;0;0;0;35959;-35959
2018-12-04T12:15;2018-12-04T12:30;50;kWh;-37403;0;0;0;37403;-37403
2018-12-04T12:30;2018-12-04T12:45;51;kWh;-39752;0;0;0;39752;-39752
2018-12-04T12:45;2018-12-04T13:00;52;kWh;-48337;0;0;0;48337;-48337
2018-12-04T13:00;2018-12-04T13:15;53;kWh;-46599;0;0;0;46599;-46599
2018-12-04T13:15;2018-12-04T13:30;54;kWh;-13676;0;0;0;13676;-13676
2018-12-04T13:30;2018-12-04T13:45;55;kWh;-20799;0;0;0;20799;-20799
2018-12-04T13:45;2018-12-04T14:00;56;kWh;-25229;0;0;0;25229;-25229
2018-12-04T14:00;2018-12-04T14:15;57;kWh;-17362;0;0;0;17362;-17362
2018-12-04T14:15;2018-12-04T14:30;58;kWh;-27140;0;0;0;27140;-27140
2018-12-04T14:30;2018-12-04T14:45;59;kWh;-1510;642;0;0;2152;-868
2018-12-04T14:45;2018-12-04T15:00;60;kWh;0;10238;0;0;10238;10238
2018-12-04T15:00;2018-12-04T15:15;61;kWh;0;3885;0;0;3885;3885
2018-12-04T15:15;2018-12-04T15:30;62;kWh;0;11;0;0;11;11
2018-12-04T15:30;2018-12-04T15:45;63;kWh;0;19640;0;0;19640;19640
2018-12-04T15:45;2018-12-04T16:00;64;kWh;0;46739;0;0;46739;46739
2018-12-04T16:00;2018-12-04T16:15;65;kWh;-14666;5062;0;0;19728;-9604
2018-12-04T16:15;2018-12-04T16:30;66;kWh;-4873;0;0;0;4873;-4873
2018-12-04T16:30;2018-12-04T16:45;67;kWh;-37;7972;0;0;8009;7935
2018-12-04T16:45;2018-12-04T17:00;68;kWh;0;77894;0;0;77894;77894
2018-12-04T17:00;2018-12-04T17:15;69;kWh;-1800;41789;0;0;43589;39989
2018-12-04T17:15;2018-12-04T17:30;70;kWh;-28;11833;0;0;11861;11805
2018-12-04T17:30;2018-12-04T17:45;71;kWh;0;28998;0;0;28998;28998
2018-12-04T17:45;2018-12-04T18:00;72;kWh;0;22542;0;0;22542;22542
2018-12-04T18:00;2018-12-04T18:15;73;kWh;-149;8059;0;0;8208;7910
2018-12-04T18:15;2018-12-04T18:30;74;kWh;-4922;62;0;0;4984;-4860
2018-12-04T18:30;2018-12-04T18:45;75;kWh;-5068;0;0;0;5068;-5068
2018-12-04T18:45;2018-12-04T19:00;76;kWh;-308;0;0;0;308;-308
2018-12-04T19:00;2018-12-04T19:15;77;kWh;-394;2893;0;0;3287;2499
2018-12-04T19:15;2018-12-04T19:30;78;kWh;0;2031;0;0;2031;2031
2018-12-04T19:30;2018-12-04T19:45;79;kWh;-4924;23;0;0;4947;-4901
2018-12-04T19:45;2018-12-04T20:00;80;kWh;-30390;0;0;0;30390;-30390
2018-12-04T20:00;2018-12-04T20:15;81;kWh;-7569;26268;0;0;33837;18699
2018-12-04T20:15;2018-12-04T20:30;82;kWh;0;6680;0;0;6680;6680
2018-12-04T20:30;2018-12-04T20:45;83;kWh;-16;0;0;0;16;-16
2018-12-04T20:45;2018-12-04T21:00;84;kWh;-683;0;0;0;683;-683
2018-12-04T21:00;2018-12-04T21:15;85;kWh;-459;401;0;0;860;-58
2018-12-04T21:15;2018-12-04T21:30;86;kWh;0;616;0;0;616;616
2018-12-04T21:30;2018-12-04T21:45;87;kWh;-266;0;0;0;266;-266
2018-12-04T21:45;2018-12-04T22:00;88;kWh;-6909;0;0;0;6909;-6909
2018-12-04T22:00;2018-12-04T22:15;89;kWh;-4801;981;0;0;5782;-3820
2018-12-04T22:15;2018-12-04T22:30;90;kWh;0;437;0;0;437;437
2018-12-04T22:30;2018-12-04T22:45;91;kWh;0;3332;0;0;3332;3332
2018-12-04T22:45;2018-12-04T23:00;92;kWh;0;67176;0;25189;92365;92365
2018-12-04T23:00;2018-12-04T23:15;93;kWh;0;56708;0;51702;113410;113410
2018-12-04T23:15;2018-12-04T23:30;94;kWh;0;31812;0;35036;66848;66848
2018-12-04T23:30;2018-12-04T23:45;95;kWh;0;29969;0;0;29969;29969
2018-12-04T23:45;2018-12-05T00:00;96;kWh;-71;8580;0;0;8651;8509
2018-12-05T00:00;2018-12-05T00:15;1;kWh;-140;11364;0;0;11504;11224
2018-12-05T00:15;2018-12-05T00:30;2;kWh;0;31793;0;0;31793;31793
2018-12-05T00:30;2018-12-05T00:45;3;kWh;0;31434;0;0;31434;31434
2018-12-05T00:45;2018-12-05T01:00;4;kWh;-170;1132;0;0;1302;962
2018-12-05T01:00;2018-12-05T01:15;5;kWh;-544;39;0;0;583;-505
2018-12-05T01:15;2018-12-05T01:30;6;kWh;-1173;503;0;0;1676;-670
2018-12-05T01:30;2018-12-05T01:45;7;kWh;-14755;0;0;0;14755;-14755
2018-12-05T01:45;2018-12-05T02:00;8;kWh;-28334;0;0;0;28334;-28334
2018-12-05T02:00;2018-12-05T02:15;9;kWh;-8413;677;0;0;9090;-7736
2018-12-05T02:15;2018-12-05T02:30;10;kWh;-2571;6;0;0;2577;-2565
2018-12-05T02:30;2018-12-05T02:45;11;kWh;-18512;0;0;0;18512;-18512
2018-12-05T02:45;2018-12-05T03:00;12;kWh;-46596;0;0;0;46596;-46596
2018-12-05T03:00;2018-12-05T03:15;13;kWh;-16482;0;0;0;16482;-16482
2018-12-05T03:15;2018-12-05T03:30;14;kWh;-294;0;0;0;294;-294
2018-12-05T03:30;2018-12-05T03:45;15;kWh;0;0;0;0;0;0
2018-12-05T03:45;2018-12-05T04:00;16;kWh;0;0;0;0;0;0
2018-12-05T04:00;2018-12-05T04:15;17;kWh;0;0;0;0;0;0
2018-12-05T04:15;2018-12-05T04:30;18;kWh;0;0;0;0;0;0
2018-12-05T04:30;2018-12-05T04:45;19;kWh;0;608;0;0;608;608
2018-12-05T04:45;2018-12-05T05:00;20;kWh;0;14414;0;0;14414;14414
2018-12-05T05:00;2018-12-05T05:15;21;kWh;0;3298;0;0;3298;3298
2018-12-05T05:15;2018-12-05T05:30;22;kWh;0;1321;0;0;1321;1321
2018-12-05T05:30;2018-12-05T05:45;23;kWh;0;15666;0;0;15666;15666
2018-12-05T05:45;2018-12-05T06:00;24;kWh;0;18713;0;0;18713;18713
2018-12-05T06:00;2018-12-05T06:15;25;kWh;-868;7814;0;0;8682;6946
2018-12-05T06:15;2018-12-05T06:30;26;kWh;-458;13;0;0;471;-445
2018-12-05T06:30;2018-12-05T06:45;27;kWh;-36;19502;0;0;19538;19466
2018-12-05T06:45;2018-12-05T07:00;28;kWh;0;84960;0;0;84960;84960
2018-12-05T07:00;2018-12-05T07:15;29;kWh;-30809;17137;0;0;47946;-13672
2018-12-05T07:15;2018-12-05T07:30;30;kWh;-16727;0;0;0;16727;-16727
2018-12-05T07:30;2018-12-05T07:45;31;kWh;-841;9152;0;0;9993;8311
2018-12-05T07:45;2018-12-05T08:00;32;kWh;0;61342;0;0;61342;61342
2018-12-05T08:00;2018-12-05T08:15;33;kWh;-98;16764;0;0;16862;16666
2018-12-05T08:15;2018-12-05T08:30;34;kWh;0;0;0;0;0;0
2018-12-05T08:30;2018-12-05T08:45;35;kWh;0;0;0;0;0;0
2018-12-05T08:45;2018-12-05T09:00;36;kWh;0;0;0;0;0;0
2018-12-05T09:00;2018-12-05T09:15;37;kWh;0;4172;0;0;4172;4172
2018-12-05T09:15;2018-12-05T09:30;38;kWh;0;2805;0;0;2805;2805
2018-12-05T09:30;2018-12-05T09:45;39;kWh;0;2678;0;0;2678;2678
2018-12-05T09:45;2018-12-05T10:00;40;kWh;0;182;0;0;182;182
2018-12-05T10:00;2018-12-05T10:15;41;kWh;0;3667;0;0;3667;3667
2018-12-05T10:15;2018-12-05T10:30;42;kWh;0;8;0;0;8;8
2018-12-05T10:30;2018-12-05T10:45;43;kWh;-1053;0;0;0;1053;-1053
2018-12-05T10:45;2018-12-05T11:00;44;kWh;-3783;0;0;0;3783;-3783
2018-12-05T11:00;2018-12-05T11:15;45;kWh;-3799;66;0;0;3865;-3733
2018-12-05T11:15;2018-12-05T11:30;46;kWh;0;9362;0;0;9362;9362
2018-12-05T11:30;2018-12-05T11:45;47;kWh;0;10242;0;0;10242;10242
2018-12-05T11:45;2018-12-05T12:00;48;kWh;0;727;0;0;727;727
2018-12-05T12:00;2018-12-05T12:15;49;kWh;0;30544;0;0;30544;30544
2018-12-05T12:15;2018-12-05T12:30;50;kWh;0;9958;0;0;9958;9958
2018-12-05T12:30;2018-12-05T12:45;51;kWh;0;32831;0;0;32831;32831
2018-12-05T12:45;2018-12-05T13:00;52;kWh;0;42160;0;0;42160;42160
2018-12-05T13:00;2018-12-05T13:15;53;kWh;0;35311;0;0;35311;35311
2018-12-05T13:15;2018-12-05T13:30;54;kWh;0;75174;0;0;75174;75174
2018-12-05T13:30;2018-12-05T13:45;55;kWh;0;68635;0;0;68635;68635
2018-12-05T13:45;2018-12-05T14:00;56;kWh;0;15829;0;0;15829;15829
2018-12-05T14:00;2018-12-05T14:15;57;kWh;0;11292;0;0;11292;11292
2018-12-05T14:15;2018-12-05T14:30;58;kWh;0;11186;0;0;11186;11186
2018-12-05T14:30;2018-12-05T14:45;59;kWh;0;711;0;0;711;711
2018-12-05T14:45;2018-12-05T15:00;60;kWh;0;0;0;0;0;0
2018-12-05T15:00;2018-12-05T15:15;61;kWh;-2525;0;0;0;2525;-2525
2018-12-05T15:15;2018-12-05T15:30;62;kWh;-93;0;0;0;93;-93
2018-12-05T15:30;2018-12-05T15:45;63;kWh;0;0;0;0;0;0
2018-12-05T15:45;2018-12-05T16:00;64;kWh;0;0;0;0;0;0
2018-12-05T16:00;2018-12-05T16:15;65;kWh;0;0;0;0;0;0
2018-12-05T16:15;2018-12-05T16:30;66;kWh;-1063;0;0;0;1063;-1063
2018-12-05T16:30;2018-12-05T16:45;67;kWh;-1668;0;0;0;1668;-1668
2018-12-05T16:45;2018-12-05T17:00;68;kWh;0;0;0;0;0;0
2018-12-05T17:00;2018-12-05T17:15;69;kWh;-28889;0;0;0;28889;-28889
2018-12-05T17:15;2018-12-05T17:30;70;kWh;-37430;0;0;0;37430;-37430
2018-12-05T17:30;2018-12-05T17:45;71;kWh;-49352;0;0;0;49352;-49352
2018-12-05T17:45;2018-12-05T18:00;72;kWh;-38169;0;0;0;38169;-38169
2018-12-05T18:00;2018-12-05T18:15;73;kWh;-3875;38;0;0;3913;-3837
2018-12-05T18:15;2018-12-05T18:30;74;kWh;-14925;0;0;0;14925;-14925
2018-12-05T18:30;2018-12-05T18:45;75;kWh;-22722;0;0;0;22722;-22722
2018-12-05T18:45;2018-12-05T19:00;76;kWh;-29814;0;0;0;29814;-29814
2018-12-05T19:00;2018-12-05T19:15;77;kWh;-11081;9329;0;0;20410;-1752
2018-12-05T19:15;2018-12-05T19:30;78;kWh;-14851;510;0;0;15361;-14341
2018-12-05T19:30;2018-12-05T19:45;79;kWh;-26158;0;0;0;26158;-26158
2018-12-05T19:45;2018-12-05T20:00;80;kWh;-29711;0;0;0;29711;-29711
2018-12-05T20:00;2018-12-05T20:15;81;kWh;-4026;0;0;0;4026;-4026
2018-12-05T20:15;2018-12-05T20:30;82;kWh;-1081;0;0;0;1081;-1081
2018-12-05T20:30;2018-12-05T20:45;83;kWh;-14701;0;0;0;14701;-14701
2018-12-05T20:45;2018-12-05T21:00;84;kWh;-14862;0;0;0;14862;-14862
2018-12-05T21:00;2018-12-05T21:15;85;kWh;-20332;287;0;0;20619;-20045
2018-12-05T21:15;2018-12-05T21:30;86;kWh;-534;18254;0;0;18788;17720
2018-12-05T21:30;2018-12-05T21:45;87;kWh;0;3779;0;0;3779;3779
2018-12-05T21:45;2018-12-05T22:00;88;kWh;-323;31;0;0;354;-292
2018-12-05T22:00;2018-12-05T22:15;89;kWh;-2916;9593;0;0;12509;6677
2018-12-05T22:15;2018-12-05T22:30;90;kWh;0;14750;0;0;14750;14750
2018-12-05T22:30;2018-12-05T22:45;91;kWh;0;50667;0;0;50667;50667
2018-12-05T22:45;2018-12-05T23:00;92;kWh;-63;16640;0;0;16703;16577
2018-12-05T23:00;2018-12-05T23:15;93;kWh;-320;9617;0;0;9937;9297
2018-12-05T23:15;2018-12-05T23:30;94;kWh;0;10356;0;0;10356;10356
2018-12-05T23:30;2018-12-05T23:45;95;kWh;0;1322;0;0;1322;1322
2018-12-05T23:45;2018-12-06T00:00;96;kWh;-23096;0;0;0;23096;-23096
2018-12-06T00:00;2018-12-06T00:15;1;kWh;-18799;1429;0;0;20228;-17370
2018-12-06T00:15;2018-12-06T00:30;2;kWh;-53;13492;0;0;13545;13439
2018-12-06T00:30;2018-12-06T00:45;3;kWh;0;15013;0;0;15013;15013
2018-12-06T00:45;2018-12-06T01:00;4;kWh;0;22095;0;0;22095;22095
2018-12-06T01:00;2018-12-06T01:15;5;kWh;-639;6265;0;0;6904;5626
2018-12-06T01:15;2018-12-06T01:30;6;kWh;-4129;0;0;0;4129;-4129
2018-12-06T01:30;2018-12-06T01:45;7;kWh;-26341;0;0;0;26341;-26341
2018-12-06T01:45;2018-12-06T02:00;8;kWh;-43040;0;0;0;43040;-43040
2018-12-06T02:00;2018-12-06T02:15;9;kWh;-14591;0;0;0;14591;-14591
2018-12-06T02:15;2018-12-06T02:30;10;kWh;-666;0;0;0;666;-666
2018-12-06T02:30;2018-12-06T02:45;11;kWh;0;2898;0;0;2898;2898
2018-12-06T02:45;2018-12-06T03:00;12;kWh;-3084;799;0;0;3883;-2285
2018-12-06T03:00;2018-12-06T03:15;13;kWh;-14753;0;0;0;14753;-14753
2018-12-06T03:15;2018-12-06T03:30;14;kWh;-18971;0;0;0;18971;-18971
2018-12-06T03:30;2018-12-06T03:45;15;kWh;-8939;0;0;0;8939;-8939
2018-12-06T03:45;2018-12-06T04:00;16;kWh;-12656;0;0;0;12656;-12656
2018-12-06T04:00;2018-12-06T04:15;17;kWh;-51753;0;0;0;51753;-51753
2018-12-06T04:15;2018-12-06T04:30;18;kWh;-38819;0;0;0;38819;-38819
2018-12-06T04:30;2018-12-06T04:45;19;kWh;-24989;0;0;0;24989;-24989
2018-12-06T04:45;2018-12-06T05:00;20;kWh;-617;455;0;0;1072;-162
2018-12-06T05:00;2018-12-06T05:15;21;kWh;-22609;0;0;0;22609;-22609
2018-12-06T05:15;2018-12-06T05:30;22;kWh;-19601;0;0;0;19601;-19601
2018-12-06T05:30;2018-12-06T05:45;23;kWh;-4410;0;0;0;4410;-4410
2018-12-06T05:45;2018-12-06T06:00;24;kWh;0;24;0;0;24;24
2018-12-06T06:00;2018-12-06T06:15;25;kWh;0;201;0;0;201;201
2018-12-06T06:15;2018-12-06T06:30;26;kWh;-11777;0;0;0;11777;-11777
2018-12-06T06:30;2018-12-06T06:45;27;kWh;-720;370;0;0;1090;-350
2018-12-06T06:45;2018-12-06T07:00;28;kWh;0;8147;0;0;8147;8147
2018-12-06T07:00;2018-12-06T07:15;29;kWh;-15419;460;0;0;15879;-14959
2018-12-06T07:15;2018-12-06T07:30;30;kWh;-27015;0;0;0;27015;-27015
2018-12-06T07:30;2018-12-06T07:45;31;kWh;-84;0;0;0;84;-84
2018-12-06T07:45;2018-12-06T08:00;32;kWh;0;12021;0;0;12021;12021
2018-12-06T08:00;2018-12-06T08:15;33;kWh;0;7756;0;0;7756;7756
2018-12-06T08:15;2018-12-06T08:30;34;kWh;0;23592;0;0;23592;23592
2018-12-06T08:30;2018-12-06T08:45;35;kWh;0;22748;0;0;22748;22748
2018-12-06T08:45;2018-12-06T09:00;36;kWh;0;33396;0;0;33396;33396
2018-12-06T09:00;2018-12-06T09:15;37;kWh;0;63211;0;0;63211;63211
2018-12-06T09:15;2018-12-06T09:30;38;kWh;0;65569;0;0;65569;65569
2018-12-06T09:30;2018-12-06T09:45;39;kWh;0;35469;0;0;35469;35469
2018-12-06T09:45;2018-12-06T10:00;40;kWh;-645;6860;0;0;7505;6215
2018-12-06T10:00;2018-12-06T10:15;41;kWh;-413;1;0;0;414;-412
2018-12-06T10:15;2018-12-06T10:30;42;kWh;0;0;0;0;0;0
2018-12-06T10:30;2018-12-06T10:45;43;kWh;0;0;0;0;0;0
2018-12-06T10:45;2018-12-06T11:00;44;kWh;0;0;0;0;0;0
2018-12-06T11:00;2018-12-06T11:15;45;kWh;0;20489;0;0;20489;20489
2018-12-06T11:15;2018-12-06T11:30;46;kWh;0;11423;0;0;11423;11423
2018-12-06T11:30;2018-12-06T11:45;47;kWh;0;264;0;0;264;264
2018-12-06T11:45;2018-12-06T12:00;48;kWh;0;0;0;0;0;0
2018-12-06T12:00;2018-12-06T12:15;49;kWh;0;809;0;0;809;809
2018-12-06T12:15;2018-12-06T12:30;50;kWh;-491;0;0;0;491;-491
2018-12-06T12:30;2018-12-06T12:45;51;kWh;-9691;0;0;0;9691;-9691
2018-12-06T12:45;2018-12-06T13:00;52;kWh;-30728;0;0;0;30728;-30728
2018-12-06T13:00;2018-12-06T13:15;53;kWh;-9999;768;0;0;10767;-9231
2018-12-06T13:15;2018-12-06T13:30;54;kWh;0;0;0;0;0;0
2018-12-06T13:30;2018-12-06T13:45;55;kWh;0;0;0;0;0;0
2018-12-06T13:45;2018-12-06T14:00;56;kWh;-1793;0;0;0;1793;-1793
2018-12-06T14:00;2018-12-06T14:15;57;kWh;-1909;0;0;0;1909;-1909
2018-12-06T14:15;2018-12-06T14:30;58;kWh;0;0;0;0;0;0
2018-12-06T14:30;2018-12-06T14:45;59;kWh;-2120;0;0;0;2120;-2120
2018-12-06T14:45;2018-12-06T15:00;60;kWh;-5212;0;0;0;5212;-5212
2018-12-06T15:00;2018-12-06T15:15;61;kWh;-2909;0;0;0;2909;-2909
2018-12-06T15:15;2018-12-06T15:30;62;kWh;-314;0;0;0;314;-314
2018-12-06T15:30;2018-12-06T15:45;63;kWh;0;0;0;0;0;0
2018-12-06T15:45;2018-12-06T16:00;64;kWh;0;0;0;0;0;0
2018-12-06T16:00;2018-12-06T16:15;65;kWh;-7205;0;0;0;7205;-7205
2018-12-06T16:15;2018-12-06T16:30;66;kWh;-10359;0;0;0;10359;-10359
2018-12-06T16:30;2018-12-06T16:45;67;kWh;-2949;0;0;0;2949;-2949
2018-12-06T16:45;2018-12-06T17:00;68;kWh;-6644;0;0;0;6644;-6644
2018-12-06T17:00;2018-12-06T17:15;69;kWh;-1714;7105;0;0;8819;5391
2018-12-06T17:15;2018-12-06T17:30;70;kWh;0;9279;0;0;9279;9279
2018-12-06T17:30;2018-12-06T17:45;71;kWh;-4231;255;0;0;4486;-3976
2018-12-06T17:45;2018-12-06T18:00;72;kWh;-12337;0;0;0;12337;-12337
2018-12-06T18:00;2018-12-06T18:15;73;kWh;-11883;0;0;0;11883;-11883
2018-12-06T18:15;2018-12-06T18:30;74;kWh;-22997;0;0;0;22997;-22997
2018-12-06T18:30;2018-12-06T18:45;75;kWh;-35983;0;0;0;35983;-35983
2018-12-06T18:45;2018-12-06T19:00;76;kWh;-45191;0;0;0;45191;-45191
2018-12-06T19:00;2018-12-06T19:15;77;kWh;-5961;1232;0;0;7193;-4729
2018-12-06T19:15;2018-12-06T19:30;78;kWh;-13;0;0;0;13;-13
2018-12-06T19:30;2018-12-06T19:45;79;kWh;-10870;0;0;0;10870;-10870
2018-12-06T19:45;2018-12-06T20:00;80;kWh;-34227;0;0;0;34227;-34227
2018-12-06T20:00;2018-12-06T20:15;81;kWh;-30423;0;0;0;30423;-30423
2018-12-06T20:15;2018-12-06T20:30;82;kWh;-24915;0;0;0;24915;-24915
2018-12-06T20:30;2018-12-06T20:45;83;kWh;-52027;0;0;0;52027;-52027
2018-12-06T20:45;2018-12-06T21:00;84;kWh;-45140;0;0;0;45140;-45140
2018-12-06T21:00;2018-12-06T21:15;85;kWh;-16849;2420;0;0;19269;-14429
2018-12-06T21:15;2018-12-06T21:30;86;kWh;-501;289;0;0;790;-212
2018-12-06T21:30;2018-12-06T21:45;87;kWh;-23658;0;0;0;23658;-23658
2018-12-06T21:45;2018-12-06T22:00;88;kWh;-61499;0;0;0;61499;-61499
2018-12-06T22:00;2018-12-06T22:15;89;kWh;-17728;883;0;0;18611;-16845
2018-12-06T22:15;2018-12-06T22:30;90;kWh;-20;12833;0;0;12853;12813
2018-12-06T22:30;2018-12-06T22:45;91;kWh;-4415;264;0;0;4679;-4151
2018-12-06T22:45;2018-12-06T23:00;92;kWh;-21000;0;0;0;21000;-21000
2018-12-06T23:00;2018-12-06T23:15;93;kWh;-24040;0;0;0;24040;-24040
2018-12-06T23:15;2018-12-06T23:30;94;kWh;-5797;0;0;0;5797;-5797
2018-12-06T23:30;2018-12-06T23:45;95;kWh;-13070;0;0;0;13070;-13070
2018-12-06T23:45;2018-12-07T00:00;96;kWh;-39257;0;0;0;39257;-39257
2018-12-07T00:00;2018-12-07T00:15;1;kWh;-36921;0;0;0;36921;-36921
2018-12-07T00:15;2018-12-07T00:30;2;kWh;-22140;0;0;0;22140;-22140
2018-12-07T00:30;2018-12-07T00:45;3;kWh;-41727;0;0;0;41727;-41727
2018-12-07T00:45;2018-12-07T01:00;4;kWh;-9476;119;0;0;9595;-9357
2018-12-07T01:00;2018-12-07T01:15;5;kWh;-2383;1191;0;0;3574;-1192
2018-12-07T01:15;2018-12-07T01:30;6;kWh;0;14083;0;0;14083;14083
2018-12-07T01:30;2018-12-07T01:45;7;kWh;0;15093;0;0;15093;15093
2018-12-07T01:45;2018-12-07T02:00;8;kWh;-427;1546;0;0;1973;1119
2018-12-07T02:00;2018-12-07T02:15;9;kWh;0;3830;0;0;3830;3830
2018-12-07T02:15;2018-12-07T02:30;10;kWh;-1090;10690;0;0;11780;9600
2018-12-07T02:30;2018-12-07T02:45;11;kWh;-4078;446;0;0;4524;-3632
2018-12-07T02:45;2018-12-07T03:00;12;kWh;-585;702;0;0;1287;117
2018-12-07T03:00;2018-12-07T03:15;13;kWh;-5466;0;0;0;5466;-5466
2018-12-07T03:15;2018-12-07T03:30;14;kWh;-29357;0;0;0;29357;-29357
2018-12-07T03:30;2018-12-07T03:45;15;kWh;-43352;0;0;0;43352;-43352
2018-12-07T03:45;2018-12-07T04:00;16;kWh;-35400;0;0;0;35400;-35400
2018-12-07T04:00;2018-12-07T04:15;17;kWh;-24786;0;0;0;24786;-24786
2018-12-07T04:15;2018-12-07T04:30;18;kWh;-13465;0;0;0;13465;-13465
2018-12-07T04:30;2018-12-07T04:45;19;kWh;-16929;0;0;0;16929;-16929
2018-12-07T04:45;2018-12-07T05:00;20;kWh;-19421;0;0;0;19421;-19421
2018-12-07T05:00;2018-12-07T05:15;21;kWh;-33982;0;0;0;33982;-33982
2018-12-07T05:15;2018-12-07T05:30;22;kWh;-38685;0;0;0;38685;-38685
2018-12-07T05:30;2018-12-07T05:45;23;kWh;-19525;0;0;0;19525;-19525
2018-12-07T05:45;2018-12-07T06:00;24;kWh;-7316;0;0;0;7316;-7316
2018-12-07T06:00;2018-12-07T06:15;25;kWh;-6045;0;0;0;6045;-6045
2018-12-07T06:15;2018-12-07T06:30;26;kWh;-45677;0;0;0;45677;-45677
2018-12-07T06:30;2018-12-07T06:45;27;kWh;-10991;18;0;0;11009;-10973
2018-12-07T06:45;2018-12-07T07:00;28;kWh;0;71;0;0;71;71
2018-12-07T07:00;2018-12-07T07:15;29;kWh;-41146;0;0;0;41146;-41146
2018-12-07T07:15;2018-12-07T07:30;30;kWh;-42866;0;0;0;42866;-42866
2018-12-07T07:30;2018-12-07T07:45;31;kWh;-14445;293;0;0;14738;-14152
2018-12-07T07:45;2018-12-07T08:00;32;kWh;-6;25277;0;0;25283;25271
2018-12-07T08:00;2018-12-07T08:15;33;kWh;-9995;4644;0;0;14639;-5351
2018-12-07T08:15;2018-12-07T08:30;34;kWh;-3382;2816;0;0;6198;-566
2018-12-07T08:30;2018-12-07T08:45;35;kWh;0;5801;0;0;5801;5801
2018-12-07T08:45;2018-12-07T09:00;36;kWh;0;10570;0;0;10570;10570
2018-12-07T09:00;2018-12-07T09:15;37;kWh;-668;3870;0;0;4538;3202
2018-12-07T09:15;2018-12-07T09:30;38;kWh;-2700;0;0;0;2700;-2700
2018-12-07T09:30;2018-12-07T09:45;39;kWh;-1282;0;0;0;1282;-1282
2018-12-07T09:45;2018-12-07T10:00;40;kWh;-358;0;0;0;358;-358
2018-12-07T10:00;2018-12-07T10:15;41;kWh;-435;4350;0;0;4785;3915
2018-12-07T10:15;2018-12-07T10:30;42;kWh;0;1035;0;0;1035;1035
2018-12-07T10:30;2018-12-07T10:45;43;kWh;0;2468;0;0;2468;2468
2018-12-07T10:45;2018-12-07T11:00;44;kWh;0;2560;0;0;2560;2560
2018-12-07T11:00;2018-12-07T11:15;45;kWh;0;20734;0;0;20734;20734
2018-12-07T11:15;2018-12-07T11:30;46;kWh;0;24706;0;0;24706;24706
2018-12-07T11:30;2018-12-07T11:45;47;kWh;0;23084;0;0;23084;23084
2018-12-07T11:45;2018-12-07T12:00;48;kWh;0;22074;0;0;22074;22074
2018-12-07T12:00;2018-12-07T12:15;49;kWh;0;33624;0;0;33624;33624
2018-12-07T12:15;2018-12-07T12:30;50;kWh;0;32905;0;0;32905;32905
2018-12-07T12:30;2018-12-07T12:45;51;kWh;0;8962;0;0;8962;8962
2018-12-07T12:45;2018-12-07T13:00;52;kWh;0;3535;0;0;3535;3535
2018-12-07T13:00;2018-12-07T13:15;53;kWh;0;100;0;0;100;100
2018-12-07T13:15;2018-12-07T13:30;54;kWh;0;0;0;0;0;0
2018-12-07T13:30;2018-12-07T13:45;55;kWh;0;0;0;0;0;0
2018-12-07T13:45;2018-12-07T14:00;56;kWh;-1425;0;0;0;1425;-1425
2018-12-07T14:00;2018-12-07T14:15;57;kWh;-1903;0;0;0;1903;-1903
2018-12-07T14:15;2018-12-07T14:30;58;kWh;-1164;0;0;0;1164;-1164
2018-12-07T14:30;2018-12-07T14:45;59;kWh;-3801;0;0;0;3801;-3801
2018-12-07T14:45;2018-12-07T15:00;60;kWh;-4309;0;0;0;4309;-4309
2018-12-07T15:00;2018-12-07T15:15;61;kWh;-3486;0;0;0;3486;-3486
2018-12-07T15:15;2018-12-07T15:30;62;kWh;-6716;0;0;0;6716;-6716
2018-12-07T15:30;2018-12-07T15:45;63;kWh;-6084;0;0;0;6084;-6084
2018-12-07T15:45;2018-12-07T16:00;64;kWh;0;0;0;0;0;0
2018-12-07T16:00;2018-12-07T16:15;65;kWh;-2504;0;0;0;2504;-2504
2018-12-07T16:15;2018-12-07T16:30;66;kWh;-334;0;0;0;334;-334
2018-12-07T16:30;2018-12-07T16:45;67;kWh;0;2408;0;0;2408;2408
2018-12-07T16:45;2018-12-07T17:00;68;kWh;0;61480;0;0;61480;61480
2018-12-07T17:00;2018-12-07T17:15;69;kWh;0;21979;0;0;21979;21979
2018-12-07T17:15;2018-12-07T17:30;70;kWh;0;12839;0;0;12839;12839
2018-12-07T17:30;2018-12-07T17:45;71;kWh;0;55745;0;0;55745;55745
2018-12-07T17:45;2018-12-07T18:00;72;kWh;0;67508;0;0;67508;67508
2018-12-07T18:00;2018-12-07T18:15;73;kWh;0;108375;0;0;108375;108375
2018-12-07T18:15;2018-12-07T18:30;74;kWh;0;85430;0;0;89180;89180
2018-12-07T18:30;2018-12-07T18:45;75;kWh;0;18028;0;0;18028;18028
2018-12-07T18:45;2018-12-07T19:00;76;kWh;0;18440;0;0;18440;18440
2018-12-07T19:00;2018-12-07T19:15;77;kWh;0;14193;0;0;14193;14193
2018-12-07T19:15;2018-12-07T19:30;78;kWh;-249;5449;0;0;5698;5200
2018-12-07T19:30;2018-12-07T19:45;79;kWh;-32701;101;0;0;32802;-32600
2018-12-07T19:45;2018-12-07T20:00;80;kWh;-44434;0;0;0;44434;-44434
2018-12-07T20:00;2018-12-07T20:15;81;kWh;-12136;467;0;0;12603;-11669
2018-12-07T20:15;2018-12-07T20:30;82;kWh;-44;1244;0;0;1288;1200
2018-12-07T20:30;2018-12-07T20:45;83;kWh;-18721;0;0;0;18721;-18721
2018-12-07T20:45;2018-12-07T21:00;84;kWh;-31102;0;0;0;31102;-31102
2018-12-07T21:00;2018-12-07T21:15;85;kWh;-25356;0;0;0;25356;-25356
2018-12-07T21:15;2018-12-07T21:30;86;kWh;-3307;2255;0;0;5562;-1052
2018-12-07T21:30;2018-12-07T21:45;87;kWh;-16981;31;0;0;17012;-16950
2018-12-07T21:45;2018-12-07T22:00;88;kWh;-58869;0;0;0;58869;-58869
2018-12-07T22:00;2018-12-07T22:15;89;kWh;-33259;159;0;0;33418;-33100
2018-12-07T22:15;2018-12-07T22:30;90;kWh;-5554;696;0;0;6250;-4858
2018-12-07T22:30;2018-12-07T22:45;91;kWh;-3498;1492;0;0;4990;-2006
2018-12-07T22:45;2018-12-07T23:00;92;kWh;0;14289;0;0;14289;14289
2018-12-07T23:00;2018-12-07T23:15;93;kWh;-1242;11561;0;0;12803;10319
2018-12-07T23:15;2018-12-07T23:30;94;kWh;-1434;26496;0;0;27930;25062
2018-12-07T23:30;2018-12-07T23:45;95;kWh;-27615;633;0;0;28248;-26982
2018-12-07T23:45;2018-12-08T00:00;96;kWh;-9095;0;0;0;9095;-9095
2018-12-08T00:00;2018-12-08T00:15;1;kWh;-2371;10592;0;0;12963;8221
2018-12-08T00:15;2018-12-08T00:30;2;kWh;0;46504;0;0;46504;46504
2018-12-08T00:30;2018-12-08T00:45;3;kWh;0;43218;0;0;43218;43218
2018-12-08T00:45;2018-12-08T01:00;4;kWh;0;66844;0;0;66844;66844
2018-12-08T01:00;2018-12-08T01:15;5;kWh;0;28708;0;0;28708;28708
2018-12-08T01:15;2018-12-08T01:30;6;kWh;0;70354;0;0;70354;70354
2018-12-08T01:30;2018-12-08T01:45;7;kWh;0;48756;0;0;48756;48756
2018-12-08T01:45;2018-12-08T02:00;8;kWh;0;30402;0;0;30402;30402
2018-12-08T02:00;2018-12-08T02:15;9;kWh;-4455;6922;0;0;11377;2467
2018-12-08T02:15;2018-12-08T02:30;10;kWh;0;33351;0;0;33351;33351
2018-12-08T02:30;2018-12-08T02:45;11;kWh;0;25739;0;0;25739;25739
2018-12-08T02:45;2018-12-08T03:00;12;kWh;0;13991;0;0;13991;13991
2018-12-08T03:00;2018-12-08T03:15;13;kWh;0;16212;0;0;16212;16212
2018-12-08T03:15;2018-12-08T03:30;14;kWh;-641;1432;0;0;2073;791
2018-12-08T03:30;2018-12-08T03:45;15;kWh;-747;0;0;0;747;-747
2018-12-08T03:45;2018-12-08T04:00;16;kWh;-880;0;0;0;880;-880
2018-12-08T04:00;2018-12-08T04:15;17;kWh;-3661;0;0;0;3661;-3661
2018-12-08T04:15;2018-12-08T04:30;18;kWh;-1428;0;0;0;1428;-1428
2018-12-08T04:30;2018-12-08T04:45;19;kWh;-3731;212;0;0;3943;-3519
2018-12-08T04:45;2018-12-08T05:00;20;kWh;0;3932;0;0;3932;3932
2018-12-08T05:00;2018-12-08T05:15;21;kWh;0;541;0;0;541;541
2018-12-08T05:15;2018-12-08T05:30;22;kWh;0;132;0;0;132;132
2018-12-08T05:30;2018-12-08T05:45;23;kWh;0;8558;0;0;8558;8558
2018-12-08T05:45;2018-12-08T06:00;24;kWh;0;26079;0;0;26079;26079
2018-12-08T06:00;2018-12-08T06:15;25;kWh;0;10613;0;0;10613;10613
2018-12-08T06:15;2018-12-08T06:30;26;kWh;0;8986;0;0;8986;8986
2018-12-08T06:30;2018-12-08T06:45;27;kWh;0;38395;0;0;38395;38395
2018-12-08T06:45;2018-12-08T07:00;28;kWh;0;48005;0;0;48005;48005
2018-12-08T07:00;2018-12-08T07:15;29;kWh;-2674;6873;0;0;9547;4199
2018-12-08T07:15;2018-12-08T07:30;30;kWh;-16681;0;0;0;16681;-16681
2018-12-08T07:30;2018-12-08T07:45;31;kWh;-4519;1085;0;0;5604;-3434
2018-12-08T07:45;2018-12-08T08:00;32;kWh;0;167;0;0;167;167
2018-12-08T08:00;2018-12-08T08:15;33;kWh;0;1922;0;0;1922;1922
2018-12-08T08:15;2018-12-08T08:30;34;kWh;0;3157;0;0;3157;3157
2018-12-08T08:30;2018-12-08T08:45;35;kWh;0;12989;0;0;12989;12989
2018-12-08T08:45;2018-12-08T09:00;36;kWh;0;35699;0;0;35699;35699
2018-12-08T09:00;2018-12-08T09:15;37;kWh;-3546;17978;0;0;21524;14432
2018-12-08T09:15;2018-12-08T09:30;38;kWh;-2832;4662;0;0;7494;1830
2018-12-08T09:30;2018-12-08T09:45;39;kWh;0;39262;0;0;39262;39262
2018-12-08T09:45;2018-12-08T10:00;40;kWh;0;58700;0;0;58700;58700
2018-12-08T10:00;2018-12-08T10:15;41;kWh;0;82024;0;0;82024;82024
2018-12-08T10:15;2018-12-08T10:30;42;kWh;0;62328;0;0;62328;62328
2018-12-08T10:30;2018-12-08T10:45;43;kWh;0;72812;0;0;72812;72812
2018-12-08T10:45;2018-12-08T11:00;44;kWh;0;70614;0;0;70614;70614
2018-12-08T11:00;2018-12-08T11:15;45;kWh;0;68021;0;0;68021;68021
2018-12-08T11:15;2018-12-08T11:30;46;kWh;0;74865;0;0;74865;74865
2018-12-08T11:30;2018-12-08T11:45;47;kWh;0;44499;0;0;44499;44499
2018-12-08T11:45;2018-12-08T12:00;48;kWh;0;44786;0;0;44786;44786
2018-12-08T12:00;2018-12-08T12:15;49;kWh;0;79474;0;0;79474;79474
2018-12-08T12:15;2018-12-08T12:30;50;kWh;0;71151;0;0;71151;71151
2018-12-08T12:30;2018-12-08T12:45;51;kWh;0;56703;0;0;56703;56703
2018-12-08T12:45;2018-12-08T13:00;52;kWh;0;18353;0;0;18353;18353
2018-12-08T13:00;2018-12-08T13:15;53;kWh;0;25302;0;0;25302;25302
2018-12-08T13:15;2018-12-08T13:30;54;kWh;0;35759;0;0;35759;35759
2018-12-08T13:30;2018-12-08T13:45;55;kWh;0;37631;0;0;37631;37631
2018-12-08T13:45;2018-12-08T14:00;56;kWh;0;19332;0;0;19332;19332
2018-12-08T14:00;2018-12-08T14:15;57;kWh;0;24173;0;0;24173;24173
2018-12-08T14:15;2018-12-08T14:30;58;kWh;0;33005;0;0;33005;33005
2018-12-08T14:30;2018-12-08T14:45;59;kWh;0;27566;0;0;27566;27566
2018-12-08T14:45;2018-12-08T15:00;60;kWh;0;5370;0;0;5370;5370
2018-12-08T15:00;2018-12-08T15:15;61;kWh;0;697;0;0;697;697
2018-12-08T15:15;2018-12-08T15:30;62;kWh;0;148;0;0;148;148
2018-12-08T15:30;2018-12-08T15:45;63;kWh;0;870;0;0;870;870
2018-12-08T15:45;2018-12-08T16:00;64;kWh;0;523;0;0;523;523
2018-12-08T16:00;2018-12-08T16:15;65;kWh;-18818;60;0;0;18878;-18758
2018-12-08T16:15;2018-12-08T16:30;66;kWh;-6928;0;0;0;6928;-6928
2018-12-08T16:30;2018-12-08T16:45;67;kWh;-1772;3273;0;0;5045;1501
2018-12-08T16:45;2018-12-08T17:00;68;kWh;0;28081;0;0;28081;28081
2018-12-08T17:00;2018-12-08T17:15;69;kWh;0;4359;0;0;4359;4359
2018-12-08T17:15;2018-12-08T17:30;70;kWh;0;943;0;0;943;943
2018-12-08T17:30;2018-12-08T17:45;71;kWh;0;16159;0;0;16159;16159
2018-12-08T17:45;2018-12-08T18:00;72;kWh;0;3747;0;0;3747;3747
2018-12-08T18:00;2018-12-08T18:15;73;kWh;-5476;170;0;0;5646;-5306
2018-12-08T18:15;2018-12-08T18:30;74;kWh;-3706;0;0;0;3706;-3706
2018-12-08T18:30;2018-12-08T18:45;75;kWh;-25639;0;0;0;25639;-25639
2018-12-08T18:45;2018-12-08T19:00;76;kWh;-25312;0;0;0;25312;-25312
2018-12-08T19:00;2018-12-08T19:15;77;kWh;-730;16927;0;0;17657;16197
2018-12-08T19:15;2018-12-08T19:30;78;kWh;0;4770;0;0;4770;4770
2018-12-08T19:30;2018-12-08T19:45;79;kWh;-4691;0;0;0;4691;-4691
2018-12-08T19:45;2018-12-08T20:00;80;kWh;-43745;0;0;0;43745;-43745
2018-12-08T20:00;2018-12-08T20:15;81;kWh;-11936;2192;0;0;14128;-9744
2018-12-08T20:15;2018-12-08T20:30;82;kWh;-16378;0;0;0;16378;-16378
2018-12-08T20:30;2018-12-08T20:45;83;kWh;-26764;0;0;0;26764;-26764
2018-12-08T20:45;2018-12-08T21:00;84;kWh;-35068;0;0;0;35068;-35068
2018-12-08T21:00;2018-12-08T21:15;85;kWh;-9800;12412;0;0;22212;2612
2018-12-08T21:15;2018-12-08T21:30;86;kWh;0;37450;0;0;37450;37450
2018-12-08T21:30;2018-12-08T21:45;87;kWh;0;23860;0;0;23860;23860
2018-12-08T21:45;2018-12-08T22:00;88;kWh;0;35037;0;0;35037;35037
2018-12-08T22:00;2018-12-08T22:15;89;kWh;0;47596;0;0;47596;47596
2018-12-08T22:15;2018-12-08T22:30;90;kWh;0;71696;0;0;71696;71696
2018-12-08T22:30;2018-12-08T22:45;91;kWh;0;9022;0;0;9022;9022
2018-12-08T22:45;2018-12-08T23:00;92;kWh;0;540;0;0;540;540
2018-12-08T23:00;2018-12-08T23:15;93;kWh;-23;24785;0;0;24808;24762
2018-12-08T23:15;2018-12-08T23:30;94;kWh;0;100171;0;0;100171;100171
2018-12-08T23:30;2018-12-08T23:45;95;kWh;0;37630;0;0;37630;37630
2018-12-08T23:45;2018-12-09T00:00;96;kWh;0;57243;0;0;57243;57243
2018-12-09T00:00;2018-12-09T00:15;1;kWh;-2196;18595;0;0;20791;16399
2018-12-09T00:15;2018-12-09T00:30;2;kWh;0;31810;0;0;31810;31810
2018-12-09T00:30;2018-12-09T00:45;3;kWh;0;10637;0;0;10637;10637
2018-12-09T00:45;2018-12-09T01:00;4;kWh;-10247;582;0;0;10829;-9665
2018-12-09T01:00;2018-12-09T01:15;5;kWh;-12989;1780;0;0;14769;-11209
2018-12-09T01:15;2018-12-09T01:30;6;kWh;0;19534;0;0;19534;19534
2018-12-09T01:30;2018-12-09T01:45;7;kWh;-1421;9242;0;0;10663;7821
2018-12-09T01:45;2018-12-09T02:00;8;kWh;-10022;5;0;0;10027;-10017
2018-12-09T02:00;2018-12-09T02:15;9;kWh;-13179;0;0;0;13179;-13179
2018-12-09T02:15;2018-12-09T02:30;10;kWh;0;0;0;0;0;0
2018-12-09T02:30;2018-12-09T02:45;11;kWh;-498;0;0;0;498;-498
2018-12-09T02:45;2018-12-09T03:00;12;kWh;-6385;0;0;0;6385;-6385
2018-12-09T03:00;2018-12-09T03:15;13;kWh;-3132;0;0;0;3132;-3132
2018-12-09T03:15;2018-12-09T03:30;14;kWh;-235;0;0;0;235;-235
2018-12-09T03:30;2018-12-09T03:45;15;kWh;-19794;0;0;0;19794;-19794
2018-12-09T03:45;2018-12-09T04:00;16;kWh;-40332;0;0;0;40332;-40332
2018-12-09T04:00;2018-12-09T04:15;17;kWh;-18567;0;0;0;18567;-18567
2018-12-09T04:15;2018-12-09T04:30;18;kWh;-1;0;0;0;1;-1
2018-12-09T04:30;2018-12-09T04:45;19;kWh;0;0;0;0;0;0
2018-12-09T04:45;2018-12-09T05:00;20;kWh;-974;0;0;0;974;-974
2018-12-09T05:00;2018-12-09T05:15;21;kWh;-3507;0;0;0;3507;-3507
2018-12-09T05:15;2018-12-09T05:30;22;kWh;-604;0;0;0;604;-604
2018-12-09T05:30;2018-12-09T05:45;23;kWh;-9685;0;0;0;9685;-9685
2018-12-09T05:45;2018-12-09T06:00;24;kWh;-11698;0;0;0;11698;-11698
2018-12-09T06:00;2018-12-09T06:15;25;kWh;-29132;0;0;0;29132;-29132
2018-12-09T06:15;2018-12-09T06:30;26;kWh;-39402;0;0;0;39402;-39402
2018-12-09T06:30;2018-12-09T06:45;27;kWh;-15541;0;0;0;15541;-15541
2018-12-09T06:45;2018-12-09T07:00;28;kWh;-92;0;0;0;92;-92
2018-12-09T07:00;2018-12-09T07:15;29;kWh;-10119;0;0;0;10119;-10119
2018-12-09T07:15;2018-12-09T07:30;30;kWh;0;0;0;0;0;0
2018-12-09T07:30;2018-12-09T07:45;31;kWh;-1342;0;0;0;1342;-1342
2018-12-09T07:45;2018-12-09T08:00;32;kWh;0;2268;0;0;2268;2268
2018-12-09T08:00;2018-12-09T08:15;33;kWh;-890;149;0;0;1039;-741
2018-12-09T08:15;2018-12-09T08:30;34;kWh;-4667;0;0;0;4667;-4667
2018-12-09T08:30;2018-12-09T08:45;35;kWh;-27240;0;0;0;27240;-27240
2018-12-09T08:45;2018-12-09T09:00;36;kWh;-11092;0;0;0;11092;-11092
2018-12-09T09:00;2018-12-09T09:15;37;kWh;-68986;0;0;0;68986;-68986
2018-12-09T09:15;2018-12-09T09:30;38;kWh;-18610;0;0;0;18610;-18610
2018-12-09T09:30;2018-12-09T09:45;39;kWh;-400;377;0;0;777;-23
2018-12-09T09:45;2018-12-09T10:00;40;kWh;0;12769;0;0;12769;12769
2018-12-09T10:00;2018-12-09T10:15;41;kWh;-250;5662;0;0;5912;5412
2018-12-09T10:15;2018-12-09T10:30;42;kWh;-202;0;0;0;202;-202
2018-12-09T10:30;2018-12-09T10:45;43;kWh;-915;0;0;0;915;-915
2018-12-09T10:45;2018-12-09T11:00;44;kWh;-619;0;0;0;619;-619
2018-12-09T11:00;2018-12-09T11:15;45;kWh;-230;0;0;0;230;-230
2018-12-09T11:15;2018-12-09T11:30;46;kWh;-18913;0;0;0;18913;-18913
2018-12-09T11:30;2018-12-09T11:45;47;kWh;-9278;0;0;0;9278;-9278
2018-12-09T11:45;2018-12-09T12:00;48;kWh;-4933;0;0;0;4933;-4933
2018-12-09T12:00;2018-12-09T12:15;49;kWh;-23404;0;0;0;23404;-23404
2018-12-09T12:15;2018-12-09T12:30;50;kWh;-38830;0;0;0;38830;-38830
2018-12-09T12:30;2018-12-09T12:45;51;kWh;-10949;0;0;0;10949;-10949
2018-12-09T12:45;2018-12-09T13:00;52;kWh;-6074;0;0;0;6074;-6074
2018-12-09T13:00;2018-12-09T13:15;53;kWh;-14534;0;0;0;14534;-14534
2018-12-09T13:15;2018-12-09T13:30;54;kWh;-9911;0;0;0;9911;-9911
2018-12-09T13:30;2018-12-09T13:45;55;kWh;-52769;0;0;0;52769;-52769
2018-12-09T13:45;2018-12-09T14:00;56;kWh;-70317;0;0;0;70317;-70317
2018-12-09T14:00;2018-12-09T14:15;57;kWh;-33154;0;0;0;33154;-33154
2018-12-09T14:15;2018-12-09T14:30;58;kWh;-6470;0;0;0;6470;-6470
2018-12-09T14:30;2018-12-09T14:45;59;kWh;-20723;0;0;0;20723;-20723
2018-12-09T14:45;2018-12-09T15:00;60;kWh;-6055;0;0;0;6055;-6055
2018-12-09T15:00;2018-12-09T15:15;61;kWh;0;54;0;0;54;54
2018-12-09T15:15;2018-12-09T15:30;62;kWh;0;7514;0;0;7514;7514
2018-12-09T15:30;2018-12-09T15:45;63;kWh;0;20330;0;0;20330;20330
2018-12-09T15:45;2018-12-09T16:00;64;kWh;-24;20601;0;0;20625;20577
2018-12-09T16:00;2018-12-09T16:15;65;kWh;-26801;2515;0;0;29316;-24286
2018-12-09T16:15;2018-12-09T16:30;66;kWh;-31059;0;0;0;31059;-31059
2018-12-09T16:30;2018-12-09T16:45;67;kWh;-6643;0;0;0;6643;-6643
2018-12-09T16:45;2018-12-09T17:00;68;kWh;0;14979;0;0;14979;14979
2018-12-09T17:00;2018-12-09T17:15;69;kWh;0;17274;0;0;17274;17274
2018-12-09T17:15;2018-12-09T17:30;70;kWh;0;10283;0;0;10283;10283
2018-12-09T17:30;2018-12-09T17:45;71;kWh;0;42558;0;0;42558;42558
2018-12-09T17:45;2018-12-09T18:00;72;kWh;0;60688;0;0;60688;60688
2018-12-09T18:00;2018-12-09T18:15;73;kWh;0;91489;0;0;91489;91489
2018-12-09T18:15;2018-12-09T18:30;74;kWh;0;39040;0;0;39040;39040
2018-12-09T18:30;2018-12-09T18:45;75;kWh;0;28230;0;0;28230;28230
2018-12-09T18:45;2018-12-09T19:00;76;kWh;0;19631;0;0;19631;19631
2018-12-09T19:00;2018-12-09T19:15;77;kWh;0;43337;0;0;43337;43337
2018-12-09T19:15;2018-12-09T19:30;78;kWh;0;58484;0;0;58484;58484
2018-12-09T19:30;2018-12-09T19:45;79;kWh;0;23659;0;0;23659;23659
2018-12-09T19:45;2018-12-09T20:00;80;kWh;0;12252;0;0;12252;12252
2018-12-09T20:00;2018-12-09T20:15;81;kWh;0;35553;0;0;35553;35553
2018-12-09T20:15;2018-12-09T20:30;82;kWh;0;38689;0;0;38689;38689
2018-12-09T20:30;2018-12-09T20:45;83;kWh;0;18778;0;0;18778;18778
2018-12-09T20:45;2018-12-09T21:00;84;kWh;0;21814;0;0;21814;21814
2018-12-09T21:00;2018-12-09T21:15;85;kWh;0;21026;0;0;21026;21026
2018-12-09T21:15;2018-12-09T21:30;86;kWh;-2121;8033;0;0;10154;5912
2018-12-09T21:30;2018-12-09T21:45;87;kWh;-8394;0;0;0;8394;-8394
2018-12-09T21:45;2018-12-09T22:00;88;kWh;-20082;0;0;0;20082;-20082
2018-12-09T22:00;2018-12-09T22:15;89;kWh;-24970;2117;0;0;27087;-22853
2018-12-09T22:15;2018-12-09T22:30;90;kWh;-505;25936;0;0;26441;25431
2018-12-09T22:30;2018-12-09T22:45;91;kWh;-3107;2876;0;0;5983;-231
2018-12-09T22:45;2018-12-09T23:00;92;kWh;0;18436;0;0;18436;18436
2018-12-09T23:00;2018-12-09T23:15;93;kWh;-1111;17793;0;0;18904;16682
2018-12-09T23:15;2018-12-09T23:30;94;kWh;0;35438;0;0;35438;35438
2018-12-09T23:30;2018-12-09T23:45;95;kWh;-12772;7589;0;0;20361;-5183
2018-12-09T23:45;2018-12-10T00:00;96;kWh;-6234;139;0;0;6373;-6095
2018-12-10T00:00;2018-12-10T00:15;1;kWh;-6323;5308;0;0;11631;-1015
2018-12-10T00:15;2018-12-10T00:30;2;kWh;-6969;794;0;0;7763;-6175
2018-12-10T00:30;2018-12-10T00:45;3;kWh;0;20157;0;0;20157;20157
2018-12-10T00:45;2018-12-10T01:00;4;kWh;0;13701;0;0;13701;13701
2018-12-10T01:00;2018-12-10T01:15;5;kWh;0;7498;0;0;7498;7498
2018-12-10T01:15;2018-12-10T01:30;6;kWh;0;3921;0;0;3921;3921
2018-12-10T01:30;2018-12-10T01:45;7;kWh;0;7706;0;0;7706;7706
2018-12-10T01:45;2018-12-10T02:00;8;kWh;-4519;1529;0;0;6048;-2990
2018-12-10T02:00;2018-12-10T02:15;9;kWh;-1527;12583;0;0;14110;11056
2018-12-10T02:15;2018-12-10T02:30;10;kWh;0;29357;0;0;29357;29357
2018-12-10T02:30;2018-12-10T02:45;11;kWh;-1857;3136;0;0;4993;1279
2018-12-10T02:45;2018-12-10T03:00;12;kWh;0;7321;0;0;7321;7321
2018-12-10T03:00;2018-12-10T03:15;13;kWh;0;1407;0;0;1407;1407
2018-12-10T03:15;2018-12-10T03:30;14;kWh;0;4587;0;0;4587;4587
2018-12-10T03:30;2018-12-10T03:45;15;kWh;0;13868;0;0;13868;13868
2018-12-10T03:45;2018-12-10T04:00;16;kWh;-1077;2383;0;0;3460;1306
2018-12-10T04:00;2018-12-10T04:15;17;kWh;-2451;0;0;0;2451;-2451
2018-12-10T04:15;2018-12-10T04:30;18;kWh;-601;2686;0;0;3287;2085
2018-12-10T04:30;2018-12-10T04:45;19;kWh;0;21564;0;0;21564;21564
2018-12-10T04:45;2018-12-10T05:00;20;kWh;0;39022;0;0;39022;39022
2018-12-10T05:00;2018-12-10T05:15;21;kWh;0;16422;0;0;16422;16422
2018-12-10T05:15;2018-12-10T05:30;22;kWh;-943;333;0;0;1276;-610
2018-12-10T05:30;2018-12-10T05:45;23;kWh;-1045;4041;0;0;5086;2996
2018-12-10T05:45;2018-12-10T06:00;24;kWh;0;31099;0;0;31099;31099
2018-12-10T06:00;2018-12-10T06:15;25;kWh;-607;8831;0;0;9438;8224
2018-12-10T06:15;2018-12-10T06:30;26;kWh;-2132;6342;0;0;8474;4210
2018-12-10T06:30;2018-12-10T06:45;27;kWh;0;54376;0;0;54376;54376
2018-12-10T06:45;2018-12-10T07:00;28;kWh;0;40944;0;0;40944;40944
2018-12-10T07:00;2018-12-10T07:15;29;kWh;-10539;21830;0;0;32369;11291
2018-12-10T07:15;2018-12-10T07:30;30;kWh;-13198;18313;0;0;31511;5115
2018-12-10T07:30;2018-12-10T07:45;31;kWh;0;91702;0;0;91702;91702
2018-12-10T07:45;2018-12-10T08:00;32;kWh;0;108975;0;0;108975;108975
2018-12-10T08:00;2018-12-10T08:15;33;kWh;-4184;50497;0;0;54681;46313
2018-12-10T08:15;2018-12-10T08:30;34;kWh;-2406;27749;0;0;30155;25343
2018-12-10T08:30;2018-12-10T08:45;35;kWh;0;70420;0;0;74170;74170
2018-12-10T08:45;2018-12-10T09:00;36;kWh;0;6567;0;0;6567;6567
2018-12-10T09:00;2018-12-10T09:15;37;kWh;0;34150;0;0;34150;34150
2018-12-10T09:15;2018-12-10T09:30;38;kWh;0;51926;0;0;51926;51926
2018-12-10T09:30;2018-12-10T09:45;39;kWh;0;43846;0;0;43846;43846
2018-12-10T09:45;2018-12-10T10:00;40;kWh;0;37277;0;0;37277;37277
2018-12-10T10:00;2018-12-10T10:15;41;kWh;0;52368;0;0;52368;52368
2018-12-10T10:15;2018-12-10T10:30;42;kWh;0;27179;0;0;27179;27179
2018-12-10T10:30;2018-12-10T10:45;43;kWh;0;36473;0;0;36473;36473
2018-12-10T10:45;2018-12-10T11:00;44;kWh;0;37534;0;0;37534;37534
2018-12-10T11:00;2018-12-10T11:15;45;kWh;0;42561;0;0;42561;42561
2018-12-10T11:15;2018-12-10T11:30;46;kWh;0;22926;0;0;22926;22926
2018-12-10T11:30;2018-12-10T11:45;47;kWh;0;14206;0;0;14206;14206
2018-12-10T11:45;2018-12-10T12:00;48;kWh;0;20099;0;0;20099;20099
2018-12-10T12:00;2018-12-10T12:15;49;kWh;0;42935;0;0;42935;42935
2018-12-10T12:15;2018-12-10T12:30;50;kWh;0;11980;0;0;11980;11980
2018-12-10T12:30;2018-12-10T12:45;51;kWh;-4965;0;0;0;4965;-4965
2018-12-10T12:45;2018-12-10T13:00;52;kWh;-20270;0;0;0;20270;-20270
2018-12-10T13:00;2018-12-10T13:15;53;kWh;-27845;0;0;0;27845;-27845
2018-12-10T13:15;2018-12-10T13:30;54;kWh;-27321;0;0;0;27321;-27321
2018-12-10T13:30;2018-12-10T13:45;55;kWh;-25863;0;0;0;25863;-25863
2018-12-10T13:45;2018-12-10T14:00;56;kWh;-22068;0;0;0;22068;-22068
2018-12-10T14:00;2018-12-10T14:15;57;kWh;-1865;469;0;0;2334;-1396
2018-12-10T14:15;2018-12-10T14:30;58;kWh;-8810;0;0;0;8810;-8810
2018-12-10T14:30;2018-12-10T14:45;59;kWh;-2257;4172;0;0;6429;1915
2018-12-10T14:45;2018-12-10T15:00;60;kWh;0;22641;0;0;22641;22641
2018-12-10T15:00;2018-12-10T15:15;61;kWh;0;14029;0;0;14029;14029
2018-12-10T15:15;2018-12-10T15:30;62;kWh;0;29868;0;0;29868;29868
2018-12-10T15:30;2018-12-10T15:45;63;kWh;0;19856;0;0;19856;19856
2018-12-10T15:45;2018-12-10T16:00;64;kWh;0;68533;0;0;68533;68533
2018-12-10T16:00;2018-12-10T16:15;65;kWh;-1733;15207;0;0;16940;13474
2018-12-10T16:15;2018-12-10T16:30;66;kWh;0;41626;0;0;41626;41626
2018-12-10T16:30;2018-12-10T16:45;67;kWh;0;29683;0;0;29683;29683
2018-12-10T16:45;2018-12-10T17:00;68;kWh;0;89726;0;0;89726;89726
2018-12-10T17:00;2018-12-10T17:15;69;kWh;0;69308;0;0;69308;69308
2018-12-10T17:15;2018-12-10T17:30;70;kWh;0;59655;0;0;59655;59655
2018-12-10T17:30;2018-12-10T17:45;71;kWh;0;64818;0;0;64818;64818
2018-12-10T17:45;2018-12-10T18:00;72;kWh;0;49781;0;0;49781;49781
2018-12-10T18:00;2018-12-10T18:15;73;kWh;0;36865;0;0;36865;36865
2018-12-10T18:15;2018-12-10T18:30;74;kWh;-113;9482;0;0;9595;9369
2018-12-10T18:30;2018-12-10T18:45;75;kWh;-1925;3350;0;0;5275;1425
2018-12-10T18:45;2018-12-10T19:00;76;kWh;0;25377;0;0;25377;25377
2018-12-10T19:00;2018-12-10T19:15;77;kWh;0;27596;0;0;27596;27596
2018-12-10T19:15;2018-12-10T19:30;78;kWh;-4997;10171;0;0;15168;5174
2018-12-10T19:30;2018-12-10T19:45;79;kWh;-3644;3257;0;0;6901;-387
2018-12-10T19:45;2018-12-10T20:00;80;kWh;-4373;536;0;0;4909;-3837
2018-12-10T20:00;2018-12-10T20:15;81;kWh;-1332;15196;0;0;16528;13864
2018-12-10T20:15;2018-12-10T20:30;82;kWh;0;43498;0;0;43498;43498
2018-12-10T20:30;2018-12-10T20:45;83;kWh;-2685;16299;0;0;18984;13614
2018-12-10T20:45;2018-12-10T21:00;84;kWh;-197;975;0;0;1172;778
2018-12-10T21:00;2018-12-10T21:15;85;kWh;-144;34922;0;0;35066;34778
2018-12-10T21:15;2018-12-10T21:30;86;kWh;0;60187;0;0;60187;60187
2018-12-10T21:30;2018-12-10T21:45;87;kWh;0;12027;0;0;12027;12027
2018-12-10T21:45;2018-12-10T22:00;88;kWh;-220;9236;0;0;9456;9016
2018-12-10T22:00;2018-12-10T22:15;89;kWh;-2014;14515;0;0;16529;12501
2018-12-10T22:15;2018-12-10T22:30;90;kWh;0;25922;0;0;25922;25922
2018-12-10T22:30;2018-12-10T22:45;91;kWh;0;6339;0;0;6339;6339
2018-12-10T22:45;2018-12-10T23:00;92;kWh;-3539;207;0;0;3746;-3332
2018-12-10T23:00;2018-12-10T23:15;93;kWh;-23026;575;0;0;23601;-22451
2018-12-10T23:15;2018-12-10T23:30;94;kWh;-7021;810;0;0;7831;-6211
2018-12-10T23:30;2018-12-10T23:45;95;kWh;-38325;0;0;0;38325;-38325
2018-12-10T23:45;2018-12-11T00:00;96;kWh;-32863;0;0;0;32863;-32863
2018-12-11T00:00;2018-12-11T00:15;1;kWh;-14681;13767;0;0;28448;-914
2018-12-11T00:15;2018-12-11T00:30;2;kWh;-8;21906;0;0;21914;21898
2018-12-11T00:30;2018-12-11T00:45;3;kWh;0;51184;0;0;51184;51184
2018-12-11T00:45;2018-12-11T01:00;4;kWh;0;14918;0;0;14918;14918
2018-12-11T01:00;2018-12-11T01:15;5;kWh;0;36957;0;0;36957;36957
2018-12-11T01:15;2018-12-11T01:30;6;kWh;0;53338;0;0;53338;53338
2018-12-11T01:30;2018-12-11T01:45;7;kWh;0;45259;0;0;45259;45259
2018-12-11T01:45;2018-12-11T02:00;8;kWh;0;19132;0;0;19132;19132
2018-12-11T02:00;2018-12-11T02:15;9;kWh;0;42816;0;0;42816;42816
2018-12-11T02:15;2018-12-11T02:30;10;kWh;0;67309;0;0;67309;67309
2018-12-11T02:30;2018-12-11T02:45;11;kWh;0;53963;0;0;53963;53963
2018-12-11T02:45;2018-12-11T03:00;12;kWh;0;53252;0;0;53252;53252
2018-12-11T03:00;2018-12-11T03:15;13;kWh;0;24611;0;0;24611;24611
2018-12-11T03:15;2018-12-11T03:30;14;kWh;0;54766;0;0;54766;54766
2018-12-11T03:30;2018-12-11T03:45;15;kWh;0;62677;0;0;62677;62677
2018-12-11T03:45;2018-12-11T04:00;16;kWh;0;82751;0;0;82751;82751
2018-12-11T04:00;2018-12-11T04:15;17;kWh;0;99952;0;0;99952;99952
2018-12-11T04:15;2018-12-11T04:30;18;kWh;0;110464;0;0;110464;110464
2018-12-11T04:30;2018-12-11T04:45;19;kWh;0;114344;0;0;114344;114344
2018-12-11T04:45;2018-12-11T05:00;20;kWh;0;123383;0;0;123383;123383
2018-12-11T05:00;2018-12-11T05:15;21;kWh;0;67265;0;0;67265;67265
2018-12-11T05:15;2018-12-11T05:30;22;kWh;0;79411;0;0;79411;79411
2018-12-11T05:30;2018-12-11T05:45;23;kWh;0;121342;0;0;121342;121342
2018-12-11T05:45;2018-12-11T06:00;24;kWh;0;150082;0;0;150082;150082
2018-12-11T06:00;2018-12-11T06:15;25;kWh;-12274;38152;0;0;50426;25878
2018-12-11T06:15;2018-12-11T06:30;26;kWh;-4358;10549;0;0;14907;6191
2018-12-11T06:30;2018-12-11T06:45;27;kWh;0;89171;0;0;89171;89171
2018-12-11T06:45;2018-12-11T07:00;28;kWh;0;112165;0;0;112165;112165
2018-12-11T07:00;2018-12-11T07:15;29;kWh;-10544;29809;0;0;40353;19265
2018-12-11T07:15;2018-12-11T07:30;30;kWh;-464;26264;0;0;26728;25800
2018-12-11T07:30;2018-12-11T07:45;31;kWh;0;86150;0;0;86150;86150
2018-12-11T07:45;2018-12-11T08:00;32;kWh;0;115153;0;0;122653;122653
2018-12-11T08:00;2018-12-11T08:15;33;kWh;0;61670;0;0;61670;61670
2018-12-11T08:15;2018-12-11T08:30;34;kWh;0;66948;0;0;66948;66948
2018-12-11T08:30;2018-12-11T08:45;35;kWh;0;87228;0;0;98478;98478
2018-12-11T08:45;2018-12-11T09:00;36;kWh;0;67627;0;0;67627;67627
2018-12-11T09:00;2018-12-11T09:15;37;kWh;0;99728;0;0;99728;99728
2018-12-11T09:15;2018-12-11T09:30;38;kWh;0;88144;0;0;99394;99394
2018-12-11T09:30;2018-12-11T09:45;39;kWh;0;68934;0;0;68934;68934
2018-12-11T09:45;2018-12-11T10:00;40;kWh;0;92611;0;0;92611;92611
2018-12-11T10:00;2018-12-11T10:15;41;kWh;-2141;22761;0;0;24902;20620
2018-12-11T10:15;2018-12-11T10:30;42;kWh;-70;492;0;0;562;422
2018-12-11T10:30;2018-12-11T10:45;43;kWh;-36;1678;0;0;1714;1642
2018-12-11T10:45;2018-12-11T11:00;44;kWh;0;11774;0;0;11774;11774
2018-12-11T11:00;2018-12-11T11:15;45;kWh;0;24648;0;0;24648;24648
2018-12-11T11:15;2018-12-11T11:30;46;kWh;0;36042;0;0;36042;36042
2018-12-11T11:30;2018-12-11T11:45;47;kWh;0;14248;0;0;14248;14248
2018-12-11T11:45;2018-12-11T12:00;48;kWh;0;29049;0;0;29049;29049
2018-12-11T12:00;2018-12-11T12:15;49;kWh;0;21048;0;0;21048;21048
2018-12-11T12:15;2018-12-11T12:30;50;kWh;0;58297;0;0;58297;58297
2018-12-11T12:30;2018-12-11T12:45;51;kWh;0;44719;0;0;44719;44719
2018-12-11T12:45;2018-12-11T13:00;52;kWh;0;19569;0;0;19569;19569
2018-12-11T13:00;2018-12-11T13:15;53;kWh;0;9144;0;0;9144;9144
2018-12-11T13:15;2018-12-11T13:30;54;kWh;0;493;0;0;493;493
2018-12-11T13:30;2018-12-11T13:45;55;kWh;0;10124;0;0;10124;10124
2018-12-11T13:45;2018-12-11T14:00;56;kWh;0;22926;0;0;22926;22926
2018-12-11T14:00;2018-12-11T14:15;57;kWh;-62;3676;0;0;3738;3614
2018-12-11T14:15;2018-12-11T14:30;58;kWh;0;0;0;0;0;0
2018-12-11T14:30;2018-12-11T14:45;59;kWh;0;0;0;0;0;0
2018-12-11T14:45;2018-12-11T15:00;60;kWh;0;137;0;0;137;137
2018-12-11T15:00;2018-12-11T15:15;61;kWh;0;0;0;0;0;0
2018-12-11T15:15;2018-12-11T15:30;62;kWh;0;0;0;0;0;0
2018-12-11T15:30;2018-12-11T15:45;63;kWh;0;17316;0;0;17316;17316
2018-12-11T15:45;2018-12-11T16:00;64;kWh;0;79055;0;0;79055;79055
2018-12-11T16:00;2018-12-11T16:15;65;kWh;-13612;20196;0;0;33808;6584
2018-12-11T16:15;2018-12-11T16:30;66;kWh;-4773;0;0;0;4773;-4773
2018-12-11T16:30;2018-12-11T16:45;67;kWh;-135;19;0;0;154;-116
2018-12-11T16:45;2018-12-11T17:00;68;kWh;0;23626;0;0;23626;23626
2018-12-11T17:00;2018-12-11T17:15;69;kWh;-472;3919;0;0;4391;3447
2018-12-11T17:15;2018-12-11T17:30;70;kWh;0;3058;0;0;3058;3058
2018-12-11T17:30;2018-12-11T17:45;71;kWh;0;10900;0;0;10900;10900
2018-12-11T17:45;2018-12-11T18:00;72;kWh;0;12094;0;0;12094;12094
2018-12-11T18:00;2018-12-11T18:15;73;kWh;0;16958;0;0;16958;16958
2018-12-11T18:15;2018-12-11T18:30;74;kWh;0;7574;0;0;7574;7574
2018-12-11T18:30;2018-12-11T18:45;75;kWh;0;18578;0;0;18578;18578
2018-12-11T18:45;2018-12-11T19:00;76;kWh;0;15049;0;0;15049;15049
2018-12-11T19:00;2018-12-11T19:15;77;kWh;0;54528;0;0;54528;54528
2018-12-11T19:15;2018-12-11T19:30;78;kWh;0;50088;0;0;50088;50088
2018-12-11T19:30;2018-12-11T19:45;79;kWh;0;14301;0;0;14301;14301
2018-12-11T19:45;2018-12-11T20:00;80;kWh;0;664;0;0;664;664
2018-12-11T20:00;2018-12-11T20:15;81;kWh;0;48788;0;0;48788;48788
2018-12-11T20:15;2018-12-11T20:30;82;kWh;0;65569;0;0;65569;65569
2018-12-11T20:30;2018-12-11T20:45;83;kWh;0;3999;0;0;3999;3999
2018-12-11T20:45;2018-12-11T21:00;84;kWh;0;21;0;0;21;21
2018-12-11T21:00;2018-12-11T21:15;85;kWh;0;42795;0;0;42795;42795
2018-12-11T21:15;2018-12-11T21:30;86;kWh;0;57161;0;0;57161;57161
2018-12-11T21:30;2018-12-11T21:45;87;kWh;0;7339;0;0;7339;7339
2018-12-11T21:45;2018-12-11T22:00;88;kWh;-5650;0;0;0;5650;-5650
2018-12-11T22:00;2018-12-11T22:15;89;kWh;-1973;20423;0;0;22396;18450
2018-12-11T22:15;2018-12-11T22:30;90;kWh;0;26349;0;0;26349;26349
2018-12-11T22:30;2018-12-11T22:45;91;kWh;-116;2483;0;0;2599;2367
2018-12-11T22:45;2018-12-11T23:00;92;kWh;-24673;0;0;0;24673;-24673
2018-12-11T23:00;2018-12-11T23:15;93;kWh;-6227;33754;0;0;39981;27527
2018-12-11T23:15;2018-12-11T23:30;94;kWh;0;12629;0;0;12629;12629
2018-12-11T23:30;2018-12-11T23:45;95;kWh;-169;15615;0;0;15784;15446
2018-12-11T23:45;2018-12-12T00:00;96;kWh;-2966;1702;0;0;4668;-1264
2018-12-12T00:00;2018-12-12T00:15;1;kWh;-7490;1461;0;0;8951;-6029
2018-12-12T00:15;2018-12-12T00:30;2;kWh;-2;15391;0;0;15393;15389
2018-12-12T00:30;2018-12-12T00:45;3;kWh;0;2021;0;0;2021;2021
2018-12-12T00:45;2018-12-12T01:00;4;kWh;0;0;0;0;0;0
2018-12-12T01:00;2018-12-12T01:15;5;kWh;0;16643;0;0;16643;16643
2018-12-12T01:15;2018-12-12T01:30;6;kWh;0;14911;0;0;14911;14911
2018-12-12T01:30;2018-12-12T01:45;7;kWh;0;556;0;0;556;556
2018-12-12T01:45;2018-12-12T02:00;8;kWh;0;0;0;0;0;0
2018-12-12T02:00;2018-12-12T02:15;9;kWh;0;25170;0;0;25170;25170
2018-12-12T02:15;2018-12-12T02:30;10;kWh;0;44153;0;0;44153;44153
2018-12-12T02:30;2018-12-12T02:45;11;kWh;0;6473;0;0;6473;6473
2018-12-12T02:45;2018-12-12T03:00;12;kWh;0;0;0;0;0;0
2018-12-12T03:00;2018-12-12T03:15;13;kWh;0;9577;0;0;9577;9577
2018-12-12T03:15;2018-12-12T03:30;14;kWh;0;1247;0;0;1247;1247
2018-12-12T03:30;2018-12-12T03:45;15;kWh;0;16;0;0;16;16
2018-12-12T03:45;2018-12-12T04:00;16;kWh;0;0;0;0;0;0
2018-12-12T04:00;2018-12-12T04:15;17;kWh;0;0;0;0;0;0
2018-12-12T04:15;2018-12-12T04:30;18;kWh;0;31972;0;0;31972;31972
2018-12-12T04:30;2018-12-12T04:45;19;kWh;0;47058;0;0;47058;47058
2018-12-12T04:45;2018-12-12T05:00;20;kWh;0;100979;0;0;100979;100979
2018-12-12T05:00;2018-12-12T05:15;21;kWh;0;24071;0;0;35321;35321
2018-12-12T05:15;2018-12-12T05:30;22;kWh;-54;41;0;0;95;-13
2018-12-12T05:30;2018-12-12T05:45;23;kWh;0;164;0;0;164;164
2018-12-12T05:45;2018-12-12T06:00;24;kWh;0;29643;0;0;29643;29643
2018-12-12T06:00;2018-12-12T06:15;25;kWh;-34419;1892;0;0;36311;-32527
2018-12-12T06:15;2018-12-12T06:30;26;kWh;-5351;0;0;0;5351;-5351
2018-12-12T06:30;2018-12-12T06:45;27;kWh;0;11283;0;0;11283;11283
2018-12-12T06:45;2018-12-12T07:00;28;kWh;0;65909;0;0;65909;65909
2018-12-12T07:00;2018-12-12T07:15;29;kWh;-20774;15888;0;0;36662;-4886
2018-12-12T07:15;2018-12-12T07:30;30;kWh;-4393;0;0;0;4393;-4393
2018-12-12T07:30;2018-12-12T07:45;31;kWh;0;21996;0;0;21996;21996
2018-12-12T07:45;2018-12-12T08:00;32;kWh;0;95143;0;0;95143;95143
2018-12-12T08:00;2018-12-12T08:15;33;kWh;0;39945;0;0;39945;39945
2018-12-12T08:15;2018-12-12T08:30;34;kWh;0;24036;0;0;24036;24036
2018-12-12T08:30;2018-12-12T08:45;35;kWh;0;73550;0;0;73550;73550
2018-12-12T08:45;2018-12-12T09:00;36;kWh;0;80537;0;0;80537;80537
2018-12-12T09:00;2018-12-12T09:15;37;kWh;0;71801;0;0;71801;71801
2018-12-12T09:15;2018-12-12T09:30;38;kWh;0;42879;0;0;42879;42879
2018-12-12T09:30;2018-12-12T09:45;39;kWh;0;54591;0;0;54591;54591
2018-12-12T09:45;2018-12-12T10:00;40;kWh;0;51134;0;0;51134;51134
2018-12-12T10:00;2018-12-12T10:15;41;kWh;0;35589;0;0;35589;35589
2018-12-12T10:15;2018-12-12T10:30;42;kWh;0;7555;0;0;7555;7555
2018-12-12T10:30;2018-12-12T10:45;43;kWh;-16;0;0;0;16;-16
2018-12-12T10:45;2018-12-12T11:00;44;kWh;0;0;0;0;0;0
2018-12-12T11:00;2018-12-12T11:15;45;kWh;0;10430;0;0;10430;10430
2018-12-12T11:15;2018-12-12T11:30;46;kWh;0;22019;0;0;22019;22019
2018-12-12T11:30;2018-12-12T11:45;47;kWh;0;28445;0;0;28445;28445
2018-12-12T11:45;2018-12-12T12:00;48;kWh;0;28421;0;0;28421;28421
2018-12-12T12:00;2018-12-12T12:15;49;kWh;0;46019;0;0;46019;46019
2018-12-12T12:15;2018-12-12T12:30;50;kWh;0;7493;0;0;7493;7493
2018-12-12T12:30;2018-12-12T12:45;51;kWh;0;12258;0;0;12258;12258
2018-12-12T12:45;2018-12-12T13:00;52;kWh;0;11961;0;0;11961;11961
2018-12-12T13:00;2018-12-12T13:15;53;kWh;0;10462;0;0;10462;10462
2018-12-12T13:15;2018-12-12T13:30;54;kWh;0;44644;0;0;44644;44644
2018-12-12T13:30;2018-12-12T13:45;55;kWh;0;44525;0;0;44525;44525
2018-12-12T13:45;2018-12-12T14:00;56;kWh;0;76789;0;0;76789;76789
2018-12-12T14:00;2018-12-12T14:15;57;kWh;0;42746;0;0;42746;42746
2018-12-12T14:15;2018-12-12T14:30;58;kWh;0;45359;0;0;45359;45359
2018-12-12T14:30;2018-12-12T14:45;59;kWh;0;25628;0;0;25628;25628
2018-12-12T14:45;2018-12-12T15:00;60;kWh;0;2893;0;0;2893;2893
2018-12-12T15:00;2018-12-12T15:15;61;kWh;0;0;0;0;0;0
2018-12-12T15:15;2018-12-12T15:30;62;kWh;0;1252;0;0;1252;1252
2018-12-12T15:30;2018-12-12T15:45;63;kWh;0;2568;0;0;2568;2568
2018-12-12T15:45;2018-12-12T16:00;64;kWh;0;30248;0;0;30248;30248
2018-12-12T16:00;2018-12-12T16:15;65;kWh;-3683;5590;0;0;9273;1907
2018-12-12T16:15;2018-12-12T16:30;66;kWh;-2958;0;0;0;2958;-2958
2018-12-12T16:30;2018-12-12T16:45;67;kWh;-86;7304;0;0;7390;7218
2018-12-12T16:45;2018-12-12T17:00;68;kWh;0;55376;0;0;55376;55376
2018-12-12T17:00;2018-12-12T17:15;69;kWh;-645;23724;0;0;24369;23079
2018-12-12T17:15;2018-12-12T17:30;70;kWh;-144;2841;0;0;2985;2697
2018-12-12T17:30;2018-12-12T17:45;71;kWh;0;147;0;0;147;147
2018-12-12T17:45;2018-12-12T18:00;72;kWh;-203;0;0;0;203;-203
2018-12-12T18:00;2018-12-12T18:15;73;kWh;-27;2786;0;0;2813;2759
2018-12-12T18:15;2018-12-12T18:30;74;kWh;-19178;0;0;0;19178;-19178
2018-12-12T18:30;2018-12-12T18:45;75;kWh;-43476;0;0;0;43476;-43476
2018-12-12T18:45;2018-12-12T19:00;76;kWh;-53936;0;0;0;53936;-53936
2018-12-12T19:00;2018-12-12T19:15;77;kWh;-17302;10025;0;0;27327;-7277
2018-12-12T19:15;2018-12-12T19:30;78;kWh;0;9919;0;0;9919;9919
2018-12-12T19:30;2018-12-12T19:45;79;kWh;-7;384;0;0;391;377
2018-12-12T19:45;2018-12-12T20:00;80;kWh;-1334;0;0;0;1334;-1334
2018-12-12T20:00;2018-12-12T20:15;81;kWh;-14;19077;0;0;19091;19063
2018-12-12T20:15;2018-12-12T20:30;82;kWh;0;3836;0;0;3836;3836
2018-12-12T20:30;2018-12-12T20:45;83;kWh;-4747;0;0;0;4747;-4747
2018-12-12T20:45;2018-12-12T21:00;84;kWh;-31602;0;0;0;31602;-31602
2018-12-12T21:00;2018-12-12T21:15;85;kWh;-5328;2483;0;0;7811;-2845
2018-12-12T21:15;2018-12-12T21:30;86;kWh;-407;928;0;0;1335;521
2018-12-12T21:30;2018-12-12T21:45;87;kWh;-14791;0;0;0;14791;-14791
2018-12-12T21:45;2018-12-12T22:00;88;kWh;-28012;0;0;0;28012;-28012
2018-12-12T22:00;2018-12-12T22:15;89;kWh;-20919;553;0;0;21472;-20366
2018-12-12T22:15;2018-12-12T22:30;90;kWh;-1743;445;0;0;2188;-1298
2018-12-12T22:30;2018-12-12T22:45;91;kWh;-43846;0;0;0;43846;-43846
2018-12-12T22:45;2018-12-12T23:00;92;kWh;-64436;0;0;0;64436;-64436
2018-12-12T23:00;2018-12-12T23:15;93;kWh;-42194;264;0;0;42458;-41930
2018-12-12T23:15;2018-12-12T23:30;94;kWh;-8929;1159;0;0;10088;-7770
2018-12-12T23:30;2018-12-12T23:45;95;kWh;-49425;0;0;0;49425;-49425
2018-12-12T23:45;2018-12-13T00:00;96;kWh;-67726;0;0;0;67726;-67726
2018-12-13T00:00;2018-12-13T00:15;1;kWh;-54869;2458;0;0;57327;-52411
2018-12-13T00:15;2018-12-13T00:30;2;kWh;-27008;566;0;0;27574;-26442
2018-12-13T00:30;2018-12-13T00:45;3;kWh;-36718;0;0;0;36718;-36718
2018-12-13T00:45;2018-12-13T01:00;4;kWh;-38695;0;0;0;38695;-38695
2018-12-13T01:00;2018-12-13T01:15;5;kWh;-42152;0;0;0;42152;-42152
2018-12-13T01:15;2018-12-13T01:30;6;kWh;-25849;0;0;0;25849;-25849
2018-12-13T01:30;2018-12-13T01:45;7;kWh;-11703;0;0;0;11703;-11703
2018-12-13T01:45;2018-12-13T02:00;8;kWh;-25655;0;0;0;25655;-25655
2018-12-13T02:00;2018-12-13T02:15;9;kWh;-7191;0;0;0;7191;-7191
2018-12-13T02:15;2018-12-13T02:30;10;kWh;-15822;0;0;0;15822;-15822
2018-12-13T02:30;2018-12-13T02:45;11;kWh;-30160;0;0;0;30160;-30160
2018-12-13T02:45;2018-12-13T03:00;12;kWh;-16711;0;0;0;16711;-16711
2018-12-13T03:00;2018-12-13T03:15;13;kWh;-6539;0;0;0;6539;-6539
2018-12-13T03:15;2018-12-13T03:30;14;kWh;-10914;0;0;0;10914;-10914
2018-12-13T03:30;2018-12-13T03:45;15;kWh;-7225;0;0;0;7225;-7225
2018-12-13T03:45;2018-12-13T04:00;16;kWh;-1232;0;0;0;1232;-1232
2018-12-13T04:00;2018-12-13T04:15;17;kWh;-2945;0;0;0;2945;-2945
2018-12-13T04:15;2018-12-13T04:30;18;kWh;-57;0;0;0;57;-57
2018-12-13T04:30;2018-12-13T04:45;19;kWh;0;0;0;0;0;0
2018-12-13T04:45;2018-12-13T05:00;20;kWh;0;0;0;0;0;0
2018-12-13T05:00;2018-12-13T05:15;21;kWh;-217;14038;0;0;14255;13821
2018-12-13T05:15;2018-12-13T05:30;22;kWh;-23691;102;0;0;23793;-23589
2018-12-13T05:30;2018-12-13T05:45;23;kWh;-11678;0;0;0;11678;-11678
2018-12-13T05:45;2018-12-13T06:00;24;kWh;-3864;0;0;0;3864;-3864
2018-12-13T06:00;2018-12-13T06:15;25;kWh;-36936;0;0;0;36936;-36936
2018-12-13T06:15;2018-12-13T06:30;26;kWh;-54121;0;0;0;54121;-54121
2018-12-13T06:30;2018-12-13T06:45;27;kWh;-13210;1383;0;0;14593;-11827
2018-12-13T06:45;2018-12-13T07:00;28;kWh;-448;30066;0;0;30514;29618
2018-12-13T07:00;2018-12-13T07:15;29;kWh;-70759;967;0;0;71726;-69792
2018-12-13T07:15;2018-12-13T07:30;30;kWh;-35185;0;0;0;35185;-35185
2018-12-13T07:30;2018-12-13T07:45;31;kWh;-1410;19981;0;0;21391;18571
2018-12-13T07:45;2018-12-13T08:00;32;kWh;0;56966;0;0;56966;56966
2018-12-13T08:00;2018-12-13T08:15;33;kWh;-23035;15913;0;0;38948;-7122
2018-12-13T08:15;2018-12-13T08:30;34;kWh;-25818;0;0;0;25818;-25818
2018-12-13T08:30;2018-12-13T08:45;35;kWh;-13467;0;0;0;13467;-13467
2018-12-13T08:45;2018-12-13T09:00;36;kWh;-6297;0;0;0;6297;-6297
2018-12-13T09:00;2018-12-13T09:15;37;kWh;-38472;0;0;0;38472;-38472
2018-12-13T09:15;2018-12-13T09:30;38;kWh;-36251;0;0;0;36251;-36251
2018-12-13T09:30;2018-12-13T09:45;39;kWh;-36222;0;0;0;36222;-36222
2018-12-13T09:45;2018-12-13T10:00;40;kWh;-32627;0;0;0;32627;-32627
2018-12-13T10:00;2018-12-13T10:15;41;kWh;-6980;18891;0;0;25871;11911
2018-12-13T10:15;2018-12-13T10:30;42;kWh;0;2890;0;0;2890;2890
2018-12-13T10:30;2018-12-13T10:45;43;kWh;0;48;0;0;48;48
2018-12-13T10:45;2018-12-13T11:00;44;kWh;-4063;0;0;0;4063;-4063
2018-12-13T11:00;2018-12-13T11:15;45;kWh;-3749;0;0;0;3749;-3749
2018-12-13T11:15;2018-12-13T11:30;46;kWh;-19;0;0;0;19;-19
2018-12-13T11:30;2018-12-13T11:45;47;kWh;-1520;0;0;0;1520;-1520
2018-12-13T11:45;2018-12-13T12:00;48;kWh;-9475;0;0;0;9475;-9475
2018-12-13T12:00;2018-12-13T12:15;49;kWh;-35017;0;0;0;35017;-35017
2018-12-13T12:15;2018-12-13T12:30;50;kWh;-13710;0;0;0;13710;-13710
2018-12-13T12:30;2018-12-13T12:45;51;kWh;-35968;0;0;0;35968;-35968
2018-12-13T12:45;2018-12-13T13:00;52;kWh;-32735;0;0;0;32735;-32735
2018-12-13T13:00;2018-12-13T13:15;53;kWh;-13205;0;0;0;13205;-13205
2018-12-13T13:15;2018-12-13T13:30;54;kWh;0;0;0;0;0;0
2018-12-13T13:30;2018-12-13T13:45;55;kWh;0;6;0;0;6;6
2018-12-13T13:45;2018-12-13T14:00;56;kWh;0;0;0;0;0;0
2018-12-13T14:00;2018-12-13T14:15;57;kWh;0;24885;0;0;24885;24885
2018-12-13T14:15;2018-12-13T14:30;58;kWh;0;51140;0;0;51140;51140
2018-12-13T14:30;2018-12-13T14:45;59;kWh;0;57002;0;0;57002;57002
2018-12-13T14:45;2018-12-13T15:00;60;kWh;0;45034;0;0;45034;45034
2018-12-13T15:00;2018-12-13T15:15;61;kWh;-324;7483;0;0;7807;7159
2018-12-13T15:15;2018-12-13T15:30;62;kWh;-507;4775;0;0;5282;4268
2018-12-13T15:30;2018-12-13T15:45;63;kWh;0;31615;0;0;31615;31615
2018-12-13T15:45;2018-12-13T16:00;64;kWh;0;52952;0;0;52952;52952
2018-12-13T16:00;2018-12-13T16:15;65;kWh;-8040;10406;0;0;18446;2366
2018-12-13T16:15;2018-12-13T16:30;66;kWh;-2964;0;0;0;2964;-2964
2018-12-13T16:30;2018-12-13T16:45;67;kWh;0;0;0;0;0;0
2018-12-13T16:45;2018-12-13T17:00;68;kWh;0;21095;0;0;21095;21095
2018-12-13T17:00;2018-12-13T17:15;69;kWh;0;3420;0;0;3420;3420
2018-12-13T17:15;2018-12-13T17:30;70;kWh;0;0;0;0;0;0
2018-12-13T17:30;2018-12-13T17:45;71;kWh;0;0;0;0;0;0
2018-12-13T17:45;2018-12-13T18:00;72;kWh;-46;0;0;0;46;-46
2018-12-13T18:00;2018-12-13T18:15;73;kWh;-7599;5363;0;0;12962;-2236
2018-12-13T18:15;2018-12-13T18:30;74;kWh;0;15268;0;0;15268;15268
2018-12-13T18:30;2018-12-13T18:45;75;kWh;-7238;35;0;0;7273;-7203
2018-12-13T18:45;2018-12-13T19:00;76;kWh;-6922;0;0;0;6922;-6922
2018-12-13T19:00;2018-12-13T19:15;77;kWh;-6143;505;0;0;6648;-5638
2018-12-13T19:15;2018-12-13T19:30;78;kWh;-13493;85;0;0;13578;-13408
2018-12-13T19:30;2018-12-13T19:45;79;kWh;-6758;229;0;0;6987;-6529
2018-12-13T19:45;2018-12-13T20:00;80;kWh;-16611;0;0;0;16611;-16611
2018-12-13T20:00;2018-12-13T20:15;81;kWh;-5058;27720;0;0;32778;22662
2018-12-13T20:15;2018-12-13T20:30;82;kWh;0;23893;0;0;23893;23893
2018-12-13T20:30;2018-12-13T20:45;83;kWh;-225;20967;0;0;21192;20742
2018-12-13T20:45;2018-12-13T21:00;84;kWh;-11181;1162;0;0;12343;-10019
2018-12-13T21:00;2018-12-13T21:15;85;kWh;-1216;32860;0;0;34076;31644
2018-12-13T21:15;2018-12-13T21:30;86;kWh;0;45786;0;0;45786;45786
2018-12-13T21:30;2018-12-13T21:45;87;kWh;-1542;2744;0;0;4286;1202
2018-12-13T21:45;2018-12-13T22:00;88;kWh;-23586;0;0;0;23586;-23586
2018-12-13T22:00;2018-12-13T22:15;89;kWh;-7514;30310;0;0;37824;22796
2018-12-13T22:15;2018-12-13T22:30;90;kWh;-149;18837;0;0;18986;18688
2018-12-13T22:30;2018-12-13T22:45;91;kWh;-8871;0;0;0;8871;-8871
2018-12-13T22:45;2018-12-13T23:00;92;kWh;-24820;0;0;0;24820;-24820
2018-12-13T23:00;2018-12-13T23:15;93;kWh;-29119;336;0;0;29455;-28783
2018-12-13T23:15;2018-12-13T23:30;94;kWh;-687;592;0;0;1279;-95
2018-12-13T23:30;2018-12-13T23:45;95;kWh;-497;0;0;0;497;-497
2018-12-13T23:45;2018-12-14T00:00;96;kWh;-7748;0;0;0;7748;-7748
2018-12-14T00:00;2018-12-14T00:15;1;kWh;-6637;9607;0;0;16244;2970
2018-12-14T00:15;2018-12-14T00:30;2;kWh;0;16682;0;0;16682;16682
2018-12-14T00:30;2018-12-14T00:45;3;kWh;0;7131;0;0;7131;7131
2018-12-14T00:45;2018-12-14T01:00;4;kWh;-9241;42;0;0;9283;-9199
2018-12-14T01:00;2018-12-14T01:15;5;kWh;-3111;23433;0;0;26544;20322
2018-12-14T01:15;2018-12-14T01:30;6;kWh;0;26548;0;0;26548;26548
2018-12-14T01:30;2018-12-14T01:45;7;kWh;0;24588;0;0;24588;24588
2018-12-14T01:45;2018-12-14T02:00;8;kWh;0;9006;0;0;9006;9006
2018-12-14T02:00;2018-12-14T02:15;9;kWh;-124;364;0;0;488;240
2018-12-14T02:15;2018-12-14T02:30;10;kWh;0;66;0;0;66;66
2018-12-14T02:30;2018-12-14T02:45;11;kWh;0;8022;0;0;8022;8022
2018-12-14T02:45;2018-12-14T03:00;12;kWh;0;23530;0;0;23530;23530
2018-12-14T03:00;2018-12-14T03:15;13;kWh;-9742;5560;0;0;15302;-4182
2018-12-14T03:15;2018-12-14T03:30;14;kWh;-15428;0;0;0;15428;-15428
2018-12-14T03:30;2018-12-14T03:45;15;kWh;-1112;146;0;0;1258;-966
2018-12-14T03:45;2018-12-14T04:00;16;kWh;0;11632;0;0;11632;11632
2018-12-14T04:00;2018-12-14T04:15;17;kWh;0;6371;0;0;6371;6371
2018-12-14T04:15;2018-12-14T04:30;18;kWh;-536;277;0;0;813;-259
2018-12-14T04:30;2018-12-14T04:45;19;kWh;0;1696;0;0;1696;1696
2018-12-14T04:45;2018-12-14T05:00;20;kWh;-1052;5;0;0;1057;-1047
2018-12-14T05:00;2018-12-14T05:15;21;kWh;-81;3071;0;0;3152;2990
2018-12-14T05:15;2018-12-14T05:30;22;kWh;-12601;539;0;0;13140;-12062
2018-12-14T05:30;2018-12-14T05:45;23;kWh;-637;9020;0;0;9657;8383
2018-12-14T05:45;2018-12-14T06:00;24;kWh;0;14718;0;0;14718;14718
2018-12-14T06:00;2018-12-14T06:15;25;kWh;-1113;10294;0;0;11407;9181
2018-12-14T06:15;2018-12-14T06:30;26;kWh;-8282;607;0;0;8889;-7675
2018-12-14T06:30;2018-12-14T06:45;27;kWh;-830;9720;0;0;10550;8890
2018-12-14T06:45;2018-12-14T07:00;28;kWh;0;53285;0;0;53285;53285
2018-12-14T07:00;2018-12-14T07:15;29;kWh;-22385;3639;0;0;26024;-18746
2018-12-14T07:15;2018-12-14T07:30;30;kWh;-14165;748;0;0;14913;-13417
2018-12-14T07:30;2018-12-14T07:45;31;kWh;0;9247;0;0;9247;9247
2018-12-14T07:45;2018-12-14T08:00;32;kWh;0;68998;0;0;68998;68998
2018-12-14T08:00;2018-12-14T08:15;33;kWh;-22;19348;0;0;19370;19326
2018-12-14T08:15;2018-12-14T08:30;34;kWh;-56;0;0;0;56;-56
2018-12-14T08:30;2018-12-14T08:45;35;kWh;0;0;0;0;0;0
2018-12-14T08:45;2018-12-14T09:00;36;kWh;0;0;0;0;0;0
2018-12-14T09:00;2018-12-14T09:15;37;kWh;0;0;0;0;0;0
2018-12-14T09:15;2018-12-14T09:30;38;kWh;0;1966;0;0;1966;1966
2018-12-14T09:30;2018-12-14T09:45;39;kWh;0;7538;0;0;7538;7538
2018-12-14T09:45;2018-12-14T10:00;40;kWh;0;263;0;0;263;263
2018-12-14T10:00;2018-12-14T10:15;41;kWh;0;19435;0;0;19435;19435
2018-12-14T10:15;2018-12-14T10:30;42;kWh;0;15302;0;0;15302;15302
2018-12-14T10:30;2018-12-14T10:45;43;kWh;0;23317;0;0;23317;23317
2018-12-14T10:45;2018-12-14T11:00;44;kWh;0;25226;0;0;25226;25226
2018-12-14T11:00;2018-12-14T11:15;45;kWh;0;65682;0;0;65682;65682
2018-12-14T11:15;2018-12-14T11:30;46;kWh;0;105900;0;0;105900;105900
2018-12-14T11:30;2018-12-14T11:45;47;kWh;0;49544;0;0;54544;54544
2018-12-14T11:45;2018-12-14T12:00;48;kWh;0;4578;0;0;4578;4578
2018-12-14T12:00;2018-12-14T12:15;49;kWh;0;9899;0;0;9899;9899
2018-12-14T12:15;2018-12-14T12:30;50;kWh;0;9157;0;0;9157;9157
2018-12-14T12:30;2018-12-14T12:45;51;kWh;0;22654;0;0;22654;22654
2018-12-14T12:45;2018-12-14T13:00;52;kWh;0;19682;0;0;19682;19682
2018-12-14T13:00;2018-12-14T13:15;53;kWh;0;24154;0;0;24154;24154
2018-12-14T13:15;2018-12-14T13:30;54;kWh;0;47298;0;0;47298;47298
2018-12-14T13:30;2018-12-14T13:45;55;kWh;0;724;0;0;724;724
2018-12-14T13:45;2018-12-14T14:00;56;kWh;0;0;0;0;0;0
2018-12-14T14:00;2018-12-14T14:15;57;kWh;0;52995;0;0;52995;52995
2018-12-14T14:15;2018-12-14T14:30;58;kWh;0;84766;0;0;89766;89766
2018-12-14T14:30;2018-12-14T14:45;59;kWh;0;25913;0;0;28413;28413
2018-12-14T14:45;2018-12-14T15:00;60;kWh;0;25421;0;0;26671;26671
2018-12-14T15:00;2018-12-14T15:15;61;kWh;0;3897;0;0;3897;3897
2018-12-14T15:15;2018-12-14T15:30;62;kWh;0;15587;0;0;15587;15587
2018-12-14T15:30;2018-12-14T15:45;63;kWh;0;67011;0;0;67011;67011
2018-12-14T15:45;2018-12-14T16:00;64;kWh;0;111557;0;0;115307;115307
2018-12-14T16:00;2018-12-14T16:15;65;kWh;-5542;30975;0;0;36517;25433
2018-12-14T16:15;2018-12-14T16:30;66;kWh;-3433;0;0;0;3433;-3433
2018-12-14T16:30;2018-12-14T16:45;67;kWh;-78;3288;0;0;3366;3210
2018-12-14T16:45;2018-12-14T17:00;68;kWh;0;72191;0;0;72191;72191
2018-12-14T17:00;2018-12-14T17:15;69;kWh;0;61514;0;0;61514;61514
2018-12-14T17:15;2018-12-14T17:30;70;kWh;0;20651;0;0;20651;20651
2018-12-14T17:30;2018-12-14T17:45;71;kWh;0;25212;0;0;28962;28962
2018-12-14T17:45;2018-12-14T18:00;72;kWh;0;12084;0;0;12084;12084
2018-12-14T18:00;2018-12-14T18:15;73;kWh;0;6144;0;0;6144;6144
2018-12-14T18:15;2018-12-14T18:30;74;kWh;-1912;0;0;0;1912;-1912
2018-12-14T18:30;2018-12-14T18:45;75;kWh;-21172;0;0;0;21172;-21172
2018-12-14T18:45;2018-12-14T19:00;76;kWh;-30193;0;0;0;30193;-30193
2018-12-14T19:00;2018-12-14T19:15;77;kWh;-9465;11667;0;0;21132;2202
2018-12-14T19:15;2018-12-14T19:30;78;kWh;0;3545;0;0;3545;3545
2018-12-14T19:30;2018-12-14T19:45;79;kWh;-6314;0;0;0;6314;-6314
2018-12-14T19:45;2018-12-14T20:00;80;kWh;-34055;0;0;0;34055;-34055
2018-12-14T20:00;2018-12-14T20:15;81;kWh;-13485;784;0;0;14269;-12701
2018-12-14T20:15;2018-12-14T20:30;82;kWh;-4189;29;0;0;4218;-4160
2018-12-14T20:30;2018-12-14T20:45;83;kWh;-26700;0;0;0;26700;-26700
2018-12-14T20:45;2018-12-14T21:00;84;kWh;-31346;0;0;0;31346;-31346
2018-12-14T21:00;2018-12-14T21:15;85;kWh;-7950;26282;0;0;34232;18332
2018-12-14T21:15;2018-12-14T21:30;86;kWh;0;2735;0;0;6485;6485
2018-12-14T21:30;2018-12-14T21:45;87;kWh;-466;0;0;0;466;-466
2018-12-14T21:45;2018-12-14T22:00;88;kWh;-64978;0;0;0;64978;-64978
2018-12-14T22:00;2018-12-14T22:15;89;kWh;-28002;141;0;0;28143;-27861
2018-12-14T22:15;2018-12-14T22:30;90;kWh;0;508;0;0;508;508
2018-12-14T22:30;2018-12-14T22:45;91;kWh;-10;0;0;0;10;-10
2018-12-14T22:45;2018-12-14T23:00;92;kWh;-2674;0;0;0;2674;-2674
2018-12-14T23:00;2018-12-14T23:15;93;kWh;-1766;0;0;0;1766;-1766
2018-12-14T23:15;2018-12-14T23:30;94;kWh;0;0;0;0;0;0
2018-12-14T23:30;2018-12-14T23:45;95;kWh;0;0;0;0;0;0
2018-12-14T23:45;2018-12-15T00:00;96;kWh;-1001;0;0;0;1001;-1001
2018-12-15T00:00;2018-12-15T00:15;1;kWh;-272;21904;0;0;22176;21632
2018-12-15T00:15;2018-12-15T00:30;2;kWh;0;39675;0;0;39675;39675
2018-12-15T00:30;2018-12-15T00:45;3;kWh;0;35220;0;0;35220;35220
2018-12-15T00:45;2018-12-15T01:00;4;kWh;-672;6435;0;0;7107;5763
2018-12-15T01:00;2018-12-15T01:15;5;kWh;0;21312;0;0;21312;21312
2018-12-15T01:15;2018-12-15T01:30;6;kWh;0;25658;0;0;25658;25658
2018-12-15T01:30;2018-12-15T01:45;7;kWh;0;397;0;0;397;397
2018-12-15T01:45;2018-12-15T02:00;8;kWh;-4850;0;0;0;4850;-4850
2018-12-15T02:00;2018-12-15T02:15;9;kWh;-940;26265;0;0;27205;25325
2018-12-15T02:15;2018-12-15T02:30;10;kWh;0;13486;0;0;13486;13486
2018-12-15T02:30;2018-12-15T02:45;11;kWh;0;3575;0;0;3575;3575
2018-12-15T02:45;2018-12-15T03:00;12;kWh;0;213;0;0;213;213
2018-12-15T03:00;2018-12-15T03:15;13;kWh;0;18207;0;0;18207;18207
2018-12-15T03:15;2018-12-15T03:30;14;kWh;0;22593;0;0;22593;22593
2018-12-15T03:30;2018-12-15T03:45;15;kWh;0;11241;0;0;11241;11241
2018-12-15T03:45;2018-12-15T04:00;16;kWh;0;2868;0;0;2868;2868
2018-12-15T04:00;2018-12-15T04:15;17;kWh;-824;0;0;0;824;-824
2018-12-15T04:15;2018-12-15T04:30;18;kWh;-2826;0;0;0;2826;-2826
2018-12-15T04:30;2018-12-15T04:45;19;kWh;-7633;0;0;0;7633;-7633
2018-12-15T04:45;2018-12-15T05:00;20;kWh;-1531;0;0;0;1531;-1531
2018-12-15T05:00;2018-12-15T05:15;21;kWh;-1276;0;0;0;1276;-1276
2018-12-15T05:15;2018-12-15T05:30;22;kWh;-1260;0;0;0;1260;-1260
2018-12-15T05:30;2018-12-15T05:45;23;kWh;-3904;0;0;0;3904;-3904
2018-12-15T05:45;2018-12-15T06:00;24;kWh;-13905;0;0;0;13905;-13905
2018-12-15T06:00;2018-12-15T06:15;25;kWh;-26421;0;0;0;26421;-26421
2018-12-15T06:15;2018-12-15T06:30;26;kWh;-25045;0;0;0;25045;-25045
2018-12-15T06:30;2018-12-15T06:45;27;kWh;-22505;0;0;0;22505;-22505
2018-12-15T06:45;2018-12-15T07:00;28;kWh;-8264;0;0;0;8264;-8264
2018-12-15T07:00;2018-12-15T07:15;29;kWh;-61467;0;0;0;61467;-61467
2018-12-15T07:15;2018-12-15T07:30;30;kWh;-36828;0;0;0;36828;-36828
2018-12-15T07:30;2018-12-15T07:45;31;kWh;-13280;579;0;0;13859;-12701
2018-12-15T07:45;2018-12-15T08:00;32;kWh;0;556;0;0;556;556
2018-12-15T08:00;2018-12-15T08:15;33;kWh;-19487;3;0;0;19490;-19484
2018-12-15T08:15;2018-12-15T08:30;34;kWh;-9809;0;0;0;9809;-9809
2018-12-15T08:30;2018-12-15T08:45;35;kWh;0;0;0;0;0;0
2018-12-15T08:45;2018-12-15T09:00;36;kWh;0;3569;0;0;3569;3569
2018-12-15T09:00;2018-12-15T09:15;37;kWh;0;549;0;0;549;549
2018-12-15T09:15;2018-12-15T09:30;38;kWh;0;25804;0;0;25804;25804
2018-12-15T09:30;2018-12-15T09:45;39;kWh;0;61779;0;0;61779;61779
2018-12-15T09:45;2018-12-15T10:00;40;kWh;0;10238;0;0;10238;10238
2018-12-15T10:00;2018-12-15T10:15;41;kWh;0;31844;0;0;31844;31844
2018-12-15T10:15;2018-12-15T10:30;42;kWh;0;94253;0;0;94253;94253
2018-12-15T10:30;2018-12-15T10:45;43;kWh;0;37319;0;0;37319;37319
2018-12-15T10:45;2018-12-15T11:00;44;kWh;0;11908;0;0;11908;11908
2018-12-15T11:00;2018-12-15T11:15;45;kWh;0;57701;0;0;57701;57701
2018-12-15T11:15;2018-12-15T11:30;46;kWh;0;51887;0;0;51887;51887
2018-12-15T11:30;2018-12-15T11:45;47;kWh;0;37007;0;0;37007;37007
2018-12-15T11:45;2018-12-15T12:00;48;kWh;0;33600;0;0;33600;33600
2018-12-15T12:00;2018-12-15T12:15;49;kWh;0;14821;0;0;14821;14821
2018-12-15T12:15;2018-12-15T12:30;50;kWh;0;17100;0;0;17100;17100
2018-12-15T12:30;2018-12-15T12:45;51;kWh;0;32523;0;0;32523;32523
2018-12-15T12:45;2018-12-15T13:00;52;kWh;0;50072;0;0;55072;55072
2018-12-15T13:00;2018-12-15T13:15;53;kWh;0;38737;0;0;39987;39987
2018-12-15T13:15;2018-12-15T13:30;54;kWh;0;48188;0;0;48188;48188
2018-12-15T13:30;2018-12-15T13:45;55;kWh;0;45062;0;0;45062;45062
2018-12-15T13:45;2018-12-15T14:00;56;kWh;0;39009;0;0;40259;40259
2018-12-15T14:00;2018-12-15T14:15;57;kWh;0;11743;0;0;11743;11743
2018-12-15T14:15;2018-12-15T14:30;58;kWh;0;15682;0;0;15682;15682
2018-12-15T14:30;2018-12-15T14:45;59;kWh;0;2445;0;0;2445;2445
2018-12-15T14:45;2018-12-15T15:00;60;kWh;-92;0;0;0;92;-92
2018-12-15T15:00;2018-12-15T15:15;61;kWh;-2818;0;0;0;2818;-2818
2018-12-15T15:15;2018-12-15T15:30;62;kWh;-3101;0;0;0;3101;-3101
2018-12-15T15:30;2018-12-15T15:45;63;kWh;-1872;0;0;0;1872;-1872
2018-12-15T15:45;2018-12-15T16:00;64;kWh;-5773;0;0;0;5773;-5773
2018-12-15T16:00;2018-12-15T16:15;65;kWh;-18061;0;0;0;18061;-18061
2018-12-15T16:15;2018-12-15T16:30;66;kWh;-11951;0;0;0;11951;-11951
2018-12-15T16:30;2018-12-15T16:45;67;kWh;-2216;0;0;0;2216;-2216
2018-12-15T16:45;2018-12-15T17:00;68;kWh;-241;0;0;0;241;-241
2018-12-15T17:00;2018-12-15T17:15;69;kWh;-25741;0;0;0;25741;-25741
2018-12-15T17:15;2018-12-15T17:30;70;kWh;-8436;0;0;0;8436;-8436
2018-12-15T17:30;2018-12-15T17:45;71;kWh;-14365;0;0;0;14365;-14365
2018-12-15T17:45;2018-12-15T18:00;72;kWh;-17408;0;0;0;17408;-17408
2018-12-15T18:00;2018-12-15T18:15;73;kWh;-30323;0;0;0;30323;-30323
2018-12-15T18:15;2018-12-15T18:30;74;kWh;-51633;0;0;0;51633;-51633
2018-12-15T18:30;2018-12-15T18:45;75;kWh;-66671;0;0;0;66671;-66671
2018-12-15T18:45;2018-12-15T19:00;76;kWh;-92158;0;0;0;92158;-92158
2018-12-15T19:00;2018-12-15T19:15;77;kWh;-26583;5974;0;0;32557;-20609
2018-12-15T19:15;2018-12-15T19:30;78;kWh;-40275;0;0;0;40275;-40275
2018-12-15T19:30;2018-12-15T19:45;79;kWh;-24131;0;0;0;24131;-24131
2018-12-15T19:45;2018-12-15T20:00;80;kWh;-34354;0;0;0;34354;-34354
2018-12-15T20:00;2018-12-15T20:15;81;kWh;-5657;25871;0;0;31528;20214
2018-12-15T20:15;2018-12-15T20:30;82;kWh;0;16529;0;0;16529;16529
2018-12-15T20:30;2018-12-15T20:45;83;kWh;-10618;64;0;0;10682;-10554
2018-12-15T20:45;2018-12-15T21:00;84;kWh;-34149;0;0;0;34149;-34149
2018-12-15T21:00;2018-12-15T21:15;85;kWh;-11243;499;0;0;11742;-10744
2018-12-15T21:15;2018-12-15T21:30;86;kWh;-5573;0;0;0;5573;-5573
2018-12-15T21:30;2018-12-15T21:45;87;kWh;-21053;0;0;0;21053;-21053
2018-12-15T21:45;2018-12-15T22:00;88;kWh;-25608;0;0;0;25608;-25608
2018-12-15T22:00;2018-12-15T22:15;89;kWh;-15022;0;0;0;15022;-15022
2018-12-15T22:15;2018-12-15T22:30;90;kWh;-1704;0;0;0;1704;-1704
2018-12-15T22:30;2018-12-15T22:45;91;kWh;-3982;0;0;0;3982;-3982
2018-12-15T22:45;2018-12-15T23:00;92;kWh;-457;12216;0;0;12673;11759
2018-12-15T23:00;2018-12-15T23:15;93;kWh;-13541;3585;0;0;17126;-9956
2018-12-15T23:15;2018-12-15T23:30;94;kWh;-7660;0;0;0;7660;-7660
2018-12-15T23:30;2018-12-15T23:45;95;kWh;-1522;888;0;0;2410;-634
2018-12-15T23:45;2018-12-16T00:00;96;kWh;-12892;404;0;0;13296;-12488
2018-12-16T00:00;2018-12-16T00:15;1;kWh;-6575;4863;0;0;11438;-1712
2018-12-16T00:15;2018-12-16T00:30;2;kWh;-1359;241;0;0;1600;-1118
2018-12-16T00:30;2018-12-16T00:45;3;kWh;0;8049;0;0;8049;8049
2018-12-16T00:45;2018-12-16T01:00;4;kWh;0;2873;0;0;2873;2873
2018-12-16T01:00;2018-12-16T01:15;5;kWh;0;41681;0;0;41681;41681
2018-12-16T01:15;2018-12-16T01:30;6;kWh;0;78922;0;0;78922;78922
2018-12-16T01:30;2018-12-16T01:45;7;kWh;0;80386;0;0;80386;80386
2018-12-16T01:45;2018-12-16T02:00;8;kWh;0;33492;0;0;33492;33492
2018-12-16T02:00;2018-12-16T02:15;9;kWh;0;45201;0;0;45201;45201
2018-12-16T02:15;2018-12-16T02:30;10;kWh;0;23235;0;0;23235;23235
2018-12-16T02:30;2018-12-16T02:45;11;kWh;0;12193;0;0;12193;12193
2018-12-16T02:45;2018-12-16T03:00;12;kWh;0;12441;0;0;12441;12441
2018-12-16T03:00;2018-12-16T03:15;13;kWh;0;32229;0;0;32229;32229
2018-12-16T03:15;2018-12-16T03:30;14;kWh;0;46865;0;0;46865;46865
2018-12-16T03:30;2018-12-16T03:45;15;kWh;0;30021;0;0;30021;30021
2018-12-16T03:45;2018-12-16T04:00;16;kWh;0;42790;0;0;42790;42790
2018-12-16T04:00;2018-12-16T04:15;17;kWh;-88;21877;0;0;21965;21789
2018-12-16T04:15;2018-12-16T04:30;18;kWh;-752;5620;0;0;6372;4868
2018-12-16T04:30;2018-12-16T04:45;19;kWh;0;22667;0;0;22667;22667
2018-12-16T04:45;2018-12-16T05:00;20;kWh;0;47953;0;0;47953;47953
2018-12-16T05:00;2018-12-16T05:15;21;kWh;-4548;16444;0;0;20992;11896
2018-12-16T05:15;2018-12-16T05:30;22;kWh;-622;376;0;0;998;-246
2018-12-16T05:30;2018-12-16T05:45;23;kWh;0;8091;0;0;8091;8091
2018-12-16T05:45;2018-12-16T06:00;24;kWh;0;32464;0;0;32464;32464
2018-12-16T06:00;2018-12-16T06:15;25;kWh;0;19603;0;0;19603;19603
2018-12-16T06:15;2018-12-16T06:30;26;kWh;0;7133;0;0;7133;7133
2018-12-16T06:30;2018-12-16T06:45;27;kWh;0;26434;0;0;26434;26434
2018-12-16T06:45;2018-12-16T07:00;28;kWh;0;29521;0;0;29521;29521
2018-12-16T07:00;2018-12-16T07:15;29;kWh;0;18730;0;0;18730;18730
2018-12-16T07:15;2018-12-16T07:30;30;kWh;0;5880;0;0;5880;5880
2018-12-16T07:30;2018-12-16T07:45;31;kWh;0;40021;0;0;40021;40021
2018-12-16T07:45;2018-12-16T08:00;32;kWh;-7;42744;0;0;42751;42737
2018-12-16T08:00;2018-12-16T08:15;33;kWh;-26776;5335;0;0;32111;-21441
2018-12-16T08:15;2018-12-16T08:30;34;kWh;-927;4183;0;0;5110;3256
2018-12-16T08:30;2018-12-16T08:45;35;kWh;-1150;4199;0;0;5349;3049
2018-12-16T08:45;2018-12-16T09:00;36;kWh;-251;855;0;0;1106;604
2018-12-16T09:00;2018-12-16T09:15;37;kWh;0;22987;0;0;22987;22987
2018-12-16T09:15;2018-12-16T09:30;38;kWh;0;6770;0;0;6770;6770
2018-12-16T09:30;2018-12-16T09:45;39;kWh;0;50717;0;0;50717;50717
2018-12-16T09:45;2018-12-16T10:00;40;kWh;0;94273;0;0;94273;94273
2018-12-16T10:00;2018-12-16T10:15;41;kWh;0;30450;0;0;30450;30450
2018-12-16T10:15;2018-12-16T10:30;42;kWh;0;64875;0;0;64875;64875
2018-12-16T10:30;2018-12-16T10:45;43;kWh;0;109761;0;0;109761;109761
2018-12-16T10:45;2018-12-16T11:00;44;kWh;0;109554;0;0;114554;114554
2018-12-16T11:00;2018-12-16T11:15;45;kWh;0;41280;0;0;41280;41280
2018-12-16T11:15;2018-12-16T11:30;46;kWh;0;71751;0;0;71751;71751
2018-12-16T11:30;2018-12-16T11:45;47;kWh;0;84533;0;0;84533;84533
2018-12-16T11:45;2018-12-16T12:00;48;kWh;0;103317;0;0;103317;103317
2018-12-16T12:00;2018-12-16T12:15;49;kWh;0;81460;0;0;81460;81460
2018-12-16T12:15;2018-12-16T12:30;50;kWh;0;21147;0;0;21147;21147
2018-12-16T12:30;2018-12-16T12:45;51;kWh;0;51909;0;0;51909;51909
2018-12-16T12:45;2018-12-16T13:00;52;kWh;0;50818;0;0;50818;50818
2018-12-16T13:00;2018-12-16T13:15;53;kWh;0;59088;0;0;59088;59088
2018-12-16T13:15;2018-12-16T13:30;54;kWh;0;51357;0;0;51357;51357
2018-12-16T13:30;2018-12-16T13:45;55;kWh;0;37838;0;0;37838;37838
2018-12-16T13:45;2018-12-16T14:00;56;kWh;0;31232;0;0;31232;31232
2018-12-16T14:00;2018-12-16T14:15;57;kWh;0;35535;0;0;35535;35535
2018-12-16T14:15;2018-12-16T14:30;58;kWh;0;31762;0;0;31762;31762
2018-12-16T14:30;2018-12-16T14:45;59;kWh;0;12603;0;0;12603;12603
2018-12-16T14:45;2018-12-16T15:00;60;kWh;0;7150;0;0;7150;7150
2018-12-16T15:00;2018-12-16T15:15;61;kWh;0;3305;0;0;3305;3305
2018-12-16T15:15;2018-12-16T15:30;62;kWh;0;13055;0;0;13055;13055
2018-12-16T15:30;2018-12-16T15:45;63;kWh;0;30135;0;0;30135;30135
2018-12-16T15:45;2018-12-16T16:00;64;kWh;0;24668;0;0;24668;24668
2018-12-16T16:00;2018-12-16T16:15;65;kWh;-3586;4249;0;0;7835;663
2018-12-16T16:15;2018-12-16T16:30;66;kWh;0;394;0;0;394;394
2018-12-16T16:30;2018-12-16T16:45;67;kWh;0;34603;0;0;34603;34603
2018-12-16T16:45;2018-12-16T17:00;68;kWh;0;49037;0;0;49037;49037
2018-12-16T17:00;2018-12-16T17:15;69;kWh;-1741;10974;0;0;12715;9233
2018-12-16T17:15;2018-12-16T17:30;70;kWh;0;0;0;0;0;0
2018-12-16T17:30;2018-12-16T17:45;71;kWh;0;113;0;0;113;113
2018-12-16T17:45;2018-12-16T18:00;72;kWh;0;1231;0;0;1231;1231
2018-12-16T18:00;2018-12-16T18:15;73;kWh;0;27003;0;0;27003;27003
2018-12-16T18:15;2018-12-16T18:30;74;kWh;0;25213;0;0;25213;25213
2018-12-16T18:30;2018-12-16T18:45;75;kWh;-16;1664;0;0;1680;1648
2018-12-16T18:45;2018-12-16T19:00;76;kWh;-36;0;0;0;36;-36
2018-12-16T19:00;2018-12-16T19:15;77;kWh;0;27144;0;0;27144;27144
2018-12-16T19:15;2018-12-16T19:30;78;kWh;-3;52979;0;0;52982;52976
2018-12-16T19:30;2018-12-16T19:45;79;kWh;-555;1430;0;0;1985;875
2018-12-16T19:45;2018-12-16T20:00;80;kWh;-2607;0;0;0;2607;-2607
2018-12-16T20:00;2018-12-16T20:15;81;kWh;-1254;0;0;0;1254;-1254
2018-12-16T20:15;2018-12-16T20:30;82;kWh;0;0;0;0;0;0
2018-12-16T20:30;2018-12-16T20:45;83;kWh;-6820;0;0;0;6820;-6820
2018-12-16T20:45;2018-12-16T21:00;84;kWh;-35273;0;0;0;35273;-35273
2018-12-16T21:00;2018-12-16T21:15;85;kWh;-10294;19848;0;0;30142;9554
2018-12-16T21:15;2018-12-16T21:30;86;kWh;0;7860;0;0;7860;7860
2018-12-16T21:30;2018-12-16T21:45;87;kWh;0;2919;0;0;2919;2919
2018-12-16T21:45;2018-12-16T22:00;88;kWh;-1258;0;0;0;1258;-1258
2018-12-16T22:00;2018-12-16T22:15;89;kWh;-1112;0;0;0;1112;-1112
2018-12-16T22:15;2018-12-16T22:30;90;kWh;0;0;0;0;0;0
2018-12-16T22:30;2018-12-16T22:45;91;kWh;0;0;0;0;0;0
2018-12-16T22:45;2018-12-16T23:00;92;kWh;-5178;0;0;0;5178;-5178
2018-12-16T23:00;2018-12-16T23:15;93;kWh;-2682;878;0;0;3560;-1804
2018-12-16T23:15;2018-12-16T23:30;94;kWh;0;0;0;0;0;0
2018-12-16T23:30;2018-12-16T23:45;95;kWh;0;0;0;0;0;0
2018-12-16T23:45;2018-12-17T00:00;96;kWh;0;0;0;0;0;0
2018-12-17T00:00;2018-12-17T00:15;1;kWh;-2231;0;0;0;2231;-2231
2018-12-17T00:15;2018-12-17T00:30;2;kWh;-4760;0;0;0;4760;-4760
2018-12-17T00:30;2018-12-17T00:45;3;kWh;-23139;0;0;0;23139;-23139
2018-12-17T00:45;2018-12-17T01:00;4;kWh;-30383;0;0;0;30383;-30383
2018-12-17T01:00;2018-12-17T01:15;5;kWh;-35346;38;0;0;35384;-35308
2018-12-17T01:15;2018-12-17T01:30;6;kWh;-6157;2315;0;0;8472;-3842
2018-12-17T01:30;2018-12-17T01:45;7;kWh;-14606;0;0;0;14606;-14606
2018-12-17T01:45;2018-12-17T02:00;8;kWh;-13289;0;0;0;13289;-13289
2018-12-17T02:00;2018-12-17T02:15;9;kWh;-8381;0;0;0;8381;-8381
2018-12-17T02:15;2018-12-17T02:30;10;kWh;-3;0;0;0;3;-3
2018-12-17T02:30;2018-12-17T02:45;11;kWh;0;0;0;0;0;0
2018-12-17T02:45;2018-12-17T03:00;12;kWh;-1490;0;0;0;1490;-1490
2018-12-17T03:00;2018-12-17T03:15;13;kWh;-1156;0;0;0;1156;-1156
2018-12-17T03:15;2018-12-17T03:30;14;kWh;-16;0;0;0;16;-16
2018-12-17T03:30;2018-12-17T03:45;15;kWh;-5725;0;0;0;5725;-5725
2018-12-17T03:45;2018-12-17T04:00;16;kWh;-6646;0;0;0;6646;-6646
2018-12-17T04:00;2018-12-17T04:15;17;kWh;-675;0;0;0;675;-675
2018-12-17T04:15;2018-12-17T04:30;18;kWh;-3012;0;0;0;3012;-3012
2018-12-17T04:30;2018-12-17T04:45;19;kWh;-1194;0;0;0;1194;-1194
2018-12-17T04:45;2018-12-17T05:00;20;kWh;-2248;0;0;0;2248;-2248
2018-12-17T05:00;2018-12-17T05:15;21;kWh;-10740;0;0;0;10740;-10740
2018-12-17T05:15;2018-12-17T05:30;22;kWh;-28384;0;0;0;28384;-28384
2018-12-17T05:30;2018-12-17T05:45;23;kWh;-3277;0;0;0;3277;-3277
2018-12-17T05:45;2018-12-17T06:00;24;kWh;-23977;0;0;0;23977;-23977
2018-12-17T06:00;2018-12-17T06:15;25;kWh;-51981;0;0;0;51981;-51981
2018-12-17T06:15;2018-12-17T06:30;26;kWh;-42142;0;0;0;42142;-42142
2018-12-17T06:30;2018-12-17T06:45;27;kWh;-10020;415;0;0;10435;-9605
2018-12-17T06:45;2018-12-17T07:00;28;kWh;0;22542;0;0;22542;22542
2018-12-17T07:00;2018-12-17T07:15;29;kWh;-46950;3766;0;0;50716;-43184
2018-12-17T07:15;2018-12-17T07:30;30;kWh;-21413;0;0;0;21413;-21413
2018-12-17T07:30;2018-12-17T07:45;31;kWh;-249;0;0;0;249;-249
2018-12-17T07:45;2018-12-17T08:00;32;kWh;0;1234;0;0;1234;1234
2018-12-17T08:00;2018-12-17T08:15;33;kWh;0;6;0;0;6;6
2018-12-17T08:15;2018-12-17T08:30;34;kWh;0;0;0;0;0;0
2018-12-17T08:30;2018-12-17T08:45;35;kWh;0;15965;0;0;15965;15965
2018-12-17T08:45;2018-12-17T09:00;36;kWh;0;19667;0;0;19667;19667
2018-12-17T09:00;2018-12-17T09:15;37;kWh;0;20398;0;0;20398;20398
2018-12-17T09:15;2018-12-17T09:30;38;kWh;0;22462;0;0;22462;22462
2018-12-17T09:30;2018-12-17T09:45;39;kWh;0;13218;0;0;13218;13218
2018-12-17T09:45;2018-12-17T10:00;40;kWh;0;299;0;0;299;299
2018-12-17T10:00;2018-12-17T10:15;41;kWh;0;3285;0;0;3285;3285
2018-12-17T10:15;2018-12-17T10:30;42;kWh;0;371;0;0;371;371
2018-12-17T10:30;2018-12-17T10:45;43;kWh;0;522;0;0;522;522
2018-12-17T10:45;2018-12-17T11:00;44;kWh;0;0;0;0;0;0
2018-12-17T11:00;2018-12-17T11:15;45;kWh;0;0;0;0;0;0
2018-12-17T11:15;2018-12-17T11:30;46;kWh;0;0;0;0;0;0
2018-12-17T11:30;2018-12-17T11:45;47;kWh;0;1458;0;0;1458;1458
2018-12-17T11:45;2018-12-17T12:00;48;kWh;0;2632;0;0;2632;2632
2018-12-17T12:00;2018-12-17T12:15;49;kWh;0;10124;0;0;10124;10124
2018-12-17T12:15;2018-12-17T12:30;50;kWh;0;13561;0;0;13561;13561
2018-12-17T12:30;2018-12-17T12:45;51;kWh;0;5246;0;0;5246;5246
2018-12-17T12:45;2018-12-17T13:00;52;kWh;0;1646;0;0;1646;1646
2018-12-17T13:00;2018-12-17T13:15;53;kWh;0;19589;0;0;19589;19589
2018-12-17T13:15;2018-12-17T13:30;54;kWh;0;7091;0;0;7091;7091
2018-12-17T13:30;2018-12-17T13:45;55;kWh;0;0;0;0;0;0
2018-12-17T13:45;2018-12-17T14:00;56;kWh;0;0;0;0;0;0
2018-12-17T14:00;2018-12-17T14:15;57;kWh;0;833;0;0;833;833
2018-12-17T14:15;2018-12-17T14:30;58;kWh;0;75;0;0;75;75
2018-12-17T14:30;2018-12-17T14:45;59;kWh;-120;0;0;0;120;-120
2018-12-17T14:45;2018-12-17T15:00;60;kWh;-821;0;0;0;821;-821
2018-12-17T15:00;2018-12-17T15:15;61;kWh;0;1611;0;0;1611;1611
2018-12-17T15:15;2018-12-17T15:30;62;kWh;0;1552;0;0;1552;1552
2018-12-17T15:30;2018-12-17T15:45;63;kWh;0;1170;0;0;1170;1170
2018-12-17T15:45;2018-12-17T16:00;64;kWh;0;7227;0;0;7227;7227
2018-12-17T16:00;2018-12-17T16:15;65;kWh;-20185;2262;0;0;22447;-17923
2018-12-17T16:15;2018-12-17T16:30;66;kWh;-26020;0;0;0;26020;-26020
2018-12-17T16:30;2018-12-17T16:45;67;kWh;-18543;0;0;0;18543;-18543
2018-12-17T16:45;2018-12-17T17:00;68;kWh;-9083;478;0;0;9561;-8605
2018-12-17T17:00;2018-12-17T17:15;69;kWh;-347;0;0;0;347;-347
2018-12-17T17:15;2018-12-17T17:30;70;kWh;0;0;0;0;0;0
2018-12-17T17:30;2018-12-17T17:45;71;kWh;0;0;0;0;0;0
2018-12-17T17:45;2018-12-17T18:00;72;kWh;0;0;0;0;0;0
2018-12-17T18:00;2018-12-17T18:15;73;kWh;0;1164;0;0;1164;1164
2018-12-17T18:15;2018-12-17T18:30;74;kWh;0;0;0;0;0;0
2018-12-17T18:30;2018-12-17T18:45;75;kWh;-71;0;0;0;71;-71
2018-12-17T18:45;2018-12-17T19:00;76;kWh;-7252;0;0;0;7252;-7252
2018-12-17T19:00;2018-12-17T19:15;77;kWh;-11324;195;0;0;11519;-11129
2018-12-17T19:15;2018-12-17T19:30;78;kWh;-806;1208;0;0;2014;402
2018-12-17T19:30;2018-12-17T19:45;79;kWh;-23245;0;0;0;23245;-23245
2018-12-17T19:45;2018-12-17T20:00;80;kWh;-58870;0;0;0;58870;-58870
2018-12-17T20:00;2018-12-17T20:15;81;kWh;-27491;0;0;0;27491;-27491
2018-12-17T20:15;2018-12-17T20:30;82;kWh;-36979;0;0;0;36979;-36979
2018-12-17T20:30;2018-12-17T20:45;83;kWh;-57070;0;0;0;57070;-57070
2018-12-17T20:45;2018-12-17T21:00;84;kWh;-60302;0;0;0;60302;-60302
2018-12-17T21:00;2018-12-17T21:15;85;kWh;-43429;0;0;0;43429;-43429
2018-12-17T21:15;2018-12-17T21:30;86;kWh;-46970;0;0;0;46970;-46970
2018-12-17T21:30;2018-12-17T21:45;87;kWh;-65440;0;0;0;65440;-65440
2018-12-17T21:45;2018-12-17T22:00;88;kWh;-66478;0;0;0;66478;-66478
2018-12-17T22:00;2018-12-17T22:15;89;kWh;-37644;0;0;0;37644;-37644
2018-12-17T22:15;2018-12-17T22:30;90;kWh;-33630;0;0;0;33630;-33630
2018-12-17T22:30;2018-12-17T22:45;91;kWh;-89244;0;0;0;89244;-89244
2018-12-17T22:45;2018-12-17T23:00;92;kWh;-103085;0;0;0;103085;-103085
2018-12-17T23:00;2018-12-17T23:15;93;kWh;-84914;0;0;0;84914;-84914
2018-12-17T23:15;2018-12-17T23:30;94;kWh;-16801;0;0;0;16801;-16801
2018-12-17T23:30;2018-12-17T23:45;95;kWh;-54759;0;0;0;54759;-54759
2018-12-17T23:45;2018-12-18T00:00;96;kWh;-58723;0;0;0;58723;-58723
2018-12-18T00:00;2018-12-18T00:15;1;kWh;-32178;2658;0;0;34836;-29520
2018-12-18T00:15;2018-12-18T00:30;2;kWh;-21794;0;0;0;21794;-21794
2018-12-18T00:30;2018-12-18T00:45;3;kWh;-11048;0;0;0;11048;-11048
2018-12-18T00:45;2018-12-18T01:00;4;kWh;-35310;0;0;0;35310;-35310
2018-12-18T01:00;2018-12-18T01:15;5;kWh;-11743;5516;0;0;17259;-6227
2018-12-18T01:15;2018-12-18T01:30;6;kWh;0;3850;0;0;3850;3850
2018-12-18T01:30;2018-12-18T01:45;7;kWh;0;9;0;0;9;9
2018-12-18T01:45;2018-12-18T02:00;8;kWh;0;0;0;0;0;0
2018-12-18T02:00;2018-12-18T02:15;9;kWh;0;20854;0;0;20854;20854
2018-12-18T02:15;2018-12-18T02:30;10;kWh;0;19902;0;0;19902;19902
2018-12-18T02:30;2018-12-18T02:45;11;kWh;0;2127;0;0;2127;2127
2018-12-18T02:45;2018-12-18T03:00;12;kWh;0;1570;0;0;1570;1570
2018-12-18T03:00;2018-12-18T03:15;13;kWh;0;14963;0;0;14963;14963
2018-12-18T03:15;2018-12-18T03:30;14;kWh;0;14583;0;0;14583;14583
2018-12-18T03:30;2018-12-18T03:45;15;kWh;0;21;0;0;21;21
2018-12-18T03:45;2018-12-18T04:00;16;kWh;0;0;0;0;0;0
2018-12-18T04:00;2018-12-18T04:15;17;kWh;-19526;0;0;0;19526;-19526
2018-12-18T04:15;2018-12-18T04:30;18;kWh;-17224;0;0;0;17224;-17224
2018-12-18T04:30;2018-12-18T04:45;19;kWh;0;0;0;0;0;0
2018-12-18T04:45;2018-12-18T05:00;20;kWh;0;0;0;0;0;0
2018-12-18T05:00;2018-12-18T05:15;21;kWh;-928;0;0;0;928;-928
2018-12-18T05:15;2018-12-18T05:30;22;kWh;0;443;0;0;443;443
2018-12-18T05:30;2018-12-18T05:45;23;kWh;0;4618;0;0;4618;4618
2018-12-18T05:45;2018-12-18T06:00;24;kWh;0;15742;0;0;15742;15742
2018-12-18T06:00;2018-12-18T06:15;25;kWh;0;8723;0;0;8723;8723
2018-12-18T06:15;2018-12-18T06:30;26;kWh;0;26102;0;0;26102;26102
2018-12-18T06:30;2018-12-18T06:45;27;kWh;0;86931;0;0;86931;86931
2018-12-18T06:45;2018-12-18T07:00;28;kWh;0;119344;0;0;119344;119344
2018-12-18T07:00;2018-12-18T07:15;29;kWh;-15679;33797;0;0;49476;18118
2018-12-18T07:15;2018-12-18T07:30;30;kWh;-5128;315;0;0;5443;-4813
2018-12-18T07:30;2018-12-18T07:45;31;kWh;0;37763;0;0;37763;37763
2018-12-18T07:45;2018-12-18T08:00;32;kWh;0;86257;0;0;86257;86257
2018-12-18T08:00;2018-12-18T08:15;33;kWh;-1258;42884;0;0;44142;41626
2018-12-18T08:15;2018-12-18T08:30;34;kWh;-6;0;0;0;6;-6
2018-12-18T08:30;2018-12-18T08:45;35;kWh;0;0;0;0;0;0
2018-12-18T08:45;2018-12-18T09:00;36;kWh;0;0;0;0;0;0
2018-12-18T09:00;2018-12-18T09:15;37;kWh;0;355;0;0;355;355
2018-12-18T09:15;2018-12-18T09:30;38;kWh;0;0;0;0;0;0
2018-12-18T09:30;2018-12-18T09:45;39;kWh;-3;0;0;0;3;-3
2018-12-18T09:45;2018-12-18T10:00;40;kWh;-6493;0;0;0;6493;-6493
2018-12-18T10:00;2018-12-18T10:15;41;kWh;-493;0;0;0;493;-493
2018-12-18T10:15;2018-12-18T10:30;42;kWh;0;0;0;0;0;0
2018-12-18T10:30;2018-12-18T10:45;43;kWh;0;0;0;0;0;0
2018-12-18T10:45;2018-12-18T11:00;44;kWh;-6775;0;0;0;6775;-6775
2018-12-18T11:00;2018-12-18T11:15;45;kWh;-18710;0;0;0;18710;-18710
2018-12-18T11:15;2018-12-18T11:30;46;kWh;0;0;0;0;0;0
2018-12-18T11:30;2018-12-18T11:45;47;kWh;0;0;0;0;0;0
2018-12-18T11:45;2018-12-18T12:00;48;kWh;0;0;0;0;0;0
2018-12-18T12:00;2018-12-18T12:15;49;kWh;0;2660;0;0;2660;2660
2018-12-18T12:15;2018-12-18T12:30;50;kWh;0;222;0;0;222;222
2018-12-18T12:30;2018-12-18T12:45;51;kWh;0;0;0;0;0;0
2018-12-18T12:45;2018-12-18T13:00;52;kWh;0;0;0;0;0;0
2018-12-18T13:00;2018-12-18T13:15;53;kWh;0;658;0;0;658;658
2018-12-18T13:15;2018-12-18T13:30;54;kWh;0;623;0;0;623;623
2018-12-18T13:30;2018-12-18T13:45;55;kWh;0;987;0;0;987;987
2018-12-18T13:45;2018-12-18T14:00;56;kWh;0;1686;0;0;1686;1686
2018-12-18T14:00;2018-12-18T14:15;57;kWh;0;7614;0;0;7614;7614
2018-12-18T14:15;2018-12-18T14:30;58;kWh;0;43146;0;0;43146;43146
2018-12-18T14:30;2018-12-18T14:45;59;kWh;0;57577;0;0;57577;57577
2018-12-18T14:45;2018-12-18T15:00;60;kWh;0;67471;0;0;67471;67471
2018-12-18T15:00;2018-12-18T15:15;61;kWh;-1174;18509;0;0;19683;17335
2018-12-18T15:15;2018-12-18T15:30;62;kWh;0;35;0;0;35;35
2018-12-18T15:30;2018-12-18T15:45;63;kWh;0;885;0;0;885;885
2018-12-18T15:45;2018-12-18T16:00;64;kWh;0;0;0;0;0;0
2018-12-18T16:00;2018-12-18T16:15;65;kWh;-24;366;0;0;390;342
2018-12-18T16:15;2018-12-18T16:30;66;kWh;-3565;0;0;0;3565;-3565
2018-12-18T16:30;2018-12-18T16:45;67;kWh;-2866;0;0;0;2866;-2866
2018-12-18T16:45;2018-12-18T17:00;68;kWh;-15;17247;0;0;17262;17232
2018-12-18T17:00;2018-12-18T17:15;69;kWh;-716;14051;0;0;14767;13335
2018-12-18T17:15;2018-12-18T17:30;70;kWh;-460;4956;0;0;5416;4496
2018-12-18T17:30;2018-12-18T17:45;71;kWh;0;106;0;0;106;106
2018-12-18T17:45;2018-12-18T18:00;72;kWh;-93;0;0;0;93;-93
2018-12-18T18:00;2018-12-18T18:15;73;kWh;-14;767;0;0;781;753
2018-12-18T18:15;2018-12-18T18:30;74;kWh;-8981;470;0;0;9451;-8511
2018-12-18T18:30;2018-12-18T18:45;75;kWh;-28344;0;0;0;28344;-28344
2018-12-18T18:45;2018-12-18T19:00;76;kWh;-35049;0;0;0;35049;-35049
2018-12-18T19:00;2018-12-18T19:15;77;kWh;-19616;5914;0;0;25530;-13702
2018-12-18T19:15;2018-12-18T19:30;78;kWh;-3928;4826;0;0;8754;898
2018-12-18T19:30;2018-12-18T19:45;79;kWh;-14688;0;0;0;14688;-14688
2018-12-18T19:45;2018-12-18T20:00;80;kWh;-24577;0;0;0;24577;-24577
2018-12-18T20:00;2018-12-18T20:15;81;kWh;-26805;691;0;0;27496;-26114
2018-12-18T20:15;2018-12-18T20:30;82;kWh;-896;9674;0;0;10570;8778
2018-12-18T20:30;2018-12-18T20:45;83;kWh;-1196;0;0;0;1196;-1196
2018-12-18T20:45;2018-12-18T21:00;84;kWh;0;16614;0;0;16614;16614
2018-12-18T21:00;2018-12-18T21:15;85;kWh;-537;3892;0;0;4429;3355
2018-12-18T21:15;2018-12-18T21:30;86;kWh;-88;1154;0;0;1242;1066
2018-12-18T21:30;2018-12-18T21:45;87;kWh;-22421;0;0;0;22421;-22421
2018-12-18T21:45;2018-12-18T22:00;88;kWh;-4512;5798;0;0;10310;1286
2018-12-18T22:00;2018-12-18T22:15;89;kWh;0;59082;0;0;59082;59082
2018-12-18T22:15;2018-12-18T22:30;90;kWh;0;46099;0;0;46099;46099
2018-12-18T22:30;2018-12-18T22:45;91;kWh;-14065;2011;0;0;16076;-12054
2018-12-18T22:45;2018-12-18T23:00;92;kWh;-36619;0;0;0;36619;-36619
2018-12-18T23:00;2018-12-18T23:15;93;kWh;-8013;22261;0;0;30274;14248
2018-12-18T23:15;2018-12-18T23:30;94;kWh;0;25705;0;0;25705;25705
2018-12-18T23:30;2018-12-18T23:45;95;kWh;-9891;2239;0;0;12130;-7652
2018-12-18T23:45;2018-12-19T00:00;96;kWh;-5010;2888;0;0;7898;-2122
2018-12-19T00:00;2018-12-19T00:15;1;kWh;-11377;0;0;0;11377;-11377
2018-12-19T00:15;2018-12-19T00:30;2;kWh;-4326;0;0;0;4326;-4326
2018-12-19T00:30;2018-12-19T00:45;3;kWh;-17105;0;0;0;17105;-17105
2018-12-19T00:45;2018-12-19T01:00;4;kWh;-12139;0;0;0;12139;-12139
2018-12-19T01:00;2018-12-19T01:15;5;kWh;-11225;1530;0;0;12755;-9695
2018-12-19T01:15;2018-12-19T01:30;6;kWh;-5845;0;0;0;5845;-5845
2018-12-19T01:30;2018-12-19T01:45;7;kWh;-29664;0;0;0;29664;-29664
2018-12-19T01:45;2018-12-19T02:00;8;kWh;-29162;0;0;0;29162;-29162
2018-12-19T02:00;2018-12-19T02:15;9;kWh;-19851;61;0;0;19912;-19790
2018-12-19T02:15;2018-12-19T02:30;10;kWh;-7586;117;0;0;7703;-7469
2018-12-19T02:30;2018-12-19T02:45;11;kWh;-40715;0;0;0;40715;-40715
2018-12-19T02:45;2018-12-19T03:00;12;kWh;-57308;0;0;0;57308;-57308
2018-12-19T03:00;2018-12-19T03:15;13;kWh;-25762;210;0;0;25972;-25552
2018-12-19T03:15;2018-12-19T03:30;14;kWh;-3844;771;0;0;4615;-3073
2018-12-19T03:30;2018-12-19T03:45;15;kWh;-12927;0;0;0;12927;-12927
2018-12-19T03:45;2018-12-19T04:00;16;kWh;-4179;0;0;0;4179;-4179
2018-12-19T04:00;2018-12-19T04:15;17;kWh;0;245;0;0;245;245
2018-12-19T04:15;2018-12-19T04:30;18;kWh;0;7217;0;0;7217;7217
2018-12-19T04:30;2018-12-19T04:45;19;kWh;0;25222;0;0;25222;25222
2018-12-19T04:45;2018-12-19T05:00;20;kWh;0;40424;0;0;40424;40424
2018-12-19T05:00;2018-12-19T05:15;21;kWh;-5415;11340;0;0;16755;5925
2018-12-19T05:15;2018-12-19T05:30;22;kWh;-8526;195;0;0;8721;-8331
2018-12-19T05:30;2018-12-19T05:45;23;kWh;-393;15309;0;0;15702;14916
2018-12-19T05:45;2018-12-19T06:00;24;kWh;0;20201;0;0;20201;20201
2018-12-19T06:00;2018-12-19T06:15;25;kWh;-15875;5755;0;0;21630;-10120
2018-12-19T06:15;2018-12-19T06:30;26;kWh;-29244;2973;0;0;32217;-26271
2018-12-19T06:30;2018-12-19T06:45;27;kWh;-1;42105;0;0;42106;42104
2018-12-19T06:45;2018-12-19T07:00;28;kWh;0;22203;0;0;22203;22203
2018-12-19T07:00;2018-12-19T07:15;29;kWh;-37150;149;0;0;37299;-37001
2018-12-19T07:15;2018-12-19T07:30;30;kWh;-35604;339;0;0;35943;-35265
2018-12-19T07:30;2018-12-19T07:45;31;kWh;-262;23019;0;0;23281;22757
2018-12-19T07:45;2018-12-19T08:00;32;kWh;0;72793;0;0;72793;72793
2018-12-19T08:00;2018-12-19T08:15;33;kWh;-17057;28275;0;0;45332;11218
2018-12-19T08:15;2018-12-19T08:30;34;kWh;-4253;1124;0;0;5377;-3129
2018-12-19T08:30;2018-12-19T08:45;35;kWh;0;2;0;0;2;2
2018-12-19T08:45;2018-12-19T09:00;36;kWh;0;22377;0;0;22377;22377
2018-12-19T09:00;2018-12-19T09:15;37;kWh;0;29694;0;0;29694;29694
2018-12-19T09:15;2018-12-19T09:30;38;kWh;0;23335;0;0;23335;23335
2018-12-19T09:30;2018-12-19T09:45;39;kWh;0;27781;0;0;27781;27781
2018-12-19T09:45;2018-12-19T10:00;40;kWh;0;30309;0;0;30309;30309
2018-12-19T10:00;2018-12-19T10:15;41;kWh;0;18789;0;0;18789;18789
2018-12-19T10:15;2018-12-19T10:30;42;kWh;-856;2621;0;0;3477;1765
2018-12-19T10:30;2018-12-19T10:45;43;kWh;-1044;0;0;0;1044;-1044
2018-12-19T10:45;2018-12-19T11:00;44;kWh;-63;0;0;0;63;-63
2018-12-19T11:00;2018-12-19T11:15;45;kWh;-3810;0;0;0;3810;-3810
2018-12-19T11:15;2018-12-19T11:30;46;kWh;-1232;0;0;0;1232;-1232
2018-12-19T11:30;2018-12-19T11:45;47;kWh;-174;0;0;0;174;-174
2018-12-19T11:45;2018-12-19T12:00;48;kWh;-2282;0;0;0;2282;-2282
2018-12-19T12:00;2018-12-19T12:15;49;kWh;0;11380;0;0;11380;11380
2018-12-19T12:15;2018-12-19T12:30;50;kWh;0;53;0;0;53;53
2018-12-19T12:30;2018-12-19T12:45;51;kWh;0;11210;0;0;11210;11210
2018-12-19T12:45;2018-12-19T13:00;52;kWh;0;10113;0;0;10113;10113
2018-12-19T13:00;2018-12-19T13:15;53;kWh;0;8713;0;0;8713;8713
2018-12-19T13:15;2018-12-19T13:30;54;kWh;0;29907;0;0;29907;29907
2018-12-19T13:30;2018-12-19T13:45;55;kWh;0;25341;0;0;25341;25341
2018-12-19T13:45;2018-12-19T14:00;56;kWh;0;1745;0;0;1745;1745
2018-12-19T14:00;2018-12-19T14:15;57;kWh;0;6374;0;0;6374;6374
2018-12-19T14:15;2018-12-19T14:30;58;kWh;0;5022;0;0;5022;5022
2018-12-19T14:30;2018-12-19T14:45;59;kWh;0;27686;0;0;27686;27686
2018-12-19T14:45;2018-12-19T15:00;60;kWh;0;19615;0;0;19615;19615
2018-12-19T15:00;2018-12-19T15:15;61;kWh;0;6792;0;0;6792;6792
2018-12-19T15:15;2018-12-19T15:30;62;kWh;0;3374;0;0;3374;3374
2018-12-19T15:30;2018-12-19T15:45;63;kWh;0;29709;0;0;29709;29709
2018-12-19T15:45;2018-12-19T16:00;64;kWh;0;63652;0;0;63652;63652
2018-12-19T16:00;2018-12-19T16:15;65;kWh;-881;12177;0;0;13058;11296
2018-12-19T16:15;2018-12-19T16:30;66;kWh;0;0;0;0;0;0
2018-12-19T16:30;2018-12-19T16:45;67;kWh;0;1054;0;0;1054;1054
2018-12-19T16:45;2018-12-19T17:00;68;kWh;0;50227;0;0;50227;50227
2018-12-19T17:00;2018-12-19T17:15;69;kWh;-2102;19561;0;0;21663;17459
2018-12-19T17:15;2018-12-19T17:30;70;kWh;0;196;0;0;196;196
2018-12-19T17:30;2018-12-19T17:45;71;kWh;0;1140;0;0;1140;1140
2018-12-19T17:45;2018-12-19T18:00;72;kWh;0;151;0;0;151;151
2018-12-19T18:00;2018-12-19T18:15;73;kWh;0;11429;0;0;11429;11429
2018-12-19T18:15;2018-12-19T18:30;74;kWh;-2221;1382;0;0;3603;-839
2018-12-19T18:30;2018-12-19T18:45;75;kWh;-29326;0;0;0;29326;-29326
2018-12-19T18:45;2018-12-19T19:00;76;kWh;-44154;0;0;0;44154;-44154
2018-12-19T19:00;2018-12-19T19:15;77;kWh;-46602;1754;0;0;48356;-44848
2018-12-19T19:15;2018-12-19T19:30;78;kWh;-19679;950;0;0;20629;-18729
2018-12-19T19:30;2018-12-19T19:45;79;kWh;-59302;0;0;0;59302;-59302
2018-12-19T19:45;2018-12-19T20:00;80;kWh;-53970;0;0;0;53970;-53970
2018-12-19T20:00;2018-12-19T20:15;81;kWh;-17013;3999;0;0;21012;-13014
2018-12-19T20:15;2018-12-19T20:30;82;kWh;-3114;0;0;0;3114;-3114
2018-12-19T20:30;2018-12-19T20:45;83;kWh;-35252;0;0;0;35252;-35252
2018-12-19T20:45;2018-12-19T21:00;84;kWh;-50770;2;0;0;50772;-50768
2018-12-19T21:00;2018-12-19T21:15;85;kWh;-2679;1073;0;0;3752;-1606
2018-12-19T21:15;2018-12-19T21:30;86;kWh;0;3923;0;0;3923;3923
2018-12-19T21:30;2018-12-19T21:45;87;kWh;-5757;0;0;0;5757;-5757
2018-12-19T21:45;2018-12-19T22:00;88;kWh;-39803;0;0;0;39803;-39803
2018-12-19T22:00;2018-12-19T22:15;89;kWh;-23884;26;0;0;23910;-23858
2018-12-19T22:15;2018-12-19T22:30;90;kWh;-2119;933;0;0;3052;-1186
2018-12-19T22:30;2018-12-19T22:45;91;kWh;-36744;0;0;0;36744;-36744
2018-12-19T22:45;2018-12-19T23:00;92;kWh;-64476;0;0;0;64476;-64476
2018-12-19T23:00;2018-12-19T23:15;93;kWh;-35994;1747;0;0;37741;-34247
2018-12-19T23:15;2018-12-19T23:30;94;kWh;-2903;900;0;0;3803;-2003
2018-12-19T23:30;2018-12-19T23:45;95;kWh;-16648;0;0;0;16648;-16648
2018-12-19T23:45;2018-12-20T00:00;96;kWh;-34082;0;0;0;34082;-34082
2018-12-20T00:00;2018-12-20T00:15;1;kWh;-25906;1442;0;0;27348;-24464
2018-12-20T00:15;2018-12-20T00:30;2;kWh;-141;193;0;0;334;52
2018-12-20T00:30;2018-12-20T00:45;3;kWh;0;0;0;0;0;0
2018-12-20T00:45;2018-12-20T01:00;4;kWh;-11900;0;0;0;11900;-11900
2018-12-20T01:00;2018-12-20T01:15;5;kWh;-7632;0;0;0;7632;-7632
2018-12-20T01:15;2018-12-20T01:30;6;kWh;0;0;0;0;0;0
2018-12-20T01:30;2018-12-20T01:45;7;kWh;0;0;0;0;0;0
2018-12-20T01:45;2018-12-20T02:00;8;kWh;-146;0;0;0;146;-146
2018-12-20T02:00;2018-12-20T02:15;9;kWh;-90;0;0;0;90;-90
2018-12-20T02:15;2018-12-20T02:30;10;kWh;0;0;0;0;0;0
2018-12-20T02:30;2018-12-20T02:45;11;kWh;0;2389;0;0;2389;2389
2018-12-20T02:45;2018-12-20T03:00;12;kWh;-246;72;0;0;318;-174
2018-12-20T03:00;2018-12-20T03:15;13;kWh;-202;2951;0;0;3153;2749
2018-12-20T03:15;2018-12-20T03:30;14;kWh;0;3734;0;0;3734;3734
2018-12-20T03:30;2018-12-20T03:45;15;kWh;0;0;0;0;0;0
2018-12-20T03:45;2018-12-20T04:00;16;kWh;0;0;0;0;0;0
2018-12-20T04:00;2018-12-20T04:15;17;kWh;0;0;0;0;0;0
2018-12-20T04:15;2018-12-20T04:30;18;kWh;0;0;0;0;0;0
2018-12-20T04:30;2018-12-20T04:45;19;kWh;0;0;0;0;0;0
2018-12-20T04:45;2018-12-20T05:00;20;kWh;-1073;0;0;0;1073;-1073
2018-12-20T05:00;2018-12-20T05:15;21;kWh;-12476;0;0;0;12476;-12476
2018-12-20T05:15;2018-12-20T05:30;22;kWh;-21230;0;0;0;21230;-21230
2018-12-20T05:30;2018-12-20T05:45;23;kWh;-1087;146;0;0;1233;-941
2018-12-20T05:45;2018-12-20T06:00;24;kWh;-2497;0;0;0;2497;-2497
2018-12-20T06:00;2018-12-20T06:15;25;kWh;0;0;0;0;0;0
2018-12-20T06:15;2018-12-20T06:30;26;kWh;-194;0;0;0;194;-194
2018-12-20T06:30;2018-12-20T06:45;27;kWh;0;10721;0;0;10721;10721
2018-12-20T06:45;2018-12-20T07:00;28;kWh;0;14073;0;0;14073;14073
2018-12-20T07:00;2018-12-20T07:15;29;kWh;-31887;2892;0;0;34779;-28995
2018-12-20T07:15;2018-12-20T07:30;30;kWh;-33035;0;0;0;33035;-33035
2018-12-20T07:30;2018-12-20T07:45;31;kWh;-4927;0;0;0;4927;-4927
2018-12-20T07:45;2018-12-20T08:00;32;kWh;-270;8689;0;0;8959;8419
2018-12-20T08:00;2018-12-20T08:15;33;kWh;0;22387;0;0;22387;22387
2018-12-20T08:15;2018-12-20T08:30;34;kWh;0;10225;0;0;10225;10225
2018-12-20T08:30;2018-12-20T08:45;35;kWh;0;36031;0;0;36031;36031
2018-12-20T08:45;2018-12-20T09:00;36;kWh;0;5820;0;0;5820;5820
2018-12-20T09:00;2018-12-20T09:15;37;kWh;0;15176;0;0;15176;15176
2018-12-20T09:15;2018-12-20T09:30;38;kWh;0;26146;0;0;26146;26146
2018-12-20T09:30;2018-12-20T09:45;39;kWh;0;11113;0;0;11113;11113
2018-12-20T09:45;2018-12-20T10:00;40;kWh;0;1123;0;0;1123;1123
2018-12-20T10:00;2018-12-20T10:15;41;kWh;0;25916;0;0;25916;25916
2018-12-20T10:15;2018-12-20T10:30;42;kWh;0;11723;0;0;11723;11723
2018-12-20T10:30;2018-12-20T10:45;43;kWh;0;2438;0;0;2438;2438
2018-12-20T10:45;2018-12-20T11:00;44;kWh;0;4009;0;0;4009;4009
2018-12-20T11:00;2018-12-20T11:15;45;kWh;0;6358;0;0;6358;6358
2018-12-20T11:15;2018-12-20T11:30;46;kWh;0;13472;0;0;13472;13472
2018-12-20T11:30;2018-12-20T11:45;47;kWh;0;6975;0;0;6975;6975
2018-12-20T11:45;2018-12-20T12:00;48;kWh;0;4576;0;0;4576;4576
2018-12-20T12:00;2018-12-20T12:15;49;kWh;0;9010;0;0;9010;9010
2018-12-20T12:15;2018-12-20T12:30;50;kWh;0;753;0;0;753;753
2018-12-20T12:30;2018-12-20T12:45;51;kWh;0;2944;0;0;2944;2944
2018-12-20T12:45;2018-12-20T13:00;52;kWh;0;2299;0;0;2299;2299
2018-12-20T13:00;2018-12-20T13:15;53;kWh;0;15103;0;0;15103;15103
2018-12-20T13:15;2018-12-20T13:30;54;kWh;0;16173;0;0;16173;16173
2018-12-20T13:30;2018-12-20T13:45;55;kWh;0;800;0;0;800;800
2018-12-20T13:45;2018-12-20T14:00;56;kWh;0;0;0;0;0;0
2018-12-20T14:00;2018-12-20T14:15;57;kWh;0;237;0;0;237;237
2018-12-20T14:15;2018-12-20T14:30;58;kWh;0;699;0;0;699;699
2018-12-20T14:30;2018-12-20T14:45;59;kWh;0;332;0;0;332;332
2018-12-20T14:45;2018-12-20T15:00;60;kWh;0;0;0;0;0;0
2018-12-20T15:00;2018-12-20T15:15;61;kWh;-914;0;0;0;914;-914
2018-12-20T15:15;2018-12-20T15:30;62;kWh;-3048;0;0;0;3048;-3048
2018-12-20T15:30;2018-12-20T15:45;63;kWh;-4175;0;0;0;4175;-4175
2018-12-20T15:45;2018-12-20T16:00;64;kWh;-657;0;0;0;657;-657
2018-12-20T16:00;2018-12-20T16:15;65;kWh;-39768;0;0;0;39768;-39768
2018-12-20T16:15;2018-12-20T16:30;66;kWh;-44314;0;0;0;44314;-44314
2018-12-20T16:30;2018-12-20T16:45;67;kWh;-38398;0;0;0;38398;-38398
2018-12-20T16:45;2018-12-20T17:00;68;kWh;-3538;1065;0;0;4603;-2473
2018-12-20T17:00;2018-12-20T17:15;69;kWh;0;15358;0;0;15358;15358
2018-12-20T17:15;2018-12-20T17:30;70;kWh;0;30634;0;0;30634;30634
2018-12-20T17:30;2018-12-20T17:45;71;kWh;-202;18379;0;0;18581;18177
2018-12-20T17:45;2018-12-20T18:00;72;kWh;-4807;644;0;0;5451;-4163
2018-12-20T18:00;2018-12-20T18:15;73;kWh;-3015;520;0;0;3535;-2495
2018-12-20T18:15;2018-12-20T18:30;74;kWh;-618;422;0;0;1040;-196
2018-12-20T18:30;2018-12-20T18:45;75;kWh;-17339;0;0;0;17339;-17339
2018-12-20T18:45;2018-12-20T19:00;76;kWh;-37028;0;0;0;37028;-37028
2018-12-20T19:00;2018-12-20T19:15;77;kWh;-13755;6881;0;0;20636;-6874
2018-12-20T19:15;2018-12-20T19:30;78;kWh;-2;585;0;0;587;583
2018-12-20T19:30;2018-12-20T19:45;79;kWh;-10195;0;0;0;10195;-10195
2018-12-20T19:45;2018-12-20T20:00;80;kWh;-13993;0;0;0;13993;-13993
2018-12-20T20:00;2018-12-20T20:15;81;kWh;-35448;396;0;0;35844;-35052
2018-12-20T20:15;2018-12-20T20:30;82;kWh;-22598;1389;0;0;23987;-21209
2018-12-20T20:30;2018-12-20T20:45;83;kWh;-49022;0;0;0;49022;-49022
2018-12-20T20:45;2018-12-20T21:00;84;kWh;-16563;1896;0;0;18459;-14667
2018-12-20T21:00;2018-12-20T21:15;85;kWh;-997;160;0;0;1157;-837
2018-12-20T21:15;2018-12-20T21:30;86;kWh;0;13250;0;0;13250;13250
2018-12-20T21:30;2018-12-20T21:45;87;kWh;-3188;1854;0;0;5042;-1334
2018-12-20T21:45;2018-12-20T22:00;88;kWh;-19550;0;0;0;19550;-19550
2018-12-20T22:00;2018-12-20T22:15;89;kWh;-10166;703;0;0;10869;-9463
2018-12-20T22:15;2018-12-20T22:30;90;kWh;-7;863;0;0;870;856
2018-12-20T22:30;2018-12-20T22:45;91;kWh;-6763;0;0;0;6763;-6763
2018-12-20T22:45;2018-12-20T23:00;92;kWh;-35083;0;0;0;35083;-35083
2018-12-20T23:00;2018-12-20T23:15;93;kWh;-15773;0;0;0;15773;-15773
2018-12-20T23:15;2018-12-20T23:30;94;kWh;-12144;0;0;0;12144;-12144
2018-12-20T23:30;2018-12-20T23:45;95;kWh;-47467;0;0;0;47467;-47467
2018-12-20T23:45;2018-12-21T00:00;96;kWh;-87344;0;0;0;87344;-87344
2018-12-21T00:00;2018-12-21T00:15;1;kWh;-60785;156;0;0;60941;-60629
2018-12-21T00:15;2018-12-21T00:30;2;kWh;-11268;255;0;0;11523;-11013
2018-12-21T00:30;2018-12-21T00:45;3;kWh;-52428;0;0;0;52428;-52428
2018-12-21T00:45;2018-12-21T01:00;4;kWh;-74818;0;0;0;74818;-74818
2018-12-21T01:00;2018-12-21T01:15;5;kWh;-37906;0;0;0;37906;-37906
2018-12-21T01:15;2018-12-21T01:30;6;kWh;-3226;0;0;0;3226;-3226
2018-12-21T01:30;2018-12-21T01:45;7;kWh;-26170;0;0;0;26170;-26170
2018-12-21T01:45;2018-12-21T02:00;8;kWh;-50168;0;0;0;50168;-50168
2018-12-21T02:00;2018-12-21T02:15;9;kWh;-33749;0;0;0;33749;-33749
2018-12-21T02:15;2018-12-21T02:30;10;kWh;-9948;0;0;0;9948;-9948
2018-12-21T02:30;2018-12-21T02:45;11;kWh;-34770;0;0;0;34770;-34770
2018-12-21T02:45;2018-12-21T03:00;12;kWh;-45431;0;0;0;45431;-45431
2018-12-21T03:00;2018-12-21T03:15;13;kWh;-59030;0;0;0;59030;-59030
2018-12-21T03:15;2018-12-21T03:30;14;kWh;-45153;0;0;0;45153;-45153
2018-12-21T03:30;2018-12-21T03:45;15;kWh;-52323;0;0;0;52323;-52323
2018-12-21T03:45;2018-12-21T04:00;16;kWh;-14852;0;0;0;14852;-14852
2018-12-21T04:00;2018-12-21T04:15;17;kWh;-215;0;0;0;215;-215
2018-12-21T04:15;2018-12-21T04:30;18;kWh;0;0;0;0;0;0
2018-12-21T04:30;2018-12-21T04:45;19;kWh;0;0;0;0;0;0
2018-12-21T04:45;2018-12-21T05:00;20;kWh;0;0;0;0;0;0
2018-12-21T05:00;2018-12-21T05:15;21;kWh;-5934;0;0;0;5934;-5934
2018-12-21T05:15;2018-12-21T05:30;22;kWh;-10956;0;0;0;10956;-10956
2018-12-21T05:30;2018-12-21T05:45;23;kWh;0;2257;0;0;2257;2257
2018-12-21T05:45;2018-12-21T06:00;24;kWh;-6146;151;0;0;6297;-5995
2018-12-21T06:00;2018-12-21T06:15;25;kWh;-24748;0;0;0;24748;-24748
2018-12-21T06:15;2018-12-21T06:30;26;kWh;-28234;0;0;0;28234;-28234
2018-12-21T06:30;2018-12-21T06:45;27;kWh;-8039;0;0;0;8039;-8039
2018-12-21T06:45;2018-12-21T07:00;28;kWh;0;0;0;0;0;0
2018-12-21T07:00;2018-12-21T07:15;29;kWh;-29109;0;0;0;29109;-29109
2018-12-21T07:15;2018-12-21T07:30;30;kWh;-41856;0;0;0;41856;-41856
2018-12-21T07:30;2018-12-21T07:45;31;kWh;-54;121;0;0;175;67
2018-12-21T07:45;2018-12-21T08:00;32;kWh;0;16115;0;0;16115;16115
2018-12-21T08:00;2018-12-21T08:15;33;kWh;-2212;7767;0;0;9979;5555
2018-12-21T08:15;2018-12-21T08:30;34;kWh;0;652;0;0;652;652
2018-12-21T08:30;2018-12-21T08:45;35;kWh;0;2721;0;0;2721;2721
2018-12-21T08:45;2018-12-21T09:00;36;kWh;-1847;24;0;0;1871;-1823
2018-12-21T09:00;2018-12-21T09:15;37;kWh;-33247;0;0;0;33247;-33247
2018-12-21T09:15;2018-12-21T09:30;38;kWh;-4389;17199;0;0;21588;12810
2018-12-21T09:30;2018-12-21T09:45;39;kWh;0;33230;0;0;33230;33230
2018-12-21T09:45;2018-12-21T10:00;40;kWh;0;18719;0;0;18719;18719
2018-12-21T10:00;2018-12-21T10:15;41;kWh;0;35996;0;0;35996;35996
2018-12-21T10:15;2018-12-21T10:30;42;kWh;0;14970;0;0;14970;14970
2018-12-21T10:30;2018-12-21T10:45;43;kWh;0;2367;0;0;2367;2367
2018-12-21T10:45;2018-12-21T11:00;44;kWh;-379;0;0;0;379;-379
2018-12-21T11:00;2018-12-21T11:15;45;kWh;-551;1220;0;0;1771;669
2018-12-21T11:15;2018-12-21T11:30;46;kWh;-91;63;0;0;154;-28
2018-12-21T11:30;2018-12-21T11:45;47;kWh;-15179;0;0;0;15179;-15179
2018-12-21T11:45;2018-12-21T12:00;48;kWh;-18306;0;0;0;18306;-18306
2018-12-21T12:00;2018-12-21T12:15;49;kWh;-3677;11690;0;0;15367;8013
2018-12-21T12:15;2018-12-21T12:30;50;kWh;-138;24368;0;0;24506;24230
2018-12-21T12:30;2018-12-21T12:45;51;kWh;-435;51;0;0;486;-384
2018-12-21T12:45;2018-12-21T13:00;52;kWh;-3033;0;0;0;3033;-3033
2018-12-21T13:00;2018-12-21T13:15;53;kWh;-8439;0;0;0;8439;-8439
2018-12-21T13:15;2018-12-21T13:30;54;kWh;-19479;0;0;0;19479;-19479
2018-12-21T13:30;2018-12-21T13:45;55;kWh;-13160;0;0;0;13160;-13160
2018-12-21T13:45;2018-12-21T14:00;56;kWh;0;13;0;0;13;13
2018-12-21T14:00;2018-12-21T14:15;57;kWh;0;9336;0;0;9336;9336
2018-12-21T14:15;2018-12-21T14:30;58;kWh;-484;1473;0;0;1957;989
2018-12-21T14:30;2018-12-21T14:45;59;kWh;-3924;0;0;0;3924;-3924
2018-12-21T14:45;2018-12-21T15:00;60;kWh;-19318;0;0;0;19318;-19318
2018-12-21T15:00;2018-12-21T15:15;61;kWh;-5356;0;0;0;5356;-5356
2018-12-21T15:15;2018-12-21T15:30;62;kWh;-22858;0;0;0;22858;-22858
2018-12-21T15:30;2018-12-21T15:45;63;kWh;-25003;0;0;0;25003;-25003
2018-12-21T15:45;2018-12-21T16:00;64;kWh;-21898;0;0;0;21898;-21898
2018-12-21T16:00;2018-12-21T16:15;65;kWh;-58522;0;0;0;58522;-58522
2018-12-21T16:15;2018-12-21T16:30;66;kWh;-49679;0;0;0;49679;-49679
2018-12-21T16:30;2018-12-21T16:45;67;kWh;-35068;29;0;0;35097;-35039
2018-12-21T16:45;2018-12-21T17:00;68;kWh;-3077;2233;0;0;5310;-844
2018-12-21T17:00;2018-12-21T17:15;69;kWh;-7697;0;0;0;7697;-7697
2018-12-21T17:15;2018-12-21T17:30;70;kWh;-16253;0;0;0;16253;-16253
2018-12-21T17:30;2018-12-21T17:45;71;kWh;-53939;0;0;0;53939;-53939
2018-12-21T17:45;2018-12-21T18:00;72;kWh;-86622;0;0;0;86622;-86622
2018-12-21T18:00;2018-12-21T18:15;73;kWh;-49137;0;0;0;49137;-49137
2018-12-21T18:15;2018-12-21T18:30;74;kWh;-47392;0;0;0;47392;-47392
2018-12-21T18:30;2018-12-21T18:45;75;kWh;-62634;0;0;0;62634;-62634
2018-12-21T18:45;2018-12-21T19:00;76;kWh;-48045;26;0;0;48071;-48019
2018-12-21T19:00;2018-12-21T19:15;77;kWh;-3071;113;0;0;3184;-2958
2018-12-21T19:15;2018-12-21T19:30;78;kWh;-831;0;0;0;831;-831
2018-12-21T19:30;2018-12-21T19:45;79;kWh;-5207;0;0;0;5207;-5207
2018-12-21T19:45;2018-12-21T20:00;80;kWh;-2013;0;0;0;2013;-2013
2018-12-21T20:00;2018-12-21T20:15;81;kWh;-13399;0;0;0;13399;-13399
2018-12-21T20:15;2018-12-21T20:30;82;kWh;-322;1843;0;0;2165;1521
2018-12-21T20:30;2018-12-21T20:45;83;kWh;0;834;0;0;834;834
2018-12-21T20:45;2018-12-21T21:00;84;kWh;0;14981;0;0;14981;14981
2018-12-21T21:00;2018-12-21T21:15;85;kWh;0;6928;0;0;6928;6928
2018-12-21T21:15;2018-12-21T21:30;86;kWh;0;22410;0;0;22410;22410
2018-12-21T21:30;2018-12-21T21:45;87;kWh;0;9545;0;0;9545;9545
2018-12-21T21:45;2018-12-21T22:00;88;kWh;0;1814;0;0;1814;1814
2018-12-21T22:00;2018-12-21T22:15;89;kWh;0;2193;0;0;2193;2193
2018-12-21T22:15;2018-12-21T22:30;90;kWh;0;51536;0;0;51536;51536
2018-12-21T22:30;2018-12-21T22:45;91;kWh;0;62458;0;0;62458;62458
2018-12-21T22:45;2018-12-21T23:00;92;kWh;0;54504;0;0;54504;54504
2018-12-21T23:00;2018-12-21T23:15;93;kWh;0;59122;0;0;59122;59122
2018-12-21T23:15;2018-12-21T23:30;94;kWh;0;72433;0;0;72433;72433
2018-12-21T23:30;2018-12-21T23:45;95;kWh;0;22564;0;0;22564;22564
2018-12-21T23:45;2018-12-22T00:00;96;kWh;0;3992;0;0;3992;3992
2018-12-22T00:00;2018-12-22T00:15;1;kWh;0;735;0;0;735;735
2018-12-22T00:15;2018-12-22T00:30;2;kWh;0;3880;0;0;3880;3880
2018-12-22T00:30;2018-12-22T00:45;3;kWh;0;27182;0;0;27182;27182
2018-12-22T00:45;2018-12-22T01:00;4;kWh;0;40315;0;0;40315;40315
2018-12-22T01:00;2018-12-22T01:15;5;kWh;-1219;10397;0;0;11616;9178
2018-12-22T01:15;2018-12-22T01:30;6;kWh;0;38000;0;0;38000;38000
2018-12-22T01:30;2018-12-22T01:45;7;kWh;0;44124;0;0;44124;44124
2018-12-22T01:45;2018-12-22T02:00;8;kWh;0;52662;0;0;52662;52662
2018-12-22T02:00;2018-12-22T02:15;9;kWh;-31;14880;0;0;14911;14849
2018-12-22T02:15;2018-12-22T02:30;10;kWh;0;53299;0;0;53299;53299
2018-12-22T02:30;2018-12-22T02:45;11;kWh;0;36413;0;0;36413;36413
2018-12-22T02:45;2018-12-22T03:00;12;kWh;0;47188;0;0;47188;47188
2018-12-22T03:00;2018-12-22T03:15;13;kWh;-3339;18220;0;0;21559;14881
2018-12-22T03:15;2018-12-22T03:30;14;kWh;0;4596;0;0;4596;4596
2018-12-22T03:30;2018-12-22T03:45;15;kWh;0;6501;0;0;6501;6501
2018-12-22T03:45;2018-12-22T04:00;16;kWh;0;14777;0;0;14777;14777
2018-12-22T04:00;2018-12-22T04:15;17;kWh;0;11782;0;0;11782;11782
2018-12-22T04:15;2018-12-22T04:30;18;kWh;0;20277;0;0;20277;20277
2018-12-22T04:30;2018-12-22T04:45;19;kWh;0;30652;0;0;30652;30652
2018-12-22T04:45;2018-12-22T05:00;20;kWh;0;69051;0;0;69051;69051
2018-12-22T05:00;2018-12-22T05:15;21;kWh;0;59471;0;0;59471;59471
2018-12-22T05:15;2018-12-22T05:30;22;kWh;0;55657;0;0;55657;55657
2018-12-22T05:30;2018-12-22T05:45;23;kWh;0;64675;0;0;64675;64675
2018-12-22T05:45;2018-12-22T06:00;24;kWh;0;75005;0;0;75005;75005
2018-12-22T06:00;2018-12-22T06:15;25;kWh;-1922;28411;0;0;30333;26489
2018-12-22T06:15;2018-12-22T06:30;26;kWh;0;583;0;0;583;583
2018-12-22T06:30;2018-12-22T06:45;27;kWh;0;389;0;0;389;389
2018-12-22T06:45;2018-12-22T07:00;28;kWh;0;11047;0;0;11047;11047
2018-12-22T07:00;2018-12-22T07:15;29;kWh;-15099;553;0;0;15652;-14546
2018-12-22T07:15;2018-12-22T07:30;30;kWh;-32380;0;0;0;32380;-32380
2018-12-22T07:30;2018-12-22T07:45;31;kWh;-1338;0;0;0;1338;-1338
2018-12-22T07:45;2018-12-22T08:00;32;kWh;0;0;0;0;0;0
2018-12-22T08:00;2018-12-22T08:15;33;kWh;0;0;0;0;0;0
2018-12-22T08:15;2018-12-22T08:30;34;kWh;-9761;0;0;0;9761;-9761
2018-12-22T08:30;2018-12-22T08:45;35;kWh;-892;0;0;0;892;-892
2018-12-22T08:45;2018-12-22T09:00;36;kWh;-5473;0;0;0;5473;-5473
2018-12-22T09:00;2018-12-22T09:15;37;kWh;-650;29105;0;0;29755;28455
2018-12-22T09:15;2018-12-22T09:30;38;kWh;0;4104;0;0;4104;4104
2018-12-22T09:30;2018-12-22T09:45;39;kWh;0;0;0;0;0;0
2018-12-22T09:45;2018-12-22T10:00;40;kWh;-56;0;0;0;56;-56
2018-12-22T10:00;2018-12-22T10:15;41;kWh;-149;0;0;0;149;-149
2018-12-22T10:15;2018-12-22T10:30;42;kWh;-1473;0;0;0;1473;-1473
2018-12-22T10:30;2018-12-22T10:45;43;kWh;-5215;0;0;0;5215;-5215
2018-12-22T10:45;2018-12-22T11:00;44;kWh;-4407;0;0;0;4407;-4407
2018-12-22T11:00;2018-12-22T11:15;45;kWh;-22582;0;0;0;22582;-22582
2018-12-22T11:15;2018-12-22T11:30;46;kWh;-7494;0;0;0;7494;-7494
2018-12-22T11:30;2018-12-22T11:45;47;kWh;-1085;0;0;0;1085;-1085
2018-12-22T11:45;2018-12-22T12:00;48;kWh;-14488;0;0;0;14488;-14488
2018-12-22T12:00;2018-12-22T12:15;49;kWh;-12131;0;0;0;12131;-12131
2018-12-22T12:15;2018-12-22T12:30;50;kWh;-16568;0;0;0;16568;-16568
2018-12-22T12:30;2018-12-22T12:45;51;kWh;-17951;0;0;0;17951;-17951
2018-12-22T12:45;2018-12-22T13:00;52;kWh;-2981;0;0;0;2981;-2981
2018-12-22T13:00;2018-12-22T13:15;53;kWh;-4901;0;0;0;4901;-4901
2018-12-22T13:15;2018-12-22T13:30;54;kWh;-13409;0;0;0;13409;-13409
2018-12-22T13:30;2018-12-22T13:45;55;kWh;-31274;0;0;0;31274;-31274
2018-12-22T13:45;2018-12-22T14:00;56;kWh;-19265;0;0;0;19265;-19265
2018-12-22T14:00;2018-12-22T14:15;57;kWh;-23832;0;0;0;23832;-23832
2018-12-22T14:15;2018-12-22T14:30;58;kWh;-22910;0;0;0;22910;-22910
2018-12-22T14:30;2018-12-22T14:45;59;kWh;-7473;0;0;0;7473;-7473
2018-12-22T14:45;2018-12-22T15:00;60;kWh;-1481;0;0;0;1481;-1481
2018-12-22T15:00;2018-12-22T15:15;61;kWh;-640;0;0;0;640;-640
2018-12-22T15:15;2018-12-22T15:30;62;kWh;0;0;0;0;0;0
2018-12-22T15:30;2018-12-22T15:45;63;kWh;0;0;0;0;0;0
2018-12-22T15:45;2018-12-22T16:00;64;kWh;0;0;0;0;0;0
2018-12-22T16:00;2018-12-22T16:15;65;kWh;-1108;0;0;0;1108;-1108
2018-12-22T16:15;2018-12-22T16:30;66;kWh;-298;803;0;0;1101;505
2018-12-22T16:30;2018-12-22T16:45;67;kWh;0;47518;0;0;47518;47518
2018-12-22T16:45;2018-12-22T17:00;68;kWh;0;103215;0;0;103215;103215
2018-12-22T17:00;2018-12-22T17:15;69;kWh;0;64759;0;0;71009;71009
2018-12-22T17:15;2018-12-22T17:30;70;kWh;0;2127;0;0;2127;2127
2018-12-22T17:30;2018-12-22T17:45;71;kWh;0;35148;0;0;35148;35148
2018-12-22T17:45;2018-12-22T18:00;72;kWh;0;52551;0;0;52551;52551
2018-12-22T18:00;2018-12-22T18:15;73;kWh;0;72146;0;0;72146;72146
2018-12-22T18:15;2018-12-22T18:30;74;kWh;0;33166;0;0;33166;33166
2018-12-22T18:30;2018-12-22T18:45;75;kWh;0;696;0;0;696;696
2018-12-22T18:45;2018-12-22T19:00;76;kWh;0;4446;0;0;4446;4446
2018-12-22T19:00;2018-12-22T19:15;77;kWh;0;27465;0;0;27465;27465
2018-12-22T19:15;2018-12-22T19:30;78;kWh;-152;11774;0;0;11926;11622
2018-12-22T19:30;2018-12-22T19:45;79;kWh;-851;159;0;0;1010;-692
2018-12-22T19:45;2018-12-22T20:00;80;kWh;-12275;0;0;0;12275;-12275
2018-12-22T20:00;2018-12-22T20:15;81;kWh;-12855;8574;0;0;21429;-4281
2018-12-22T20:15;2018-12-22T20:30;82;kWh;-188;1175;0;0;1363;987
2018-12-22T20:30;2018-12-22T20:45;83;kWh;-3344;0;0;0;3344;-3344
2018-12-22T20:45;2018-12-22T21:00;84;kWh;-25589;0;0;0;25589;-25589
2018-12-22T21:00;2018-12-22T21:15;85;kWh;-23035;7373;0;0;30408;-15662
2018-12-22T21:15;2018-12-22T21:30;86;kWh;-31;14794;0;0;14825;14763
2018-12-22T21:30;2018-12-22T21:45;87;kWh;0;178;0;0;178;178
2018-12-22T21:45;2018-12-22T22:00;88;kWh;-2478;0;0;0;2478;-2478
2018-12-22T22:00;2018-12-22T22:15;89;kWh;-3520;8106;0;0;11626;4586
2018-12-22T22:15;2018-12-22T22:30;90;kWh;-30;13393;0;0;13423;13363
2018-12-22T22:30;2018-12-22T22:45;91;kWh;-672;363;0;0;1035;-309
2018-12-22T22:45;2018-12-22T23:00;92;kWh;-205;0;0;0;205;-205
2018-12-22T23:00;2018-12-22T23:15;93;kWh;-10874;3062;0;0;13936;-7812
2018-12-22T23:15;2018-12-22T23:30;94;kWh;0;21719;0;0;21719;21719
2018-12-22T23:30;2018-12-22T23:45;95;kWh;-1627;4294;0;0;5921;2667
2018-12-22T23:45;2018-12-23T00:00;96;kWh;-15345;0;0;0;15345;-15345
2018-12-23T00:00;2018-12-23T00:15;1;kWh;-37516;358;0;0;37874;-37158
2018-12-23T00:15;2018-12-23T00:30;2;kWh;-5339;739;0;0;6078;-4600
2018-12-23T00:30;2018-12-23T00:45;3;kWh;-48;706;0;0;754;658
2018-12-23T00:45;2018-12-23T01:00;4;kWh;-9562;0;0;0;9562;-9562
2018-12-23T01:00;2018-12-23T01:15;5;kWh;-2921;2971;0;0;5892;50
2018-12-23T01:15;2018-12-23T01:30;6;kWh;0;11549;0;0;11549;11549
2018-12-23T01:30;2018-12-23T01:45;7;kWh;0;231;0;0;231;231
2018-12-23T01:45;2018-12-23T02:00;8;kWh;0;644;0;0;644;644
2018-12-23T02:00;2018-12-23T02:15;9;kWh;0;1448;0;0;1448;1448
2018-12-23T02:15;2018-12-23T02:30;10;kWh;0;8851;0;0;8851;8851
2018-12-23T02:30;2018-12-23T02:45;11;kWh;0;110;0;0;110;110
2018-12-23T02:45;2018-12-23T03:00;12;kWh;0;2864;0;0;2864;2864
2018-12-23T03:00;2018-12-23T03:15;13;kWh;0;272;0;0;272;272
2018-12-23T03:15;2018-12-23T03:30;14;kWh;0;0;0;0;0;0
2018-12-23T03:30;2018-12-23T03:45;15;kWh;-182;0;0;0;182;-182
2018-12-23T03:45;2018-12-23T04:00;16;kWh;-18231;0;0;0;18231;-18231
2018-12-23T04:00;2018-12-23T04:15;17;kWh;-17650;0;0;0;17650;-17650
2018-12-23T04:15;2018-12-23T04:30;18;kWh;-37489;0;0;0;37489;-37489
2018-12-23T04:30;2018-12-23T04:45;19;kWh;-41539;0;0;0;41539;-41539
2018-12-23T04:45;2018-12-23T05:00;20;kWh;-41275;0;0;0;41275;-41275
2018-12-23T05:00;2018-12-23T05:15;21;kWh;-66175;0;0;0;66175;-66175
2018-12-23T05:15;2018-12-23T05:30;22;kWh;-45752;0;0;0;45752;-45752
2018-12-23T05:30;2018-12-23T05:45;23;kWh;-52346;0;0;0;52346;-52346
2018-12-23T05:45;2018-12-23T06:00;24;kWh;-64662;0;0;0;64662;-64662
2018-12-23T06:00;2018-12-23T06:15;25;kWh;-22092;350;0;0;22442;-21742
2018-12-23T06:15;2018-12-23T06:30;26;kWh;-18521;0;0;0;18521;-18521
2018-12-23T06:30;2018-12-23T06:45;27;kWh;-3879;3187;0;0;7066;-692
2018-12-23T06:45;2018-12-23T07:00;28;kWh;0;22560;0;0;22560;22560
2018-12-23T07:00;2018-12-23T07:15;29;kWh;-5047;7229;0;0;12276;2182
2018-12-23T07:15;2018-12-23T07:30;30;kWh;-13449;0;0;0;13449;-13449
2018-12-23T07:30;2018-12-23T07:45;31;kWh;-3118;0;0;0;3118;-3118
2018-12-23T07:45;2018-12-23T08:00;32;kWh;-9925;0;0;0;9925;-9925
2018-12-23T08:00;2018-12-23T08:15;33;kWh;0;271;0;0;271;271
2018-12-23T08:15;2018-12-23T08:30;34;kWh;0;7347;0;0;7347;7347
2018-12-23T08:30;2018-12-23T08:45;35;kWh;0;1534;0;0;1534;1534
2018-12-23T08:45;2018-12-23T09:00;36;kWh;0;631;0;0;631;631
2018-12-23T09:00;2018-12-23T09:15;37;kWh;0;1178;0;0;1178;1178
2018-12-23T09:15;2018-12-23T09:30;38;kWh;0;1242;0;0;1242;1242
2018-12-23T09:30;2018-12-23T09:45;39;kWh;0;16544;0;0;16544;16544
2018-12-23T09:45;2018-12-23T10:00;40;kWh;0;33751;0;0;33751;33751
2018-12-23T10:00;2018-12-23T10:15;41;kWh;0;28852;0;0;28852;28852
2018-12-23T10:15;2018-12-23T10:30;42;kWh;0;14763;0;0;14763;14763
2018-12-23T10:30;2018-12-23T10:45;43;kWh;0;27999;0;0;27999;27999
2018-12-23T10:45;2018-12-23T11:00;44;kWh;0;56408;0;0;56408;56408
2018-12-23T11:00;2018-12-23T11:15;45;kWh;0;41857;0;0;41857;41857
2018-12-23T11:15;2018-12-23T11:30;46;kWh;0;65004;0;0;65004;65004
2018-12-23T11:30;2018-12-23T11:45;47;kWh;0;66019;0;0;76019;76019
2018-12-23T11:45;2018-12-23T12:00;48;kWh;0;19999;0;0;29999;29999
2018-12-23T12:00;2018-12-23T12:15;49;kWh;0;2917;0;0;2917;2917
2018-12-23T12:15;2018-12-23T12:30;50;kWh;0;32794;0;0;32794;32794
2018-12-23T12:30;2018-12-23T12:45;51;kWh;0;55529;0;0;55529;55529
2018-12-23T12:45;2018-12-23T13:00;52;kWh;0;56983;0;0;56983;56983
2018-12-23T13:00;2018-12-23T13:15;53;kWh;-1490;13390;0;0;14880;11900
2018-12-23T13:15;2018-12-23T13:30;54;kWh;0;0;0;0;0;0
2018-12-23T13:30;2018-12-23T13:45;55;kWh;0;0;0;0;0;0
2018-12-23T13:45;2018-12-23T14:00;56;kWh;0;0;0;0;0;0
2018-12-23T14:00;2018-12-23T14:15;57;kWh;0;512;0;0;512;512
2018-12-23T14:15;2018-12-23T14:30;58;kWh;0;5754;0;0;5754;5754
2018-12-23T14:30;2018-12-23T14:45;59;kWh;0;17734;0;0;17734;17734
2018-12-23T14:45;2018-12-23T15:00;60;kWh;0;22822;0;0;22822;22822
2018-12-23T15:00;2018-12-23T15:15;61;kWh;0;19737;0;0;19737;19737
2018-12-23T15:15;2018-12-23T15:30;62;kWh;0;17476;0;0;17476;17476
2018-12-23T15:30;2018-12-23T15:45;63;kWh;0;13975;0;0;13975;13975
2018-12-23T15:45;2018-12-23T16:00;64;kWh;0;24752;0;0;24752;24752
2018-12-23T16:00;2018-12-23T16:15;65;kWh;-2883;5315;0;0;8198;2432
2018-12-23T16:15;2018-12-23T16:30;66;kWh;-2;0;0;0;2;-2
2018-12-23T16:30;2018-12-23T16:45;67;kWh;0;1881;0;0;1881;1881
2018-12-23T16:45;2018-12-23T17:00;68;kWh;0;23454;0;0;23454;23454
2018-12-23T17:00;2018-12-23T17:15;69;kWh;-7741;9322;0;0;17063;1581
2018-12-23T17:15;2018-12-23T17:30;70;kWh;-44161;14;0;0;44175;-44147
2018-12-23T17:30;2018-12-23T17:45;71;kWh;-27339;0;0;0;27339;-27339
2018-12-23T17:45;2018-12-23T18:00;72;kWh;-30143;0;0;0;30143;-30143
2018-12-23T18:00;2018-12-23T18:15;73;kWh;-6040;0;0;0;6040;-6040
2018-12-23T18:15;2018-12-23T18:30;74;kWh;-38801;0;0;0;38801;-38801
2018-12-23T18:30;2018-12-23T18:45;75;kWh;-50243;0;0;0;50243;-50243
2018-12-23T18:45;2018-12-23T19:00;76;kWh;-74096;0;0;0;74096;-74096
2018-12-23T19:00;2018-12-23T19:15;77;kWh;-29813;0;0;0;29813;-29813
2018-12-23T19:15;2018-12-23T19:30;78;kWh;-17454;0;0;0;17454;-17454
2018-12-23T19:30;2018-12-23T19:45;79;kWh;-35176;0;0;0;35176;-35176
2018-12-23T19:45;2018-12-23T20:00;80;kWh;-45977;0;0;0;45977;-45977
2018-12-23T20:00;2018-12-23T20:15;81;kWh;-35109;343;0;0;35452;-34766
2018-12-23T20:15;2018-12-23T20:30;82;kWh;-10984;689;0;0;11673;-10295
2018-12-23T20:30;2018-12-23T20:45;83;kWh;-47847;0;0;0;47847;-47847
2018-12-23T20:45;2018-12-23T21:00;84;kWh;-63765;0;0;0;63765;-63765
2018-12-23T21:00;2018-12-23T21:15;85;kWh;-49963;0;0;0;49963;-49963
2018-12-23T21:15;2018-12-23T21:30;86;kWh;-402;0;0;0;402;-402
2018-12-23T21:30;2018-12-23T21:45;87;kWh;0;0;0;0;0;0
2018-12-23T21:45;2018-12-23T22:00;88;kWh;-3040;0;0;0;3040;-3040
2018-12-23T22:00;2018-12-23T22:15;89;kWh;-346;3499;0;0;3845;3153
2018-12-23T22:15;2018-12-23T22:30;90;kWh;-5631;0;0;0;5631;-5631
2018-12-23T22:30;2018-12-23T22:45;91;kWh;-11657;0;0;0;11657;-11657
2018-12-23T22:45;2018-12-23T23:00;92;kWh;-1926;0;0;0;1926;-1926
2018-12-23T23:00;2018-12-23T23:15;93;kWh;-7249;0;0;0;7249;-7249
2018-12-23T23:15;2018-12-23T23:30;94;kWh;-19836;0;0;0;19836;-19836
2018-12-23T23:30;2018-12-23T23:45;95;kWh;-63985;0;0;0;63985;-63985
2018-12-23T23:45;2018-12-24T00:00;96;kWh;-52854;0;0;0;52854;-52854
2018-12-24T00:00;2018-12-24T00:15;1;kWh;-16352;0;0;0;16352;-16352
2018-12-24T00:15;2018-12-24T00:30;2;kWh;-4347;0;0;0;4347;-4347
2018-12-24T00:30;2018-12-24T00:45;3;kWh;-34685;0;0;0;34685;-34685
2018-12-24T00:45;2018-12-24T01:00;4;kWh;-33452;0;0;0;33452;-33452
2018-12-24T01:00;2018-12-24T01:15;5;kWh;-35744;0;0;0;35744;-35744
2018-12-24T01:15;2018-12-24T01:30;6;kWh;-50674;0;0;0;50674;-50674
2018-12-24T01:30;2018-12-24T01:45;7;kWh;-49197;0;0;0;49197;-49197
2018-12-24T01:45;2018-12-24T02:00;8;kWh;-51041;0;0;0;51041;-51041
2018-12-24T02:00;2018-12-24T02:15;9;kWh;-33625;0;0;0;33625;-33625
2018-12-24T02:15;2018-12-24T02:30;10;kWh;-56577;0;0;0;56577;-56577
2018-12-24T02:30;2018-12-24T02:45;11;kWh;-47882;0;0;0;47882;-47882
2018-12-24T02:45;2018-12-24T03:00;12;kWh;-46578;99;0;0;46677;-46479
2018-12-24T03:00;2018-12-24T03:15;13;kWh;-8312;1819;0;0;10131;-6493
2018-12-24T03:15;2018-12-24T03:30;14;kWh;-22056;0;0;0;22056;-22056
2018-12-24T03:30;2018-12-24T03:45;15;kWh;-23560;0;0;0;23560;-23560
2018-12-24T03:45;2018-12-24T04:00;16;kWh;-9444;0;0;0;9444;-9444
2018-12-24T04:00;2018-12-24T04:15;17;kWh;-102;0;0;0;102;-102
2018-12-24T04:15;2018-12-24T04:30;18;kWh;0;760;0;0;760;760
2018-12-24T04:30;2018-12-24T04:45;19;kWh;0;28073;0;0;28073;28073
2018-12-24T04:45;2018-12-24T05:00;20;kWh;0;46061;0;0;46061;46061
2018-12-24T05:00;2018-12-24T05:15;21;kWh;-1104;15486;0;0;16590;14382
2018-12-24T05:15;2018-12-24T05:30;22;kWh;0;3382;0;0;3382;3382
2018-12-24T05:30;2018-12-24T05:45;23;kWh;0;36153;0;0;36153;36153
2018-12-24T05:45;2018-12-24T06:00;24;kWh;0;48327;0;0;48327;48327
2018-12-24T06:00;2018-12-24T06:15;25;kWh;-1759;10066;0;0;11825;8307
2018-12-24T06:15;2018-12-24T06:30;26;kWh;-710;0;0;0;710;-710
2018-12-24T06:30;2018-12-24T06:45;27;kWh;-3651;0;0;0;3651;-3651
2018-12-24T06:45;2018-12-24T07:00;28;kWh;0;0;0;0;0;0
2018-12-24T07:00;2018-12-24T07:15;29;kWh;-19207;0;0;0;19207;-19207
2018-12-24T07:15;2018-12-24T07:30;30;kWh;-24327;0;0;0;24327;-24327
2018-12-24T07:30;2018-12-24T07:45;31;kWh;-907;879;0;0;1786;-28
2018-12-24T07:45;2018-12-24T08:00;32;kWh;0;919;0;0;919;919
2018-12-24T08:00;2018-12-24T08:15;33;kWh;0;3880;0;0;3880;3880
2018-12-24T08:15;2018-12-24T08:30;34;kWh;0;5366;0;0;5366;5366
2018-12-24T08:30;2018-12-24T08:45;35;kWh;0;10081;0;0;10081;10081
2018-12-24T08:45;2018-12-24T09:00;36;kWh;0;20734;0;0;20734;20734
2018-12-24T09:00;2018-12-24T09:15;37;kWh;0;11284;0;0;11284;11284
2018-12-24T09:15;2018-12-24T09:30;38;kWh;0;11844;0;0;11844;11844
2018-12-24T09:30;2018-12-24T09:45;39;kWh;0;21947;0;0;21947;21947
2018-12-24T09:45;2018-12-24T10:00;40;kWh;0;15986;0;0;15986;15986
2018-12-24T10:00;2018-12-24T10:15;41;kWh;0;9013;0;0;9013;9013
2018-12-24T10:15;2018-12-24T10:30;42;kWh;-581;841;0;0;1422;260
2018-12-24T10:30;2018-12-24T10:45;43;kWh;-16500;0;0;0;16500;-16500
2018-12-24T10:45;2018-12-24T11:00;44;kWh;-39405;0;0;0;39405;-39405
2018-12-24T11:00;2018-12-24T11:15;45;kWh;-32558;0;0;0;32558;-32558
2018-12-24T11:15;2018-12-24T11:30;46;kWh;-60915;0;0;0;60915;-60915
2018-12-24T11:30;2018-12-24T11:45;47;kWh;-50932;0;0;0;50932;-50932
2018-12-24T11:45;2018-12-24T12:00;48;kWh;-81145;0;0;0;81145;-81145
2018-12-24T12:00;2018-12-24T12:15;49;kWh;-35227;0;0;0;35227;-35227
2018-12-24T12:15;2018-12-24T12:30;50;kWh;-59328;0;0;0;59328;-59328
2018-12-24T12:30;2018-12-24T12:45;51;kWh;-55681;0;0;0;55681;-55681
2018-12-24T12:45;2018-12-24T13:00;52;kWh;-71643;0;0;0;71643;-71643
2018-12-24T13:00;2018-12-24T13:15;53;kWh;-50918;0;0;0;50918;-50918
2018-12-24T13:15;2018-12-24T13:30;54;kWh;-42456;0;0;0;42456;-42456
2018-12-24T13:30;2018-12-24T13:45;55;kWh;-30139;0;0;0;30139;-30139
2018-12-24T13:45;2018-12-24T14:00;56;kWh;-22229;0;0;0;22229;-22229
2018-12-24T14:00;2018-12-24T14:15;57;kWh;-9763;0;0;0;9763;-9763
2018-12-24T14:15;2018-12-24T14:30;58;kWh;-11325;0;0;0;11325;-11325
2018-12-24T14:30;2018-12-24T14:45;59;kWh;-7092;614;0;0;7706;-6478
2018-12-24T14:45;2018-12-24T15:00;60;kWh;-331;11739;0;0;12070;11408
2018-12-24T15:00;2018-12-24T15:15;61;kWh;-5139;3369;0;0;8508;-1770
2018-12-24T15:15;2018-12-24T15:30;62;kWh;-3315;0;0;0;3315;-3315
2018-12-24T15:30;2018-12-24T15:45;63;kWh;-242;0;0;0;242;-242
2018-12-24T15:45;2018-12-24T16:00;64;kWh;0;0;0;0;0;0
2018-12-24T16:00;2018-12-24T16:15;65;kWh;-25442;0;0;0;25442;-25442
2018-12-24T16:15;2018-12-24T16:30;66;kWh;-20760;0;0;0;20760;-20760
2018-12-24T16:30;2018-12-24T16:45;67;kWh;-9279;5425;0;0;14704;-3854
2018-12-24T16:45;2018-12-24T17:00;68;kWh;0;50809;0;0;50809;50809
2018-12-24T17:00;2018-12-24T17:15;69;kWh;-925;28121;0;0;29046;27196
2018-12-24T17:15;2018-12-24T17:30;70;kWh;-206;161;0;0;367;-45
2018-12-24T17:30;2018-12-24T17:45;71;kWh;0;807;0;0;807;807
2018-12-24T17:45;2018-12-24T18:00;72;kWh;-2863;0;0;0;2863;-2863
2018-12-24T18:00;2018-12-24T18:15;73;kWh;-512;8990;0;0;9502;8478
2018-12-24T18:15;2018-12-24T18:30;74;kWh;0;7046;0;0;7046;7046
2018-12-24T18:30;2018-12-24T18:45;75;kWh;-10877;305;0;0;11182;-10572
2018-12-24T18:45;2018-12-24T19:00;76;kWh;-25865;0;0;0;25865;-25865
2018-12-24T19:00;2018-12-24T19:15;77;kWh;-5617;902;0;0;6519;-4715
2018-12-24T19:15;2018-12-24T19:30;78;kWh;-8295;0;0;0;8295;-8295
2018-12-24T19:30;2018-12-24T19:45;79;kWh;-37906;0;0;0;37906;-37906
2018-12-24T19:45;2018-12-24T20:00;80;kWh;-33044;0;0;0;33044;-33044
2018-12-24T20:00;2018-12-24T20:15;81;kWh;-47845;0;0;0;47845;-47845
2018-12-24T20:15;2018-12-24T20:30;82;kWh;-15961;0;0;0;15961;-15961
2018-12-24T20:30;2018-12-24T20:45;83;kWh;-60541;0;0;0;60541;-60541
2018-12-24T20:45;2018-12-24T21:00;84;kWh;-36288;0;0;0;36288;-36288
2018-12-24T21:00;2018-12-24T21:15;85;kWh;-4289;6;0;0;4295;-4283
2018-12-24T21:15;2018-12-24T21:30;86;kWh;-480;0;0;0;480;-480
2018-12-24T21:30;2018-12-24T21:45;87;kWh;-255;0;0;0;255;-255
2018-12-24T21:45;2018-12-24T22:00;88;kWh;-10304;0;0;0;10304;-10304
2018-12-24T22:00;2018-12-24T22:15;89;kWh;-32020;804;0;0;32824;-31216
2018-12-24T22:15;2018-12-24T22:30;90;kWh;-537;30965;0;0;31502;30428
2018-12-24T22:30;2018-12-24T22:45;91;kWh;-5335;434;0;0;5769;-4901
2018-12-24T22:45;2018-12-24T23:00;92;kWh;-3509;2009;0;0;5518;-1500
2018-12-24T23:00;2018-12-24T23:15;93;kWh;0;38578;0;0;38578;38578
2018-12-24T23:15;2018-12-24T23:30;94;kWh;0;37053;0;0;37053;37053
2018-12-24T23:30;2018-12-24T23:45;95;kWh;0;16119;0;0;16119;16119
2018-12-24T23:45;2018-12-25T00:00;96;kWh;-5302;272;0;0;5574;-5030
2018-12-25T00:00;2018-12-25T00:15;1;kWh;-3022;42120;0;0;45142;39098
2018-12-25T00:15;2018-12-25T00:30;2;kWh;0;62827;0;0;62827;62827
2018-12-25T00:30;2018-12-25T00:45;3;kWh;0;26969;0;0;26969;26969
2018-12-25T00:45;2018-12-25T01:00;4;kWh;0;21220;0;0;21220;21220
2018-12-25T01:00;2018-12-25T01:15;5;kWh;0;35953;0;0;35953;35953
2018-12-25T01:15;2018-12-25T01:30;6;kWh;0;40652;0;0;40652;40652
2018-12-25T01:30;2018-12-25T01:45;7;kWh;0;24101;0;0;24101;24101
2018-12-25T01:45;2018-12-25T02:00;8;kWh;0;35517;0;0;35517;35517
2018-12-25T02:00;2018-12-25T02:15;9;kWh;0;17145;0;0;17145;17145
2018-12-25T02:15;2018-12-25T02:30;10;kWh;-26;35819;0;0;35845;35793
2018-12-25T02:30;2018-12-25T02:45;11;kWh;-712;1136;0;0;1848;424
2018-12-25T02:45;2018-12-25T03:00;12;kWh;-11;701;0;0;712;690
2018-12-25T03:00;2018-12-25T03:15;13;kWh;-342;3758;0;0;4100;3416
2018-12-25T03:15;2018-12-25T03:30;14;kWh;0;8519;0;0;8519;8519
2018-12-25T03:30;2018-12-25T03:45;15;kWh;0;14123;0;0;14123;14123
2018-12-25T03:45;2018-12-25T04:00;16;kWh;0;80;0;0;80;80
2018-12-25T04:00;2018-12-25T04:15;17;kWh;0;1878;0;0;1878;1878
2018-12-25T04:15;2018-12-25T04:30;18;kWh;0;3274;0;0;3274;3274
2018-12-25T04:30;2018-12-25T04:45;19;kWh;0;5997;0;0;5997;5997
2018-12-25T04:45;2018-12-25T05:00;20;kWh;0;5054;0;0;5054;5054
2018-12-25T05:00;2018-12-25T05:15;21;kWh;0;70;0;0;70;70
2018-12-25T05:15;2018-12-25T05:30;22;kWh;0;0;0;0;0;0
2018-12-25T05:30;2018-12-25T05:45;23;kWh;0;4956;0;0;4956;4956
2018-12-25T05:45;2018-12-25T06:00;24;kWh;0;6940;0;0;6940;6940
2018-12-25T06:00;2018-12-25T06:15;25;kWh;0;10161;0;0;10161;10161
2018-12-25T06:15;2018-12-25T06:30;26;kWh;0;11545;0;0;11545;11545
2018-12-25T06:30;2018-12-25T06:45;27;kWh;0;15565;0;0;15565;15565
2018-12-25T06:45;2018-12-25T07:00;28;kWh;0;40056;0;0;40056;40056
2018-12-25T07:00;2018-12-25T07:15;29;kWh;-1148;17912;0;0;19060;16764
2018-12-25T07:15;2018-12-25T07:30;30;kWh;-560;6;0;0;566;-554
2018-12-25T07:30;2018-12-25T07:45;31;kWh;0;5069;0;0;5069;5069
2018-12-25T07:45;2018-12-25T08:00;32;kWh;0;29665;0;0;29665;29665
2018-12-25T08:00;2018-12-25T08:15;33;kWh;-17747;6486;0;0;24233;-11261
2018-12-25T08:15;2018-12-25T08:30;34;kWh;-7434;0;0;0;7434;-7434
2018-12-25T08:30;2018-12-25T08:45;35;kWh;-17771;0;0;0;17771;-17771
2018-12-25T08:45;2018-12-25T09:00;36;kWh;-6590;0;0;0;6590;-6590
2018-12-25T09:00;2018-12-25T09:15;37;kWh;0;0;0;0;0;0
2018-12-25T09:15;2018-12-25T09:30;38;kWh;0;0;0;0;0;0
2018-12-25T09:30;2018-12-25T09:45;39;kWh;0;0;0;0;0;0
2018-12-25T09:45;2018-12-25T10:00;40;kWh;0;0;0;0;0;0
2018-12-25T10:00;2018-12-25T10:15;41;kWh;0;15883;0;0;15883;15883
2018-12-25T10:15;2018-12-25T10:30;42;kWh;0;7949;0;0;7949;7949
2018-12-25T10:30;2018-12-25T10:45;43;kWh;0;5626;0;0;5626;5626
2018-12-25T10:45;2018-12-25T11:00;44;kWh;0;16118;0;0;16118;16118
2018-12-25T11:00;2018-12-25T11:15;45;kWh;0;11368;0;0;11368;11368
2018-12-25T11:15;2018-12-25T11:30;46;kWh;0;16234;0;0;16234;16234
2018-12-25T11:30;2018-12-25T11:45;47;kWh;0;5973;0;0;5973;5973
2018-12-25T11:45;2018-12-25T12:00;48;kWh;-103;3325;0;0;3428;3222
2018-12-25T12:00;2018-12-25T12:15;49;kWh;-13294;60;0;0;13354;-13234
2018-12-25T12:15;2018-12-25T12:30;50;kWh;-7928;0;0;0;7928;-7928
2018-12-25T12:30;2018-12-25T12:45;51;kWh;-3620;0;0;0;3620;-3620
2018-12-25T12:45;2018-12-25T13:00;52;kWh;-4900;0;0;0;4900;-4900
2018-12-25T13:00;2018-12-25T13:15;53;kWh;-989;4606;0;0;5595;3617
2018-12-25T13:15;2018-12-25T13:30;54;kWh;-16716;0;0;0;16716;-16716
2018-12-25T13:30;2018-12-25T13:45;55;kWh;-24423;0;0;0;24423;-24423
2018-12-25T13:45;2018-12-25T14:00;56;kWh;-9799;642;0;0;10441;-9157
2018-12-25T14:00;2018-12-25T14:15;57;kWh;-16693;0;0;0;16693;-16693
2018-12-25T14:15;2018-12-25T14:30;58;kWh;-14371;0;0;0;14371;-14371
2018-12-25T14:30;2018-12-25T14:45;59;kWh;-19120;0;0;0;19120;-19120
2018-12-25T14:45;2018-12-25T15:00;60;kWh;-16421;0;0;0;16421;-16421
2018-12-25T15:00;2018-12-25T15:15;61;kWh;-412;294;0;0;706;-118
2018-12-25T15:15;2018-12-25T15:30;62;kWh;0;6013;0;0;6013;6013
2018-12-25T15:30;2018-12-25T15:45;63;kWh;0;3343;0;0;3343;3343
2018-12-25T15:45;2018-12-25T16:00;64;kWh;0;7488;0;0;7488;7488
2018-12-25T16:00;2018-12-25T16:15;65;kWh;-17797;0;0;0;17797;-17797
2018-12-25T16:15;2018-12-25T16:30;66;kWh;-34511;0;0;0;34511;-34511
2018-12-25T16:30;2018-12-25T16:45;67;kWh;-6379;0;0;0;6379;-6379
2018-12-25T16:45;2018-12-25T17:00;68;kWh;0;5339;0;0;5339;5339
2018-12-25T17:00;2018-12-25T17:15;69;kWh;-7;3993;0;0;4000;3986
2018-12-25T17:15;2018-12-25T17:30;70;kWh;-572;0;0;0;572;-572
2018-12-25T17:30;2018-12-25T17:45;71;kWh;0;340;0;0;340;340
2018-12-25T17:45;2018-12-25T18:00;72;kWh;0;2784;0;0;2784;2784
2018-12-25T18:00;2018-12-25T18:15;73;kWh;-3678;0;0;0;3678;-3678
2018-12-25T18:15;2018-12-25T18:30;74;kWh;-15553;0;0;0;15553;-15553
2018-12-25T18:30;2018-12-25T18:45;75;kWh;-25680;0;0;0;25680;-25680
2018-12-25T18:45;2018-12-25T19:00;76;kWh;-26544;0;0;0;26544;-26544
2018-12-25T19:00;2018-12-25T19:15;77;kWh;-11168;2802;0;0;13970;-8366
2018-12-25T19:15;2018-12-25T19:30;78;kWh;-11502;130;0;0;11632;-11372
2018-12-25T19:30;2018-12-25T19:45;79;kWh;-36871;0;0;0;36871;-36871
2018-12-25T19:45;2018-12-25T20:00;80;kWh;-51020;0;0;0;51020;-51020
2018-12-25T20:00;2018-12-25T20:15;81;kWh;-22471;1745;0;0;24216;-20726
2018-12-25T20:15;2018-12-25T20:30;82;kWh;0;67;0;0;67;67
2018-12-25T20:30;2018-12-25T20:45;83;kWh;0;0;0;0;0;0
2018-12-25T20:45;2018-12-25T21:00;84;kWh;-114;0;0;0;114;-114
2018-12-25T21:00;2018-12-25T21:15;85;kWh;-584;479;0;0;1063;-105
2018-12-25T21:15;2018-12-25T21:30;86;kWh;-1116;2;0;0;1118;-1114
2018-12-25T21:30;2018-12-25T21:45;87;kWh;-11529;0;0;0;11529;-11529
2018-12-25T21:45;2018-12-25T22:00;88;kWh;-20360;0;0;0;20360;-20360
2018-12-25T22:00;2018-12-25T22:15;89;kWh;-32495;0;0;0;32495;-32495
2018-12-25T22:15;2018-12-25T22:30;90;kWh;-17304;0;0;0;17304;-17304
2018-12-25T22:30;2018-12-25T22:45;91;kWh;-40566;0;0;0;40566;-40566
2018-12-25T22:45;2018-12-25T23:00;92;kWh;-36576;0;0;0;36576;-36576
2018-12-25T23:00;2018-12-25T23:15;93;kWh;-30849;0;0;0;30849;-30849
2018-12-25T23:15;2018-12-25T23:30;94;kWh;-28445;0;0;0;28445;-28445
2018-12-25T23:30;2018-12-25T23:45;95;kWh;-46501;0;0;0;46501;-46501
2018-12-25T23:45;2018-12-26T00:00;96;kWh;-51357;0;0;0;51357;-51357
2018-12-26T00:00;2018-12-26T00:15;1;kWh;-47133;1145;0;0;48278;-45988
2018-12-26T00:15;2018-12-26T00:30;2;kWh;-7830;6730;0;0;14560;-1100
2018-12-26T00:30;2018-12-26T00:45;3;kWh;-25073;0;0;0;25073;-25073
2018-12-26T00:45;2018-12-26T01:00;4;kWh;-25625;0;0;0;25625;-25625
2018-12-26T01:00;2018-12-26T01:15;5;kWh;-30741;0;0;0;30741;-30741
2018-12-26T01:15;2018-12-26T01:30;6;kWh;-14015;0;0;0;14015;-14015
2018-12-26T01:30;2018-12-26T01:45;7;kWh;-16479;0;0;0;16479;-16479
2018-12-26T01:45;2018-12-26T02:00;8;kWh;-35206;0;0;0;35206;-35206
2018-12-26T02:00;2018-12-26T02:15;9;kWh;-18291;0;0;0;18291;-18291
2018-12-26T02:15;2018-12-26T02:30;10;kWh;0;63;0;0;63;63
2018-12-26T02:30;2018-12-26T02:45;11;kWh;0;0;0;0;0;0
2018-12-26T02:45;2018-12-26T03:00;12;kWh;0;0;0;0;0;0
2018-12-26T03:00;2018-12-26T03:15;13;kWh;0;0;0;0;0;0
2018-12-26T03:15;2018-12-26T03:30;14;kWh;-3018;0;0;0;3018;-3018
2018-12-26T03:30;2018-12-26T03:45;15;kWh;-12226;0;0;0;12226;-12226
2018-12-26T03:45;2018-12-26T04:00;16;kWh;-11836;0;0;0;11836;-11836
2018-12-26T04:00;2018-12-26T04:15;17;kWh;-13357;0;0;0;13357;-13357
2018-12-26T04:15;2018-12-26T04:30;18;kWh;-22869;0;0;0;22869;-22869
2018-12-26T04:30;2018-12-26T04:45;19;kWh;-8664;0;0;0;8664;-8664
2018-12-26T04:45;2018-12-26T05:00;20;kWh;-6975;0;0;0;6975;-6975
2018-12-26T05:00;2018-12-26T05:15;21;kWh;-1522;0;0;0;1522;-1522
2018-12-26T05:15;2018-12-26T05:30;22;kWh;-26920;0;0;0;26920;-26920
2018-12-26T05:30;2018-12-26T05:45;23;kWh;-11704;0;0;0;11704;-11704
2018-12-26T05:45;2018-12-26T06:00;24;kWh;-600;0;0;0;600;-600
2018-12-26T06:00;2018-12-26T06:15;25;kWh;-819;0;0;0;819;-819
2018-12-26T06:15;2018-12-26T06:30;26;kWh;-6888;0;0;0;6888;-6888
2018-12-26T06:30;2018-12-26T06:45;27;kWh;-2876;215;0;0;3091;-2661
2018-12-26T06:45;2018-12-26T07:00;28;kWh;0;14461;0;0;14461;14461
2018-12-26T07:00;2018-12-26T07:15;29;kWh;-5172;3391;0;0;8563;-1781
2018-12-26T07:15;2018-12-26T07:30;30;kWh;0;17566;0;0;17566;17566
2018-12-26T07:30;2018-12-26T07:45;31;kWh;0;36075;0;0;36075;36075
2018-12-26T07:45;2018-12-26T08:00;32;kWh;0;20933;0;0;20933;20933
2018-12-26T08:00;2018-12-26T08:15;33;kWh;0;43506;0;0;43506;43506
2018-12-26T08:15;2018-12-26T08:30;34;kWh;0;64689;0;0;64689;64689
2018-12-26T08:30;2018-12-26T08:45;35;kWh;0;29017;0;0;29017;29017
2018-12-26T08:45;2018-12-26T09:00;36;kWh;0;51134;0;0;51134;51134
2018-12-26T09:00;2018-12-26T09:15;37;kWh;0;74307;0;0;74307;74307
2018-12-26T09:15;2018-12-26T09:30;38;kWh;0;34806;0;0;34806;34806
2018-12-26T09:30;2018-12-26T09:45;39;kWh;0;56586;0;0;56586;56586
2018-12-26T09:45;2018-12-26T10:00;40;kWh;0;76397;0;0;76397;76397
2018-12-26T10:00;2018-12-26T10:15;41;kWh;-863;23666;0;0;24529;22803
2018-12-26T10:15;2018-12-26T10:30;42;kWh;0;14468;0;0;14468;14468
2018-12-26T10:30;2018-12-26T10:45;43;kWh;0;31404;0;0;31404;31404
2018-12-26T10:45;2018-12-26T11:00;44;kWh;0;35976;0;0;35976;35976
2018-12-26T11:00;2018-12-26T11:15;45;kWh;0;59286;0;0;59286;59286
2018-12-26T11:15;2018-12-26T11:30;46;kWh;0;83136;0;0;83136;83136
2018-12-26T11:30;2018-12-26T11:45;47;kWh;0;68938;0;0;68938;68938
2018-12-26T11:45;2018-12-26T12:00;48;kWh;0;51768;0;0;51768;51768
2018-12-26T12:00;2018-12-26T12:15;49;kWh;0;45690;0;0;45690;45690
2018-12-26T12:15;2018-12-26T12:30;50;kWh;0;41590;0;0;41590;41590
2018-12-26T12:30;2018-12-26T12:45;51;kWh;0;64719;0;0;64719;64719
2018-12-26T12:45;2018-12-26T13:00;52;kWh;0;39584;0;0;39584;39584
2018-12-26T13:00;2018-12-26T13:15;53;kWh;0;59993;0;0;59993;59993
2018-12-26T13:15;2018-12-26T13:30;54;kWh;0;53648;0;0;53648;53648
2018-12-26T13:30;2018-12-26T13:45;55;kWh;0;46870;0;0;46870;46870
2018-12-26T13:45;2018-12-26T14:00;56;kWh;0;62333;0;0;62333;62333
2018-12-26T14:00;2018-12-26T14:15;57;kWh;0;62971;0;0;62971;62971
2018-12-26T14:15;2018-12-26T14:30;58;kWh;0;13459;0;0;13459;13459
2018-12-26T14:30;2018-12-26T14:45;59;kWh;0;11114;0;0;11114;11114
2018-12-26T14:45;2018-12-26T15:00;60;kWh;0;25965;0;0;25965;25965
2018-12-26T15:00;2018-12-26T15:15;61;kWh;0;41905;0;0;41905;41905
2018-12-26T15:15;2018-12-26T15:30;62;kWh;0;55271;0;0;55271;55271
2018-12-26T15:30;2018-12-26T15:45;63;kWh;0;66712;0;0;66712;66712
2018-12-26T15:45;2018-12-26T16:00;64;kWh;0;65236;0;0;65236;65236
2018-12-26T16:00;2018-12-26T16:15;65;kWh;-662;31498;0;0;32160;30836
2018-12-26T16:15;2018-12-26T16:30;66;kWh;-138;7460;0;0;7598;7322
2018-12-26T16:30;2018-12-26T16:45;67;kWh;0;58851;0;0;58851;58851
2018-12-26T16:45;2018-12-26T17:00;68;kWh;0;81219;0;0;81219;81219
2018-12-26T17:00;2018-12-26T17:15;69;kWh;0;46891;0;0;46891;46891
2018-12-26T17:15;2018-12-26T17:30;70;kWh;0;58795;0;0;58795;58795
2018-12-26T17:30;2018-12-26T17:45;71;kWh;0;42234;0;0;42234;42234
2018-12-26T17:45;2018-12-26T18:00;72;kWh;0;32179;0;0;32179;32179
2018-12-26T18:00;2018-12-26T18:15;73;kWh;-1492;11006;0;0;12498;9514
2018-12-26T18:15;2018-12-26T18:30;74;kWh;-4263;26;0;0;4289;-4237
2018-12-26T18:30;2018-12-26T18:45;75;kWh;-19545;0;0;0;19545;-19545
2018-12-26T18:45;2018-12-26T19:00;76;kWh;-46007;0;0;0;46007;-46007
2018-12-26T19:00;2018-12-26T19:15;77;kWh;-15602;0;0;0;15602;-15602
2018-12-26T19:15;2018-12-26T19:30;78;kWh;0;0;0;0;0;0
2018-12-26T19:30;2018-12-26T19:45;79;kWh;-9578;0;0;0;9578;-9578
2018-12-26T19:45;2018-12-26T20:00;80;kWh;-43911;0;0;0;43911;-43911
2018-12-26T20:00;2018-12-26T20:15;81;kWh;-23012;1848;0;0;24860;-21164
2018-12-26T20:15;2018-12-26T20:30;82;kWh;-262;76;0;0;338;-186
2018-12-26T20:30;2018-12-26T20:45;83;kWh;-8044;0;0;0;8044;-8044
2018-12-26T20:45;2018-12-26T21:00;84;kWh;-21177;0;0;0;21177;-21177
2018-12-26T21:00;2018-12-26T21:15;85;kWh;-11076;4010;0;0;15086;-7066
2018-12-26T21:15;2018-12-26T21:30;86;kWh;-8;998;0;0;1006;990
2018-12-26T21:30;2018-12-26T21:45;87;kWh;-81;1168;0;0;1249;1087
2018-12-26T21:45;2018-12-26T22:00;88;kWh;-3418;0;0;0;3418;-3418
2018-12-26T22:00;2018-12-26T22:15;89;kWh;-2138;0;0;0;2138;-2138
2018-12-26T22:15;2018-12-26T22:30;90;kWh;0;0;0;0;0;0
2018-12-26T22:30;2018-12-26T22:45;91;kWh;0;50;0;0;50;50
2018-12-26T22:45;2018-12-26T23:00;92;kWh;0;1123;0;0;1123;1123
2018-12-26T23:00;2018-12-26T23:15;93;kWh;0;73;0;0;73;73
2018-12-26T23:15;2018-12-26T23:30;94;kWh;0;0;0;0;0;0
2018-12-26T23:30;2018-12-26T23:45;95;kWh;-236;0;0;0;236;-236
2018-12-26T23:45;2018-12-27T00:00;96;kWh;-12344;0;0;0;12344;-12344
2018-12-27T00:00;2018-12-27T00:15;1;kWh;-15703;0;0;0;15703;-15703
2018-12-27T00:15;2018-12-27T00:30;2;kWh;-9332;0;0;0;9332;-9332
2018-12-27T00:30;2018-12-27T00:45;3;kWh;-3023;0;0;0;3023;-3023
2018-12-27T00:45;2018-12-27T01:00;4;kWh;-9145;0;0;0;9145;-9145
2018-12-27T01:00;2018-12-27T01:15;5;kWh;-3132;25955;0;0;29087;22823
2018-12-27T01:15;2018-12-27T01:30;6;kWh;0;21207;0;0;21207;21207
2018-12-27T01:30;2018-12-27T01:45;7;kWh;0;11808;0;0;11808;11808
2018-12-27T01:45;2018-12-27T02:00;8;kWh;0;2440;0;0;2440;2440
2018-12-27T02:00;2018-12-27T02:15;9;kWh;0;7309;0;0;7309;7309
2018-12-27T02:15;2018-12-27T02:30;10;kWh;0;4209;0;0;4209;4209
2018-12-27T02:30;2018-12-27T02:45;11;kWh;0;503;0;0;503;503
2018-12-27T02:45;2018-12-27T03:00;12;kWh;-2273;0;0;0;2273;-2273
2018-12-27T03:00;2018-12-27T03:15;13;kWh;-5399;0;0;0;5399;-5399
2018-12-27T03:15;2018-12-27T03:30;14;kWh;-14125;0;0;0;14125;-14125
2018-12-27T03:30;2018-12-27T03:45;15;kWh;-4080;0;0;0;4080;-4080
2018-12-27T03:45;2018-12-27T04:00;16;kWh;-6284;0;0;0;6284;-6284
2018-12-27T04:00;2018-12-27T04:15;17;kWh;-3250;0;0;0;3250;-3250
2018-12-27T04:15;2018-12-27T04:30;18;kWh;-626;0;0;0;626;-626
2018-12-27T04:30;2018-12-27T04:45;19;kWh;-2194;0;0;0;2194;-2194
2018-12-27T04:45;2018-12-27T05:00;20;kWh;0;0;0;0;0;0
2018-12-27T05:00;2018-12-27T05:15;21;kWh;-5425;0;0;0;5425;-5425
2018-12-27T05:15;2018-12-27T05:30;22;kWh;-35164;0;0;0;35164;-35164
2018-12-27T05:30;2018-12-27T05:45;23;kWh;-5439;0;0;0;5439;-5439
2018-12-27T05:45;2018-12-27T06:00;24;kWh;-8507;0;0;0;8507;-8507
2018-12-27T06:00;2018-12-27T06:15;25;kWh;-15094;0;0;0;15094;-15094
2018-12-27T06:15;2018-12-27T06:30;26;kWh;-16465;0;0;0;16465;-16465
2018-12-27T06:30;2018-12-27T06:45;27;kWh;-587;485;0;0;1072;-102
2018-12-27T06:45;2018-12-27T07:00;28;kWh;0;987;0;0;987;987
2018-12-27T07:00;2018-12-27T07:15;29;kWh;-2542;875;0;0;3417;-1667
2018-12-27T07:15;2018-12-27T07:30;30;kWh;-586;864;0;0;1450;278
2018-12-27T07:30;2018-12-27T07:45;31;kWh;0;19646;0;0;19646;19646
2018-12-27T07:45;2018-12-27T08:00;32;kWh;0;47393;0;0;47393;47393
2018-12-27T08:00;2018-12-27T08:15;33;kWh;-7808;17821;0;0;25629;10013
2018-12-27T08:15;2018-12-27T08:30;34;kWh;-9598;1312;0;0;10910;-8286
2018-12-27T08:30;2018-12-27T08:45;35;kWh;0;12338;0;0;12338;12338
2018-12-27T08:45;2018-12-27T09:00;36;kWh;0;25287;0;0;25287;25287
2018-12-27T09:00;2018-12-27T09:15;37;kWh;-682;23950;0;0;24632;23268
2018-12-27T09:15;2018-12-27T09:30;38;kWh;-1162;69;0;0;1231;-1093
2018-12-27T09:30;2018-12-27T09:45;39;kWh;0;37;0;0;37;37
2018-12-27T09:45;2018-12-27T10:00;40;kWh;0;5808;0;0;5808;5808
2018-12-27T10:00;2018-12-27T10:15;41;kWh;0;7356;0;0;7356;7356
2018-12-27T10:15;2018-12-27T10:30;42;kWh;0;163;0;0;163;163
2018-12-27T10:30;2018-12-27T10:45;43;kWh;0;0;0;0;0;0
2018-12-27T10:45;2018-12-27T11:00;44;kWh;0;0;0;0;0;0
2018-12-27T11:00;2018-12-27T11:15;45;kWh;0;622;0;0;622;622
2018-12-27T11:15;2018-12-27T11:30;46;kWh;0;2934;0;0;2934;2934
2018-12-27T11:30;2018-12-27T11:45;47;kWh;0;4067;0;0;4067;4067
2018-12-27T11:45;2018-12-27T12:00;48;kWh;0;11767;0;0;11767;11767
2018-12-27T12:00;2018-12-27T12:15;49;kWh;0;56142;0;0;56142;56142
2018-12-27T12:15;2018-12-27T12:30;50;kWh;0;54738;0;0;54738;54738
2018-12-27T12:30;2018-12-27T12:45;51;kWh;0;60550;0;0;60550;60550
2018-12-27T12:45;2018-12-27T13:00;52;kWh;0;54168;0;0;54168;54168
2018-12-27T13:00;2018-12-27T13:15;53;kWh;0;32326;0;0;32326;32326
2018-12-27T13:15;2018-12-27T13:30;54;kWh;0;1398;0;0;1398;1398
2018-12-27T13:30;2018-12-27T13:45;55;kWh;0;0;0;0;0;0
2018-12-27T13:45;2018-12-27T14:00;56;kWh;0;1734;0;0;1734;1734
2018-12-27T14:00;2018-12-27T14:15;57;kWh;0;25160;0;0;25160;25160
2018-12-27T14:15;2018-12-27T14:30;58;kWh;0;33440;0;0;33440;33440
2018-12-27T14:30;2018-12-27T14:45;59;kWh;0;2605;0;0;2605;2605
2018-12-27T14:45;2018-12-27T15:00;60;kWh;0;0;0;0;0;0
2018-12-27T15:00;2018-12-27T15:15;61;kWh;0;0;0;0;0;0
2018-12-27T15:15;2018-12-27T15:30;62;kWh;0;900;0;0;900;900
2018-12-27T15:30;2018-12-27T15:45;63;kWh;0;1558;0;0;1558;1558
2018-12-27T15:45;2018-12-27T16:00;64;kWh;0;2180;0;0;2180;2180
2018-12-27T16:00;2018-12-27T16:15;65;kWh;-15741;62;0;0;15803;-15679
2018-12-27T16:15;2018-12-27T16:30;66;kWh;-4462;0;0;0;4462;-4462
2018-12-27T16:30;2018-12-27T16:45;67;kWh;-559;542;0;0;1101;-17
2018-12-27T16:45;2018-12-27T17:00;68;kWh;0;43136;0;0;43136;43136
2018-12-27T17:00;2018-12-27T17:15;69;kWh;-1443;10690;0;0;12133;9247
2018-12-27T17:15;2018-12-27T17:30;70;kWh;0;8809;0;0;8809;8809
2018-12-27T17:30;2018-12-27T17:45;71;kWh;0;16111;0;0;16111;16111
2018-12-27T17:45;2018-12-27T18:00;72;kWh;0;258;0;0;258;258
2018-12-27T18:00;2018-12-27T18:15;73;kWh;0;7604;0;0;7604;7604
2018-12-27T18:15;2018-12-27T18:30;74;kWh;0;7307;0;0;7307;7307
2018-12-27T18:30;2018-12-27T18:45;75;kWh;0;1767;0;0;1767;1767
2018-12-27T18:45;2018-12-27T19:00;76;kWh;0;0;0;0;0;0
2018-12-27T19:00;2018-12-27T19:15;77;kWh;0;2566;0;0;2566;2566
2018-12-27T19:15;2018-12-27T19:30;78;kWh;0;2741;0;0;2741;2741
2018-12-27T19:30;2018-12-27T19:45;79;kWh;0;15719;0;0;15719;15719
2018-12-27T19:45;2018-12-27T20:00;80;kWh;0;3444;0;0;3444;3444
2018-12-27T20:00;2018-12-27T20:15;81;kWh;0;12744;0;0;12744;12744
2018-12-27T20:15;2018-12-27T20:30;82;kWh;-33;8328;0;0;8361;8295
2018-12-27T20:30;2018-12-27T20:45;83;kWh;-502;213;0;0;715;-289
2018-12-27T20:45;2018-12-27T21:00;84;kWh;-10795;0;0;0;10795;-10795
2018-12-27T21:00;2018-12-27T21:15;85;kWh;-4037;55;0;0;4092;-3982
2018-12-27T21:15;2018-12-27T21:30;86;kWh;-206;2440;0;0;2646;2234
2018-12-27T21:30;2018-12-27T21:45;87;kWh;-14260;0;0;0;14260;-14260
2018-12-27T21:45;2018-12-27T22:00;88;kWh;-29919;0;0;0;29919;-29919
2018-12-27T22:00;2018-12-27T22:15;89;kWh;-10633;524;0;0;11157;-10109
2018-12-27T22:15;2018-12-27T22:30;90;kWh;0;19;0;0;19;19
2018-12-27T22:30;2018-12-27T22:45;91;kWh;-116;0;0;0;116;-116
2018-12-27T22:45;2018-12-27T23:00;92;kWh;-11612;0;0;0;11612;-11612
2018-12-27T23:00;2018-12-27T23:15;93;kWh;-15356;0;0;0;15356;-15356
2018-12-27T23:15;2018-12-27T23:30;94;kWh;0;0;0;0;0;0
2018-12-27T23:30;2018-12-27T23:45;95;kWh;-2796;0;0;0;2796;-2796
2018-12-27T23:45;2018-12-28T00:00;96;kWh;-7087;0;0;0;7087;-7087
2018-12-28T00:00;2018-12-28T00:15;1;kWh;-20085;22;0;0;20107;-20063
2018-12-28T00:15;2018-12-28T00:30;2;kWh;-1276;302;0;0;1578;-974
2018-12-28T00:30;2018-12-28T00:45;3;kWh;-2224;770;0;0;2994;-1454
2018-12-28T00:45;2018-12-28T01:00;4;kWh;-156;14394;0;0;14550;14238
2018-12-28T01:00;2018-12-28T01:15;5;kWh;-843;1640;0;0;2483;797
2018-12-28T01:15;2018-12-28T01:30;6;kWh;-27;2079;0;0;2106;2052
2018-12-28T01:30;2018-12-28T01:45;7;kWh;-1399;0;0;0;1399;-1399
2018-12-28T01:45;2018-12-28T02:00;8;kWh;-22032;0;0;0;22032;-22032
2018-12-28T02:00;2018-12-28T02:15;9;kWh;-9410;970;0;0;10380;-8440
2018-12-28T02:15;2018-12-28T02:30;10;kWh;0;0;0;0;0;0
2018-12-28T02:30;2018-12-28T02:45;11;kWh;0;0;0;0;0;0
2018-12-28T02:45;2018-12-28T03:00;12;kWh;-1625;0;0;0;1625;-1625
2018-12-28T03:00;2018-12-28T03:15;13;kWh;-3339;0;0;0;3339;-3339
2018-12-28T03:15;2018-12-28T03:30;14;kWh;-14252;0;0;0;14252;-14252
2018-12-28T03:30;2018-12-28T03:45;15;kWh;-19002;0;0;0;19002;-19002
2018-12-28T03:45;2018-12-28T04:00;16;kWh;-24117;0;0;0;24117;-24117
2018-12-28T04:00;2018-12-28T04:15;17;kWh;-9715;195;0;0;9910;-9520
2018-12-28T04:15;2018-12-28T04:30;18;kWh;0;0;0;0;0;0
2018-12-28T04:30;2018-12-28T04:45;19;kWh;0;0;0;0;0;0
2018-12-28T04:45;2018-12-28T05:00;20;kWh;0;0;0;0;0;0
2018-12-28T05:00;2018-12-28T05:15;21;kWh;-9150;0;0;0;9150;-9150
2018-12-28T05:15;2018-12-28T05:30;22;kWh;-33716;0;0;0;33716;-33716
2018-12-28T05:30;2018-12-28T05:45;23;kWh;-13367;304;0;0;13671;-13063
2018-12-28T05:45;2018-12-28T06:00;24;kWh;-114;514;0;0;628;400
2018-12-28T06:00;2018-12-28T06:15;25;kWh;-265;1381;0;0;1646;1116
2018-12-28T06:15;2018-12-28T06:30;26;kWh;-42997;0;0;0;42997;-42997
2018-12-28T06:30;2018-12-28T06:45;27;kWh;-7929;0;0;0;7929;-7929
2018-12-28T06:45;2018-12-28T07:00;28;kWh;-514;0;0;0;514;-514
2018-12-28T07:00;2018-12-28T07:15;29;kWh;-12621;0;0;0;12621;-12621
2018-12-28T07:15;2018-12-28T07:30;30;kWh;-26080;0;0;0;26080;-26080
2018-12-28T07:30;2018-12-28T07:45;31;kWh;-32305;0;0;0;32305;-32305
2018-12-28T07:45;2018-12-28T08:00;32;kWh;-6916;1925;0;0;8841;-4991
2018-12-28T08:00;2018-12-28T08:15;33;kWh;-52071;0;0;0;52071;-52071
2018-12-28T08:15;2018-12-28T08:30;34;kWh;-21275;0;0;0;21275;-21275
2018-12-28T08:30;2018-12-28T08:45;35;kWh;-3365;0;0;0;3365;-3365
2018-12-28T08:45;2018-12-28T09:00;36;kWh;-89;617;0;0;706;528
2018-12-28T09:00;2018-12-28T09:15;37;kWh;-14331;362;0;0;14693;-13969
2018-12-28T09:15;2018-12-28T09:30;38;kWh;-21;19427;0;0;19448;19406
2018-12-28T09:30;2018-12-28T09:45;39;kWh;0;19071;0;0;19071;19071
2018-12-28T09:45;2018-12-28T10:00;40;kWh;-107;28374;0;0;28481;28267
2018-12-28T10:00;2018-12-28T10:15;41;kWh;-2644;12691;0;0;15335;10047
2018-12-28T10:15;2018-12-28T10:30;42;kWh;0;31597;0;0;31597;31597
2018-12-28T10:30;2018-12-28T10:45;43;kWh;0;29260;0;0;29260;29260
2018-12-28T10:45;2018-12-28T11:00;44;kWh;0;14518;0;0;14518;14518
2018-12-28T11:00;2018-12-28T11:15;45;kWh;0;28758;0;0;28758;28758
2018-12-28T11:15;2018-12-28T11:30;46;kWh;0;26760;0;0;26760;26760
2018-12-28T11:30;2018-12-28T11:45;47;kWh;0;1946;0;0;1946;1946
2018-12-28T11:45;2018-12-28T12:00;48;kWh;0;0;0;0;0;0
2018-12-28T12:00;2018-12-28T12:15;49;kWh;0;30425;0;0;30425;30425
2018-12-28T12:15;2018-12-28T12:30;50;kWh;0;35750;0;0;35750;35750
2018-12-28T12:30;2018-12-28T12:45;51;kWh;0;32035;0;0;32035;32035
2018-12-28T12:45;2018-12-28T13:00;52;kWh;0;10421;0;0;10421;10421
2018-12-28T13:00;2018-12-28T13:15;53;kWh;0;25178;0;0;25178;25178
2018-12-28T13:15;2018-12-28T13:30;54;kWh;0;43634;0;0;43634;43634
2018-12-28T13:30;2018-12-28T13:45;55;kWh;0;39950;0;0;39950;39950
2018-12-28T13:45;2018-12-28T14:00;56;kWh;0;24978;0;0;24978;24978
2018-12-28T14:00;2018-12-28T14:15;57;kWh;0;9750;0;0;9750;9750
2018-12-28T14:15;2018-12-28T14:30;58;kWh;0;8878;0;0;8878;8878
2018-12-28T14:30;2018-12-28T14:45;59;kWh;0;1039;0;0;1039;1039
2018-12-28T14:45;2018-12-28T15:00;60;kWh;0;0;0;0;0;0
2018-12-28T15:00;2018-12-28T15:15;61;kWh;0;0;0;0;0;0
2018-12-28T15:15;2018-12-28T15:30;62;kWh;-2584;0;0;0;2584;-2584
2018-12-28T15:30;2018-12-28T15:45;63;kWh;-1584;0;0;0;1584;-1584
2018-12-28T15:45;2018-12-28T16:00;64;kWh;-403;0;0;0;403;-403
2018-12-28T16:00;2018-12-28T16:15;65;kWh;-33767;0;0;0;33767;-33767
2018-12-28T16:15;2018-12-28T16:30;66;kWh;-9136;0;0;0;9136;-9136
2018-12-28T16:30;2018-12-28T16:45;67;kWh;-2720;3;0;0;2723;-2717
2018-12-28T16:45;2018-12-28T17:00;68;kWh;-28;19519;0;0;19547;19491
2018-12-28T17:00;2018-12-28T17:15;69;kWh;-8956;9832;0;0;18788;876
2018-12-28T17:15;2018-12-28T17:30;70;kWh;-1643;1160;0;0;2803;-483
2018-12-28T17:30;2018-12-28T17:45;71;kWh;0;6555;0;0;6555;6555
2018-12-28T17:45;2018-12-28T18:00;72;kWh;0;2548;0;0;2548;2548
2018-12-28T18:00;2018-12-28T18:15;73;kWh;0;15959;0;0;15959;15959
2018-12-28T18:15;2018-12-28T18:30;74;kWh;0;7664;0;0;7664;7664
2018-12-28T18:30;2018-12-28T18:45;75;kWh;0;10749;0;0;10749;10749
2018-12-28T18:45;2018-12-28T19:00;76;kWh;-43;28;0;0;71;-15
2018-12-28T19:00;2018-12-28T19:15;77;kWh;0;28503;0;0;28503;28503
2018-12-28T19:15;2018-12-28T19:30;78;kWh;0;33616;0;0;33616;33616
2018-12-28T19:30;2018-12-28T19:45;79;kWh;-3613;2176;0;0;5789;-1437
2018-12-28T19:45;2018-12-28T20:00;80;kWh;-32525;0;0;0;32525;-32525
2018-12-28T20:00;2018-12-28T20:15;81;kWh;-7990;1868;0;0;9858;-6122
2018-12-28T20:15;2018-12-28T20:30;82;kWh;0;879;0;0;879;879
2018-12-28T20:30;2018-12-28T20:45;83;kWh;-5206;0;0;0;5206;-5206
2018-12-28T20:45;2018-12-28T21:00;84;kWh;-30496;0;0;0;30496;-30496
2018-12-28T21:00;2018-12-28T21:15;85;kWh;-29414;0;0;0;29414;-29414
2018-12-28T21:15;2018-12-28T21:30;86;kWh;-20341;0;0;0;20341;-20341
2018-12-28T21:30;2018-12-28T21:45;87;kWh;-52831;0;0;0;52831;-52831
2018-12-28T21:45;2018-12-28T22:00;88;kWh;-79433;0;0;0;79433;-79433
2018-12-28T22:00;2018-12-28T22:15;89;kWh;-43677;0;0;0;43677;-43677
2018-12-28T22:15;2018-12-28T22:30;90;kWh;-392;521;0;0;913;129
2018-12-28T22:30;2018-12-28T22:45;91;kWh;-5845;0;0;0;5845;-5845
2018-12-28T22:45;2018-12-28T23:00;92;kWh;-14981;0;0;0;14981;-14981
2018-12-28T23:00;2018-12-28T23:15;93;kWh;-21181;4111;0;0;25292;-17070
2018-12-28T23:15;2018-12-28T23:30;94;kWh;-24;2313;0;0;2337;2289
2018-12-28T23:30;2018-12-28T23:45;95;kWh;-35;0;0;0;35;-35
2018-12-28T23:45;2018-12-29T00:00;96;kWh;0;0;0;0;0;0
2018-12-29T00:00;2018-12-29T00:15;1;kWh;-519;0;0;0;519;-519
2018-12-29T00:15;2018-12-29T00:30;2;kWh;0;0;0;0;0;0
2018-12-29T00:30;2018-12-29T00:45;3;kWh;0;0;0;0;0;0
2018-12-29T00:45;2018-12-29T01:00;4;kWh;0;0;0;0;0;0
2018-12-29T01:00;2018-12-29T01:15;5;kWh;-490;0;0;0;490;-490
2018-12-29T01:15;2018-12-29T01:30;6;kWh;0;237;0;0;237;237
2018-12-29T01:30;2018-12-29T01:45;7;kWh;0;0;0;0;0;0
2018-12-29T01:45;2018-12-29T02:00;8;kWh;-3182;0;0;0;3182;-3182
2018-12-29T02:00;2018-12-29T02:15;9;kWh;-4704;0;0;0;4704;-4704
2018-12-29T02:15;2018-12-29T02:30;10;kWh;0;0;0;0;0;0
2018-12-29T02:30;2018-12-29T02:45;11;kWh;0;0;0;0;0;0
2018-12-29T02:45;2018-12-29T03:00;12;kWh;-24409;0;0;0;24409;-24409
2018-12-29T03:00;2018-12-29T03:15;13;kWh;-6782;0;0;0;6782;-6782
2018-12-29T03:15;2018-12-29T03:30;14;kWh;0;0;0;0;0;0
2018-12-29T03:30;2018-12-29T03:45;15;kWh;0;0;0;0;0;0
2018-12-29T03:45;2018-12-29T04:00;16;kWh;0;0;0;0;0;0
2018-12-29T04:00;2018-12-29T04:15;17;kWh;0;0;0;0;0;0
2018-12-29T04:15;2018-12-29T04:30;18;kWh;0;0;0;0;0;0
2018-12-29T04:30;2018-12-29T04:45;19;kWh;0;569;0;0;569;569
2018-12-29T04:45;2018-12-29T05:00;20;kWh;0;328;0;0;328;328
2018-12-29T05:00;2018-12-29T05:15;21;kWh;0;0;0;0;0;0
2018-12-29T05:15;2018-12-29T05:30;22;kWh;0;0;0;0;0;0
2018-12-29T05:30;2018-12-29T05:45;23;kWh;-970;0;0;0;970;-970
2018-12-29T05:45;2018-12-29T06:00;24;kWh;0;0;0;0;0;0
2018-12-29T06:00;2018-12-29T06:15;25;kWh;-1415;0;0;0;1415;-1415
2018-12-29T06:15;2018-12-29T06:30;26;kWh;-232;0;0;0;232;-232
2018-12-29T06:30;2018-12-29T06:45;27;kWh;0;0;0;0;0;0
2018-12-29T06:45;2018-12-29T07:00;28;kWh;0;0;0;0;0;0
2018-12-29T07:00;2018-12-29T07:15;29;kWh;-34404;0;0;0;34404;-34404
2018-12-29T07:15;2018-12-29T07:30;30;kWh;-50779;0;0;0;50779;-50779
2018-12-29T07:30;2018-12-29T07:45;31;kWh;-62220;0;0;0;62220;-62220
2018-12-29T07:45;2018-12-29T08:00;32;kWh;-29468;0;0;0;29468;-29468
2018-12-29T08:00;2018-12-29T08:15;33;kWh;-6169;0;0;0;6169;-6169
2018-12-29T08:15;2018-12-29T08:30;34;kWh;-23376;0;0;0;23376;-23376
2018-12-29T08:30;2018-12-29T08:45;35;kWh;-2490;0;0;0;2490;-2490
2018-12-29T08:45;2018-12-29T09:00;36;kWh;0;0;0;0;0;0
2018-12-29T09:00;2018-12-29T09:15;37;kWh;0;0;0;0;0;0
2018-12-29T09:15;2018-12-29T09:30;38;kWh;0;0;0;0;0;0
2018-12-29T09:30;2018-12-29T09:45;39;kWh;0;0;0;0;0;0
2018-12-29T09:45;2018-12-29T10:00;40;kWh;0;0;0;0;0;0
2018-12-29T10:00;2018-12-29T10:15;41;kWh;0;0;0;0;0;0
2018-12-29T10:15;2018-12-29T10:30;42;kWh;0;0;0;0;0;0
2018-12-29T10:30;2018-12-29T10:45;43;kWh;0;0;0;0;0;0
2018-12-29T10:45;2018-12-29T11:00;44;kWh;-3;0;0;0;3;-3
2018-12-29T11:00;2018-12-29T11:15;45;kWh;-105;2740;0;0;2845;2635
2018-12-29T11:15;2018-12-29T11:30;46;kWh;0;6380;0;0;6380;6380
2018-12-29T11:30;2018-12-29T11:45;47;kWh;0;1640;0;0;1640;1640
2018-12-29T11:45;2018-12-29T12:00;48;kWh;0;3300;0;0;3300;3300
2018-12-29T12:00;2018-12-29T12:15;49;kWh;0;33126;0;0;33126;33126
2018-12-29T12:15;2018-12-29T12:30;50;kWh;0;29432;0;0;29432;29432
2018-12-29T12:30;2018-12-29T12:45;51;kWh;0;4744;0;0;4744;4744
2018-12-29T12:45;2018-12-29T13:00;52;kWh;0;4032;0;0;4032;4032
2018-12-29T13:00;2018-12-29T13:15;53;kWh;0;37846;0;0;37846;37846
2018-12-29T13:15;2018-12-29T13:30;54;kWh;0;42145;0;0;42145;42145
2018-12-29T13:30;2018-12-29T13:45;55;kWh;0;16632;0;0;16632;16632
2018-12-29T13:45;2018-12-29T14:00;56;kWh;0;2463;0;0;2463;2463
2018-12-29T14:00;2018-12-29T14:15;57;kWh;0;0;0;0;0;0
2018-12-29T14:15;2018-12-29T14:30;58;kWh;0;11096;0;0;11096;11096
2018-12-29T14:30;2018-12-29T14:45;59;kWh;0;14958;0;0;14958;14958
2018-12-29T14:45;2018-12-29T15:00;60;kWh;0;16242;0;0;16242;16242
2018-12-29T15:00;2018-12-29T15:15;61;kWh;0;12035;0;0;12035;12035
2018-12-29T15:15;2018-12-29T15:30;62;kWh;0;16303;0;0;16303;16303
2018-12-29T15:30;2018-12-29T15:45;63;kWh;0;20355;0;0;20355;20355
2018-12-29T15:45;2018-12-29T16:00;64;kWh;0;19516;0;0;19516;19516
2018-12-29T16:00;2018-12-29T16:15;65;kWh;-852;5216;0;0;6068;4364
2018-12-29T16:15;2018-12-29T16:30;66;kWh;0;718;0;0;718;718
2018-12-29T16:30;2018-12-29T16:45;67;kWh;0;7256;0;0;7256;7256
2018-12-29T16:45;2018-12-29T17:00;68;kWh;0;21648;0;0;21648;21648
2018-12-29T17:00;2018-12-29T17:15;69;kWh;0;24961;0;0;24961;24961
2018-12-29T17:15;2018-12-29T17:30;70;kWh;0;29979;0;0;29979;29979
2018-12-29T17:30;2018-12-29T17:45;71;kWh;0;27138;0;0;27138;27138
2018-12-29T17:45;2018-12-29T18:00;72;kWh;0;15732;0;0;15732;15732
2018-12-29T18:00;2018-12-29T18:15;73;kWh;0;34541;0;0;34541;34541
2018-12-29T18:15;2018-12-29T18:30;74;kWh;0;35342;0;0;35342;35342
2018-12-29T18:30;2018-12-29T18:45;75;kWh;0;26888;0;0;26888;26888
2018-12-29T18:45;2018-12-29T19:00;76;kWh;-811;2766;0;0;3577;1955
2018-12-29T19:00;2018-12-29T19:15;77;kWh;0;25361;0;0;25361;25361
2018-12-29T19:15;2018-12-29T19:30;78;kWh;0;41094;0;0;41094;41094
2018-12-29T19:30;2018-12-29T19:45;79;kWh;0;34342;0;0;34342;34342
2018-12-29T19:45;2018-12-29T20:00;80;kWh;0;39660;0;0;39660;39660
2018-12-29T20:00;2018-12-29T20:15;81;kWh;0;24743;0;0;24743;24743
2018-12-29T20:15;2018-12-29T20:30;82;kWh;0;22051;0;0;22051;22051
2018-12-29T20:30;2018-12-29T20:45;83;kWh;0;37364;0;0;37364;37364
2018-12-29T20:45;2018-12-29T21:00;84;kWh;0;26310;0;0;26310;26310
2018-12-29T21:00;2018-12-29T21:15;85;kWh;0;15251;0;0;15251;15251
2018-12-29T21:15;2018-12-29T21:30;86;kWh;0;14632;0;0;14632;14632
2018-12-29T21:30;2018-12-29T21:45;87;kWh;0;1798;0;0;1798;1798
2018-12-29T21:45;2018-12-29T22:00;88;kWh;0;406;0;0;406;406
2018-12-29T22:00;2018-12-29T22:15;89;kWh;0;25640;0;0;25640;25640
2018-12-29T22:15;2018-12-29T22:30;90;kWh;-8;27520;0;0;27528;27512
2018-12-29T22:30;2018-12-29T22:45;91;kWh;-3459;182;0;0;3641;-3277
2018-12-29T22:45;2018-12-29T23:00;92;kWh;-14276;0;0;0;14276;-14276
2018-12-29T23:00;2018-12-29T23:15;93;kWh;-12051;0;0;0;12051;-12051
2018-12-29T23:15;2018-12-29T23:30;94;kWh;-1644;0;0;0;1644;-1644
2018-12-29T23:30;2018-12-29T23:45;95;kWh;-3249;0;0;0;3249;-3249
2018-12-29T23:45;2018-12-30T00:00;96;kWh;-12514;0;0;0;12514;-12514
2018-12-30T00:00;2018-12-30T00:15;1;kWh;-11176;3360;0;0;14536;-7816
2018-12-30T00:15;2018-12-30T00:30;2;kWh;0;15150;0;0;15150;15150
2018-12-30T00:30;2018-12-30T00:45;3;kWh;0;6491;0;0;6491;6491
2018-12-30T00:45;2018-12-30T01:00;4;kWh;-31;1012;0;0;1043;981
2018-12-30T01:00;2018-12-30T01:15;5;kWh;-135;13439;0;0;13574;13304
2018-12-30T01:15;2018-12-30T01:30;6;kWh;0;32938;0;0;32938;32938
2018-12-30T01:30;2018-12-30T01:45;7;kWh;0;31365;0;0;31365;31365
2018-12-30T01:45;2018-12-30T02:00;8;kWh;0;43733;0;0;43733;43733
2018-12-30T02:00;2018-12-30T02:15;9;kWh;-620;6411;0;0;7031;5791
2018-12-30T02:15;2018-12-30T02:30;10;kWh;0;5617;0;0;5617;5617
2018-12-30T02:30;2018-12-30T02:45;11;kWh;0;382;0;0;382;382
2018-12-30T02:45;2018-12-30T03:00;12;kWh;0;14907;0;0;14907;14907
2018-12-30T03:00;2018-12-30T03:15;13;kWh;0;6309;0;0;6309;6309
2018-12-30T03:15;2018-12-30T03:30;14;kWh;0;33219;0;0;33219;33219
2018-12-30T03:30;2018-12-30T03:45;15;kWh;0;60082;0;0;60082;60082
2018-12-30T03:45;2018-12-30T04:00;16;kWh;0;54619;0;0;54619;54619
2018-12-30T04:00;2018-12-30T04:15;17;kWh;-815;14566;0;0;15381;13751
2018-12-30T04:15;2018-12-30T04:30;18;kWh;-13;2639;0;0;2652;2626
2018-12-30T04:30;2018-12-30T04:45;19;kWh;0;6809;0;0;6809;6809
2018-12-30T04:45;2018-12-30T05:00;20;kWh;0;25661;0;0;25661;25661
2018-12-30T05:00;2018-12-30T05:15;21;kWh;-266;4055;0;0;4321;3789
2018-12-30T05:15;2018-12-30T05:30;22;kWh;-112;0;0;0;112;-112
2018-12-30T05:30;2018-12-30T05:45;23;kWh;0;946;0;0;946;946
2018-12-30T05:45;2018-12-30T06:00;24;kWh;0;4742;0;0;4742;4742
2018-12-30T06:00;2018-12-30T06:15;25;kWh;0;43921;0;0;43921;43921
2018-12-30T06:15;2018-12-30T06:30;26;kWh;0;29903;0;0;29903;29903
2018-12-30T06:30;2018-12-30T06:45;27;kWh;0;39293;0;0;39293;39293
2018-12-30T06:45;2018-12-30T07:00;28;kWh;0;69036;0;0;69036;69036
2018-12-30T07:00;2018-12-30T07:15;29;kWh;-701;30569;0;0;31270;29868
2018-12-30T07:15;2018-12-30T07:30;30;kWh;-20;32198;0;0;32218;32178
2018-12-30T07:30;2018-12-30T07:45;31;kWh;0;95413;0;0;95413;95413
2018-12-30T07:45;2018-12-30T08:00;32;kWh;0;89159;0;0;106659;106659
2018-12-30T08:00;2018-12-30T08:15;33;kWh;-34927;15523;0;0;50450;-19404
2018-12-30T08:15;2018-12-30T08:30;34;kWh;0;89153;0;0;89153;89153
2018-12-30T08:30;2018-12-30T08:45;35;kWh;0;82470;0;0;82470;82470
2018-12-30T08:45;2018-12-30T09:00;36;kWh;0;54806;0;0;54806;54806
2018-12-30T09:00;2018-12-30T09:15;37;kWh;0;34002;0;0;34002;34002
2018-12-30T09:15;2018-12-30T09:30;38;kWh;0;17658;0;0;17658;17658
2018-12-30T09:30;2018-12-30T09:45;39;kWh;0;34794;0;0;34794;34794
2018-12-30T09:45;2018-12-30T10:00;40;kWh;0;49820;0;0;49820;49820
2018-12-30T10:00;2018-12-30T10:15;41;kWh;-600;11847;0;0;12447;11247
2018-12-30T10:15;2018-12-30T10:30;42;kWh;0;0;0;0;0;0
2018-12-30T10:30;2018-12-30T10:45;43;kWh;0;0;0;0;0;0
2018-12-30T10:45;2018-12-30T11:00;44;kWh;-18;0;0;0;18;-18
2018-12-30T11:00;2018-12-30T11:15;45;kWh;-143;0;0;0;143;-143
2018-12-30T11:15;2018-12-30T11:30;46;kWh;0;0;0;0;0;0
2018-12-30T11:30;2018-12-30T11:45;47;kWh;-6230;0;0;0;6230;-6230
2018-12-30T11:45;2018-12-30T12:00;48;kWh;-2405;0;0;0;2405;-2405
2018-12-30T12:00;2018-12-30T12:15;49;kWh;-473;0;0;0;473;-473
2018-12-30T12:15;2018-12-30T12:30;50;kWh;-554;0;0;0;554;-554
2018-12-30T12:30;2018-12-30T12:45;51;kWh;-92;0;0;0;92;-92
2018-12-30T12:45;2018-12-30T13:00;52;kWh;0;752;0;0;752;752
2018-12-30T13:00;2018-12-30T13:15;53;kWh;0;39532;0;0;39532;39532
2018-12-30T13:15;2018-12-30T13:30;54;kWh;0;54275;0;0;54275;54275
2018-12-30T13:30;2018-12-30T13:45;55;kWh;0;30019;0;0;30019;30019
2018-12-30T13:45;2018-12-30T14:00;56;kWh;0;37167;0;0;37167;37167
2018-12-30T14:00;2018-12-30T14:15;57;kWh;-406;8920;0;0;9326;8514
2018-12-30T14:15;2018-12-30T14:30;58;kWh;0;0;0;0;0;0
2018-12-30T14:30;2018-12-30T14:45;59;kWh;0;0;0;0;0;0
2018-12-30T14:45;2018-12-30T15:00;60;kWh;0;0;0;0;0;0
2018-12-30T15:00;2018-12-30T15:15;61;kWh;0;2276;0;0;2276;2276
2018-12-30T15:15;2018-12-30T15:30;62;kWh;0;4417;0;0;4417;4417
2018-12-30T15:30;2018-12-30T15:45;63;kWh;0;15216;0;0;15216;15216
2018-12-30T15:45;2018-12-30T16:00;64;kWh;0;18032;0;0;18032;18032
2018-12-30T16:00;2018-12-30T16:15;65;kWh;-3879;1043;0;0;4922;-2836
2018-12-30T16:15;2018-12-30T16:30;66;kWh;-15658;0;0;0;15658;-15658
2018-12-30T16:30;2018-12-30T16:45;67;kWh;-3181;0;0;0;3181;-3181
2018-12-30T16:45;2018-12-30T17:00;68;kWh;0;7074;0;0;7074;7074
2018-12-30T17:00;2018-12-30T17:15;69;kWh;-769;1578;0;0;2347;809
2018-12-30T17:15;2018-12-30T17:30;70;kWh;-6856;0;0;0;6856;-6856
2018-12-30T17:30;2018-12-30T17:45;71;kWh;-243;0;0;0;243;-243
2018-12-30T17:45;2018-12-30T18:00;72;kWh;0;0;0;0;0;0
2018-12-30T18:00;2018-12-30T18:15;73;kWh;0;2510;0;0;2510;2510
2018-12-30T18:15;2018-12-30T18:30;74;kWh;0;2390;0;0;2390;2390
2018-12-30T18:30;2018-12-30T18:45;75;kWh;0;4200;0;0;4200;4200
2018-12-30T18:45;2018-12-30T19:00;76;kWh;0;1857;0;0;1857;1857
2018-12-30T19:00;2018-12-30T19:15;77;kWh;0;37454;0;0;37454;37454
2018-12-30T19:15;2018-12-30T19:30;78;kWh;0;50154;0;0;50154;50154
2018-12-30T19:30;2018-12-30T19:45;79;kWh;0;10507;0;0;10507;10507
2018-12-30T19:45;2018-12-30T20:00;80;kWh;0;11358;0;0;11358;11358
2018-12-30T20:00;2018-12-30T20:15;81;kWh;0;27087;0;0;27087;27087
2018-12-30T20:15;2018-12-30T20:30;82;kWh;0;24816;0;0;24816;24816
2018-12-30T20:30;2018-12-30T20:45;83;kWh;0;8045;0;0;8045;8045
2018-12-30T20:45;2018-12-30T21:00;84;kWh;0;3845;0;0;3845;3845
2018-12-30T21:00;2018-12-30T21:15;85;kWh;0;13460;0;0;13460;13460
2018-12-30T21:15;2018-12-30T21:30;86;kWh;0;8220;0;0;8220;8220
2018-12-30T21:30;2018-12-30T21:45;87;kWh;-25;130;0;0;155;105
2018-12-30T21:45;2018-12-30T22:00;88;kWh;-11773;0;0;0;11773;-11773
2018-12-30T22:00;2018-12-30T22:15;89;kWh;-10545;286;0;0;10831;-10259
2018-12-30T22:15;2018-12-30T22:30;90;kWh;-41;40;0;0;81;-1
2018-12-30T22:30;2018-12-30T22:45;91;kWh;0;0;0;0;0;0
2018-12-30T22:45;2018-12-30T23:00;92;kWh;-5568;0;0;0;5568;-5568
2018-12-30T23:00;2018-12-30T23:15;93;kWh;-4994;13549;0;0;18543;8555
2018-12-30T23:15;2018-12-30T23:30;94;kWh;0;7706;0;0;7706;7706
2018-12-30T23:30;2018-12-30T23:45;95;kWh;0;0;0;0;0;0
2018-12-30T23:45;2018-12-31T00:00;96;kWh;-7906;0;0;0;7906;-7906
2018-12-31T00:00;2018-12-31T00:15;1;kWh;-22556;0;0;0;22556;-22556
2018-12-31T00:15;2018-12-31T00:30;2;kWh;-59;698;0;0;757;639
2018-12-31T00:30;2018-12-31T00:45;3;kWh;-2208;0;0;0;2208;-2208
2018-12-31T00:45;2018-12-31T01:00;4;kWh;-2026;0;0;0;2026;-2026
2018-12-31T01:00;2018-12-31T01:15;5;kWh;-1870;6710;0;0;8580;4840
2018-12-31T01:15;2018-12-31T01:30;6;kWh;0;16917;0;0;16917;16917
2018-12-31T01:30;2018-12-31T01:45;7;kWh;-4094;6;0;0;4100;-4088
2018-12-31T01:45;2018-12-31T02:00;8;kWh;-7204;0;0;0;7204;-7204
2018-12-31T02:00;2018-12-31T02:15;9;kWh;-1410;0;0;0;1410;-1410
2018-12-31T02:15;2018-12-31T02:30;10;kWh;-9018;0;0;0;9018;-9018
2018-12-31T02:30;2018-12-31T02:45;11;kWh;-12143;0;0;0;12143;-12143
2018-12-31T02:45;2018-12-31T03:00;12;kWh;-1137;0;0;0;1137;-1137
2018-12-31T03:00;2018-12-31T03:15;13;kWh;-1233;0;0;0;1233;-1233
2018-12-31T03:15;2018-12-31T03:30;14;kWh;0;0;0;0;0;0
2018-12-31T03:30;2018-12-31T03:45;15;kWh;-829;0;0;0;829;-829
2018-12-31T03:45;2018-12-31T04:00;16;kWh;-5408;0;0;0;5408;-5408
2018-12-31T04:00;2018-12-31T04:15;17;kWh;-1548;0;0;0;1548;-1548
2018-12-31T04:15;2018-12-31T04:30;18;kWh;0;0;0;0;0;0
2018-12-31T04:30;2018-12-31T04:45;19;kWh;0;0;0;0;0;0
2018-12-31T04:45;2018-12-31T05:00;20;kWh;0;0;0;0;0;0
2018-12-31T05:00;2018-12-31T05:15;21;kWh;-1969;0;0;0;1969;-1969
2018-12-31T05:15;2018-12-31T05:30;22;kWh;-11751;0;0;0;11751;-11751
2018-12-31T05:30;2018-12-31T05:45;23;kWh;-12304;0;0;0;12304;-12304
2018-12-31T05:45;2018-12-31T06:00;24;kWh;-177;0;0;0;177;-177
2018-12-31T06:00;2018-12-31T06:15;25;kWh;-639;0;0;0;639;-639
2018-12-31T06:15;2018-12-31T06:30;26;kWh;0;0;0;0;0;0
2018-12-31T06:30;2018-12-31T06:45;27;kWh;0;0;0;0;0;0
2018-12-31T06:45;2018-12-31T07:00;28;kWh;0;0;0;0;0;0
2018-12-31T07:00;2018-12-31T07:15;29;kWh;-664;0;0;0;664;-664
2018-12-31T07:15;2018-12-31T07:30;30;kWh;-441;0;0;0;441;-441
2018-12-31T07:30;2018-12-31T07:45;31;kWh;0;4039;0;0;4039;4039
2018-12-31T07:45;2018-12-31T08:00;32;kWh;0;0;0;0;0;0
2018-12-31T08:00;2018-12-31T08:15;33;kWh;-1442;0;0;0;1442;-1442
2018-12-31T08:15;2018-12-31T08:30;34;kWh;-11;0;0;0;11;-11
2018-12-31T08:30;2018-12-31T08:45;35;kWh;0;22767;0;0;22767;22767
2018-12-31T08:45;2018-12-31T09:00;36;kWh;0;48167;0;0;48167;48167
2018-12-31T09:00;2018-12-31T09:15;37;kWh;0;44221;0;0;44221;44221
2018-12-31T09:15;2018-12-31T09:30;38;kWh;0;44811;0;0;44811;44811
2018-12-31T09:30;2018-12-31T09:45;39;kWh;0;17860;0;0;17860;17860
2018-12-31T09:45;2018-12-31T10:00;40;kWh;0;59258;0;0;59258;59258
2018-12-31T10:00;2018-12-31T10:15;41;kWh;0;55955;0;0;55955;55955
2018-12-31T10:15;2018-12-31T10:30;42;kWh;0;49990;0;0;49990;49990
2018-12-31T10:30;2018-12-31T10:45;43;kWh;0;58941;0;0;58941;58941
2018-12-31T10:45;2018-12-31T11:00;44;kWh;0;49564;0;0;49564;49564
2018-12-31T11:00;2018-12-31T11:15;45;kWh;0;8105;0;0;8105;8105
2018-12-31T11:15;2018-12-31T11:30;46;kWh;0;0;0;0;0;0
2018-12-31T11:30;2018-12-31T11:45;47;kWh;0;278;0;0;278;278
2018-12-31T11:45;2018-12-31T12:00;48;kWh;0;46;0;0;46;46
2018-12-31T12:00;2018-12-31T12:15;49;kWh;0;14625;0;0;14625;14625
2018-12-31T12:15;2018-12-31T12:30;50;kWh;0;1586;0;0;1586;1586
2018-12-31T12:30;2018-12-31T12:45;51;kWh;0;12824;0;0;12824;12824
2018-12-31T12:45;2018-12-31T13:00;52;kWh;0;15870;0;0;15870;15870
2018-12-31T13:00;2018-12-31T13:15;53;kWh;0;36306;0;0;36306;36306
2018-12-31T13:15;2018-12-31T13:30;54;kWh;0;16324;0;0;16324;16324
2018-12-31T13:30;2018-12-31T13:45;55;kWh;0;625;0;0;625;625
2018-12-31T13:45;2018-12-31T14:00;56;kWh;0;0;0;0;0;0
2018-12-31T14:00;2018-12-31T14:15;57;kWh;0;29502;0;0;29502;29502
2018-12-31T14:15;2018-12-31T14:30;58;kWh;0;58968;0;0;58968;58968
2018-12-31T14:30;2018-12-31T14:45;59;kWh;0;43940;0;0;43940;43940
2018-12-31T14:45;2018-12-31T15:00;60;kWh;0;8661;0;0;8661;8661
2018-12-31T15:00;2018-12-31T15:15;61;kWh;0;2557;0;0;2557;2557
2018-12-31T15:15;2018-12-31T15:30;62;kWh;0;140;0;0;140;140
2018-12-31T15:30;2018-12-31T15:45;63;kWh;0;0;0;0;0;0
2018-12-31T15:45;2018-12-31T16:00;64;kWh;0;0;0;0;0;0
2018-12-31T16:00;2018-12-31T16:15;65;kWh;-7330;0;0;0;7330;-7330
2018-12-31T16:15;2018-12-31T16:30;66;kWh;-2280;0;0;0;2280;-2280
2018-12-31T16:30;2018-12-31T16:45;67;kWh;0;1254;0;0;1254;1254
2018-12-31T16:45;2018-12-31T17:00;68;kWh;0;38434;0;0;38434;38434
2018-12-31T17:00;2018-12-31T17:15;69;kWh;-344;16604;0;0;16948;16260
2018-12-31T17:15;2018-12-31T17:30;70;kWh;-8410;0;0;0;8410;-8410
2018-12-31T17:30;2018-12-31T17:45;71;kWh;-2708;0;0;0;2708;-2708
2018-12-31T17:45;2018-12-31T18:00;72;kWh;-334;0;0;0;334;-334
2018-12-31T18:00;2018-12-31T18:15;73;kWh;0;13251;0;0;13251;13251
2018-12-31T18:15;2018-12-31T18:30;74;kWh;0;28194;0;0;28194;28194
2018-12-31T18:30;2018-12-31T18:45;75;kWh;0;6506;0;0;6506;6506
2018-12-31T18:45;2018-12-31T19:00;76;kWh;0;44;0;0;44;44
2018-12-31T19:00;2018-12-31T19:15;77;kWh;0;2749;0;0;2749;2749
2018-12-31T19:15;2018-12-31T19:30;78;kWh;0;612;0;0;612;612
2018-12-31T19:30;2018-12-31T19:45;79;kWh;0;0;0;0;0;0
2018-12-31T19:45;2018-12-31T20:00;80;kWh;-1365;0;0;0;1365;-1365
2018-12-31T20:00;2018-12-31T20:15;81;kWh;-21534;0;0;0;21534;-21534
2018-12-31T20:15;2018-12-31T20:30;82;kWh;-14703;0;0;0;14703;-14703
2018-12-31T20:30;2018-12-31T20:45;83;kWh;-14481;0;0;0;14481;-14481
2018-12-31T20:45;2018-12-31T21:00;84;kWh;-49750;0;0;0;49750;-49750
2018-12-31T21:00;2018-12-31T21:15;85;kWh;-18882;0;0;0;18882;-18882
2018-12-31T21:15;2018-12-31T21:30;86;kWh;-161;0;0;0;161;-161
2018-12-31T21:30;2018-12-31T21:45;87;kWh;-38712;0;0;0;38712;-38712
2018-12-31T21:45;2018-12-31T22:00;88;kWh;-80072;2;0;0;80074;-80070
2018-12-31T22:00;2018-12-31T22:15;89;kWh;-6097;19954;0;0;26051;13857
2018-12-31T22:15;2018-12-31T22:30;90;kWh;0;124;0;0;124;124
2018-12-31T22:30;2018-12-31T22:45;91;kWh;-921;0;0;0;921;-921
2018-12-31T22:45;2018-12-31T23:00;92;kWh;-2416;0;0;0;2416;-2416
2018-12-31T23:00;2018-12-31T23:15;93;kWh;-32589;4051;0;0;36640;-28538
2018-12-31T23:15;2018-12-31T23:30;94;kWh;-1025;8443;0;0;9468;7418
2018-12-31T23:30;2018-12-31T23:45;95;kWh;-21912;0;0;0;21912;-21912
2018-12-31T23:45;2019-01-01T00:00;96;kWh;-34619;0;0;0;34619;-34619
