Timeinterval Start Loc;Timeinterval End Loc;Isp;Quantity Measurement Unit Name;Afrr Down;Afrr Up;Incident Reserve Down;Incident Reserve Up;Absolute Total Volume;Total Volume
2024-01-01T00:00;2024-01-01T00:15;1;kWh;-3235;3196;0;0;6431;-39
2024-01-01T00:15;2024-01-01T00:30;2;kWh;0;2927;0;0;2927;2927
2024-01-01T00:30;2024-01-01T00:45;3;kWh;0;1863;0;0;1863;1863
2024-01-01T00:45;2024-01-01T01:00;4;kWh;0;1892;0;0;1892;1892
2024-01-01T01:00;2024-01-01T01:15;5;kWh;0;12778;0;0;12778;12778
2024-01-01T01:15;2024-01-01T01:30;6;kWh;-210;7630;0;0;7840;7420
2024-01-01T01:30;2024-01-01T01:45;7;kWh;-395;3469;0;0;3864;3074
2024-01-01T01:45;2024-01-01T02:00;8;kWh;-1891;6194;0;0;8085;4303
2024-01-01T02:00;2024-01-01T02:15;9;kWh;-5079;12310;0;0;17389;7231
2024-01-01T02:15;2024-01-01T02:30;10;kWh;-4;6334;0;0;6338;6330
2024-01-01T02:30;2024-01-01T02:45;11;kWh;-319;0;0;0;319;-319
2024-01-01T02:45;2024-01-01T03:00;12;kWh;-350;9805;0;0;10155;9455
2024-01-01T03:00;2024-01-01T03:15;13;kWh;0;2214;0;0;2214;2214
2024-01-01T03:15;2024-01-01T03:30;14;kWh;0;192;0;0;192;192
2024-01-01T03:30;2024-01-01T03:45;15;kWh;-1109;0;0;0;1109;-1109
2024-01-01T03:45;2024-01-01T04:00;16;kWh;-5928;562;0;0;6490;-5366
2024-01-01T04:00;2024-01-01T04:15;17;kWh;-5987;2986;0;0;8973;-3001
2024-01-01T04:15;2024-01-01T04:30;18;kWh;0;0;0;0;0;0
2024-01-01T04:30;2024-01-01T04:45;19;kWh;-202;947;0;0;1149;745
2024-01-01T04:45;2024-01-01T05:00;20;kWh;-394;3;0;0;397;-391
2024-01-01T05:00;2024-01-01T05:15;21;kWh;-7;0;0;0;7;-7
2024-01-01T05:15;2024-01-01T05:30;22;kWh;-1435;0;0;0;1435;-1435
2024-01-01T05:30;2024-01-01T05:45;23;kWh;-909;0;0;0;909;-909
2024-01-01T05:45;2024-01-01T06:00;24;kWh;-707;0;0;0;707;-707
2024-01-01T06:00;2024-01-01T06:15;25;kWh;-610;659;0;0;1269;49
2024-01-01T06:15;2024-01-01T06:30;26;kWh;0;0;0;0;0;0
2024-01-01T06:30;2024-01-01T06:45;27;kWh;0;3648;0;0;3648;3648
2024-01-01T06:45;2024-01-01T07:00;28;kWh;0;15125;0;0;15125;15125
2024-01-01T07:00;2024-01-01T07:15;29;kWh;0;3012;0;0;3012;3012
2024-01-01T07:15;2024-01-01T07:30;30;kWh;-180;1097;0;0;1277;917
2024-01-01T07:30;2024-01-01T07:45;31;kWh;-780;0;0;0;780;-780
2024-01-01T07:45;2024-01-01T08:00;32;kWh;0;29;0;0;29;29
2024-01-01T08:00;2024-01-01T08:15;33;kWh;-12405;131;0;0;12536;-12274
2024-01-01T08:15;2024-01-01T08:30;34;kWh;-10799;0;0;0;10799;-10799
2024-01-01T08:30;2024-01-01T08:45;35;kWh;-6333;0;0;0;6333;-6333
2024-01-01T08:45;2024-01-01T09:00;36;kWh;-15875;0;0;0;15875;-15875
2024-01-01T09:00;2024-01-01T09:15;37;kWh;-5185;0;0;0;5185;-5185
2024-01-01T09:15;2024-01-01T09:30;38;kWh;0;0;0;0;0;0
2024-01-01T09:30;2024-01-01T09:45;39;kWh;-44;0;0;0;44;-44
2024-01-01T09:45;2024-01-01T10:00;40;kWh;-2897;0;0;0;2897;-2897
2024-01-01T10:00;2024-01-01T10:15;41;kWh;-470;0;0;0;470;-470
2024-01-01T10:15;2024-01-01T10:30;42;kWh;-206;0;0;0;206;-206
2024-01-01T10:30;2024-01-01T10:45;43;kWh;-1295;0;0;0;1295;-1295
2024-01-01T10:45;2024-01-01T11:00;44;kWh;-1289;0;0;0;1289;-1289
2024-01-01T11:00;2024-01-01T11:15;45;kWh;-110;0;0;0;110;-110
2024-01-01T11:15;2024-01-01T11:30;46;kWh;-880;0;0;0;880;-880
2024-01-01T11:30;2024-01-01T11:45;47;kWh;-2447;0;0;0;2447;-2447
2024-01-01T11:45;2024-01-01T12:00;48;kWh;-577;0;0;0;577;-577
2024-01-01T12:00;2024-01-01T12:15;49;kWh;-449;0;0;0;449;-449
2024-01-01T12:15;2024-01-01T12:30;50;kWh;0;0;0;0;0;0
2024-01-01T12:30;2024-01-01T12:45;51;kWh;0;0;0;0;0;0
2024-01-01T12:45;2024-01-01T13:00;52;kWh;0;0;0;0;0;0
2024-01-01T13:00;2024-01-01T13:15;53;kWh;0;0;0;0;0;0
2024-01-01T13:15;2024-01-01T13:30;54;kWh;-272;0;0;0;272;-272
2024-01-01T13:30;2024-01-01T13:45;55;kWh;-1503;4;0;0;1507;-1499
2024-01-01T13:45;2024-01-01T14:00;56;kWh;0;170;0;0;170;170
2024-01-01T14:00;2024-01-01T14:15;57;kWh;0;0;0;0;0;0
2024-01-01T14:15;2024-01-01T14:30;58;kWh;0;0;0;0;0;0
2024-01-01T14:30;2024-01-01T14:45;59;kWh;0;0;0;0;0;0
2024-01-01T14:45;2024-01-01T15:00;60;kWh;0;0;0;0;0;0
2024-01-01T15:00;2024-01-01T15:15;61;kWh;0;0;0;0;0;0
2024-01-01T15:15;2024-01-01T15:30;62;kWh;0;8566;0;0;8566;8566
2024-01-01T15:30;2024-01-01T15:45;63;kWh;0;25652;0;0;25652;25652
2024-01-01T15:45;2024-01-01T16:00;64;kWh;0;44977;0;0;44977;44977
2024-01-01T16:00;2024-01-01T16:15;65;kWh;-5471;2474;0;0;7945;-2997
2024-01-01T16:15;2024-01-01T16:30;66;kWh;-1411;704;0;0;2115;-707
2024-01-01T16:30;2024-01-01T16:45;67;kWh;0;1101;0;0;1101;1101
2024-01-01T16:45;2024-01-01T17:00;68;kWh;0;2747;0;0;2747;2747
2024-01-01T17:00;2024-01-01T17:15;69;kWh;0;667;0;0;667;667
2024-01-01T17:15;2024-01-01T17:30;70;kWh;0;8757;0;0;8757;8757
2024-01-01T17:30;2024-01-01T17:45;71;kWh;0;35318;0;0;35318;35318
2024-01-01T17:45;2024-01-01T18:00;72;kWh;-878;45778;0;0;46656;44900
2024-01-01T18:00;2024-01-01T18:15;73;kWh;-12158;2693;0;0;14851;-9465
2024-01-01T18:15;2024-01-01T18:30;74;kWh;-711;0;0;0;711;-711
2024-01-01T18:30;2024-01-01T18:45;75;kWh;-1;0;0;0;1;-1
2024-01-01T18:45;2024-01-01T19:00;76;kWh;-6204;2482;0;0;8686;-3722
2024-01-01T19:00;2024-01-01T19:15;77;kWh;-18904;1323;0;0;20227;-17581
2024-01-01T19:15;2024-01-01T19:30;78;kWh;-23890;0;0;0;23890;-23890
2024-01-01T19:30;2024-01-01T19:45;79;kWh;-4900;0;0;0;4900;-4900
2024-01-01T19:45;2024-01-01T20:00;80;kWh;-3683;2453;0;0;6136;-1230
2024-01-01T20:00;2024-01-01T20:15;81;kWh;0;48716;0;0;48716;48716
2024-01-01T20:15;2024-01-01T20:30;82;kWh;0;57839;0;0;57839;57839
2024-01-01T20:30;2024-01-01T20:45;83;kWh;0;1447;0;0;1447;1447
2024-01-01T20:45;2024-01-01T21:00;84;kWh;-4979;0;0;0;4979;-4979
2024-01-01T21:00;2024-01-01T21:15;85;kWh;-3198;0;0;0;3198;-3198
2024-01-01T21:15;2024-01-01T21:30;86;kWh;-10557;0;0;0;10557;-10557
2024-01-01T21:30;2024-01-01T21:45;87;kWh;-23338;297;0;0;23635;-23041
2024-01-01T21:45;2024-01-01T22:00;88;kWh;-23918;522;0;0;24440;-23396
2024-01-01T22:00;2024-01-01T22:15;89;kWh;-20896;0;0;0;20896;-20896
2024-01-01T22:15;2024-01-01T22:30;90;kWh;-24947;0;0;0;24947;-24947
2024-01-01T22:30;2024-01-01T22:45;91;kWh;-13295;0;0;0;13295;-13295
2024-01-01T22:45;2024-01-01T23:00;92;kWh;-20010;0;0;0;20010;-20010
2024-01-01T23:00;2024-01-01T23:15;93;kWh;-3029;0;0;0;3029;-3029
2024-01-01T23:15;2024-01-01T23:30;94;kWh;-12159;0;0;0;12159;-12159
2024-01-01T23:30;2024-01-01T23:45;95;kWh;-18862;0;0;0;18862;-18862
2024-01-01T23:45;2024-01-02T00:00;96;kWh;-33161;0;0;0;33161;-33161
2024-01-02T00:00;2024-01-02T00:15;1;kWh;-148168;0;0;0;148168;-148168
2024-01-02T00:15;2024-01-02T00:30;2;kWh;-164494;0;0;0;164494;-164494
2024-01-02T00:30;2024-01-02T00:45;3;kWh;-142584;0;0;0;142584;-142584
2024-01-02T00:45;2024-01-02T01:00;4;kWh;-186518;0;0;0;186518;-186518
2024-01-02T01:00;2024-01-02T01:15;5;kWh;-112627;0;0;0;112627;-112627
2024-01-02T01:15;2024-01-02T01:30;6;kWh;-117919;0;0;0;117919;-117919
2024-01-02T01:30;2024-01-02T01:45;7;kWh;-148210;0;0;0;148210;-148210
2024-01-02T01:45;2024-01-02T02:00;8;kWh;-158903;0;0;0;158903;-158903
2024-01-02T02:00;2024-01-02T02:15;9;kWh;-47210;0;0;0;47210;-47210
2024-01-02T02:15;2024-01-02T02:30;10;kWh;-78994;0;0;0;78994;-78994
2024-01-02T02:30;2024-01-02T02:45;11;kWh;-103715;0;0;0;103715;-103715
2024-01-02T02:45;2024-01-02T03:00;12;kWh;-99829;0;0;0;99829;-99829
2024-01-02T03:00;2024-01-02T03:15;13;kWh;-74087;0;0;0;74087;-74087
2024-01-02T03:15;2024-01-02T03:30;14;kWh;-61855;0;0;0;61855;-61855
2024-01-02T03:30;2024-01-02T03:45;15;kWh;-66567;0;0;0;66567;-66567
2024-01-02T03:45;2024-01-02T04:00;16;kWh;-81145;0;0;0;81145;-81145
2024-01-02T04:00;2024-01-02T04:15;17;kWh;-56768;0;0;0;56768;-56768
2024-01-02T04:15;2024-01-02T04:30;18;kWh;-71103;0;0;0;71103;-71103
2024-01-02T04:30;2024-01-02T04:45;19;kWh;-51449;0;0;0;51449;-51449
2024-01-02T04:45;2024-01-02T05:00;20;kWh;-46201;0;0;0;46201;-46201
2024-01-02T05:00;2024-01-02T05:15;21;kWh;-44124;0;0;0;44124;-44124
2024-01-02T05:15;2024-01-02T05:30;22;kWh;-16897;0;0;0;16897;-16897
2024-01-02T05:30;2024-01-02T05:45;23;kWh;-36;0;0;0;36;-36
2024-01-02T05:45;2024-01-02T06:00;24;kWh;-51033;0;0;0;51033;-51033
2024-01-02T06:00;2024-01-02T06:15;25;kWh;-163153;0;0;0;163153;-163153
2024-01-02T06:15;2024-01-02T06:30;26;kWh;-102176;0;0;0;102176;-102176
2024-01-02T06:30;2024-01-02T06:45;27;kWh;-57461;0;0;0;57461;-57461
2024-01-02T06:45;2024-01-02T07:00;28;kWh;-44900;0;0;0;44900;-44900
2024-01-02T07:00;2024-01-02T07:15;29;kWh;-96418;0;0;0;96418;-96418
2024-01-02T07:15;2024-01-02T07:30;30;kWh;-60074;0;0;0;60074;-60074
2024-01-02T07:30;2024-01-02T07:45;31;kWh;-48057;0;0;0;48057;-48057
2024-01-02T07:45;2024-01-02T08:00;32;kWh;-17315;0;0;0;17315;-17315
2024-01-02T08:00;2024-01-02T08:15;33;kWh;-35891;0;0;0;35891;-35891
2024-01-02T08:15;2024-01-02T08:30;34;kWh;-18335;0;0;0;18335;-18335
2024-01-02T08:30;2024-01-02T08:45;35;kWh;-17042;0;0;0;17042;-17042
2024-01-02T08:45;2024-01-02T09:00;36;kWh;-7390;0;0;0;7390;-7390
2024-01-02T09:00;2024-01-02T09:15;37;kWh;-1558;0;0;0;1558;-1558
2024-01-02T09:15;2024-01-02T09:30;38;kWh;-472;0;0;0;472;-472
2024-01-02T09:30;2024-01-02T09:45;39;kWh;-34925;0;0;0;34925;-34925
2024-01-02T09:45;2024-01-02T10:00;40;kWh;-54744;0;0;0;54744;-54744
2024-01-02T10:00;2024-01-02T10:15;41;kWh;-21603;0;0;0;21603;-21603
2024-01-02T10:15;2024-01-02T10:30;42;kWh;-20322;0;0;0;20322;-20322
2024-01-02T10:30;2024-01-02T10:45;43;kWh;-17070;0;0;0;17070;-17070
2024-01-02T10:45;2024-01-02T11:00;44;kWh;-11103;0;0;0;11103;-11103
2024-01-02T11:00;2024-01-02T11:15;45;kWh;-870;0;0;0;870;-870
2024-01-02T11:15;2024-01-02T11:30;46;kWh;0;342;0;0;342;342
2024-01-02T11:30;2024-01-02T11:45;47;kWh;0;1453;0;0;1453;1453
2024-01-02T11:45;2024-01-02T12:00;48;kWh;0;0;0;0;0;0
2024-01-02T12:00;2024-01-02T12:15;49;kWh;0;0;0;0;0;0
2024-01-02T12:15;2024-01-02T12:30;50;kWh;0;0;0;0;0;0
2024-01-02T12:30;2024-01-02T12:45;51;kWh;0;0;0;0;0;0
2024-01-02T12:45;2024-01-02T13:00;52;kWh;0;0;0;0;0;0
2024-01-02T13:00;2024-01-02T13:15;53;kWh;0;35362;0;0;35362;35362
2024-01-02T13:15;2024-01-02T13:30;54;kWh;0;50206;0;0;50206;50206
2024-01-02T13:30;2024-01-02T13:45;55;kWh;0;33882;0;0;33882;33882
2024-01-02T13:45;2024-01-02T14:00;56;kWh;0;4666;0;0;4666;4666
2024-01-02T14:00;2024-01-02T14:15;57;kWh;0;0;0;0;0;0
2024-01-02T14:15;2024-01-02T14:30;58;kWh;0;0;0;0;0;0
2024-01-02T14:30;2024-01-02T14:45;59;kWh;0;0;0;0;0;0
2024-01-02T14:45;2024-01-02T15:00;60;kWh;-750;0;0;0;750;-750
2024-01-02T15:00;2024-01-02T15:15;61;kWh;-16528;0;0;0;16528;-16528
2024-01-02T15:15;2024-01-02T15:30;62;kWh;-2;0;0;0;2;-2
2024-01-02T15:30;2024-01-02T15:45;63;kWh;0;0;0;0;0;0
2024-01-02T15:45;2024-01-02T16:00;64;kWh;-2907;0;0;0;2907;-2907
2024-01-02T16:00;2024-01-02T16:15;65;kWh;-25644;0;0;0;25644;-25644
2024-01-02T16:15;2024-01-02T16:30;66;kWh;-12207;0;0;0;12207;-12207
2024-01-02T16:30;2024-01-02T16:45;67;kWh;-3903;0;0;0;3903;-3903
2024-01-02T16:45;2024-01-02T17:00;68;kWh;-4425;0;0;0;4425;-4425
2024-01-02T17:00;2024-01-02T17:15;69;kWh;-16928;6;0;0;16934;-16922
2024-01-02T17:15;2024-01-02T17:30;70;kWh;0;5443;0;0;5443;5443
2024-01-02T17:30;2024-01-02T17:45;71;kWh;-705;0;0;0;705;-705
2024-01-02T17:45;2024-01-02T18:00;72;kWh;-1767;0;0;0;1767;-1767
2024-01-02T18:00;2024-01-02T18:15;73;kWh;-10904;0;0;0;10904;-10904
2024-01-02T18:15;2024-01-02T18:30;74;kWh;-1825;0;0;0;1825;-1825
2024-01-02T18:30;2024-01-02T18:45;75;kWh;-10994;0;0;0;10994;-10994
2024-01-02T18:45;2024-01-02T19:00;76;kWh;-1730;0;0;0;1730;-1730
2024-01-02T19:00;2024-01-02T19:15;77;kWh;-147;0;0;0;147;-147
2024-01-02T19:15;2024-01-02T19:30;78;kWh;-499;0;0;0;499;-499
2024-01-02T19:30;2024-01-02T19:45;79;kWh;-5352;0;0;0;5352;-5352
2024-01-02T19:45;2024-01-02T20:00;80;kWh;-5678;2193;0;0;7871;-3485
2024-01-02T20:00;2024-01-02T20:15;81;kWh;0;60001;0;0;60001;60001
2024-01-02T20:15;2024-01-02T20:30;82;kWh;-1578;9544;0;0;11122;7966
2024-01-02T20:30;2024-01-02T20:45;83;kWh;-4896;2334;0;0;7230;-2562
2024-01-02T20:45;2024-01-02T21:00;84;kWh;-17932;0;0;0;17932;-17932
2024-01-02T21:00;2024-01-02T21:15;85;kWh;-5475;0;0;0;5475;-5475
2024-01-02T21:15;2024-01-02T21:30;86;kWh;-2216;0;0;0;2216;-2216
2024-01-02T21:30;2024-01-02T21:45;87;kWh;-13414;0;0;0;13414;-13414
2024-01-02T21:45;2024-01-02T22:00;88;kWh;0;3262;0;0;3262;3262
2024-01-02T22:00;2024-01-02T22:15;89;kWh;0;57752;0;0;57752;57752
2024-01-02T22:15;2024-01-02T22:30;90;kWh;-1115;1345;0;0;2460;230
2024-01-02T22:30;2024-01-02T22:45;91;kWh;-4202;0;0;0;4202;-4202
2024-01-02T22:45;2024-01-02T23:00;92;kWh;-893;2537;0;0;3430;1644
2024-01-02T23:00;2024-01-02T23:15;93;kWh;0;44917;0;0;44917;44917
2024-01-02T23:15;2024-01-02T23:30;94;kWh;0;23189;0;0;23189;23189
2024-01-02T23:30;2024-01-02T23:45;95;kWh;0;0;0;0;0;0
2024-01-02T23:45;2024-01-03T00:00;96;kWh;-4040;0;0;0;4040;-4040
2024-01-03T00:00;2024-01-03T00:15;1;kWh;-5332;56101;0;0;61433;50769
2024-01-03T00:15;2024-01-03T00:30;2;kWh;-655;36156;0;0;36811;35501
2024-01-03T00:30;2024-01-03T00:45;3;kWh;-27;21534;0;0;21561;21507
2024-01-03T00:45;2024-01-03T01:00;4;kWh;0;27127;0;0;27127;27127
2024-01-03T01:00;2024-01-03T01:15;5;kWh;0;60158;0;0;60158;60158
2024-01-03T01:15;2024-01-03T01:30;6;kWh;0;23077;0;0;23077;23077
2024-01-03T01:30;2024-01-03T01:45;7;kWh;0;15655;0;0;15655;15655
2024-01-03T01:45;2024-01-03T02:00;8;kWh;-1947;965;0;0;2912;-982
2024-01-03T02:00;2024-01-03T02:15;9;kWh;0;9445;0;0;9445;9445
2024-01-03T02:15;2024-01-03T02:30;10;kWh;-709;2060;0;0;2769;1351
2024-01-03T02:30;2024-01-03T02:45;11;kWh;-9002;1841;0;0;10843;-7161
2024-01-03T02:45;2024-01-03T03:00;12;kWh;-13761;8136;0;0;21897;-5625
2024-01-03T03:00;2024-01-03T03:15;13;kWh;-12921;1591;0;0;14512;-11330
2024-01-03T03:15;2024-01-03T03:30;14;kWh;-19904;0;0;0;19904;-19904
2024-01-03T03:30;2024-01-03T03:45;15;kWh;-16702;0;0;0;16702;-16702
2024-01-03T03:45;2024-01-03T04:00;16;kWh;-3832;0;0;0;3832;-3832
2024-01-03T04:00;2024-01-03T04:15;17;kWh;-6205;0;0;0;6205;-6205
2024-01-03T04:15;2024-01-03T04:30;18;kWh;-6427;0;0;0;6427;-6427
2024-01-03T04:30;2024-01-03T04:45;19;kWh;-8068;0;0;0;8068;-8068
2024-01-03T04:45;2024-01-03T05:00;20;kWh;-9089;0;0;0;9089;-9089
2024-01-03T05:00;2024-01-03T05:15;21;kWh;-10714;0;0;0;10714;-10714
2024-01-03T05:15;2024-01-03T05:30;22;kWh;-9378;0;0;0;9378;-9378
2024-01-03T05:30;2024-01-03T05:45;23;kWh;-1646;1519;0;0;3165;-127
2024-01-03T05:45;2024-01-03T06:00;24;kWh;-4425;1977;0;0;6402;-2448
2024-01-03T06:00;2024-01-03T06:15;25;kWh;-25018;540;0;0;25558;-24478
2024-01-03T06:15;2024-01-03T06:30;26;kWh;-3373;0;0;0;3373;-3373
2024-01-03T06:30;2024-01-03T06:45;27;kWh;-282;0;0;0;282;-282
2024-01-03T06:45;2024-01-03T07:00;28;kWh;0;0;0;0;0;0
2024-01-03T07:00;2024-01-03T07:15;29;kWh;-1135;0;0;0;1135;-1135
2024-01-03T07:15;2024-01-03T07:30;30;kWh;-2083;0;0;0;2083;-2083
2024-01-03T07:30;2024-01-03T07:45;31;kWh;-1587;1868;0;0;3455;281
2024-01-03T07:45;2024-01-03T08:00;32;kWh;-1109;244;0;0;1353;-865
2024-01-03T08:00;2024-01-03T08:15;33;kWh;-4252;377;0;0;4629;-3875
2024-01-03T08:15;2024-01-03T08:30;34;kWh;0;2012;0;0;2012;2012
2024-01-03T08:30;2024-01-03T08:45;35;kWh;0;0;0;0;0;0
2024-01-03T08:45;2024-01-03T09:00;36;kWh;-58;0;0;0;58;-58
2024-01-03T09:00;2024-01-03T09:15;37;kWh;-900;0;0;0;900;-900
2024-01-03T09:15;2024-01-03T09:30;38;kWh;-397;0;0;0;397;-397
2024-01-03T09:30;2024-01-03T09:45;39;kWh;-2609;0;0;0;2609;-2609
2024-01-03T09:45;2024-01-03T10:00;40;kWh;-7361;1147;0;0;8508;-6214
2024-01-03T10:00;2024-01-03T10:15;41;kWh;-4690;704;0;0;5394;-3986
2024-01-03T10:15;2024-01-03T10:30;42;kWh;-5933;753;0;0;6686;-5180
2024-01-03T10:30;2024-01-03T10:45;43;kWh;-7336;3;0;0;7339;-7333
2024-01-03T10:45;2024-01-03T11:00;44;kWh;-2519;0;0;0;2519;-2519
2024-01-03T11:00;2024-01-03T11:15;45;kWh;-1244;0;0;0;1244;-1244
2024-01-03T11:15;2024-01-03T11:30;46;kWh;0;1040;0;0;1040;1040
2024-01-03T11:30;2024-01-03T11:45;47;kWh;0;27;0;0;27;27
2024-01-03T11:45;2024-01-03T12:00;48;kWh;0;1610;0;0;1610;1610
2024-01-03T12:00;2024-01-03T12:15;49;kWh;0;1997;0;0;1997;1997
2024-01-03T12:15;2024-01-03T12:30;50;kWh;0;0;0;0;0;0
2024-01-03T12:30;2024-01-03T12:45;51;kWh;-2812;0;0;0;2812;-2812
2024-01-03T12:45;2024-01-03T13:00;52;kWh;-9971;503;0;0;10474;-9468
2024-01-03T13:00;2024-01-03T13:15;53;kWh;-12739;0;0;0;12739;-12739
2024-01-03T13:15;2024-01-03T13:30;54;kWh;-17758;0;0;0;17758;-17758
2024-01-03T13:30;2024-01-03T13:45;55;kWh;-21338;41;0;0;21379;-21297
2024-01-03T13:45;2024-01-03T14:00;56;kWh;-1859;199;0;0;2058;-1660
2024-01-03T14:00;2024-01-03T14:15;57;kWh;-7518;1349;0;0;8867;-6169
2024-01-03T14:15;2024-01-03T14:30;58;kWh;-925;137;0;0;1062;-788
2024-01-03T14:30;2024-01-03T14:45;59;kWh;-489;65;0;0;554;-424
2024-01-03T14:45;2024-01-03T15:00;60;kWh;0;38790;0;0;38790;38790
2024-01-03T15:00;2024-01-03T15:15;61;kWh;-725;3409;0;0;4134;2684
2024-01-03T15:15;2024-01-03T15:30;62;kWh;-2160;0;0;0;2160;-2160
2024-01-03T15:30;2024-01-03T15:45;63;kWh;0;0;0;0;0;0
2024-01-03T15:45;2024-01-03T16:00;64;kWh;0;3849;0;0;3849;3849
2024-01-03T16:00;2024-01-03T16:15;65;kWh;-16882;1719;0;0;18601;-15163
2024-01-03T16:15;2024-01-03T16:30;66;kWh;-16930;292;0;0;17222;-16638
2024-01-03T16:30;2024-01-03T16:45;67;kWh;-3553;298;0;0;3851;-3255
2024-01-03T16:45;2024-01-03T17:00;68;kWh;0;10333;0;0;10333;10333
2024-01-03T17:00;2024-01-03T17:15;69;kWh;-3058;7147;0;0;10205;4089
2024-01-03T17:15;2024-01-03T17:30;70;kWh;-2;2199;0;0;2201;2197
2024-01-03T17:30;2024-01-03T17:45;71;kWh;0;52151;0;0;52151;52151
2024-01-03T17:45;2024-01-03T18:00;72;kWh;0;33479;0;0;33479;33479
2024-01-03T18:00;2024-01-03T18:15;73;kWh;0;6546;0;0;6546;6546
2024-01-03T18:15;2024-01-03T18:30;74;kWh;0;4577;0;0;4577;4577
2024-01-03T18:30;2024-01-03T18:45;75;kWh;0;2390;0;0;2390;2390
2024-01-03T18:45;2024-01-03T19:00;76;kWh;0;0;0;0;0;0
2024-01-03T19:00;2024-01-03T19:15;77;kWh;-495;0;0;0;495;-495
2024-01-03T19:15;2024-01-03T19:30;78;kWh;-1593;0;0;0;1593;-1593
2024-01-03T19:30;2024-01-03T19:45;79;kWh;-1298;0;0;0;1298;-1298
2024-01-03T19:45;2024-01-03T20:00;80;kWh;-481;0;0;0;481;-481
2024-01-03T20:00;2024-01-03T20:15;81;kWh;0;179;0;0;179;179
2024-01-03T20:15;2024-01-03T20:30;82;kWh;0;8303;0;0;8303;8303
2024-01-03T20:30;2024-01-03T20:45;83;kWh;0;1286;0;0;1286;1286
2024-01-03T20:45;2024-01-03T21:00;84;kWh;-375;0;0;0;375;-375
2024-01-03T21:00;2024-01-03T21:15;85;kWh;-3038;0;0;0;3038;-3038
2024-01-03T21:15;2024-01-03T21:30;86;kWh;0;9271;0;0;9271;9271
2024-01-03T21:30;2024-01-03T21:45;87;kWh;0;8828;0;0;8828;8828
2024-01-03T21:45;2024-01-03T22:00;88;kWh;0;2336;0;0;2336;2336
2024-01-03T22:00;2024-01-03T22:15;89;kWh;0;19325;0;0;19325;19325
2024-01-03T22:15;2024-01-03T22:30;90;kWh;0;22595;0;0;22595;22595
2024-01-03T22:30;2024-01-03T22:45;91;kWh;0;7;0;0;7;7
2024-01-03T22:45;2024-01-03T23:00;92;kWh;-148;0;0;0;148;-148
2024-01-03T23:00;2024-01-03T23:15;93;kWh;-5576;893;0;0;6469;-4683
2024-01-03T23:15;2024-01-03T23:30;94;kWh;-475;1603;0;0;2078;1128
2024-01-03T23:30;2024-01-03T23:45;95;kWh;0;1184;0;0;1184;1184
2024-01-03T23:45;2024-01-04T00:00;96;kWh;0;0;0;0;0;0
2024-01-04T00:00;2024-01-04T00:15;1;kWh;-29;0;0;0;29;-29
2024-01-04T00:15;2024-01-04T00:30;2;kWh;-817;0;0;0;817;-817
2024-01-04T00:30;2024-01-04T00:45;3;kWh;-7720;0;0;0;7720;-7720
2024-01-04T00:45;2024-01-04T01:00;4;kWh;-26349;0;0;0;26349;-26349
2024-01-04T01:00;2024-01-04T01:15;5;kWh;-11013;0;0;0;11013;-11013
2024-01-04T01:15;2024-01-04T01:30;6;kWh;-10077;0;0;0;10077;-10077
2024-01-04T01:30;2024-01-04T01:45;7;kWh;-16331;0;0;0;16331;-16331
2024-01-04T01:45;2024-01-04T02:00;8;kWh;-19908;0;0;0;19908;-19908
2024-01-04T02:00;2024-01-04T02:15;9;kWh;-19849;0;0;0;19849;-19849
2024-01-04T02:15;2024-01-04T02:30;10;kWh;-11248;0;0;0;11248;-11248
2024-01-04T02:30;2024-01-04T02:45;11;kWh;-10708;0;0;0;10708;-10708
2024-01-04T02:45;2024-01-04T03:00;12;kWh;-8471;0;0;0;8471;-8471
2024-01-04T03:00;2024-01-04T03:15;13;kWh;-2071;0;0;0;2071;-2071
2024-01-04T03:15;2024-01-04T03:30;14;kWh;-16473;0;0;0;16473;-16473
2024-01-04T03:30;2024-01-04T03:45;15;kWh;-8058;0;0;0;8058;-8058
2024-01-04T03:45;2024-01-04T04:00;16;kWh;0;0;0;0;0;0
2024-01-04T04:00;2024-01-04T04:15;17;kWh;0;0;0;0;0;0
2024-01-04T04:15;2024-01-04T04:30;18;kWh;0;0;0;0;0;0
2024-01-04T04:30;2024-01-04T04:45;19;kWh;-789;0;0;0;789;-789
2024-01-04T04:45;2024-01-04T05:00;20;kWh;0;0;0;0;0;0
2024-01-04T05:00;2024-01-04T05:15;21;kWh;0;7687;0;0;7687;7687
2024-01-04T05:15;2024-01-04T05:30;22;kWh;0;1493;0;0;1493;1493
2024-01-04T05:30;2024-01-04T05:45;23;kWh;0;13108;0;0;13108;13108
2024-01-04T05:45;2024-01-04T06:00;24;kWh;0;34502;0;0;34502;34502
2024-01-04T06:00;2024-01-04T06:15;25;kWh;-4157;4663;0;0;8820;506
2024-01-04T06:15;2024-01-04T06:30;26;kWh;0;7066;0;0;7066;7066
2024-01-04T06:30;2024-01-04T06:45;27;kWh;0;5259;0;0;5259;5259
2024-01-04T06:45;2024-01-04T07:00;28;kWh;0;0;0;0;0;0
2024-01-04T07:00;2024-01-04T07:15;29;kWh;-17145;0;0;0;17145;-17145
2024-01-04T07:15;2024-01-04T07:30;30;kWh;-26985;0;0;0;26985;-26985
2024-01-04T07:30;2024-01-04T07:45;31;kWh;-26581;0;0;0;26581;-26581
2024-01-04T07:45;2024-01-04T08:00;32;kWh;-1882;0;0;0;1882;-1882
2024-01-04T08:00;2024-01-04T08:15;33;kWh;-14430;0;0;0;14430;-14430
2024-01-04T08:15;2024-01-04T08:30;34;kWh;-15;0;0;0;15;-15
2024-01-04T08:30;2024-01-04T08:45;35;kWh;0;0;0;0;0;0
2024-01-04T08:45;2024-01-04T09:00;36;kWh;-9029;0;0;0;9029;-9029
2024-01-04T09:00;2024-01-04T09:15;37;kWh;-3291;0;0;0;3291;-3291
2024-01-04T09:15;2024-01-04T09:30;38;kWh;-8398;0;0;0;8398;-8398
2024-01-04T09:30;2024-01-04T09:45;39;kWh;-20285;0;0;0;20285;-20285
2024-01-04T09:45;2024-01-04T10:00;40;kWh;-30246;0;0;0;30246;-30246
2024-01-04T10:00;2024-01-04T10:15;41;kWh;-1512;21659;0;0;23171;20147
2024-01-04T10:15;2024-01-04T10:30;42;kWh;0;43241;0;0;43241;43241
2024-01-04T10:30;2024-01-04T10:45;43;kWh;0;44052;0;0;44052;44052
2024-01-04T10:45;2024-01-04T11:00;44;kWh;0;47745;0;0;47745;47745
2024-01-04T11:00;2024-01-04T11:15;45;kWh;0;34512;0;0;34512;34512
2024-01-04T11:15;2024-01-04T11:30;46;kWh;0;1562;0;0;1562;1562
2024-01-04T11:30;2024-01-04T11:45;47;kWh;0;0;0;0;0;0
2024-01-04T11:45;2024-01-04T12:00;48;kWh;-631;1100;0;0;1731;469
2024-01-04T12:00;2024-01-04T12:15;49;kWh;-2941;0;0;0;2941;-2941
2024-01-04T12:15;2024-01-04T12:30;50;kWh;-1017;0;0;0;1017;-1017
2024-01-04T12:30;2024-01-04T12:45;51;kWh;-4641;0;0;0;4641;-4641
2024-01-04T12:45;2024-01-04T13:00;52;kWh;-687;0;0;0;687;-687
2024-01-04T13:00;2024-01-04T13:15;53;kWh;-303;3548;0;0;3851;3245
2024-01-04T13:15;2024-01-04T13:30;54;kWh;0;18448;0;0;18448;18448
2024-01-04T13:30;2024-01-04T13:45;55;kWh;0;10675;0;0;10675;10675
2024-01-04T13:45;2024-01-04T14:00;56;kWh;0;0;0;0;0;0
2024-01-04T14:00;2024-01-04T14:15;57;kWh;0;14439;0;0;14439;14439
2024-01-04T14:15;2024-01-04T14:30;58;kWh;0;10693;0;0;10693;10693
2024-01-04T14:30;2024-01-04T14:45;59;kWh;-986;315;0;0;1301;-671
2024-01-04T14:45;2024-01-04T15:00;60;kWh;-6040;0;0;0;6040;-6040
2024-01-04T15:00;2024-01-04T15:15;61;kWh;-3697;0;0;0;3697;-3697
2024-01-04T15:15;2024-01-04T15:30;62;kWh;-17156;0;0;0;17156;-17156
2024-01-04T15:30;2024-01-04T15:45;63;kWh;-167;0;0;0;167;-167
2024-01-04T15:45;2024-01-04T16:00;64;kWh;0;0;0;0;0;0
2024-01-04T16:00;2024-01-04T16:15;65;kWh;-27602;0;0;0;27602;-27602
2024-01-04T16:15;2024-01-04T16:30;66;kWh;-6176;0;0;0;6176;-6176
2024-01-04T16:30;2024-01-04T16:45;67;kWh;-4;1276;0;0;1280;1272
2024-01-04T16:45;2024-01-04T17:00;68;kWh;0;39648;0;0;39648;39648
2024-01-04T17:00;2024-01-04T17:15;69;kWh;0;39125;0;0;39125;39125
2024-01-04T17:15;2024-01-04T17:30;70;kWh;0;0;0;0;0;0
2024-01-04T17:30;2024-01-04T17:45;71;kWh;0;2317;0;0;2317;2317
2024-01-04T17:45;2024-01-04T18:00;72;kWh;0;0;0;0;0;0
2024-01-04T18:00;2024-01-04T18:15;73;kWh;0;0;0;0;0;0
2024-01-04T18:15;2024-01-04T18:30;74;kWh;0;0;0;0;0;0
2024-01-04T18:30;2024-01-04T18:45;75;kWh;0;213;0;0;213;213
2024-01-04T18:45;2024-01-04T19:00;76;kWh;0;17673;0;0;17673;17673
2024-01-04T19:00;2024-01-04T19:15;77;kWh;0;13328;0;0;13328;13328
2024-01-04T19:15;2024-01-04T19:30;78;kWh;0;29453;0;0;29453;29453
2024-01-04T19:30;2024-01-04T19:45;79;kWh;-36;2867;0;0;2903;2831
2024-01-04T19:45;2024-01-04T20:00;80;kWh;-17663;0;0;0;17663;-17663
2024-01-04T20:00;2024-01-04T20:15;81;kWh;-22769;11511;0;0;34280;-11258
2024-01-04T20:15;2024-01-04T20:30;82;kWh;0;8236;0;0;8236;8236
2024-01-04T20:30;2024-01-04T20:45;83;kWh;-316;2288;0;0;2604;1972
2024-01-04T20:45;2024-01-04T21:00;84;kWh;-28961;2;0;0;28963;-28959
2024-01-04T21:00;2024-01-04T21:15;85;kWh;-7040;0;0;0;7040;-7040
2024-01-04T21:15;2024-01-04T21:30;86;kWh;0;717;0;0;717;717
2024-01-04T21:30;2024-01-04T21:45;87;kWh;-6398;0;0;0;6398;-6398
2024-01-04T21:45;2024-01-04T22:00;88;kWh;-13989;0;0;0;13989;-13989
2024-01-04T22:00;2024-01-04T22:15;89;kWh;-337;16967;0;0;17304;16630
2024-01-04T22:15;2024-01-04T22:30;90;kWh;-1241;10867;0;0;12108;9626
2024-01-04T22:30;2024-01-04T22:45;91;kWh;-1407;0;0;0;1407;-1407
2024-01-04T22:45;2024-01-04T23:00;92;kWh;0;3836;0;0;3836;3836
2024-01-04T23:00;2024-01-04T23:15;93;kWh;-18497;0;0;0;18497;-18497
2024-01-04T23:15;2024-01-04T23:30;94;kWh;-12723;0;0;0;12723;-12723
2024-01-04T23:30;2024-01-04T23:45;95;kWh;-1642;0;0;0;1642;-1642
2024-01-04T23:45;2024-01-05T00:00;96;kWh;-34700;0;0;0;34700;-34700
2024-01-05T00:00;2024-01-05T00:15;1;kWh;-2007;24231;0;0;26238;22224
2024-01-05T00:15;2024-01-05T00:30;2;kWh;0;40049;0;0;40049;40049
2024-01-05T00:30;2024-01-05T00:45;3;kWh;0;9453;0;0;9453;9453
2024-01-05T00:45;2024-01-05T01:00;4;kWh;-604;96;0;0;700;-508
2024-01-05T01:00;2024-01-05T01:15;5;kWh;-735;0;0;0;735;-735
2024-01-05T01:15;2024-01-05T01:30;6;kWh;-4295;0;0;0;4295;-4295
2024-01-05T01:30;2024-01-05T01:45;7;kWh;-19695;0;0;0;19695;-19695
2024-01-05T01:45;2024-01-05T02:00;8;kWh;-22300;0;0;0;22300;-22300
2024-01-05T02:00;2024-01-05T02:15;9;kWh;-6133;0;0;0;6133;-6133
2024-01-05T02:15;2024-01-05T02:30;10;kWh;-5627;0;0;0;5627;-5627
2024-01-05T02:30;2024-01-05T02:45;11;kWh;-7382;0;0;0;7382;-7382
2024-01-05T02:45;2024-01-05T03:00;12;kWh;-32086;0;0;0;32086;-32086
2024-01-05T03:00;2024-01-05T03:15;13;kWh;-5766;1574;0;0;7340;-4192
2024-01-05T03:15;2024-01-05T03:30;14;kWh;0;5210;0;0;5210;5210
2024-01-05T03:30;2024-01-05T03:45;15;kWh;-9;191;0;0;200;182
2024-01-05T03:45;2024-01-05T04:00;16;kWh;-15521;0;0;0;15521;-15521
2024-01-05T04:00;2024-01-05T04:15;17;kWh;-9227;0;0;0;9227;-9227
2024-01-05T04:15;2024-01-05T04:30;18;kWh;-372;0;0;0;372;-372
2024-01-05T04:30;2024-01-05T04:45;19;kWh;0;0;0;0;0;0
2024-01-05T04:45;2024-01-05T05:00;20;kWh;0;0;0;0;0;0
2024-01-05T05:00;2024-01-05T05:15;21;kWh;-8771;0;0;0;8771;-8771
2024-01-05T05:15;2024-01-05T05:30;22;kWh;-28890;0;0;0;28890;-28890
2024-01-05T05:30;2024-01-05T05:45;23;kWh;-30750;0;0;0;30750;-30750
2024-01-05T05:45;2024-01-05T06:00;24;kWh;-7972;0;0;0;7972;-7972
2024-01-05T06:00;2024-01-05T06:15;25;kWh;-31023;0;0;0;31023;-31023
2024-01-05T06:15;2024-01-05T06:30;26;kWh;-13429;0;0;0;13429;-13429
2024-01-05T06:30;2024-01-05T06:45;27;kWh;-1512;2342;0;0;3854;830
2024-01-05T06:45;2024-01-05T07:00;28;kWh;0;28621;0;0;28621;28621
2024-01-05T07:00;2024-01-05T07:15;29;kWh;0;6103;0;0;6103;6103
2024-01-05T07:15;2024-01-05T07:30;30;kWh;0;3484;0;0;3484;3484
2024-01-05T07:30;2024-01-05T07:45;31;kWh;0;0;0;0;0;0
2024-01-05T07:45;2024-01-05T08:00;32;kWh;0;0;0;0;0;0
2024-01-05T08:00;2024-01-05T08:15;33;kWh;-12908;0;0;0;12908;-12908
2024-01-05T08:15;2024-01-05T08:30;34;kWh;-5237;0;0;0;5237;-5237
2024-01-05T08:30;2024-01-05T08:45;35;kWh;-215;0;0;0;215;-215
2024-01-05T08:45;2024-01-05T09:00;36;kWh;0;10;0;0;10;10
2024-01-05T09:00;2024-01-05T09:15;37;kWh;0;43208;0;0;43208;43208
2024-01-05T09:15;2024-01-05T09:30;38;kWh;0;11112;0;0;11112;11112
2024-01-05T09:30;2024-01-05T09:45;39;kWh;0;12992;0;0;12992;12992
2024-01-05T09:45;2024-01-05T10:00;40;kWh;0;14003;0;0;14003;14003
2024-01-05T10:00;2024-01-05T10:15;41;kWh;0;8425;0;0;8425;8425
2024-01-05T10:15;2024-01-05T10:30;42;kWh;0;12512;0;0;12512;12512
2024-01-05T10:30;2024-01-05T10:45;43;kWh;0;37462;0;0;37462;37462
2024-01-05T10:45;2024-01-05T11:00;44;kWh;0;36207;0;0;36207;36207
2024-01-05T11:00;2024-01-05T11:15;45;kWh;0;6087;0;0;6087;6087
2024-01-05T11:15;2024-01-05T11:30;46;kWh;0;2171;0;0;2171;2171
2024-01-05T11:30;2024-01-05T11:45;47;kWh;0;22615;0;0;22615;22615
2024-01-05T11:45;2024-01-05T12:00;48;kWh;0;34952;0;0;34952;34952
2024-01-05T12:00;2024-01-05T12:15;49;kWh;0;41824;0;0;41824;41824
2024-01-05T12:15;2024-01-05T12:30;50;kWh;0;45380;0;0;45380;45380
2024-01-05T12:30;2024-01-05T12:45;51;kWh;0;57912;0;0;57912;57912
2024-01-05T12:45;2024-01-05T13:00;52;kWh;0;46164;0;0;46164;46164
2024-01-05T13:00;2024-01-05T13:15;53;kWh;-6644;4776;0;0;11420;-1868
2024-01-05T13:15;2024-01-05T13:30;54;kWh;-553;354;0;0;907;-199
2024-01-05T13:30;2024-01-05T13:45;55;kWh;0;15693;0;0;15693;15693
2024-01-05T13:45;2024-01-05T14:00;56;kWh;0;17293;0;0;17293;17293
2024-01-05T14:00;2024-01-05T14:15;57;kWh;0;14215;0;0;14215;14215
2024-01-05T14:15;2024-01-05T14:30;58;kWh;0;7182;0;0;7182;7182
2024-01-05T14:30;2024-01-05T14:45;59;kWh;0;22564;0;0;22564;22564
2024-01-05T14:45;2024-01-05T15:00;60;kWh;0;33689;0;0;33689;33689
2024-01-05T15:00;2024-01-05T15:15;61;kWh;0;12153;0;0;12153;12153
2024-01-05T15:15;2024-01-05T15:30;62;kWh;0;47612;0;0;47612;47612
2024-01-05T15:30;2024-01-05T15:45;63;kWh;0;27182;0;0;27182;27182
2024-01-05T15:45;2024-01-05T16:00;64;kWh;0;20637;0;0;20637;20637
2024-01-05T16:00;2024-01-05T16:15;65;kWh;0;2068;0;0;2068;2068
2024-01-05T16:15;2024-01-05T16:30;66;kWh;0;2257;0;0;2257;2257
2024-01-05T16:30;2024-01-05T16:45;67;kWh;0;631;0;0;631;631
2024-01-05T16:45;2024-01-05T17:00;68;kWh;0;0;0;0;0;0
2024-01-05T17:00;2024-01-05T17:15;69;kWh;-156;0;0;0;156;-156
2024-01-05T17:15;2024-01-05T17:30;70;kWh;-8;0;0;0;8;-8
2024-01-05T17:30;2024-01-05T17:45;71;kWh;-28506;0;0;0;28506;-28506
2024-01-05T17:45;2024-01-05T18:00;72;kWh;-877;0;0;0;877;-877
2024-01-05T18:00;2024-01-05T18:15;73;kWh;0;996;0;0;996;996
2024-01-05T18:15;2024-01-05T18:30;74;kWh;0;2248;0;0;2248;2248
2024-01-05T18:30;2024-01-05T18:45;75;kWh;0;29348;0;0;29348;29348
2024-01-05T18:45;2024-01-05T19:00;76;kWh;0;24237;0;0;24237;24237
2024-01-05T19:00;2024-01-05T19:15;77;kWh;0;35427;0;0;35427;35427
2024-01-05T19:15;2024-01-05T19:30;78;kWh;0;40551;0;0;40551;40551
2024-01-05T19:30;2024-01-05T19:45;79;kWh;0;41391;0;0;41391;41391
2024-01-05T19:45;2024-01-05T20:00;80;kWh;0;12065;0;0;12065;12065
2024-01-05T20:00;2024-01-05T20:15;81;kWh;-1181;492;0;0;1673;-689
2024-01-05T20:15;2024-01-05T20:30;82;kWh;-442;0;0;0;442;-442
2024-01-05T20:30;2024-01-05T20:45;83;kWh;0;1696;0;0;1696;1696
2024-01-05T20:45;2024-01-05T21:00;84;kWh;0;0;0;0;0;0
2024-01-05T21:00;2024-01-05T21:15;85;kWh;-912;2;0;0;914;-910
2024-01-05T21:15;2024-01-05T21:30;86;kWh;0;953;0;0;953;953
2024-01-05T21:30;2024-01-05T21:45;87;kWh;0;23;0;0;23;23
2024-01-05T21:45;2024-01-05T22:00;88;kWh;0;0;0;0;0;0
2024-01-05T22:00;2024-01-05T22:15;89;kWh;0;26343;0;0;26343;26343
2024-01-05T22:15;2024-01-05T22:30;90;kWh;0;42829;0;0;42829;42829
2024-01-05T22:30;2024-01-05T22:45;91;kWh;0;32177;0;0;32177;32177
2024-01-05T22:45;2024-01-05T23:00;92;kWh;0;3121;0;0;3121;3121
2024-01-05T23:00;2024-01-05T23:15;93;kWh;0;14842;0;0;14842;14842
2024-01-05T23:15;2024-01-05T23:30;94;kWh;0;4077;0;0;4077;4077
2024-01-05T23:30;2024-01-05T23:45;95;kWh;0;0;0;0;0;0
2024-01-05T23:45;2024-01-06T00:00;96;kWh;-233;0;0;0;233;-233
2024-01-06T00:00;2024-01-06T00:15;1;kWh;-423;23717;0;0;24140;23294
2024-01-06T00:15;2024-01-06T00:30;2;kWh;0;41089;0;0;41089;41089
2024-01-06T00:30;2024-01-06T00:45;3;kWh;0;47945;0;0;47945;47945
2024-01-06T00:45;2024-01-06T01:00;4;kWh;0;39224;0;0;39224;39224
2024-01-06T01:00;2024-01-06T01:15;5;kWh;0;14275;0;0;14275;14275
2024-01-06T01:15;2024-01-06T01:30;6;kWh;0;31957;0;0;31957;31957
2024-01-06T01:30;2024-01-06T01:45;7;kWh;0;2171;0;0;2171;2171
2024-01-06T01:45;2024-01-06T02:00;8;kWh;0;0;0;0;0;0
2024-01-06T02:00;2024-01-06T02:15;9;kWh;0;51172;0;0;51172;51172
2024-01-06T02:15;2024-01-06T02:30;10;kWh;0;14362;0;0;14362;14362
2024-01-06T02:30;2024-01-06T02:45;11;kWh;0;16645;0;0;16645;16645
2024-01-06T02:45;2024-01-06T03:00;12;kWh;0;5605;0;0;5605;5605
2024-01-06T03:00;2024-01-06T03:15;13;kWh;0;19386;0;0;19386;19386
2024-01-06T03:15;2024-01-06T03:30;14;kWh;0;5470;0;0;5470;5470
2024-01-06T03:30;2024-01-06T03:45;15;kWh;0;38;0;0;38;38
2024-01-06T03:45;2024-01-06T04:00;16;kWh;-512;0;0;0;512;-512
2024-01-06T04:00;2024-01-06T04:15;17;kWh;-300;0;0;0;300;-300
2024-01-06T04:15;2024-01-06T04:30;18;kWh;0;469;0;0;469;469
2024-01-06T04:30;2024-01-06T04:45;19;kWh;0;5349;0;0;5349;5349
2024-01-06T04:45;2024-01-06T05:00;20;kWh;0;10044;0;0;10044;10044
2024-01-06T05:00;2024-01-06T05:15;21;kWh;0;7580;0;0;7580;7580
2024-01-06T05:15;2024-01-06T05:30;22;kWh;0;16618;0;0;16618;16618
2024-01-06T05:30;2024-01-06T05:45;23;kWh;0;8373;0;0;8373;8373
2024-01-06T05:45;2024-01-06T06:00;24;kWh;0;295;0;0;295;295
2024-01-06T06:00;2024-01-06T06:15;25;kWh;0;3706;0;0;3706;3706
2024-01-06T06:15;2024-01-06T06:30;26;kWh;0;5139;0;0;5139;5139
2024-01-06T06:30;2024-01-06T06:45;27;kWh;0;0;0;0;0;0
2024-01-06T06:45;2024-01-06T07:00;28;kWh;0;0;0;0;0;0
2024-01-06T07:00;2024-01-06T07:15;29;kWh;0;0;0;0;0;0
2024-01-06T07:15;2024-01-06T07:30;30;kWh;0;0;0;0;0;0
2024-01-06T07:30;2024-01-06T07:45;31;kWh;0;0;0;0;0;0
2024-01-06T07:45;2024-01-06T08:00;32;kWh;0;0;0;0;0;0
2024-01-06T08:00;2024-01-06T08:15;33;kWh;0;0;0;0;0;0
2024-01-06T08:15;2024-01-06T08:30;34;kWh;-11763;0;0;0;11763;-11763
2024-01-06T08:30;2024-01-06T08:45;35;kWh;-5035;0;0;0;5035;-5035
2024-01-06T08:45;2024-01-06T09:00;36;kWh;-5840;0;0;0;5840;-5840
2024-01-06T09:00;2024-01-06T09:15;37;kWh;-6638;0;0;0;6638;-6638
2024-01-06T09:15;2024-01-06T09:30;38;kWh;-3112;0;0;0;3112;-3112
2024-01-06T09:30;2024-01-06T09:45;39;kWh;0;649;0;0;649;649
2024-01-06T09:45;2024-01-06T10:00;40;kWh;0;2426;0;0;2426;2426
2024-01-06T10:00;2024-01-06T10:15;41;kWh;0;24710;0;0;24710;24710
2024-01-06T10:15;2024-01-06T10:30;42;kWh;0;32438;0;0;32438;32438
2024-01-06T10:30;2024-01-06T10:45;43;kWh;0;33241;0;0;33241;33241
2024-01-06T10:45;2024-01-06T11:00;44;kWh;0;31413;0;0;31413;31413
2024-01-06T11:00;2024-01-06T11:15;45;kWh;-1743;72;0;0;1815;-1671
2024-01-06T11:15;2024-01-06T11:30;46;kWh;0;1068;0;0;1068;1068
2024-01-06T11:30;2024-01-06T11:45;47;kWh;0;16511;0;0;16511;16511
2024-01-06T11:45;2024-01-06T12:00;48;kWh;0;24947;0;0;24947;24947
2024-01-06T12:00;2024-01-06T12:15;49;kWh;0;19690;0;0;19690;19690
2024-01-06T12:15;2024-01-06T12:30;50;kWh;0;32779;0;0;32779;32779
2024-01-06T12:30;2024-01-06T12:45;51;kWh;0;39140;0;0;39140;39140
2024-01-06T12:45;2024-01-06T13:00;52;kWh;0;22021;0;0;22021;22021
2024-01-06T13:00;2024-01-06T13:15;53;kWh;0;9731;0;0;9731;9731
2024-01-06T13:15;2024-01-06T13:30;54;kWh;0;7285;0;0;7285;7285
2024-01-06T13:30;2024-01-06T13:45;55;kWh;0;12830;0;0;12830;12830
2024-01-06T13:45;2024-01-06T14:00;56;kWh;-2423;0;0;0;2423;-2423
2024-01-06T14:00;2024-01-06T14:15;57;kWh;-9748;0;0;0;9748;-9748
2024-01-06T14:15;2024-01-06T14:30;58;kWh;-1672;0;0;0;1672;-1672
2024-01-06T14:30;2024-01-06T14:45;59;kWh;0;0;0;0;0;0
2024-01-06T14:45;2024-01-06T15:00;60;kWh;-1;289;0;0;290;288
2024-01-06T15:00;2024-01-06T15:15;61;kWh;0;12395;0;0;12395;12395
2024-01-06T15:15;2024-01-06T15:30;62;kWh;0;11857;0;0;11857;11857
2024-01-06T15:30;2024-01-06T15:45;63;kWh;0;21422;0;0;21422;21422
2024-01-06T15:45;2024-01-06T16:00;64;kWh;0;15324;0;0;15324;15324
2024-01-06T16:00;2024-01-06T16:15;65;kWh;0;2350;0;0;2350;2350
2024-01-06T16:15;2024-01-06T16:30;66;kWh;0;2257;0;0;2257;2257
2024-01-06T16:30;2024-01-06T16:45;67;kWh;0;33464;0;0;33464;33464
2024-01-06T16:45;2024-01-06T17:00;68;kWh;0;59513;0;0;59513;59513
2024-01-06T17:00;2024-01-06T17:15;69;kWh;0;20181;0;0;20181;20181
2024-01-06T17:15;2024-01-06T17:30;70;kWh;0;22860;0;0;22860;22860
2024-01-06T17:30;2024-01-06T17:45;71;kWh;0;45445;0;0;45445;45445
2024-01-06T17:45;2024-01-06T18:00;72;kWh;0;36335;0;0;36335;36335
2024-01-06T18:00;2024-01-06T18:15;73;kWh;0;5711;0;0;5711;5711
2024-01-06T18:15;2024-01-06T18:30;74;kWh;0;9432;0;0;9432;9432
2024-01-06T18:30;2024-01-06T18:45;75;kWh;0;4756;0;0;4756;4756
2024-01-06T18:45;2024-01-06T19:00;76;kWh;0;18;0;0;18;18
2024-01-06T19:00;2024-01-06T19:15;77;kWh;0;1072;0;0;1072;1072
2024-01-06T19:15;2024-01-06T19:30;78;kWh;0;517;0;0;517;517
2024-01-06T19:30;2024-01-06T19:45;79;kWh;0;6409;0;0;6409;6409
2024-01-06T19:45;2024-01-06T20:00;80;kWh;0;1005;0;0;1005;1005
2024-01-06T20:00;2024-01-06T20:15;81;kWh;0;13332;0;0;13332;13332
2024-01-06T20:15;2024-01-06T20:30;82;kWh;0;19219;0;0;19219;19219
2024-01-06T20:30;2024-01-06T20:45;83;kWh;0;21636;0;0;21636;21636
2024-01-06T20:45;2024-01-06T21:00;84;kWh;0;1218;0;0;1218;1218
2024-01-06T21:00;2024-01-06T21:15;85;kWh;-4405;0;0;0;4405;-4405
2024-01-06T21:15;2024-01-06T21:30;86;kWh;-891;0;0;0;891;-891
2024-01-06T21:30;2024-01-06T21:45;87;kWh;-835;0;0;0;835;-835
2024-01-06T21:45;2024-01-06T22:00;88;kWh;-15535;0;0;0;15535;-15535
2024-01-06T22:00;2024-01-06T22:15;89;kWh;-2990;1018;0;0;4008;-1972
2024-01-06T22:15;2024-01-06T22:30;90;kWh;-31;903;0;0;934;872
2024-01-06T22:30;2024-01-06T22:45;91;kWh;-1255;0;0;0;1255;-1255
2024-01-06T22:45;2024-01-06T23:00;92;kWh;-5274;0;0;0;5274;-5274
2024-01-06T23:00;2024-01-06T23:15;93;kWh;-1027;0;0;0;1027;-1027
2024-01-06T23:15;2024-01-06T23:30;94;kWh;0;0;0;0;0;0
2024-01-06T23:30;2024-01-06T23:45;95;kWh;0;0;0;0;0;0
2024-01-06T23:45;2024-01-07T00:00;96;kWh;-114;0;0;0;114;-114
2024-01-07T00:00;2024-01-07T00:15;1;kWh;-5782;1956;0;0;7738;-3826
2024-01-07T00:15;2024-01-07T00:30;2;kWh;0;11771;0;0;11771;11771
2024-01-07T00:30;2024-01-07T00:45;3;kWh;0;8860;0;0;8860;8860
2024-01-07T00:45;2024-01-07T01:00;4;kWh;0;16174;0;0;16174;16174
2024-01-07T01:00;2024-01-07T01:15;5;kWh;0;18831;0;0;18831;18831
2024-01-07T01:15;2024-01-07T01:30;6;kWh;0;1970;0;0;1970;1970
2024-01-07T01:30;2024-01-07T01:45;7;kWh;0;0;0;0;0;0
2024-01-07T01:45;2024-01-07T02:00;8;kWh;0;0;0;0;0;0
2024-01-07T02:00;2024-01-07T02:15;9;kWh;0;0;0;0;0;0
2024-01-07T02:15;2024-01-07T02:30;10;kWh;-1649;0;0;0;1649;-1649
2024-01-07T02:30;2024-01-07T02:45;11;kWh;-5677;0;0;0;5677;-5677
2024-01-07T02:45;2024-01-07T03:00;12;kWh;-9197;0;0;0;9197;-9197
2024-01-07T03:00;2024-01-07T03:15;13;kWh;-16852;0;0;0;16852;-16852
2024-01-07T03:15;2024-01-07T03:30;14;kWh;0;0;0;0;0;0
2024-01-07T03:30;2024-01-07T03:45;15;kWh;0;0;0;0;0;0
2024-01-07T03:45;2024-01-07T04:00;16;kWh;-904;0;0;0;904;-904
2024-01-07T04:00;2024-01-07T04:15;17;kWh;-700;0;0;0;700;-700
2024-01-07T04:15;2024-01-07T04:30;18;kWh;0;0;0;0;0;0
2024-01-07T04:30;2024-01-07T04:45;19;kWh;0;1061;0;0;1061;1061
2024-01-07T04:45;2024-01-07T05:00;20;kWh;0;599;0;0;599;599
2024-01-07T05:00;2024-01-07T05:15;21;kWh;0;18273;0;0;18273;18273
2024-01-07T05:15;2024-01-07T05:30;22;kWh;0;460;0;0;460;460
2024-01-07T05:30;2024-01-07T05:45;23;kWh;0;6106;0;0;6106;6106
2024-01-07T05:45;2024-01-07T06:00;24;kWh;0;103;0;0;103;103
2024-01-07T06:00;2024-01-07T06:15;25;kWh;-807;0;0;0;807;-807
2024-01-07T06:15;2024-01-07T06:30;26;kWh;-5687;0;0;0;5687;-5687
2024-01-07T06:30;2024-01-07T06:45;27;kWh;-12133;0;0;0;12133;-12133
2024-01-07T06:45;2024-01-07T07:00;28;kWh;-2671;0;0;0;2671;-2671
2024-01-07T07:00;2024-01-07T07:15;29;kWh;-2447;0;0;0;2447;-2447
2024-01-07T07:15;2024-01-07T07:30;30;kWh;-1622;0;0;0;1622;-1622
2024-01-07T07:30;2024-01-07T07:45;31;kWh;-109;0;0;0;109;-109
2024-01-07T07:45;2024-01-07T08:00;32;kWh;0;0;0;0;0;0
2024-01-07T08:00;2024-01-07T08:15;33;kWh;-21826;0;0;0;21826;-21826
2024-01-07T08:15;2024-01-07T08:30;34;kWh;-851;0;0;0;851;-851
2024-01-07T08:30;2024-01-07T08:45;35;kWh;-1441;0;0;0;1441;-1441
2024-01-07T08:45;2024-01-07T09:00;36;kWh;0;0;0;0;0;0
2024-01-07T09:00;2024-01-07T09:15;37;kWh;-1665;0;0;0;1665;-1665
2024-01-07T09:15;2024-01-07T09:30;38;kWh;-11;0;0;0;11;-11
2024-01-07T09:30;2024-01-07T09:45;39;kWh;0;1962;0;0;1962;1962
2024-01-07T09:45;2024-01-07T10:00;40;kWh;0;1084;0;0;1084;1084
2024-01-07T10:00;2024-01-07T10:15;41;kWh;0;0;0;0;0;0
2024-01-07T10:15;2024-01-07T10:30;42;kWh;0;0;0;0;0;0
2024-01-07T10:30;2024-01-07T10:45;43;kWh;0;418;0;0;418;418
2024-01-07T10:45;2024-01-07T11:00;44;kWh;0;0;0;0;0;0
2024-01-07T11:00;2024-01-07T11:15;45;kWh;-1879;0;0;0;1879;-1879
2024-01-07T11:15;2024-01-07T11:30;46;kWh;-31;0;0;0;31;-31
2024-01-07T11:30;2024-01-07T11:45;47;kWh;0;0;0;0;0;0
2024-01-07T11:45;2024-01-07T12:00;48;kWh;-8;0;0;0;8;-8
2024-01-07T12:00;2024-01-07T12:15;49;kWh;-435;1375;0;0;1810;940
2024-01-07T12:15;2024-01-07T12:30;50;kWh;-3870;0;0;0;3870;-3870
2024-01-07T12:30;2024-01-07T12:45;51;kWh;-2252;0;0;0;2252;-2252
2024-01-07T12:45;2024-01-07T13:00;52;kWh;-1230;0;0;0;1230;-1230
2024-01-07T13:00;2024-01-07T13:15;53;kWh;-512;0;0;0;512;-512
2024-01-07T13:15;2024-01-07T13:30;54;kWh;-15;0;0;0;15;-15
2024-01-07T13:30;2024-01-07T13:45;55;kWh;-2241;0;0;0;2241;-2241
2024-01-07T13:45;2024-01-07T14:00;56;kWh;-1485;0;0;0;1485;-1485
2024-01-07T14:00;2024-01-07T14:15;57;kWh;-10020;0;0;0;10020;-10020
2024-01-07T14:15;2024-01-07T14:30;58;kWh;-2843;0;0;0;2843;-2843
2024-01-07T14:30;2024-01-07T14:45;59;kWh;-1647;0;0;0;1647;-1647
2024-01-07T14:45;2024-01-07T15:00;60;kWh;0;0;0;0;0;0
2024-01-07T15:00;2024-01-07T15:15;61;kWh;0;0;0;0;0;0
2024-01-07T15:15;2024-01-07T15:30;62;kWh;0;0;0;0;0;0
2024-01-07T15:30;2024-01-07T15:45;63;kWh;0;0;0;0;0;0
2024-01-07T15:45;2024-01-07T16:00;64;kWh;0;0;0;0;0;0
2024-01-07T16:00;2024-01-07T16:15;65;kWh;-2933;0;0;0;2933;-2933
2024-01-07T16:15;2024-01-07T16:30;66;kWh;-136;0;0;0;136;-136
2024-01-07T16:30;2024-01-07T16:45;67;kWh;-34;0;0;0;34;-34
2024-01-07T16:45;2024-01-07T17:00;68;kWh;0;0;0;0;0;0
2024-01-07T17:00;2024-01-07T17:15;69;kWh;-10700;417;0;0;11117;-10283
2024-01-07T17:15;2024-01-07T17:30;70;kWh;0;112;0;0;112;112
2024-01-07T17:30;2024-01-07T17:45;71;kWh;0;0;0;0;0;0
2024-01-07T17:45;2024-01-07T18:00;72;kWh;-333;0;0;0;333;-333
2024-01-07T18:00;2024-01-07T18:15;73;kWh;-1569;0;0;0;1569;-1569
2024-01-07T18:15;2024-01-07T18:30;74;kWh;0;0;0;0;0;0
2024-01-07T18:30;2024-01-07T18:45;75;kWh;0;0;0;0;0;0
2024-01-07T18:45;2024-01-07T19:00;76;kWh;-533;0;0;0;533;-533
2024-01-07T19:00;2024-01-07T19:15;77;kWh;-6381;0;0;0;6381;-6381
2024-01-07T19:15;2024-01-07T19:30;78;kWh;-5473;0;0;0;5473;-5473
2024-01-07T19:30;2024-01-07T19:45;79;kWh;-12347;0;0;0;12347;-12347
2024-01-07T19:45;2024-01-07T20:00;80;kWh;-24751;0;0;0;24751;-24751
2024-01-07T20:00;2024-01-07T20:15;81;kWh;-12340;0;0;0;12340;-12340
2024-01-07T20:15;2024-01-07T20:30;82;kWh;-27344;0;0;0;27344;-27344
2024-01-07T20:30;2024-01-07T20:45;83;kWh;-23891;0;0;0;23891;-23891
2024-01-07T20:45;2024-01-07T21:00;84;kWh;-18280;0;0;0;18280;-18280
2024-01-07T21:00;2024-01-07T21:15;85;kWh;-7859;0;0;0;7859;-7859
2024-01-07T21:15;2024-01-07T21:30;86;kWh;-4587;0;0;0;4587;-4587
2024-01-07T21:30;2024-01-07T21:45;87;kWh;-5667;0;0;0;5667;-5667
2024-01-07T21:45;2024-01-07T22:00;88;kWh;0;0;0;0;0;0
2024-01-07T22:00;2024-01-07T22:15;89;kWh;0;5425;0;0;5425;5425
2024-01-07T22:15;2024-01-07T22:30;90;kWh;0;0;0;0;0;0
2024-01-07T22:30;2024-01-07T22:45;91;kWh;-957;0;0;0;957;-957
2024-01-07T22:45;2024-01-07T23:00;92;kWh;-30271;0;0;0;30271;-30271
2024-01-07T23:00;2024-01-07T23:15;93;kWh;-14252;0;0;0;14252;-14252
2024-01-07T23:15;2024-01-07T23:30;94;kWh;-30823;0;0;0;30823;-30823
2024-01-07T23:30;2024-01-07T23:45;95;kWh;-46836;0;0;0;46836;-46836
2024-01-07T23:45;2024-01-08T00:00;96;kWh;-56211;0;0;0;56211;-56211
2024-01-08T00:00;2024-01-08T00:15;1;kWh;-25048;0;0;0;25048;-25048
2024-01-08T00:15;2024-01-08T00:30;2;kWh;-29818;0;0;0;29818;-29818
2024-01-08T00:30;2024-01-08T00:45;3;kWh;-18943;0;0;0;18943;-18943
2024-01-08T00:45;2024-01-08T01:00;4;kWh;-13217;0;0;0;13217;-13217
2024-01-08T01:00;2024-01-08T01:15;5;kWh;-7694;0;0;0;7694;-7694
2024-01-08T01:15;2024-01-08T01:30;6;kWh;-2595;0;0;0;2595;-2595
2024-01-08T01:30;2024-01-08T01:45;7;kWh;-616;0;0;0;616;-616
2024-01-08T01:45;2024-01-08T02:00;8;kWh;-8251;0;0;0;8251;-8251
2024-01-08T02:00;2024-01-08T02:15;9;kWh;-1829;2394;0;0;4223;565
2024-01-08T02:15;2024-01-08T02:30;10;kWh;-3296;141;0;0;3437;-3155
2024-01-08T02:30;2024-01-08T02:45;11;kWh;-8881;0;0;0;8881;-8881
2024-01-08T02:45;2024-01-08T03:00;12;kWh;-16433;0;0;0;16433;-16433
2024-01-08T03:00;2024-01-08T03:15;13;kWh;-11602;0;0;0;11602;-11602
2024-01-08T03:15;2024-01-08T03:30;14;kWh;-25750;0;0;0;25750;-25750
2024-01-08T03:30;2024-01-08T03:45;15;kWh;-28884;0;0;0;28884;-28884
2024-01-08T03:45;2024-01-08T04:00;16;kWh;-32004;0;0;0;32004;-32004
2024-01-08T04:00;2024-01-08T04:15;17;kWh;-29176;0;0;0;29176;-29176
2024-01-08T04:15;2024-01-08T04:30;18;kWh;-22101;0;0;0;22101;-22101
2024-01-08T04:30;2024-01-08T04:45;19;kWh;-19049;0;0;0;19049;-19049
2024-01-08T04:45;2024-01-08T05:00;20;kWh;-9529;0;0;0;9529;-9529
2024-01-08T05:00;2024-01-08T05:15;21;kWh;-17838;0;0;0;17838;-17838
2024-01-08T05:15;2024-01-08T05:30;22;kWh;-23393;0;0;0;23393;-23393
2024-01-08T05:30;2024-01-08T05:45;23;kWh;-8833;0;0;0;8833;-8833
2024-01-08T05:45;2024-01-08T06:00;24;kWh;0;31;0;0;31;31
2024-01-08T06:00;2024-01-08T06:15;25;kWh;0;4698;0;0;4698;4698
2024-01-08T06:15;2024-01-08T06:30;26;kWh;0;3;0;0;3;3
2024-01-08T06:30;2024-01-08T06:45;27;kWh;-708;0;0;0;708;-708
2024-01-08T06:45;2024-01-08T07:00;28;kWh;-24;82;0;0;106;58
2024-01-08T07:00;2024-01-08T07:15;29;kWh;-42;111;0;0;153;69
2024-01-08T07:15;2024-01-08T07:30;30;kWh;-4212;0;0;0;4212;-4212
2024-01-08T07:30;2024-01-08T07:45;31;kWh;-785;0;0;0;785;-785
2024-01-08T07:45;2024-01-08T08:00;32;kWh;-1421;0;0;0;1421;-1421
2024-01-08T08:00;2024-01-08T08:15;33;kWh;-32751;0;0;0;32751;-32751
2024-01-08T08:15;2024-01-08T08:30;34;kWh;-18067;0;0;0;18067;-18067
2024-01-08T08:30;2024-01-08T08:45;35;kWh;-31680;0;0;0;31680;-31680
2024-01-08T08:45;2024-01-08T09:00;36;kWh;-230;0;0;0;230;-230
2024-01-08T09:00;2024-01-08T09:15;37;kWh;0;18;0;0;18;18
2024-01-08T09:15;2024-01-08T09:30;38;kWh;0;3051;0;0;3051;3051
2024-01-08T09:30;2024-01-08T09:45;39;kWh;-11093;8694;0;0;19787;-2399
2024-01-08T09:45;2024-01-08T10:00;40;kWh;-9147;0;0;0;9147;-9147
2024-01-08T10:00;2024-01-08T10:15;41;kWh;-330;3916;0;0;4246;3586
2024-01-08T10:15;2024-01-08T10:30;42;kWh;0;27803;0;0;27803;27803
2024-01-08T10:30;2024-01-08T10:45;43;kWh;0;23681;0;0;23681;23681
2024-01-08T10:45;2024-01-08T11:00;44;kWh;0;9675;0;0;9675;9675
2024-01-08T11:00;2024-01-08T11:15;45;kWh;-2304;0;0;0;2304;-2304
2024-01-08T11:15;2024-01-08T11:30;46;kWh;-19841;0;0;0;19841;-19841
2024-01-08T11:30;2024-01-08T11:45;47;kWh;-23388;0;0;0;23388;-23388
2024-01-08T11:45;2024-01-08T12:00;48;kWh;-42597;0;0;0;42597;-42597
2024-01-08T12:00;2024-01-08T12:15;49;kWh;-35494;0;0;0;35494;-35494
2024-01-08T12:15;2024-01-08T12:30;50;kWh;-31089;0;0;0;31089;-31089
2024-01-08T12:30;2024-01-08T12:45;51;kWh;-40443;0;0;0;40443;-40443
2024-01-08T12:45;2024-01-08T13:00;52;kWh;-40228;0;0;0;40228;-40228
2024-01-08T13:00;2024-01-08T13:15;53;kWh;-17704;0;0;0;17704;-17704
2024-01-08T13:15;2024-01-08T13:30;54;kWh;-47411;0;0;0;47411;-47411
2024-01-08T13:30;2024-01-08T13:45;55;kWh;-73015;0;0;0;73015;-73015
2024-01-08T13:45;2024-01-08T14:00;56;kWh;-63399;0;0;0;63399;-63399
2024-01-08T14:00;2024-01-08T14:15;57;kWh;-45556;0;0;0;45556;-45556
2024-01-08T14:15;2024-01-08T14:30;58;kWh;-32764;0;0;0;32764;-32764
2024-01-08T14:30;2024-01-08T14:45;59;kWh;-25928;0;0;0;25928;-25928
2024-01-08T14:45;2024-01-08T15:00;60;kWh;-19450;0;0;0;19450;-19450
2024-01-08T15:00;2024-01-08T15:15;61;kWh;-35908;0;0;0;35908;-35908
2024-01-08T15:15;2024-01-08T15:30;62;kWh;-2502;0;0;0;2502;-2502
2024-01-08T15:30;2024-01-08T15:45;63;kWh;0;4760;0;0;4760;4760
2024-01-08T15:45;2024-01-08T16:00;64;kWh;0;10639;0;0;10639;10639
2024-01-08T16:00;2024-01-08T16:15;65;kWh;-30536;0;0;0;30536;-30536
2024-01-08T16:15;2024-01-08T16:30;66;kWh;-24326;0;0;0;24326;-24326
2024-01-08T16:30;2024-01-08T16:45;67;kWh;-55153;0;0;0;55153;-55153
2024-01-08T16:45;2024-01-08T17:00;68;kWh;-32087;0;0;0;32087;-32087
2024-01-08T17:00;2024-01-08T17:15;69;kWh;-26182;0;0;0;26182;-26182
2024-01-08T17:15;2024-01-08T17:30;70;kWh;-3075;0;0;0;3075;-3075
2024-01-08T17:30;2024-01-08T17:45;71;kWh;-11596;0;0;0;11596;-11596
2024-01-08T17:45;2024-01-08T18:00;72;kWh;-17160;0;0;0;17160;-17160
2024-01-08T18:00;2024-01-08T18:15;73;kWh;-10123;0;0;0;10123;-10123
2024-01-08T18:15;2024-01-08T18:30;74;kWh;-1166;0;0;0;1166;-1166
2024-01-08T18:30;2024-01-08T18:45;75;kWh;-970;0;0;0;970;-970
2024-01-08T18:45;2024-01-08T19:00;76;kWh;-408;616;0;0;1024;208
2024-01-08T19:00;2024-01-08T19:15;77;kWh;0;1435;0;0;1435;1435
2024-01-08T19:15;2024-01-08T19:30;78;kWh;-1063;0;0;0;1063;-1063
2024-01-08T19:30;2024-01-08T19:45;79;kWh;-141;2492;0;0;2633;2351
2024-01-08T19:45;2024-01-08T20:00;80;kWh;0;2218;0;0;2218;2218
2024-01-08T20:00;2024-01-08T20:15;81;kWh;0;56;0;0;56;56
2024-01-08T20:15;2024-01-08T20:30;82;kWh;0;702;0;0;702;702
2024-01-08T20:30;2024-01-08T20:45;83;kWh;-209;1841;0;0;2050;1632
2024-01-08T20:45;2024-01-08T21:00;84;kWh;-1510;0;0;0;1510;-1510
2024-01-08T21:00;2024-01-08T21:15;85;kWh;-11370;0;0;0;11370;-11370
2024-01-08T21:15;2024-01-08T21:30;86;kWh;-12241;0;0;0;12241;-12241
2024-01-08T21:30;2024-01-08T21:45;87;kWh;-14845;0;0;0;14845;-14845
2024-01-08T21:45;2024-01-08T22:00;88;kWh;-11940;0;0;0;11940;-11940
2024-01-08T22:00;2024-01-08T22:15;89;kWh;-11099;0;0;0;11099;-11099
2024-01-08T22:15;2024-01-08T22:30;90;kWh;-3312;0;0;0;3312;-3312
2024-01-08T22:30;2024-01-08T22:45;91;kWh;-28138;0;0;0;28138;-28138
2024-01-08T22:45;2024-01-08T23:00;92;kWh;-45470;0;0;0;45470;-45470
2024-01-08T23:00;2024-01-08T23:15;93;kWh;-10993;0;0;0;10993;-10993
2024-01-08T23:15;2024-01-08T23:30;94;kWh;-7517;0;0;0;7517;-7517
2024-01-08T23:30;2024-01-08T23:45;95;kWh;-5941;3584;0;0;9525;-2357
2024-01-08T23:45;2024-01-09T00:00;96;kWh;-1432;980;0;0;2412;-452
2024-01-09T00:00;2024-01-09T00:15;1;kWh;-30285;0;0;0;30285;-30285
2024-01-09T00:15;2024-01-09T00:30;2;kWh;-3076;0;0;0;3076;-3076
2024-01-09T00:30;2024-01-09T00:45;3;kWh;-1085;461;0;0;1546;-624
2024-01-09T00:45;2024-01-09T01:00;4;kWh;-1265;0;0;0;1265;-1265
2024-01-09T01:00;2024-01-09T01:15;5;kWh;-2698;2402;0;0;5100;-296
2024-01-09T01:15;2024-01-09T01:30;6;kWh;-12587;1617;0;0;14204;-10970
2024-01-09T01:30;2024-01-09T01:45;7;kWh;-21841;0;0;0;21841;-21841
2024-01-09T01:45;2024-01-09T02:00;8;kWh;-15486;0;0;0;15486;-15486
2024-01-09T02:00;2024-01-09T02:15;9;kWh;-33881;0;0;0;33881;-33881
2024-01-09T02:15;2024-01-09T02:30;10;kWh;-3519;0;0;0;3519;-3519
2024-01-09T02:30;2024-01-09T02:45;11;kWh;-4327;0;0;0;4327;-4327
2024-01-09T02:45;2024-01-09T03:00;12;kWh;-2194;362;0;0;2556;-1832
2024-01-09T03:00;2024-01-09T03:15;13;kWh;-2466;110;0;0;2576;-2356
2024-01-09T03:15;2024-01-09T03:30;14;kWh;-15645;0;0;0;15645;-15645
2024-01-09T03:30;2024-01-09T03:45;15;kWh;-12702;0;0;0;12702;-12702
2024-01-09T03:45;2024-01-09T04:00;16;kWh;-15038;0;0;0;15038;-15038
2024-01-09T04:00;2024-01-09T04:15;17;kWh;-12577;0;0;0;12577;-12577
2024-01-09T04:15;2024-01-09T04:30;18;kWh;-15935;0;0;0;15935;-15935
2024-01-09T04:30;2024-01-09T04:45;19;kWh;-23100;0;0;0;23100;-23100
2024-01-09T04:45;2024-01-09T05:00;20;kWh;-7934;0;0;0;7934;-7934
2024-01-09T05:00;2024-01-09T05:15;21;kWh;-1202;0;0;0;1202;-1202
2024-01-09T05:15;2024-01-09T05:30;22;kWh;0;6976;0;0;6976;6976
2024-01-09T05:30;2024-01-09T05:45;23;kWh;0;7664;0;0;7664;7664
2024-01-09T05:45;2024-01-09T06:00;24;kWh;0;1522;0;0;1522;1522
2024-01-09T06:00;2024-01-09T06:15;25;kWh;-21918;0;0;0;21918;-21918
2024-01-09T06:15;2024-01-09T06:30;26;kWh;-19794;0;0;0;19794;-19794
2024-01-09T06:30;2024-01-09T06:45;27;kWh;-17942;0;0;0;17942;-17942
2024-01-09T06:45;2024-01-09T07:00;28;kWh;-26625;0;0;0;26625;-26625
2024-01-09T07:00;2024-01-09T07:15;29;kWh;-52116;798;0;0;52914;-51318
2024-01-09T07:15;2024-01-09T07:30;30;kWh;-50;1495;0;0;1545;1445
2024-01-09T07:30;2024-01-09T07:45;31;kWh;0;30481;0;0;30481;30481
2024-01-09T07:45;2024-01-09T08:00;32;kWh;0;42370;0;0;42370;42370
2024-01-09T08:00;2024-01-09T08:15;33;kWh;0;33434;0;0;33434;33434
2024-01-09T08:15;2024-01-09T08:30;34;kWh;0;9778;0;0;9778;9778
2024-01-09T08:30;2024-01-09T08:45;35;kWh;0;7275;0;0;7275;7275
2024-01-09T08:45;2024-01-09T09:00;36;kWh;0;6553;0;0;6553;6553
2024-01-09T09:00;2024-01-09T09:15;37;kWh;0;8234;0;0;8234;8234
2024-01-09T09:15;2024-01-09T09:30;38;kWh;0;0;0;0;0;0
2024-01-09T09:30;2024-01-09T09:45;39;kWh;0;0;0;0;0;0
2024-01-09T09:45;2024-01-09T10:00;40;kWh;-14466;0;0;0;14466;-14466
2024-01-09T10:00;2024-01-09T10:15;41;kWh;-6569;212;0;0;6781;-6357
2024-01-09T10:15;2024-01-09T10:30;42;kWh;-2524;0;0;0;2524;-2524
2024-01-09T10:30;2024-01-09T10:45;43;kWh;-34342;0;0;0;34342;-34342
2024-01-09T10:45;2024-01-09T11:00;44;kWh;-63649;0;0;0;63649;-63649
2024-01-09T11:00;2024-01-09T11:15;45;kWh;-36119;0;0;0;36119;-36119
2024-01-09T11:15;2024-01-09T11:30;46;kWh;-15672;0;0;0;15672;-15672
2024-01-09T11:30;2024-01-09T11:45;47;kWh;-72213;0;0;0;72213;-72213
2024-01-09T11:45;2024-01-09T12:00;48;kWh;-84211;0;0;0;84211;-84211
2024-01-09T12:00;2024-01-09T12:15;49;kWh;-26387;0;0;0;26387;-26387
2024-01-09T12:15;2024-01-09T12:30;50;kWh;-48647;0;0;0;48647;-48647
2024-01-09T12:30;2024-01-09T12:45;51;kWh;-48758;0;0;0;48758;-48758
2024-01-09T12:45;2024-01-09T13:00;52;kWh;-56037;0;0;0;56037;-56037
2024-01-09T13:00;2024-01-09T13:15;53;kWh;-58729;0;0;0;58729;-58729
2024-01-09T13:15;2024-01-09T13:30;54;kWh;-48008;0;0;0;48008;-48008
2024-01-09T13:30;2024-01-09T13:45;55;kWh;-53011;0;0;0;53011;-53011
2024-01-09T13:45;2024-01-09T14:00;56;kWh;-48330;0;0;0;48330;-48330
2024-01-09T14:00;2024-01-09T14:15;57;kWh;-70173;0;0;0;70173;-70173
2024-01-09T14:15;2024-01-09T14:30;58;kWh;-69231;0;0;0;69231;-69231
2024-01-09T14:30;2024-01-09T14:45;59;kWh;-78861;0;0;0;78861;-78861
2024-01-09T14:45;2024-01-09T15:00;60;kWh;-47703;0;0;0;47703;-47703
2024-01-09T15:00;2024-01-09T15:15;61;kWh;-48944;51;0;0;48995;-48893
2024-01-09T15:15;2024-01-09T15:30;62;kWh;-19797;420;0;0;20217;-19377
2024-01-09T15:30;2024-01-09T15:45;63;kWh;-881;7146;0;0;8027;6265
2024-01-09T15:45;2024-01-09T16:00;64;kWh;-249;16617;0;0;16866;16368
2024-01-09T16:00;2024-01-09T16:15;65;kWh;-20143;2905;0;0;23048;-17238
2024-01-09T16:15;2024-01-09T16:30;66;kWh;-5322;0;0;0;5322;-5322
2024-01-09T16:30;2024-01-09T16:45;67;kWh;-2794;0;0;0;2794;-2794
2024-01-09T16:45;2024-01-09T17:00;68;kWh;-1455;0;0;0;1455;-1455
2024-01-09T17:00;2024-01-09T17:15;69;kWh;-16833;0;0;0;16833;-16833
2024-01-09T17:15;2024-01-09T17:30;70;kWh;-2471;0;0;0;2471;-2471
2024-01-09T17:30;2024-01-09T17:45;71;kWh;-4079;0;0;0;4079;-4079
2024-01-09T17:45;2024-01-09T18:00;72;kWh;-14195;0;0;0;14195;-14195
2024-01-09T18:00;2024-01-09T18:15;73;kWh;-8697;0;0;0;8697;-8697
2024-01-09T18:15;2024-01-09T18:30;74;kWh;-8258;0;0;0;8258;-8258
2024-01-09T18:30;2024-01-09T18:45;75;kWh;-26950;0;0;0;26950;-26950
2024-01-09T18:45;2024-01-09T19:00;76;kWh;-11194;0;0;0;11194;-11194
2024-01-09T19:00;2024-01-09T19:15;77;kWh;-249;3851;0;0;4100;3602
2024-01-09T19:15;2024-01-09T19:30;78;kWh;-3133;393;0;0;3526;-2740
2024-01-09T19:30;2024-01-09T19:45;79;kWh;-1040;0;0;0;1040;-1040
2024-01-09T19:45;2024-01-09T20:00;80;kWh;-249;0;0;0;249;-249
2024-01-09T20:00;2024-01-09T20:15;81;kWh;-249;2335;0;0;2584;2086
2024-01-09T20:15;2024-01-09T20:30;82;kWh;-249;3749;0;0;3998;3500
2024-01-09T20:30;2024-01-09T20:45;83;kWh;-1123;34;0;0;1157;-1089
2024-01-09T20:45;2024-01-09T21:00;84;kWh;-5639;0;0;0;5639;-5639
2024-01-09T21:00;2024-01-09T21:15;85;kWh;-5866;0;0;0;5866;-5866
2024-01-09T21:15;2024-01-09T21:30;86;kWh;-4056;0;0;0;4056;-4056
2024-01-09T21:30;2024-01-09T21:45;87;kWh;-3505;0;0;0;3505;-3505
2024-01-09T21:45;2024-01-09T22:00;88;kWh;-4675;0;0;0;4675;-4675
2024-01-09T22:00;2024-01-09T22:15;89;kWh;-8073;0;0;0;8073;-8073
2024-01-09T22:15;2024-01-09T22:30;90;kWh;-2167;0;0;0;2167;-2167
2024-01-09T22:30;2024-01-09T22:45;91;kWh;-7251;0;0;0;7251;-7251
2024-01-09T22:45;2024-01-09T23:00;92;kWh;-33937;0;0;0;33937;-33937
2024-01-09T23:00;2024-01-09T23:15;93;kWh;-31786;0;0;0;31786;-31786
2024-01-09T23:15;2024-01-09T23:30;94;kWh;-10933;0;0;0;10933;-10933
2024-01-09T23:30;2024-01-09T23:45;95;kWh;-303;12362;0;0;12665;12059
2024-01-09T23:45;2024-01-10T00:00;96;kWh;-847;433;0;0;1280;-414
2024-01-10T00:00;2024-01-10T00:15;1;kWh;-12410;5308;0;0;17718;-7102
2024-01-10T00:15;2024-01-10T00:30;2;kWh;0;42510;0;0;42510;42510
2024-01-10T00:30;2024-01-10T00:45;3;kWh;0;50368;0;0;50368;50368
2024-01-10T00:45;2024-01-10T01:00;4;kWh;0;17750;0;0;17750;17750
2024-01-10T01:00;2024-01-10T01:15;5;kWh;0;48059;0;0;48059;48059
2024-01-10T01:15;2024-01-10T01:30;6;kWh;0;49701;0;0;49701;49701
2024-01-10T01:30;2024-01-10T01:45;7;kWh;0;29670;0;0;29670;29670
2024-01-10T01:45;2024-01-10T02:00;8;kWh;0;26413;0;0;26413;26413
2024-01-10T02:00;2024-01-10T02:15;9;kWh;0;62519;0;0;62519;62519
2024-01-10T02:15;2024-01-10T02:30;10;kWh;0;22873;0;0;22873;22873
2024-01-10T02:30;2024-01-10T02:45;11;kWh;0;10768;0;0;10768;10768
2024-01-10T02:45;2024-01-10T03:00;12;kWh;0;5014;0;0;5014;5014
2024-01-10T03:00;2024-01-10T03:15;13;kWh;0;0;0;0;0;0
2024-01-10T03:15;2024-01-10T03:30;14;kWh;0;0;0;0;0;0
2024-01-10T03:30;2024-01-10T03:45;15;kWh;-52;0;0;0;52;-52
2024-01-10T03:45;2024-01-10T04:00;16;kWh;-2024;0;0;0;2024;-2024
2024-01-10T04:00;2024-01-10T04:15;17;kWh;-1284;0;0;0;1284;-1284
2024-01-10T04:15;2024-01-10T04:30;18;kWh;-2475;0;0;0;2475;-2475
2024-01-10T04:30;2024-01-10T04:45;19;kWh;-8769;0;0;0;8769;-8769
2024-01-10T04:45;2024-01-10T05:00;20;kWh;-856;565;0;0;1421;-291
2024-01-10T05:00;2024-01-10T05:15;21;kWh;0;469;0;0;469;469
2024-01-10T05:15;2024-01-10T05:30;22;kWh;0;154;0;0;154;154
2024-01-10T05:30;2024-01-10T05:45;23;kWh;-21151;0;0;0;21151;-21151
2024-01-10T05:45;2024-01-10T06:00;24;kWh;-56379;0;0;0;56379;-56379
2024-01-10T06:00;2024-01-10T06:15;25;kWh;-55448;0;0;0;55448;-55448
2024-01-10T06:15;2024-01-10T06:30;26;kWh;-28653;0;0;0;28653;-28653
2024-01-10T06:30;2024-01-10T06:45;27;kWh;-30603;0;0;0;30603;-30603
2024-01-10T06:45;2024-01-10T07:00;28;kWh;-3768;612;0;0;4380;-3156
2024-01-10T07:00;2024-01-10T07:15;29;kWh;-40927;646;0;0;41573;-40281
2024-01-10T07:15;2024-01-10T07:30;30;kWh;-20339;859;0;0;21198;-19480
2024-01-10T07:30;2024-01-10T07:45;31;kWh;-33209;0;0;0;33209;-33209
2024-01-10T07:45;2024-01-10T08:00;32;kWh;-2815;19394;0;0;22209;16579
2024-01-10T08:00;2024-01-10T08:15;33;kWh;0;82477;0;0;82477;82477
2024-01-10T08:15;2024-01-10T08:30;34;kWh;0;88497;0;0;88497;88497
2024-01-10T08:30;2024-01-10T08:45;35;kWh;0;76415;0;0;76415;76415
2024-01-10T08:45;2024-01-10T09:00;36;kWh;0;87353;0;0;87353;87353
2024-01-10T09:00;2024-01-10T09:15;37;kWh;0;80478;0;0;80478;80478
2024-01-10T09:15;2024-01-10T09:30;38;kWh;0;81310;0;0;81310;81310
2024-01-10T09:30;2024-01-10T09:45;39;kWh;0;40078;0;0;40078;40078
2024-01-10T09:45;2024-01-10T10:00;40;kWh;-1136;865;0;0;2001;-271
2024-01-10T10:00;2024-01-10T10:15;41;kWh;0;0;0;0;0;0
2024-01-10T10:15;2024-01-10T10:30;42;kWh;-23342;0;0;0;23342;-23342
2024-01-10T10:30;2024-01-10T10:45;43;kWh;-84702;0;0;0;84702;-84702
2024-01-10T10:45;2024-01-10T11:00;44;kWh;-82655;0;0;0;82655;-82655
2024-01-10T11:00;2024-01-10T11:15;45;kWh;-1462;0;0;0;1462;-1462
2024-01-10T11:15;2024-01-10T11:30;46;kWh;0;3232;0;0;3232;3232
2024-01-10T11:30;2024-01-10T11:45;47;kWh;-6862;2245;0;0;9107;-4617
2024-01-10T11:45;2024-01-10T12:00;48;kWh;-9303;0;0;0;9303;-9303
2024-01-10T12:00;2024-01-10T12:15;49;kWh;-6999;7668;0;0;14667;669
2024-01-10T12:15;2024-01-10T12:30;50;kWh;-5757;1386;0;0;7143;-4371
2024-01-10T12:30;2024-01-10T12:45;51;kWh;-6796;0;0;0;6796;-6796
2024-01-10T12:45;2024-01-10T13:00;52;kWh;-13534;0;0;0;13534;-13534
2024-01-10T13:00;2024-01-10T13:15;53;kWh;-41715;0;0;0;41715;-41715
2024-01-10T13:15;2024-01-10T13:30;54;kWh;-34909;0;0;0;34909;-34909
2024-01-10T13:30;2024-01-10T13:45;55;kWh;-18550;0;0;0;18550;-18550
2024-01-10T13:45;2024-01-10T14:00;56;kWh;-4352;0;0;0;4352;-4352
2024-01-10T14:00;2024-01-10T14:15;57;kWh;-43854;208;0;0;44062;-43646
2024-01-10T14:15;2024-01-10T14:30;58;kWh;-19323;536;0;0;19859;-18787
2024-01-10T14:30;2024-01-10T14:45;59;kWh;-4292;966;0;0;5258;-3326
2024-01-10T14:45;2024-01-10T15:00;60;kWh;0;23841;0;0;23841;23841
2024-01-10T15:00;2024-01-10T15:15;61;kWh;-32334;2592;0;0;34926;-29742
2024-01-10T15:15;2024-01-10T15:30;62;kWh;-8260;4474;0;0;12734;-3786
2024-01-10T15:30;2024-01-10T15:45;63;kWh;0;46297;0;0;46297;46297
2024-01-10T15:45;2024-01-10T16:00;64;kWh;0;57792;0;0;57792;57792
2024-01-10T16:00;2024-01-10T16:15;65;kWh;-564;10305;0;0;10869;9741
2024-01-10T16:15;2024-01-10T16:30;66;kWh;0;0;0;0;0;0
2024-01-10T16:30;2024-01-10T16:45;67;kWh;0;0;0;0;0;0
2024-01-10T16:45;2024-01-10T17:00;68;kWh;0;23;0;0;23;23
2024-01-10T17:00;2024-01-10T17:15;69;kWh;0;3592;0;0;3592;3592
2024-01-10T17:15;2024-01-10T17:30;70;kWh;0;1753;0;0;1753;1753
2024-01-10T17:30;2024-01-10T17:45;71;kWh;0;339;0;0;339;339
2024-01-10T17:45;2024-01-10T18:00;72;kWh;0;0;0;0;0;0
2024-01-10T18:00;2024-01-10T18:15;73;kWh;-3235;0;0;0;3235;-3235
2024-01-10T18:15;2024-01-10T18:30;74;kWh;-120;0;0;0;120;-120
2024-01-10T18:30;2024-01-10T18:45;75;kWh;0;0;0;0;0;0
2024-01-10T18:45;2024-01-10T19:00;76;kWh;0;0;0;0;0;0
2024-01-10T19:00;2024-01-10T19:15;77;kWh;0;21461;0;0;21461;21461
2024-01-10T19:15;2024-01-10T19:30;78;kWh;0;19995;0;0;19995;19995
2024-01-10T19:30;2024-01-10T19:45;79;kWh;0;20528;0;0;20528;20528
2024-01-10T19:45;2024-01-10T20:00;80;kWh;0;3499;0;0;3499;3499
2024-01-10T20:00;2024-01-10T20:15;81;kWh;0;84045;0;0;84045;84045
2024-01-10T20:15;2024-01-10T20:30;82;kWh;0;115023;0;0;115023;115023
2024-01-10T20:30;2024-01-10T20:45;83;kWh;0;85193;0;0;85193;85193
2024-01-10T20:45;2024-01-10T21:00;84;kWh;0;38975;0;0;38975;38975
2024-01-10T21:00;2024-01-10T21:15;85;kWh;0;70718;0;0;70718;70718
2024-01-10T21:15;2024-01-10T21:30;86;kWh;0;45218;0;0;45218;45218
2024-01-10T21:30;2024-01-10T21:45;87;kWh;0;16115;0;0;16115;16115
2024-01-10T21:45;2024-01-10T22:00;88;kWh;0;5012;0;0;5012;5012
2024-01-10T22:00;2024-01-10T22:15;89;kWh;0;0;0;0;0;0
2024-01-10T22:15;2024-01-10T22:30;90;kWh;0;1326;0;0;1326;1326
2024-01-10T22:30;2024-01-10T22:45;91;kWh;0;2034;0;0;2034;2034
2024-01-10T22:45;2024-01-10T23:00;92;kWh;0;0;0;0;0;0
2024-01-10T23:00;2024-01-10T23:15;93;kWh;0;4597;0;0;4597;4597
2024-01-10T23:15;2024-01-10T23:30;94;kWh;0;4551;0;0;4551;4551
2024-01-10T23:30;2024-01-10T23:45;95;kWh;0;44557;0;0;44557;44557
2024-01-10T23:45;2024-01-11T00:00;96;kWh;0;24780;0;0;24780;24780
2024-01-11T00:00;2024-01-11T00:15;1;kWh;0;28729;0;0;28729;28729
2024-01-11T00:15;2024-01-11T00:30;2;kWh;0;89689;0;0;89689;89689
2024-01-11T00:30;2024-01-11T00:45;3;kWh;0;71001;0;0;71001;71001
2024-01-11T00:45;2024-01-11T01:00;4;kWh;0;38638;0;0;38638;38638
2024-01-11T01:00;2024-01-11T01:15;5;kWh;0;81947;0;0;81947;81947
2024-01-11T01:15;2024-01-11T01:30;6;kWh;0;80773;0;0;80773;80773
2024-01-11T01:30;2024-01-11T01:45;7;kWh;0;77298;0;0;77298;77298
2024-01-11T01:45;2024-01-11T02:00;8;kWh;0;88082;0;0;88082;88082
2024-01-11T02:00;2024-01-11T02:15;9;kWh;0;67086;0;0;67086;67086
2024-01-11T02:15;2024-01-11T02:30;10;kWh;0;46653;0;0;46653;46653
2024-01-11T02:30;2024-01-11T02:45;11;kWh;0;90542;0;0;90542;90542
2024-01-11T02:45;2024-01-11T03:00;12;kWh;0;42662;0;0;42662;42662
2024-01-11T03:00;2024-01-11T03:15;13;kWh;0;39857;0;0;39857;39857
2024-01-11T03:15;2024-01-11T03:30;14;kWh;0;48191;0;0;48191;48191
2024-01-11T03:30;2024-01-11T03:45;15;kWh;0;43437;0;0;43437;43437
2024-01-11T03:45;2024-01-11T04:00;16;kWh;0;41327;0;0;41327;41327
2024-01-11T04:00;2024-01-11T04:15;17;kWh;0;34450;0;0;34450;34450
2024-01-11T04:15;2024-01-11T04:30;18;kWh;0;35240;0;0;35240;35240
2024-01-11T04:30;2024-01-11T04:45;19;kWh;0;39933;0;0;39933;39933
2024-01-11T04:45;2024-01-11T05:00;20;kWh;0;23073;0;0;23073;23073
2024-01-11T05:00;2024-01-11T05:15;21;kWh;-9143;2082;0;0;11225;-7061
2024-01-11T05:15;2024-01-11T05:30;22;kWh;-1187;471;0;0;1658;-716
2024-01-11T05:30;2024-01-11T05:45;23;kWh;-1256;0;0;0;1256;-1256
2024-01-11T05:45;2024-01-11T06:00;24;kWh;-2673;0;0;0;2673;-2673
2024-01-11T06:00;2024-01-11T06:15;25;kWh;-7830;0;0;0;7830;-7830
2024-01-11T06:15;2024-01-11T06:30;26;kWh;-762;41;0;0;803;-721
2024-01-11T06:30;2024-01-11T06:45;27;kWh;0;13983;0;0;13983;13983
2024-01-11T06:45;2024-01-11T07:00;28;kWh;0;30053;0;0;30053;30053
2024-01-11T07:00;2024-01-11T07:15;29;kWh;0;1032;0;0;1032;1032
2024-01-11T07:15;2024-01-11T07:30;30;kWh;0;0;0;0;0;0
2024-01-11T07:30;2024-01-11T07:45;31;kWh;0;10029;0;0;10029;10029
2024-01-11T07:45;2024-01-11T08:00;32;kWh;0;55925;0;0;55925;55925
2024-01-11T08:00;2024-01-11T08:15;33;kWh;0;13992;0;0;13992;13992
2024-01-11T08:15;2024-01-11T08:30;34;kWh;0;11520;0;0;11520;11520
2024-01-11T08:30;2024-01-11T08:45;35;kWh;0;7119;0;0;7119;7119
2024-01-11T08:45;2024-01-11T09:00;36;kWh;0;8594;0;0;8594;8594
2024-01-11T09:00;2024-01-11T09:15;37;kWh;0;42920;0;0;42920;42920
2024-01-11T09:15;2024-01-11T09:30;38;kWh;0;9847;0;0;9847;9847
2024-01-11T09:30;2024-01-11T09:45;39;kWh;0;2047;0;0;2047;2047
2024-01-11T09:45;2024-01-11T10:00;40;kWh;0;0;0;0;0;0
2024-01-11T10:00;2024-01-11T10:15;41;kWh;0;29114;0;0;29114;29114
2024-01-11T10:15;2024-01-11T10:30;42;kWh;0;37718;0;0;37718;37718
2024-01-11T10:30;2024-01-11T10:45;43;kWh;0;401;0;0;401;401
2024-01-11T10:45;2024-01-11T11:00;44;kWh;0;74;0;0;74;74
2024-01-11T11:00;2024-01-11T11:15;45;kWh;0;44429;0;0;44429;44429
2024-01-11T11:15;2024-01-11T11:30;46;kWh;0;39183;0;0;39183;39183
2024-01-11T11:30;2024-01-11T11:45;47;kWh;0;0;0;0;0;0
2024-01-11T11:45;2024-01-11T12:00;48;kWh;0;9638;0;0;9638;9638
2024-01-11T12:00;2024-01-11T12:15;49;kWh;0;64701;0;0;64701;64701
2024-01-11T12:15;2024-01-11T12:30;50;kWh;0;56113;0;0;56113;56113
2024-01-11T12:30;2024-01-11T12:45;51;kWh;0;25002;0;0;25002;25002
2024-01-11T12:45;2024-01-11T13:00;52;kWh;0;12958;0;0;12958;12958
2024-01-11T13:00;2024-01-11T13:15;53;kWh;0;9853;0;0;9853;9853
2024-01-11T13:15;2024-01-11T13:30;54;kWh;0;9881;0;0;9881;9881
2024-01-11T13:30;2024-01-11T13:45;55;kWh;0;13891;0;0;13891;13891
2024-01-11T13:45;2024-01-11T14:00;56;kWh;0;31255;0;0;31255;31255
2024-01-11T14:00;2024-01-11T14:15;57;kWh;0;1471;0;0;1471;1471
2024-01-11T14:15;2024-01-11T14:30;58;kWh;0;19776;0;0;19776;19776
2024-01-11T14:30;2024-01-11T14:45;59;kWh;0;19400;0;0;19400;19400
2024-01-11T14:45;2024-01-11T15:00;60;kWh;0;39079;0;0;39079;39079
2024-01-11T15:00;2024-01-11T15:15;61;kWh;0;909;0;0;909;909
2024-01-11T15:15;2024-01-11T15:30;62;kWh;0;5638;0;0;5638;5638
2024-01-11T15:30;2024-01-11T15:45;63;kWh;0;25759;0;0;25759;25759
2024-01-11T15:45;2024-01-11T16:00;64;kWh;0;32562;0;0;32562;32562
2024-01-11T16:00;2024-01-11T16:15;65;kWh;0;24928;0;0;24928;24928
2024-01-11T16:15;2024-01-11T16:30;66;kWh;0;8861;0;0;8861;8861
2024-01-11T16:30;2024-01-11T16:45;67;kWh;0;12227;0;0;12227;12227
2024-01-11T16:45;2024-01-11T17:00;68;kWh;0;8252;0;0;8252;8252
2024-01-11T17:00;2024-01-11T17:15;69;kWh;0;17301;0;0;17301;17301
2024-01-11T17:15;2024-01-11T17:30;70;kWh;0;14747;0;0;14747;14747
2024-01-11T17:30;2024-01-11T17:45;71;kWh;0;9692;0;0;9692;9692
2024-01-11T17:45;2024-01-11T18:00;72;kWh;0;20888;0;0;20888;20888
2024-01-11T18:00;2024-01-11T18:15;73;kWh;0;828;0;0;828;828
2024-01-11T18:15;2024-01-11T18:30;74;kWh;0;16503;0;0;16503;16503
2024-01-11T18:30;2024-01-11T18:45;75;kWh;0;24690;0;0;24690;24690
2024-01-11T18:45;2024-01-11T19:00;76;kWh;0;48464;0;0;48464;48464
2024-01-11T19:00;2024-01-11T19:15;77;kWh;0;43370;0;0;43370;43370
2024-01-11T19:15;2024-01-11T19:30;78;kWh;0;36995;0;0;36995;36995
2024-01-11T19:30;2024-01-11T19:45;79;kWh;0;28393;0;0;28393;28393
2024-01-11T19:45;2024-01-11T20:00;80;kWh;0;537;0;0;537;537
2024-01-11T20:00;2024-01-11T20:15;81;kWh;0;12892;0;0;12892;12892
2024-01-11T20:15;2024-01-11T20:30;82;kWh;0;27608;0;0;27608;27608
2024-01-11T20:30;2024-01-11T20:45;83;kWh;0;23536;0;0;23536;23536
2024-01-11T20:45;2024-01-11T21:00;84;kWh;0;57;0;0;57;57
2024-01-11T21:00;2024-01-11T21:15;85;kWh;0;33489;0;0;33489;33489
2024-01-11T21:15;2024-01-11T21:30;86;kWh;0;70712;0;0;70712;70712
2024-01-11T21:30;2024-01-11T21:45;87;kWh;0;39748;0;0;39748;39748
2024-01-11T21:45;2024-01-11T22:00;88;kWh;0;394;0;0;394;394
2024-01-11T22:00;2024-01-11T22:15;89;kWh;0;72592;0;0;72592;72592
2024-01-11T22:15;2024-01-11T22:30;90;kWh;0;74777;0;0;74777;74777
2024-01-11T22:30;2024-01-11T22:45;91;kWh;0;37751;0;0;37751;37751
2024-01-11T22:45;2024-01-11T23:00;92;kWh;0;37051;0;0;37051;37051
2024-01-11T23:00;2024-01-11T23:15;93;kWh;0;15733;0;0;15733;15733
2024-01-11T23:15;2024-01-11T23:30;94;kWh;0;14803;0;0;14803;14803
2024-01-11T23:30;2024-01-11T23:45;95;kWh;0;22147;0;0;22147;22147
2024-01-11T23:45;2024-01-12T00:00;96;kWh;-5;643;0;0;648;638
2024-01-12T00:00;2024-01-12T00:15;1;kWh;-1063;18283;0;0;19346;17220
2024-01-12T00:15;2024-01-12T00:30;2;kWh;0;56547;0;0;56547;56547
2024-01-12T00:30;2024-01-12T00:45;3;kWh;0;25727;0;0;25727;25727
2024-01-12T00:45;2024-01-12T01:00;4;kWh;0;1097;0;0;1097;1097
2024-01-12T01:00;2024-01-12T01:15;5;kWh;0;6939;0;0;6939;6939
2024-01-12T01:15;2024-01-12T01:30;6;kWh;0;3770;0;0;3770;3770
2024-01-12T01:30;2024-01-12T01:45;7;kWh;0;0;0;0;0;0
2024-01-12T01:45;2024-01-12T02:00;8;kWh;-21;0;0;0;21;-21
2024-01-12T02:00;2024-01-12T02:15;9;kWh;-7574;0;0;0;7574;-7574
2024-01-12T02:15;2024-01-12T02:30;10;kWh;0;0;0;0;0;0
2024-01-12T02:30;2024-01-12T02:45;11;kWh;0;3281;0;0;3281;3281
2024-01-12T02:45;2024-01-12T03:00;12;kWh;0;378;0;0;378;378
2024-01-12T03:00;2024-01-12T03:15;13;kWh;0;15441;0;0;15441;15441
2024-01-12T03:15;2024-01-12T03:30;14;kWh;0;20087;0;0;20087;20087
2024-01-12T03:30;2024-01-12T03:45;15;kWh;0;0;0;0;0;0
2024-01-12T03:45;2024-01-12T04:00;16;kWh;0;0;0;0;0;0
2024-01-12T04:00;2024-01-12T04:15;17;kWh;0;793;0;0;793;793
2024-01-12T04:15;2024-01-12T04:30;18;kWh;0;7093;0;0;7093;7093
2024-01-12T04:30;2024-01-12T04:45;19;kWh;0;4387;0;0;4387;4387
2024-01-12T04:45;2024-01-12T05:00;20;kWh;0;13817;0;0;13817;13817
2024-01-12T05:00;2024-01-12T05:15;21;kWh;0;0;0;0;0;0
2024-01-12T05:15;2024-01-12T05:30;22;kWh;0;0;0;0;0;0
2024-01-12T05:30;2024-01-12T05:45;23;kWh;0;6827;0;0;6827;6827
2024-01-12T05:45;2024-01-12T06:00;24;kWh;0;22221;0;0;22221;22221
2024-01-12T06:00;2024-01-12T06:15;25;kWh;0;3495;0;0;3495;3495
2024-01-12T06:15;2024-01-12T06:30;26;kWh;0;28951;0;0;28951;28951
2024-01-12T06:30;2024-01-12T06:45;27;kWh;0;34798;0;0;34798;34798
2024-01-12T06:45;2024-01-12T07:00;28;kWh;0;32184;0;0;32184;32184
2024-01-12T07:00;2024-01-12T07:15;29;kWh;0;10442;0;0;10442;10442
2024-01-12T07:15;2024-01-12T07:30;30;kWh;0;3929;0;0;3929;3929
2024-01-12T07:30;2024-01-12T07:45;31;kWh;0;8406;0;0;8406;8406
2024-01-12T07:45;2024-01-12T08:00;32;kWh;0;42664;0;0;42664;42664
2024-01-12T08:00;2024-01-12T08:15;33;kWh;0;15824;0;0;15824;15824
2024-01-12T08:15;2024-01-12T08:30;34;kWh;0;0;0;0;0;0
2024-01-12T08:30;2024-01-12T08:45;35;kWh;0;9928;0;0;9928;9928
2024-01-12T08:45;2024-01-12T09:00;36;kWh;0;14126;0;0;14126;14126
2024-01-12T09:00;2024-01-12T09:15;37;kWh;-94;0;0;0;94;-94
2024-01-12T09:15;2024-01-12T09:30;38;kWh;0;14680;0;0;14680;14680
2024-01-12T09:30;2024-01-12T09:45;39;kWh;0;29739;0;0;29739;29739
2024-01-12T09:45;2024-01-12T10:00;40;kWh;0;1556;0;0;1556;1556
2024-01-12T10:00;2024-01-12T10:15;41;kWh;0;44790;0;0;44790;44790
2024-01-12T10:15;2024-01-12T10:30;42;kWh;0;55612;0;0;55612;55612
2024-01-12T10:30;2024-01-12T10:45;43;kWh;0;50232;0;0;50232;50232
2024-01-12T10:45;2024-01-12T11:00;44;kWh;0;10149;0;0;10149;10149
2024-01-12T11:00;2024-01-12T11:15;45;kWh;0;65222;0;0;65222;65222
2024-01-12T11:15;2024-01-12T11:30;46;kWh;0;58921;0;0;58921;58921
2024-01-12T11:30;2024-01-12T11:45;47;kWh;0;79915;0;0;79915;79915
2024-01-12T11:45;2024-01-12T12:00;48;kWh;0;55891;0;0;55891;55891
2024-01-12T12:00;2024-01-12T12:15;49;kWh;0;26845;0;0;26845;26845
2024-01-12T12:15;2024-01-12T12:30;50;kWh;0;41330;0;0;41330;41330
2024-01-12T12:30;2024-01-12T12:45;51;kWh;0;37807;0;0;37807;37807
2024-01-12T12:45;2024-01-12T13:00;52;kWh;0;10375;0;0;10375;10375
2024-01-12T13:00;2024-01-12T13:15;53;kWh;0;20487;0;0;20487;20487
2024-01-12T13:15;2024-01-12T13:30;54;kWh;0;21435;0;0;21435;21435
2024-01-12T13:30;2024-01-12T13:45;55;kWh;0;6655;0;0;6655;6655
2024-01-12T13:45;2024-01-12T14:00;56;kWh;0;2260;0;0;2260;2260
2024-01-12T14:00;2024-01-12T14:15;57;kWh;0;17901;0;0;17901;17901
2024-01-12T14:15;2024-01-12T14:30;58;kWh;0;38300;0;0;38300;38300
2024-01-12T14:30;2024-01-12T14:45;59;kWh;0;36319;0;0;36319;36319
2024-01-12T14:45;2024-01-12T15:00;60;kWh;0;65047;0;0;65047;65047
2024-01-12T15:00;2024-01-12T15:15;61;kWh;0;33398;0;0;33398;33398
2024-01-12T15:15;2024-01-12T15:30;62;kWh;0;63501;0;0;63501;63501
2024-01-12T15:30;2024-01-12T15:45;63;kWh;0;67219;0;0;67219;67219
2024-01-12T15:45;2024-01-12T16:00;64;kWh;0;49269;0;0;49269;49269
2024-01-12T16:00;2024-01-12T16:15;65;kWh;0;7528;0;0;7528;7528
2024-01-12T16:15;2024-01-12T16:30;66;kWh;0;8288;0;0;8288;8288
2024-01-12T16:30;2024-01-12T16:45;67;kWh;0;6595;0;0;6595;6595
2024-01-12T16:45;2024-01-12T17:00;68;kWh;0;3395;0;0;3395;3395
2024-01-12T17:00;2024-01-12T17:15;69;kWh;0;7721;0;0;7721;7721
2024-01-12T17:15;2024-01-12T17:30;70;kWh;0;32386;0;0;32386;32386
2024-01-12T17:30;2024-01-12T17:45;71;kWh;0;41660;0;0;41660;41660
2024-01-12T17:45;2024-01-12T18:00;72;kWh;0;75530;0;0;75530;75530
2024-01-12T18:00;2024-01-12T18:15;73;kWh;0;23898;0;0;23898;23898
2024-01-12T18:15;2024-01-12T18:30;74;kWh;0;0;0;0;0;0
2024-01-12T18:30;2024-01-12T18:45;75;kWh;0;1400;0;0;1400;1400
2024-01-12T18:45;2024-01-12T19:00;76;kWh;0;12133;0;0;12133;12133
2024-01-12T19:00;2024-01-12T19:15;77;kWh;0;473;0;0;473;473
2024-01-12T19:15;2024-01-12T19:30;78;kWh;0;1539;0;0;1539;1539
2024-01-12T19:30;2024-01-12T19:45;79;kWh;0;107;0;0;107;107
2024-01-12T19:45;2024-01-12T20:00;80;kWh;0;0;0;0;0;0
2024-01-12T20:00;2024-01-12T20:15;81;kWh;0;11348;0;0;11348;11348
2024-01-12T20:15;2024-01-12T20:30;82;kWh;0;750;0;0;750;750
2024-01-12T20:30;2024-01-12T20:45;83;kWh;0;1124;0;0;1124;1124
2024-01-12T20:45;2024-01-12T21:00;84;kWh;0;0;0;0;0;0
2024-01-12T21:00;2024-01-12T21:15;85;kWh;0;50776;0;0;50776;50776
2024-01-12T21:15;2024-01-12T21:30;86;kWh;0;24954;0;0;24954;24954
2024-01-12T21:30;2024-01-12T21:45;87;kWh;0;10772;0;0;10772;10772
2024-01-12T21:45;2024-01-12T22:00;88;kWh;0;9681;0;0;9681;9681
2024-01-12T22:00;2024-01-12T22:15;89;kWh;0;7031;0;0;7031;7031
2024-01-12T22:15;2024-01-12T22:30;90;kWh;0;23049;0;0;23049;23049
2024-01-12T22:30;2024-01-12T22:45;91;kWh;0;28051;0;0;28051;28051
2024-01-12T22:45;2024-01-12T23:00;92;kWh;0;41612;0;0;41612;41612
2024-01-12T23:00;2024-01-12T23:15;93;kWh;0;3112;0;0;3112;3112
2024-01-12T23:15;2024-01-12T23:30;94;kWh;0;1621;0;0;1621;1621
2024-01-12T23:30;2024-01-12T23:45;95;kWh;0;0;0;0;0;0
2024-01-12T23:45;2024-01-13T00:00;96;kWh;-1181;0;0;0;1181;-1181
2024-01-13T00:00;2024-01-13T00:15;1;kWh;-10747;0;0;0;10747;-10747
2024-01-13T00:15;2024-01-13T00:30;2;kWh;0;4932;0;0;4932;4932
2024-01-13T00:30;2024-01-13T00:45;3;kWh;0;19268;0;0;19268;19268
2024-01-13T00:45;2024-01-13T01:00;4;kWh;0;1254;0;0;1254;1254
2024-01-13T01:00;2024-01-13T01:15;5;kWh;0;4336;0;0;4336;4336
2024-01-13T01:15;2024-01-13T01:30;6;kWh;0;18;0;0;18;18
2024-01-13T01:30;2024-01-13T01:45;7;kWh;0;19300;0;0;19300;19300
2024-01-13T01:45;2024-01-13T02:00;8;kWh;0;6152;0;0;6152;6152
2024-01-13T02:00;2024-01-13T02:15;9;kWh;0;32901;0;0;32901;32901
2024-01-13T02:15;2024-01-13T02:30;10;kWh;0;40619;0;0;40619;40619
2024-01-13T02:30;2024-01-13T02:45;11;kWh;0;39595;0;0;39595;39595
2024-01-13T02:45;2024-01-13T03:00;12;kWh;0;8356;0;0;8356;8356
2024-01-13T03:00;2024-01-13T03:15;13;kWh;0;48164;0;0;48164;48164
2024-01-13T03:15;2024-01-13T03:30;14;kWh;0;71479;0;0;71479;71479
2024-01-13T03:30;2024-01-13T03:45;15;kWh;0;43780;0;0;43780;43780
2024-01-13T03:45;2024-01-13T04:00;16;kWh;0;979;0;0;979;979
2024-01-13T04:00;2024-01-13T04:15;17;kWh;0;0;0;0;0;0
2024-01-13T04:15;2024-01-13T04:30;18;kWh;0;0;0;0;0;0
2024-01-13T04:30;2024-01-13T04:45;19;kWh;0;2319;0;0;2319;2319
2024-01-13T04:45;2024-01-13T05:00;20;kWh;-326;44;0;0;370;-282
2024-01-13T05:00;2024-01-13T05:15;21;kWh;-4799;0;0;0;4799;-4799
2024-01-13T05:15;2024-01-13T05:30;22;kWh;-188;0;0;0;188;-188
2024-01-13T05:30;2024-01-13T05:45;23;kWh;-239;1307;0;0;1546;1068
2024-01-13T05:45;2024-01-13T06:00;24;kWh;-4403;3;0;0;4406;-4400
2024-01-13T06:00;2024-01-13T06:15;25;kWh;-509;0;0;0;509;-509
2024-01-13T06:15;2024-01-13T06:30;26;kWh;0;0;0;0;0;0
2024-01-13T06:30;2024-01-13T06:45;27;kWh;0;4793;0;0;4793;4793
2024-01-13T06:45;2024-01-13T07:00;28;kWh;0;17303;0;0;17303;17303
2024-01-13T07:00;2024-01-13T07:15;29;kWh;0;879;0;0;879;879
2024-01-13T07:15;2024-01-13T07:30;30;kWh;0;149;0;0;149;149
2024-01-13T07:30;2024-01-13T07:45;31;kWh;0;0;0;0;0;0
2024-01-13T07:45;2024-01-13T08:00;32;kWh;0;0;0;0;0;0
2024-01-13T08:00;2024-01-13T08:15;33;kWh;-3840;0;0;0;3840;-3840
2024-01-13T08:15;2024-01-13T08:30;34;kWh;-2;0;0;0;2;-2
2024-01-13T08:30;2024-01-13T08:45;35;kWh;0;0;0;0;0;0
2024-01-13T08:45;2024-01-13T09:00;36;kWh;0;0;0;0;0;0
2024-01-13T09:00;2024-01-13T09:15;37;kWh;0;2080;0;0;2080;2080
2024-01-13T09:15;2024-01-13T09:30;38;kWh;0;21045;0;0;21045;21045
2024-01-13T09:30;2024-01-13T09:45;39;kWh;0;26474;0;0;26474;26474
2024-01-13T09:45;2024-01-13T10:00;40;kWh;0;44943;0;0;44943;44943
2024-01-13T10:00;2024-01-13T10:15;41;kWh;0;78633;0;0;78633;78633
2024-01-13T10:15;2024-01-13T10:30;42;kWh;0;67981;0;0;67981;67981
2024-01-13T10:30;2024-01-13T10:45;43;kWh;0;54795;0;0;54795;54795
2024-01-13T10:45;2024-01-13T11:00;44;kWh;0;67321;0;0;67321;67321
2024-01-13T11:00;2024-01-13T11:15;45;kWh;0;59816;0;0;59816;59816
2024-01-13T11:15;2024-01-13T11:30;46;kWh;0;78897;0;0;78897;78897
2024-01-13T11:30;2024-01-13T11:45;47;kWh;0;81000;0;0;81000;81000
2024-01-13T11:45;2024-01-13T12:00;48;kWh;0;70412;0;0;70412;70412
2024-01-13T12:00;2024-01-13T12:15;49;kWh;-882;53;0;0;935;-829
2024-01-13T12:15;2024-01-13T12:30;50;kWh;0;2352;0;0;2352;2352
2024-01-13T12:30;2024-01-13T12:45;51;kWh;0;793;0;0;793;793
2024-01-13T12:45;2024-01-13T13:00;52;kWh;0;8863;0;0;8863;8863
2024-01-13T13:00;2024-01-13T13:15;53;kWh;0;1354;0;0;1354;1354
2024-01-13T13:15;2024-01-13T13:30;54;kWh;0;0;0;0;0;0
2024-01-13T13:30;2024-01-13T13:45;55;kWh;0;0;0;0;0;0
2024-01-13T13:45;2024-01-13T14:00;56;kWh;0;1907;0;0;1907;1907
2024-01-13T14:00;2024-01-13T14:15;57;kWh;0;3700;0;0;3700;3700
2024-01-13T14:15;2024-01-13T14:30;58;kWh;0;9979;0;0;9979;9979
2024-01-13T14:30;2024-01-13T14:45;59;kWh;0;2787;0;0;2787;2787
2024-01-13T14:45;2024-01-13T15:00;60;kWh;-1085;0;0;0;1085;-1085
2024-01-13T15:00;2024-01-13T15:15;61;kWh;0;0;0;0;0;0
2024-01-13T15:15;2024-01-13T15:30;62;kWh;-1087;0;0;0;1087;-1087
2024-01-13T15:30;2024-01-13T15:45;63;kWh;-247;0;0;0;247;-247
2024-01-13T15:45;2024-01-13T16:00;64;kWh;-76;0;0;0;76;-76
2024-01-13T16:00;2024-01-13T16:15;65;kWh;-1674;0;0;0;1674;-1674
2024-01-13T16:15;2024-01-13T16:30;66;kWh;-737;0;0;0;737;-737
2024-01-13T16:30;2024-01-13T16:45;67;kWh;-13936;0;0;0;13936;-13936
2024-01-13T16:45;2024-01-13T17:00;68;kWh;-306;0;0;0;306;-306
2024-01-13T17:00;2024-01-13T17:15;69;kWh;-3166;0;0;0;3166;-3166
2024-01-13T17:15;2024-01-13T17:30;70;kWh;-1486;0;0;0;1486;-1486
2024-01-13T17:30;2024-01-13T17:45;71;kWh;0;3296;0;0;3296;3296
2024-01-13T17:45;2024-01-13T18:00;72;kWh;-2996;87;0;0;3083;-2909
2024-01-13T18:00;2024-01-13T18:15;73;kWh;-18474;0;0;0;18474;-18474
2024-01-13T18:15;2024-01-13T18:30;74;kWh;-4276;0;0;0;4276;-4276
2024-01-13T18:30;2024-01-13T18:45;75;kWh;-2874;0;0;0;2874;-2874
2024-01-13T18:45;2024-01-13T19:00;76;kWh;-18565;0;0;0;18565;-18565
2024-01-13T19:00;2024-01-13T19:15;77;kWh;-4547;0;0;0;4547;-4547
2024-01-13T19:15;2024-01-13T19:30;78;kWh;-3392;0;0;0;3392;-3392
2024-01-13T19:30;2024-01-13T19:45;79;kWh;-25412;0;0;0;25412;-25412
2024-01-13T19:45;2024-01-13T20:00;80;kWh;-16430;0;0;0;16430;-16430
2024-01-13T20:00;2024-01-13T20:15;81;kWh;-41155;0;0;0;41155;-41155
2024-01-13T20:15;2024-01-13T20:30;82;kWh;-30253;0;0;0;30253;-30253
2024-01-13T20:30;2024-01-13T20:45;83;kWh;-31065;0;0;0;31065;-31065
2024-01-13T20:45;2024-01-13T21:00;84;kWh;-14964;0;0;0;14964;-14964
2024-01-13T21:00;2024-01-13T21:15;85;kWh;-12036;0;0;0;12036;-12036
2024-01-13T21:15;2024-01-13T21:30;86;kWh;-2687;0;0;0;2687;-2687
2024-01-13T21:30;2024-01-13T21:45;87;kWh;0;0;0;0;0;0
2024-01-13T21:45;2024-01-13T22:00;88;kWh;0;0;0;0;0;0
2024-01-13T22:00;2024-01-13T22:15;89;kWh;0;0;0;0;0;0
2024-01-13T22:15;2024-01-13T22:30;90;kWh;0;0;0;0;0;0
2024-01-13T22:30;2024-01-13T22:45;91;kWh;0;1651;0;0;1651;1651
2024-01-13T22:45;2024-01-13T23:00;92;kWh;-31;418;0;0;449;387
2024-01-13T23:00;2024-01-13T23:15;93;kWh;-5710;0;0;0;5710;-5710
2024-01-13T23:15;2024-01-13T23:30;94;kWh;-4314;0;0;0;4314;-4314
2024-01-13T23:30;2024-01-13T23:45;95;kWh;-414;0;0;0;414;-414
2024-01-13T23:45;2024-01-14T00:00;96;kWh;-948;0;0;0;948;-948
2024-01-14T00:00;2024-01-14T00:15;1;kWh;-6835;0;0;0;6835;-6835
2024-01-14T00:15;2024-01-14T00:30;2;kWh;-6868;0;0;0;6868;-6868
2024-01-14T00:30;2024-01-14T00:45;3;kWh;-22904;0;0;0;22904;-22904
2024-01-14T00:45;2024-01-14T01:00;4;kWh;-47499;0;0;0;47499;-47499
2024-01-14T01:00;2024-01-14T01:15;5;kWh;-30370;0;0;0;30370;-30370
2024-01-14T01:15;2024-01-14T01:30;6;kWh;-4551;0;0;0;4551;-4551
2024-01-14T01:30;2024-01-14T01:45;7;kWh;-442;0;0;0;442;-442
2024-01-14T01:45;2024-01-14T02:00;8;kWh;0;0;0;0;0;0
2024-01-14T02:00;2024-01-14T02:15;9;kWh;0;6864;0;0;6864;6864
2024-01-14T02:15;2024-01-14T02:30;10;kWh;0;59;0;0;59;59
2024-01-14T02:30;2024-01-14T02:45;11;kWh;-9166;0;0;0;9166;-9166
2024-01-14T02:45;2024-01-14T03:00;12;kWh;-26579;0;0;0;26579;-26579
2024-01-14T03:00;2024-01-14T03:15;13;kWh;-18979;0;0;0;18979;-18979
2024-01-14T03:15;2024-01-14T03:30;14;kWh;-4471;0;0;0;4471;-4471
2024-01-14T03:30;2024-01-14T03:45;15;kWh;-7532;0;0;0;7532;-7532
2024-01-14T03:45;2024-01-14T04:00;16;kWh;-32455;0;0;0;32455;-32455
2024-01-14T04:00;2024-01-14T04:15;17;kWh;-9889;0;0;0;9889;-9889
2024-01-14T04:15;2024-01-14T04:30;18;kWh;0;0;0;0;0;0
2024-01-14T04:30;2024-01-14T04:45;19;kWh;0;0;0;0;0;0
2024-01-14T04:45;2024-01-14T05:00;20;kWh;0;0;0;0;0;0
2024-01-14T05:00;2024-01-14T05:15;21;kWh;0;0;0;0;0;0
2024-01-14T05:15;2024-01-14T05:30;22;kWh;0;1116;0;0;1116;1116
2024-01-14T05:30;2024-01-14T05:45;23;kWh;0;22912;0;0;22912;22912
2024-01-14T05:45;2024-01-14T06:00;24;kWh;0;23467;0;0;23467;23467
2024-01-14T06:00;2024-01-14T06:15;25;kWh;-1043;42;0;0;1085;-1001
2024-01-14T06:15;2024-01-14T06:30;26;kWh;-12504;0;0;0;12504;-12504
2024-01-14T06:30;2024-01-14T06:45;27;kWh;-4828;0;0;0;4828;-4828
2024-01-14T06:45;2024-01-14T07:00;28;kWh;0;264;0;0;264;264
2024-01-14T07:00;2024-01-14T07:15;29;kWh;-10094;0;0;0;10094;-10094
2024-01-14T07:15;2024-01-14T07:30;30;kWh;-8;0;0;0;8;-8
2024-01-14T07:30;2024-01-14T07:45;31;kWh;0;0;0;0;0;0
2024-01-14T07:45;2024-01-14T08:00;32;kWh;0;0;0;0;0;0
2024-01-14T08:00;2024-01-14T08:15;33;kWh;-46255;0;0;0;46255;-46255
2024-01-14T08:15;2024-01-14T08:30;34;kWh;-59848;0;0;0;59848;-59848
2024-01-14T08:30;2024-01-14T08:45;35;kWh;-46953;0;0;0;46953;-46953
2024-01-14T08:45;2024-01-14T09:00;36;kWh;-45757;0;0;0;45757;-45757
2024-01-14T09:00;2024-01-14T09:15;37;kWh;-45584;0;0;0;45584;-45584
2024-01-14T09:15;2024-01-14T09:30;38;kWh;-17625;0;0;0;17625;-17625
2024-01-14T09:30;2024-01-14T09:45;39;kWh;-41335;0;0;0;41335;-41335
2024-01-14T09:45;2024-01-14T10:00;40;kWh;-12878;0;0;0;12878;-12878
2024-01-14T10:00;2024-01-14T10:15;41;kWh;-1144;0;0;0;1144;-1144
2024-01-14T10:15;2024-01-14T10:30;42;kWh;0;0;0;0;0;0
2024-01-14T10:30;2024-01-14T10:45;43;kWh;0;0;0;0;0;0
2024-01-14T10:45;2024-01-14T11:00;44;kWh;-984;0;0;0;984;-984
2024-01-14T11:00;2024-01-14T11:15;45;kWh;-374;3314;0;0;3688;2940
2024-01-14T11:15;2024-01-14T11:30;46;kWh;0;4467;0;0;4467;4467
2024-01-14T11:30;2024-01-14T11:45;47;kWh;0;16349;0;0;16349;16349
2024-01-14T11:45;2024-01-14T12:00;48;kWh;0;18695;0;0;18695;18695
2024-01-14T12:00;2024-01-14T12:15;49;kWh;0;39478;0;0;39478;39478
2024-01-14T12:15;2024-01-14T12:30;50;kWh;0;10963;0;0;10963;10963
2024-01-14T12:30;2024-01-14T12:45;51;kWh;0;38552;0;0;38552;38552
2024-01-14T12:45;2024-01-14T13:00;52;kWh;0;63101;0;0;63101;63101
2024-01-14T13:00;2024-01-14T13:15;53;kWh;0;14699;0;0;14699;14699
2024-01-14T13:15;2024-01-14T13:30;54;kWh;0;3719;0;0;3719;3719
2024-01-14T13:30;2024-01-14T13:45;55;kWh;0;5822;0;0;5822;5822
2024-01-14T13:45;2024-01-14T14:00;56;kWh;0;5984;0;0;5984;5984
2024-01-14T14:00;2024-01-14T14:15;57;kWh;0;12391;0;0;12391;12391
2024-01-14T14:15;2024-01-14T14:30;58;kWh;0;7768;0;0;7768;7768
2024-01-14T14:30;2024-01-14T14:45;59;kWh;0;8390;0;0;8390;8390
2024-01-14T14:45;2024-01-14T15:00;60;kWh;0;7484;0;0;7484;7484
2024-01-14T15:00;2024-01-14T15:15;61;kWh;0;2946;0;0;2946;2946
2024-01-14T15:15;2024-01-14T15:30;62;kWh;0;2315;0;0;2315;2315
2024-01-14T15:30;2024-01-14T15:45;63;kWh;0;366;0;0;366;366
2024-01-14T15:45;2024-01-14T16:00;64;kWh;0;4706;0;0;4706;4706
2024-01-14T16:00;2024-01-14T16:15;65;kWh;-625;206;0;0;831;-419
2024-01-14T16:15;2024-01-14T16:30;66;kWh;-2453;0;0;0;2453;-2453
2024-01-14T16:30;2024-01-14T16:45;67;kWh;0;13034;0;0;13034;13034
2024-01-14T16:45;2024-01-14T17:00;68;kWh;0;13195;0;0;13195;13195
2024-01-14T17:00;2024-01-14T17:15;69;kWh;0;321;0;0;321;321
2024-01-14T17:15;2024-01-14T17:30;70;kWh;0;0;0;0;0;0
2024-01-14T17:30;2024-01-14T17:45;71;kWh;0;0;0;0;0;0
2024-01-14T17:45;2024-01-14T18:00;72;kWh;0;0;0;0;0;0
2024-01-14T18:00;2024-01-14T18:15;73;kWh;-7602;0;0;0;7602;-7602
2024-01-14T18:15;2024-01-14T18:30;74;kWh;0;96;0;0;96;96
2024-01-14T18:30;2024-01-14T18:45;75;kWh;0;458;0;0;458;458
2024-01-14T18:45;2024-01-14T19:00;76;kWh;-61;0;0;0;61;-61
2024-01-14T19:00;2024-01-14T19:15;77;kWh;0;0;0;0;0;0
2024-01-14T19:15;2024-01-14T19:30;78;kWh;0;0;0;0;0;0
2024-01-14T19:30;2024-01-14T19:45;79;kWh;0;660;0;0;660;660
2024-01-14T19:45;2024-01-14T20:00;80;kWh;0;0;0;0;0;0
2024-01-14T20:00;2024-01-14T20:15;81;kWh;0;11250;0;0;11250;11250
2024-01-14T20:15;2024-01-14T20:30;82;kWh;0;1080;0;0;1080;1080
2024-01-14T20:30;2024-01-14T20:45;83;kWh;0;7052;0;0;7052;7052
2024-01-14T20:45;2024-01-14T21:00;84;kWh;0;0;0;0;0;0
2024-01-14T21:00;2024-01-14T21:15;85;kWh;-131;0;0;0;131;-131
2024-01-14T21:15;2024-01-14T21:30;86;kWh;-10158;0;0;0;10158;-10158
2024-01-14T21:30;2024-01-14T21:45;87;kWh;-3906;324;0;0;4230;-3582
2024-01-14T21:45;2024-01-14T22:00;88;kWh;-75;0;0;0;75;-75
2024-01-14T22:00;2024-01-14T22:15;89;kWh;-690;43;0;0;733;-647
2024-01-14T22:15;2024-01-14T22:30;90;kWh;-1148;0;0;0;1148;-1148
2024-01-14T22:30;2024-01-14T22:45;91;kWh;0;1210;0;0;1210;1210
2024-01-14T22:45;2024-01-14T23:00;92;kWh;-13;0;0;0;13;-13
2024-01-14T23:00;2024-01-14T23:15;93;kWh;-190;0;0;0;190;-190
2024-01-14T23:15;2024-01-14T23:30;94;kWh;-1496;0;0;0;1496;-1496
2024-01-14T23:30;2024-01-14T23:45;95;kWh;0;0;0;0;0;0
2024-01-14T23:45;2024-01-15T00:00;96;kWh;0;0;0;0;0;0
2024-01-15T00:00;2024-01-15T00:15;1;kWh;0;8250;0;0;8250;8250
2024-01-15T00:15;2024-01-15T00:30;2;kWh;0;28273;0;0;28273;28273
2024-01-15T00:30;2024-01-15T00:45;3;kWh;0;15682;0;0;15682;15682
2024-01-15T00:45;2024-01-15T01:00;4;kWh;0;44;0;0;44;44
2024-01-15T01:00;2024-01-15T01:15;5;kWh;0;1647;0;0;1647;1647
2024-01-15T01:15;2024-01-15T01:30;6;kWh;-2284;60;0;0;2344;-2224
2024-01-15T01:30;2024-01-15T01:45;7;kWh;-5542;0;0;0;5542;-5542
2024-01-15T01:45;2024-01-15T02:00;8;kWh;-8706;0;0;0;8706;-8706
2024-01-15T02:00;2024-01-15T02:15;9;kWh;0;1533;0;0;1533;1533
2024-01-15T02:15;2024-01-15T02:30;10;kWh;0;751;0;0;751;751
2024-01-15T02:30;2024-01-15T02:45;11;kWh;0;0;0;0;0;0
2024-01-15T02:45;2024-01-15T03:00;12;kWh;0;0;0;0;0;0
2024-01-15T03:00;2024-01-15T03:15;13;kWh;0;3567;0;0;3567;3567
2024-01-15T03:15;2024-01-15T03:30;14;kWh;0;2761;0;0;2761;2761
2024-01-15T03:30;2024-01-15T03:45;15;kWh;0;1224;0;0;1224;1224
2024-01-15T03:45;2024-01-15T04:00;16;kWh;-10;0;0;0;10;-10
2024-01-15T04:00;2024-01-15T04:15;17;kWh;-1885;0;0;0;1885;-1885
2024-01-15T04:15;2024-01-15T04:30;18;kWh;0;1491;0;0;1491;1491
2024-01-15T04:30;2024-01-15T04:45;19;kWh;0;28091;0;0;28091;28091
2024-01-15T04:45;2024-01-15T05:00;20;kWh;0;41569;0;0;41569;41569
2024-01-15T05:00;2024-01-15T05:15;21;kWh;0;14003;0;0;14003;14003
2024-01-15T05:15;2024-01-15T05:30;22;kWh;0;24286;0;0;24286;24286
2024-01-15T05:30;2024-01-15T05:45;23;kWh;0;57492;0;0;57492;57492
2024-01-15T05:45;2024-01-15T06:00;24;kWh;0;13177;0;0;13177;13177
2024-01-15T06:00;2024-01-15T06:15;25;kWh;-3307;0;0;0;3307;-3307
2024-01-15T06:15;2024-01-15T06:30;26;kWh;0;14102;0;0;14102;14102
2024-01-15T06:30;2024-01-15T06:45;27;kWh;0;25466;0;0;25466;25466
2024-01-15T06:45;2024-01-15T07:00;28;kWh;0;282;0;0;282;282
2024-01-15T07:00;2024-01-15T07:15;29;kWh;0;8053;0;0;8053;8053
2024-01-15T07:15;2024-01-15T07:30;30;kWh;0;18445;0;0;18445;18445
2024-01-15T07:30;2024-01-15T07:45;31;kWh;0;32466;0;0;32466;32466
2024-01-15T07:45;2024-01-15T08:00;32;kWh;0;25474;0;0;25474;25474
2024-01-15T08:00;2024-01-15T08:15;33;kWh;0;52958;0;0;52958;52958
2024-01-15T08:15;2024-01-15T08:30;34;kWh;0;39135;0;0;39135;39135
2024-01-15T08:30;2024-01-15T08:45;35;kWh;0;14567;0;0;14567;14567
2024-01-15T08:45;2024-01-15T09:00;36;kWh;0;55370;0;0;55370;55370
2024-01-15T09:00;2024-01-15T09:15;37;kWh;0;29099;0;0;29099;29099
2024-01-15T09:15;2024-01-15T09:30;38;kWh;0;5380;0;0;5380;5380
2024-01-15T09:30;2024-01-15T09:45;39;kWh;0;3098;0;0;3098;3098
2024-01-15T09:45;2024-01-15T10:00;40;kWh;0;1243;0;0;1243;1243
2024-01-15T10:00;2024-01-15T10:15;41;kWh;0;26105;0;0;26105;26105
2024-01-15T10:15;2024-01-15T10:30;42;kWh;0;29151;0;0;29151;29151
2024-01-15T10:30;2024-01-15T10:45;43;kWh;0;10671;0;0;10671;10671
2024-01-15T10:45;2024-01-15T11:00;44;kWh;-557;0;0;0;557;-557
2024-01-15T11:00;2024-01-15T11:15;45;kWh;-1343;1;0;0;1344;-1342
2024-01-15T11:15;2024-01-15T11:30;46;kWh;0;5551;0;0;5551;5551
2024-01-15T11:30;2024-01-15T11:45;47;kWh;0;2264;0;0;2264;2264
2024-01-15T11:45;2024-01-15T12:00;48;kWh;0;0;0;0;0;0
2024-01-15T12:00;2024-01-15T12:15;49;kWh;0;19224;0;0;19224;19224
2024-01-15T12:15;2024-01-15T12:30;50;kWh;0;53108;0;0;53108;53108
2024-01-15T12:30;2024-01-15T12:45;51;kWh;0;52225;0;0;52225;52225
2024-01-15T12:45;2024-01-15T13:00;52;kWh;0;99605;0;0;99605;99605
2024-01-15T13:00;2024-01-15T13:15;53;kWh;0;80652;0;0;80652;80652
2024-01-15T13:15;2024-01-15T13:30;54;kWh;0;36472;0;0;36472;36472
2024-01-15T13:30;2024-01-15T13:45;55;kWh;0;55572;0;0;55572;55572
2024-01-15T13:45;2024-01-15T14:00;56;kWh;0;41487;0;0;41487;41487
2024-01-15T14:00;2024-01-15T14:15;57;kWh;-24;12;0;0;36;-12
2024-01-15T14:15;2024-01-15T14:30;58;kWh;-3261;0;0;0;3261;-3261
2024-01-15T14:30;2024-01-15T14:45;59;kWh;-8472;0;0;0;8472;-8472
2024-01-15T14:45;2024-01-15T15:00;60;kWh;-16398;0;0;0;16398;-16398
2024-01-15T15:00;2024-01-15T15:15;61;kWh;-25376;0;0;0;25376;-25376
2024-01-15T15:15;2024-01-15T15:30;62;kWh;-27908;0;0;0;27908;-27908
2024-01-15T15:30;2024-01-15T15:45;63;kWh;-35780;0;0;0;35780;-35780
2024-01-15T15:45;2024-01-15T16:00;64;kWh;-3967;0;0;0;3967;-3967
2024-01-15T16:00;2024-01-15T16:15;65;kWh;0;0;0;0;0;0
2024-01-15T16:15;2024-01-15T16:30;66;kWh;0;0;0;0;0;0
2024-01-15T16:30;2024-01-15T16:45;67;kWh;-763;0;0;0;763;-763
2024-01-15T16:45;2024-01-15T17:00;68;kWh;0;0;0;0;0;0
2024-01-15T17:00;2024-01-15T17:15;69;kWh;-1620;0;0;0;1620;-1620
2024-01-15T17:15;2024-01-15T17:30;70;kWh;0;9964;0;0;9964;9964
2024-01-15T17:30;2024-01-15T17:45;71;kWh;0;13830;0;0;13830;13830
2024-01-15T17:45;2024-01-15T18:00;72;kWh;0;35665;0;0;35665;35665
2024-01-15T18:00;2024-01-15T18:15;73;kWh;0;55107;0;0;55107;55107
2024-01-15T18:15;2024-01-15T18:30;74;kWh;0;57390;0;0;57390;57390
2024-01-15T18:30;2024-01-15T18:45;75;kWh;0;76429;0;0;76429;76429
2024-01-15T18:45;2024-01-15T19:00;76;kWh;0;72654;0;0;72654;72654
2024-01-15T19:00;2024-01-15T19:15;77;kWh;0;51463;0;0;51463;51463
2024-01-15T19:15;2024-01-15T19:30;78;kWh;0;73078;0;0;73078;73078
2024-01-15T19:30;2024-01-15T19:45;79;kWh;0;23793;0;0;23793;23793
2024-01-15T19:45;2024-01-15T20:00;80;kWh;0;11050;0;0;11050;11050
2024-01-15T20:00;2024-01-15T20:15;81;kWh;0;4110;0;0;4110;4110
2024-01-15T20:15;2024-01-15T20:30;82;kWh;0;24810;0;0;24810;24810
2024-01-15T20:30;2024-01-15T20:45;83;kWh;0;18889;0;0;18889;18889
2024-01-15T20:45;2024-01-15T21:00;84;kWh;0;3;0;0;3;3
2024-01-15T21:00;2024-01-15T21:15;85;kWh;0;52787;0;0;52787;52787
2024-01-15T21:15;2024-01-15T21:30;86;kWh;0;4890;0;0;4890;4890
2024-01-15T21:30;2024-01-15T21:45;87;kWh;0;12305;0;0;12305;12305
2024-01-15T21:45;2024-01-15T22:00;88;kWh;0;19301;0;0;19301;19301
2024-01-15T22:00;2024-01-15T22:15;89;kWh;0;48152;0;0;48152;48152
2024-01-15T22:15;2024-01-15T22:30;90;kWh;0;57674;0;0;57674;57674
2024-01-15T22:30;2024-01-15T22:45;91;kWh;0;36588;0;0;36588;36588
2024-01-15T22:45;2024-01-15T23:00;92;kWh;0;886;0;0;886;886
2024-01-15T23:00;2024-01-15T23:15;93;kWh;0;249;0;0;249;249
2024-01-15T23:15;2024-01-15T23:30;94;kWh;0;249;0;0;249;249
2024-01-15T23:30;2024-01-15T23:45;95;kWh;0;922;0;0;922;922
2024-01-15T23:45;2024-01-16T00:00;96;kWh;-11442;249;0;0;11691;-11193
2024-01-16T00:00;2024-01-16T00:15;1;kWh;-22612;1939;0;0;24551;-20673
2024-01-16T00:15;2024-01-16T00:30;2;kWh;0;3983;0;0;3983;3983
2024-01-16T00:30;2024-01-16T00:45;3;kWh;0;18090;0;0;18090;18090
2024-01-16T00:45;2024-01-16T01:00;4;kWh;0;1523;0;0;1523;1523
2024-01-16T01:00;2024-01-16T01:15;5;kWh;0;18062;0;0;18062;18062
2024-01-16T01:15;2024-01-16T01:30;6;kWh;0;13949;0;0;13949;13949
2024-01-16T01:30;2024-01-16T01:45;7;kWh;0;24516;0;0;24516;24516
2024-01-16T01:45;2024-01-16T02:00;8;kWh;0;9568;0;0;9568;9568
2024-01-16T02:00;2024-01-16T02:15;9;kWh;0;24069;0;0;24069;24069
2024-01-16T02:15;2024-01-16T02:30;10;kWh;0;43196;0;0;43196;43196
2024-01-16T02:30;2024-01-16T02:45;11;kWh;0;22758;0;0;22758;22758
2024-01-16T02:45;2024-01-16T03:00;12;kWh;0;57703;0;0;57703;57703
2024-01-16T03:00;2024-01-16T03:15;13;kWh;0;30005;0;0;30005;30005
2024-01-16T03:15;2024-01-16T03:30;14;kWh;0;5864;0;0;5864;5864
2024-01-16T03:30;2024-01-16T03:45;15;kWh;-9768;0;0;0;9768;-9768
2024-01-16T03:45;2024-01-16T04:00;16;kWh;-29826;0;0;0;29826;-29826
2024-01-16T04:00;2024-01-16T04:15;17;kWh;-21065;0;0;0;21065;-21065
2024-01-16T04:15;2024-01-16T04:30;18;kWh;0;0;0;0;0;0
2024-01-16T04:30;2024-01-16T04:45;19;kWh;0;4780;0;0;4780;4780
2024-01-16T04:45;2024-01-16T05:00;20;kWh;0;6519;0;0;6519;6519
2024-01-16T05:00;2024-01-16T05:15;21;kWh;-343;0;0;0;343;-343
2024-01-16T05:15;2024-01-16T05:30;22;kWh;-442;0;0;0;442;-442
2024-01-16T05:30;2024-01-16T05:45;23;kWh;-14588;0;0;0;14588;-14588
2024-01-16T05:45;2024-01-16T06:00;24;kWh;-28225;0;0;0;28225;-28225
2024-01-16T06:00;2024-01-16T06:15;25;kWh;-23342;70;0;0;23412;-23272
2024-01-16T06:15;2024-01-16T06:30;26;kWh;0;7976;0;0;7976;7976
2024-01-16T06:30;2024-01-16T06:45;27;kWh;0;55893;0;0;55893;55893
2024-01-16T06:45;2024-01-16T07:00;28;kWh;0;72349;0;0;72349;72349
2024-01-16T07:00;2024-01-16T07:15;29;kWh;0;37493;0;0;37493;37493
2024-01-16T07:15;2024-01-16T07:30;30;kWh;0;10023;0;0;10023;10023
2024-01-16T07:30;2024-01-16T07:45;31;kWh;0;18164;0;0;18164;18164
2024-01-16T07:45;2024-01-16T08:00;32;kWh;0;34779;0;0;34779;34779
2024-01-16T08:00;2024-01-16T08:15;33;kWh;-15406;3249;0;0;18655;-12157
2024-01-16T08:15;2024-01-16T08:30;34;kWh;-4642;0;0;0;4642;-4642
2024-01-16T08:30;2024-01-16T08:45;35;kWh;-9771;0;0;0;9771;-9771
2024-01-16T08:45;2024-01-16T09:00;36;kWh;-32919;0;0;0;32919;-32919
2024-01-16T09:00;2024-01-16T09:15;37;kWh;-4910;0;0;0;4910;-4910
2024-01-16T09:15;2024-01-16T09:30;38;kWh;0;1116;0;0;1116;1116
2024-01-16T09:30;2024-01-16T09:45;39;kWh;0;2523;0;0;2523;2523
2024-01-16T09:45;2024-01-16T10:00;40;kWh;0;0;0;0;0;0
2024-01-16T10:00;2024-01-16T10:15;41;kWh;0;28776;0;0;28776;28776
2024-01-16T10:15;2024-01-16T10:30;42;kWh;0;71865;0;0;71865;71865
2024-01-16T10:30;2024-01-16T10:45;43;kWh;0;80140;0;0;80140;80140
2024-01-16T10:45;2024-01-16T11:00;44;kWh;0;60302;0;0;60302;60302
2024-01-16T11:00;2024-01-16T11:15;45;kWh;0;49811;0;0;49811;49811
2024-01-16T11:15;2024-01-16T11:30;46;kWh;0;19841;0;0;19841;19841
2024-01-16T11:30;2024-01-16T11:45;47;kWh;0;270;0;0;270;270
2024-01-16T11:45;2024-01-16T12:00;48;kWh;-7079;0;0;0;7079;-7079
2024-01-16T12:00;2024-01-16T12:15;49;kWh;-67974;0;0;0;67974;-67974
2024-01-16T12:15;2024-01-16T12:30;50;kWh;-55950;0;0;0;55950;-55950
2024-01-16T12:30;2024-01-16T12:45;51;kWh;-50016;0;0;0;50016;-50016
2024-01-16T12:45;2024-01-16T13:00;52;kWh;-54036;0;0;0;54036;-54036
2024-01-16T13:00;2024-01-16T13:15;53;kWh;-6266;0;0;0;6266;-6266
2024-01-16T13:15;2024-01-16T13:30;54;kWh;0;0;0;0;0;0
2024-01-16T13:30;2024-01-16T13:45;55;kWh;0;1325;0;0;1325;1325
2024-01-16T13:45;2024-01-16T14:00;56;kWh;-1958;10;0;0;1968;-1948
2024-01-16T14:00;2024-01-16T14:15;57;kWh;-2586;0;0;0;2586;-2586
2024-01-16T14:15;2024-01-16T14:30;58;kWh;0;0;0;0;0;0
2024-01-16T14:30;2024-01-16T14:45;59;kWh;0;0;0;0;0;0
2024-01-16T14:45;2024-01-16T15:00;60;kWh;0;0;0;0;0;0
2024-01-16T15:00;2024-01-16T15:15;61;kWh;-222;0;0;0;222;-222
2024-01-16T15:15;2024-01-16T15:30;62;kWh;0;12903;0;0;12903;12903
2024-01-16T15:30;2024-01-16T15:45;63;kWh;0;32847;0;0;32847;32847
2024-01-16T15:45;2024-01-16T16:00;64;kWh;0;20581;0;0;20581;20581
2024-01-16T16:00;2024-01-16T16:15;65;kWh;0;6224;0;0;6224;6224
2024-01-16T16:15;2024-01-16T16:30;66;kWh;0;13957;0;0;13957;13957
2024-01-16T16:30;2024-01-16T16:45;67;kWh;-1995;7688;0;0;9683;5693
2024-01-16T16:45;2024-01-16T17:00;68;kWh;-1970;0;0;0;1970;-1970
2024-01-16T17:00;2024-01-16T17:15;69;kWh;-13232;0;0;0;13232;-13232
2024-01-16T17:15;2024-01-16T17:30;70;kWh;-18771;0;0;0;18771;-18771
2024-01-16T17:30;2024-01-16T17:45;71;kWh;-22246;0;0;0;22246;-22246
2024-01-16T17:45;2024-01-16T18:00;72;kWh;-9020;0;0;0;9020;-9020
2024-01-16T18:00;2024-01-16T18:15;73;kWh;-88875;0;0;0;88875;-88875
2024-01-16T18:15;2024-01-16T18:30;74;kWh;-75217;0;0;0;75217;-75217
2024-01-16T18:30;2024-01-16T18:45;75;kWh;-62848;0;0;0;62848;-62848
2024-01-16T18:45;2024-01-16T19:00;76;kWh;-55325;0;0;0;55325;-55325
2024-01-16T19:00;2024-01-16T19:15;77;kWh;-54444;0;0;0;54444;-54444
2024-01-16T19:15;2024-01-16T19:30;78;kWh;-75186;0;0;0;75186;-75186
2024-01-16T19:30;2024-01-16T19:45;79;kWh;-84299;0;0;0;84299;-84299
2024-01-16T19:45;2024-01-16T20:00;80;kWh;-54107;0;0;0;54107;-54107
2024-01-16T20:00;2024-01-16T20:15;81;kWh;-10670;1081;0;0;11751;-9589
2024-01-16T20:15;2024-01-16T20:30;82;kWh;-31089;86;0;0;31175;-31003
2024-01-16T20:30;2024-01-16T20:45;83;kWh;-78558;0;0;0;78558;-78558
2024-01-16T20:45;2024-01-16T21:00;84;kWh;-55491;0;0;0;55491;-55491
2024-01-16T21:00;2024-01-16T21:15;85;kWh;-68884;0;0;0;68884;-68884
2024-01-16T21:15;2024-01-16T21:30;86;kWh;-20824;0;0;0;20824;-20824
2024-01-16T21:30;2024-01-16T21:45;87;kWh;-10921;0;0;0;10921;-10921
2024-01-16T21:45;2024-01-16T22:00;88;kWh;-1965;0;0;0;1965;-1965
2024-01-16T22:00;2024-01-16T22:15;89;kWh;-1225;9559;0;0;10784;8334
2024-01-16T22:15;2024-01-16T22:30;90;kWh;-249;22927;0;0;23176;22678
2024-01-16T22:30;2024-01-16T22:45;91;kWh;-249;18314;0;0;18563;18065
2024-01-16T22:45;2024-01-16T23:00;92;kWh;-266;0;0;0;266;-266
2024-01-16T23:00;2024-01-16T23:15;93;kWh;-18278;0;0;0;18278;-18278
2024-01-16T23:15;2024-01-16T23:30;94;kWh;-27895;0;0;0;27895;-27895
2024-01-16T23:30;2024-01-16T23:45;95;kWh;-23010;0;0;0;23010;-23010
2024-01-16T23:45;2024-01-17T00:00;96;kWh;-46525;0;0;0;46525;-46525
2024-01-17T00:00;2024-01-17T00:15;1;kWh;-13316;6889;0;0;20205;-6427
2024-01-17T00:15;2024-01-17T00:30;2;kWh;0;46888;0;0;46888;46888
2024-01-17T00:30;2024-01-17T00:45;3;kWh;0;46665;0;0;46665;46665
2024-01-17T00:45;2024-01-17T01:00;4;kWh;0;5692;0;0;5692;5692
2024-01-17T01:00;2024-01-17T01:15;5;kWh;0;1943;0;0;1943;1943
2024-01-17T01:15;2024-01-17T01:30;6;kWh;0;4185;0;0;4185;4185
2024-01-17T01:30;2024-01-17T01:45;7;kWh;0;2270;0;0;2270;2270
2024-01-17T01:45;2024-01-17T02:00;8;kWh;-4110;0;0;0;4110;-4110
2024-01-17T02:00;2024-01-17T02:15;9;kWh;-3030;249;0;0;3279;-2781
2024-01-17T02:15;2024-01-17T02:30;10;kWh;-7692;0;0;0;7692;-7692
2024-01-17T02:30;2024-01-17T02:45;11;kWh;0;0;0;0;0;0
2024-01-17T02:45;2024-01-17T03:00;12;kWh;-1997;0;0;0;1997;-1997
2024-01-17T03:00;2024-01-17T03:15;13;kWh;-5591;454;0;0;6045;-5137
2024-01-17T03:15;2024-01-17T03:30;14;kWh;0;42;0;0;42;42
2024-01-17T03:30;2024-01-17T03:45;15;kWh;0;124;0;0;124;124
2024-01-17T03:45;2024-01-17T04:00;16;kWh;0;1504;0;0;1504;1504
2024-01-17T04:00;2024-01-17T04:15;17;kWh;0;12100;0;0;12100;12100
2024-01-17T04:15;2024-01-17T04:30;18;kWh;0;36548;0;0;36548;36548
2024-01-17T04:30;2024-01-17T04:45;19;kWh;0;28843;0;0;28843;28843
2024-01-17T04:45;2024-01-17T05:00;20;kWh;0;27067;0;0;27067;27067
2024-01-17T05:00;2024-01-17T05:15;21;kWh;0;934;0;0;934;934
2024-01-17T05:15;2024-01-17T05:30;22;kWh;0;5098;0;0;5098;5098
2024-01-17T05:30;2024-01-17T05:45;23;kWh;0;53332;0;0;53332;53332
2024-01-17T05:45;2024-01-17T06:00;24;kWh;0;22622;0;0;22622;22622
2024-01-17T06:00;2024-01-17T06:15;25;kWh;0;21204;0;0;21204;21204
2024-01-17T06:15;2024-01-17T06:30;26;kWh;0;18059;0;0;18059;18059
2024-01-17T06:30;2024-01-17T06:45;27;kWh;0;33128;0;0;33128;33128
2024-01-17T06:45;2024-01-17T07:00;28;kWh;0;21043;0;0;21043;21043
2024-01-17T07:00;2024-01-17T07:15;29;kWh;-10078;7;0;0;10085;-10071
2024-01-17T07:15;2024-01-17T07:30;30;kWh;-6958;0;0;0;6958;-6958
2024-01-17T07:30;2024-01-17T07:45;31;kWh;0;0;0;0;0;0
2024-01-17T07:45;2024-01-17T08:00;32;kWh;-13;0;0;0;13;-13
2024-01-17T08:00;2024-01-17T08:15;33;kWh;-51080;0;0;0;51080;-51080
2024-01-17T08:15;2024-01-17T08:30;34;kWh;-80354;0;0;0;80354;-80354
2024-01-17T08:30;2024-01-17T08:45;35;kWh;-35762;0;0;0;35762;-35762
2024-01-17T08:45;2024-01-17T09:00;36;kWh;-18721;0;0;0;18721;-18721
2024-01-17T09:00;2024-01-17T09:15;37;kWh;-14353;0;0;0;14353;-14353
2024-01-17T09:15;2024-01-17T09:30;38;kWh;-207;0;0;0;207;-207
2024-01-17T09:30;2024-01-17T09:45;39;kWh;0;8262;0;0;8262;8262
2024-01-17T09:45;2024-01-17T10:00;40;kWh;0;14715;0;0;14715;14715
2024-01-17T10:00;2024-01-17T10:15;41;kWh;0;32409;0;0;32409;32409
2024-01-17T10:15;2024-01-17T10:30;42;kWh;0;16529;0;0;16529;16529
2024-01-17T10:30;2024-01-17T10:45;43;kWh;0;14189;0;0;14189;14189
2024-01-17T10:45;2024-01-17T11:00;44;kWh;0;6157;0;0;6157;6157
2024-01-17T11:00;2024-01-17T11:15;45;kWh;0;16551;0;0;16551;16551
2024-01-17T11:15;2024-01-17T11:30;46;kWh;0;29178;0;0;29178;29178
2024-01-17T11:30;2024-01-17T11:45;47;kWh;0;28660;0;0;28660;28660
2024-01-17T11:45;2024-01-17T12:00;48;kWh;0;39128;0;0;39128;39128
2024-01-17T12:00;2024-01-17T12:15;49;kWh;0;13629;0;0;13629;13629
2024-01-17T12:15;2024-01-17T12:30;50;kWh;0;11871;0;0;11871;11871
2024-01-17T12:30;2024-01-17T12:45;51;kWh;0;4924;0;0;4924;4924
2024-01-17T12:45;2024-01-17T13:00;52;kWh;0;1166;0;0;1166;1166
2024-01-17T13:00;2024-01-17T13:15;53;kWh;0;7793;0;0;7793;7793
2024-01-17T13:15;2024-01-17T13:30;54;kWh;0;18491;0;0;18491;18491
2024-01-17T13:30;2024-01-17T13:45;55;kWh;0;22470;0;0;22470;22470
2024-01-17T13:45;2024-01-17T14:00;56;kWh;0;27079;0;0;27079;27079
2024-01-17T14:00;2024-01-17T14:15;57;kWh;0;52041;0;0;52041;52041
2024-01-17T14:15;2024-01-17T14:30;58;kWh;0;53359;0;0;53359;53359
2024-01-17T14:30;2024-01-17T14:45;59;kWh;0;55023;0;0;55023;55023
2024-01-17T14:45;2024-01-17T15:00;60;kWh;0;58953;0;0;58953;58953
2024-01-17T15:00;2024-01-17T15:15;61;kWh;0;4491;0;0;4491;4491
2024-01-17T15:15;2024-01-17T15:30;62;kWh;0;0;0;0;0;0
2024-01-17T15:30;2024-01-17T15:45;63;kWh;0;5589;0;0;5589;5589
2024-01-17T15:45;2024-01-17T16:00;64;kWh;0;16805;0;0;16805;16805
2024-01-17T16:00;2024-01-17T16:15;65;kWh;-2707;1081;0;0;3788;-1626
2024-01-17T16:15;2024-01-17T16:30;66;kWh;-2692;0;0;0;2692;-2692
2024-01-17T16:30;2024-01-17T16:45;67;kWh;0;0;0;0;0;0
2024-01-17T16:45;2024-01-17T17:00;68;kWh;0;0;0;0;0;0
2024-01-17T17:00;2024-01-17T17:15;69;kWh;0;0;0;0;0;0
2024-01-17T17:15;2024-01-17T17:30;70;kWh;0;0;0;0;0;0
2024-01-17T17:30;2024-01-17T17:45;71;kWh;0;0;0;0;0;0
2024-01-17T17:45;2024-01-17T18:00;72;kWh;0;5030;0;0;5030;5030
2024-01-17T18:00;2024-01-17T18:15;73;kWh;0;38141;0;0;38141;38141
2024-01-17T18:15;2024-01-17T18:30;74;kWh;0;2066;0;0;2066;2066
2024-01-17T18:30;2024-01-17T18:45;75;kWh;-405;0;0;0;405;-405
2024-01-17T18:45;2024-01-17T19:00;76;kWh;-1617;0;0;0;1617;-1617
2024-01-17T19:00;2024-01-17T19:15;77;kWh;-2559;0;0;0;2559;-2559
2024-01-17T19:15;2024-01-17T19:30;78;kWh;-7851;0;0;0;7851;-7851
2024-01-17T19:30;2024-01-17T19:45;79;kWh;-50495;0;0;0;50495;-50495
2024-01-17T19:45;2024-01-17T20:00;80;kWh;-88263;0;0;0;88263;-88263
2024-01-17T20:00;2024-01-17T20:15;81;kWh;-9999;0;0;0;9999;-9999
2024-01-17T20:15;2024-01-17T20:30;82;kWh;-5120;106;0;0;5226;-5014
2024-01-17T20:30;2024-01-17T20:45;83;kWh;-5164;0;0;0;5164;-5164
2024-01-17T20:45;2024-01-17T21:00;84;kWh;-33140;0;0;0;33140;-33140
2024-01-17T21:00;2024-01-17T21:15;85;kWh;-5759;0;0;0;5759;-5759
2024-01-17T21:15;2024-01-17T21:30;86;kWh;0;0;0;0;0;0
2024-01-17T21:30;2024-01-17T21:45;87;kWh;-7210;0;0;0;7210;-7210
2024-01-17T21:45;2024-01-17T22:00;88;kWh;-33130;0;0;0;33130;-33130
2024-01-17T22:00;2024-01-17T22:15;89;kWh;-18648;0;0;0;18648;-18648
2024-01-17T22:15;2024-01-17T22:30;90;kWh;-808;0;0;0;808;-808
2024-01-17T22:30;2024-01-17T22:45;91;kWh;0;0;0;0;0;0
2024-01-17T22:45;2024-01-17T23:00;92;kWh;0;0;0;0;0;0
2024-01-17T23:00;2024-01-17T23:15;93;kWh;0;0;0;0;0;0
2024-01-17T23:15;2024-01-17T23:30;94;kWh;-3;0;0;0;3;-3
2024-01-17T23:30;2024-01-17T23:45;95;kWh;-11046;0;0;0;11046;-11046
2024-01-17T23:45;2024-01-18T00:00;96;kWh;-52195;0;0;0;52195;-52195
2024-01-18T00:00;2024-01-18T00:15;1;kWh;-21647;0;0;0;21647;-21647
2024-01-18T00:15;2024-01-18T00:30;2;kWh;0;0;0;0;0;0
2024-01-18T00:30;2024-01-18T00:45;3;kWh;-4212;0;0;0;4212;-4212
2024-01-18T00:45;2024-01-18T01:00;4;kWh;-4858;0;0;0;4858;-4858
2024-01-18T01:00;2024-01-18T01:15;5;kWh;0;1347;0;0;1347;1347
2024-01-18T01:15;2024-01-18T01:30;6;kWh;0;0;0;0;0;0
2024-01-18T01:30;2024-01-18T01:45;7;kWh;0;0;0;0;0;0
2024-01-18T01:45;2024-01-18T02:00;8;kWh;0;0;0;0;0;0
2024-01-18T02:00;2024-01-18T02:15;9;kWh;0;12486;0;0;12486;12486
2024-01-18T02:15;2024-01-18T02:30;10;kWh;0;1097;0;0;1097;1097
2024-01-18T02:30;2024-01-18T02:45;11;kWh;-3004;0;0;0;3004;-3004
2024-01-18T02:45;2024-01-18T03:00;12;kWh;-13413;0;0;0;13413;-13413
2024-01-18T03:00;2024-01-18T03:15;13;kWh;-1099;504;0;0;1603;-595
2024-01-18T03:15;2024-01-18T03:30;14;kWh;-4754;528;0;0;5282;-4226
2024-01-18T03:30;2024-01-18T03:45;15;kWh;-17283;0;0;0;17283;-17283
2024-01-18T03:45;2024-01-18T04:00;16;kWh;-30644;0;0;0;30644;-30644
2024-01-18T04:00;2024-01-18T04:15;17;kWh;-302;4999;0;0;5301;4697
2024-01-18T04:15;2024-01-18T04:30;18;kWh;0;29713;0;0;29713;29713
2024-01-18T04:30;2024-01-18T04:45;19;kWh;0;45900;0;0;45900;45900
2024-01-18T04:45;2024-01-18T05:00;20;kWh;0;47681;0;0;47681;47681
2024-01-18T05:00;2024-01-18T05:15;21;kWh;0;5902;0;0;5902;5902
2024-01-18T05:15;2024-01-18T05:30;22;kWh;0;7941;0;0;7941;7941
2024-01-18T05:30;2024-01-18T05:45;23;kWh;0;23763;0;0;23763;23763
2024-01-18T05:45;2024-01-18T06:00;24;kWh;0;9025;0;0;9025;9025
2024-01-18T06:00;2024-01-18T06:15;25;kWh;-8933;1799;0;0;10732;-7134
2024-01-18T06:15;2024-01-18T06:30;26;kWh;0;13125;0;0;13125;13125
2024-01-18T06:30;2024-01-18T06:45;27;kWh;0;65774;0;0;65774;65774
2024-01-18T06:45;2024-01-18T07:00;28;kWh;0;22959;0;0;22959;22959
2024-01-18T07:00;2024-01-18T07:15;29;kWh;0;3360;0;0;3360;3360
2024-01-18T07:15;2024-01-18T07:30;30;kWh;0;0;0;0;0;0
2024-01-18T07:30;2024-01-18T07:45;31;kWh;0;27288;0;0;27288;27288
2024-01-18T07:45;2024-01-18T08:00;32;kWh;0;33576;0;0;33576;33576
2024-01-18T08:00;2024-01-18T08:15;33;kWh;-4;890;0;0;894;886
2024-01-18T08:15;2024-01-18T08:30;34;kWh;0;0;0;0;0;0
2024-01-18T08:30;2024-01-18T08:45;35;kWh;0;5330;0;0;5330;5330
2024-01-18T08:45;2024-01-18T09:00;36;kWh;0;41031;0;0;41031;41031
2024-01-18T09:00;2024-01-18T09:15;37;kWh;0;42050;0;0;42050;42050
2024-01-18T09:15;2024-01-18T09:30;38;kWh;0;29616;0;0;29616;29616
2024-01-18T09:30;2024-01-18T09:45;39;kWh;0;526;0;0;526;526
2024-01-18T09:45;2024-01-18T10:00;40;kWh;-9555;0;0;0;9555;-9555
2024-01-18T10:00;2024-01-18T10:15;41;kWh;-4773;94;0;0;4867;-4679
2024-01-18T10:15;2024-01-18T10:30;42;kWh;0;0;0;0;0;0
2024-01-18T10:30;2024-01-18T10:45;43;kWh;0;4752;0;0;4752;4752
2024-01-18T10:45;2024-01-18T11:00;44;kWh;0;16122;0;0;16122;16122
2024-01-18T11:00;2024-01-18T11:15;45;kWh;0;24260;0;0;24260;24260
2024-01-18T11:15;2024-01-18T11:30;46;kWh;0;32386;0;0;32386;32386
2024-01-18T11:30;2024-01-18T11:45;47;kWh;0;3648;0;0;3648;3648
2024-01-18T11:45;2024-01-18T12:00;48;kWh;-1860;0;0;0;1860;-1860
2024-01-18T12:00;2024-01-18T12:15;49;kWh;-2753;0;0;0;2753;-2753
2024-01-18T12:15;2024-01-18T12:30;50;kWh;0;0;0;0;0;0
2024-01-18T12:30;2024-01-18T12:45;51;kWh;-12551;0;0;0;12551;-12551
2024-01-18T12:45;2024-01-18T13:00;52;kWh;-38156;0;0;0;38156;-38156
2024-01-18T13:00;2024-01-18T13:15;53;kWh;-6027;0;0;0;6027;-6027
2024-01-18T13:15;2024-01-18T13:30;54;kWh;-5662;0;0;0;5662;-5662
2024-01-18T13:30;2024-01-18T13:45;55;kWh;-21040;0;0;0;21040;-21040
2024-01-18T13:45;2024-01-18T14:00;56;kWh;-2324;0;0;0;2324;-2324
2024-01-18T14:00;2024-01-18T14:15;57;kWh;0;0;0;0;0;0
2024-01-18T14:15;2024-01-18T14:30;58;kWh;0;0;0;0;0;0
2024-01-18T14:30;2024-01-18T14:45;59;kWh;0;689;0;0;689;689
2024-01-18T14:45;2024-01-18T15:00;60;kWh;0;28741;0;0;28741;28741
2024-01-18T15:00;2024-01-18T15:15;61;kWh;-533;3209;0;0;3742;2676
2024-01-18T15:15;2024-01-18T15:30;62;kWh;0;0;0;0;0;0
2024-01-18T15:30;2024-01-18T15:45;63;kWh;0;1293;0;0;1293;1293
2024-01-18T15:45;2024-01-18T16:00;64;kWh;0;19074;0;0;19074;19074
2024-01-18T16:00;2024-01-18T16:15;65;kWh;-9900;2999;0;0;12899;-6901
2024-01-18T16:15;2024-01-18T16:30;66;kWh;-19;0;0;0;19;-19
2024-01-18T16:30;2024-01-18T16:45;67;kWh;0;3734;0;0;3734;3734
2024-01-18T16:45;2024-01-18T17:00;68;kWh;0;22836;0;0;22836;22836
2024-01-18T17:00;2024-01-18T17:15;69;kWh;0;6807;0;0;6807;6807
2024-01-18T17:15;2024-01-18T17:30;70;kWh;0;21567;0;0;21567;21567
2024-01-18T17:30;2024-01-18T17:45;71;kWh;0;29892;0;0;29892;29892
2024-01-18T17:45;2024-01-18T18:00;72;kWh;0;20664;0;0;20664;20664
2024-01-18T18:00;2024-01-18T18:15;73;kWh;0;6474;0;0;6474;6474
2024-01-18T18:15;2024-01-18T18:30;74;kWh;0;21251;0;0;21251;21251
2024-01-18T18:30;2024-01-18T18:45;75;kWh;0;12390;0;0;12390;12390
2024-01-18T18:45;2024-01-18T19:00;76;kWh;0;1387;0;0;1387;1387
2024-01-18T19:00;2024-01-18T19:15;77;kWh;0;3143;0;0;3143;3143
2024-01-18T19:15;2024-01-18T19:30;78;kWh;0;13477;0;0;13477;13477
2024-01-18T19:30;2024-01-18T19:45;79;kWh;0;32371;0;0;32371;32371
2024-01-18T19:45;2024-01-18T20:00;80;kWh;0;825;0;0;825;825
2024-01-18T20:00;2024-01-18T20:15;81;kWh;-629;852;0;0;1481;223
2024-01-18T20:15;2024-01-18T20:30;82;kWh;-4206;0;0;0;4206;-4206
2024-01-18T20:30;2024-01-18T20:45;83;kWh;-4048;0;0;0;4048;-4048
2024-01-18T20:45;2024-01-18T21:00;84;kWh;-486;0;0;0;486;-486
2024-01-18T21:00;2024-01-18T21:15;85;kWh;-3380;0;0;0;3380;-3380
2024-01-18T21:15;2024-01-18T21:30;86;kWh;0;395;0;0;395;395
2024-01-18T21:30;2024-01-18T21:45;87;kWh;0;1615;0;0;1615;1615
2024-01-18T21:45;2024-01-18T22:00;88;kWh;0;15775;0;0;15775;15775
2024-01-18T22:00;2024-01-18T22:15;89;kWh;0;16780;0;0;16780;16780
2024-01-18T22:15;2024-01-18T22:30;90;kWh;0;38512;0;0;38512;38512
2024-01-18T22:30;2024-01-18T22:45;91;kWh;0;9966;0;0;9966;9966
2024-01-18T22:45;2024-01-18T23:00;92;kWh;-36;0;0;0;36;-36
2024-01-18T23:00;2024-01-18T23:15;93;kWh;-7533;0;0;0;7533;-7533
2024-01-18T23:15;2024-01-18T23:30;94;kWh;-81197;0;0;0;81197;-81197
2024-01-18T23:30;2024-01-18T23:45;95;kWh;-59506;0;0;0;59506;-59506
2024-01-18T23:45;2024-01-19T00:00;96;kWh;-50482;0;0;0;50482;-50482
2024-01-19T00:00;2024-01-19T00:15;1;kWh;-24652;5510;0;0;30162;-19142
2024-01-19T00:15;2024-01-19T00:30;2;kWh;-30094;5;0;0;30099;-30089
2024-01-19T00:30;2024-01-19T00:45;3;kWh;-56892;0;0;0;56892;-56892
2024-01-19T00:45;2024-01-19T01:00;4;kWh;-63992;0;0;0;63992;-63992
2024-01-19T01:00;2024-01-19T01:15;5;kWh;-10320;1232;0;0;11552;-9088
2024-01-19T01:15;2024-01-19T01:30;6;kWh;-249;861;0;0;1110;612
2024-01-19T01:30;2024-01-19T01:45;7;kWh;-2967;64;0;0;3031;-2903
2024-01-19T01:45;2024-01-19T02:00;8;kWh;-9616;0;0;0;9616;-9616
2024-01-19T02:00;2024-01-19T02:15;9;kWh;-8828;0;0;0;8828;-8828
2024-01-19T02:15;2024-01-19T02:30;10;kWh;-9385;0;0;0;9385;-9385
2024-01-19T02:30;2024-01-19T02:45;11;kWh;-422;843;0;0;1265;421
2024-01-19T02:45;2024-01-19T03:00;12;kWh;-249;15567;0;0;15816;15318
2024-01-19T03:00;2024-01-19T03:15;13;kWh;-249;32384;0;0;32633;32135
2024-01-19T03:15;2024-01-19T03:30;14;kWh;-249;28070;0;0;28319;27821
2024-01-19T03:30;2024-01-19T03:45;15;kWh;-249;25752;0;0;26001;25503
2024-01-19T03:45;2024-01-19T04:00;16;kWh;-249;24486;0;0;24735;24237
2024-01-19T04:00;2024-01-19T04:15;17;kWh;-249;22975;0;0;23224;22726
2024-01-19T04:15;2024-01-19T04:30;18;kWh;-11419;162;0;0;11581;-11257
2024-01-19T04:30;2024-01-19T04:45;19;kWh;-1547;4705;0;0;6252;3158
2024-01-19T04:45;2024-01-19T05:00;20;kWh;-249;26685;0;0;26934;26436
2024-01-19T05:00;2024-01-19T05:15;21;kWh;-249;55366;0;0;55615;55117
2024-01-19T05:15;2024-01-19T05:30;22;kWh;-249;22221;0;0;22470;21972
2024-01-19T05:30;2024-01-19T05:45;23;kWh;-249;41828;0;0;42077;41579
2024-01-19T05:45;2024-01-19T06:00;24;kWh;-249;62137;0;0;62386;61888
2024-01-19T06:00;2024-01-19T06:15;25;kWh;-249;6923;0;0;7172;6674
2024-01-19T06:15;2024-01-19T06:30;26;kWh;-249;3645;0;0;3894;3396
2024-01-19T06:30;2024-01-19T06:45;27;kWh;-638;1167;0;0;1805;529
2024-01-19T06:45;2024-01-19T07:00;28;kWh;-1810;372;0;0;2182;-1438
2024-01-19T07:00;2024-01-19T07:15;29;kWh;-1049;1062;0;0;2111;13
2024-01-19T07:15;2024-01-19T07:30;30;kWh;-10193;2758;0;0;12951;-7435
2024-01-19T07:30;2024-01-19T07:45;31;kWh;-1332;770;0;0;2102;-562
2024-01-19T07:45;2024-01-19T08:00;32;kWh;-249;33350;0;0;33599;33101
2024-01-19T08:00;2024-01-19T08:15;33;kWh;-249;12682;0;0;12931;12433
2024-01-19T08:15;2024-01-19T08:30;34;kWh;-249;20397;0;0;20646;20148
2024-01-19T08:30;2024-01-19T08:45;35;kWh;-249;6452;0;0;6701;6203
2024-01-19T08:45;2024-01-19T09:00;36;kWh;-249;9950;0;0;10199;9701
2024-01-19T09:00;2024-01-19T09:15;37;kWh;-249;18968;0;0;19217;18719
2024-01-19T09:15;2024-01-19T09:30;38;kWh;-249;24314;0;0;24563;24065
2024-01-19T09:30;2024-01-19T09:45;39;kWh;-249;25690;0;0;25939;25441
2024-01-19T09:45;2024-01-19T10:00;40;kWh;-249;334;0;0;583;85
2024-01-19T10:00;2024-01-19T10:15;41;kWh;-249;40278;0;0;40527;40029
2024-01-19T10:15;2024-01-19T10:30;42;kWh;-249;84;0;0;333;-165
2024-01-19T10:30;2024-01-19T10:45;43;kWh;-249;7906;0;0;8155;7657
2024-01-19T10:45;2024-01-19T11:00;44;kWh;-2322;0;0;0;2322;-2322
2024-01-19T11:00;2024-01-19T11:15;45;kWh;-24522;0;0;0;24522;-24522
2024-01-19T11:15;2024-01-19T11:30;46;kWh;-45899;0;0;0;45899;-45899
2024-01-19T11:30;2024-01-19T11:45;47;kWh;-29341;0;0;0;29341;-29341
2024-01-19T11:45;2024-01-19T12:00;48;kWh;-73427;0;0;0;73427;-73427
2024-01-19T12:00;2024-01-19T12:15;49;kWh;-23819;758;0;0;24577;-23061
2024-01-19T12:15;2024-01-19T12:30;50;kWh;-9767;0;0;0;9767;-9767
2024-01-19T12:30;2024-01-19T12:45;51;kWh;-50753;0;0;0;50753;-50753
2024-01-19T12:45;2024-01-19T13:00;52;kWh;-77845;0;0;0;77845;-77845
2024-01-19T13:00;2024-01-19T13:15;53;kWh;-16976;0;0;0;16976;-16976
2024-01-19T13:15;2024-01-19T13:30;54;kWh;-249;24313;0;0;24562;24064
2024-01-19T13:30;2024-01-19T13:45;55;kWh;-249;29954;0;0;30203;29705
2024-01-19T13:45;2024-01-19T14:00;56;kWh;-249;1762;0;0;2011;1513
2024-01-19T14:00;2024-01-19T14:15;57;kWh;-3886;0;0;0;3886;-3886
2024-01-19T14:15;2024-01-19T14:30;58;kWh;-27425;0;0;0;27425;-27425
2024-01-19T14:30;2024-01-19T14:45;59;kWh;-89561;0;0;0;89561;-89561
2024-01-19T14:45;2024-01-19T15:00;60;kWh;-69847;0;0;0;69847;-69847
2024-01-19T15:00;2024-01-19T15:15;61;kWh;-57199;0;0;0;57199;-57199
2024-01-19T15:15;2024-01-19T15:30;62;kWh;-28036;0;0;0;28036;-28036
2024-01-19T15:30;2024-01-19T15:45;63;kWh;-1212;579;0;0;1791;-633
2024-01-19T15:45;2024-01-19T16:00;64;kWh;-249;8110;0;0;8359;7861
2024-01-19T16:00;2024-01-19T16:15;65;kWh;-249;1607;0;0;1856;1358
2024-01-19T16:15;2024-01-19T16:30;66;kWh;-249;38308;0;0;38557;38059
2024-01-19T16:30;2024-01-19T16:45;67;kWh;-249;11499;0;0;11748;11250
2024-01-19T16:45;2024-01-19T17:00;68;kWh;-249;12231;0;0;12480;11982
2024-01-19T17:00;2024-01-19T17:15;69;kWh;-32307;2470;0;0;34777;-29837
2024-01-19T17:15;2024-01-19T17:30;70;kWh;-16709;0;0;0;16709;-16709
2024-01-19T17:30;2024-01-19T17:45;71;kWh;-813;0;0;0;813;-813
2024-01-19T17:45;2024-01-19T18:00;72;kWh;-334;0;0;0;334;-334
2024-01-19T18:00;2024-01-19T18:15;73;kWh;-1444;0;0;0;1444;-1444
2024-01-19T18:15;2024-01-19T18:30;74;kWh;-390;0;0;0;390;-390
2024-01-19T18:30;2024-01-19T18:45;75;kWh;-4289;0;0;0;4289;-4289
2024-01-19T18:45;2024-01-19T19:00;76;kWh;-13003;0;0;0;13003;-13003
2024-01-19T19:00;2024-01-19T19:15;77;kWh;-33418;0;0;0;33418;-33418
2024-01-19T19:15;2024-01-19T19:30;78;kWh;-40265;0;0;0;40265;-40265
2024-01-19T19:30;2024-01-19T19:45;79;kWh;-52582;0;0;0;52582;-52582
2024-01-19T19:45;2024-01-19T20:00;80;kWh;-56928;0;0;0;56928;-56928
2024-01-19T20:00;2024-01-19T20:15;81;kWh;-62051;0;0;0;62051;-62051
2024-01-19T20:15;2024-01-19T20:30;82;kWh;-22696;0;0;0;22696;-22696
2024-01-19T20:30;2024-01-19T20:45;83;kWh;-4967;0;0;0;4967;-4967
2024-01-19T20:45;2024-01-19T21:00;84;kWh;-4188;0;0;0;4188;-4188
2024-01-19T21:00;2024-01-19T21:15;85;kWh;-26659;11;0;0;26670;-26648
2024-01-19T21:15;2024-01-19T21:30;86;kWh;-249;5773;0;0;6022;5524
2024-01-19T21:30;2024-01-19T21:45;87;kWh;-249;0;0;0;249;-249
2024-01-19T21:45;2024-01-19T22:00;88;kWh;-256;0;0;0;256;-256
2024-01-19T22:00;2024-01-19T22:15;89;kWh;-3104;811;0;0;3915;-2293
2024-01-19T22:15;2024-01-19T22:30;90;kWh;-754;623;0;0;1377;-131
2024-01-19T22:30;2024-01-19T22:45;91;kWh;-7143;0;0;0;7143;-7143
2024-01-19T22:45;2024-01-19T23:00;92;kWh;-13680;0;0;0;13680;-13680
2024-01-19T23:00;2024-01-19T23:15;93;kWh;-673;793;0;0;1466;120
2024-01-19T23:15;2024-01-19T23:30;94;kWh;-249;5863;0;0;6112;5614
2024-01-19T23:30;2024-01-19T23:45;95;kWh;-553;1140;0;0;1693;587
2024-01-19T23:45;2024-01-20T00:00;96;kWh;-9426;0;0;0;9426;-9426
2024-01-20T00:00;2024-01-20T00:15;1;kWh;-779;0;0;0;779;-779
2024-01-20T00:15;2024-01-20T00:30;2;kWh;0;13099;0;0;13099;13099
2024-01-20T00:30;2024-01-20T00:45;3;kWh;0;4;0;0;4;4
2024-01-20T00:45;2024-01-20T01:00;4;kWh;-471;0;0;0;471;-471
2024-01-20T01:00;2024-01-20T01:15;5;kWh;-1486;0;0;0;1486;-1486
2024-01-20T01:15;2024-01-20T01:30;6;kWh;0;0;0;0;0;0
2024-01-20T01:30;2024-01-20T01:45;7;kWh;0;0;0;0;0;0
2024-01-20T01:45;2024-01-20T02:00;8;kWh;0;0;0;0;0;0
2024-01-20T02:00;2024-01-20T02:15;9;kWh;0;19086;0;0;19086;19086
2024-01-20T02:15;2024-01-20T02:30;10;kWh;0;9926;0;0;9926;9926
2024-01-20T02:30;2024-01-20T02:45;11;kWh;0;12723;0;0;12723;12723
2024-01-20T02:45;2024-01-20T03:00;12;kWh;0;5664;0;0;5664;5664
2024-01-20T03:00;2024-01-20T03:15;13;kWh;0;33948;0;0;33948;33948
2024-01-20T03:15;2024-01-20T03:30;14;kWh;0;34224;0;0;34224;34224
2024-01-20T03:30;2024-01-20T03:45;15;kWh;0;31363;0;0;31363;31363
2024-01-20T03:45;2024-01-20T04:00;16;kWh;0;38844;0;0;38844;38844
2024-01-20T04:00;2024-01-20T04:15;17;kWh;0;15170;0;0;15170;15170
2024-01-20T04:15;2024-01-20T04:30;18;kWh;0;20398;0;0;20398;20398
2024-01-20T04:30;2024-01-20T04:45;19;kWh;0;21666;0;0;21666;21666
2024-01-20T04:45;2024-01-20T05:00;20;kWh;0;26027;0;0;26027;26027
2024-01-20T05:00;2024-01-20T05:15;21;kWh;0;2245;0;0;2245;2245
2024-01-20T05:15;2024-01-20T05:30;22;kWh;0;250;0;0;250;250
2024-01-20T05:30;2024-01-20T05:45;23;kWh;0;915;0;0;915;915
2024-01-20T05:45;2024-01-20T06:00;24;kWh;0;14541;0;0;14541;14541
2024-01-20T06:00;2024-01-20T06:15;25;kWh;-3509;445;0;0;3954;-3064
2024-01-20T06:15;2024-01-20T06:30;26;kWh;0;1369;0;0;1369;1369
2024-01-20T06:30;2024-01-20T06:45;27;kWh;0;8892;0;0;8892;8892
2024-01-20T06:45;2024-01-20T07:00;28;kWh;0;5297;0;0;5297;5297
2024-01-20T07:00;2024-01-20T07:15;29;kWh;0;3426;0;0;3426;3426
2024-01-20T07:15;2024-01-20T07:30;30;kWh;0;1453;0;0;1453;1453
2024-01-20T07:30;2024-01-20T07:45;31;kWh;-214;0;0;0;214;-214
2024-01-20T07:45;2024-01-20T08:00;32;kWh;0;0;0;0;0;0
2024-01-20T08:00;2024-01-20T08:15;33;kWh;0;6340;0;0;6340;6340
2024-01-20T08:15;2024-01-20T08:30;34;kWh;0;5485;0;0;5485;5485
2024-01-20T08:30;2024-01-20T08:45;35;kWh;0;1026;0;0;1026;1026
2024-01-20T08:45;2024-01-20T09:00;36;kWh;0;2066;0;0;2066;2066
2024-01-20T09:00;2024-01-20T09:15;37;kWh;0;1038;0;0;1038;1038
2024-01-20T09:15;2024-01-20T09:30;38;kWh;0;0;0;0;0;0
2024-01-20T09:30;2024-01-20T09:45;39;kWh;0;2110;0;0;2110;2110
2024-01-20T09:45;2024-01-20T10:00;40;kWh;0;3045;0;0;3045;3045
2024-01-20T10:00;2024-01-20T10:15;41;kWh;0;33680;0;0;33680;33680
2024-01-20T10:15;2024-01-20T10:30;42;kWh;0;24118;0;0;24118;24118
2024-01-20T10:30;2024-01-20T10:45;43;kWh;-1;17258;0;0;17259;17257
2024-01-20T10:45;2024-01-20T11:00;44;kWh;-628;0;0;0;628;-628
2024-01-20T11:00;2024-01-20T11:15;45;kWh;0;4228;0;0;4228;4228
2024-01-20T11:15;2024-01-20T11:30;46;kWh;-5947;0;0;0;5947;-5947
2024-01-20T11:30;2024-01-20T11:45;47;kWh;-1257;0;0;0;1257;-1257
2024-01-20T11:45;2024-01-20T12:00;48;kWh;-444;0;0;0;444;-444
2024-01-20T12:00;2024-01-20T12:15;49;kWh;0;11025;0;0;11025;11025
2024-01-20T12:15;2024-01-20T12:30;50;kWh;-2649;759;0;0;3408;-1890
2024-01-20T12:30;2024-01-20T12:45;51;kWh;-12368;0;0;0;12368;-12368
2024-01-20T12:45;2024-01-20T13:00;52;kWh;-30763;0;0;0;30763;-30763
2024-01-20T13:00;2024-01-20T13:15;53;kWh;-42820;0;0;0;42820;-42820
2024-01-20T13:15;2024-01-20T13:30;54;kWh;-43986;0;0;0;43986;-43986
2024-01-20T13:30;2024-01-20T13:45;55;kWh;-28995;0;0;0;28995;-28995
2024-01-20T13:45;2024-01-20T14:00;56;kWh;-24432;1064;0;0;25496;-23368
2024-01-20T14:00;2024-01-20T14:15;57;kWh;-13875;0;0;0;13875;-13875
2024-01-20T14:15;2024-01-20T14:30;58;kWh;-26479;0;0;0;26479;-26479
2024-01-20T14:30;2024-01-20T14:45;59;kWh;-12361;0;0;0;12361;-12361
2024-01-20T14:45;2024-01-20T15:00;60;kWh;-146;1044;0;0;1190;898
2024-01-20T15:00;2024-01-20T15:15;61;kWh;0;16875;0;0;16875;16875
2024-01-20T15:15;2024-01-20T15:30;62;kWh;0;21020;0;0;21020;21020
2024-01-20T15:30;2024-01-20T15:45;63;kWh;0;50025;0;0;50025;50025
2024-01-20T15:45;2024-01-20T16:00;64;kWh;0;27249;0;0;27249;27249
2024-01-20T16:00;2024-01-20T16:15;65;kWh;0;25935;0;0;25935;25935
2024-01-20T16:15;2024-01-20T16:30;66;kWh;0;23244;0;0;23244;23244
2024-01-20T16:30;2024-01-20T16:45;67;kWh;0;28939;0;0;28939;28939
2024-01-20T16:45;2024-01-20T17:00;68;kWh;0;12573;0;0;12573;12573
2024-01-20T17:00;2024-01-20T17:15;69;kWh;-25270;0;0;0;25270;-25270
2024-01-20T17:15;2024-01-20T17:30;70;kWh;-4621;0;0;0;4621;-4621
2024-01-20T17:30;2024-01-20T17:45;71;kWh;-81;0;0;0;81;-81
2024-01-20T17:45;2024-01-20T18:00;72;kWh;0;0;0;0;0;0
2024-01-20T18:00;2024-01-20T18:15;73;kWh;-478;0;0;0;478;-478
2024-01-20T18:15;2024-01-20T18:30;74;kWh;-2527;0;0;0;2527;-2527
2024-01-20T18:30;2024-01-20T18:45;75;kWh;-24325;0;0;0;24325;-24325
2024-01-20T18:45;2024-01-20T19:00;76;kWh;-25941;0;0;0;25941;-25941
2024-01-20T19:00;2024-01-20T19:15;77;kWh;-18722;0;0;0;18722;-18722
2024-01-20T19:15;2024-01-20T19:30;78;kWh;-15901;0;0;0;15901;-15901
2024-01-20T19:30;2024-01-20T19:45;79;kWh;-12790;0;0;0;12790;-12790
2024-01-20T19:45;2024-01-20T20:00;80;kWh;-7891;0;0;0;7891;-7891
2024-01-20T20:00;2024-01-20T20:15;81;kWh;-7662;0;0;0;7662;-7662
2024-01-20T20:15;2024-01-20T20:30;82;kWh;-1479;357;0;0;1836;-1122
2024-01-20T20:30;2024-01-20T20:45;83;kWh;-4007;0;0;0;4007;-4007
2024-01-20T20:45;2024-01-20T21:00;84;kWh;-5341;0;0;0;5341;-5341
2024-01-20T21:00;2024-01-20T21:15;85;kWh;-1516;154;0;0;1670;-1362
2024-01-20T21:15;2024-01-20T21:30;86;kWh;-751;12;0;0;763;-739
2024-01-20T21:30;2024-01-20T21:45;87;kWh;-4214;0;0;0;4214;-4214
2024-01-20T21:45;2024-01-20T22:00;88;kWh;-2018;0;0;0;2018;-2018
2024-01-20T22:00;2024-01-20T22:15;89;kWh;-1781;0;0;0;1781;-1781
2024-01-20T22:15;2024-01-20T22:30;90;kWh;-263;0;0;0;263;-263
2024-01-20T22:30;2024-01-20T22:45;91;kWh;-244;0;0;0;244;-244
2024-01-20T22:45;2024-01-20T23:00;92;kWh;0;0;0;0;0;0
2024-01-20T23:00;2024-01-20T23:15;93;kWh;0;13663;0;0;13663;13663
2024-01-20T23:15;2024-01-20T23:30;94;kWh;0;1701;0;0;1701;1701
2024-01-20T23:30;2024-01-20T23:45;95;kWh;0;798;0;0;798;798
2024-01-20T23:45;2024-01-21T00:00;96;kWh;-289;0;0;0;289;-289
2024-01-21T00:00;2024-01-21T00:15;1;kWh;-523;10362;0;0;10885;9839
2024-01-21T00:15;2024-01-21T00:30;2;kWh;0;11578;0;0;11578;11578
2024-01-21T00:30;2024-01-21T00:45;3;kWh;0;0;0;0;0;0
2024-01-21T00:45;2024-01-21T01:00;4;kWh;0;0;0;0;0;0
2024-01-21T01:00;2024-01-21T01:15;5;kWh;0;1005;0;0;1005;1005
2024-01-21T01:15;2024-01-21T01:30;6;kWh;0;4768;0;0;4768;4768
2024-01-21T01:30;2024-01-21T01:45;7;kWh;0;0;0;0;0;0
2024-01-21T01:45;2024-01-21T02:00;8;kWh;-427;0;0;0;427;-427
2024-01-21T02:00;2024-01-21T02:15;9;kWh;-322;17689;0;0;18011;17367
2024-01-21T02:15;2024-01-21T02:30;10;kWh;0;4883;0;0;4883;4883
2024-01-21T02:30;2024-01-21T02:45;11;kWh;0;2367;0;0;2367;2367
2024-01-21T02:45;2024-01-21T03:00;12;kWh;0;1094;0;0;1094;1094
2024-01-21T03:00;2024-01-21T03:15;13;kWh;0;1366;0;0;1366;1366
2024-01-21T03:15;2024-01-21T03:30;14;kWh;0;646;0;0;646;646
2024-01-21T03:30;2024-01-21T03:45;15;kWh;0;0;0;0;0;0
2024-01-21T03:45;2024-01-21T04:00;16;kWh;0;0;0;0;0;0
2024-01-21T04:00;2024-01-21T04:15;17;kWh;0;0;0;0;0;0
2024-01-21T04:15;2024-01-21T04:30;18;kWh;-18;0;0;0;18;-18
2024-01-21T04:30;2024-01-21T04:45;19;kWh;-376;0;0;0;376;-376
2024-01-21T04:45;2024-01-21T05:00;20;kWh;-971;0;0;0;971;-971
2024-01-21T05:00;2024-01-21T05:15;21;kWh;-2128;1330;0;0;3458;-798
2024-01-21T05:15;2024-01-21T05:30;22;kWh;0;2;0;0;2;2
2024-01-21T05:30;2024-01-21T05:45;23;kWh;0;0;0;0;0;0
2024-01-21T05:45;2024-01-21T06:00;24;kWh;0;0;0;0;0;0
2024-01-21T06:00;2024-01-21T06:15;25;kWh;-406;815;0;0;1221;409
2024-01-21T06:15;2024-01-21T06:30;26;kWh;0;737;0;0;737;737
2024-01-21T06:30;2024-01-21T06:45;27;kWh;0;138;0;0;138;138
2024-01-21T06:45;2024-01-21T07:00;28;kWh;0;0;0;0;0;0
2024-01-21T07:00;2024-01-21T07:15;29;kWh;0;309;0;0;309;309
2024-01-21T07:15;2024-01-21T07:30;30;kWh;0;52;0;0;52;52
2024-01-21T07:30;2024-01-21T07:45;31;kWh;-3242;801;0;0;4043;-2441
2024-01-21T07:45;2024-01-21T08:00;32;kWh;-651;516;0;0;1167;-135
2024-01-21T08:00;2024-01-21T08:15;33;kWh;-163;1034;0;0;1197;871
2024-01-21T08:15;2024-01-21T08:30;34;kWh;0;145;0;0;145;145
2024-01-21T08:30;2024-01-21T08:45;35;kWh;-173;0;0;0;173;-173
2024-01-21T08:45;2024-01-21T09:00;36;kWh;-216;1039;0;0;1255;823
2024-01-21T09:00;2024-01-21T09:15;37;kWh;0;603;0;0;603;603
2024-01-21T09:15;2024-01-21T09:30;38;kWh;-198;0;0;0;198;-198
2024-01-21T09:30;2024-01-21T09:45;39;kWh;-1421;0;0;0;1421;-1421
2024-01-21T09:45;2024-01-21T10:00;40;kWh;-94;0;0;0;94;-94
2024-01-21T10:00;2024-01-21T10:15;41;kWh;-375;0;0;0;375;-375
2024-01-21T10:15;2024-01-21T10:30;42;kWh;0;0;0;0;0;0
2024-01-21T10:30;2024-01-21T10:45;43;kWh;0;0;0;0;0;0
2024-01-21T10:45;2024-01-21T11:00;44;kWh;0;0;0;0;0;0
2024-01-21T11:00;2024-01-21T11:15;45;kWh;0;0;0;0;0;0
2024-01-21T11:15;2024-01-21T11:30;46;kWh;0;12693;0;0;12693;12693
2024-01-21T11:30;2024-01-21T11:45;47;kWh;0;13007;0;0;13007;13007
2024-01-21T11:45;2024-01-21T12:00;48;kWh;0;9906;0;0;9906;9906
2024-01-21T12:00;2024-01-21T12:15;49;kWh;0;27552;0;0;27552;27552
2024-01-21T12:15;2024-01-21T12:30;50;kWh;0;23650;0;0;23650;23650
2024-01-21T12:30;2024-01-21T12:45;51;kWh;0;3109;0;0;3109;3109
2024-01-21T12:45;2024-01-21T13:00;52;kWh;0;838;0;0;838;838
2024-01-21T13:00;2024-01-21T13:15;53;kWh;0;2039;0;0;2039;2039
2024-01-21T13:15;2024-01-21T13:30;54;kWh;0;91;0;0;91;91
2024-01-21T13:30;2024-01-21T13:45;55;kWh;0;0;0;0;0;0
2024-01-21T13:45;2024-01-21T14:00;56;kWh;0;0;0;0;0;0
2024-01-21T14:00;2024-01-21T14:15;57;kWh;0;0;0;0;0;0
2024-01-21T14:15;2024-01-21T14:30;58;kWh;-1476;0;0;0;1476;-1476
2024-01-21T14:30;2024-01-21T14:45;59;kWh;-14;266;0;0;280;252
2024-01-21T14:45;2024-01-21T15:00;60;kWh;0;611;0;0;611;611
2024-01-21T15:00;2024-01-21T15:15;61;kWh;-1742;4069;0;0;5811;2327
2024-01-21T15:15;2024-01-21T15:30;62;kWh;-31;7591;0;0;7622;7560
2024-01-21T15:30;2024-01-21T15:45;63;kWh;-1821;5351;0;0;7172;3530
2024-01-21T15:45;2024-01-21T16:00;64;kWh;-164;2330;0;0;2494;2166
2024-01-21T16:00;2024-01-21T16:15;65;kWh;-11766;779;0;0;12545;-10987
2024-01-21T16:15;2024-01-21T16:30;66;kWh;-10766;280;0;0;11046;-10486
2024-01-21T16:30;2024-01-21T16:45;67;kWh;-5817;313;0;0;6130;-5504
2024-01-21T16:45;2024-01-21T17:00;68;kWh;-1687;1419;0;0;3106;-268
2024-01-21T17:00;2024-01-21T17:15;69;kWh;-7559;577;0;0;8136;-6982
2024-01-21T17:15;2024-01-21T17:30;70;kWh;-2271;7143;0;0;9414;4872
2024-01-21T17:30;2024-01-21T17:45;71;kWh;0;9436;0;0;9436;9436
2024-01-21T17:45;2024-01-21T18:00;72;kWh;0;123;0;0;123;123
2024-01-21T18:00;2024-01-21T18:15;73;kWh;-45;131;0;0;176;86
2024-01-21T18:15;2024-01-21T18:30;74;kWh;-3111;951;0;0;4062;-2160
2024-01-21T18:30;2024-01-21T18:45;75;kWh;-3932;765;0;0;4697;-3167
2024-01-21T18:45;2024-01-21T19:00;76;kWh;-4092;96;0;0;4188;-3996
2024-01-21T19:00;2024-01-21T19:15;77;kWh;-2348;0;0;0;2348;-2348
2024-01-21T19:15;2024-01-21T19:30;78;kWh;-2234;0;0;0;2234;-2234
2024-01-21T19:30;2024-01-21T19:45;79;kWh;-6489;0;0;0;6489;-6489
2024-01-21T19:45;2024-01-21T20:00;80;kWh;-3310;0;0;0;3310;-3310
2024-01-21T20:00;2024-01-21T20:15;81;kWh;-1372;0;0;0;1372;-1372
2024-01-21T20:15;2024-01-21T20:30;82;kWh;-14454;0;0;0;14454;-14454
2024-01-21T20:30;2024-01-21T20:45;83;kWh;-7262;0;0;0;7262;-7262
2024-01-21T20:45;2024-01-21T21:00;84;kWh;-5002;0;0;0;5002;-5002
2024-01-21T21:00;2024-01-21T21:15;85;kWh;-4463;0;0;0;4463;-4463
2024-01-21T21:15;2024-01-21T21:30;86;kWh;-8470;0;0;0;8470;-8470
2024-01-21T21:30;2024-01-21T21:45;87;kWh;-3835;0;0;0;3835;-3835
2024-01-21T21:45;2024-01-21T22:00;88;kWh;-1935;0;0;0;1935;-1935
2024-01-21T22:00;2024-01-21T22:15;89;kWh;-2574;0;0;0;2574;-2574
2024-01-21T22:15;2024-01-21T22:30;90;kWh;-4094;0;0;0;4094;-4094
2024-01-21T22:30;2024-01-21T22:45;91;kWh;0;0;0;0;0;0
2024-01-21T22:45;2024-01-21T23:00;92;kWh;0;929;0;0;929;929
2024-01-21T23:00;2024-01-21T23:15;93;kWh;0;0;0;0;0;0
2024-01-21T23:15;2024-01-21T23:30;94;kWh;0;0;0;0;0;0
2024-01-21T23:30;2024-01-21T23:45;95;kWh;0;0;0;0;0;0
2024-01-21T23:45;2024-01-22T00:00;96;kWh;-360;0;0;0;360;-360
2024-01-22T00:00;2024-01-22T00:15;1;kWh;-6171;2894;0;0;9065;-3277
2024-01-22T00:15;2024-01-22T00:30;2;kWh;-3616;0;0;0;3616;-3616
2024-01-22T00:30;2024-01-22T00:45;3;kWh;-6769;722;0;0;7491;-6047
2024-01-22T00:45;2024-01-22T01:00;4;kWh;-15184;263;0;0;15447;-14921
2024-01-22T01:00;2024-01-22T01:15;5;kWh;-33473;1225;0;0;34698;-32248
2024-01-22T01:15;2024-01-22T01:30;6;kWh;-32645;0;0;0;32645;-32645
2024-01-22T01:30;2024-01-22T01:45;7;kWh;-44110;0;0;0;44110;-44110
2024-01-22T01:45;2024-01-22T02:00;8;kWh;-34888;0;0;0;34888;-34888
2024-01-22T02:00;2024-01-22T02:15;9;kWh;-6056;0;0;0;6056;-6056
2024-01-22T02:15;2024-01-22T02:30;10;kWh;-7805;0;0;0;7805;-7805
2024-01-22T02:30;2024-01-22T02:45;11;kWh;-3632;0;0;0;3632;-3632
2024-01-22T02:45;2024-01-22T03:00;12;kWh;-3223;0;0;0;3223;-3223
2024-01-22T03:00;2024-01-22T03:15;13;kWh;-4063;0;0;0;4063;-4063
2024-01-22T03:15;2024-01-22T03:30;14;kWh;-3717;0;0;0;3717;-3717
2024-01-22T03:30;2024-01-22T03:45;15;kWh;-10249;0;0;0;10249;-10249
2024-01-22T03:45;2024-01-22T04:00;16;kWh;-8744;0;0;0;8744;-8744
2024-01-22T04:00;2024-01-22T04:15;17;kWh;-814;0;0;0;814;-814
2024-01-22T04:15;2024-01-22T04:30;18;kWh;-1784;0;0;0;1784;-1784
2024-01-22T04:30;2024-01-22T04:45;19;kWh;-1453;0;0;0;1453;-1453
2024-01-22T04:45;2024-01-22T05:00;20;kWh;-193;2413;0;0;2606;2220
2024-01-22T05:00;2024-01-22T05:15;21;kWh;0;10390;0;0;10390;10390
2024-01-22T05:15;2024-01-22T05:30;22;kWh;0;40335;0;0;40335;40335
2024-01-22T05:30;2024-01-22T05:45;23;kWh;0;14516;0;0;14516;14516
2024-01-22T05:45;2024-01-22T06:00;24;kWh;0;33348;0;0;33348;33348
2024-01-22T06:00;2024-01-22T06:15;25;kWh;0;29334;0;0;29334;29334
2024-01-22T06:15;2024-01-22T06:30;26;kWh;0;28487;0;0;28487;28487
2024-01-22T06:30;2024-01-22T06:45;27;kWh;0;30996;0;0;30996;30996
2024-01-22T06:45;2024-01-22T07:00;28;kWh;0;29796;0;0;29796;29796
2024-01-22T07:00;2024-01-22T07:15;29;kWh;-188;24032;0;0;24220;23844
2024-01-22T07:15;2024-01-22T07:30;30;kWh;0;27855;0;0;27855;27855
2024-01-22T07:30;2024-01-22T07:45;31;kWh;0;21409;0;0;21409;21409
2024-01-22T07:45;2024-01-22T08:00;32;kWh;0;24255;0;0;24255;24255
2024-01-22T08:00;2024-01-22T08:15;33;kWh;-3934;2654;0;0;6588;-1280
2024-01-22T08:15;2024-01-22T08:30;34;kWh;-610;0;0;0;610;-610
2024-01-22T08:30;2024-01-22T08:45;35;kWh;-109;0;0;0;109;-109
2024-01-22T08:45;2024-01-22T09:00;36;kWh;-12045;2198;0;0;14243;-9847
2024-01-22T09:00;2024-01-22T09:15;37;kWh;-11492;7059;0;0;18551;-4433
2024-01-22T09:15;2024-01-22T09:30;38;kWh;-14803;5419;0;0;20222;-9384
2024-01-22T09:30;2024-01-22T09:45;39;kWh;-10280;2516;0;0;12796;-7764
2024-01-22T09:45;2024-01-22T10:00;40;kWh;-7542;388;0;0;7930;-7154
2024-01-22T10:00;2024-01-22T10:15;41;kWh;-15;40197;0;0;40212;40182
2024-01-22T10:15;2024-01-22T10:30;42;kWh;-2933;23151;0;0;26084;20218
2024-01-22T10:30;2024-01-22T10:45;43;kWh;0;7766;0;0;7766;7766
2024-01-22T10:45;2024-01-22T11:00;44;kWh;-1872;0;0;0;1872;-1872
2024-01-22T11:00;2024-01-22T11:15;45;kWh;-248;23310;0;0;23558;23062
2024-01-22T11:15;2024-01-22T11:30;46;kWh;-5054;0;0;0;5054;-5054
2024-01-22T11:30;2024-01-22T11:45;47;kWh;-21683;0;0;0;21683;-21683
2024-01-22T11:45;2024-01-22T12:00;48;kWh;-32332;703;0;0;33035;-31629
2024-01-22T12:00;2024-01-22T12:15;49;kWh;-23036;0;0;0;23036;-23036
2024-01-22T12:15;2024-01-22T12:30;50;kWh;-20947;0;0;0;20947;-20947
2024-01-22T12:30;2024-01-22T12:45;51;kWh;-31262;0;0;0;31262;-31262
2024-01-22T12:45;2024-01-22T13:00;52;kWh;-44253;0;0;0;44253;-44253
2024-01-22T13:00;2024-01-22T13:15;53;kWh;-35979;0;0;0;35979;-35979
2024-01-22T13:15;2024-01-22T13:30;54;kWh;-27622;0;0;0;27622;-27622
2024-01-22T13:30;2024-01-22T13:45;55;kWh;-23419;0;0;0;23419;-23419
2024-01-22T13:45;2024-01-22T14:00;56;kWh;-23623;0;0;0;23623;-23623
2024-01-22T14:00;2024-01-22T14:15;57;kWh;-4920;0;0;0;4920;-4920
2024-01-22T14:15;2024-01-22T14:30;58;kWh;0;572;0;0;572;572
2024-01-22T14:30;2024-01-22T14:45;59;kWh;0;25701;0;0;25701;25701
2024-01-22T14:45;2024-01-22T15:00;60;kWh;0;10232;0;0;10232;10232
2024-01-22T15:00;2024-01-22T15:15;61;kWh;-7714;408;0;0;8122;-7306
2024-01-22T15:15;2024-01-22T15:30;62;kWh;0;0;0;0;0;0
2024-01-22T15:30;2024-01-22T15:45;63;kWh;0;0;0;0;0;0
2024-01-22T15:45;2024-01-22T16:00;64;kWh;0;1816;0;0;1816;1816
2024-01-22T16:00;2024-01-22T16:15;65;kWh;-605;2434;0;0;3039;1829
2024-01-22T16:15;2024-01-22T16:30;66;kWh;-4;2901;0;0;2905;2897
2024-01-22T16:30;2024-01-22T16:45;67;kWh;-9419;1118;0;0;10537;-8301
2024-01-22T16:45;2024-01-22T17:00;68;kWh;-426;3026;0;0;3452;2600
2024-01-22T17:00;2024-01-22T17:15;69;kWh;-8065;4455;0;0;12520;-3610
2024-01-22T17:15;2024-01-22T17:30;70;kWh;0;15342;0;0;15342;15342
2024-01-22T17:30;2024-01-22T17:45;71;kWh;0;42951;0;0;42951;42951
2024-01-22T17:45;2024-01-22T18:00;72;kWh;0;4458;0;0;4458;4458
2024-01-22T18:00;2024-01-22T18:15;73;kWh;0;7048;0;0;7048;7048
2024-01-22T18:15;2024-01-22T18:30;74;kWh;-136;253;0;0;389;117
2024-01-22T18:30;2024-01-22T18:45;75;kWh;-912;0;0;0;912;-912
2024-01-22T18:45;2024-01-22T19:00;76;kWh;-248;0;0;0;248;-248
2024-01-22T19:00;2024-01-22T19:15;77;kWh;-2;12390;0;0;12392;12388
2024-01-22T19:15;2024-01-22T19:30;78;kWh;-1;1876;0;0;1877;1875
2024-01-22T19:30;2024-01-22T19:45;79;kWh;-1831;31;0;0;1862;-1800
2024-01-22T19:45;2024-01-22T20:00;80;kWh;-2162;0;0;0;2162;-2162
2024-01-22T20:00;2024-01-22T20:15;81;kWh;-5974;14;0;0;5988;-5960
2024-01-22T20:15;2024-01-22T20:30;82;kWh;-3152;133;0;0;3285;-3019
2024-01-22T20:30;2024-01-22T20:45;83;kWh;0;0;0;0;0;0
2024-01-22T20:45;2024-01-22T21:00;84;kWh;0;0;0;0;0;0
2024-01-22T21:00;2024-01-22T21:15;85;kWh;-2928;11676;0;0;14604;8748
2024-01-22T21:15;2024-01-22T21:30;86;kWh;0;10187;0;0;10187;10187
2024-01-22T21:30;2024-01-22T21:45;87;kWh;0;0;0;0;0;0
2024-01-22T21:45;2024-01-22T22:00;88;kWh;0;0;0;0;0;0
2024-01-22T22:00;2024-01-22T22:15;89;kWh;0;7980;0;0;7980;7980
2024-01-22T22:15;2024-01-22T22:30;90;kWh;0;461;0;0;461;461
2024-01-22T22:30;2024-01-22T22:45;91;kWh;0;0;0;0;0;0
2024-01-22T22:45;2024-01-22T23:00;92;kWh;-678;0;0;0;678;-678
2024-01-22T23:00;2024-01-22T23:15;93;kWh;-1951;0;0;0;1951;-1951
2024-01-22T23:15;2024-01-22T23:30;94;kWh;0;0;0;0;0;0
2024-01-22T23:30;2024-01-22T23:45;95;kWh;0;0;0;0;0;0
2024-01-22T23:45;2024-01-23T00:00;96;kWh;-5032;0;0;0;5032;-5032
2024-01-23T00:00;2024-01-23T00:15;1;kWh;-14894;0;0;0;14894;-14894
2024-01-23T00:15;2024-01-23T00:30;2;kWh;-22007;0;0;0;22007;-22007
2024-01-23T00:30;2024-01-23T00:45;3;kWh;-35816;0;0;0;35816;-35816
2024-01-23T00:45;2024-01-23T01:00;4;kWh;-37013;0;0;0;37013;-37013
2024-01-23T01:00;2024-01-23T01:15;5;kWh;-33494;0;0;0;33494;-33494
2024-01-23T01:15;2024-01-23T01:30;6;kWh;-27588;0;0;0;27588;-27588
2024-01-23T01:30;2024-01-23T01:45;7;kWh;-27057;0;0;0;27057;-27057
2024-01-23T01:45;2024-01-23T02:00;8;kWh;-24310;0;0;0;24310;-24310
2024-01-23T02:00;2024-01-23T02:15;9;kWh;-2304;0;0;0;2304;-2304
2024-01-23T02:15;2024-01-23T02:30;10;kWh;-249;0;0;0;249;-249
2024-01-23T02:30;2024-01-23T02:45;11;kWh;-11153;0;0;0;11153;-11153
2024-01-23T02:45;2024-01-23T03:00;12;kWh;-25446;0;0;0;25446;-25446
2024-01-23T03:00;2024-01-23T03:15;13;kWh;-36723;0;0;0;36723;-36723
2024-01-23T03:15;2024-01-23T03:30;14;kWh;-32559;0;0;0;32559;-32559
2024-01-23T03:30;2024-01-23T03:45;15;kWh;-39155;0;0;0;39155;-39155
2024-01-23T03:45;2024-01-23T04:00;16;kWh;-30755;0;0;0;30755;-30755
2024-01-23T04:00;2024-01-23T04:15;17;kWh;-28528;0;0;0;28528;-28528
2024-01-23T04:15;2024-01-23T04:30;18;kWh;-25222;0;0;0;25222;-25222
2024-01-23T04:30;2024-01-23T04:45;19;kWh;-25655;0;0;0;25655;-25655
2024-01-23T04:45;2024-01-23T05:00;20;kWh;-19392;0;0;0;19392;-19392
2024-01-23T05:00;2024-01-23T05:15;21;kWh;-16261;0;0;0;16261;-16261
2024-01-23T05:15;2024-01-23T05:30;22;kWh;-22030;0;0;0;22030;-22030
2024-01-23T05:30;2024-01-23T05:45;23;kWh;-675;0;0;0;675;-675
2024-01-23T05:45;2024-01-23T06:00;24;kWh;-15191;0;0;0;15191;-15191
2024-01-23T06:00;2024-01-23T06:15;25;kWh;-28019;494;0;0;28513;-27525
2024-01-23T06:15;2024-01-23T06:30;26;kWh;-10413;0;0;0;10413;-10413
2024-01-23T06:30;2024-01-23T06:45;27;kWh;-1118;0;0;0;1118;-1118
2024-01-23T06:45;2024-01-23T07:00;28;kWh;-2175;0;0;0;2175;-2175
2024-01-23T07:00;2024-01-23T07:15;29;kWh;-7;0;0;0;7;-7
2024-01-23T07:15;2024-01-23T07:30;30;kWh;0;7859;0;0;7859;7859
2024-01-23T07:30;2024-01-23T07:45;31;kWh;0;16887;0;0;16887;16887
2024-01-23T07:45;2024-01-23T08:00;32;kWh;0;25630;0;0;25630;25630
2024-01-23T08:00;2024-01-23T08:15;33;kWh;0;24849;0;0;24849;24849
2024-01-23T08:15;2024-01-23T08:30;34;kWh;0;3225;0;0;3225;3225
2024-01-23T08:30;2024-01-23T08:45;35;kWh;0;5528;0;0;5528;5528
2024-01-23T08:45;2024-01-23T09:00;36;kWh;0;129;0;0;129;129
2024-01-23T09:00;2024-01-23T09:15;37;kWh;-14987;0;0;0;14987;-14987
2024-01-23T09:15;2024-01-23T09:30;38;kWh;-54765;0;0;0;54765;-54765
2024-01-23T09:30;2024-01-23T09:45;39;kWh;-44913;0;0;0;44913;-44913
2024-01-23T09:45;2024-01-23T10:00;40;kWh;-41968;0;0;0;41968;-41968
2024-01-23T10:00;2024-01-23T10:15;41;kWh;-44961;0;0;0;44961;-44961
2024-01-23T10:15;2024-01-23T10:30;42;kWh;-30705;0;0;0;30705;-30705
2024-01-23T10:30;2024-01-23T10:45;43;kWh;-62606;0;0;0;62606;-62606
2024-01-23T10:45;2024-01-23T11:00;44;kWh;-76094;0;0;0;76094;-76094
2024-01-23T11:00;2024-01-23T11:15;45;kWh;-54062;0;0;0;54062;-54062
2024-01-23T11:15;2024-01-23T11:30;46;kWh;-54108;0;0;0;54108;-54108
2024-01-23T11:30;2024-01-23T11:45;47;kWh;-65394;0;0;0;65394;-65394
2024-01-23T11:45;2024-01-23T12:00;48;kWh;-56130;0;0;0;56130;-56130
2024-01-23T12:00;2024-01-23T12:15;49;kWh;-21520;0;0;0;21520;-21520
2024-01-23T12:15;2024-01-23T12:30;50;kWh;-39381;0;0;0;39381;-39381
2024-01-23T12:30;2024-01-23T12:45;51;kWh;-22385;0;0;0;22385;-22385
2024-01-23T12:45;2024-01-23T13:00;52;kWh;-50327;0;0;0;50327;-50327
2024-01-23T13:00;2024-01-23T13:15;53;kWh;-49870;0;0;0;49870;-49870
2024-01-23T13:15;2024-01-23T13:30;54;kWh;-27081;445;0;0;27526;-26636
2024-01-23T13:30;2024-01-23T13:45;55;kWh;-22555;0;0;0;22555;-22555
2024-01-23T13:45;2024-01-23T14:00;56;kWh;-54;0;0;0;54;-54
2024-01-23T14:00;2024-01-23T14:15;57;kWh;0;13644;0;0;13644;13644
2024-01-23T14:15;2024-01-23T14:30;58;kWh;0;19218;0;0;19218;19218
2024-01-23T14:30;2024-01-23T14:45;59;kWh;0;22028;0;0;22028;22028
2024-01-23T14:45;2024-01-23T15:00;60;kWh;0;41136;0;0;41136;41136
2024-01-23T15:00;2024-01-23T15:15;61;kWh;-695;7733;0;0;8428;7038
2024-01-23T15:15;2024-01-23T15:30;62;kWh;-220;0;0;0;220;-220
2024-01-23T15:30;2024-01-23T15:45;63;kWh;0;0;0;0;0;0
2024-01-23T15:45;2024-01-23T16:00;64;kWh;-8656;0;0;0;8656;-8656
2024-01-23T16:00;2024-01-23T16:15;65;kWh;-42787;0;0;0;42787;-42787
2024-01-23T16:15;2024-01-23T16:30;66;kWh;-24781;0;0;0;24781;-24781
2024-01-23T16:30;2024-01-23T16:45;67;kWh;-35812;0;0;0;35812;-35812
2024-01-23T16:45;2024-01-23T17:00;68;kWh;-40162;0;0;0;40162;-40162
2024-01-23T17:00;2024-01-23T17:15;69;kWh;-803;0;0;0;803;-803
2024-01-23T17:15;2024-01-23T17:30;70;kWh;0;0;0;0;0;0
2024-01-23T17:30;2024-01-23T17:45;71;kWh;0;0;0;0;0;0
2024-01-23T17:45;2024-01-23T18:00;72;kWh;0;0;0;0;0;0
2024-01-23T18:00;2024-01-23T18:15;73;kWh;-762;6327;0;0;7089;5565
2024-01-23T18:15;2024-01-23T18:30;74;kWh;-4513;0;0;0;4513;-4513
2024-01-23T18:30;2024-01-23T18:45;75;kWh;-2517;0;0;0;2517;-2517
2024-01-23T18:45;2024-01-23T19:00;76;kWh;-2181;0;0;0;2181;-2181
2024-01-23T19:00;2024-01-23T19:15;77;kWh;-653;1927;0;0;2580;1274
2024-01-23T19:15;2024-01-23T19:30;78;kWh;0;2007;0;0;2007;2007
2024-01-23T19:30;2024-01-23T19:45;79;kWh;0;0;0;0;0;0
2024-01-23T19:45;2024-01-23T20:00;80;kWh;-32;6;0;0;38;-26
2024-01-23T20:00;2024-01-23T20:15;81;kWh;-8862;0;0;0;8862;-8862
2024-01-23T20:15;2024-01-23T20:30;82;kWh;-9878;123;0;0;10001;-9755
2024-01-23T20:30;2024-01-23T20:45;83;kWh;-12540;0;0;0;12540;-12540
2024-01-23T20:45;2024-01-23T21:00;84;kWh;-32279;0;0;0;32279;-32279
2024-01-23T21:00;2024-01-23T21:15;85;kWh;-12016;2526;0;0;14542;-9490
2024-01-23T21:15;2024-01-23T21:30;86;kWh;-4203;310;0;0;4513;-3893
2024-01-23T21:30;2024-01-23T21:45;87;kWh;-30029;0;0;0;30029;-30029
2024-01-23T21:45;2024-01-23T22:00;88;kWh;-8820;0;0;0;8820;-8820
2024-01-23T22:00;2024-01-23T22:15;89;kWh;0;30042;0;0;30042;30042
2024-01-23T22:15;2024-01-23T22:30;90;kWh;0;42725;0;0;42725;42725
2024-01-23T22:30;2024-01-23T22:45;91;kWh;0;17020;0;0;17020;17020
2024-01-23T22:45;2024-01-23T23:00;92;kWh;-149;0;0;0;149;-149
2024-01-23T23:00;2024-01-23T23:15;93;kWh;-28214;0;0;0;28214;-28214
2024-01-23T23:15;2024-01-23T23:30;94;kWh;-15124;0;0;0;15124;-15124
2024-01-23T23:30;2024-01-23T23:45;95;kWh;-3079;0;0;0;3079;-3079
2024-01-23T23:45;2024-01-24T00:00;96;kWh;-8158;0;0;0;8158;-8158
2024-01-24T00:00;2024-01-24T00:15;1;kWh;-6083;32171;0;0;38254;26088
2024-01-24T00:15;2024-01-24T00:30;2;kWh;-656;46680;0;0;47336;46024
2024-01-24T00:30;2024-01-24T00:45;3;kWh;-5297;27350;0;0;32647;22053
2024-01-24T00:45;2024-01-24T01:00;4;kWh;0;39300;0;0;39300;39300
2024-01-24T01:00;2024-01-24T01:15;5;kWh;0;55616;0;0;55616;55616
2024-01-24T01:15;2024-01-24T01:30;6;kWh;-11;10401;0;0;10412;10390
2024-01-24T01:30;2024-01-24T01:45;7;kWh;0;77296;0;0;77296;77296
2024-01-24T01:45;2024-01-24T02:00;8;kWh;0;80791;0;0;80791;80791
2024-01-24T02:00;2024-01-24T02:15;9;kWh;0;5159;0;0;5159;5159
2024-01-24T02:15;2024-01-24T02:30;10;kWh;-524;0;0;0;524;-524
2024-01-24T02:30;2024-01-24T02:45;11;kWh;-5536;5702;0;0;11238;166
2024-01-24T02:45;2024-01-24T03:00;12;kWh;-3627;304;0;0;3931;-3323
2024-01-24T03:00;2024-01-24T03:15;13;kWh;-23360;439;0;0;23799;-22921
2024-01-24T03:15;2024-01-24T03:30;14;kWh;-21027;2702;0;0;23729;-18325
2024-01-24T03:30;2024-01-24T03:45;15;kWh;-16306;0;0;0;16306;-16306
2024-01-24T03:45;2024-01-24T04:00;16;kWh;-22872;0;0;0;22872;-22872
2024-01-24T04:00;2024-01-24T04:15;17;kWh;-12962;0;0;0;12962;-12962
2024-01-24T04:15;2024-01-24T04:30;18;kWh;-7033;0;0;0;7033;-7033
2024-01-24T04:30;2024-01-24T04:45;19;kWh;-7497;0;0;0;7497;-7497
2024-01-24T04:45;2024-01-24T05:00;20;kWh;-10808;78;0;0;10886;-10730
2024-01-24T05:00;2024-01-24T05:15;21;kWh;-25432;319;0;0;25751;-25113
2024-01-24T05:15;2024-01-24T05:30;22;kWh;-17286;0;0;0;17286;-17286
2024-01-24T05:30;2024-01-24T05:45;23;kWh;-14677;327;0;0;15004;-14350
2024-01-24T05:45;2024-01-24T06:00;24;kWh;0;2647;0;0;2647;2647
2024-01-24T06:00;2024-01-24T06:15;25;kWh;0;44;0;0;44;44
2024-01-24T06:15;2024-01-24T06:30;26;kWh;0;1046;0;0;1046;1046
2024-01-24T06:30;2024-01-24T06:45;27;kWh;0;741;0;0;741;741
2024-01-24T06:45;2024-01-24T07:00;28;kWh;0;145;0;0;145;145
2024-01-24T07:00;2024-01-24T07:15;29;kWh;-13737;0;0;0;13737;-13737
2024-01-24T07:15;2024-01-24T07:30;30;kWh;-11187;4086;0;0;15273;-7101
2024-01-24T07:30;2024-01-24T07:45;31;kWh;-104;8446;0;0;8550;8342
2024-01-24T07:45;2024-01-24T08:00;32;kWh;0;57971;0;0;57971;57971
2024-01-24T08:00;2024-01-24T08:15;33;kWh;-7574;5475;0;0;13049;-2099
2024-01-24T08:15;2024-01-24T08:30;34;kWh;-91;16711;0;0;16802;16620
2024-01-24T08:30;2024-01-24T08:45;35;kWh;-1166;22717;0;0;23883;21551
2024-01-24T08:45;2024-01-24T09:00;36;kWh;-5956;22557;0;0;28513;16601
2024-01-24T09:00;2024-01-24T09:15;37;kWh;-2819;34591;0;0;37410;31772
2024-01-24T09:15;2024-01-24T09:30;38;kWh;0;24838;0;0;24838;24838
2024-01-24T09:30;2024-01-24T09:45;39;kWh;-8262;3237;0;0;11499;-5025
2024-01-24T09:45;2024-01-24T10:00;40;kWh;-20294;5836;0;0;26130;-14458
2024-01-24T10:00;2024-01-24T10:15;41;kWh;-14130;16076;0;0;30206;1946
2024-01-24T10:15;2024-01-24T10:30;42;kWh;-20427;1;0;0;20428;-20426
2024-01-24T10:30;2024-01-24T10:45;43;kWh;-18619;0;0;0;18619;-18619
2024-01-24T10:45;2024-01-24T11:00;44;kWh;-20888;0;0;0;20888;-20888
2024-01-24T11:00;2024-01-24T11:15;45;kWh;-18086;2074;0;0;20160;-16012
2024-01-24T11:15;2024-01-24T11:30;46;kWh;-28809;964;0;0;29773;-27845
2024-01-24T11:30;2024-01-24T11:45;47;kWh;-13605;0;0;0;13605;-13605
2024-01-24T11:45;2024-01-24T12:00;48;kWh;-3938;0;0;0;3938;-3938
2024-01-24T12:00;2024-01-24T12:15;49;kWh;-4646;49168;0;0;53814;44522
2024-01-24T12:15;2024-01-24T12:30;50;kWh;-4971;17148;0;0;22119;12177
2024-01-24T12:30;2024-01-24T12:45;51;kWh;-3113;0;0;0;3113;-3113
2024-01-24T12:45;2024-01-24T13:00;52;kWh;-7182;0;0;0;7182;-7182
2024-01-24T13:00;2024-01-24T13:15;53;kWh;0;0;0;0;0;0
2024-01-24T13:15;2024-01-24T13:30;54;kWh;0;13652;0;0;13652;13652
2024-01-24T13:30;2024-01-24T13:45;55;kWh;0;27746;0;0;27746;27746
2024-01-24T13:45;2024-01-24T14:00;56;kWh;-1586;95;0;0;1681;-1491
2024-01-24T14:00;2024-01-24T14:15;57;kWh;-12407;707;0;0;13114;-11700
2024-01-24T14:15;2024-01-24T14:30;58;kWh;-12382;1805;0;0;14187;-10577
2024-01-24T14:30;2024-01-24T14:45;59;kWh;-8126;1609;0;0;9735;-6517
2024-01-24T14:45;2024-01-24T15:00;60;kWh;-5322;3212;0;0;8534;-2110
2024-01-24T15:00;2024-01-24T15:15;61;kWh;0;1257;0;0;1257;1257
2024-01-24T15:15;2024-01-24T15:30;62;kWh;0;3980;0;0;3980;3980
2024-01-24T15:30;2024-01-24T15:45;63;kWh;0;1228;0;0;1228;1228
2024-01-24T15:45;2024-01-24T16:00;64;kWh;-8557;662;0;0;9219;-7895
2024-01-24T16:00;2024-01-24T16:15;65;kWh;-17898;0;0;0;17898;-17898
2024-01-24T16:15;2024-01-24T16:30;66;kWh;-13911;0;0;0;13911;-13911
2024-01-24T16:30;2024-01-24T16:45;67;kWh;-10025;2702;0;0;12727;-7323
2024-01-24T16:45;2024-01-24T17:00;68;kWh;-9381;2057;0;0;11438;-7324
2024-01-24T17:00;2024-01-24T17:15;69;kWh;-627;2390;0;0;3017;1763
2024-01-24T17:15;2024-01-24T17:30;70;kWh;-334;1156;0;0;1490;822
2024-01-24T17:30;2024-01-24T17:45;71;kWh;0;6217;0;0;6217;6217
2024-01-24T17:45;2024-01-24T18:00;72;kWh;0;12400;0;0;12400;12400
2024-01-24T18:00;2024-01-24T18:15;73;kWh;0;60987;0;0;60987;60987
2024-01-24T18:15;2024-01-24T18:30;74;kWh;0;57405;0;0;57405;57405
2024-01-24T18:30;2024-01-24T18:45;75;kWh;0;11158;0;0;11158;11158
2024-01-24T18:45;2024-01-24T19:00;76;kWh;0;15516;0;0;15516;15516
2024-01-24T19:00;2024-01-24T19:15;77;kWh;0;37779;0;0;37779;37779
2024-01-24T19:15;2024-01-24T19:30;78;kWh;0;29191;0;0;29191;29191
2024-01-24T19:30;2024-01-24T19:45;79;kWh;0;5038;0;0;5038;5038
2024-01-24T19:45;2024-01-24T20:00;80;kWh;-499;0;0;0;499;-499
2024-01-24T20:00;2024-01-24T20:15;81;kWh;-18185;0;0;0;18185;-18185
2024-01-24T20:15;2024-01-24T20:30;82;kWh;-13774;0;0;0;13774;-13774
2024-01-24T20:30;2024-01-24T20:45;83;kWh;-14574;0;0;0;14574;-14574
2024-01-24T20:45;2024-01-24T21:00;84;kWh;-9066;0;0;0;9066;-9066
2024-01-24T21:00;2024-01-24T21:15;85;kWh;0;0;0;0;0;0
2024-01-24T21:15;2024-01-24T21:30;86;kWh;0;0;0;0;0;0
2024-01-24T21:30;2024-01-24T21:45;87;kWh;0;0;0;0;0;0
2024-01-24T21:45;2024-01-24T22:00;88;kWh;-4642;0;0;0;4642;-4642
2024-01-24T22:00;2024-01-24T22:15;89;kWh;-11026;0;0;0;11026;-11026
2024-01-24T22:15;2024-01-24T22:30;90;kWh;-898;0;0;0;898;-898
2024-01-24T22:30;2024-01-24T22:45;91;kWh;-18414;0;0;0;18414;-18414
2024-01-24T22:45;2024-01-24T23:00;92;kWh;-19624;0;0;0;19624;-19624
2024-01-24T23:00;2024-01-24T23:15;93;kWh;-18359;0;0;0;18359;-18359
2024-01-24T23:15;2024-01-24T23:30;94;kWh;-16553;0;0;0;16553;-16553
2024-01-24T23:30;2024-01-24T23:45;95;kWh;-18358;0;0;0;18358;-18358
2024-01-24T23:45;2024-01-25T00:00;96;kWh;-10259;0;0;0;10259;-10259
2024-01-25T00:00;2024-01-25T00:15;1;kWh;-16572;0;0;0;16572;-16572
2024-01-25T00:15;2024-01-25T00:30;2;kWh;-4950;0;0;0;4950;-4950
2024-01-25T00:30;2024-01-25T00:45;3;kWh;-23320;0;0;0;23320;-23320
2024-01-25T00:45;2024-01-25T01:00;4;kWh;-42410;0;0;0;42410;-42410
2024-01-25T01:00;2024-01-25T01:15;5;kWh;-18395;0;0;0;18395;-18395
2024-01-25T01:15;2024-01-25T01:30;6;kWh;-12051;0;0;0;12051;-12051
2024-01-25T01:30;2024-01-25T01:45;7;kWh;-18994;0;0;0;18994;-18994
2024-01-25T01:45;2024-01-25T02:00;8;kWh;-23767;0;0;0;23767;-23767
2024-01-25T02:00;2024-01-25T02:15;9;kWh;-11521;0;0;0;11521;-11521
2024-01-25T02:15;2024-01-25T02:30;10;kWh;-16091;0;0;0;16091;-16091
2024-01-25T02:30;2024-01-25T02:45;11;kWh;-18635;0;0;0;18635;-18635
2024-01-25T02:45;2024-01-25T03:00;12;kWh;-26235;0;0;0;26235;-26235
2024-01-25T03:00;2024-01-25T03:15;13;kWh;-48378;0;0;0;48378;-48378
2024-01-25T03:15;2024-01-25T03:30;14;kWh;-60630;0;0;0;60630;-60630
2024-01-25T03:30;2024-01-25T03:45;15;kWh;-63471;0;0;0;63471;-63471
2024-01-25T03:45;2024-01-25T04:00;16;kWh;-48476;0;0;0;48476;-48476
2024-01-25T04:00;2024-01-25T04:15;17;kWh;-9959;0;0;0;9959;-9959
2024-01-25T04:15;2024-01-25T04:30;18;kWh;-8752;0;0;0;8752;-8752
2024-01-25T04:30;2024-01-25T04:45;19;kWh;-8852;0;0;0;8852;-8852
2024-01-25T04:45;2024-01-25T05:00;20;kWh;-8852;0;0;0;8852;-8852
2024-01-25T05:00;2024-01-25T05:15;21;kWh;-52388;0;0;0;52388;-52388
2024-01-25T05:15;2024-01-25T05:30;22;kWh;-48865;0;0;0;48865;-48865
2024-01-25T05:30;2024-01-25T05:45;23;kWh;-25780;0;0;0;25780;-25780
2024-01-25T05:45;2024-01-25T06:00;24;kWh;-1235;0;0;0;1235;-1235
2024-01-25T06:00;2024-01-25T06:15;25;kWh;-54023;0;0;0;54023;-54023
2024-01-25T06:15;2024-01-25T06:30;26;kWh;-46029;0;0;0;46029;-46029
2024-01-25T06:30;2024-01-25T06:45;27;kWh;-11832;0;0;0;11832;-11832
2024-01-25T06:45;2024-01-25T07:00;28;kWh;0;0;0;0;0;0
2024-01-25T07:00;2024-01-25T07:15;29;kWh;0;0;0;0;0;0
2024-01-25T07:15;2024-01-25T07:30;30;kWh;0;0;0;0;0;0
2024-01-25T07:30;2024-01-25T07:45;31;kWh;0;0;0;0;0;0
2024-01-25T07:45;2024-01-25T08:00;32;kWh;-1876;0;0;0;1876;-1876
2024-01-25T08:00;2024-01-25T08:15;33;kWh;-2326;0;0;0;2326;-2326
2024-01-25T08:15;2024-01-25T08:30;34;kWh;-7322;0;0;0;7322;-7322
2024-01-25T08:30;2024-01-25T08:45;35;kWh;-16466;0;0;0;16466;-16466
2024-01-25T08:45;2024-01-25T09:00;36;kWh;-45854;0;0;0;45854;-45854
2024-01-25T09:00;2024-01-25T09:15;37;kWh;-31876;0;0;0;31876;-31876
2024-01-25T09:15;2024-01-25T09:30;38;kWh;-37839;0;0;0;37839;-37839
2024-01-25T09:30;2024-01-25T09:45;39;kWh;-44729;0;0;0;44729;-44729
2024-01-25T09:45;2024-01-25T10:00;40;kWh;-57894;0;0;0;57894;-57894
2024-01-25T10:00;2024-01-25T10:15;41;kWh;-22278;0;0;0;22278;-22278
2024-01-25T10:15;2024-01-25T10:30;42;kWh;-9641;0;0;0;9641;-9641
2024-01-25T10:30;2024-01-25T10:45;43;kWh;-5658;0;0;0;5658;-5658
2024-01-25T10:45;2024-01-25T11:00;44;kWh;-1949;0;0;0;1949;-1949
2024-01-25T11:00;2024-01-25T11:15;45;kWh;-6492;0;0;0;6492;-6492
2024-01-25T11:15;2024-01-25T11:30;46;kWh;-6033;0;0;0;6033;-6033
2024-01-25T11:30;2024-01-25T11:45;47;kWh;-8092;0;0;0;8092;-8092
2024-01-25T11:45;2024-01-25T12:00;48;kWh;-7352;0;0;0;7352;-7352
2024-01-25T12:00;2024-01-25T12:15;49;kWh;-57168;0;0;0;57168;-57168
2024-01-25T12:15;2024-01-25T12:30;50;kWh;-56938;0;0;0;56938;-56938
2024-01-25T12:30;2024-01-25T12:45;51;kWh;-45735;0;0;0;45735;-45735
2024-01-25T12:45;2024-01-25T13:00;52;kWh;-43594;0;0;0;43594;-43594
2024-01-25T13:00;2024-01-25T13:15;53;kWh;-45705;0;0;0;45705;-45705
2024-01-25T13:15;2024-01-25T13:30;54;kWh;-54177;0;0;0;54177;-54177
2024-01-25T13:30;2024-01-25T13:45;55;kWh;-70090;0;0;0;70090;-70090
2024-01-25T13:45;2024-01-25T14:00;56;kWh;-64244;0;0;0;64244;-64244
2024-01-25T14:00;2024-01-25T14:15;57;kWh;-27284;0;0;0;27284;-27284
2024-01-25T14:15;2024-01-25T14:30;58;kWh;-13;4583;0;0;4596;4570
2024-01-25T14:30;2024-01-25T14:45;59;kWh;0;48710;0;0;48710;48710
2024-01-25T14:45;2024-01-25T15:00;60;kWh;0;27325;0;0;27325;27325
2024-01-25T15:00;2024-01-25T15:15;61;kWh;-5168;218;0;0;5386;-4950
2024-01-25T15:15;2024-01-25T15:30;62;kWh;-12781;0;0;0;12781;-12781
2024-01-25T15:30;2024-01-25T15:45;63;kWh;-36482;0;0;0;36482;-36482
2024-01-25T15:45;2024-01-25T16:00;64;kWh;-16879;0;0;0;16879;-16879
2024-01-25T16:00;2024-01-25T16:15;65;kWh;-464;1194;0;0;1658;730
2024-01-25T16:15;2024-01-25T16:30;66;kWh;-2744;2451;0;0;5195;-293
2024-01-25T16:30;2024-01-25T16:45;67;kWh;-23216;0;0;0;23216;-23216
2024-01-25T16:45;2024-01-25T17:00;68;kWh;-21780;0;0;0;21780;-21780
2024-01-25T17:00;2024-01-25T17:15;69;kWh;-23167;0;0;0;23167;-23167
2024-01-25T17:15;2024-01-25T17:30;70;kWh;-20456;0;0;0;20456;-20456
2024-01-25T17:30;2024-01-25T17:45;71;kWh;-6400;0;0;0;6400;-6400
2024-01-25T17:45;2024-01-25T18:00;72;kWh;-9879;0;0;0;9879;-9879
2024-01-25T18:00;2024-01-25T18:15;73;kWh;-34567;0;0;0;34567;-34567
2024-01-25T18:15;2024-01-25T18:30;74;kWh;-16847;0;0;0;16847;-16847
2024-01-25T18:30;2024-01-25T18:45;75;kWh;-10022;0;0;0;10022;-10022
2024-01-25T18:45;2024-01-25T19:00;76;kWh;-2823;0;0;0;2823;-2823
2024-01-25T19:00;2024-01-25T19:15;77;kWh;-10;1061;0;0;1071;1051
2024-01-25T19:15;2024-01-25T19:30;78;kWh;0;15641;0;0;15641;15641
2024-01-25T19:30;2024-01-25T19:45;79;kWh;0;4011;0;0;4011;4011
2024-01-25T19:45;2024-01-25T20:00;80;kWh;0;1470;0;0;1470;1470
2024-01-25T20:00;2024-01-25T20:15;81;kWh;0;0;0;0;0;0
2024-01-25T20:15;2024-01-25T20:30;82;kWh;0;0;0;0;0;0
2024-01-25T20:30;2024-01-25T20:45;83;kWh;-368;0;0;0;368;-368
2024-01-25T20:45;2024-01-25T21:00;84;kWh;-2754;0;0;0;2754;-2754
2024-01-25T21:00;2024-01-25T21:15;85;kWh;0;10;0;0;10;10
2024-01-25T21:15;2024-01-25T21:30;86;kWh;0;5196;0;0;5196;5196
2024-01-25T21:30;2024-01-25T21:45;87;kWh;0;6806;0;0;6806;6806
2024-01-25T21:45;2024-01-25T22:00;88;kWh;0;0;0;0;0;0
2024-01-25T22:00;2024-01-25T22:15;89;kWh;0;3003;0;0;3003;3003
2024-01-25T22:15;2024-01-25T22:30;90;kWh;0;7908;0;0;7908;7908
2024-01-25T22:30;2024-01-25T22:45;91;kWh;0;5493;0;0;5493;5493
2024-01-25T22:45;2024-01-25T23:00;92;kWh;-15796;0;0;0;15796;-15796
2024-01-25T23:00;2024-01-25T23:15;93;kWh;-23954;0;0;0;23954;-23954
2024-01-25T23:15;2024-01-25T23:30;94;kWh;-11475;0;0;0;11475;-11475
2024-01-25T23:30;2024-01-25T23:45;95;kWh;-16270;0;0;0;16270;-16270
2024-01-25T23:45;2024-01-26T00:00;96;kWh;-15787;0;0;0;15787;-15787
2024-01-26T00:00;2024-01-26T00:15;1;kWh;-21293;1202;0;0;22495;-20091
2024-01-26T00:15;2024-01-26T00:30;2;kWh;-32439;0;0;0;32439;-32439
2024-01-26T00:30;2024-01-26T00:45;3;kWh;-17332;0;0;0;17332;-17332
2024-01-26T00:45;2024-01-26T01:00;4;kWh;-18376;0;0;0;18376;-18376
2024-01-26T01:00;2024-01-26T01:15;5;kWh;-11352;0;0;0;11352;-11352
2024-01-26T01:15;2024-01-26T01:30;6;kWh;-249;0;0;0;249;-249
2024-01-26T01:30;2024-01-26T01:45;7;kWh;-304;0;0;0;304;-304
2024-01-26T01:45;2024-01-26T02:00;8;kWh;-8411;0;0;0;8411;-8411
2024-01-26T02:00;2024-01-26T02:15;9;kWh;-1553;1401;0;0;2954;-152
2024-01-26T02:15;2024-01-26T02:30;10;kWh;-249;2442;0;0;2691;2193
2024-01-26T02:30;2024-01-26T02:45;11;kWh;-249;0;0;0;249;-249
2024-01-26T02:45;2024-01-26T03:00;12;kWh;-249;0;0;0;249;-249
2024-01-26T03:00;2024-01-26T03:15;13;kWh;-249;14877;0;0;15126;14628
2024-01-26T03:15;2024-01-26T03:30;14;kWh;-249;1959;0;0;2208;1710
2024-01-26T03:30;2024-01-26T03:45;15;kWh;-289;0;0;0;289;-289
2024-01-26T03:45;2024-01-26T04:00;16;kWh;-17926;0;0;0;17926;-17926
2024-01-26T04:00;2024-01-26T04:15;17;kWh;-16328;0;0;0;16328;-16328
2024-01-26T04:15;2024-01-26T04:30;18;kWh;-21752;0;0;0;21752;-21752
2024-01-26T04:30;2024-01-26T04:45;19;kWh;-22320;0;0;0;22320;-22320
2024-01-26T04:45;2024-01-26T05:00;20;kWh;-20967;0;0;0;20967;-20967
2024-01-26T05:00;2024-01-26T05:15;21;kWh;-19412;0;0;0;19412;-19412
2024-01-26T05:15;2024-01-26T05:30;22;kWh;-17393;0;0;0;17393;-17393
2024-01-26T05:30;2024-01-26T05:45;23;kWh;-12179;0;0;0;12179;-12179
2024-01-26T05:45;2024-01-26T06:00;24;kWh;-16981;0;0;0;16981;-16981
2024-01-26T06:00;2024-01-26T06:15;25;kWh;-18257;0;0;0;18257;-18257
2024-01-26T06:15;2024-01-26T06:30;26;kWh;-1968;0;0;0;1968;-1968
2024-01-26T06:30;2024-01-26T06:45;27;kWh;-444;0;0;0;444;-444
2024-01-26T06:45;2024-01-26T07:00;28;kWh;-289;0;0;0;289;-289
2024-01-26T07:00;2024-01-26T07:15;29;kWh;-22096;0;0;0;22096;-22096
2024-01-26T07:15;2024-01-26T07:30;30;kWh;-14575;0;0;0;14575;-14575
2024-01-26T07:30;2024-01-26T07:45;31;kWh;-727;0;0;0;727;-727
2024-01-26T07:45;2024-01-26T08:00;32;kWh;-2029;0;0;0;2029;-2029
2024-01-26T08:00;2024-01-26T08:15;33;kWh;-13811;2198;0;0;16009;-11613
2024-01-26T08:15;2024-01-26T08:30;34;kWh;-12904;467;0;0;13371;-12437
2024-01-26T08:30;2024-01-26T08:45;35;kWh;-9998;0;0;0;9998;-9998
2024-01-26T08:45;2024-01-26T09:00;36;kWh;-3803;0;0;0;3803;-3803
2024-01-26T09:00;2024-01-26T09:15;37;kWh;-2319;0;0;0;2319;-2319
2024-01-26T09:15;2024-01-26T09:30;38;kWh;-591;0;0;0;591;-591
2024-01-26T09:30;2024-01-26T09:45;39;kWh;-249;0;0;0;249;-249
2024-01-26T09:45;2024-01-26T10:00;40;kWh;-249;0;0;0;249;-249
2024-01-26T10:00;2024-01-26T10:15;41;kWh;-249;0;0;0;249;-249
2024-01-26T10:15;2024-01-26T10:30;42;kWh;-249;337;0;0;586;88
2024-01-26T10:30;2024-01-26T10:45;43;kWh;-4803;0;0;0;4803;-4803
2024-01-26T10:45;2024-01-26T11:00;44;kWh;-19859;0;0;0;19859;-19859
2024-01-26T11:00;2024-01-26T11:15;45;kWh;-8614;0;0;0;8614;-8614
2024-01-26T11:15;2024-01-26T11:30;46;kWh;-21063;0;0;0;21063;-21063
2024-01-26T11:30;2024-01-26T11:45;47;kWh;-38044;0;0;0;38044;-38044
2024-01-26T11:45;2024-01-26T12:00;48;kWh;-46963;0;0;0;46963;-46963
2024-01-26T12:00;2024-01-26T12:15;49;kWh;-4810;0;0;0;4810;-4810
2024-01-26T12:15;2024-01-26T12:30;50;kWh;-961;0;0;0;961;-961
2024-01-26T12:30;2024-01-26T12:45;51;kWh;-249;0;0;0;249;-249
2024-01-26T12:45;2024-01-26T13:00;52;kWh;-249;1558;0;0;1807;1309
2024-01-26T13:00;2024-01-26T13:15;53;kWh;-249;44631;0;0;44880;44382
2024-01-26T13:15;2024-01-26T13:30;54;kWh;-249;36738;0;0;36987;36489
2024-01-26T13:30;2024-01-26T13:45;55;kWh;-249;12516;0;0;12765;12267
2024-01-26T13:45;2024-01-26T14:00;56;kWh;-249;20470;0;0;20719;20221
2024-01-26T14:00;2024-01-26T14:15;57;kWh;-12057;2508;0;0;14565;-9549
2024-01-26T14:15;2024-01-26T14:30;58;kWh;-249;22102;0;0;22351;21853
2024-01-26T14:30;2024-01-26T14:45;59;kWh;-249;9495;0;0;9744;9246
2024-01-26T14:45;2024-01-26T15:00;60;kWh;-249;1348;0;0;1597;1099
2024-01-26T15:00;2024-01-26T15:15;61;kWh;-16203;37;0;0;16240;-16166
2024-01-26T15:15;2024-01-26T15:30;62;kWh;-249;3156;0;0;3405;2907
2024-01-26T15:30;2024-01-26T15:45;63;kWh;-249;12530;0;0;12779;12281
2024-01-26T15:45;2024-01-26T16:00;64;kWh;-249;18125;0;0;18374;17876
2024-01-26T16:00;2024-01-26T16:15;65;kWh;-19387;3274;0;0;22661;-16113
2024-01-26T16:15;2024-01-26T16:30;66;kWh;-1222;44;0;0;1266;-1178
2024-01-26T16:30;2024-01-26T16:45;67;kWh;-249;210;0;0;459;-39
2024-01-26T16:45;2024-01-26T17:00;68;kWh;-249;0;0;0;249;-249
2024-01-26T17:00;2024-01-26T17:15;69;kWh;-15565;0;0;0;15565;-15565
2024-01-26T17:15;2024-01-26T17:30;70;kWh;-11795;0;0;0;11795;-11795
2024-01-26T17:30;2024-01-26T17:45;71;kWh;-286;0;0;0;286;-286
2024-01-26T17:45;2024-01-26T18:00;72;kWh;-249;0;0;0;249;-249
2024-01-26T18:00;2024-01-26T18:15;73;kWh;-249;0;0;0;249;-249
2024-01-26T18:15;2024-01-26T18:30;74;kWh;-249;0;0;0;249;-249
2024-01-26T18:30;2024-01-26T18:45;75;kWh;-249;0;0;0;249;-249
2024-01-26T18:45;2024-01-26T19:00;76;kWh;-249;0;0;0;249;-249
2024-01-26T19:00;2024-01-26T19:15;77;kWh;-16732;0;0;0;16732;-16732
2024-01-26T19:15;2024-01-26T19:30;78;kWh;-31219;0;0;0;31219;-31219
2024-01-26T19:30;2024-01-26T19:45;79;kWh;-41133;0;0;0;41133;-41133
2024-01-26T19:45;2024-01-26T20:00;80;kWh;-36192;0;0;0;36192;-36192
2024-01-26T20:00;2024-01-26T20:15;81;kWh;-8725;0;0;0;8725;-8725
2024-01-26T20:15;2024-01-26T20:30;82;kWh;-9486;0;0;0;9486;-9486
2024-01-26T20:30;2024-01-26T20:45;83;kWh;-7191;0;0;0;7191;-7191
2024-01-26T20:45;2024-01-26T21:00;84;kWh;-3307;0;0;0;3307;-3307
2024-01-26T21:00;2024-01-26T21:15;85;kWh;-4010;0;0;0;4010;-4010
2024-01-26T21:15;2024-01-26T21:30;86;kWh;-249;0;0;0;249;-249
2024-01-26T21:30;2024-01-26T21:45;87;kWh;-249;1757;0;0;2006;1508
2024-01-26T21:45;2024-01-26T22:00;88;kWh;-249;0;0;0;249;-249
2024-01-26T22:00;2024-01-26T22:15;89;kWh;-249;0;0;0;249;-249
2024-01-26T22:15;2024-01-26T22:30;90;kWh;-249;0;0;0;249;-249
2024-01-26T22:30;2024-01-26T22:45;91;kWh;-249;0;0;0;249;-249
2024-01-26T22:45;2024-01-26T23:00;92;kWh;-249;0;0;0;249;-249
2024-01-26T23:00;2024-01-26T23:15;93;kWh;-1188;0;0;0;1188;-1188
2024-01-26T23:15;2024-01-26T23:30;94;kWh;-18404;0;0;0;18404;-18404
2024-01-26T23:30;2024-01-26T23:45;95;kWh;-26277;0;0;0;26277;-26277
2024-01-26T23:45;2024-01-27T00:00;96;kWh;-8058;0;0;0;8058;-8058
2024-01-27T00:00;2024-01-27T00:15;1;kWh;-16675;0;0;0;16675;-16675
2024-01-27T00:15;2024-01-27T00:30;2;kWh;-5140;0;0;0;5140;-5140
2024-01-27T00:30;2024-01-27T00:45;3;kWh;-6911;0;0;0;6911;-6911
2024-01-27T00:45;2024-01-27T01:00;4;kWh;-5776;0;0;0;5776;-5776
2024-01-27T01:00;2024-01-27T01:15;5;kWh;-337;0;0;0;337;-337
2024-01-27T01:15;2024-01-27T01:30;6;kWh;-4680;0;0;0;4680;-4680
2024-01-27T01:30;2024-01-27T01:45;7;kWh;-17698;0;0;0;17698;-17698
2024-01-27T01:45;2024-01-27T02:00;8;kWh;-20582;0;0;0;20582;-20582
2024-01-27T02:00;2024-01-27T02:15;9;kWh;-20452;0;0;0;20452;-20452
2024-01-27T02:15;2024-01-27T02:30;10;kWh;-12410;0;0;0;12410;-12410
2024-01-27T02:30;2024-01-27T02:45;11;kWh;-12010;0;0;0;12010;-12010
2024-01-27T02:45;2024-01-27T03:00;12;kWh;-3971;0;0;0;3971;-3971
2024-01-27T03:00;2024-01-27T03:15;13;kWh;-3362;0;0;0;3362;-3362
2024-01-27T03:15;2024-01-27T03:30;14;kWh;-959;0;0;0;959;-959
2024-01-27T03:30;2024-01-27T03:45;15;kWh;-5395;0;0;0;5395;-5395
2024-01-27T03:45;2024-01-27T04:00;16;kWh;-6341;0;0;0;6341;-6341
2024-01-27T04:00;2024-01-27T04:15;17;kWh;-9027;0;0;0;9027;-9027
2024-01-27T04:15;2024-01-27T04:30;18;kWh;-24781;0;0;0;24781;-24781
2024-01-27T04:30;2024-01-27T04:45;19;kWh;-16811;0;0;0;16811;-16811
2024-01-27T04:45;2024-01-27T05:00;20;kWh;-35482;0;0;0;35482;-35482
2024-01-27T05:00;2024-01-27T05:15;21;kWh;-41559;0;0;0;41559;-41559
2024-01-27T05:15;2024-01-27T05:30;22;kWh;-33180;0;0;0;33180;-33180
2024-01-27T05:30;2024-01-27T05:45;23;kWh;-43357;0;0;0;43357;-43357
2024-01-27T05:45;2024-01-27T06:00;24;kWh;-34299;0;0;0;34299;-34299
2024-01-27T06:00;2024-01-27T06:15;25;kWh;-40845;0;0;0;40845;-40845
2024-01-27T06:15;2024-01-27T06:30;26;kWh;-27711;0;0;0;27711;-27711
2024-01-27T06:30;2024-01-27T06:45;27;kWh;-31231;0;0;0;31231;-31231
2024-01-27T06:45;2024-01-27T07:00;28;kWh;-37661;0;0;0;37661;-37661
2024-01-27T07:00;2024-01-27T07:15;29;kWh;-27443;0;0;0;27443;-27443
2024-01-27T07:15;2024-01-27T07:30;30;kWh;-1642;0;0;0;1642;-1642
2024-01-27T07:30;2024-01-27T07:45;31;kWh;-2948;0;0;0;2948;-2948
2024-01-27T07:45;2024-01-27T08:00;32;kWh;-4849;0;0;0;4849;-4849
2024-01-27T08:00;2024-01-27T08:15;33;kWh;-9325;0;0;0;9325;-9325
2024-01-27T08:15;2024-01-27T08:30;34;kWh;-8792;0;0;0;8792;-8792
2024-01-27T08:30;2024-01-27T08:45;35;kWh;0;436;0;0;436;436
2024-01-27T08:45;2024-01-27T09:00;36;kWh;0;2881;0;0;2881;2881
2024-01-27T09:00;2024-01-27T09:15;37;kWh;0;2682;0;0;2682;2682
2024-01-27T09:15;2024-01-27T09:30;38;kWh;-2176;0;0;0;2176;-2176
2024-01-27T09:30;2024-01-27T09:45;39;kWh;-14186;0;0;0;14186;-14186
2024-01-27T09:45;2024-01-27T10:00;40;kWh;-53432;0;0;0;53432;-53432
2024-01-27T10:00;2024-01-27T10:15;41;kWh;-14187;0;0;0;14187;-14187
2024-01-27T10:15;2024-01-27T10:30;42;kWh;-20349;0;0;0;20349;-20349
2024-01-27T10:30;2024-01-27T10:45;43;kWh;-72104;0;0;0;72104;-72104
2024-01-27T10:45;2024-01-27T11:00;44;kWh;-65864;0;0;0;65864;-65864
2024-01-27T11:00;2024-01-27T11:15;45;kWh;-35890;0;0;0;35890;-35890
2024-01-27T11:15;2024-01-27T11:30;46;kWh;-36779;0;0;0;36779;-36779
2024-01-27T11:30;2024-01-27T11:45;47;kWh;-36788;0;0;0;36788;-36788
2024-01-27T11:45;2024-01-27T12:00;48;kWh;-46474;0;0;0;46474;-46474
2024-01-27T12:00;2024-01-27T12:15;49;kWh;-33111;0;0;0;33111;-33111
2024-01-27T12:15;2024-01-27T12:30;50;kWh;-33656;0;0;0;33656;-33656
2024-01-27T12:30;2024-01-27T12:45;51;kWh;-27467;0;0;0;27467;-27467
2024-01-27T12:45;2024-01-27T13:00;52;kWh;-44480;0;0;0;44480;-44480
2024-01-27T13:00;2024-01-27T13:15;53;kWh;-30393;0;0;0;30393;-30393
2024-01-27T13:15;2024-01-27T13:30;54;kWh;-54023;0;0;0;54023;-54023
2024-01-27T13:30;2024-01-27T13:45;55;kWh;-40679;0;0;0;40679;-40679
2024-01-27T13:45;2024-01-27T14:00;56;kWh;-28037;0;0;0;28037;-28037
2024-01-27T14:00;2024-01-27T14:15;57;kWh;-28242;0;0;0;28242;-28242
2024-01-27T14:15;2024-01-27T14:30;58;kWh;-22297;0;0;0;22297;-22297
2024-01-27T14:30;2024-01-27T14:45;59;kWh;-1093;10128;0;0;11221;9035
2024-01-27T14:45;2024-01-27T15:00;60;kWh;0;11821;0;0;11821;11821
2024-01-27T15:00;2024-01-27T15:15;61;kWh;-2626;0;0;0;2626;-2626
2024-01-27T15:15;2024-01-27T15:30;62;kWh;-18;2397;0;0;2415;2379
2024-01-27T15:30;2024-01-27T15:45;63;kWh;0;5855;0;0;5855;5855
2024-01-27T15:45;2024-01-27T16:00;64;kWh;0;0;0;0;0;0
2024-01-27T16:00;2024-01-27T16:15;65;kWh;-34633;0;0;0;34633;-34633
2024-01-27T16:15;2024-01-27T16:30;66;kWh;-35388;0;0;0;35388;-35388
2024-01-27T16:30;2024-01-27T16:45;67;kWh;-31076;0;0;0;31076;-31076
2024-01-27T16:45;2024-01-27T17:00;68;kWh;-877;0;0;0;877;-877
2024-01-27T17:00;2024-01-27T17:15;69;kWh;-40296;0;0;0;40296;-40296
2024-01-27T17:15;2024-01-27T17:30;70;kWh;-37584;0;0;0;37584;-37584
2024-01-27T17:30;2024-01-27T17:45;71;kWh;-45366;0;0;0;45366;-45366
2024-01-27T17:45;2024-01-27T18:00;72;kWh;-18397;0;0;0;18397;-18397
2024-01-27T18:00;2024-01-27T18:15;73;kWh;-5451;0;0;0;5451;-5451
2024-01-27T18:15;2024-01-27T18:30;74;kWh;-13901;0;0;0;13901;-13901
2024-01-27T18:30;2024-01-27T18:45;75;kWh;-24581;0;0;0;24581;-24581
2024-01-27T18:45;2024-01-27T19:00;76;kWh;-33176;0;0;0;33176;-33176
2024-01-27T19:00;2024-01-27T19:15;77;kWh;-5381;0;0;0;5381;-5381
2024-01-27T19:15;2024-01-27T19:30;78;kWh;-11078;0;0;0;11078;-11078
2024-01-27T19:30;2024-01-27T19:45;79;kWh;-10778;0;0;0;10778;-10778
2024-01-27T19:45;2024-01-27T20:00;80;kWh;-5911;0;0;0;5911;-5911
2024-01-27T20:00;2024-01-27T20:15;81;kWh;-152;0;0;0;152;-152
2024-01-27T20:15;2024-01-27T20:30;82;kWh;-746;0;0;0;746;-746
2024-01-27T20:30;2024-01-27T20:45;83;kWh;-8353;0;0;0;8353;-8353
2024-01-27T20:45;2024-01-27T21:00;84;kWh;-9260;0;0;0;9260;-9260
2024-01-27T21:00;2024-01-27T21:15;85;kWh;-6383;0;0;0;6383;-6383
2024-01-27T21:15;2024-01-27T21:30;86;kWh;-4187;0;0;0;4187;-4187
2024-01-27T21:30;2024-01-27T21:45;87;kWh;-10507;0;0;0;10507;-10507
2024-01-27T21:45;2024-01-27T22:00;88;kWh;-21423;0;0;0;21423;-21423
2024-01-27T22:00;2024-01-27T22:15;89;kWh;-19193;0;0;0;19193;-19193
2024-01-27T22:15;2024-01-27T22:30;90;kWh;-13515;0;0;0;13515;-13515
2024-01-27T22:30;2024-01-27T22:45;91;kWh;-2249;0;0;0;2249;-2249
2024-01-27T22:45;2024-01-27T23:00;92;kWh;-257;361;0;0;618;104
2024-01-27T23:00;2024-01-27T23:15;93;kWh;-201;0;0;0;201;-201
2024-01-27T23:15;2024-01-27T23:30;94;kWh;-2517;0;0;0;2517;-2517
2024-01-27T23:30;2024-01-27T23:45;95;kWh;-6407;0;0;0;6407;-6407
2024-01-27T23:45;2024-01-28T00:00;96;kWh;-18841;0;0;0;18841;-18841
2024-01-28T00:00;2024-01-28T00:15;1;kWh;-7324;12920;0;0;20244;5596
2024-01-28T00:15;2024-01-28T00:30;2;kWh;-127;3612;0;0;3739;3485
2024-01-28T00:30;2024-01-28T00:45;3;kWh;-1425;4759;0;0;6184;3334
2024-01-28T00:45;2024-01-28T01:00;4;kWh;0;36;0;0;36;36
2024-01-28T01:00;2024-01-28T01:15;5;kWh;0;3106;0;0;3106;3106
2024-01-28T01:15;2024-01-28T01:30;6;kWh;0;31475;0;0;31475;31475
2024-01-28T01:30;2024-01-28T01:45;7;kWh;0;42190;0;0;42190;42190
2024-01-28T01:45;2024-01-28T02:00;8;kWh;0;24341;0;0;24341;24341
2024-01-28T02:00;2024-01-28T02:15;9;kWh;0;7404;0;0;7404;7404
2024-01-28T02:15;2024-01-28T02:30;10;kWh;-885;56;0;0;941;-829
2024-01-28T02:30;2024-01-28T02:45;11;kWh;-5427;0;0;0;5427;-5427
2024-01-28T02:45;2024-01-28T03:00;12;kWh;-9710;0;0;0;9710;-9710
2024-01-28T03:00;2024-01-28T03:15;13;kWh;-9442;3840;0;0;13282;-5602
2024-01-28T03:15;2024-01-28T03:30;14;kWh;-5663;0;0;0;5663;-5663
2024-01-28T03:30;2024-01-28T03:45;15;kWh;-6254;0;0;0;6254;-6254
2024-01-28T03:45;2024-01-28T04:00;16;kWh;-4916;0;0;0;4916;-4916
2024-01-28T04:00;2024-01-28T04:15;17;kWh;-2012;0;0;0;2012;-2012
2024-01-28T04:15;2024-01-28T04:30;18;kWh;-2141;0;0;0;2141;-2141
2024-01-28T04:30;2024-01-28T04:45;19;kWh;-759;0;0;0;759;-759
2024-01-28T04:45;2024-01-28T05:00;20;kWh;-2581;0;0;0;2581;-2581
2024-01-28T05:00;2024-01-28T05:15;21;kWh;-2;592;0;0;594;590
2024-01-28T05:15;2024-01-28T05:30;22;kWh;-1234;125;0;0;1359;-1109
2024-01-28T05:30;2024-01-28T05:45;23;kWh;-2708;0;0;0;2708;-2708
2024-01-28T05:45;2024-01-28T06:00;24;kWh;0;0;0;0;0;0
2024-01-28T06:00;2024-01-28T06:15;25;kWh;0;23;0;0;23;23
2024-01-28T06:15;2024-01-28T06:30;26;kWh;0;136;0;0;136;136
2024-01-28T06:30;2024-01-28T06:45;27;kWh;0;0;0;0;0;0
2024-01-28T06:45;2024-01-28T07:00;28;kWh;0;0;0;0;0;0
2024-01-28T07:00;2024-01-28T07:15;29;kWh;0;3383;0;0;3383;3383
2024-01-28T07:15;2024-01-28T07:30;30;kWh;0;18425;0;0;18425;18425
2024-01-28T07:30;2024-01-28T07:45;31;kWh;0;9754;0;0;9754;9754
2024-01-28T07:45;2024-01-28T08:00;32;kWh;0;6502;0;0;6502;6502
2024-01-28T08:00;2024-01-28T08:15;33;kWh;0;4180;0;0;4180;4180
2024-01-28T08:15;2024-01-28T08:30;34;kWh;0;5981;0;0;5981;5981
2024-01-28T08:30;2024-01-28T08:45;35;kWh;0;590;0;0;590;590
2024-01-28T08:45;2024-01-28T09:00;36;kWh;0;919;0;0;919;919
2024-01-28T09:00;2024-01-28T09:15;37;kWh;-3784;1336;0;0;5120;-2448
2024-01-28T09:15;2024-01-28T09:30;38;kWh;-7907;2724;0;0;10631;-5183
2024-01-28T09:30;2024-01-28T09:45;39;kWh;-19163;257;0;0;19420;-18906
2024-01-28T09:45;2024-01-28T10:00;40;kWh;-19327;90;0;0;19417;-19237
2024-01-28T10:00;2024-01-28T10:15;41;kWh;-4455;259;0;0;4714;-4196
2024-01-28T10:15;2024-01-28T10:30;42;kWh;-1087;0;0;0;1087;-1087
2024-01-28T10:30;2024-01-28T10:45;43;kWh;-5610;0;0;0;5610;-5610
2024-01-28T10:45;2024-01-28T11:00;44;kWh;-8018;0;0;0;8018;-8018
2024-01-28T11:00;2024-01-28T11:15;45;kWh;-386;20191;0;0;20577;19805
2024-01-28T11:15;2024-01-28T11:30;46;kWh;0;17037;0;0;17037;17037
2024-01-28T11:30;2024-01-28T11:45;47;kWh;0;0;0;0;0;0
2024-01-28T11:45;2024-01-28T12:00;48;kWh;0;0;0;0;0;0
2024-01-28T12:00;2024-01-28T12:15;49;kWh;-885;0;0;0;885;-885
2024-01-28T12:15;2024-01-28T12:30;50;kWh;0;0;0;0;0;0
2024-01-28T12:30;2024-01-28T12:45;51;kWh;0;0;0;0;0;0
2024-01-28T12:45;2024-01-28T13:00;52;kWh;-3559;0;0;0;3559;-3559
2024-01-28T13:00;2024-01-28T13:15;53;kWh;-25904;0;0;0;25904;-25904
2024-01-28T13:15;2024-01-28T13:30;54;kWh;-16501;0;0;0;16501;-16501
2024-01-28T13:30;2024-01-28T13:45;55;kWh;-14351;0;0;0;14351;-14351
2024-01-28T13:45;2024-01-28T14:00;56;kWh;-11205;0;0;0;11205;-11205
2024-01-28T14:00;2024-01-28T14:15;57;kWh;-10561;0;0;0;10561;-10561
2024-01-28T14:15;2024-01-28T14:30;58;kWh;-2942;0;0;0;2942;-2942
2024-01-28T14:30;2024-01-28T14:45;59;kWh;0;7461;0;0;7461;7461
2024-01-28T14:45;2024-01-28T15:00;60;kWh;0;26690;0;0;26690;26690
2024-01-28T15:00;2024-01-28T15:15;61;kWh;0;3119;0;0;3119;3119
2024-01-28T15:15;2024-01-28T15:30;62;kWh;0;18536;0;0;18536;18536
2024-01-28T15:30;2024-01-28T15:45;63;kWh;0;24252;0;0;24252;24252
2024-01-28T15:45;2024-01-28T16:00;64;kWh;0;35389;0;0;35389;35389
2024-01-28T16:00;2024-01-28T16:15;65;kWh;-2726;2631;0;0;5357;-95
2024-01-28T16:15;2024-01-28T16:30;66;kWh;0;9763;0;0;9763;9763
2024-01-28T16:30;2024-01-28T16:45;67;kWh;0;21002;0;0;21002;21002
2024-01-28T16:45;2024-01-28T17:00;68;kWh;-68;18421;0;0;18489;18353
2024-01-28T17:00;2024-01-28T17:15;69;kWh;-16153;0;0;0;16153;-16153
2024-01-28T17:15;2024-01-28T17:30;70;kWh;-14573;3199;0;0;17772;-11374
2024-01-28T17:30;2024-01-28T17:45;71;kWh;-9051;1275;0;0;10326;-7776
2024-01-28T17:45;2024-01-28T18:00;72;kWh;-10175;0;0;0;10175;-10175
2024-01-28T18:00;2024-01-28T18:15;73;kWh;-3647;0;0;0;3647;-3647
2024-01-28T18:15;2024-01-28T18:30;74;kWh;-12286;0;0;0;12286;-12286
2024-01-28T18:30;2024-01-28T18:45;75;kWh;-32738;0;0;0;32738;-32738
2024-01-28T18:45;2024-01-28T19:00;76;kWh;-35191;0;0;0;35191;-35191
2024-01-28T19:00;2024-01-28T19:15;77;kWh;-21588;0;0;0;21588;-21588
2024-01-28T19:15;2024-01-28T19:30;78;kWh;-10246;0;0;0;10246;-10246
2024-01-28T19:30;2024-01-28T19:45;79;kWh;-19274;648;0;0;19922;-18626
2024-01-28T19:45;2024-01-28T20:00;80;kWh;-21376;866;0;0;22242;-20510
2024-01-28T20:00;2024-01-28T20:15;81;kWh;-19543;0;0;0;19543;-19543
2024-01-28T20:15;2024-01-28T20:30;82;kWh;-11082;0;0;0;11082;-11082
2024-01-28T20:30;2024-01-28T20:45;83;kWh;-18316;0;0;0;18316;-18316
2024-01-28T20:45;2024-01-28T21:00;84;kWh;-6431;0;0;0;6431;-6431
2024-01-28T21:00;2024-01-28T21:15;85;kWh;-1427;2199;0;0;3626;772
2024-01-28T21:15;2024-01-28T21:30;86;kWh;0;1523;0;0;1523;1523
2024-01-28T21:30;2024-01-28T21:45;87;kWh;0;0;0;0;0;0
2024-01-28T21:45;2024-01-28T22:00;88;kWh;-1868;0;0;0;1868;-1868
2024-01-28T22:00;2024-01-28T22:15;89;kWh;-8666;0;0;0;8666;-8666
2024-01-28T22:15;2024-01-28T22:30;90;kWh;-7135;0;0;0;7135;-7135
2024-01-28T22:30;2024-01-28T22:45;91;kWh;-3604;0;0;0;3604;-3604
2024-01-28T22:45;2024-01-28T23:00;92;kWh;-12102;0;0;0;12102;-12102
2024-01-28T23:00;2024-01-28T23:15;93;kWh;-5092;0;0;0;5092;-5092
2024-01-28T23:15;2024-01-28T23:30;94;kWh;-897;0;0;0;897;-897
2024-01-28T23:30;2024-01-28T23:45;95;kWh;-12106;0;0;0;12106;-12106
2024-01-28T23:45;2024-01-29T00:00;96;kWh;-18867;0;0;0;18867;-18867
2024-01-29T00:00;2024-01-29T00:15;1;kWh;-5094;195;0;0;5289;-4899
2024-01-29T00:15;2024-01-29T00:30;2;kWh;-6889;0;0;0;6889;-6889
2024-01-29T00:30;2024-01-29T00:45;3;kWh;-19157;0;0;0;19157;-19157
2024-01-29T00:45;2024-01-29T01:00;4;kWh;-22721;0;0;0;22721;-22721
2024-01-29T01:00;2024-01-29T01:15;5;kWh;-3787;0;0;0;3787;-3787
2024-01-29T01:15;2024-01-29T01:30;6;kWh;-11741;0;0;0;11741;-11741
2024-01-29T01:30;2024-01-29T01:45;7;kWh;-8707;0;0;0;8707;-8707
2024-01-29T01:45;2024-01-29T02:00;8;kWh;-29;0;0;0;29;-29
2024-01-29T02:00;2024-01-29T02:15;9;kWh;0;1107;0;0;1107;1107
2024-01-29T02:15;2024-01-29T02:30;10;kWh;0;285;0;0;285;285
2024-01-29T02:30;2024-01-29T02:45;11;kWh;0;5475;0;0;5475;5475
2024-01-29T02:45;2024-01-29T03:00;12;kWh;0;817;0;0;817;817
2024-01-29T03:00;2024-01-29T03:15;13;kWh;0;0;0;0;0;0
2024-01-29T03:15;2024-01-29T03:30;14;kWh;0;309;0;0;309;309
2024-01-29T03:30;2024-01-29T03:45;15;kWh;0;1209;0;0;1209;1209
2024-01-29T03:45;2024-01-29T04:00;16;kWh;0;2146;0;0;2146;2146
2024-01-29T04:00;2024-01-29T04:15;17;kWh;-13011;0;0;0;13011;-13011
2024-01-29T04:15;2024-01-29T04:30;18;kWh;-9521;0;0;0;9521;-9521
2024-01-29T04:30;2024-01-29T04:45;19;kWh;-6792;0;0;0;6792;-6792
2024-01-29T04:45;2024-01-29T05:00;20;kWh;-8672;0;0;0;8672;-8672
2024-01-29T05:00;2024-01-29T05:15;21;kWh;-6352;0;0;0;6352;-6352
2024-01-29T05:15;2024-01-29T05:30;22;kWh;-3211;0;0;0;3211;-3211
2024-01-29T05:30;2024-01-29T05:45;23;kWh;-1000;0;0;0;1000;-1000
2024-01-29T05:45;2024-01-29T06:00;24;kWh;-5313;0;0;0;5313;-5313
2024-01-29T06:00;2024-01-29T06:15;25;kWh;-8422;645;0;0;9067;-7777
2024-01-29T06:15;2024-01-29T06:30;26;kWh;0;3967;0;0;3967;3967
2024-01-29T06:30;2024-01-29T06:45;27;kWh;0;23029;0;0;23029;23029
2024-01-29T06:45;2024-01-29T07:00;28;kWh;0;8738;0;0;8738;8738
2024-01-29T07:00;2024-01-29T07:15;29;kWh;-5818;511;0;0;6329;-5307
2024-01-29T07:15;2024-01-29T07:30;30;kWh;-3475;0;0;0;3475;-3475
2024-01-29T07:30;2024-01-29T07:45;31;kWh;0;1051;0;0;1051;1051
2024-01-29T07:45;2024-01-29T08:00;32;kWh;0;25937;0;0;25937;25937
2024-01-29T08:00;2024-01-29T08:15;33;kWh;0;7087;0;0;7087;7087
2024-01-29T08:15;2024-01-29T08:30;34;kWh;0;4948;0;0;4948;4948
2024-01-29T08:30;2024-01-29T08:45;35;kWh;0;1807;0;0;1807;1807
2024-01-29T08:45;2024-01-29T09:00;36;kWh;0;3769;0;0;3769;3769
2024-01-29T09:00;2024-01-29T09:15;37;kWh;-2776;0;0;0;2776;-2776
2024-01-29T09:15;2024-01-29T09:30;38;kWh;-15676;0;0;0;15676;-15676
2024-01-29T09:30;2024-01-29T09:45;39;kWh;-22880;0;0;0;22880;-22880
2024-01-29T09:45;2024-01-29T10:00;40;kWh;-31977;0;0;0;31977;-31977
2024-01-29T10:00;2024-01-29T10:15;41;kWh;-2229;0;0;0;2229;-2229
2024-01-29T10:15;2024-01-29T10:30;42;kWh;-9186;0;0;0;9186;-9186
2024-01-29T10:30;2024-01-29T10:45;43;kWh;-26009;0;0;0;26009;-26009
2024-01-29T10:45;2024-01-29T11:00;44;kWh;-33560;0;0;0;33560;-33560
2024-01-29T11:00;2024-01-29T11:15;45;kWh;-21701;0;0;0;21701;-21701
2024-01-29T11:15;2024-01-29T11:30;46;kWh;-22812;0;0;0;22812;-22812
2024-01-29T11:30;2024-01-29T11:45;47;kWh;-16664;0;0;0;16664;-16664
2024-01-29T11:45;2024-01-29T12:00;48;kWh;-25854;0;0;0;25854;-25854
2024-01-29T12:00;2024-01-29T12:15;49;kWh;-23348;0;0;0;23348;-23348
2024-01-29T12:15;2024-01-29T12:30;50;kWh;-11005;0;0;0;11005;-11005
2024-01-29T12:30;2024-01-29T12:45;51;kWh;-12538;0;0;0;12538;-12538
2024-01-29T12:45;2024-01-29T13:00;52;kWh;-9599;0;0;0;9599;-9599
2024-01-29T13:00;2024-01-29T13:15;53;kWh;-7746;0;0;0;7746;-7746
2024-01-29T13:15;2024-01-29T13:30;54;kWh;-1208;0;0;0;1208;-1208
2024-01-29T13:30;2024-01-29T13:45;55;kWh;0;0;0;0;0;0
2024-01-29T13:45;2024-01-29T14:00;56;kWh;0;0;0;0;0;0
2024-01-29T14:00;2024-01-29T14:15;57;kWh;0;0;0;0;0;0
2024-01-29T14:15;2024-01-29T14:30;58;kWh;-89;0;0;0;89;-89
2024-01-29T14:30;2024-01-29T14:45;59;kWh;-1302;0;0;0;1302;-1302
2024-01-29T14:45;2024-01-29T15:00;60;kWh;-752;60;0;0;812;-692
2024-01-29T15:00;2024-01-29T15:15;61;kWh;0;5821;0;0;5821;5821
2024-01-29T15:15;2024-01-29T15:30;62;kWh;0;5447;0;0;5447;5447
2024-01-29T15:30;2024-01-29T15:45;63;kWh;0;13486;0;0;13486;13486
2024-01-29T15:45;2024-01-29T16:00;64;kWh;0;36594;0;0;36594;36594
2024-01-29T16:00;2024-01-29T16:15;65;kWh;0;13991;0;0;13991;13991
2024-01-29T16:15;2024-01-29T16:30;66;kWh;-12699;249;0;0;12948;-12450
2024-01-29T16:30;2024-01-29T16:45;67;kWh;-2558;249;0;0;2807;-2309
2024-01-29T16:45;2024-01-29T17:00;68;kWh;0;4570;0;0;4570;4570
2024-01-29T17:00;2024-01-29T17:15;69;kWh;-3209;1747;0;0;4956;-1462
2024-01-29T17:15;2024-01-29T17:30;70;kWh;-3585;249;0;0;3834;-3336
2024-01-29T17:30;2024-01-29T17:45;71;kWh;-2323;249;0;0;2572;-2074
2024-01-29T17:45;2024-01-29T18:00;72;kWh;-1960;249;0;0;2209;-1711
2024-01-29T18:00;2024-01-29T18:15;73;kWh;-11267;249;0;0;11516;-11018
2024-01-29T18:15;2024-01-29T18:30;74;kWh;-11888;249;0;0;12137;-11639
2024-01-29T18:30;2024-01-29T18:45;75;kWh;-28380;249;0;0;28629;-28131
2024-01-29T18:45;2024-01-29T19:00;76;kWh;-36606;249;0;0;36855;-36357
2024-01-29T19:00;2024-01-29T19:15;77;kWh;-27389;249;0;0;27638;-27140
2024-01-29T19:15;2024-01-29T19:30;78;kWh;-29523;249;0;0;29772;-29274
2024-01-29T19:30;2024-01-29T19:45;79;kWh;-26296;249;0;0;26545;-26047
2024-01-29T19:45;2024-01-29T20:00;80;kWh;-24606;249;0;0;24855;-24357
2024-01-29T20:00;2024-01-29T20:15;81;kWh;-17820;249;0;0;18069;-17571
2024-01-29T20:15;2024-01-29T20:30;82;kWh;-21682;249;0;0;21931;-21433
2024-01-29T20:30;2024-01-29T20:45;83;kWh;-31948;249;0;0;32197;-31699
2024-01-29T20:45;2024-01-29T21:00;84;kWh;-51524;249;0;0;51773;-51275
2024-01-29T21:00;2024-01-29T21:15;85;kWh;-28246;249;0;0;28495;-27997
2024-01-29T21:15;2024-01-29T21:30;86;kWh;-50861;249;0;0;51110;-50612
2024-01-29T21:30;2024-01-29T21:45;87;kWh;-33613;249;0;0;33862;-33364
2024-01-29T21:45;2024-01-29T22:00;88;kWh;-20241;249;0;0;20490;-19992
2024-01-29T22:00;2024-01-29T22:15;89;kWh;-6621;249;0;0;6870;-6372
2024-01-29T22:15;2024-01-29T22:30;90;kWh;-17185;249;0;0;17434;-16936
2024-01-29T22:30;2024-01-29T22:45;91;kWh;-7428;249;0;0;7677;-7179
2024-01-29T22:45;2024-01-29T23:00;92;kWh;-7445;249;0;0;7694;-7196
2024-01-29T23:00;2024-01-29T23:15;93;kWh;-18464;249;0;0;18713;-18215
2024-01-29T23:15;2024-01-29T23:30;94;kWh;-33442;249;0;0;33691;-33193
2024-01-29T23:30;2024-01-29T23:45;95;kWh;-29172;249;0;0;29421;-28923
2024-01-29T23:45;2024-01-30T00:00;96;kWh;-43174;249;0;0;43423;-42925
2024-01-30T00:00;2024-01-30T00:15;1;kWh;-22586;0;0;0;22586;-22586
2024-01-30T00:15;2024-01-30T00:30;2;kWh;-14458;0;0;0;14458;-14458
2024-01-30T00:30;2024-01-30T00:45;3;kWh;-30152;0;0;0;30152;-30152
2024-01-30T00:45;2024-01-30T01:00;4;kWh;-39974;0;0;0;39974;-39974
2024-01-30T01:00;2024-01-30T01:15;5;kWh;-8330;10147;0;0;18477;1817
2024-01-30T01:15;2024-01-30T01:30;6;kWh;0;24937;0;0;24937;24937
2024-01-30T01:30;2024-01-30T01:45;7;kWh;0;5857;0;0;5857;5857
2024-01-30T01:45;2024-01-30T02:00;8;kWh;0;199;0;0;199;199
2024-01-30T02:00;2024-01-30T02:15;9;kWh;0;24966;0;0;24966;24966
2024-01-30T02:15;2024-01-30T02:30;10;kWh;0;11122;0;0;11122;11122
2024-01-30T02:30;2024-01-30T02:45;11;kWh;0;1399;0;0;1399;1399
2024-01-30T02:45;2024-01-30T03:00;12;kWh;0;3329;0;0;3329;3329
2024-01-30T03:00;2024-01-30T03:15;13;kWh;0;31140;0;0;31140;31140
2024-01-30T03:15;2024-01-30T03:30;14;kWh;0;39281;0;0;39281;39281
2024-01-30T03:30;2024-01-30T03:45;15;kWh;0;40697;0;0;40697;40697
2024-01-30T03:45;2024-01-30T04:00;16;kWh;0;12801;0;0;12801;12801
2024-01-30T04:00;2024-01-30T04:15;17;kWh;-15554;150;0;0;15704;-15404
2024-01-30T04:15;2024-01-30T04:30;18;kWh;-38460;0;0;0;38460;-38460
2024-01-30T04:30;2024-01-30T04:45;19;kWh;-60308;0;0;0;60308;-60308
2024-01-30T04:45;2024-01-30T05:00;20;kWh;-74734;0;0;0;74734;-74734
2024-01-30T05:00;2024-01-30T05:15;21;kWh;-48281;0;0;0;48281;-48281
2024-01-30T05:15;2024-01-30T05:30;22;kWh;-24360;0;0;0;24360;-24360
2024-01-30T05:30;2024-01-30T05:45;23;kWh;-4484;0;0;0;4484;-4484
2024-01-30T05:45;2024-01-30T06:00;24;kWh;-4454;0;0;0;4454;-4454
2024-01-30T06:00;2024-01-30T06:15;25;kWh;-25475;0;0;0;25475;-25475
2024-01-30T06:15;2024-01-30T06:30;26;kWh;-47;1553;0;0;1600;1506
2024-01-30T06:30;2024-01-30T06:45;27;kWh;0;8325;0;0;8325;8325
2024-01-30T06:45;2024-01-30T07:00;28;kWh;0;55055;0;0;55055;55055
2024-01-30T07:00;2024-01-30T07:15;29;kWh;-3004;4307;0;0;7311;1303
2024-01-30T07:15;2024-01-30T07:30;30;kWh;-8040;0;0;0;8040;-8040
2024-01-30T07:30;2024-01-30T07:45;31;kWh;-721;524;0;0;1245;-197
2024-01-30T07:45;2024-01-30T08:00;32;kWh;0;5184;0;0;5184;5184
2024-01-30T08:00;2024-01-30T08:15;33;kWh;0;120;0;0;120;120
2024-01-30T08:15;2024-01-30T08:30;34;kWh;-950;0;0;0;950;-950
2024-01-30T08:30;2024-01-30T08:45;35;kWh;-2930;0;0;0;2930;-2930
2024-01-30T08:45;2024-01-30T09:00;36;kWh;-6383;0;0;0;6383;-6383
2024-01-30T09:00;2024-01-30T09:15;37;kWh;-2186;4696;0;0;6882;2510
2024-01-30T09:15;2024-01-30T09:30;38;kWh;0;831;0;0;831;831
2024-01-30T09:30;2024-01-30T09:45;39;kWh;0;484;0;0;484;484
2024-01-30T09:45;2024-01-30T10:00;40;kWh;0;1207;0;0;1207;1207
2024-01-30T10:00;2024-01-30T10:15;41;kWh;0;27107;0;0;27107;27107
2024-01-30T10:15;2024-01-30T10:30;42;kWh;0;9841;0;0;9841;9841
2024-01-30T10:30;2024-01-30T10:45;43;kWh;0;0;0;0;0;0
2024-01-30T10:45;2024-01-30T11:00;44;kWh;0;0;0;0;0;0
2024-01-30T11:00;2024-01-30T11:15;45;kWh;-5065;0;0;0;5065;-5065
2024-01-30T11:15;2024-01-30T11:30;46;kWh;-6879;0;0;0;6879;-6879
2024-01-30T11:30;2024-01-30T11:45;47;kWh;-16;0;0;0;16;-16
2024-01-30T11:45;2024-01-30T12:00;48;kWh;0;0;0;0;0;0
2024-01-30T12:00;2024-01-30T12:15;49;kWh;-2077;109;0;0;2186;-1968
2024-01-30T12:15;2024-01-30T12:30;50;kWh;0;10285;0;0;10285;10285
2024-01-30T12:30;2024-01-30T12:45;51;kWh;0;0;0;0;0;0
2024-01-30T12:45;2024-01-30T13:00;52;kWh;-106;0;0;0;106;-106
2024-01-30T13:00;2024-01-30T13:15;53;kWh;-8421;0;0;0;8421;-8421
2024-01-30T13:15;2024-01-30T13:30;54;kWh;-6198;0;0;0;6198;-6198
2024-01-30T13:30;2024-01-30T13:45;55;kWh;-31014;0;0;0;31014;-31014
2024-01-30T13:45;2024-01-30T14:00;56;kWh;-32516;0;0;0;32516;-32516
2024-01-30T14:00;2024-01-30T14:15;57;kWh;-69634;0;0;0;69634;-69634
2024-01-30T14:15;2024-01-30T14:30;58;kWh;-29346;0;0;0;29346;-29346
2024-01-30T14:30;2024-01-30T14:45;59;kWh;-357;121;0;0;478;-236
2024-01-30T14:45;2024-01-30T15:00;60;kWh;0;11700;0;0;11700;11700
2024-01-30T15:00;2024-01-30T15:15;61;kWh;-2132;1604;0;0;3736;-528
2024-01-30T15:15;2024-01-30T15:30;62;kWh;-63;3035;0;0;3098;2972
2024-01-30T15:30;2024-01-30T15:45;63;kWh;0;41900;0;0;41900;41900
2024-01-30T15:45;2024-01-30T16:00;64;kWh;0;3254;0;0;3254;3254
2024-01-30T16:00;2024-01-30T16:15;65;kWh;-11272;16;0;0;11288;-11256
2024-01-30T16:15;2024-01-30T16:30;66;kWh;-3725;0;0;0;3725;-3725
2024-01-30T16:30;2024-01-30T16:45;67;kWh;-1457;0;0;0;1457;-1457
2024-01-30T16:45;2024-01-30T17:00;68;kWh;-2408;3419;0;0;5827;1011
2024-01-30T17:00;2024-01-30T17:15;69;kWh;-16451;198;0;0;16649;-16253
2024-01-30T17:15;2024-01-30T17:30;70;kWh;-11603;0;0;0;11603;-11603
2024-01-30T17:30;2024-01-30T17:45;71;kWh;-1067;584;0;0;1651;-483
2024-01-30T17:45;2024-01-30T18:00;72;kWh;0;14356;0;0;14356;14356
2024-01-30T18:00;2024-01-30T18:15;73;kWh;0;8694;0;0;8694;8694
2024-01-30T18:15;2024-01-30T18:30;74;kWh;0;13103;0;0;13103;13103
2024-01-30T18:30;2024-01-30T18:45;75;kWh;0;5567;0;0;5567;5567
2024-01-30T18:45;2024-01-30T19:00;76;kWh;0;22701;0;0;22701;22701
2024-01-30T19:00;2024-01-30T19:15;77;kWh;0;30846;0;0;30846;30846
2024-01-30T19:15;2024-01-30T19:30;78;kWh;0;4268;0;0;4268;4268
2024-01-30T19:30;2024-01-30T19:45;79;kWh;0;8906;0;0;8906;8906
2024-01-30T19:45;2024-01-30T20:00;80;kWh;0;2578;0;0;2578;2578
2024-01-30T20:00;2024-01-30T20:15;81;kWh;-2733;0;0;0;2733;-2733
2024-01-30T20:15;2024-01-30T20:30;82;kWh;-1970;0;0;0;1970;-1970
2024-01-30T20:30;2024-01-30T20:45;83;kWh;-2;0;0;0;2;-2
2024-01-30T20:45;2024-01-30T21:00;84;kWh;-1629;0;0;0;1629;-1629
2024-01-30T21:00;2024-01-30T21:15;85;kWh;-1620;0;0;0;1620;-1620
2024-01-30T21:15;2024-01-30T21:30;86;kWh;-604;1303;0;0;1907;699
2024-01-30T21:30;2024-01-30T21:45;87;kWh;0;15672;0;0;15672;15672
2024-01-30T21:45;2024-01-30T22:00;88;kWh;0;96;0;0;96;96
2024-01-30T22:00;2024-01-30T22:15;89;kWh;0;0;0;0;0;0
2024-01-30T22:15;2024-01-30T22:30;90;kWh;0;0;0;0;0;0
2024-01-30T22:30;2024-01-30T22:45;91;kWh;0;1344;0;0;1344;1344
2024-01-30T22:45;2024-01-30T23:00;92;kWh;0;0;0;0;0;0
2024-01-30T23:00;2024-01-30T23:15;93;kWh;0;2451;0;0;2451;2451
2024-01-30T23:15;2024-01-30T23:30;94;kWh;0;1749;0;0;1749;1749
2024-01-30T23:30;2024-01-30T23:45;95;kWh;0;15793;0;0;15793;15793
2024-01-30T23:45;2024-01-31T00:00;96;kWh;0;8;0;0;8;8
2024-01-31T00:00;2024-01-31T00:15;1;kWh;-18;6836;0;0;6854;6818
2024-01-31T00:15;2024-01-31T00:30;2;kWh;0;2039;0;0;2039;2039
2024-01-31T00:30;2024-01-31T00:45;3;kWh;-3335;0;0;0;3335;-3335
2024-01-31T00:45;2024-01-31T01:00;4;kWh;-27789;0;0;0;27789;-27789
2024-01-31T01:00;2024-01-31T01:15;5;kWh;-48286;0;0;0;48286;-48286
2024-01-31T01:15;2024-01-31T01:30;6;kWh;-64315;0;0;0;64315;-64315
2024-01-31T01:30;2024-01-31T01:45;7;kWh;-45295;0;0;0;45295;-45295
2024-01-31T01:45;2024-01-31T02:00;8;kWh;-28315;0;0;0;28315;-28315
2024-01-31T02:00;2024-01-31T02:15;9;kWh;-13190;1899;0;0;15089;-11291
2024-01-31T02:15;2024-01-31T02:30;10;kWh;0;2217;0;0;2217;2217
2024-01-31T02:30;2024-01-31T02:45;11;kWh;0;47;0;0;47;47
2024-01-31T02:45;2024-01-31T03:00;12;kWh;0;854;0;0;854;854
2024-01-31T03:00;2024-01-31T03:15;13;kWh;0;4084;0;0;4084;4084
2024-01-31T03:15;2024-01-31T03:30;14;kWh;0;3399;0;0;3399;3399
2024-01-31T03:30;2024-01-31T03:45;15;kWh;0;18301;0;0;18301;18301
2024-01-31T03:45;2024-01-31T04:00;16;kWh;0;14831;0;0;14831;14831
2024-01-31T04:00;2024-01-31T04:15;17;kWh;-12811;367;0;0;13178;-12444
2024-01-31T04:15;2024-01-31T04:30;18;kWh;-14888;0;0;0;14888;-14888
2024-01-31T04:30;2024-01-31T04:45;19;kWh;-25948;0;0;0;25948;-25948
2024-01-31T04:45;2024-01-31T05:00;20;kWh;-38320;0;0;0;38320;-38320
2024-01-31T05:00;2024-01-31T05:15;21;kWh;-39467;0;0;0;39467;-39467
2024-01-31T05:15;2024-01-31T05:30;22;kWh;-5078;0;0;0;5078;-5078
2024-01-31T05:30;2024-01-31T05:45;23;kWh;-21;0;0;0;21;-21
2024-01-31T05:45;2024-01-31T06:00;24;kWh;-169;0;0;0;169;-169
2024-01-31T06:00;2024-01-31T06:15;25;kWh;-860;0;0;0;860;-860
2024-01-31T06:15;2024-01-31T06:30;26;kWh;-4473;0;0;0;4473;-4473
2024-01-31T06:30;2024-01-31T06:45;27;kWh;-7611;0;0;0;7611;-7611
2024-01-31T06:45;2024-01-31T07:00;28;kWh;-15321;0;0;0;15321;-15321
2024-01-31T07:00;2024-01-31T07:15;29;kWh;-46567;0;0;0;46567;-46567
2024-01-31T07:15;2024-01-31T07:30;30;kWh;-64209;0;0;0;64209;-64209
2024-01-31T07:30;2024-01-31T07:45;31;kWh;-9984;0;0;0;9984;-9984
2024-01-31T07:45;2024-01-31T08:00;32;kWh;0;6580;0;0;6580;6580
2024-01-31T08:00;2024-01-31T08:15;33;kWh;0;40549;0;0;40549;40549
2024-01-31T08:15;2024-01-31T08:30;34;kWh;0;41132;0;0;41132;41132
2024-01-31T08:30;2024-01-31T08:45;35;kWh;0;68094;0;0;68094;68094
2024-01-31T08:45;2024-01-31T09:00;36;kWh;0;77443;0;0;77443;77443
2024-01-31T09:00;2024-01-31T09:15;37;kWh;0;37427;0;0;37427;37427
2024-01-31T09:15;2024-01-31T09:30;38;kWh;0;18261;0;0;18261;18261
2024-01-31T09:30;2024-01-31T09:45;39;kWh;0;34390;0;0;34390;34390
2024-01-31T09:45;2024-01-31T10:00;40;kWh;0;21406;0;0;21406;21406
2024-01-31T10:00;2024-01-31T10:15;41;kWh;0;8316;0;0;8316;8316
2024-01-31T10:15;2024-01-31T10:30;42;kWh;-10;32990;0;0;33000;32980
2024-01-31T10:30;2024-01-31T10:45;43;kWh;-334;1169;0;0;1503;835
2024-01-31T10:45;2024-01-31T11:00;44;kWh;0;50892;0;0;50892;50892
2024-01-31T11:00;2024-01-31T11:15;45;kWh;0;10199;0;0;10199;10199
2024-01-31T11:15;2024-01-31T11:30;46;kWh;0;52399;0;0;52399;52399
2024-01-31T11:30;2024-01-31T11:45;47;kWh;0;64135;0;0;64135;64135
2024-01-31T11:45;2024-01-31T12:00;48;kWh;0;66613;0;0;66613;66613
2024-01-31T12:00;2024-01-31T12:15;49;kWh;0;18070;0;0;18070;18070
2024-01-31T12:15;2024-01-31T12:30;50;kWh;0;55046;0;0;55046;55046
2024-01-31T12:30;2024-01-31T12:45;51;kWh;0;19653;0;0;19653;19653
2024-01-31T12:45;2024-01-31T13:00;52;kWh;-123;7;0;0;130;-116
2024-01-31T13:00;2024-01-31T13:15;53;kWh;-842;0;0;0;842;-842
2024-01-31T13:15;2024-01-31T13:30;54;kWh;-486;0;0;0;486;-486
2024-01-31T13:30;2024-01-31T13:45;55;kWh;-45;0;0;0;45;-45
2024-01-31T13:45;2024-01-31T14:00;56;kWh;-14813;0;0;0;14813;-14813
2024-01-31T14:00;2024-01-31T14:15;57;kWh;-2632;0;0;0;2632;-2632
2024-01-31T14:15;2024-01-31T14:30;58;kWh;0;0;0;0;0;0
2024-01-31T14:30;2024-01-31T14:45;59;kWh;0;0;0;0;0;0
2024-01-31T14:45;2024-01-31T15:00;60;kWh;-2844;0;0;0;2844;-2844
2024-01-31T15:00;2024-01-31T15:15;61;kWh;-654;0;0;0;654;-654
2024-01-31T15:15;2024-01-31T15:30;62;kWh;0;0;0;0;0;0
2024-01-31T15:30;2024-01-31T15:45;63;kWh;0;9;0;0;9;9
2024-01-31T15:45;2024-01-31T16:00;64;kWh;0;3231;0;0;3231;3231
2024-01-31T16:00;2024-01-31T16:15;65;kWh;0;5775;0;0;5775;5775
2024-01-31T16:15;2024-01-31T16:30;66;kWh;0;16804;0;0;16804;16804
2024-01-31T16:30;2024-01-31T16:45;67;kWh;0;8575;0;0;8575;8575
2024-01-31T16:45;2024-01-31T17:00;68;kWh;0;0;0;0;0;0
2024-01-31T17:00;2024-01-31T17:15;69;kWh;-4004;0;0;0;4004;-4004
2024-01-31T17:15;2024-01-31T17:30;70;kWh;-828;0;0;0;828;-828
2024-01-31T17:30;2024-01-31T17:45;71;kWh;0;0;0;0;0;0
2024-01-31T17:45;2024-01-31T18:00;72;kWh;0;0;0;0;0;0
2024-01-31T18:00;2024-01-31T18:15;73;kWh;0;2382;0;0;2382;2382
2024-01-31T18:15;2024-01-31T18:30;74;kWh;0;22916;0;0;22916;22916
2024-01-31T18:30;2024-01-31T18:45;75;kWh;-811;6074;0;0;6885;5263
2024-01-31T18:45;2024-01-31T19:00;76;kWh;-2569;0;0;0;2569;-2569
2024-01-31T19:00;2024-01-31T19:15;77;kWh;-1118;5364;0;0;6482;4246
2024-01-31T19:15;2024-01-31T19:30;78;kWh;0;7600;0;0;7600;7600
2024-01-31T19:30;2024-01-31T19:45;79;kWh;-173;1879;0;0;2052;1706
2024-01-31T19:45;2024-01-31T20:00;80;kWh;-485;0;0;0;485;-485
2024-01-31T20:00;2024-01-31T20:15;81;kWh;0;24808;0;0;24808;24808
2024-01-31T20:15;2024-01-31T20:30;82;kWh;0;28107;0;0;28107;28107
2024-01-31T20:30;2024-01-31T20:45;83;kWh;0;3428;0;0;3428;3428
2024-01-31T20:45;2024-01-31T21:00;84;kWh;-3;0;0;0;3;-3
2024-01-31T21:00;2024-01-31T21:15;85;kWh;-734;2046;0;0;2780;1312
2024-01-31T21:15;2024-01-31T21:30;86;kWh;0;13244;0;0;13244;13244
2024-01-31T21:30;2024-01-31T21:45;87;kWh;-342;15;0;0;357;-327
2024-01-31T21:45;2024-01-31T22:00;88;kWh;-6891;0;0;0;6891;-6891
2024-01-31T22:00;2024-01-31T22:15;89;kWh;-1013;1835;0;0;2848;822
2024-01-31T22:15;2024-01-31T22:30;90;kWh;0;626;0;0;626;626
2024-01-31T22:30;2024-01-31T22:45;91;kWh;-8097;0;0;0;8097;-8097
2024-01-31T22:45;2024-01-31T23:00;92;kWh;-16588;0;0;0;16588;-16588
2024-01-31T23:00;2024-01-31T23:15;93;kWh;-5487;8416;0;0;13903;2929
2024-01-31T23:15;2024-01-31T23:30;94;kWh;0;1939;0;0;1939;1939
2024-01-31T23:30;2024-01-31T23:45;95;kWh;0;0;0;0;0;0
2024-01-31T23:45;2024-02-01T00:00;96;kWh;-24;0;0;0;24;-24
2024-02-01T00:00;2024-02-01T00:15;1;kWh;-297;29180;0;0;29477;28883
2024-02-01T00:15;2024-02-01T00:30;2;kWh;0;44356;0;0;44356;44356
2024-02-01T00:30;2024-02-01T00:45;3;kWh;-1968;0;0;0;1968;-1968
2024-02-01T00:45;2024-02-01T01:00;4;kWh;-2;0;0;0;2;-2
2024-02-01T01:00;2024-02-01T01:15;5;kWh;-1190;0;0;0;1190;-1190
2024-02-01T01:15;2024-02-01T01:30;6;kWh;-551;0;0;0;551;-551
2024-02-01T01:30;2024-02-01T01:45;7;kWh;-2160;0;0;0;2160;-2160
2024-02-01T01:45;2024-02-01T02:00;8;kWh;-3059;0;0;0;3059;-3059
2024-02-01T02:00;2024-02-01T02:15;9;kWh;-6268;0;0;0;6268;-6268
2024-02-01T02:15;2024-02-01T02:30;10;kWh;-2402;0;0;0;2402;-2402
2024-02-01T02:30;2024-02-01T02:45;11;kWh;-9144;0;0;0;9144;-9144
2024-02-01T02:45;2024-02-01T03:00;12;kWh;-5637;0;0;0;5637;-5637
2024-02-01T03:00;2024-02-01T03:15;13;kWh;-5894;0;0;0;5894;-5894
2024-02-01T03:15;2024-02-01T03:30;14;kWh;-2638;4411;0;0;7049;1773
2024-02-01T03:30;2024-02-01T03:45;15;kWh;-1788;347;0;0;2135;-1441
2024-02-01T03:45;2024-02-01T04:00;16;kWh;-40;2104;0;0;2144;2064
2024-02-01T04:00;2024-02-01T04:15;17;kWh;0;2451;0;0;2451;2451
2024-02-01T04:15;2024-02-01T04:30;18;kWh;0;22343;0;0;22343;22343
2024-02-01T04:30;2024-02-01T04:45;19;kWh;0;1506;0;0;1506;1506
2024-02-01T04:45;2024-02-01T05:00;20;kWh;-43;0;0;0;43;-43
2024-02-01T05:00;2024-02-01T05:15;21;kWh;-13396;0;0;0;13396;-13396
2024-02-01T05:15;2024-02-01T05:30;22;kWh;-7060;0;0;0;7060;-7060
2024-02-01T05:30;2024-02-01T05:45;23;kWh;0;2254;0;0;2254;2254
2024-02-01T05:45;2024-02-01T06:00;24;kWh;0;33024;0;0;33024;33024
2024-02-01T06:00;2024-02-01T06:15;25;kWh;0;19553;0;0;19553;19553
2024-02-01T06:15;2024-02-01T06:30;26;kWh;0;2263;0;0;2263;2263
2024-02-01T06:30;2024-02-01T06:45;27;kWh;0;1113;0;0;1113;1113
2024-02-01T06:45;2024-02-01T07:00;28;kWh;-3115;978;0;0;4093;-2137
2024-02-01T07:00;2024-02-01T07:15;29;kWh;-18891;3005;0;0;21896;-15886
2024-02-01T07:15;2024-02-01T07:30;30;kWh;-630;204;0;0;834;-426
2024-02-01T07:30;2024-02-01T07:45;31;kWh;0;8918;0;0;8918;8918
2024-02-01T07:45;2024-02-01T08:00;32;kWh;-117;3427;0;0;3544;3310
2024-02-01T08:00;2024-02-01T08:15;33;kWh;-15952;0;0;0;15952;-15952
2024-02-01T08:15;2024-02-01T08:30;34;kWh;-9804;0;0;0;9804;-9804
2024-02-01T08:30;2024-02-01T08:45;35;kWh;-1483;0;0;0;1483;-1483
2024-02-01T08:45;2024-02-01T09:00;36;kWh;-1261;98;0;0;1359;-1163
2024-02-01T09:00;2024-02-01T09:15;37;kWh;0;12233;0;0;12233;12233
2024-02-01T09:15;2024-02-01T09:30;38;kWh;0;7490;0;0;7490;7490
2024-02-01T09:30;2024-02-01T09:45;39;kWh;-1880;430;0;0;2310;-1450
2024-02-01T09:45;2024-02-01T10:00;40;kWh;-12977;0;0;0;12977;-12977
2024-02-01T10:00;2024-02-01T10:15;41;kWh;-6228;0;0;0;6228;-6228
2024-02-01T10:15;2024-02-01T10:30;42;kWh;-11941;0;0;0;11941;-11941
2024-02-01T10:30;2024-02-01T10:45;43;kWh;-14804;0;0;0;14804;-14804
2024-02-01T10:45;2024-02-01T11:00;44;kWh;-14742;0;0;0;14742;-14742
2024-02-01T11:00;2024-02-01T11:15;45;kWh;-1838;0;0;0;1838;-1838
2024-02-01T11:15;2024-02-01T11:30;46;kWh;-2948;1905;0;0;4853;-1043
2024-02-01T11:30;2024-02-01T11:45;47;kWh;-3602;0;0;0;3602;-3602
2024-02-01T11:45;2024-02-01T12:00;48;kWh;-1278;0;0;0;1278;-1278
2024-02-01T12:00;2024-02-01T12:15;49;kWh;-650;1667;0;0;2317;1017
2024-02-01T12:15;2024-02-01T12:30;50;kWh;-2489;9367;0;0;11856;6878
2024-02-01T12:30;2024-02-01T12:45;51;kWh;0;27;0;0;27;27
2024-02-01T12:45;2024-02-01T13:00;52;kWh;0;0;0;0;0;0
2024-02-01T13:00;2024-02-01T13:15;53;kWh;-4655;0;0;0;4655;-4655
2024-02-01T13:15;2024-02-01T13:30;54;kWh;0;0;0;0;0;0
2024-02-01T13:30;2024-02-01T13:45;55;kWh;0;347;0;0;347;347
2024-02-01T13:45;2024-02-01T14:00;56;kWh;0;0;0;0;0;0
2024-02-01T14:00;2024-02-01T14:15;57;kWh;-5528;157;0;0;5685;-5371
2024-02-01T14:15;2024-02-01T14:30;58;kWh;0;1670;0;0;1670;1670
2024-02-01T14:30;2024-02-01T14:45;59;kWh;0;0;0;0;0;0
2024-02-01T14:45;2024-02-01T15:00;60;kWh;0;0;0;0;0;0
2024-02-01T15:00;2024-02-01T15:15;61;kWh;-10846;355;0;0;11201;-10491
2024-02-01T15:15;2024-02-01T15:30;62;kWh;0;0;0;0;0;0
2024-02-01T15:30;2024-02-01T15:45;63;kWh;0;0;0;0;0;0
2024-02-01T15:45;2024-02-01T16:00;64;kWh;-1643;2943;0;0;4586;1300
2024-02-01T16:00;2024-02-01T16:15;65;kWh;-1749;14166;0;0;15915;12417
2024-02-01T16:15;2024-02-01T16:30;66;kWh;-3097;0;0;0;3097;-3097
2024-02-01T16:30;2024-02-01T16:45;67;kWh;-7763;0;0;0;7763;-7763
2024-02-01T16:45;2024-02-01T17:00;68;kWh;-791;0;0;0;791;-791
2024-02-01T17:00;2024-02-01T17:15;69;kWh;0;183;0;0;183;183
2024-02-01T17:15;2024-02-01T17:30;70;kWh;0;3101;0;0;3101;3101
2024-02-01T17:30;2024-02-01T17:45;71;kWh;0;49118;0;0;49118;49118
2024-02-01T17:45;2024-02-01T18:00;72;kWh;0;65059;0;0;65059;65059
2024-02-01T18:00;2024-02-01T18:15;73;kWh;0;24184;0;0;24184;24184
2024-02-01T18:15;2024-02-01T18:30;74;kWh;0;0;0;0;0;0
2024-02-01T18:30;2024-02-01T18:45;75;kWh;0;0;0;0;0;0
2024-02-01T18:45;2024-02-01T19:00;76;kWh;0;4;0;0;4;4
2024-02-01T19:00;2024-02-01T19:15;77;kWh;0;17066;0;0;17066;17066
2024-02-01T19:15;2024-02-01T19:30;78;kWh;0;31642;0;0;31642;31642
2024-02-01T19:30;2024-02-01T19:45;79;kWh;0;2956;0;0;2956;2956
2024-02-01T19:45;2024-02-01T20:00;80;kWh;0;57;0;0;57;57
2024-02-01T20:00;2024-02-01T20:15;81;kWh;0;0;0;0;0;0
2024-02-01T20:15;2024-02-01T20:30;82;kWh;-3568;0;0;0;3568;-3568
2024-02-01T20:30;2024-02-01T20:45;83;kWh;-21871;0;0;0;21871;-21871
2024-02-01T20:45;2024-02-01T21:00;84;kWh;-29539;0;0;0;29539;-29539
2024-02-01T21:00;2024-02-01T21:15;85;kWh;-20076;0;0;0;20076;-20076
2024-02-01T21:15;2024-02-01T21:30;86;kWh;-4;104;0;0;108;100
2024-02-01T21:30;2024-02-01T21:45;87;kWh;0;4567;0;0;4567;4567
2024-02-01T21:45;2024-02-01T22:00;88;kWh;0;12134;0;0;12134;12134
2024-02-01T22:00;2024-02-01T22:15;89;kWh;0;105;0;0;105;105
2024-02-01T22:15;2024-02-01T22:30;90;kWh;0;868;0;0;868;868
2024-02-01T22:30;2024-02-01T22:45;91;kWh;-1326;0;0;0;1326;-1326
2024-02-01T22:45;2024-02-01T23:00;92;kWh;-2266;0;0;0;2266;-2266
2024-02-01T23:00;2024-02-01T23:15;93;kWh;-11163;0;0;0;11163;-11163
2024-02-01T23:15;2024-02-01T23:30;94;kWh;-146;49;0;0;195;-97
2024-02-01T23:30;2024-02-01T23:45;95;kWh;-2074;0;0;0;2074;-2074
2024-02-01T23:45;2024-02-02T00:00;96;kWh;-3250;0;0;0;3250;-3250
2024-02-02T00:00;2024-02-02T00:15;1;kWh;-2167;1003;0;0;3170;-1164
2024-02-02T00:15;2024-02-02T00:30;2;kWh;-6047;0;0;0;6047;-6047
2024-02-02T00:30;2024-02-02T00:45;3;kWh;-5185;0;0;0;5185;-5185
2024-02-02T00:45;2024-02-02T01:00;4;kWh;-3985;0;0;0;3985;-3985
2024-02-02T01:00;2024-02-02T01:15;5;kWh;-58;8478;0;0;8536;8420
2024-02-02T01:15;2024-02-02T01:30;6;kWh;0;2472;0;0;2472;2472
2024-02-02T01:30;2024-02-02T01:45;7;kWh;-11;0;0;0;11;-11
2024-02-02T01:45;2024-02-02T02:00;8;kWh;-8486;0;0;0;8486;-8486
2024-02-02T02:00;2024-02-02T02:15;9;kWh;-2557;3098;0;0;5655;541
2024-02-02T02:15;2024-02-02T02:30;10;kWh;-1531;44;0;0;1575;-1487
2024-02-02T02:30;2024-02-02T02:45;11;kWh;-1568;0;0;0;1568;-1568
2024-02-02T02:45;2024-02-02T03:00;12;kWh;-2977;0;0;0;2977;-2977
2024-02-02T03:00;2024-02-02T03:15;13;kWh;0;0;0;0;0;0
2024-02-02T03:15;2024-02-02T03:30;14;kWh;0;0;0;0;0;0
2024-02-02T03:30;2024-02-02T03:45;15;kWh;-785;0;0;0;785;-785
2024-02-02T03:45;2024-02-02T04:00;16;kWh;-5488;0;0;0;5488;-5488
2024-02-02T04:00;2024-02-02T04:15;17;kWh;-6;3614;0;0;3620;3608
2024-02-02T04:15;2024-02-02T04:30;18;kWh;0;120;0;0;120;120
2024-02-02T04:30;2024-02-02T04:45;19;kWh;0;1243;0;0;1243;1243
2024-02-02T04:45;2024-02-02T05:00;20;kWh;0;803;0;0;803;803
2024-02-02T05:00;2024-02-02T05:15;21;kWh;-1278;54;0;0;1332;-1224
2024-02-02T05:15;2024-02-02T05:30;22;kWh;0;925;0;0;925;925
2024-02-02T05:30;2024-02-02T05:45;23;kWh;0;5417;0;0;5417;5417
2024-02-02T05:45;2024-02-02T06:00;24;kWh;-46;8561;0;0;8607;8515
2024-02-02T06:00;2024-02-02T06:15;25;kWh;-3981;0;0;0;3981;-3981
2024-02-02T06:15;2024-02-02T06:30;26;kWh;0;0;0;0;0;0
2024-02-02T06:30;2024-02-02T06:45;27;kWh;0;0;0;0;0;0
2024-02-02T06:45;2024-02-02T07:00;28;kWh;-251;0;0;0;251;-251
2024-02-02T07:00;2024-02-02T07:15;29;kWh;-14799;0;0;0;14799;-14799
2024-02-02T07:15;2024-02-02T07:30;30;kWh;-5552;0;0;0;5552;-5552
2024-02-02T07:30;2024-02-02T07:45;31;kWh;-6314;14;0;0;6328;-6300
2024-02-02T07:45;2024-02-02T08:00;32;kWh;0;97;0;0;97;97
2024-02-02T08:00;2024-02-02T08:15;33;kWh;0;305;0;0;305;305
2024-02-02T08:15;2024-02-02T08:30;34;kWh;0;886;0;0;886;886
2024-02-02T08:30;2024-02-02T08:45;35;kWh;-2208;0;0;0;2208;-2208
2024-02-02T08:45;2024-02-02T09:00;36;kWh;-2551;0;0;0;2551;-2551
2024-02-02T09:00;2024-02-02T09:15;37;kWh;-1223;467;0;0;1690;-756
2024-02-02T09:15;2024-02-02T09:30;38;kWh;-2296;5217;0;0;7513;2921
2024-02-02T09:30;2024-02-02T09:45;39;kWh;-3645;0;0;0;3645;-3645
2024-02-02T09:45;2024-02-02T10:00;40;kWh;-4995;652;0;0;5647;-4343
2024-02-02T10:00;2024-02-02T10:15;41;kWh;-2679;580;0;0;3259;-2099
2024-02-02T10:15;2024-02-02T10:30;42;kWh;-12;6721;0;0;6733;6709
2024-02-02T10:30;2024-02-02T10:45;43;kWh;-2281;0;0;0;2281;-2281
2024-02-02T10:45;2024-02-02T11:00;44;kWh;-8975;0;0;0;8975;-8975
2024-02-02T11:00;2024-02-02T11:15;45;kWh;-9504;0;0;0;9504;-9504
2024-02-02T11:15;2024-02-02T11:30;46;kWh;-5690;927;0;0;6617;-4763
2024-02-02T11:30;2024-02-02T11:45;47;kWh;-2106;849;0;0;2955;-1257
2024-02-02T11:45;2024-02-02T12:00;48;kWh;-2389;0;0;0;2389;-2389
2024-02-02T12:00;2024-02-02T12:15;49;kWh;0;785;0;0;785;785
2024-02-02T12:15;2024-02-02T12:30;50;kWh;0;1613;0;0;1613;1613
2024-02-02T12:30;2024-02-02T12:45;51;kWh;0;20798;0;0;20798;20798
2024-02-02T12:45;2024-02-02T13:00;52;kWh;0;1815;0;0;1815;1815
2024-02-02T13:00;2024-02-02T13:15;53;kWh;0;456;0;0;456;456
2024-02-02T13:15;2024-02-02T13:30;54;kWh;0;666;0;0;666;666
2024-02-02T13:30;2024-02-02T13:45;55;kWh;0;0;0;0;0;0
2024-02-02T13:45;2024-02-02T14:00;56;kWh;-745;0;0;0;745;-745
2024-02-02T14:00;2024-02-02T14:15;57;kWh;-7733;0;0;0;7733;-7733
2024-02-02T14:15;2024-02-02T14:30;58;kWh;-5598;0;0;0;5598;-5598
2024-02-02T14:30;2024-02-02T14:45;59;kWh;-4190;60;0;0;4250;-4130
2024-02-02T14:45;2024-02-02T15:00;60;kWh;-3575;316;0;0;3891;-3259
2024-02-02T15:00;2024-02-02T15:15;61;kWh;-7;11;0;0;18;4
2024-02-02T15:15;2024-02-02T15:30;62;kWh;-2773;2153;0;0;4926;-620
2024-02-02T15:30;2024-02-02T15:45;63;kWh;0;2391;0;0;2391;2391
2024-02-02T15:45;2024-02-02T16:00;64;kWh;-6327;300;0;0;6627;-6027
2024-02-02T16:00;2024-02-02T16:15;65;kWh;-927;1280;0;0;2207;353
2024-02-02T16:15;2024-02-02T16:30;66;kWh;-5118;0;0;0;5118;-5118
2024-02-02T16:30;2024-02-02T16:45;67;kWh;-5789;0;0;0;5789;-5789
2024-02-02T16:45;2024-02-02T17:00;68;kWh;-4021;0;0;0;4021;-4021
2024-02-02T17:00;2024-02-02T17:15;69;kWh;-2263;1977;0;0;4240;-286
2024-02-02T17:15;2024-02-02T17:30;70;kWh;0;12780;0;0;12780;12780
2024-02-02T17:30;2024-02-02T17:45;71;kWh;0;16031;0;0;16031;16031
2024-02-02T17:45;2024-02-02T18:00;72;kWh;0;9542;0;0;9542;9542
2024-02-02T18:00;2024-02-02T18:15;73;kWh;0;779;0;0;779;779
2024-02-02T18:15;2024-02-02T18:30;74;kWh;0;0;0;0;0;0
2024-02-02T18:30;2024-02-02T18:45;75;kWh;-3753;0;0;0;3753;-3753
2024-02-02T18:45;2024-02-02T19:00;76;kWh;-5044;0;0;0;5044;-5044
2024-02-02T19:00;2024-02-02T19:15;77;kWh;-5411;0;0;0;5411;-5411
2024-02-02T19:15;2024-02-02T19:30;78;kWh;-3613;0;0;0;3613;-3613
2024-02-02T19:30;2024-02-02T19:45;79;kWh;-6947;0;0;0;6947;-6947
2024-02-02T19:45;2024-02-02T20:00;80;kWh;-3234;0;0;0;3234;-3234
2024-02-02T20:00;2024-02-02T20:15;81;kWh;-1761;3484;0;0;5245;1723
2024-02-02T20:15;2024-02-02T20:30;82;kWh;-3762;313;0;0;4075;-3449
2024-02-02T20:30;2024-02-02T20:45;83;kWh;-5705;0;0;0;5705;-5705
2024-02-02T20:45;2024-02-02T21:00;84;kWh;-2826;0;0;0;2826;-2826
2024-02-02T21:00;2024-02-02T21:15;85;kWh;-2021;2892;0;0;4913;871
2024-02-02T21:15;2024-02-02T21:30;86;kWh;0;67;0;0;67;67
2024-02-02T21:30;2024-02-02T21:45;87;kWh;-5425;0;0;0;5425;-5425
2024-02-02T21:45;2024-02-02T22:00;88;kWh;-4010;0;0;0;4010;-4010
2024-02-02T22:00;2024-02-02T22:15;89;kWh;-2307;329;0;0;2636;-1978
2024-02-02T22:15;2024-02-02T22:30;90;kWh;0;0;0;0;0;0
2024-02-02T22:30;2024-02-02T22:45;91;kWh;0;5049;0;0;5049;5049
2024-02-02T22:45;2024-02-02T23:00;92;kWh;0;1047;0;0;1047;1047
2024-02-02T23:00;2024-02-02T23:15;93;kWh;0;9526;0;0;9526;9526
2024-02-02T23:15;2024-02-02T23:30;94;kWh;0;11912;0;0;11912;11912
2024-02-02T23:30;2024-02-02T23:45;95;kWh;-2273;0;0;0;2273;-2273
2024-02-02T23:45;2024-02-03T00:00;96;kWh;-2266;0;0;0;2266;-2266
2024-02-03T00:00;2024-02-03T00:15;1;kWh;-29;4211;0;0;4240;4182
2024-02-03T00:15;2024-02-03T00:30;2;kWh;0;1772;0;0;1772;1772
2024-02-03T00:30;2024-02-03T00:45;3;kWh;-949;277;0;0;1226;-672
2024-02-03T00:45;2024-02-03T01:00;4;kWh;-3403;16;0;0;3419;-3387
2024-02-03T01:00;2024-02-03T01:15;5;kWh;-394;0;0;0;394;-394
2024-02-03T01:15;2024-02-03T01:30;6;kWh;-1507;0;0;0;1507;-1507
2024-02-03T01:30;2024-02-03T01:45;7;kWh;-4806;0;0;0;4806;-4806
2024-02-03T01:45;2024-02-03T02:00;8;kWh;-10905;15;0;0;10920;-10890
2024-02-03T02:00;2024-02-03T02:15;9;kWh;-1278;198;0;0;1476;-1080
2024-02-03T02:15;2024-02-03T02:30;10;kWh;-2714;0;0;0;2714;-2714
2024-02-03T02:30;2024-02-03T02:45;11;kWh;-3554;0;0;0;3554;-3554
2024-02-03T02:45;2024-02-03T03:00;12;kWh;-592;0;0;0;592;-592
2024-02-03T03:00;2024-02-03T03:15;13;kWh;0;930;0;0;930;930
2024-02-03T03:15;2024-02-03T03:30;14;kWh;0;515;0;0;515;515
2024-02-03T03:30;2024-02-03T03:45;15;kWh;0;2948;0;0;2948;2948
2024-02-03T03:45;2024-02-03T04:00;16;kWh;0;513;0;0;513;513
2024-02-03T04:00;2024-02-03T04:15;17;kWh;0;0;0;0;0;0
2024-02-03T04:15;2024-02-03T04:30;18;kWh;0;0;0;0;0;0
2024-02-03T04:30;2024-02-03T04:45;19;kWh;0;0;0;0;0;0
2024-02-03T04:45;2024-02-03T05:00;20;kWh;-182;0;0;0;182;-182
2024-02-03T05:00;2024-02-03T05:15;21;kWh;-3471;501;0;0;3972;-2970
2024-02-03T05:15;2024-02-03T05:30;22;kWh;-5501;7;0;0;5508;-5494
2024-02-03T05:30;2024-02-03T05:45;23;kWh;-2647;1370;0;0;4017;-1277
2024-02-03T05:45;2024-02-03T06:00;24;kWh;-3942;1063;0;0;5005;-2879
2024-02-03T06:00;2024-02-03T06:15;25;kWh;-4063;0;0;0;4063;-4063
2024-02-03T06:15;2024-02-03T06:30;26;kWh;-2438;1089;0;0;3527;-1349
2024-02-03T06:30;2024-02-03T06:45;27;kWh;0;1646;0;0;1646;1646
2024-02-03T06:45;2024-02-03T07:00;28;kWh;0;0;0;0;0;0
2024-02-03T07:00;2024-02-03T07:15;29;kWh;-4387;462;0;0;4849;-3925
2024-02-03T07:15;2024-02-03T07:30;30;kWh;-4340;152;0;0;4492;-4188
2024-02-03T07:30;2024-02-03T07:45;31;kWh;-458;47;0;0;505;-411
2024-02-03T07:45;2024-02-03T08:00;32;kWh;-948;0;0;0;948;-948
2024-02-03T08:00;2024-02-03T08:15;33;kWh;-4883;0;0;0;4883;-4883
2024-02-03T08:15;2024-02-03T08:30;34;kWh;-2715;0;0;0;2715;-2715
2024-02-03T08:30;2024-02-03T08:45;35;kWh;0;0;0;0;0;0
2024-02-03T08:45;2024-02-03T09:00;36;kWh;0;31;0;0;31;31
2024-02-03T09:00;2024-02-03T09:15;37;kWh;0;29624;0;0;29624;29624
2024-02-03T09:15;2024-02-03T09:30;38;kWh;0;738;0;0;738;738
2024-02-03T09:30;2024-02-03T09:45;39;kWh;0;0;0;0;0;0
2024-02-03T09:45;2024-02-03T10:00;40;kWh;-119;0;0;0;119;-119
2024-02-03T10:00;2024-02-03T10:15;41;kWh;-484;10839;0;0;11323;10355
2024-02-03T10:15;2024-02-03T10:30;42;kWh;-2223;939;0;0;3162;-1284
2024-02-03T10:30;2024-02-03T10:45;43;kWh;-2389;0;0;0;2389;-2389
2024-02-03T10:45;2024-02-03T11:00;44;kWh;-3065;0;0;0;3065;-3065
2024-02-03T11:00;2024-02-03T11:15;45;kWh;-2313;9;0;0;2322;-2304
2024-02-03T11:15;2024-02-03T11:30;46;kWh;-2500;110;0;0;2610;-2390
2024-02-03T11:30;2024-02-03T11:45;47;kWh;-4302;296;0;0;4598;-4006
2024-02-03T11:45;2024-02-03T12:00;48;kWh;-1205;52;0;0;1257;-1153
2024-02-03T12:00;2024-02-03T12:15;49;kWh;0;27786;0;0;27786;27786
2024-02-03T12:15;2024-02-03T12:30;50;kWh;-17;15254;0;0;15271;15237
2024-02-03T12:30;2024-02-03T12:45;51;kWh;-501;940;0;0;1441;439
2024-02-03T12:45;2024-02-03T13:00;52;kWh;0;1457;0;0;1457;1457
2024-02-03T13:00;2024-02-03T13:15;53;kWh;0;5841;0;0;5841;5841
2024-02-03T13:15;2024-02-03T13:30;54;kWh;0;1688;0;0;1688;1688
2024-02-03T13:30;2024-02-03T13:45;55;kWh;0;0;0;0;0;0
2024-02-03T13:45;2024-02-03T14:00;56;kWh;-3033;0;0;0;3033;-3033
2024-02-03T14:00;2024-02-03T14:15;57;kWh;-7057;0;0;0;7057;-7057
2024-02-03T14:15;2024-02-03T14:30;58;kWh;-2246;0;0;0;2246;-2246
2024-02-03T14:30;2024-02-03T14:45;59;kWh;-1822;0;0;0;1822;-1822
2024-02-03T14:45;2024-02-03T15:00;60;kWh;-2027;0;0;0;2027;-2027
2024-02-03T15:00;2024-02-03T15:15;61;kWh;-9668;0;0;0;9668;-9668
2024-02-03T15:15;2024-02-03T15:30;62;kWh;-5202;0;0;0;5202;-5202
2024-02-03T15:30;2024-02-03T15:45;63;kWh;-3674;0;0;0;3674;-3674
2024-02-03T15:45;2024-02-03T16:00;64;kWh;-345;577;0;0;922;232
2024-02-03T16:00;2024-02-03T16:15;65;kWh;-5096;169;0;0;5265;-4927
2024-02-03T16:15;2024-02-03T16:30;66;kWh;-1793;2247;0;0;4040;454
2024-02-03T16:30;2024-02-03T16:45;67;kWh;0;2369;0;0;2369;2369
2024-02-03T16:45;2024-02-03T17:00;68;kWh;-14;0;0;0;14;-14
2024-02-03T17:00;2024-02-03T17:15;69;kWh;-9635;0;0;0;9635;-9635
2024-02-03T17:15;2024-02-03T17:30;70;kWh;-10014;2595;0;0;12609;-7419
2024-02-03T17:30;2024-02-03T17:45;71;kWh;-6788;3765;0;0;10553;-3023
2024-02-03T17:45;2024-02-03T18:00;72;kWh;0;26671;0;0;26671;26671
2024-02-03T18:00;2024-02-03T18:15;73;kWh;0;15718;0;0;15718;15718
2024-02-03T18:15;2024-02-03T18:30;74;kWh;0;16190;0;0;16190;16190
2024-02-03T18:30;2024-02-03T18:45;75;kWh;0;32049;0;0;32049;32049
2024-02-03T18:45;2024-02-03T19:00;76;kWh;0;28504;0;0;28504;28504
2024-02-03T19:00;2024-02-03T19:15;77;kWh;0;310;0;0;310;310
2024-02-03T19:15;2024-02-03T19:30;78;kWh;0;0;0;0;0;0
2024-02-03T19:30;2024-02-03T19:45;79;kWh;-70;0;0;0;70;-70
2024-02-03T19:45;2024-02-03T20:00;80;kWh;-11438;0;0;0;11438;-11438
2024-02-03T20:00;2024-02-03T20:15;81;kWh;-270;0;0;0;270;-270
2024-02-03T20:15;2024-02-03T20:30;82;kWh;-5;0;0;0;5;-5
2024-02-03T20:30;2024-02-03T20:45;83;kWh;-8541;0;0;0;8541;-8541
2024-02-03T20:45;2024-02-03T21:00;84;kWh;-3822;0;0;0;3822;-3822
2024-02-03T21:00;2024-02-03T21:15;85;kWh;-1771;0;0;0;1771;-1771
2024-02-03T21:15;2024-02-03T21:30;86;kWh;-6509;0;0;0;6509;-6509
2024-02-03T21:30;2024-02-03T21:45;87;kWh;-2246;0;0;0;2246;-2246
2024-02-03T21:45;2024-02-03T22:00;88;kWh;-4316;0;0;0;4316;-4316
2024-02-03T22:00;2024-02-03T22:15;89;kWh;-2482;0;0;0;2482;-2482
2024-02-03T22:15;2024-02-03T22:30;90;kWh;-2542;0;0;0;2542;-2542
2024-02-03T22:30;2024-02-03T22:45;91;kWh;-2126;0;0;0;2126;-2126
2024-02-03T22:45;2024-02-03T23:00;92;kWh;-2666;0;0;0;2666;-2666
2024-02-03T23:00;2024-02-03T23:15;93;kWh;-525;260;0;0;785;-265
2024-02-03T23:15;2024-02-03T23:30;94;kWh;0;0;0;0;0;0
2024-02-03T23:30;2024-02-03T23:45;95;kWh;-1391;0;0;0;1391;-1391
2024-02-03T23:45;2024-02-04T00:00;96;kWh;-2046;0;0;0;2046;-2046
2024-02-04T00:00;2024-02-04T00:15;1;kWh;-4892;1052;0;0;5944;-3840
2024-02-04T00:15;2024-02-04T00:30;2;kWh;-508;93;0;0;601;-415
2024-02-04T00:30;2024-02-04T00:45;3;kWh;-533;0;0;0;533;-533
2024-02-04T00:45;2024-02-04T01:00;4;kWh;-1123;0;0;0;1123;-1123
2024-02-04T01:00;2024-02-04T01:15;5;kWh;0;0;0;0;0;0
2024-02-04T01:15;2024-02-04T01:30;6;kWh;0;0;0;0;0;0
2024-02-04T01:30;2024-02-04T01:45;7;kWh;0;0;0;0;0;0
2024-02-04T01:45;2024-02-04T02:00;8;kWh;-146;0;0;0;146;-146
2024-02-04T02:00;2024-02-04T02:15;9;kWh;-538;0;0;0;538;-538
2024-02-04T02:15;2024-02-04T02:30;10;kWh;0;0;0;0;0;0
2024-02-04T02:30;2024-02-04T02:45;11;kWh;-540;0;0;0;540;-540
2024-02-04T02:45;2024-02-04T03:00;12;kWh;-1618;0;0;0;1618;-1618
2024-02-04T03:00;2024-02-04T03:15;13;kWh;-1841;0;0;0;1841;-1841
2024-02-04T03:15;2024-02-04T03:30;14;kWh;-744;0;0;0;744;-744
2024-02-04T03:30;2024-02-04T03:45;15;kWh;-2593;0;0;0;2593;-2593
2024-02-04T03:45;2024-02-04T04:00;16;kWh;-8739;0;0;0;8739;-8739
2024-02-04T04:00;2024-02-04T04:15;17;kWh;-7269;0;0;0;7269;-7269
2024-02-04T04:15;2024-02-04T04:30;18;kWh;-1497;0;0;0;1497;-1497
2024-02-04T04:30;2024-02-04T04:45;19;kWh;-4776;0;0;0;4776;-4776
2024-02-04T04:45;2024-02-04T05:00;20;kWh;-1771;0;0;0;1771;-1771
2024-02-04T05:00;2024-02-04T05:15;21;kWh;-11638;0;0;0;11638;-11638
2024-02-04T05:15;2024-02-04T05:30;22;kWh;-11484;0;0;0;11484;-11484
2024-02-04T05:30;2024-02-04T05:45;23;kWh;-11769;0;0;0;11769;-11769
2024-02-04T05:45;2024-02-04T06:00;24;kWh;-8884;0;0;0;8884;-8884
2024-02-04T06:00;2024-02-04T06:15;25;kWh;-9155;0;0;0;9155;-9155
2024-02-04T06:15;2024-02-04T06:30;26;kWh;-2680;0;0;0;2680;-2680
2024-02-04T06:30;2024-02-04T06:45;27;kWh;-784;0;0;0;784;-784
2024-02-04T06:45;2024-02-04T07:00;28;kWh;-1371;0;0;0;1371;-1371
2024-02-04T07:00;2024-02-04T07:15;29;kWh;-7576;0;0;0;7576;-7576
2024-02-04T07:15;2024-02-04T07:30;30;kWh;-2801;0;0;0;2801;-2801
2024-02-04T07:30;2024-02-04T07:45;31;kWh;-4682;0;0;0;4682;-4682
2024-02-04T07:45;2024-02-04T08:00;32;kWh;-6879;0;0;0;6879;-6879
2024-02-04T08:00;2024-02-04T08:15;33;kWh;-1185;0;0;0;1185;-1185
2024-02-04T08:15;2024-02-04T08:30;34;kWh;-1052;0;0;0;1052;-1052
2024-02-04T08:30;2024-02-04T08:45;35;kWh;-1025;0;0;0;1025;-1025
2024-02-04T08:45;2024-02-04T09:00;36;kWh;-2129;0;0;0;2129;-2129
2024-02-04T09:00;2024-02-04T09:15;37;kWh;0;495;0;0;495;495
2024-02-04T09:15;2024-02-04T09:30;38;kWh;0;0;0;0;0;0
2024-02-04T09:30;2024-02-04T09:45;39;kWh;0;0;0;0;0;0
2024-02-04T09:45;2024-02-04T10:00;40;kWh;0;0;0;0;0;0
2024-02-04T10:00;2024-02-04T10:15;41;kWh;0;23269;0;0;23269;23269
2024-02-04T10:15;2024-02-04T10:30;42;kWh;0;7404;0;0;7404;7404
2024-02-04T10:30;2024-02-04T10:45;43;kWh;-135;0;0;0;135;-135
2024-02-04T10:45;2024-02-04T11:00;44;kWh;-2465;0;0;0;2465;-2465
2024-02-04T11:00;2024-02-04T11:15;45;kWh;-860;1091;0;0;1951;231
2024-02-04T11:15;2024-02-04T11:30;46;kWh;-2678;168;0;0;2846;-2510
2024-02-04T11:30;2024-02-04T11:45;47;kWh;0;0;0;0;0;0
2024-02-04T11:45;2024-02-04T12:00;48;kWh;0;0;0;0;0;0
2024-02-04T12:00;2024-02-04T12:15;49;kWh;0;4320;0;0;4320;4320
2024-02-04T12:15;2024-02-04T12:30;50;kWh;0;27163;0;0;27163;27163
2024-02-04T12:30;2024-02-04T12:45;51;kWh;0;897;0;0;897;897
2024-02-04T12:45;2024-02-04T13:00;52;kWh;0;0;0;0;0;0
2024-02-04T13:00;2024-02-04T13:15;53;kWh;0;5660;0;0;5660;5660
2024-02-04T13:15;2024-02-04T13:30;54;kWh;-1018;552;0;0;1570;-466
2024-02-04T13:30;2024-02-04T13:45;55;kWh;-1448;0;0;0;1448;-1448
2024-02-04T13:45;2024-02-04T14:00;56;kWh;0;0;0;0;0;0
2024-02-04T14:00;2024-02-04T14:15;57;kWh;0;0;0;0;0;0
2024-02-04T14:15;2024-02-04T14:30;58;kWh;0;6718;0;0;6718;6718
2024-02-04T14:30;2024-02-04T14:45;59;kWh;0;17559;0;0;17559;17559
2024-02-04T14:45;2024-02-04T15:00;60;kWh;0;14900;0;0;14900;14900
2024-02-04T15:00;2024-02-04T15:15;61;kWh;0;435;0;0;435;435
2024-02-04T15:15;2024-02-04T15:30;62;kWh;0;2611;0;0;2611;2611
2024-02-04T15:30;2024-02-04T15:45;63;kWh;0;59;0;0;59;59
2024-02-04T15:45;2024-02-04T16:00;64;kWh;0;330;0;0;330;330
2024-02-04T16:00;2024-02-04T16:15;65;kWh;-6232;0;0;0;6232;-6232
2024-02-04T16:15;2024-02-04T16:30;66;kWh;-1769;0;0;0;1769;-1769
2024-02-04T16:30;2024-02-04T16:45;67;kWh;-290;0;0;0;290;-290
2024-02-04T16:45;2024-02-04T17:00;68;kWh;0;0;0;0;0;0
2024-02-04T17:00;2024-02-04T17:15;69;kWh;-4338;1239;0;0;5577;-3099
2024-02-04T17:15;2024-02-04T17:30;70;kWh;0;953;0;0;953;953
2024-02-04T17:30;2024-02-04T17:45;71;kWh;0;9549;0;0;9549;9549
2024-02-04T17:45;2024-02-04T18:00;72;kWh;0;25345;0;0;25345;25345
2024-02-04T18:00;2024-02-04T18:15;73;kWh;0;9199;0;0;9199;9199
2024-02-04T18:15;2024-02-04T18:30;74;kWh;0;12835;0;0;12835;12835
2024-02-04T18:30;2024-02-04T18:45;75;kWh;0;10356;0;0;10356;10356
2024-02-04T18:45;2024-02-04T19:00;76;kWh;0;7;0;0;7;7
2024-02-04T19:00;2024-02-04T19:15;77;kWh;0;24479;0;0;24479;24479
2024-02-04T19:15;2024-02-04T19:30;78;kWh;0;26291;0;0;26291;26291
2024-02-04T19:30;2024-02-04T19:45;79;kWh;0;994;0;0;994;994
2024-02-04T19:45;2024-02-04T20:00;80;kWh;0;0;0;0;0;0
2024-02-04T20:00;2024-02-04T20:15;81;kWh;0;4359;0;0;4359;4359
2024-02-04T20:15;2024-02-04T20:30;82;kWh;0;0;0;0;0;0
2024-02-04T20:30;2024-02-04T20:45;83;kWh;-1483;612;0;0;2095;-871
2024-02-04T20:45;2024-02-04T21:00;84;kWh;-1116;0;0;0;1116;-1116
2024-02-04T21:00;2024-02-04T21:15;85;kWh;0;2040;0;0;2040;2040
2024-02-04T21:15;2024-02-04T21:30;86;kWh;0;78;0;0;78;78
2024-02-04T21:30;2024-02-04T21:45;87;kWh;0;0;0;0;0;0
2024-02-04T21:45;2024-02-04T22:00;88;kWh;0;0;0;0;0;0
2024-02-04T22:00;2024-02-04T22:15;89;kWh;0;0;0;0;0;0
2024-02-04T22:15;2024-02-04T22:30;90;kWh;0;0;0;0;0;0
2024-02-04T22:30;2024-02-04T22:45;91;kWh;0;0;0;0;0;0
2024-02-04T22:45;2024-02-04T23:00;92;kWh;0;0;0;0;0;0
2024-02-04T23:00;2024-02-04T23:15;93;kWh;0;5690;0;0;5690;5690
2024-02-04T23:15;2024-02-04T23:30;94;kWh;0;0;0;0;0;0
2024-02-04T23:30;2024-02-04T23:45;95;kWh;-1525;0;0;0;1525;-1525
2024-02-04T23:45;2024-02-05T00:00;96;kWh;-1966;0;0;0;1966;-1966
2024-02-05T00:00;2024-02-05T00:15;1;kWh;-8189;727;0;0;8916;-7462
2024-02-05T00:15;2024-02-05T00:30;2;kWh;-2836;0;0;0;2836;-2836
2024-02-05T00:30;2024-02-05T00:45;3;kWh;-864;0;0;0;864;-864
2024-02-05T00:45;2024-02-05T01:00;4;kWh;-649;0;0;0;649;-649
2024-02-05T01:00;2024-02-05T01:15;5;kWh;-4;0;0;0;4;-4
2024-02-05T01:15;2024-02-05T01:30;6;kWh;-1124;0;0;0;1124;-1124
2024-02-05T01:30;2024-02-05T01:45;7;kWh;-1520;0;0;0;1520;-1520
2024-02-05T01:45;2024-02-05T02:00;8;kWh;-1925;0;0;0;1925;-1925
2024-02-05T02:00;2024-02-05T02:15;9;kWh;-1883;0;0;0;1883;-1883
2024-02-05T02:15;2024-02-05T02:30;10;kWh;-1617;0;0;0;1617;-1617
2024-02-05T02:30;2024-02-05T02:45;11;kWh;-940;0;0;0;940;-940
2024-02-05T02:45;2024-02-05T03:00;12;kWh;-728;0;0;0;728;-728
2024-02-05T03:00;2024-02-05T03:15;13;kWh;0;0;0;0;0;0
2024-02-05T03:15;2024-02-05T03:30;14;kWh;0;0;0;0;0;0
2024-02-05T03:30;2024-02-05T03:45;15;kWh;-409;0;0;0;409;-409
2024-02-05T03:45;2024-02-05T04:00;16;kWh;-2402;0;0;0;2402;-2402
2024-02-05T04:00;2024-02-05T04:15;17;kWh;-3744;7760;0;0;11504;4016
2024-02-05T04:15;2024-02-05T04:30;18;kWh;-1362;2;0;0;1364;-1360
2024-02-05T04:30;2024-02-05T04:45;19;kWh;-682;0;0;0;682;-682
2024-02-05T04:45;2024-02-05T05:00;20;kWh;-842;76;0;0;918;-766
2024-02-05T05:00;2024-02-05T05:15;21;kWh;-4779;206;0;0;4985;-4573
2024-02-05T05:15;2024-02-05T05:30;22;kWh;-2192;0;0;0;2192;-2192
2024-02-05T05:30;2024-02-05T05:45;23;kWh;0;0;0;0;0;0
2024-02-05T05:45;2024-02-05T06:00;24;kWh;0;1062;0;0;1062;1062
2024-02-05T06:00;2024-02-05T06:15;25;kWh;0;510;0;0;510;510
2024-02-05T06:15;2024-02-05T06:30;26;kWh;0;582;0;0;582;582
2024-02-05T06:30;2024-02-05T06:45;27;kWh;0;14917;0;0;14917;14917
2024-02-05T06:45;2024-02-05T07:00;28;kWh;0;7880;0;0;7880;7880
2024-02-05T07:00;2024-02-05T07:15;29;kWh;0;0;0;0;0;0
2024-02-05T07:15;2024-02-05T07:30;30;kWh;0;1306;0;0;1306;1306
2024-02-05T07:30;2024-02-05T07:45;31;kWh;0;7384;0;0;7384;7384
2024-02-05T07:45;2024-02-05T08:00;32;kWh;0;41938;0;0;41938;41938
2024-02-05T08:00;2024-02-05T08:15;33;kWh;-590;1368;0;0;1958;778
2024-02-05T08:15;2024-02-05T08:30;34;kWh;0;0;0;0;0;0
2024-02-05T08:30;2024-02-05T08:45;35;kWh;0;0;0;0;0;0
2024-02-05T08:45;2024-02-05T09:00;36;kWh;0;0;0;0;0;0
2024-02-05T09:00;2024-02-05T09:15;37;kWh;0;18783;0;0;18783;18783
2024-02-05T09:15;2024-02-05T09:30;38;kWh;0;793;0;0;793;793
2024-02-05T09:30;2024-02-05T09:45;39;kWh;0;0;0;0;0;0
2024-02-05T09:45;2024-02-05T10:00;40;kWh;0;0;0;0;0;0
2024-02-05T10:00;2024-02-05T10:15;41;kWh;0;36176;0;0;36176;36176
2024-02-05T10:15;2024-02-05T10:30;42;kWh;0;4299;0;0;4299;4299
2024-02-05T10:30;2024-02-05T10:45;43;kWh;0;2734;0;0;2734;2734
2024-02-05T10:45;2024-02-05T11:00;44;kWh;0;24886;0;0;24886;24886
2024-02-05T11:00;2024-02-05T11:15;45;kWh;0;30889;0;0;30889;30889
2024-02-05T11:15;2024-02-05T11:30;46;kWh;0;12113;0;0;12113;12113
2024-02-05T11:30;2024-02-05T11:45;47;kWh;0;4000;0;0;4000;4000
2024-02-05T11:45;2024-02-05T12:00;48;kWh;0;164;0;0;164;164
2024-02-05T12:00;2024-02-05T12:15;49;kWh;-179;167;0;0;346;-12
2024-02-05T12:15;2024-02-05T12:30;50;kWh;-3438;0;0;0;3438;-3438
2024-02-05T12:30;2024-02-05T12:45;51;kWh;-3241;0;0;0;3241;-3241
2024-02-05T12:45;2024-02-05T13:00;52;kWh;-8963;0;0;0;8963;-8963
2024-02-05T13:00;2024-02-05T13:15;53;kWh;0;9284;0;0;9284;9284
2024-02-05T13:15;2024-02-05T13:30;54;kWh;0;7482;0;0;7482;7482
2024-02-05T13:30;2024-02-05T13:45;55;kWh;0;28068;0;0;28068;28068
2024-02-05T13:45;2024-02-05T14:00;56;kWh;0;14625;0;0;14625;14625
2024-02-05T14:00;2024-02-05T14:15;57;kWh;0;2710;0;0;2710;2710
2024-02-05T14:15;2024-02-05T14:30;58;kWh;0;18754;0;0;18754;18754
2024-02-05T14:30;2024-02-05T14:45;59;kWh;0;26445;0;0;26445;26445
2024-02-05T14:45;2024-02-05T15:00;60;kWh;0;35318;0;0;35318;35318
2024-02-05T15:00;2024-02-05T15:15;61;kWh;-6344;5064;0;0;11408;-1280
2024-02-05T15:15;2024-02-05T15:30;62;kWh;-2241;333;0;0;2574;-1908
2024-02-05T15:30;2024-02-05T15:45;63;kWh;-2171;0;0;0;2171;-2171
2024-02-05T15:45;2024-02-05T16:00;64;kWh;0;2785;0;0;2785;2785
2024-02-05T16:00;2024-02-05T16:15;65;kWh;-6869;2030;0;0;8899;-4839
2024-02-05T16:15;2024-02-05T16:30;66;kWh;-3260;4184;0;0;7444;924
2024-02-05T16:30;2024-02-05T16:45;67;kWh;-1968;11993;0;0;13961;10025
2024-02-05T16:45;2024-02-05T17:00;68;kWh;0;12348;0;0;12348;12348
2024-02-05T17:00;2024-02-05T17:15;69;kWh;-165;0;0;0;165;-165
2024-02-05T17:15;2024-02-05T17:30;70;kWh;0;0;0;0;0;0
2024-02-05T17:30;2024-02-05T17:45;71;kWh;0;1015;0;0;1015;1015
2024-02-05T17:45;2024-02-05T18:00;72;kWh;0;18086;0;0;18086;18086
2024-02-05T18:00;2024-02-05T18:15;73;kWh;0;901;0;0;901;901
2024-02-05T18:15;2024-02-05T18:30;74;kWh;0;1062;0;0;1062;1062
2024-02-05T18:30;2024-02-05T18:45;75;kWh;0;24;0;0;24;24
2024-02-05T18:45;2024-02-05T19:00;76;kWh;0;0;0;0;0;0
2024-02-05T19:00;2024-02-05T19:15;77;kWh;0;37390;0;0;37390;37390
2024-02-05T19:15;2024-02-05T19:30;78;kWh;0;50093;0;0;50093;50093
2024-02-05T19:30;2024-02-05T19:45;79;kWh;0;6977;0;0;6977;6977
2024-02-05T19:45;2024-02-05T20:00;80;kWh;0;309;0;0;309;309
2024-02-05T20:00;2024-02-05T20:15;81;kWh;0;29216;0;0;29216;29216
2024-02-05T20:15;2024-02-05T20:30;82;kWh;0;11468;0;0;11468;11468
2024-02-05T20:30;2024-02-05T20:45;83;kWh;0;925;0;0;925;925
2024-02-05T20:45;2024-02-05T21:00;84;kWh;0;171;0;0;171;171
2024-02-05T21:00;2024-02-05T21:15;85;kWh;0;15474;0;0;15474;15474
2024-02-05T21:15;2024-02-05T21:30;86;kWh;0;15925;0;0;15925;15925
2024-02-05T21:30;2024-02-05T21:45;87;kWh;0;0;0;0;0;0
2024-02-05T21:45;2024-02-05T22:00;88;kWh;0;0;0;0;0;0
2024-02-05T22:00;2024-02-05T22:15;89;kWh;0;0;0;0;0;0
2024-02-05T22:15;2024-02-05T22:30;90;kWh;0;0;0;0;0;0
2024-02-05T22:30;2024-02-05T22:45;91;kWh;0;0;0;0;0;0
2024-02-05T22:45;2024-02-05T23:00;92;kWh;-2593;52;0;0;2645;-2541
2024-02-05T23:00;2024-02-05T23:15;93;kWh;-10;19;0;0;29;9
2024-02-05T23:15;2024-02-05T23:30;94;kWh;0;0;0;0;0;0
2024-02-05T23:30;2024-02-05T23:45;95;kWh;0;0;0;0;0;0
2024-02-05T23:45;2024-02-06T00:00;96;kWh;-3778;0;0;0;3778;-3778
2024-02-06T00:00;2024-02-06T00:15;1;kWh;-7124;0;0;0;7124;-7124
2024-02-06T00:15;2024-02-06T00:30;2;kWh;-1481;66;0;0;1547;-1415
2024-02-06T00:30;2024-02-06T00:45;3;kWh;0;1188;0;0;1188;1188
2024-02-06T00:45;2024-02-06T01:00;4;kWh;-335;0;0;0;335;-335
2024-02-06T01:00;2024-02-06T01:15;5;kWh;-642;0;0;0;642;-642
2024-02-06T01:15;2024-02-06T01:30;6;kWh;0;0;0;0;0;0
2024-02-06T01:30;2024-02-06T01:45;7;kWh;-678;0;0;0;678;-678
2024-02-06T01:45;2024-02-06T02:00;8;kWh;-2621;0;0;0;2621;-2621
2024-02-06T02:00;2024-02-06T02:15;9;kWh;-2562;627;0;0;3189;-1935
2024-02-06T02:15;2024-02-06T02:30;10;kWh;0;14;0;0;14;14
2024-02-06T02:30;2024-02-06T02:45;11;kWh;0;0;0;0;0;0
2024-02-06T02:45;2024-02-06T03:00;12;kWh;-3;0;0;0;3;-3
2024-02-06T03:00;2024-02-06T03:15;13;kWh;-114;717;0;0;831;603
2024-02-06T03:15;2024-02-06T03:30;14;kWh;0;1483;0;0;1483;1483
2024-02-06T03:30;2024-02-06T03:45;15;kWh;0;0;0;0;0;0
2024-02-06T03:45;2024-02-06T04:00;16;kWh;-6;365;0;0;371;359
2024-02-06T04:00;2024-02-06T04:15;17;kWh;-1710;8742;0;0;10452;7032
2024-02-06T04:15;2024-02-06T04:30;18;kWh;0;717;0;0;717;717
2024-02-06T04:30;2024-02-06T04:45;19;kWh;0;0;0;0;0;0
2024-02-06T04:45;2024-02-06T05:00;20;kWh;0;17;0;0;17;17
2024-02-06T05:00;2024-02-06T05:15;21;kWh;-666;1594;0;0;2260;928
2024-02-06T05:15;2024-02-06T05:30;22;kWh;-59;70;0;0;129;11
2024-02-06T05:30;2024-02-06T05:45;23;kWh;0;9775;0;0;9775;9775
2024-02-06T05:45;2024-02-06T06:00;24;kWh;0;30222;0;0;30222;30222
2024-02-06T06:00;2024-02-06T06:15;25;kWh;-1615;5716;0;0;7331;4101
2024-02-06T06:15;2024-02-06T06:30;26;kWh;0;6546;0;0;6546;6546
2024-02-06T06:30;2024-02-06T06:45;27;kWh;0;13520;0;0;13520;13520
2024-02-06T06:45;2024-02-06T07:00;28;kWh;-58;22267;0;0;22325;22209
2024-02-06T07:00;2024-02-06T07:15;29;kWh;-9789;163;0;0;9952;-9626
2024-02-06T07:15;2024-02-06T07:30;30;kWh;0;271;0;0;271;271
2024-02-06T07:30;2024-02-06T07:45;31;kWh;0;0;0;0;0;0
2024-02-06T07:45;2024-02-06T08:00;32;kWh;-49;0;0;0;49;-49
2024-02-06T08:00;2024-02-06T08:15;33;kWh;-1403;362;0;0;1765;-1041
2024-02-06T08:15;2024-02-06T08:30;34;kWh;-7012;284;0;0;7296;-6728
2024-02-06T08:30;2024-02-06T08:45;35;kWh;-5502;773;0;0;6275;-4729
2024-02-06T08:45;2024-02-06T09:00;36;kWh;-2174;1099;0;0;3273;-1075
2024-02-06T09:00;2024-02-06T09:15;37;kWh;-154;6077;0;0;6231;5923
2024-02-06T09:15;2024-02-06T09:30;38;kWh;-930;2060;0;0;2990;1130
2024-02-06T09:30;2024-02-06T09:45;39;kWh;-471;0;0;0;471;-471
2024-02-06T09:45;2024-02-06T10:00;40;kWh;-1674;0;0;0;1674;-1674
2024-02-06T10:00;2024-02-06T10:15;41;kWh;-2208;0;0;0;2208;-2208
2024-02-06T10:15;2024-02-06T10:30;42;kWh;-2069;0;0;0;2069;-2069
2024-02-06T10:30;2024-02-06T10:45;43;kWh;-3236;0;0;0;3236;-3236
2024-02-06T10:45;2024-02-06T11:00;44;kWh;-4932;0;0;0;4932;-4932
2024-02-06T11:00;2024-02-06T11:15;45;kWh;-3109;0;0;0;3109;-3109
2024-02-06T11:15;2024-02-06T11:30;46;kWh;-5370;0;0;0;5370;-5370
2024-02-06T11:30;2024-02-06T11:45;47;kWh;-12987;0;0;0;12987;-12987
2024-02-06T11:45;2024-02-06T12:00;48;kWh;-5243;0;0;0;5243;-5243
2024-02-06T12:00;2024-02-06T12:15;49;kWh;-491;0;0;0;491;-491
2024-02-06T12:15;2024-02-06T12:30;50;kWh;-820;9630;0;0;10450;8810
2024-02-06T12:30;2024-02-06T12:45;51;kWh;0;20151;0;0;20151;20151
2024-02-06T12:45;2024-02-06T13:00;52;kWh;0;295;0;0;295;295
2024-02-06T13:00;2024-02-06T13:15;53;kWh;0;6368;0;0;6368;6368
2024-02-06T13:15;2024-02-06T13:30;54;kWh;0;3748;0;0;3748;3748
2024-02-06T13:30;2024-02-06T13:45;55;kWh;0;0;0;0;0;0
2024-02-06T13:45;2024-02-06T14:00;56;kWh;0;0;0;0;0;0
2024-02-06T14:00;2024-02-06T14:15;57;kWh;-1818;158;0;0;1976;-1660
2024-02-06T14:15;2024-02-06T14:30;58;kWh;0;393;0;0;393;393
2024-02-06T14:30;2024-02-06T14:45;59;kWh;0;9785;0;0;9785;9785
2024-02-06T14:45;2024-02-06T15:00;60;kWh;0;30674;0;0;30674;30674
2024-02-06T15:00;2024-02-06T15:15;61;kWh;0;2193;0;0;2193;2193
2024-02-06T15:15;2024-02-06T15:30;62;kWh;-509;0;0;0;509;-509
2024-02-06T15:30;2024-02-06T15:45;63;kWh;-1795;3295;0;0;5090;1500
2024-02-06T15:45;2024-02-06T16:00;64;kWh;0;22987;0;0;22987;22987
2024-02-06T16:00;2024-02-06T16:15;65;kWh;-19;4960;0;0;4979;4941
2024-02-06T16:15;2024-02-06T16:30;66;kWh;-2613;5592;0;0;8205;2979
2024-02-06T16:30;2024-02-06T16:45;67;kWh;0;1168;0;0;1168;1168
2024-02-06T16:45;2024-02-06T17:00;68;kWh;0;0;0;0;0;0
2024-02-06T17:00;2024-02-06T17:15;69;kWh;-2349;1150;0;0;3499;-1199
2024-02-06T17:15;2024-02-06T17:30;70;kWh;0;1032;0;0;1032;1032
2024-02-06T17:30;2024-02-06T17:45;71;kWh;0;1316;0;0;1316;1316
2024-02-06T17:45;2024-02-06T18:00;72;kWh;0;1390;0;0;1390;1390
2024-02-06T18:00;2024-02-06T18:15;73;kWh;-2885;32;0;0;2917;-2853
2024-02-06T18:15;2024-02-06T18:30;74;kWh;-1112;294;0;0;1406;-818
2024-02-06T18:30;2024-02-06T18:45;75;kWh;-2339;0;0;0;2339;-2339
2024-02-06T18:45;2024-02-06T19:00;76;kWh;-781;0;0;0;781;-781
2024-02-06T19:00;2024-02-06T19:15;77;kWh;-493;0;0;0;493;-493
2024-02-06T19:15;2024-02-06T19:30;78;kWh;-206;0;0;0;206;-206
2024-02-06T19:30;2024-02-06T19:45;79;kWh;-945;0;0;0;945;-945
2024-02-06T19:45;2024-02-06T20:00;80;kWh;0;0;0;0;0;0
2024-02-06T20:00;2024-02-06T20:15;81;kWh;0;25162;0;0;25162;25162
2024-02-06T20:15;2024-02-06T20:30;82;kWh;0;49852;0;0;49852;49852
2024-02-06T20:30;2024-02-06T20:45;83;kWh;0;45827;0;0;45827;45827
2024-02-06T20:45;2024-02-06T21:00;84;kWh;-134;6364;0;0;6498;6230
2024-02-06T21:00;2024-02-06T21:15;85;kWh;-5941;14174;0;0;20115;8233
2024-02-06T21:15;2024-02-06T21:30;86;kWh;-5770;719;0;0;6489;-5051
2024-02-06T21:30;2024-02-06T21:45;87;kWh;-6545;1358;0;0;7903;-5187
2024-02-06T21:45;2024-02-06T22:00;88;kWh;-9401;474;0;0;9875;-8927
2024-02-06T22:00;2024-02-06T22:15;89;kWh;-9345;496;0;0;9841;-8849
2024-02-06T22:15;2024-02-06T22:30;90;kWh;-198;228;0;0;426;30
2024-02-06T22:30;2024-02-06T22:45;91;kWh;-513;0;0;0;513;-513
2024-02-06T22:45;2024-02-06T23:00;92;kWh;-4168;417;0;0;4585;-3751
2024-02-06T23:00;2024-02-06T23:15;93;kWh;-4;16;0;0;20;12
2024-02-06T23:15;2024-02-06T23:30;94;kWh;0;3286;0;0;3286;3286
2024-02-06T23:30;2024-02-06T23:45;95;kWh;0;31211;0;0;31211;31211
2024-02-06T23:45;2024-02-07T00:00;96;kWh;-3;30384;0;0;30387;30381
2024-02-07T00:00;2024-02-07T00:15;1;kWh;-307;19192;0;0;19499;18885
2024-02-07T00:15;2024-02-07T00:30;2;kWh;-27;28433;0;0;28460;28406
2024-02-07T00:30;2024-02-07T00:45;3;kWh;-3230;1830;0;0;5060;-1400
2024-02-07T00:45;2024-02-07T01:00;4;kWh;0;51956;0;0;51956;51956
2024-02-07T01:00;2024-02-07T01:15;5;kWh;0;8321;0;0;8321;8321
2024-02-07T01:15;2024-02-07T01:30;6;kWh;0;0;0;0;0;0
2024-02-07T01:30;2024-02-07T01:45;7;kWh;0;1106;0;0;1106;1106
2024-02-07T01:45;2024-02-07T02:00;8;kWh;-350;1246;0;0;1596;896
2024-02-07T02:00;2024-02-07T02:15;9;kWh;-27553;36;0;0;27589;-27517
2024-02-07T02:15;2024-02-07T02:30;10;kWh;-32475;638;0;0;33113;-31837
2024-02-07T02:30;2024-02-07T02:45;11;kWh;-22420;0;0;0;22420;-22420
2024-02-07T02:45;2024-02-07T03:00;12;kWh;-28051;368;0;0;28419;-27683
2024-02-07T03:00;2024-02-07T03:15;13;kWh;-24044;713;0;0;24757;-23331
2024-02-07T03:15;2024-02-07T03:30;14;kWh;-39814;0;0;0;39814;-39814
2024-02-07T03:30;2024-02-07T03:45;15;kWh;-41994;0;0;0;41994;-41994
2024-02-07T03:45;2024-02-07T04:00;16;kWh;-42813;0;0;0;42813;-42813
2024-02-07T04:00;2024-02-07T04:15;17;kWh;-18917;0;0;0;18917;-18917
2024-02-07T04:15;2024-02-07T04:30;18;kWh;-13753;0;0;0;13753;-13753
2024-02-07T04:30;2024-02-07T04:45;19;kWh;-68;0;0;0;68;-68
2024-02-07T04:45;2024-02-07T05:00;20;kWh;-10422;0;0;0;10422;-10422
2024-02-07T05:00;2024-02-07T05:15;21;kWh;-885;31616;0;0;32501;30731
2024-02-07T05:15;2024-02-07T05:30;22;kWh;-11024;1488;0;0;12512;-9536
2024-02-07T05:30;2024-02-07T05:45;23;kWh;-6576;2745;0;0;9321;-3831
2024-02-07T05:45;2024-02-07T06:00;24;kWh;0;30322;0;0;30322;30322
2024-02-07T06:00;2024-02-07T06:15;25;kWh;-2104;9449;0;0;11553;7345
2024-02-07T06:15;2024-02-07T06:30;26;kWh;-19479;0;0;0;19479;-19479
2024-02-07T06:30;2024-02-07T06:45;27;kWh;-390;2111;0;0;2501;1721
2024-02-07T06:45;2024-02-07T07:00;28;kWh;0;12455;0;0;12455;12455
2024-02-07T07:00;2024-02-07T07:15;29;kWh;-1435;131;0;0;1566;-1304
2024-02-07T07:15;2024-02-07T07:30;30;kWh;0;1831;0;0;1831;1831
2024-02-07T07:30;2024-02-07T07:45;31;kWh;0;6108;0;0;6108;6108
2024-02-07T07:45;2024-02-07T08:00;32;kWh;0;29475;0;0;29475;29475
2024-02-07T08:00;2024-02-07T08:15;33;kWh;0;36751;0;0;36751;36751
2024-02-07T08:15;2024-02-07T08:30;34;kWh;0;22453;0;0;22453;22453
2024-02-07T08:30;2024-02-07T08:45;35;kWh;0;47591;0;0;47591;47591
2024-02-07T08:45;2024-02-07T09:00;36;kWh;0;55512;0;0;55512;55512
2024-02-07T09:00;2024-02-07T09:15;37;kWh;0;53073;0;0;53073;53073
2024-02-07T09:15;2024-02-07T09:30;38;kWh;0;20733;0;0;20733;20733
2024-02-07T09:30;2024-02-07T09:45;39;kWh;0;41074;0;0;41074;41074
2024-02-07T09:45;2024-02-07T10:00;40;kWh;0;4718;0;0;4718;4718
2024-02-07T10:00;2024-02-07T10:15;41;kWh;-2;41743;0;0;41745;41741
2024-02-07T10:15;2024-02-07T10:30;42;kWh;-5325;65;0;0;5390;-5260
2024-02-07T10:30;2024-02-07T10:45;43;kWh;-188;0;0;0;188;-188
2024-02-07T10:45;2024-02-07T11:00;44;kWh;-19684;0;0;0;19684;-19684
2024-02-07T11:00;2024-02-07T11:15;45;kWh;-3655;23866;0;0;27521;20211
2024-02-07T11:15;2024-02-07T11:30;46;kWh;0;5647;0;0;5647;5647
2024-02-07T11:30;2024-02-07T11:45;47;kWh;0;33328;0;0;33328;33328
2024-02-07T11:45;2024-02-07T12:00;48;kWh;-52280;1219;0;0;53499;-51061
2024-02-07T12:00;2024-02-07T12:15;49;kWh;-5051;0;0;0;5051;-5051
2024-02-07T12:15;2024-02-07T12:30;50;kWh;-72132;0;0;0;72132;-72132
2024-02-07T12:30;2024-02-07T12:45;51;kWh;-100214;0;0;0;100214;-100214
2024-02-07T12:45;2024-02-07T13:00;52;kWh;-87830;0;0;0;87830;-87830
2024-02-07T13:00;2024-02-07T13:15;53;kWh;0;0;0;0;0;0
2024-02-07T13:15;2024-02-07T13:30;54;kWh;0;1138;0;0;1138;1138
2024-02-07T13:30;2024-02-07T13:45;55;kWh;0;7869;0;0;7869;7869
2024-02-07T13:45;2024-02-07T14:00;56;kWh;0;26760;0;0;26760;26760
2024-02-07T14:00;2024-02-07T14:15;57;kWh;-19634;144;0;0;19778;-19490
2024-02-07T14:15;2024-02-07T14:30;58;kWh;-9574;0;0;0;9574;-9574
2024-02-07T14:30;2024-02-07T14:45;59;kWh;0;0;0;0;0;0
2024-02-07T14:45;2024-02-07T15:00;60;kWh;0;9399;0;0;9399;9399
2024-02-07T15:00;2024-02-07T15:15;61;kWh;0;7817;0;0;7817;7817
2024-02-07T15:15;2024-02-07T15:30;62;kWh;0;0;0;0;0;0
2024-02-07T15:30;2024-02-07T15:45;63;kWh;-4388;0;0;0;4388;-4388
2024-02-07T15:45;2024-02-07T16:00;64;kWh;-1617;1947;0;0;3564;330
2024-02-07T16:00;2024-02-07T16:15;65;kWh;0;15943;0;0;15943;15943
2024-02-07T16:15;2024-02-07T16:30;66;kWh;-517;5126;0;0;5643;4609
2024-02-07T16:30;2024-02-07T16:45;67;kWh;0;11595;0;0;11595;11595
2024-02-07T16:45;2024-02-07T17:00;68;kWh;0;54981;0;0;54981;54981
2024-02-07T17:00;2024-02-07T17:15;69;kWh;0;6568;0;0;6568;6568
2024-02-07T17:15;2024-02-07T17:30;70;kWh;-45;4984;0;0;5029;4939
2024-02-07T17:30;2024-02-07T17:45;71;kWh;0;21759;0;0;21759;21759
2024-02-07T17:45;2024-02-07T18:00;72;kWh;0;11019;0;0;11019;11019
2024-02-07T18:00;2024-02-07T18:15;73;kWh;0;14140;0;0;14140;14140
2024-02-07T18:15;2024-02-07T18:30;74;kWh;-7786;875;0;0;8661;-6911
2024-02-07T18:30;2024-02-07T18:45;75;kWh;-22130;0;0;0;22130;-22130
2024-02-07T18:45;2024-02-07T19:00;76;kWh;-19419;0;0;0;19419;-19419
2024-02-07T19:00;2024-02-07T19:15;77;kWh;-2205;0;0;0;2205;-2205
2024-02-07T19:15;2024-02-07T19:30;78;kWh;-1153;0;0;0;1153;-1153
2024-02-07T19:30;2024-02-07T19:45;79;kWh;-3440;0;0;0;3440;-3440
2024-02-07T19:45;2024-02-07T20:00;80;kWh;-11798;0;0;0;11798;-11798
2024-02-07T20:00;2024-02-07T20:15;81;kWh;-3660;382;0;0;4042;-3278
2024-02-07T20:15;2024-02-07T20:30;82;kWh;0;0;0;0;0;0
2024-02-07T20:30;2024-02-07T20:45;83;kWh;-1291;0;0;0;1291;-1291
2024-02-07T20:45;2024-02-07T21:00;84;kWh;-6689;0;0;0;6689;-6689
2024-02-07T21:00;2024-02-07T21:15;85;kWh;-1357;0;0;0;1357;-1357
2024-02-07T21:15;2024-02-07T21:30;86;kWh;0;14915;0;0;14915;14915
2024-02-07T21:30;2024-02-07T21:45;87;kWh;0;35;0;0;35;35
2024-02-07T21:45;2024-02-07T22:00;88;kWh;0;105;0;0;105;105
2024-02-07T22:00;2024-02-07T22:15;89;kWh;0;0;0;0;0;0
2024-02-07T22:15;2024-02-07T22:30;90;kWh;0;1982;0;0;1982;1982
2024-02-07T22:30;2024-02-07T22:45;91;kWh;0;15164;0;0;15164;15164
2024-02-07T22:45;2024-02-07T23:00;92;kWh;0;7113;0;0;7113;7113
2024-02-07T23:00;2024-02-07T23:15;93;kWh;-15;30;0;0;45;15
2024-02-07T23:15;2024-02-07T23:30;94;kWh;0;12;0;0;12;12
2024-02-07T23:30;2024-02-07T23:45;95;kWh;0;0;0;0;0;0
2024-02-07T23:45;2024-02-08T00:00;96;kWh;-297;0;0;0;297;-297
2024-02-08T00:00;2024-02-08T00:15;1;kWh;-7699;12385;0;0;20084;4686
2024-02-08T00:15;2024-02-08T00:30;2;kWh;0;35663;0;0;35663;35663
2024-02-08T00:30;2024-02-08T00:45;3;kWh;0;6146;0;0;6146;6146
2024-02-08T00:45;2024-02-08T01:00;4;kWh;0;23349;0;0;23349;23349
2024-02-08T01:00;2024-02-08T01:15;5;kWh;0;29344;0;0;29344;29344
2024-02-08T01:15;2024-02-08T01:30;6;kWh;0;30033;0;0;30033;30033
2024-02-08T01:30;2024-02-08T01:45;7;kWh;0;166;0;0;166;166
2024-02-08T01:45;2024-02-08T02:00;8;kWh;0;0;0;0;0;0
2024-02-08T02:00;2024-02-08T02:15;9;kWh;0;8924;0;0;8924;8924
2024-02-08T02:15;2024-02-08T02:30;10;kWh;0;11245;0;0;11245;11245
2024-02-08T02:30;2024-02-08T02:45;11;kWh;0;2985;0;0;2985;2985
2024-02-08T02:45;2024-02-08T03:00;12;kWh;0;5767;0;0;5767;5767
2024-02-08T03:00;2024-02-08T03:15;13;kWh;0;17024;0;0;17024;17024
2024-02-08T03:15;2024-02-08T03:30;14;kWh;0;30808;0;0;30808;30808
2024-02-08T03:30;2024-02-08T03:45;15;kWh;0;34772;0;0;34772;34772
2024-02-08T03:45;2024-02-08T04:00;16;kWh;0;17628;0;0;17628;17628
2024-02-08T04:00;2024-02-08T04:15;17;kWh;0;14411;0;0;14411;14411
2024-02-08T04:15;2024-02-08T04:30;18;kWh;0;29928;0;0;29928;29928
2024-02-08T04:30;2024-02-08T04:45;19;kWh;0;18808;0;0;18808;18808
2024-02-08T04:45;2024-02-08T05:00;20;kWh;0;17281;0;0;17281;17281
2024-02-08T05:00;2024-02-08T05:15;21;kWh;0;2239;0;0;2239;2239
2024-02-08T05:15;2024-02-08T05:30;22;kWh;0;0;0;0;0;0
2024-02-08T05:30;2024-02-08T05:45;23;kWh;0;3454;0;0;3454;3454
2024-02-08T05:45;2024-02-08T06:00;24;kWh;-534;6808;0;0;7342;6274
2024-02-08T06:00;2024-02-08T06:15;25;kWh;-16;6202;0;0;6218;6186
2024-02-08T06:15;2024-02-08T06:30;26;kWh;0;55879;0;0;55879;55879
2024-02-08T06:30;2024-02-08T06:45;27;kWh;0;59670;0;0;59670;59670
2024-02-08T06:45;2024-02-08T07:00;28;kWh;0;40183;0;0;40183;40183
2024-02-08T07:00;2024-02-08T07:15;29;kWh;0;6438;0;0;6438;6438
2024-02-08T07:15;2024-02-08T07:30;30;kWh;0;3337;0;0;3337;3337
2024-02-08T07:30;2024-02-08T07:45;31;kWh;0;34924;0;0;34924;34924
2024-02-08T07:45;2024-02-08T08:00;32;kWh;-712;22982;0;0;23694;22270
2024-02-08T08:00;2024-02-08T08:15;33;kWh;-47376;0;0;0;47376;-47376
2024-02-08T08:15;2024-02-08T08:30;34;kWh;-28933;0;0;0;28933;-28933
2024-02-08T08:30;2024-02-08T08:45;35;kWh;-9369;0;0;0;9369;-9369
2024-02-08T08:45;2024-02-08T09:00;36;kWh;-20759;0;0;0;20759;-20759
2024-02-08T09:00;2024-02-08T09:15;37;kWh;-31313;0;0;0;31313;-31313
2024-02-08T09:15;2024-02-08T09:30;38;kWh;-85098;0;0;0;85098;-85098
2024-02-08T09:30;2024-02-08T09:45;39;kWh;-68422;0;0;0;68422;-68422
2024-02-08T09:45;2024-02-08T10:00;40;kWh;-88424;0;0;0;88424;-88424
2024-02-08T10:00;2024-02-08T10:15;41;kWh;-26646;0;0;0;26646;-26646
2024-02-08T10:15;2024-02-08T10:30;42;kWh;-2906;0;0;0;2906;-2906
2024-02-08T10:30;2024-02-08T10:45;43;kWh;-197;0;0;0;197;-197
2024-02-08T10:45;2024-02-08T11:00;44;kWh;-6511;0;0;0;6511;-6511
2024-02-08T11:00;2024-02-08T11:15;45;kWh;-6428;9164;0;0;15592;2736
2024-02-08T11:15;2024-02-08T11:30;46;kWh;0;11711;0;0;11711;11711
2024-02-08T11:30;2024-02-08T11:45;47;kWh;0;34482;0;0;34482;34482
2024-02-08T11:45;2024-02-08T12:00;48;kWh;0;54476;0;0;54476;54476
2024-02-08T12:00;2024-02-08T12:15;49;kWh;-1079;23540;0;0;24619;22461
2024-02-08T12:15;2024-02-08T12:30;50;kWh;-11598;0;0;0;11598;-11598
2024-02-08T12:30;2024-02-08T12:45;51;kWh;-13276;0;0;0;13276;-13276
2024-02-08T12:45;2024-02-08T13:00;52;kWh;-21570;0;0;0;21570;-21570
2024-02-08T13:00;2024-02-08T13:15;53;kWh;-30951;0;0;0;30951;-30951
2024-02-08T13:15;2024-02-08T13:30;54;kWh;-452;0;0;0;452;-452
2024-02-08T13:30;2024-02-08T13:45;55;kWh;0;1255;0;0;1255;1255
2024-02-08T13:45;2024-02-08T14:00;56;kWh;0;7429;0;0;7429;7429
2024-02-08T14:00;2024-02-08T14:15;57;kWh;0;47885;0;0;47885;47885
2024-02-08T14:15;2024-02-08T14:30;58;kWh;0;53335;0;0;53335;53335
2024-02-08T14:30;2024-02-08T14:45;59;kWh;0;61624;0;0;61624;61624
2024-02-08T14:45;2024-02-08T15:00;60;kWh;0;66366;0;0;66366;66366
2024-02-08T15:00;2024-02-08T15:15;61;kWh;0;28988;0;0;28988;28988
2024-02-08T15:15;2024-02-08T15:30;62;kWh;0;22061;0;0;22061;22061
2024-02-08T15:30;2024-02-08T15:45;63;kWh;0;26285;0;0;26285;26285
2024-02-08T15:45;2024-02-08T16:00;64;kWh;-1089;4664;0;0;5753;3575
2024-02-08T16:00;2024-02-08T16:15;65;kWh;-2096;0;0;0;2096;-2096
2024-02-08T16:15;2024-02-08T16:30;66;kWh;-12396;0;0;0;12396;-12396
2024-02-08T16:30;2024-02-08T16:45;67;kWh;-54283;0;0;0;54283;-54283
2024-02-08T16:45;2024-02-08T17:00;68;kWh;-71536;0;0;0;71536;-71536
2024-02-08T17:00;2024-02-08T17:15;69;kWh;-59911;0;0;0;59911;-59911
2024-02-08T17:15;2024-02-08T17:30;70;kWh;-35292;0;0;0;35292;-35292
2024-02-08T17:30;2024-02-08T17:45;71;kWh;-17734;0;0;0;17734;-17734
2024-02-08T17:45;2024-02-08T18:00;72;kWh;-12018;0;0;0;12018;-12018
2024-02-08T18:00;2024-02-08T18:15;73;kWh;-1126;0;0;0;1126;-1126
2024-02-08T18:15;2024-02-08T18:30;74;kWh;0;2195;0;0;2195;2195
2024-02-08T18:30;2024-02-08T18:45;75;kWh;0;62;0;0;62;62
2024-02-08T18:45;2024-02-08T19:00;76;kWh;0;0;0;0;0;0
2024-02-08T19:00;2024-02-08T19:15;77;kWh;-658;3684;0;0;4342;3026
2024-02-08T19:15;2024-02-08T19:30;78;kWh;0;1588;0;0;1588;1588
2024-02-08T19:30;2024-02-08T19:45;79;kWh;0;17223;0;0;17223;17223
2024-02-08T19:45;2024-02-08T20:00;80;kWh;0;17989;0;0;17989;17989
2024-02-08T20:00;2024-02-08T20:15;81;kWh;-37214;1299;0;0;38513;-35915
2024-02-08T20:15;2024-02-08T20:30;82;kWh;-2684;1982;0;0;4666;-702
2024-02-08T20:30;2024-02-08T20:45;83;kWh;-25787;0;0;0;25787;-25787
2024-02-08T20:45;2024-02-08T21:00;84;kWh;-27847;0;0;0;27847;-27847
2024-02-08T21:00;2024-02-08T21:15;85;kWh;-15964;0;0;0;15964;-15964
2024-02-08T21:15;2024-02-08T21:30;86;kWh;-6469;0;0;0;6469;-6469
2024-02-08T21:30;2024-02-08T21:45;87;kWh;-9224;0;0;0;9224;-9224
2024-02-08T21:45;2024-02-08T22:00;88;kWh;-6496;0;0;0;6496;-6496
2024-02-08T22:00;2024-02-08T22:15;89;kWh;-6031;2824;0;0;8855;-3207
2024-02-08T22:15;2024-02-08T22:30;90;kWh;0;19475;0;0;19475;19475
2024-02-08T22:30;2024-02-08T22:45;91;kWh;-1;83;0;0;84;82
2024-02-08T22:45;2024-02-08T23:00;92;kWh;-766;9175;0;0;9941;8409
2024-02-08T23:00;2024-02-08T23:15;93;kWh;-176;815;0;0;991;639
2024-02-08T23:15;2024-02-08T23:30;94;kWh;0;20946;0;0;20946;20946
2024-02-08T23:30;2024-02-08T23:45;95;kWh;0;40208;0;0;40208;40208
2024-02-08T23:45;2024-02-09T00:00;96;kWh;0;25389;0;0;25389;25389
2024-02-09T00:00;2024-02-09T00:15;1;kWh;0;53543;0;0;53543;53543
2024-02-09T00:15;2024-02-09T00:30;2;kWh;0;49084;0;0;49084;49084
2024-02-09T00:30;2024-02-09T00:45;3;kWh;0;66128;0;0;66128;66128
2024-02-09T00:45;2024-02-09T01:00;4;kWh;0;48627;0;0;48627;48627
2024-02-09T01:00;2024-02-09T01:15;5;kWh;0;9835;0;0;9835;9835
2024-02-09T01:15;2024-02-09T01:30;6;kWh;0;14868;0;0;14868;14868
2024-02-09T01:30;2024-02-09T01:45;7;kWh;0;15104;0;0;15104;15104
2024-02-09T01:45;2024-02-09T02:00;8;kWh;-225;5064;0;0;5289;4839
2024-02-09T02:00;2024-02-09T02:15;9;kWh;-628;15982;0;0;16610;15354
2024-02-09T02:15;2024-02-09T02:30;10;kWh;0;30931;0;0;30931;30931
2024-02-09T02:30;2024-02-09T02:45;11;kWh;0;35136;0;0;35136;35136
2024-02-09T02:45;2024-02-09T03:00;12;kWh;-418;13785;0;0;14203;13367
2024-02-09T03:00;2024-02-09T03:15;13;kWh;-653;46279;0;0;46932;45626
2024-02-09T03:15;2024-02-09T03:30;14;kWh;0;52321;0;0;52321;52321
2024-02-09T03:30;2024-02-09T03:45;15;kWh;0;46396;0;0;46396;46396
2024-02-09T03:45;2024-02-09T04:00;16;kWh;0;33147;0;0;33147;33147
2024-02-09T04:00;2024-02-09T04:15;17;kWh;0;59298;0;0;59298;59298
2024-02-09T04:15;2024-02-09T04:30;18;kWh;0;16674;0;0;16674;16674
2024-02-09T04:30;2024-02-09T04:45;19;kWh;0;42785;0;0;42785;42785
2024-02-09T04:45;2024-02-09T05:00;20;kWh;0;24690;0;0;24690;24690
2024-02-09T05:00;2024-02-09T05:15;21;kWh;0;0;0;0;0;0
2024-02-09T05:15;2024-02-09T05:30;22;kWh;-93;0;0;0;93;-93
2024-02-09T05:30;2024-02-09T05:45;23;kWh;-719;7412;0;0;8131;6693
2024-02-09T05:45;2024-02-09T06:00;24;kWh;0;840;0;0;840;840
2024-02-09T06:00;2024-02-09T06:15;25;kWh;-5581;3957;0;0;9538;-1624
2024-02-09T06:15;2024-02-09T06:30;26;kWh;-850;127;0;0;977;-723
2024-02-09T06:30;2024-02-09T06:45;27;kWh;-11;0;0;0;11;-11
2024-02-09T06:45;2024-02-09T07:00;28;kWh;-334;0;0;0;334;-334
2024-02-09T07:00;2024-02-09T07:15;29;kWh;-16965;1734;0;0;18699;-15231
2024-02-09T07:15;2024-02-09T07:30;30;kWh;-19458;0;0;0;19458;-19458
2024-02-09T07:30;2024-02-09T07:45;31;kWh;-6033;0;0;0;6033;-6033
2024-02-09T07:45;2024-02-09T08:00;32;kWh;-1966;753;0;0;2719;-1213
2024-02-09T08:00;2024-02-09T08:15;33;kWh;-8814;2272;0;0;11086;-6542
2024-02-09T08:15;2024-02-09T08:30;34;kWh;-2215;0;0;0;2215;-2215
2024-02-09T08:30;2024-02-09T08:45;35;kWh;0;0;0;0;0;0
2024-02-09T08:45;2024-02-09T09:00;36;kWh;0;0;0;0;0;0
2024-02-09T09:00;2024-02-09T09:15;37;kWh;0;0;0;0;0;0
2024-02-09T09:15;2024-02-09T09:30;38;kWh;0;0;0;0;0;0
2024-02-09T09:30;2024-02-09T09:45;39;kWh;0;0;0;0;0;0
2024-02-09T09:45;2024-02-09T10:00;40;kWh;0;0;0;0;0;0
2024-02-09T10:00;2024-02-09T10:15;41;kWh;0;0;0;0;0;0
2024-02-09T10:15;2024-02-09T10:30;42;kWh;0;0;0;0;0;0
2024-02-09T10:30;2024-02-09T10:45;43;kWh;0;0;0;0;0;0
2024-02-09T10:45;2024-02-09T11:00;44;kWh;0;0;0;0;0;0
2024-02-09T11:00;2024-02-09T11:15;45;kWh;0;0;0;0;0;0
2024-02-09T11:15;2024-02-09T11:30;46;kWh;0;1916;0;0;1916;1916
2024-02-09T11:30;2024-02-09T11:45;47;kWh;0;41030;0;0;41030;41030
2024-02-09T11:45;2024-02-09T12:00;48;kWh;0;57568;0;0;57568;57568
2024-02-09T12:00;2024-02-09T12:15;49;kWh;0;12205;0;0;12205;12205
2024-02-09T12:15;2024-02-09T12:30;50;kWh;0;31560;0;0;31560;31560
2024-02-09T12:30;2024-02-09T12:45;51;kWh;0;54924;0;0;54924;54924
2024-02-09T12:45;2024-02-09T13:00;52;kWh;0;5119;0;0;5119;5119
2024-02-09T13:00;2024-02-09T13:15;53;kWh;0;2534;0;0;2534;2534
2024-02-09T13:15;2024-02-09T13:30;54;kWh;0;6034;0;0;6034;6034
2024-02-09T13:30;2024-02-09T13:45;55;kWh;0;37528;0;0;37528;37528
2024-02-09T13:45;2024-02-09T14:00;56;kWh;0;61798;0;0;61798;61798
2024-02-09T14:00;2024-02-09T14:15;57;kWh;0;66552;0;0;66552;66552
2024-02-09T14:15;2024-02-09T14:30;58;kWh;0;51710;0;0;51710;51710
2024-02-09T14:30;2024-02-09T14:45;59;kWh;0;26495;0;0;26495;26495
2024-02-09T14:45;2024-02-09T15:00;60;kWh;0;24521;0;0;24521;24521
2024-02-09T15:00;2024-02-09T15:15;61;kWh;0;38781;0;0;38781;38781
2024-02-09T15:15;2024-02-09T15:30;62;kWh;0;24935;0;0;24935;24935
2024-02-09T15:30;2024-02-09T15:45;63;kWh;0;14936;0;0;14936;14936
2024-02-09T15:45;2024-02-09T16:00;64;kWh;0;3668;0;0;3668;3668
2024-02-09T16:00;2024-02-09T16:15;65;kWh;-455;4471;0;0;4926;4016
2024-02-09T16:15;2024-02-09T16:30;66;kWh;-4093;0;0;0;4093;-4093
2024-02-09T16:30;2024-02-09T16:45;67;kWh;-12758;96;0;0;12854;-12662
2024-02-09T16:45;2024-02-09T17:00;68;kWh;-993;29;0;0;1022;-964
2024-02-09T17:00;2024-02-09T17:15;69;kWh;-27714;0;0;0;27714;-27714
2024-02-09T17:15;2024-02-09T17:30;70;kWh;-31866;0;0;0;31866;-31866
2024-02-09T17:30;2024-02-09T17:45;71;kWh;-40550;0;0;0;40550;-40550
2024-02-09T17:45;2024-02-09T18:00;72;kWh;-32688;0;0;0;32688;-32688
2024-02-09T18:00;2024-02-09T18:15;73;kWh;-15196;0;0;0;15196;-15196
2024-02-09T18:15;2024-02-09T18:30;74;kWh;-5668;0;0;0;5668;-5668
2024-02-09T18:30;2024-02-09T18:45;75;kWh;-31890;0;0;0;31890;-31890
2024-02-09T18:45;2024-02-09T19:00;76;kWh;-39050;0;0;0;39050;-39050
2024-02-09T19:00;2024-02-09T19:15;77;kWh;-10883;0;0;0;10883;-10883
2024-02-09T19:15;2024-02-09T19:30;78;kWh;-9340;0;0;0;9340;-9340
2024-02-09T19:30;2024-02-09T19:45;79;kWh;-21767;0;0;0;21767;-21767
2024-02-09T19:45;2024-02-09T20:00;80;kWh;-18139;0;0;0;18139;-18139
2024-02-09T20:00;2024-02-09T20:15;81;kWh;-4227;32;0;0;4259;-4195
2024-02-09T20:15;2024-02-09T20:30;82;kWh;0;0;0;0;0;0
2024-02-09T20:30;2024-02-09T20:45;83;kWh;-192;0;0;0;192;-192
2024-02-09T20:45;2024-02-09T21:00;84;kWh;-502;0;0;0;502;-502
2024-02-09T21:00;2024-02-09T21:15;85;kWh;-220;669;0;0;889;449
2024-02-09T21:15;2024-02-09T21:30;86;kWh;0;277;0;0;277;277
2024-02-09T21:30;2024-02-09T21:45;87;kWh;-4601;0;0;0;4601;-4601
2024-02-09T21:45;2024-02-09T22:00;88;kWh;-9545;0;0;0;9545;-9545
2024-02-09T22:00;2024-02-09T22:15;89;kWh;-12759;1597;0;0;14356;-11162
2024-02-09T22:15;2024-02-09T22:30;90;kWh;0;20;0;0;20;20
2024-02-09T22:30;2024-02-09T22:45;91;kWh;0;8477;0;0;8477;8477
2024-02-09T22:45;2024-02-09T23:00;92;kWh;0;16261;0;0;16261;16261
2024-02-09T23:00;2024-02-09T23:15;93;kWh;-334;1527;0;0;1861;1193
2024-02-09T23:15;2024-02-09T23:30;94;kWh;0;1151;0;0;1151;1151
2024-02-09T23:30;2024-02-09T23:45;95;kWh;0;0;0;0;0;0
2024-02-09T23:45;2024-02-10T00:00;96;kWh;-1965;0;0;0;1965;-1965
2024-02-10T00:00;2024-02-10T00:15;1;kWh;-10047;6383;0;0;16430;-3664
2024-02-10T00:15;2024-02-10T00:30;2;kWh;0;7203;0;0;7203;7203
2024-02-10T00:30;2024-02-10T00:45;3;kWh;0;0;0;0;0;0
2024-02-10T00:45;2024-02-10T01:00;4;kWh;-7811;0;0;0;7811;-7811
2024-02-10T01:00;2024-02-10T01:15;5;kWh;-2881;0;0;0;2881;-2881
2024-02-10T01:15;2024-02-10T01:30;6;kWh;-605;0;0;0;605;-605
2024-02-10T01:30;2024-02-10T01:45;7;kWh;-7177;0;0;0;7177;-7177
2024-02-10T01:45;2024-02-10T02:00;8;kWh;-8577;0;0;0;8577;-8577
2024-02-10T02:00;2024-02-10T02:15;9;kWh;-1637;0;0;0;1637;-1637
2024-02-10T02:15;2024-02-10T02:30;10;kWh;0;0;0;0;0;0
2024-02-10T02:30;2024-02-10T02:45;11;kWh;-689;0;0;0;689;-689
2024-02-10T02:45;2024-02-10T03:00;12;kWh;-191;0;0;0;191;-191
2024-02-10T03:00;2024-02-10T03:15;13;kWh;-157;0;0;0;157;-157
2024-02-10T03:15;2024-02-10T03:30;14;kWh;0;0;0;0;0;0
2024-02-10T03:30;2024-02-10T03:45;15;kWh;0;0;0;0;0;0
2024-02-10T03:45;2024-02-10T04:00;16;kWh;0;0;0;0;0;0
2024-02-10T04:00;2024-02-10T04:15;17;kWh;0;0;0;0;0;0
2024-02-10T04:15;2024-02-10T04:30;18;kWh;-914;0;0;0;914;-914
2024-02-10T04:30;2024-02-10T04:45;19;kWh;-1358;0;0;0;1358;-1358
2024-02-10T04:45;2024-02-10T05:00;20;kWh;-334;0;0;0;334;-334
2024-02-10T05:00;2024-02-10T05:15;21;kWh;-9265;0;0;0;9265;-9265
2024-02-10T05:15;2024-02-10T05:30;22;kWh;-23956;0;0;0;23956;-23956
2024-02-10T05:30;2024-02-10T05:45;23;kWh;-7298;0;0;0;7298;-7298
2024-02-10T05:45;2024-02-10T06:00;24;kWh;-1657;0;0;0;1657;-1657
2024-02-10T06:00;2024-02-10T06:15;25;kWh;-15084;0;0;0;15084;-15084
2024-02-10T06:15;2024-02-10T06:30;26;kWh;-23318;0;0;0;23318;-23318
2024-02-10T06:30;2024-02-10T06:45;27;kWh;-6426;0;0;0;6426;-6426
2024-02-10T06:45;2024-02-10T07:00;28;kWh;-3316;0;0;0;3316;-3316
2024-02-10T07:00;2024-02-10T07:15;29;kWh;-690;0;0;0;690;-690
2024-02-10T07:15;2024-02-10T07:30;30;kWh;-690;0;0;0;690;-690
2024-02-10T07:30;2024-02-10T07:45;31;kWh;0;0;0;0;0;0
2024-02-10T07:45;2024-02-10T08:00;32;kWh;0;39;0;0;39;39
2024-02-10T08:00;2024-02-10T08:15;33;kWh;-666;891;0;0;1557;225
2024-02-10T08:15;2024-02-10T08:30;34;kWh;-14436;0;0;0;14436;-14436
2024-02-10T08:30;2024-02-10T08:45;35;kWh;-4592;0;0;0;4592;-4592
2024-02-10T08:45;2024-02-10T09:00;36;kWh;-956;0;0;0;956;-956
2024-02-10T09:00;2024-02-10T09:15;37;kWh;-2378;0;0;0;2378;-2378
2024-02-10T09:15;2024-02-10T09:30;38;kWh;-475;0;0;0;475;-475
2024-02-10T09:30;2024-02-10T09:45;39;kWh;0;16;0;0;16;16
2024-02-10T09:45;2024-02-10T10:00;40;kWh;0;4247;0;0;4247;4247
2024-02-10T10:00;2024-02-10T10:15;41;kWh;0;4121;0;0;4121;4121
2024-02-10T10:15;2024-02-10T10:30;42;kWh;0;35509;0;0;35509;35509
2024-02-10T10:30;2024-02-10T10:45;43;kWh;0;36129;0;0;36129;36129
2024-02-10T10:45;2024-02-10T11:00;44;kWh;0;33201;0;0;33201;33201
2024-02-10T11:00;2024-02-10T11:15;45;kWh;-4411;343;0;0;4754;-4068
2024-02-10T11:15;2024-02-10T11:30;46;kWh;-22236;0;0;0;22236;-22236
2024-02-10T11:30;2024-02-10T11:45;47;kWh;-11886;0;0;0;11886;-11886
2024-02-10T11:45;2024-02-10T12:00;48;kWh;-18099;0;0;0;18099;-18099
2024-02-10T12:00;2024-02-10T12:15;49;kWh;-6212;0;0;0;6212;-6212
2024-02-10T12:15;2024-02-10T12:30;50;kWh;0;0;0;0;0;0
2024-02-10T12:30;2024-02-10T12:45;51;kWh;0;1782;0;0;1782;1782
2024-02-10T12:45;2024-02-10T13:00;52;kWh;0;2603;0;0;2603;2603
2024-02-10T13:00;2024-02-10T13:15;53;kWh;0;0;0;0;0;0
2024-02-10T13:15;2024-02-10T13:30;54;kWh;-9264;0;0;0;9264;-9264
2024-02-10T13:30;2024-02-10T13:45;55;kWh;-19200;0;0;0;19200;-19200
2024-02-10T13:45;2024-02-10T14:00;56;kWh;-22259;0;0;0;22259;-22259
2024-02-10T14:00;2024-02-10T14:15;57;kWh;-50196;0;0;0;50196;-50196
2024-02-10T14:15;2024-02-10T14:30;58;kWh;-33445;0;0;0;33445;-33445
2024-02-10T14:30;2024-02-10T14:45;59;kWh;-5897;0;0;0;5897;-5897
2024-02-10T14:45;2024-02-10T15:00;60;kWh;-1267;0;0;0;1267;-1267
2024-02-10T15:00;2024-02-10T15:15;61;kWh;0;1710;0;0;1710;1710
2024-02-10T15:15;2024-02-10T15:30;62;kWh;-717;0;0;0;717;-717
2024-02-10T15:30;2024-02-10T15:45;63;kWh;-3306;0;0;0;3306;-3306
2024-02-10T15:45;2024-02-10T16:00;64;kWh;-2253;0;0;0;2253;-2253
2024-02-10T16:00;2024-02-10T16:15;65;kWh;-41343;388;0;0;41731;-40955
2024-02-10T16:15;2024-02-10T16:30;66;kWh;-8716;331;0;0;9047;-8385
2024-02-10T16:30;2024-02-10T16:45;67;kWh;-22235;0;0;0;22235;-22235
2024-02-10T16:45;2024-02-10T17:00;68;kWh;-3775;0;0;0;3775;-3775
2024-02-10T17:00;2024-02-10T17:15;69;kWh;-41076;0;0;0;41076;-41076
2024-02-10T17:15;2024-02-10T17:30;70;kWh;-17637;0;0;0;17637;-17637
2024-02-10T17:30;2024-02-10T17:45;71;kWh;-5880;0;0;0;5880;-5880
2024-02-10T17:45;2024-02-10T18:00;72;kWh;-254;0;0;0;254;-254
2024-02-10T18:00;2024-02-10T18:15;73;kWh;0;9690;0;0;9690;9690
2024-02-10T18:15;2024-02-10T18:30;74;kWh;0;199;0;0;199;199
2024-02-10T18:30;2024-02-10T18:45;75;kWh;-925;0;0;0;925;-925
2024-02-10T18:45;2024-02-10T19:00;76;kWh;-3061;0;0;0;3061;-3061
2024-02-10T19:00;2024-02-10T19:15;77;kWh;-329;0;0;0;329;-329
2024-02-10T19:15;2024-02-10T19:30;78;kWh;-7787;0;0;0;7787;-7787
2024-02-10T19:30;2024-02-10T19:45;79;kWh;-10598;0;0;0;10598;-10598
2024-02-10T19:45;2024-02-10T20:00;80;kWh;-29204;0;0;0;29204;-29204
2024-02-10T20:00;2024-02-10T20:15;81;kWh;-33302;0;0;0;33302;-33302
2024-02-10T20:15;2024-02-10T20:30;82;kWh;-41957;0;0;0;41957;-41957
2024-02-10T20:30;2024-02-10T20:45;83;kWh;-40998;0;0;0;40998;-40998
2024-02-10T20:45;2024-02-10T21:00;84;kWh;-60839;0;0;0;60839;-60839
2024-02-10T21:00;2024-02-10T21:15;85;kWh;-31920;0;0;0;31920;-31920
2024-02-10T21:15;2024-02-10T21:30;86;kWh;-10361;0;0;0;10361;-10361
2024-02-10T21:30;2024-02-10T21:45;87;kWh;-38321;0;0;0;38321;-38321
2024-02-10T21:45;2024-02-10T22:00;88;kWh;-43648;0;0;0;43648;-43648
2024-02-10T22:00;2024-02-10T22:15;89;kWh;-1052;4179;0;0;5231;3127
2024-02-10T22:15;2024-02-10T22:30;90;kWh;0;4359;0;0;4359;4359
2024-02-10T22:30;2024-02-10T22:45;91;kWh;0;7751;0;0;7751;7751
2024-02-10T22:45;2024-02-10T23:00;92;kWh;0;3073;0;0;3073;3073
2024-02-10T23:00;2024-02-10T23:15;93;kWh;0;28582;0;0;28582;28582
2024-02-10T23:15;2024-02-10T23:30;94;kWh;0;14048;0;0;14048;14048
2024-02-10T23:30;2024-02-10T23:45;95;kWh;0;468;0;0;468;468
2024-02-10T23:45;2024-02-11T00:00;96;kWh;-1614;0;0;0;1614;-1614
2024-02-11T00:00;2024-02-11T00:15;1;kWh;-2342;3067;0;0;5409;725
2024-02-11T00:15;2024-02-11T00:30;2;kWh;0;10722;0;0;10722;10722
2024-02-11T00:30;2024-02-11T00:45;3;kWh;0;2034;0;0;2034;2034
2024-02-11T00:45;2024-02-11T01:00;4;kWh;0;4706;0;0;4706;4706
2024-02-11T01:00;2024-02-11T01:15;5;kWh;0;1174;0;0;1174;1174
2024-02-11T01:15;2024-02-11T01:30;6;kWh;0;23922;0;0;23922;23922
2024-02-11T01:30;2024-02-11T01:45;7;kWh;0;34079;0;0;34079;34079
2024-02-11T01:45;2024-02-11T02:00;8;kWh;0;17035;0;0;17035;17035
2024-02-11T02:00;2024-02-11T02:15;9;kWh;0;17839;0;0;17839;17839
2024-02-11T02:15;2024-02-11T02:30;10;kWh;-2972;2329;0;0;5301;-643
2024-02-11T02:30;2024-02-11T02:45;11;kWh;-24369;0;0;0;24369;-24369
2024-02-11T02:45;2024-02-11T03:00;12;kWh;-40702;0;0;0;40702;-40702
2024-02-11T03:00;2024-02-11T03:15;13;kWh;-19756;0;0;0;19756;-19756
2024-02-11T03:15;2024-02-11T03:30;14;kWh;-50142;0;0;0;50142;-50142
2024-02-11T03:30;2024-02-11T03:45;15;kWh;-48589;0;0;0;48589;-48589
2024-02-11T03:45;2024-02-11T04:00;16;kWh;-27902;0;0;0;27902;-27902
2024-02-11T04:00;2024-02-11T04:15;17;kWh;-524;0;0;0;524;-524
2024-02-11T04:15;2024-02-11T04:30;18;kWh;-249;0;0;0;249;-249
2024-02-11T04:30;2024-02-11T04:45;19;kWh;-249;0;0;0;249;-249
2024-02-11T04:45;2024-02-11T05:00;20;kWh;-938;0;0;0;938;-938
2024-02-11T05:00;2024-02-11T05:15;21;kWh;-50;0;0;0;50;-50
2024-02-11T05:15;2024-02-11T05:30;22;kWh;-108;0;0;0;108;-108
2024-02-11T05:30;2024-02-11T05:45;23;kWh;-3290;0;0;0;3290;-3290
2024-02-11T05:45;2024-02-11T06:00;24;kWh;-2957;0;0;0;2957;-2957
2024-02-11T06:00;2024-02-11T06:15;25;kWh;-15456;0;0;0;15456;-15456
2024-02-11T06:15;2024-02-11T06:30;26;kWh;-12878;0;0;0;12878;-12878
2024-02-11T06:30;2024-02-11T06:45;27;kWh;-267;0;0;0;267;-267
2024-02-11T06:45;2024-02-11T07:00;28;kWh;-440;0;0;0;440;-440
2024-02-11T07:00;2024-02-11T07:15;29;kWh;-2146;1532;0;0;3678;-614
2024-02-11T07:15;2024-02-11T07:30;30;kWh;0;14929;0;0;14929;14929
2024-02-11T07:30;2024-02-11T07:45;31;kWh;0;4434;0;0;4434;4434
2024-02-11T07:45;2024-02-11T08:00;32;kWh;-11197;0;0;0;11197;-11197
2024-02-11T08:00;2024-02-11T08:15;33;kWh;-13473;0;0;0;13473;-13473
2024-02-11T08:15;2024-02-11T08:30;34;kWh;-7418;0;0;0;7418;-7418
2024-02-11T08:30;2024-02-11T08:45;35;kWh;-7648;0;0;0;7648;-7648
2024-02-11T08:45;2024-02-11T09:00;36;kWh;-365;0;0;0;365;-365
2024-02-11T09:00;2024-02-11T09:15;37;kWh;0;0;0;0;0;0
2024-02-11T09:15;2024-02-11T09:30;38;kWh;0;0;0;0;0;0
2024-02-11T09:30;2024-02-11T09:45;39;kWh;0;0;0;0;0;0
2024-02-11T09:45;2024-02-11T10:00;40;kWh;0;0;0;0;0;0
2024-02-11T10:00;2024-02-11T10:15;41;kWh;0;0;0;0;0;0
2024-02-11T10:15;2024-02-11T10:30;42;kWh;0;13551;0;0;13551;13551
2024-02-11T10:30;2024-02-11T10:45;43;kWh;0;31142;0;0;31142;31142
2024-02-11T10:45;2024-02-11T11:00;44;kWh;0;652;0;0;652;652
2024-02-11T11:00;2024-02-11T11:15;45;kWh;0;11757;0;0;11757;11757
2024-02-11T11:15;2024-02-11T11:30;46;kWh;-2614;1435;0;0;4049;-1179
2024-02-11T11:30;2024-02-11T11:45;47;kWh;-12076;0;0;0;12076;-12076
2024-02-11T11:45;2024-02-11T12:00;48;kWh;-2589;0;0;0;2589;-2589
2024-02-11T12:00;2024-02-11T12:15;49;kWh;-3834;0;0;0;3834;-3834
2024-02-11T12:15;2024-02-11T12:30;50;kWh;-16469;0;0;0;16469;-16469
2024-02-11T12:30;2024-02-11T12:45;51;kWh;-33069;0;0;0;33069;-33069
2024-02-11T12:45;2024-02-11T13:00;52;kWh;-24416;0;0;0;24416;-24416
2024-02-11T13:00;2024-02-11T13:15;53;kWh;-20786;0;0;0;20786;-20786
2024-02-11T13:15;2024-02-11T13:30;54;kWh;-14100;696;0;0;14796;-13404
2024-02-11T13:30;2024-02-11T13:45;55;kWh;0;19120;0;0;19120;19120
2024-02-11T13:45;2024-02-11T14:00;56;kWh;0;26912;0;0;26912;26912
2024-02-11T14:00;2024-02-11T14:15;57;kWh;-1474;1843;0;0;3317;369
2024-02-11T14:15;2024-02-11T14:30;58;kWh;0;25289;0;0;25289;25289
2024-02-11T14:30;2024-02-11T14:45;59;kWh;0;37849;0;0;37849;37849
2024-02-11T14:45;2024-02-11T15:00;60;kWh;0;43508;0;0;43508;43508
2024-02-11T15:00;2024-02-11T15:15;61;kWh;-5172;7227;0;0;12399;2055
2024-02-11T15:15;2024-02-11T15:30;62;kWh;-34;9401;0;0;9435;9367
2024-02-11T15:30;2024-02-11T15:45;63;kWh;0;23842;0;0;23842;23842
2024-02-11T15:45;2024-02-11T16:00;64;kWh;-4319;6642;0;0;10961;2323
2024-02-11T16:00;2024-02-11T16:15;65;kWh;-56479;0;0;0;56479;-56479
2024-02-11T16:15;2024-02-11T16:30;66;kWh;-49197;0;0;0;49197;-49197
2024-02-11T16:30;2024-02-11T16:45;67;kWh;-45342;0;0;0;45342;-45342
2024-02-11T16:45;2024-02-11T17:00;68;kWh;-35585;0;0;0;35585;-35585
2024-02-11T17:00;2024-02-11T17:15;69;kWh;-35404;0;0;0;35404;-35404
2024-02-11T17:15;2024-02-11T17:30;70;kWh;-12398;0;0;0;12398;-12398
2024-02-11T17:30;2024-02-11T17:45;71;kWh;-2498;0;0;0;2498;-2498
2024-02-11T17:45;2024-02-11T18:00;72;kWh;0;0;0;0;0;0
2024-02-11T18:00;2024-02-11T18:15;73;kWh;-136;0;0;0;136;-136
2024-02-11T18:15;2024-02-11T18:30;74;kWh;0;0;0;0;0;0
2024-02-11T18:30;2024-02-11T18:45;75;kWh;0;0;0;0;0;0
2024-02-11T18:45;2024-02-11T19:00;76;kWh;0;0;0;0;0;0
2024-02-11T19:00;2024-02-11T19:15;77;kWh;0;3291;0;0;3291;3291
2024-02-11T19:15;2024-02-11T19:30;78;kWh;-197;113;0;0;310;-84
2024-02-11T19:30;2024-02-11T19:45;79;kWh;-3230;0;0;0;3230;-3230
2024-02-11T19:45;2024-02-11T20:00;80;kWh;-1102;0;0;0;1102;-1102
2024-02-11T20:00;2024-02-11T20:15;81;kWh;0;0;0;0;0;0
2024-02-11T20:15;2024-02-11T20:30;82;kWh;0;6945;0;0;6945;6945
2024-02-11T20:30;2024-02-11T20:45;83;kWh;0;0;0;0;0;0
2024-02-11T20:45;2024-02-11T21:00;84;kWh;0;0;0;0;0;0
2024-02-11T21:00;2024-02-11T21:15;85;kWh;0;0;0;0;0;0
2024-02-11T21:15;2024-02-11T21:30;86;kWh;0;2504;0;0;2504;2504
2024-02-11T21:30;2024-02-11T21:45;87;kWh;0;15767;0;0;15767;15767
2024-02-11T21:45;2024-02-11T22:00;88;kWh;0;22571;0;0;22571;22571
2024-02-11T22:00;2024-02-11T22:15;89;kWh;0;26698;0;0;26698;26698
2024-02-11T22:15;2024-02-11T22:30;90;kWh;0;42458;0;0;42458;42458
2024-02-11T22:30;2024-02-11T22:45;91;kWh;0;12222;0;0;12222;12222
2024-02-11T22:45;2024-02-11T23:00;92;kWh;0;1032;0;0;1032;1032
2024-02-11T23:00;2024-02-11T23:15;93;kWh;-95;1;0;0;96;-94
2024-02-11T23:15;2024-02-11T23:30;94;kWh;-117;0;0;0;117;-117
2024-02-11T23:30;2024-02-11T23:45;95;kWh;-328;2161;0;0;2489;1833
2024-02-11T23:45;2024-02-12T00:00;96;kWh;-475;1267;0;0;1742;792
2024-02-12T00:00;2024-02-12T00:15;1;kWh;-631;586;0;0;1217;-45
2024-02-12T00:15;2024-02-12T00:30;2;kWh;0;13369;0;0;13369;13369
2024-02-12T00:30;2024-02-12T00:45;3;kWh;0;7672;0;0;7672;7672
2024-02-12T00:45;2024-02-12T01:00;4;kWh;0;65;0;0;65;65
2024-02-12T01:00;2024-02-12T01:15;5;kWh;0;0;0;0;0;0
2024-02-12T01:15;2024-02-12T01:30;6;kWh;0;0;0;0;0;0
2024-02-12T01:30;2024-02-12T01:45;7;kWh;0;3985;0;0;3985;3985
2024-02-12T01:45;2024-02-12T02:00;8;kWh;0;18254;0;0;18254;18254
2024-02-12T02:00;2024-02-12T02:15;9;kWh;0;50019;0;0;50019;50019
2024-02-12T02:15;2024-02-12T02:30;10;kWh;0;18083;0;0;18083;18083
2024-02-12T02:30;2024-02-12T02:45;11;kWh;0;38259;0;0;38259;38259
2024-02-12T02:45;2024-02-12T03:00;12;kWh;0;6630;0;0;6630;6630
2024-02-12T03:00;2024-02-12T03:15;13;kWh;0;13846;0;0;13846;13846
2024-02-12T03:15;2024-02-12T03:30;14;kWh;0;15753;0;0;15753;15753
2024-02-12T03:30;2024-02-12T03:45;15;kWh;0;7408;0;0;7408;7408
2024-02-12T03:45;2024-02-12T04:00;16;kWh;0;17565;0;0;17565;17565
2024-02-12T04:00;2024-02-12T04:15;17;kWh;0;7671;0;0;7671;7671
2024-02-12T04:15;2024-02-12T04:30;18;kWh;0;0;0;0;0;0
2024-02-12T04:30;2024-02-12T04:45;19;kWh;0;5399;0;0;5399;5399
2024-02-12T04:45;2024-02-12T05:00;20;kWh;0;14172;0;0;14172;14172
2024-02-12T05:00;2024-02-12T05:15;21;kWh;0;649;0;0;649;649
2024-02-12T05:15;2024-02-12T05:30;22;kWh;-726;409;0;0;1135;-317
2024-02-12T05:30;2024-02-12T05:45;23;kWh;0;1;0;0;1;1
2024-02-12T05:45;2024-02-12T06:00;24;kWh;-88;0;0;0;88;-88
2024-02-12T06:00;2024-02-12T06:15;25;kWh;-23132;0;0;0;23132;-23132
2024-02-12T06:15;2024-02-12T06:30;26;kWh;-37470;0;0;0;37470;-37470
2024-02-12T06:30;2024-02-12T06:45;27;kWh;-21574;0;0;0;21574;-21574
2024-02-12T06:45;2024-02-12T07:00;28;kWh;-2247;0;0;0;2247;-2247
2024-02-12T07:00;2024-02-12T07:15;29;kWh;-3996;0;0;0;3996;-3996
2024-02-12T07:15;2024-02-12T07:30;30;kWh;-9234;0;0;0;9234;-9234
2024-02-12T07:30;2024-02-12T07:45;31;kWh;-19447;0;0;0;19447;-19447
2024-02-12T07:45;2024-02-12T08:00;32;kWh;-2602;0;0;0;2602;-2602
2024-02-12T08:00;2024-02-12T08:15;33;kWh;-9301;0;0;0;9301;-9301
2024-02-12T08:15;2024-02-12T08:30;34;kWh;0;0;0;0;0;0
2024-02-12T08:30;2024-02-12T08:45;35;kWh;0;0;0;0;0;0
2024-02-12T08:45;2024-02-12T09:00;36;kWh;-675;0;0;0;675;-675
2024-02-12T09:00;2024-02-12T09:15;37;kWh;-14766;0;0;0;14766;-14766
2024-02-12T09:15;2024-02-12T09:30;38;kWh;-45954;0;0;0;45954;-45954
2024-02-12T09:30;2024-02-12T09:45;39;kWh;-55761;0;0;0;55761;-55761
2024-02-12T09:45;2024-02-12T10:00;40;kWh;-64697;0;0;0;64697;-64697
2024-02-12T10:00;2024-02-12T10:15;41;kWh;-13542;0;0;0;13542;-13542
2024-02-12T10:15;2024-02-12T10:30;42;kWh;-1626;0;0;0;1626;-1626
2024-02-12T10:30;2024-02-12T10:45;43;kWh;0;2610;0;0;2610;2610
2024-02-12T10:45;2024-02-12T11:00;44;kWh;0;10689;0;0;10689;10689
2024-02-12T11:00;2024-02-12T11:15;45;kWh;0;6291;0;0;6291;6291
2024-02-12T11:15;2024-02-12T11:30;46;kWh;0;17906;0;0;17906;17906
2024-02-12T11:30;2024-02-12T11:45;47;kWh;-4401;0;0;0;4401;-4401
2024-02-12T11:45;2024-02-12T12:00;48;kWh;-11606;0;0;0;11606;-11606
2024-02-12T12:00;2024-02-12T12:15;49;kWh;-11855;0;0;0;11855;-11855
2024-02-12T12:15;2024-02-12T12:30;50;kWh;-15343;0;0;0;15343;-15343
2024-02-12T12:30;2024-02-12T12:45;51;kWh;-30544;0;0;0;30544;-30544
2024-02-12T12:45;2024-02-12T13:00;52;kWh;-28372;0;0;0;28372;-28372
2024-02-12T13:00;2024-02-12T13:15;53;kWh;-20071;0;0;0;20071;-20071
2024-02-12T13:15;2024-02-12T13:30;54;kWh;0;0;0;0;0;0
2024-02-12T13:30;2024-02-12T13:45;55;kWh;0;944;0;0;944;944
2024-02-12T13:45;2024-02-12T14:00;56;kWh;-3246;0;0;0;3246;-3246
2024-02-12T14:00;2024-02-12T14:15;57;kWh;-19180;0;0;0;19180;-19180
2024-02-12T14:15;2024-02-12T14:30;58;kWh;0;0;0;0;0;0
2024-02-12T14:30;2024-02-12T14:45;59;kWh;-883;0;0;0;883;-883
2024-02-12T14:45;2024-02-12T15:00;60;kWh;-23649;0;0;0;23649;-23649
2024-02-12T15:00;2024-02-12T15:15;61;kWh;-103681;0;0;0;103681;-103681
2024-02-12T15:15;2024-02-12T15:30;62;kWh;-19948;0;0;0;19948;-19948
2024-02-12T15:30;2024-02-12T15:45;63;kWh;-600;0;0;0;600;-600
2024-02-12T15:45;2024-02-12T16:00;64;kWh;-5199;0;0;0;5199;-5199
2024-02-12T16:00;2024-02-12T16:15;65;kWh;-74991;0;0;0;74991;-74991
2024-02-12T16:15;2024-02-12T16:30;66;kWh;-18777;0;0;0;18777;-18777
2024-02-12T16:30;2024-02-12T16:45;67;kWh;-1999;0;0;0;1999;-1999
2024-02-12T16:45;2024-02-12T17:00;68;kWh;-1000;0;0;0;1000;-1000
2024-02-12T17:00;2024-02-12T17:15;69;kWh;-39927;0;0;0;39927;-39927
2024-02-12T17:15;2024-02-12T17:30;70;kWh;-15943;0;0;0;15943;-15943
2024-02-12T17:30;2024-02-12T17:45;71;kWh;0;0;0;0;0;0
2024-02-12T17:45;2024-02-12T18:00;72;kWh;0;3469;0;0;3469;3469
2024-02-12T18:00;2024-02-12T18:15;73;kWh;0;12516;0;0;12516;12516
2024-02-12T18:15;2024-02-12T18:30;74;kWh;0;39928;0;0;39928;39928
2024-02-12T18:30;2024-02-12T18:45;75;kWh;0;35988;0;0;35988;35988
2024-02-12T18:45;2024-02-12T19:00;76;kWh;0;21594;0;0;21594;21594
2024-02-12T19:00;2024-02-12T19:15;77;kWh;0;30512;0;0;30512;30512
2024-02-12T19:15;2024-02-12T19:30;78;kWh;0;1804;0;0;1804;1804
2024-02-12T19:30;2024-02-12T19:45;79;kWh;0;208;0;0;208;208
2024-02-12T19:45;2024-02-12T20:00;80;kWh;0;0;0;0;0;0
2024-02-12T20:00;2024-02-12T20:15;81;kWh;0;0;0;0;0;0
2024-02-12T20:15;2024-02-12T20:30;82;kWh;0;0;0;0;0;0
2024-02-12T20:30;2024-02-12T20:45;83;kWh;0;0;0;0;0;0
2024-02-12T20:45;2024-02-12T21:00;84;kWh;0;0;0;0;0;0
2024-02-12T21:00;2024-02-12T21:15;85;kWh;0;0;0;0;0;0
2024-02-12T21:15;2024-02-12T21:30;86;kWh;0;1135;0;0;1135;1135
2024-02-12T21:30;2024-02-12T21:45;87;kWh;0;101;0;0;101;101
2024-02-12T21:45;2024-02-12T22:00;88;kWh;0;2541;0;0;2541;2541
2024-02-12T22:00;2024-02-12T22:15;89;kWh;-1229;4;0;0;1233;-1225
2024-02-12T22:15;2024-02-12T22:30;90;kWh;-596;0;0;0;596;-596
2024-02-12T22:30;2024-02-12T22:45;91;kWh;0;2932;0;0;2932;2932
2024-02-12T22:45;2024-02-12T23:00;92;kWh;-40;0;0;0;40;-40
2024-02-12T23:00;2024-02-12T23:15;93;kWh;-275;0;0;0;275;-275
2024-02-12T23:15;2024-02-12T23:30;94;kWh;-2366;0;0;0;2366;-2366
2024-02-12T23:30;2024-02-12T23:45;95;kWh;-2949;0;0;0;2949;-2949
2024-02-12T23:45;2024-02-13T00:00;96;kWh;-21669;0;0;0;21669;-21669
2024-02-13T00:00;2024-02-13T00:15;1;kWh;-16271;11893;0;0;28164;-4378
2024-02-13T00:15;2024-02-13T00:30;2;kWh;-2641;0;0;0;2641;-2641
2024-02-13T00:30;2024-02-13T00:45;3;kWh;-2545;0;0;0;2545;-2545
2024-02-13T00:45;2024-02-13T01:00;4;kWh;-20510;0;0;0;20510;-20510
2024-02-13T01:00;2024-02-13T01:15;5;kWh;-15237;0;0;0;15237;-15237
2024-02-13T01:15;2024-02-13T01:30;6;kWh;-10688;0;0;0;10688;-10688
2024-02-13T01:30;2024-02-13T01:45;7;kWh;-38268;0;0;0;38268;-38268
2024-02-13T01:45;2024-02-13T02:00;8;kWh;-47204;0;0;0;47204;-47204
2024-02-13T02:00;2024-02-13T02:15;9;kWh;-2731;1061;0;0;3792;-1670
2024-02-13T02:15;2024-02-13T02:30;10;kWh;0;2353;0;0;2353;2353
2024-02-13T02:30;2024-02-13T02:45;11;kWh;0;5158;0;0;5158;5158
2024-02-13T02:45;2024-02-13T03:00;12;kWh;0;294;0;0;294;294
2024-02-13T03:00;2024-02-13T03:15;13;kWh;0;21172;0;0;21172;21172
2024-02-13T03:15;2024-02-13T03:30;14;kWh;0;3649;0;0;3649;3649
2024-02-13T03:30;2024-02-13T03:45;15;kWh;0;3523;0;0;3523;3523
2024-02-13T03:45;2024-02-13T04:00;16;kWh;0;202;0;0;202;202
2024-02-13T04:00;2024-02-13T04:15;17;kWh;0;0;0;0;0;0
2024-02-13T04:15;2024-02-13T04:30;18;kWh;-25883;0;0;0;25883;-25883
2024-02-13T04:30;2024-02-13T04:45;19;kWh;-34111;0;0;0;34111;-34111
2024-02-13T04:45;2024-02-13T05:00;20;kWh;-23238;0;0;0;23238;-23238
2024-02-13T05:00;2024-02-13T05:15;21;kWh;-8783;0;0;0;8783;-8783
2024-02-13T05:15;2024-02-13T05:30;22;kWh;-4692;0;0;0;4692;-4692
2024-02-13T05:30;2024-02-13T05:45;23;kWh;-1829;0;0;0;1829;-1829
2024-02-13T05:45;2024-02-13T06:00;24;kWh;0;536;0;0;536;536
2024-02-13T06:00;2024-02-13T06:15;25;kWh;-951;0;0;0;951;-951
2024-02-13T06:15;2024-02-13T06:30;26;kWh;-4289;0;0;0;4289;-4289
2024-02-13T06:30;2024-02-13T06:45;27;kWh;-562;0;0;0;562;-562
2024-02-13T06:45;2024-02-13T07:00;28;kWh;-72;3829;0;0;3901;3757
2024-02-13T07:00;2024-02-13T07:15;29;kWh;-34104;0;0;0;34104;-34104
2024-02-13T07:15;2024-02-13T07:30;30;kWh;-9332;536;0;0;9868;-8796
2024-02-13T07:30;2024-02-13T07:45;31;kWh;0;9933;0;0;9933;9933
2024-02-13T07:45;2024-02-13T08:00;32;kWh;0;7120;0;0;7120;7120
2024-02-13T08:00;2024-02-13T08:15;33;kWh;-25983;0;0;0;25983;-25983
2024-02-13T08:15;2024-02-13T08:30;34;kWh;-39912;0;0;0;39912;-39912
2024-02-13T08:30;2024-02-13T08:45;35;kWh;-43820;0;0;0;43820;-43820
2024-02-13T08:45;2024-02-13T09:00;36;kWh;-73642;0;0;0;73642;-73642
2024-02-13T09:00;2024-02-13T09:15;37;kWh;-19795;0;0;0;19795;-19795
2024-02-13T09:15;2024-02-13T09:30;38;kWh;-34730;0;0;0;34730;-34730
2024-02-13T09:30;2024-02-13T09:45;39;kWh;-58827;0;0;0;58827;-58827
2024-02-13T09:45;2024-02-13T10:00;40;kWh;-35563;0;0;0;35563;-35563
2024-02-13T10:00;2024-02-13T10:15;41;kWh;-22811;1590;0;0;24401;-21221
2024-02-13T10:15;2024-02-13T10:30;42;kWh;-21771;2;0;0;21773;-21769
2024-02-13T10:30;2024-02-13T10:45;43;kWh;-17517;616;0;0;18133;-16901
2024-02-13T10:45;2024-02-13T11:00;44;kWh;-16218;0;0;0;16218;-16218
2024-02-13T11:00;2024-02-13T11:15;45;kWh;-23135;0;0;0;23135;-23135
2024-02-13T11:15;2024-02-13T11:30;46;kWh;-18274;0;0;0;18274;-18274
2024-02-13T11:30;2024-02-13T11:45;47;kWh;-23902;0;0;0;23902;-23902
2024-02-13T11:45;2024-02-13T12:00;48;kWh;-10913;0;0;0;10913;-10913
2024-02-13T12:00;2024-02-13T12:15;49;kWh;-4147;0;0;0;4147;-4147
2024-02-13T12:15;2024-02-13T12:30;50;kWh;-1275;0;0;0;1275;-1275
2024-02-13T12:30;2024-02-13T12:45;51;kWh;0;0;0;0;0;0
2024-02-13T12:45;2024-02-13T13:00;52;kWh;0;0;0;0;0;0
2024-02-13T13:00;2024-02-13T13:15;53;kWh;-6873;0;0;0;6873;-6873
2024-02-13T13:15;2024-02-13T13:30;54;kWh;-64;2977;0;0;3041;2913
2024-02-13T13:30;2024-02-13T13:45;55;kWh;0;2291;0;0;2291;2291
2024-02-13T13:45;2024-02-13T14:00;56;kWh;-5074;0;0;0;5074;-5074
2024-02-13T14:00;2024-02-13T14:15;57;kWh;-22277;0;0;0;22277;-22277
2024-02-13T14:15;2024-02-13T14:30;58;kWh;-8548;0;0;0;8548;-8548
2024-02-13T14:30;2024-02-13T14:45;59;kWh;0;521;0;0;521;521
2024-02-13T14:45;2024-02-13T15:00;60;kWh;0;17554;0;0;17554;17554
2024-02-13T15:00;2024-02-13T15:15;61;kWh;0;27257;0;0;27257;27257
2024-02-13T15:15;2024-02-13T15:30;62;kWh;0;1734;0;0;1734;1734
2024-02-13T15:30;2024-02-13T15:45;63;kWh;0;54428;0;0;54428;54428
2024-02-13T15:45;2024-02-13T16:00;64;kWh;0;18549;0;0;18549;18549
2024-02-13T16:00;2024-02-13T16:15;65;kWh;-7;534;0;0;541;527
2024-02-13T16:15;2024-02-13T16:30;66;kWh;-16020;0;0;0;16020;-16020
2024-02-13T16:30;2024-02-13T16:45;67;kWh;-6476;0;0;0;6476;-6476
2024-02-13T16:45;2024-02-13T17:00;68;kWh;0;0;0;0;0;0
2024-02-13T17:00;2024-02-13T17:15;69;kWh;-9579;0;0;0;9579;-9579
2024-02-13T17:15;2024-02-13T17:30;70;kWh;0;123;0;0;123;123
2024-02-13T17:30;2024-02-13T17:45;71;kWh;0;1026;0;0;1026;1026
2024-02-13T17:45;2024-02-13T18:00;72;kWh;0;0;0;0;0;0
2024-02-13T18:00;2024-02-13T18:15;73;kWh;0;0;0;0;0;0
2024-02-13T18:15;2024-02-13T18:30;74;kWh;0;2999;0;0;2999;2999
2024-02-13T18:30;2024-02-13T18:45;75;kWh;-357;1856;0;0;2213;1499
2024-02-13T18:45;2024-02-13T19:00;76;kWh;-12923;0;0;0;12923;-12923
2024-02-13T19:00;2024-02-13T19:15;77;kWh;-3629;0;0;0;3629;-3629
2024-02-13T19:15;2024-02-13T19:30;78;kWh;0;1215;0;0;1215;1215
2024-02-13T19:30;2024-02-13T19:45;79;kWh;0;0;0;0;0;0
2024-02-13T19:45;2024-02-13T20:00;80;kWh;0;0;0;0;0;0
2024-02-13T20:00;2024-02-13T20:15;81;kWh;-271;0;0;0;271;-271
2024-02-13T20:15;2024-02-13T20:30;82;kWh;-1319;0;0;0;1319;-1319
2024-02-13T20:30;2024-02-13T20:45;83;kWh;-940;0;0;0;940;-940
2024-02-13T20:45;2024-02-13T21:00;84;kWh;-1380;0;0;0;1380;-1380
2024-02-13T21:00;2024-02-13T21:15;85;kWh;-316;0;0;0;316;-316
2024-02-13T21:15;2024-02-13T21:30;86;kWh;-1316;0;0;0;1316;-1316
2024-02-13T21:30;2024-02-13T21:45;87;kWh;-1388;0;0;0;1388;-1388
2024-02-13T21:45;2024-02-13T22:00;88;kWh;-1214;0;0;0;1214;-1214
2024-02-13T22:00;2024-02-13T22:15;89;kWh;-99;2126;0;0;2225;2027
2024-02-13T22:15;2024-02-13T22:30;90;kWh;0;999;0;0;999;999
2024-02-13T22:30;2024-02-13T22:45;91;kWh;0;27413;0;0;27413;27413
2024-02-13T22:45;2024-02-13T23:00;92;kWh;-2046;226;0;0;2272;-1820
2024-02-13T23:00;2024-02-13T23:15;93;kWh;-4004;0;0;0;4004;-4004
2024-02-13T23:15;2024-02-13T23:30;94;kWh;-1034;0;0;0;1034;-1034
2024-02-13T23:30;2024-02-13T23:45;95;kWh;-2075;0;0;0;2075;-2075
2024-02-13T23:45;2024-02-14T00:00;96;kWh;-9666;0;0;0;9666;-9666
2024-02-14T00:00;2024-02-14T00:15;1;kWh;-14025;0;0;0;14025;-14025
2024-02-14T00:15;2024-02-14T00:30;2;kWh;-12053;0;0;0;12053;-12053
2024-02-14T00:30;2024-02-14T00:45;3;kWh;-19900;0;0;0;19900;-19900
2024-02-14T00:45;2024-02-14T01:00;4;kWh;-26244;0;0;0;26244;-26244
2024-02-14T01:00;2024-02-14T01:15;5;kWh;-7091;1385;0;0;8476;-5706
2024-02-14T01:15;2024-02-14T01:30;6;kWh;0;5100;0;0;5100;5100
2024-02-14T01:30;2024-02-14T01:45;7;kWh;-40;414;0;0;454;374
2024-02-14T01:45;2024-02-14T02:00;8;kWh;-5542;0;0;0;5542;-5542
2024-02-14T02:00;2024-02-14T02:15;9;kWh;-1296;4324;0;0;5620;3028
2024-02-14T02:15;2024-02-14T02:30;10;kWh;0;1985;0;0;1985;1985
2024-02-14T02:30;2024-02-14T02:45;11;kWh;-472;0;0;0;472;-472
2024-02-14T02:45;2024-02-14T03:00;12;kWh;-4802;0;0;0;4802;-4802
2024-02-14T03:00;2024-02-14T03:15;13;kWh;-14;672;0;0;686;658
2024-02-14T03:15;2024-02-14T03:30;14;kWh;-1243;0;0;0;1243;-1243
2024-02-14T03:30;2024-02-14T03:45;15;kWh;-4519;0;0;0;4519;-4519
2024-02-14T03:45;2024-02-14T04:00;16;kWh;-1227;0;0;0;1227;-1227
2024-02-14T04:00;2024-02-14T04:15;17;kWh;0;1472;0;0;1472;1472
2024-02-14T04:15;2024-02-14T04:30;18;kWh;0;8411;0;0;8411;8411
2024-02-14T04:30;2024-02-14T04:45;19;kWh;0;24698;0;0;24698;24698
2024-02-14T04:45;2024-02-14T05:00;20;kWh;0;21486;0;0;21486;21486
2024-02-14T05:00;2024-02-14T05:15;21;kWh;0;1070;0;0;1070;1070
2024-02-14T05:15;2024-02-14T05:30;22;kWh;0;5227;0;0;5227;5227
2024-02-14T05:30;2024-02-14T05:45;23;kWh;0;23966;0;0;23966;23966
2024-02-14T05:45;2024-02-14T06:00;24;kWh;0;29802;0;0;29802;29802
2024-02-14T06:00;2024-02-14T06:15;25;kWh;-9581;2291;0;0;11872;-7290
2024-02-14T06:15;2024-02-14T06:30;26;kWh;-13;1401;0;0;1414;1388
2024-02-14T06:30;2024-02-14T06:45;27;kWh;0;16449;0;0;16449;16449
2024-02-14T06:45;2024-02-14T07:00;28;kWh;0;29588;0;0;29588;29588
2024-02-14T07:00;2024-02-14T07:15;29;kWh;-6746;2554;0;0;9300;-4192
2024-02-14T07:15;2024-02-14T07:30;30;kWh;0;1361;0;0;1361;1361
2024-02-14T07:30;2024-02-14T07:45;31;kWh;0;3569;0;0;3569;3569
2024-02-14T07:45;2024-02-14T08:00;32;kWh;0;223;0;0;223;223
2024-02-14T08:00;2024-02-14T08:15;33;kWh;-17477;0;0;0;17477;-17477
2024-02-14T08:15;2024-02-14T08:30;34;kWh;-317;0;0;0;317;-317
2024-02-14T08:30;2024-02-14T08:45;35;kWh;0;0;0;0;0;0
2024-02-14T08:45;2024-02-14T09:00;36;kWh;0;0;0;0;0;0
2024-02-14T09:00;2024-02-14T09:15;37;kWh;0;643;0;0;643;643
2024-02-14T09:15;2024-02-14T09:30;38;kWh;0;0;0;0;0;0
2024-02-14T09:30;2024-02-14T09:45;39;kWh;0;257;0;0;257;257
2024-02-14T09:45;2024-02-14T10:00;40;kWh;-14;0;0;0;14;-14
2024-02-14T10:00;2024-02-14T10:15;41;kWh;-9879;0;0;0;9879;-9879
2024-02-14T10:15;2024-02-14T10:30;42;kWh;-2156;0;0;0;2156;-2156
2024-02-14T10:30;2024-02-14T10:45;43;kWh;-5432;0;0;0;5432;-5432
2024-02-14T10:45;2024-02-14T11:00;44;kWh;-7368;0;0;0;7368;-7368
2024-02-14T11:00;2024-02-14T11:15;45;kWh;-16035;0;0;0;16035;-16035
2024-02-14T11:15;2024-02-14T11:30;46;kWh;-7649;0;0;0;7649;-7649
2024-02-14T11:30;2024-02-14T11:45;47;kWh;-334;108;0;0;442;-226
2024-02-14T11:45;2024-02-14T12:00;48;kWh;0;4493;0;0;4493;4493
2024-02-14T12:00;2024-02-14T12:15;49;kWh;-1567;98;0;0;1665;-1469
2024-02-14T12:15;2024-02-14T12:30;50;kWh;0;24178;0;0;24178;24178
2024-02-14T12:30;2024-02-14T12:45;51;kWh;0;31364;0;0;31364;31364
2024-02-14T12:45;2024-02-14T13:00;52;kWh;0;25612;0;0;25612;25612
2024-02-14T13:00;2024-02-14T13:15;53;kWh;0;17515;0;0;17515;17515
2024-02-14T13:15;2024-02-14T13:30;54;kWh;0;12224;0;0;12224;12224
2024-02-14T13:30;2024-02-14T13:45;55;kWh;0;8167;0;0;8167;8167
2024-02-14T13:45;2024-02-14T14:00;56;kWh;0;5502;0;0;5502;5502
2024-02-14T14:00;2024-02-14T14:15;57;kWh;0;2237;0;0;2237;2237
2024-02-14T14:15;2024-02-14T14:30;58;kWh;-78;1;0;0;79;-77
2024-02-14T14:30;2024-02-14T14:45;59;kWh;0;0;0;0;0;0
2024-02-14T14:45;2024-02-14T15:00;60;kWh;0;0;0;0;0;0
2024-02-14T15:00;2024-02-14T15:15;61;kWh;0;0;0;0;0;0
2024-02-14T15:15;2024-02-14T15:30;62;kWh;0;2016;0;0;2016;2016
2024-02-14T15:30;2024-02-14T15:45;63;kWh;0;2189;0;0;2189;2189
2024-02-14T15:45;2024-02-14T16:00;64;kWh;0;6357;0;0;6357;6357
2024-02-14T16:00;2024-02-14T16:15;65;kWh;0;7490;0;0;7490;7490
2024-02-14T16:15;2024-02-14T16:30;66;kWh;0;5689;0;0;5689;5689
2024-02-14T16:30;2024-02-14T16:45;67;kWh;0;15110;0;0;15110;15110
2024-02-14T16:45;2024-02-14T17:00;68;kWh;0;15560;0;0;15560;15560
2024-02-14T17:00;2024-02-14T17:15;69;kWh;0;3968;0;0;3968;3968
2024-02-14T17:15;2024-02-14T17:30;70;kWh;0;7830;0;0;7830;7830
2024-02-14T17:30;2024-02-14T17:45;71;kWh;0;7579;0;0;7579;7579
2024-02-14T17:45;2024-02-14T18:00;72;kWh;0;0;0;0;0;0
2024-02-14T18:00;2024-02-14T18:15;73;kWh;-70;0;0;0;70;-70
2024-02-14T18:15;2024-02-14T18:30;74;kWh;0;0;0;0;0;0
2024-02-14T18:30;2024-02-14T18:45;75;kWh;0;0;0;0;0;0
2024-02-14T18:45;2024-02-14T19:00;76;kWh;0;0;0;0;0;0
2024-02-14T19:00;2024-02-14T19:15;77;kWh;0;0;0;0;0;0
2024-02-14T19:15;2024-02-14T19:30;78;kWh;0;921;0;0;921;921
2024-02-14T19:30;2024-02-14T19:45;79;kWh;0;0;0;0;0;0
2024-02-14T19:45;2024-02-14T20:00;80;kWh;-39;0;0;0;39;-39
2024-02-14T20:00;2024-02-14T20:15;81;kWh;-799;0;0;0;799;-799
2024-02-14T20:15;2024-02-14T20:30;82;kWh;-335;0;0;0;335;-335
2024-02-14T20:30;2024-02-14T20:45;83;kWh;0;0;0;0;0;0
2024-02-14T20:45;2024-02-14T21:00;84;kWh;-6;0;0;0;6;-6
2024-02-14T21:00;2024-02-14T21:15;85;kWh;-2736;0;0;0;2736;-2736
2024-02-14T21:15;2024-02-14T21:30;86;kWh;-2636;0;0;0;2636;-2636
2024-02-14T21:30;2024-02-14T21:45;87;kWh;-1803;0;0;0;1803;-1803
2024-02-14T21:45;2024-02-14T22:00;88;kWh;-6214;0;0;0;6214;-6214
2024-02-14T22:00;2024-02-14T22:15;89;kWh;-4457;0;0;0;4457;-4457
2024-02-14T22:15;2024-02-14T22:30;90;kWh;0;2055;0;0;2055;2055
2024-02-14T22:30;2024-02-14T22:45;91;kWh;0;0;0;0;0;0
2024-02-14T22:45;2024-02-14T23:00;92;kWh;0;0;0;0;0;0
2024-02-14T23:00;2024-02-14T23:15;93;kWh;-779;18;0;0;797;-761
2024-02-14T23:15;2024-02-14T23:30;94;kWh;0;2570;0;0;2570;2570
2024-02-14T23:30;2024-02-14T23:45;95;kWh;0;735;0;0;735;735
2024-02-14T23:45;2024-02-15T00:00;96;kWh;0;106;0;0;106;106
2024-02-15T00:00;2024-02-15T00:15;1;kWh;0;0;0;0;0;0
2024-02-15T00:15;2024-02-15T00:30;2;kWh;0;2608;0;0;2608;2608
2024-02-15T00:30;2024-02-15T00:45;3;kWh;0;4083;0;0;4083;4083
2024-02-15T00:45;2024-02-15T01:00;4;kWh;0;5483;0;0;5483;5483
2024-02-15T01:00;2024-02-15T01:15;5;kWh;0;305;0;0;305;305
2024-02-15T01:15;2024-02-15T01:30;6;kWh;0;0;0;0;0;0
2024-02-15T01:30;2024-02-15T01:45;7;kWh;0;0;0;0;0;0
2024-02-15T01:45;2024-02-15T02:00;8;kWh;-1997;0;0;0;1997;-1997
2024-02-15T02:00;2024-02-15T02:15;9;kWh;-4592;0;0;0;4592;-4592
2024-02-15T02:15;2024-02-15T02:30;10;kWh;-53344;0;0;0;53344;-53344
2024-02-15T02:30;2024-02-15T02:45;11;kWh;-70293;0;0;0;70293;-70293
2024-02-15T02:45;2024-02-15T03:00;12;kWh;-37525;5;0;0;37530;-37520
2024-02-15T03:00;2024-02-15T03:15;13;kWh;-7621;0;0;0;7621;-7621
2024-02-15T03:15;2024-02-15T03:30;14;kWh;0;1991;0;0;1991;1991
2024-02-15T03:30;2024-02-15T03:45;15;kWh;0;5781;0;0;5781;5781
2024-02-15T03:45;2024-02-15T04:00;16;kWh;0;10712;0;0;10712;10712
2024-02-15T04:00;2024-02-15T04:15;17;kWh;-5;400;0;0;405;395
2024-02-15T04:15;2024-02-15T04:30;18;kWh;-25;278;0;0;303;253
2024-02-15T04:30;2024-02-15T04:45;19;kWh;0;17633;0;0;17633;17633
2024-02-15T04:45;2024-02-15T05:00;20;kWh;0;7506;0;0;7506;7506
2024-02-15T05:00;2024-02-15T05:15;21;kWh;0;125;0;0;125;125
2024-02-15T05:15;2024-02-15T05:30;22;kWh;-922;0;0;0;922;-922
2024-02-15T05:30;2024-02-15T05:45;23;kWh;-1;0;0;0;1;-1
2024-02-15T05:45;2024-02-15T06:00;24;kWh;-7;0;0;0;7;-7
2024-02-15T06:00;2024-02-15T06:15;25;kWh;-12297;0;0;0;12297;-12297
2024-02-15T06:15;2024-02-15T06:30;26;kWh;-2363;0;0;0;2363;-2363
2024-02-15T06:30;2024-02-15T06:45;27;kWh;0;9590;0;0;9590;9590
2024-02-15T06:45;2024-02-15T07:00;28;kWh;0;1255;0;0;1255;1255
2024-02-15T07:00;2024-02-15T07:15;29;kWh;-23974;0;0;0;23974;-23974
2024-02-15T07:15;2024-02-15T07:30;30;kWh;-21819;0;0;0;21819;-21819
2024-02-15T07:30;2024-02-15T07:45;31;kWh;-8499;0;0;0;8499;-8499
2024-02-15T07:45;2024-02-15T08:00;32;kWh;-16041;0;0;0;16041;-16041
2024-02-15T08:00;2024-02-15T08:15;33;kWh;-5848;0;0;0;5848;-5848
2024-02-15T08:15;2024-02-15T08:30;34;kWh;-66;0;0;0;66;-66
2024-02-15T08:30;2024-02-15T08:45;35;kWh;0;2456;0;0;2456;2456
2024-02-15T08:45;2024-02-15T09:00;36;kWh;0;6527;0;0;6527;6527
2024-02-15T09:00;2024-02-15T09:15;37;kWh;0;36638;0;0;36638;36638
2024-02-15T09:15;2024-02-15T09:30;38;kWh;0;6849;0;0;6849;6849
2024-02-15T09:30;2024-02-15T09:45;39;kWh;0;1933;0;0;1933;1933
2024-02-15T09:45;2024-02-15T10:00;40;kWh;0;8627;0;0;8627;8627
2024-02-15T10:00;2024-02-15T10:15;41;kWh;0;21919;0;0;21919;21919
2024-02-15T10:15;2024-02-15T10:30;42;kWh;0;34080;0;0;34080;34080
2024-02-15T10:30;2024-02-15T10:45;43;kWh;0;7878;0;0;7878;7878
2024-02-15T10:45;2024-02-15T11:00;44;kWh;0;3573;0;0;3573;3573
2024-02-15T11:00;2024-02-15T11:15;45;kWh;0;14379;0;0;14379;14379
2024-02-15T11:15;2024-02-15T11:30;46;kWh;0;30554;0;0;30554;30554
2024-02-15T11:30;2024-02-15T11:45;47;kWh;0;15141;0;0;15141;15141
2024-02-15T11:45;2024-02-15T12:00;48;kWh;0;2523;0;0;2523;2523
2024-02-15T12:00;2024-02-15T12:15;49;kWh;0;221;0;0;221;221
2024-02-15T12:15;2024-02-15T12:30;50;kWh;0;79;0;0;79;79
2024-02-15T12:30;2024-02-15T12:45;51;kWh;0;0;0;0;0;0
2024-02-15T12:45;2024-02-15T13:00;52;kWh;0;0;0;0;0;0
2024-02-15T13:00;2024-02-15T13:15;53;kWh;0;10007;0;0;10007;10007
2024-02-15T13:15;2024-02-15T13:30;54;kWh;0;13694;0;0;13694;13694
2024-02-15T13:30;2024-02-15T13:45;55;kWh;0;0;0;0;0;0
2024-02-15T13:45;2024-02-15T14:00;56;kWh;-21185;0;0;0;21185;-21185
2024-02-15T14:00;2024-02-15T14:15;57;kWh;-40949;0;0;0;40949;-40949
2024-02-15T14:15;2024-02-15T14:30;58;kWh;-139;0;0;0;139;-139
2024-02-15T14:30;2024-02-15T14:45;59;kWh;0;0;0;0;0;0
2024-02-15T14:45;2024-02-15T15:00;60;kWh;-169;0;0;0;169;-169
2024-02-15T15:00;2024-02-15T15:15;61;kWh;-32205;0;0;0;32205;-32205
2024-02-15T15:15;2024-02-15T15:30;62;kWh;-3301;9;0;0;3310;-3292
2024-02-15T15:30;2024-02-15T15:45;63;kWh;0;6424;0;0;6424;6424
2024-02-15T15:45;2024-02-15T16:00;64;kWh;-363;7132;0;0;7495;6769
2024-02-15T16:00;2024-02-15T16:15;65;kWh;-41831;0;0;0;41831;-41831
2024-02-15T16:15;2024-02-15T16:30;66;kWh;-22755;0;0;0;22755;-22755
2024-02-15T16:30;2024-02-15T16:45;67;kWh;-264;0;0;0;264;-264
2024-02-15T16:45;2024-02-15T17:00;68;kWh;0;0;0;0;0;0
2024-02-15T17:00;2024-02-15T17:15;69;kWh;-131;0;0;0;131;-131
2024-02-15T17:15;2024-02-15T17:30;70;kWh;0;4002;0;0;4002;4002
2024-02-15T17:30;2024-02-15T17:45;71;kWh;0;15243;0;0;15243;15243
2024-02-15T17:45;2024-02-15T18:00;72;kWh;0;13561;0;0;13561;13561
2024-02-15T18:00;2024-02-15T18:15;73;kWh;0;0;0;0;0;0
2024-02-15T18:15;2024-02-15T18:30;74;kWh;0;0;0;0;0;0
2024-02-15T18:30;2024-02-15T18:45;75;kWh;-7639;0;0;0;7639;-7639
2024-02-15T18:45;2024-02-15T19:00;76;kWh;-20901;0;0;0;20901;-20901
2024-02-15T19:00;2024-02-15T19:15;77;kWh;-5201;0;0;0;5201;-5201
2024-02-15T19:15;2024-02-15T19:30;78;kWh;-7363;0;0;0;7363;-7363
2024-02-15T19:30;2024-02-15T19:45;79;kWh;-22055;0;0;0;22055;-22055
2024-02-15T19:45;2024-02-15T20:00;80;kWh;-40540;0;0;0;40540;-40540
2024-02-15T20:00;2024-02-15T20:15;81;kWh;-19835;0;0;0;19835;-19835
2024-02-15T20:15;2024-02-15T20:30;82;kWh;-25319;0;0;0;25319;-25319
2024-02-15T20:30;2024-02-15T20:45;83;kWh;-54423;0;0;0;54423;-54423
2024-02-15T20:45;2024-02-15T21:00;84;kWh;-62963;0;0;0;62963;-62963
2024-02-15T21:00;2024-02-15T21:15;85;kWh;-16025;4621;0;0;20646;-11404
2024-02-15T21:15;2024-02-15T21:30;86;kWh;0;7852;0;0;7852;7852
2024-02-15T21:30;2024-02-15T21:45;87;kWh;0;698;0;0;698;698
2024-02-15T21:45;2024-02-15T22:00;88;kWh;0;0;0;0;0;0
2024-02-15T22:00;2024-02-15T22:15;89;kWh;0;1146;0;0;1146;1146
2024-02-15T22:15;2024-02-15T22:30;90;kWh;0;1312;0;0;1312;1312
2024-02-15T22:30;2024-02-15T22:45;91;kWh;0;2668;0;0;2668;2668
2024-02-15T22:45;2024-02-15T23:00;92;kWh;0;958;0;0;958;958
2024-02-15T23:00;2024-02-15T23:15;93;kWh;-235;0;0;0;235;-235
2024-02-15T23:15;2024-02-15T23:30;94;kWh;-3241;0;0;0;3241;-3241
2024-02-15T23:30;2024-02-15T23:45;95;kWh;-23982;0;0;0;23982;-23982
2024-02-15T23:45;2024-02-16T00:00;96;kWh;-20012;0;0;0;20012;-20012
2024-02-16T00:00;2024-02-16T00:15;1;kWh;-5512;0;0;0;5512;-5512
2024-02-16T00:15;2024-02-16T00:30;2;kWh;0;0;0;0;0;0
2024-02-16T00:30;2024-02-16T00:45;3;kWh;-3610;0;0;0;3610;-3610
2024-02-16T00:45;2024-02-16T01:00;4;kWh;-10644;0;0;0;10644;-10644
2024-02-16T01:00;2024-02-16T01:15;5;kWh;-169;30774;0;0;30943;30605
2024-02-16T01:15;2024-02-16T01:30;6;kWh;0;17060;0;0;17060;17060
2024-02-16T01:30;2024-02-16T01:45;7;kWh;0;14266;0;0;14266;14266
2024-02-16T01:45;2024-02-16T02:00;8;kWh;0;5966;0;0;5966;5966
2024-02-16T02:00;2024-02-16T02:15;9;kWh;0;9381;0;0;9381;9381
2024-02-16T02:15;2024-02-16T02:30;10;kWh;0;29;0;0;29;29
2024-02-16T02:30;2024-02-16T02:45;11;kWh;0;0;0;0;0;0
2024-02-16T02:45;2024-02-16T03:00;12;kWh;-38;0;0;0;38;-38
2024-02-16T03:00;2024-02-16T03:15;13;kWh;-109;8;0;0;117;-101
2024-02-16T03:15;2024-02-16T03:30;14;kWh;0;0;0;0;0;0
2024-02-16T03:30;2024-02-16T03:45;15;kWh;-7301;0;0;0;7301;-7301
2024-02-16T03:45;2024-02-16T04:00;16;kWh;-14977;126;0;0;15103;-14851
2024-02-16T04:00;2024-02-16T04:15;17;kWh;-705;0;0;0;705;-705
2024-02-16T04:15;2024-02-16T04:30;18;kWh;0;0;0;0;0;0
2024-02-16T04:30;2024-02-16T04:45;19;kWh;0;0;0;0;0;0
2024-02-16T04:45;2024-02-16T05:00;20;kWh;-110;0;0;0;110;-110
2024-02-16T05:00;2024-02-16T05:15;21;kWh;-9482;0;0;0;9482;-9482
2024-02-16T05:15;2024-02-16T05:30;22;kWh;-15697;0;0;0;15697;-15697
2024-02-16T05:30;2024-02-16T05:45;23;kWh;0;0;0;0;0;0
2024-02-16T05:45;2024-02-16T06:00;24;kWh;-10;0;0;0;10;-10
2024-02-16T06:00;2024-02-16T06:15;25;kWh;-24675;0;0;0;24675;-24675
2024-02-16T06:15;2024-02-16T06:30;26;kWh;-17986;764;0;0;18750;-17222
2024-02-16T06:30;2024-02-16T06:45;27;kWh;0;528;0;0;528;528
2024-02-16T06:45;2024-02-16T07:00;28;kWh;-2520;0;0;0;2520;-2520
2024-02-16T07:00;2024-02-16T07:15;29;kWh;-16107;23;0;0;16130;-16084
2024-02-16T07:15;2024-02-16T07:30;30;kWh;-2;3504;0;0;3506;3502
2024-02-16T07:30;2024-02-16T07:45;31;kWh;0;6155;0;0;6155;6155
2024-02-16T07:45;2024-02-16T08:00;32;kWh;0;2507;0;0;2507;2507
2024-02-16T08:00;2024-02-16T08:15;33;kWh;0;1059;0;0;1059;1059
2024-02-16T08:15;2024-02-16T08:30;34;kWh;0;8;0;0;8;8
2024-02-16T08:30;2024-02-16T08:45;35;kWh;0;0;0;0;0;0
2024-02-16T08:45;2024-02-16T09:00;36;kWh;0;0;0;0;0;0
2024-02-16T09:00;2024-02-16T09:15;37;kWh;0;0;0;0;0;0
2024-02-16T09:15;2024-02-16T09:30;38;kWh;-522;0;0;0;522;-522
2024-02-16T09:30;2024-02-16T09:45;39;kWh;-481;0;0;0;481;-481
2024-02-16T09:45;2024-02-16T10:00;40;kWh;0;0;0;0;0;0
2024-02-16T10:00;2024-02-16T10:15;41;kWh;-7867;0;0;0;7867;-7867
2024-02-16T10:15;2024-02-16T10:30;42;kWh;-14;0;0;0;14;-14
2024-02-16T10:30;2024-02-16T10:45;43;kWh;0;857;0;0;857;857
2024-02-16T10:45;2024-02-16T11:00;44;kWh;-9;17919;0;0;17928;17910
2024-02-16T11:00;2024-02-16T11:15;45;kWh;-880;2709;0;0;3589;1829
2024-02-16T11:15;2024-02-16T11:30;46;kWh;0;56231;0;0;56231;56231
2024-02-16T11:30;2024-02-16T11:45;47;kWh;-2962;37718;0;0;40680;34756
2024-02-16T11:45;2024-02-16T12:00;48;kWh;-8305;16986;0;0;25291;8681
2024-02-16T12:00;2024-02-16T12:15;49;kWh;0;35422;0;0;35422;35422
2024-02-16T12:15;2024-02-16T12:30;50;kWh;0;23454;0;0;23454;23454
2024-02-16T12:30;2024-02-16T12:45;51;kWh;0;3199;0;0;3199;3199
2024-02-16T12:45;2024-02-16T13:00;52;kWh;-566;276;0;0;842;-290
2024-02-16T13:00;2024-02-16T13:15;53;kWh;-2919;977;0;0;3896;-1942
2024-02-16T13:15;2024-02-16T13:30;54;kWh;0;3;0;0;3;3
2024-02-16T13:30;2024-02-16T13:45;55;kWh;0;0;0;0;0;0
2024-02-16T13:45;2024-02-16T14:00;56;kWh;0;0;0;0;0;0
2024-02-16T14:00;2024-02-16T14:15;57;kWh;-1485;0;0;0;1485;-1485
2024-02-16T14:15;2024-02-16T14:30;58;kWh;-10116;0;0;0;10116;-10116
2024-02-16T14:30;2024-02-16T14:45;59;kWh;-17082;0;0;0;17082;-17082
2024-02-16T14:45;2024-02-16T15:00;60;kWh;-12494;0;0;0;12494;-12494
2024-02-16T15:00;2024-02-16T15:15;61;kWh;-20494;0;0;0;20494;-20494
2024-02-16T15:15;2024-02-16T15:30;62;kWh;-2687;0;0;0;2687;-2687
2024-02-16T15:30;2024-02-16T15:45;63;kWh;0;0;0;0;0;0
2024-02-16T15:45;2024-02-16T16:00;64;kWh;0;0;0;0;0;0
2024-02-16T16:00;2024-02-16T16:15;65;kWh;0;508;0;0;508;508
2024-02-16T16:15;2024-02-16T16:30;66;kWh;0;1373;0;0;1373;1373
2024-02-16T16:30;2024-02-16T16:45;67;kWh;-25;0;0;0;25;-25
2024-02-16T16:45;2024-02-16T17:00;68;kWh;-817;0;0;0;817;-817
2024-02-16T17:00;2024-02-16T17:15;69;kWh;-12178;0;0;0;12178;-12178
2024-02-16T17:15;2024-02-16T17:30;70;kWh;-3442;0;0;0;3442;-3442
2024-02-16T17:30;2024-02-16T17:45;71;kWh;0;0;0;0;0;0
2024-02-16T17:45;2024-02-16T18:00;72;kWh;0;1458;0;0;1458;1458
2024-02-16T18:00;2024-02-16T18:15;73;kWh;0;10285;0;0;10285;10285
2024-02-16T18:15;2024-02-16T18:30;74;kWh;0;50946;0;0;50946;50946
2024-02-16T18:30;2024-02-16T18:45;75;kWh;0;53090;0;0;53090;53090
2024-02-16T18:45;2024-02-16T19:00;76;kWh;0;21700;0;0;21700;21700
2024-02-16T19:00;2024-02-16T19:15;77;kWh;0;35784;0;0;35784;35784
2024-02-16T19:15;2024-02-16T19:30;78;kWh;0;46025;0;0;46025;46025
2024-02-16T19:30;2024-02-16T19:45;79;kWh;0;14404;0;0;14404;14404
2024-02-16T19:45;2024-02-16T20:00;80;kWh;0;0;0;0;0;0
2024-02-16T20:00;2024-02-16T20:15;81;kWh;-34;0;0;0;34;-34
2024-02-16T20:15;2024-02-16T20:30;82;kWh;-5911;0;0;0;5911;-5911
2024-02-16T20:30;2024-02-16T20:45;83;kWh;-30521;0;0;0;30521;-30521
2024-02-16T20:45;2024-02-16T21:00;84;kWh;-26119;0;0;0;26119;-26119
2024-02-16T21:00;2024-02-16T21:15;85;kWh;-804;0;0;0;804;-804
2024-02-16T21:15;2024-02-16T21:30;86;kWh;0;0;0;0;0;0
2024-02-16T21:30;2024-02-16T21:45;87;kWh;-7964;0;0;0;7964;-7964
2024-02-16T21:45;2024-02-16T22:00;88;kWh;-24646;0;0;0;24646;-24646
2024-02-16T22:00;2024-02-16T22:15;89;kWh;-1227;13893;0;0;15120;12666
2024-02-16T22:15;2024-02-16T22:30;90;kWh;0;2665;0;0;2665;2665
2024-02-16T22:30;2024-02-16T22:45;91;kWh;-2679;0;0;0;2679;-2679
2024-02-16T22:45;2024-02-16T23:00;92;kWh;-23240;0;0;0;23240;-23240
2024-02-16T23:00;2024-02-16T23:15;93;kWh;-12928;0;0;0;12928;-12928
2024-02-16T23:15;2024-02-16T23:30;94;kWh;-2260;0;0;0;2260;-2260
2024-02-16T23:30;2024-02-16T23:45;95;kWh;-24201;0;0;0;24201;-24201
2024-02-16T23:45;2024-02-17T00:00;96;kWh;-27989;0;0;0;27989;-27989
2024-02-17T00:00;2024-02-17T00:15;1;kWh;-12147;0;0;0;12147;-12147
2024-02-17T00:15;2024-02-17T00:30;2;kWh;-2871;0;0;0;2871;-2871
2024-02-17T00:30;2024-02-17T00:45;3;kWh;-4850;0;0;0;4850;-4850
2024-02-17T00:45;2024-02-17T01:00;4;kWh;-264;0;0;0;264;-264
2024-02-17T01:00;2024-02-17T01:15;5;kWh;0;3853;0;0;3853;3853
2024-02-17T01:15;2024-02-17T01:30;6;kWh;0;153;0;0;153;153
2024-02-17T01:30;2024-02-17T01:45;7;kWh;-2188;0;0;0;2188;-2188
2024-02-17T01:45;2024-02-17T02:00;8;kWh;-4752;0;0;0;4752;-4752
2024-02-17T02:00;2024-02-17T02:15;9;kWh;-2239;0;0;0;2239;-2239
2024-02-17T02:15;2024-02-17T02:30;10;kWh;0;364;0;0;364;364
2024-02-17T02:30;2024-02-17T02:45;11;kWh;0;0;0;0;0;0
2024-02-17T02:45;2024-02-17T03:00;12;kWh;0;0;0;0;0;0
2024-02-17T03:00;2024-02-17T03:15;13;kWh;0;0;0;0;0;0
2024-02-17T03:15;2024-02-17T03:30;14;kWh;0;0;0;0;0;0
2024-02-17T03:30;2024-02-17T03:45;15;kWh;0;0;0;0;0;0
2024-02-17T03:45;2024-02-17T04:00;16;kWh;0;73;0;0;73;73
2024-02-17T04:00;2024-02-17T04:15;17;kWh;-3472;0;0;0;3472;-3472
2024-02-17T04:15;2024-02-17T04:30;18;kWh;-2102;0;0;0;2102;-2102
2024-02-17T04:30;2024-02-17T04:45;19;kWh;-1539;0;0;0;1539;-1539
2024-02-17T04:45;2024-02-17T05:00;20;kWh;-3055;0;0;0;3055;-3055
2024-02-17T05:00;2024-02-17T05:15;21;kWh;-17027;0;0;0;17027;-17027
2024-02-17T05:15;2024-02-17T05:30;22;kWh;-4176;0;0;0;4176;-4176
2024-02-17T05:30;2024-02-17T05:45;23;kWh;-300;0;0;0;300;-300
2024-02-17T05:45;2024-02-17T06:00;24;kWh;0;889;0;0;889;889
2024-02-17T06:00;2024-02-17T06:15;25;kWh;-8030;0;0;0;8030;-8030
2024-02-17T06:15;2024-02-17T06:30;26;kWh;-7174;0;0;0;7174;-7174
2024-02-17T06:30;2024-02-17T06:45;27;kWh;0;229;0;0;229;229
2024-02-17T06:45;2024-02-17T07:00;28;kWh;0;3361;0;0;3361;3361
2024-02-17T07:00;2024-02-17T07:15;29;kWh;-15061;0;0;0;15061;-15061
2024-02-17T07:15;2024-02-17T07:30;30;kWh;-14985;0;0;0;14985;-14985
2024-02-17T07:30;2024-02-17T07:45;31;kWh;-3002;0;0;0;3002;-3002
2024-02-17T07:45;2024-02-17T08:00;32;kWh;-11170;0;0;0;11170;-11170
2024-02-17T08:00;2024-02-17T08:15;33;kWh;-22678;0;0;0;22678;-22678
2024-02-17T08:15;2024-02-17T08:30;34;kWh;-4747;0;0;0;4747;-4747
2024-02-17T08:30;2024-02-17T08:45;35;kWh;0;0;0;0;0;0
2024-02-17T08:45;2024-02-17T09:00;36;kWh;0;2788;0;0;2788;2788
2024-02-17T09:00;2024-02-17T09:15;37;kWh;0;19030;0;0;19030;19030
2024-02-17T09:15;2024-02-17T09:30;38;kWh;0;8299;0;0;8299;8299
2024-02-17T09:30;2024-02-17T09:45;39;kWh;0;10301;0;0;10301;10301
2024-02-17T09:45;2024-02-17T10:00;40;kWh;0;0;0;0;0;0
2024-02-17T10:00;2024-02-17T10:15;41;kWh;-1282;0;0;0;1282;-1282
2024-02-17T10:15;2024-02-17T10:30;42;kWh;-1417;688;0;0;2105;-729
2024-02-17T10:30;2024-02-17T10:45;43;kWh;-26;0;0;0;26;-26
2024-02-17T10:45;2024-02-17T11:00;44;kWh;-31;1983;0;0;2014;1952
2024-02-17T11:00;2024-02-17T11:15;45;kWh;-596;19320;0;0;19916;18724
2024-02-17T11:15;2024-02-17T11:30;46;kWh;0;29686;0;0;29686;29686
2024-02-17T11:30;2024-02-17T11:45;47;kWh;0;27401;0;0;27401;27401
2024-02-17T11:45;2024-02-17T12:00;48;kWh;0;12922;0;0;12922;12922
2024-02-17T12:00;2024-02-17T12:15;49;kWh;0;58383;0;0;58383;58383
2024-02-17T12:15;2024-02-17T12:30;50;kWh;0;49933;0;0;49933;49933
2024-02-17T12:30;2024-02-17T12:45;51;kWh;0;33183;0;0;33183;33183
2024-02-17T12:45;2024-02-17T13:00;52;kWh;0;9355;0;0;9355;9355
2024-02-17T13:00;2024-02-17T13:15;53;kWh;0;47562;0;0;47562;47562
2024-02-17T13:15;2024-02-17T13:30;54;kWh;0;35080;0;0;35080;35080
2024-02-17T13:30;2024-02-17T13:45;55;kWh;0;36578;0;0;36578;36578
2024-02-17T13:45;2024-02-17T14:00;56;kWh;0;64872;0;0;64872;64872
2024-02-17T14:00;2024-02-17T14:15;57;kWh;-59;27629;0;0;27688;27570
2024-02-17T14:15;2024-02-17T14:30;58;kWh;-428;1088;0;0;1516;660
2024-02-17T14:30;2024-02-17T14:45;59;kWh;-1977;557;0;0;2534;-1420
2024-02-17T14:45;2024-02-17T15:00;60;kWh;-9958;0;0;0;9958;-9958
2024-02-17T15:00;2024-02-17T15:15;61;kWh;-2242;36488;0;0;38730;34246
2024-02-17T15:15;2024-02-17T15:30;62;kWh;0;25495;0;0;25495;25495
2024-02-17T15:30;2024-02-17T15:45;63;kWh;0;9002;0;0;9002;9002
2024-02-17T15:45;2024-02-17T16:00;64;kWh;-24850;1036;0;0;25886;-23814
2024-02-17T16:00;2024-02-17T16:15;65;kWh;-850;10511;0;0;11361;9661
2024-02-17T16:15;2024-02-17T16:30;66;kWh;0;5244;0;0;5244;5244
2024-02-17T16:30;2024-02-17T16:45;67;kWh;-7;6845;0;0;6852;6838
2024-02-17T16:45;2024-02-17T17:00;68;kWh;-397;0;0;0;397;-397
2024-02-17T17:00;2024-02-17T17:15;69;kWh;-20977;0;0;0;20977;-20977
2024-02-17T17:15;2024-02-17T17:30;70;kWh;-21443;0;0;0;21443;-21443
2024-02-17T17:30;2024-02-17T17:45;71;kWh;-123;0;0;0;123;-123
2024-02-17T17:45;2024-02-17T18:00;72;kWh;0;5784;0;0;5784;5784
2024-02-17T18:00;2024-02-17T18:15;73;kWh;0;24879;0;0;24879;24879
2024-02-17T18:15;2024-02-17T18:30;74;kWh;0;17986;0;0;17986;17986
2024-02-17T18:30;2024-02-17T18:45;75;kWh;-994;4;0;0;998;-990
2024-02-17T18:45;2024-02-17T19:00;76;kWh;-1276;0;0;0;1276;-1276
2024-02-17T19:00;2024-02-17T19:15;77;kWh;0;447;0;0;447;447
2024-02-17T19:15;2024-02-17T19:30;78;kWh;0;1188;0;0;1188;1188
2024-02-17T19:30;2024-02-17T19:45;79;kWh;-2189;14;0;0;2203;-2175
2024-02-17T19:45;2024-02-17T20:00;80;kWh;-4058;0;0;0;4058;-4058
2024-02-17T20:00;2024-02-17T20:15;81;kWh;-1089;119;0;0;1208;-970
2024-02-17T20:15;2024-02-17T20:30;82;kWh;-2033;0;0;0;2033;-2033
2024-02-17T20:30;2024-02-17T20:45;83;kWh;-11321;0;0;0;11321;-11321
2024-02-17T20:45;2024-02-17T21:00;84;kWh;-27946;0;0;0;27946;-27946
2024-02-17T21:00;2024-02-17T21:15;85;kWh;-8043;574;0;0;8617;-7469
2024-02-17T21:15;2024-02-17T21:30;86;kWh;-227;1772;0;0;1999;1545
2024-02-17T21:30;2024-02-17T21:45;87;kWh;-1273;0;0;0;1273;-1273
2024-02-17T21:45;2024-02-17T22:00;88;kWh;-1137;0;0;0;1137;-1137
2024-02-17T22:00;2024-02-17T22:15;89;kWh;-1799;290;0;0;2089;-1509
2024-02-17T22:15;2024-02-17T22:30;90;kWh;0;11247;0;0;11247;11247
2024-02-17T22:30;2024-02-17T22:45;91;kWh;-192;44;0;0;236;-148
2024-02-17T22:45;2024-02-17T23:00;92;kWh;-615;0;0;0;615;-615
2024-02-17T23:00;2024-02-17T23:15;93;kWh;-13629;0;0;0;13629;-13629
2024-02-17T23:15;2024-02-17T23:30;94;kWh;-112;0;0;0;112;-112
2024-02-17T23:30;2024-02-17T23:45;95;kWh;-12084;0;0;0;12084;-12084
2024-02-17T23:45;2024-02-18T00:00;96;kWh;-12332;0;0;0;12332;-12332
2024-02-18T00:00;2024-02-18T00:15;1;kWh;-10498;4367;0;0;14865;-6131
2024-02-18T00:15;2024-02-18T00:30;2;kWh;0;12471;0;0;12471;12471
2024-02-18T00:30;2024-02-18T00:45;3;kWh;0;1372;0;0;1372;1372
2024-02-18T00:45;2024-02-18T01:00;4;kWh;0;0;0;0;0;0
2024-02-18T01:00;2024-02-18T01:15;5;kWh;0;0;0;0;0;0
2024-02-18T01:15;2024-02-18T01:30;6;kWh;0;795;0;0;795;795
2024-02-18T01:30;2024-02-18T01:45;7;kWh;-5;534;0;0;539;529
2024-02-18T01:45;2024-02-18T02:00;8;kWh;-14306;0;0;0;14306;-14306
2024-02-18T02:00;2024-02-18T02:15;9;kWh;-5090;3091;0;0;8181;-1999
2024-02-18T02:15;2024-02-18T02:30;10;kWh;0;0;0;0;0;0
2024-02-18T02:30;2024-02-18T02:45;11;kWh;-121;0;0;0;121;-121
2024-02-18T02:45;2024-02-18T03:00;12;kWh;-20901;1125;0;0;22026;-19776
2024-02-18T03:00;2024-02-18T03:15;13;kWh;0;3080;0;0;3080;3080
2024-02-18T03:15;2024-02-18T03:30;14;kWh;-1981;0;0;0;1981;-1981
2024-02-18T03:30;2024-02-18T03:45;15;kWh;-9091;0;0;0;9091;-9091
2024-02-18T03:45;2024-02-18T04:00;16;kWh;-12533;207;0;0;12740;-12326
2024-02-18T04:00;2024-02-18T04:15;17;kWh;-140;22009;0;0;22149;21869
2024-02-18T04:15;2024-02-18T04:30;18;kWh;0;9467;0;0;9467;9467
2024-02-18T04:30;2024-02-18T04:45;19;kWh;0;2654;0;0;2654;2654
2024-02-18T04:45;2024-02-18T05:00;20;kWh;-22;0;0;0;22;-22
2024-02-18T05:00;2024-02-18T05:15;21;kWh;-944;0;0;0;944;-944
2024-02-18T05:15;2024-02-18T05:30;22;kWh;-1571;0;0;0;1571;-1571
2024-02-18T05:30;2024-02-18T05:45;23;kWh;-2215;0;0;0;2215;-2215
2024-02-18T05:45;2024-02-18T06:00;24;kWh;-3723;0;0;0;3723;-3723
2024-02-18T06:00;2024-02-18T06:15;25;kWh;-4935;0;0;0;4935;-4935
2024-02-18T06:15;2024-02-18T06:30;26;kWh;-1235;0;0;0;1235;-1235
2024-02-18T06:30;2024-02-18T06:45;27;kWh;-1632;0;0;0;1632;-1632
2024-02-18T06:45;2024-02-18T07:00;28;kWh;-1293;0;0;0;1293;-1293
2024-02-18T07:00;2024-02-18T07:15;29;kWh;-11017;643;0;0;11660;-10374
2024-02-18T07:15;2024-02-18T07:30;30;kWh;-14979;0;0;0;14979;-14979
2024-02-18T07:30;2024-02-18T07:45;31;kWh;-10731;0;0;0;10731;-10731
2024-02-18T07:45;2024-02-18T08:00;32;kWh;-13615;0;0;0;13615;-13615
2024-02-18T08:00;2024-02-18T08:15;33;kWh;-12750;0;0;0;12750;-12750
2024-02-18T08:15;2024-02-18T08:30;34;kWh;-15222;0;0;0;15222;-15222
2024-02-18T08:30;2024-02-18T08:45;35;kWh;-15539;0;0;0;15539;-15539
2024-02-18T08:45;2024-02-18T09:00;36;kWh;-11416;0;0;0;11416;-11416
2024-02-18T09:00;2024-02-18T09:15;37;kWh;-11675;0;0;0;11675;-11675
2024-02-18T09:15;2024-02-18T09:30;38;kWh;-14057;0;0;0;14057;-14057
2024-02-18T09:30;2024-02-18T09:45;39;kWh;-8299;1309;0;0;9608;-6990
2024-02-18T09:45;2024-02-18T10:00;40;kWh;-12914;9;0;0;12923;-12905
2024-02-18T10:00;2024-02-18T10:15;41;kWh;-21567;175;0;0;21742;-21392
2024-02-18T10:15;2024-02-18T10:30;42;kWh;-17791;0;0;0;17791;-17791
2024-02-18T10:30;2024-02-18T10:45;43;kWh;-12335;470;0;0;12805;-11865
2024-02-18T10:45;2024-02-18T11:00;44;kWh;-16835;2956;0;0;19791;-13879
2024-02-18T11:00;2024-02-18T11:15;45;kWh;-16964;1520;0;0;18484;-15444
2024-02-18T11:15;2024-02-18T11:30;46;kWh;-11980;0;0;0;11980;-11980
2024-02-18T11:30;2024-02-18T11:45;47;kWh;-17240;0;0;0;17240;-17240
2024-02-18T11:45;2024-02-18T12:00;48;kWh;-13046;576;0;0;13622;-12470
2024-02-18T12:00;2024-02-18T12:15;49;kWh;-4199;0;0;0;4199;-4199
2024-02-18T12:15;2024-02-18T12:30;50;kWh;-5616;1468;0;0;7084;-4148
2024-02-18T12:30;2024-02-18T12:45;51;kWh;-5311;12;0;0;5323;-5299
2024-02-18T12:45;2024-02-18T13:00;52;kWh;-8630;0;0;0;8630;-8630
2024-02-18T13:00;2024-02-18T13:15;53;kWh;-14537;0;0;0;14537;-14537
2024-02-18T13:15;2024-02-18T13:30;54;kWh;-1597;0;0;0;1597;-1597
2024-02-18T13:30;2024-02-18T13:45;55;kWh;-51;2880;0;0;2931;2829
2024-02-18T13:45;2024-02-18T14:00;56;kWh;-3224;1580;0;0;4804;-1644
2024-02-18T14:00;2024-02-18T14:15;57;kWh;-21051;0;0;0;21051;-21051
2024-02-18T14:15;2024-02-18T14:30;58;kWh;-15602;0;0;0;15602;-15602
2024-02-18T14:30;2024-02-18T14:45;59;kWh;-933;0;0;0;933;-933
2024-02-18T14:45;2024-02-18T15:00;60;kWh;-176;0;0;0;176;-176
2024-02-18T15:00;2024-02-18T15:15;61;kWh;-14951;0;0;0;14951;-14951
2024-02-18T15:15;2024-02-18T15:30;62;kWh;-1533;0;0;0;1533;-1533
2024-02-18T15:30;2024-02-18T15:45;63;kWh;-2221;0;0;0;2221;-2221
2024-02-18T15:45;2024-02-18T16:00;64;kWh;-1097;0;0;0;1097;-1097
2024-02-18T16:00;2024-02-18T16:15;65;kWh;-16997;0;0;0;16997;-16997
2024-02-18T16:15;2024-02-18T16:30;66;kWh;-11406;0;0;0;11406;-11406
2024-02-18T16:30;2024-02-18T16:45;67;kWh;-175;0;0;0;175;-175
2024-02-18T16:45;2024-02-18T17:00;68;kWh;-15;0;0;0;15;-15
2024-02-18T17:00;2024-02-18T17:15;69;kWh;-22144;0;0;0;22144;-22144
2024-02-18T17:15;2024-02-18T17:30;70;kWh;-21649;0;0;0;21649;-21649
2024-02-18T17:30;2024-02-18T17:45;71;kWh;-10679;0;0;0;10679;-10679
2024-02-18T17:45;2024-02-18T18:00;72;kWh;-547;0;0;0;547;-547
2024-02-18T18:00;2024-02-18T18:15;73;kWh;-17081;0;0;0;17081;-17081
2024-02-18T18:15;2024-02-18T18:30;74;kWh;-22391;0;0;0;22391;-22391
2024-02-18T18:30;2024-02-18T18:45;75;kWh;-27865;0;0;0;27865;-27865
2024-02-18T18:45;2024-02-18T19:00;76;kWh;-23088;0;0;0;23088;-23088
2024-02-18T19:00;2024-02-18T19:15;77;kWh;-1647;440;0;0;2087;-1207
2024-02-18T19:15;2024-02-18T19:30;78;kWh;0;1861;0;0;1861;1861
2024-02-18T19:30;2024-02-18T19:45;79;kWh;-11867;0;0;0;11867;-11867
2024-02-18T19:45;2024-02-18T20:00;80;kWh;-18309;0;0;0;18309;-18309
2024-02-18T20:00;2024-02-18T20:15;81;kWh;-29630;0;0;0;29630;-29630
2024-02-18T20:15;2024-02-18T20:30;82;kWh;-21507;0;0;0;21507;-21507
2024-02-18T20:30;2024-02-18T20:45;83;kWh;-38551;0;0;0;38551;-38551
2024-02-18T20:45;2024-02-18T21:00;84;kWh;-38527;0;0;0;38527;-38527
2024-02-18T21:00;2024-02-18T21:15;85;kWh;-13534;76;0;0;13610;-13458
2024-02-18T21:15;2024-02-18T21:30;86;kWh;-10334;0;0;0;10334;-10334
2024-02-18T21:30;2024-02-18T21:45;87;kWh;-31856;0;0;0;31856;-31856
2024-02-18T21:45;2024-02-18T22:00;88;kWh;-30779;0;0;0;30779;-30779
2024-02-18T22:00;2024-02-18T22:15;89;kWh;-5285;0;0;0;5285;-5285
2024-02-18T22:15;2024-02-18T22:30;90;kWh;-15861;0;0;0;15861;-15861
2024-02-18T22:30;2024-02-18T22:45;91;kWh;-9191;0;0;0;9191;-9191
2024-02-18T22:45;2024-02-18T23:00;92;kWh;-6501;0;0;0;6501;-6501
2024-02-18T23:00;2024-02-18T23:15;93;kWh;-13;5691;0;0;5704;5678
2024-02-18T23:15;2024-02-18T23:30;94;kWh;0;1219;0;0;1219;1219
2024-02-18T23:30;2024-02-18T23:45;95;kWh;0;17829;0;0;17829;17829
2024-02-18T23:45;2024-02-19T00:00;96;kWh;0;5653;0;0;5653;5653
2024-02-19T00:00;2024-02-19T00:15;1;kWh;-1589;0;0;0;1589;-1589
2024-02-19T00:15;2024-02-19T00:30;2;kWh;0;0;0;0;0;0
2024-02-19T00:30;2024-02-19T00:45;3;kWh;-3770;0;0;0;3770;-3770
2024-02-19T00:45;2024-02-19T01:00;4;kWh;-7715;0;0;0;7715;-7715
2024-02-19T01:00;2024-02-19T01:15;5;kWh;-13329;0;0;0;13329;-13329
2024-02-19T01:15;2024-02-19T01:30;6;kWh;0;0;0;0;0;0
2024-02-19T01:30;2024-02-19T01:45;7;kWh;0;0;0;0;0;0
2024-02-19T01:45;2024-02-19T02:00;8;kWh;-30;0;0;0;30;-30
2024-02-19T02:00;2024-02-19T02:15;9;kWh;-14811;0;0;0;14811;-14811
2024-02-19T02:15;2024-02-19T02:30;10;kWh;-14924;0;0;0;14924;-14924
2024-02-19T02:30;2024-02-19T02:45;11;kWh;-16192;0;0;0;16192;-16192
2024-02-19T02:45;2024-02-19T03:00;12;kWh;-22672;0;0;0;22672;-22672
2024-02-19T03:00;2024-02-19T03:15;13;kWh;-24388;0;0;0;24388;-24388
2024-02-19T03:15;2024-02-19T03:30;14;kWh;-35950;0;0;0;35950;-35950
2024-02-19T03:30;2024-02-19T03:45;15;kWh;-44399;0;0;0;44399;-44399
2024-02-19T03:45;2024-02-19T04:00;16;kWh;-53026;0;0;0;53026;-53026
2024-02-19T04:00;2024-02-19T04:15;17;kWh;-14471;0;0;0;14471;-14471
2024-02-19T04:15;2024-02-19T04:30;18;kWh;-9520;0;0;0;9520;-9520
2024-02-19T04:30;2024-02-19T04:45;19;kWh;-1247;0;0;0;1247;-1247
2024-02-19T04:45;2024-02-19T05:00;20;kWh;0;180;0;0;180;180
2024-02-19T05:00;2024-02-19T05:15;21;kWh;-4237;0;0;0;4237;-4237
2024-02-19T05:15;2024-02-19T05:30;22;kWh;-1928;91;0;0;2019;-1837
2024-02-19T05:30;2024-02-19T05:45;23;kWh;0;15631;0;0;15631;15631
2024-02-19T05:45;2024-02-19T06:00;24;kWh;-1405;10353;0;0;11758;8948
2024-02-19T06:00;2024-02-19T06:15;25;kWh;-7424;0;0;0;7424;-7424
2024-02-19T06:15;2024-02-19T06:30;26;kWh;-25985;0;0;0;25985;-25985
2024-02-19T06:30;2024-02-19T06:45;27;kWh;-12873;0;0;0;12873;-12873
2024-02-19T06:45;2024-02-19T07:00;28;kWh;-75;4190;0;0;4265;4115
2024-02-19T07:00;2024-02-19T07:15;29;kWh;0;8442;0;0;8442;8442
2024-02-19T07:15;2024-02-19T07:30;30;kWh;0;752;0;0;752;752
2024-02-19T07:30;2024-02-19T07:45;31;kWh;0;14946;0;0;14946;14946
2024-02-19T07:45;2024-02-19T08:00;32;kWh;0;52442;0;0;52442;52442
2024-02-19T08:00;2024-02-19T08:15;33;kWh;0;67928;0;0;67928;67928
2024-02-19T08:15;2024-02-19T08:30;34;kWh;0;38346;0;0;38346;38346
2024-02-19T08:30;2024-02-19T08:45;35;kWh;0;10189;0;0;10189;10189
2024-02-19T08:45;2024-02-19T09:00;36;kWh;-4106;0;0;0;4106;-4106
2024-02-19T09:00;2024-02-19T09:15;37;kWh;-19076;0;0;0;19076;-19076
2024-02-19T09:15;2024-02-19T09:30;38;kWh;-28308;0;0;0;28308;-28308
2024-02-19T09:30;2024-02-19T09:45;39;kWh;-5210;0;0;0;5210;-5210
2024-02-19T09:45;2024-02-19T10:00;40;kWh;-5978;0;0;0;5978;-5978
2024-02-19T10:00;2024-02-19T10:15;41;kWh;0;4220;0;0;4220;4220
2024-02-19T10:15;2024-02-19T10:30;42;kWh;0;37303;0;0;37303;37303
2024-02-19T10:30;2024-02-19T10:45;43;kWh;0;50434;0;0;50434;50434
2024-02-19T10:45;2024-02-19T11:00;44;kWh;0;54829;0;0;54829;54829
2024-02-19T11:00;2024-02-19T11:15;45;kWh;0;5246;0;0;5246;5246
2024-02-19T11:15;2024-02-19T11:30;46;kWh;0;36066;0;0;36066;36066
2024-02-19T11:30;2024-02-19T11:45;47;kWh;0;7325;0;0;7325;7325
2024-02-19T11:45;2024-02-19T12:00;48;kWh;-393;79;0;0;472;-314
2024-02-19T12:00;2024-02-19T12:15;49;kWh;-2316;0;0;0;2316;-2316
2024-02-19T12:15;2024-02-19T12:30;50;kWh;-3409;0;0;0;3409;-3409
2024-02-19T12:30;2024-02-19T12:45;51;kWh;-8441;403;0;0;8844;-8038
2024-02-19T12:45;2024-02-19T13:00;52;kWh;0;6741;0;0;6741;6741
2024-02-19T13:00;2024-02-19T13:15;53;kWh;0;38251;0;0;38251;38251
2024-02-19T13:15;2024-02-19T13:30;54;kWh;0;52989;0;0;52989;52989
2024-02-19T13:30;2024-02-19T13:45;55;kWh;0;65331;0;0;65331;65331
2024-02-19T13:45;2024-02-19T14:00;56;kWh;0;29378;0;0;29378;29378
2024-02-19T14:00;2024-02-19T14:15;57;kWh;0;2868;0;0;2868;2868
2024-02-19T14:15;2024-02-19T14:30;58;kWh;-8823;758;0;0;9581;-8065
2024-02-19T14:30;2024-02-19T14:45;59;kWh;-14891;0;0;0;14891;-14891
2024-02-19T14:45;2024-02-19T15:00;60;kWh;-3228;0;0;0;3228;-3228
2024-02-19T15:00;2024-02-19T15:15;61;kWh;-535;0;0;0;535;-535
2024-02-19T15:15;2024-02-19T15:30;62;kWh;-691;0;0;0;691;-691
2024-02-19T15:30;2024-02-19T15:45;63;kWh;-1522;0;0;0;1522;-1522
2024-02-19T15:45;2024-02-19T16:00;64;kWh;-10734;0;0;0;10734;-10734
2024-02-19T16:00;2024-02-19T16:15;65;kWh;-438;13093;0;0;13531;12655
2024-02-19T16:15;2024-02-19T16:30;66;kWh;0;11793;0;0;11793;11793
2024-02-19T16:30;2024-02-19T16:45;67;kWh;0;6302;0;0;6302;6302
2024-02-19T16:45;2024-02-19T17:00;68;kWh;0;13125;0;0;13125;13125
2024-02-19T17:00;2024-02-19T17:15;69;kWh;0;3802;0;0;3802;3802
2024-02-19T17:15;2024-02-19T17:30;70;kWh;-5583;0;0;0;5583;-5583
2024-02-19T17:30;2024-02-19T17:45;71;kWh;-13095;0;0;0;13095;-13095
2024-02-19T17:45;2024-02-19T18:00;72;kWh;-9;0;0;0;9;-9
2024-02-19T18:00;2024-02-19T18:15;73;kWh;0;0;0;0;0;0
2024-02-19T18:15;2024-02-19T18:30;74;kWh;0;0;0;0;0;0
2024-02-19T18:30;2024-02-19T18:45;75;kWh;0;322;0;0;322;322
2024-02-19T18:45;2024-02-19T19:00;76;kWh;0;2849;0;0;2849;2849
2024-02-19T19:00;2024-02-19T19:15;77;kWh;0;17845;0;0;17845;17845
2024-02-19T19:15;2024-02-19T19:30;78;kWh;0;7099;0;0;7099;7099
2024-02-19T19:30;2024-02-19T19:45;79;kWh;-7092;0;0;0;7092;-7092
2024-02-19T19:45;2024-02-19T20:00;80;kWh;-5223;0;0;0;5223;-5223
2024-02-19T20:00;2024-02-19T20:15;81;kWh;-4139;0;0;0;4139;-4139
2024-02-19T20:15;2024-02-19T20:30;82;kWh;-3181;0;0;0;3181;-3181
2024-02-19T20:30;2024-02-19T20:45;83;kWh;-18336;0;0;0;18336;-18336
2024-02-19T20:45;2024-02-19T21:00;84;kWh;-31354;0;0;0;31354;-31354
2024-02-19T21:00;2024-02-19T21:15;85;kWh;-4102;208;0;0;4310;-3894
2024-02-19T21:15;2024-02-19T21:30;86;kWh;0;3130;0;0;3130;3130
2024-02-19T21:30;2024-02-19T21:45;87;kWh;0;218;0;0;218;218
2024-02-19T21:45;2024-02-19T22:00;88;kWh;0;12650;0;0;12650;12650
2024-02-19T22:00;2024-02-19T22:15;89;kWh;0;954;0;0;954;954
2024-02-19T22:15;2024-02-19T22:30;90;kWh;0;1137;0;0;1137;1137
2024-02-19T22:30;2024-02-19T22:45;91;kWh;0;3793;0;0;3793;3793
2024-02-19T22:45;2024-02-19T23:00;92;kWh;0;33248;0;0;33248;33248
2024-02-19T23:00;2024-02-19T23:15;93;kWh;0;9845;0;0;9845;9845
2024-02-19T23:15;2024-02-19T23:30;94;kWh;0;13008;0;0;13008;13008
2024-02-19T23:30;2024-02-19T23:45;95;kWh;0;462;0;0;462;462
2024-02-19T23:45;2024-02-20T00:00;96;kWh;0;0;0;0;0;0
2024-02-20T00:00;2024-02-20T00:15;1;kWh;-222;4853;0;0;5075;4631
2024-02-20T00:15;2024-02-20T00:30;2;kWh;-36;3079;0;0;3115;3043
2024-02-20T00:30;2024-02-20T00:45;3;kWh;-6053;0;0;0;6053;-6053
2024-02-20T00:45;2024-02-20T01:00;4;kWh;-41511;0;0;0;41511;-41511
2024-02-20T01:00;2024-02-20T01:15;5;kWh;-27716;0;0;0;27716;-27716
2024-02-20T01:15;2024-02-20T01:30;6;kWh;-30940;0;0;0;30940;-30940
2024-02-20T01:30;2024-02-20T01:45;7;kWh;-31154;0;0;0;31154;-31154
2024-02-20T01:45;2024-02-20T02:00;8;kWh;-13790;0;0;0;13790;-13790
2024-02-20T02:00;2024-02-20T02:15;9;kWh;-4502;240;0;0;4742;-4262
2024-02-20T02:15;2024-02-20T02:30;10;kWh;0;28;0;0;28;28
2024-02-20T02:30;2024-02-20T02:45;11;kWh;0;532;0;0;532;532
2024-02-20T02:45;2024-02-20T03:00;12;kWh;0;1554;0;0;1554;1554
2024-02-20T03:00;2024-02-20T03:15;13;kWh;-4451;0;0;0;4451;-4451
2024-02-20T03:15;2024-02-20T03:30;14;kWh;-22351;0;0;0;22351;-22351
2024-02-20T03:30;2024-02-20T03:45;15;kWh;-10909;0;0;0;10909;-10909
2024-02-20T03:45;2024-02-20T04:00;16;kWh;-21530;0;0;0;21530;-21530
2024-02-20T04:00;2024-02-20T04:15;17;kWh;-4898;0;0;0;4898;-4898
2024-02-20T04:15;2024-02-20T04:30;18;kWh;0;7755;0;0;7755;7755
2024-02-20T04:30;2024-02-20T04:45;19;kWh;0;15399;0;0;15399;15399
2024-02-20T04:45;2024-02-20T05:00;20;kWh;0;2992;0;0;2992;2992
2024-02-20T05:00;2024-02-20T05:15;21;kWh;-2880;0;0;0;2880;-2880
2024-02-20T05:15;2024-02-20T05:30;22;kWh;-280;0;0;0;280;-280
2024-02-20T05:30;2024-02-20T05:45;23;kWh;0;0;0;0;0;0
2024-02-20T05:45;2024-02-20T06:00;24;kWh;-557;0;0;0;557;-557
2024-02-20T06:00;2024-02-20T06:15;25;kWh;-7237;0;0;0;7237;-7237
2024-02-20T06:15;2024-02-20T06:30;26;kWh;-7684;0;0;0;7684;-7684
2024-02-20T06:30;2024-02-20T06:45;27;kWh;-4961;0;0;0;4961;-4961
2024-02-20T06:45;2024-02-20T07:00;28;kWh;0;4208;0;0;4208;4208
2024-02-20T07:00;2024-02-20T07:15;29;kWh;-868;48;0;0;916;-820
2024-02-20T07:15;2024-02-20T07:30;30;kWh;0;14752;0;0;14752;14752
2024-02-20T07:30;2024-02-20T07:45;31;kWh;0;36414;0;0;36414;36414
2024-02-20T07:45;2024-02-20T08:00;32;kWh;0;31783;0;0;31783;31783
2024-02-20T08:00;2024-02-20T08:15;33;kWh;0;25882;0;0;25882;25882
2024-02-20T08:15;2024-02-20T08:30;34;kWh;0;35364;0;0;35364;35364
2024-02-20T08:30;2024-02-20T08:45;35;kWh;-327;405;0;0;732;78
2024-02-20T08:45;2024-02-20T09:00;36;kWh;-4012;0;0;0;4012;-4012
2024-02-20T09:00;2024-02-20T09:15;37;kWh;0;0;0;0;0;0
2024-02-20T09:15;2024-02-20T09:30;38;kWh;0;7216;0;0;7216;7216
2024-02-20T09:30;2024-02-20T09:45;39;kWh;0;0;0;0;0;0
2024-02-20T09:45;2024-02-20T10:00;40;kWh;0;0;0;0;0;0
2024-02-20T10:00;2024-02-20T10:15;41;kWh;0;6288;0;0;6288;6288
2024-02-20T10:15;2024-02-20T10:30;42;kWh;0;15967;0;0;15967;15967
2024-02-20T10:30;2024-02-20T10:45;43;kWh;0;411;0;0;411;411
2024-02-20T10:45;2024-02-20T11:00;44;kWh;0;1246;0;0;1246;1246
2024-02-20T11:00;2024-02-20T11:15;45;kWh;-2807;0;0;0;2807;-2807
2024-02-20T11:15;2024-02-20T11:30;46;kWh;-44596;0;0;0;44596;-44596
2024-02-20T11:30;2024-02-20T11:45;47;kWh;-28813;0;0;0;28813;-28813
2024-02-20T11:45;2024-02-20T12:00;48;kWh;-29766;0;0;0;29766;-29766
2024-02-20T12:00;2024-02-20T12:15;49;kWh;-26721;0;0;0;26721;-26721
2024-02-20T12:15;2024-02-20T12:30;50;kWh;-31105;0;0;0;31105;-31105
2024-02-20T12:30;2024-02-20T12:45;51;kWh;-29731;0;0;0;29731;-29731
2024-02-20T12:45;2024-02-20T13:00;52;kWh;-30692;0;0;0;30692;-30692
2024-02-20T13:00;2024-02-20T13:15;53;kWh;-4953;0;0;0;4953;-4953
2024-02-20T13:15;2024-02-20T13:30;54;kWh;-3736;0;0;0;3736;-3736
2024-02-20T13:30;2024-02-20T13:45;55;kWh;-979;0;0;0;979;-979
2024-02-20T13:45;2024-02-20T14:00;56;kWh;0;0;0;0;0;0
2024-02-20T14:00;2024-02-20T14:15;57;kWh;0;2042;0;0;2042;2042
2024-02-20T14:15;2024-02-20T14:30;58;kWh;0;3699;0;0;3699;3699
2024-02-20T14:30;2024-02-20T14:45;59;kWh;0;5599;0;0;5599;5599
2024-02-20T14:45;2024-02-20T15:00;60;kWh;0;11167;0;0;11167;11167
2024-02-20T15:00;2024-02-20T15:15;61;kWh;-26376;677;0;0;27053;-25699
2024-02-20T15:15;2024-02-20T15:30;62;kWh;0;2935;0;0;2935;2935
2024-02-20T15:30;2024-02-20T15:45;63;kWh;0;2409;0;0;2409;2409
2024-02-20T15:45;2024-02-20T16:00;64;kWh;0;13512;0;0;13512;13512
2024-02-20T16:00;2024-02-20T16:15;65;kWh;0;6571;0;0;6571;6571
2024-02-20T16:15;2024-02-20T16:30;66;kWh;0;11577;0;0;11577;11577
2024-02-20T16:30;2024-02-20T16:45;67;kWh;0;19496;0;0;19496;19496
2024-02-20T16:45;2024-02-20T17:00;68;kWh;0;40135;0;0;40135;40135
2024-02-20T17:00;2024-02-20T17:15;69;kWh;-7;9489;0;0;9496;9482
2024-02-20T17:15;2024-02-20T17:30;70;kWh;0;5670;0;0;5670;5670
2024-02-20T17:30;2024-02-20T17:45;71;kWh;0;11947;0;0;11947;11947
2024-02-20T17:45;2024-02-20T18:00;72;kWh;0;2746;0;0;2746;2746
2024-02-20T18:00;2024-02-20T18:15;73;kWh;-1391;0;0;0;1391;-1391
2024-02-20T18:15;2024-02-20T18:30;74;kWh;0;18155;0;0;18155;18155
2024-02-20T18:30;2024-02-20T18:45;75;kWh;0;7273;0;0;7273;7273
2024-02-20T18:45;2024-02-20T19:00;76;kWh;0;1949;0;0;1949;1949
2024-02-20T19:00;2024-02-20T19:15;77;kWh;0;18039;0;0;18039;18039
2024-02-20T19:15;2024-02-20T19:30;78;kWh;0;14304;0;0;14304;14304
2024-02-20T19:30;2024-02-20T19:45;79;kWh;0;2788;0;0;2788;2788
2024-02-20T19:45;2024-02-20T20:00;80;kWh;0;0;0;0;0;0
2024-02-20T20:00;2024-02-20T20:15;81;kWh;0;12472;0;0;12472;12472
2024-02-20T20:15;2024-02-20T20:30;82;kWh;0;3179;0;0;3179;3179
2024-02-20T20:30;2024-02-20T20:45;83;kWh;-38;0;0;0;38;-38
2024-02-20T20:45;2024-02-20T21:00;84;kWh;-513;0;0;0;513;-513
2024-02-20T21:00;2024-02-20T21:15;85;kWh;-599;840;0;0;1439;241
2024-02-20T21:15;2024-02-20T21:30;86;kWh;0;5371;0;0;5371;5371
2024-02-20T21:30;2024-02-20T21:45;87;kWh;0;0;0;0;0;0
2024-02-20T21:45;2024-02-20T22:00;88;kWh;0;0;0;0;0;0
2024-02-20T22:00;2024-02-20T22:15;89;kWh;0;17704;0;0;17704;17704
2024-02-20T22:15;2024-02-20T22:30;90;kWh;0;609;0;0;609;609
2024-02-20T22:30;2024-02-20T22:45;91;kWh;-11233;0;0;0;11233;-11233
2024-02-20T22:45;2024-02-20T23:00;92;kWh;-37229;0;0;0;37229;-37229
2024-02-20T23:00;2024-02-20T23:15;93;kWh;-11207;0;0;0;11207;-11207
2024-02-20T23:15;2024-02-20T23:30;94;kWh;-3337;95;0;0;3432;-3242
2024-02-20T23:30;2024-02-20T23:45;95;kWh;-8845;0;0;0;8845;-8845
2024-02-20T23:45;2024-02-21T00:00;96;kWh;-34031;0;0;0;34031;-34031
2024-02-21T00:00;2024-02-21T00:15;1;kWh;-14037;2161;0;0;16198;-11876
2024-02-21T00:15;2024-02-21T00:30;2;kWh;-5960;297;0;0;6257;-5663
2024-02-21T00:30;2024-02-21T00:45;3;kWh;-774;0;0;0;774;-774
2024-02-21T00:45;2024-02-21T01:00;4;kWh;-5608;0;0;0;5608;-5608
2024-02-21T01:00;2024-02-21T01:15;5;kWh;-52;0;0;0;52;-52
2024-02-21T01:15;2024-02-21T01:30;6;kWh;0;0;0;0;0;0
2024-02-21T01:30;2024-02-21T01:45;7;kWh;0;0;0;0;0;0
2024-02-21T01:45;2024-02-21T02:00;8;kWh;-586;0;0;0;586;-586
2024-02-21T02:00;2024-02-21T02:15;9;kWh;-524;1029;0;0;1553;505
2024-02-21T02:15;2024-02-21T02:30;10;kWh;0;1054;0;0;1054;1054
2024-02-21T02:30;2024-02-21T02:45;11;kWh;0;0;0;0;0;0
2024-02-21T02:45;2024-02-21T03:00;12;kWh;-170;0;0;0;170;-170
2024-02-21T03:00;2024-02-21T03:15;13;kWh;-14362;1003;0;0;15365;-13359
2024-02-21T03:15;2024-02-21T03:30;14;kWh;-14863;389;0;0;15252;-14474
2024-02-21T03:30;2024-02-21T03:45;15;kWh;-3716;978;0;0;4694;-2738
2024-02-21T03:45;2024-02-21T04:00;16;kWh;0;494;0;0;494;494
2024-02-21T04:00;2024-02-21T04:15;17;kWh;-2480;0;0;0;2480;-2480
2024-02-21T04:15;2024-02-21T04:30;18;kWh;0;0;0;0;0;0
2024-02-21T04:30;2024-02-21T04:45;19;kWh;0;11859;0;0;11859;11859
2024-02-21T04:45;2024-02-21T05:00;20;kWh;0;28934;0;0;28934;28934
2024-02-21T05:00;2024-02-21T05:15;21;kWh;-2673;2440;0;0;5113;-233
2024-02-21T05:15;2024-02-21T05:30;22;kWh;-745;0;0;0;745;-745
2024-02-21T05:30;2024-02-21T05:45;23;kWh;0;43;0;0;43;43
2024-02-21T05:45;2024-02-21T06:00;24;kWh;-54;472;0;0;526;418
2024-02-21T06:00;2024-02-21T06:15;25;kWh;-21892;2518;0;0;24410;-19374
2024-02-21T06:15;2024-02-21T06:30;26;kWh;-1426;764;0;0;2190;-662
2024-02-21T06:30;2024-02-21T06:45;27;kWh;-85;0;0;0;85;-85
2024-02-21T06:45;2024-02-21T07:00;28;kWh;-6136;0;0;0;6136;-6136
2024-02-21T07:00;2024-02-21T07:15;29;kWh;-2674;0;0;0;2674;-2674
2024-02-21T07:15;2024-02-21T07:30;30;kWh;-7744;0;0;0;7744;-7744
2024-02-21T07:30;2024-02-21T07:45;31;kWh;-3341;0;0;0;3341;-3341
2024-02-21T07:45;2024-02-21T08:00;32;kWh;-3503;0;0;0;3503;-3503
2024-02-21T08:00;2024-02-21T08:15;33;kWh;0;6308;0;0;6308;6308
2024-02-21T08:15;2024-02-21T08:30;34;kWh;-9661;0;0;0;9661;-9661
2024-02-21T08:30;2024-02-21T08:45;35;kWh;-8402;323;0;0;8725;-8079
2024-02-21T08:45;2024-02-21T09:00;36;kWh;-7553;26;0;0;7579;-7527
2024-02-21T09:00;2024-02-21T09:15;37;kWh;-826;5728;0;0;6554;4902
2024-02-21T09:15;2024-02-21T09:30;38;kWh;-9502;0;0;0;9502;-9502
2024-02-21T09:30;2024-02-21T09:45;39;kWh;-13131;0;0;0;13131;-13131
2024-02-21T09:45;2024-02-21T10:00;40;kWh;-9697;0;0;0;9697;-9697
2024-02-21T10:00;2024-02-21T10:15;41;kWh;-5760;15822;0;0;21582;10062
2024-02-21T10:15;2024-02-21T10:30;42;kWh;-422;1976;0;0;2398;1554
2024-02-21T10:30;2024-02-21T10:45;43;kWh;-1273;2745;0;0;4018;1472
2024-02-21T10:45;2024-02-21T11:00;44;kWh;-2485;0;0;0;2485;-2485
2024-02-21T11:00;2024-02-21T11:15;45;kWh;-2133;0;0;0;2133;-2133
2024-02-21T11:15;2024-02-21T11:30;46;kWh;-1032;0;0;0;1032;-1032
2024-02-21T11:30;2024-02-21T11:45;47;kWh;0;3055;0;0;3055;3055
2024-02-21T11:45;2024-02-21T12:00;48;kWh;0;10392;0;0;10392;10392
2024-02-21T12:00;2024-02-21T12:15;49;kWh;-1339;884;0;0;2223;-455
2024-02-21T12:15;2024-02-21T12:30;50;kWh;0;0;0;0;0;0
2024-02-21T12:30;2024-02-21T12:45;51;kWh;-5019;0;0;0;5019;-5019
2024-02-21T12:45;2024-02-21T13:00;52;kWh;-14817;0;0;0;14817;-14817
2024-02-21T13:00;2024-02-21T13:15;53;kWh;-16682;451;0;0;17133;-16231
2024-02-21T13:15;2024-02-21T13:30;54;kWh;-21492;676;0;0;22168;-20816
2024-02-21T13:30;2024-02-21T13:45;55;kWh;-18712;516;0;0;19228;-18196
2024-02-21T13:45;2024-02-21T14:00;56;kWh;-15741;247;0;0;15988;-15494
2024-02-21T14:00;2024-02-21T14:15;57;kWh;-3047;0;0;0;3047;-3047
2024-02-21T14:15;2024-02-21T14:30;58;kWh;-186;0;0;0;186;-186
2024-02-21T14:30;2024-02-21T14:45;59;kWh;0;0;0;0;0;0
2024-02-21T14:45;2024-02-21T15:00;60;kWh;0;0;0;0;0;0
2024-02-21T15:00;2024-02-21T15:15;61;kWh;-491;0;0;0;491;-491
2024-02-21T15:15;2024-02-21T15:30;62;kWh;-609;0;0;0;609;-609
2024-02-21T15:30;2024-02-21T15:45;63;kWh;0;933;0;0;933;933
2024-02-21T15:45;2024-02-21T16:00;64;kWh;0;16223;0;0;16223;16223
2024-02-21T16:00;2024-02-21T16:15;65;kWh;0;7460;0;0;7460;7460
2024-02-21T16:15;2024-02-21T16:30;66;kWh;0;6654;0;0;6654;6654
2024-02-21T16:30;2024-02-21T16:45;67;kWh;0;16994;0;0;16994;16994
2024-02-21T16:45;2024-02-21T17:00;68;kWh;0;8818;0;0;8818;8818
2024-02-21T17:00;2024-02-21T17:15;69;kWh;0;1494;0;0;1494;1494
2024-02-21T17:15;2024-02-21T17:30;70;kWh;0;13587;0;0;13587;13587
2024-02-21T17:30;2024-02-21T17:45;71;kWh;0;23690;0;0;23690;23690
2024-02-21T17:45;2024-02-21T18:00;72;kWh;-1477;6086;0;0;7563;4609
2024-02-21T18:00;2024-02-21T18:15;73;kWh;-1713;555;0;0;2268;-1158
2024-02-21T18:15;2024-02-21T18:30;74;kWh;0;385;0;0;385;385
2024-02-21T18:30;2024-02-21T18:45;75;kWh;0;0;0;0;0;0
2024-02-21T18:45;2024-02-21T19:00;76;kWh;0;958;0;0;958;958
2024-02-21T19:00;2024-02-21T19:15;77;kWh;0;0;0;0;0;0
2024-02-21T19:15;2024-02-21T19:30;78;kWh;0;0;0;0;0;0
2024-02-21T19:30;2024-02-21T19:45;79;kWh;0;0;0;0;0;0
2024-02-21T19:45;2024-02-21T20:00;80;kWh;0;2287;0;0;2287;2287
2024-02-21T20:00;2024-02-21T20:15;81;kWh;0;2221;0;0;2221;2221
2024-02-21T20:15;2024-02-21T20:30;82;kWh;0;5922;0;0;5922;5922
2024-02-21T20:30;2024-02-21T20:45;83;kWh;0;735;0;0;735;735
2024-02-21T20:45;2024-02-21T21:00;84;kWh;0;47;0;0;47;47
2024-02-21T21:00;2024-02-21T21:15;85;kWh;0;895;0;0;895;895
2024-02-21T21:15;2024-02-21T21:30;86;kWh;0;0;0;0;0;0
2024-02-21T21:30;2024-02-21T21:45;87;kWh;0;0;0;0;0;0
2024-02-21T21:45;2024-02-21T22:00;88;kWh;0;0;0;0;0;0
2024-02-21T22:00;2024-02-21T22:15;89;kWh;0;0;0;0;0;0
2024-02-21T22:15;2024-02-21T22:30;90;kWh;0;0;0;0;0;0
2024-02-21T22:30;2024-02-21T22:45;91;kWh;0;0;0;0;0;0
2024-02-21T22:45;2024-02-21T23:00;92;kWh;-1905;0;0;0;1905;-1905
2024-02-21T23:00;2024-02-21T23:15;93;kWh;-2242;0;0;0;2242;-2242
2024-02-21T23:15;2024-02-21T23:30;94;kWh;-4483;1478;0;0;5961;-3005
2024-02-21T23:30;2024-02-21T23:45;95;kWh;-10680;240;0;0;10920;-10440
2024-02-21T23:45;2024-02-22T00:00;96;kWh;-5788;0;0;0;5788;-5788
2024-02-22T00:00;2024-02-22T00:15;1;kWh;-3955;18474;0;0;22429;14519
2024-02-22T00:15;2024-02-22T00:30;2;kWh;0;22876;0;0;22876;22876
2024-02-22T00:30;2024-02-22T00:45;3;kWh;-852;0;0;0;852;-852
2024-02-22T00:45;2024-02-22T01:00;4;kWh;-2571;0;0;0;2571;-2571
2024-02-22T01:00;2024-02-22T01:15;5;kWh;-3070;0;0;0;3070;-3070
2024-02-22T01:15;2024-02-22T01:30;6;kWh;-847;455;0;0;1302;-392
2024-02-22T01:30;2024-02-22T01:45;7;kWh;0;2622;0;0;2622;2622
2024-02-22T01:45;2024-02-22T02:00;8;kWh;0;2748;0;0;2748;2748
2024-02-22T02:00;2024-02-22T02:15;9;kWh;0;13417;0;0;13417;13417
2024-02-22T02:15;2024-02-22T02:30;10;kWh;0;23188;0;0;23188;23188
2024-02-22T02:30;2024-02-22T02:45;11;kWh;0;28471;0;0;28471;28471
2024-02-22T02:45;2024-02-22T03:00;12;kWh;0;16253;0;0;16253;16253
2024-02-22T03:00;2024-02-22T03:15;13;kWh;0;386;0;0;386;386
2024-02-22T03:15;2024-02-22T03:30;14;kWh;0;0;0;0;0;0
2024-02-22T03:30;2024-02-22T03:45;15;kWh;0;0;0;0;0;0
2024-02-22T03:45;2024-02-22T04:00;16;kWh;0;0;0;0;0;0
2024-02-22T04:00;2024-02-22T04:15;17;kWh;0;0;0;0;0;0
2024-02-22T04:15;2024-02-22T04:30;18;kWh;0;0;0;0;0;0
2024-02-22T04:30;2024-02-22T04:45;19;kWh;-1023;0;0;0;1023;-1023
2024-02-22T04:45;2024-02-22T05:00;20;kWh;-2610;0;0;0;2610;-2610
2024-02-22T05:00;2024-02-22T05:15;21;kWh;-4790;0;0;0;4790;-4790
2024-02-22T05:15;2024-02-22T05:30;22;kWh;0;0;0;0;0;0
2024-02-22T05:30;2024-02-22T05:45;23;kWh;0;0;0;0;0;0
2024-02-22T05:45;2024-02-22T06:00;24;kWh;0;0;0;0;0;0
2024-02-22T06:00;2024-02-22T06:15;25;kWh;-3783;3912;0;0;7695;129
2024-02-22T06:15;2024-02-22T06:30;26;kWh;0;1785;0;0;1785;1785
2024-02-22T06:30;2024-02-22T06:45;27;kWh;0;6891;0;0;6891;6891
2024-02-22T06:45;2024-02-22T07:00;28;kWh;0;20777;0;0;20777;20777
2024-02-22T07:00;2024-02-22T07:15;29;kWh;0;9125;0;0;9125;9125
2024-02-22T07:15;2024-02-22T07:30;30;kWh;0;17090;0;0;17090;17090
2024-02-22T07:30;2024-02-22T07:45;31;kWh;-8360;3594;0;0;11954;-4766
2024-02-22T07:45;2024-02-22T08:00;32;kWh;-3854;0;0;0;3854;-3854
2024-02-22T08:00;2024-02-22T08:15;33;kWh;-5675;0;0;0;5675;-5675
2024-02-22T08:15;2024-02-22T08:30;34;kWh;-84;0;0;0;84;-84
2024-02-22T08:30;2024-02-22T08:45;35;kWh;-8413;0;0;0;8413;-8413
2024-02-22T08:45;2024-02-22T09:00;36;kWh;-8830;4140;0;0;12970;-4690
2024-02-22T09:00;2024-02-22T09:15;37;kWh;-7276;5338;0;0;12614;-1938
2024-02-22T09:15;2024-02-22T09:30;38;kWh;-29401;0;0;0;29401;-29401
2024-02-22T09:30;2024-02-22T09:45;39;kWh;-26945;0;0;0;26945;-26945
2024-02-22T09:45;2024-02-22T10:00;40;kWh;-17529;0;0;0;17529;-17529
2024-02-22T10:00;2024-02-22T10:15;41;kWh;-18794;0;0;0;18794;-18794
2024-02-22T10:15;2024-02-22T10:30;42;kWh;-22944;0;0;0;22944;-22944
2024-02-22T10:30;2024-02-22T10:45;43;kWh;-26985;0;0;0;26985;-26985
2024-02-22T10:45;2024-02-22T11:00;44;kWh;-33721;27;0;0;33748;-33694
2024-02-22T11:00;2024-02-22T11:15;45;kWh;-61;12471;0;0;12532;12410
2024-02-22T11:15;2024-02-22T11:30;46;kWh;0;16282;0;0;16282;16282
2024-02-22T11:30;2024-02-22T11:45;47;kWh;0;21333;0;0;21333;21333
2024-02-22T11:45;2024-02-22T12:00;48;kWh;0;29663;0;0;29663;29663
2024-02-22T12:00;2024-02-22T12:15;49;kWh;0;38609;0;0;38609;38609
2024-02-22T12:15;2024-02-22T12:30;50;kWh;0;42299;0;0;42299;42299
2024-02-22T12:30;2024-02-22T12:45;51;kWh;0;21501;0;0;21501;21501
2024-02-22T12:45;2024-02-22T13:00;52;kWh;0;28806;0;0;28806;28806
2024-02-22T13:00;2024-02-22T13:15;53;kWh;0;25716;0;0;25716;25716
2024-02-22T13:15;2024-02-22T13:30;54;kWh;0;50222;0;0;50222;50222
2024-02-22T13:30;2024-02-22T13:45;55;kWh;0;34800;0;0;34800;34800
2024-02-22T13:45;2024-02-22T14:00;56;kWh;-11;19460;0;0;19471;19449
2024-02-22T14:00;2024-02-22T14:15;57;kWh;-1513;40;0;0;1553;-1473
2024-02-22T14:15;2024-02-22T14:30;58;kWh;0;200;0;0;200;200
2024-02-22T14:30;2024-02-22T14:45;59;kWh;0;3847;0;0;3847;3847
2024-02-22T14:45;2024-02-22T15:00;60;kWh;0;728;0;0;728;728
2024-02-22T15:00;2024-02-22T15:15;61;kWh;-3604;0;0;0;3604;-3604
2024-02-22T15:15;2024-02-22T15:30;62;kWh;-13954;0;0;0;13954;-13954
2024-02-22T15:30;2024-02-22T15:45;63;kWh;-625;0;0;0;625;-625
2024-02-22T15:45;2024-02-22T16:00;64;kWh;-339;0;0;0;339;-339
2024-02-22T16:00;2024-02-22T16:15;65;kWh;-7773;127;0;0;7900;-7646
2024-02-22T16:15;2024-02-22T16:30;66;kWh;0;1187;0;0;1187;1187
2024-02-22T16:30;2024-02-22T16:45;67;kWh;-3308;0;0;0;3308;-3308
2024-02-22T16:45;2024-02-22T17:00;68;kWh;-3431;0;0;0;3431;-3431
2024-02-22T17:00;2024-02-22T17:15;69;kWh;0;0;0;0;0;0
2024-02-22T17:15;2024-02-22T17:30;70;kWh;0;0;0;0;0;0
2024-02-22T17:30;2024-02-22T17:45;71;kWh;0;1514;0;0;1514;1514
2024-02-22T17:45;2024-02-22T18:00;72;kWh;-2569;239;0;0;2808;-2330
2024-02-22T18:00;2024-02-22T18:15;73;kWh;-16762;0;0;0;16762;-16762
2024-02-22T18:15;2024-02-22T18:30;74;kWh;-3859;0;0;0;3859;-3859
2024-02-22T18:30;2024-02-22T18:45;75;kWh;-16451;0;0;0;16451;-16451
2024-02-22T18:45;2024-02-22T19:00;76;kWh;-7608;0;0;0;7608;-7608
2024-02-22T19:00;2024-02-22T19:15;77;kWh;-12146;506;0;0;12652;-11640
2024-02-22T19:15;2024-02-22T19:30;78;kWh;-19463;0;0;0;19463;-19463
2024-02-22T19:30;2024-02-22T19:45;79;kWh;-18497;0;0;0;18497;-18497
2024-02-22T19:45;2024-02-22T20:00;80;kWh;-10248;387;0;0;10635;-9861
2024-02-22T20:00;2024-02-22T20:15;81;kWh;-585;0;0;0;585;-585
2024-02-22T20:15;2024-02-22T20:30;82;kWh;-6970;0;0;0;6970;-6970
2024-02-22T20:30;2024-02-22T20:45;83;kWh;-2465;0;0;0;2465;-2465
2024-02-22T20:45;2024-02-22T21:00;84;kWh;-14750;0;0;0;14750;-14750
2024-02-22T21:00;2024-02-22T21:15;85;kWh;-5893;1012;0;0;6905;-4881
2024-02-22T21:15;2024-02-22T21:30;86;kWh;-13960;2370;0;0;16330;-11590
2024-02-22T21:30;2024-02-22T21:45;87;kWh;-16043;373;0;0;16416;-15670
2024-02-22T21:45;2024-02-22T22:00;88;kWh;-12498;0;0;0;12498;-12498
2024-02-22T22:00;2024-02-22T22:15;89;kWh;-25;0;0;0;25;-25
2024-02-22T22:15;2024-02-22T22:30;90;kWh;-376;219;0;0;595;-157
2024-02-22T22:30;2024-02-22T22:45;91;kWh;0;4;0;0;4;4
2024-02-22T22:45;2024-02-22T23:00;92;kWh;-378;0;0;0;378;-378
2024-02-22T23:00;2024-02-22T23:15;93;kWh;-214;1607;0;0;1821;1393
2024-02-22T23:15;2024-02-22T23:30;94;kWh;0;9198;0;0;9198;9198
2024-02-22T23:30;2024-02-22T23:45;95;kWh;0;3159;0;0;3159;3159
2024-02-22T23:45;2024-02-23T00:00;96;kWh;-725;3;0;0;728;-722
2024-02-23T00:00;2024-02-23T00:15;1;kWh;-6058;238;0;0;6296;-5820
2024-02-23T00:15;2024-02-23T00:30;2;kWh;-21857;434;0;0;22291;-21423
2024-02-23T00:30;2024-02-23T00:45;3;kWh;-19158;4435;0;0;23593;-14723
2024-02-23T00:45;2024-02-23T01:00;4;kWh;-12387;638;0;0;13025;-11749
2024-02-23T01:00;2024-02-23T01:15;5;kWh;-1854;20329;0;0;22183;18475
2024-02-23T01:15;2024-02-23T01:30;6;kWh;-1333;2474;0;0;3807;1141
2024-02-23T01:30;2024-02-23T01:45;7;kWh;0;2;0;0;2;2
2024-02-23T01:45;2024-02-23T02:00;8;kWh;0;0;0;0;0;0
2024-02-23T02:00;2024-02-23T02:15;9;kWh;0;0;0;0;0;0
2024-02-23T02:15;2024-02-23T02:30;10;kWh;0;0;0;0;0;0
2024-02-23T02:30;2024-02-23T02:45;11;kWh;0;0;0;0;0;0
2024-02-23T02:45;2024-02-23T03:00;12;kWh;0;0;0;0;0;0
2024-02-23T03:00;2024-02-23T03:15;13;kWh;0;42485;0;0;42485;42485
2024-02-23T03:15;2024-02-23T03:30;14;kWh;0;42193;0;0;42193;42193
2024-02-23T03:30;2024-02-23T03:45;15;kWh;0;19407;0;0;19407;19407
2024-02-23T03:45;2024-02-23T04:00;16;kWh;0;1633;0;0;1633;1633
2024-02-23T04:00;2024-02-23T04:15;17;kWh;0;25236;0;0;25236;25236
2024-02-23T04:15;2024-02-23T04:30;18;kWh;-1922;8892;0;0;10814;6970
2024-02-23T04:30;2024-02-23T04:45;19;kWh;-43;1712;0;0;1755;1669
2024-02-23T04:45;2024-02-23T05:00;20;kWh;0;0;0;0;0;0
2024-02-23T05:00;2024-02-23T05:15;21;kWh;-902;0;0;0;902;-902
2024-02-23T05:15;2024-02-23T05:30;22;kWh;-944;146;0;0;1090;-798
2024-02-23T05:30;2024-02-23T05:45;23;kWh;-563;1332;0;0;1895;769
2024-02-23T05:45;2024-02-23T06:00;24;kWh;-486;481;0;0;967;-5
2024-02-23T06:00;2024-02-23T06:15;25;kWh;-277;0;0;0;277;-277
2024-02-23T06:15;2024-02-23T06:30;26;kWh;0;34;0;0;34;34
2024-02-23T06:30;2024-02-23T06:45;27;kWh;0;13358;0;0;13358;13358
2024-02-23T06:45;2024-02-23T07:00;28;kWh;0;13980;0;0;13980;13980
2024-02-23T07:00;2024-02-23T07:15;29;kWh;0;5706;0;0;5706;5706
2024-02-23T07:15;2024-02-23T07:30;30;kWh;0;18240;0;0;18240;18240
2024-02-23T07:30;2024-02-23T07:45;31;kWh;0;11515;0;0;11515;11515
2024-02-23T07:45;2024-02-23T08:00;32;kWh;0;550;0;0;550;550
2024-02-23T08:00;2024-02-23T08:15;33;kWh;0;0;0;0;0;0
2024-02-23T08:15;2024-02-23T08:30;34;kWh;0;0;0;0;0;0
2024-02-23T08:30;2024-02-23T08:45;35;kWh;0;0;0;0;0;0
2024-02-23T08:45;2024-02-23T09:00;36;kWh;-1168;0;0;0;1168;-1168
2024-02-23T09:00;2024-02-23T09:15;37;kWh;-2271;2797;0;0;5068;526
2024-02-23T09:15;2024-02-23T09:30;38;kWh;0;16365;0;0;16365;16365
2024-02-23T09:30;2024-02-23T09:45;39;kWh;0;2011;0;0;2011;2011
2024-02-23T09:45;2024-02-23T10:00;40;kWh;0;3182;0;0;3182;3182
2024-02-23T10:00;2024-02-23T10:15;41;kWh;-1295;97;0;0;1392;-1198
2024-02-23T10:15;2024-02-23T10:30;42;kWh;0;8935;0;0;8935;8935
2024-02-23T10:30;2024-02-23T10:45;43;kWh;0;11808;0;0;11808;11808
2024-02-23T10:45;2024-02-23T11:00;44;kWh;-7;10325;0;0;10332;10318
2024-02-23T11:00;2024-02-23T11:15;45;kWh;-232;3694;0;0;3926;3462
2024-02-23T11:15;2024-02-23T11:30;46;kWh;0;29819;0;0;29819;29819
2024-02-23T11:30;2024-02-23T11:45;47;kWh;0;49008;0;0;49008;49008
2024-02-23T11:45;2024-02-23T12:00;48;kWh;0;62919;0;0;62919;62919
2024-02-23T12:00;2024-02-23T12:15;49;kWh;0;46872;0;0;46872;46872
2024-02-23T12:15;2024-02-23T12:30;50;kWh;0;65038;0;0;65038;65038
2024-02-23T12:30;2024-02-23T12:45;51;kWh;0;9356;0;0;9356;9356
2024-02-23T12:45;2024-02-23T13:00;52;kWh;-1159;28;0;0;1187;-1131
2024-02-23T13:00;2024-02-23T13:15;53;kWh;0;4284;0;0;4284;4284
2024-02-23T13:15;2024-02-23T13:30;54;kWh;0;15968;0;0;15968;15968
2024-02-23T13:30;2024-02-23T13:45;55;kWh;0;23271;0;0;23271;23271
2024-02-23T13:45;2024-02-23T14:00;56;kWh;-130;10328;0;0;10458;10198
2024-02-23T14:00;2024-02-23T14:15;57;kWh;-959;0;0;0;959;-959
2024-02-23T14:15;2024-02-23T14:30;58;kWh;0;0;0;0;0;0
2024-02-23T14:30;2024-02-23T14:45;59;kWh;-884;0;0;0;884;-884
2024-02-23T14:45;2024-02-23T15:00;60;kWh;0;0;0;0;0;0
2024-02-23T15:00;2024-02-23T15:15;61;kWh;0;3879;0;0;3879;3879
2024-02-23T15:15;2024-02-23T15:30;62;kWh;0;1103;0;0;1103;1103
2024-02-23T15:30;2024-02-23T15:45;63;kWh;0;12550;0;0;12550;12550
2024-02-23T15:45;2024-02-23T16:00;64;kWh;0;28250;0;0;28250;28250
2024-02-23T16:00;2024-02-23T16:15;65;kWh;0;4696;0;0;4696;4696
2024-02-23T16:15;2024-02-23T16:30;66;kWh;0;1485;0;0;1485;1485
2024-02-23T16:30;2024-02-23T16:45;67;kWh;0;9790;0;0;9790;9790
2024-02-23T16:45;2024-02-23T17:00;68;kWh;0;60334;0;0;60334;60334
2024-02-23T17:00;2024-02-23T17:15;69;kWh;0;14584;0;0;14584;14584
2024-02-23T17:15;2024-02-23T17:30;70;kWh;0;28947;0;0;28947;28947
2024-02-23T17:30;2024-02-23T17:45;71;kWh;0;75417;0;0;75417;75417
2024-02-23T17:45;2024-02-23T18:00;72;kWh;0;82700;0;0;82700;82700
2024-02-23T18:00;2024-02-23T18:15;73;kWh;0;18412;0;0;18412;18412
2024-02-23T18:15;2024-02-23T18:30;74;kWh;0;1541;0;0;1541;1541
2024-02-23T18:30;2024-02-23T18:45;75;kWh;0;1386;0;0;1386;1386
2024-02-23T18:45;2024-02-23T19:00;76;kWh;0;6984;0;0;6984;6984
2024-02-23T19:00;2024-02-23T19:15;77;kWh;0;12880;0;0;12880;12880
2024-02-23T19:15;2024-02-23T19:30;78;kWh;-1001;430;0;0;1431;-571
2024-02-23T19:30;2024-02-23T19:45;79;kWh;-4745;0;0;0;4745;-4745
2024-02-23T19:45;2024-02-23T20:00;80;kWh;-327;0;0;0;327;-327
2024-02-23T20:00;2024-02-23T20:15;81;kWh;-2;13886;0;0;13888;13884
2024-02-23T20:15;2024-02-23T20:30;82;kWh;0;48936;0;0;48936;48936
2024-02-23T20:30;2024-02-23T20:45;83;kWh;0;7830;0;0;7830;7830
2024-02-23T20:45;2024-02-23T21:00;84;kWh;0;0;0;0;0;0
2024-02-23T21:00;2024-02-23T21:15;85;kWh;0;23249;0;0;23249;23249
2024-02-23T21:15;2024-02-23T21:30;86;kWh;0;76230;0;0;76230;76230
2024-02-23T21:30;2024-02-23T21:45;87;kWh;0;55736;0;0;55736;55736
2024-02-23T21:45;2024-02-23T22:00;88;kWh;0;554;0;0;554;554
2024-02-23T22:00;2024-02-23T22:15;89;kWh;0;4207;0;0;4207;4207
2024-02-23T22:15;2024-02-23T22:30;90;kWh;0;1869;0;0;1869;1869
2024-02-23T22:30;2024-02-23T22:45;91;kWh;0;128;0;0;128;128
2024-02-23T22:45;2024-02-23T23:00;92;kWh;0;0;0;0;0;0
2024-02-23T23:00;2024-02-23T23:15;93;kWh;0;1712;0;0;1712;1712
2024-02-23T23:15;2024-02-23T23:30;94;kWh;0;14304;0;0;14304;14304
2024-02-23T23:30;2024-02-23T23:45;95;kWh;0;458;0;0;458;458
2024-02-23T23:45;2024-02-24T00:00;96;kWh;-2443;0;0;0;2443;-2443
2024-02-24T00:00;2024-02-24T00:15;1;kWh;-4843;5144;0;0;9987;301
2024-02-24T00:15;2024-02-24T00:30;2;kWh;0;8840;0;0;8840;8840
2024-02-24T00:30;2024-02-24T00:45;3;kWh;0;846;0;0;846;846
2024-02-24T00:45;2024-02-24T01:00;4;kWh;-3576;0;0;0;3576;-3576
2024-02-24T01:00;2024-02-24T01:15;5;kWh;-79;337;0;0;416;258
2024-02-24T01:15;2024-02-24T01:30;6;kWh;0;3911;0;0;3911;3911
2024-02-24T01:30;2024-02-24T01:45;7;kWh;0;7428;0;0;7428;7428
2024-02-24T01:45;2024-02-24T02:00;8;kWh;-8276;0;0;0;8276;-8276
2024-02-24T02:00;2024-02-24T02:15;9;kWh;-16795;0;0;0;16795;-16795
2024-02-24T02:15;2024-02-24T02:30;10;kWh;-21354;0;0;0;21354;-21354
2024-02-24T02:30;2024-02-24T02:45;11;kWh;-5574;0;0;0;5574;-5574
2024-02-24T02:45;2024-02-24T03:00;12;kWh;0;824;0;0;824;824
2024-02-24T03:00;2024-02-24T03:15;13;kWh;0;0;0;0;0;0
2024-02-24T03:15;2024-02-24T03:30;14;kWh;0;787;0;0;787;787
2024-02-24T03:30;2024-02-24T03:45;15;kWh;0;1108;0;0;1108;1108
2024-02-24T03:45;2024-02-24T04:00;16;kWh;0;0;0;0;0;0
2024-02-24T04:00;2024-02-24T04:15;17;kWh;0;2353;0;0;2353;2353
2024-02-24T04:15;2024-02-24T04:30;18;kWh;0;9;0;0;9;9
2024-02-24T04:30;2024-02-24T04:45;19;kWh;-609;0;0;0;609;-609
2024-02-24T04:45;2024-02-24T05:00;20;kWh;-6;0;0;0;6;-6
2024-02-24T05:00;2024-02-24T05:15;21;kWh;0;0;0;0;0;0
2024-02-24T05:15;2024-02-24T05:30;22;kWh;-2244;0;0;0;2244;-2244
2024-02-24T05:30;2024-02-24T05:45;23;kWh;-1123;0;0;0;1123;-1123
2024-02-24T05:45;2024-02-24T06:00;24;kWh;-725;0;0;0;725;-725
2024-02-24T06:00;2024-02-24T06:15;25;kWh;-1590;0;0;0;1590;-1590
2024-02-24T06:15;2024-02-24T06:30;26;kWh;0;12234;0;0;12234;12234
2024-02-24T06:30;2024-02-24T06:45;27;kWh;0;27681;0;0;27681;27681
2024-02-24T06:45;2024-02-24T07:00;28;kWh;0;37256;0;0;37256;37256
2024-02-24T07:00;2024-02-24T07:15;29;kWh;0;17905;0;0;17905;17905
2024-02-24T07:15;2024-02-24T07:30;30;kWh;0;42028;0;0;42028;42028
2024-02-24T07:30;2024-02-24T07:45;31;kWh;0;56040;0;0;56040;56040
2024-02-24T07:45;2024-02-24T08:00;32;kWh;0;56254;0;0;56254;56254
2024-02-24T08:00;2024-02-24T08:15;33;kWh;-142;26137;0;0;26279;25995
2024-02-24T08:15;2024-02-24T08:30;34;kWh;-59;0;0;0;59;-59
2024-02-24T08:30;2024-02-24T08:45;35;kWh;0;0;0;0;0;0
2024-02-24T08:45;2024-02-24T09:00;36;kWh;0;0;0;0;0;0
2024-02-24T09:00;2024-02-24T09:15;37;kWh;0;4606;0;0;4606;4606
2024-02-24T09:15;2024-02-24T09:30;38;kWh;0;4791;0;0;4791;4791
2024-02-24T09:30;2024-02-24T09:45;39;kWh;0;780;0;0;780;780
2024-02-24T09:45;2024-02-24T10:00;40;kWh;0;0;0;0;0;0
2024-02-24T10:00;2024-02-24T10:15;41;kWh;0;42017;0;0;42017;42017
2024-02-24T10:15;2024-02-24T10:30;42;kWh;-3785;49025;0;0;52810;45240
2024-02-24T10:30;2024-02-24T10:45;43;kWh;0;25637;0;0;25637;25637
2024-02-24T10:45;2024-02-24T11:00;44;kWh;0;0;0;0;0;0
2024-02-24T11:00;2024-02-24T11:15;45;kWh;-2;16267;0;0;16269;16265
2024-02-24T11:15;2024-02-24T11:30;46;kWh;-214;557;0;0;771;343
2024-02-24T11:30;2024-02-24T11:45;47;kWh;-8337;141;0;0;8478;-8196
2024-02-24T11:45;2024-02-24T12:00;48;kWh;-4;15024;0;0;15028;15020
2024-02-24T12:00;2024-02-24T12:15;49;kWh;0;44483;0;0;44483;44483
2024-02-24T12:15;2024-02-24T12:30;50;kWh;0;51177;0;0;51177;51177
2024-02-24T12:30;2024-02-24T12:45;51;kWh;0;19228;0;0;19228;19228
2024-02-24T12:45;2024-02-24T13:00;52;kWh;0;17426;0;0;17426;17426
2024-02-24T13:00;2024-02-24T13:15;53;kWh;0;21500;0;0;21500;21500
2024-02-24T13:15;2024-02-24T13:30;54;kWh;-296;452;0;0;748;156
2024-02-24T13:30;2024-02-24T13:45;55;kWh;-11470;19;0;0;11489;-11451
2024-02-24T13:45;2024-02-24T14:00;56;kWh;-24553;126;0;0;24679;-24427
2024-02-24T14:00;2024-02-24T14:15;57;kWh;-13571;5230;0;0;18801;-8341
2024-02-24T14:15;2024-02-24T14:30;58;kWh;-16316;1301;0;0;17617;-15015
2024-02-24T14:30;2024-02-24T14:45;59;kWh;-7348;4;0;0;7352;-7344
2024-02-24T14:45;2024-02-24T15:00;60;kWh;-597;0;0;0;597;-597
2024-02-24T15:00;2024-02-24T15:15;61;kWh;-15141;0;0;0;15141;-15141
2024-02-24T15:15;2024-02-24T15:30;62;kWh;-18731;538;0;0;19269;-18193
2024-02-24T15:30;2024-02-24T15:45;63;kWh;0;147;0;0;147;147
2024-02-24T15:45;2024-02-24T16:00;64;kWh;-504;76;0;0;580;-428
2024-02-24T16:00;2024-02-24T16:15;65;kWh;-2240;0;0;0;2240;-2240
2024-02-24T16:15;2024-02-24T16:30;66;kWh;-8;6174;0;0;6182;6166
2024-02-24T16:30;2024-02-24T16:45;67;kWh;0;6783;0;0;6783;6783
2024-02-24T16:45;2024-02-24T17:00;68;kWh;0;32507;0;0;32507;32507
2024-02-24T17:00;2024-02-24T17:15;69;kWh;-34705;12300;0;0;47005;-22405
2024-02-24T17:15;2024-02-24T17:30;70;kWh;-18990;212;0;0;19202;-18778
2024-02-24T17:30;2024-02-24T17:45;71;kWh;-14;17459;0;0;17473;17445
2024-02-24T17:45;2024-02-24T18:00;72;kWh;0;74532;0;0;74532;74532
2024-02-24T18:00;2024-02-24T18:15;73;kWh;-59991;11919;0;0;71910;-48072
2024-02-24T18:15;2024-02-24T18:30;74;kWh;-40735;3872;0;0;44607;-36863
2024-02-24T18:30;2024-02-24T18:45;75;kWh;-17972;98;0;0;18070;-17874
2024-02-24T18:45;2024-02-24T19:00;76;kWh;-22;7254;0;0;7276;7232
2024-02-24T19:00;2024-02-24T19:15;77;kWh;-57;196;0;0;253;139
2024-02-24T19:15;2024-02-24T19:30;78;kWh;0;0;0;0;0;0
2024-02-24T19:30;2024-02-24T19:45;79;kWh;-2773;0;0;0;2773;-2773
2024-02-24T19:45;2024-02-24T20:00;80;kWh;-7044;0;0;0;7044;-7044
2024-02-24T20:00;2024-02-24T20:15;81;kWh;0;6442;0;0;6442;6442
2024-02-24T20:15;2024-02-24T20:30;82;kWh;-3145;360;0;0;3505;-2785
2024-02-24T20:30;2024-02-24T20:45;83;kWh;-31744;0;0;0;31744;-31744
2024-02-24T20:45;2024-02-24T21:00;84;kWh;-23049;0;0;0;23049;-23049
2024-02-24T21:00;2024-02-24T21:15;85;kWh;0;0;0;0;0;0
2024-02-24T21:15;2024-02-24T21:30;86;kWh;0;2026;0;0;2026;2026
2024-02-24T21:30;2024-02-24T21:45;87;kWh;-3269;1318;0;0;4587;-1951
2024-02-24T21:45;2024-02-24T22:00;88;kWh;-35108;0;0;0;35108;-35108
2024-02-24T22:00;2024-02-24T22:15;89;kWh;-14551;0;0;0;14551;-14551
2024-02-24T22:15;2024-02-24T22:30;90;kWh;-29786;0;0;0;29786;-29786
2024-02-24T22:30;2024-02-24T22:45;91;kWh;-35968;0;0;0;35968;-35968
2024-02-24T22:45;2024-02-24T23:00;92;kWh;-16760;0;0;0;16760;-16760
2024-02-24T23:00;2024-02-24T23:15;93;kWh;-24284;0;0;0;24284;-24284
2024-02-24T23:15;2024-02-24T23:30;94;kWh;-12701;0;0;0;12701;-12701
2024-02-24T23:30;2024-02-24T23:45;95;kWh;-10141;0;0;0;10141;-10141
2024-02-24T23:45;2024-02-25T00:00;96;kWh;-452;0;0;0;452;-452
2024-02-25T00:00;2024-02-25T00:15;1;kWh;-1108;0;0;0;1108;-1108
2024-02-25T00:15;2024-02-25T00:30;2;kWh;0;1443;0;0;1443;1443
2024-02-25T00:30;2024-02-25T00:45;3;kWh;0;5352;0;0;5352;5352
2024-02-25T00:45;2024-02-25T01:00;4;kWh;0;11468;0;0;11468;11468
2024-02-25T01:00;2024-02-25T01:15;5;kWh;0;0;0;0;0;0
2024-02-25T01:15;2024-02-25T01:30;6;kWh;0;0;0;0;0;0
2024-02-25T01:30;2024-02-25T01:45;7;kWh;0;0;0;0;0;0
2024-02-25T01:45;2024-02-25T02:00;8;kWh;0;0;0;0;0;0
2024-02-25T02:00;2024-02-25T02:15;9;kWh;0;1174;0;0;1174;1174
2024-02-25T02:15;2024-02-25T02:30;10;kWh;0;0;0;0;0;0
2024-02-25T02:30;2024-02-25T02:45;11;kWh;0;0;0;0;0;0
2024-02-25T02:45;2024-02-25T03:00;12;kWh;-1384;0;0;0;1384;-1384
2024-02-25T03:00;2024-02-25T03:15;13;kWh;-6204;0;0;0;6204;-6204
2024-02-25T03:15;2024-02-25T03:30;14;kWh;0;0;0;0;0;0
2024-02-25T03:30;2024-02-25T03:45;15;kWh;0;0;0;0;0;0
2024-02-25T03:45;2024-02-25T04:00;16;kWh;0;940;0;0;940;940
2024-02-25T04:00;2024-02-25T04:15;17;kWh;0;3;0;0;3;3
2024-02-25T04:15;2024-02-25T04:30;18;kWh;0;0;0;0;0;0
2024-02-25T04:30;2024-02-25T04:45;19;kWh;0;0;0;0;0;0
2024-02-25T04:45;2024-02-25T05:00;20;kWh;0;2467;0;0;2467;2467
2024-02-25T05:00;2024-02-25T05:15;21;kWh;0;4362;0;0;4362;4362
2024-02-25T05:15;2024-02-25T05:30;22;kWh;0;5633;0;0;5633;5633
2024-02-25T05:30;2024-02-25T05:45;23;kWh;0;3418;0;0;3418;3418
2024-02-25T05:45;2024-02-25T06:00;24;kWh;0;343;0;0;343;343
2024-02-25T06:00;2024-02-25T06:15;25;kWh;0;0;0;0;0;0
2024-02-25T06:15;2024-02-25T06:30;26;kWh;0;0;0;0;0;0
2024-02-25T06:30;2024-02-25T06:45;27;kWh;0;0;0;0;0;0
2024-02-25T06:45;2024-02-25T07:00;28;kWh;-2530;0;0;0;2530;-2530
2024-02-25T07:00;2024-02-25T07:15;29;kWh;-9259;0;0;0;9259;-9259
2024-02-25T07:15;2024-02-25T07:30;30;kWh;-18275;0;0;0;18275;-18275
2024-02-25T07:30;2024-02-25T07:45;31;kWh;-28047;0;0;0;28047;-28047
2024-02-25T07:45;2024-02-25T08:00;32;kWh;-37485;0;0;0;37485;-37485
2024-02-25T08:00;2024-02-25T08:15;33;kWh;-28385;0;0;0;28385;-28385
2024-02-25T08:15;2024-02-25T08:30;34;kWh;-2289;0;0;0;2289;-2289
2024-02-25T08:30;2024-02-25T08:45;35;kWh;-10359;0;0;0;10359;-10359
2024-02-25T08:45;2024-02-25T09:00;36;kWh;-2232;0;0;0;2232;-2232
2024-02-25T09:00;2024-02-25T09:15;37;kWh;-560;0;0;0;560;-560
2024-02-25T09:15;2024-02-25T09:30;38;kWh;0;0;0;0;0;0
2024-02-25T09:30;2024-02-25T09:45;39;kWh;-215;0;0;0;215;-215
2024-02-25T09:45;2024-02-25T10:00;40;kWh;-3032;0;0;0;3032;-3032
2024-02-25T10:00;2024-02-25T10:15;41;kWh;-38675;0;0;0;38675;-38675
2024-02-25T10:15;2024-02-25T10:30;42;kWh;-16972;19;0;0;16991;-16953
2024-02-25T10:30;2024-02-25T10:45;43;kWh;-27249;0;0;0;27249;-27249
2024-02-25T10:45;2024-02-25T11:00;44;kWh;-31108;0;0;0;31108;-31108
2024-02-25T11:00;2024-02-25T11:15;45;kWh;-3914;0;0;0;3914;-3914
2024-02-25T11:15;2024-02-25T11:30;46;kWh;0;0;0;0;0;0
2024-02-25T11:30;2024-02-25T11:45;47;kWh;0;13726;0;0;13726;13726
2024-02-25T11:45;2024-02-25T12:00;48;kWh;0;38015;0;0;38015;38015
2024-02-25T12:00;2024-02-25T12:15;49;kWh;0;61764;0;0;61764;61764
2024-02-25T12:15;2024-02-25T12:30;50;kWh;0;65327;0;0;65327;65327
2024-02-25T12:30;2024-02-25T12:45;51;kWh;0;21567;0;0;21567;21567
2024-02-25T12:45;2024-02-25T13:00;52;kWh;0;46628;0;0;46628;46628
2024-02-25T13:00;2024-02-25T13:15;53;kWh;0;30094;0;0;30094;30094
2024-02-25T13:15;2024-02-25T13:30;54;kWh;0;9784;0;0;9784;9784
2024-02-25T13:30;2024-02-25T13:45;55;kWh;0;24516;0;0;24516;24516
2024-02-25T13:45;2024-02-25T14:00;56;kWh;0;33407;0;0;33407;33407
2024-02-25T14:00;2024-02-25T14:15;57;kWh;0;19898;0;0;19898;19898
2024-02-25T14:15;2024-02-25T14:30;58;kWh;0;225;0;0;225;225
2024-02-25T14:30;2024-02-25T14:45;59;kWh;0;1526;0;0;1526;1526
2024-02-25T14:45;2024-02-25T15:00;60;kWh;-3247;372;0;0;3619;-2875
2024-02-25T15:00;2024-02-25T15:15;61;kWh;-288;0;0;0;288;-288
2024-02-25T15:15;2024-02-25T15:30;62;kWh;0;142;0;0;142;142
2024-02-25T15:30;2024-02-25T15:45;63;kWh;0;1815;0;0;1815;1815
2024-02-25T15:45;2024-02-25T16:00;64;kWh;0;0;0;0;0;0
2024-02-25T16:00;2024-02-25T16:15;65;kWh;-25757;633;0;0;26390;-25124
2024-02-25T16:15;2024-02-25T16:30;66;kWh;-20243;2930;0;0;23173;-17313
2024-02-25T16:30;2024-02-25T16:45;67;kWh;-7442;5578;0;0;13020;-1864
2024-02-25T16:45;2024-02-25T17:00;68;kWh;0;45702;0;0;45702;45702
2024-02-25T17:00;2024-02-25T17:15;69;kWh;-33051;4827;0;0;37878;-28224
2024-02-25T17:15;2024-02-25T17:30;70;kWh;0;13513;0;0;13513;13513
2024-02-25T17:30;2024-02-25T17:45;71;kWh;0;39958;0;0;39958;39958
2024-02-25T17:45;2024-02-25T18:00;72;kWh;0;55169;0;0;55169;55169
2024-02-25T18:00;2024-02-25T18:15;73;kWh;0;53517;0;0;53517;53517
2024-02-25T18:15;2024-02-25T18:30;74;kWh;0;38778;0;0;38778;38778
2024-02-25T18:30;2024-02-25T18:45;75;kWh;-969;26362;0;0;27331;25393
2024-02-25T18:45;2024-02-25T19:00;76;kWh;-21106;0;0;0;21106;-21106
2024-02-25T19:00;2024-02-25T19:15;77;kWh;-13488;23834;0;0;37322;10346
2024-02-25T19:15;2024-02-25T19:30;78;kWh;-7736;3674;0;0;11410;-4062
2024-02-25T19:30;2024-02-25T19:45;79;kWh;-7520;0;0;0;7520;-7520
2024-02-25T19:45;2024-02-25T20:00;80;kWh;-4119;6;0;0;4125;-4113
2024-02-25T20:00;2024-02-25T20:15;81;kWh;0;57240;0;0;57240;57240
2024-02-25T20:15;2024-02-25T20:30;82;kWh;0;65239;0;0;65239;65239
2024-02-25T20:30;2024-02-25T20:45;83;kWh;0;31367;0;0;31367;31367
2024-02-25T20:45;2024-02-25T21:00;84;kWh;0;16413;0;0;16413;16413
2024-02-25T21:00;2024-02-25T21:15;85;kWh;0;34742;0;0;34742;34742
2024-02-25T21:15;2024-02-25T21:30;86;kWh;0;28145;0;0;28145;28145
2024-02-25T21:30;2024-02-25T21:45;87;kWh;0;15823;0;0;15823;15823
2024-02-25T21:45;2024-02-25T22:00;88;kWh;0;1044;0;0;1044;1044
2024-02-25T22:00;2024-02-25T22:15;89;kWh;0;321;0;0;321;321
2024-02-25T22:15;2024-02-25T22:30;90;kWh;0;12131;0;0;12131;12131
2024-02-25T22:30;2024-02-25T22:45;91;kWh;0;1375;0;0;1375;1375
2024-02-25T22:45;2024-02-25T23:00;92;kWh;0;5739;0;0;5739;5739
2024-02-25T23:00;2024-02-25T23:15;93;kWh;0;1146;0;0;1146;1146
2024-02-25T23:15;2024-02-25T23:30;94;kWh;0;0;0;0;0;0
2024-02-25T23:30;2024-02-25T23:45;95;kWh;0;0;0;0;0;0
2024-02-25T23:45;2024-02-26T00:00;96;kWh;-1300;0;0;0;1300;-1300
2024-02-26T00:00;2024-02-26T00:15;1;kWh;-18157;0;0;0;18157;-18157
2024-02-26T00:15;2024-02-26T00:30;2;kWh;-37063;0;0;0;37063;-37063
2024-02-26T00:30;2024-02-26T00:45;3;kWh;-69237;0;0;0;69237;-69237
2024-02-26T00:45;2024-02-26T01:00;4;kWh;-65324;0;0;0;65324;-65324
2024-02-26T01:00;2024-02-26T01:15;5;kWh;-27622;0;0;0;27622;-27622
2024-02-26T01:15;2024-02-26T01:30;6;kWh;-11643;0;0;0;11643;-11643
2024-02-26T01:30;2024-02-26T01:45;7;kWh;-38650;0;0;0;38650;-38650
2024-02-26T01:45;2024-02-26T02:00;8;kWh;-67320;0;0;0;67320;-67320
2024-02-26T02:00;2024-02-26T02:15;9;kWh;-18116;0;0;0;18116;-18116
2024-02-26T02:15;2024-02-26T02:30;10;kWh;-20404;0;0;0;20404;-20404
2024-02-26T02:30;2024-02-26T02:45;11;kWh;-45478;0;0;0;45478;-45478
2024-02-26T02:45;2024-02-26T03:00;12;kWh;-58677;0;0;0;58677;-58677
2024-02-26T03:00;2024-02-26T03:15;13;kWh;-8753;13390;0;0;22143;4637
2024-02-26T03:15;2024-02-26T03:30;14;kWh;0;9499;0;0;9499;9499
2024-02-26T03:30;2024-02-26T03:45;15;kWh;0;1805;0;0;1805;1805
2024-02-26T03:45;2024-02-26T04:00;16;kWh;0;14;0;0;14;14
2024-02-26T04:00;2024-02-26T04:15;17;kWh;-247;0;0;0;247;-247
2024-02-26T04:15;2024-02-26T04:30;18;kWh;-1130;0;0;0;1130;-1130
2024-02-26T04:30;2024-02-26T04:45;19;kWh;-1310;0;0;0;1310;-1310
2024-02-26T04:45;2024-02-26T05:00;20;kWh;0;0;0;0;0;0
2024-02-26T05:00;2024-02-26T05:15;21;kWh;0;190;0;0;190;190
2024-02-26T05:15;2024-02-26T05:30;22;kWh;0;5253;0;0;5253;5253
2024-02-26T05:30;2024-02-26T05:45;23;kWh;0;21375;0;0;21375;21375
2024-02-26T05:45;2024-02-26T06:00;24;kWh;-17707;3790;0;0;21497;-13917
2024-02-26T06:00;2024-02-26T06:15;25;kWh;-3407;499;0;0;3906;-2908
2024-02-26T06:15;2024-02-26T06:30;26;kWh;-995;392;0;0;1387;-603
2024-02-26T06:30;2024-02-26T06:45;27;kWh;-1;1356;0;0;1357;1355
2024-02-26T06:45;2024-02-26T07:00;28;kWh;0;19478;0;0;19478;19478
2024-02-26T07:00;2024-02-26T07:15;29;kWh;0;6797;0;0;6797;6797
2024-02-26T07:15;2024-02-26T07:30;30;kWh;0;24102;0;0;24102;24102
2024-02-26T07:30;2024-02-26T07:45;31;kWh;0;14760;0;0;14760;14760
2024-02-26T07:45;2024-02-26T08:00;32;kWh;0;516;0;0;516;516
2024-02-26T08:00;2024-02-26T08:15;33;kWh;0;0;0;0;0;0
2024-02-26T08:15;2024-02-26T08:30;34;kWh;0;0;0;0;0;0
2024-02-26T08:30;2024-02-26T08:45;35;kWh;0;0;0;0;0;0
2024-02-26T08:45;2024-02-26T09:00;36;kWh;0;4;0;0;4;4
2024-02-26T09:00;2024-02-26T09:15;37;kWh;0;33264;0;0;33264;33264
2024-02-26T09:15;2024-02-26T09:30;38;kWh;0;14617;0;0;14617;14617
2024-02-26T09:30;2024-02-26T09:45;39;kWh;0;472;0;0;472;472
2024-02-26T09:45;2024-02-26T10:00;40;kWh;0;505;0;0;505;505
2024-02-26T10:00;2024-02-26T10:15;41;kWh;0;6418;0;0;6418;6418
2024-02-26T10:15;2024-02-26T10:30;42;kWh;0;0;0;0;0;0
2024-02-26T10:30;2024-02-26T10:45;43;kWh;0;0;0;0;0;0
2024-02-26T10:45;2024-02-26T11:00;44;kWh;0;0;0;0;0;0
2024-02-26T11:00;2024-02-26T11:15;45;kWh;0;962;0;0;962;962
2024-02-26T11:15;2024-02-26T11:30;46;kWh;-1151;0;0;0;1151;-1151
2024-02-26T11:30;2024-02-26T11:45;47;kWh;-1215;5077;0;0;6292;3862
2024-02-26T11:45;2024-02-26T12:00;48;kWh;0;6727;0;0;6727;6727
2024-02-26T12:00;2024-02-26T12:15;49;kWh;0;43537;0;0;43537;43537
2024-02-26T12:15;2024-02-26T12:30;50;kWh;0;58432;0;0;58432;58432
2024-02-26T12:30;2024-02-26T12:45;51;kWh;0;42391;0;0;42391;42391
2024-02-26T12:45;2024-02-26T13:00;52;kWh;0;35177;0;0;35177;35177
2024-02-26T13:00;2024-02-26T13:15;53;kWh;0;12213;0;0;12213;12213
2024-02-26T13:15;2024-02-26T13:30;54;kWh;0;16472;0;0;16472;16472
2024-02-26T13:30;2024-02-26T13:45;55;kWh;0;4690;0;0;4690;4690
2024-02-26T13:45;2024-02-26T14:00;56;kWh;0;0;0;0;0;0
2024-02-26T14:00;2024-02-26T14:15;57;kWh;0;0;0;0;0;0
2024-02-26T14:15;2024-02-26T14:30;58;kWh;0;1074;0;0;1074;1074
2024-02-26T14:30;2024-02-26T14:45;59;kWh;0;38281;0;0;38281;38281
2024-02-26T14:45;2024-02-26T15:00;60;kWh;0;8495;0;0;8495;8495
2024-02-26T15:00;2024-02-26T15:15;61;kWh;0;5237;0;0;5237;5237
2024-02-26T15:15;2024-02-26T15:30;62;kWh;-20892;46;0;0;20938;-20846
2024-02-26T15:30;2024-02-26T15:45;63;kWh;-1533;0;0;0;1533;-1533
2024-02-26T15:45;2024-02-26T16:00;64;kWh;-1538;0;0;0;1538;-1538
2024-02-26T16:00;2024-02-26T16:15;65;kWh;-40083;0;0;0;40083;-40083
2024-02-26T16:15;2024-02-26T16:30;66;kWh;-7826;0;0;0;7826;-7826
2024-02-26T16:30;2024-02-26T16:45;67;kWh;-1041;0;0;0;1041;-1041
2024-02-26T16:45;2024-02-26T17:00;68;kWh;-1177;0;0;0;1177;-1177
2024-02-26T17:00;2024-02-26T17:15;69;kWh;0;0;0;0;0;0
2024-02-26T17:15;2024-02-26T17:30;70;kWh;0;0;0;0;0;0
2024-02-26T17:30;2024-02-26T17:45;71;kWh;0;0;0;0;0;0
2024-02-26T17:45;2024-02-26T18:00;72;kWh;0;0;0;0;0;0
2024-02-26T18:00;2024-02-26T18:15;73;kWh;0;261;0;0;261;261
2024-02-26T18:15;2024-02-26T18:30;74;kWh;0;11798;0;0;11798;11798
2024-02-26T18:30;2024-02-26T18:45;75;kWh;0;33632;0;0;33632;33632
2024-02-26T18:45;2024-02-26T19:00;76;kWh;0;61547;0;0;61547;61547
2024-02-26T19:00;2024-02-26T19:15;77;kWh;0;34580;0;0;34580;34580
2024-02-26T19:15;2024-02-26T19:30;78;kWh;0;19783;0;0;19783;19783
2024-02-26T19:30;2024-02-26T19:45;79;kWh;0;17707;0;0;17707;17707
2024-02-26T19:45;2024-02-26T20:00;80;kWh;0;1081;0;0;1081;1081
2024-02-26T20:00;2024-02-26T20:15;81;kWh;0;8879;0;0;8879;8879
2024-02-26T20:15;2024-02-26T20:30;82;kWh;0;40;0;0;40;40
2024-02-26T20:30;2024-02-26T20:45;83;kWh;0;4385;0;0;4385;4385
2024-02-26T20:45;2024-02-26T21:00;84;kWh;0;0;0;0;0;0
2024-02-26T21:00;2024-02-26T21:15;85;kWh;0;3;0;0;3;3
2024-02-26T21:15;2024-02-26T21:30;86;kWh;0;1751;0;0;1751;1751
2024-02-26T21:30;2024-02-26T21:45;87;kWh;-46;0;0;0;46;-46
2024-02-26T21:45;2024-02-26T22:00;88;kWh;-9424;0;0;0;9424;-9424
2024-02-26T22:00;2024-02-26T22:15;89;kWh;-44;0;0;0;44;-44
2024-02-26T22:15;2024-02-26T22:30;90;kWh;0;38;0;0;38;38
2024-02-26T22:30;2024-02-26T22:45;91;kWh;-1403;0;0;0;1403;-1403
2024-02-26T22:45;2024-02-26T23:00;92;kWh;-8364;0;0;0;8364;-8364
2024-02-26T23:00;2024-02-26T23:15;93;kWh;-11482;0;0;0;11482;-11482
2024-02-26T23:15;2024-02-26T23:30;94;kWh;-19322;0;0;0;19322;-19322
2024-02-26T23:30;2024-02-26T23:45;95;kWh;-12491;0;0;0;12491;-12491
2024-02-26T23:45;2024-02-27T00:00;96;kWh;-15853;0;0;0;15853;-15853
2024-02-27T00:00;2024-02-27T00:15;1;kWh;-16868;0;0;0;16868;-16868
2024-02-27T00:15;2024-02-27T00:30;2;kWh;-4945;0;0;0;4945;-4945
2024-02-27T00:30;2024-02-27T00:45;3;kWh;-12018;0;0;0;12018;-12018
2024-02-27T00:45;2024-02-27T01:00;4;kWh;-25837;0;0;0;25837;-25837
2024-02-27T01:00;2024-02-27T01:15;5;kWh;-11078;0;0;0;11078;-11078
2024-02-27T01:15;2024-02-27T01:30;6;kWh;-8026;0;0;0;8026;-8026
2024-02-27T01:30;2024-02-27T01:45;7;kWh;-35383;0;0;0;35383;-35383
2024-02-27T01:45;2024-02-27T02:00;8;kWh;-35121;0;0;0;35121;-35121
2024-02-27T02:00;2024-02-27T02:15;9;kWh;-54301;0;0;0;54301;-54301
2024-02-27T02:15;2024-02-27T02:30;10;kWh;-40319;0;0;0;40319;-40319
2024-02-27T02:30;2024-02-27T02:45;11;kWh;-22858;0;0;0;22858;-22858
2024-02-27T02:45;2024-02-27T03:00;12;kWh;-2206;0;0;0;2206;-2206
2024-02-27T03:00;2024-02-27T03:15;13;kWh;-12647;0;0;0;12647;-12647
2024-02-27T03:15;2024-02-27T03:30;14;kWh;-29251;0;0;0;29251;-29251
2024-02-27T03:30;2024-02-27T03:45;15;kWh;-6339;613;0;0;6952;-5726
2024-02-27T03:45;2024-02-27T04:00;16;kWh;0;7386;0;0;7386;7386
2024-02-27T04:00;2024-02-27T04:15;17;kWh;-15188;0;0;0;15188;-15188
2024-02-27T04:15;2024-02-27T04:30;18;kWh;-10046;0;0;0;10046;-10046
2024-02-27T04:30;2024-02-27T04:45;19;kWh;-29043;0;0;0;29043;-29043
2024-02-27T04:45;2024-02-27T05:00;20;kWh;-33703;0;0;0;33703;-33703
2024-02-27T05:00;2024-02-27T05:15;21;kWh;-46466;0;0;0;46466;-46466
2024-02-27T05:15;2024-02-27T05:30;22;kWh;-69077;0;0;0;69077;-69077
2024-02-27T05:30;2024-02-27T05:45;23;kWh;-55249;0;0;0;55249;-55249
2024-02-27T05:45;2024-02-27T06:00;24;kWh;-62786;0;0;0;62786;-62786
2024-02-27T06:00;2024-02-27T06:15;25;kWh;-34436;0;0;0;34436;-34436
2024-02-27T06:15;2024-02-27T06:30;26;kWh;-19580;0;0;0;19580;-19580
2024-02-27T06:30;2024-02-27T06:45;27;kWh;-1324;3975;0;0;5299;2651
2024-02-27T06:45;2024-02-27T07:00;28;kWh;0;13157;0;0;13157;13157
2024-02-27T07:00;2024-02-27T07:15;29;kWh;-25232;1770;0;0;27002;-23462
2024-02-27T07:15;2024-02-27T07:30;30;kWh;-61;2642;0;0;2703;2581
2024-02-27T07:30;2024-02-27T07:45;31;kWh;0;35934;0;0;35934;35934
2024-02-27T07:45;2024-02-27T08:00;32;kWh;0;21739;0;0;21739;21739
2024-02-27T08:00;2024-02-27T08:15;33;kWh;0;16356;0;0;16356;16356
2024-02-27T08:15;2024-02-27T08:30;34;kWh;0;11751;0;0;11751;11751
2024-02-27T08:30;2024-02-27T08:45;35;kWh;0;4655;0;0;4655;4655
2024-02-27T08:45;2024-02-27T09:00;36;kWh;0;49;0;0;49;49
2024-02-27T09:00;2024-02-27T09:15;37;kWh;0;0;0;0;0;0
2024-02-27T09:15;2024-02-27T09:30;38;kWh;0;0;0;0;0;0
2024-02-27T09:30;2024-02-27T09:45;39;kWh;0;0;0;0;0;0
2024-02-27T09:45;2024-02-27T10:00;40;kWh;-10853;0;0;0;10853;-10853
2024-02-27T10:00;2024-02-27T10:15;41;kWh;-6449;10937;0;0;17386;4488
2024-02-27T10:15;2024-02-27T10:30;42;kWh;0;46870;0;0;46870;46870
2024-02-27T10:30;2024-02-27T10:45;43;kWh;0;9567;0;0;9567;9567
2024-02-27T10:45;2024-02-27T11:00;44;kWh;0;30296;0;0;30296;30296
2024-02-27T11:00;2024-02-27T11:15;45;kWh;0;84540;0;0;84540;84540
2024-02-27T11:15;2024-02-27T11:30;46;kWh;0;47484;0;0;47484;47484
2024-02-27T11:30;2024-02-27T11:45;47;kWh;0;21513;0;0;21513;21513
2024-02-27T11:45;2024-02-27T12:00;48;kWh;-1237;31857;0;0;33094;30620
2024-02-27T12:00;2024-02-27T12:15;49;kWh;-5673;0;0;0;5673;-5673
2024-02-27T12:15;2024-02-27T12:30;50;kWh;-4445;0;0;0;4445;-4445
2024-02-27T12:30;2024-02-27T12:45;51;kWh;-7785;0;0;0;7785;-7785
2024-02-27T12:45;2024-02-27T13:00;52;kWh;-3071;0;0;0;3071;-3071
2024-02-27T13:00;2024-02-27T13:15;53;kWh;-3;10535;0;0;10538;10532
2024-02-27T13:15;2024-02-27T13:30;54;kWh;0;2470;0;0;2470;2470
2024-02-27T13:30;2024-02-27T13:45;55;kWh;0;4494;0;0;4494;4494
2024-02-27T13:45;2024-02-27T14:00;56;kWh;0;4262;0;0;4262;4262
2024-02-27T14:00;2024-02-27T14:15;57;kWh;-7350;35;0;0;7385;-7315
2024-02-27T14:15;2024-02-27T14:30;58;kWh;-3939;0;0;0;3939;-3939
2024-02-27T14:30;2024-02-27T14:45;59;kWh;-3264;0;0;0;3264;-3264
2024-02-27T14:45;2024-02-27T15:00;60;kWh;0;0;0;0;0;0
2024-02-27T15:00;2024-02-27T15:15;61;kWh;-4291;0;0;0;4291;-4291
2024-02-27T15:15;2024-02-27T15:30;62;kWh;-4496;0;0;0;4496;-4496
2024-02-27T15:30;2024-02-27T15:45;63;kWh;-315;0;0;0;315;-315
2024-02-27T15:45;2024-02-27T16:00;64;kWh;-14;0;0;0;14;-14
2024-02-27T16:00;2024-02-27T16:15;65;kWh;-49639;0;0;0;49639;-49639
2024-02-27T16:15;2024-02-27T16:30;66;kWh;-1109;314;0;0;1423;-795
2024-02-27T16:30;2024-02-27T16:45;67;kWh;0;14879;0;0;14879;14879
2024-02-27T16:45;2024-02-27T17:00;68;kWh;0;42669;0;0;42669;42669
2024-02-27T17:00;2024-02-27T17:15;69;kWh;0;9962;0;0;9962;9962
2024-02-27T17:15;2024-02-27T17:30;70;kWh;0;49823;0;0;49823;49823
2024-02-27T17:30;2024-02-27T17:45;71;kWh;0;100291;0;33302;133593;133593
2024-02-27T17:45;2024-02-27T18:00;72;kWh;0;98632;0;96283;194915;194915
2024-02-27T18:00;2024-02-27T18:15;73;kWh;0;75764;0;141990;217754;217754
2024-02-27T18:15;2024-02-27T18:30;74;kWh;0;78268;0;156777;235045;235045
2024-02-27T18:30;2024-02-27T18:45;75;kWh;0;45694;0;138562;184256;184256
2024-02-27T18:45;2024-02-27T19:00;76;kWh;0;3077;0;101758;104835;104835
2024-02-27T19:00;2024-02-27T19:15;77;kWh;0;0;0;15416;15416;15416
2024-02-27T19:15;2024-02-27T19:30;78;kWh;0;0;0;0;0;0
2024-02-27T19:30;2024-02-27T19:45;79;kWh;0;0;0;0;0;0
2024-02-27T19:45;2024-02-27T20:00;80;kWh;-9321;0;0;0;9321;-9321
2024-02-27T20:00;2024-02-27T20:15;81;kWh;-1497;1214;0;0;2711;-283
2024-02-27T20:15;2024-02-27T20:30;82;kWh;0;469;0;0;469;469
2024-02-27T20:30;2024-02-27T20:45;83;kWh;-1;645;0;0;646;644
2024-02-27T20:45;2024-02-27T21:00;84;kWh;-358;0;0;0;358;-358
2024-02-27T21:00;2024-02-27T21:15;85;kWh;0;14253;0;0;14253;14253
2024-02-27T21:15;2024-02-27T21:30;86;kWh;0;190;0;0;190;190
2024-02-27T21:30;2024-02-27T21:45;87;kWh;-1030;0;0;0;1030;-1030
2024-02-27T21:45;2024-02-27T22:00;88;kWh;-35485;0;0;0;35485;-35485
2024-02-27T22:00;2024-02-27T22:15;89;kWh;-6991;0;0;0;6991;-6991
2024-02-27T22:15;2024-02-27T22:30;90;kWh;0;0;0;0;0;0
2024-02-27T22:30;2024-02-27T22:45;91;kWh;0;0;0;0;0;0
2024-02-27T22:45;2024-02-27T23:00;92;kWh;-16096;0;0;0;16096;-16096
2024-02-27T23:00;2024-02-27T23:15;93;kWh;-11661;2858;0;0;14519;-8803
2024-02-27T23:15;2024-02-27T23:30;94;kWh;0;1380;0;0;1380;1380
2024-02-27T23:30;2024-02-27T23:45;95;kWh;-184;0;0;0;184;-184
2024-02-27T23:45;2024-02-28T00:00;96;kWh;-9941;0;0;0;9941;-9941
2024-02-28T00:00;2024-02-28T00:15;1;kWh;-12209;0;0;0;12209;-12209
2024-02-28T00:15;2024-02-28T00:30;2;kWh;0;9086;0;0;9086;9086
2024-02-28T00:30;2024-02-28T00:45;3;kWh;0;13722;0;0;13722;13722
2024-02-28T00:45;2024-02-28T01:00;4;kWh;0;17168;0;0;17168;17168
2024-02-28T01:00;2024-02-28T01:15;5;kWh;0;23886;0;0;23886;23886
2024-02-28T01:15;2024-02-28T01:30;6;kWh;0;4835;0;0;4835;4835
2024-02-28T01:30;2024-02-28T01:45;7;kWh;0;1988;0;0;1988;1988
2024-02-28T01:45;2024-02-28T02:00;8;kWh;0;0;0;0;0;0
2024-02-28T02:00;2024-02-28T02:15;9;kWh;0;10811;0;0;10811;10811
2024-02-28T02:15;2024-02-28T02:30;10;kWh;0;6025;0;0;6025;6025
2024-02-28T02:30;2024-02-28T02:45;11;kWh;0;5588;0;0;5588;5588
2024-02-28T02:45;2024-02-28T03:00;12;kWh;0;4114;0;0;4114;4114
2024-02-28T03:00;2024-02-28T03:15;13;kWh;0;0;0;0;0;0
2024-02-28T03:15;2024-02-28T03:30;14;kWh;0;0;0;0;0;0
2024-02-28T03:30;2024-02-28T03:45;15;kWh;0;4999;0;0;4999;4999
2024-02-28T03:45;2024-02-28T04:00;16;kWh;0;1642;0;0;1642;1642
2024-02-28T04:00;2024-02-28T04:15;17;kWh;0;0;0;0;0;0
2024-02-28T04:15;2024-02-28T04:30;18;kWh;0;0;0;0;0;0
2024-02-28T04:30;2024-02-28T04:45;19;kWh;0;4159;0;0;4159;4159
2024-02-28T04:45;2024-02-28T05:00;20;kWh;0;17550;0;0;17550;17550
2024-02-28T05:00;2024-02-28T05:15;21;kWh;0;528;0;0;528;528
2024-02-28T05:15;2024-02-28T05:30;22;kWh;0;0;0;0;0;0
2024-02-28T05:30;2024-02-28T05:45;23;kWh;0;0;0;0;0;0
2024-02-28T05:45;2024-02-28T06:00;24;kWh;0;0;0;0;0;0
2024-02-28T06:00;2024-02-28T06:15;25;kWh;-5060;337;0;0;5397;-4723
2024-02-28T06:15;2024-02-28T06:30;26;kWh;0;2657;0;0;2657;2657
2024-02-28T06:30;2024-02-28T06:45;27;kWh;0;13094;0;0;13094;13094
2024-02-28T06:45;2024-02-28T07:00;28;kWh;0;46570;0;0;46570;46570
2024-02-28T07:00;2024-02-28T07:15;29;kWh;0;21007;0;0;21007;21007
2024-02-28T07:15;2024-02-28T07:30;30;kWh;0;34026;0;0;34026;34026
2024-02-28T07:30;2024-02-28T07:45;31;kWh;0;45983;0;0;45983;45983
2024-02-28T07:45;2024-02-28T08:00;32;kWh;0;44927;0;0;44927;44927
2024-02-28T08:00;2024-02-28T08:15;33;kWh;0;13169;0;0;13169;13169
2024-02-28T08:15;2024-02-28T08:30;34;kWh;0;23442;0;0;23442;23442
2024-02-28T08:30;2024-02-28T08:45;35;kWh;0;32512;0;0;32512;32512
2024-02-28T08:45;2024-02-28T09:00;36;kWh;0;32109;0;0;32109;32109
2024-02-28T09:00;2024-02-28T09:15;37;kWh;0;22345;0;0;22345;22345
2024-02-28T09:15;2024-02-28T09:30;38;kWh;0;0;0;0;0;0
2024-02-28T09:30;2024-02-28T09:45;39;kWh;-523;0;0;0;523;-523
2024-02-28T09:45;2024-02-28T10:00;40;kWh;-21120;0;0;0;21120;-21120
2024-02-28T10:00;2024-02-28T10:15;41;kWh;-19872;0;0;0;19872;-19872
2024-02-28T10:15;2024-02-28T10:30;42;kWh;-27543;0;0;0;27543;-27543
2024-02-28T10:30;2024-02-28T10:45;43;kWh;-38642;0;0;0;38642;-38642
2024-02-28T10:45;2024-02-28T11:00;44;kWh;-36815;0;0;0;36815;-36815
2024-02-28T11:00;2024-02-28T11:15;45;kWh;-19287;0;0;0;19287;-19287
2024-02-28T11:15;2024-02-28T11:30;46;kWh;-8398;0;0;0;8398;-8398
2024-02-28T11:30;2024-02-28T11:45;47;kWh;-5092;0;0;0;5092;-5092
2024-02-28T11:45;2024-02-28T12:00;48;kWh;-569;522;0;0;1091;-47
2024-02-28T12:00;2024-02-28T12:15;49;kWh;0;0;0;0;0;0
2024-02-28T12:15;2024-02-28T12:30;50;kWh;-141;0;0;0;141;-141
2024-02-28T12:30;2024-02-28T12:45;51;kWh;-2298;0;0;0;2298;-2298
2024-02-28T12:45;2024-02-28T13:00;52;kWh;-673;0;0;0;673;-673
2024-02-28T13:00;2024-02-28T13:15;53;kWh;-22;1420;0;0;1442;1398
2024-02-28T13:15;2024-02-28T13:30;54;kWh;0;22390;0;0;22390;22390
2024-02-28T13:30;2024-02-28T13:45;55;kWh;0;49950;0;0;49950;49950
2024-02-28T13:45;2024-02-28T14:00;56;kWh;0;4799;0;0;4799;4799
2024-02-28T14:00;2024-02-28T14:15;57;kWh;0;9659;0;0;9659;9659
2024-02-28T14:15;2024-02-28T14:30;58;kWh;0;46948;0;0;46948;46948
2024-02-28T14:30;2024-02-28T14:45;59;kWh;0;53047;0;0;53047;53047
2024-02-28T14:45;2024-02-28T15:00;60;kWh;0;23862;0;0;23862;23862
2024-02-28T15:00;2024-02-28T15:15;61;kWh;-10171;0;0;0;10171;-10171
2024-02-28T15:15;2024-02-28T15:30;62;kWh;-19735;0;0;0;19735;-19735
2024-02-28T15:30;2024-02-28T15:45;63;kWh;-39663;0;0;0;39663;-39663
2024-02-28T15:45;2024-02-28T16:00;64;kWh;-23736;0;0;0;23736;-23736
2024-02-28T16:00;2024-02-28T16:15;65;kWh;-9391;0;0;0;9391;-9391
2024-02-28T16:15;2024-02-28T16:30;66;kWh;-27473;0;0;0;27473;-27473
2024-02-28T16:30;2024-02-28T16:45;67;kWh;-47311;0;0;0;47311;-47311
2024-02-28T16:45;2024-02-28T17:00;68;kWh;-42630;0;0;0;42630;-42630
2024-02-28T17:00;2024-02-28T17:15;69;kWh;-59458;0;0;0;59458;-59458
2024-02-28T17:15;2024-02-28T17:30;70;kWh;-17512;0;0;0;17512;-17512
2024-02-28T17:30;2024-02-28T17:45;71;kWh;-44137;0;0;0;44137;-44137
2024-02-28T17:45;2024-02-28T18:00;72;kWh;-47968;0;0;0;47968;-47968
2024-02-28T18:00;2024-02-28T18:15;73;kWh;-5624;24;0;0;5648;-5600
2024-02-28T18:15;2024-02-28T18:30;74;kWh;-1381;0;0;0;1381;-1381
2024-02-28T18:30;2024-02-28T18:45;75;kWh;-62;0;0;0;62;-62
2024-02-28T18:45;2024-02-28T19:00;76;kWh;-3223;161;0;0;3384;-3062
2024-02-28T19:00;2024-02-28T19:15;77;kWh;0;13057;0;0;13057;13057
2024-02-28T19:15;2024-02-28T19:30;78;kWh;-183;6875;0;0;7058;6692
2024-02-28T19:30;2024-02-28T19:45;79;kWh;-6566;0;0;0;6566;-6566
2024-02-28T19:45;2024-02-28T20:00;80;kWh;-11110;0;0;0;11110;-11110
2024-02-28T20:00;2024-02-28T20:15;81;kWh;-9554;0;0;0;9554;-9554
2024-02-28T20:15;2024-02-28T20:30;82;kWh;0;8177;0;0;8177;8177
2024-02-28T20:30;2024-02-28T20:45;83;kWh;0;2902;0;0;2902;2902
2024-02-28T20:45;2024-02-28T21:00;84;kWh;0;11563;0;0;11563;11563
2024-02-28T21:00;2024-02-28T21:15;85;kWh;0;44509;0;0;44509;44509
2024-02-28T21:15;2024-02-28T21:30;86;kWh;0;32232;0;0;32232;32232
2024-02-28T21:30;2024-02-28T21:45;87;kWh;0;11397;0;0;11397;11397
2024-02-28T21:45;2024-02-28T22:00;88;kWh;0;19469;0;0;19469;19469
2024-02-28T22:00;2024-02-28T22:15;89;kWh;0;21755;0;0;21755;21755
2024-02-28T22:15;2024-02-28T22:30;90;kWh;0;6015;0;0;6015;6015
2024-02-28T22:30;2024-02-28T22:45;91;kWh;0;0;0;0;0;0
2024-02-28T22:45;2024-02-28T23:00;92;kWh;0;0;0;0;0;0
2024-02-28T23:00;2024-02-28T23:15;93;kWh;-7988;0;0;0;7988;-7988
2024-02-28T23:15;2024-02-28T23:30;94;kWh;-4647;0;0;0;4647;-4647
2024-02-28T23:30;2024-02-28T23:45;95;kWh;-1626;0;0;0;1626;-1626
2024-02-28T23:45;2024-02-29T00:00;96;kWh;-362;1547;0;0;1909;1185
2024-02-29T00:00;2024-02-29T00:15;1;kWh;-3306;1006;0;0;4312;-2300
2024-02-29T00:15;2024-02-29T00:30;2;kWh;0;4163;0;0;4163;4163
2024-02-29T00:30;2024-02-29T00:45;3;kWh;0;0;0;0;0;0
2024-02-29T00:45;2024-02-29T01:00;4;kWh;-1192;0;0;0;1192;-1192
2024-02-29T01:00;2024-02-29T01:15;5;kWh;-476;717;0;0;1193;241
2024-02-29T01:15;2024-02-29T01:30;6;kWh;0;10;0;0;10;10
2024-02-29T01:30;2024-02-29T01:45;7;kWh;0;0;0;0;0;0
2024-02-29T01:45;2024-02-29T02:00;8;kWh;-1433;0;0;0;1433;-1433
2024-02-29T02:00;2024-02-29T02:15;9;kWh;-248;139;0;0;387;-109
2024-02-29T02:15;2024-02-29T02:30;10;kWh;0;2889;0;0;2889;2889
2024-02-29T02:30;2024-02-29T02:45;11;kWh;0;0;0;0;0;0
2024-02-29T02:45;2024-02-29T03:00;12;kWh;-1481;0;0;0;1481;-1481
2024-02-29T03:00;2024-02-29T03:15;13;kWh;-303;0;0;0;303;-303
2024-02-29T03:15;2024-02-29T03:30;14;kWh;0;1730;0;0;1730;1730
2024-02-29T03:30;2024-02-29T03:45;15;kWh;0;2092;0;0;2092;2092
2024-02-29T03:45;2024-02-29T04:00;16;kWh;0;2233;0;0;2233;2233
2024-02-29T04:00;2024-02-29T04:15;17;kWh;0;11939;0;0;11939;11939
2024-02-29T04:15;2024-02-29T04:30;18;kWh;0;7085;0;0;7085;7085
2024-02-29T04:30;2024-02-29T04:45;19;kWh;0;9933;0;0;9933;9933
2024-02-29T04:45;2024-02-29T05:00;20;kWh;0;7334;0;0;7334;7334
2024-02-29T05:00;2024-02-29T05:15;21;kWh;0;799;0;0;799;799
2024-02-29T05:15;2024-02-29T05:30;22;kWh;-2375;0;0;0;2375;-2375
2024-02-29T05:30;2024-02-29T05:45;23;kWh;-5284;0;0;0;5284;-5284
2024-02-29T05:45;2024-02-29T06:00;24;kWh;-865;0;0;0;865;-865
2024-02-29T06:00;2024-02-29T06:15;25;kWh;-11941;133;0;0;12074;-11808
2024-02-29T06:15;2024-02-29T06:30;26;kWh;-3663;351;0;0;4014;-3312
2024-02-29T06:30;2024-02-29T06:45;27;kWh;-2086;0;0;0;2086;-2086
2024-02-29T06:45;2024-02-29T07:00;28;kWh;0;310;0;0;310;310
2024-02-29T07:00;2024-02-29T07:15;29;kWh;0;915;0;0;915;915
2024-02-29T07:15;2024-02-29T07:30;30;kWh;0;0;0;0;0;0
2024-02-29T07:30;2024-02-29T07:45;31;kWh;-1357;0;0;0;1357;-1357
2024-02-29T07:45;2024-02-29T08:00;32;kWh;-14;0;0;0;14;-14
2024-02-29T08:00;2024-02-29T08:15;33;kWh;-4712;0;0;0;4712;-4712
2024-02-29T08:15;2024-02-29T08:30;34;kWh;-5169;492;0;0;5661;-4677
2024-02-29T08:30;2024-02-29T08:45;35;kWh;-907;0;0;0;907;-907
2024-02-29T08:45;2024-02-29T09:00;36;kWh;-2072;0;0;0;2072;-2072
2024-02-29T09:00;2024-02-29T09:15;37;kWh;-1952;0;0;0;1952;-1952
2024-02-29T09:15;2024-02-29T09:30;38;kWh;-1994;0;0;0;1994;-1994
2024-02-29T09:30;2024-02-29T09:45;39;kWh;0;5623;0;0;5623;5623
2024-02-29T09:45;2024-02-29T10:00;40;kWh;0;0;0;0;0;0
2024-02-29T10:00;2024-02-29T10:15;41;kWh;0;2229;0;0;2229;2229
2024-02-29T10:15;2024-02-29T10:30;42;kWh;0;6767;0;0;6767;6767
2024-02-29T10:30;2024-02-29T10:45;43;kWh;-36;0;0;0;36;-36
2024-02-29T10:45;2024-02-29T11:00;44;kWh;-6127;0;0;0;6127;-6127
2024-02-29T11:00;2024-02-29T11:15;45;kWh;-972;0;0;0;972;-972
2024-02-29T11:15;2024-02-29T11:30;46;kWh;-67;0;0;0;67;-67
2024-02-29T11:30;2024-02-29T11:45;47;kWh;0;0;0;0;0;0
2024-02-29T11:45;2024-02-29T12:00;48;kWh;0;1615;0;0;1615;1615
2024-02-29T12:00;2024-02-29T12:15;49;kWh;0;2704;0;0;2704;2704
2024-02-29T12:15;2024-02-29T12:30;50;kWh;-147;4036;0;0;4183;3889
2024-02-29T12:30;2024-02-29T12:45;51;kWh;-3686;0;0;0;3686;-3686
2024-02-29T12:45;2024-02-29T13:00;52;kWh;-16899;0;0;0;16899;-16899
2024-02-29T13:00;2024-02-29T13:15;53;kWh;-24890;2504;0;0;27394;-22386
2024-02-29T13:15;2024-02-29T13:30;54;kWh;-12808;11;0;0;12819;-12797
2024-02-29T13:30;2024-02-29T13:45;55;kWh;-27054;0;0;0;27054;-27054
2024-02-29T13:45;2024-02-29T14:00;56;kWh;-45434;0;0;0;45434;-45434
2024-02-29T14:00;2024-02-29T14:15;57;kWh;-27917;594;0;0;28511;-27323
2024-02-29T14:15;2024-02-29T14:30;58;kWh;0;2040;0;0;2040;2040
2024-02-29T14:30;2024-02-29T14:45;59;kWh;0;3160;0;0;3160;3160
2024-02-29T14:45;2024-02-29T15:00;60;kWh;-94;71;0;0;165;-23
2024-02-29T15:00;2024-02-29T15:15;61;kWh;0;0;0;0;0;0
2024-02-29T15:15;2024-02-29T15:30;62;kWh;0;0;0;0;0;0
2024-02-29T15:30;2024-02-29T15:45;63;kWh;-625;0;0;0;625;-625
2024-02-29T15:45;2024-02-29T16:00;64;kWh;-16;0;0;0;16;-16
2024-02-29T16:00;2024-02-29T16:15;65;kWh;0;0;0;0;0;0
2024-02-29T16:15;2024-02-29T16:30;66;kWh;-629;0;0;0;629;-629
2024-02-29T16:30;2024-02-29T16:45;67;kWh;-4344;0;0;0;4344;-4344
2024-02-29T16:45;2024-02-29T17:00;68;kWh;0;0;0;0;0;0
2024-02-29T17:00;2024-02-29T17:15;69;kWh;-2955;0;0;0;2955;-2955
2024-02-29T17:15;2024-02-29T17:30;70;kWh;-15;484;0;0;499;469
2024-02-29T17:30;2024-02-29T17:45;71;kWh;0;1321;0;0;1321;1321
2024-02-29T17:45;2024-02-29T18:00;72;kWh;0;21828;0;0;21828;21828
2024-02-29T18:00;2024-02-29T18:15;73;kWh;0;72956;0;0;72956;72956
2024-02-29T18:15;2024-02-29T18:30;74;kWh;0;94367;0;17668;112035;112035
2024-02-29T18:30;2024-02-29T18:45;75;kWh;0;59943;0;53050;112993;112993
2024-02-29T18:45;2024-02-29T19:00;76;kWh;0;11615;0;53073;64688;64688
2024-02-29T19:00;2024-02-29T19:15;77;kWh;0;5905;0;0;5905;5905
2024-02-29T19:15;2024-02-29T19:30;78;kWh;0;4640;0;0;4640;4640
2024-02-29T19:30;2024-02-29T19:45;79;kWh;-2492;0;0;0;2492;-2492
2024-02-29T19:45;2024-02-29T20:00;80;kWh;-15707;0;0;0;15707;-15707
2024-02-29T20:00;2024-02-29T20:15;81;kWh;-14695;0;0;0;14695;-14695
2024-02-29T20:15;2024-02-29T20:30;82;kWh;-10775;0;0;0;10775;-10775
2024-02-29T20:30;2024-02-29T20:45;83;kWh;-3783;0;0;0;3783;-3783
2024-02-29T20:45;2024-02-29T21:00;84;kWh;-17541;94;0;0;17635;-17447
2024-02-29T21:00;2024-02-29T21:15;85;kWh;0;0;0;0;0;0
2024-02-29T21:15;2024-02-29T21:30;86;kWh;0;7680;0;0;7680;7680
2024-02-29T21:30;2024-02-29T21:45;87;kWh;0;7407;0;0;7407;7407
2024-02-29T21:45;2024-02-29T22:00;88;kWh;0;0;0;0;0;0
2024-02-29T22:00;2024-02-29T22:15;89;kWh;0;5721;0;0;5721;5721
2024-02-29T22:15;2024-02-29T22:30;90;kWh;0;5313;0;0;5313;5313
2024-02-29T22:30;2024-02-29T22:45;91;kWh;-298;2035;0;0;2333;1737
2024-02-29T22:45;2024-02-29T23:00;92;kWh;-13887;0;0;0;13887;-13887
2024-02-29T23:00;2024-02-29T23:15;93;kWh;-6344;0;0;0;6344;-6344
2024-02-29T23:15;2024-02-29T23:30;94;kWh;0;1730;0;0;1730;1730
2024-02-29T23:30;2024-02-29T23:45;95;kWh;0;13929;0;0;13929;13929
2024-02-29T23:45;2024-03-01T00:00;96;kWh;-5762;12;0;0;5774;-5750
2024-03-01T00:00;2024-03-01T00:15;1;kWh;-6427;0;0;0;6427;-6427
2024-03-01T00:15;2024-03-01T00:30;2;kWh;-24869;0;0;0;24869;-24869
2024-03-01T00:30;2024-03-01T00:45;3;kWh;-29174;0;0;0;29174;-29174
2024-03-01T00:45;2024-03-01T01:00;4;kWh;-22962;0;0;0;22962;-22962
2024-03-01T01:00;2024-03-01T01:15;5;kWh;-17493;0;0;0;17493;-17493
2024-03-01T01:15;2024-03-01T01:30;6;kWh;-15455;0;0;0;15455;-15455
2024-03-01T01:30;2024-03-01T01:45;7;kWh;-22009;0;0;0;22009;-22009
2024-03-01T01:45;2024-03-01T02:00;8;kWh;-243;0;0;0;243;-243
2024-03-01T02:00;2024-03-01T02:15;9;kWh;-186;0;0;0;186;-186
2024-03-01T02:15;2024-03-01T02:30;10;kWh;0;0;0;0;0;0
2024-03-01T02:30;2024-03-01T02:45;11;kWh;-8637;0;0;0;8637;-8637
2024-03-01T02:45;2024-03-01T03:00;12;kWh;-20128;0;0;0;20128;-20128
2024-03-01T03:00;2024-03-01T03:15;13;kWh;-10801;0;0;0;10801;-10801
2024-03-01T03:15;2024-03-01T03:30;14;kWh;0;0;0;0;0;0
2024-03-01T03:30;2024-03-01T03:45;15;kWh;-641;0;0;0;641;-641
2024-03-01T03:45;2024-03-01T04:00;16;kWh;-8270;0;0;0;8270;-8270
2024-03-01T04:00;2024-03-01T04:15;17;kWh;-12685;424;0;0;13109;-12261
2024-03-01T04:15;2024-03-01T04:30;18;kWh;-2921;0;0;0;2921;-2921
2024-03-01T04:30;2024-03-01T04:45;19;kWh;-1790;0;0;0;1790;-1790
2024-03-01T04:45;2024-03-01T05:00;20;kWh;-9033;0;0;0;9033;-9033
2024-03-01T05:00;2024-03-01T05:15;21;kWh;-2934;0;0;0;2934;-2934
2024-03-01T05:15;2024-03-01T05:30;22;kWh;-3344;903;0;0;4247;-2441
2024-03-01T05:30;2024-03-01T05:45;23;kWh;0;20695;0;0;20695;20695
2024-03-01T05:45;2024-03-01T06:00;24;kWh;0;11951;0;0;11951;11951
2024-03-01T06:00;2024-03-01T06:15;25;kWh;0;0;0;0;0;0
2024-03-01T06:15;2024-03-01T06:30;26;kWh;-257;0;0;0;257;-257
2024-03-01T06:30;2024-03-01T06:45;27;kWh;-22364;0;0;0;22364;-22364
2024-03-01T06:45;2024-03-01T07:00;28;kWh;-23702;12;0;0;23714;-23690
2024-03-01T07:00;2024-03-01T07:15;29;kWh;-15511;0;0;0;15511;-15511
2024-03-01T07:15;2024-03-01T07:30;30;kWh;-10434;0;0;0;10434;-10434
2024-03-01T07:30;2024-03-01T07:45;31;kWh;0;26396;0;0;26396;26396
2024-03-01T07:45;2024-03-01T08:00;32;kWh;0;60431;0;0;60431;60431
2024-03-01T08:00;2024-03-01T08:15;33;kWh;0;27215;0;0;27215;27215
2024-03-01T08:15;2024-03-01T08:30;34;kWh;0;17818;0;0;17818;17818
2024-03-01T08:30;2024-03-01T08:45;35;kWh;0;0;0;0;0;0
2024-03-01T08:45;2024-03-01T09:00;36;kWh;-2323;0;0;0;2323;-2323
2024-03-01T09:00;2024-03-01T09:15;37;kWh;-6508;0;0;0;6508;-6508
2024-03-01T09:15;2024-03-01T09:30;38;kWh;-20151;0;0;0;20151;-20151
2024-03-01T09:30;2024-03-01T09:45;39;kWh;-27595;0;0;0;27595;-27595
2024-03-01T09:45;2024-03-01T10:00;40;kWh;-37637;0;0;0;37637;-37637
2024-03-01T10:00;2024-03-01T10:15;41;kWh;0;0;0;0;0;0
2024-03-01T10:15;2024-03-01T10:30;42;kWh;0;1066;0;0;1066;1066
2024-03-01T10:30;2024-03-01T10:45;43;kWh;-2781;1560;0;0;4341;-1221
2024-03-01T10:45;2024-03-01T11:00;44;kWh;-22751;1498;0;0;24249;-21253
2024-03-01T11:00;2024-03-01T11:15;45;kWh;-5399;0;0;0;5399;-5399
2024-03-01T11:15;2024-03-01T11:30;46;kWh;-25687;0;0;0;25687;-25687
2024-03-01T11:30;2024-03-01T11:45;47;kWh;-32032;0;0;0;32032;-32032
2024-03-01T11:45;2024-03-01T12:00;48;kWh;-72522;0;0;0;72522;-72522
2024-03-01T12:00;2024-03-01T12:15;49;kWh;-91034;0;0;0;91034;-91034
2024-03-01T12:15;2024-03-01T12:30;50;kWh;-145502;0;0;0;145502;-145502
2024-03-01T12:30;2024-03-01T12:45;51;kWh;-112648;0;0;0;112648;-112648
2024-03-01T12:45;2024-03-01T13:00;52;kWh;-55025;0;0;0;55025;-55025
2024-03-01T13:00;2024-03-01T13:15;53;kWh;-25113;40;0;0;25153;-25073
2024-03-01T13:15;2024-03-01T13:30;54;kWh;-17;11490;0;0;11507;11473
2024-03-01T13:30;2024-03-01T13:45;55;kWh;0;46212;0;0;46212;46212
2024-03-01T13:45;2024-03-01T14:00;56;kWh;0;57893;0;0;57893;57893
2024-03-01T14:00;2024-03-01T14:15;57;kWh;-453;13276;0;0;13729;12823
2024-03-01T14:15;2024-03-01T14:30;58;kWh;0;12078;0;0;12078;12078
2024-03-01T14:30;2024-03-01T14:45;59;kWh;0;8534;0;0;8534;8534
2024-03-01T14:45;2024-03-01T15:00;60;kWh;-11938;0;0;0;11938;-11938
2024-03-01T15:00;2024-03-01T15:15;61;kWh;-15292;896;0;0;16188;-14396
2024-03-01T15:15;2024-03-01T15:30;62;kWh;-690;0;0;0;690;-690
2024-03-01T15:30;2024-03-01T15:45;63;kWh;-7319;0;0;0;7319;-7319
2024-03-01T15:45;2024-03-01T16:00;64;kWh;-5631;0;0;0;5631;-5631
2024-03-01T16:00;2024-03-01T16:15;65;kWh;-45787;0;0;0;45787;-45787
2024-03-01T16:15;2024-03-01T16:30;66;kWh;-11593;0;0;0;11593;-11593
2024-03-01T16:30;2024-03-01T16:45;67;kWh;-20640;0;0;0;20640;-20640
2024-03-01T16:45;2024-03-01T17:00;68;kWh;-8555;0;0;0;8555;-8555
2024-03-01T17:00;2024-03-01T17:15;69;kWh;-5687;0;0;0;5687;-5687
2024-03-01T17:15;2024-03-01T17:30;70;kWh;0;5821;0;0;5821;5821
2024-03-01T17:30;2024-03-01T17:45;71;kWh;0;29498;0;0;29498;29498
2024-03-01T17:45;2024-03-01T18:00;72;kWh;0;78211;0;0;78211;78211
2024-03-01T18:00;2024-03-01T18:15;73;kWh;0;40696;0;0;40696;40696
2024-03-01T18:15;2024-03-01T18:30;74;kWh;0;52024;0;0;52024;52024
2024-03-01T18:30;2024-03-01T18:45;75;kWh;0;38365;0;0;38365;38365
2024-03-01T18:45;2024-03-01T19:00;76;kWh;0;30645;0;0;30645;30645
2024-03-01T19:00;2024-03-01T19:15;77;kWh;0;2560;0;0;2560;2560
2024-03-01T19:15;2024-03-01T19:30;78;kWh;0;0;0;0;0;0
2024-03-01T19:30;2024-03-01T19:45;79;kWh;0;0;0;0;0;0
2024-03-01T19:45;2024-03-01T20:00;80;kWh;-1;0;0;0;1;-1
2024-03-01T20:00;2024-03-01T20:15;81;kWh;-84;0;0;0;84;-84
2024-03-01T20:15;2024-03-01T20:30;82;kWh;-40;0;0;0;40;-40
2024-03-01T20:30;2024-03-01T20:45;83;kWh;0;778;0;0;778;778
2024-03-01T20:45;2024-03-01T21:00;84;kWh;-9214;0;0;0;9214;-9214
2024-03-01T21:00;2024-03-01T21:15;85;kWh;-2091;9013;0;0;11104;6922
2024-03-01T21:15;2024-03-01T21:30;86;kWh;-185;19094;0;0;19279;18909
2024-03-01T21:30;2024-03-01T21:45;87;kWh;-17023;0;0;0;17023;-17023
2024-03-01T21:45;2024-03-01T22:00;88;kWh;-75254;0;0;0;75254;-75254
2024-03-01T22:00;2024-03-01T22:15;89;kWh;-21372;0;0;0;21372;-21372
2024-03-01T22:15;2024-03-01T22:30;90;kWh;-9705;0;0;0;9705;-9705
2024-03-01T22:30;2024-03-01T22:45;91;kWh;-43111;0;0;0;43111;-43111
2024-03-01T22:45;2024-03-01T23:00;92;kWh;-34240;0;0;0;34240;-34240
2024-03-01T23:00;2024-03-01T23:15;93;kWh;-13784;685;0;0;14469;-13099
2024-03-01T23:15;2024-03-01T23:30;94;kWh;-2552;0;0;0;2552;-2552
2024-03-01T23:30;2024-03-01T23:45;95;kWh;-1144;145;0;0;1289;-999
2024-03-01T23:45;2024-03-02T00:00;96;kWh;-3738;0;0;0;3738;-3738
2024-03-02T00:00;2024-03-02T00:15;1;kWh;-6897;291;0;0;7188;-6606
2024-03-02T00:15;2024-03-02T00:30;2;kWh;0;0;0;0;0;0
2024-03-02T00:30;2024-03-02T00:45;3;kWh;-207;0;0;0;207;-207
2024-03-02T00:45;2024-03-02T01:00;4;kWh;-6045;0;0;0;6045;-6045
2024-03-02T01:00;2024-03-02T01:15;5;kWh;-1643;821;0;0;2464;-822
2024-03-02T01:15;2024-03-02T01:30;6;kWh;0;3929;0;0;3929;3929
2024-03-02T01:30;2024-03-02T01:45;7;kWh;0;6037;0;0;6037;6037
2024-03-02T01:45;2024-03-02T02:00;8;kWh;0;5507;0;0;5507;5507
2024-03-02T02:00;2024-03-02T02:15;9;kWh;0;27919;0;0;27919;27919
2024-03-02T02:15;2024-03-02T02:30;10;kWh;0;19403;0;0;19403;19403
2024-03-02T02:30;2024-03-02T02:45;11;kWh;0;16202;0;0;16202;16202
2024-03-02T02:45;2024-03-02T03:00;12;kWh;0;48460;0;0;48460;48460
2024-03-02T03:00;2024-03-02T03:15;13;kWh;-147;4799;0;0;4946;4652
2024-03-02T03:15;2024-03-02T03:30;14;kWh;-871;0;0;0;871;-871
2024-03-02T03:30;2024-03-02T03:45;15;kWh;-4886;0;0;0;4886;-4886
2024-03-02T03:45;2024-03-02T04:00;16;kWh;-193;0;0;0;193;-193
2024-03-02T04:00;2024-03-02T04:15;17;kWh;-8572;0;0;0;8572;-8572
2024-03-02T04:15;2024-03-02T04:30;18;kWh;-27427;0;0;0;27427;-27427
2024-03-02T04:30;2024-03-02T04:45;19;kWh;-13135;0;0;0;13135;-13135
2024-03-02T04:45;2024-03-02T05:00;20;kWh;-5264;0;0;0;5264;-5264
2024-03-02T05:00;2024-03-02T05:15;21;kWh;-10175;0;0;0;10175;-10175
2024-03-02T05:15;2024-03-02T05:30;22;kWh;-2116;0;0;0;2116;-2116
2024-03-02T05:30;2024-03-02T05:45;23;kWh;-4182;0;0;0;4182;-4182
2024-03-02T05:45;2024-03-02T06:00;24;kWh;-13215;0;0;0;13215;-13215
2024-03-02T06:00;2024-03-02T06:15;25;kWh;-16669;0;0;0;16669;-16669
2024-03-02T06:15;2024-03-02T06:30;26;kWh;-6441;0;0;0;6441;-6441
2024-03-02T06:30;2024-03-02T06:45;27;kWh;-6835;0;0;0;6835;-6835
2024-03-02T06:45;2024-03-02T07:00;28;kWh;-8725;0;0;0;8725;-8725
2024-03-02T07:00;2024-03-02T07:15;29;kWh;-413;31;0;0;444;-382
2024-03-02T07:15;2024-03-02T07:30;30;kWh;0;319;0;0;319;319
2024-03-02T07:30;2024-03-02T07:45;31;kWh;0;351;0;0;351;351
2024-03-02T07:45;2024-03-02T08:00;32;kWh;0;9752;0;0;9752;9752
2024-03-02T08:00;2024-03-02T08:15;33;kWh;0;1935;0;0;1935;1935
2024-03-02T08:15;2024-03-02T08:30;34;kWh;-580;75;0;0;655;-505
2024-03-02T08:30;2024-03-02T08:45;35;kWh;-6379;0;0;0;6379;-6379
2024-03-02T08:45;2024-03-02T09:00;36;kWh;-18518;0;0;0;18518;-18518
2024-03-02T09:00;2024-03-02T09:15;37;kWh;-19576;0;0;0;19576;-19576
2024-03-02T09:15;2024-03-02T09:30;38;kWh;-22171;0;0;0;22171;-22171
2024-03-02T09:30;2024-03-02T09:45;39;kWh;-34129;478;0;0;34607;-33651
2024-03-02T09:45;2024-03-02T10:00;40;kWh;-28613;0;0;0;28613;-28613
2024-03-02T10:00;2024-03-02T10:15;41;kWh;-12817;0;0;0;12817;-12817
2024-03-02T10:15;2024-03-02T10:30;42;kWh;-21671;0;0;0;21671;-21671
2024-03-02T10:30;2024-03-02T10:45;43;kWh;-25426;0;0;0;25426;-25426
2024-03-02T10:45;2024-03-02T11:00;44;kWh;-71870;0;0;0;71870;-71870
2024-03-02T11:00;2024-03-02T11:15;45;kWh;-71810;0;0;0;71810;-71810
2024-03-02T11:15;2024-03-02T11:30;46;kWh;-92691;0;0;0;92691;-92691
2024-03-02T11:30;2024-03-02T11:45;47;kWh;-109197;0;0;0;109197;-109197
2024-03-02T11:45;2024-03-02T12:00;48;kWh;-62202;0;0;0;62202;-62202
2024-03-02T12:00;2024-03-02T12:15;49;kWh;-31751;0;0;0;31751;-31751
2024-03-02T12:15;2024-03-02T12:30;50;kWh;-23855;0;0;0;23855;-23855
2024-03-02T12:30;2024-03-02T12:45;51;kWh;-20989;0;0;0;20989;-20989
2024-03-02T12:45;2024-03-02T13:00;52;kWh;-23712;0;0;0;23712;-23712
2024-03-02T13:00;2024-03-02T13:15;53;kWh;-29532;23;0;0;29555;-29509
2024-03-02T13:15;2024-03-02T13:30;54;kWh;-16126;440;0;0;16566;-15686
2024-03-02T13:30;2024-03-02T13:45;55;kWh;-19666;25;0;0;19691;-19641
2024-03-02T13:45;2024-03-02T14:00;56;kWh;-18506;23;0;0;18529;-18483
2024-03-02T14:00;2024-03-02T14:15;57;kWh;-25648;132;0;0;25780;-25516
2024-03-02T14:15;2024-03-02T14:30;58;kWh;-30256;31;0;0;30287;-30225
2024-03-02T14:30;2024-03-02T14:45;59;kWh;-18593;664;0;0;19257;-17929
2024-03-02T14:45;2024-03-02T15:00;60;kWh;-28559;0;0;0;28559;-28559
2024-03-02T15:00;2024-03-02T15:15;61;kWh;-12446;12;0;0;12458;-12434
2024-03-02T15:15;2024-03-02T15:30;62;kWh;-16039;4;0;0;16043;-16035
2024-03-02T15:30;2024-03-02T15:45;63;kWh;-235;36;0;0;271;-199
2024-03-02T15:45;2024-03-02T16:00;64;kWh;0;2243;0;0;2243;2243
2024-03-02T16:00;2024-03-02T16:15;65;kWh;-13705;478;0;0;14183;-13227
2024-03-02T16:15;2024-03-02T16:30;66;kWh;-12049;0;0;0;12049;-12049
2024-03-02T16:30;2024-03-02T16:45;67;kWh;-3618;0;0;0;3618;-3618
2024-03-02T16:45;2024-03-02T17:00;68;kWh;-1267;0;0;0;1267;-1267
2024-03-02T17:00;2024-03-02T17:15;69;kWh;-89328;0;0;0;89328;-89328
2024-03-02T17:15;2024-03-02T17:30;70;kWh;-53870;0;0;0;53870;-53870
2024-03-02T17:30;2024-03-02T17:45;71;kWh;-28486;129;0;0;28615;-28357
2024-03-02T17:45;2024-03-02T18:00;72;kWh;-52;3756;0;0;3808;3704
2024-03-02T18:00;2024-03-02T18:15;73;kWh;-25647;0;0;0;25647;-25647
2024-03-02T18:15;2024-03-02T18:30;74;kWh;-3;1442;0;0;1445;1439
2024-03-02T18:30;2024-03-02T18:45;75;kWh;-2139;0;0;0;2139;-2139
2024-03-02T18:45;2024-03-02T19:00;76;kWh;-21567;0;0;0;21567;-21567
2024-03-02T19:00;2024-03-02T19:15;77;kWh;-33238;0;0;0;33238;-33238
2024-03-02T19:15;2024-03-02T19:30;78;kWh;-40177;0;0;0;40177;-40177
2024-03-02T19:30;2024-03-02T19:45;79;kWh;-18518;0;0;0;18518;-18518
2024-03-02T19:45;2024-03-02T20:00;80;kWh;-47106;0;0;0;47106;-47106
2024-03-02T20:00;2024-03-02T20:15;81;kWh;-72732;0;0;0;72732;-72732
2024-03-02T20:15;2024-03-02T20:30;82;kWh;-18957;0;0;0;18957;-18957
2024-03-02T20:30;2024-03-02T20:45;83;kWh;-36072;0;0;0;36072;-36072
2024-03-02T20:45;2024-03-02T21:00;84;kWh;-35029;0;0;0;35029;-35029
2024-03-02T21:00;2024-03-02T21:15;85;kWh;-14463;165;0;0;14628;-14298
2024-03-02T21:15;2024-03-02T21:30;86;kWh;-1808;0;0;0;1808;-1808
2024-03-02T21:30;2024-03-02T21:45;87;kWh;-6103;0;0;0;6103;-6103
2024-03-02T21:45;2024-03-02T22:00;88;kWh;0;0;0;0;0;0
2024-03-02T22:00;2024-03-02T22:15;89;kWh;-51;22857;0;0;22908;22806
2024-03-02T22:15;2024-03-02T22:30;90;kWh;-15939;119;0;0;16058;-15820
2024-03-02T22:30;2024-03-02T22:45;91;kWh;-16581;0;0;0;16581;-16581
2024-03-02T22:45;2024-03-02T23:00;92;kWh;-21434;0;0;0;21434;-21434
2024-03-02T23:00;2024-03-02T23:15;93;kWh;-27603;856;0;0;28459;-26747
2024-03-02T23:15;2024-03-02T23:30;94;kWh;-8344;0;0;0;8344;-8344
2024-03-02T23:30;2024-03-02T23:45;95;kWh;0;616;0;0;616;616
2024-03-02T23:45;2024-03-03T00:00;96;kWh;-46;0;0;0;46;-46
2024-03-03T00:00;2024-03-03T00:15;1;kWh;-11838;0;0;0;11838;-11838
2024-03-03T00:15;2024-03-03T00:30;2;kWh;0;2720;0;0;2720;2720
2024-03-03T00:30;2024-03-03T00:45;3;kWh;0;17721;0;0;17721;17721
2024-03-03T00:45;2024-03-03T01:00;4;kWh;0;7736;0;0;7736;7736
2024-03-03T01:00;2024-03-03T01:15;5;kWh;-28158;290;0;0;28448;-27868
2024-03-03T01:15;2024-03-03T01:30;6;kWh;-19464;257;0;0;19721;-19207
2024-03-03T01:30;2024-03-03T01:45;7;kWh;-30696;0;0;0;30696;-30696
2024-03-03T01:45;2024-03-03T02:00;8;kWh;-28867;0;0;0;28867;-28867
2024-03-03T02:00;2024-03-03T02:15;9;kWh;-40277;19;0;0;40296;-40258
2024-03-03T02:15;2024-03-03T02:30;10;kWh;-26939;326;0;0;27265;-26613
2024-03-03T02:30;2024-03-03T02:45;11;kWh;-2130;3599;0;0;5729;1469
2024-03-03T02:45;2024-03-03T03:00;12;kWh;0;29530;0;0;29530;29530
2024-03-03T03:00;2024-03-03T03:15;13;kWh;-799;1989;0;0;2788;1190
2024-03-03T03:15;2024-03-03T03:30;14;kWh;0;15364;0;0;15364;15364
2024-03-03T03:30;2024-03-03T03:45;15;kWh;0;32329;0;0;32329;32329
2024-03-03T03:45;2024-03-03T04:00;16;kWh;0;20620;0;0;20620;20620
2024-03-03T04:00;2024-03-03T04:15;17;kWh;-1578;384;0;0;1962;-1194
2024-03-03T04:15;2024-03-03T04:30;18;kWh;-16932;0;0;0;16932;-16932
2024-03-03T04:30;2024-03-03T04:45;19;kWh;-7569;0;0;0;7569;-7569
2024-03-03T04:45;2024-03-03T05:00;20;kWh;-1649;0;0;0;1649;-1649
2024-03-03T05:00;2024-03-03T05:15;21;kWh;-5641;0;0;0;5641;-5641
2024-03-03T05:15;2024-03-03T05:30;22;kWh;-30727;0;0;0;30727;-30727
2024-03-03T05:30;2024-03-03T05:45;23;kWh;-31750;0;0;0;31750;-31750
2024-03-03T05:45;2024-03-03T06:00;24;kWh;-13143;0;0;0;13143;-13143
2024-03-03T06:00;2024-03-03T06:15;25;kWh;-3501;3564;0;0;7065;63
2024-03-03T06:15;2024-03-03T06:30;26;kWh;0;9100;0;0;9100;9100
2024-03-03T06:30;2024-03-03T06:45;27;kWh;0;1046;0;0;1046;1046
2024-03-03T06:45;2024-03-03T07:00;28;kWh;0;7607;0;0;7607;7607
2024-03-03T07:00;2024-03-03T07:15;29;kWh;-2505;400;0;0;2905;-2105
2024-03-03T07:15;2024-03-03T07:30;30;kWh;-17544;0;0;0;17544;-17544
2024-03-03T07:30;2024-03-03T07:45;31;kWh;-25258;0;0;0;25258;-25258
2024-03-03T07:45;2024-03-03T08:00;32;kWh;-6834;0;0;0;6834;-6834
2024-03-03T08:00;2024-03-03T08:15;33;kWh;-6557;0;0;0;6557;-6557
2024-03-03T08:15;2024-03-03T08:30;34;kWh;-35;81;0;0;116;46
2024-03-03T08:30;2024-03-03T08:45;35;kWh;0;3346;0;0;3346;3346
2024-03-03T08:45;2024-03-03T09:00;36;kWh;0;9544;0;0;9544;9544
2024-03-03T09:00;2024-03-03T09:15;37;kWh;0;45776;0;0;45776;45776
2024-03-03T09:15;2024-03-03T09:30;38;kWh;0;37639;0;0;37639;37639
2024-03-03T09:30;2024-03-03T09:45;39;kWh;0;11065;0;0;11065;11065
2024-03-03T09:45;2024-03-03T10:00;40;kWh;-310;224;0;0;534;-86
2024-03-03T10:00;2024-03-03T10:15;41;kWh;-29659;0;0;0;29659;-29659
2024-03-03T10:15;2024-03-03T10:30;42;kWh;-15743;0;0;0;15743;-15743
2024-03-03T10:30;2024-03-03T10:45;43;kWh;-18749;0;0;0;18749;-18749
2024-03-03T10:45;2024-03-03T11:00;44;kWh;-7132;0;0;0;7132;-7132
2024-03-03T11:00;2024-03-03T11:15;45;kWh;-559;19442;0;0;20001;18883
2024-03-03T11:15;2024-03-03T11:30;46;kWh;0;54553;0;0;54553;54553
2024-03-03T11:30;2024-03-03T11:45;47;kWh;-32;50887;0;0;50919;50855
2024-03-03T11:45;2024-03-03T12:00;48;kWh;-56;0;0;0;56;-56
2024-03-03T12:00;2024-03-03T12:15;49;kWh;-30251;0;0;0;30251;-30251
2024-03-03T12:15;2024-03-03T12:30;50;kWh;-36083;0;0;0;36083;-36083
2024-03-03T12:30;2024-03-03T12:45;51;kWh;-52577;0;0;0;52577;-52577
2024-03-03T12:45;2024-03-03T13:00;52;kWh;-48125;0;0;0;48125;-48125
2024-03-03T13:00;2024-03-03T13:15;53;kWh;-38698;12;0;0;38710;-38686
2024-03-03T13:15;2024-03-03T13:30;54;kWh;-53036;98;0;0;53134;-52938
2024-03-03T13:30;2024-03-03T13:45;55;kWh;-31142;0;0;0;31142;-31142
2024-03-03T13:45;2024-03-03T14:00;56;kWh;-28432;0;0;0;28432;-28432
2024-03-03T14:00;2024-03-03T14:15;57;kWh;-39500;0;0;0;39500;-39500
2024-03-03T14:15;2024-03-03T14:30;58;kWh;-46835;0;0;0;46835;-46835
2024-03-03T14:30;2024-03-03T14:45;59;kWh;-35718;449;0;0;36167;-35269
2024-03-03T14:45;2024-03-03T15:00;60;kWh;-30588;2;0;0;30590;-30586
2024-03-03T15:00;2024-03-03T15:15;61;kWh;-41341;0;0;0;41341;-41341
2024-03-03T15:15;2024-03-03T15:30;62;kWh;-21349;0;0;0;21349;-21349
2024-03-03T15:30;2024-03-03T15:45;63;kWh;-877;0;0;0;877;-877
2024-03-03T15:45;2024-03-03T16:00;64;kWh;0;1264;0;0;1264;1264
2024-03-03T16:00;2024-03-03T16:15;65;kWh;0;0;0;0;0;0
2024-03-03T16:15;2024-03-03T16:30;66;kWh;-983;819;0;0;1802;-164
2024-03-03T16:30;2024-03-03T16:45;67;kWh;0;9927;0;0;9927;9927
2024-03-03T16:45;2024-03-03T17:00;68;kWh;0;6407;0;0;6407;6407
2024-03-03T17:00;2024-03-03T17:15;69;kWh;-27989;7339;0;0;35328;-20650
2024-03-03T17:15;2024-03-03T17:30;70;kWh;-49232;8648;0;0;57880;-40584
2024-03-03T17:30;2024-03-03T17:45;71;kWh;-41974;710;0;0;42684;-41264
2024-03-03T17:45;2024-03-03T18:00;72;kWh;-28795;653;0;0;29448;-28142
2024-03-03T18:00;2024-03-03T18:15;73;kWh;-49066;0;0;0;49066;-49066
2024-03-03T18:15;2024-03-03T18:30;74;kWh;-9209;0;0;0;9209;-9209
2024-03-03T18:30;2024-03-03T18:45;75;kWh;-2;4887;0;0;4889;4885
2024-03-03T18:45;2024-03-03T19:00;76;kWh;0;8766;0;0;8766;8766
2024-03-03T19:00;2024-03-03T19:15;77;kWh;0;41171;0;0;41171;41171
2024-03-03T19:15;2024-03-03T19:30;78;kWh;0;19430;0;0;19430;19430
2024-03-03T19:30;2024-03-03T19:45;79;kWh;0;2753;0;0;2753;2753
2024-03-03T19:45;2024-03-03T20:00;80;kWh;0;36;0;0;36;36
2024-03-03T20:00;2024-03-03T20:15;81;kWh;0;0;0;0;0;0
2024-03-03T20:15;2024-03-03T20:30;82;kWh;0;0;0;0;0;0
2024-03-03T20:30;2024-03-03T20:45;83;kWh;0;0;0;0;0;0
2024-03-03T20:45;2024-03-03T21:00;84;kWh;0;0;0;0;0;0
2024-03-03T21:00;2024-03-03T21:15;85;kWh;-31;0;0;0;31;-31
2024-03-03T21:15;2024-03-03T21:30;86;kWh;-2750;0;0;0;2750;-2750
2024-03-03T21:30;2024-03-03T21:45;87;kWh;-4648;0;0;0;4648;-4648
2024-03-03T21:45;2024-03-03T22:00;88;kWh;-28429;0;0;0;28429;-28429
2024-03-03T22:00;2024-03-03T22:15;89;kWh;-14918;0;0;0;14918;-14918
2024-03-03T22:15;2024-03-03T22:30;90;kWh;-2381;0;0;0;2381;-2381
2024-03-03T22:30;2024-03-03T22:45;91;kWh;-7825;0;0;0;7825;-7825
2024-03-03T22:45;2024-03-03T23:00;92;kWh;-33931;0;0;0;33931;-33931
2024-03-03T23:00;2024-03-03T23:15;93;kWh;-15297;0;0;0;15297;-15297
2024-03-03T23:15;2024-03-03T23:30;94;kWh;-3430;0;0;0;3430;-3430
2024-03-03T23:30;2024-03-03T23:45;95;kWh;-788;0;0;0;788;-788
2024-03-03T23:45;2024-03-04T00:00;96;kWh;-10621;0;0;0;10621;-10621
2024-03-04T00:00;2024-03-04T00:15;1;kWh;-9400;0;0;0;9400;-9400
2024-03-04T00:15;2024-03-04T00:30;2;kWh;-13396;0;0;0;13396;-13396
2024-03-04T00:30;2024-03-04T00:45;3;kWh;-12775;0;0;0;12775;-12775
2024-03-04T00:45;2024-03-04T01:00;4;kWh;-29547;0;0;0;29547;-29547
2024-03-04T01:00;2024-03-04T01:15;5;kWh;-48590;0;0;0;48590;-48590
2024-03-04T01:15;2024-03-04T01:30;6;kWh;-56313;0;0;0;56313;-56313
2024-03-04T01:30;2024-03-04T01:45;7;kWh;-79312;0;0;0;79312;-79312
2024-03-04T01:45;2024-03-04T02:00;8;kWh;-116313;0;0;0;116313;-116313
2024-03-04T02:00;2024-03-04T02:15;9;kWh;-38696;0;0;0;38696;-38696
2024-03-04T02:15;2024-03-04T02:30;10;kWh;-26892;0;0;0;26892;-26892
2024-03-04T02:30;2024-03-04T02:45;11;kWh;-6470;0;0;0;6470;-6470
2024-03-04T02:45;2024-03-04T03:00;12;kWh;0;507;0;0;507;507
2024-03-04T03:00;2024-03-04T03:15;13;kWh;0;8722;0;0;8722;8722
2024-03-04T03:15;2024-03-04T03:30;14;kWh;0;41290;0;0;41290;41290
2024-03-04T03:30;2024-03-04T03:45;15;kWh;0;20758;0;0;20758;20758
2024-03-04T03:45;2024-03-04T04:00;16;kWh;0;16248;0;0;16248;16248
2024-03-04T04:00;2024-03-04T04:15;17;kWh;0;2502;0;0;2502;2502
2024-03-04T04:15;2024-03-04T04:30;18;kWh;0;0;0;0;0;0
2024-03-04T04:30;2024-03-04T04:45;19;kWh;0;0;0;0;0;0
2024-03-04T04:45;2024-03-04T05:00;20;kWh;0;0;0;0;0;0
2024-03-04T05:00;2024-03-04T05:15;21;kWh;0;0;0;0;0;0
2024-03-04T05:15;2024-03-04T05:30;22;kWh;0;0;0;0;0;0
2024-03-04T05:30;2024-03-04T05:45;23;kWh;0;0;0;0;0;0
2024-03-04T05:45;2024-03-04T06:00;24;kWh;-2077;0;0;0;2077;-2077
2024-03-04T06:00;2024-03-04T06:15;25;kWh;-78;2578;0;0;2656;2500
2024-03-04T06:15;2024-03-04T06:30;26;kWh;0;6395;0;0;6395;6395
2024-03-04T06:30;2024-03-04T06:45;27;kWh;0;8635;0;0;8635;8635
2024-03-04T06:45;2024-03-04T07:00;28;kWh;0;22635;0;0;22635;22635
2024-03-04T07:00;2024-03-04T07:15;29;kWh;-283;5020;0;0;5303;4737
2024-03-04T07:15;2024-03-04T07:30;30;kWh;0;1038;0;0;1038;1038
2024-03-04T07:30;2024-03-04T07:45;31;kWh;0;10209;0;0;10209;10209
2024-03-04T07:45;2024-03-04T08:00;32;kWh;0;35409;0;0;35409;35409
2024-03-04T08:00;2024-03-04T08:15;33;kWh;-315;6003;0;0;6318;5688
2024-03-04T08:15;2024-03-04T08:30;34;kWh;0;0;0;0;0;0
2024-03-04T08:30;2024-03-04T08:45;35;kWh;-919;0;0;0;919;-919
2024-03-04T08:45;2024-03-04T09:00;36;kWh;-4402;0;0;0;4402;-4402
2024-03-04T09:00;2024-03-04T09:15;37;kWh;-14017;0;0;0;14017;-14017
2024-03-04T09:15;2024-03-04T09:30;38;kWh;-483;0;0;0;483;-483
2024-03-04T09:30;2024-03-04T09:45;39;kWh;-4928;0;0;0;4928;-4928
2024-03-04T09:45;2024-03-04T10:00;40;kWh;-35335;0;0;0;35335;-35335
2024-03-04T10:00;2024-03-04T10:15;41;kWh;-1739;41174;0;0;42913;39435
2024-03-04T10:15;2024-03-04T10:30;42;kWh;0;79446;0;0;79446;79446
2024-03-04T10:30;2024-03-04T10:45;43;kWh;0;49763;0;0;49763;49763
2024-03-04T10:45;2024-03-04T11:00;44;kWh;0;17397;0;0;17397;17397
2024-03-04T11:00;2024-03-04T11:15;45;kWh;-301;28350;0;0;28651;28049
2024-03-04T11:15;2024-03-04T11:30;46;kWh;-3847;0;0;0;3847;-3847
2024-03-04T11:30;2024-03-04T11:45;47;kWh;-45226;0;0;0;45226;-45226
2024-03-04T11:45;2024-03-04T12:00;48;kWh;-50980;0;0;0;50980;-50980
2024-03-04T12:00;2024-03-04T12:15;49;kWh;-21227;0;0;0;21227;-21227
2024-03-04T12:15;2024-03-04T12:30;50;kWh;-1;13911;0;0;13912;13910
2024-03-04T12:30;2024-03-04T12:45;51;kWh;-6508;61;0;0;6569;-6447
2024-03-04T12:45;2024-03-04T13:00;52;kWh;-33497;0;0;0;33497;-33497
2024-03-04T13:00;2024-03-04T13:15;53;kWh;-16090;142;0;0;16232;-15948
2024-03-04T13:15;2024-03-04T13:30;54;kWh;-9629;0;0;0;9629;-9629
2024-03-04T13:30;2024-03-04T13:45;55;kWh;-36235;0;0;0;36235;-36235
2024-03-04T13:45;2024-03-04T14:00;56;kWh;-33838;0;0;0;33838;-33838
2024-03-04T14:00;2024-03-04T14:15;57;kWh;-93178;0;0;0;93178;-93178
2024-03-04T14:15;2024-03-04T14:30;58;kWh;-85923;0;0;0;85923;-85923
2024-03-04T14:30;2024-03-04T14:45;59;kWh;-44039;0;0;0;44039;-44039
2024-03-04T14:45;2024-03-04T15:00;60;kWh;-36409;0;0;0;36409;-36409
2024-03-04T15:00;2024-03-04T15:15;61;kWh;-54543;0;0;0;54543;-54543
2024-03-04T15:15;2024-03-04T15:30;62;kWh;-52910;0;0;0;52910;-52910
2024-03-04T15:30;2024-03-04T15:45;63;kWh;-38317;0;0;0;38317;-38317
2024-03-04T15:45;2024-03-04T16:00;64;kWh;-4907;0;0;0;4907;-4907
2024-03-04T16:00;2024-03-04T16:15;65;kWh;-41487;0;0;0;41487;-41487
2024-03-04T16:15;2024-03-04T16:30;66;kWh;-2251;0;0;0;2251;-2251
2024-03-04T16:30;2024-03-04T16:45;67;kWh;-11675;0;0;0;11675;-11675
2024-03-04T16:45;2024-03-04T17:00;68;kWh;-6060;0;0;0;6060;-6060
2024-03-04T17:00;2024-03-04T17:15;69;kWh;-6888;0;0;0;6888;-6888
2024-03-04T17:15;2024-03-04T17:30;70;kWh;-28563;12;0;0;28575;-28551
2024-03-04T17:30;2024-03-04T17:45;71;kWh;-1640;298;0;0;1938;-1342
2024-03-04T17:45;2024-03-04T18:00;72;kWh;0;38324;0;0;38324;38324
2024-03-04T18:00;2024-03-04T18:15;73;kWh;-65962;7276;0;0;73238;-58686
2024-03-04T18:15;2024-03-04T18:30;74;kWh;-45867;534;0;0;46401;-45333
2024-03-04T18:30;2024-03-04T18:45;75;kWh;0;401;0;0;401;401
2024-03-04T18:45;2024-03-04T19:00;76;kWh;0;0;0;0;0;0
2024-03-04T19:00;2024-03-04T19:15;77;kWh;-15;0;0;0;15;-15
2024-03-04T19:15;2024-03-04T19:30;78;kWh;-1545;0;0;0;1545;-1545
2024-03-04T19:30;2024-03-04T19:45;79;kWh;-9843;0;0;0;9843;-9843
2024-03-04T19:45;2024-03-04T20:00;80;kWh;-6801;0;0;0;6801;-6801
2024-03-04T20:00;2024-03-04T20:15;81;kWh;-2881;0;0;0;2881;-2881
2024-03-04T20:15;2024-03-04T20:30;82;kWh;0;11837;0;0;11837;11837
2024-03-04T20:30;2024-03-04T20:45;83;kWh;-225;0;0;0;225;-225
2024-03-04T20:45;2024-03-04T21:00;84;kWh;-3420;0;0;0;3420;-3420
2024-03-04T21:00;2024-03-04T21:15;85;kWh;-12693;0;0;0;12693;-12693
2024-03-04T21:15;2024-03-04T21:30;86;kWh;-1687;0;0;0;1687;-1687
2024-03-04T21:30;2024-03-04T21:45;87;kWh;-196;0;0;0;196;-196
2024-03-04T21:45;2024-03-04T22:00;88;kWh;-4237;0;0;0;4237;-4237
2024-03-04T22:00;2024-03-04T22:15;89;kWh;-15608;0;0;0;15608;-15608
2024-03-04T22:15;2024-03-04T22:30;90;kWh;-1025;0;0;0;1025;-1025
2024-03-04T22:30;2024-03-04T22:45;91;kWh;0;0;0;0;0;0
2024-03-04T22:45;2024-03-04T23:00;92;kWh;-286;0;0;0;286;-286
2024-03-04T23:00;2024-03-04T23:15;93;kWh;-17315;0;0;0;17315;-17315
2024-03-04T23:15;2024-03-04T23:30;94;kWh;-16159;0;0;0;16159;-16159
2024-03-04T23:30;2024-03-04T23:45;95;kWh;-5333;0;0;0;5333;-5333
2024-03-04T23:45;2024-03-05T00:00;96;kWh;0;0;0;0;0;0
2024-03-05T00:00;2024-03-05T00:15;1;kWh;0;434;0;0;434;434
2024-03-05T00:15;2024-03-05T00:30;2;kWh;-67;25455;0;0;25522;25388
2024-03-05T00:30;2024-03-05T00:45;3;kWh;-61;13781;0;0;13842;13720
2024-03-05T00:45;2024-03-05T01:00;4;kWh;0;1864;0;0;1864;1864
2024-03-05T01:00;2024-03-05T01:15;5;kWh;0;35423;0;0;35423;35423
2024-03-05T01:15;2024-03-05T01:30;6;kWh;0;5689;0;0;5689;5689
2024-03-05T01:30;2024-03-05T01:45;7;kWh;0;7;0;0;7;7
2024-03-05T01:45;2024-03-05T02:00;8;kWh;-391;0;0;0;391;-391
2024-03-05T02:00;2024-03-05T02:15;9;kWh;-1274;0;0;0;1274;-1274
2024-03-05T02:15;2024-03-05T02:30;10;kWh;0;0;0;0;0;0
2024-03-05T02:30;2024-03-05T02:45;11;kWh;0;0;0;0;0;0
2024-03-05T02:45;2024-03-05T03:00;12;kWh;0;0;0;0;0;0
2024-03-05T03:00;2024-03-05T03:15;13;kWh;0;5266;0;0;5266;5266
2024-03-05T03:15;2024-03-05T03:30;14;kWh;0;1909;0;0;1909;1909
2024-03-05T03:30;2024-03-05T03:45;15;kWh;0;4446;0;0;4446;4446
2024-03-05T03:45;2024-03-05T04:00;16;kWh;0;3075;0;0;3075;3075
2024-03-05T04:00;2024-03-05T04:15;17;kWh;-146;9193;0;0;9339;9047
2024-03-05T04:15;2024-03-05T04:30;18;kWh;0;10138;0;0;10138;10138
2024-03-05T04:30;2024-03-05T04:45;19;kWh;0;11560;0;0;11560;11560
2024-03-05T04:45;2024-03-05T05:00;20;kWh;0;3049;0;0;3049;3049
2024-03-05T05:00;2024-03-05T05:15;21;kWh;0;28221;0;0;28221;28221
2024-03-05T05:15;2024-03-05T05:30;22;kWh;0;29140;0;0;29140;29140
2024-03-05T05:30;2024-03-05T05:45;23;kWh;0;39455;0;0;39455;39455
2024-03-05T05:45;2024-03-05T06:00;24;kWh;0;12957;0;0;12957;12957
2024-03-05T06:00;2024-03-05T06:15;25;kWh;0;5168;0;0;5168;5168
2024-03-05T06:15;2024-03-05T06:30;26;kWh;0;14984;0;0;14984;14984
2024-03-05T06:30;2024-03-05T06:45;27;kWh;0;11099;0;0;11099;11099
2024-03-05T06:45;2024-03-05T07:00;28;kWh;0;13774;0;0;13774;13774
2024-03-05T07:00;2024-03-05T07:15;29;kWh;0;1523;0;0;1523;1523
2024-03-05T07:15;2024-03-05T07:30;30;kWh;-29604;440;0;0;30044;-29164
2024-03-05T07:30;2024-03-05T07:45;31;kWh;-14067;0;0;0;14067;-14067
2024-03-05T07:45;2024-03-05T08:00;32;kWh;-12323;0;0;0;12323;-12323
2024-03-05T08:00;2024-03-05T08:15;33;kWh;-3132;311;0;0;3443;-2821
2024-03-05T08:15;2024-03-05T08:30;34;kWh;0;1959;0;0;1959;1959
2024-03-05T08:30;2024-03-05T08:45;35;kWh;0;10042;0;0;10042;10042
2024-03-05T08:45;2024-03-05T09:00;36;kWh;0;32323;0;0;32323;32323
2024-03-05T09:00;2024-03-05T09:15;37;kWh;-481;912;0;0;1393;431
2024-03-05T09:15;2024-03-05T09:30;38;kWh;0;9377;0;0;9377;9377
2024-03-05T09:30;2024-03-05T09:45;39;kWh;0;1074;0;0;1074;1074
2024-03-05T09:45;2024-03-05T10:00;40;kWh;0;582;0;0;582;582
2024-03-05T10:00;2024-03-05T10:15;41;kWh;0;10060;0;0;10060;10060
2024-03-05T10:15;2024-03-05T10:30;42;kWh;-338;225;0;0;563;-113
2024-03-05T10:30;2024-03-05T10:45;43;kWh;-50;0;0;0;50;-50
2024-03-05T10:45;2024-03-05T11:00;44;kWh;0;0;0;0;0;0
2024-03-05T11:00;2024-03-05T11:15;45;kWh;0;11002;0;0;11002;11002
2024-03-05T11:15;2024-03-05T11:30;46;kWh;0;4227;0;0;4227;4227
2024-03-05T11:30;2024-03-05T11:45;47;kWh;0;0;0;0;0;0
2024-03-05T11:45;2024-03-05T12:00;48;kWh;0;1799;0;0;1799;1799
2024-03-05T12:00;2024-03-05T12:15;49;kWh;0;51220;0;0;51220;51220
2024-03-05T12:15;2024-03-05T12:30;50;kWh;0;44940;0;0;44940;44940
2024-03-05T12:30;2024-03-05T12:45;51;kWh;0;56688;0;0;56688;56688
2024-03-05T12:45;2024-03-05T13:00;52;kWh;0;68542;0;0;68542;68542
2024-03-05T13:00;2024-03-05T13:15;53;kWh;0;27549;0;0;27549;27549
2024-03-05T13:15;2024-03-05T13:30;54;kWh;0;41446;0;0;41446;41446
2024-03-05T13:30;2024-03-05T13:45;55;kWh;0;37393;0;0;37393;37393
2024-03-05T13:45;2024-03-05T14:00;56;kWh;0;24566;0;0;24566;24566
2024-03-05T14:00;2024-03-05T14:15;57;kWh;-1793;4736;0;0;6529;2943
2024-03-05T14:15;2024-03-05T14:30;58;kWh;0;0;0;0;0;0
2024-03-05T14:30;2024-03-05T14:45;59;kWh;0;0;0;0;0;0
2024-03-05T14:45;2024-03-05T15:00;60;kWh;0;148;0;0;148;148
2024-03-05T15:00;2024-03-05T15:15;61;kWh;0;3241;0;0;3241;3241
2024-03-05T15:15;2024-03-05T15:30;62;kWh;0;19822;0;0;19822;19822
2024-03-05T15:30;2024-03-05T15:45;63;kWh;0;28364;0;0;28364;28364
2024-03-05T15:45;2024-03-05T16:00;64;kWh;-218;4532;0;0;4750;4314
2024-03-05T16:00;2024-03-05T16:15;65;kWh;-3231;0;0;0;3231;-3231
2024-03-05T16:15;2024-03-05T16:30;66;kWh;-7140;0;0;0;7140;-7140
2024-03-05T16:30;2024-03-05T16:45;67;kWh;-24256;0;0;0;24256;-24256
2024-03-05T16:45;2024-03-05T17:00;68;kWh;-6757;0;0;0;6757;-6757
2024-03-05T17:00;2024-03-05T17:15;69;kWh;-55428;0;0;0;55428;-55428
2024-03-05T17:15;2024-03-05T17:30;70;kWh;-20135;0;0;0;20135;-20135
2024-03-05T17:30;2024-03-05T17:45;71;kWh;-77;529;0;0;606;452
2024-03-05T17:45;2024-03-05T18:00;72;kWh;0;2086;0;0;2086;2086
2024-03-05T18:00;2024-03-05T18:15;73;kWh;-16746;42;0;0;16788;-16704
2024-03-05T18:15;2024-03-05T18:30;74;kWh;-7432;0;0;0;7432;-7432
2024-03-05T18:30;2024-03-05T18:45;75;kWh;0;710;0;0;710;710
2024-03-05T18:45;2024-03-05T19:00;76;kWh;0;9752;0;0;9752;9752
2024-03-05T19:00;2024-03-05T19:15;77;kWh;0;52961;0;0;52961;52961
2024-03-05T19:15;2024-03-05T19:30;78;kWh;0;71509;0;0;71509;71509
2024-03-05T19:30;2024-03-05T19:45;79;kWh;0;75490;0;0;75490;75490
2024-03-05T19:45;2024-03-05T20:00;80;kWh;-1;41311;0;0;41312;41310
2024-03-05T20:00;2024-03-05T20:15;81;kWh;-46;36830;0;0;36876;36784
2024-03-05T20:15;2024-03-05T20:30;82;kWh;0;51589;0;0;51589;51589
2024-03-05T20:30;2024-03-05T20:45;83;kWh;0;28309;0;0;28309;28309
2024-03-05T20:45;2024-03-05T21:00;84;kWh;0;7479;0;0;7479;7479
2024-03-05T21:00;2024-03-05T21:15;85;kWh;-99;6;0;0;105;-93
2024-03-05T21:15;2024-03-05T21:30;86;kWh;0;530;0;0;530;530
2024-03-05T21:30;2024-03-05T21:45;87;kWh;0;0;0;0;0;0
2024-03-05T21:45;2024-03-05T22:00;88;kWh;-9;0;0;0;9;-9
2024-03-05T22:00;2024-03-05T22:15;89;kWh;-269;0;0;0;269;-269
2024-03-05T22:15;2024-03-05T22:30;90;kWh;0;0;0;0;0;0
2024-03-05T22:30;2024-03-05T22:45;91;kWh;0;0;0;0;0;0
2024-03-05T22:45;2024-03-05T23:00;92;kWh;0;0;0;0;0;0
2024-03-05T23:00;2024-03-05T23:15;93;kWh;0;9784;0;0;9784;9784
2024-03-05T23:15;2024-03-05T23:30;94;kWh;0;0;0;0;0;0
2024-03-05T23:30;2024-03-05T23:45;95;kWh;0;0;0;0;0;0
2024-03-05T23:45;2024-03-06T00:00;96;kWh;0;0;0;0;0;0
2024-03-06T00:00;2024-03-06T00:15;1;kWh;-18;0;0;0;18;-18
2024-03-06T00:15;2024-03-06T00:30;2;kWh;0;0;0;0;0;0
2024-03-06T00:30;2024-03-06T00:45;3;kWh;0;22165;0;0;22165;22165
2024-03-06T00:45;2024-03-06T01:00;4;kWh;-30;8289;0;0;8319;8259
2024-03-06T01:00;2024-03-06T01:15;5;kWh;-1812;0;0;0;1812;-1812
2024-03-06T01:15;2024-03-06T01:30;6;kWh;0;0;0;0;0;0
2024-03-06T01:30;2024-03-06T01:45;7;kWh;0;0;0;0;0;0
2024-03-06T01:45;2024-03-06T02:00;8;kWh;-2094;0;0;0;2094;-2094
2024-03-06T02:00;2024-03-06T02:15;9;kWh;-1506;0;0;0;1506;-1506
2024-03-06T02:15;2024-03-06T02:30;10;kWh;-1;0;0;0;1;-1
2024-03-06T02:30;2024-03-06T02:45;11;kWh;0;0;0;0;0;0
2024-03-06T02:45;2024-03-06T03:00;12;kWh;0;0;0;0;0;0
2024-03-06T03:00;2024-03-06T03:15;13;kWh;0;0;0;0;0;0
2024-03-06T03:15;2024-03-06T03:30;14;kWh;0;0;0;0;0;0
2024-03-06T03:30;2024-03-06T03:45;15;kWh;0;0;0;0;0;0
2024-03-06T03:45;2024-03-06T04:00;16;kWh;0;0;0;0;0;0
2024-03-06T04:00;2024-03-06T04:15;17;kWh;-2117;0;0;0;2117;-2117
2024-03-06T04:15;2024-03-06T04:30;18;kWh;-1083;0;0;0;1083;-1083
2024-03-06T04:30;2024-03-06T04:45;19;kWh;0;0;0;0;0;0
2024-03-06T04:45;2024-03-06T05:00;20;kWh;0;0;0;0;0;0
2024-03-06T05:00;2024-03-06T05:15;21;kWh;0;0;0;0;0;0
2024-03-06T05:15;2024-03-06T05:30;22;kWh;0;0;0;0;0;0
2024-03-06T05:30;2024-03-06T05:45;23;kWh;-2588;0;0;0;2588;-2588
2024-03-06T05:45;2024-03-06T06:00;24;kWh;0;840;0;0;840;840
2024-03-06T06:00;2024-03-06T06:15;25;kWh;0;940;0;0;940;940
2024-03-06T06:15;2024-03-06T06:30;26;kWh;0;5560;0;0;5560;5560
2024-03-06T06:30;2024-03-06T06:45;27;kWh;0;1184;0;0;1184;1184
2024-03-06T06:45;2024-03-06T07:00;28;kWh;0;0;0;0;0;0
2024-03-06T07:00;2024-03-06T07:15;29;kWh;0;334;0;0;334;334
2024-03-06T07:15;2024-03-06T07:30;30;kWh;0;712;0;0;712;712
2024-03-06T07:30;2024-03-06T07:45;31;kWh;0;0;0;0;0;0
2024-03-06T07:45;2024-03-06T08:00;32;kWh;-3038;0;0;0;3038;-3038
2024-03-06T08:00;2024-03-06T08:15;33;kWh;-354;0;0;0;354;-354
2024-03-06T08:15;2024-03-06T08:30;34;kWh;-8974;0;0;0;8974;-8974
2024-03-06T08:30;2024-03-06T08:45;35;kWh;-24960;0;0;0;24960;-24960
2024-03-06T08:45;2024-03-06T09:00;36;kWh;-44298;0;0;0;44298;-44298
2024-03-06T09:00;2024-03-06T09:15;37;kWh;-20101;0;0;0;20101;-20101
2024-03-06T09:15;2024-03-06T09:30;38;kWh;-10453;0;0;0;10453;-10453
2024-03-06T09:30;2024-03-06T09:45;39;kWh;-37063;0;0;0;37063;-37063
2024-03-06T09:45;2024-03-06T10:00;40;kWh;-68147;0;0;0;68147;-68147
2024-03-06T10:00;2024-03-06T10:15;41;kWh;-27884;0;0;0;27884;-27884
2024-03-06T10:15;2024-03-06T10:30;42;kWh;-29261;0;0;0;29261;-29261
2024-03-06T10:30;2024-03-06T10:45;43;kWh;-32584;0;0;0;32584;-32584
2024-03-06T10:45;2024-03-06T11:00;44;kWh;-20608;0;0;0;20608;-20608
2024-03-06T11:00;2024-03-06T11:15;45;kWh;-41155;0;0;0;41155;-41155
2024-03-06T11:15;2024-03-06T11:30;46;kWh;-12363;0;0;0;12363;-12363
2024-03-06T11:30;2024-03-06T11:45;47;kWh;-12504;0;0;0;12504;-12504
2024-03-06T11:45;2024-03-06T12:00;48;kWh;-47651;0;0;0;47651;-47651
2024-03-06T12:00;2024-03-06T12:15;49;kWh;-46901;0;0;0;46901;-46901
2024-03-06T12:15;2024-03-06T12:30;50;kWh;-39710;0;0;0;39710;-39710
2024-03-06T12:30;2024-03-06T12:45;51;kWh;-71575;0;0;0;71575;-71575
2024-03-06T12:45;2024-03-06T13:00;52;kWh;-80904;0;0;0;80904;-80904
2024-03-06T13:00;2024-03-06T13:15;53;kWh;-41834;0;0;0;41834;-41834
2024-03-06T13:15;2024-03-06T13:30;54;kWh;-29080;0;0;0;29080;-29080
2024-03-06T13:30;2024-03-06T13:45;55;kWh;-44728;0;0;0;44728;-44728
2024-03-06T13:45;2024-03-06T14:00;56;kWh;-26624;0;0;0;26624;-26624
2024-03-06T14:00;2024-03-06T14:15;57;kWh;-15620;0;0;0;15620;-15620
2024-03-06T14:15;2024-03-06T14:30;58;kWh;-1603;0;0;0;1603;-1603
2024-03-06T14:30;2024-03-06T14:45;59;kWh;-3064;0;0;0;3064;-3064
2024-03-06T14:45;2024-03-06T15:00;60;kWh;-3288;0;0;0;3288;-3288
2024-03-06T15:00;2024-03-06T15:15;61;kWh;-14409;0;0;0;14409;-14409
2024-03-06T15:15;2024-03-06T15:30;62;kWh;-6548;0;0;0;6548;-6548
2024-03-06T15:30;2024-03-06T15:45;63;kWh;-3515;0;0;0;3515;-3515
2024-03-06T15:45;2024-03-06T16:00;64;kWh;-28834;0;0;0;28834;-28834
2024-03-06T16:00;2024-03-06T16:15;65;kWh;-45514;0;0;0;45514;-45514
2024-03-06T16:15;2024-03-06T16:30;66;kWh;-28250;0;0;0;28250;-28250
2024-03-06T16:30;2024-03-06T16:45;67;kWh;-3850;0;0;0;3850;-3850
2024-03-06T16:45;2024-03-06T17:00;68;kWh;0;0;0;0;0;0
2024-03-06T17:00;2024-03-06T17:15;69;kWh;-40775;0;0;0;40775;-40775
2024-03-06T17:15;2024-03-06T17:30;70;kWh;-21978;0;0;0;21978;-21978
2024-03-06T17:30;2024-03-06T17:45;71;kWh;-14362;0;0;0;14362;-14362
2024-03-06T17:45;2024-03-06T18:00;72;kWh;-1033;0;0;0;1033;-1033
2024-03-06T18:00;2024-03-06T18:15;73;kWh;-16852;0;0;0;16852;-16852
2024-03-06T18:15;2024-03-06T18:30;74;kWh;-28090;0;0;0;28090;-28090
2024-03-06T18:30;2024-03-06T18:45;75;kWh;-2023;0;0;0;2023;-2023
2024-03-06T18:45;2024-03-06T19:00;76;kWh;0;3802;0;0;3802;3802
2024-03-06T19:00;2024-03-06T19:15;77;kWh;0;27570;0;0;27570;27570
2024-03-06T19:15;2024-03-06T19:30;78;kWh;0;22660;0;0;22660;22660
2024-03-06T19:30;2024-03-06T19:45;79;kWh;0;182;0;0;182;182
2024-03-06T19:45;2024-03-06T20:00;80;kWh;-1311;0;0;0;1311;-1311
2024-03-06T20:00;2024-03-06T20:15;81;kWh;-1245;0;0;0;1245;-1245
2024-03-06T20:15;2024-03-06T20:30;82;kWh;-2101;0;0;0;2101;-2101
2024-03-06T20:30;2024-03-06T20:45;83;kWh;-14479;0;0;0;14479;-14479
2024-03-06T20:45;2024-03-06T21:00;84;kWh;-28085;0;0;0;28085;-28085
2024-03-06T21:00;2024-03-06T21:15;85;kWh;-11440;0;0;0;11440;-11440
2024-03-06T21:15;2024-03-06T21:30;86;kWh;-1006;1789;0;0;2795;783
2024-03-06T21:30;2024-03-06T21:45;87;kWh;-724;856;0;0;1580;132
2024-03-06T21:45;2024-03-06T22:00;88;kWh;-3855;0;0;0;3855;-3855
2024-03-06T22:00;2024-03-06T22:15;89;kWh;-19974;0;0;0;19974;-19974
2024-03-06T22:15;2024-03-06T22:30;90;kWh;-1282;0;0;0;1282;-1282
2024-03-06T22:30;2024-03-06T22:45;91;kWh;-2;0;0;0;2;-2
2024-03-06T22:45;2024-03-06T23:00;92;kWh;-1598;0;0;0;1598;-1598
2024-03-06T23:00;2024-03-06T23:15;93;kWh;0;12178;0;0;12178;12178
2024-03-06T23:15;2024-03-06T23:30;94;kWh;0;957;0;0;957;957
2024-03-06T23:30;2024-03-06T23:45;95;kWh;0;0;0;0;0;0
2024-03-06T23:45;2024-03-07T00:00;96;kWh;-135;16023;0;0;16158;15888
2024-03-07T00:00;2024-03-07T00:15;1;kWh;-6242;24;0;0;6266;-6218
2024-03-07T00:15;2024-03-07T00:30;2;kWh;-204;0;0;0;204;-204
2024-03-07T00:30;2024-03-07T00:45;3;kWh;-3032;0;0;0;3032;-3032
2024-03-07T00:45;2024-03-07T01:00;4;kWh;0;0;0;0;0;0
2024-03-07T01:00;2024-03-07T01:15;5;kWh;0;0;0;0;0;0
2024-03-07T01:15;2024-03-07T01:30;6;kWh;0;2207;0;0;2207;2207
2024-03-07T01:30;2024-03-07T01:45;7;kWh;0;3195;0;0;3195;3195
2024-03-07T01:45;2024-03-07T02:00;8;kWh;0;709;0;0;709;709
2024-03-07T02:00;2024-03-07T02:15;9;kWh;0;13537;0;0;13537;13537
2024-03-07T02:15;2024-03-07T02:30;10;kWh;0;26523;0;0;26523;26523
2024-03-07T02:30;2024-03-07T02:45;11;kWh;0;35432;0;0;35432;35432
2024-03-07T02:45;2024-03-07T03:00;12;kWh;0;28430;0;0;28430;28430
2024-03-07T03:00;2024-03-07T03:15;13;kWh;0;8208;0;0;8208;8208
2024-03-07T03:15;2024-03-07T03:30;14;kWh;0;3596;0;0;3596;3596
2024-03-07T03:30;2024-03-07T03:45;15;kWh;0;3592;0;0;3592;3592
2024-03-07T03:45;2024-03-07T04:00;16;kWh;0;12232;0;0;12232;12232
2024-03-07T04:00;2024-03-07T04:15;17;kWh;0;7017;0;0;7017;7017
2024-03-07T04:15;2024-03-07T04:30;18;kWh;0;12788;0;0;12788;12788
2024-03-07T04:30;2024-03-07T04:45;19;kWh;0;4061;0;0;4061;4061
2024-03-07T04:45;2024-03-07T05:00;20;kWh;0;1443;0;0;1443;1443
2024-03-07T05:00;2024-03-07T05:15;21;kWh;-216;1117;0;0;1333;901
2024-03-07T05:15;2024-03-07T05:30;22;kWh;-1029;0;0;0;1029;-1029
2024-03-07T05:30;2024-03-07T05:45;23;kWh;0;1017;0;0;1017;1017
2024-03-07T05:45;2024-03-07T06:00;24;kWh;0;4949;0;0;4949;4949
2024-03-07T06:00;2024-03-07T06:15;25;kWh;-771;289;0;0;1060;-482
2024-03-07T06:15;2024-03-07T06:30;26;kWh;0;73;0;0;73;73
2024-03-07T06:30;2024-03-07T06:45;27;kWh;0;4838;0;0;4838;4838
2024-03-07T06:45;2024-03-07T07:00;28;kWh;0;3009;0;0;3009;3009
2024-03-07T07:00;2024-03-07T07:15;29;kWh;0;6309;0;0;6309;6309
2024-03-07T07:15;2024-03-07T07:30;30;kWh;0;20553;0;0;20553;20553
2024-03-07T07:30;2024-03-07T07:45;31;kWh;0;15825;0;0;15825;15825
2024-03-07T07:45;2024-03-07T08:00;32;kWh;0;24724;0;0;24724;24724
2024-03-07T08:00;2024-03-07T08:15;33;kWh;0;29021;0;0;29021;29021
2024-03-07T08:15;2024-03-07T08:30;34;kWh;-269;3109;0;0;3378;2840
2024-03-07T08:30;2024-03-07T08:45;35;kWh;-10574;0;0;0;10574;-10574
2024-03-07T08:45;2024-03-07T09:00;36;kWh;-57254;0;0;0;57254;-57254
2024-03-07T09:00;2024-03-07T09:15;37;kWh;-16241;0;0;0;16241;-16241
2024-03-07T09:15;2024-03-07T09:30;38;kWh;-7651;0;0;0;7651;-7651
2024-03-07T09:30;2024-03-07T09:45;39;kWh;-7679;0;0;0;7679;-7679
2024-03-07T09:45;2024-03-07T10:00;40;kWh;-3778;0;0;0;3778;-3778
2024-03-07T10:00;2024-03-07T10:15;41;kWh;0;11655;0;0;11655;11655
2024-03-07T10:15;2024-03-07T10:30;42;kWh;0;44979;0;0;44979;44979
2024-03-07T10:30;2024-03-07T10:45;43;kWh;0;2008;0;0;2008;2008
2024-03-07T10:45;2024-03-07T11:00;44;kWh;-18887;0;0;0;18887;-18887
2024-03-07T11:00;2024-03-07T11:15;45;kWh;-25909;0;0;0;25909;-25909
2024-03-07T11:15;2024-03-07T11:30;46;kWh;-35044;0;0;0;35044;-35044
2024-03-07T11:30;2024-03-07T11:45;47;kWh;-61360;0;0;0;61360;-61360
2024-03-07T11:45;2024-03-07T12:00;48;kWh;-67433;0;0;0;67433;-67433
2024-03-07T12:00;2024-03-07T12:15;49;kWh;-14635;9503;0;0;24138;-5132
2024-03-07T12:15;2024-03-07T12:30;50;kWh;0;40136;0;0;40136;40136
2024-03-07T12:30;2024-03-07T12:45;51;kWh;0;60949;0;0;60949;60949
2024-03-07T12:45;2024-03-07T13:00;52;kWh;0;76303;0;0;76303;76303
2024-03-07T13:00;2024-03-07T13:15;53;kWh;-149;36358;0;0;36507;36209
2024-03-07T13:15;2024-03-07T13:30;54;kWh;-2096;0;0;0;2096;-2096
2024-03-07T13:30;2024-03-07T13:45;55;kWh;-1152;0;0;0;1152;-1152
2024-03-07T13:45;2024-03-07T14:00;56;kWh;-3159;0;0;0;3159;-3159
2024-03-07T14:00;2024-03-07T14:15;57;kWh;-23480;0;0;0;23480;-23480
2024-03-07T14:15;2024-03-07T14:30;58;kWh;-3099;9688;0;0;12787;6589
2024-03-07T14:30;2024-03-07T14:45;59;kWh;0;62214;0;0;62214;62214
2024-03-07T14:45;2024-03-07T15:00;60;kWh;0;51585;0;0;51585;51585
2024-03-07T15:00;2024-03-07T15:15;61;kWh;0;19557;0;0;19557;19557
2024-03-07T15:15;2024-03-07T15:30;62;kWh;0;56414;0;0;56414;56414
2024-03-07T15:30;2024-03-07T15:45;63;kWh;0;18907;0;0;18907;18907
2024-03-07T15:45;2024-03-07T16:00;64;kWh;-487;4689;0;0;5176;4202
2024-03-07T16:00;2024-03-07T16:15;65;kWh;-19445;0;0;0;19445;-19445
2024-03-07T16:15;2024-03-07T16:30;66;kWh;-400;0;0;0;400;-400
2024-03-07T16:30;2024-03-07T16:45;67;kWh;-14827;0;0;0;14827;-14827
2024-03-07T16:45;2024-03-07T17:00;68;kWh;-47414;0;0;0;47414;-47414
2024-03-07T17:00;2024-03-07T17:15;69;kWh;-58504;0;0;0;58504;-58504
2024-03-07T17:15;2024-03-07T17:30;70;kWh;-7901;0;0;0;7901;-7901
2024-03-07T17:30;2024-03-07T17:45;71;kWh;-11646;0;0;0;11646;-11646
2024-03-07T17:45;2024-03-07T18:00;72;kWh;0;0;0;0;0;0
2024-03-07T18:00;2024-03-07T18:15;73;kWh;-38837;0;0;0;38837;-38837
2024-03-07T18:15;2024-03-07T18:30;74;kWh;-30334;0;0;0;30334;-30334
2024-03-07T18:30;2024-03-07T18:45;75;kWh;-7228;0;0;0;7228;-7228
2024-03-07T18:45;2024-03-07T19:00;76;kWh;0;2571;0;0;2571;2571
2024-03-07T19:00;2024-03-07T19:15;77;kWh;-1211;20848;0;0;22059;19637
2024-03-07T19:15;2024-03-07T19:30;78;kWh;-8244;0;0;0;8244;-8244
2024-03-07T19:30;2024-03-07T19:45;79;kWh;-26084;0;0;0;26084;-26084
2024-03-07T19:45;2024-03-07T20:00;80;kWh;-52335;0;0;0;52335;-52335
2024-03-07T20:00;2024-03-07T20:15;81;kWh;-34724;790;0;0;35514;-33934
2024-03-07T20:15;2024-03-07T20:30;82;kWh;-12575;0;0;0;12575;-12575
2024-03-07T20:30;2024-03-07T20:45;83;kWh;-49566;0;0;0;49566;-49566
2024-03-07T20:45;2024-03-07T21:00;84;kWh;-68784;0;0;0;68784;-68784
2024-03-07T21:00;2024-03-07T21:15;85;kWh;-19936;390;0;0;20326;-19546
2024-03-07T21:15;2024-03-07T21:30;86;kWh;-1180;0;0;0;1180;-1180
2024-03-07T21:30;2024-03-07T21:45;87;kWh;-7462;0;0;0;7462;-7462
2024-03-07T21:45;2024-03-07T22:00;88;kWh;-28156;0;0;0;28156;-28156
2024-03-07T22:00;2024-03-07T22:15;89;kWh;-1610;1089;0;0;2699;-521
2024-03-07T22:15;2024-03-07T22:30;90;kWh;0;654;0;0;654;654
2024-03-07T22:30;2024-03-07T22:45;91;kWh;-8084;0;0;0;8084;-8084
2024-03-07T22:45;2024-03-07T23:00;92;kWh;-33139;0;0;0;33139;-33139
2024-03-07T23:00;2024-03-07T23:15;93;kWh;-5749;32491;0;0;38240;26742
2024-03-07T23:15;2024-03-07T23:30;94;kWh;0;33472;0;0;33472;33472
2024-03-07T23:30;2024-03-07T23:45;95;kWh;0;14672;0;0;14672;14672
2024-03-07T23:45;2024-03-08T00:00;96;kWh;-4055;144;0;0;4199;-3911
2024-03-08T00:00;2024-03-08T00:15;1;kWh;-17810;1711;0;0;19521;-16099
2024-03-08T00:15;2024-03-08T00:30;2;kWh;0;0;0;0;0;0
2024-03-08T00:30;2024-03-08T00:45;3;kWh;0;0;0;0;0;0
2024-03-08T00:45;2024-03-08T01:00;4;kWh;0;0;0;0;0;0
2024-03-08T01:00;2024-03-08T01:15;5;kWh;0;8317;0;0;8317;8317
2024-03-08T01:15;2024-03-08T01:30;6;kWh;0;84;0;0;84;84
2024-03-08T01:30;2024-03-08T01:45;7;kWh;0;0;0;0;0;0
2024-03-08T01:45;2024-03-08T02:00;8;kWh;0;0;0;0;0;0
2024-03-08T02:00;2024-03-08T02:15;9;kWh;0;176;0;0;176;176
2024-03-08T02:15;2024-03-08T02:30;10;kWh;0;966;0;0;966;966
2024-03-08T02:30;2024-03-08T02:45;11;kWh;0;0;0;0;0;0
2024-03-08T02:45;2024-03-08T03:00;12;kWh;0;0;0;0;0;0
2024-03-08T03:00;2024-03-08T03:15;13;kWh;0;16425;0;0;16425;16425
2024-03-08T03:15;2024-03-08T03:30;14;kWh;0;3734;0;0;3734;3734
2024-03-08T03:30;2024-03-08T03:45;15;kWh;0;2185;0;0;2185;2185
2024-03-08T03:45;2024-03-08T04:00;16;kWh;0;869;0;0;869;869
2024-03-08T04:00;2024-03-08T04:15;17;kWh;0;68;0;0;68;68
2024-03-08T04:15;2024-03-08T04:30;18;kWh;0;0;0;0;0;0
2024-03-08T04:30;2024-03-08T04:45;19;kWh;0;0;0;0;0;0
2024-03-08T04:45;2024-03-08T05:00;20;kWh;0;947;0;0;947;947
2024-03-08T05:00;2024-03-08T05:15;21;kWh;0;610;0;0;610;610
2024-03-08T05:15;2024-03-08T05:30;22;kWh;0;0;0;0;0;0
2024-03-08T05:30;2024-03-08T05:45;23;kWh;0;329;0;0;329;329
2024-03-08T05:45;2024-03-08T06:00;24;kWh;0;1987;0;0;1987;1987
2024-03-08T06:00;2024-03-08T06:15;25;kWh;0;581;0;0;581;581
2024-03-08T06:15;2024-03-08T06:30;26;kWh;0;7303;0;0;7303;7303
2024-03-08T06:30;2024-03-08T06:45;27;kWh;0;57344;0;0;57344;57344
2024-03-08T06:45;2024-03-08T07:00;28;kWh;0;61972;0;0;61972;61972
2024-03-08T07:00;2024-03-08T07:15;29;kWh;-83;39366;0;0;39449;39283
2024-03-08T07:15;2024-03-08T07:30;30;kWh;0;4543;0;0;4543;4543
2024-03-08T07:30;2024-03-08T07:45;31;kWh;0;32609;0;0;32609;32609
2024-03-08T07:45;2024-03-08T08:00;32;kWh;0;13786;0;0;13786;13786
2024-03-08T08:00;2024-03-08T08:15;33;kWh;0;3917;0;0;3917;3917
2024-03-08T08:15;2024-03-08T08:30;34;kWh;0;95;0;0;95;95
2024-03-08T08:30;2024-03-08T08:45;35;kWh;0;0;0;0;0;0
2024-03-08T08:45;2024-03-08T09:00;36;kWh;0;0;0;0;0;0
2024-03-08T09:00;2024-03-08T09:15;37;kWh;0;0;0;0;0;0
2024-03-08T09:15;2024-03-08T09:30;38;kWh;-38;0;0;0;38;-38
2024-03-08T09:30;2024-03-08T09:45;39;kWh;-14982;0;0;0;14982;-14982
2024-03-08T09:45;2024-03-08T10:00;40;kWh;-11157;5394;0;0;16551;-5763
2024-03-08T10:00;2024-03-08T10:15;41;kWh;-2504;1674;0;0;4178;-830
2024-03-08T10:15;2024-03-08T10:30;42;kWh;-202;19190;0;0;19392;18988
2024-03-08T10:30;2024-03-08T10:45;43;kWh;-3480;10314;0;0;13794;6834
2024-03-08T10:45;2024-03-08T11:00;44;kWh;-9176;4875;0;0;14051;-4301
2024-03-08T11:00;2024-03-08T11:15;45;kWh;-13191;6443;0;0;19634;-6748
2024-03-08T11:15;2024-03-08T11:30;46;kWh;-6037;0;0;0;6037;-6037
2024-03-08T11:30;2024-03-08T11:45;47;kWh;-3708;0;0;0;3708;-3708
2024-03-08T11:45;2024-03-08T12:00;48;kWh;-2695;0;0;0;2695;-2695
2024-03-08T12:00;2024-03-08T12:15;49;kWh;-7532;1994;0;0;9526;-5538
2024-03-08T12:15;2024-03-08T12:30;50;kWh;-6603;0;0;0;6603;-6603
2024-03-08T12:30;2024-03-08T12:45;51;kWh;-8279;976;0;0;9255;-7303
2024-03-08T12:45;2024-03-08T13:00;52;kWh;-14610;789;0;0;15399;-13821
2024-03-08T13:00;2024-03-08T13:15;53;kWh;-24192;564;0;0;24756;-23628
2024-03-08T13:15;2024-03-08T13:30;54;kWh;-9165;1443;0;0;10608;-7722
2024-03-08T13:30;2024-03-08T13:45;55;kWh;-15163;146;0;0;15309;-15017
2024-03-08T13:45;2024-03-08T14:00;56;kWh;-8980;141;0;0;9121;-8839
2024-03-08T14:00;2024-03-08T14:15;57;kWh;-11345;422;0;0;11767;-10923
2024-03-08T14:15;2024-03-08T14:30;58;kWh;-15380;983;0;0;16363;-14397
2024-03-08T14:30;2024-03-08T14:45;59;kWh;-17332;6126;0;0;23458;-11206
2024-03-08T14:45;2024-03-08T15:00;60;kWh;-8682;972;0;0;9654;-7710
2024-03-08T15:00;2024-03-08T15:15;61;kWh;-10420;4421;0;0;14841;-5999
2024-03-08T15:15;2024-03-08T15:30;62;kWh;-11225;10966;0;0;22191;-259
2024-03-08T15:30;2024-03-08T15:45;63;kWh;0;7903;0;0;7903;7903
2024-03-08T15:45;2024-03-08T16:00;64;kWh;-12;11795;0;0;11807;11783
2024-03-08T16:00;2024-03-08T16:15;65;kWh;-7576;6804;0;0;14380;-772
2024-03-08T16:15;2024-03-08T16:30;66;kWh;0;7693;0;0;7693;7693
2024-03-08T16:30;2024-03-08T16:45;67;kWh;0;7940;0;0;7940;7940
2024-03-08T16:45;2024-03-08T17:00;68;kWh;0;1519;0;0;1519;1519
2024-03-08T17:00;2024-03-08T17:15;69;kWh;-7339;300;0;0;7639;-7039
2024-03-08T17:15;2024-03-08T17:30;70;kWh;-341;435;0;0;776;94
2024-03-08T17:30;2024-03-08T17:45;71;kWh;0;0;0;0;0;0
2024-03-08T17:45;2024-03-08T18:00;72;kWh;0;137;0;0;137;137
2024-03-08T18:00;2024-03-08T18:15;73;kWh;-2150;794;0;0;2944;-1356
2024-03-08T18:15;2024-03-08T18:30;74;kWh;-12536;52;0;0;12588;-12484
2024-03-08T18:30;2024-03-08T18:45;75;kWh;-1660;0;0;0;1660;-1660
2024-03-08T18:45;2024-03-08T19:00;76;kWh;-1198;0;0;0;1198;-1198
2024-03-08T19:00;2024-03-08T19:15;77;kWh;0;0;0;0;0;0
2024-03-08T19:15;2024-03-08T19:30;78;kWh;0;1044;0;0;1044;1044
2024-03-08T19:30;2024-03-08T19:45;79;kWh;-6;0;0;0;6;-6
2024-03-08T19:45;2024-03-08T20:00;80;kWh;-4650;0;0;0;4650;-4650
2024-03-08T20:00;2024-03-08T20:15;81;kWh;-11056;1110;0;0;12166;-9946
2024-03-08T20:15;2024-03-08T20:30;82;kWh;0;0;0;0;0;0
2024-03-08T20:30;2024-03-08T20:45;83;kWh;-1139;0;0;0;1139;-1139
2024-03-08T20:45;2024-03-08T21:00;84;kWh;-5895;0;0;0;5895;-5895
2024-03-08T21:00;2024-03-08T21:15;85;kWh;0;1149;0;0;1149;1149
2024-03-08T21:15;2024-03-08T21:30;86;kWh;0;5185;0;0;5185;5185
2024-03-08T21:30;2024-03-08T21:45;87;kWh;0;1723;0;0;1723;1723
2024-03-08T21:45;2024-03-08T22:00;88;kWh;0;0;0;0;0;0
2024-03-08T22:00;2024-03-08T22:15;89;kWh;0;0;0;0;0;0
2024-03-08T22:15;2024-03-08T22:30;90;kWh;0;311;0;0;311;311
2024-03-08T22:30;2024-03-08T22:45;91;kWh;0;2213;0;0;2213;2213
2024-03-08T22:45;2024-03-08T23:00;92;kWh;-444;0;0;0;444;-444
2024-03-08T23:00;2024-03-08T23:15;93;kWh;-4892;0;0;0;4892;-4892
2024-03-08T23:15;2024-03-08T23:30;94;kWh;-3512;0;0;0;3512;-3512
2024-03-08T23:30;2024-03-08T23:45;95;kWh;-1;0;0;0;1;-1
2024-03-08T23:45;2024-03-09T00:00;96;kWh;-2539;0;0;0;2539;-2539
2024-03-09T00:00;2024-03-09T00:15;1;kWh;-8445;4606;0;0;13051;-3839
2024-03-09T00:15;2024-03-09T00:30;2;kWh;-559;844;0;0;1403;285
2024-03-09T00:30;2024-03-09T00:45;3;kWh;-10396;186;0;0;10582;-10210
2024-03-09T00:45;2024-03-09T01:00;4;kWh;-365;0;0;0;365;-365
2024-03-09T01:00;2024-03-09T01:15;5;kWh;-6515;0;0;0;6515;-6515
2024-03-09T01:15;2024-03-09T01:30;6;kWh;-2659;0;0;0;2659;-2659
2024-03-09T01:30;2024-03-09T01:45;7;kWh;-6022;472;0;0;6494;-5550
2024-03-09T01:45;2024-03-09T02:00;8;kWh;-7212;54;0;0;7266;-7158
2024-03-09T02:00;2024-03-09T02:15;9;kWh;-1757;0;0;0;1757;-1757
2024-03-09T02:15;2024-03-09T02:30;10;kWh;0;0;0;0;0;0
2024-03-09T02:30;2024-03-09T02:45;11;kWh;0;2;0;0;2;2
2024-03-09T02:45;2024-03-09T03:00;12;kWh;0;0;0;0;0;0
2024-03-09T03:00;2024-03-09T03:15;13;kWh;-178;20255;0;0;20433;20077
2024-03-09T03:15;2024-03-09T03:30;14;kWh;0;28534;0;0;28534;28534
2024-03-09T03:30;2024-03-09T03:45;15;kWh;0;6752;0;0;6752;6752
2024-03-09T03:45;2024-03-09T04:00;16;kWh;0;9080;0;0;9080;9080
2024-03-09T04:00;2024-03-09T04:15;17;kWh;0;14450;0;0;14450;14450
2024-03-09T04:15;2024-03-09T04:30;18;kWh;0;19613;0;0;19613;19613
2024-03-09T04:30;2024-03-09T04:45;19;kWh;0;20514;0;0;20514;20514
2024-03-09T04:45;2024-03-09T05:00;20;kWh;0;3837;0;0;3837;3837
2024-03-09T05:00;2024-03-09T05:15;21;kWh;0;5439;0;0;5439;5439
2024-03-09T05:15;2024-03-09T05:30;22;kWh;0;2039;0;0;2039;2039
2024-03-09T05:30;2024-03-09T05:45;23;kWh;0;12607;0;0;12607;12607
2024-03-09T05:45;2024-03-09T06:00;24;kWh;0;861;0;0;861;861
2024-03-09T06:00;2024-03-09T06:15;25;kWh;0;177;0;0;177;177
2024-03-09T06:15;2024-03-09T06:30;26;kWh;0;15005;0;0;15005;15005
2024-03-09T06:30;2024-03-09T06:45;27;kWh;0;33631;0;0;33631;33631
2024-03-09T06:45;2024-03-09T07:00;28;kWh;0;46430;0;0;46430;46430
2024-03-09T07:00;2024-03-09T07:15;29;kWh;0;39797;0;0;39797;39797
2024-03-09T07:15;2024-03-09T07:30;30;kWh;0;25560;0;0;25560;25560
2024-03-09T07:30;2024-03-09T07:45;31;kWh;0;737;0;0;737;737
2024-03-09T07:45;2024-03-09T08:00;32;kWh;0;0;0;0;0;0
2024-03-09T08:00;2024-03-09T08:15;33;kWh;0;26803;0;0;26803;26803
2024-03-09T08:15;2024-03-09T08:30;34;kWh;0;2655;0;0;2655;2655
2024-03-09T08:30;2024-03-09T08:45;35;kWh;-1605;0;0;0;1605;-1605
2024-03-09T08:45;2024-03-09T09:00;36;kWh;-1538;0;0;0;1538;-1538
2024-03-09T09:00;2024-03-09T09:15;37;kWh;-10;41442;0;0;41452;41432
2024-03-09T09:15;2024-03-09T09:30;38;kWh;-3063;29848;0;0;32911;26785
2024-03-09T09:30;2024-03-09T09:45;39;kWh;-2200;21380;0;0;23580;19180
2024-03-09T09:45;2024-03-09T10:00;40;kWh;-1629;75;0;0;1704;-1554
2024-03-09T10:00;2024-03-09T10:15;41;kWh;-3;0;0;0;3;-3
2024-03-09T10:15;2024-03-09T10:30;42;kWh;0;1;0;0;1;1
2024-03-09T10:30;2024-03-09T10:45;43;kWh;0;0;0;0;0;0
2024-03-09T10:45;2024-03-09T11:00;44;kWh;-5358;0;0;0;5358;-5358
2024-03-09T11:00;2024-03-09T11:15;45;kWh;-13132;3142;0;0;16274;-9990
2024-03-09T11:15;2024-03-09T11:30;46;kWh;-3170;10446;0;0;13616;7276
2024-03-09T11:30;2024-03-09T11:45;47;kWh;0;12687;0;0;12687;12687
2024-03-09T11:45;2024-03-09T12:00;48;kWh;-1415;41606;0;0;43021;40191
2024-03-09T12:00;2024-03-09T12:15;49;kWh;0;0;0;0;0;0
2024-03-09T12:15;2024-03-09T12:30;50;kWh;-650;0;0;0;650;-650
2024-03-09T12:30;2024-03-09T12:45;51;kWh;-2713;0;0;0;2713;-2713
2024-03-09T12:45;2024-03-09T13:00;52;kWh;-3679;0;0;0;3679;-3679
2024-03-09T13:00;2024-03-09T13:15;53;kWh;-13701;5369;0;0;19070;-8332
2024-03-09T13:15;2024-03-09T13:30;54;kWh;-21611;3847;0;0;25458;-17764
2024-03-09T13:30;2024-03-09T13:45;55;kWh;-11851;8693;0;0;20544;-3158
2024-03-09T13:45;2024-03-09T14:00;56;kWh;-21685;10076;0;0;31761;-11609
2024-03-09T14:00;2024-03-09T14:15;57;kWh;-9065;1012;0;0;10077;-8053
2024-03-09T14:15;2024-03-09T14:30;58;kWh;-12057;25;0;0;12082;-12032
2024-03-09T14:30;2024-03-09T14:45;59;kWh;-14617;2935;0;0;17552;-11682
2024-03-09T14:45;2024-03-09T15:00;60;kWh;-13192;1490;0;0;14682;-11702
2024-03-09T15:00;2024-03-09T15:15;61;kWh;-5007;2367;0;0;7374;-2640
2024-03-09T15:15;2024-03-09T15:30;62;kWh;-640;3839;0;0;4479;3199
2024-03-09T15:30;2024-03-09T15:45;63;kWh;-3710;3049;0;0;6759;-661
2024-03-09T15:45;2024-03-09T16:00;64;kWh;0;4802;0;0;4802;4802
2024-03-09T16:00;2024-03-09T16:15;65;kWh;0;3836;0;0;3836;3836
2024-03-09T16:15;2024-03-09T16:30;66;kWh;0;20297;0;0;20297;20297
2024-03-09T16:30;2024-03-09T16:45;67;kWh;0;46278;0;0;46278;46278
2024-03-09T16:45;2024-03-09T17:00;68;kWh;0;13166;0;0;13166;13166
2024-03-09T17:00;2024-03-09T17:15;69;kWh;-8293;6385;0;0;14678;-1908
2024-03-09T17:15;2024-03-09T17:30;70;kWh;-3055;584;0;0;3639;-2471
2024-03-09T17:30;2024-03-09T17:45;71;kWh;-368;1143;0;0;1511;775
2024-03-09T17:45;2024-03-09T18:00;72;kWh;-373;0;0;0;373;-373
2024-03-09T18:00;2024-03-09T18:15;73;kWh;-17399;138;0;0;17537;-17261
2024-03-09T18:15;2024-03-09T18:30;74;kWh;-14319;179;0;0;14498;-14140
2024-03-09T18:30;2024-03-09T18:45;75;kWh;-14696;276;0;0;14972;-14420
2024-03-09T18:45;2024-03-09T19:00;76;kWh;-25219;1033;0;0;26252;-24186
2024-03-09T19:00;2024-03-09T19:15;77;kWh;-13178;5788;0;0;18966;-7390
2024-03-09T19:15;2024-03-09T19:30;78;kWh;-14424;0;0;0;14424;-14424
2024-03-09T19:30;2024-03-09T19:45;79;kWh;-14384;9;0;0;14393;-14375
2024-03-09T19:45;2024-03-09T20:00;80;kWh;-34681;269;0;0;34950;-34412
2024-03-09T20:00;2024-03-09T20:15;81;kWh;-26006;261;0;0;26267;-25745
2024-03-09T20:15;2024-03-09T20:30;82;kWh;-31154;1553;0;0;32707;-29601
2024-03-09T20:30;2024-03-09T20:45;83;kWh;-9036;3879;0;0;12915;-5157
2024-03-09T20:45;2024-03-09T21:00;84;kWh;-1345;0;0;0;1345;-1345
2024-03-09T21:00;2024-03-09T21:15;85;kWh;0;3215;0;0;3215;3215
2024-03-09T21:15;2024-03-09T21:30;86;kWh;0;22;0;0;22;22
2024-03-09T21:30;2024-03-09T21:45;87;kWh;0;0;0;0;0;0
2024-03-09T21:45;2024-03-09T22:00;88;kWh;0;0;0;0;0;0
2024-03-09T22:00;2024-03-09T22:15;89;kWh;0;265;0;0;265;265
2024-03-09T22:15;2024-03-09T22:30;90;kWh;0;2644;0;0;2644;2644
2024-03-09T22:30;2024-03-09T22:45;91;kWh;0;5699;0;0;5699;5699
2024-03-09T22:45;2024-03-09T23:00;92;kWh;-4162;6396;0;0;10558;2234
2024-03-09T23:00;2024-03-09T23:15;93;kWh;-9685;9765;0;0;19450;80
2024-03-09T23:15;2024-03-09T23:30;94;kWh;-7648;12637;0;0;20285;4989
2024-03-09T23:30;2024-03-09T23:45;95;kWh;-2778;20774;0;0;23552;17996
2024-03-09T23:45;2024-03-10T00:00;96;kWh;0;25206;0;0;25206;25206
2024-03-10T00:00;2024-03-10T00:15;1;kWh;0;11956;0;0;11956;11956
2024-03-10T00:15;2024-03-10T00:30;2;kWh;0;13624;0;0;13624;13624
2024-03-10T00:30;2024-03-10T00:45;3;kWh;-1042;1653;0;0;2695;611
2024-03-10T00:45;2024-03-10T01:00;4;kWh;-4034;0;0;0;4034;-4034
2024-03-10T01:00;2024-03-10T01:15;5;kWh;0;13305;0;0;13305;13305
2024-03-10T01:15;2024-03-10T01:30;6;kWh;0;3931;0;0;3931;3931
2024-03-10T01:30;2024-03-10T01:45;7;kWh;0;35600;0;0;35600;35600
2024-03-10T01:45;2024-03-10T02:00;8;kWh;0;28570;0;0;28570;28570
2024-03-10T02:00;2024-03-10T02:15;9;kWh;-31;64377;0;0;64408;64346
2024-03-10T02:15;2024-03-10T02:30;10;kWh;-331;430;0;0;761;99
2024-03-10T02:30;2024-03-10T02:45;11;kWh;0;42;0;0;42;42
2024-03-10T02:45;2024-03-10T03:00;12;kWh;-6920;0;0;0;6920;-6920
2024-03-10T03:00;2024-03-10T03:15;13;kWh;-7112;0;0;0;7112;-7112
2024-03-10T03:15;2024-03-10T03:30;14;kWh;0;492;0;0;492;492
2024-03-10T03:30;2024-03-10T03:45;15;kWh;-2902;0;0;0;2902;-2902
2024-03-10T03:45;2024-03-10T04:00;16;kWh;-6937;0;0;0;6937;-6937
2024-03-10T04:00;2024-03-10T04:15;17;kWh;-6289;896;0;0;7185;-5393
2024-03-10T04:15;2024-03-10T04:30;18;kWh;-814;1708;0;0;2522;894
2024-03-10T04:30;2024-03-10T04:45;19;kWh;-1886;0;0;0;1886;-1886
2024-03-10T04:45;2024-03-10T05:00;20;kWh;-7585;0;0;0;7585;-7585
2024-03-10T05:00;2024-03-10T05:15;21;kWh;-7370;0;0;0;7370;-7370
2024-03-10T05:15;2024-03-10T05:30;22;kWh;-14608;97;0;0;14705;-14511
2024-03-10T05:30;2024-03-10T05:45;23;kWh;-6632;269;0;0;6901;-6363
2024-03-10T05:45;2024-03-10T06:00;24;kWh;-4786;1867;0;0;6653;-2919
2024-03-10T06:00;2024-03-10T06:15;25;kWh;-7582;11;0;0;7593;-7571
2024-03-10T06:15;2024-03-10T06:30;26;kWh;0;0;0;0;0;0
2024-03-10T06:30;2024-03-10T06:45;27;kWh;0;0;0;0;0;0
2024-03-10T06:45;2024-03-10T07:00;28;kWh;-5913;0;0;0;5913;-5913
2024-03-10T07:00;2024-03-10T07:15;29;kWh;-840;0;0;0;840;-840
2024-03-10T07:15;2024-03-10T07:30;30;kWh;-586;0;0;0;586;-586
2024-03-10T07:30;2024-03-10T07:45;31;kWh;0;0;0;0;0;0
2024-03-10T07:45;2024-03-10T08:00;32;kWh;0;0;0;0;0;0
2024-03-10T08:00;2024-03-10T08:15;33;kWh;0;0;0;0;0;0
2024-03-10T08:15;2024-03-10T08:30;34;kWh;0;0;0;0;0;0
2024-03-10T08:30;2024-03-10T08:45;35;kWh;0;0;0;0;0;0
2024-03-10T08:45;2024-03-10T09:00;36;kWh;-32;0;0;0;32;-32
2024-03-10T09:00;2024-03-10T09:15;37;kWh;-1194;0;0;0;1194;-1194
2024-03-10T09:15;2024-03-10T09:30;38;kWh;-1508;0;0;0;1508;-1508
2024-03-10T09:30;2024-03-10T09:45;39;kWh;-1192;0;0;0;1192;-1192
2024-03-10T09:45;2024-03-10T10:00;40;kWh;-160;380;0;0;540;220
2024-03-10T10:00;2024-03-10T10:15;41;kWh;0;22655;0;0;22655;22655
2024-03-10T10:15;2024-03-10T10:30;42;kWh;0;24242;0;0;24242;24242
2024-03-10T10:30;2024-03-10T10:45;43;kWh;0;17687;0;0;17687;17687
2024-03-10T10:45;2024-03-10T11:00;44;kWh;-1;16789;0;0;16790;16788
2024-03-10T11:00;2024-03-10T11:15;45;kWh;-8180;21365;0;0;29545;13185
2024-03-10T11:15;2024-03-10T11:30;46;kWh;-8110;15467;0;0;23577;7357
2024-03-10T11:30;2024-03-10T11:45;47;kWh;0;23108;0;0;23108;23108
2024-03-10T11:45;2024-03-10T12:00;48;kWh;0;63080;0;0;63080;63080
2024-03-10T12:00;2024-03-10T12:15;49;kWh;0;58586;0;0;58586;58586
2024-03-10T12:15;2024-03-10T12:30;50;kWh;0;43945;0;0;43945;43945
2024-03-10T12:30;2024-03-10T12:45;51;kWh;0;41187;0;0;41187;41187
2024-03-10T12:45;2024-03-10T13:00;52;kWh;0;40586;0;0;40586;40586
2024-03-10T13:00;2024-03-10T13:15;53;kWh;0;10867;0;0;10867;10867
2024-03-10T13:15;2024-03-10T13:30;54;kWh;0;14051;0;0;14051;14051
2024-03-10T13:30;2024-03-10T13:45;55;kWh;0;510;0;0;510;510
2024-03-10T13:45;2024-03-10T14:00;56;kWh;-2284;0;0;0;2284;-2284
2024-03-10T14:00;2024-03-10T14:15;57;kWh;-2001;0;0;0;2001;-2001
2024-03-10T14:15;2024-03-10T14:30;58;kWh;-1801;0;0;0;1801;-1801
2024-03-10T14:30;2024-03-10T14:45;59;kWh;-5759;745;0;0;6504;-5014
2024-03-10T14:45;2024-03-10T15:00;60;kWh;0;134;0;0;134;134
2024-03-10T15:00;2024-03-10T15:15;61;kWh;-11539;15451;0;0;26990;3912
2024-03-10T15:15;2024-03-10T15:30;62;kWh;-3020;5996;0;0;9016;2976
2024-03-10T15:30;2024-03-10T15:45;63;kWh;-14572;776;0;0;15348;-13796
2024-03-10T15:45;2024-03-10T16:00;64;kWh;-14408;4451;0;0;18859;-9957
2024-03-10T16:00;2024-03-10T16:15;65;kWh;-20210;627;0;0;20837;-19583
2024-03-10T16:15;2024-03-10T16:30;66;kWh;-13364;5855;0;0;19219;-7509
2024-03-10T16:30;2024-03-10T16:45;67;kWh;0;21495;0;0;21495;21495
2024-03-10T16:45;2024-03-10T17:00;68;kWh;-13456;6558;0;0;20014;-6898
2024-03-10T17:00;2024-03-10T17:15;69;kWh;-30272;345;0;0;30617;-29927
2024-03-10T17:15;2024-03-10T17:30;70;kWh;-1763;177;0;0;1940;-1586
2024-03-10T17:30;2024-03-10T17:45;71;kWh;-1580;49;0;0;1629;-1531
2024-03-10T17:45;2024-03-10T18:00;72;kWh;0;3087;0;0;3087;3087
2024-03-10T18:00;2024-03-10T18:15;73;kWh;0;14610;0;0;14610;14610
2024-03-10T18:15;2024-03-10T18:30;74;kWh;0;16263;0;0;16263;16263
2024-03-10T18:30;2024-03-10T18:45;75;kWh;0;7551;0;0;7551;7551
2024-03-10T18:45;2024-03-10T19:00;76;kWh;0;11048;0;0;11048;11048
2024-03-10T19:00;2024-03-10T19:15;77;kWh;0;25752;0;0;25752;25752
2024-03-10T19:15;2024-03-10T19:30;78;kWh;0;20813;0;0;20813;20813
2024-03-10T19:30;2024-03-10T19:45;79;kWh;0;7837;0;0;7837;7837
2024-03-10T19:45;2024-03-10T20:00;80;kWh;0;7667;0;0;7667;7667
2024-03-10T20:00;2024-03-10T20:15;81;kWh;0;9731;0;0;9731;9731
2024-03-10T20:15;2024-03-10T20:30;82;kWh;0;1508;0;0;1508;1508
2024-03-10T20:30;2024-03-10T20:45;83;kWh;-9;0;0;0;9;-9
2024-03-10T20:45;2024-03-10T21:00;84;kWh;-130;0;0;0;130;-130
2024-03-10T21:00;2024-03-10T21:15;85;kWh;-365;0;0;0;365;-365
2024-03-10T21:15;2024-03-10T21:30;86;kWh;0;0;0;0;0;0
2024-03-10T21:30;2024-03-10T21:45;87;kWh;-1307;0;0;0;1307;-1307
2024-03-10T21:45;2024-03-10T22:00;88;kWh;-7847;0;0;0;7847;-7847
2024-03-10T22:00;2024-03-10T22:15;89;kWh;-2926;0;0;0;2926;-2926
2024-03-10T22:15;2024-03-10T22:30;90;kWh;-12605;0;0;0;12605;-12605
2024-03-10T22:30;2024-03-10T22:45;91;kWh;-13813;0;0;0;13813;-13813
2024-03-10T22:45;2024-03-10T23:00;92;kWh;-18571;0;0;0;18571;-18571
2024-03-10T23:00;2024-03-10T23:15;93;kWh;-13934;0;0;0;13934;-13934
2024-03-10T23:15;2024-03-10T23:30;94;kWh;-28710;0;0;0;28710;-28710
2024-03-10T23:30;2024-03-10T23:45;95;kWh;-31208;0;0;0;31208;-31208
2024-03-10T23:45;2024-03-11T00:00;96;kWh;-38635;0;0;0;38635;-38635
2024-03-11T00:00;2024-03-11T00:15;1;kWh;-13034;0;0;0;13034;-13034
2024-03-11T00:15;2024-03-11T00:30;2;kWh;0;0;0;0;0;0
2024-03-11T00:30;2024-03-11T00:45;3;kWh;0;0;0;0;0;0
2024-03-11T00:45;2024-03-11T01:00;4;kWh;-4505;0;0;0;4505;-4505
2024-03-11T01:00;2024-03-11T01:15;5;kWh;-3068;0;0;0;3068;-3068
2024-03-11T01:15;2024-03-11T01:30;6;kWh;-33045;0;0;0;33045;-33045
2024-03-11T01:30;2024-03-11T01:45;7;kWh;-51249;0;0;0;51249;-51249
2024-03-11T01:45;2024-03-11T02:00;8;kWh;-45981;0;0;0;45981;-45981
2024-03-11T02:00;2024-03-11T02:15;9;kWh;-2270;0;0;0;2270;-2270
2024-03-11T02:15;2024-03-11T02:30;10;kWh;-46;0;0;0;46;-46
2024-03-11T02:30;2024-03-11T02:45;11;kWh;-696;0;0;0;696;-696
2024-03-11T02:45;2024-03-11T03:00;12;kWh;-46;1;0;0;47;-45
2024-03-11T03:00;2024-03-11T03:15;13;kWh;-444;0;0;0;444;-444
2024-03-11T03:15;2024-03-11T03:30;14;kWh;0;2552;0;0;2552;2552
2024-03-11T03:30;2024-03-11T03:45;15;kWh;0;16061;0;0;16061;16061
2024-03-11T03:45;2024-03-11T04:00;16;kWh;0;11386;0;0;11386;11386
2024-03-11T04:00;2024-03-11T04:15;17;kWh;0;34256;0;0;34256;34256
2024-03-11T04:15;2024-03-11T04:30;18;kWh;0;46624;0;0;46624;46624
2024-03-11T04:30;2024-03-11T04:45;19;kWh;0;35945;0;0;35945;35945
2024-03-11T04:45;2024-03-11T05:00;20;kWh;0;32245;0;0;32245;32245
2024-03-11T05:00;2024-03-11T05:15;21;kWh;-728;3584;0;0;4312;2856
2024-03-11T05:15;2024-03-11T05:30;22;kWh;0;8840;0;0;8840;8840
2024-03-11T05:30;2024-03-11T05:45;23;kWh;0;11222;0;0;11222;11222
2024-03-11T05:45;2024-03-11T06:00;24;kWh;0;7997;0;0;7997;7997
2024-03-11T06:00;2024-03-11T06:15;25;kWh;0;0;0;0;0;0
2024-03-11T06:15;2024-03-11T06:30;26;kWh;0;276;0;0;276;276
2024-03-11T06:30;2024-03-11T06:45;27;kWh;-2127;0;0;0;2127;-2127
2024-03-11T06:45;2024-03-11T07:00;28;kWh;-1761;0;0;0;1761;-1761
2024-03-11T07:00;2024-03-11T07:15;29;kWh;-37443;67;0;0;37510;-37376
2024-03-11T07:15;2024-03-11T07:30;30;kWh;-1007;0;0;0;1007;-1007
2024-03-11T07:30;2024-03-11T07:45;31;kWh;0;48;0;0;48;48
2024-03-11T07:45;2024-03-11T08:00;32;kWh;0;225;0;0;225;225
2024-03-11T08:00;2024-03-11T08:15;33;kWh;0;20995;0;0;20995;20995
2024-03-11T08:15;2024-03-11T08:30;34;kWh;0;45245;0;0;45245;45245
2024-03-11T08:30;2024-03-11T08:45;35;kWh;0;39409;0;0;39409;39409
2024-03-11T08:45;2024-03-11T09:00;36;kWh;0;60399;0;0;60399;60399
2024-03-11T09:00;2024-03-11T09:15;37;kWh;0;99970;0;0;99970;99970
2024-03-11T09:15;2024-03-11T09:30;38;kWh;0;102793;0;0;102793;102793
2024-03-11T09:30;2024-03-11T09:45;39;kWh;0;76741;0;0;76741;76741
2024-03-11T09:45;2024-03-11T10:00;40;kWh;0;36360;0;0;36360;36360
2024-03-11T10:00;2024-03-11T10:15;41;kWh;-1353;9186;0;0;10539;7833
2024-03-11T10:15;2024-03-11T10:30;42;kWh;0;3523;0;0;3523;3523
2024-03-11T10:30;2024-03-11T10:45;43;kWh;0;1286;0;0;1286;1286
2024-03-11T10:45;2024-03-11T11:00;44;kWh;0;27536;0;0;27536;27536
2024-03-11T11:00;2024-03-11T11:15;45;kWh;-601;1539;0;0;2140;938
2024-03-11T11:15;2024-03-11T11:30;46;kWh;0;17440;0;0;17440;17440
2024-03-11T11:30;2024-03-11T11:45;47;kWh;0;18662;0;0;18662;18662
2024-03-11T11:45;2024-03-11T12:00;48;kWh;0;39199;0;0;39199;39199
2024-03-11T12:00;2024-03-11T12:15;49;kWh;-1081;1277;0;0;2358;196
2024-03-11T12:15;2024-03-11T12:30;50;kWh;0;296;0;0;296;296
2024-03-11T12:30;2024-03-11T12:45;51;kWh;-480;0;0;0;480;-480
2024-03-11T12:45;2024-03-11T13:00;52;kWh;0;0;0;0;0;0
2024-03-11T13:00;2024-03-11T13:15;53;kWh;0;0;0;0;0;0
2024-03-11T13:15;2024-03-11T13:30;54;kWh;0;0;0;0;0;0
2024-03-11T13:30;2024-03-11T13:45;55;kWh;0;642;0;0;642;642
2024-03-11T13:45;2024-03-11T14:00;56;kWh;0;0;0;0;0;0
2024-03-11T14:00;2024-03-11T14:15;57;kWh;0;36716;0;0;36716;36716
2024-03-11T14:15;2024-03-11T14:30;58;kWh;-161;19586;0;0;19747;19425
2024-03-11T14:30;2024-03-11T14:45;59;kWh;0;12581;0;0;12581;12581
2024-03-11T14:45;2024-03-11T15:00;60;kWh;0;34257;0;0;34257;34257
2024-03-11T15:00;2024-03-11T15:15;61;kWh;-133;4642;0;0;4775;4509
2024-03-11T15:15;2024-03-11T15:30;62;kWh;0;2064;0;0;2064;2064
2024-03-11T15:30;2024-03-11T15:45;63;kWh;0;71384;0;0;71384;71384
2024-03-11T15:45;2024-03-11T16:00;64;kWh;0;39273;0;0;39273;39273
2024-03-11T16:00;2024-03-11T16:15;65;kWh;0;43613;0;0;43613;43613
2024-03-11T16:15;2024-03-11T16:30;66;kWh;0;58791;0;0;58791;58791
2024-03-11T16:30;2024-03-11T16:45;67;kWh;0;58427;0;0;58427;58427
2024-03-11T16:45;2024-03-11T17:00;68;kWh;0;53701;0;0;53701;53701
2024-03-11T17:00;2024-03-11T17:15;69;kWh;-1029;19753;0;0;20782;18724
2024-03-11T17:15;2024-03-11T17:30;70;kWh;-15;2874;0;0;2889;2859
2024-03-11T17:30;2024-03-11T17:45;71;kWh;0;7880;0;0;7880;7880
2024-03-11T17:45;2024-03-11T18:00;72;kWh;0;52236;0;0;52236;52236
2024-03-11T18:00;2024-03-11T18:15;73;kWh;-52;18233;0;0;18285;18181
2024-03-11T18:15;2024-03-11T18:30;74;kWh;0;3142;0;0;3142;3142
2024-03-11T18:30;2024-03-11T18:45;75;kWh;0;30897;0;0;30897;30897
2024-03-11T18:45;2024-03-11T19:00;76;kWh;0;17997;0;0;17997;17997
2024-03-11T19:00;2024-03-11T19:15;77;kWh;0;14357;0;0;14357;14357
2024-03-11T19:15;2024-03-11T19:30;78;kWh;0;1390;0;0;1390;1390
2024-03-11T19:30;2024-03-11T19:45;79;kWh;0;1585;0;0;1585;1585
2024-03-11T19:45;2024-03-11T20:00;80;kWh;0;0;0;0;0;0
2024-03-11T20:00;2024-03-11T20:15;81;kWh;0;57906;0;0;57906;57906
2024-03-11T20:15;2024-03-11T20:30;82;kWh;0;55038;0;0;55038;55038
2024-03-11T20:30;2024-03-11T20:45;83;kWh;0;16958;0;0;16958;16958
2024-03-11T20:45;2024-03-11T21:00;84;kWh;0;11546;0;0;11546;11546
2024-03-11T21:00;2024-03-11T21:15;85;kWh;0;56705;0;0;56705;56705
2024-03-11T21:15;2024-03-11T21:30;86;kWh;0;78061;0;0;78061;78061
2024-03-11T21:30;2024-03-11T21:45;87;kWh;0;29898;0;0;29898;29898
2024-03-11T21:45;2024-03-11T22:00;88;kWh;0;2879;0;0;2879;2879
2024-03-11T22:00;2024-03-11T22:15;89;kWh;-2256;0;0;0;2256;-2256
2024-03-11T22:15;2024-03-11T22:30;90;kWh;-17412;0;0;0;17412;-17412
2024-03-11T22:30;2024-03-11T22:45;91;kWh;-7704;794;0;0;8498;-6910
2024-03-11T22:45;2024-03-11T23:00;92;kWh;0;6;0;0;6;6
2024-03-11T23:00;2024-03-11T23:15;93;kWh;-178;0;0;0;178;-178
2024-03-11T23:15;2024-03-11T23:30;94;kWh;0;0;0;0;0;0
2024-03-11T23:30;2024-03-11T23:45;95;kWh;-293;0;0;0;293;-293
2024-03-11T23:45;2024-03-12T00:00;96;kWh;-12364;0;0;0;12364;-12364
2024-03-12T00:00;2024-03-12T00:15;1;kWh;-612;0;0;0;612;-612
2024-03-12T00:15;2024-03-12T00:30;2;kWh;-810;0;0;0;810;-810
2024-03-12T00:30;2024-03-12T00:45;3;kWh;-2198;0;0;0;2198;-2198
2024-03-12T00:45;2024-03-12T01:00;4;kWh;-4924;0;0;0;4924;-4924
2024-03-12T01:00;2024-03-12T01:15;5;kWh;-2252;10;0;0;2262;-2242
2024-03-12T01:15;2024-03-12T01:30;6;kWh;-2192;0;0;0;2192;-2192
2024-03-12T01:30;2024-03-12T01:45;7;kWh;-2450;0;0;0;2450;-2450
2024-03-12T01:45;2024-03-12T02:00;8;kWh;-3985;0;0;0;3985;-3985
2024-03-12T02:00;2024-03-12T02:15;9;kWh;-2452;0;0;0;2452;-2452
2024-03-12T02:15;2024-03-12T02:30;10;kWh;-4631;0;0;0;4631;-4631
2024-03-12T02:30;2024-03-12T02:45;11;kWh;-2572;0;0;0;2572;-2572
2024-03-12T02:45;2024-03-12T03:00;12;kWh;-6049;0;0;0;6049;-6049
2024-03-12T03:00;2024-03-12T03:15;13;kWh;-2881;0;0;0;2881;-2881
2024-03-12T03:15;2024-03-12T03:30;14;kWh;0;0;0;0;0;0
2024-03-12T03:30;2024-03-12T03:45;15;kWh;0;964;0;0;964;964
2024-03-12T03:45;2024-03-12T04:00;16;kWh;0;2749;0;0;2749;2749
2024-03-12T04:00;2024-03-12T04:15;17;kWh;0;13325;0;0;13325;13325
2024-03-12T04:15;2024-03-12T04:30;18;kWh;0;8172;0;0;8172;8172
2024-03-12T04:30;2024-03-12T04:45;19;kWh;0;9665;0;0;9665;9665
2024-03-12T04:45;2024-03-12T05:00;20;kWh;-3;6;0;0;9;3
2024-03-12T05:00;2024-03-12T05:15;21;kWh;-421;957;0;0;1378;536
2024-03-12T05:15;2024-03-12T05:30;22;kWh;0;10135;0;0;10135;10135
2024-03-12T05:30;2024-03-12T05:45;23;kWh;0;12347;0;0;12347;12347
2024-03-12T05:45;2024-03-12T06:00;24;kWh;-1461;312;0;0;1773;-1149
2024-03-12T06:00;2024-03-12T06:15;25;kWh;-18080;0;0;0;18080;-18080
2024-03-12T06:15;2024-03-12T06:30;26;kWh;-6543;0;0;0;6543;-6543
2024-03-12T06:30;2024-03-12T06:45;27;kWh;0;0;0;0;0;0
2024-03-12T06:45;2024-03-12T07:00;28;kWh;0;141;0;0;141;141
2024-03-12T07:00;2024-03-12T07:15;29;kWh;-11928;0;0;0;11928;-11928
2024-03-12T07:15;2024-03-12T07:30;30;kWh;-631;15;0;0;646;-616
2024-03-12T07:30;2024-03-12T07:45;31;kWh;0;11511;0;0;11511;11511
2024-03-12T07:45;2024-03-12T08:00;32;kWh;-1273;174;0;0;1447;-1099
2024-03-12T08:00;2024-03-12T08:15;33;kWh;0;5778;0;0;5778;5778
2024-03-12T08:15;2024-03-12T08:30;34;kWh;0;10368;0;0;10368;10368
2024-03-12T08:30;2024-03-12T08:45;35;kWh;0;1838;0;0;1838;1838
2024-03-12T08:45;2024-03-12T09:00;36;kWh;0;5949;0;0;5949;5949
2024-03-12T09:00;2024-03-12T09:15;37;kWh;0;1162;0;0;1162;1162
2024-03-12T09:15;2024-03-12T09:30;38;kWh;0;2384;0;0;2384;2384
2024-03-12T09:30;2024-03-12T09:45;39;kWh;0;0;0;0;0;0
2024-03-12T09:45;2024-03-12T10:00;40;kWh;0;1589;0;0;1589;1589
2024-03-12T10:00;2024-03-12T10:15;41;kWh;-2366;22;0;0;2388;-2344
2024-03-12T10:15;2024-03-12T10:30;42;kWh;-6506;0;0;0;6506;-6506
2024-03-12T10:30;2024-03-12T10:45;43;kWh;-2776;0;0;0;2776;-2776
2024-03-12T10:45;2024-03-12T11:00;44;kWh;-53077;0;0;0;53077;-53077
2024-03-12T11:00;2024-03-12T11:15;45;kWh;-30179;548;0;0;30727;-29631
2024-03-12T11:15;2024-03-12T11:30;46;kWh;-22471;51;0;0;22522;-22420
2024-03-12T11:30;2024-03-12T11:45;47;kWh;-40404;0;0;0;40404;-40404
2024-03-12T11:45;2024-03-12T12:00;48;kWh;-17043;258;0;0;17301;-16785
2024-03-12T12:00;2024-03-12T12:15;49;kWh;0;0;0;0;0;0
2024-03-12T12:15;2024-03-12T12:30;50;kWh;-1697;0;0;0;1697;-1697
2024-03-12T12:30;2024-03-12T12:45;51;kWh;-44957;0;0;0;44957;-44957
2024-03-12T12:45;2024-03-12T13:00;52;kWh;-97803;0;0;0;97803;-97803
2024-03-12T13:00;2024-03-12T13:15;53;kWh;-41876;88;0;0;41964;-41788
2024-03-12T13:15;2024-03-12T13:30;54;kWh;-1414;0;0;0;1414;-1414
2024-03-12T13:30;2024-03-12T13:45;55;kWh;-731;5205;0;0;5936;4474
2024-03-12T13:45;2024-03-12T14:00;56;kWh;0;11242;0;0;11242;11242
2024-03-12T14:00;2024-03-12T14:15;57;kWh;-57398;0;0;0;57398;-57398
2024-03-12T14:15;2024-03-12T14:30;58;kWh;-9083;44;0;0;9127;-9039
2024-03-12T14:30;2024-03-12T14:45;59;kWh;-2353;0;0;0;2353;-2353
2024-03-12T14:45;2024-03-12T15:00;60;kWh;-1233;0;0;0;1233;-1233
2024-03-12T15:00;2024-03-12T15:15;61;kWh;-43344;0;0;0;43344;-43344
2024-03-12T15:15;2024-03-12T15:30;62;kWh;-33838;0;0;0;33838;-33838
2024-03-12T15:30;2024-03-12T15:45;63;kWh;-3;1376;0;0;1379;1373
2024-03-12T15:45;2024-03-12T16:00;64;kWh;0;15021;0;0;15021;15021
2024-03-12T16:00;2024-03-12T16:15;65;kWh;0;8831;0;0;8831;8831
2024-03-12T16:15;2024-03-12T16:30;66;kWh;0;22287;0;0;22287;22287
2024-03-12T16:30;2024-03-12T16:45;67;kWh;0;9574;0;0;9574;9574
2024-03-12T16:45;2024-03-12T17:00;68;kWh;-182;2626;0;0;2808;2444
2024-03-12T17:00;2024-03-12T17:15;69;kWh;-36302;0;0;0;36302;-36302
2024-03-12T17:15;2024-03-12T17:30;70;kWh;-23291;0;0;0;23291;-23291
2024-03-12T17:30;2024-03-12T17:45;71;kWh;-32222;0;0;0;32222;-32222
2024-03-12T17:45;2024-03-12T18:00;72;kWh;-22568;126;0;0;22694;-22442
2024-03-12T18:00;2024-03-12T18:15;73;kWh;-37490;133;0;0;37623;-37357
2024-03-12T18:15;2024-03-12T18:30;74;kWh;-7618;0;0;0;7618;-7618
2024-03-12T18:30;2024-03-12T18:45;75;kWh;-19055;0;0;0;19055;-19055
2024-03-12T18:45;2024-03-12T19:00;76;kWh;-43983;0;0;0;43983;-43983
2024-03-12T19:00;2024-03-12T19:15;77;kWh;-4999;3081;0;0;8080;-1918
2024-03-12T19:15;2024-03-12T19:30;78;kWh;-16;7;0;0;23;-9
2024-03-12T19:30;2024-03-12T19:45;79;kWh;-5623;0;0;0;5623;-5623
2024-03-12T19:45;2024-03-12T20:00;80;kWh;-17258;0;0;0;17258;-17258
2024-03-12T20:00;2024-03-12T20:15;81;kWh;-6954;0;0;0;6954;-6954
2024-03-12T20:15;2024-03-12T20:30;82;kWh;-14738;0;0;0;14738;-14738
2024-03-12T20:30;2024-03-12T20:45;83;kWh;-12419;0;0;0;12419;-12419
2024-03-12T20:45;2024-03-12T21:00;84;kWh;-27356;0;0;0;27356;-27356
2024-03-12T21:00;2024-03-12T21:15;85;kWh;-11454;1171;0;0;12625;-10283
2024-03-12T21:15;2024-03-12T21:30;86;kWh;0;3942;0;0;3942;3942
2024-03-12T21:30;2024-03-12T21:45;87;kWh;-199;0;0;0;199;-199
2024-03-12T21:45;2024-03-12T22:00;88;kWh;-159;0;0;0;159;-159
2024-03-12T22:00;2024-03-12T22:15;89;kWh;-1930;4742;0;0;6672;2812
2024-03-12T22:15;2024-03-12T22:30;90;kWh;0;4431;0;0;4431;4431
2024-03-12T22:30;2024-03-12T22:45;91;kWh;0;7030;0;0;7030;7030
2024-03-12T22:45;2024-03-12T23:00;92;kWh;0;260;0;0;260;260
2024-03-12T23:00;2024-03-12T23:15;93;kWh;-356;2809;0;0;3165;2453
2024-03-12T23:15;2024-03-12T23:30;94;kWh;0;2549;0;0;2549;2549
2024-03-12T23:30;2024-03-12T23:45;95;kWh;-1755;0;0;0;1755;-1755
2024-03-12T23:45;2024-03-13T00:00;96;kWh;-32853;0;0;0;32853;-32853
2024-03-13T00:00;2024-03-13T00:15;1;kWh;-50084;54;0;0;50138;-50030
2024-03-13T00:15;2024-03-13T00:30;2;kWh;-2671;0;0;0;2671;-2671
2024-03-13T00:30;2024-03-13T00:45;3;kWh;-731;0;0;0;731;-731
2024-03-13T00:45;2024-03-13T01:00;4;kWh;0;1450;0;0;1450;1450
2024-03-13T01:00;2024-03-13T01:15;5;kWh;0;20342;0;0;20342;20342
2024-03-13T01:15;2024-03-13T01:30;6;kWh;0;1951;0;0;1951;1951
2024-03-13T01:30;2024-03-13T01:45;7;kWh;0;8693;0;0;8693;8693
2024-03-13T01:45;2024-03-13T02:00;8;kWh;0;730;0;0;730;730
2024-03-13T02:00;2024-03-13T02:15;9;kWh;-3051;0;0;0;3051;-3051
2024-03-13T02:15;2024-03-13T02:30;10;kWh;-45645;0;0;0;45645;-45645
2024-03-13T02:30;2024-03-13T02:45;11;kWh;-31463;0;0;0;31463;-31463
2024-03-13T02:45;2024-03-13T03:00;12;kWh;-19058;0;0;0;19058;-19058
2024-03-13T03:00;2024-03-13T03:15;13;kWh;-29721;0;0;0;29721;-29721
2024-03-13T03:15;2024-03-13T03:30;14;kWh;-35509;0;0;0;35509;-35509
2024-03-13T03:30;2024-03-13T03:45;15;kWh;-69845;0;0;0;69845;-69845
2024-03-13T03:45;2024-03-13T04:00;16;kWh;-88945;0;0;0;88945;-88945
2024-03-13T04:00;2024-03-13T04:15;17;kWh;-16506;1706;0;0;18212;-14800
2024-03-13T04:15;2024-03-13T04:30;18;kWh;-127;1351;0;0;1478;1224
2024-03-13T04:30;2024-03-13T04:45;19;kWh;0;15397;0;0;15397;15397
2024-03-13T04:45;2024-03-13T05:00;20;kWh;0;37666;0;0;37666;37666
2024-03-13T05:00;2024-03-13T05:15;21;kWh;0;1610;0;0;1610;1610
2024-03-13T05:15;2024-03-13T05:30;22;kWh;0;11443;0;0;11443;11443
2024-03-13T05:30;2024-03-13T05:45;23;kWh;0;18806;0;0;18806;18806
2024-03-13T05:45;2024-03-13T06:00;24;kWh;0;20455;0;0;20455;20455
2024-03-13T06:00;2024-03-13T06:15;25;kWh;0;2431;0;0;2431;2431
2024-03-13T06:15;2024-03-13T06:30;26;kWh;0;28496;0;0;28496;28496
2024-03-13T06:30;2024-03-13T06:45;27;kWh;0;22526;0;0;22526;22526
2024-03-13T06:45;2024-03-13T07:00;28;kWh;-455;1794;0;0;2249;1339
2024-03-13T07:00;2024-03-13T07:15;29;kWh;-3485;0;0;0;3485;-3485
2024-03-13T07:15;2024-03-13T07:30;30;kWh;-821;0;0;0;821;-821
2024-03-13T07:30;2024-03-13T07:45;31;kWh;0;0;0;0;0;0
2024-03-13T07:45;2024-03-13T08:00;32;kWh;0;0;0;0;0;0
2024-03-13T08:00;2024-03-13T08:15;33;kWh;0;1087;0;0;1087;1087
2024-03-13T08:15;2024-03-13T08:30;34;kWh;-448;0;0;0;448;-448
2024-03-13T08:30;2024-03-13T08:45;35;kWh;-1445;0;0;0;1445;-1445
2024-03-13T08:45;2024-03-13T09:00;36;kWh;-1576;0;0;0;1576;-1576
2024-03-13T09:00;2024-03-13T09:15;37;kWh;-2165;1058;0;0;3223;-1107
2024-03-13T09:15;2024-03-13T09:30;38;kWh;0;39;0;0;39;39
2024-03-13T09:30;2024-03-13T09:45;39;kWh;0;0;0;0;0;0
2024-03-13T09:45;2024-03-13T10:00;40;kWh;0;0;0;0;0;0
2024-03-13T10:00;2024-03-13T10:15;41;kWh;0;6170;0;0;6170;6170
2024-03-13T10:15;2024-03-13T10:30;42;kWh;0;7;0;0;7;7
2024-03-13T10:30;2024-03-13T10:45;43;kWh;0;0;0;0;0;0
2024-03-13T10:45;2024-03-13T11:00;44;kWh;0;5626;0;0;5626;5626
2024-03-13T11:00;2024-03-13T11:15;45;kWh;0;691;0;0;691;691
2024-03-13T11:15;2024-03-13T11:30;46;kWh;-774;33308;0;0;34082;32534
2024-03-13T11:30;2024-03-13T11:45;47;kWh;-1314;490;0;0;1804;-824
2024-03-13T11:45;2024-03-13T12:00;48;kWh;0;1383;0;0;1383;1383
2024-03-13T12:00;2024-03-13T12:15;49;kWh;0;10754;0;0;10754;10754
2024-03-13T12:15;2024-03-13T12:30;50;kWh;0;72889;0;0;72889;72889
2024-03-13T12:30;2024-03-13T12:45;51;kWh;0;33987;0;0;33987;33987
2024-03-13T12:45;2024-03-13T13:00;52;kWh;-443;4993;0;0;5436;4550
2024-03-13T13:00;2024-03-13T13:15;53;kWh;0;10604;0;0;10604;10604
2024-03-13T13:15;2024-03-13T13:30;54;kWh;0;185;0;0;185;185
2024-03-13T13:30;2024-03-13T13:45;55;kWh;0;0;0;0;0;0
2024-03-13T13:45;2024-03-13T14:00;56;kWh;-2861;0;0;0;2861;-2861
2024-03-13T14:00;2024-03-13T14:15;57;kWh;0;0;0;0;0;0
2024-03-13T14:15;2024-03-13T14:30;58;kWh;0;2097;0;0;2097;2097
2024-03-13T14:30;2024-03-13T14:45;59;kWh;0;15853;0;0;15853;15853
2024-03-13T14:45;2024-03-13T15:00;60;kWh;0;2057;0;0;2057;2057
2024-03-13T15:00;2024-03-13T15:15;61;kWh;-2;0;0;0;2;-2
2024-03-13T15:15;2024-03-13T15:30;62;kWh;-13182;0;0;0;13182;-13182
2024-03-13T15:30;2024-03-13T15:45;63;kWh;-13364;0;0;0;13364;-13364
2024-03-13T15:45;2024-03-13T16:00;64;kWh;-28489;0;0;0;28489;-28489
2024-03-13T16:00;2024-03-13T16:15;65;kWh;-12456;0;0;0;12456;-12456
2024-03-13T16:15;2024-03-13T16:30;66;kWh;0;1890;0;0;1890;1890
2024-03-13T16:30;2024-03-13T16:45;67;kWh;0;1759;0;0;1759;1759
2024-03-13T16:45;2024-03-13T17:00;68;kWh;0;14;0;0;14;14
2024-03-13T17:00;2024-03-13T17:15;69;kWh;0;247;0;0;247;247
2024-03-13T17:15;2024-03-13T17:30;70;kWh;0;0;0;0;0;0
2024-03-13T17:30;2024-03-13T17:45;71;kWh;-598;0;0;0;598;-598
2024-03-13T17:45;2024-03-13T18:00;72;kWh;0;0;0;0;0;0
2024-03-13T18:00;2024-03-13T18:15;73;kWh;0;0;0;0;0;0
2024-03-13T18:15;2024-03-13T18:30;74;kWh;0;8799;0;0;8799;8799
2024-03-13T18:30;2024-03-13T18:45;75;kWh;0;32404;0;0;32404;32404
2024-03-13T18:45;2024-03-13T19:00;76;kWh;-2197;13674;0;0;15871;11477
2024-03-13T19:00;2024-03-13T19:15;77;kWh;-6067;13632;0;0;19699;7565
2024-03-13T19:15;2024-03-13T19:30;78;kWh;0;20243;0;0;20243;20243
2024-03-13T19:30;2024-03-13T19:45;79;kWh;0;992;0;0;992;992
2024-03-13T19:45;2024-03-13T20:00;80;kWh;-2936;0;0;0;2936;-2936
2024-03-13T20:00;2024-03-13T20:15;81;kWh;-46165;0;0;0;46165;-46165
2024-03-13T20:15;2024-03-13T20:30;82;kWh;-52141;0;0;0;52141;-52141
2024-03-13T20:30;2024-03-13T20:45;83;kWh;-8801;0;0;0;8801;-8801
2024-03-13T20:45;2024-03-13T21:00;84;kWh;0;0;0;0;0;0
2024-03-13T21:00;2024-03-13T21:15;85;kWh;0;5063;0;0;5063;5063
2024-03-13T21:15;2024-03-13T21:30;86;kWh;0;6793;0;0;6793;6793
2024-03-13T21:30;2024-03-13T21:45;87;kWh;0;1034;0;0;1034;1034
2024-03-13T21:45;2024-03-13T22:00;88;kWh;0;0;0;0;0;0
2024-03-13T22:00;2024-03-13T22:15;89;kWh;-5743;4762;0;0;10505;-981
2024-03-13T22:15;2024-03-13T22:30;90;kWh;0;25170;0;0;25170;25170
2024-03-13T22:30;2024-03-13T22:45;91;kWh;0;9502;0;0;9502;9502
2024-03-13T22:45;2024-03-13T23:00;92;kWh;0;156;0;0;156;156
2024-03-13T23:00;2024-03-13T23:15;93;kWh;0;30927;0;0;30927;30927
2024-03-13T23:15;2024-03-13T23:30;94;kWh;0;3151;0;0;3151;3151
2024-03-13T23:30;2024-03-13T23:45;95;kWh;0;0;0;0;0;0
2024-03-13T23:45;2024-03-14T00:00;96;kWh;0;0;0;0;0;0
2024-03-14T00:00;2024-03-14T00:15;1;kWh;-446;242;0;0;688;-204
2024-03-14T00:15;2024-03-14T00:30;2;kWh;0;21904;0;0;21904;21904
2024-03-14T00:30;2024-03-14T00:45;3;kWh;0;445;0;0;445;445
2024-03-14T00:45;2024-03-14T01:00;4;kWh;0;0;0;0;0;0
2024-03-14T01:00;2024-03-14T01:15;5;kWh;0;20849;0;0;20849;20849
2024-03-14T01:15;2024-03-14T01:30;6;kWh;0;10175;0;0;10175;10175
2024-03-14T01:30;2024-03-14T01:45;7;kWh;0;0;0;0;0;0
2024-03-14T01:45;2024-03-14T02:00;8;kWh;-1151;0;0;0;1151;-1151
2024-03-14T02:00;2024-03-14T02:15;9;kWh;-711;0;0;0;711;-711
2024-03-14T02:15;2024-03-14T02:30;10;kWh;0;0;0;0;0;0
2024-03-14T02:30;2024-03-14T02:45;11;kWh;0;0;0;0;0;0
2024-03-14T02:45;2024-03-14T03:00;12;kWh;-4;0;0;0;4;-4
2024-03-14T03:00;2024-03-14T03:15;13;kWh;0;1579;0;0;1579;1579
2024-03-14T03:15;2024-03-14T03:30;14;kWh;0;8719;0;0;8719;8719
2024-03-14T03:30;2024-03-14T03:45;15;kWh;0;4850;0;0;4850;4850
2024-03-14T03:45;2024-03-14T04:00;16;kWh;-11;1002;0;0;1013;991
2024-03-14T04:00;2024-03-14T04:15;17;kWh;-3020;0;0;0;3020;-3020
2024-03-14T04:15;2024-03-14T04:30;18;kWh;-818;0;0;0;818;-818
2024-03-14T04:30;2024-03-14T04:45;19;kWh;0;0;0;0;0;0
2024-03-14T04:45;2024-03-14T05:00;20;kWh;0;0;0;0;0;0
2024-03-14T05:00;2024-03-14T05:15;21;kWh;-7954;853;0;0;8807;-7101
2024-03-14T05:15;2024-03-14T05:30;22;kWh;-7608;1992;0;0;9600;-5616
2024-03-14T05:30;2024-03-14T05:45;23;kWh;-26;6712;0;0;6738;6686
2024-03-14T05:45;2024-03-14T06:00;24;kWh;-865;332;0;0;1197;-533
2024-03-14T06:00;2024-03-14T06:15;25;kWh;0;0;0;0;0;0
2024-03-14T06:15;2024-03-14T06:30;26;kWh;-1706;0;0;0;1706;-1706
2024-03-14T06:30;2024-03-14T06:45;27;kWh;-1071;0;0;0;1071;-1071
2024-03-14T06:45;2024-03-14T07:00;28;kWh;-225;0;0;0;225;-225
2024-03-14T07:00;2024-03-14T07:15;29;kWh;-144;0;0;0;144;-144
2024-03-14T07:15;2024-03-14T07:30;30;kWh;-61;0;0;0;61;-61
2024-03-14T07:30;2024-03-14T07:45;31;kWh;-16131;0;0;0;16131;-16131
2024-03-14T07:45;2024-03-14T08:00;32;kWh;-33308;0;0;0;33308;-33308
2024-03-14T08:00;2024-03-14T08:15;33;kWh;-14292;0;0;0;14292;-14292
2024-03-14T08:15;2024-03-14T08:30;34;kWh;-48517;0;0;0;48517;-48517
2024-03-14T08:30;2024-03-14T08:45;35;kWh;-31963;0;0;0;31963;-31963
2024-03-14T08:45;2024-03-14T09:00;36;kWh;-37698;0;0;0;37698;-37698
2024-03-14T09:00;2024-03-14T09:15;37;kWh;-12443;0;0;0;12443;-12443
2024-03-14T09:15;2024-03-14T09:30;38;kWh;-4983;0;0;0;4983;-4983
2024-03-14T09:30;2024-03-14T09:45;39;kWh;-1646;0;0;0;1646;-1646
2024-03-14T09:45;2024-03-14T10:00;40;kWh;-10799;7;0;0;10806;-10792
2024-03-14T10:00;2024-03-14T10:15;41;kWh;-81;32008;0;0;32089;31927
2024-03-14T10:15;2024-03-14T10:30;42;kWh;0;290;0;0;290;290
2024-03-14T10:30;2024-03-14T10:45;43;kWh;-7157;0;0;0;7157;-7157
2024-03-14T10:45;2024-03-14T11:00;44;kWh;-13338;0;0;0;13338;-13338
2024-03-14T11:00;2024-03-14T11:15;45;kWh;-1067;446;0;0;1513;-621
2024-03-14T11:15;2024-03-14T11:30;46;kWh;-7708;0;0;0;7708;-7708
2024-03-14T11:30;2024-03-14T11:45;47;kWh;-9670;0;0;0;9670;-9670
2024-03-14T11:45;2024-03-14T12:00;48;kWh;-8753;1402;0;0;10155;-7351
2024-03-14T12:00;2024-03-14T12:15;49;kWh;-18376;0;0;0;18376;-18376
2024-03-14T12:15;2024-03-14T12:30;50;kWh;-14077;10;0;0;14087;-14067
2024-03-14T12:30;2024-03-14T12:45;51;kWh;-28064;1341;0;0;29405;-26723
2024-03-14T12:45;2024-03-14T13:00;52;kWh;-25500;437;0;0;25937;-25063
2024-03-14T13:00;2024-03-14T13:15;53;kWh;-20422;73;0;0;20495;-20349
2024-03-14T13:15;2024-03-14T13:30;54;kWh;-30028;131;0;0;30159;-29897
2024-03-14T13:30;2024-03-14T13:45;55;kWh;-21885;348;0;0;22233;-21537
2024-03-14T13:45;2024-03-14T14:00;56;kWh;-13781;47;0;0;13828;-13734
2024-03-14T14:00;2024-03-14T14:15;57;kWh;-15018;40;0;0;15058;-14978
2024-03-14T14:15;2024-03-14T14:30;58;kWh;-1566;379;0;0;1945;-1187
2024-03-14T14:30;2024-03-14T14:45;59;kWh;0;4533;0;0;4533;4533
2024-03-14T14:45;2024-03-14T15:00;60;kWh;0;60433;0;0;60433;60433
2024-03-14T15:00;2024-03-14T15:15;61;kWh;-260;5805;0;0;6065;5545
2024-03-14T15:15;2024-03-14T15:30;62;kWh;0;1438;0;0;1438;1438
2024-03-14T15:30;2024-03-14T15:45;63;kWh;0;9044;0;0;9044;9044
2024-03-14T15:45;2024-03-14T16:00;64;kWh;-820;4558;0;0;5378;3738
2024-03-14T16:00;2024-03-14T16:15;65;kWh;-33510;810;0;0;34320;-32700
2024-03-14T16:15;2024-03-14T16:30;66;kWh;-14931;1932;0;0;16863;-12999
2024-03-14T16:30;2024-03-14T16:45;67;kWh;-7380;3903;0;0;11283;-3477
2024-03-14T16:45;2024-03-14T17:00;68;kWh;-1382;0;0;0;1382;-1382
2024-03-14T17:00;2024-03-14T17:15;69;kWh;-615;1357;0;0;1972;742
2024-03-14T17:15;2024-03-14T17:30;70;kWh;0;1285;0;0;1285;1285
2024-03-14T17:30;2024-03-14T17:45;71;kWh;0;726;0;0;726;726
2024-03-14T17:45;2024-03-14T18:00;72;kWh;0;1165;0;0;1165;1165
2024-03-14T18:00;2024-03-14T18:15;73;kWh;0;4859;0;0;4859;4859
2024-03-14T18:15;2024-03-14T18:30;74;kWh;0;47480;0;0;47480;47480
2024-03-14T18:30;2024-03-14T18:45;75;kWh;0;41417;0;0;41417;41417
2024-03-14T18:45;2024-03-14T19:00;76;kWh;0;4728;0;0;4728;4728
2024-03-14T19:00;2024-03-14T19:15;77;kWh;-62;32985;0;0;33047;32923
2024-03-14T19:15;2024-03-14T19:30;78;kWh;-947;0;0;0;947;-947
2024-03-14T19:30;2024-03-14T19:45;79;kWh;-6703;0;0;0;6703;-6703
2024-03-14T19:45;2024-03-14T20:00;80;kWh;-55265;0;0;0;55265;-55265
2024-03-14T20:00;2024-03-14T20:15;81;kWh;-46982;11;0;0;46993;-46971
2024-03-14T20:15;2024-03-14T20:30;82;kWh;-35365;0;0;0;35365;-35365
2024-03-14T20:30;2024-03-14T20:45;83;kWh;-22943;0;0;0;22943;-22943
2024-03-14T20:45;2024-03-14T21:00;84;kWh;-12245;234;0;0;12479;-12011
2024-03-14T21:00;2024-03-14T21:15;85;kWh;-1500;0;0;0;1500;-1500
2024-03-14T21:15;2024-03-14T21:30;86;kWh;0;21783;0;0;21783;21783
2024-03-14T21:30;2024-03-14T21:45;87;kWh;-394;8;0;0;402;-386
2024-03-14T21:45;2024-03-14T22:00;88;kWh;-16579;0;0;0;16579;-16579
2024-03-14T22:00;2024-03-14T22:15;89;kWh;-2050;15177;0;0;17227;13127
2024-03-14T22:15;2024-03-14T22:30;90;kWh;0;13128;0;0;13128;13128
2024-03-14T22:30;2024-03-14T22:45;91;kWh;-6244;131;0;0;6375;-6113
2024-03-14T22:45;2024-03-14T23:00;92;kWh;-41620;0;0;0;41620;-41620
2024-03-14T23:00;2024-03-14T23:15;93;kWh;-4269;0;0;0;4269;-4269
2024-03-14T23:15;2024-03-14T23:30;94;kWh;-27628;0;0;0;27628;-27628
2024-03-14T23:30;2024-03-14T23:45;95;kWh;-43956;0;0;0;43956;-43956
2024-03-14T23:45;2024-03-15T00:00;96;kWh;-36115;0;0;0;36115;-36115
2024-03-15T00:00;2024-03-15T00:15;1;kWh;-23842;1476;0;0;25318;-22366
2024-03-15T00:15;2024-03-15T00:30;2;kWh;0;1715;0;0;1715;1715
2024-03-15T00:30;2024-03-15T00:45;3;kWh;-2;1137;0;0;1139;1135
2024-03-15T00:45;2024-03-15T01:00;4;kWh;-6162;272;0;0;6434;-5890
2024-03-15T01:00;2024-03-15T01:15;5;kWh;-71;38900;0;0;38971;38829
2024-03-15T01:15;2024-03-15T01:30;6;kWh;0;10571;0;0;10571;10571
2024-03-15T01:30;2024-03-15T01:45;7;kWh;0;42;0;0;42;42
2024-03-15T01:45;2024-03-15T02:00;8;kWh;-13460;0;0;0;13460;-13460
2024-03-15T02:00;2024-03-15T02:15;9;kWh;-6419;84;0;0;6503;-6335
2024-03-15T02:15;2024-03-15T02:30;10;kWh;0;168;0;0;168;168
2024-03-15T02:30;2024-03-15T02:45;11;kWh;0;0;0;0;0;0
2024-03-15T02:45;2024-03-15T03:00;12;kWh;0;0;0;0;0;0
2024-03-15T03:00;2024-03-15T03:15;13;kWh;-907;988;0;0;1895;81
2024-03-15T03:15;2024-03-15T03:30;14;kWh;0;12292;0;0;12292;12292
2024-03-15T03:30;2024-03-15T03:45;15;kWh;-20;3974;0;0;3994;3954
2024-03-15T03:45;2024-03-15T04:00;16;kWh;-7869;0;0;0;7869;-7869
2024-03-15T04:00;2024-03-15T04:15;17;kWh;-3209;11114;0;0;14323;7905
2024-03-15T04:15;2024-03-15T04:30;18;kWh;0;9710;0;0;9710;9710
2024-03-15T04:30;2024-03-15T04:45;19;kWh;0;5947;0;0;5947;5947
2024-03-15T04:45;2024-03-15T05:00;20;kWh;0;12223;0;0;12223;12223
2024-03-15T05:00;2024-03-15T05:15;21;kWh;-17263;182;0;0;17445;-17081
2024-03-15T05:15;2024-03-15T05:30;22;kWh;-12328;0;0;0;12328;-12328
2024-03-15T05:30;2024-03-15T05:45;23;kWh;-334;2163;0;0;2497;1829
2024-03-15T05:45;2024-03-15T06:00;24;kWh;-12513;74;0;0;12587;-12439
2024-03-15T06:00;2024-03-15T06:15;25;kWh;-11108;449;0;0;11557;-10659
2024-03-15T06:15;2024-03-15T06:30;26;kWh;0;2861;0;0;2861;2861
2024-03-15T06:30;2024-03-15T06:45;27;kWh;0;5851;0;0;5851;5851
2024-03-15T06:45;2024-03-15T07:00;28;kWh;-197;1842;0;0;2039;1645
2024-03-15T07:00;2024-03-15T07:15;29;kWh;-33027;241;0;0;33268;-32786
2024-03-15T07:15;2024-03-15T07:30;30;kWh;-3544;1548;0;0;5092;-1996
2024-03-15T07:30;2024-03-15T07:45;31;kWh;-9448;788;0;0;10236;-8660
2024-03-15T07:45;2024-03-15T08:00;32;kWh;-1654;12;0;0;1666;-1642
2024-03-15T08:00;2024-03-15T08:15;33;kWh;-1141;0;0;0;1141;-1141
2024-03-15T08:15;2024-03-15T08:30;34;kWh;-5945;0;0;0;5945;-5945
2024-03-15T08:30;2024-03-15T08:45;35;kWh;-12620;0;0;0;12620;-12620
2024-03-15T08:45;2024-03-15T09:00;36;kWh;-31452;0;0;0;31452;-31452
2024-03-15T09:00;2024-03-15T09:15;37;kWh;-19428;114;0;0;19542;-19314
2024-03-15T09:15;2024-03-15T09:30;38;kWh;-11279;0;0;0;11279;-11279
2024-03-15T09:30;2024-03-15T09:45;39;kWh;-25552;0;0;0;25552;-25552
2024-03-15T09:45;2024-03-15T10:00;40;kWh;-21396;138;0;0;21534;-21258
2024-03-15T10:00;2024-03-15T10:15;41;kWh;-19333;4764;0;0;24097;-14569
2024-03-15T10:15;2024-03-15T10:30;42;kWh;-55;627;0;0;682;572
2024-03-15T10:30;2024-03-15T10:45;43;kWh;-1041;0;0;0;1041;-1041
2024-03-15T10:45;2024-03-15T11:00;44;kWh;-16957;2;0;0;16959;-16955
2024-03-15T11:00;2024-03-15T11:15;45;kWh;-2;430;0;0;432;428
2024-03-15T11:15;2024-03-15T11:30;46;kWh;0;17182;0;0;17182;17182
2024-03-15T11:30;2024-03-15T11:45;47;kWh;0;9;0;0;9;9
2024-03-15T11:45;2024-03-15T12:00;48;kWh;0;0;0;0;0;0
2024-03-15T12:00;2024-03-15T12:15;49;kWh;0;1412;0;0;1412;1412
2024-03-15T12:15;2024-03-15T12:30;50;kWh;-48;0;0;0;48;-48
2024-03-15T12:30;2024-03-15T12:45;51;kWh;-13136;0;0;0;13136;-13136
2024-03-15T12:45;2024-03-15T13:00;52;kWh;-1702;0;0;0;1702;-1702
2024-03-15T13:00;2024-03-15T13:15;53;kWh;-2035;0;0;0;2035;-2035
2024-03-15T13:15;2024-03-15T13:30;54;kWh;-9986;0;0;0;9986;-9986
2024-03-15T13:30;2024-03-15T13:45;55;kWh;-11490;1027;0;0;12517;-10463
2024-03-15T13:45;2024-03-15T14:00;56;kWh;-20854;317;0;0;21171;-20537
2024-03-15T14:00;2024-03-15T14:15;57;kWh;-25537;590;0;0;26127;-24947
2024-03-15T14:15;2024-03-15T14:30;58;kWh;-14058;0;0;0;14058;-14058
2024-03-15T14:30;2024-03-15T14:45;59;kWh;-16728;516;0;0;17244;-16212
2024-03-15T14:45;2024-03-15T15:00;60;kWh;-5552;31;0;0;5583;-5521
2024-03-15T15:00;2024-03-15T15:15;61;kWh;-9949;9;0;0;9958;-9940
2024-03-15T15:15;2024-03-15T15:30;62;kWh;-698;90;0;0;788;-608
2024-03-15T15:30;2024-03-15T15:45;63;kWh;-224;0;0;0;224;-224
2024-03-15T15:45;2024-03-15T16:00;64;kWh;-3853;0;0;0;3853;-3853
2024-03-15T16:00;2024-03-15T16:15;65;kWh;-16493;2;0;0;16495;-16491
2024-03-15T16:15;2024-03-15T16:30;66;kWh;-644;169;0;0;813;-475
2024-03-15T16:30;2024-03-15T16:45;67;kWh;0;0;0;0;0;0
2024-03-15T16:45;2024-03-15T17:00;68;kWh;-1158;0;0;0;1158;-1158
2024-03-15T17:00;2024-03-15T17:15;69;kWh;-22305;0;0;0;22305;-22305
2024-03-15T17:15;2024-03-15T17:30;70;kWh;-12171;370;0;0;12541;-11801
2024-03-15T17:30;2024-03-15T17:45;71;kWh;-200;138;0;0;338;-62
2024-03-15T17:45;2024-03-15T18:00;72;kWh;-1624;0;0;0;1624;-1624
2024-03-15T18:00;2024-03-15T18:15;73;kWh;-28971;47;0;0;29018;-28924
2024-03-15T18:15;2024-03-15T18:30;74;kWh;-17166;95;0;0;17261;-17071
2024-03-15T18:30;2024-03-15T18:45;75;kWh;-967;630;0;0;1597;-337
2024-03-15T18:45;2024-03-15T19:00;76;kWh;-9715;0;0;0;9715;-9715
2024-03-15T19:00;2024-03-15T19:15;77;kWh;-326;0;0;0;326;-326
2024-03-15T19:15;2024-03-15T19:30;78;kWh;-2153;0;0;0;2153;-2153
2024-03-15T19:30;2024-03-15T19:45;79;kWh;-4;0;0;0;4;-4
2024-03-15T19:45;2024-03-15T20:00;80;kWh;-2;0;0;0;2;-2
2024-03-15T20:00;2024-03-15T20:15;81;kWh;-1002;0;0;0;1002;-1002
2024-03-15T20:15;2024-03-15T20:30;82;kWh;0;2073;0;0;2073;2073
2024-03-15T20:30;2024-03-15T20:45;83;kWh;-330;0;0;0;330;-330
2024-03-15T20:45;2024-03-15T21:00;84;kWh;-15905;0;0;0;15905;-15905
2024-03-15T21:00;2024-03-15T21:15;85;kWh;-16052;1038;0;0;17090;-15014
2024-03-15T21:15;2024-03-15T21:30;86;kWh;-6817;0;0;0;6817;-6817
2024-03-15T21:30;2024-03-15T21:45;87;kWh;-14852;0;0;0;14852;-14852
2024-03-15T21:45;2024-03-15T22:00;88;kWh;-19534;0;0;0;19534;-19534
2024-03-15T22:00;2024-03-15T22:15;89;kWh;-12255;0;0;0;12255;-12255
2024-03-15T22:15;2024-03-15T22:30;90;kWh;-4313;0;0;0;4313;-4313
2024-03-15T22:30;2024-03-15T22:45;91;kWh;-11100;0;0;0;11100;-11100
2024-03-15T22:45;2024-03-15T23:00;92;kWh;-16547;0;0;0;16547;-16547
2024-03-15T23:00;2024-03-15T23:15;93;kWh;-5070;0;0;0;5070;-5070
2024-03-15T23:15;2024-03-15T23:30;94;kWh;-9490;0;0;0;9490;-9490
2024-03-15T23:30;2024-03-15T23:45;95;kWh;-9384;0;0;0;9384;-9384
2024-03-15T23:45;2024-03-16T00:00;96;kWh;-4015;0;0;0;4015;-4015
2024-03-16T00:00;2024-03-16T00:15;1;kWh;-17018;56;0;0;17074;-16962
2024-03-16T00:15;2024-03-16T00:30;2;kWh;-498;2238;0;0;2736;1740
2024-03-16T00:30;2024-03-16T00:45;3;kWh;-498;3074;0;0;3572;2576
2024-03-16T00:45;2024-03-16T01:00;4;kWh;-498;0;0;0;498;-498
2024-03-16T01:00;2024-03-16T01:15;5;kWh;-498;1498;0;0;1996;1000
2024-03-16T01:15;2024-03-16T01:30;6;kWh;-498;7869;0;0;8367;7371
2024-03-16T01:30;2024-03-16T01:45;7;kWh;-498;1296;0;0;1794;798
2024-03-16T01:45;2024-03-16T02:00;8;kWh;-498;0;0;0;498;-498
2024-03-16T02:00;2024-03-16T02:15;9;kWh;-6137;0;0;0;6137;-6137
2024-03-16T02:15;2024-03-16T02:30;10;kWh;-16318;0;0;0;16318;-16318
2024-03-16T02:30;2024-03-16T02:45;11;kWh;-8815;0;0;0;8815;-8815
2024-03-16T02:45;2024-03-16T03:00;12;kWh;-12606;0;0;0;12606;-12606
2024-03-16T03:00;2024-03-16T03:15;13;kWh;-10011;0;0;0;10011;-10011
2024-03-16T03:15;2024-03-16T03:30;14;kWh;-498;0;0;0;498;-498
2024-03-16T03:30;2024-03-16T03:45;15;kWh;-4404;0;0;0;4404;-4404
2024-03-16T03:45;2024-03-16T04:00;16;kWh;-18194;0;0;0;18194;-18194
2024-03-16T04:00;2024-03-16T04:15;17;kWh;-6356;0;0;0;6356;-6356
2024-03-16T04:15;2024-03-16T04:30;18;kWh;-498;0;0;0;498;-498
2024-03-16T04:30;2024-03-16T04:45;19;kWh;-498;0;0;0;498;-498
2024-03-16T04:45;2024-03-16T05:00;20;kWh;-2753;0;0;0;2753;-2753
2024-03-16T05:00;2024-03-16T05:15;21;kWh;-15532;0;0;0;15532;-15532
2024-03-16T05:15;2024-03-16T05:30;22;kWh;-15182;0;0;0;15182;-15182
2024-03-16T05:30;2024-03-16T05:45;23;kWh;-15148;0;0;0;15148;-15148
2024-03-16T05:45;2024-03-16T06:00;24;kWh;-25574;0;0;0;25574;-25574
2024-03-16T06:00;2024-03-16T06:15;25;kWh;-5428;0;0;0;5428;-5428
2024-03-16T06:15;2024-03-16T06:30;26;kWh;-498;0;0;0;498;-498
2024-03-16T06:30;2024-03-16T06:45;27;kWh;-498;0;0;0;498;-498
2024-03-16T06:45;2024-03-16T07:00;28;kWh;-4674;0;0;0;4674;-4674
2024-03-16T07:00;2024-03-16T07:15;29;kWh;-1721;0;0;0;1721;-1721
2024-03-16T07:15;2024-03-16T07:30;30;kWh;-498;0;0;0;498;-498
2024-03-16T07:30;2024-03-16T07:45;31;kWh;-498;19;0;0;517;-479
2024-03-16T07:45;2024-03-16T08:00;32;kWh;-498;308;0;0;806;-190
2024-03-16T08:00;2024-03-16T08:15;33;kWh;-498;6;0;0;504;-492
2024-03-16T08:15;2024-03-16T08:30;34;kWh;-498;119;0;0;617;-379
2024-03-16T08:30;2024-03-16T08:45;35;kWh;-498;0;0;0;498;-498
2024-03-16T08:45;2024-03-16T09:00;36;kWh;-498;3;0;0;501;-495
2024-03-16T09:00;2024-03-16T09:15;37;kWh;-1028;44263;0;0;45291;43235
2024-03-16T09:15;2024-03-16T09:30;38;kWh;-1333;40249;0;0;41582;38916
2024-03-16T09:30;2024-03-16T09:45;39;kWh;-498;21613;0;0;22111;21115
2024-03-16T09:45;2024-03-16T10:00;40;kWh;-498;21342;0;0;21840;20844
2024-03-16T10:00;2024-03-16T10:15;41;kWh;-498;48752;0;0;49250;48254
2024-03-16T10:15;2024-03-16T10:30;42;kWh;-498;52686;0;0;53184;52188
2024-03-16T10:30;2024-03-16T10:45;43;kWh;-498;82855;0;0;83353;82357
2024-03-16T10:45;2024-03-16T11:00;44;kWh;-498;48472;0;0;48970;47974
2024-03-16T11:00;2024-03-16T11:15;45;kWh;-498;75056;0;0;75554;74558
2024-03-16T11:15;2024-03-16T11:30;46;kWh;-498;54400;0;0;54898;53902
2024-03-16T11:30;2024-03-16T11:45;47;kWh;-498;58232;0;0;58730;57734
2024-03-16T11:45;2024-03-16T12:00;48;kWh;-579;20377;0;0;20956;19798
2024-03-16T12:00;2024-03-16T12:15;49;kWh;-498;77824;0;0;78322;77326
2024-03-16T12:15;2024-03-16T12:30;50;kWh;-498;8945;0;0;9443;8447
2024-03-16T12:30;2024-03-16T12:45;51;kWh;-498;62578;0;0;63076;62080
2024-03-16T12:45;2024-03-16T13:00;52;kWh;-552;15099;0;0;15651;14547
2024-03-16T13:00;2024-03-16T13:15;53;kWh;-21091;4867;0;0;25958;-16224
2024-03-16T13:15;2024-03-16T13:30;54;kWh;-838;13555;0;0;14393;12717
2024-03-16T13:30;2024-03-16T13:45;55;kWh;-5323;2045;0;0;7368;-3278
2024-03-16T13:45;2024-03-16T14:00;56;kWh;-498;3499;0;0;3997;3001
2024-03-16T14:00;2024-03-16T14:15;57;kWh;-3013;0;0;0;3013;-3013
2024-03-16T14:15;2024-03-16T14:30;58;kWh;-1043;1401;0;0;2444;358
2024-03-16T14:30;2024-03-16T14:45;59;kWh;-498;3754;0;0;4252;3256
2024-03-16T14:45;2024-03-16T15:00;60;kWh;-594;42;0;0;636;-552
2024-03-16T15:00;2024-03-16T15:15;61;kWh;-498;2195;0;0;2693;1697
2024-03-16T15:15;2024-03-16T15:30;62;kWh;-949;1451;0;0;2400;502
2024-03-16T15:30;2024-03-16T15:45;63;kWh;-498;1788;0;0;2286;1290
2024-03-16T15:45;2024-03-16T16:00;64;kWh;-498;11232;0;0;11730;10734
2024-03-16T16:00;2024-03-16T16:15;65;kWh;-2552;133;0;0;2685;-2419
2024-03-16T16:15;2024-03-16T16:30;66;kWh;-24488;59;0;0;24547;-24429
2024-03-16T16:30;2024-03-16T16:45;67;kWh;-532;492;0;0;1024;-40
2024-03-16T16:45;2024-03-16T17:00;68;kWh;-656;0;0;0;656;-656
2024-03-16T17:00;2024-03-16T17:15;69;kWh;-30342;0;0;0;30342;-30342
2024-03-16T17:15;2024-03-16T17:30;70;kWh;-31987;0;0;0;31987;-31987
2024-03-16T17:30;2024-03-16T17:45;71;kWh;-2358;295;0;0;2653;-2063
2024-03-16T17:45;2024-03-16T18:00;72;kWh;-498;1692;0;0;2190;1194
2024-03-16T18:00;2024-03-16T18:15;73;kWh;-498;1359;0;0;1857;861
2024-03-16T18:15;2024-03-16T18:30;74;kWh;-498;0;0;0;498;-498
2024-03-16T18:30;2024-03-16T18:45;75;kWh;-498;0;0;0;498;-498
2024-03-16T18:45;2024-03-16T19:00;76;kWh;-498;0;0;0;498;-498
2024-03-16T19:00;2024-03-16T19:15;77;kWh;-498;0;0;0;498;-498
2024-03-16T19:15;2024-03-16T19:30;78;kWh;-498;0;0;0;498;-498
2024-03-16T19:30;2024-03-16T19:45;79;kWh;-1002;0;0;0;1002;-1002
2024-03-16T19:45;2024-03-16T20:00;80;kWh;-990;0;0;0;990;-990
2024-03-16T20:00;2024-03-16T20:15;81;kWh;-779;1979;0;0;2758;1200
2024-03-16T20:15;2024-03-16T20:30;82;kWh;-498;0;0;0;498;-498
2024-03-16T20:30;2024-03-16T20:45;83;kWh;-498;0;0;0;498;-498
2024-03-16T20:45;2024-03-16T21:00;84;kWh;-498;0;0;0;498;-498
2024-03-16T21:00;2024-03-16T21:15;85;kWh;-498;25779;0;0;26277;25281
2024-03-16T21:15;2024-03-16T21:30;86;kWh;-498;23764;0;0;24262;23266
2024-03-16T21:30;2024-03-16T21:45;87;kWh;-498;4921;0;0;5419;4423
2024-03-16T21:45;2024-03-16T22:00;88;kWh;-498;16;0;0;514;-482
2024-03-16T22:00;2024-03-16T22:15;89;kWh;-498;0;0;0;498;-498
2024-03-16T22:15;2024-03-16T22:30;90;kWh;-498;5364;0;0;5862;4866
2024-03-16T22:30;2024-03-16T22:45;91;kWh;-498;0;0;0;498;-498
2024-03-16T22:45;2024-03-16T23:00;92;kWh;-1566;0;0;0;1566;-1566
2024-03-16T23:00;2024-03-16T23:15;93;kWh;-2276;0;0;0;2276;-2276
2024-03-16T23:15;2024-03-16T23:30;94;kWh;-498;0;0;0;498;-498
2024-03-16T23:30;2024-03-16T23:45;95;kWh;-669;0;0;0;669;-669
2024-03-16T23:45;2024-03-17T00:00;96;kWh;-2489;0;0;0;2489;-2489
2024-03-17T00:00;2024-03-17T00:15;1;kWh;-181;2259;0;0;2440;2078
2024-03-17T00:15;2024-03-17T00:30;2;kWh;-7481;430;0;0;7911;-7051
2024-03-17T00:30;2024-03-17T00:45;3;kWh;-12662;0;0;0;12662;-12662
2024-03-17T00:45;2024-03-17T01:00;4;kWh;-23817;0;0;0;23817;-23817
2024-03-17T01:00;2024-03-17T01:15;5;kWh;-17235;0;0;0;17235;-17235
2024-03-17T01:15;2024-03-17T01:30;6;kWh;-19681;0;0;0;19681;-19681
2024-03-17T01:30;2024-03-17T01:45;7;kWh;-28232;0;0;0;28232;-28232
2024-03-17T01:45;2024-03-17T02:00;8;kWh;-42044;0;0;0;42044;-42044
2024-03-17T02:00;2024-03-17T02:15;9;kWh;-7721;49057;0;0;56778;41336
2024-03-17T02:15;2024-03-17T02:30;10;kWh;-1516;12002;0;0;13518;10486
2024-03-17T02:30;2024-03-17T02:45;11;kWh;-4517;0;0;0;4517;-4517
2024-03-17T02:45;2024-03-17T03:00;12;kWh;-10613;0;0;0;10613;-10613
2024-03-17T03:00;2024-03-17T03:15;13;kWh;-383;10060;0;0;10443;9677
2024-03-17T03:15;2024-03-17T03:30;14;kWh;0;2594;0;0;2594;2594
2024-03-17T03:30;2024-03-17T03:45;15;kWh;0;2082;0;0;2082;2082
2024-03-17T03:45;2024-03-17T04:00;16;kWh;0;902;0;0;902;902
2024-03-17T04:00;2024-03-17T04:15;17;kWh;0;0;0;0;0;0
2024-03-17T04:15;2024-03-17T04:30;18;kWh;0;0;0;0;0;0
2024-03-17T04:30;2024-03-17T04:45;19;kWh;0;0;0;0;0;0
2024-03-17T04:45;2024-03-17T05:00;20;kWh;0;2116;0;0;2116;2116
2024-03-17T05:00;2024-03-17T05:15;21;kWh;0;10738;0;0;10738;10738
2024-03-17T05:15;2024-03-17T05:30;22;kWh;0;9877;0;0;9877;9877
2024-03-17T05:30;2024-03-17T05:45;23;kWh;0;5932;0;0;5932;5932
2024-03-17T05:45;2024-03-17T06:00;24;kWh;-341;7;0;0;348;-334
2024-03-17T06:00;2024-03-17T06:15;25;kWh;-6;31119;0;0;31125;31113
2024-03-17T06:15;2024-03-17T06:30;26;kWh;0;14877;0;0;14877;14877
2024-03-17T06:30;2024-03-17T06:45;27;kWh;0;0;0;0;0;0
2024-03-17T06:45;2024-03-17T07:00;28;kWh;-2602;0;0;0;2602;-2602
2024-03-17T07:00;2024-03-17T07:15;29;kWh;-9572;1380;0;0;10952;-8192
2024-03-17T07:15;2024-03-17T07:30;30;kWh;-32762;179;0;0;32941;-32583
2024-03-17T07:30;2024-03-17T07:45;31;kWh;-30258;0;0;0;30258;-30258
2024-03-17T07:45;2024-03-17T08:00;32;kWh;-44375;0;0;0;44375;-44375
2024-03-17T08:00;2024-03-17T08:15;33;kWh;-34823;0;0;0;34823;-34823
2024-03-17T08:15;2024-03-17T08:30;34;kWh;-51121;0;0;0;51121;-51121
2024-03-17T08:30;2024-03-17T08:45;35;kWh;-48453;0;0;0;48453;-48453
2024-03-17T08:45;2024-03-17T09:00;36;kWh;-42054;0;0;0;42054;-42054
2024-03-17T09:00;2024-03-17T09:15;37;kWh;-6111;501;0;0;6612;-5610
2024-03-17T09:15;2024-03-17T09:30;38;kWh;-1900;9;0;0;1909;-1891
2024-03-17T09:30;2024-03-17T09:45;39;kWh;-17124;0;0;0;17124;-17124
2024-03-17T09:45;2024-03-17T10:00;40;kWh;-30411;0;0;0;30411;-30411
2024-03-17T10:00;2024-03-17T10:15;41;kWh;-28522;0;0;0;28522;-28522
2024-03-17T10:15;2024-03-17T10:30;42;kWh;-70137;19;0;0;70156;-70118
2024-03-17T10:30;2024-03-17T10:45;43;kWh;-46445;1121;0;0;47566;-45324
2024-03-17T10:45;2024-03-17T11:00;44;kWh;-22131;0;0;0;22131;-22131
2024-03-17T11:00;2024-03-17T11:15;45;kWh;-36983;0;0;0;36983;-36983
2024-03-17T11:15;2024-03-17T11:30;46;kWh;-35623;227;0;0;35850;-35396
2024-03-17T11:30;2024-03-17T11:45;47;kWh;-21202;518;0;0;21720;-20684
2024-03-17T11:45;2024-03-17T12:00;48;kWh;-18734;2909;0;0;21643;-15825
2024-03-17T12:00;2024-03-17T12:15;49;kWh;-5775;0;0;0;5775;-5775
2024-03-17T12:15;2024-03-17T12:30;50;kWh;0;0;0;0;0;0
2024-03-17T12:30;2024-03-17T12:45;51;kWh;0;0;0;0;0;0
2024-03-17T12:45;2024-03-17T13:00;52;kWh;-11189;0;0;0;11189;-11189
2024-03-17T13:00;2024-03-17T13:15;53;kWh;-30648;0;0;0;30648;-30648
2024-03-17T13:15;2024-03-17T13:30;54;kWh;-27279;112;0;0;27391;-27167
2024-03-17T13:30;2024-03-17T13:45;55;kWh;-48344;185;0;0;48529;-48159
2024-03-17T13:45;2024-03-17T14:00;56;kWh;-35416;0;0;0;35416;-35416
2024-03-17T14:00;2024-03-17T14:15;57;kWh;-95855;0;0;0;95855;-95855
2024-03-17T14:15;2024-03-17T14:30;58;kWh;-108157;0;0;0;108157;-108157
2024-03-17T14:30;2024-03-17T14:45;59;kWh;-65592;0;0;0;65592;-65592
2024-03-17T14:45;2024-03-17T15:00;60;kWh;-61799;0;0;0;61799;-61799
2024-03-17T15:00;2024-03-17T15:15;61;kWh;-78440;0;0;0;78440;-78440
2024-03-17T15:15;2024-03-17T15:30;62;kWh;-76459;0;0;0;76459;-76459
2024-03-17T15:30;2024-03-17T15:45;63;kWh;-35826;0;0;0;35826;-35826
2024-03-17T15:45;2024-03-17T16:00;64;kWh;-21379;2714;0;0;24093;-18665
2024-03-17T16:00;2024-03-17T16:15;65;kWh;-334;17115;0;0;17449;16781
2024-03-17T16:15;2024-03-17T16:30;66;kWh;-7879;1459;0;0;9338;-6420
2024-03-17T16:30;2024-03-17T16:45;67;kWh;-82;8958;0;0;9040;8876
2024-03-17T16:45;2024-03-17T17:00;68;kWh;-85;0;0;0;85;-85
2024-03-17T17:00;2024-03-17T17:15;69;kWh;-20358;0;0;0;20358;-20358
2024-03-17T17:15;2024-03-17T17:30;70;kWh;-8130;171;0;0;8301;-7959
2024-03-17T17:30;2024-03-17T17:45;71;kWh;0;462;0;0;462;462
2024-03-17T17:45;2024-03-17T18:00;72;kWh;0;13626;0;0;13626;13626
2024-03-17T18:00;2024-03-17T18:15;73;kWh;0;17764;0;0;17764;17764
2024-03-17T18:15;2024-03-17T18:30;74;kWh;0;8779;0;0;8779;8779
2024-03-17T18:30;2024-03-17T18:45;75;kWh;0;11909;0;0;11909;11909
2024-03-17T18:45;2024-03-17T19:00;76;kWh;0;10531;0;0;10531;10531
2024-03-17T19:00;2024-03-17T19:15;77;kWh;0;0;0;0;0;0
2024-03-17T19:15;2024-03-17T19:30;78;kWh;-40;0;0;0;40;-40
2024-03-17T19:30;2024-03-17T19:45;79;kWh;-10707;0;0;0;10707;-10707
2024-03-17T19:45;2024-03-17T20:00;80;kWh;-38342;0;0;0;38342;-38342
2024-03-17T20:00;2024-03-17T20:15;81;kWh;-36081;0;0;0;36081;-36081
2024-03-17T20:15;2024-03-17T20:30;82;kWh;-33514;0;0;0;33514;-33514
2024-03-17T20:30;2024-03-17T20:45;83;kWh;-26623;0;0;0;26623;-26623
2024-03-17T20:45;2024-03-17T21:00;84;kWh;-31455;0;0;0;31455;-31455
2024-03-17T21:00;2024-03-17T21:15;85;kWh;-12520;0;0;0;12520;-12520
2024-03-17T21:15;2024-03-17T21:30;86;kWh;-21152;0;0;0;21152;-21152
2024-03-17T21:30;2024-03-17T21:45;87;kWh;-19975;0;0;0;19975;-19975
2024-03-17T21:45;2024-03-17T22:00;88;kWh;-4355;0;0;0;4355;-4355
2024-03-17T22:00;2024-03-17T22:15;89;kWh;0;13284;0;0;13284;13284
2024-03-17T22:15;2024-03-17T22:30;90;kWh;0;6328;0;0;6328;6328
2024-03-17T22:30;2024-03-17T22:45;91;kWh;0;3961;0;0;3961;3961
2024-03-17T22:45;2024-03-17T23:00;92;kWh;0;19395;0;0;19395;19395
2024-03-17T23:00;2024-03-17T23:15;93;kWh;0;3901;0;0;3901;3901
2024-03-17T23:15;2024-03-17T23:30;94;kWh;0;5762;0;0;5762;5762
2024-03-17T23:30;2024-03-17T23:45;95;kWh;0;11959;0;0;11959;11959
2024-03-17T23:45;2024-03-18T00:00;96;kWh;0;1602;0;0;1602;1602
2024-03-18T00:00;2024-03-18T00:15;1;kWh;-16544;0;0;0;16544;-16544
2024-03-18T00:15;2024-03-18T00:30;2;kWh;-5039;0;0;0;5039;-5039
2024-03-18T00:30;2024-03-18T00:45;3;kWh;-18423;0;0;0;18423;-18423
2024-03-18T00:45;2024-03-18T01:00;4;kWh;-26948;0;0;0;26948;-26948
2024-03-18T01:00;2024-03-18T01:15;5;kWh;-6210;0;0;0;6210;-6210
2024-03-18T01:15;2024-03-18T01:30;6;kWh;-679;0;0;0;679;-679
2024-03-18T01:30;2024-03-18T01:45;7;kWh;-809;0;0;0;809;-809
2024-03-18T01:45;2024-03-18T02:00;8;kWh;-60;1764;0;0;1824;1704
2024-03-18T02:00;2024-03-18T02:15;9;kWh;0;3195;0;0;3195;3195
2024-03-18T02:15;2024-03-18T02:30;10;kWh;0;5332;0;0;5332;5332
2024-03-18T02:30;2024-03-18T02:45;11;kWh;0;925;0;0;925;925
2024-03-18T02:45;2024-03-18T03:00;12;kWh;0;825;0;0;825;825
2024-03-18T03:00;2024-03-18T03:15;13;kWh;0;0;0;0;0;0
2024-03-18T03:15;2024-03-18T03:30;14;kWh;0;0;0;0;0;0
2024-03-18T03:30;2024-03-18T03:45;15;kWh;0;0;0;0;0;0
2024-03-18T03:45;2024-03-18T04:00;16;kWh;0;23;0;0;23;23
2024-03-18T04:00;2024-03-18T04:15;17;kWh;0;619;0;0;619;619
2024-03-18T04:15;2024-03-18T04:30;18;kWh;-4276;75;0;0;4351;-4201
2024-03-18T04:30;2024-03-18T04:45;19;kWh;-7046;0;0;0;7046;-7046
2024-03-18T04:45;2024-03-18T05:00;20;kWh;-15284;0;0;0;15284;-15284
2024-03-18T05:00;2024-03-18T05:15;21;kWh;-7636;0;0;0;7636;-7636
2024-03-18T05:15;2024-03-18T05:30;22;kWh;-2517;0;0;0;2517;-2517
2024-03-18T05:30;2024-03-18T05:45;23;kWh;-213;1470;0;0;1683;1257
2024-03-18T05:45;2024-03-18T06:00;24;kWh;0;1401;0;0;1401;1401
2024-03-18T06:00;2024-03-18T06:15;25;kWh;-7286;0;0;0;7286;-7286
2024-03-18T06:15;2024-03-18T06:30;26;kWh;0;191;0;0;191;191
2024-03-18T06:30;2024-03-18T06:45;27;kWh;0;9023;0;0;9023;9023
2024-03-18T06:45;2024-03-18T07:00;28;kWh;0;22056;0;0;22056;22056
2024-03-18T07:00;2024-03-18T07:15;29;kWh;-383;11051;0;0;11434;10668
2024-03-18T07:15;2024-03-18T07:30;30;kWh;-2;139;0;0;141;137
2024-03-18T07:30;2024-03-18T07:45;31;kWh;0;5269;0;0;5269;5269
2024-03-18T07:45;2024-03-18T08:00;32;kWh;-1;4307;0;0;4308;4306
2024-03-18T08:00;2024-03-18T08:15;33;kWh;-5687;80;0;0;5767;-5607
2024-03-18T08:15;2024-03-18T08:30;34;kWh;0;0;0;0;0;0
2024-03-18T08:30;2024-03-18T08:45;35;kWh;-1876;0;0;0;1876;-1876
2024-03-18T08:45;2024-03-18T09:00;36;kWh;-9288;0;0;0;9288;-9288
2024-03-18T09:00;2024-03-18T09:15;37;kWh;-2741;235;0;0;2976;-2506
2024-03-18T09:15;2024-03-18T09:30;38;kWh;-43424;0;0;0;43424;-43424
2024-03-18T09:30;2024-03-18T09:45;39;kWh;-83393;0;0;0;83393;-83393
2024-03-18T09:45;2024-03-18T10:00;40;kWh;-63190;0;0;0;63190;-63190
2024-03-18T10:00;2024-03-18T10:15;41;kWh;-19378;12937;0;0;32315;-6441
2024-03-18T10:15;2024-03-18T10:30;42;kWh;0;14553;0;0;14553;14553
2024-03-18T10:30;2024-03-18T10:45;43;kWh;-971;430;0;0;1401;-541
2024-03-18T10:45;2024-03-18T11:00;44;kWh;-52108;0;0;0;52108;-52108
2024-03-18T11:00;2024-03-18T11:15;45;kWh;-8160;10685;0;0;18845;2525
2024-03-18T11:15;2024-03-18T11:30;46;kWh;-26934;0;0;0;26934;-26934
2024-03-18T11:30;2024-03-18T11:45;47;kWh;-54059;0;0;0;54059;-54059
2024-03-18T11:45;2024-03-18T12:00;48;kWh;-23533;910;0;0;24443;-22623
2024-03-18T12:00;2024-03-18T12:15;49;kWh;0;31323;0;0;31323;31323
2024-03-18T12:15;2024-03-18T12:30;50;kWh;0;31433;0;0;31433;31433
2024-03-18T12:30;2024-03-18T12:45;51;kWh;0;40175;0;0;40175;40175
2024-03-18T12:45;2024-03-18T13:00;52;kWh;0;92937;0;0;92937;92937
2024-03-18T13:00;2024-03-18T13:15;53;kWh;-6941;1940;0;0;8881;-5001
2024-03-18T13:15;2024-03-18T13:30;54;kWh;-8442;82;0;0;8524;-8360
2024-03-18T13:30;2024-03-18T13:45;55;kWh;-1171;0;0;0;1171;-1171
2024-03-18T13:45;2024-03-18T14:00;56;kWh;-8890;0;0;0;8890;-8890
2024-03-18T14:00;2024-03-18T14:15;57;kWh;-19561;0;0;0;19561;-19561
2024-03-18T14:15;2024-03-18T14:30;58;kWh;-1438;287;0;0;1725;-1151
2024-03-18T14:30;2024-03-18T14:45;59;kWh;0;163;0;0;163;163
2024-03-18T14:45;2024-03-18T15:00;60;kWh;-1021;0;0;0;1021;-1021
2024-03-18T15:00;2024-03-18T15:15;61;kWh;-3384;0;0;0;3384;-3384
2024-03-18T15:15;2024-03-18T15:30;62;kWh;-3364;0;0;0;3364;-3364
2024-03-18T15:30;2024-03-18T15:45;63;kWh;-33383;0;0;0;33383;-33383
2024-03-18T15:45;2024-03-18T16:00;64;kWh;-14392;0;0;0;14392;-14392
2024-03-18T16:00;2024-03-18T16:15;65;kWh;-40468;0;0;0;40468;-40468
2024-03-18T16:15;2024-03-18T16:30;66;kWh;-16547;0;0;0;16547;-16547
2024-03-18T16:30;2024-03-18T16:45;67;kWh;-6701;0;0;0;6701;-6701
2024-03-18T16:45;2024-03-18T17:00;68;kWh;-14491;0;0;0;14491;-14491
2024-03-18T17:00;2024-03-18T17:15;69;kWh;-50310;0;0;0;50310;-50310
2024-03-18T17:15;2024-03-18T17:30;70;kWh;-980;211;0;0;1191;-769
2024-03-18T17:30;2024-03-18T17:45;71;kWh;-9914;8;0;0;9922;-9906
2024-03-18T17:45;2024-03-18T18:00;72;kWh;0;18010;0;0;18010;18010
2024-03-18T18:00;2024-03-18T18:15;73;kWh;-11079;3128;0;0;14207;-7951
2024-03-18T18:15;2024-03-18T18:30;74;kWh;-2;0;0;0;2;-2
2024-03-18T18:30;2024-03-18T18:45;75;kWh;0;1511;0;0;1511;1511
2024-03-18T18:45;2024-03-18T19:00;76;kWh;0;787;0;0;787;787
2024-03-18T19:00;2024-03-18T19:15;77;kWh;0;6647;0;0;6647;6647
2024-03-18T19:15;2024-03-18T19:30;78;kWh;0;3491;0;0;3491;3491
2024-03-18T19:30;2024-03-18T19:45;79;kWh;-185;60;0;0;245;-125
2024-03-18T19:45;2024-03-18T20:00;80;kWh;-9408;0;0;0;9408;-9408
2024-03-18T20:00;2024-03-18T20:15;81;kWh;-3895;3549;0;0;7444;-346
2024-03-18T20:15;2024-03-18T20:30;82;kWh;0;2374;0;0;2374;2374
2024-03-18T20:30;2024-03-18T20:45;83;kWh;-112;7428;0;0;7540;7316
2024-03-18T20:45;2024-03-18T21:00;84;kWh;-5836;0;0;0;5836;-5836
2024-03-18T21:00;2024-03-18T21:15;85;kWh;-19758;6508;0;0;26266;-13250
2024-03-18T21:15;2024-03-18T21:30;86;kWh;0;10213;0;0;10213;10213
2024-03-18T21:30;2024-03-18T21:45;87;kWh;0;0;0;0;0;0
2024-03-18T21:45;2024-03-18T22:00;88;kWh;0;0;0;0;0;0
2024-03-18T22:00;2024-03-18T22:15;89;kWh;-1440;0;0;0;1440;-1440
2024-03-18T22:15;2024-03-18T22:30;90;kWh;-1483;0;0;0;1483;-1483
2024-03-18T22:30;2024-03-18T22:45;91;kWh;-31;2465;0;0;2496;2434
2024-03-18T22:45;2024-03-18T23:00;92;kWh;-9121;8;0;0;9129;-9113
2024-03-18T23:00;2024-03-18T23:15;93;kWh;-49811;2015;0;0;51826;-47796
2024-03-18T23:15;2024-03-18T23:30;94;kWh;0;8060;0;0;8060;8060
2024-03-18T23:30;2024-03-18T23:45;95;kWh;-162;420;0;0;582;258
2024-03-18T23:45;2024-03-19T00:00;96;kWh;-2352;0;0;0;2352;-2352
2024-03-19T00:00;2024-03-19T00:15;1;kWh;-24605;58;0;0;24663;-24547
2024-03-19T00:15;2024-03-19T00:30;2;kWh;-13036;0;0;0;13036;-13036
2024-03-19T00:30;2024-03-19T00:45;3;kWh;-10082;0;0;0;10082;-10082
2024-03-19T00:45;2024-03-19T01:00;4;kWh;-8135;0;0;0;8135;-8135
2024-03-19T01:00;2024-03-19T01:15;5;kWh;0;1717;0;0;1717;1717
2024-03-19T01:15;2024-03-19T01:30;6;kWh;0;4349;0;0;4349;4349
2024-03-19T01:30;2024-03-19T01:45;7;kWh;-1041;0;0;0;1041;-1041
2024-03-19T01:45;2024-03-19T02:00;8;kWh;-23178;0;0;0;23178;-23178
2024-03-19T02:00;2024-03-19T02:15;9;kWh;-4384;3706;0;0;8090;-678
2024-03-19T02:15;2024-03-19T02:30;10;kWh;0;1187;0;0;1187;1187
2024-03-19T02:30;2024-03-19T02:45;11;kWh;-2836;53;0;0;2889;-2783
2024-03-19T02:45;2024-03-19T03:00;12;kWh;-28029;0;0;0;28029;-28029
2024-03-19T03:00;2024-03-19T03:15;13;kWh;-3704;4360;0;0;8064;656
2024-03-19T03:15;2024-03-19T03:30;14;kWh;0;16979;0;0;16979;16979
2024-03-19T03:30;2024-03-19T03:45;15;kWh;-7454;696;0;0;8150;-6758
2024-03-19T03:45;2024-03-19T04:00;16;kWh;-29246;0;0;0;29246;-29246
2024-03-19T04:00;2024-03-19T04:15;17;kWh;-5228;0;0;0;5228;-5228
2024-03-19T04:15;2024-03-19T04:30;18;kWh;-18360;0;0;0;18360;-18360
2024-03-19T04:30;2024-03-19T04:45;19;kWh;-6835;0;0;0;6835;-6835
2024-03-19T04:45;2024-03-19T05:00;20;kWh;-2293;0;0;0;2293;-2293
2024-03-19T05:00;2024-03-19T05:15;21;kWh;-8290;0;0;0;8290;-8290
2024-03-19T05:15;2024-03-19T05:30;22;kWh;0;0;0;0;0;0
2024-03-19T05:30;2024-03-19T05:45;23;kWh;-5638;0;0;0;5638;-5638
2024-03-19T05:45;2024-03-19T06:00;24;kWh;-31201;0;0;0;31201;-31201
2024-03-19T06:00;2024-03-19T06:15;25;kWh;-4682;523;0;0;5205;-4159
2024-03-19T06:15;2024-03-19T06:30;26;kWh;-295;0;0;0;295;-295
2024-03-19T06:30;2024-03-19T06:45;27;kWh;0;2126;0;0;2126;2126
2024-03-19T06:45;2024-03-19T07:00;28;kWh;-16;1082;0;0;1098;1066
2024-03-19T07:00;2024-03-19T07:15;29;kWh;-2543;0;0;0;2543;-2543
2024-03-19T07:15;2024-03-19T07:30;30;kWh;-3845;0;0;0;3845;-3845
2024-03-19T07:30;2024-03-19T07:45;31;kWh;-6525;0;0;0;6525;-6525
2024-03-19T07:45;2024-03-19T08:00;32;kWh;-359;7;0;0;366;-352
2024-03-19T08:00;2024-03-19T08:15;33;kWh;-11;3632;0;0;3643;3621
2024-03-19T08:15;2024-03-19T08:30;34;kWh;-1514;0;0;0;1514;-1514
2024-03-19T08:30;2024-03-19T08:45;35;kWh;-788;0;0;0;788;-788
2024-03-19T08:45;2024-03-19T09:00;36;kWh;-4853;0;0;0;4853;-4853
2024-03-19T09:00;2024-03-19T09:15;37;kWh;-10570;283;0;0;10853;-10287
2024-03-19T09:15;2024-03-19T09:30;38;kWh;-6652;0;0;0;6652;-6652
2024-03-19T09:30;2024-03-19T09:45;39;kWh;-39166;0;0;0;39166;-39166
2024-03-19T09:45;2024-03-19T10:00;40;kWh;-29579;341;0;0;29920;-29238
2024-03-19T10:00;2024-03-19T10:15;41;kWh;-28534;811;0;0;29345;-27723
2024-03-19T10:15;2024-03-19T10:30;42;kWh;-19483;0;0;0;19483;-19483
2024-03-19T10:30;2024-03-19T10:45;43;kWh;-36554;5;0;0;36559;-36549
2024-03-19T10:45;2024-03-19T11:00;44;kWh;-73169;0;0;0;73169;-73169
2024-03-19T11:00;2024-03-19T11:15;45;kWh;-38212;0;0;0;38212;-38212
2024-03-19T11:15;2024-03-19T11:30;46;kWh;-63336;0;0;0;63336;-63336
2024-03-19T11:30;2024-03-19T11:45;47;kWh;-43672;0;0;0;43672;-43672
2024-03-19T11:45;2024-03-19T12:00;48;kWh;-102837;0;0;0;102837;-102837
2024-03-19T12:00;2024-03-19T12:15;49;kWh;-36743;136;0;0;36879;-36607
2024-03-19T12:15;2024-03-19T12:30;50;kWh;-36214;75;0;0;36289;-36139
2024-03-19T12:30;2024-03-19T12:45;51;kWh;-29545;49;0;0;29594;-29496
2024-03-19T12:45;2024-03-19T13:00;52;kWh;-24845;449;0;0;25294;-24396
2024-03-19T13:00;2024-03-19T13:15;53;kWh;-528;0;0;0;528;-528
2024-03-19T13:15;2024-03-19T13:30;54;kWh;0;2541;0;0;2541;2541
2024-03-19T13:30;2024-03-19T13:45;55;kWh;0;31028;0;0;31028;31028
2024-03-19T13:45;2024-03-19T14:00;56;kWh;-490;24830;0;0;25320;24340
2024-03-19T14:00;2024-03-19T14:15;57;kWh;-23248;15;0;0;23263;-23233
2024-03-19T14:15;2024-03-19T14:30;58;kWh;-21442;246;0;0;21688;-21196
2024-03-19T14:30;2024-03-19T14:45;59;kWh;-42707;24;0;0;42731;-42683
2024-03-19T14:45;2024-03-19T15:00;60;kWh;-71687;115;0;0;71802;-71572
2024-03-19T15:00;2024-03-19T15:15;61;kWh;-33246;154;0;0;33400;-33092
2024-03-19T15:15;2024-03-19T15:30;62;kWh;-72604;0;0;0;72604;-72604
2024-03-19T15:30;2024-03-19T15:45;63;kWh;-84957;0;0;0;84957;-84957
2024-03-19T15:45;2024-03-19T16:00;64;kWh;-28055;702;0;0;28757;-27353
2024-03-19T16:00;2024-03-19T16:15;65;kWh;-15912;103;0;0;16015;-15809
2024-03-19T16:15;2024-03-19T16:30;66;kWh;-28479;1488;0;0;29967;-26991
2024-03-19T16:30;2024-03-19T16:45;67;kWh;0;4147;0;0;4147;4147
2024-03-19T16:45;2024-03-19T17:00;68;kWh;0;289;0;0;289;289
2024-03-19T17:00;2024-03-19T17:15;69;kWh;0;664;0;0;664;664
2024-03-19T17:15;2024-03-19T17:30;70;kWh;0;1107;0;0;1107;1107
2024-03-19T17:30;2024-03-19T17:45;71;kWh;-1360;0;0;0;1360;-1360
2024-03-19T17:45;2024-03-19T18:00;72;kWh;0;60;0;0;60;60
2024-03-19T18:00;2024-03-19T18:15;73;kWh;-17100;406;0;0;17506;-16694
2024-03-19T18:15;2024-03-19T18:30;74;kWh;-3308;0;0;0;3308;-3308
2024-03-19T18:30;2024-03-19T18:45;75;kWh;0;0;0;0;0;0
2024-03-19T18:45;2024-03-19T19:00;76;kWh;0;0;0;0;0;0
2024-03-19T19:00;2024-03-19T19:15;77;kWh;-1810;0;0;0;1810;-1810
2024-03-19T19:15;2024-03-19T19:30;78;kWh;-396;0;0;0;396;-396
2024-03-19T19:30;2024-03-19T19:45;79;kWh;0;0;0;0;0;0
2024-03-19T19:45;2024-03-19T20:00;80;kWh;-273;0;0;0;273;-273
2024-03-19T20:00;2024-03-19T20:15;81;kWh;-1290;0;0;0;1290;-1290
2024-03-19T20:15;2024-03-19T20:30;82;kWh;-1599;0;0;0;1599;-1599
2024-03-19T20:30;2024-03-19T20:45;83;kWh;0;0;0;0;0;0
2024-03-19T20:45;2024-03-19T21:00;84;kWh;-2;0;0;0;2;-2
2024-03-19T21:00;2024-03-19T21:15;85;kWh;-882;0;0;0;882;-882
2024-03-19T21:15;2024-03-19T21:30;86;kWh;-569;0;0;0;569;-569
2024-03-19T21:30;2024-03-19T21:45;87;kWh;-14;0;0;0;14;-14
2024-03-19T21:45;2024-03-19T22:00;88;kWh;0;0;0;0;0;0
2024-03-19T22:00;2024-03-19T22:15;89;kWh;0;0;0;0;0;0
2024-03-19T22:15;2024-03-19T22:30;90;kWh;0;4649;0;0;4649;4649
2024-03-19T22:30;2024-03-19T22:45;91;kWh;0;1696;0;0;1696;1696
2024-03-19T22:45;2024-03-19T23:00;92;kWh;-7;16266;0;0;16273;16259
2024-03-19T23:00;2024-03-19T23:15;93;kWh;-143;5520;0;0;5663;5377
2024-03-19T23:15;2024-03-19T23:30;94;kWh;0;5342;0;0;5342;5342
2024-03-19T23:30;2024-03-19T23:45;95;kWh;0;2601;0;0;2601;2601
2024-03-19T23:45;2024-03-20T00:00;96;kWh;0;0;0;0;0;0
2024-03-20T00:00;2024-03-20T00:15;1;kWh;0;3829;0;0;3829;3829
2024-03-20T00:15;2024-03-20T00:30;2;kWh;-52;0;0;0;52;-52
2024-03-20T00:30;2024-03-20T00:45;3;kWh;-699;0;0;0;699;-699
2024-03-20T00:45;2024-03-20T01:00;4;kWh;-28;0;0;0;28;-28
2024-03-20T01:00;2024-03-20T01:15;5;kWh;-536;0;0;0;536;-536
2024-03-20T01:15;2024-03-20T01:30;6;kWh;-1606;0;0;0;1606;-1606
2024-03-20T01:30;2024-03-20T01:45;7;kWh;-903;0;0;0;903;-903
2024-03-20T01:45;2024-03-20T02:00;8;kWh;-492;0;0;0;492;-492
2024-03-20T02:00;2024-03-20T02:15;9;kWh;-802;0;0;0;802;-802
2024-03-20T02:15;2024-03-20T02:30;10;kWh;0;0;0;0;0;0
2024-03-20T02:30;2024-03-20T02:45;11;kWh;0;0;0;0;0;0
2024-03-20T02:45;2024-03-20T03:00;12;kWh;-3660;0;0;0;3660;-3660
2024-03-20T03:00;2024-03-20T03:15;13;kWh;-4064;0;0;0;4064;-4064
2024-03-20T03:15;2024-03-20T03:30;14;kWh;0;0;0;0;0;0
2024-03-20T03:30;2024-03-20T03:45;15;kWh;0;7362;0;0;7362;7362
2024-03-20T03:45;2024-03-20T04:00;16;kWh;0;10959;0;0;10959;10959
2024-03-20T04:00;2024-03-20T04:15;17;kWh;0;3216;0;0;3216;3216
2024-03-20T04:15;2024-03-20T04:30;18;kWh;0;1720;0;0;1720;1720
2024-03-20T04:30;2024-03-20T04:45;19;kWh;0;44;0;0;44;44
2024-03-20T04:45;2024-03-20T05:00;20;kWh;-4361;0;0;0;4361;-4361
2024-03-20T05:00;2024-03-20T05:15;21;kWh;-12123;518;0;0;12641;-11605
2024-03-20T05:15;2024-03-20T05:30;22;kWh;0;111;0;0;111;111
2024-03-20T05:30;2024-03-20T05:45;23;kWh;0;0;0;0;0;0
2024-03-20T05:45;2024-03-20T06:00;24;kWh;-74;0;0;0;74;-74
2024-03-20T06:00;2024-03-20T06:15;25;kWh;-15884;0;0;0;15884;-15884
2024-03-20T06:15;2024-03-20T06:30;26;kWh;-673;0;0;0;673;-673
2024-03-20T06:30;2024-03-20T06:45;27;kWh;-1694;0;0;0;1694;-1694
2024-03-20T06:45;2024-03-20T07:00;28;kWh;0;0;0;0;0;0
2024-03-20T07:00;2024-03-20T07:15;29;kWh;0;0;0;0;0;0
2024-03-20T07:15;2024-03-20T07:30;30;kWh;-194;0;0;0;194;-194
2024-03-20T07:30;2024-03-20T07:45;31;kWh;-4092;0;0;0;4092;-4092
2024-03-20T07:45;2024-03-20T08:00;32;kWh;-19260;0;0;0;19260;-19260
2024-03-20T08:00;2024-03-20T08:15;33;kWh;-962;0;0;0;962;-962
2024-03-20T08:15;2024-03-20T08:30;34;kWh;-37573;0;0;0;37573;-37573
2024-03-20T08:30;2024-03-20T08:45;35;kWh;-42184;0;0;0;42184;-42184
2024-03-20T08:45;2024-03-20T09:00;36;kWh;-37006;0;0;0;37006;-37006
2024-03-20T09:00;2024-03-20T09:15;37;kWh;-37112;0;0;0;37112;-37112
2024-03-20T09:15;2024-03-20T09:30;38;kWh;-41719;0;0;0;41719;-41719
2024-03-20T09:30;2024-03-20T09:45;39;kWh;-25286;147;0;0;25433;-25139
2024-03-20T09:45;2024-03-20T10:00;40;kWh;-27273;605;0;0;27878;-26668
2024-03-20T10:00;2024-03-20T10:15;41;kWh;-27834;28;0;0;27862;-27806
2024-03-20T10:15;2024-03-20T10:30;42;kWh;-5056;0;0;0;5056;-5056
2024-03-20T10:30;2024-03-20T10:45;43;kWh;-41281;0;0;0;41281;-41281
2024-03-20T10:45;2024-03-20T11:00;44;kWh;-33871;0;0;0;33871;-33871
2024-03-20T11:00;2024-03-20T11:15;45;kWh;-39274;0;0;0;39274;-39274
2024-03-20T11:15;2024-03-20T11:30;46;kWh;-43014;0;0;0;43014;-43014
2024-03-20T11:30;2024-03-20T11:45;47;kWh;-47383;0;0;0;47383;-47383
2024-03-20T11:45;2024-03-20T12:00;48;kWh;-33239;187;0;0;33426;-33052
2024-03-20T12:00;2024-03-20T12:15;49;kWh;-46824;10336;0;0;57160;-36488
2024-03-20T12:15;2024-03-20T12:30;50;kWh;-47930;6581;0;0;54511;-41349
2024-03-20T12:30;2024-03-20T12:45;51;kWh;-44078;19184;0;0;63262;-24894
2024-03-20T12:45;2024-03-20T13:00;52;kWh;-35400;9357;0;0;44757;-26043
2024-03-20T13:00;2024-03-20T13:15;53;kWh;-40629;7672;0;0;48301;-32957
2024-03-20T13:15;2024-03-20T13:30;54;kWh;-45608;5912;0;0;51520;-39696
2024-03-20T13:30;2024-03-20T13:45;55;kWh;-9699;513;0;0;10212;-9186
2024-03-20T13:45;2024-03-20T14:00;56;kWh;-44311;0;0;0;44311;-44311
2024-03-20T14:00;2024-03-20T14:15;57;kWh;-26075;0;0;0;26075;-26075
2024-03-20T14:15;2024-03-20T14:30;58;kWh;-2538;0;0;0;2538;-2538
2024-03-20T14:30;2024-03-20T14:45;59;kWh;0;658;0;0;658;658
2024-03-20T14:45;2024-03-20T15:00;60;kWh;0;10659;0;0;10659;10659
2024-03-20T15:00;2024-03-20T15:15;61;kWh;-47331;5296;0;0;52627;-42035
2024-03-20T15:15;2024-03-20T15:30;62;kWh;-49460;0;0;0;49460;-49460
2024-03-20T15:30;2024-03-20T15:45;63;kWh;-38720;526;0;0;39246;-38194
2024-03-20T15:45;2024-03-20T16:00;64;kWh;-3333;6645;0;0;9978;3312
2024-03-20T16:00;2024-03-20T16:15;65;kWh;-2898;0;0;0;2898;-2898
2024-03-20T16:15;2024-03-20T16:30;66;kWh;0;970;0;0;970;970
2024-03-20T16:30;2024-03-20T16:45;67;kWh;0;1808;0;0;1808;1808
2024-03-20T16:45;2024-03-20T17:00;68;kWh;0;0;0;0;0;0
2024-03-20T17:00;2024-03-20T17:15;69;kWh;-27942;0;0;0;27942;-27942
2024-03-20T17:15;2024-03-20T17:30;70;kWh;-30021;5;0;0;30026;-30016
2024-03-20T17:30;2024-03-20T17:45;71;kWh;-1831;38;0;0;1869;-1793
2024-03-20T17:45;2024-03-20T18:00;72;kWh;0;2058;0;0;2058;2058
2024-03-20T18:00;2024-03-20T18:15;73;kWh;-1535;952;0;0;2487;-583
2024-03-20T18:15;2024-03-20T18:30;74;kWh;-19;967;0;0;986;948
2024-03-20T18:30;2024-03-20T18:45;75;kWh;0;30382;0;0;30382;30382
2024-03-20T18:45;2024-03-20T19:00;76;kWh;0;46744;0;0;46744;46744
2024-03-20T19:00;2024-03-20T19:15;77;kWh;-8;10212;0;0;10220;10204
2024-03-20T19:15;2024-03-20T19:30;78;kWh;0;8414;0;0;8414;8414
2024-03-20T19:30;2024-03-20T19:45;79;kWh;0;0;0;0;0;0
2024-03-20T19:45;2024-03-20T20:00;80;kWh;0;0;0;0;0;0
2024-03-20T20:00;2024-03-20T20:15;81;kWh;-18;0;0;0;18;-18
2024-03-20T20:15;2024-03-20T20:30;82;kWh;-2547;0;0;0;2547;-2547
2024-03-20T20:30;2024-03-20T20:45;83;kWh;-2101;0;0;0;2101;-2101
2024-03-20T20:45;2024-03-20T21:00;84;kWh;-13289;0;0;0;13289;-13289
2024-03-20T21:00;2024-03-20T21:15;85;kWh;-1658;302;0;0;1960;-1356
2024-03-20T21:15;2024-03-20T21:30;86;kWh;-1701;0;0;0;1701;-1701
2024-03-20T21:30;2024-03-20T21:45;87;kWh;-10380;0;0;0;10380;-10380
2024-03-20T21:45;2024-03-20T22:00;88;kWh;-20882;0;0;0;20882;-20882
2024-03-20T22:00;2024-03-20T22:15;89;kWh;-5740;319;0;0;6059;-5421
2024-03-20T22:15;2024-03-20T22:30;90;kWh;-6819;0;0;0;6819;-6819
2024-03-20T22:30;2024-03-20T22:45;91;kWh;-49420;0;0;0;49420;-49420
2024-03-20T22:45;2024-03-20T23:00;92;kWh;-29513;0;0;0;29513;-29513
2024-03-20T23:00;2024-03-20T23:15;93;kWh;-16513;7498;0;0;24011;-9015
2024-03-20T23:15;2024-03-20T23:30;94;kWh;0;29116;0;0;29116;29116
2024-03-20T23:30;2024-03-20T23:45;95;kWh;0;22705;0;0;22705;22705
2024-03-20T23:45;2024-03-21T00:00;96;kWh;-87;43020;0;0;43107;42933
2024-03-21T00:00;2024-03-21T00:15;1;kWh;-45489;2807;0;0;48296;-42682
2024-03-21T00:15;2024-03-21T00:30;2;kWh;-1186;8575;0;0;9761;7389
2024-03-21T00:30;2024-03-21T00:45;3;kWh;-79294;0;0;0;79294;-79294
2024-03-21T00:45;2024-03-21T01:00;4;kWh;-111297;0;0;0;111297;-111297
2024-03-21T01:00;2024-03-21T01:15;5;kWh;-43133;0;0;0;43133;-43133
2024-03-21T01:15;2024-03-21T01:30;6;kWh;-62034;0;0;0;62034;-62034
2024-03-21T01:30;2024-03-21T01:45;7;kWh;-69113;0;0;0;69113;-69113
2024-03-21T01:45;2024-03-21T02:00;8;kWh;-115113;0;0;0;115113;-115113
2024-03-21T02:00;2024-03-21T02:15;9;kWh;-123988;0;0;0;123988;-123988
2024-03-21T02:15;2024-03-21T02:30;10;kWh;-116343;0;0;0;116343;-116343
2024-03-21T02:30;2024-03-21T02:45;11;kWh;-95038;0;0;0;95038;-95038
2024-03-21T02:45;2024-03-21T03:00;12;kWh;-89764;0;0;0;89764;-89764
2024-03-21T03:00;2024-03-21T03:15;13;kWh;-12193;24910;0;0;37103;12717
2024-03-21T03:15;2024-03-21T03:30;14;kWh;-1242;1606;0;0;2848;364
2024-03-21T03:30;2024-03-21T03:45;15;kWh;-16410;0;0;0;16410;-16410
2024-03-21T03:45;2024-03-21T04:00;16;kWh;-75013;0;0;0;75013;-75013
2024-03-21T04:00;2024-03-21T04:15;17;kWh;-39024;0;0;0;39024;-39024
2024-03-21T04:15;2024-03-21T04:30;18;kWh;-66915;0;0;0;66915;-66915
2024-03-21T04:30;2024-03-21T04:45;19;kWh;-91598;0;0;0;91598;-91598
2024-03-21T04:45;2024-03-21T05:00;20;kWh;-43939;0;0;0;43939;-43939
2024-03-21T05:00;2024-03-21T05:15;21;kWh;-82158;0;0;0;82158;-82158
2024-03-21T05:15;2024-03-21T05:30;22;kWh;-64117;0;0;0;64117;-64117
2024-03-21T05:30;2024-03-21T05:45;23;kWh;-15691;0;0;0;15691;-15691
2024-03-21T05:45;2024-03-21T06:00;24;kWh;-373;0;0;0;373;-373
2024-03-21T06:00;2024-03-21T06:15;25;kWh;-8369;0;0;0;8369;-8369
2024-03-21T06:15;2024-03-21T06:30;26;kWh;-5786;489;0;0;6275;-5297
2024-03-21T06:30;2024-03-21T06:45;27;kWh;0;13612;0;0;13612;13612
2024-03-21T06:45;2024-03-21T07:00;28;kWh;0;22927;0;0;22927;22927
2024-03-21T07:00;2024-03-21T07:15;29;kWh;0;1809;0;0;1809;1809
2024-03-21T07:15;2024-03-21T07:30;30;kWh;0;9313;0;0;9313;9313
2024-03-21T07:30;2024-03-21T07:45;31;kWh;0;32716;0;0;32716;32716
2024-03-21T07:45;2024-03-21T08:00;32;kWh;0;29714;0;0;29714;29714
2024-03-21T08:00;2024-03-21T08:15;33;kWh;0;40332;0;0;40332;40332
2024-03-21T08:15;2024-03-21T08:30;34;kWh;0;65231;0;0;65231;65231
2024-03-21T08:30;2024-03-21T08:45;35;kWh;0;31709;0;0;31709;31709
2024-03-21T08:45;2024-03-21T09:00;36;kWh;0;37993;0;0;37993;37993
2024-03-21T09:00;2024-03-21T09:15;37;kWh;-2396;55074;0;0;57470;52678
2024-03-21T09:15;2024-03-21T09:30;38;kWh;-6021;13139;0;0;19160;7118
2024-03-21T09:30;2024-03-21T09:45;39;kWh;-6660;495;0;0;7155;-6165
2024-03-21T09:45;2024-03-21T10:00;40;kWh;-16660;140;0;0;16800;-16520
2024-03-21T10:00;2024-03-21T10:15;41;kWh;-520;461;0;0;981;-59
2024-03-21T10:15;2024-03-21T10:30;42;kWh;-961;0;0;0;961;-961
2024-03-21T10:30;2024-03-21T10:45;43;kWh;-1142;0;0;0;1142;-1142
2024-03-21T10:45;2024-03-21T11:00;44;kWh;0;207;0;0;207;207
2024-03-21T11:00;2024-03-21T11:15;45;kWh;0;47529;0;0;47529;47529
2024-03-21T11:15;2024-03-21T11:30;46;kWh;-118;3345;0;0;3463;3227
2024-03-21T11:30;2024-03-21T11:45;47;kWh;0;22001;0;0;22001;22001
2024-03-21T11:45;2024-03-21T12:00;48;kWh;-2049;9847;0;0;11896;7798
2024-03-21T12:00;2024-03-21T12:15;49;kWh;-25856;0;0;0;25856;-25856
2024-03-21T12:15;2024-03-21T12:30;50;kWh;-24383;526;0;0;24909;-23857
2024-03-21T12:30;2024-03-21T12:45;51;kWh;-59030;197;0;0;59227;-58833
2024-03-21T12:45;2024-03-21T13:00;52;kWh;-20211;216;0;0;20427;-19995
2024-03-21T13:00;2024-03-21T13:15;53;kWh;-13521;2220;0;0;15741;-11301
2024-03-21T13:15;2024-03-21T13:30;54;kWh;0;33544;0;0;33544;33544
2024-03-21T13:30;2024-03-21T13:45;55;kWh;0;26059;0;0;26059;26059
2024-03-21T13:45;2024-03-21T14:00;56;kWh;-82;548;0;0;630;466
2024-03-21T14:00;2024-03-21T14:15;57;kWh;0;4217;0;0;4217;4217
2024-03-21T14:15;2024-03-21T14:30;58;kWh;-24051;0;0;0;24051;-24051
2024-03-21T14:30;2024-03-21T14:45;59;kWh;-45221;0;0;0;45221;-45221
2024-03-21T14:45;2024-03-21T15:00;60;kWh;-83812;0;0;0;83812;-83812
2024-03-21T15:00;2024-03-21T15:15;61;kWh;-71802;0;0;0;71802;-71802
2024-03-21T15:15;2024-03-21T15:30;62;kWh;-70332;0;0;0;70332;-70332
2024-03-21T15:30;2024-03-21T15:45;63;kWh;-92447;0;0;0;92447;-92447
2024-03-21T15:45;2024-03-21T16:00;64;kWh;-38117;300;0;0;38417;-37817
2024-03-21T16:00;2024-03-21T16:15;65;kWh;-1016;21683;0;0;22699;20667
2024-03-21T16:15;2024-03-21T16:30;66;kWh;-10238;0;0;0;10238;-10238
2024-03-21T16:30;2024-03-21T16:45;67;kWh;-2576;0;0;0;2576;-2576
2024-03-21T16:45;2024-03-21T17:00;68;kWh;-7223;0;0;0;7223;-7223
2024-03-21T17:00;2024-03-21T17:15;69;kWh;-7233;0;0;0;7233;-7233
2024-03-21T17:15;2024-03-21T17:30;70;kWh;-29364;0;0;0;29364;-29364
2024-03-21T17:30;2024-03-21T17:45;71;kWh;-8269;0;0;0;8269;-8269
2024-03-21T17:45;2024-03-21T18:00;72;kWh;-8;0;0;0;8;-8
2024-03-21T18:00;2024-03-21T18:15;73;kWh;-38298;0;0;0;38298;-38298
2024-03-21T18:15;2024-03-21T18:30;74;kWh;-8622;0;0;0;8622;-8622
2024-03-21T18:30;2024-03-21T18:45;75;kWh;0;16340;0;0;16340;16340
2024-03-21T18:45;2024-03-21T19:00;76;kWh;0;26680;0;0;26680;26680
2024-03-21T19:00;2024-03-21T19:15;77;kWh;0;12258;0;0;12258;12258
2024-03-21T19:15;2024-03-21T19:30;78;kWh;0;2536;0;0;2536;2536
2024-03-21T19:30;2024-03-21T19:45;79;kWh;0;1842;0;0;1842;1842
2024-03-21T19:45;2024-03-21T20:00;80;kWh;-5427;0;0;0;5427;-5427
2024-03-21T20:00;2024-03-21T20:15;81;kWh;-25552;0;0;0;25552;-25552
2024-03-21T20:15;2024-03-21T20:30;82;kWh;-74522;0;0;0;74522;-74522
2024-03-21T20:30;2024-03-21T20:45;83;kWh;-69823;0;0;0;69823;-69823
2024-03-21T20:45;2024-03-21T21:00;84;kWh;-83762;0;0;0;83762;-83762
2024-03-21T21:00;2024-03-21T21:15;85;kWh;-33790;655;0;0;34445;-33135
2024-03-21T21:15;2024-03-21T21:30;86;kWh;0;975;0;0;975;975
2024-03-21T21:30;2024-03-21T21:45;87;kWh;0;0;0;0;0;0
2024-03-21T21:45;2024-03-21T22:00;88;kWh;-115;0;0;0;115;-115
2024-03-21T22:00;2024-03-21T22:15;89;kWh;-18222;0;0;0;18222;-18222
2024-03-21T22:15;2024-03-21T22:30;90;kWh;-4280;0;0;0;4280;-4280
2024-03-21T22:30;2024-03-21T22:45;91;kWh;-18557;0;0;0;18557;-18557
2024-03-21T22:45;2024-03-21T23:00;92;kWh;-57638;0;0;0;57638;-57638
2024-03-21T23:00;2024-03-21T23:15;93;kWh;-11271;0;0;0;11271;-11271
2024-03-21T23:15;2024-03-21T23:30;94;kWh;-28283;0;0;0;28283;-28283
2024-03-21T23:30;2024-03-21T23:45;95;kWh;-57439;0;0;0;57439;-57439
2024-03-21T23:45;2024-03-22T00:00;96;kWh;-60776;0;0;0;60776;-60776
2024-03-22T00:00;2024-03-22T00:15;1;kWh;-8312;880;0;0;9192;-7432
2024-03-22T00:15;2024-03-22T00:30;2;kWh;-9827;0;0;0;9827;-9827
2024-03-22T00:30;2024-03-22T00:45;3;kWh;-34586;0;0;0;34586;-34586
2024-03-22T00:45;2024-03-22T01:00;4;kWh;-27046;133;0;0;27179;-26913
2024-03-22T01:00;2024-03-22T01:15;5;kWh;-770;1233;0;0;2003;463
2024-03-22T01:15;2024-03-22T01:30;6;kWh;-508;939;0;0;1447;431
2024-03-22T01:30;2024-03-22T01:45;7;kWh;-4413;0;0;0;4413;-4413
2024-03-22T01:45;2024-03-22T02:00;8;kWh;-15810;0;0;0;15810;-15810
2024-03-22T02:00;2024-03-22T02:15;9;kWh;-2564;12356;0;0;14920;9792
2024-03-22T02:15;2024-03-22T02:30;10;kWh;0;1333;0;0;1333;1333
2024-03-22T02:30;2024-03-22T02:45;11;kWh;0;0;0;0;0;0
2024-03-22T02:45;2024-03-22T03:00;12;kWh;0;0;0;0;0;0
2024-03-22T03:00;2024-03-22T03:15;13;kWh;0;10472;0;0;10472;10472
2024-03-22T03:15;2024-03-22T03:30;14;kWh;0;32681;0;0;32681;32681
2024-03-22T03:30;2024-03-22T03:45;15;kWh;-248;15716;0;0;15964;15468
2024-03-22T03:45;2024-03-22T04:00;16;kWh;0;43765;0;0;43765;43765
2024-03-22T04:00;2024-03-22T04:15;17;kWh;-791;17035;0;0;17826;16244
2024-03-22T04:15;2024-03-22T04:30;18;kWh;-6;0;0;0;6;-6
2024-03-22T04:30;2024-03-22T04:45;19;kWh;0;0;0;0;0;0
2024-03-22T04:45;2024-03-22T05:00;20;kWh;0;0;0;0;0;0
2024-03-22T05:00;2024-03-22T05:15;21;kWh;-16051;0;0;0;16051;-16051
2024-03-22T05:15;2024-03-22T05:30;22;kWh;-18721;0;0;0;18721;-18721
2024-03-22T05:30;2024-03-22T05:45;23;kWh;-5617;0;0;0;5617;-5617
2024-03-22T05:45;2024-03-22T06:00;24;kWh;-2693;0;0;0;2693;-2693
2024-03-22T06:00;2024-03-22T06:15;25;kWh;-37749;103;0;0;37852;-37646
2024-03-22T06:15;2024-03-22T06:30;26;kWh;-28678;86;0;0;28764;-28592
2024-03-22T06:30;2024-03-22T06:45;27;kWh;-6760;257;0;0;7017;-6503
2024-03-22T06:45;2024-03-22T07:00;28;kWh;-10015;0;0;0;10015;-10015
2024-03-22T07:00;2024-03-22T07:15;29;kWh;-28927;1793;0;0;30720;-27134
2024-03-22T07:15;2024-03-22T07:30;30;kWh;-31573;212;0;0;31785;-31361
2024-03-22T07:30;2024-03-22T07:45;31;kWh;-36583;19;0;0;36602;-36564
2024-03-22T07:45;2024-03-22T08:00;32;kWh;-26775;0;0;0;26775;-26775
2024-03-22T08:00;2024-03-22T08:15;33;kWh;-37855;0;0;0;37855;-37855
2024-03-22T08:15;2024-03-22T08:30;34;kWh;-29278;0;0;0;29278;-29278
2024-03-22T08:30;2024-03-22T08:45;35;kWh;-24511;0;0;0;24511;-24511
2024-03-22T08:45;2024-03-22T09:00;36;kWh;-12065;0;0;0;12065;-12065
2024-03-22T09:00;2024-03-22T09:15;37;kWh;-32937;1524;0;0;34461;-31413
2024-03-22T09:15;2024-03-22T09:30;38;kWh;-14814;11;0;0;14825;-14803
2024-03-22T09:30;2024-03-22T09:45;39;kWh;-223;9789;0;0;10012;9566
2024-03-22T09:45;2024-03-22T10:00;40;kWh;0;32595;0;0;32595;32595
2024-03-22T10:00;2024-03-22T10:15;41;kWh;0;17566;0;0;17566;17566
2024-03-22T10:15;2024-03-22T10:30;42;kWh;0;18822;0;0;18822;18822
2024-03-22T10:30;2024-03-22T10:45;43;kWh;0;62370;0;0;62370;62370
2024-03-22T10:45;2024-03-22T11:00;44;kWh;0;10023;0;0;10023;10023
2024-03-22T11:00;2024-03-22T11:15;45;kWh;-4399;164;0;0;4563;-4235
2024-03-22T11:15;2024-03-22T11:30;46;kWh;-17402;0;0;0;17402;-17402
2024-03-22T11:30;2024-03-22T11:45;47;kWh;-23478;0;0;0;23478;-23478
2024-03-22T11:45;2024-03-22T12:00;48;kWh;-865;0;0;0;865;-865
2024-03-22T12:00;2024-03-22T12:15;49;kWh;-27452;96;0;0;27548;-27356
2024-03-22T12:15;2024-03-22T12:30;50;kWh;-25007;676;0;0;25683;-24331
2024-03-22T12:30;2024-03-22T12:45;51;kWh;-25950;0;0;0;25950;-25950
2024-03-22T12:45;2024-03-22T13:00;52;kWh;-12456;0;0;0;12456;-12456
2024-03-22T13:00;2024-03-22T13:15;53;kWh;-27108;0;0;0;27108;-27108
2024-03-22T13:15;2024-03-22T13:30;54;kWh;-32309;1983;0;0;34292;-30326
2024-03-22T13:30;2024-03-22T13:45;55;kWh;-29511;1849;0;0;31360;-27662
2024-03-22T13:45;2024-03-22T14:00;56;kWh;-37294;0;0;0;37294;-37294
2024-03-22T14:00;2024-03-22T14:15;57;kWh;-43071;420;0;0;43491;-42651
2024-03-22T14:15;2024-03-22T14:30;58;kWh;-46414;33;0;0;46447;-46381
2024-03-22T14:30;2024-03-22T14:45;59;kWh;-54356;0;0;0;54356;-54356
2024-03-22T14:45;2024-03-22T15:00;60;kWh;-51740;658;0;0;52398;-51082
2024-03-22T15:00;2024-03-22T15:15;61;kWh;-5420;26659;0;0;32079;21239
2024-03-22T15:15;2024-03-22T15:30;62;kWh;-44037;0;0;0;44037;-44037
2024-03-22T15:30;2024-03-22T15:45;63;kWh;-34659;308;0;0;34967;-34351
2024-03-22T15:45;2024-03-22T16:00;64;kWh;-43000;3801;0;0;46801;-39199
2024-03-22T16:00;2024-03-22T16:15;65;kWh;-26539;12699;0;0;39238;-13840
2024-03-22T16:15;2024-03-22T16:30;66;kWh;-35150;0;0;0;35150;-35150
2024-03-22T16:30;2024-03-22T16:45;67;kWh;-16877;0;0;0;16877;-16877
2024-03-22T16:45;2024-03-22T17:00;68;kWh;-36733;1;0;0;36734;-36732
2024-03-22T17:00;2024-03-22T17:15;69;kWh;-39258;216;0;0;39474;-39042
2024-03-22T17:15;2024-03-22T17:30;70;kWh;-41702;0;0;0;41702;-41702
2024-03-22T17:30;2024-03-22T17:45;71;kWh;-26180;3;0;0;26183;-26177
2024-03-22T17:45;2024-03-22T18:00;72;kWh;-3;249;0;0;252;246
2024-03-22T18:00;2024-03-22T18:15;73;kWh;0;20215;0;0;20215;20215
2024-03-22T18:15;2024-03-22T18:30;74;kWh;0;54033;0;0;54033;54033
2024-03-22T18:30;2024-03-22T18:45;75;kWh;0;84689;0;0;84689;84689
2024-03-22T18:45;2024-03-22T19:00;76;kWh;0;70463;0;0;70463;70463
2024-03-22T19:00;2024-03-22T19:15;77;kWh;0;32100;0;0;32100;32100
2024-03-22T19:15;2024-03-22T19:30;78;kWh;0;2605;0;0;2605;2605
2024-03-22T19:30;2024-03-22T19:45;79;kWh;0;11267;0;0;11267;11267
2024-03-22T19:45;2024-03-22T20:00;80;kWh;0;27425;0;0;27425;27425
2024-03-22T20:00;2024-03-22T20:15;81;kWh;0;1008;0;0;1008;1008
2024-03-22T20:15;2024-03-22T20:30;82;kWh;-6595;0;0;0;6595;-6595
2024-03-22T20:30;2024-03-22T20:45;83;kWh;-32573;0;0;0;32573;-32573
2024-03-22T20:45;2024-03-22T21:00;84;kWh;-9976;373;0;0;10349;-9603
2024-03-22T21:00;2024-03-22T21:15;85;kWh;0;27763;0;0;27763;27763
2024-03-22T21:15;2024-03-22T21:30;86;kWh;-774;64;0;0;838;-710
2024-03-22T21:30;2024-03-22T21:45;87;kWh;-3122;0;0;0;3122;-3122
2024-03-22T21:45;2024-03-22T22:00;88;kWh;-2126;0;0;0;2126;-2126
2024-03-22T22:00;2024-03-22T22:15;89;kWh;-40378;0;0;0;40378;-40378
2024-03-22T22:15;2024-03-22T22:30;90;kWh;-5891;61;0;0;5952;-5830
2024-03-22T22:30;2024-03-22T22:45;91;kWh;0;2347;0;0;2347;2347
2024-03-22T22:45;2024-03-22T23:00;92;kWh;0;15802;0;0;15802;15802
2024-03-22T23:00;2024-03-22T23:15;93;kWh;-220;2947;0;0;3167;2727
2024-03-22T23:15;2024-03-22T23:30;94;kWh;0;13882;0;0;13882;13882
2024-03-22T23:30;2024-03-22T23:45;95;kWh;0;3975;0;0;3975;3975
2024-03-22T23:45;2024-03-23T00:00;96;kWh;0;0;0;0;0;0
2024-03-23T00:00;2024-03-23T00:15;1;kWh;0;10098;0;0;10098;10098
2024-03-23T00:15;2024-03-23T00:30;2;kWh;0;43233;0;0;43233;43233
2024-03-23T00:30;2024-03-23T00:45;3;kWh;0;18721;0;0;18721;18721
2024-03-23T00:45;2024-03-23T01:00;4;kWh;-838;263;0;0;1101;-575
2024-03-23T01:00;2024-03-23T01:15;5;kWh;-1412;7840;0;0;9252;6428
2024-03-23T01:15;2024-03-23T01:30;6;kWh;0;3470;0;0;3470;3470
2024-03-23T01:30;2024-03-23T01:45;7;kWh;0;0;0;0;0;0
2024-03-23T01:45;2024-03-23T02:00;8;kWh;-6220;0;0;0;6220;-6220
2024-03-23T02:00;2024-03-23T02:15;9;kWh;-1206;2225;0;0;3431;1019
2024-03-23T02:15;2024-03-23T02:30;10;kWh;0;1291;0;0;1291;1291
2024-03-23T02:30;2024-03-23T02:45;11;kWh;0;0;0;0;0;0
2024-03-23T02:45;2024-03-23T03:00;12;kWh;0;0;0;0;0;0
2024-03-23T03:00;2024-03-23T03:15;13;kWh;0;31807;0;0;31807;31807
2024-03-23T03:15;2024-03-23T03:30;14;kWh;-151;18305;0;0;18456;18154
2024-03-23T03:30;2024-03-23T03:45;15;kWh;-4208;363;0;0;4571;-3845
2024-03-23T03:45;2024-03-23T04:00;16;kWh;-1199;0;0;0;1199;-1199
2024-03-23T04:00;2024-03-23T04:15;17;kWh;-73;9667;0;0;9740;9594
2024-03-23T04:15;2024-03-23T04:30;18;kWh;0;41;0;0;41;41
2024-03-23T04:30;2024-03-23T04:45;19;kWh;0;1367;0;0;1367;1367
2024-03-23T04:45;2024-03-23T05:00;20;kWh;0;76;0;0;76;76
2024-03-23T05:00;2024-03-23T05:15;21;kWh;0;0;0;0;0;0
2024-03-23T05:15;2024-03-23T05:30;22;kWh;0;0;0;0;0;0
2024-03-23T05:30;2024-03-23T05:45;23;kWh;-2121;0;0;0;2121;-2121
2024-03-23T05:45;2024-03-23T06:00;24;kWh;-11094;0;0;0;11094;-11094
2024-03-23T06:00;2024-03-23T06:15;25;kWh;-11792;0;0;0;11792;-11792
2024-03-23T06:15;2024-03-23T06:30;26;kWh;-13082;0;0;0;13082;-13082
2024-03-23T06:30;2024-03-23T06:45;27;kWh;-10024;0;0;0;10024;-10024
2024-03-23T06:45;2024-03-23T07:00;28;kWh;-9976;19;0;0;9995;-9957
2024-03-23T07:00;2024-03-23T07:15;29;kWh;-48;182;0;0;230;134
2024-03-23T07:15;2024-03-23T07:30;30;kWh;-6508;0;0;0;6508;-6508
2024-03-23T07:30;2024-03-23T07:45;31;kWh;-10394;0;0;0;10394;-10394
2024-03-23T07:45;2024-03-23T08:00;32;kWh;-6005;0;0;0;6005;-6005
2024-03-23T08:00;2024-03-23T08:15;33;kWh;-10;0;0;0;10;-10
2024-03-23T08:15;2024-03-23T08:30;34;kWh;-4420;0;0;0;4420;-4420
2024-03-23T08:30;2024-03-23T08:45;35;kWh;-11880;0;0;0;11880;-11880
2024-03-23T08:45;2024-03-23T09:00;36;kWh;-16123;1452;0;0;17575;-14671
2024-03-23T09:00;2024-03-23T09:15;37;kWh;-7481;0;0;0;7481;-7481
2024-03-23T09:15;2024-03-23T09:30;38;kWh;-7762;0;0;0;7762;-7762
2024-03-23T09:30;2024-03-23T09:45;39;kWh;-6695;0;0;0;6695;-6695
2024-03-23T09:45;2024-03-23T10:00;40;kWh;-15236;0;0;0;15236;-15236
2024-03-23T10:00;2024-03-23T10:15;41;kWh;-41146;26;0;0;41172;-41120
2024-03-23T10:15;2024-03-23T10:30;42;kWh;-28577;2450;0;0;31027;-26127
2024-03-23T10:30;2024-03-23T10:45;43;kWh;-13368;150;0;0;13518;-13218
2024-03-23T10:45;2024-03-23T11:00;44;kWh;-9943;802;0;0;10745;-9141
2024-03-23T11:00;2024-03-23T11:15;45;kWh;-3447;3560;0;0;7007;113
2024-03-23T11:15;2024-03-23T11:30;46;kWh;-5318;0;0;0;5318;-5318
2024-03-23T11:30;2024-03-23T11:45;47;kWh;-12963;349;0;0;13312;-12614
2024-03-23T11:45;2024-03-23T12:00;48;kWh;-7908;874;0;0;8782;-7034
2024-03-23T12:00;2024-03-23T12:15;49;kWh;-1400;0;0;0;1400;-1400
2024-03-23T12:15;2024-03-23T12:30;50;kWh;-249;0;0;0;249;-249
2024-03-23T12:30;2024-03-23T12:45;51;kWh;-249;222;0;0;471;-27
2024-03-23T12:45;2024-03-23T13:00;52;kWh;-2081;216;0;0;2297;-1865
2024-03-23T13:00;2024-03-23T13:15;53;kWh;-3298;95;0;0;3393;-3203
2024-03-23T13:15;2024-03-23T13:30;54;kWh;-5200;0;0;0;5200;-5200
2024-03-23T13:30;2024-03-23T13:45;55;kWh;-897;716;0;0;1613;-181
2024-03-23T13:45;2024-03-23T14:00;56;kWh;-2214;0;0;0;2214;-2214
2024-03-23T14:00;2024-03-23T14:15;57;kWh;-14497;0;0;0;14497;-14497
2024-03-23T14:15;2024-03-23T14:30;58;kWh;-1574;0;0;0;1574;-1574
2024-03-23T14:30;2024-03-23T14:45;59;kWh;-249;0;0;0;249;-249
2024-03-23T14:45;2024-03-23T15:00;60;kWh;-296;0;0;0;296;-296
2024-03-23T15:00;2024-03-23T15:15;61;kWh;-4150;0;0;0;4150;-4150
2024-03-23T15:15;2024-03-23T15:30;62;kWh;-3967;0;0;0;3967;-3967
2024-03-23T15:30;2024-03-23T15:45;63;kWh;-232;0;0;0;232;-232
2024-03-23T15:45;2024-03-23T16:00;64;kWh;0;9287;0;0;9287;9287
2024-03-23T16:00;2024-03-23T16:15;65;kWh;-15615;1500;0;0;17115;-14115
2024-03-23T16:15;2024-03-23T16:30;66;kWh;-45;2230;0;0;2275;2185
2024-03-23T16:30;2024-03-23T16:45;67;kWh;-247;6216;0;0;6463;5969
2024-03-23T16:45;2024-03-23T17:00;68;kWh;0;12523;0;0;12523;12523
2024-03-23T17:00;2024-03-23T17:15;69;kWh;-7364;13476;0;0;20840;6112
2024-03-23T17:15;2024-03-23T17:30;70;kWh;-752;5861;0;0;6613;5109
2024-03-23T17:30;2024-03-23T17:45;71;kWh;0;3245;0;0;3245;3245
2024-03-23T17:45;2024-03-23T18:00;72;kWh;0;64430;0;0;64430;64430
2024-03-23T18:00;2024-03-23T18:15;73;kWh;-6424;2000;0;0;8424;-4424
2024-03-23T18:15;2024-03-23T18:30;74;kWh;-15;5697;0;0;5712;5682
2024-03-23T18:30;2024-03-23T18:45;75;kWh;0;58727;0;0;58727;58727
2024-03-23T18:45;2024-03-23T19:00;76;kWh;0;83023;0;0;83023;83023
2024-03-23T19:00;2024-03-23T19:15;77;kWh;0;45330;0;0;45330;45330
2024-03-23T19:15;2024-03-23T19:30;78;kWh;0;9578;0;0;9578;9578
2024-03-23T19:30;2024-03-23T19:45;79;kWh;-7664;5;0;0;7669;-7659
2024-03-23T19:45;2024-03-23T20:00;80;kWh;-6783;0;0;0;6783;-6783
2024-03-23T20:00;2024-03-23T20:15;81;kWh;-38;0;0;0;38;-38
2024-03-23T20:15;2024-03-23T20:30;82;kWh;-426;0;0;0;426;-426
2024-03-23T20:30;2024-03-23T20:45;83;kWh;-8249;0;0;0;8249;-8249
2024-03-23T20:45;2024-03-23T21:00;84;kWh;-18320;0;0;0;18320;-18320
2024-03-23T21:00;2024-03-23T21:15;85;kWh;-3988;921;0;0;4909;-3067
2024-03-23T21:15;2024-03-23T21:30;86;kWh;-4194;0;0;0;4194;-4194
2024-03-23T21:30;2024-03-23T21:45;87;kWh;-14417;0;0;0;14417;-14417
2024-03-23T21:45;2024-03-23T22:00;88;kWh;-18969;0;0;0;18969;-18969
2024-03-23T22:00;2024-03-23T22:15;89;kWh;-6513;39;0;0;6552;-6474
2024-03-23T22:15;2024-03-23T22:30;90;kWh;-28724;251;0;0;28975;-28473
2024-03-23T22:30;2024-03-23T22:45;91;kWh;-10199;0;0;0;10199;-10199
2024-03-23T22:45;2024-03-23T23:00;92;kWh;-26318;0;0;0;26318;-26318
2024-03-23T23:00;2024-03-23T23:15;93;kWh;-3680;0;0;0;3680;-3680
2024-03-23T23:15;2024-03-23T23:30;94;kWh;-7786;228;0;0;8014;-7558
2024-03-23T23:30;2024-03-23T23:45;95;kWh;-17450;329;0;0;17779;-17121
2024-03-23T23:45;2024-03-24T00:00;96;kWh;-16757;279;0;0;17036;-16478
2024-03-24T00:00;2024-03-24T00:15;1;kWh;-13516;13;0;0;13529;-13503
2024-03-24T00:15;2024-03-24T00:30;2;kWh;-7790;0;0;0;7790;-7790
2024-03-24T00:30;2024-03-24T00:45;3;kWh;-4824;0;0;0;4824;-4824
2024-03-24T00:45;2024-03-24T01:00;4;kWh;-1733;39;0;0;1772;-1694
2024-03-24T01:00;2024-03-24T01:15;5;kWh;0;541;0;0;541;541
2024-03-24T01:15;2024-03-24T01:30;6;kWh;0;0;0;0;0;0
2024-03-24T01:30;2024-03-24T01:45;7;kWh;-486;0;0;0;486;-486
2024-03-24T01:45;2024-03-24T02:00;8;kWh;-2620;0;0;0;2620;-2620
2024-03-24T02:00;2024-03-24T02:15;9;kWh;0;0;0;0;0;0
2024-03-24T02:15;2024-03-24T02:30;10;kWh;0;1128;0;0;1128;1128
2024-03-24T02:30;2024-03-24T02:45;11;kWh;0;1852;0;0;1852;1852
2024-03-24T02:45;2024-03-24T03:00;12;kWh;0;690;0;0;690;690
2024-03-24T03:00;2024-03-24T03:15;13;kWh;0;8133;0;0;8133;8133
2024-03-24T03:15;2024-03-24T03:30;14;kWh;0;22526;0;0;22526;22526
2024-03-24T03:30;2024-03-24T03:45;15;kWh;0;24281;0;0;24281;24281
2024-03-24T03:45;2024-03-24T04:00;16;kWh;0;6064;0;0;6064;6064
2024-03-24T04:00;2024-03-24T04:15;17;kWh;0;2134;0;0;2134;2134
2024-03-24T04:15;2024-03-24T04:30;18;kWh;0;1498;0;0;1498;1498
2024-03-24T04:30;2024-03-24T04:45;19;kWh;-1813;1826;0;0;3639;13
2024-03-24T04:45;2024-03-24T05:00;20;kWh;0;391;0;0;391;391
2024-03-24T05:00;2024-03-24T05:15;21;kWh;-2570;0;0;0;2570;-2570
2024-03-24T05:15;2024-03-24T05:30;22;kWh;-1572;0;0;0;1572;-1572
2024-03-24T05:30;2024-03-24T05:45;23;kWh;-2266;0;0;0;2266;-2266
2024-03-24T05:45;2024-03-24T06:00;24;kWh;-2795;0;0;0;2795;-2795
2024-03-24T06:00;2024-03-24T06:15;25;kWh;-3365;19;0;0;3384;-3346
2024-03-24T06:15;2024-03-24T06:30;26;kWh;-4885;0;0;0;4885;-4885
2024-03-24T06:30;2024-03-24T06:45;27;kWh;-7415;2732;0;0;10147;-4683
2024-03-24T06:45;2024-03-24T07:00;28;kWh;-4577;71;0;0;4648;-4506
2024-03-24T07:00;2024-03-24T07:15;29;kWh;-3631;148;0;0;3779;-3483
2024-03-24T07:15;2024-03-24T07:30;30;kWh;-2804;0;0;0;2804;-2804
2024-03-24T07:30;2024-03-24T07:45;31;kWh;-6246;0;0;0;6246;-6246
2024-03-24T07:45;2024-03-24T08:00;32;kWh;-11063;0;0;0;11063;-11063
2024-03-24T08:00;2024-03-24T08:15;33;kWh;-9828;0;0;0;9828;-9828
2024-03-24T08:15;2024-03-24T08:30;34;kWh;-30916;0;0;0;30916;-30916
2024-03-24T08:30;2024-03-24T08:45;35;kWh;-25408;0;0;0;25408;-25408
2024-03-24T08:45;2024-03-24T09:00;36;kWh;-24001;0;0;0;24001;-24001
2024-03-24T09:00;2024-03-24T09:15;37;kWh;-11205;0;0;0;11205;-11205
2024-03-24T09:15;2024-03-24T09:30;38;kWh;-8115;0;0;0;8115;-8115
2024-03-24T09:30;2024-03-24T09:45;39;kWh;-3955;0;0;0;3955;-3955
2024-03-24T09:45;2024-03-24T10:00;40;kWh;-3368;0;0;0;3368;-3368
2024-03-24T10:00;2024-03-24T10:15;41;kWh;-226;0;0;0;226;-226
2024-03-24T10:15;2024-03-24T10:30;42;kWh;0;0;0;0;0;0
2024-03-24T10:30;2024-03-24T10:45;43;kWh;0;0;0;0;0;0
2024-03-24T10:45;2024-03-24T11:00;44;kWh;0;0;0;0;0;0
2024-03-24T11:00;2024-03-24T11:15;45;kWh;0;0;0;0;0;0
2024-03-24T11:15;2024-03-24T11:30;46;kWh;-3115;0;0;0;3115;-3115
2024-03-24T11:30;2024-03-24T11:45;47;kWh;-1233;0;0;0;1233;-1233
2024-03-24T11:45;2024-03-24T12:00;48;kWh;-1430;5;0;0;1435;-1425
2024-03-24T12:00;2024-03-24T12:15;49;kWh;-5098;0;0;0;5098;-5098
2024-03-24T12:15;2024-03-24T12:30;50;kWh;-1495;0;0;0;1495;-1495
2024-03-24T12:30;2024-03-24T12:45;51;kWh;-2359;0;0;0;2359;-2359
2024-03-24T12:45;2024-03-24T13:00;52;kWh;-2898;0;0;0;2898;-2898
2024-03-24T13:00;2024-03-24T13:15;53;kWh;-102;0;0;0;102;-102
2024-03-24T13:15;2024-03-24T13:30;54;kWh;-1065;0;0;0;1065;-1065
2024-03-24T13:30;2024-03-24T13:45;55;kWh;-2914;0;0;0;2914;-2914
2024-03-24T13:45;2024-03-24T14:00;56;kWh;-3088;0;0;0;3088;-3088
2024-03-24T14:00;2024-03-24T14:15;57;kWh;-1381;0;0;0;1381;-1381
2024-03-24T14:15;2024-03-24T14:30;58;kWh;-219;0;0;0;219;-219
2024-03-24T14:30;2024-03-24T14:45;59;kWh;0;134;0;0;134;134
2024-03-24T14:45;2024-03-24T15:00;60;kWh;0;288;0;0;288;288
2024-03-24T15:00;2024-03-24T15:15;61;kWh;0;1710;0;0;1710;1710
2024-03-24T15:15;2024-03-24T15:30;62;kWh;0;30845;0;0;30845;30845
2024-03-24T15:30;2024-03-24T15:45;63;kWh;-572;529;0;0;1101;-43
2024-03-24T15:45;2024-03-24T16:00;64;kWh;0;0;0;0;0;0
2024-03-24T16:00;2024-03-24T16:15;65;kWh;-457;0;0;0;457;-457
2024-03-24T16:15;2024-03-24T16:30;66;kWh;-788;0;0;0;788;-788
2024-03-24T16:30;2024-03-24T16:45;67;kWh;-12;0;0;0;12;-12
2024-03-24T16:45;2024-03-24T17:00;68;kWh;0;37;0;0;37;37
2024-03-24T17:00;2024-03-24T17:15;69;kWh;-460;55;0;0;515;-405
2024-03-24T17:15;2024-03-24T17:30;70;kWh;0;0;0;0;0;0
2024-03-24T17:30;2024-03-24T17:45;71;kWh;-8;0;0;0;8;-8
2024-03-24T17:45;2024-03-24T18:00;72;kWh;-1;0;0;0;1;-1
2024-03-24T18:00;2024-03-24T18:15;73;kWh;-9909;0;0;0;9909;-9909
2024-03-24T18:15;2024-03-24T18:30;74;kWh;-9129;0;0;0;9129;-9129
2024-03-24T18:30;2024-03-24T18:45;75;kWh;-6855;0;0;0;6855;-6855
2024-03-24T18:45;2024-03-24T19:00;76;kWh;0;0;0;0;0;0
2024-03-24T19:00;2024-03-24T19:15;77;kWh;-6734;0;0;0;6734;-6734
2024-03-24T19:15;2024-03-24T19:30;78;kWh;-420;0;0;0;420;-420
2024-03-24T19:30;2024-03-24T19:45;79;kWh;-346;0;0;0;346;-346
2024-03-24T19:45;2024-03-24T20:00;80;kWh;-2276;0;0;0;2276;-2276
2024-03-24T20:00;2024-03-24T20:15;81;kWh;-252;562;0;0;814;310
2024-03-24T20:15;2024-03-24T20:30;82;kWh;0;1851;0;0;1851;1851
2024-03-24T20:30;2024-03-24T20:45;83;kWh;0;0;0;0;0;0
2024-03-24T20:45;2024-03-24T21:00;84;kWh;0;0;0;0;0;0
2024-03-24T21:00;2024-03-24T21:15;85;kWh;0;3923;0;0;3923;3923
2024-03-24T21:15;2024-03-24T21:30;86;kWh;0;4278;0;0;4278;4278
2024-03-24T21:30;2024-03-24T21:45;87;kWh;0;0;0;0;0;0
2024-03-24T21:45;2024-03-24T22:00;88;kWh;-1973;0;0;0;1973;-1973
2024-03-24T22:00;2024-03-24T22:15;89;kWh;-5875;359;0;0;6234;-5516
2024-03-24T22:15;2024-03-24T22:30;90;kWh;-9004;4124;0;0;13128;-4880
2024-03-24T22:30;2024-03-24T22:45;91;kWh;-1851;479;0;0;2330;-1372
2024-03-24T22:45;2024-03-24T23:00;92;kWh;-8975;311;0;0;9286;-8664
2024-03-24T23:00;2024-03-24T23:15;93;kWh;-1799;0;0;0;1799;-1799
2024-03-24T23:15;2024-03-24T23:30;94;kWh;-1587;5635;0;0;7222;4048
2024-03-24T23:30;2024-03-24T23:45;95;kWh;-291;5062;0;0;5353;4771
2024-03-24T23:45;2024-03-25T00:00;96;kWh;-198;0;0;0;198;-198
2024-03-25T00:00;2024-03-25T00:15;1;kWh;0;2930;0;0;2930;2930
2024-03-25T00:15;2024-03-25T00:30;2;kWh;0;0;0;0;0;0
2024-03-25T00:30;2024-03-25T00:45;3;kWh;0;0;0;0;0;0
2024-03-25T00:45;2024-03-25T01:00;4;kWh;0;0;0;0;0;0
2024-03-25T01:00;2024-03-25T01:15;5;kWh;0;336;0;0;336;336
2024-03-25T01:15;2024-03-25T01:30;6;kWh;0;3867;0;0;3867;3867
2024-03-25T01:30;2024-03-25T01:45;7;kWh;0;4691;0;0;4691;4691
2024-03-25T01:45;2024-03-25T02:00;8;kWh;0;1271;0;0;1271;1271
2024-03-25T02:00;2024-03-25T02:15;9;kWh;0;0;0;0;0;0
2024-03-25T02:15;2024-03-25T02:30;10;kWh;0;0;0;0;0;0
2024-03-25T02:30;2024-03-25T02:45;11;kWh;0;12474;0;0;12474;12474
2024-03-25T02:45;2024-03-25T03:00;12;kWh;-15742;4128;0;0;19870;-11614
2024-03-25T03:00;2024-03-25T03:15;13;kWh;-20385;0;0;0;20385;-20385
2024-03-25T03:15;2024-03-25T03:30;14;kWh;-3281;0;0;0;3281;-3281
2024-03-25T03:30;2024-03-25T03:45;15;kWh;-4272;0;0;0;4272;-4272
2024-03-25T03:45;2024-03-25T04:00;16;kWh;-3145;0;0;0;3145;-3145
2024-03-25T04:00;2024-03-25T04:15;17;kWh;-3783;0;0;0;3783;-3783
2024-03-25T04:15;2024-03-25T04:30;18;kWh;-17185;0;0;0;17185;-17185
2024-03-25T04:30;2024-03-25T04:45;19;kWh;-9497;0;0;0;9497;-9497
2024-03-25T04:45;2024-03-25T05:00;20;kWh;-11626;0;0;0;11626;-11626
2024-03-25T05:00;2024-03-25T05:15;21;kWh;-6718;2476;0;0;9194;-4242
2024-03-25T05:15;2024-03-25T05:30;22;kWh;0;1336;0;0;1336;1336
2024-03-25T05:30;2024-03-25T05:45;23;kWh;0;7826;0;0;7826;7826
2024-03-25T05:45;2024-03-25T06:00;24;kWh;0;1781;0;0;1781;1781
2024-03-25T06:00;2024-03-25T06:15;25;kWh;0;2968;0;0;2968;2968
2024-03-25T06:15;2024-03-25T06:30;26;kWh;0;2810;0;0;2810;2810
2024-03-25T06:30;2024-03-25T06:45;27;kWh;0;2928;0;0;2928;2928
2024-03-25T06:45;2024-03-25T07:00;28;kWh;0;3133;0;0;3133;3133
2024-03-25T07:00;2024-03-25T07:15;29;kWh;0;0;0;0;0;0
2024-03-25T07:15;2024-03-25T07:30;30;kWh;-277;0;0;0;277;-277
2024-03-25T07:30;2024-03-25T07:45;31;kWh;-10855;0;0;0;10855;-10855
2024-03-25T07:45;2024-03-25T08:00;32;kWh;-74901;0;0;0;74901;-74901
2024-03-25T08:00;2024-03-25T08:15;33;kWh;-13672;0;0;0;13672;-13672
2024-03-25T08:15;2024-03-25T08:30;34;kWh;-25822;0;0;0;25822;-25822
2024-03-25T08:30;2024-03-25T08:45;35;kWh;-25982;0;0;0;25982;-25982
2024-03-25T08:45;2024-03-25T09:00;36;kWh;-50000;0;0;0;50000;-50000
2024-03-25T09:00;2024-03-25T09:15;37;kWh;-9480;0;0;0;9480;-9480
2024-03-25T09:15;2024-03-25T09:30;38;kWh;-32437;0;0;0;32437;-32437
2024-03-25T09:30;2024-03-25T09:45;39;kWh;-51426;0;0;0;51426;-51426
2024-03-25T09:45;2024-03-25T10:00;40;kWh;-14991;0;0;0;14991;-14991
2024-03-25T10:00;2024-03-25T10:15;41;kWh;-28519;0;0;0;28519;-28519
2024-03-25T10:15;2024-03-25T10:30;42;kWh;-327;0;0;0;327;-327
2024-03-25T10:30;2024-03-25T10:45;43;kWh;-1888;0;0;0;1888;-1888
2024-03-25T10:45;2024-03-25T11:00;44;kWh;-29362;0;0;0;29362;-29362
2024-03-25T11:00;2024-03-25T11:15;45;kWh;-3330;0;0;0;3330;-3330
2024-03-25T11:15;2024-03-25T11:30;46;kWh;-42678;0;0;0;42678;-42678
2024-03-25T11:30;2024-03-25T11:45;47;kWh;-62456;0;0;0;62456;-62456
2024-03-25T11:45;2024-03-25T12:00;48;kWh;-31911;0;0;0;31911;-31911
2024-03-25T12:00;2024-03-25T12:15;49;kWh;-40507;0;0;0;40507;-40507
2024-03-25T12:15;2024-03-25T12:30;50;kWh;-43851;0;0;0;43851;-43851
2024-03-25T12:30;2024-03-25T12:45;51;kWh;-36611;0;0;0;36611;-36611
2024-03-25T12:45;2024-03-25T13:00;52;kWh;-25990;0;0;0;25990;-25990
2024-03-25T13:00;2024-03-25T13:15;53;kWh;-10978;0;0;0;10978;-10978
2024-03-25T13:15;2024-03-25T13:30;54;kWh;-9619;0;0;0;9619;-9619
2024-03-25T13:30;2024-03-25T13:45;55;kWh;0;0;0;0;0;0
2024-03-25T13:45;2024-03-25T14:00;56;kWh;0;0;0;0;0;0
2024-03-25T14:00;2024-03-25T14:15;57;kWh;0;0;0;0;0;0
2024-03-25T14:15;2024-03-25T14:30;58;kWh;-1894;0;0;0;1894;-1894
2024-03-25T14:30;2024-03-25T14:45;59;kWh;-14088;0;0;0;14088;-14088
2024-03-25T14:45;2024-03-25T15:00;60;kWh;-16958;0;0;0;16958;-16958
2024-03-25T15:00;2024-03-25T15:15;61;kWh;-14343;0;0;0;14343;-14343
2024-03-25T15:15;2024-03-25T15:30;62;kWh;-25631;0;0;0;25631;-25631
2024-03-25T15:30;2024-03-25T15:45;63;kWh;-26510;0;0;0;26510;-26510
2024-03-25T15:45;2024-03-25T16:00;64;kWh;-4536;72;0;0;4608;-4464
2024-03-25T16:00;2024-03-25T16:15;65;kWh;-29715;0;0;0;29715;-29715
2024-03-25T16:15;2024-03-25T16:30;66;kWh;-21823;785;0;0;22608;-21038
2024-03-25T16:30;2024-03-25T16:45;67;kWh;-997;89;0;0;1086;-908
2024-03-25T16:45;2024-03-25T17:00;68;kWh;-5086;0;0;0;5086;-5086
2024-03-25T17:00;2024-03-25T17:15;69;kWh;-44730;0;0;0;44730;-44730
2024-03-25T17:15;2024-03-25T17:30;70;kWh;-1119;922;0;0;2041;-197
2024-03-25T17:30;2024-03-25T17:45;71;kWh;0;704;0;0;704;704
2024-03-25T17:45;2024-03-25T18:00;72;kWh;0;178;0;0;178;178
2024-03-25T18:00;2024-03-25T18:15;73;kWh;-2807;323;0;0;3130;-2484
2024-03-25T18:15;2024-03-25T18:30;74;kWh;-69;0;0;0;69;-69
2024-03-25T18:30;2024-03-25T18:45;75;kWh;0;0;0;0;0;0
2024-03-25T18:45;2024-03-25T19:00;76;kWh;0;27;0;0;27;27
2024-03-25T19:00;2024-03-25T19:15;77;kWh;0;39225;0;0;39225;39225
2024-03-25T19:15;2024-03-25T19:30;78;kWh;-540;477;0;0;1017;-63
2024-03-25T19:30;2024-03-25T19:45;79;kWh;-15273;0;0;0;15273;-15273
2024-03-25T19:45;2024-03-25T20:00;80;kWh;-43716;0;0;0;43716;-43716
2024-03-25T20:00;2024-03-25T20:15;81;kWh;-204;0;0;0;204;-204
2024-03-25T20:15;2024-03-25T20:30;82;kWh;-482;0;0;0;482;-482
2024-03-25T20:30;2024-03-25T20:45;83;kWh;-6717;0;0;0;6717;-6717
2024-03-25T20:45;2024-03-25T21:00;84;kWh;-125;0;0;0;125;-125
2024-03-25T21:00;2024-03-25T21:15;85;kWh;0;439;0;0;439;439
2024-03-25T21:15;2024-03-25T21:30;86;kWh;0;51532;0;0;51532;51532
2024-03-25T21:30;2024-03-25T21:45;87;kWh;0;1437;0;0;1437;1437
2024-03-25T21:45;2024-03-25T22:00;88;kWh;0;0;0;0;0;0
2024-03-25T22:00;2024-03-25T22:15;89;kWh;-252;0;0;0;252;-252
2024-03-25T22:15;2024-03-25T22:30;90;kWh;-1488;0;0;0;1488;-1488
2024-03-25T22:30;2024-03-25T22:45;91;kWh;-5492;0;0;0;5492;-5492
2024-03-25T22:45;2024-03-25T23:00;92;kWh;-24335;0;0;0;24335;-24335
2024-03-25T23:00;2024-03-25T23:15;93;kWh;-10909;0;0;0;10909;-10909
2024-03-25T23:15;2024-03-25T23:30;94;kWh;-18090;0;0;0;18090;-18090
2024-03-25T23:30;2024-03-25T23:45;95;kWh;-16714;0;0;0;16714;-16714
2024-03-25T23:45;2024-03-26T00:00;96;kWh;-10692;0;0;0;10692;-10692
2024-03-26T00:00;2024-03-26T00:15;1;kWh;-313;0;0;0;313;-313
2024-03-26T00:15;2024-03-26T00:30;2;kWh;0;0;0;0;0;0
2024-03-26T00:30;2024-03-26T00:45;3;kWh;-131;0;0;0;131;-131
2024-03-26T00:45;2024-03-26T01:00;4;kWh;-5376;0;0;0;5376;-5376
2024-03-26T01:00;2024-03-26T01:15;5;kWh;-6728;616;0;0;7344;-6112
2024-03-26T01:15;2024-03-26T01:30;6;kWh;-1078;0;0;0;1078;-1078
2024-03-26T01:30;2024-03-26T01:45;7;kWh;-2954;0;0;0;2954;-2954
2024-03-26T01:45;2024-03-26T02:00;8;kWh;-3290;0;0;0;3290;-3290
2024-03-26T02:00;2024-03-26T02:15;9;kWh;-1735;0;0;0;1735;-1735
2024-03-26T02:15;2024-03-26T02:30;10;kWh;0;0;0;0;0;0
2024-03-26T02:30;2024-03-26T02:45;11;kWh;-2437;0;0;0;2437;-2437
2024-03-26T02:45;2024-03-26T03:00;12;kWh;-3181;0;0;0;3181;-3181
2024-03-26T03:00;2024-03-26T03:15;13;kWh;-951;0;0;0;951;-951
2024-03-26T03:15;2024-03-26T03:30;14;kWh;0;0;0;0;0;0
2024-03-26T03:30;2024-03-26T03:45;15;kWh;0;0;0;0;0;0
2024-03-26T03:45;2024-03-26T04:00;16;kWh;0;12;0;0;12;12
2024-03-26T04:00;2024-03-26T04:15;17;kWh;0;9;0;0;9;9
2024-03-26T04:15;2024-03-26T04:30;18;kWh;0;0;0;0;0;0
2024-03-26T04:30;2024-03-26T04:45;19;kWh;0;2353;0;0;2353;2353
2024-03-26T04:45;2024-03-26T05:00;20;kWh;0;4125;0;0;4125;4125
2024-03-26T05:00;2024-03-26T05:15;21;kWh;0;4353;0;0;4353;4353
2024-03-26T05:15;2024-03-26T05:30;22;kWh;0;8985;0;0;8985;8985
2024-03-26T05:30;2024-03-26T05:45;23;kWh;0;17724;0;0;17724;17724
2024-03-26T05:45;2024-03-26T06:00;24;kWh;0;31114;0;0;31114;31114
2024-03-26T06:00;2024-03-26T06:15;25;kWh;-275;8762;0;0;9037;8487
2024-03-26T06:15;2024-03-26T06:30;26;kWh;0;1323;0;0;1323;1323
2024-03-26T06:30;2024-03-26T06:45;27;kWh;0;2151;0;0;2151;2151
2024-03-26T06:45;2024-03-26T07:00;28;kWh;0;17009;0;0;17009;17009
2024-03-26T07:00;2024-03-26T07:15;29;kWh;-1036;5166;0;0;6202;4130
2024-03-26T07:15;2024-03-26T07:30;30;kWh;-1888;0;0;0;1888;-1888
2024-03-26T07:30;2024-03-26T07:45;31;kWh;0;5038;0;0;5038;5038
2024-03-26T07:45;2024-03-26T08:00;32;kWh;0;11983;0;0;11983;11983
2024-03-26T08:00;2024-03-26T08:15;33;kWh;0;373;0;0;373;373
2024-03-26T08:15;2024-03-26T08:30;34;kWh;0;0;0;0;0;0
2024-03-26T08:30;2024-03-26T08:45;35;kWh;0;2598;0;0;2598;2598
2024-03-26T08:45;2024-03-26T09:00;36;kWh;0;22561;0;0;22561;22561
2024-03-26T09:00;2024-03-26T09:15;37;kWh;-554;46945;0;0;47499;46391
2024-03-26T09:15;2024-03-26T09:30;38;kWh;-645;9956;0;0;10601;9311
2024-03-26T09:30;2024-03-26T09:45;39;kWh;0;67250;0;0;67250;67250
2024-03-26T09:45;2024-03-26T10:00;40;kWh;0;17180;0;0;17180;17180
2024-03-26T10:00;2024-03-26T10:15;41;kWh;0;51121;0;0;51121;51121
2024-03-26T10:15;2024-03-26T10:30;42;kWh;0;64914;0;0;64914;64914
2024-03-26T10:30;2024-03-26T10:45;43;kWh;0;83270;0;0;83270;83270
2024-03-26T10:45;2024-03-26T11:00;44;kWh;0;33647;0;0;33647;33647
2024-03-26T11:00;2024-03-26T11:15;45;kWh;-19;5567;0;0;5586;5548
2024-03-26T11:15;2024-03-26T11:30;46;kWh;0;13124;0;0;13124;13124
2024-03-26T11:30;2024-03-26T11:45;47;kWh;0;29389;0;0;29389;29389
2024-03-26T11:45;2024-03-26T12:00;48;kWh;-2240;1825;0;0;4065;-415
2024-03-26T12:00;2024-03-26T12:15;49;kWh;-4278;22727;0;0;27005;18449
2024-03-26T12:15;2024-03-26T12:30;50;kWh;0;37144;0;0;37144;37144
2024-03-26T12:30;2024-03-26T12:45;51;kWh;-988;977;0;0;1965;-11
2024-03-26T12:45;2024-03-26T13:00;52;kWh;-4516;2189;0;0;6705;-2327
2024-03-26T13:00;2024-03-26T13:15;53;kWh;-136;56292;0;0;56428;56156
2024-03-26T13:15;2024-03-26T13:30;54;kWh;-1582;21966;0;0;23548;20384
2024-03-26T13:30;2024-03-26T13:45;55;kWh;0;40881;0;0;40881;40881
2024-03-26T13:45;2024-03-26T14:00;56;kWh;0;41175;0;0;41175;41175
2024-03-26T14:00;2024-03-26T14:15;57;kWh;-111;2767;0;0;2878;2656
2024-03-26T14:15;2024-03-26T14:30;58;kWh;0;8138;0;0;8138;8138
2024-03-26T14:30;2024-03-26T14:45;59;kWh;0;56721;0;0;56721;56721
2024-03-26T14:45;2024-03-26T15:00;60;kWh;0;71021;0;0;71021;71021
2024-03-26T15:00;2024-03-26T15:15;61;kWh;-261;12768;0;0;13029;12507
2024-03-26T15:15;2024-03-26T15:30;62;kWh;0;7280;0;0;7280;7280
2024-03-26T15:30;2024-03-26T15:45;63;kWh;0;53807;0;0;53807;53807
2024-03-26T15:45;2024-03-26T16:00;64;kWh;-2785;15986;0;0;18771;13201
2024-03-26T16:00;2024-03-26T16:15;65;kWh;-8828;73;0;0;8901;-8755
2024-03-26T16:15;2024-03-26T16:30;66;kWh;-1645;215;0;0;1860;-1430
2024-03-26T16:30;2024-03-26T16:45;67;kWh;-21746;761;0;0;22507;-20985
2024-03-26T16:45;2024-03-26T17:00;68;kWh;-21793;3939;0;0;25732;-17854
2024-03-26T17:00;2024-03-26T17:15;69;kWh;-851;10422;0;0;11273;9571
2024-03-26T17:15;2024-03-26T17:30;70;kWh;-1656;0;0;0;1656;-1656
2024-03-26T17:30;2024-03-26T17:45;71;kWh;-1077;0;0;0;1077;-1077
2024-03-26T17:45;2024-03-26T18:00;72;kWh;0;0;0;0;0;0
2024-03-26T18:00;2024-03-26T18:15;73;kWh;-11385;0;0;0;11385;-11385
2024-03-26T18:15;2024-03-26T18:30;74;kWh;-3412;0;0;0;3412;-3412
2024-03-26T18:30;2024-03-26T18:45;75;kWh;0;0;0;0;0;0
2024-03-26T18:45;2024-03-26T19:00;76;kWh;0;26021;0;0;26021;26021
2024-03-26T19:00;2024-03-26T19:15;77;kWh;0;53013;0;0;53013;53013
2024-03-26T19:15;2024-03-26T19:30;78;kWh;0;2487;0;0;2487;2487
2024-03-26T19:30;2024-03-26T19:45;79;kWh;0;75;0;0;75;75
2024-03-26T19:45;2024-03-26T20:00;80;kWh;-1870;0;0;0;1870;-1870
2024-03-26T20:00;2024-03-26T20:15;81;kWh;0;3674;0;0;3674;3674
2024-03-26T20:15;2024-03-26T20:30;82;kWh;-5126;0;0;0;5126;-5126
2024-03-26T20:30;2024-03-26T20:45;83;kWh;-7587;0;0;0;7587;-7587
2024-03-26T20:45;2024-03-26T21:00;84;kWh;-2203;0;0;0;2203;-2203
2024-03-26T21:00;2024-03-26T21:15;85;kWh;-185;10353;0;0;10538;10168
2024-03-26T21:15;2024-03-26T21:30;86;kWh;0;13891;0;0;13891;13891
2024-03-26T21:30;2024-03-26T21:45;87;kWh;-35;2339;0;0;2374;2304
2024-03-26T21:45;2024-03-26T22:00;88;kWh;-33133;0;0;0;33133;-33133
2024-03-26T22:00;2024-03-26T22:15;89;kWh;-10406;44263;0;0;54669;33857
2024-03-26T22:15;2024-03-26T22:30;90;kWh;-426;39869;0;0;40295;39443
2024-03-26T22:30;2024-03-26T22:45;91;kWh;-943;0;0;0;943;-943
2024-03-26T22:45;2024-03-26T23:00;92;kWh;-886;0;0;0;886;-886
2024-03-26T23:00;2024-03-26T23:15;93;kWh;-887;15882;0;0;16769;14995
2024-03-26T23:15;2024-03-26T23:30;94;kWh;0;23062;0;0;23062;23062
2024-03-26T23:30;2024-03-26T23:45;95;kWh;0;5300;0;0;5300;5300
2024-03-26T23:45;2024-03-27T00:00;96;kWh;-17805;0;0;0;17805;-17805
2024-03-27T00:00;2024-03-27T00:15;1;kWh;-7720;1373;0;0;9093;-6347
2024-03-27T00:15;2024-03-27T00:30;2;kWh;0;0;0;0;0;0
2024-03-27T00:30;2024-03-27T00:45;3;kWh;0;0;0;0;0;0
2024-03-27T00:45;2024-03-27T01:00;4;kWh;-8098;0;0;0;8098;-8098
2024-03-27T01:00;2024-03-27T01:15;5;kWh;-1456;31197;0;0;32653;29741
2024-03-27T01:15;2024-03-27T01:30;6;kWh;0;31148;0;0;31148;31148
2024-03-27T01:30;2024-03-27T01:45;7;kWh;0;1199;0;0;1199;1199
2024-03-27T01:45;2024-03-27T02:00;8;kWh;-13973;0;0;0;13973;-13973
2024-03-27T02:00;2024-03-27T02:15;9;kWh;-13246;4406;0;0;17652;-8840
2024-03-27T02:15;2024-03-27T02:30;10;kWh;-29044;5024;0;0;34068;-24020
2024-03-27T02:30;2024-03-27T02:45;11;kWh;-16640;934;0;0;17574;-15706
2024-03-27T02:45;2024-03-27T03:00;12;kWh;-28332;0;0;0;28332;-28332
2024-03-27T03:00;2024-03-27T03:15;13;kWh;-36049;0;0;0;36049;-36049
2024-03-27T03:15;2024-03-27T03:30;14;kWh;-22006;0;0;0;22006;-22006
2024-03-27T03:30;2024-03-27T03:45;15;kWh;-30650;0;0;0;30650;-30650
2024-03-27T03:45;2024-03-27T04:00;16;kWh;-45630;0;0;0;45630;-45630
2024-03-27T04:00;2024-03-27T04:15;17;kWh;-33919;164;0;0;34083;-33755
2024-03-27T04:15;2024-03-27T04:30;18;kWh;-19409;33;0;0;19442;-19376
2024-03-27T04:30;2024-03-27T04:45;19;kWh;-12723;1652;0;0;14375;-11071
2024-03-27T04:45;2024-03-27T05:00;20;kWh;-17387;367;0;0;17754;-17020
2024-03-27T05:00;2024-03-27T05:15;21;kWh;-7430;5;0;0;7435;-7425
2024-03-27T05:15;2024-03-27T05:30;22;kWh;0;398;0;0;398;398
2024-03-27T05:30;2024-03-27T05:45;23;kWh;0;12162;0;0;12162;12162
2024-03-27T05:45;2024-03-27T06:00;24;kWh;0;35315;0;0;35315;35315
2024-03-27T06:00;2024-03-27T06:15;25;kWh;-13684;3560;0;0;17244;-10124
2024-03-27T06:15;2024-03-27T06:30;26;kWh;-15344;2036;0;0;17380;-13308
2024-03-27T06:30;2024-03-27T06:45;27;kWh;-6433;4499;0;0;10932;-1934
2024-03-27T06:45;2024-03-27T07:00;28;kWh;-10013;0;0;0;10013;-10013
2024-03-27T07:00;2024-03-27T07:15;29;kWh;-27192;2784;0;0;29976;-24408
2024-03-27T07:15;2024-03-27T07:30;30;kWh;-160;1575;0;0;1735;1415
2024-03-27T07:30;2024-03-27T07:45;31;kWh;0;4975;0;0;4975;4975
2024-03-27T07:45;2024-03-27T08:00;32;kWh;0;51299;0;0;51299;51299
2024-03-27T08:00;2024-03-27T08:15;33;kWh;0;51743;0;0;51743;51743
2024-03-27T08:15;2024-03-27T08:30;34;kWh;0;46750;0;0;46750;46750
2024-03-27T08:30;2024-03-27T08:45;35;kWh;-12458;2545;0;0;15003;-9913
2024-03-27T08:45;2024-03-27T09:00;36;kWh;-13223;0;0;0;13223;-13223
2024-03-27T09:00;2024-03-27T09:15;37;kWh;-21207;0;0;0;21207;-21207
2024-03-27T09:15;2024-03-27T09:30;38;kWh;-35434;0;0;0;35434;-35434
2024-03-27T09:30;2024-03-27T09:45;39;kWh;-66058;0;0;0;66058;-66058
2024-03-27T09:45;2024-03-27T10:00;40;kWh;-22597;0;0;0;22597;-22597
2024-03-27T10:00;2024-03-27T10:15;41;kWh;-11881;0;0;0;11881;-11881
2024-03-27T10:15;2024-03-27T10:30;42;kWh;-2766;0;0;0;2766;-2766
2024-03-27T10:30;2024-03-27T10:45;43;kWh;-15004;0;0;0;15004;-15004
2024-03-27T10:45;2024-03-27T11:00;44;kWh;-29460;21;0;0;29481;-29439
2024-03-27T11:00;2024-03-27T11:15;45;kWh;-15467;6828;0;0;22295;-8639
2024-03-27T11:15;2024-03-27T11:30;46;kWh;0;6619;0;0;6619;6619
2024-03-27T11:30;2024-03-27T11:45;47;kWh;0;24889;0;0;24889;24889
2024-03-27T11:45;2024-03-27T12:00;48;kWh;0;26309;0;0;26309;26309
2024-03-27T12:00;2024-03-27T12:15;49;kWh;-7852;11;0;0;7863;-7841
2024-03-27T12:15;2024-03-27T12:30;50;kWh;-43288;0;0;0;43288;-43288
2024-03-27T12:30;2024-03-27T12:45;51;kWh;-43983;0;0;0;43983;-43983
2024-03-27T12:45;2024-03-27T13:00;52;kWh;-69198;0;0;0;69198;-69198
2024-03-27T13:00;2024-03-27T13:15;53;kWh;-46749;0;0;0;46749;-46749
2024-03-27T13:15;2024-03-27T13:30;54;kWh;-39611;0;0;0;39611;-39611
2024-03-27T13:30;2024-03-27T13:45;55;kWh;-56601;0;0;0;56601;-56601
2024-03-27T13:45;2024-03-27T14:00;56;kWh;-64650;0;0;0;64650;-64650
2024-03-27T14:00;2024-03-27T14:15;57;kWh;-23018;0;0;0;23018;-23018
2024-03-27T14:15;2024-03-27T14:30;58;kWh;-22231;0;0;0;22231;-22231
2024-03-27T14:30;2024-03-27T14:45;59;kWh;-30283;82;0;0;30365;-30201
2024-03-27T14:45;2024-03-27T15:00;60;kWh;-18;33634;0;0;33652;33616
2024-03-27T15:00;2024-03-27T15:15;61;kWh;0;101633;0;0;101633;101633
2024-03-27T15:15;2024-03-27T15:30;62;kWh;0;14306;0;0;14306;14306
2024-03-27T15:30;2024-03-27T15:45;63;kWh;0;43732;0;0;43732;43732
2024-03-27T15:45;2024-03-27T16:00;64;kWh;-51;3139;0;0;3190;3088
2024-03-27T16:00;2024-03-27T16:15;65;kWh;-32891;0;0;0;32891;-32891
2024-03-27T16:15;2024-03-27T16:30;66;kWh;-25387;0;0;0;25387;-25387
2024-03-27T16:30;2024-03-27T16:45;67;kWh;-27794;108;0;0;27902;-27686
2024-03-27T16:45;2024-03-27T17:00;68;kWh;-6975;46;0;0;7021;-6929
2024-03-27T17:00;2024-03-27T17:15;69;kWh;-46175;6;0;0;46181;-46169
2024-03-27T17:15;2024-03-27T17:30;70;kWh;-3835;25;0;0;3860;-3810
2024-03-27T17:30;2024-03-27T17:45;71;kWh;-673;0;0;0;673;-673
2024-03-27T17:45;2024-03-27T18:00;72;kWh;0;0;0;0;0;0
2024-03-27T18:00;2024-03-27T18:15;73;kWh;-1423;0;0;0;1423;-1423
2024-03-27T18:15;2024-03-27T18:30;74;kWh;-3089;0;0;0;3089;-3089
2024-03-27T18:30;2024-03-27T18:45;75;kWh;-1099;0;0;0;1099;-1099
2024-03-27T18:45;2024-03-27T19:00;76;kWh;0;0;0;0;0;0
2024-03-27T19:00;2024-03-27T19:15;77;kWh;0;0;0;0;0;0
2024-03-27T19:15;2024-03-27T19:30;78;kWh;0;0;0;0;0;0
2024-03-27T19:30;2024-03-27T19:45;79;kWh;-2835;0;0;0;2835;-2835
2024-03-27T19:45;2024-03-27T20:00;80;kWh;-30409;0;0;0;30409;-30409
2024-03-27T20:00;2024-03-27T20:15;81;kWh;-11761;33034;0;0;44795;21273
2024-03-27T20:15;2024-03-27T20:30;82;kWh;-18;1614;0;0;1632;1596
2024-03-27T20:30;2024-03-27T20:45;83;kWh;-859;0;0;0;859;-859
2024-03-27T20:45;2024-03-27T21:00;84;kWh;-323;13687;0;0;14010;13364
2024-03-27T21:00;2024-03-27T21:15;85;kWh;0;9147;0;0;9147;9147
2024-03-27T21:15;2024-03-27T21:30;86;kWh;0;4611;0;0;4611;4611
2024-03-27T21:30;2024-03-27T21:45;87;kWh;0;3749;0;0;3749;3749
2024-03-27T21:45;2024-03-27T22:00;88;kWh;0;0;0;0;0;0
2024-03-27T22:00;2024-03-27T22:15;89;kWh;-3441;0;0;0;3441;-3441
2024-03-27T22:15;2024-03-27T22:30;90;kWh;0;296;0;0;296;296
2024-03-27T22:30;2024-03-27T22:45;91;kWh;0;12911;0;0;12911;12911
2024-03-27T22:45;2024-03-27T23:00;92;kWh;0;2926;0;0;2926;2926
2024-03-27T23:00;2024-03-27T23:15;93;kWh;-15289;14345;0;0;29634;-944
2024-03-27T23:15;2024-03-27T23:30;94;kWh;-331;53418;0;0;53749;53087
2024-03-27T23:30;2024-03-27T23:45;95;kWh;-2977;140;0;0;3117;-2837
2024-03-27T23:45;2024-03-28T00:00;96;kWh;-11455;3228;0;0;14683;-8227
2024-03-28T00:00;2024-03-28T00:15;1;kWh;-22096;885;0;0;22981;-21211
2024-03-28T00:15;2024-03-28T00:30;2;kWh;-6199;2413;0;0;8612;-3786
2024-03-28T00:30;2024-03-28T00:45;3;kWh;-906;5496;0;0;6402;4590
2024-03-28T00:45;2024-03-28T01:00;4;kWh;-1344;0;0;0;1344;-1344
2024-03-28T01:00;2024-03-28T01:15;5;kWh;-190;35267;0;0;35457;35077
2024-03-28T01:15;2024-03-28T01:30;6;kWh;0;55031;0;0;55031;55031
2024-03-28T01:30;2024-03-28T01:45;7;kWh;0;52218;0;0;52218;52218
2024-03-28T01:45;2024-03-28T02:00;8;kWh;0;45804;0;0;45804;45804
2024-03-28T02:00;2024-03-28T02:15;9;kWh;0;90394;0;0;90394;90394
2024-03-28T02:15;2024-03-28T02:30;10;kWh;0;44235;0;0;44235;44235
2024-03-28T02:30;2024-03-28T02:45;11;kWh;0;35772;0;0;35772;35772
2024-03-28T02:45;2024-03-28T03:00;12;kWh;0;20994;0;0;20994;20994
2024-03-28T03:00;2024-03-28T03:15;13;kWh;0;2833;0;0;2833;2833
2024-03-28T03:15;2024-03-28T03:30;14;kWh;0;1;0;0;1;1
2024-03-28T03:30;2024-03-28T03:45;15;kWh;0;218;0;0;218;218
2024-03-28T03:45;2024-03-28T04:00;16;kWh;-20;365;0;0;385;345
2024-03-28T04:00;2024-03-28T04:15;17;kWh;-162;0;0;0;162;-162
2024-03-28T04:15;2024-03-28T04:30;18;kWh;0;0;0;0;0;0
2024-03-28T04:30;2024-03-28T04:45;19;kWh;-1755;0;0;0;1755;-1755
2024-03-28T04:45;2024-03-28T05:00;20;kWh;-435;0;0;0;435;-435
2024-03-28T05:00;2024-03-28T05:15;21;kWh;-8687;380;0;0;9067;-8307
2024-03-28T05:15;2024-03-28T05:30;22;kWh;-8938;465;0;0;9403;-8473
2024-03-28T05:30;2024-03-28T05:45;23;kWh;-1916;0;0;0;1916;-1916
2024-03-28T05:45;2024-03-28T06:00;24;kWh;-901;0;0;0;901;-901
2024-03-28T06:00;2024-03-28T06:15;25;kWh;-8156;61;0;0;8217;-8095
2024-03-28T06:15;2024-03-28T06:30;26;kWh;0;275;0;0;275;275
2024-03-28T06:30;2024-03-28T06:45;27;kWh;0;0;0;0;0;0
2024-03-28T06:45;2024-03-28T07:00;28;kWh;0;0;0;0;0;0
2024-03-28T07:00;2024-03-28T07:15;29;kWh;-7273;282;0;0;7555;-6991
2024-03-28T07:15;2024-03-28T07:30;30;kWh;-523;710;0;0;1233;187
2024-03-28T07:30;2024-03-28T07:45;31;kWh;-423;0;0;0;423;-423
2024-03-28T07:45;2024-03-28T08:00;32;kWh;0;1995;0;0;1995;1995
2024-03-28T08:00;2024-03-28T08:15;33;kWh;0;23833;0;0;23833;23833
2024-03-28T08:15;2024-03-28T08:30;34;kWh;0;56910;0;0;56910;56910
2024-03-28T08:30;2024-03-28T08:45;35;kWh;-44;31492;0;0;31536;31448
2024-03-28T08:45;2024-03-28T09:00;36;kWh;0;70370;0;0;70370;70370
2024-03-28T09:00;2024-03-28T09:15;37;kWh;0;79937;0;0;79937;79937
2024-03-28T09:15;2024-03-28T09:30;38;kWh;0;38754;0;0;38754;38754
2024-03-28T09:30;2024-03-28T09:45;39;kWh;0;50424;0;0;50424;50424
2024-03-28T09:45;2024-03-28T10:00;40;kWh;-1120;3434;0;0;4554;2314
2024-03-28T10:00;2024-03-28T10:15;41;kWh;-3557;5202;0;0;8759;1645
2024-03-28T10:15;2024-03-28T10:30;42;kWh;0;19;0;0;19;19
2024-03-28T10:30;2024-03-28T10:45;43;kWh;-6790;0;0;0;6790;-6790
2024-03-28T10:45;2024-03-28T11:00;44;kWh;-22890;0;0;0;22890;-22890
2024-03-28T11:00;2024-03-28T11:15;45;kWh;-1649;69000;0;0;70649;67351
2024-03-28T11:15;2024-03-28T11:30;46;kWh;0;45440;0;0;45440;45440
2024-03-28T11:30;2024-03-28T11:45;47;kWh;-18;3451;0;0;3469;3433
2024-03-28T11:45;2024-03-28T12:00;48;kWh;0;54;0;0;54;54
2024-03-28T12:00;2024-03-28T12:15;49;kWh;-96;0;0;0;96;-96
2024-03-28T12:15;2024-03-28T12:30;50;kWh;-95;0;0;0;95;-95
2024-03-28T12:30;2024-03-28T12:45;51;kWh;-1382;0;0;0;1382;-1382
2024-03-28T12:45;2024-03-28T13:00;52;kWh;-3088;0;0;0;3088;-3088
2024-03-28T13:00;2024-03-28T13:15;53;kWh;-193;0;0;0;193;-193
2024-03-28T13:15;2024-03-28T13:30;54;kWh;-10020;0;0;0;10020;-10020
2024-03-28T13:30;2024-03-28T13:45;55;kWh;-53798;1253;0;0;55051;-52545
2024-03-28T13:45;2024-03-28T14:00;56;kWh;-15975;0;0;0;15975;-15975
2024-03-28T14:00;2024-03-28T14:15;57;kWh;-52042;0;0;0;52042;-52042
2024-03-28T14:15;2024-03-28T14:30;58;kWh;-15510;0;0;0;15510;-15510
2024-03-28T14:30;2024-03-28T14:45;59;kWh;-25471;291;0;0;25762;-25180
2024-03-28T14:45;2024-03-28T15:00;60;kWh;-6330;247;0;0;6577;-6083
2024-03-28T15:00;2024-03-28T15:15;61;kWh;0;1333;0;0;1333;1333
2024-03-28T15:15;2024-03-28T15:30;62;kWh;0;4941;0;0;4941;4941
2024-03-28T15:30;2024-03-28T15:45;63;kWh;0;3713;0;0;3713;3713
2024-03-28T15:45;2024-03-28T16:00;64;kWh;0;16;0;0;16;16
2024-03-28T16:00;2024-03-28T16:15;65;kWh;-240;0;0;0;240;-240
2024-03-28T16:15;2024-03-28T16:30;66;kWh;-19;0;0;0;19;-19
2024-03-28T16:30;2024-03-28T16:45;67;kWh;0;0;0;0;0;0
2024-03-28T16:45;2024-03-28T17:00;68;kWh;-9428;0;0;0;9428;-9428
2024-03-28T17:00;2024-03-28T17:15;69;kWh;-37657;0;0;0;37657;-37657
2024-03-28T17:15;2024-03-28T17:30;70;kWh;-22373;2052;0;0;24425;-20321
2024-03-28T17:30;2024-03-28T17:45;71;kWh;-3847;697;0;0;4544;-3150
2024-03-28T17:45;2024-03-28T18:00;72;kWh;0;0;0;0;0;0
2024-03-28T18:00;2024-03-28T18:15;73;kWh;-1990;155;0;0;2145;-1835
2024-03-28T18:15;2024-03-28T18:30;74;kWh;-2;48648;0;0;48650;48646
2024-03-28T18:30;2024-03-28T18:45;75;kWh;0;62196;0;0;62196;62196
2024-03-28T18:45;2024-03-28T19:00;76;kWh;0;39651;0;0;39651;39651
2024-03-28T19:00;2024-03-28T19:15;77;kWh;0;80959;0;0;80959;80959
2024-03-28T19:15;2024-03-28T19:30;78;kWh;0;52306;0;0;52306;52306
2024-03-28T19:30;2024-03-28T19:45;79;kWh;0;18451;0;0;18451;18451
2024-03-28T19:45;2024-03-28T20:00;80;kWh;-913;0;0;0;913;-913
2024-03-28T20:00;2024-03-28T20:15;81;kWh;-629;0;0;0;629;-629
2024-03-28T20:15;2024-03-28T20:30;82;kWh;-2266;0;0;0;2266;-2266
2024-03-28T20:30;2024-03-28T20:45;83;kWh;-484;0;0;0;484;-484
2024-03-28T20:45;2024-03-28T21:00;84;kWh;-6563;0;0;0;6563;-6563
2024-03-28T21:00;2024-03-28T21:15;85;kWh;-922;7706;0;0;8628;6784
2024-03-28T21:15;2024-03-28T21:30;86;kWh;0;3380;0;0;3380;3380
2024-03-28T21:30;2024-03-28T21:45;87;kWh;-7789;0;0;0;7789;-7789
2024-03-28T21:45;2024-03-28T22:00;88;kWh;-12201;0;0;0;12201;-12201
2024-03-28T22:00;2024-03-28T22:15;89;kWh;-350;679;0;0;1029;329
2024-03-28T22:15;2024-03-28T22:30;90;kWh;-987;0;0;0;987;-987
2024-03-28T22:30;2024-03-28T22:45;91;kWh;-8728;0;0;0;8728;-8728
2024-03-28T22:45;2024-03-28T23:00;92;kWh;-6419;0;0;0;6419;-6419
2024-03-28T23:00;2024-03-28T23:15;93;kWh;-593;0;0;0;593;-593
2024-03-28T23:15;2024-03-28T23:30;94;kWh;-1872;0;0;0;1872;-1872
2024-03-28T23:30;2024-03-28T23:45;95;kWh;-4109;0;0;0;4109;-4109
2024-03-28T23:45;2024-03-29T00:00;96;kWh;-5150;0;0;0;5150;-5150
2024-03-29T00:00;2024-03-29T00:15;1;kWh;-16;0;0;0;16;-16
2024-03-29T00:15;2024-03-29T00:30;2;kWh;0;1252;0;0;1252;1252
2024-03-29T00:30;2024-03-29T00:45;3;kWh;0;11114;0;0;11114;11114
2024-03-29T00:45;2024-03-29T01:00;4;kWh;0;820;0;0;820;820
2024-03-29T01:00;2024-03-29T01:15;5;kWh;0;19743;0;0;19743;19743
2024-03-29T01:15;2024-03-29T01:30;6;kWh;0;23497;0;0;23497;23497
2024-03-29T01:30;2024-03-29T01:45;7;kWh;0;7700;0;0;7700;7700
2024-03-29T01:45;2024-03-29T02:00;8;kWh;-232;0;0;0;232;-232
2024-03-29T02:00;2024-03-29T02:15;9;kWh;-325;0;0;0;325;-325
2024-03-29T02:15;2024-03-29T02:30;10;kWh;-2537;0;0;0;2537;-2537
2024-03-29T02:30;2024-03-29T02:45;11;kWh;-703;0;0;0;703;-703
2024-03-29T02:45;2024-03-29T03:00;12;kWh;-7865;0;0;0;7865;-7865
2024-03-29T03:00;2024-03-29T03:15;13;kWh;-6215;0;0;0;6215;-6215
2024-03-29T03:15;2024-03-29T03:30;14;kWh;-7073;0;0;0;7073;-7073
2024-03-29T03:30;2024-03-29T03:45;15;kWh;-7090;0;0;0;7090;-7090
2024-03-29T03:45;2024-03-29T04:00;16;kWh;-7723;0;0;0;7723;-7723
2024-03-29T04:00;2024-03-29T04:15;17;kWh;-5500;0;0;0;5500;-5500
2024-03-29T04:15;2024-03-29T04:30;18;kWh;-10306;0;0;0;10306;-10306
2024-03-29T04:30;2024-03-29T04:45;19;kWh;-12936;230;0;0;13166;-12706
2024-03-29T04:45;2024-03-29T05:00;20;kWh;-13565;994;0;0;14559;-12571
2024-03-29T05:00;2024-03-29T05:15;21;kWh;-3156;52;0;0;3208;-3104
2024-03-29T05:15;2024-03-29T05:30;22;kWh;-6421;0;0;0;6421;-6421
2024-03-29T05:30;2024-03-29T05:45;23;kWh;-12469;0;0;0;12469;-12469
2024-03-29T05:45;2024-03-29T06:00;24;kWh;-10374;0;0;0;10374;-10374
2024-03-29T06:00;2024-03-29T06:15;25;kWh;-16684;0;0;0;16684;-16684
2024-03-29T06:15;2024-03-29T06:30;26;kWh;-10928;0;0;0;10928;-10928
2024-03-29T06:30;2024-03-29T06:45;27;kWh;-11511;298;0;0;11809;-11213
2024-03-29T06:45;2024-03-29T07:00;28;kWh;-14885;144;0;0;15029;-14741
2024-03-29T07:00;2024-03-29T07:15;29;kWh;-15495;0;0;0;15495;-15495
2024-03-29T07:15;2024-03-29T07:30;30;kWh;-13489;380;0;0;13869;-13109
2024-03-29T07:30;2024-03-29T07:45;31;kWh;-12742;242;0;0;12984;-12500
2024-03-29T07:45;2024-03-29T08:00;32;kWh;-35291;13;0;0;35304;-35278
2024-03-29T08:00;2024-03-29T08:15;33;kWh;-13599;443;0;0;14042;-13156
2024-03-29T08:15;2024-03-29T08:30;34;kWh;-12978;0;0;0;12978;-12978
2024-03-29T08:30;2024-03-29T08:45;35;kWh;-30894;0;0;0;30894;-30894
2024-03-29T08:45;2024-03-29T09:00;36;kWh;-23021;0;0;0;23021;-23021
2024-03-29T09:00;2024-03-29T09:15;37;kWh;-31013;0;0;0;31013;-31013
2024-03-29T09:15;2024-03-29T09:30;38;kWh;-21652;0;0;0;21652;-21652
2024-03-29T09:30;2024-03-29T09:45;39;kWh;-25913;0;0;0;25913;-25913
2024-03-29T09:45;2024-03-29T10:00;40;kWh;-17017;0;0;0;17017;-17017
2024-03-29T10:00;2024-03-29T10:15;41;kWh;-24939;0;0;0;24939;-24939
2024-03-29T10:15;2024-03-29T10:30;42;kWh;-30609;0;0;0;30609;-30609
2024-03-29T10:30;2024-03-29T10:45;43;kWh;-49315;0;0;0;49315;-49315
2024-03-29T10:45;2024-03-29T11:00;44;kWh;-74795;0;0;0;74795;-74795
2024-03-29T11:00;2024-03-29T11:15;45;kWh;-76883;0;0;0;76883;-76883
2024-03-29T11:15;2024-03-29T11:30;46;kWh;-78883;0;0;0;78883;-78883
2024-03-29T11:30;2024-03-29T11:45;47;kWh;-85627;0;0;0;85627;-85627
2024-03-29T11:45;2024-03-29T12:00;48;kWh;-53768;0;0;0;53768;-53768
2024-03-29T12:00;2024-03-29T12:15;49;kWh;-19541;0;0;0;19541;-19541
2024-03-29T12:15;2024-03-29T12:30;50;kWh;-9905;0;0;0;9905;-9905
2024-03-29T12:30;2024-03-29T12:45;51;kWh;-2512;0;0;0;2512;-2512
2024-03-29T12:45;2024-03-29T13:00;52;kWh;-4224;0;0;0;4224;-4224
2024-03-29T13:00;2024-03-29T13:15;53;kWh;-1992;0;0;0;1992;-1992
2024-03-29T13:15;2024-03-29T13:30;54;kWh;-8183;941;0;0;9124;-7242
2024-03-29T13:30;2024-03-29T13:45;55;kWh;-5565;533;0;0;6098;-5032
2024-03-29T13:45;2024-03-29T14:00;56;kWh;-3304;0;0;0;3304;-3304
2024-03-29T14:00;2024-03-29T14:15;57;kWh;-4245;0;0;0;4245;-4245
2024-03-29T14:15;2024-03-29T14:30;58;kWh;-2511;319;0;0;2830;-2192
2024-03-29T14:30;2024-03-29T14:45;59;kWh;-2295;0;0;0;2295;-2295
2024-03-29T14:45;2024-03-29T15:00;60;kWh;-1698;0;0;0;1698;-1698
2024-03-29T15:00;2024-03-29T15:15;61;kWh;-1318;0;0;0;1318;-1318
2024-03-29T15:15;2024-03-29T15:30;62;kWh;0;0;0;0;0;0
2024-03-29T15:30;2024-03-29T15:45;63;kWh;0;7;0;0;7;7
2024-03-29T15:45;2024-03-29T16:00;64;kWh;0;24029;0;0;24029;24029
2024-03-29T16:00;2024-03-29T16:15;65;kWh;-10568;725;0;0;11293;-9843
2024-03-29T16:15;2024-03-29T16:30;66;kWh;-5013;0;0;0;5013;-5013
2024-03-29T16:30;2024-03-29T16:45;67;kWh;-777;0;0;0;777;-777
2024-03-29T16:45;2024-03-29T17:00;68;kWh;0;14658;0;0;14658;14658
2024-03-29T17:00;2024-03-29T17:15;69;kWh;-24613;4325;0;0;28938;-20288
2024-03-29T17:15;2024-03-29T17:30;70;kWh;-12230;178;0;0;12408;-12052
2024-03-29T17:30;2024-03-29T17:45;71;kWh;-21;16229;0;0;16250;16208
2024-03-29T17:45;2024-03-29T18:00;72;kWh;0;30769;0;0;30769;30769
2024-03-29T18:00;2024-03-29T18:15;73;kWh;-1818;11637;0;0;13455;9819
2024-03-29T18:15;2024-03-29T18:30;74;kWh;-1836;0;0;0;1836;-1836
2024-03-29T18:30;2024-03-29T18:45;75;kWh;-18;0;0;0;18;-18
2024-03-29T18:45;2024-03-29T19:00;76;kWh;-1018;0;0;0;1018;-1018
2024-03-29T19:00;2024-03-29T19:15;77;kWh;-21;0;0;0;21;-21
2024-03-29T19:15;2024-03-29T19:30;78;kWh;0;16876;0;0;16876;16876
2024-03-29T19:30;2024-03-29T19:45;79;kWh;0;5188;0;0;5188;5188
2024-03-29T19:45;2024-03-29T20:00;80;kWh;0;0;0;0;0;0
2024-03-29T20:00;2024-03-29T20:15;81;kWh;0;44903;0;0;44903;44903
2024-03-29T20:15;2024-03-29T20:30;82;kWh;0;77320;0;0;77320;77320
2024-03-29T20:30;2024-03-29T20:45;83;kWh;0;11148;0;0;11148;11148
2024-03-29T20:45;2024-03-29T21:00;84;kWh;0;1082;0;0;1082;1082
2024-03-29T21:00;2024-03-29T21:15;85;kWh;0;14061;0;0;14061;14061
2024-03-29T21:15;2024-03-29T21:30;86;kWh;0;22575;0;0;22575;22575
2024-03-29T21:30;2024-03-29T21:45;87;kWh;0;30038;0;0;30038;30038
2024-03-29T21:45;2024-03-29T22:00;88;kWh;0;22981;0;0;22981;22981
2024-03-29T22:00;2024-03-29T22:15;89;kWh;0;69515;0;0;69515;69515
2024-03-29T22:15;2024-03-29T22:30;90;kWh;0;75285;0;0;75285;75285
2024-03-29T22:30;2024-03-29T22:45;91;kWh;0;44325;0;0;44325;44325
2024-03-29T22:45;2024-03-29T23:00;92;kWh;0;20939;0;0;20939;20939
2024-03-29T23:00;2024-03-29T23:15;93;kWh;-508;990;0;0;1498;482
2024-03-29T23:15;2024-03-29T23:30;94;kWh;-13813;0;0;0;13813;-13813
2024-03-29T23:30;2024-03-29T23:45;95;kWh;-10443;0;0;0;10443;-10443
2024-03-29T23:45;2024-03-30T00:00;96;kWh;-11981;0;0;0;11981;-11981
2024-03-30T00:00;2024-03-30T00:15;1;kWh;-5607;0;0;0;5607;-5607
2024-03-30T00:15;2024-03-30T00:30;2;kWh;-45757;0;0;0;45757;-45757
2024-03-30T00:30;2024-03-30T00:45;3;kWh;-70391;0;0;0;70391;-70391
2024-03-30T00:45;2024-03-30T01:00;4;kWh;-125768;0;0;0;125768;-125768
2024-03-30T01:00;2024-03-30T01:15;5;kWh;-65424;0;0;0;65424;-65424
2024-03-30T01:15;2024-03-30T01:30;6;kWh;-70823;0;0;0;70823;-70823
2024-03-30T01:30;2024-03-30T01:45;7;kWh;-53647;0;0;0;53647;-53647
2024-03-30T01:45;2024-03-30T02:00;8;kWh;-110503;0;0;0;110503;-110503
2024-03-30T02:00;2024-03-30T02:15;9;kWh;-29471;0;0;0;29471;-29471
2024-03-30T02:15;2024-03-30T02:30;10;kWh;-3797;0;0;0;3797;-3797
2024-03-30T02:30;2024-03-30T02:45;11;kWh;-1293;0;0;0;1293;-1293
2024-03-30T02:45;2024-03-30T03:00;12;kWh;0;391;0;0;391;391
2024-03-30T03:00;2024-03-30T03:15;13;kWh;0;3066;0;0;3066;3066
2024-03-30T03:15;2024-03-30T03:30;14;kWh;0;23638;0;0;23638;23638
2024-03-30T03:30;2024-03-30T03:45;15;kWh;0;34158;0;0;34158;34158
2024-03-30T03:45;2024-03-30T04:00;16;kWh;0;17357;0;0;17357;17357
2024-03-30T04:00;2024-03-30T04:15;17;kWh;0;67;0;0;67;67
2024-03-30T04:15;2024-03-30T04:30;18;kWh;0;0;0;0;0;0
2024-03-30T04:30;2024-03-30T04:45;19;kWh;0;0;0;0;0;0
2024-03-30T04:45;2024-03-30T05:00;20;kWh;-584;0;0;0;584;-584
2024-03-30T05:00;2024-03-30T05:15;21;kWh;-72899;0;0;0;72899;-72899
2024-03-30T05:15;2024-03-30T05:30;22;kWh;-47435;0;0;0;47435;-47435
2024-03-30T05:30;2024-03-30T05:45;23;kWh;-28526;0;0;0;28526;-28526
2024-03-30T05:45;2024-03-30T06:00;24;kWh;-16983;0;0;0;16983;-16983
2024-03-30T06:00;2024-03-30T06:15;25;kWh;-22772;485;0;0;23257;-22287
2024-03-30T06:15;2024-03-30T06:30;26;kWh;0;4226;0;0;4226;4226
2024-03-30T06:30;2024-03-30T06:45;27;kWh;-3064;0;0;0;3064;-3064
2024-03-30T06:45;2024-03-30T07:00;28;kWh;-1048;0;0;0;1048;-1048
2024-03-30T07:00;2024-03-30T07:15;29;kWh;-284;16;0;0;300;-268
2024-03-30T07:15;2024-03-30T07:30;30;kWh;0;8973;0;0;8973;8973
2024-03-30T07:30;2024-03-30T07:45;31;kWh;0;536;0;0;536;536
2024-03-30T07:45;2024-03-30T08:00;32;kWh;0;2;0;0;2;2
2024-03-30T08:00;2024-03-30T08:15;33;kWh;-2791;0;0;0;2791;-2791
2024-03-30T08:15;2024-03-30T08:30;34;kWh;-2938;0;0;0;2938;-2938
2024-03-30T08:30;2024-03-30T08:45;35;kWh;-4727;0;0;0;4727;-4727
2024-03-30T08:45;2024-03-30T09:00;36;kWh;-573;0;0;0;573;-573
2024-03-30T09:00;2024-03-30T09:15;37;kWh;-1263;2717;0;0;3980;1454
2024-03-30T09:15;2024-03-30T09:30;38;kWh;-252;548;0;0;800;296
2024-03-30T09:30;2024-03-30T09:45;39;kWh;-3498;0;0;0;3498;-3498
2024-03-30T09:45;2024-03-30T10:00;40;kWh;-14331;0;0;0;14331;-14331
2024-03-30T10:00;2024-03-30T10:15;41;kWh;-34693;0;0;0;34693;-34693
2024-03-30T10:15;2024-03-30T10:30;42;kWh;-1973;0;0;0;1973;-1973
2024-03-30T10:30;2024-03-30T10:45;43;kWh;-1567;0;0;0;1567;-1567
2024-03-30T10:45;2024-03-30T11:00;44;kWh;-13195;0;0;0;13195;-13195
2024-03-30T11:00;2024-03-30T11:15;45;kWh;-4892;6203;0;0;11095;1311
2024-03-30T11:15;2024-03-30T11:30;46;kWh;0;57925;0;0;57925;57925
2024-03-30T11:30;2024-03-30T11:45;47;kWh;0;18046;0;0;18046;18046
2024-03-30T11:45;2024-03-30T12:00;48;kWh;0;56577;0;0;56577;56577
2024-03-30T12:00;2024-03-30T12:15;49;kWh;0;94458;0;0;94458;94458
2024-03-30T12:15;2024-03-30T12:30;50;kWh;0;65170;0;0;65170;65170
2024-03-30T12:30;2024-03-30T12:45;51;kWh;0;46739;0;0;46739;46739
2024-03-30T12:45;2024-03-30T13:00;52;kWh;0;31531;0;0;31531;31531
2024-03-30T13:00;2024-03-30T13:15;53;kWh;0;3647;0;0;3647;3647
2024-03-30T13:15;2024-03-30T13:30;54;kWh;0;7943;0;0;7943;7943
2024-03-30T13:30;2024-03-30T13:45;55;kWh;0;8460;0;0;8460;8460
2024-03-30T13:45;2024-03-30T14:00;56;kWh;0;5026;0;0;5026;5026
2024-03-30T14:00;2024-03-30T14:15;57;kWh;0;3851;0;0;3851;3851
2024-03-30T14:15;2024-03-30T14:30;58;kWh;-1304;0;0;0;1304;-1304
2024-03-30T14:30;2024-03-30T14:45;59;kWh;-24679;0;0;0;24679;-24679
2024-03-30T14:45;2024-03-30T15:00;60;kWh;-29727;0;0;0;29727;-29727
2024-03-30T15:00;2024-03-30T15:15;61;kWh;-67917;0;0;0;67917;-67917
2024-03-30T15:15;2024-03-30T15:30;62;kWh;-26773;0;0;0;26773;-26773
2024-03-30T15:30;2024-03-30T15:45;63;kWh;-83;0;0;0;83;-83
2024-03-30T15:45;2024-03-30T16:00;64;kWh;-40861;0;0;0;40861;-40861
2024-03-30T16:00;2024-03-30T16:15;65;kWh;-51906;0;0;0;51906;-51906
2024-03-30T16:15;2024-03-30T16:30;66;kWh;-19779;0;0;0;19779;-19779
2024-03-30T16:30;2024-03-30T16:45;67;kWh;-36025;0;0;0;36025;-36025
2024-03-30T16:45;2024-03-30T17:00;68;kWh;-14580;0;0;0;14580;-14580
2024-03-30T17:00;2024-03-30T17:15;69;kWh;-86736;0;0;0;86736;-86736
2024-03-30T17:15;2024-03-30T17:30;70;kWh;-87037;0;0;0;87037;-87037
2024-03-30T17:30;2024-03-30T17:45;71;kWh;-69983;0;0;0;69983;-69983
2024-03-30T17:45;2024-03-30T18:00;72;kWh;-53893;0;0;0;53893;-53893
2024-03-30T18:00;2024-03-30T18:15;73;kWh;-96460;0;0;0;96460;-96460
2024-03-30T18:15;2024-03-30T18:30;74;kWh;-44189;0;0;0;44189;-44189
2024-03-30T18:30;2024-03-30T18:45;75;kWh;-29;0;0;0;29;-29
2024-03-30T18:45;2024-03-30T19:00;76;kWh;0;0;0;0;0;0
2024-03-30T19:00;2024-03-30T19:15;77;kWh;-5419;0;0;0;5419;-5419
2024-03-30T19:15;2024-03-30T19:30;78;kWh;-15683;0;0;0;15683;-15683
2024-03-30T19:30;2024-03-30T19:45;79;kWh;-2601;0;0;0;2601;-2601
2024-03-30T19:45;2024-03-30T20:00;80;kWh;-986;0;0;0;986;-986
2024-03-30T20:00;2024-03-30T20:15;81;kWh;-3951;0;0;0;3951;-3951
2024-03-30T20:15;2024-03-30T20:30;82;kWh;-2818;0;0;0;2818;-2818
2024-03-30T20:30;2024-03-30T20:45;83;kWh;-228;0;0;0;228;-228
2024-03-30T20:45;2024-03-30T21:00;84;kWh;-10809;0;0;0;10809;-10809
2024-03-30T21:00;2024-03-30T21:15;85;kWh;-22932;0;0;0;22932;-22932
2024-03-30T21:15;2024-03-30T21:30;86;kWh;-35241;0;0;0;35241;-35241
2024-03-30T21:30;2024-03-30T21:45;87;kWh;-33193;0;0;0;33193;-33193
2024-03-30T21:45;2024-03-30T22:00;88;kWh;-40181;0;0;0;40181;-40181
2024-03-30T22:00;2024-03-30T22:15;89;kWh;-25763;0;0;0;25763;-25763
2024-03-30T22:15;2024-03-30T22:30;90;kWh;-28546;0;0;0;28546;-28546
2024-03-30T22:30;2024-03-30T22:45;91;kWh;-18938;0;0;0;18938;-18938
2024-03-30T22:45;2024-03-30T23:00;92;kWh;-19692;0;0;0;19692;-19692
2024-03-30T23:00;2024-03-30T23:15;93;kWh;-9830;0;0;0;9830;-9830
2024-03-30T23:15;2024-03-30T23:30;94;kWh;0;0;0;0;0;0
2024-03-30T23:30;2024-03-30T23:45;95;kWh;-2111;0;0;0;2111;-2111
2024-03-30T23:45;2024-03-31T00:00;96;kWh;-24160;0;0;0;24160;-24160
2024-03-31T00:00;2024-03-31T00:15;1;kWh;-2578;15023;0;0;17601;12445
2024-03-31T00:15;2024-03-31T00:30;2;kWh;0;15001;0;0;15001;15001
2024-03-31T00:30;2024-03-31T00:45;3;kWh;0;17662;0;0;17662;17662
2024-03-31T00:45;2024-03-31T01:00;4;kWh;0;5054;0;0;5054;5054
2024-03-31T01:00;2024-03-31T01:15;5;kWh;0;27544;0;0;27544;27544
2024-03-31T01:15;2024-03-31T01:30;6;kWh;0;26559;0;0;26559;26559
2024-03-31T01:30;2024-03-31T01:45;7;kWh;0;5612;0;0;5612;5612
2024-03-31T01:45;2024-03-31T02:00;8;kWh;-119;0;0;0;119;-119
2024-03-31T03:00;2024-03-31T03:15;9;kWh;-467;2952;0;0;3419;2485
2024-03-31T03:15;2024-03-31T03:30;10;kWh;0;16279;0;0;16279;16279
2024-03-31T03:30;2024-03-31T03:45;11;kWh;-631;1549;0;0;2180;918
2024-03-31T03:45;2024-03-31T04:00;12;kWh;-10763;0;0;0;10763;-10763
2024-03-31T04:00;2024-03-31T04:15;13;kWh;-28338;0;0;0;28338;-28338
2024-03-31T04:15;2024-03-31T04:30;14;kWh;-15272;0;0;0;15272;-15272
2024-03-31T04:30;2024-03-31T04:45;15;kWh;-50005;0;0;0;50005;-50005
2024-03-31T04:45;2024-03-31T05:00;16;kWh;-74275;0;0;0;74275;-74275
2024-03-31T05:00;2024-03-31T05:15;17;kWh;-40068;0;0;0;40068;-40068
2024-03-31T05:15;2024-03-31T05:30;18;kWh;-20825;0;0;0;20825;-20825
2024-03-31T05:30;2024-03-31T05:45;19;kWh;-71909;0;0;0;71909;-71909
2024-03-31T05:45;2024-03-31T06:00;20;kWh;-116261;0;0;0;116261;-116261
2024-03-31T06:00;2024-03-31T06:15;21;kWh;-30691;0;0;0;30691;-30691
2024-03-31T06:15;2024-03-31T06:30;22;kWh;-39439;0;0;0;39439;-39439
2024-03-31T06:30;2024-03-31T06:45;23;kWh;-95852;0;0;0;95852;-95852
2024-03-31T06:45;2024-03-31T07:00;24;kWh;-114853;0;0;0;114853;-114853
2024-03-31T07:00;2024-03-31T07:15;25;kWh;-113997;0;0;0;113997;-113997
2024-03-31T07:15;2024-03-31T07:30;26;kWh;-86923;0;0;0;86923;-86923
2024-03-31T07:30;2024-03-31T07:45;27;kWh;-92722;0;0;0;92722;-92722
2024-03-31T07:45;2024-03-31T08:00;28;kWh;-103386;0;0;0;103386;-103386
2024-03-31T08:00;2024-03-31T08:15;29;kWh;-59643;0;0;0;59643;-59643
2024-03-31T08:15;2024-03-31T08:30;30;kWh;-112101;0;0;0;112101;-112101
2024-03-31T08:30;2024-03-31T08:45;31;kWh;-90967;0;0;0;90967;-90967
2024-03-31T08:45;2024-03-31T09:00;32;kWh;-107143;0;0;0;107143;-107143
2024-03-31T09:00;2024-03-31T09:15;33;kWh;-5981;0;0;0;5981;-5981
2024-03-31T09:15;2024-03-31T09:30;34;kWh;-21717;0;0;0;21717;-21717
2024-03-31T09:30;2024-03-31T09:45;35;kWh;-100113;0;0;0;100113;-100113
2024-03-31T09:45;2024-03-31T10:00;36;kWh;-108557;0;0;0;108557;-108557
2024-03-31T10:00;2024-03-31T10:15;37;kWh;-10649;0;0;0;10649;-10649
2024-03-31T10:15;2024-03-31T10:30;38;kWh;-9598;0;0;0;9598;-9598
2024-03-31T10:30;2024-03-31T10:45;39;kWh;-50708;0;0;0;50708;-50708
2024-03-31T10:45;2024-03-31T11:00;40;kWh;-59170;0;0;0;59170;-59170
2024-03-31T11:00;2024-03-31T11:15;41;kWh;-54919;0;0;0;54919;-54919
2024-03-31T11:15;2024-03-31T11:30;42;kWh;-111647;0;0;0;111647;-111647
2024-03-31T11:30;2024-03-31T11:45;43;kWh;-115025;0;0;0;115025;-115025
2024-03-31T11:45;2024-03-31T12:00;44;kWh;-155455;0;0;0;155455;-155455
2024-03-31T12:00;2024-03-31T12:15;45;kWh;-145013;0;0;0;145013;-145013
2024-03-31T12:15;2024-03-31T12:30;46;kWh;-184045;0;0;0;184045;-184045
2024-03-31T12:30;2024-03-31T12:45;47;kWh;-200250;0;-91066;0;291316;-291316
2024-03-31T12:45;2024-03-31T13:00;48;kWh;-199417;0;-92916;0;292333;-292333
2024-03-31T13:00;2024-03-31T13:15;49;kWh;-196940;0;-92916;0;289856;-289856
2024-03-31T13:15;2024-03-31T13:30;50;kWh;-187086;0;-92916;0;280002;-280002
2024-03-31T13:30;2024-03-31T13:45;51;kWh;-161486;0;-83254;0;244740;-244740
2024-03-31T13:45;2024-03-31T14:00;52;kWh;-103311;0;-75405;0;178716;-178716
2024-03-31T14:00;2024-03-31T14:15;53;kWh;-114223;0;-73896;0;188119;-188119
2024-03-31T14:15;2024-03-31T14:30;54;kWh;-135054;0;-73896;0;208950;-208950
2024-03-31T14:30;2024-03-31T14:45;55;kWh;-48214;0;-63546;0;111760;-111760
2024-03-31T14:45;2024-03-31T15:00;56;kWh;-27759;0;0;0;27759;-27759
2024-03-31T15:00;2024-03-31T15:15;57;kWh;-32897;0;0;0;32897;-32897
2024-03-31T15:15;2024-03-31T15:30;58;kWh;-19001;0;0;0;19001;-19001
2024-03-31T15:30;2024-03-31T15:45;59;kWh;-43971;0;0;0;43971;-43971
2024-03-31T15:45;2024-03-31T16:00;60;kWh;-120284;0;0;0;120284;-120284
2024-03-31T16:00;2024-03-31T16:15;61;kWh;-73958;0;0;0;73958;-73958
2024-03-31T16:15;2024-03-31T16:30;62;kWh;-164602;0;0;0;164602;-164602
2024-03-31T16:30;2024-03-31T16:45;63;kWh;-132382;0;0;0;132382;-132382
2024-03-31T16:45;2024-03-31T17:00;64;kWh;-57461;0;0;0;57461;-57461
2024-03-31T17:00;2024-03-31T17:15;65;kWh;-84279;0;0;0;84279;-84279
2024-03-31T17:15;2024-03-31T17:30;66;kWh;-1138;10489;0;0;11627;9351
2024-03-31T17:30;2024-03-31T17:45;67;kWh;0;90781;0;0;90781;90781
2024-03-31T17:45;2024-03-31T18:00;68;kWh;0;39480;0;0;39480;39480
2024-03-31T18:00;2024-03-31T18:15;69;kWh;-31812;5827;0;0;37639;-25985
2024-03-31T18:15;2024-03-31T18:30;70;kWh;-53668;0;0;0;53668;-53668
2024-03-31T18:30;2024-03-31T18:45;71;kWh;-23994;0;0;0;23994;-23994
2024-03-31T18:45;2024-03-31T19:00;72;kWh;-3351;0;0;0;3351;-3351
2024-03-31T19:00;2024-03-31T19:15;73;kWh;-84297;0;0;0;84297;-84297
2024-03-31T19:15;2024-03-31T19:30;74;kWh;-49684;0;0;0;49684;-49684
2024-03-31T19:30;2024-03-31T19:45;75;kWh;-62317;0;0;0;62317;-62317
2024-03-31T19:45;2024-03-31T20:00;76;kWh;-12730;0;0;0;12730;-12730
2024-03-31T20:00;2024-03-31T20:15;77;kWh;-13954;0;0;0;13954;-13954
2024-03-31T20:15;2024-03-31T20:30;78;kWh;-27;5854;0;0;5881;5827
2024-03-31T20:30;2024-03-31T20:45;79;kWh;0;34483;0;0;34483;34483
2024-03-31T20:45;2024-03-31T21:00;80;kWh;-8808;6253;0;0;15061;-2555
2024-03-31T21:00;2024-03-31T21:15;81;kWh;-2965;53880;0;0;56845;50915
2024-03-31T21:15;2024-03-31T21:30;82;kWh;0;39709;0;0;39709;39709
2024-03-31T21:30;2024-03-31T21:45;83;kWh;0;2092;0;0;2092;2092
2024-03-31T21:45;2024-03-31T22:00;84;kWh;-16;0;0;0;16;-16
2024-03-31T22:00;2024-03-31T22:15;85;kWh;-126;0;0;0;126;-126
2024-03-31T22:15;2024-03-31T22:30;86;kWh;-4011;0;0;0;4011;-4011
2024-03-31T22:30;2024-03-31T22:45;87;kWh;-2129;0;0;0;2129;-2129
2024-03-31T22:45;2024-03-31T23:00;88;kWh;-239;1;0;0;240;-238
2024-03-31T23:00;2024-03-31T23:15;89;kWh;0;77578;0;0;77578;77578
2024-03-31T23:15;2024-03-31T23:30;90;kWh;0;107122;0;0;107122;107122
2024-03-31T23:30;2024-03-31T23:45;91;kWh;0;60101;0;0;60101;60101
2024-03-31T23:45;2024-04-01T00:00;92;kWh;0;23991;0;0;23991;23991
2024-04-01T00:00;2024-04-01T00:15;1;kWh;-6350;25081;0;0;31431;18731
2024-04-01T00:15;2024-04-01T00:30;2;kWh;0;71944;0;0;71944;71944
2024-04-01T00:30;2024-04-01T00:45;3;kWh;0;21298;0;0;21298;21298
2024-04-01T00:45;2024-04-01T01:00;4;kWh;-472;1538;0;0;2010;1066
2024-04-01T01:00;2024-04-01T01:15;5;kWh;0;5280;0;0;5280;5280
2024-04-01T01:15;2024-04-01T01:30;6;kWh;0;33755;0;0;33755;33755
2024-04-01T01:30;2024-04-01T01:45;7;kWh;0;51114;0;0;51114;51114
2024-04-01T01:45;2024-04-01T02:00;8;kWh;0;54770;0;0;54770;54770
2024-04-01T02:00;2024-04-01T02:15;9;kWh;0;84312;0;0;84312;84312
2024-04-01T02:15;2024-04-01T02:30;10;kWh;0;60762;0;0;60762;60762
2024-04-01T02:30;2024-04-01T02:45;11;kWh;0;68475;0;0;68475;68475
2024-04-01T02:45;2024-04-01T03:00;12;kWh;0;105880;0;0;105880;105880
2024-04-01T03:00;2024-04-01T03:15;13;kWh;0;28307;0;0;28307;28307
2024-04-01T03:15;2024-04-01T03:30;14;kWh;0;51900;0;0;51900;51900
2024-04-01T03:30;2024-04-01T03:45;15;kWh;0;24792;0;0;24792;24792
2024-04-01T03:45;2024-04-01T04:00;16;kWh;0;17092;0;0;17092;17092
2024-04-01T04:00;2024-04-01T04:15;17;kWh;-4002;4318;0;0;8320;316
2024-04-01T04:15;2024-04-01T04:30;18;kWh;-37;1361;0;0;1398;1324
2024-04-01T04:30;2024-04-01T04:45;19;kWh;-3621;0;0;0;3621;-3621
2024-04-01T04:45;2024-04-01T05:00;20;kWh;-4;13280;0;0;13284;13276
2024-04-01T05:00;2024-04-01T05:15;21;kWh;-1444;528;0;0;1972;-916
2024-04-01T05:15;2024-04-01T05:30;22;kWh;-174;0;0;0;174;-174
2024-04-01T05:30;2024-04-01T05:45;23;kWh;0;446;0;0;446;446
2024-04-01T05:45;2024-04-01T06:00;24;kWh;-9806;0;0;0;9806;-9806
2024-04-01T06:00;2024-04-01T06:15;25;kWh;-2596;188;0;0;2784;-2408
2024-04-01T06:15;2024-04-01T06:30;26;kWh;-4267;0;0;0;4267;-4267
2024-04-01T06:30;2024-04-01T06:45;27;kWh;-28590;0;0;0;28590;-28590
2024-04-01T06:45;2024-04-01T07:00;28;kWh;-50181;0;0;0;50181;-50181
2024-04-01T07:00;2024-04-01T07:15;29;kWh;-9806;1945;0;0;11751;-7861
2024-04-01T07:15;2024-04-01T07:30;30;kWh;-7566;87;0;0;7653;-7479
2024-04-01T07:30;2024-04-01T07:45;31;kWh;-3460;0;0;0;3460;-3460
2024-04-01T07:45;2024-04-01T08:00;32;kWh;-2745;0;0;0;2745;-2745
2024-04-01T08:00;2024-04-01T08:15;33;kWh;-2181;0;0;0;2181;-2181
2024-04-01T08:15;2024-04-01T08:30;34;kWh;-284;0;0;0;284;-284
2024-04-01T08:30;2024-04-01T08:45;35;kWh;-102;0;0;0;102;-102
2024-04-01T08:45;2024-04-01T09:00;36;kWh;-101;0;0;0;101;-101
2024-04-01T09:00;2024-04-01T09:15;37;kWh;-516;0;0;0;516;-516
2024-04-01T09:15;2024-04-01T09:30;38;kWh;-299;0;0;0;299;-299
2024-04-01T09:30;2024-04-01T09:45;39;kWh;-6;0;0;0;6;-6
2024-04-01T09:45;2024-04-01T10:00;40;kWh;0;1;0;0;1;1
2024-04-01T10:00;2024-04-01T10:15;41;kWh;0;18816;0;0;18816;18816
2024-04-01T10:15;2024-04-01T10:30;42;kWh;0;52554;0;0;52554;52554
2024-04-01T10:30;2024-04-01T10:45;43;kWh;0;46804;0;0;46804;46804
2024-04-01T10:45;2024-04-01T11:00;44;kWh;0;14924;0;0;14924;14924
2024-04-01T11:00;2024-04-01T11:15;45;kWh;-641;1154;0;0;1795;513
2024-04-01T11:15;2024-04-01T11:30;46;kWh;-949;0;0;0;949;-949
2024-04-01T11:30;2024-04-01T11:45;47;kWh;-3879;0;0;0;3879;-3879
2024-04-01T11:45;2024-04-01T12:00;48;kWh;-3086;7;0;0;3093;-3079
2024-04-01T12:00;2024-04-01T12:15;49;kWh;0;51357;0;0;51357;51357
2024-04-01T12:15;2024-04-01T12:30;50;kWh;0;4803;0;0;4803;4803
2024-04-01T12:30;2024-04-01T12:45;51;kWh;0;0;0;0;0;0
2024-04-01T12:45;2024-04-01T13:00;52;kWh;-1478;0;0;0;1478;-1478
2024-04-01T13:00;2024-04-01T13:15;53;kWh;-8712;0;0;0;8712;-8712
2024-04-01T13:15;2024-04-01T13:30;54;kWh;-16011;0;0;0;16011;-16011
2024-04-01T13:30;2024-04-01T13:45;55;kWh;-34107;0;0;0;34107;-34107
2024-04-01T13:45;2024-04-01T14:00;56;kWh;-45217;0;0;0;45217;-45217
2024-04-01T14:00;2024-04-01T14:15;57;kWh;-9816;152;0;0;9968;-9664
2024-04-01T14:15;2024-04-01T14:30;58;kWh;-7173;0;0;0;7173;-7173
2024-04-01T14:30;2024-04-01T14:45;59;kWh;-17850;0;0;0;17850;-17850
2024-04-01T14:45;2024-04-01T15:00;60;kWh;-24156;0;0;0;24156;-24156
2024-04-01T15:00;2024-04-01T15:15;61;kWh;-4917;0;0;0;4917;-4917
2024-04-01T15:15;2024-04-01T15:30;62;kWh;-8921;0;0;0;8921;-8921
2024-04-01T15:30;2024-04-01T15:45;63;kWh;-18006;0;0;0;18006;-18006
2024-04-01T15:45;2024-04-01T16:00;64;kWh;-24199;0;0;0;24199;-24199
2024-04-01T16:00;2024-04-01T16:15;65;kWh;-24988;0;0;0;24988;-24988
2024-04-01T16:15;2024-04-01T16:30;66;kWh;-19113;0;0;0;19113;-19113
2024-04-01T16:30;2024-04-01T16:45;67;kWh;-7926;0;0;0;7926;-7926
2024-04-01T16:45;2024-04-01T17:00;68;kWh;-3474;0;0;0;3474;-3474
2024-04-01T17:00;2024-04-01T17:15;69;kWh;-18960;0;0;0;18960;-18960
2024-04-01T17:15;2024-04-01T17:30;70;kWh;-17488;601;0;0;18089;-16887
2024-04-01T17:30;2024-04-01T17:45;71;kWh;-4292;169;0;0;4461;-4123
2024-04-01T17:45;2024-04-01T18:00;72;kWh;-75;0;0;0;75;-75
2024-04-01T18:00;2024-04-01T18:15;73;kWh;-16977;49;0;0;17026;-16928
2024-04-01T18:15;2024-04-01T18:30;74;kWh;-15801;347;0;0;16148;-15454
2024-04-01T18:30;2024-04-01T18:45;75;kWh;-1712;0;0;0;1712;-1712
2024-04-01T18:45;2024-04-01T19:00;76;kWh;-24;0;0;0;24;-24
2024-04-01T19:00;2024-04-01T19:15;77;kWh;-18768;0;0;0;18768;-18768
2024-04-01T19:15;2024-04-01T19:30;78;kWh;-2057;0;0;0;2057;-2057
2024-04-01T19:30;2024-04-01T19:45;79;kWh;0;0;0;0;0;0
2024-04-01T19:45;2024-04-01T20:00;80;kWh;0;0;0;0;0;0
2024-04-01T20:00;2024-04-01T20:15;81;kWh;-272;0;0;0;272;-272
2024-04-01T20:15;2024-04-01T20:30;82;kWh;-4496;0;0;0;4496;-4496
2024-04-01T20:30;2024-04-01T20:45;83;kWh;-14554;0;0;0;14554;-14554
2024-04-01T20:45;2024-04-01T21:00;84;kWh;-1902;0;0;0;1902;-1902
2024-04-01T21:00;2024-04-01T21:15;85;kWh;-4413;0;0;0;4413;-4413
2024-04-01T21:15;2024-04-01T21:30;86;kWh;-3565;31065;0;0;34630;27500
2024-04-01T21:30;2024-04-01T21:45;87;kWh;0;17367;0;0;17367;17367
2024-04-01T21:45;2024-04-01T22:00;88;kWh;-7;0;0;0;7;-7
2024-04-01T22:00;2024-04-01T22:15;89;kWh;-5607;0;0;0;5607;-5607
2024-04-01T22:15;2024-04-01T22:30;90;kWh;-12058;2283;0;0;14341;-9775
2024-04-01T22:30;2024-04-01T22:45;91;kWh;0;9605;0;0;9605;9605
2024-04-01T22:45;2024-04-01T23:00;92;kWh;-2411;446;0;0;2857;-1965
2024-04-01T23:00;2024-04-01T23:15;93;kWh;-5513;0;0;0;5513;-5513
2024-04-01T23:15;2024-04-01T23:30;94;kWh;-23104;0;0;0;23104;-23104
2024-04-01T23:30;2024-04-01T23:45;95;kWh;-10057;0;0;0;10057;-10057
2024-04-01T23:45;2024-04-02T00:00;96;kWh;-19652;0;0;0;19652;-19652
2024-04-02T00:00;2024-04-02T00:15;1;kWh;-7535;0;0;0;7535;-7535
2024-04-02T00:15;2024-04-02T00:30;2;kWh;-17414;0;0;0;17414;-17414
2024-04-02T00:30;2024-04-02T00:45;3;kWh;-8491;0;0;0;8491;-8491
2024-04-02T00:45;2024-04-02T01:00;4;kWh;-17168;0;0;0;17168;-17168
2024-04-02T01:00;2024-04-02T01:15;5;kWh;-18748;0;0;0;18748;-18748
2024-04-02T01:15;2024-04-02T01:30;6;kWh;-20006;15;0;0;20021;-19991
2024-04-02T01:30;2024-04-02T01:45;7;kWh;-7613;0;0;0;7613;-7613
2024-04-02T01:45;2024-04-02T02:00;8;kWh;-13425;0;0;0;13425;-13425
2024-04-02T02:00;2024-04-02T02:15;9;kWh;-18373;0;0;0;18373;-18373
2024-04-02T02:15;2024-04-02T02:30;10;kWh;-7859;0;0;0;7859;-7859
2024-04-02T02:30;2024-04-02T02:45;11;kWh;-6873;0;0;0;6873;-6873
2024-04-02T02:45;2024-04-02T03:00;12;kWh;-9408;0;0;0;9408;-9408
2024-04-02T03:00;2024-04-02T03:15;13;kWh;-722;45029;0;0;45751;44307
2024-04-02T03:15;2024-04-02T03:30;14;kWh;0;32137;0;0;32137;32137
2024-04-02T03:30;2024-04-02T03:45;15;kWh;0;0;0;0;0;0
2024-04-02T03:45;2024-04-02T04:00;16;kWh;-3459;0;0;0;3459;-3459
2024-04-02T04:00;2024-04-02T04:15;17;kWh;-588;28;0;0;616;-560
2024-04-02T04:15;2024-04-02T04:30;18;kWh;0;1398;0;0;1398;1398
2024-04-02T04:30;2024-04-02T04:45;19;kWh;0;0;0;0;0;0
2024-04-02T04:45;2024-04-02T05:00;20;kWh;0;0;0;0;0;0
2024-04-02T05:00;2024-04-02T05:15;21;kWh;0;0;0;0;0;0
2024-04-02T05:15;2024-04-02T05:30;22;kWh;0;0;0;0;0;0
2024-04-02T05:30;2024-04-02T05:45;23;kWh;0;13227;0;0;13227;13227
2024-04-02T05:45;2024-04-02T06:00;24;kWh;0;22141;0;0;22141;22141
2024-04-02T06:00;2024-04-02T06:15;25;kWh;0;0;0;0;0;0
2024-04-02T06:15;2024-04-02T06:30;26;kWh;-141;0;0;0;141;-141
2024-04-02T06:30;2024-04-02T06:45;27;kWh;0;5207;0;0;5207;5207
2024-04-02T06:45;2024-04-02T07:00;28;kWh;0;22067;0;0;22067;22067
2024-04-02T07:00;2024-04-02T07:15;29;kWh;0;6210;0;0;6210;6210
2024-04-02T07:15;2024-04-02T07:30;30;kWh;0;534;0;0;534;534
2024-04-02T07:30;2024-04-02T07:45;31;kWh;0;2978;0;0;2978;2978
2024-04-02T07:45;2024-04-02T08:00;32;kWh;-131;875;0;0;1006;744
2024-04-02T08:00;2024-04-02T08:15;33;kWh;-3720;0;0;0;3720;-3720
2024-04-02T08:15;2024-04-02T08:30;34;kWh;-12727;0;0;0;12727;-12727
2024-04-02T08:30;2024-04-02T08:45;35;kWh;-10806;15224;0;0;26030;4418
2024-04-02T08:45;2024-04-02T09:00;36;kWh;-6844;2298;0;0;9142;-4546
2024-04-02T09:00;2024-04-02T09:15;37;kWh;-572;44332;0;0;44904;43760
2024-04-02T09:15;2024-04-02T09:30;38;kWh;-230;12192;0;0;12422;11962
2024-04-02T09:30;2024-04-02T09:45;39;kWh;-3296;18815;0;0;22111;15519
2024-04-02T09:45;2024-04-02T10:00;40;kWh;-4765;10285;0;0;15050;5520
2024-04-02T10:00;2024-04-02T10:15;41;kWh;0;42913;0;0;42913;42913
2024-04-02T10:15;2024-04-02T10:30;42;kWh;0;41881;0;0;41881;41881
2024-04-02T10:30;2024-04-02T10:45;43;kWh;0;2711;0;0;2711;2711
2024-04-02T10:45;2024-04-02T11:00;44;kWh;-464;0;0;0;464;-464
2024-04-02T11:00;2024-04-02T11:15;45;kWh;0;35718;0;0;35718;35718
2024-04-02T11:15;2024-04-02T11:30;46;kWh;0;32465;0;0;32465;32465
2024-04-02T11:30;2024-04-02T11:45;47;kWh;0;8706;0;0;8706;8706
2024-04-02T11:45;2024-04-02T12:00;48;kWh;-2207;6016;0;0;8223;3809
2024-04-02T12:00;2024-04-02T12:15;49;kWh;-3725;6269;0;0;9994;2544
2024-04-02T12:15;2024-04-02T12:30;50;kWh;-6453;838;0;0;7291;-5615
2024-04-02T12:30;2024-04-02T12:45;51;kWh;-13955;2351;0;0;16306;-11604
2024-04-02T12:45;2024-04-02T13:00;52;kWh;-17599;3873;0;0;21472;-13726
2024-04-02T13:00;2024-04-02T13:15;53;kWh;-14671;434;0;0;15105;-14237
2024-04-02T13:15;2024-04-02T13:30;54;kWh;-10325;0;0;0;10325;-10325
2024-04-02T13:30;2024-04-02T13:45;55;kWh;-17326;0;0;0;17326;-17326
2024-04-02T13:45;2024-04-02T14:00;56;kWh;-25200;0;0;0;25200;-25200
2024-04-02T14:00;2024-04-02T14:15;57;kWh;-12614;0;0;0;12614;-12614
2024-04-02T14:15;2024-04-02T14:30;58;kWh;-22309;1485;0;0;23794;-20824
2024-04-02T14:30;2024-04-02T14:45;59;kWh;-13086;623;0;0;13709;-12463
2024-04-02T14:45;2024-04-02T15:00;60;kWh;-20066;563;0;0;20629;-19503
2024-04-02T15:00;2024-04-02T15:15;61;kWh;-3587;0;0;0;3587;-3587
2024-04-02T15:15;2024-04-02T15:30;62;kWh;-9718;3059;0;0;12777;-6659
2024-04-02T15:30;2024-04-02T15:45;63;kWh;-8397;5102;0;0;13499;-3295
2024-04-02T15:45;2024-04-02T16:00;64;kWh;-907;14490;0;0;15397;13583
2024-04-02T16:00;2024-04-02T16:15;65;kWh;-15;6399;0;0;6414;6384
2024-04-02T16:15;2024-04-02T16:30;66;kWh;0;21407;0;0;21407;21407
2024-04-02T16:30;2024-04-02T16:45;67;kWh;0;21345;0;0;21345;21345
2024-04-02T16:45;2024-04-02T17:00;68;kWh;0;27910;0;0;27910;27910
2024-04-02T17:00;2024-04-02T17:15;69;kWh;-8543;13818;0;0;22361;5275
2024-04-02T17:15;2024-04-02T17:30;70;kWh;-139;26603;0;0;26742;26464
2024-04-02T17:30;2024-04-02T17:45;71;kWh;0;52624;0;0;52624;52624
2024-04-02T17:45;2024-04-02T18:00;72;kWh;0;53768;0;0;53768;53768
2024-04-02T18:00;2024-04-02T18:15;73;kWh;-11418;571;0;0;11989;-10847
2024-04-02T18:15;2024-04-02T18:30;74;kWh;-15423;0;0;0;15423;-15423
2024-04-02T18:30;2024-04-02T18:45;75;kWh;0;0;0;0;0;0
2024-04-02T18:45;2024-04-02T19:00;76;kWh;-527;0;0;0;527;-527
2024-04-02T19:00;2024-04-02T19:15;77;kWh;-36486;0;0;0;36486;-36486
2024-04-02T19:15;2024-04-02T19:30;78;kWh;-10997;0;0;0;10997;-10997
2024-04-02T19:30;2024-04-02T19:45;79;kWh;0;0;0;0;0;0
2024-04-02T19:45;2024-04-02T20:00;80;kWh;0;1;0;0;1;1
2024-04-02T20:00;2024-04-02T20:15;81;kWh;0;3187;0;0;3187;3187
2024-04-02T20:15;2024-04-02T20:30;82;kWh;0;17447;0;0;17447;17447
2024-04-02T20:30;2024-04-02T20:45;83;kWh;0;7031;0;0;7031;7031
2024-04-02T20:45;2024-04-02T21:00;84;kWh;0;4652;0;0;4652;4652
2024-04-02T21:00;2024-04-02T21:15;85;kWh;0;134;0;0;134;134
2024-04-02T21:15;2024-04-02T21:30;86;kWh;0;0;0;0;0;0
2024-04-02T21:30;2024-04-02T21:45;87;kWh;-8078;0;0;0;8078;-8078
2024-04-02T21:45;2024-04-02T22:00;88;kWh;-22122;0;0;0;22122;-22122
2024-04-02T22:00;2024-04-02T22:15;89;kWh;-11020;474;0;0;11494;-10546
2024-04-02T22:15;2024-04-02T22:30;90;kWh;-4300;1775;0;0;6075;-2525
2024-04-02T22:30;2024-04-02T22:45;91;kWh;-9970;115;0;0;10085;-9855
2024-04-02T22:45;2024-04-02T23:00;92;kWh;-16466;1837;0;0;18303;-14629
2024-04-02T23:00;2024-04-02T23:15;93;kWh;-8762;467;0;0;9229;-8295
2024-04-02T23:15;2024-04-02T23:30;94;kWh;-10397;0;0;0;10397;-10397
2024-04-02T23:30;2024-04-02T23:45;95;kWh;-6752;789;0;0;7541;-5963
2024-04-02T23:45;2024-04-03T00:00;96;kWh;-11200;59;0;0;11259;-11141
2024-04-03T00:00;2024-04-03T00:15;1;kWh;-16923;2903;0;0;19826;-14020
2024-04-03T00:15;2024-04-03T00:30;2;kWh;-19671;1669;0;0;21340;-18002
2024-04-03T00:30;2024-04-03T00:45;3;kWh;-37195;0;0;0;37195;-37195
2024-04-03T00:45;2024-04-03T01:00;4;kWh;-21515;0;0;0;21515;-21515
2024-04-03T01:00;2024-04-03T01:15;5;kWh;-1598;0;0;0;1598;-1598
2024-04-03T01:15;2024-04-03T01:30;6;kWh;-290;0;0;0;290;-290
2024-04-03T01:30;2024-04-03T01:45;7;kWh;-249;0;0;0;249;-249
2024-04-03T01:45;2024-04-03T02:00;8;kWh;-249;0;0;0;249;-249
2024-04-03T02:00;2024-04-03T02:15;9;kWh;-1375;0;0;0;1375;-1375
2024-04-03T02:15;2024-04-03T02:30;10;kWh;-2527;0;0;0;2527;-2527
2024-04-03T02:30;2024-04-03T02:45;11;kWh;-33067;0;0;0;33067;-33067
2024-04-03T02:45;2024-04-03T03:00;12;kWh;-31377;0;0;0;31377;-31377
2024-04-03T03:00;2024-04-03T03:15;13;kWh;-9775;0;0;0;9775;-9775
2024-04-03T03:15;2024-04-03T03:30;14;kWh;-560;0;0;0;560;-560
2024-04-03T03:30;2024-04-03T03:45;15;kWh;-1126;0;0;0;1126;-1126
2024-04-03T03:45;2024-04-03T04:00;16;kWh;-15629;0;0;0;15629;-15629
2024-04-03T04:00;2024-04-03T04:15;17;kWh;-19994;0;0;0;19994;-19994
2024-04-03T04:15;2024-04-03T04:30;18;kWh;-9200;0;0;0;9200;-9200
2024-04-03T04:30;2024-04-03T04:45;19;kWh;-16003;0;0;0;16003;-16003
2024-04-03T04:45;2024-04-03T05:00;20;kWh;-37961;0;0;0;37961;-37961
2024-04-03T05:00;2024-04-03T05:15;21;kWh;-9659;0;0;0;9659;-9659
2024-04-03T05:15;2024-04-03T05:30;22;kWh;-2599;0;0;0;2599;-2599
2024-04-03T05:30;2024-04-03T05:45;23;kWh;-8649;0;0;0;8649;-8649
2024-04-03T05:45;2024-04-03T06:00;24;kWh;-19940;0;0;0;19940;-19940
2024-04-03T06:00;2024-04-03T06:15;25;kWh;-16167;0;0;0;16167;-16167
2024-04-03T06:15;2024-04-03T06:30;26;kWh;-10335;0;0;0;10335;-10335
2024-04-03T06:30;2024-04-03T06:45;27;kWh;-1049;0;0;0;1049;-1049
2024-04-03T06:45;2024-04-03T07:00;28;kWh;-258;0;0;0;258;-258
2024-04-03T07:00;2024-04-03T07:15;29;kWh;-14846;0;0;0;14846;-14846
2024-04-03T07:15;2024-04-03T07:30;30;kWh;-6016;0;0;0;6016;-6016
2024-04-03T07:30;2024-04-03T07:45;31;kWh;-249;5911;0;0;6160;5662
2024-04-03T07:45;2024-04-03T08:00;32;kWh;-249;15786;0;0;16035;15537
2024-04-03T08:00;2024-04-03T08:15;33;kWh;-10222;0;0;0;10222;-10222
2024-04-03T08:15;2024-04-03T08:30;34;kWh;-1684;0;0;0;1684;-1684
2024-04-03T08:30;2024-04-03T08:45;35;kWh;-3933;0;0;0;3933;-3933
2024-04-03T08:45;2024-04-03T09:00;36;kWh;-1095;0;0;0;1095;-1095
2024-04-03T09:00;2024-04-03T09:15;37;kWh;-9735;0;0;0;9735;-9735
2024-04-03T09:15;2024-04-03T09:30;38;kWh;-18288;0;0;0;18288;-18288
2024-04-03T09:30;2024-04-03T09:45;39;kWh;-19521;0;0;0;19521;-19521
2024-04-03T09:45;2024-04-03T10:00;40;kWh;-45848;0;0;0;45848;-45848
2024-04-03T10:00;2024-04-03T10:15;41;kWh;-61089;0;0;0;61089;-61089
2024-04-03T10:15;2024-04-03T10:30;42;kWh;-12494;0;0;0;12494;-12494
2024-04-03T10:30;2024-04-03T10:45;43;kWh;-2926;0;0;0;2926;-2926
2024-04-03T10:45;2024-04-03T11:00;44;kWh;-6448;0;0;0;6448;-6448
2024-04-03T11:00;2024-04-03T11:15;45;kWh;-8482;0;0;0;8482;-8482
2024-04-03T11:15;2024-04-03T11:30;46;kWh;-3422;0;0;0;3422;-3422
2024-04-03T11:30;2024-04-03T11:45;47;kWh;-15381;0;0;0;15381;-15381
2024-04-03T11:45;2024-04-03T12:00;48;kWh;-3492;0;0;0;3492;-3492
2024-04-03T12:00;2024-04-03T12:15;49;kWh;-249;53094;0;0;53343;52845
2024-04-03T12:15;2024-04-03T12:30;50;kWh;-249;4238;0;0;4487;3989
2024-04-03T12:30;2024-04-03T12:45;51;kWh;-249;0;0;0;249;-249
2024-04-03T12:45;2024-04-03T13:00;52;kWh;-249;8630;0;0;8879;8381
2024-04-03T13:00;2024-04-03T13:15;53;kWh;-4058;1457;0;0;5515;-2601
2024-04-03T13:15;2024-04-03T13:30;54;kWh;-19426;0;0;0;19426;-19426
2024-04-03T13:30;2024-04-03T13:45;55;kWh;-29960;0;0;0;29960;-29960
2024-04-03T13:45;2024-04-03T14:00;56;kWh;-49217;0;0;0;49217;-49217
2024-04-03T14:00;2024-04-03T14:15;57;kWh;-26525;0;0;0;26525;-26525
2024-04-03T14:15;2024-04-03T14:30;58;kWh;-8036;0;0;0;8036;-8036
2024-04-03T14:30;2024-04-03T14:45;59;kWh;-62497;0;0;0;62497;-62497
2024-04-03T14:45;2024-04-03T15:00;60;kWh;-101488;0;0;0;101488;-101488
2024-04-03T15:00;2024-04-03T15:15;61;kWh;-70018;0;0;0;70018;-70018
2024-04-03T15:15;2024-04-03T15:30;62;kWh;-65311;0;0;0;65311;-65311
2024-04-03T15:30;2024-04-03T15:45;63;kWh;-65618;0;0;0;65618;-65618
2024-04-03T15:45;2024-04-03T16:00;64;kWh;-62265;0;0;0;62265;-62265
2024-04-03T16:00;2024-04-03T16:15;65;kWh;-11564;0;0;0;11564;-11564
2024-04-03T16:15;2024-04-03T16:30;66;kWh;-44346;0;0;0;44346;-44346
2024-04-03T16:30;2024-04-03T16:45;67;kWh;-41481;0;0;0;41481;-41481
2024-04-03T16:45;2024-04-03T17:00;68;kWh;-15765;0;0;0;15765;-15765
2024-04-03T17:00;2024-04-03T17:15;69;kWh;-39583;0;0;0;39583;-39583
2024-04-03T17:15;2024-04-03T17:30;70;kWh;-11276;0;0;0;11276;-11276
2024-04-03T17:30;2024-04-03T17:45;71;kWh;-26815;0;0;0;26815;-26815
2024-04-03T17:45;2024-04-03T18:00;72;kWh;-33696;0;0;0;33696;-33696
2024-04-03T18:00;2024-04-03T18:15;73;kWh;-11720;0;0;0;11720;-11720
2024-04-03T18:15;2024-04-03T18:30;74;kWh;-4573;0;0;0;4573;-4573
2024-04-03T18:30;2024-04-03T18:45;75;kWh;-252;3339;0;0;3591;3087
2024-04-03T18:45;2024-04-03T19:00;76;kWh;-249;6516;0;0;6765;6267
2024-04-03T19:00;2024-04-03T19:15;77;kWh;-6165;2634;0;0;8799;-3531
2024-04-03T19:15;2024-04-03T19:30;78;kWh;-8841;0;0;0;8841;-8841
2024-04-03T19:30;2024-04-03T19:45;79;kWh;-1845;0;0;0;1845;-1845
2024-04-03T19:45;2024-04-03T20:00;80;kWh;-6310;0;0;0;6310;-6310
2024-04-03T20:00;2024-04-03T20:15;81;kWh;-902;0;0;0;902;-902
2024-04-03T20:15;2024-04-03T20:30;82;kWh;-339;0;0;0;339;-339
2024-04-03T20:30;2024-04-03T20:45;83;kWh;-9480;0;0;0;9480;-9480
2024-04-03T20:45;2024-04-03T21:00;84;kWh;-57118;0;0;0;57118;-57118
2024-04-03T21:00;2024-04-03T21:15;85;kWh;-19067;540;0;0;19607;-18527
2024-04-03T21:15;2024-04-03T21:30;86;kWh;-249;863;0;0;1112;614
2024-04-03T21:30;2024-04-03T21:45;87;kWh;-249;446;0;0;695;197
2024-04-03T21:45;2024-04-03T22:00;88;kWh;-4872;0;0;0;4872;-4872
2024-04-03T22:00;2024-04-03T22:15;89;kWh;-2370;814;0;0;3184;-1556
2024-04-03T22:15;2024-04-03T22:30;90;kWh;-730;3158;0;0;3888;2428
2024-04-03T22:30;2024-04-03T22:45;91;kWh;-7404;0;0;0;7404;-7404
2024-04-03T22:45;2024-04-03T23:00;92;kWh;-4627;0;0;0;4627;-4627
2024-04-03T23:00;2024-04-03T23:15;93;kWh;-7044;0;0;0;7044;-7044
2024-04-03T23:15;2024-04-03T23:30;94;kWh;-18209;0;0;0;18209;-18209
2024-04-03T23:30;2024-04-03T23:45;95;kWh;-23897;0;0;0;23897;-23897
2024-04-03T23:45;2024-04-04T00:00;96;kWh;-33738;0;0;0;33738;-33738
2024-04-04T00:00;2024-04-04T00:15;1;kWh;-5920;18872;0;0;24792;12952
2024-04-04T00:15;2024-04-04T00:30;2;kWh;0;32369;0;0;32369;32369
2024-04-04T00:30;2024-04-04T00:45;3;kWh;-2105;1896;0;0;4001;-209
2024-04-04T00:45;2024-04-04T01:00;4;kWh;-1130;7953;0;0;9083;6823
2024-04-04T01:00;2024-04-04T01:15;5;kWh;0;42736;0;0;42736;42736
2024-04-04T01:15;2024-04-04T01:30;6;kWh;0;44049;0;0;44049;44049
2024-04-04T01:30;2024-04-04T01:45;7;kWh;0;51926;0;0;51926;51926
2024-04-04T01:45;2024-04-04T02:00;8;kWh;0;53735;0;0;53735;53735
2024-04-04T02:00;2024-04-04T02:15;9;kWh;0;16587;0;0;16587;16587
2024-04-04T02:15;2024-04-04T02:30;10;kWh;0;47934;0;0;47934;47934
2024-04-04T02:30;2024-04-04T02:45;11;kWh;0;35516;0;0;35516;35516
2024-04-04T02:45;2024-04-04T03:00;12;kWh;0;16891;0;0;16891;16891
2024-04-04T03:00;2024-04-04T03:15;13;kWh;0;32493;0;0;32493;32493
2024-04-04T03:15;2024-04-04T03:30;14;kWh;0;24410;0;0;24410;24410
2024-04-04T03:30;2024-04-04T03:45;15;kWh;0;32409;0;0;32409;32409
2024-04-04T03:45;2024-04-04T04:00;16;kWh;0;32690;0;0;32690;32690
2024-04-04T04:00;2024-04-04T04:15;17;kWh;0;25434;0;0;25434;25434
2024-04-04T04:15;2024-04-04T04:30;18;kWh;0;25546;0;0;25546;25546
2024-04-04T04:30;2024-04-04T04:45;19;kWh;0;19181;0;0;19181;19181
2024-04-04T04:45;2024-04-04T05:00;20;kWh;0;34439;0;0;34439;34439
2024-04-04T05:00;2024-04-04T05:15;21;kWh;0;10526;0;0;10526;10526
2024-04-04T05:15;2024-04-04T05:30;22;kWh;0;42369;0;0;42369;42369
2024-04-04T05:30;2024-04-04T05:45;23;kWh;0;38951;0;0;38951;38951
2024-04-04T05:45;2024-04-04T06:00;24;kWh;0;27582;0;0;27582;27582
2024-04-04T06:00;2024-04-04T06:15;25;kWh;-2774;1;0;0;2775;-2773
2024-04-04T06:15;2024-04-04T06:30;26;kWh;-593;0;0;0;593;-593
2024-04-04T06:30;2024-04-04T06:45;27;kWh;0;16509;0;0;16509;16509
2024-04-04T06:45;2024-04-04T07:00;28;kWh;0;14997;0;0;14997;14997
2024-04-04T07:00;2024-04-04T07:15;29;kWh;-709;1;0;0;710;-708
2024-04-04T07:15;2024-04-04T07:30;30;kWh;0;3644;0;0;3644;3644
2024-04-04T07:30;2024-04-04T07:45;31;kWh;0;18629;0;0;18629;18629
2024-04-04T07:45;2024-04-04T08:00;32;kWh;-1888;7432;0;0;9320;5544
2024-04-04T08:00;2024-04-04T08:15;33;kWh;-8634;10126;0;0;18760;1492
2024-04-04T08:15;2024-04-04T08:30;34;kWh;0;9937;0;0;9937;9937
2024-04-04T08:30;2024-04-04T08:45;35;kWh;0;1253;0;0;1253;1253
2024-04-04T08:45;2024-04-04T09:00;36;kWh;0;7961;0;0;7961;7961
2024-04-04T09:00;2024-04-04T09:15;37;kWh;0;51376;0;0;51376;51376
2024-04-04T09:15;2024-04-04T09:30;38;kWh;0;23635;0;0;23635;23635
2024-04-04T09:30;2024-04-04T09:45;39;kWh;0;36399;0;0;36399;36399
2024-04-04T09:45;2024-04-04T10:00;40;kWh;0;19457;0;0;19457;19457
2024-04-04T10:00;2024-04-04T10:15;41;kWh;0;29623;0;0;29623;29623
2024-04-04T10:15;2024-04-04T10:30;42;kWh;0;24470;0;0;24470;24470
2024-04-04T10:30;2024-04-04T10:45;43;kWh;-510;1886;0;0;2396;1376
2024-04-04T10:45;2024-04-04T11:00;44;kWh;-1424;0;0;0;1424;-1424
2024-04-04T11:00;2024-04-04T11:15;45;kWh;-582;980;0;0;1562;398
2024-04-04T11:15;2024-04-04T11:30;46;kWh;-8396;0;0;0;8396;-8396
2024-04-04T11:30;2024-04-04T11:45;47;kWh;-33109;0;0;0;33109;-33109
2024-04-04T11:45;2024-04-04T12:00;48;kWh;-48239;0;0;0;48239;-48239
2024-04-04T12:00;2024-04-04T12:15;49;kWh;-63442;295;0;0;63737;-63147
2024-04-04T12:15;2024-04-04T12:30;50;kWh;-38032;0;0;0;38032;-38032
2024-04-04T12:30;2024-04-04T12:45;51;kWh;-64164;0;0;0;64164;-64164
2024-04-04T12:45;2024-04-04T13:00;52;kWh;-63756;0;0;0;63756;-63756
2024-04-04T13:00;2024-04-04T13:15;53;kWh;-12072;0;0;0;12072;-12072
2024-04-04T13:15;2024-04-04T13:30;54;kWh;-15460;0;0;0;15460;-15460
2024-04-04T13:30;2024-04-04T13:45;55;kWh;-14944;1528;0;0;16472;-13416
2024-04-04T13:45;2024-04-04T14:00;56;kWh;-93602;351;0;0;93953;-93251
2024-04-04T14:00;2024-04-04T14:15;57;kWh;-39091;1951;0;0;41042;-37140
2024-04-04T14:15;2024-04-04T14:30;58;kWh;-41896;1148;0;0;43044;-40748
2024-04-04T14:30;2024-04-04T14:45;59;kWh;-11407;522;0;0;11929;-10885
2024-04-04T14:45;2024-04-04T15:00;60;kWh;-10032;5907;0;0;15939;-4125
2024-04-04T15:00;2024-04-04T15:15;61;kWh;-26584;305;0;0;26889;-26279
2024-04-04T15:15;2024-04-04T15:30;62;kWh;-9428;0;0;0;9428;-9428
2024-04-04T15:30;2024-04-04T15:45;63;kWh;-12787;1136;0;0;13923;-11651
2024-04-04T15:45;2024-04-04T16:00;64;kWh;0;17580;0;0;17580;17580
2024-04-04T16:00;2024-04-04T16:15;65;kWh;-12214;778;0;0;12992;-11436
2024-04-04T16:15;2024-04-04T16:30;66;kWh;-8310;644;0;0;8954;-7666
2024-04-04T16:30;2024-04-04T16:45;67;kWh;-18042;10097;0;0;28139;-7945
2024-04-04T16:45;2024-04-04T17:00;68;kWh;-13999;11766;0;0;25765;-2233
2024-04-04T17:00;2024-04-04T17:15;69;kWh;-15246;1413;0;0;16659;-13833
2024-04-04T17:15;2024-04-04T17:30;70;kWh;-15031;1960;0;0;16991;-13071
2024-04-04T17:30;2024-04-04T17:45;71;kWh;-5442;0;0;0;5442;-5442
2024-04-04T17:45;2024-04-04T18:00;72;kWh;-7212;0;0;0;7212;-7212
2024-04-04T18:00;2024-04-04T18:15;73;kWh;-15177;195;0;0;15372;-14982
2024-04-04T18:15;2024-04-04T18:30;74;kWh;-5395;3440;0;0;8835;-1955
2024-04-04T18:30;2024-04-04T18:45;75;kWh;0;9055;0;0;9055;9055
2024-04-04T18:45;2024-04-04T19:00;76;kWh;0;13066;0;0;13066;13066
2024-04-04T19:00;2024-04-04T19:15;77;kWh;0;10553;0;0;10553;10553
2024-04-04T19:15;2024-04-04T19:30;78;kWh;-1189;0;0;0;1189;-1189
2024-04-04T19:30;2024-04-04T19:45;79;kWh;-791;0;0;0;791;-791
2024-04-04T19:45;2024-04-04T20:00;80;kWh;0;0;0;0;0;0
2024-04-04T20:00;2024-04-04T20:15;81;kWh;-1085;0;0;0;1085;-1085
2024-04-04T20:15;2024-04-04T20:30;82;kWh;-13529;0;0;0;13529;-13529
2024-04-04T20:30;2024-04-04T20:45;83;kWh;-21628;0;0;0;21628;-21628
2024-04-04T20:45;2024-04-04T21:00;84;kWh;-16096;0;0;0;16096;-16096
2024-04-04T21:00;2024-04-04T21:15;85;kWh;-5768;7309;0;0;13077;1541
2024-04-04T21:15;2024-04-04T21:30;86;kWh;-1156;2357;0;0;3513;1201
2024-04-04T21:30;2024-04-04T21:45;87;kWh;-9221;0;0;0;9221;-9221
2024-04-04T21:45;2024-04-04T22:00;88;kWh;-33494;0;0;0;33494;-33494
2024-04-04T22:00;2024-04-04T22:15;89;kWh;-10722;12707;0;0;23429;1985
2024-04-04T22:15;2024-04-04T22:30;90;kWh;-15460;5856;0;0;21316;-9604
2024-04-04T22:30;2024-04-04T22:45;91;kWh;-6544;0;0;0;6544;-6544
2024-04-04T22:45;2024-04-04T23:00;92;kWh;-12827;1111;0;0;13938;-11716
2024-04-04T23:00;2024-04-04T23:15;93;kWh;-15059;541;0;0;15600;-14518
2024-04-04T23:15;2024-04-04T23:30;94;kWh;-1981;0;0;0;1981;-1981
2024-04-04T23:30;2024-04-04T23:45;95;kWh;-10025;0;0;0;10025;-10025
2024-04-04T23:45;2024-04-05T00:00;96;kWh;0;0;0;0;0;0
2024-04-05T00:00;2024-04-05T00:15;1;kWh;0;18495;0;0;18495;18495
2024-04-05T00:15;2024-04-05T00:30;2;kWh;0;48423;0;0;48423;48423
2024-04-05T00:30;2024-04-05T00:45;3;kWh;0;48155;0;0;48155;48155
2024-04-05T00:45;2024-04-05T01:00;4;kWh;0;20789;0;0;20789;20789
2024-04-05T01:00;2024-04-05T01:15;5;kWh;0;16270;0;0;16270;16270
2024-04-05T01:15;2024-04-05T01:30;6;kWh;0;36623;0;0;36623;36623
2024-04-05T01:30;2024-04-05T01:45;7;kWh;0;28486;0;0;28486;28486
2024-04-05T01:45;2024-04-05T02:00;8;kWh;0;5904;0;0;5904;5904
2024-04-05T02:00;2024-04-05T02:15;9;kWh;0;725;0;0;725;725
2024-04-05T02:15;2024-04-05T02:30;10;kWh;0;3605;0;0;3605;3605
2024-04-05T02:30;2024-04-05T02:45;11;kWh;0;1011;0;0;1011;1011
2024-04-05T02:45;2024-04-05T03:00;12;kWh;-1191;0;0;0;1191;-1191
2024-04-05T03:00;2024-04-05T03:15;13;kWh;-9233;1763;0;0;10996;-7470
2024-04-05T03:15;2024-04-05T03:30;14;kWh;-4875;83;0;0;4958;-4792
2024-04-05T03:30;2024-04-05T03:45;15;kWh;-4179;1851;0;0;6030;-2328
2024-04-05T03:45;2024-04-05T04:00;16;kWh;-6094;111;0;0;6205;-5983
2024-04-05T04:00;2024-04-05T04:15;17;kWh;0;326;0;0;326;326
2024-04-05T04:15;2024-04-05T04:30;18;kWh;0;490;0;0;490;490
2024-04-05T04:30;2024-04-05T04:45;19;kWh;0;1363;0;0;1363;1363
2024-04-05T04:45;2024-04-05T05:00;20;kWh;0;371;0;0;371;371
2024-04-05T05:00;2024-04-05T05:15;21;kWh;0;1108;0;0;1108;1108
2024-04-05T05:15;2024-04-05T05:30;22;kWh;0;1304;0;0;1304;1304
2024-04-05T05:30;2024-04-05T05:45;23;kWh;0;5875;0;0;5875;5875
2024-04-05T05:45;2024-04-05T06:00;24;kWh;0;16390;0;0;16390;16390
2024-04-05T06:00;2024-04-05T06:15;25;kWh;0;8989;0;0;8989;8989
2024-04-05T06:15;2024-04-05T06:30;26;kWh;0;15045;0;0;15045;15045
2024-04-05T06:30;2024-04-05T06:45;27;kWh;0;40782;0;0;40782;40782
2024-04-05T06:45;2024-04-05T07:00;28;kWh;0;43963;0;0;43963;43963
2024-04-05T07:00;2024-04-05T07:15;29;kWh;0;9583;0;0;9583;9583
2024-04-05T07:15;2024-04-05T07:30;30;kWh;0;23786;0;0;23786;23786
2024-04-05T07:30;2024-04-05T07:45;31;kWh;0;57618;0;0;57618;57618
2024-04-05T07:45;2024-04-05T08:00;32;kWh;0;35753;0;0;35753;35753
2024-04-05T08:00;2024-04-05T08:15;33;kWh;0;6891;0;0;6891;6891
2024-04-05T08:15;2024-04-05T08:30;34;kWh;-153;194;0;0;347;41
2024-04-05T08:30;2024-04-05T08:45;35;kWh;-6554;0;0;0;6554;-6554
2024-04-05T08:45;2024-04-05T09:00;36;kWh;-9552;110;0;0;9662;-9442
2024-04-05T09:00;2024-04-05T09:15;37;kWh;0;1222;0;0;1222;1222
2024-04-05T09:15;2024-04-05T09:30;38;kWh;0;38375;0;0;38375;38375
2024-04-05T09:30;2024-04-05T09:45;39;kWh;0;39792;0;0;39792;39792
2024-04-05T09:45;2024-04-05T10:00;40;kWh;0;20957;0;0;20957;20957
2024-04-05T10:00;2024-04-05T10:15;41;kWh;0;87291;0;0;87291;87291
2024-04-05T10:15;2024-04-05T10:30;42;kWh;0;85177;0;0;85177;85177
2024-04-05T10:30;2024-04-05T10:45;43;kWh;0;89108;0;0;89108;89108
2024-04-05T10:45;2024-04-05T11:00;44;kWh;0;95189;0;0;95189;95189
2024-04-05T11:00;2024-04-05T11:15;45;kWh;0;63785;0;0;63785;63785
2024-04-05T11:15;2024-04-05T11:30;46;kWh;0;18296;0;0;18296;18296
2024-04-05T11:30;2024-04-05T11:45;47;kWh;-2025;9501;0;0;11526;7476
2024-04-05T11:45;2024-04-05T12:00;48;kWh;-1752;6835;0;0;8587;5083
2024-04-05T12:00;2024-04-05T12:15;49;kWh;-6240;0;0;0;6240;-6240
2024-04-05T12:15;2024-04-05T12:30;50;kWh;-4668;0;0;0;4668;-4668
2024-04-05T12:30;2024-04-05T12:45;51;kWh;-2180;0;0;0;2180;-2180
2024-04-05T12:45;2024-04-05T13:00;52;kWh;-3971;0;0;0;3971;-3971
2024-04-05T13:00;2024-04-05T13:15;53;kWh;-29;77603;0;0;77632;77574
2024-04-05T13:15;2024-04-05T13:30;54;kWh;0;27662;0;0;27662;27662
2024-04-05T13:30;2024-04-05T13:45;55;kWh;0;203;0;0;203;203
2024-04-05T13:45;2024-04-05T14:00;56;kWh;-2667;856;0;0;3523;-1811
2024-04-05T14:00;2024-04-05T14:15;57;kWh;0;9558;0;0;9558;9558
2024-04-05T14:15;2024-04-05T14:30;58;kWh;-6485;0;0;0;6485;-6485
2024-04-05T14:30;2024-04-05T14:45;59;kWh;-4860;0;0;0;4860;-4860
2024-04-05T14:45;2024-04-05T15:00;60;kWh;-14418;0;0;0;14418;-14418
2024-04-05T15:00;2024-04-05T15:15;61;kWh;-8075;838;0;0;8913;-7237
2024-04-05T15:15;2024-04-05T15:30;62;kWh;-12669;898;0;0;13567;-11771
2024-04-05T15:30;2024-04-05T15:45;63;kWh;-25170;3;0;0;25173;-25167
2024-04-05T15:45;2024-04-05T16:00;64;kWh;-60028;85;0;0;60113;-59943
2024-04-05T16:00;2024-04-05T16:15;65;kWh;-17034;0;0;0;17034;-17034
2024-04-05T16:15;2024-04-05T16:30;66;kWh;-8887;284;0;0;9171;-8603
2024-04-05T16:30;2024-04-05T16:45;67;kWh;-22303;1659;0;0;23962;-20644
2024-04-05T16:45;2024-04-05T17:00;68;kWh;0;3008;0;0;3008;3008
2024-04-05T17:00;2024-04-05T17:15;69;kWh;-11211;1554;0;0;12765;-9657
2024-04-05T17:15;2024-04-05T17:30;70;kWh;0;10746;0;0;10746;10746
2024-04-05T17:30;2024-04-05T17:45;71;kWh;0;19962;0;0;19962;19962
2024-04-05T17:45;2024-04-05T18:00;72;kWh;0;28328;0;0;28328;28328
2024-04-05T18:00;2024-04-05T18:15;73;kWh;-13888;2009;0;0;15897;-11879
2024-04-05T18:15;2024-04-05T18:30;74;kWh;-6;565;0;0;571;559
2024-04-05T18:30;2024-04-05T18:45;75;kWh;0;11084;0;0;11084;11084
2024-04-05T18:45;2024-04-05T19:00;76;kWh;0;68479;0;0;68479;68479
2024-04-05T19:00;2024-04-05T19:15;77;kWh;-2663;3274;0;0;5937;611
2024-04-05T19:15;2024-04-05T19:30;78;kWh;-5097;0;0;0;5097;-5097
2024-04-05T19:30;2024-04-05T19:45;79;kWh;-2464;3079;0;0;5543;615
2024-04-05T19:45;2024-04-05T20:00;80;kWh;0;3915;0;0;3915;3915
2024-04-05T20:00;2024-04-05T20:15;81;kWh;0;162;0;0;162;162
2024-04-05T20:15;2024-04-05T20:30;82;kWh;0;1186;0;0;1186;1186
2024-04-05T20:30;2024-04-05T20:45;83;kWh;0;8997;0;0;8997;8997
2024-04-05T20:45;2024-04-05T21:00;84;kWh;0;27010;0;0;27010;27010
2024-04-05T21:00;2024-04-05T21:15;85;kWh;0;35979;0;0;35979;35979
2024-04-05T21:15;2024-04-05T21:30;86;kWh;0;23674;0;0;23674;23674
2024-04-05T21:30;2024-04-05T21:45;87;kWh;0;14798;0;0;14798;14798
2024-04-05T21:45;2024-04-05T22:00;88;kWh;0;6768;0;0;6768;6768
2024-04-05T22:00;2024-04-05T22:15;89;kWh;0;1083;0;0;1083;1083
2024-04-05T22:15;2024-04-05T22:30;90;kWh;0;16092;0;0;16092;16092
2024-04-05T22:30;2024-04-05T22:45;91;kWh;0;37937;0;0;37937;37937
2024-04-05T22:45;2024-04-05T23:00;92;kWh;0;48137;0;0;48137;48137
2024-04-05T23:00;2024-04-05T23:15;93;kWh;0;78177;0;0;78177;78177
2024-04-05T23:15;2024-04-05T23:30;94;kWh;0;63174;0;0;63174;63174
2024-04-05T23:30;2024-04-05T23:45;95;kWh;0;68138;0;0;68138;68138
2024-04-05T23:45;2024-04-06T00:00;96;kWh;-38;40466;0;0;40504;40428
2024-04-06T00:00;2024-04-06T00:15;1;kWh;-98;0;0;0;98;-98
2024-04-06T00:15;2024-04-06T00:30;2;kWh;0;0;0;0;0;0
2024-04-06T00:30;2024-04-06T00:45;3;kWh;0;0;0;0;0;0
2024-04-06T00:45;2024-04-06T01:00;4;kWh;-4614;0;0;0;4614;-4614
2024-04-06T01:00;2024-04-06T01:15;5;kWh;-5354;0;0;0;5354;-5354
2024-04-06T01:15;2024-04-06T01:30;6;kWh;-22470;0;0;0;22470;-22470
2024-04-06T01:30;2024-04-06T01:45;7;kWh;-25404;0;0;0;25404;-25404
2024-04-06T01:45;2024-04-06T02:00;8;kWh;-11021;0;0;0;11021;-11021
2024-04-06T02:00;2024-04-06T02:15;9;kWh;-6607;0;0;0;6607;-6607
2024-04-06T02:15;2024-04-06T02:30;10;kWh;-751;0;0;0;751;-751
2024-04-06T02:30;2024-04-06T02:45;11;kWh;0;9608;0;0;9608;9608
2024-04-06T02:45;2024-04-06T03:00;12;kWh;0;23225;0;0;23225;23225
2024-04-06T03:00;2024-04-06T03:15;13;kWh;0;73254;0;0;73254;73254
2024-04-06T03:15;2024-04-06T03:30;14;kWh;0;88994;0;0;88994;88994
2024-04-06T03:30;2024-04-06T03:45;15;kWh;0;91671;0;0;91671;91671
2024-04-06T03:45;2024-04-06T04:00;16;kWh;0;75997;0;0;75997;75997
2024-04-06T04:00;2024-04-06T04:15;17;kWh;0;31839;0;0;31839;31839
2024-04-06T04:15;2024-04-06T04:30;18;kWh;0;8216;0;0;8216;8216
2024-04-06T04:30;2024-04-06T04:45;19;kWh;-569;0;0;0;569;-569
2024-04-06T04:45;2024-04-06T05:00;20;kWh;-11328;0;0;0;11328;-11328
2024-04-06T05:00;2024-04-06T05:15;21;kWh;-3883;0;0;0;3883;-3883
2024-04-06T05:15;2024-04-06T05:30;22;kWh;-15352;0;0;0;15352;-15352
2024-04-06T05:30;2024-04-06T05:45;23;kWh;-24749;0;0;0;24749;-24749
2024-04-06T05:45;2024-04-06T06:00;24;kWh;-43427;0;0;0;43427;-43427
2024-04-06T06:00;2024-04-06T06:15;25;kWh;-31034;0;0;0;31034;-31034
2024-04-06T06:15;2024-04-06T06:30;26;kWh;-41790;0;0;0;41790;-41790
2024-04-06T06:30;2024-04-06T06:45;27;kWh;-50166;0;0;0;50166;-50166
2024-04-06T06:45;2024-04-06T07:00;28;kWh;-47109;0;0;0;47109;-47109
2024-04-06T07:00;2024-04-06T07:15;29;kWh;-230;0;0;0;230;-230
2024-04-06T07:15;2024-04-06T07:30;30;kWh;-3625;0;0;0;3625;-3625
2024-04-06T07:30;2024-04-06T07:45;31;kWh;-13566;0;0;0;13566;-13566
2024-04-06T07:45;2024-04-06T08:00;32;kWh;-28239;0;0;0;28239;-28239
2024-04-06T08:00;2024-04-06T08:15;33;kWh;-307;0;0;0;307;-307
2024-04-06T08:15;2024-04-06T08:30;34;kWh;-5207;0;0;0;5207;-5207
2024-04-06T08:30;2024-04-06T08:45;35;kWh;-21575;0;0;0;21575;-21575
2024-04-06T08:45;2024-04-06T09:00;36;kWh;-21759;0;0;0;21759;-21759
2024-04-06T09:00;2024-04-06T09:15;37;kWh;-4111;0;0;0;4111;-4111
2024-04-06T09:15;2024-04-06T09:30;38;kWh;-34025;0;0;0;34025;-34025
2024-04-06T09:30;2024-04-06T09:45;39;kWh;-48341;0;0;0;48341;-48341
2024-04-06T09:45;2024-04-06T10:00;40;kWh;-13385;351;0;0;13736;-13034
2024-04-06T10:00;2024-04-06T10:15;41;kWh;-5497;1421;0;0;6918;-4076
2024-04-06T10:15;2024-04-06T10:30;42;kWh;-274;11935;0;0;12209;11661
2024-04-06T10:30;2024-04-06T10:45;43;kWh;-709;0;0;0;709;-709
2024-04-06T10:45;2024-04-06T11:00;44;kWh;-12768;0;0;0;12768;-12768
2024-04-06T11:00;2024-04-06T11:15;45;kWh;-2178;53360;0;0;55538;51182
2024-04-06T11:15;2024-04-06T11:30;46;kWh;0;81542;0;0;81542;81542
2024-04-06T11:30;2024-04-06T11:45;47;kWh;-237;29858;0;0;30095;29621
2024-04-06T11:45;2024-04-06T12:00;48;kWh;-618;15275;0;0;15893;14657
2024-04-06T12:00;2024-04-06T12:15;49;kWh;0;10999;0;0;10999;10999
2024-04-06T12:15;2024-04-06T12:30;50;kWh;0;0;0;0;0;0
2024-04-06T12:30;2024-04-06T12:45;51;kWh;-3252;0;0;0;3252;-3252
2024-04-06T12:45;2024-04-06T13:00;52;kWh;-12524;0;0;0;12524;-12524
2024-04-06T13:00;2024-04-06T13:15;53;kWh;-10844;147;0;0;10991;-10697
2024-04-06T13:15;2024-04-06T13:30;54;kWh;-32316;1868;0;0;34184;-30448
2024-04-06T13:30;2024-04-06T13:45;55;kWh;-13019;0;0;0;13019;-13019
2024-04-06T13:45;2024-04-06T14:00;56;kWh;-5978;0;0;0;5978;-5978
2024-04-06T14:00;2024-04-06T14:15;57;kWh;-12783;0;0;0;12783;-12783
2024-04-06T14:15;2024-04-06T14:30;58;kWh;-708;4912;0;0;5620;4204
2024-04-06T14:30;2024-04-06T14:45;59;kWh;0;6251;0;0;6251;6251
2024-04-06T14:45;2024-04-06T15:00;60;kWh;0;606;0;0;606;606
2024-04-06T15:00;2024-04-06T15:15;61;kWh;-34101;0;0;0;34101;-34101
2024-04-06T15:15;2024-04-06T15:30;62;kWh;-25003;94;0;0;25097;-24909
2024-04-06T15:30;2024-04-06T15:45;63;kWh;-31264;0;0;0;31264;-31264
2024-04-06T15:45;2024-04-06T16:00;64;kWh;-17344;0;0;0;17344;-17344
2024-04-06T16:00;2024-04-06T16:15;65;kWh;-46253;89;0;0;46342;-46164
2024-04-06T16:15;2024-04-06T16:30;66;kWh;-89018;120;0;0;89138;-88898
2024-04-06T16:30;2024-04-06T16:45;67;kWh;-33398;251;0;0;33649;-33147
2024-04-06T16:45;2024-04-06T17:00;68;kWh;-260;783;0;0;1043;523
2024-04-06T17:00;2024-04-06T17:15;69;kWh;-43239;1;0;0;43240;-43238
2024-04-06T17:15;2024-04-06T17:30;70;kWh;-35168;65;0;0;35233;-35103
2024-04-06T17:30;2024-04-06T17:45;71;kWh;-13527;0;0;0;13527;-13527
2024-04-06T17:45;2024-04-06T18:00;72;kWh;-140;0;0;0;140;-140
2024-04-06T18:00;2024-04-06T18:15;73;kWh;-32953;0;0;0;32953;-32953
2024-04-06T18:15;2024-04-06T18:30;74;kWh;-16670;0;0;0;16670;-16670
2024-04-06T18:30;2024-04-06T18:45;75;kWh;-267;0;0;0;267;-267
2024-04-06T18:45;2024-04-06T19:00;76;kWh;-9910;0;0;0;9910;-9910
2024-04-06T19:00;2024-04-06T19:15;77;kWh;-50539;0;0;0;50539;-50539
2024-04-06T19:15;2024-04-06T19:30;78;kWh;-27560;0;0;0;27560;-27560
2024-04-06T19:30;2024-04-06T19:45;79;kWh;-9779;0;0;0;9779;-9779
2024-04-06T19:45;2024-04-06T20:00;80;kWh;0;0;0;0;0;0
2024-04-06T20:00;2024-04-06T20:15;81;kWh;0;0;0;0;0;0
2024-04-06T20:15;2024-04-06T20:30;82;kWh;-2059;0;0;0;2059;-2059
2024-04-06T20:30;2024-04-06T20:45;83;kWh;-12188;0;0;0;12188;-12188
2024-04-06T20:45;2024-04-06T21:00;84;kWh;-33255;0;0;0;33255;-33255
2024-04-06T21:00;2024-04-06T21:15;85;kWh;-5550;0;0;0;5550;-5550
2024-04-06T21:15;2024-04-06T21:30;86;kWh;-23002;0;0;0;23002;-23002
2024-04-06T21:30;2024-04-06T21:45;87;kWh;-31821;0;0;0;31821;-31821
2024-04-06T21:45;2024-04-06T22:00;88;kWh;-27296;0;0;0;27296;-27296
2024-04-06T22:00;2024-04-06T22:15;89;kWh;-12738;0;0;0;12738;-12738
2024-04-06T22:15;2024-04-06T22:30;90;kWh;-12574;0;0;0;12574;-12574
2024-04-06T22:30;2024-04-06T22:45;91;kWh;-3739;0;0;0;3739;-3739
2024-04-06T22:45;2024-04-06T23:00;92;kWh;-13609;0;0;0;13609;-13609
2024-04-06T23:00;2024-04-06T23:15;93;kWh;-11683;0;0;0;11683;-11683
2024-04-06T23:15;2024-04-06T23:30;94;kWh;-21490;0;0;0;21490;-21490
2024-04-06T23:30;2024-04-06T23:45;95;kWh;-10211;0;0;0;10211;-10211
2024-04-06T23:45;2024-04-07T00:00;96;kWh;-12987;0;0;0;12987;-12987
2024-04-07T00:00;2024-04-07T00:15;1;kWh;-2720;3990;0;0;6710;1270
2024-04-07T00:15;2024-04-07T00:30;2;kWh;0;23408;0;0;23408;23408
2024-04-07T00:30;2024-04-07T00:45;3;kWh;0;549;0;0;549;549
2024-04-07T00:45;2024-04-07T01:00;4;kWh;0;0;0;0;0;0
2024-04-07T01:00;2024-04-07T01:15;5;kWh;-2705;0;0;0;2705;-2705
2024-04-07T01:15;2024-04-07T01:30;6;kWh;-14553;0;0;0;14553;-14553
2024-04-07T01:30;2024-04-07T01:45;7;kWh;-18899;0;0;0;18899;-18899
2024-04-07T01:45;2024-04-07T02:00;8;kWh;-22278;0;0;0;22278;-22278
2024-04-07T02:00;2024-04-07T02:15;9;kWh;-13259;0;0;0;13259;-13259
2024-04-07T02:15;2024-04-07T02:30;10;kWh;-21977;0;0;0;21977;-21977
2024-04-07T02:30;2024-04-07T02:45;11;kWh;-21525;0;0;0;21525;-21525
2024-04-07T02:45;2024-04-07T03:00;12;kWh;-19384;0;0;0;19384;-19384
2024-04-07T03:00;2024-04-07T03:15;13;kWh;-5514;0;0;0;5514;-5514
2024-04-07T03:15;2024-04-07T03:30;14;kWh;-7662;0;0;0;7662;-7662
2024-04-07T03:30;2024-04-07T03:45;15;kWh;-15188;0;0;0;15188;-15188
2024-04-07T03:45;2024-04-07T04:00;16;kWh;-13052;0;0;0;13052;-13052
2024-04-07T04:00;2024-04-07T04:15;17;kWh;-19450;0;0;0;19450;-19450
2024-04-07T04:15;2024-04-07T04:30;18;kWh;-19827;0;0;0;19827;-19827
2024-04-07T04:30;2024-04-07T04:45;19;kWh;-14447;0;0;0;14447;-14447
2024-04-07T04:45;2024-04-07T05:00;20;kWh;-20697;0;0;0;20697;-20697
2024-04-07T05:00;2024-04-07T05:15;21;kWh;-12451;0;0;0;12451;-12451
2024-04-07T05:15;2024-04-07T05:30;22;kWh;-22488;0;0;0;22488;-22488
2024-04-07T05:30;2024-04-07T05:45;23;kWh;-19637;0;0;0;19637;-19637
2024-04-07T05:45;2024-04-07T06:00;24;kWh;-16569;0;0;0;16569;-16569
2024-04-07T06:00;2024-04-07T06:15;25;kWh;-10656;0;0;0;10656;-10656
2024-04-07T06:15;2024-04-07T06:30;26;kWh;-12552;0;0;0;12552;-12552
2024-04-07T06:30;2024-04-07T06:45;27;kWh;-12212;0;0;0;12212;-12212
2024-04-07T06:45;2024-04-07T07:00;28;kWh;-11974;0;0;0;11974;-11974
2024-04-07T07:00;2024-04-07T07:15;29;kWh;-18867;0;0;0;18867;-18867
2024-04-07T07:15;2024-04-07T07:30;30;kWh;-17000;0;0;0;17000;-17000
2024-04-07T07:30;2024-04-07T07:45;31;kWh;-13647;0;0;0;13647;-13647
2024-04-07T07:45;2024-04-07T08:00;32;kWh;-22723;0;0;0;22723;-22723
2024-04-07T08:00;2024-04-07T08:15;33;kWh;-6305;0;0;0;6305;-6305
2024-04-07T08:15;2024-04-07T08:30;34;kWh;-1166;0;0;0;1166;-1166
2024-04-07T08:30;2024-04-07T08:45;35;kWh;-13576;0;0;0;13576;-13576
2024-04-07T08:45;2024-04-07T09:00;36;kWh;-32782;0;0;0;32782;-32782
2024-04-07T09:00;2024-04-07T09:15;37;kWh;-7022;0;0;0;7022;-7022
2024-04-07T09:15;2024-04-07T09:30;38;kWh;-18778;0;0;0;18778;-18778
2024-04-07T09:30;2024-04-07T09:45;39;kWh;-21842;0;0;0;21842;-21842
2024-04-07T09:45;2024-04-07T10:00;40;kWh;-33317;0;0;0;33317;-33317
2024-04-07T10:00;2024-04-07T10:15;41;kWh;-28450;0;0;0;28450;-28450
2024-04-07T10:15;2024-04-07T10:30;42;kWh;-29940;0;0;0;29940;-29940
2024-04-07T10:30;2024-04-07T10:45;43;kWh;-37466;0;0;0;37466;-37466
2024-04-07T10:45;2024-04-07T11:00;44;kWh;-51224;0;0;0;51224;-51224
2024-04-07T11:00;2024-04-07T11:15;45;kWh;-22757;0;0;0;22757;-22757
2024-04-07T11:15;2024-04-07T11:30;46;kWh;-23846;0;0;0;23846;-23846
2024-04-07T11:30;2024-04-07T11:45;47;kWh;-23081;0;0;0;23081;-23081
2024-04-07T11:45;2024-04-07T12:00;48;kWh;-21122;0;0;0;21122;-21122
2024-04-07T12:00;2024-04-07T12:15;49;kWh;-60311;0;0;0;60311;-60311
2024-04-07T12:15;2024-04-07T12:30;50;kWh;-71982;0;0;0;71982;-71982
2024-04-07T12:30;2024-04-07T12:45;51;kWh;-155882;0;0;0;155882;-155882
2024-04-07T12:45;2024-04-07T13:00;52;kWh;-161547;0;0;0;161547;-161547
2024-04-07T13:00;2024-04-07T13:15;53;kWh;-147941;0;0;0;147941;-147941
2024-04-07T13:15;2024-04-07T13:30;54;kWh;-145251;0;0;0;145251;-145251
2024-04-07T13:30;2024-04-07T13:45;55;kWh;-145251;0;0;0;145251;-145251
2024-04-07T13:45;2024-04-07T14:00;56;kWh;-145251;0;0;0;145251;-145251
2024-04-07T14:00;2024-04-07T14:15;57;kWh;-159775;0;-12242;0;172017;-172017
2024-04-07T14:15;2024-04-07T14:30;58;kWh;-149833;0;-80699;0;230532;-230532
2024-04-07T14:30;2024-04-07T14:45;59;kWh;-157422;0;-93843;0;251265;-251265
2024-04-07T14:45;2024-04-07T15:00;60;kWh;-81031;0;-93843;0;174874;-174874
2024-04-07T15:00;2024-04-07T15:15;61;kWh;-60538;28;-89158;0;149724;-149668
2024-04-07T15:15;2024-04-07T15:30;62;kWh;-2922;0;-75364;0;78286;-78286
2024-04-07T15:30;2024-04-07T15:45;63;kWh;-783;0;-53367;0;54150;-54150
2024-04-07T15:45;2024-04-07T16:00;64;kWh;-11833;708;-9023;0;21564;-20148
2024-04-07T16:00;2024-04-07T16:15;65;kWh;-35884;126;0;0;36010;-35758
2024-04-07T16:15;2024-04-07T16:30;66;kWh;-23076;78;0;0;23154;-22998
2024-04-07T16:30;2024-04-07T16:45;67;kWh;-15042;94;0;0;15136;-14948
2024-04-07T16:45;2024-04-07T17:00;68;kWh;-3990;0;0;0;3990;-3990
2024-04-07T17:00;2024-04-07T17:15;69;kWh;-38845;0;0;0;38845;-38845
2024-04-07T17:15;2024-04-07T17:30;70;kWh;-636;6551;0;0;7187;5915
2024-04-07T17:30;2024-04-07T17:45;71;kWh;0;60809;0;0;60809;60809
2024-04-07T17:45;2024-04-07T18:00;72;kWh;0;90542;0;0;90542;90542
2024-04-07T18:00;2024-04-07T18:15;73;kWh;-29346;3820;0;0;33166;-25526
2024-04-07T18:15;2024-04-07T18:30;74;kWh;-2653;5246;0;0;7899;2593
2024-04-07T18:30;2024-04-07T18:45;75;kWh;0;42870;0;0;42870;42870
2024-04-07T18:45;2024-04-07T19:00;76;kWh;0;49444;0;0;49444;49444
2024-04-07T19:00;2024-04-07T19:15;77;kWh;-1917;4611;0;0;6528;2694
2024-04-07T19:15;2024-04-07T19:30;78;kWh;-2;27227;0;0;27229;27225
2024-04-07T19:30;2024-04-07T19:45;79;kWh;0;61969;0;0;61969;61969
2024-04-07T19:45;2024-04-07T20:00;80;kWh;0;95393;0;0;95393;95393
2024-04-07T20:00;2024-04-07T20:15;81;kWh;0;24960;0;0;24960;24960
2024-04-07T20:15;2024-04-07T20:30;82;kWh;0;18666;0;0;18666;18666
2024-04-07T20:30;2024-04-07T20:45;83;kWh;-613;2109;0;0;2722;1496
2024-04-07T20:45;2024-04-07T21:00;84;kWh;-17546;0;0;0;17546;-17546
2024-04-07T21:00;2024-04-07T21:15;85;kWh;-18447;0;0;0;18447;-18447
2024-04-07T21:15;2024-04-07T21:30;86;kWh;-23360;0;0;0;23360;-23360
2024-04-07T21:30;2024-04-07T21:45;87;kWh;-41011;0;0;0;41011;-41011
2024-04-07T21:45;2024-04-07T22:00;88;kWh;-42176;0;0;0;42176;-42176
2024-04-07T22:00;2024-04-07T22:15;89;kWh;-46599;0;0;0;46599;-46599
2024-04-07T22:15;2024-04-07T22:30;90;kWh;-18429;0;0;0;18429;-18429
2024-04-07T22:30;2024-04-07T22:45;91;kWh;-20734;0;0;0;20734;-20734
2024-04-07T22:45;2024-04-07T23:00;92;kWh;-19520;0;0;0;19520;-19520
2024-04-07T23:00;2024-04-07T23:15;93;kWh;-8844;0;0;0;8844;-8844
2024-04-07T23:15;2024-04-07T23:30;94;kWh;-11586;0;0;0;11586;-11586
2024-04-07T23:30;2024-04-07T23:45;95;kWh;-2249;0;0;0;2249;-2249
2024-04-07T23:45;2024-04-08T00:00;96;kWh;-5239;0;0;0;5239;-5239
2024-04-08T00:00;2024-04-08T00:15;1;kWh;-4449;590;0;0;5039;-3859
2024-04-08T00:15;2024-04-08T00:30;2;kWh;0;3858;0;0;3858;3858
2024-04-08T00:30;2024-04-08T00:45;3;kWh;0;1733;0;0;1733;1733
2024-04-08T00:45;2024-04-08T01:00;4;kWh;0;42;0;0;42;42
2024-04-08T01:00;2024-04-08T01:15;5;kWh;0;0;0;0;0;0
2024-04-08T01:15;2024-04-08T01:30;6;kWh;0;0;0;0;0;0
2024-04-08T01:30;2024-04-08T01:45;7;kWh;-1906;0;0;0;1906;-1906
2024-04-08T01:45;2024-04-08T02:00;8;kWh;-3165;0;0;0;3165;-3165
2024-04-08T02:00;2024-04-08T02:15;9;kWh;-20;15192;0;0;15212;15172
2024-04-08T02:15;2024-04-08T02:30;10;kWh;0;4128;0;0;4128;4128
2024-04-08T02:30;2024-04-08T02:45;11;kWh;0;6613;0;0;6613;6613
2024-04-08T02:45;2024-04-08T03:00;12;kWh;0;28218;0;0;28218;28218
2024-04-08T03:00;2024-04-08T03:15;13;kWh;0;4015;0;0;4015;4015
2024-04-08T03:15;2024-04-08T03:30;14;kWh;0;7654;0;0;7654;7654
2024-04-08T03:30;2024-04-08T03:45;15;kWh;0;14271;0;0;14271;14271
2024-04-08T03:45;2024-04-08T04:00;16;kWh;0;15604;0;0;15604;15604
2024-04-08T04:00;2024-04-08T04:15;17;kWh;0;10431;0;0;10431;10431
2024-04-08T04:15;2024-04-08T04:30;18;kWh;0;7709;0;0;7709;7709
2024-04-08T04:30;2024-04-08T04:45;19;kWh;0;3414;0;0;3414;3414
2024-04-08T04:45;2024-04-08T05:00;20;kWh;0;0;0;0;0;0
2024-04-08T05:00;2024-04-08T05:15;21;kWh;-403;0;0;0;403;-403
2024-04-08T05:15;2024-04-08T05:30;22;kWh;-12890;0;0;0;12890;-12890
2024-04-08T05:30;2024-04-08T05:45;23;kWh;-9417;0;0;0;9417;-9417
2024-04-08T05:45;2024-04-08T06:00;24;kWh;-13429;0;0;0;13429;-13429
2024-04-08T06:00;2024-04-08T06:15;25;kWh;-19682;0;0;0;19682;-19682
2024-04-08T06:15;2024-04-08T06:30;26;kWh;-3136;0;0;0;3136;-3136
2024-04-08T06:30;2024-04-08T06:45;27;kWh;-1123;0;0;0;1123;-1123
2024-04-08T06:45;2024-04-08T07:00;28;kWh;-774;0;0;0;774;-774
2024-04-08T07:00;2024-04-08T07:15;29;kWh;-2114;0;0;0;2114;-2114
2024-04-08T07:15;2024-04-08T07:30;30;kWh;0;666;0;0;666;666
2024-04-08T07:30;2024-04-08T07:45;31;kWh;0;16907;0;0;16907;16907
2024-04-08T07:45;2024-04-08T08:00;32;kWh;0;6706;0;0;6706;6706
2024-04-08T08:00;2024-04-08T08:15;33;kWh;0;0;0;0;0;0
2024-04-08T08:15;2024-04-08T08:30;34;kWh;0;0;0;0;0;0
2024-04-08T08:30;2024-04-08T08:45;35;kWh;0;15501;0;0;15501;15501
2024-04-08T08:45;2024-04-08T09:00;36;kWh;0;4086;0;0;4086;4086
2024-04-08T09:00;2024-04-08T09:15;37;kWh;0;1751;0;0;1751;1751
2024-04-08T09:15;2024-04-08T09:30;38;kWh;0;18086;0;0;18086;18086
2024-04-08T09:30;2024-04-08T09:45;39;kWh;-58;3176;0;0;3234;3118
2024-04-08T09:45;2024-04-08T10:00;40;kWh;-10193;0;0;0;10193;-10193
2024-04-08T10:00;2024-04-08T10:15;41;kWh;-37466;0;0;0;37466;-37466
2024-04-08T10:15;2024-04-08T10:30;42;kWh;-65484;0;0;0;65484;-65484
2024-04-08T10:30;2024-04-08T10:45;43;kWh;-62612;0;0;0;62612;-62612
2024-04-08T10:45;2024-04-08T11:00;44;kWh;-36311;0;0;0;36311;-36311
2024-04-08T11:00;2024-04-08T11:15;45;kWh;-15261;0;0;0;15261;-15261
2024-04-08T11:15;2024-04-08T11:30;46;kWh;-876;0;0;0;876;-876
2024-04-08T11:30;2024-04-08T11:45;47;kWh;-3494;0;0;0;3494;-3494
2024-04-08T11:45;2024-04-08T12:00;48;kWh;-3720;0;0;0;3720;-3720
2024-04-08T12:00;2024-04-08T12:15;49;kWh;-1117;0;0;0;1117;-1117
2024-04-08T12:15;2024-04-08T12:30;50;kWh;0;833;0;0;833;833
2024-04-08T12:30;2024-04-08T12:45;51;kWh;0;32374;0;0;32374;32374
2024-04-08T12:45;2024-04-08T13:00;52;kWh;0;82387;0;0;82387;82387
2024-04-08T13:00;2024-04-08T13:15;53;kWh;-1793;4154;0;0;5947;2361
2024-04-08T13:15;2024-04-08T13:30;54;kWh;-1;42572;0;0;42573;42571
2024-04-08T13:30;2024-04-08T13:45;55;kWh;0;111037;0;0;111037;111037
2024-04-08T13:45;2024-04-08T14:00;56;kWh;0;116955;0;0;116955;116955
2024-04-08T14:00;2024-04-08T14:15;57;kWh;0;23388;0;0;23388;23388
2024-04-08T14:15;2024-04-08T14:30;58;kWh;0;59065;0;0;59065;59065
2024-04-08T14:30;2024-04-08T14:45;59;kWh;0;58680;0;0;58680;58680
2024-04-08T14:45;2024-04-08T15:00;60;kWh;0;15073;0;0;15073;15073
2024-04-08T15:00;2024-04-08T15:15;61;kWh;0;29143;0;0;29143;29143
2024-04-08T15:15;2024-04-08T15:30;62;kWh;0;10667;0;0;10667;10667
2024-04-08T15:30;2024-04-08T15:45;63;kWh;0;1786;0;0;1786;1786
2024-04-08T15:45;2024-04-08T16:00;64;kWh;-27175;0;0;0;27175;-27175
2024-04-08T16:00;2024-04-08T16:15;65;kWh;-9375;0;0;0;9375;-9375
2024-04-08T16:15;2024-04-08T16:30;66;kWh;-28869;0;0;0;28869;-28869
2024-04-08T16:30;2024-04-08T16:45;67;kWh;-48498;0;0;0;48498;-48498
2024-04-08T16:45;2024-04-08T17:00;68;kWh;-61312;0;0;0;61312;-61312
2024-04-08T17:00;2024-04-08T17:15;69;kWh;-30983;0;0;0;30983;-30983
2024-04-08T17:15;2024-04-08T17:30;70;kWh;-31055;0;0;0;31055;-31055
2024-04-08T17:30;2024-04-08T17:45;71;kWh;-24487;0;0;0;24487;-24487
2024-04-08T17:45;2024-04-08T18:00;72;kWh;-31367;0;0;0;31367;-31367
2024-04-08T18:00;2024-04-08T18:15;73;kWh;-17180;0;0;0;17180;-17180
2024-04-08T18:15;2024-04-08T18:30;74;kWh;-28814;0;0;0;28814;-28814
2024-04-08T18:30;2024-04-08T18:45;75;kWh;-13585;0;0;0;13585;-13585
2024-04-08T18:45;2024-04-08T19:00;76;kWh;0;13770;0;0;13770;13770
2024-04-08T19:00;2024-04-08T19:15;77;kWh;-20295;4398;0;0;24693;-15897
2024-04-08T19:15;2024-04-08T19:30;78;kWh;-5800;0;0;0;5800;-5800
2024-04-08T19:30;2024-04-08T19:45;79;kWh;0;0;0;0;0;0
2024-04-08T19:45;2024-04-08T20:00;80;kWh;0;5803;0;0;5803;5803
2024-04-08T20:00;2024-04-08T20:15;81;kWh;0;2371;0;0;2371;2371
2024-04-08T20:15;2024-04-08T20:30;82;kWh;0;17340;0;0;17340;17340
2024-04-08T20:30;2024-04-08T20:45;83;kWh;0;2094;0;0;2094;2094
2024-04-08T20:45;2024-04-08T21:00;84;kWh;0;0;0;0;0;0
2024-04-08T21:00;2024-04-08T21:15;85;kWh;0;683;0;0;683;683
2024-04-08T21:15;2024-04-08T21:30;86;kWh;-7164;0;0;0;7164;-7164
2024-04-08T21:30;2024-04-08T21:45;87;kWh;-9974;0;0;0;9974;-9974
2024-04-08T21:45;2024-04-08T22:00;88;kWh;-2028;0;0;0;2028;-2028
2024-04-08T22:00;2024-04-08T22:15;89;kWh;-3078;0;0;0;3078;-3078
2024-04-08T22:15;2024-04-08T22:30;90;kWh;-17326;0;0;0;17326;-17326
2024-04-08T22:30;2024-04-08T22:45;91;kWh;-44011;0;0;0;44011;-44011
2024-04-08T22:45;2024-04-08T23:00;92;kWh;-21068;0;0;0;21068;-21068
2024-04-08T23:00;2024-04-08T23:15;93;kWh;-10927;0;0;0;10927;-10927
2024-04-08T23:15;2024-04-08T23:30;94;kWh;-269;0;0;0;269;-269
2024-04-08T23:30;2024-04-08T23:45;95;kWh;0;0;0;0;0;0
2024-04-08T23:45;2024-04-09T00:00;96;kWh;-2125;0;0;0;2125;-2125
2024-04-09T00:00;2024-04-09T00:15;1;kWh;-5558;0;0;0;5558;-5558
2024-04-09T00:15;2024-04-09T00:30;2;kWh;-6529;0;0;0;6529;-6529
2024-04-09T00:30;2024-04-09T00:45;3;kWh;-3056;1316;0;0;4372;-1740
2024-04-09T00:45;2024-04-09T01:00;4;kWh;0;7642;0;0;7642;7642
2024-04-09T01:00;2024-04-09T01:15;5;kWh;0;34853;0;0;34853;34853
2024-04-09T01:15;2024-04-09T01:30;6;kWh;0;56175;0;0;56175;56175
2024-04-09T01:30;2024-04-09T01:45;7;kWh;0;4061;0;0;4061;4061
2024-04-09T01:45;2024-04-09T02:00;8;kWh;-17913;0;0;0;17913;-17913
2024-04-09T02:00;2024-04-09T02:15;9;kWh;-724;0;0;0;724;-724
2024-04-09T02:15;2024-04-09T02:30;10;kWh;-19;0;0;0;19;-19
2024-04-09T02:30;2024-04-09T02:45;11;kWh;-1027;0;0;0;1027;-1027
2024-04-09T02:45;2024-04-09T03:00;12;kWh;-1503;0;0;0;1503;-1503
2024-04-09T03:00;2024-04-09T03:15;13;kWh;-676;0;0;0;676;-676
2024-04-09T03:15;2024-04-09T03:30;14;kWh;-257;0;0;0;257;-257
2024-04-09T03:30;2024-04-09T03:45;15;kWh;-959;0;0;0;959;-959
2024-04-09T03:45;2024-04-09T04:00;16;kWh;-15824;0;0;0;15824;-15824
2024-04-09T04:00;2024-04-09T04:15;17;kWh;-2960;0;0;0;2960;-2960
2024-04-09T04:15;2024-04-09T04:30;18;kWh;-138;0;0;0;138;-138
2024-04-09T04:30;2024-04-09T04:45;19;kWh;0;0;0;0;0;0
2024-04-09T04:45;2024-04-09T05:00;20;kWh;0;0;0;0;0;0
2024-04-09T05:00;2024-04-09T05:15;21;kWh;-16107;0;0;0;16107;-16107
2024-04-09T05:15;2024-04-09T05:30;22;kWh;-7991;0;0;0;7991;-7991
2024-04-09T05:30;2024-04-09T05:45;23;kWh;0;33504;0;0;33504;33504
2024-04-09T05:45;2024-04-09T06:00;24;kWh;-1346;44226;0;0;45572;42880
2024-04-09T06:00;2024-04-09T06:15;25;kWh;-11840;0;0;0;11840;-11840
2024-04-09T06:15;2024-04-09T06:30;26;kWh;-1898;31;0;0;1929;-1867
2024-04-09T06:30;2024-04-09T06:45;27;kWh;0;436;0;0;436;436
2024-04-09T06:45;2024-04-09T07:00;28;kWh;-2158;0;0;0;2158;-2158
2024-04-09T07:00;2024-04-09T07:15;29;kWh;-6141;1045;0;0;7186;-5096
2024-04-09T07:15;2024-04-09T07:30;30;kWh;-308;4071;0;0;4379;3763
2024-04-09T07:30;2024-04-09T07:45;31;kWh;-1390;11372;0;0;12762;9982
2024-04-09T07:45;2024-04-09T08:00;32;kWh;0;24199;0;0;24199;24199
2024-04-09T08:00;2024-04-09T08:15;33;kWh;0;69;0;0;69;69
2024-04-09T08:15;2024-04-09T08:30;34;kWh;-513;0;0;0;513;-513
2024-04-09T08:30;2024-04-09T08:45;35;kWh;-9772;0;0;0;9772;-9772
2024-04-09T08:45;2024-04-09T09:00;36;kWh;-11747;0;0;0;11747;-11747
2024-04-09T09:00;2024-04-09T09:15;37;kWh;-986;0;0;0;986;-986
2024-04-09T09:15;2024-04-09T09:30;38;kWh;0;8470;0;0;8470;8470
2024-04-09T09:30;2024-04-09T09:45;39;kWh;-18938;10;0;0;18948;-18928
2024-04-09T09:45;2024-04-09T10:00;40;kWh;-21208;0;0;0;21208;-21208
2024-04-09T10:00;2024-04-09T10:15;41;kWh;-24071;0;0;0;24071;-24071
2024-04-09T10:15;2024-04-09T10:30;42;kWh;-15277;0;0;0;15277;-15277
2024-04-09T10:30;2024-04-09T10:45;43;kWh;-12084;0;0;0;12084;-12084
2024-04-09T10:45;2024-04-09T11:00;44;kWh;-1555;0;0;0;1555;-1555
2024-04-09T11:00;2024-04-09T11:15;45;kWh;-1317;0;0;0;1317;-1317
2024-04-09T11:15;2024-04-09T11:30;46;kWh;-15285;0;0;0;15285;-15285
2024-04-09T11:30;2024-04-09T11:45;47;kWh;-21150;0;0;0;21150;-21150
2024-04-09T11:45;2024-04-09T12:00;48;kWh;-18905;0;0;0;18905;-18905
2024-04-09T12:00;2024-04-09T12:15;49;kWh;-11504;0;0;0;11504;-11504
2024-04-09T12:15;2024-04-09T12:30;50;kWh;-22572;0;0;0;22572;-22572
2024-04-09T12:30;2024-04-09T12:45;51;kWh;-15274;0;0;0;15274;-15274
2024-04-09T12:45;2024-04-09T13:00;52;kWh;-10670;0;0;0;10670;-10670
2024-04-09T13:00;2024-04-09T13:15;53;kWh;-1203;14881;0;0;16084;13678
2024-04-09T13:15;2024-04-09T13:30;54;kWh;0;47439;0;0;47439;47439
2024-04-09T13:30;2024-04-09T13:45;55;kWh;0;37912;0;0;37912;37912
2024-04-09T13:45;2024-04-09T14:00;56;kWh;0;62948;0;0;62948;62948
2024-04-09T14:00;2024-04-09T14:15;57;kWh;0;1622;0;0;1622;1622
2024-04-09T14:15;2024-04-09T14:30;58;kWh;0;30048;0;0;30048;30048
2024-04-09T14:30;2024-04-09T14:45;59;kWh;0;12014;0;0;12014;12014
2024-04-09T14:45;2024-04-09T15:00;60;kWh;0;2329;0;0;2329;2329
2024-04-09T15:00;2024-04-09T15:15;61;kWh;-11419;314;0;0;11733;-11105
2024-04-09T15:15;2024-04-09T15:30;62;kWh;-2478;1070;0;0;3548;-1408
2024-04-09T15:30;2024-04-09T15:45;63;kWh;-13916;2360;0;0;16276;-11556
2024-04-09T15:45;2024-04-09T16:00;64;kWh;-990;5434;0;0;6424;4444
2024-04-09T16:00;2024-04-09T16:15;65;kWh;-5975;247;0;0;6222;-5728
2024-04-09T16:15;2024-04-09T16:30;66;kWh;0;10915;0;0;10915;10915
2024-04-09T16:30;2024-04-09T16:45;67;kWh;0;25578;0;0;25578;25578
2024-04-09T16:45;2024-04-09T17:00;68;kWh;0;35362;0;0;35362;35362
2024-04-09T17:00;2024-04-09T17:15;69;kWh;-1467;9092;0;0;10559;7625
2024-04-09T17:15;2024-04-09T17:30;70;kWh;0;13776;0;0;13776;13776
2024-04-09T17:30;2024-04-09T17:45;71;kWh;0;3514;0;0;3514;3514
2024-04-09T17:45;2024-04-09T18:00;72;kWh;0;0;0;0;0;0
2024-04-09T18:00;2024-04-09T18:15;73;kWh;-13839;0;0;0;13839;-13839
2024-04-09T18:15;2024-04-09T18:30;74;kWh;-10546;1821;0;0;12367;-8725
2024-04-09T18:30;2024-04-09T18:45;75;kWh;-10525;2461;0;0;12986;-8064
2024-04-09T18:45;2024-04-09T19:00;76;kWh;-11229;3831;0;0;15060;-7398
2024-04-09T19:00;2024-04-09T19:15;77;kWh;-10932;0;0;0;10932;-10932
2024-04-09T19:15;2024-04-09T19:30;78;kWh;-7082;373;0;0;7455;-6709
2024-04-09T19:30;2024-04-09T19:45;79;kWh;0;717;0;0;717;717
2024-04-09T19:45;2024-04-09T20:00;80;kWh;0;0;0;0;0;0
2024-04-09T20:00;2024-04-09T20:15;81;kWh;0;42;0;0;42;42
2024-04-09T20:15;2024-04-09T20:30;82;kWh;0;139;0;0;139;139
2024-04-09T20:30;2024-04-09T20:45;83;kWh;0;308;0;0;308;308
2024-04-09T20:45;2024-04-09T21:00;84;kWh;-2517;0;0;0;2517;-2517
2024-04-09T21:00;2024-04-09T21:15;85;kWh;-1121;0;0;0;1121;-1121
2024-04-09T21:15;2024-04-09T21:30;86;kWh;-2004;0;0;0;2004;-2004
2024-04-09T21:30;2024-04-09T21:45;87;kWh;-5082;0;0;0;5082;-5082
2024-04-09T21:45;2024-04-09T22:00;88;kWh;-2844;0;0;0;2844;-2844
2024-04-09T22:00;2024-04-09T22:15;89;kWh;-2560;0;0;0;2560;-2560
2024-04-09T22:15;2024-04-09T22:30;90;kWh;-3857;0;0;0;3857;-3857
2024-04-09T22:30;2024-04-09T22:45;91;kWh;-4539;0;0;0;4539;-4539
2024-04-09T22:45;2024-04-09T23:00;92;kWh;-5138;0;0;0;5138;-5138
2024-04-09T23:00;2024-04-09T23:15;93;kWh;-2882;0;0;0;2882;-2882
2024-04-09T23:15;2024-04-09T23:30;94;kWh;-5088;396;0;0;5484;-4692
2024-04-09T23:30;2024-04-09T23:45;95;kWh;-1629;0;0;0;1629;-1629
2024-04-09T23:45;2024-04-10T00:00;96;kWh;-3393;0;0;0;3393;-3393
2024-04-10T00:00;2024-04-10T00:15;1;kWh;-49;9758;0;0;9807;9709
2024-04-10T00:15;2024-04-10T00:30;2;kWh;0;36826;0;0;36826;36826
2024-04-10T00:30;2024-04-10T00:45;3;kWh;0;9146;0;0;9146;9146
2024-04-10T00:45;2024-04-10T01:00;4;kWh;-185;0;0;0;185;-185
2024-04-10T01:00;2024-04-10T01:15;5;kWh;0;4446;0;0;4446;4446
2024-04-10T01:15;2024-04-10T01:30;6;kWh;0;19515;0;0;19515;19515
2024-04-10T01:30;2024-04-10T01:45;7;kWh;0;12853;0;0;12853;12853
2024-04-10T01:45;2024-04-10T02:00;8;kWh;0;4440;0;0;4440;4440
2024-04-10T02:00;2024-04-10T02:15;9;kWh;0;10386;0;0;10386;10386
2024-04-10T02:15;2024-04-10T02:30;10;kWh;0;14517;0;0;14517;14517
2024-04-10T02:30;2024-04-10T02:45;11;kWh;0;18674;0;0;18674;18674
2024-04-10T02:45;2024-04-10T03:00;12;kWh;0;3576;0;0;3576;3576
2024-04-10T03:00;2024-04-10T03:15;13;kWh;-3;0;0;0;3;-3
2024-04-10T03:15;2024-04-10T03:30;14;kWh;0;3212;0;0;3212;3212
2024-04-10T03:30;2024-04-10T03:45;15;kWh;0;27147;0;0;27147;27147
2024-04-10T03:45;2024-04-10T04:00;16;kWh;0;43063;0;0;43063;43063
2024-04-10T04:00;2024-04-10T04:15;17;kWh;0;5018;0;0;5018;5018
2024-04-10T04:15;2024-04-10T04:30;18;kWh;0;0;0;0;0;0
2024-04-10T04:30;2024-04-10T04:45;19;kWh;0;8289;0;0;8289;8289
2024-04-10T04:45;2024-04-10T05:00;20;kWh;0;14067;0;0;14067;14067
2024-04-10T05:00;2024-04-10T05:15;21;kWh;-10040;568;0;0;10608;-9472
2024-04-10T05:15;2024-04-10T05:30;22;kWh;-6489;0;0;0;6489;-6489
2024-04-10T05:30;2024-04-10T05:45;23;kWh;-641;0;0;0;641;-641
2024-04-10T05:45;2024-04-10T06:00;24;kWh;0;0;0;0;0;0
2024-04-10T06:00;2024-04-10T06:15;25;kWh;0;2676;0;0;2676;2676
2024-04-10T06:15;2024-04-10T06:30;26;kWh;0;8052;0;0;8052;8052
2024-04-10T06:30;2024-04-10T06:45;27;kWh;0;14584;0;0;14584;14584
2024-04-10T06:45;2024-04-10T07:00;28;kWh;0;4353;0;0;4353;4353
2024-04-10T07:00;2024-04-10T07:15;29;kWh;0;581;0;0;581;581
2024-04-10T07:15;2024-04-10T07:30;30;kWh;0;1630;0;0;1630;1630
2024-04-10T07:30;2024-04-10T07:45;31;kWh;0;7228;0;0;7228;7228
2024-04-10T07:45;2024-04-10T08:00;32;kWh;0;20127;0;0;20127;20127
2024-04-10T08:00;2024-04-10T08:15;33;kWh;0;15191;0;0;15191;15191
2024-04-10T08:15;2024-04-10T08:30;34;kWh;0;5875;0;0;5875;5875
2024-04-10T08:30;2024-04-10T08:45;35;kWh;0;0;0;0;0;0
2024-04-10T08:45;2024-04-10T09:00;36;kWh;-7989;0;0;0;7989;-7989
2024-04-10T09:00;2024-04-10T09:15;37;kWh;-18044;0;0;0;18044;-18044
2024-04-10T09:15;2024-04-10T09:30;38;kWh;-14888;0;0;0;14888;-14888
2024-04-10T09:30;2024-04-10T09:45;39;kWh;-4589;0;0;0;4589;-4589
2024-04-10T09:45;2024-04-10T10:00;40;kWh;0;19181;0;0;19181;19181
2024-04-10T10:00;2024-04-10T10:15;41;kWh;-4482;634;0;0;5116;-3848
2024-04-10T10:15;2024-04-10T10:30;42;kWh;-833;2112;0;0;2945;1279
2024-04-10T10:30;2024-04-10T10:45;43;kWh;0;1436;0;0;1436;1436
2024-04-10T10:45;2024-04-10T11:00;44;kWh;0;6;0;0;6;6
2024-04-10T11:00;2024-04-10T11:15;45;kWh;0;0;0;0;0;0
2024-04-10T11:15;2024-04-10T11:30;46;kWh;0;15883;0;0;15883;15883
2024-04-10T11:30;2024-04-10T11:45;47;kWh;-3369;1174;0;0;4543;-2195
2024-04-10T11:45;2024-04-10T12:00;48;kWh;-18721;0;0;0;18721;-18721
2024-04-10T12:00;2024-04-10T12:15;49;kWh;-8440;0;0;0;8440;-8440
2024-04-10T12:15;2024-04-10T12:30;50;kWh;-21028;0;0;0;21028;-21028
2024-04-10T12:30;2024-04-10T12:45;51;kWh;-26582;0;0;0;26582;-26582
2024-04-10T12:45;2024-04-10T13:00;52;kWh;-28658;48;0;0;28706;-28610
2024-04-10T13:00;2024-04-10T13:15;53;kWh;-37;340;0;0;377;303
2024-04-10T13:15;2024-04-10T13:30;54;kWh;0;267;0;0;267;267
2024-04-10T13:30;2024-04-10T13:45;55;kWh;-7039;0;0;0;7039;-7039
2024-04-10T13:45;2024-04-10T14:00;56;kWh;-10172;0;0;0;10172;-10172
2024-04-10T14:00;2024-04-10T14:15;57;kWh;-19114;0;0;0;19114;-19114
2024-04-10T14:15;2024-04-10T14:30;58;kWh;-29144;0;0;0;29144;-29144
2024-04-10T14:30;2024-04-10T14:45;59;kWh;-31706;0;0;0;31706;-31706
2024-04-10T14:45;2024-04-10T15:00;60;kWh;-32411;0;0;0;32411;-32411
2024-04-10T15:00;2024-04-10T15:15;61;kWh;-30997;0;0;0;30997;-30997
2024-04-10T15:15;2024-04-10T15:30;62;kWh;-27372;0;0;0;27372;-27372
2024-04-10T15:30;2024-04-10T15:45;63;kWh;-18882;610;0;0;19492;-18272
2024-04-10T15:45;2024-04-10T16:00;64;kWh;-55495;601;0;0;56096;-54894
2024-04-10T16:00;2024-04-10T16:15;65;kWh;-21967;0;0;0;21967;-21967
2024-04-10T16:15;2024-04-10T16:30;66;kWh;-17836;0;0;0;17836;-17836
2024-04-10T16:30;2024-04-10T16:45;67;kWh;-24737;622;0;0;25359;-24115
2024-04-10T16:45;2024-04-10T17:00;68;kWh;-21682;678;0;0;22360;-21004
2024-04-10T17:00;2024-04-10T17:15;69;kWh;-13278;0;0;0;13278;-13278
2024-04-10T17:15;2024-04-10T17:30;70;kWh;-14699;0;0;0;14699;-14699
2024-04-10T17:30;2024-04-10T17:45;71;kWh;-22452;0;0;0;22452;-22452
2024-04-10T17:45;2024-04-10T18:00;72;kWh;-11283;0;0;0;11283;-11283
2024-04-10T18:00;2024-04-10T18:15;73;kWh;-28553;0;0;0;28553;-28553
2024-04-10T18:15;2024-04-10T18:30;74;kWh;-24248;0;0;0;24248;-24248
2024-04-10T18:30;2024-04-10T18:45;75;kWh;-563;0;0;0;563;-563
2024-04-10T18:45;2024-04-10T19:00;76;kWh;-1422;0;0;0;1422;-1422
2024-04-10T19:00;2024-04-10T19:15;77;kWh;-11169;1259;0;0;12428;-9910
2024-04-10T19:15;2024-04-10T19:30;78;kWh;0;10344;0;0;10344;10344
2024-04-10T19:30;2024-04-10T19:45;79;kWh;0;23029;0;0;23029;23029
2024-04-10T19:45;2024-04-10T20:00;80;kWh;0;33774;0;0;33774;33774
2024-04-10T20:00;2024-04-10T20:15;81;kWh;0;3561;0;0;3561;3561
2024-04-10T20:15;2024-04-10T20:30;82;kWh;0;1811;0;0;1811;1811
2024-04-10T20:30;2024-04-10T20:45;83;kWh;0;18644;0;0;18644;18644
2024-04-10T20:45;2024-04-10T21:00;84;kWh;-518;6931;0;0;7449;6413
2024-04-10T21:00;2024-04-10T21:15;85;kWh;-7948;0;0;0;7948;-7948
2024-04-10T21:15;2024-04-10T21:30;86;kWh;-2040;0;0;0;2040;-2040
2024-04-10T21:30;2024-04-10T21:45;87;kWh;-15559;0;0;0;15559;-15559
2024-04-10T21:45;2024-04-10T22:00;88;kWh;-49284;0;0;0;49284;-49284
2024-04-10T22:00;2024-04-10T22:15;89;kWh;-25492;0;0;0;25492;-25492
2024-04-10T22:15;2024-04-10T22:30;90;kWh;-14535;0;0;0;14535;-14535
2024-04-10T22:30;2024-04-10T22:45;91;kWh;-17332;0;0;0;17332;-17332
2024-04-10T22:45;2024-04-10T23:00;92;kWh;0;0;0;0;0;0
2024-04-10T23:00;2024-04-10T23:15;93;kWh;-448;0;0;0;448;-448
2024-04-10T23:15;2024-04-10T23:30;94;kWh;-1873;0;0;0;1873;-1873
2024-04-10T23:30;2024-04-10T23:45;95;kWh;-7755;0;0;0;7755;-7755
2024-04-10T23:45;2024-04-11T00:00;96;kWh;-9427;0;0;0;9427;-9427
2024-04-11T00:00;2024-04-11T00:15;1;kWh;-1892;0;0;0;1892;-1892
2024-04-11T00:15;2024-04-11T00:30;2;kWh;-1390;1678;0;0;3068;288
2024-04-11T00:30;2024-04-11T00:45;3;kWh;-3934;0;0;0;3934;-3934
2024-04-11T00:45;2024-04-11T01:00;4;kWh;-11411;0;0;0;11411;-11411
2024-04-11T01:00;2024-04-11T01:15;5;kWh;-4408;0;0;0;4408;-4408
2024-04-11T01:15;2024-04-11T01:30;6;kWh;-727;0;0;0;727;-727
2024-04-11T01:30;2024-04-11T01:45;7;kWh;-998;0;0;0;998;-998
2024-04-11T01:45;2024-04-11T02:00;8;kWh;-4213;0;0;0;4213;-4213
2024-04-11T02:00;2024-04-11T02:15;9;kWh;-2292;0;0;0;2292;-2292
2024-04-11T02:15;2024-04-11T02:30;10;kWh;-4279;0;0;0;4279;-4279
2024-04-11T02:30;2024-04-11T02:45;11;kWh;-335;480;0;0;815;145
2024-04-11T02:45;2024-04-11T03:00;12;kWh;-3248;0;0;0;3248;-3248
2024-04-11T03:00;2024-04-11T03:15;13;kWh;-7435;0;0;0;7435;-7435
2024-04-11T03:15;2024-04-11T03:30;14;kWh;-10042;0;0;0;10042;-10042
2024-04-11T03:30;2024-04-11T03:45;15;kWh;-11157;0;0;0;11157;-11157
2024-04-11T03:45;2024-04-11T04:00;16;kWh;-9160;631;0;0;9791;-8529
2024-04-11T04:00;2024-04-11T04:15;17;kWh;-13057;224;0;0;13281;-12833
2024-04-11T04:15;2024-04-11T04:30;18;kWh;-36193;810;0;0;37003;-35383
2024-04-11T04:30;2024-04-11T04:45;19;kWh;-12889;514;0;0;13403;-12375
2024-04-11T04:45;2024-04-11T05:00;20;kWh;-5526;12648;0;0;18174;7122
2024-04-11T05:00;2024-04-11T05:15;21;kWh;-7385;525;0;0;7910;-6860
2024-04-11T05:15;2024-04-11T05:30;22;kWh;-34;66;0;0;100;32
2024-04-11T05:30;2024-04-11T05:45;23;kWh;0;10427;0;0;10427;10427
2024-04-11T05:45;2024-04-11T06:00;24;kWh;0;3204;0;0;3204;3204
2024-04-11T06:00;2024-04-11T06:15;25;kWh;0;132;0;0;132;132
2024-04-11T06:15;2024-04-11T06:30;26;kWh;0;8309;0;0;8309;8309
2024-04-11T06:30;2024-04-11T06:45;27;kWh;0;38530;0;0;38530;38530
2024-04-11T06:45;2024-04-11T07:00;28;kWh;0;64253;0;0;64253;64253
2024-04-11T07:00;2024-04-11T07:15;29;kWh;-7592;6289;0;0;13881;-1303
2024-04-11T07:15;2024-04-11T07:30;30;kWh;0;9466;0;0;9466;9466
2024-04-11T07:30;2024-04-11T07:45;31;kWh;0;6150;0;0;6150;6150
2024-04-11T07:45;2024-04-11T08:00;32;kWh;0;26408;0;0;26408;26408
2024-04-11T08:00;2024-04-11T08:15;33;kWh;0;7776;0;0;7776;7776
2024-04-11T08:15;2024-04-11T08:30;34;kWh;-2502;1096;0;0;3598;-1406
2024-04-11T08:30;2024-04-11T08:45;35;kWh;-932;2237;0;0;3169;1305
2024-04-11T08:45;2024-04-11T09:00;36;kWh;-75;5334;0;0;5409;5259
2024-04-11T09:00;2024-04-11T09:15;37;kWh;-246;3503;0;0;3749;3257
2024-04-11T09:15;2024-04-11T09:30;38;kWh;0;1940;0;0;1940;1940
2024-04-11T09:30;2024-04-11T09:45;39;kWh;-2346;0;0;0;2346;-2346
2024-04-11T09:45;2024-04-11T10:00;40;kWh;-3377;0;0;0;3377;-3377
2024-04-11T10:00;2024-04-11T10:15;41;kWh;-10347;12799;0;0;23146;2452
2024-04-11T10:15;2024-04-11T10:30;42;kWh;-10525;4308;0;0;14833;-6217
2024-04-11T10:30;2024-04-11T10:45;43;kWh;-3908;12033;0;0;15941;8125
2024-04-11T10:45;2024-04-11T11:00;44;kWh;-10405;0;0;0;10405;-10405
2024-04-11T11:00;2024-04-11T11:15;45;kWh;-2672;0;0;0;2672;-2672
2024-04-11T11:15;2024-04-11T11:30;46;kWh;-4025;679;0;0;4704;-3346
2024-04-11T11:30;2024-04-11T11:45;47;kWh;-2883;858;0;0;3741;-2025
2024-04-11T11:45;2024-04-11T12:00;48;kWh;-8011;10;0;0;8021;-8001
2024-04-11T12:00;2024-04-11T12:15;49;kWh;0;3086;0;0;3086;3086
2024-04-11T12:15;2024-04-11T12:30;50;kWh;0;117;0;0;117;117
2024-04-11T12:30;2024-04-11T12:45;51;kWh;0;0;0;0;0;0
2024-04-11T12:45;2024-04-11T13:00;52;kWh;0;1469;0;0;1469;1469
2024-04-11T13:00;2024-04-11T13:15;53;kWh;0;3827;0;0;3827;3827
2024-04-11T13:15;2024-04-11T13:30;54;kWh;0;62;0;0;62;62
2024-04-11T13:30;2024-04-11T13:45;55;kWh;0;0;0;0;0;0
2024-04-11T13:45;2024-04-11T14:00;56;kWh;-6702;0;0;0;6702;-6702
2024-04-11T14:00;2024-04-11T14:15;57;kWh;-11562;0;0;0;11562;-11562
2024-04-11T14:15;2024-04-11T14:30;58;kWh;-6;2904;0;0;2910;2898
2024-04-11T14:30;2024-04-11T14:45;59;kWh;0;24371;0;0;24371;24371
2024-04-11T14:45;2024-04-11T15:00;60;kWh;0;15605;0;0;15605;15605
2024-04-11T15:00;2024-04-11T15:15;61;kWh;0;689;0;0;689;689
2024-04-11T15:15;2024-04-11T15:30;62;kWh;-1845;268;0;0;2113;-1577
2024-04-11T15:30;2024-04-11T15:45;63;kWh;0;47687;0;0;47687;47687
2024-04-11T15:45;2024-04-11T16:00;64;kWh;0;75284;0;0;75284;75284
2024-04-11T16:00;2024-04-11T16:15;65;kWh;0;12248;0;0;12248;12248
2024-04-11T16:15;2024-04-11T16:30;66;kWh;-14953;3125;0;0;18078;-11828
2024-04-11T16:30;2024-04-11T16:45;67;kWh;-5711;7626;0;0;13337;1915
2024-04-11T16:45;2024-04-11T17:00;68;kWh;-7845;252;0;0;8097;-7593
2024-04-11T17:00;2024-04-11T17:15;69;kWh;-6;61497;0;0;61503;61491
2024-04-11T17:15;2024-04-11T17:30;70;kWh;0;36861;0;0;36861;36861
2024-04-11T17:30;2024-04-11T17:45;71;kWh;0;49196;0;0;49196;49196
2024-04-11T17:45;2024-04-11T18:00;72;kWh;-1472;10392;0;0;11864;8920
2024-04-11T18:00;2024-04-11T18:15;73;kWh;-3;40432;0;0;40435;40429
2024-04-11T18:15;2024-04-11T18:30;74;kWh;0;35505;0;0;35505;35505
2024-04-11T18:30;2024-04-11T18:45;75;kWh;0;11779;0;0;11779;11779
2024-04-11T18:45;2024-04-11T19:00;76;kWh;0;3639;0;0;3639;3639
2024-04-11T19:00;2024-04-11T19:15;77;kWh;-7807;32;0;0;7839;-7775
2024-04-11T19:15;2024-04-11T19:30;78;kWh;-6311;0;0;0;6311;-6311
2024-04-11T19:30;2024-04-11T19:45;79;kWh;-1337;0;0;0;1337;-1337
2024-04-11T19:45;2024-04-11T20:00;80;kWh;-14;0;0;0;14;-14
2024-04-11T20:00;2024-04-11T20:15;81;kWh;0;19043;0;0;19043;19043
2024-04-11T20:15;2024-04-11T20:30;82;kWh;0;23925;0;0;23925;23925
2024-04-11T20:30;2024-04-11T20:45;83;kWh;0;22005;0;0;22005;22005
2024-04-11T20:45;2024-04-11T21:00;84;kWh;-15087;316;0;0;15403;-14771
2024-04-11T21:00;2024-04-11T21:15;85;kWh;-4132;0;0;0;4132;-4132
2024-04-11T21:15;2024-04-11T21:30;86;kWh;-5998;0;0;0;5998;-5998
2024-04-11T21:30;2024-04-11T21:45;87;kWh;-15654;0;0;0;15654;-15654
2024-04-11T21:45;2024-04-11T22:00;88;kWh;-21824;0;0;0;21824;-21824
2024-04-11T22:00;2024-04-11T22:15;89;kWh;-4604;0;0;0;4604;-4604
2024-04-11T22:15;2024-04-11T22:30;90;kWh;0;20101;0;0;20101;20101
2024-04-11T22:30;2024-04-11T22:45;91;kWh;-835;1562;0;0;2397;727
2024-04-11T22:45;2024-04-11T23:00;92;kWh;-1860;0;0;0;1860;-1860
2024-04-11T23:00;2024-04-11T23:15;93;kWh;-5376;1096;0;0;6472;-4280
2024-04-11T23:15;2024-04-11T23:30;94;kWh;-34;101;0;0;135;67
2024-04-11T23:30;2024-04-11T23:45;95;kWh;-3690;0;0;0;3690;-3690
2024-04-11T23:45;2024-04-12T00:00;96;kWh;-435;0;0;0;435;-435
2024-04-12T00:00;2024-04-12T00:15;1;kWh;0;0;0;0;0;0
2024-04-12T00:15;2024-04-12T00:30;2;kWh;-1558;0;0;0;1558;-1558
2024-04-12T00:30;2024-04-12T00:45;3;kWh;-2805;0;0;0;2805;-2805
2024-04-12T00:45;2024-04-12T01:00;4;kWh;-14477;0;0;0;14477;-14477
2024-04-12T01:00;2024-04-12T01:15;5;kWh;-2253;0;0;0;2253;-2253
2024-04-12T01:15;2024-04-12T01:30;6;kWh;-2014;0;0;0;2014;-2014
2024-04-12T01:30;2024-04-12T01:45;7;kWh;-1160;0;0;0;1160;-1160
2024-04-12T01:45;2024-04-12T02:00;8;kWh;-12990;0;0;0;12990;-12990
2024-04-12T02:00;2024-04-12T02:15;9;kWh;-5094;1900;0;0;6994;-3194
2024-04-12T02:15;2024-04-12T02:30;10;kWh;-521;393;0;0;914;-128
2024-04-12T02:30;2024-04-12T02:45;11;kWh;-2920;0;0;0;2920;-2920
2024-04-12T02:45;2024-04-12T03:00;12;kWh;-3553;0;0;0;3553;-3553
2024-04-12T03:00;2024-04-12T03:15;13;kWh;-747;1413;0;0;2160;666
2024-04-12T03:15;2024-04-12T03:30;14;kWh;-4682;15;0;0;4697;-4667
2024-04-12T03:30;2024-04-12T03:45;15;kWh;-6978;0;0;0;6978;-6978
2024-04-12T03:45;2024-04-12T04:00;16;kWh;-9294;36;0;0;9330;-9258
2024-04-12T04:00;2024-04-12T04:15;17;kWh;-10703;60;0;0;10763;-10643
2024-04-12T04:15;2024-04-12T04:30;18;kWh;-8399;0;0;0;8399;-8399
2024-04-12T04:30;2024-04-12T04:45;19;kWh;-6294;0;0;0;6294;-6294
2024-04-12T04:45;2024-04-12T05:00;20;kWh;-4831;49;0;0;4880;-4782
2024-04-12T05:00;2024-04-12T05:15;21;kWh;0;182;0;0;182;182
2024-04-12T05:15;2024-04-12T05:30;22;kWh;0;0;0;0;0;0
2024-04-12T05:30;2024-04-12T05:45;23;kWh;0;5393;0;0;5393;5393
2024-04-12T05:45;2024-04-12T06:00;24;kWh;-134;5878;0;0;6012;5744
2024-04-12T06:00;2024-04-12T06:15;25;kWh;-312;1490;0;0;1802;1178
2024-04-12T06:15;2024-04-12T06:30;26;kWh;0;10358;0;0;10358;10358
2024-04-12T06:30;2024-04-12T06:45;27;kWh;0;17629;0;0;17629;17629
2024-04-12T06:45;2024-04-12T07:00;28;kWh;0;20640;0;0;20640;20640
2024-04-12T07:00;2024-04-12T07:15;29;kWh;0;615;0;0;615;615
2024-04-12T07:15;2024-04-12T07:30;30;kWh;0;2524;0;0;2524;2524
2024-04-12T07:30;2024-04-12T07:45;31;kWh;0;19567;0;0;19567;19567
2024-04-12T07:45;2024-04-12T08:00;32;kWh;0;17610;0;0;17610;17610
2024-04-12T08:00;2024-04-12T08:15;33;kWh;0;19918;0;0;19918;19918
2024-04-12T08:15;2024-04-12T08:30;34;kWh;0;2985;0;0;2985;2985
2024-04-12T08:30;2024-04-12T08:45;35;kWh;-1358;0;0;0;1358;-1358
2024-04-12T08:45;2024-04-12T09:00;36;kWh;-10774;12;0;0;10786;-10762
2024-04-12T09:00;2024-04-12T09:15;37;kWh;0;22474;0;0;22474;22474
2024-04-12T09:15;2024-04-12T09:30;38;kWh;-1735;65;0;0;1800;-1670
2024-04-12T09:30;2024-04-12T09:45;39;kWh;-5580;0;0;0;5580;-5580
2024-04-12T09:45;2024-04-12T10:00;40;kWh;-5035;7918;0;0;12953;2883
2024-04-12T10:00;2024-04-12T10:15;41;kWh;0;20847;0;0;20847;20847
2024-04-12T10:15;2024-04-12T10:30;42;kWh;0;2162;0;0;2162;2162
2024-04-12T10:30;2024-04-12T10:45;43;kWh;-4325;0;0;0;4325;-4325
2024-04-12T10:45;2024-04-12T11:00;44;kWh;-10962;0;0;0;10962;-10962
2024-04-12T11:00;2024-04-12T11:15;45;kWh;-11871;0;0;0;11871;-11871
2024-04-12T11:15;2024-04-12T11:30;46;kWh;-7976;0;0;0;7976;-7976
2024-04-12T11:30;2024-04-12T11:45;47;kWh;-10461;0;0;0;10461;-10461
2024-04-12T11:45;2024-04-12T12:00;48;kWh;-12418;0;0;0;12418;-12418
2024-04-12T12:00;2024-04-12T12:15;49;kWh;-6881;115;0;0;6996;-6766
2024-04-12T12:15;2024-04-12T12:30;50;kWh;-5898;0;0;0;5898;-5898
2024-04-12T12:30;2024-04-12T12:45;51;kWh;-5087;0;0;0;5087;-5087
2024-04-12T12:45;2024-04-12T13:00;52;kWh;-9867;0;0;0;9867;-9867
2024-04-12T13:00;2024-04-12T13:15;53;kWh;-4838;0;0;0;4838;-4838
2024-04-12T13:15;2024-04-12T13:30;54;kWh;-2929;0;0;0;2929;-2929
2024-04-12T13:30;2024-04-12T13:45;55;kWh;-3258;0;0;0;3258;-3258
2024-04-12T13:45;2024-04-12T14:00;56;kWh;-1704;0;0;0;1704;-1704
2024-04-12T14:00;2024-04-12T14:15;57;kWh;-3105;0;0;0;3105;-3105
2024-04-12T14:15;2024-04-12T14:30;58;kWh;-1617;0;0;0;1617;-1617
2024-04-12T14:30;2024-04-12T14:45;59;kWh;-1735;0;0;0;1735;-1735
2024-04-12T14:45;2024-04-12T15:00;60;kWh;-7133;0;0;0;7133;-7133
2024-04-12T15:00;2024-04-12T15:15;61;kWh;-9862;0;0;0;9862;-9862
2024-04-12T15:15;2024-04-12T15:30;62;kWh;0;0;0;0;0;0
2024-04-12T15:30;2024-04-12T15:45;63;kWh;0;907;0;0;907;907
2024-04-12T15:45;2024-04-12T16:00;64;kWh;0;1446;0;0;1446;1446
2024-04-12T16:00;2024-04-12T16:15;65;kWh;-3720;33;0;0;3753;-3687
2024-04-12T16:15;2024-04-12T16:30;66;kWh;-754;585;0;0;1339;-169
2024-04-12T16:30;2024-04-12T16:45;67;kWh;0;8232;0;0;8232;8232
2024-04-12T16:45;2024-04-12T17:00;68;kWh;0;22368;0;0;22368;22368
2024-04-12T17:00;2024-04-12T17:15;69;kWh;0;23216;0;0;23216;23216
2024-04-12T17:15;2024-04-12T17:30;70;kWh;0;16047;0;0;16047;16047
2024-04-12T17:30;2024-04-12T17:45;71;kWh;0;15725;0;0;15725;15725
2024-04-12T17:45;2024-04-12T18:00;72;kWh;0;22992;0;0;22992;22992
2024-04-12T18:00;2024-04-12T18:15;73;kWh;-12170;1042;0;0;13212;-11128
2024-04-12T18:15;2024-04-12T18:30;74;kWh;0;550;0;0;550;550
2024-04-12T18:30;2024-04-12T18:45;75;kWh;-6594;4306;0;0;10900;-2288
2024-04-12T18:45;2024-04-12T19:00;76;kWh;0;16850;0;0;16850;16850
2024-04-12T19:00;2024-04-12T19:15;77;kWh;-12971;0;0;0;12971;-12971
2024-04-12T19:15;2024-04-12T19:30;78;kWh;-11902;0;0;0;11902;-11902
2024-04-12T19:30;2024-04-12T19:45;79;kWh;-10342;0;0;0;10342;-10342
2024-04-12T19:45;2024-04-12T20:00;80;kWh;-167;0;0;0;167;-167
2024-04-12T20:00;2024-04-12T20:15;81;kWh;-29069;0;0;0;29069;-29069
2024-04-12T20:15;2024-04-12T20:30;82;kWh;-11023;0;0;0;11023;-11023
2024-04-12T20:30;2024-04-12T20:45;83;kWh;-12458;0;0;0;12458;-12458
2024-04-12T20:45;2024-04-12T21:00;84;kWh;-9726;0;0;0;9726;-9726
2024-04-12T21:00;2024-04-12T21:15;85;kWh;0;26053;0;0;26053;26053
2024-04-12T21:15;2024-04-12T21:30;86;kWh;0;16252;0;0;16252;16252
2024-04-12T21:30;2024-04-12T21:45;87;kWh;0;37;0;0;37;37
2024-04-12T21:45;2024-04-12T22:00;88;kWh;-11435;0;0;0;11435;-11435
2024-04-12T22:00;2024-04-12T22:15;89;kWh;-11462;1106;0;0;12568;-10356
2024-04-12T22:15;2024-04-12T22:30;90;kWh;-7592;6;0;0;7598;-7586
2024-04-12T22:30;2024-04-12T22:45;91;kWh;-2843;0;0;0;2843;-2843
2024-04-12T22:45;2024-04-12T23:00;92;kWh;-4911;0;0;0;4911;-4911
2024-04-12T23:00;2024-04-12T23:15;93;kWh;-1060;0;0;0;1060;-1060
2024-04-12T23:15;2024-04-12T23:30;94;kWh;-3022;0;0;0;3022;-3022
2024-04-12T23:30;2024-04-12T23:45;95;kWh;-3666;0;0;0;3666;-3666
2024-04-12T23:45;2024-04-13T00:00;96;kWh;-7643;0;0;0;7643;-7643
2024-04-13T00:00;2024-04-13T00:15;1;kWh;-2070;0;0;0;2070;-2070
2024-04-13T00:15;2024-04-13T00:30;2;kWh;-3612;0;0;0;3612;-3612
2024-04-13T00:30;2024-04-13T00:45;3;kWh;-4745;0;0;0;4745;-4745
2024-04-13T00:45;2024-04-13T01:00;4;kWh;-9979;0;0;0;9979;-9979
2024-04-13T01:00;2024-04-13T01:15;5;kWh;-11965;0;0;0;11965;-11965
2024-04-13T01:15;2024-04-13T01:30;6;kWh;-22186;0;0;0;22186;-22186
2024-04-13T01:30;2024-04-13T01:45;7;kWh;-46106;0;0;0;46106;-46106
2024-04-13T01:45;2024-04-13T02:00;8;kWh;-33346;0;0;0;33346;-33346
2024-04-13T02:00;2024-04-13T02:15;9;kWh;-17798;0;0;0;17798;-17798
2024-04-13T02:15;2024-04-13T02:30;10;kWh;-11917;0;0;0;11917;-11917
2024-04-13T02:30;2024-04-13T02:45;11;kWh;-20076;0;0;0;20076;-20076
2024-04-13T02:45;2024-04-13T03:00;12;kWh;-36818;0;0;0;36818;-36818
2024-04-13T03:00;2024-04-13T03:15;13;kWh;-32828;0;0;0;32828;-32828
2024-04-13T03:15;2024-04-13T03:30;14;kWh;-9259;0;0;0;9259;-9259
2024-04-13T03:30;2024-04-13T03:45;15;kWh;-22475;0;0;0;22475;-22475
2024-04-13T03:45;2024-04-13T04:00;16;kWh;-8902;0;0;0;8902;-8902
2024-04-13T04:00;2024-04-13T04:15;17;kWh;-1177;0;0;0;1177;-1177
2024-04-13T04:15;2024-04-13T04:30;18;kWh;-437;0;0;0;437;-437
2024-04-13T04:30;2024-04-13T04:45;19;kWh;-1002;0;0;0;1002;-1002
2024-04-13T04:45;2024-04-13T05:00;20;kWh;0;0;0;0;0;0
2024-04-13T05:00;2024-04-13T05:15;21;kWh;-1061;0;0;0;1061;-1061
2024-04-13T05:15;2024-04-13T05:30;22;kWh;-1765;0;0;0;1765;-1765
2024-04-13T05:30;2024-04-13T05:45;23;kWh;-356;0;0;0;356;-356
2024-04-13T05:45;2024-04-13T06:00;24;kWh;-2694;0;0;0;2694;-2694
2024-04-13T06:00;2024-04-13T06:15;25;kWh;-33463;0;0;0;33463;-33463
2024-04-13T06:15;2024-04-13T06:30;26;kWh;-15995;0;0;0;15995;-15995
2024-04-13T06:30;2024-04-13T06:45;27;kWh;-35156;0;0;0;35156;-35156
2024-04-13T06:45;2024-04-13T07:00;28;kWh;-35023;0;0;0;35023;-35023
2024-04-13T07:00;2024-04-13T07:15;29;kWh;-2048;0;0;0;2048;-2048
2024-04-13T07:15;2024-04-13T07:30;30;kWh;-728;0;0;0;728;-728
2024-04-13T07:30;2024-04-13T07:45;31;kWh;-2698;0;0;0;2698;-2698
2024-04-13T07:45;2024-04-13T08:00;32;kWh;-11745;0;0;0;11745;-11745
2024-04-13T08:00;2024-04-13T08:15;33;kWh;-8420;0;0;0;8420;-8420
2024-04-13T08:15;2024-04-13T08:30;34;kWh;0;0;0;0;0;0
2024-04-13T08:30;2024-04-13T08:45;35;kWh;-5750;0;0;0;5750;-5750
2024-04-13T08:45;2024-04-13T09:00;36;kWh;-17789;0;0;0;17789;-17789
2024-04-13T09:00;2024-04-13T09:15;37;kWh;-2936;0;0;0;2936;-2936
2024-04-13T09:15;2024-04-13T09:30;38;kWh;-9749;0;0;0;9749;-9749
2024-04-13T09:30;2024-04-13T09:45;39;kWh;-22942;0;0;0;22942;-22942
2024-04-13T09:45;2024-04-13T10:00;40;kWh;-30234;0;0;0;30234;-30234
2024-04-13T10:00;2024-04-13T10:15;41;kWh;-5456;12994;0;0;18450;7538
2024-04-13T10:15;2024-04-13T10:30;42;kWh;0;42535;0;0;42535;42535
2024-04-13T10:30;2024-04-13T10:45;43;kWh;-1510;1186;0;0;2696;-324
2024-04-13T10:45;2024-04-13T11:00;44;kWh;-7240;0;0;0;7240;-7240
2024-04-13T11:00;2024-04-13T11:15;45;kWh;-29969;0;0;0;29969;-29969
2024-04-13T11:15;2024-04-13T11:30;46;kWh;-38853;0;0;0;38853;-38853
2024-04-13T11:30;2024-04-13T11:45;47;kWh;-47916;0;0;0;47916;-47916
2024-04-13T11:45;2024-04-13T12:00;48;kWh;-37692;0;0;0;37692;-37692
2024-04-13T12:00;2024-04-13T12:15;49;kWh;-38156;0;0;0;38156;-38156
2024-04-13T12:15;2024-04-13T12:30;50;kWh;-34624;0;0;0;34624;-34624
2024-04-13T12:30;2024-04-13T12:45;51;kWh;-19810;0;0;0;19810;-19810
2024-04-13T12:45;2024-04-13T13:00;52;kWh;-18460;0;0;0;18460;-18460
2024-04-13T13:00;2024-04-13T13:15;53;kWh;-20977;0;0;0;20977;-20977
2024-04-13T13:15;2024-04-13T13:30;54;kWh;-31505;0;0;0;31505;-31505
2024-04-13T13:30;2024-04-13T13:45;55;kWh;-19063;0;0;0;19063;-19063
2024-04-13T13:45;2024-04-13T14:00;56;kWh;-20952;0;0;0;20952;-20952
2024-04-13T14:00;2024-04-13T14:15;57;kWh;-28319;0;0;0;28319;-28319
2024-04-13T14:15;2024-04-13T14:30;58;kWh;-34260;0;0;0;34260;-34260
2024-04-13T14:30;2024-04-13T14:45;59;kWh;-27942;0;0;0;27942;-27942
2024-04-13T14:45;2024-04-13T15:00;60;kWh;-26491;0;0;0;26491;-26491
2024-04-13T15:00;2024-04-13T15:15;61;kWh;-22213;0;0;0;22213;-22213
2024-04-13T15:15;2024-04-13T15:30;62;kWh;-46222;0;0;0;46222;-46222
2024-04-13T15:30;2024-04-13T15:45;63;kWh;-33821;0;0;0;33821;-33821
2024-04-13T15:45;2024-04-13T16:00;64;kWh;-27598;0;0;0;27598;-27598
2024-04-13T16:00;2024-04-13T16:15;65;kWh;-34241;0;0;0;34241;-34241
2024-04-13T16:15;2024-04-13T16:30;66;kWh;-36367;0;0;0;36367;-36367
2024-04-13T16:30;2024-04-13T16:45;67;kWh;-27080;0;0;0;27080;-27080
2024-04-13T16:45;2024-04-13T17:00;68;kWh;-23963;0;0;0;23963;-23963
2024-04-13T17:00;2024-04-13T17:15;69;kWh;-34964;0;0;0;34964;-34964
2024-04-13T17:15;2024-04-13T17:30;70;kWh;-17225;0;0;0;17225;-17225
2024-04-13T17:30;2024-04-13T17:45;71;kWh;-15995;0;0;0;15995;-15995
2024-04-13T17:45;2024-04-13T18:00;72;kWh;-1382;0;0;0;1382;-1382
2024-04-13T18:00;2024-04-13T18:15;73;kWh;-36481;0;0;0;36481;-36481
2024-04-13T18:15;2024-04-13T18:30;74;kWh;-18592;0;0;0;18592;-18592
2024-04-13T18:30;2024-04-13T18:45;75;kWh;-7145;0;0;0;7145;-7145
2024-04-13T18:45;2024-04-13T19:00;76;kWh;0;0;0;0;0;0
2024-04-13T19:00;2024-04-13T19:15;77;kWh;-21143;0;0;0;21143;-21143
2024-04-13T19:15;2024-04-13T19:30;78;kWh;-3050;5558;0;0;8608;2508
2024-04-13T19:30;2024-04-13T19:45;79;kWh;0;40900;0;0;40900;40900
2024-04-13T19:45;2024-04-13T20:00;80;kWh;0;8481;0;0;8481;8481
2024-04-13T20:00;2024-04-13T20:15;81;kWh;0;0;0;0;0;0
2024-04-13T20:15;2024-04-13T20:30;82;kWh;-3846;0;0;0;3846;-3846
2024-04-13T20:30;2024-04-13T20:45;83;kWh;-1818;0;0;0;1818;-1818
2024-04-13T20:45;2024-04-13T21:00;84;kWh;-4747;0;0;0;4747;-4747
2024-04-13T21:00;2024-04-13T21:15;85;kWh;-11027;0;0;0;11027;-11027
2024-04-13T21:15;2024-04-13T21:30;86;kWh;-225;0;0;0;225;-225
2024-04-13T21:30;2024-04-13T21:45;87;kWh;-7198;0;0;0;7198;-7198
2024-04-13T21:45;2024-04-13T22:00;88;kWh;-46300;0;0;0;46300;-46300
2024-04-13T22:00;2024-04-13T22:15;89;kWh;-33794;0;0;0;33794;-33794
2024-04-13T22:15;2024-04-13T22:30;90;kWh;-60624;0;0;0;60624;-60624
2024-04-13T22:30;2024-04-13T22:45;91;kWh;-35203;0;0;0;35203;-35203
2024-04-13T22:45;2024-04-13T23:00;92;kWh;-47679;0;0;0;47679;-47679
2024-04-13T23:00;2024-04-13T23:15;93;kWh;-27251;0;0;0;27251;-27251
2024-04-13T23:15;2024-04-13T23:30;94;kWh;-2600;0;0;0;2600;-2600
2024-04-13T23:30;2024-04-13T23:45;95;kWh;-108;0;0;0;108;-108
2024-04-13T23:45;2024-04-14T00:00;96;kWh;0;0;0;0;0;0
2024-04-14T00:00;2024-04-14T00:15;1;kWh;0;726;0;0;726;726
2024-04-14T00:15;2024-04-14T00:30;2;kWh;0;3156;0;0;3156;3156
2024-04-14T00:30;2024-04-14T00:45;3;kWh;0;250;0;0;250;250
2024-04-14T00:45;2024-04-14T01:00;4;kWh;0;40;0;0;40;40
2024-04-14T01:00;2024-04-14T01:15;5;kWh;-8;0;0;0;8;-8
2024-04-14T01:15;2024-04-14T01:30;6;kWh;-18780;0;0;0;18780;-18780
2024-04-14T01:30;2024-04-14T01:45;7;kWh;-31176;0;0;0;31176;-31176
2024-04-14T01:45;2024-04-14T02:00;8;kWh;-42806;0;0;0;42806;-42806
2024-04-14T02:00;2024-04-14T02:15;9;kWh;-15903;0;0;0;15903;-15903
2024-04-14T02:15;2024-04-14T02:30;10;kWh;-1657;0;0;0;1657;-1657
2024-04-14T02:30;2024-04-14T02:45;11;kWh;-5283;0;0;0;5283;-5283
2024-04-14T02:45;2024-04-14T03:00;12;kWh;-16197;0;0;0;16197;-16197
2024-04-14T03:00;2024-04-14T03:15;13;kWh;-967;0;0;0;967;-967
2024-04-14T03:15;2024-04-14T03:30;14;kWh;0;0;0;0;0;0
2024-04-14T03:30;2024-04-14T03:45;15;kWh;0;6;0;0;6;6
2024-04-14T03:45;2024-04-14T04:00;16;kWh;0;3606;0;0;3606;3606
2024-04-14T04:00;2024-04-14T04:15;17;kWh;0;745;0;0;745;745
2024-04-14T04:15;2024-04-14T04:30;18;kWh;0;1974;0;0;1974;1974
2024-04-14T04:30;2024-04-14T04:45;19;kWh;0;21;0;0;21;21
2024-04-14T04:45;2024-04-14T05:00;20;kWh;-1368;0;0;0;1368;-1368
2024-04-14T05:00;2024-04-14T05:15;21;kWh;-31734;0;0;0;31734;-31734
2024-04-14T05:15;2024-04-14T05:30;22;kWh;-38448;0;0;0;38448;-38448
2024-04-14T05:30;2024-04-14T05:45;23;kWh;-30174;0;0;0;30174;-30174
2024-04-14T05:45;2024-04-14T06:00;24;kWh;-20902;0;0;0;20902;-20902
2024-04-14T06:00;2024-04-14T06:15;25;kWh;-20219;0;0;0;20219;-20219
2024-04-14T06:15;2024-04-14T06:30;26;kWh;-9456;0;0;0;9456;-9456
2024-04-14T06:30;2024-04-14T06:45;27;kWh;-15453;0;0;0;15453;-15453
2024-04-14T06:45;2024-04-14T07:00;28;kWh;-27183;0;0;0;27183;-27183
2024-04-14T07:00;2024-04-14T07:15;29;kWh;-9298;0;0;0;9298;-9298
2024-04-14T07:15;2024-04-14T07:30;30;kWh;-419;0;0;0;419;-419
2024-04-14T07:30;2024-04-14T07:45;31;kWh;-22293;0;0;0;22293;-22293
2024-04-14T07:45;2024-04-14T08:00;32;kWh;-29611;0;0;0;29611;-29611
2024-04-14T08:00;2024-04-14T08:15;33;kWh;-7484;0;0;0;7484;-7484
2024-04-14T08:15;2024-04-14T08:30;34;kWh;-40775;0;0;0;40775;-40775
2024-04-14T08:30;2024-04-14T08:45;35;kWh;-47456;0;0;0;47456;-47456
2024-04-14T08:45;2024-04-14T09:00;36;kWh;-66112;0;0;0;66112;-66112
2024-04-14T09:00;2024-04-14T09:15;37;kWh;-51269;0;0;0;51269;-51269
2024-04-14T09:15;2024-04-14T09:30;38;kWh;-71654;0;0;0;71654;-71654
2024-04-14T09:30;2024-04-14T09:45;39;kWh;-88280;0;0;0;88280;-88280
2024-04-14T09:45;2024-04-14T10:00;40;kWh;-82322;0;0;0;82322;-82322
2024-04-14T10:00;2024-04-14T10:15;41;kWh;-19493;0;0;0;19493;-19493
2024-04-14T10:15;2024-04-14T10:30;42;kWh;-34832;0;0;0;34832;-34832
2024-04-14T10:30;2024-04-14T10:45;43;kWh;-31144;0;0;0;31144;-31144
2024-04-14T10:45;2024-04-14T11:00;44;kWh;-44858;0;0;0;44858;-44858
2024-04-14T11:00;2024-04-14T11:15;45;kWh;-7384;0;0;0;7384;-7384
2024-04-14T11:15;2024-04-14T11:30;46;kWh;-308;0;0;0;308;-308
2024-04-14T11:30;2024-04-14T11:45;47;kWh;-5910;0;0;0;5910;-5910
2024-04-14T11:45;2024-04-14T12:00;48;kWh;-22380;0;0;0;22380;-22380
2024-04-14T12:00;2024-04-14T12:15;49;kWh;-32284;0;0;0;32284;-32284
2024-04-14T12:15;2024-04-14T12:30;50;kWh;-42419;0;0;0;42419;-42419
2024-04-14T12:30;2024-04-14T12:45;51;kWh;-69442;0;0;0;69442;-69442
2024-04-14T12:45;2024-04-14T13:00;52;kWh;-42816;0;0;0;42816;-42816
2024-04-14T13:00;2024-04-14T13:15;53;kWh;-67264;0;0;0;67264;-67264
2024-04-14T13:15;2024-04-14T13:30;54;kWh;-59487;0;0;0;59487;-59487
2024-04-14T13:30;2024-04-14T13:45;55;kWh;-47794;0;0;0;47794;-47794
2024-04-14T13:45;2024-04-14T14:00;56;kWh;-55129;0;0;0;55129;-55129
2024-04-14T14:00;2024-04-14T14:15;57;kWh;-74133;0;0;0;74133;-74133
2024-04-14T14:15;2024-04-14T14:30;58;kWh;-65523;0;0;0;65523;-65523
2024-04-14T14:30;2024-04-14T14:45;59;kWh;-25911;0;0;0;25911;-25911
2024-04-14T14:45;2024-04-14T15:00;60;kWh;-18362;0;0;0;18362;-18362
2024-04-14T15:00;2024-04-14T15:15;61;kWh;-23150;0;0;0;23150;-23150
2024-04-14T15:15;2024-04-14T15:30;62;kWh;-8272;0;0;0;8272;-8272
2024-04-14T15:30;2024-04-14T15:45;63;kWh;-184;0;0;0;184;-184
2024-04-14T15:45;2024-04-14T16:00;64;kWh;-290;0;0;0;290;-290
2024-04-14T16:00;2024-04-14T16:15;65;kWh;-34329;0;0;0;34329;-34329
2024-04-14T16:15;2024-04-14T16:30;66;kWh;-21927;0;0;0;21927;-21927
2024-04-14T16:30;2024-04-14T16:45;67;kWh;-19973;2564;0;0;22537;-17409
2024-04-14T16:45;2024-04-14T17:00;68;kWh;0;50736;0;0;50736;50736
2024-04-14T17:00;2024-04-14T17:15;69;kWh;-46852;1123;0;0;47975;-45729
2024-04-14T17:15;2024-04-14T17:30;70;kWh;-34169;698;0;0;34867;-33471
2024-04-14T17:30;2024-04-14T17:45;71;kWh;-13916;144;0;0;14060;-13772
2024-04-14T17:45;2024-04-14T18:00;72;kWh;-935;0;0;0;935;-935
2024-04-14T18:00;2024-04-14T18:15;73;kWh;-17496;0;0;0;17496;-17496
2024-04-14T18:15;2024-04-14T18:30;74;kWh;-4030;0;0;0;4030;-4030
2024-04-14T18:30;2024-04-14T18:45;75;kWh;-1542;0;0;0;1542;-1542
2024-04-14T18:45;2024-04-14T19:00;76;kWh;0;0;0;0;0;0
2024-04-14T19:00;2024-04-14T19:15;77;kWh;-5121;0;0;0;5121;-5121
2024-04-14T19:15;2024-04-14T19:30;78;kWh;-1212;0;0;0;1212;-1212
2024-04-14T19:30;2024-04-14T19:45;79;kWh;-544;0;0;0;544;-544
2024-04-14T19:45;2024-04-14T20:00;80;kWh;0;0;0;0;0;0
2024-04-14T20:00;2024-04-14T20:15;81;kWh;0;0;0;0;0;0
2024-04-14T20:15;2024-04-14T20:30;82;kWh;0;0;0;0;0;0
2024-04-14T20:30;2024-04-14T20:45;83;kWh;0;0;0;0;0;0
2024-04-14T20:45;2024-04-14T21:00;84;kWh;0;15277;0;0;15277;15277
2024-04-14T21:00;2024-04-14T21:15;85;kWh;0;39027;0;0;39027;39027
2024-04-14T21:15;2024-04-14T21:30;86;kWh;0;33631;0;0;33631;33631
2024-04-14T21:30;2024-04-14T21:45;87;kWh;0;4398;0;0;4398;4398
2024-04-14T21:45;2024-04-14T22:00;88;kWh;0;223;0;0;223;223
2024-04-14T22:00;2024-04-14T22:15;89;kWh;0;33377;0;0;33377;33377
2024-04-14T22:15;2024-04-14T22:30;90;kWh;0;24378;0;0;24378;24378
2024-04-14T22:30;2024-04-14T22:45;91;kWh;0;9202;0;0;9202;9202
2024-04-14T22:45;2024-04-14T23:00;92;kWh;-4376;0;0;0;4376;-4376
2024-04-14T23:00;2024-04-14T23:15;93;kWh;-735;47485;0;0;48220;46750
2024-04-14T23:15;2024-04-14T23:30;94;kWh;0;28688;0;0;28688;28688
2024-04-14T23:30;2024-04-14T23:45;95;kWh;0;10885;0;0;10885;10885
2024-04-14T23:45;2024-04-15T00:00;96;kWh;0;20172;0;0;20172;20172
2024-04-15T00:00;2024-04-15T00:15;1;kWh;-157;221;0;0;378;64
2024-04-15T00:15;2024-04-15T00:30;2;kWh;0;899;0;0;899;899
2024-04-15T00:30;2024-04-15T00:45;3;kWh;0;13698;0;0;13698;13698
2024-04-15T00:45;2024-04-15T01:00;4;kWh;0;28965;0;0;28965;28965
2024-04-15T01:00;2024-04-15T01:15;5;kWh;-4194;5581;0;0;9775;1387
2024-04-15T01:15;2024-04-15T01:30;6;kWh;-8117;961;0;0;9078;-7156
2024-04-15T01:30;2024-04-15T01:45;7;kWh;-2266;0;0;0;2266;-2266
2024-04-15T01:45;2024-04-15T02:00;8;kWh;-2746;17515;0;0;20261;14769
2024-04-15T02:00;2024-04-15T02:15;9;kWh;0;31098;0;0;31098;31098
2024-04-15T02:15;2024-04-15T02:30;10;kWh;0;26268;0;0;26268;26268
2024-04-15T02:30;2024-04-15T02:45;11;kWh;0;6158;0;0;6158;6158
2024-04-15T02:45;2024-04-15T03:00;12;kWh;-15;0;0;0;15;-15
2024-04-15T03:00;2024-04-15T03:15;13;kWh;-9241;351;0;0;9592;-8890
2024-04-15T03:15;2024-04-15T03:30;14;kWh;-28171;744;0;0;28915;-27427
2024-04-15T03:30;2024-04-15T03:45;15;kWh;-19541;0;0;0;19541;-19541
2024-04-15T03:45;2024-04-15T04:00;16;kWh;-5379;0;0;0;5379;-5379
2024-04-15T04:00;2024-04-15T04:15;17;kWh;-17246;0;0;0;17246;-17246
2024-04-15T04:15;2024-04-15T04:30;18;kWh;-5902;0;0;0;5902;-5902
2024-04-15T04:30;2024-04-15T04:45;19;kWh;-142;0;0;0;142;-142
2024-04-15T04:45;2024-04-15T05:00;20;kWh;-326;0;0;0;326;-326
2024-04-15T05:00;2024-04-15T05:15;21;kWh;0;2519;0;0;2519;2519
2024-04-15T05:15;2024-04-15T05:30;22;kWh;0;5497;0;0;5497;5497
2024-04-15T05:30;2024-04-15T05:45;23;kWh;0;6263;0;0;6263;6263
2024-04-15T05:45;2024-04-15T06:00;24;kWh;0;10386;0;0;10386;10386
2024-04-15T06:00;2024-04-15T06:15;25;kWh;0;8691;0;0;8691;8691
2024-04-15T06:15;2024-04-15T06:30;26;kWh;0;19649;0;0;19649;19649
2024-04-15T06:30;2024-04-15T06:45;27;kWh;0;2545;0;0;2545;2545
2024-04-15T06:45;2024-04-15T07:00;28;kWh;0;93;0;0;93;93
2024-04-15T07:00;2024-04-15T07:15;29;kWh;0;13666;0;0;13666;13666
2024-04-15T07:15;2024-04-15T07:30;30;kWh;0;20137;0;0;20137;20137
2024-04-15T07:30;2024-04-15T07:45;31;kWh;0;7983;0;0;7983;7983
2024-04-15T07:45;2024-04-15T08:00;32;kWh;-7767;906;0;0;8673;-6861
2024-04-15T08:00;2024-04-15T08:15;33;kWh;0;26244;0;0;26244;26244
2024-04-15T08:15;2024-04-15T08:30;34;kWh;-12726;169;0;0;12895;-12557
2024-04-15T08:30;2024-04-15T08:45;35;kWh;-36002;0;0;0;36002;-36002
2024-04-15T08:45;2024-04-15T09:00;36;kWh;-37552;0;0;0;37552;-37552
2024-04-15T09:00;2024-04-15T09:15;37;kWh;-7740;0;0;0;7740;-7740
2024-04-15T09:15;2024-04-15T09:30;38;kWh;-5483;811;0;0;6294;-4672
2024-04-15T09:30;2024-04-15T09:45;39;kWh;-7291;0;0;0;7291;-7291
2024-04-15T09:45;2024-04-15T10:00;40;kWh;-12027;0;0;0;12027;-12027
2024-04-15T10:00;2024-04-15T10:15;41;kWh;-24496;0;0;0;24496;-24496
2024-04-15T10:15;2024-04-15T10:30;42;kWh;-38876;0;0;0;38876;-38876
2024-04-15T10:30;2024-04-15T10:45;43;kWh;-29376;0;0;0;29376;-29376
2024-04-15T10:45;2024-04-15T11:00;44;kWh;-39686;0;0;0;39686;-39686
2024-04-15T11:00;2024-04-15T11:15;45;kWh;-25999;0;0;0;25999;-25999
2024-04-15T11:15;2024-04-15T11:30;46;kWh;-22023;0;0;0;22023;-22023
2024-04-15T11:30;2024-04-15T11:45;47;kWh;-12908;0;0;0;12908;-12908
2024-04-15T11:45;2024-04-15T12:00;48;kWh;-7877;0;0;0;7877;-7877
2024-04-15T12:00;2024-04-15T12:15;49;kWh;-3725;0;0;0;3725;-3725
2024-04-15T12:15;2024-04-15T12:30;50;kWh;-5277;0;0;0;5277;-5277
2024-04-15T12:30;2024-04-15T12:45;51;kWh;-3206;0;0;0;3206;-3206
2024-04-15T12:45;2024-04-15T13:00;52;kWh;-3367;0;0;0;3367;-3367
2024-04-15T13:00;2024-04-15T13:15;53;kWh;-2052;0;0;0;2052;-2052
2024-04-15T13:15;2024-04-15T13:30;54;kWh;-5083;124;0;0;5207;-4959
2024-04-15T13:30;2024-04-15T13:45;55;kWh;0;29183;0;0;29183;29183
2024-04-15T13:45;2024-04-15T14:00;56;kWh;0;3626;0;0;3626;3626
2024-04-15T14:00;2024-04-15T14:15;57;kWh;0;2512;0;0;2512;2512
2024-04-15T14:15;2024-04-15T14:30;58;kWh;0;4386;0;0;4386;4386
2024-04-15T14:30;2024-04-15T14:45;59;kWh;0;5;0;0;5;5
2024-04-15T14:45;2024-04-15T15:00;60;kWh;0;199;0;0;199;199
2024-04-15T15:00;2024-04-15T15:15;61;kWh;0;6478;0;0;6478;6478
2024-04-15T15:15;2024-04-15T15:30;62;kWh;0;45296;0;0;45296;45296
2024-04-15T15:30;2024-04-15T15:45;63;kWh;0;32856;0;0;32856;32856
2024-04-15T15:45;2024-04-15T16:00;64;kWh;-3285;357;0;0;3642;-2928
2024-04-15T16:00;2024-04-15T16:15;65;kWh;-905;0;0;0;905;-905
2024-04-15T16:15;2024-04-15T16:30;66;kWh;-887;0;0;0;887;-887
2024-04-15T16:30;2024-04-15T16:45;67;kWh;-23989;0;0;0;23989;-23989
2024-04-15T16:45;2024-04-15T17:00;68;kWh;-22872;0;0;0;22872;-22872
2024-04-15T17:00;2024-04-15T17:15;69;kWh;-15865;0;0;0;15865;-15865
2024-04-15T17:15;2024-04-15T17:30;70;kWh;-3791;0;0;0;3791;-3791
2024-04-15T17:30;2024-04-15T17:45;71;kWh;-32;0;0;0;32;-32
2024-04-15T17:45;2024-04-15T18:00;72;kWh;0;6962;0;0;6962;6962
2024-04-15T18:00;2024-04-15T18:15;73;kWh;-21671;840;0;0;22511;-20831
2024-04-15T18:15;2024-04-15T18:30;74;kWh;-7574;2982;0;0;10556;-4592
2024-04-15T18:30;2024-04-15T18:45;75;kWh;0;5256;0;0;5256;5256
2024-04-15T18:45;2024-04-15T19:00;76;kWh;0;3754;0;0;3754;3754
2024-04-15T19:00;2024-04-15T19:15;77;kWh;0;668;0;0;668;668
2024-04-15T19:15;2024-04-15T19:30;78;kWh;0;1403;0;0;1403;1403
2024-04-15T19:30;2024-04-15T19:45;79;kWh;0;32498;0;0;32498;32498
2024-04-15T19:45;2024-04-15T20:00;80;kWh;0;37726;0;0;37726;37726
2024-04-15T20:00;2024-04-15T20:15;81;kWh;-1465;543;0;0;2008;-922
2024-04-15T20:15;2024-04-15T20:30;82;kWh;0;0;0;0;0;0
2024-04-15T20:30;2024-04-15T20:45;83;kWh;0;0;0;0;0;0
2024-04-15T20:45;2024-04-15T21:00;84;kWh;0;2283;0;0;2283;2283
2024-04-15T21:00;2024-04-15T21:15;85;kWh;0;601;0;0;601;601
2024-04-15T21:15;2024-04-15T21:30;86;kWh;0;358;0;0;358;358
2024-04-15T21:30;2024-04-15T21:45;87;kWh;-10406;0;0;0;10406;-10406
2024-04-15T21:45;2024-04-15T22:00;88;kWh;-13655;0;0;0;13655;-13655
2024-04-15T22:00;2024-04-15T22:15;89;kWh;-2938;0;0;0;2938;-2938
2024-04-15T22:15;2024-04-15T22:30;90;kWh;-1006;0;0;0;1006;-1006
2024-04-15T22:30;2024-04-15T22:45;91;kWh;0;0;0;0;0;0
2024-04-15T22:45;2024-04-15T23:00;92;kWh;-102;0;0;0;102;-102
2024-04-15T23:00;2024-04-15T23:15;93;kWh;-274;23584;0;0;23858;23310
2024-04-15T23:15;2024-04-15T23:30;94;kWh;0;43942;0;0;43942;43942
2024-04-15T23:30;2024-04-15T23:45;95;kWh;0;18790;0;0;18790;18790
2024-04-15T23:45;2024-04-16T00:00;96;kWh;-2722;1163;0;0;3885;-1559
2024-04-16T00:00;2024-04-16T00:15;1;kWh;-4052;6115;0;0;10167;2063
2024-04-16T00:15;2024-04-16T00:30;2;kWh;0;8573;0;0;8573;8573
2024-04-16T00:30;2024-04-16T00:45;3;kWh;0;799;0;0;799;799
2024-04-16T00:45;2024-04-16T01:00;4;kWh;0;4692;0;0;4692;4692
2024-04-16T01:00;2024-04-16T01:15;5;kWh;0;71218;0;0;71218;71218
2024-04-16T01:15;2024-04-16T01:30;6;kWh;0;62792;0;0;62792;62792
2024-04-16T01:30;2024-04-16T01:45;7;kWh;0;20987;0;0;20987;20987
2024-04-16T01:45;2024-04-16T02:00;8;kWh;-430;18130;0;0;18560;17700
2024-04-16T02:00;2024-04-16T02:15;9;kWh;-21714;19;0;0;21733;-21695
2024-04-16T02:15;2024-04-16T02:30;10;kWh;-19095;0;0;0;19095;-19095
2024-04-16T02:30;2024-04-16T02:45;11;kWh;-11485;0;0;0;11485;-11485
2024-04-16T02:45;2024-04-16T03:00;12;kWh;-12048;0;0;0;12048;-12048
2024-04-16T03:00;2024-04-16T03:15;13;kWh;-20113;0;0;0;20113;-20113
2024-04-16T03:15;2024-04-16T03:30;14;kWh;-20340;0;0;0;20340;-20340
2024-04-16T03:30;2024-04-16T03:45;15;kWh;-25928;0;0;0;25928;-25928
2024-04-16T03:45;2024-04-16T04:00;16;kWh;-20887;0;0;0;20887;-20887
2024-04-16T04:00;2024-04-16T04:15;17;kWh;-13011;0;0;0;13011;-13011
2024-04-16T04:15;2024-04-16T04:30;18;kWh;-20770;0;0;0;20770;-20770
2024-04-16T04:30;2024-04-16T04:45;19;kWh;-352;4717;0;0;5069;4365
2024-04-16T04:45;2024-04-16T05:00;20;kWh;0;19160;0;0;19160;19160
2024-04-16T05:00;2024-04-16T05:15;21;kWh;-8909;4119;0;0;13028;-4790
2024-04-16T05:15;2024-04-16T05:30;22;kWh;-17483;0;0;0;17483;-17483
2024-04-16T05:30;2024-04-16T05:45;23;kWh;-36;1035;0;0;1071;999
2024-04-16T05:45;2024-04-16T06:00;24;kWh;-565;0;0;0;565;-565
2024-04-16T06:00;2024-04-16T06:15;25;kWh;-5646;0;0;0;5646;-5646
2024-04-16T06:15;2024-04-16T06:30;26;kWh;-14060;3;0;0;14063;-14057
2024-04-16T06:30;2024-04-16T06:45;27;kWh;-2421;16;0;0;2437;-2405
2024-04-16T06:45;2024-04-16T07:00;28;kWh;-8936;0;0;0;8936;-8936
2024-04-16T07:00;2024-04-16T07:15;29;kWh;-9813;10;0;0;9823;-9803
2024-04-16T07:15;2024-04-16T07:30;30;kWh;-27;3267;0;0;3294;3240
2024-04-16T07:30;2024-04-16T07:45;31;kWh;0;4051;0;0;4051;4051
2024-04-16T07:45;2024-04-16T08:00;32;kWh;0;3739;0;0;3739;3739
2024-04-16T08:00;2024-04-16T08:15;33;kWh;0;177;0;0;177;177
2024-04-16T08:15;2024-04-16T08:30;34;kWh;0;0;0;0;0;0
2024-04-16T08:30;2024-04-16T08:45;35;kWh;0;0;0;0;0;0
2024-04-16T08:45;2024-04-16T09:00;36;kWh;-3824;0;0;0;3824;-3824
2024-04-16T09:00;2024-04-16T09:15;37;kWh;-7259;0;0;0;7259;-7259
2024-04-16T09:15;2024-04-16T09:30;38;kWh;-10947;0;0;0;10947;-10947
2024-04-16T09:30;2024-04-16T09:45;39;kWh;-20356;0;0;0;20356;-20356
2024-04-16T09:45;2024-04-16T10:00;40;kWh;-30622;0;0;0;30622;-30622
2024-04-16T10:00;2024-04-16T10:15;41;kWh;-4327;0;0;0;4327;-4327
2024-04-16T10:15;2024-04-16T10:30;42;kWh;-6620;0;0;0;6620;-6620
2024-04-16T10:30;2024-04-16T10:45;43;kWh;-17708;0;0;0;17708;-17708
2024-04-16T10:45;2024-04-16T11:00;44;kWh;-29065;0;0;0;29065;-29065
2024-04-16T11:00;2024-04-16T11:15;45;kWh;-11756;0;0;0;11756;-11756
2024-04-16T11:15;2024-04-16T11:30;46;kWh;-13078;0;0;0;13078;-13078
2024-04-16T11:30;2024-04-16T11:45;47;kWh;-27720;0;0;0;27720;-27720
2024-04-16T11:45;2024-04-16T12:00;48;kWh;-38621;7;0;0;38628;-38614
2024-04-16T12:00;2024-04-16T12:15;49;kWh;-14;942;0;0;956;928
2024-04-16T12:15;2024-04-16T12:30;50;kWh;0;10857;0;0;10857;10857
2024-04-16T12:30;2024-04-16T12:45;51;kWh;-248;0;0;0;248;-248
2024-04-16T12:45;2024-04-16T13:00;52;kWh;-9763;700;0;0;10463;-9063
2024-04-16T13:00;2024-04-16T13:15;53;kWh;0;5030;0;0;5030;5030
2024-04-16T13:15;2024-04-16T13:30;54;kWh;0;4204;0;0;4204;4204
2024-04-16T13:30;2024-04-16T13:45;55;kWh;0;13689;0;0;13689;13689
2024-04-16T13:45;2024-04-16T14:00;56;kWh;0;7928;0;0;7928;7928
2024-04-16T14:00;2024-04-16T14:15;57;kWh;0;30683;0;0;30683;30683
2024-04-16T14:15;2024-04-16T14:30;58;kWh;0;3282;0;0;3282;3282
2024-04-16T14:30;2024-04-16T14:45;59;kWh;0;2516;0;0;2516;2516
2024-04-16T14:45;2024-04-16T15:00;60;kWh;0;3248;0;0;3248;3248
2024-04-16T15:00;2024-04-16T15:15;61;kWh;0;4716;0;0;4716;4716
2024-04-16T15:15;2024-04-16T15:30;62;kWh;0;1416;0;0;1416;1416
2024-04-16T15:30;2024-04-16T15:45;63;kWh;0;48063;0;0;48063;48063
2024-04-16T15:45;2024-04-16T16:00;64;kWh;0;85759;0;0;85759;85759
2024-04-16T16:00;2024-04-16T16:15;65;kWh;-1256;3321;0;0;4577;2065
2024-04-16T16:15;2024-04-16T16:30;66;kWh;-1545;195;0;0;1740;-1350
2024-04-16T16:30;2024-04-16T16:45;67;kWh;-1446;123;0;0;1569;-1323
2024-04-16T16:45;2024-04-16T17:00;68;kWh;-18937;0;0;0;18937;-18937
2024-04-16T17:00;2024-04-16T17:15;69;kWh;-21999;0;0;0;21999;-21999
2024-04-16T17:15;2024-04-16T17:30;70;kWh;-2492;0;0;0;2492;-2492
2024-04-16T17:30;2024-04-16T17:45;71;kWh;-774;0;0;0;774;-774
2024-04-16T17:45;2024-04-16T18:00;72;kWh;-533;0;0;0;533;-533
2024-04-16T18:00;2024-04-16T18:15;73;kWh;-25177;0;0;0;25177;-25177
2024-04-16T18:15;2024-04-16T18:30;74;kWh;-25503;0;0;0;25503;-25503
2024-04-16T18:30;2024-04-16T18:45;75;kWh;-19386;0;0;0;19386;-19386
2024-04-16T18:45;2024-04-16T19:00;76;kWh;-1143;0;0;0;1143;-1143
2024-04-16T19:00;2024-04-16T19:15;77;kWh;-28591;0;0;0;28591;-28591
2024-04-16T19:15;2024-04-16T19:30;78;kWh;-22609;0;0;0;22609;-22609
2024-04-16T19:30;2024-04-16T19:45;79;kWh;-2291;0;0;0;2291;-2291
2024-04-16T19:45;2024-04-16T20:00;80;kWh;-364;0;0;0;364;-364
2024-04-16T20:00;2024-04-16T20:15;81;kWh;-1687;0;0;0;1687;-1687
2024-04-16T20:15;2024-04-16T20:30;82;kWh;-486;0;0;0;486;-486
2024-04-16T20:30;2024-04-16T20:45;83;kWh;-527;1595;0;0;2122;1068
2024-04-16T20:45;2024-04-16T21:00;84;kWh;0;11613;0;0;11613;11613
2024-04-16T21:00;2024-04-16T21:15;85;kWh;0;3055;0;0;3055;3055
2024-04-16T21:15;2024-04-16T21:30;86;kWh;0;84128;0;0;84128;84128
2024-04-16T21:30;2024-04-16T21:45;87;kWh;0;69142;0;0;69142;69142
2024-04-16T21:45;2024-04-16T22:00;88;kWh;0;27905;0;0;27905;27905
2024-04-16T22:00;2024-04-16T22:15;89;kWh;-9524;717;0;0;10241;-8807
2024-04-16T22:15;2024-04-16T22:30;90;kWh;-6004;27322;0;0;33326;21318
2024-04-16T22:30;2024-04-16T22:45;91;kWh;0;22260;0;0;22260;22260
2024-04-16T22:45;2024-04-16T23:00;92;kWh;-1136;2176;0;0;3312;1040
2024-04-16T23:00;2024-04-16T23:15;93;kWh;-12890;0;0;0;12890;-12890
2024-04-16T23:15;2024-04-16T23:30;94;kWh;0;729;0;0;729;729
2024-04-16T23:30;2024-04-16T23:45;95;kWh;0;18774;0;0;18774;18774
2024-04-16T23:45;2024-04-17T00:00;96;kWh;0;56146;0;0;56146;56146
2024-04-17T00:00;2024-04-17T00:15;1;kWh;0;57251;0;0;57251;57251
2024-04-17T00:15;2024-04-17T00:30;2;kWh;0;37077;0;0;37077;37077
2024-04-17T00:30;2024-04-17T00:45;3;kWh;-1108;272;0;0;1380;-836
2024-04-17T00:45;2024-04-17T01:00;4;kWh;-6788;0;0;0;6788;-6788
2024-04-17T01:00;2024-04-17T01:15;5;kWh;-20641;0;0;0;20641;-20641
2024-04-17T01:15;2024-04-17T01:30;6;kWh;-64;0;0;0;64;-64
2024-04-17T01:30;2024-04-17T01:45;7;kWh;-809;0;0;0;809;-809
2024-04-17T01:45;2024-04-17T02:00;8;kWh;-1550;0;0;0;1550;-1550
2024-04-17T02:00;2024-04-17T02:15;9;kWh;-1777;0;0;0;1777;-1777
2024-04-17T02:15;2024-04-17T02:30;10;kWh;0;0;0;0;0;0
2024-04-17T02:30;2024-04-17T02:45;11;kWh;-6417;0;0;0;6417;-6417
2024-04-17T02:45;2024-04-17T03:00;12;kWh;-43017;0;0;0;43017;-43017
2024-04-17T03:00;2024-04-17T03:15;13;kWh;-17747;0;0;0;17747;-17747
2024-04-17T03:15;2024-04-17T03:30;14;kWh;-14978;0;0;0;14978;-14978
2024-04-17T03:30;2024-04-17T03:45;15;kWh;-11438;0;0;0;11438;-11438
2024-04-17T03:45;2024-04-17T04:00;16;kWh;-3881;0;0;0;3881;-3881
2024-04-17T04:00;2024-04-17T04:15;17;kWh;-7157;0;0;0;7157;-7157
2024-04-17T04:15;2024-04-17T04:30;18;kWh;-4004;0;0;0;4004;-4004
2024-04-17T04:30;2024-04-17T04:45;19;kWh;-16268;0;0;0;16268;-16268
2024-04-17T04:45;2024-04-17T05:00;20;kWh;-5522;0;0;0;5522;-5522
2024-04-17T05:00;2024-04-17T05:15;21;kWh;-29052;0;0;0;29052;-29052
2024-04-17T05:15;2024-04-17T05:30;22;kWh;0;526;0;0;526;526
2024-04-17T05:30;2024-04-17T05:45;23;kWh;-618;0;0;0;618;-618
2024-04-17T05:45;2024-04-17T06:00;24;kWh;-17046;0;0;0;17046;-17046
2024-04-17T06:00;2024-04-17T06:15;25;kWh;-41050;0;0;0;41050;-41050
2024-04-17T06:15;2024-04-17T06:30;26;kWh;-21998;0;0;0;21998;-21998
2024-04-17T06:30;2024-04-17T06:45;27;kWh;-20706;0;0;0;20706;-20706
2024-04-17T06:45;2024-04-17T07:00;28;kWh;-1721;0;0;0;1721;-1721
2024-04-17T07:00;2024-04-17T07:15;29;kWh;-11517;0;0;0;11517;-11517
2024-04-17T07:15;2024-04-17T07:30;30;kWh;-1053;0;0;0;1053;-1053
2024-04-17T07:30;2024-04-17T07:45;31;kWh;0;1056;0;0;1056;1056
2024-04-17T07:45;2024-04-17T08:00;32;kWh;0;1000;0;0;1000;1000
2024-04-17T08:00;2024-04-17T08:15;33;kWh;0;42;0;0;42;42
2024-04-17T08:15;2024-04-17T08:30;34;kWh;0;9330;0;0;9330;9330
2024-04-17T08:30;2024-04-17T08:45;35;kWh;-906;1241;0;0;2147;335
2024-04-17T08:45;2024-04-17T09:00;36;kWh;-8859;0;0;0;8859;-8859
2024-04-17T09:00;2024-04-17T09:15;37;kWh;-7803;0;0;0;7803;-7803
2024-04-17T09:15;2024-04-17T09:30;38;kWh;-21174;0;0;0;21174;-21174
2024-04-17T09:30;2024-04-17T09:45;39;kWh;-5768;0;0;0;5768;-5768
2024-04-17T09:45;2024-04-17T10:00;40;kWh;-13896;0;0;0;13896;-13896
2024-04-17T10:00;2024-04-17T10:15;41;kWh;-33151;0;0;0;33151;-33151
2024-04-17T10:15;2024-04-17T10:30;42;kWh;-46311;0;0;0;46311;-46311
2024-04-17T10:30;2024-04-17T10:45;43;kWh;-36412;0;0;0;36412;-36412
2024-04-17T10:45;2024-04-17T11:00;44;kWh;-19777;0;0;0;19777;-19777
2024-04-17T11:00;2024-04-17T11:15;45;kWh;-16297;0;0;0;16297;-16297
2024-04-17T11:15;2024-04-17T11:30;46;kWh;-25302;0;0;0;25302;-25302
2024-04-17T11:30;2024-04-17T11:45;47;kWh;-33330;0;0;0;33330;-33330
2024-04-17T11:45;2024-04-17T12:00;48;kWh;-15095;4541;0;0;19636;-10554
2024-04-17T12:00;2024-04-17T12:15;49;kWh;-16300;65;0;0;16365;-16235
2024-04-17T12:15;2024-04-17T12:30;50;kWh;-43959;0;0;0;43959;-43959
2024-04-17T12:30;2024-04-17T12:45;51;kWh;-31299;0;0;0;31299;-31299
2024-04-17T12:45;2024-04-17T13:00;52;kWh;-39179;0;0;0;39179;-39179
2024-04-17T13:00;2024-04-17T13:15;53;kWh;-18788;0;0;0;18788;-18788
2024-04-17T13:15;2024-04-17T13:30;54;kWh;-41480;0;0;0;41480;-41480
2024-04-17T13:30;2024-04-17T13:45;55;kWh;-44493;0;0;0;44493;-44493
2024-04-17T13:45;2024-04-17T14:00;56;kWh;-65671;0;0;0;65671;-65671
2024-04-17T14:00;2024-04-17T14:15;57;kWh;-6471;0;0;0;6471;-6471
2024-04-17T14:15;2024-04-17T14:30;58;kWh;-21804;0;0;0;21804;-21804
2024-04-17T14:30;2024-04-17T14:45;59;kWh;-236;32105;0;0;32341;31869
2024-04-17T14:45;2024-04-17T15:00;60;kWh;0;34345;0;0;34345;34345
2024-04-17T15:00;2024-04-17T15:15;61;kWh;0;2391;0;0;2391;2391
2024-04-17T15:15;2024-04-17T15:30;62;kWh;0;42829;0;0;42829;42829
2024-04-17T15:30;2024-04-17T15:45;63;kWh;0;24439;0;0;24439;24439
2024-04-17T15:45;2024-04-17T16:00;64;kWh;-8178;35;0;0;8213;-8143
2024-04-17T16:00;2024-04-17T16:15;65;kWh;-44551;0;0;0;44551;-44551
2024-04-17T16:15;2024-04-17T16:30;66;kWh;-10107;0;0;0;10107;-10107
2024-04-17T16:30;2024-04-17T16:45;67;kWh;-11081;0;0;0;11081;-11081
2024-04-17T16:45;2024-04-17T17:00;68;kWh;-618;0;0;0;618;-618
2024-04-17T17:00;2024-04-17T17:15;69;kWh;0;1288;0;0;1288;1288
2024-04-17T17:15;2024-04-17T17:30;70;kWh;0;1097;0;0;1097;1097
2024-04-17T17:30;2024-04-17T17:45;71;kWh;0;8261;0;0;8261;8261
2024-04-17T17:45;2024-04-17T18:00;72;kWh;0;2654;0;0;2654;2654
2024-04-17T18:00;2024-04-17T18:15;73;kWh;0;2254;0;0;2254;2254
2024-04-17T18:15;2024-04-17T18:30;74;kWh;0;18421;0;0;18421;18421
2024-04-17T18:30;2024-04-17T18:45;75;kWh;0;40838;0;0;40838;40838
2024-04-17T18:45;2024-04-17T19:00;76;kWh;0;55631;0;0;55631;55631
2024-04-17T19:00;2024-04-17T19:15;77;kWh;-12557;2578;0;0;15135;-9979
2024-04-17T19:15;2024-04-17T19:30;78;kWh;-33044;0;0;0;33044;-33044
2024-04-17T19:30;2024-04-17T19:45;79;kWh;-3341;98;0;0;3439;-3243
2024-04-17T19:45;2024-04-17T20:00;80;kWh;0;23041;0;0;23041;23041
2024-04-17T20:00;2024-04-17T20:15;81;kWh;0;12179;0;0;12179;12179
2024-04-17T20:15;2024-04-17T20:30;82;kWh;0;14849;0;0;14849;14849
2024-04-17T20:30;2024-04-17T20:45;83;kWh;0;63763;0;0;63763;63763
2024-04-17T20:45;2024-04-17T21:00;84;kWh;0;66617;0;0;66617;66617
2024-04-17T21:00;2024-04-17T21:15;85;kWh;0;60097;0;0;60097;60097
2024-04-17T21:15;2024-04-17T21:30;86;kWh;0;25444;0;0;25444;25444
2024-04-17T21:30;2024-04-17T21:45;87;kWh;-27;243;0;0;270;216
2024-04-17T21:45;2024-04-17T22:00;88;kWh;-4946;0;0;0;4946;-4946
2024-04-17T22:00;2024-04-17T22:15;89;kWh;-282;0;0;0;282;-282
2024-04-17T22:15;2024-04-17T22:30;90;kWh;0;12183;0;0;12183;12183
2024-04-17T22:30;2024-04-17T22:45;91;kWh;0;12020;0;0;12020;12020
2024-04-17T22:45;2024-04-17T23:00;92;kWh;0;4342;0;0;4342;4342
2024-04-17T23:00;2024-04-17T23:15;93;kWh;0;31230;0;0;31230;31230
2024-04-17T23:15;2024-04-17T23:30;94;kWh;0;20070;0;0;20070;20070
2024-04-17T23:30;2024-04-17T23:45;95;kWh;-1175;26;0;0;1201;-1149
2024-04-17T23:45;2024-04-18T00:00;96;kWh;-14816;0;0;0;14816;-14816
2024-04-18T00:00;2024-04-18T00:15;1;kWh;-5014;0;0;0;5014;-5014
2024-04-18T00:15;2024-04-18T00:30;2;kWh;0;790;0;0;790;790
2024-04-18T00:30;2024-04-18T00:45;3;kWh;0;14185;0;0;14185;14185
2024-04-18T00:45;2024-04-18T01:00;4;kWh;0;1125;0;0;1125;1125
2024-04-18T01:00;2024-04-18T01:15;5;kWh;0;7720;0;0;7720;7720
2024-04-18T01:15;2024-04-18T01:30;6;kWh;0;1428;0;0;1428;1428
2024-04-18T01:30;2024-04-18T01:45;7;kWh;0;2613;0;0;2613;2613
2024-04-18T01:45;2024-04-18T02:00;8;kWh;-670;24;0;0;694;-646
2024-04-18T02:00;2024-04-18T02:15;9;kWh;-1498;0;0;0;1498;-1498
2024-04-18T02:15;2024-04-18T02:30;10;kWh;0;0;0;0;0;0
2024-04-18T02:30;2024-04-18T02:45;11;kWh;0;5919;0;0;5919;5919
2024-04-18T02:45;2024-04-18T03:00;12;kWh;0;3456;0;0;3456;3456
2024-04-18T03:00;2024-04-18T03:15;13;kWh;0;10780;0;0;10780;10780
2024-04-18T03:15;2024-04-18T03:30;14;kWh;0;32767;0;0;32767;32767
2024-04-18T03:30;2024-04-18T03:45;15;kWh;0;22144;0;0;22144;22144
2024-04-18T03:45;2024-04-18T04:00;16;kWh;0;3296;0;0;3296;3296
2024-04-18T04:00;2024-04-18T04:15;17;kWh;0;17724;0;0;17724;17724
2024-04-18T04:15;2024-04-18T04:30;18;kWh;0;17585;0;0;17585;17585
2024-04-18T04:30;2024-04-18T04:45;19;kWh;0;6;0;0;6;6
2024-04-18T04:45;2024-04-18T05:00;20;kWh;0;2116;0;0;2116;2116
2024-04-18T05:00;2024-04-18T05:15;21;kWh;0;1710;0;0;1710;1710
2024-04-18T05:15;2024-04-18T05:30;22;kWh;-370;742;0;0;1112;372
2024-04-18T05:30;2024-04-18T05:45;23;kWh;-8632;0;0;0;8632;-8632
2024-04-18T05:45;2024-04-18T06:00;24;kWh;-85;0;0;0;85;-85
2024-04-18T06:00;2024-04-18T06:15;25;kWh;-1929;6487;0;0;8416;4558
2024-04-18T06:15;2024-04-18T06:30;26;kWh;0;51214;0;0;51214;51214
2024-04-18T06:30;2024-04-18T06:45;27;kWh;0;45960;0;0;45960;45960
2024-04-18T06:45;2024-04-18T07:00;28;kWh;0;39679;0;0;39679;39679
2024-04-18T07:00;2024-04-18T07:15;29;kWh;0;57952;0;0;57952;57952
2024-04-18T07:15;2024-04-18T07:30;30;kWh;0;35674;0;0;35674;35674
2024-04-18T07:30;2024-04-18T07:45;31;kWh;0;4424;0;0;4424;4424
2024-04-18T07:45;2024-04-18T08:00;32;kWh;-1224;0;0;0;1224;-1224
2024-04-18T08:00;2024-04-18T08:15;33;kWh;-1146;0;0;0;1146;-1146
2024-04-18T08:15;2024-04-18T08:30;34;kWh;-1184;0;0;0;1184;-1184
2024-04-18T08:30;2024-04-18T08:45;35;kWh;-33081;0;0;0;33081;-33081
2024-04-18T08:45;2024-04-18T09:00;36;kWh;-52520;0;0;0;52520;-52520
2024-04-18T09:00;2024-04-18T09:15;37;kWh;-16422;0;0;0;16422;-16422
2024-04-18T09:15;2024-04-18T09:30;38;kWh;-29290;0;0;0;29290;-29290
2024-04-18T09:30;2024-04-18T09:45;39;kWh;-20994;0;0;0;20994;-20994
2024-04-18T09:45;2024-04-18T10:00;40;kWh;-4229;0;0;0;4229;-4229
2024-04-18T10:00;2024-04-18T10:15;41;kWh;-13241;0;0;0;13241;-13241
2024-04-18T10:15;2024-04-18T10:30;42;kWh;-159;432;0;0;591;273
2024-04-18T10:30;2024-04-18T10:45;43;kWh;0;7285;0;0;7285;7285
2024-04-18T10:45;2024-04-18T11:00;44;kWh;0;3692;0;0;3692;3692
2024-04-18T11:00;2024-04-18T11:15;45;kWh;-623;0;0;0;623;-623
2024-04-18T11:15;2024-04-18T11:30;46;kWh;-1396;0;0;0;1396;-1396
2024-04-18T11:30;2024-04-18T11:45;47;kWh;-3335;0;0;0;3335;-3335
2024-04-18T11:45;2024-04-18T12:00;48;kWh;-4730;0;0;0;4730;-4730
2024-04-18T12:00;2024-04-18T12:15;49;kWh;-6669;0;0;0;6669;-6669
2024-04-18T12:15;2024-04-18T12:30;50;kWh;-26814;0;0;0;26814;-26814
2024-04-18T12:30;2024-04-18T12:45;51;kWh;-48066;0;0;0;48066;-48066
2024-04-18T12:45;2024-04-18T13:00;52;kWh;-17057;0;0;0;17057;-17057
2024-04-18T13:00;2024-04-18T13:15;53;kWh;-745;0;0;0;745;-745
2024-04-18T13:15;2024-04-18T13:30;54;kWh;0;20615;0;0;20615;20615
2024-04-18T13:30;2024-04-18T13:45;55;kWh;-339;11355;0;0;11694;11016
2024-04-18T13:45;2024-04-18T14:00;56;kWh;-21299;0;0;0;21299;-21299
2024-04-18T14:00;2024-04-18T14:15;57;kWh;-9912;0;0;0;9912;-9912
2024-04-18T14:15;2024-04-18T14:30;58;kWh;-10332;0;0;0;10332;-10332
2024-04-18T14:30;2024-04-18T14:45;59;kWh;-35349;0;0;0;35349;-35349
2024-04-18T14:45;2024-04-18T15:00;60;kWh;-40024;0;0;0;40024;-40024
2024-04-18T15:00;2024-04-18T15:15;61;kWh;-57483;0;0;0;57483;-57483
2024-04-18T15:15;2024-04-18T15:30;62;kWh;-41236;0;0;0;41236;-41236
2024-04-18T15:30;2024-04-18T15:45;63;kWh;-19650;0;0;0;19650;-19650
2024-04-18T15:45;2024-04-18T16:00;64;kWh;-30822;0;0;0;30822;-30822
2024-04-18T16:00;2024-04-18T16:15;65;kWh;-1063;2225;0;0;3288;1162
2024-04-18T16:15;2024-04-18T16:30;66;kWh;0;10889;0;0;10889;10889
2024-04-18T16:30;2024-04-18T16:45;67;kWh;0;9320;0;0;9320;9320
2024-04-18T16:45;2024-04-18T17:00;68;kWh;-474;38;0;0;512;-436
2024-04-18T17:00;2024-04-18T17:15;69;kWh;0;1252;0;0;1252;1252
2024-04-18T17:15;2024-04-18T17:30;70;kWh;0;424;0;0;424;424
2024-04-18T17:30;2024-04-18T17:45;71;kWh;0;3651;0;0;3651;3651
2024-04-18T17:45;2024-04-18T18:00;72;kWh;0;5646;0;0;5646;5646
2024-04-18T18:00;2024-04-18T18:15;73;kWh;0;438;0;0;438;438
2024-04-18T18:15;2024-04-18T18:30;74;kWh;-7720;0;0;0;7720;-7720
2024-04-18T18:30;2024-04-18T18:45;75;kWh;-6501;0;0;0;6501;-6501
2024-04-18T18:45;2024-04-18T19:00;76;kWh;-8471;0;0;0;8471;-8471
2024-04-18T19:00;2024-04-18T19:15;77;kWh;-6434;0;0;0;6434;-6434
2024-04-18T19:15;2024-04-18T19:30;78;kWh;-59;0;0;0;59;-59
2024-04-18T19:30;2024-04-18T19:45;79;kWh;0;0;0;0;0;0
2024-04-18T19:45;2024-04-18T20:00;80;kWh;0;2507;0;0;2507;2507
2024-04-18T20:00;2024-04-18T20:15;81;kWh;0;10268;0;0;10268;10268
2024-04-18T20:15;2024-04-18T20:30;82;kWh;0;135;0;0;135;135
2024-04-18T20:30;2024-04-18T20:45;83;kWh;-70;11;0;0;81;-59
2024-04-18T20:45;2024-04-18T21:00;84;kWh;-6600;0;0;0;6600;-6600
2024-04-18T21:00;2024-04-18T21:15;85;kWh;-3295;0;0;0;3295;-3295
2024-04-18T21:15;2024-04-18T21:30;86;kWh;-128;0;0;0;128;-128
2024-04-18T21:30;2024-04-18T21:45;87;kWh;-7359;0;0;0;7359;-7359
2024-04-18T21:45;2024-04-18T22:00;88;kWh;-5911;0;0;0;5911;-5911
2024-04-18T22:00;2024-04-18T22:15;89;kWh;-2076;2476;0;0;4552;400
2024-04-18T22:15;2024-04-18T22:30;90;kWh;0;1262;0;0;1262;1262
2024-04-18T22:30;2024-04-18T22:45;91;kWh;0;24822;0;0;24822;24822
2024-04-18T22:45;2024-04-18T23:00;92;kWh;0;22376;0;0;22376;22376
2024-04-18T23:00;2024-04-18T23:15;93;kWh;0;49802;0;0;49802;49802
2024-04-18T23:15;2024-04-18T23:30;94;kWh;0;36690;0;0;36690;36690
2024-04-18T23:30;2024-04-18T23:45;95;kWh;-29;5426;0;0;5455;5397
2024-04-18T23:45;2024-04-19T00:00;96;kWh;-27213;0;0;0;27213;-27213
2024-04-19T00:00;2024-04-19T00:15;1;kWh;-14765;2114;0;0;16879;-12651
2024-04-19T00:15;2024-04-19T00:30;2;kWh;0;882;0;0;882;882
2024-04-19T00:30;2024-04-19T00:45;3;kWh;0;20;0;0;20;20
2024-04-19T00:45;2024-04-19T01:00;4;kWh;0;353;0;0;353;353
2024-04-19T01:00;2024-04-19T01:15;5;kWh;0;13916;0;0;13916;13916
2024-04-19T01:15;2024-04-19T01:30;6;kWh;0;18480;0;0;18480;18480
2024-04-19T01:30;2024-04-19T01:45;7;kWh;0;1028;0;0;1028;1028
2024-04-19T01:45;2024-04-19T02:00;8;kWh;-171;0;0;0;171;-171
2024-04-19T02:00;2024-04-19T02:15;9;kWh;-2254;0;0;0;2254;-2254
2024-04-19T02:15;2024-04-19T02:30;10;kWh;0;0;0;0;0;0
2024-04-19T02:30;2024-04-19T02:45;11;kWh;0;251;0;0;251;251
2024-04-19T02:45;2024-04-19T03:00;12;kWh;0;210;0;0;210;210
2024-04-19T03:00;2024-04-19T03:15;13;kWh;0;2313;0;0;2313;2313
2024-04-19T03:15;2024-04-19T03:30;14;kWh;0;2805;0;0;2805;2805
2024-04-19T03:30;2024-04-19T03:45;15;kWh;0;749;0;0;749;749
2024-04-19T03:45;2024-04-19T04:00;16;kWh;0;0;0;0;0;0
2024-04-19T04:00;2024-04-19T04:15;17;kWh;0;0;0;0;0;0
2024-04-19T04:15;2024-04-19T04:30;18;kWh;0;0;0;0;0;0
2024-04-19T04:30;2024-04-19T04:45;19;kWh;-3619;0;0;0;3619;-3619
2024-04-19T04:45;2024-04-19T05:00;20;kWh;-416;0;0;0;416;-416
2024-04-19T05:00;2024-04-19T05:15;21;kWh;-1342;0;0;0;1342;-1342
2024-04-19T05:15;2024-04-19T05:30;22;kWh;0;1169;0;0;1169;1169
2024-04-19T05:30;2024-04-19T05:45;23;kWh;0;9267;0;0;9267;9267
2024-04-19T05:45;2024-04-19T06:00;24;kWh;0;6008;0;0;6008;6008
2024-04-19T06:00;2024-04-19T06:15;25;kWh;-3651;0;0;0;3651;-3651
2024-04-19T06:15;2024-04-19T06:30;26;kWh;-10;0;0;0;10;-10
2024-04-19T06:30;2024-04-19T06:45;27;kWh;0;13531;0;0;13531;13531
2024-04-19T06:45;2024-04-19T07:00;28;kWh;0;22781;0;0;22781;22781
2024-04-19T07:00;2024-04-19T07:15;29;kWh;0;1556;0;0;1556;1556
2024-04-19T07:15;2024-04-19T07:30;30;kWh;0;8903;0;0;8903;8903
2024-04-19T07:30;2024-04-19T07:45;31;kWh;0;5960;0;0;5960;5960
2024-04-19T07:45;2024-04-19T08:00;32;kWh;0;4590;0;0;4590;4590
2024-04-19T08:00;2024-04-19T08:15;33;kWh;0;9532;0;0;9532;9532
2024-04-19T08:15;2024-04-19T08:30;34;kWh;0;33986;0;0;33986;33986
2024-04-19T08:30;2024-04-19T08:45;35;kWh;0;11252;0;0;11252;11252
2024-04-19T08:45;2024-04-19T09:00;36;kWh;-140;8735;0;0;8875;8595
2024-04-19T09:00;2024-04-19T09:15;37;kWh;-1424;4746;0;0;6170;3322
2024-04-19T09:15;2024-04-19T09:30;38;kWh;0;27838;0;0;27838;27838
2024-04-19T09:30;2024-04-19T09:45;39;kWh;0;6036;0;0;6036;6036
2024-04-19T09:45;2024-04-19T10:00;40;kWh;-745;192;0;0;937;-553
2024-04-19T10:00;2024-04-19T10:15;41;kWh;-2018;42072;0;0;44090;40054
2024-04-19T10:15;2024-04-19T10:30;42;kWh;0;22559;0;0;22559;22559
2024-04-19T10:30;2024-04-19T10:45;43;kWh;-4468;1;0;0;4469;-4467
2024-04-19T10:45;2024-04-19T11:00;44;kWh;-8627;30;0;0;8657;-8597
2024-04-19T11:00;2024-04-19T11:15;45;kWh;0;68;0;0;68;68
2024-04-19T11:15;2024-04-19T11:30;46;kWh;-552;0;0;0;552;-552
2024-04-19T11:30;2024-04-19T11:45;47;kWh;-11678;0;0;0;11678;-11678
2024-04-19T11:45;2024-04-19T12:00;48;kWh;-24715;0;0;0;24715;-24715
2024-04-19T12:00;2024-04-19T12:15;49;kWh;-2972;10376;0;0;13348;7404
2024-04-19T12:15;2024-04-19T12:30;50;kWh;0;16643;0;0;16643;16643
2024-04-19T12:30;2024-04-19T12:45;51;kWh;0;99;0;0;99;99
2024-04-19T12:45;2024-04-19T13:00;52;kWh;0;4469;0;0;4469;4469
2024-04-19T13:00;2024-04-19T13:15;53;kWh;0;8732;0;0;8732;8732
2024-04-19T13:15;2024-04-19T13:30;54;kWh;-6724;2751;0;0;9475;-3973
2024-04-19T13:30;2024-04-19T13:45;55;kWh;-14655;0;0;0;14655;-14655
2024-04-19T13:45;2024-04-19T14:00;56;kWh;-31598;0;0;0;31598;-31598
2024-04-19T14:00;2024-04-19T14:15;57;kWh;-20400;0;0;0;20400;-20400
2024-04-19T14:15;2024-04-19T14:30;58;kWh;-29195;0;0;0;29195;-29195
2024-04-19T14:30;2024-04-19T14:45;59;kWh;-27948;0;0;0;27948;-27948
2024-04-19T14:45;2024-04-19T15:00;60;kWh;-31264;0;0;0;31264;-31264
2024-04-19T15:00;2024-04-19T15:15;61;kWh;-18194;0;0;0;18194;-18194
2024-04-19T15:15;2024-04-19T15:30;62;kWh;-15896;11;0;0;15907;-15885
2024-04-19T15:30;2024-04-19T15:45;63;kWh;-3651;1780;0;0;5431;-1871
2024-04-19T15:45;2024-04-19T16:00;64;kWh;0;0;0;0;0;0
2024-04-19T16:00;2024-04-19T16:15;65;kWh;0;0;0;0;0;0
2024-04-19T16:15;2024-04-19T16:30;66;kWh;-5282;3721;0;0;9003;-1561
2024-04-19T16:30;2024-04-19T16:45;67;kWh;-10284;5727;0;0;16011;-4557
2024-04-19T16:45;2024-04-19T17:00;68;kWh;-2274;0;0;0;2274;-2274
2024-04-19T17:00;2024-04-19T17:15;69;kWh;-5225;0;0;0;5225;-5225
2024-04-19T17:15;2024-04-19T17:30;70;kWh;-113;13732;0;0;13845;13619
2024-04-19T17:30;2024-04-19T17:45;71;kWh;0;59903;0;0;59903;59903
2024-04-19T17:45;2024-04-19T18:00;72;kWh;0;24324;0;0;24324;24324
2024-04-19T18:00;2024-04-19T18:15;73;kWh;-12668;4606;0;0;17274;-8062
2024-04-19T18:15;2024-04-19T18:30;74;kWh;-988;482;0;0;1470;-506
2024-04-19T18:30;2024-04-19T18:45;75;kWh;0;12346;0;0;12346;12346
2024-04-19T18:45;2024-04-19T19:00;76;kWh;0;27293;0;0;27293;27293
2024-04-19T19:00;2024-04-19T19:15;77;kWh;-6194;2441;0;0;8635;-3753
2024-04-19T19:15;2024-04-19T19:30;78;kWh;-1032;0;0;0;1032;-1032
2024-04-19T19:30;2024-04-19T19:45;79;kWh;0;0;0;0;0;0
2024-04-19T19:45;2024-04-19T20:00;80;kWh;0;21137;0;0;21137;21137
2024-04-19T20:00;2024-04-19T20:15;81;kWh;0;8575;0;0;8575;8575
2024-04-19T20:15;2024-04-19T20:30;82;kWh;0;14360;0;0;14360;14360
2024-04-19T20:30;2024-04-19T20:45;83;kWh;0;3982;0;0;3982;3982
2024-04-19T20:45;2024-04-19T21:00;84;kWh;0;2017;0;0;2017;2017
2024-04-19T21:00;2024-04-19T21:15;85;kWh;0;978;0;0;978;978
2024-04-19T21:15;2024-04-19T21:30;86;kWh;-73;1155;0;0;1228;1082
2024-04-19T21:30;2024-04-19T21:45;87;kWh;-2238;0;0;0;2238;-2238
2024-04-19T21:45;2024-04-19T22:00;88;kWh;-4689;0;0;0;4689;-4689
2024-04-19T22:00;2024-04-19T22:15;89;kWh;-1395;9643;0;0;11038;8248
2024-04-19T22:15;2024-04-19T22:30;90;kWh;0;8497;0;0;8497;8497
2024-04-19T22:30;2024-04-19T22:45;91;kWh;0;4953;0;0;4953;4953
2024-04-19T22:45;2024-04-19T23:00;92;kWh;0;5452;0;0;5452;5452
2024-04-19T23:00;2024-04-19T23:15;93;kWh;0;33523;0;0;33523;33523
2024-04-19T23:15;2024-04-19T23:30;94;kWh;0;41651;0;0;41651;41651
2024-04-19T23:30;2024-04-19T23:45;95;kWh;0;44955;0;0;44955;44955
2024-04-19T23:45;2024-04-20T00:00;96;kWh;0;6187;0;0;6187;6187
2024-04-20T00:00;2024-04-20T00:15;1;kWh;-22762;0;0;0;22762;-22762
2024-04-20T00:15;2024-04-20T00:30;2;kWh;-17564;0;0;0;17564;-17564
2024-04-20T00:30;2024-04-20T00:45;3;kWh;-20437;0;0;0;20437;-20437
2024-04-20T00:45;2024-04-20T01:00;4;kWh;-31774;0;0;0;31774;-31774
2024-04-20T01:00;2024-04-20T01:15;5;kWh;-6023;0;0;0;6023;-6023
2024-04-20T01:15;2024-04-20T01:30;6;kWh;-3;0;0;0;3;-3
2024-04-20T01:30;2024-04-20T01:45;7;kWh;0;11646;0;0;11646;11646
2024-04-20T01:45;2024-04-20T02:00;8;kWh;-13843;713;0;0;14556;-13130
2024-04-20T02:00;2024-04-20T02:15;9;kWh;-9696;2564;0;0;12260;-7132
2024-04-20T02:15;2024-04-20T02:30;10;kWh;0;16571;0;0;16571;16571
2024-04-20T02:30;2024-04-20T02:45;11;kWh;0;131;0;0;131;131
2024-04-20T02:45;2024-04-20T03:00;12;kWh;-6705;0;0;0;6705;-6705
2024-04-20T03:00;2024-04-20T03:15;13;kWh;-17453;0;0;0;17453;-17453
2024-04-20T03:15;2024-04-20T03:30;14;kWh;-32751;0;0;0;32751;-32751
2024-04-20T03:30;2024-04-20T03:45;15;kWh;-22755;0;0;0;22755;-22755
2024-04-20T03:45;2024-04-20T04:00;16;kWh;-19567;0;0;0;19567;-19567
2024-04-20T04:00;2024-04-20T04:15;17;kWh;-41023;0;0;0;41023;-41023
2024-04-20T04:15;2024-04-20T04:30;18;kWh;-26143;0;0;0;26143;-26143
2024-04-20T04:30;2024-04-20T04:45;19;kWh;-17723;0;0;0;17723;-17723
2024-04-20T04:45;2024-04-20T05:00;20;kWh;-32049;0;0;0;32049;-32049
2024-04-20T05:00;2024-04-20T05:15;21;kWh;-6765;0;0;0;6765;-6765
2024-04-20T05:15;2024-04-20T05:30;22;kWh;-7390;0;0;0;7390;-7390
2024-04-20T05:30;2024-04-20T05:45;23;kWh;0;0;0;0;0;0
2024-04-20T05:45;2024-04-20T06:00;24;kWh;-86;0;0;0;86;-86
2024-04-20T06:00;2024-04-20T06:15;25;kWh;-7203;0;0;0;7203;-7203
2024-04-20T06:15;2024-04-20T06:30;26;kWh;0;0;0;0;0;0
2024-04-20T06:30;2024-04-20T06:45;27;kWh;0;614;0;0;614;614
2024-04-20T06:45;2024-04-20T07:00;28;kWh;0;4347;0;0;4347;4347
2024-04-20T07:00;2024-04-20T07:15;29;kWh;0;10183;0;0;10183;10183
2024-04-20T07:15;2024-04-20T07:30;30;kWh;0;39520;0;0;39520;39520
2024-04-20T07:30;2024-04-20T07:45;31;kWh;0;18927;0;0;18927;18927
2024-04-20T07:45;2024-04-20T08:00;32;kWh;-11543;0;0;0;11543;-11543
2024-04-20T08:00;2024-04-20T08:15;33;kWh;-3289;0;0;0;3289;-3289
2024-04-20T08:15;2024-04-20T08:30;34;kWh;0;0;0;0;0;0
2024-04-20T08:30;2024-04-20T08:45;35;kWh;-708;0;0;0;708;-708
2024-04-20T08:45;2024-04-20T09:00;36;kWh;-2752;0;0;0;2752;-2752
2024-04-20T09:00;2024-04-20T09:15;37;kWh;-2811;0;0;0;2811;-2811
2024-04-20T09:15;2024-04-20T09:30;38;kWh;-1697;0;0;0;1697;-1697
2024-04-20T09:30;2024-04-20T09:45;39;kWh;-5915;0;0;0;5915;-5915
2024-04-20T09:45;2024-04-20T10:00;40;kWh;-17195;0;0;0;17195;-17195
2024-04-20T10:00;2024-04-20T10:15;41;kWh;-5322;0;0;0;5322;-5322
2024-04-20T10:15;2024-04-20T10:30;42;kWh;-32389;0;0;0;32389;-32389
2024-04-20T10:30;2024-04-20T10:45;43;kWh;-32680;0;0;0;32680;-32680
2024-04-20T10:45;2024-04-20T11:00;44;kWh;-24587;0;0;0;24587;-24587
2024-04-20T11:00;2024-04-20T11:15;45;kWh;-14017;0;0;0;14017;-14017
2024-04-20T11:15;2024-04-20T11:30;46;kWh;-16816;0;0;0;16816;-16816
2024-04-20T11:30;2024-04-20T11:45;47;kWh;-9777;0;0;0;9777;-9777
2024-04-20T11:45;2024-04-20T12:00;48;kWh;-6827;0;0;0;6827;-6827
2024-04-20T12:00;2024-04-20T12:15;49;kWh;-28675;4915;0;0;33590;-23760
2024-04-20T12:15;2024-04-20T12:30;50;kWh;-29598;1048;0;0;30646;-28550
2024-04-20T12:30;2024-04-20T12:45;51;kWh;-56873;0;0;0;56873;-56873
2024-04-20T12:45;2024-04-20T13:00;52;kWh;-62620;0;0;0;62620;-62620
2024-04-20T13:00;2024-04-20T13:15;53;kWh;-19277;119;0;0;19396;-19158
2024-04-20T13:15;2024-04-20T13:30;54;kWh;-24018;0;0;0;24018;-24018
2024-04-20T13:30;2024-04-20T13:45;55;kWh;-33432;0;0;0;33432;-33432
2024-04-20T13:45;2024-04-20T14:00;56;kWh;-39964;0;0;0;39964;-39964
2024-04-20T14:00;2024-04-20T14:15;57;kWh;-33565;0;0;0;33565;-33565
2024-04-20T14:15;2024-04-20T14:30;58;kWh;-29253;0;0;0;29253;-29253
2024-04-20T14:30;2024-04-20T14:45;59;kWh;-37079;0;0;0;37079;-37079
2024-04-20T14:45;2024-04-20T15:00;60;kWh;-22777;0;0;0;22777;-22777
2024-04-20T15:00;2024-04-20T15:15;61;kWh;-25197;0;0;0;25197;-25197
2024-04-20T15:15;2024-04-20T15:30;62;kWh;-21248;0;0;0;21248;-21248
2024-04-20T15:30;2024-04-20T15:45;63;kWh;-3896;0;0;0;3896;-3896
2024-04-20T15:45;2024-04-20T16:00;64;kWh;-26036;0;0;0;26036;-26036
2024-04-20T16:00;2024-04-20T16:15;65;kWh;-13878;0;0;0;13878;-13878
2024-04-20T16:15;2024-04-20T16:30;66;kWh;-468;736;0;0;1204;268
2024-04-20T16:30;2024-04-20T16:45;67;kWh;0;34590;0;0;34590;34590
2024-04-20T16:45;2024-04-20T17:00;68;kWh;0;25204;0;0;25204;25204
2024-04-20T17:00;2024-04-20T17:15;69;kWh;-4760;1232;0;0;5992;-3528
2024-04-20T17:15;2024-04-20T17:30;70;kWh;-3177;2843;0;0;6020;-334
2024-04-20T17:30;2024-04-20T17:45;71;kWh;0;25631;0;0;25631;25631
2024-04-20T17:45;2024-04-20T18:00;72;kWh;0;3919;0;0;3919;3919
2024-04-20T18:00;2024-04-20T18:15;73;kWh;-27353;0;0;0;27353;-27353
2024-04-20T18:15;2024-04-20T18:30;74;kWh;-27740;0;0;0;27740;-27740
2024-04-20T18:30;2024-04-20T18:45;75;kWh;-24199;0;0;0;24199;-24199
2024-04-20T18:45;2024-04-20T19:00;76;kWh;-949;0;0;0;949;-949
2024-04-20T19:00;2024-04-20T19:15;77;kWh;-27422;0;0;0;27422;-27422
2024-04-20T19:15;2024-04-20T19:30;78;kWh;-2570;0;0;0;2570;-2570
2024-04-20T19:30;2024-04-20T19:45;79;kWh;-822;0;0;0;822;-822
2024-04-20T19:45;2024-04-20T20:00;80;kWh;-340;178;0;0;518;-162
2024-04-20T20:00;2024-04-20T20:15;81;kWh;0;860;0;0;860;860
2024-04-20T20:15;2024-04-20T20:30;82;kWh;0;9867;0;0;9867;9867
2024-04-20T20:30;2024-04-20T20:45;83;kWh;0;14005;0;0;14005;14005
2024-04-20T20:45;2024-04-20T21:00;84;kWh;0;9631;0;0;9631;9631
2024-04-20T21:00;2024-04-20T21:15;85;kWh;0;39936;0;0;39936;39936
2024-04-20T21:15;2024-04-20T21:30;86;kWh;0;16893;0;0;16893;16893
2024-04-20T21:30;2024-04-20T21:45;87;kWh;0;20079;0;0;20079;20079
2024-04-20T21:45;2024-04-20T22:00;88;kWh;0;17972;0;0;17972;17972
2024-04-20T22:00;2024-04-20T22:15;89;kWh;0;670;0;0;670;670
2024-04-20T22:15;2024-04-20T22:30;90;kWh;0;1671;0;0;1671;1671
2024-04-20T22:30;2024-04-20T22:45;91;kWh;0;1636;0;0;1636;1636
2024-04-20T22:45;2024-04-20T23:00;92;kWh;0;5794;0;0;5794;5794
2024-04-20T23:00;2024-04-20T23:15;93;kWh;0;21448;0;0;21448;21448
2024-04-20T23:15;2024-04-20T23:30;94;kWh;-25;698;0;0;723;673
2024-04-20T23:30;2024-04-20T23:45;95;kWh;-29779;0;0;0;29779;-29779
2024-04-20T23:45;2024-04-21T00:00;96;kWh;-17772;0;0;0;17772;-17772
2024-04-21T00:00;2024-04-21T00:15;1;kWh;-621;13729;0;0;14350;13108
2024-04-21T00:15;2024-04-21T00:30;2;kWh;-2828;5584;0;0;8412;2756
2024-04-21T00:30;2024-04-21T00:45;3;kWh;-20981;0;0;0;20981;-20981
2024-04-21T00:45;2024-04-21T01:00;4;kWh;-19212;0;0;0;19212;-19212
2024-04-21T01:00;2024-04-21T01:15;5;kWh;-40344;0;0;0;40344;-40344
2024-04-21T01:15;2024-04-21T01:30;6;kWh;-12275;0;0;0;12275;-12275
2024-04-21T01:30;2024-04-21T01:45;7;kWh;-14443;0;0;0;14443;-14443
2024-04-21T01:45;2024-04-21T02:00;8;kWh;-1166;0;0;0;1166;-1166
2024-04-21T02:00;2024-04-21T02:15;9;kWh;-17693;0;0;0;17693;-17693
2024-04-21T02:15;2024-04-21T02:30;10;kWh;-32451;0;0;0;32451;-32451
2024-04-21T02:30;2024-04-21T02:45;11;kWh;-35520;0;0;0;35520;-35520
2024-04-21T02:45;2024-04-21T03:00;12;kWh;-19345;0;0;0;19345;-19345
2024-04-21T03:00;2024-04-21T03:15;13;kWh;-21912;0;0;0;21912;-21912
2024-04-21T03:15;2024-04-21T03:30;14;kWh;-20579;0;0;0;20579;-20579
2024-04-21T03:30;2024-04-21T03:45;15;kWh;-28427;0;0;0;28427;-28427
2024-04-21T03:45;2024-04-21T04:00;16;kWh;-77845;0;0;0;77845;-77845
2024-04-21T04:00;2024-04-21T04:15;17;kWh;-18761;0;0;0;18761;-18761
2024-04-21T04:15;2024-04-21T04:30;18;kWh;-31913;0;0;0;31913;-31913
2024-04-21T04:30;2024-04-21T04:45;19;kWh;-35545;0;0;0;35545;-35545
2024-04-21T04:45;2024-04-21T05:00;20;kWh;-53427;0;0;0;53427;-53427
2024-04-21T05:00;2024-04-21T05:15;21;kWh;-3880;0;0;0;3880;-3880
2024-04-21T05:15;2024-04-21T05:30;22;kWh;-238;0;0;0;238;-238
2024-04-21T05:30;2024-04-21T05:45;23;kWh;-8144;0;0;0;8144;-8144
2024-04-21T05:45;2024-04-21T06:00;24;kWh;-21515;0;0;0;21515;-21515
2024-04-21T06:00;2024-04-21T06:15;25;kWh;-23851;0;0;0;23851;-23851
2024-04-21T06:15;2024-04-21T06:30;26;kWh;-9620;0;0;0;9620;-9620
2024-04-21T06:30;2024-04-21T06:45;27;kWh;-42151;0;0;0;42151;-42151
2024-04-21T06:45;2024-04-21T07:00;28;kWh;-30183;0;0;0;30183;-30183
2024-04-21T07:00;2024-04-21T07:15;29;kWh;-1099;3502;0;0;4601;2403
2024-04-21T07:15;2024-04-21T07:30;30;kWh;0;18773;0;0;18773;18773
2024-04-21T07:30;2024-04-21T07:45;31;kWh;-2069;0;0;0;2069;-2069
2024-04-21T07:45;2024-04-21T08:00;32;kWh;-2616;0;0;0;2616;-2616
2024-04-21T08:00;2024-04-21T08:15;33;kWh;-50;57930;0;0;57980;57880
2024-04-21T08:15;2024-04-21T08:30;34;kWh;0;9603;0;0;9603;9603
2024-04-21T08:30;2024-04-21T08:45;35;kWh;-574;120;0;0;694;-454
2024-04-21T08:45;2024-04-21T09:00;36;kWh;-15145;0;0;0;15145;-15145
2024-04-21T09:00;2024-04-21T09:15;37;kWh;-1823;26648;0;0;28471;24825
2024-04-21T09:15;2024-04-21T09:30;38;kWh;0;3974;0;0;3974;3974
2024-04-21T09:30;2024-04-21T09:45;39;kWh;-35847;0;0;0;35847;-35847
2024-04-21T09:45;2024-04-21T10:00;40;kWh;-59184;0;0;0;59184;-59184
2024-04-21T10:00;2024-04-21T10:15;41;kWh;-42453;0;0;0;42453;-42453
2024-04-21T10:15;2024-04-21T10:30;42;kWh;-60556;0;0;0;60556;-60556
2024-04-21T10:30;2024-04-21T10:45;43;kWh;-63200;0;0;0;63200;-63200
2024-04-21T10:45;2024-04-21T11:00;44;kWh;-52402;0;0;0;52402;-52402
2024-04-21T11:00;2024-04-21T11:15;45;kWh;-15174;0;0;0;15174;-15174
2024-04-21T11:15;2024-04-21T11:30;46;kWh;-28436;0;0;0;28436;-28436
2024-04-21T11:30;2024-04-21T11:45;47;kWh;-30196;0;0;0;30196;-30196
2024-04-21T11:45;2024-04-21T12:00;48;kWh;-19684;0;0;0;19684;-19684
2024-04-21T12:00;2024-04-21T12:15;49;kWh;-14013;2857;0;0;16870;-11156
2024-04-21T12:15;2024-04-21T12:30;50;kWh;0;27287;0;0;27287;27287
2024-04-21T12:30;2024-04-21T12:45;51;kWh;0;18598;0;0;18598;18598
2024-04-21T12:45;2024-04-21T13:00;52;kWh;-8529;238;0;0;8767;-8291
2024-04-21T13:00;2024-04-21T13:15;53;kWh;-960;8005;0;0;8965;7045
2024-04-21T13:15;2024-04-21T13:30;54;kWh;0;29150;0;0;29150;29150
2024-04-21T13:30;2024-04-21T13:45;55;kWh;0;29703;0;0;29703;29703
2024-04-21T13:45;2024-04-21T14:00;56;kWh;0;35442;0;0;35442;35442
2024-04-21T14:00;2024-04-21T14:15;57;kWh;0;4509;0;0;4509;4509
2024-04-21T14:15;2024-04-21T14:30;58;kWh;0;436;0;0;436;436
2024-04-21T14:30;2024-04-21T14:45;59;kWh;-1549;0;0;0;1549;-1549
2024-04-21T14:45;2024-04-21T15:00;60;kWh;-31613;0;0;0;31613;-31613
2024-04-21T15:00;2024-04-21T15:15;61;kWh;-36091;0;0;0;36091;-36091
2024-04-21T15:15;2024-04-21T15:30;62;kWh;-31606;0;0;0;31606;-31606
2024-04-21T15:30;2024-04-21T15:45;63;kWh;-13864;0;0;0;13864;-13864
2024-04-21T15:45;2024-04-21T16:00;64;kWh;-18768;0;0;0;18768;-18768
2024-04-21T16:00;2024-04-21T16:15;65;kWh;-19664;0;0;0;19664;-19664
2024-04-21T16:15;2024-04-21T16:30;66;kWh;-3596;0;0;0;3596;-3596
2024-04-21T16:30;2024-04-21T16:45;67;kWh;-944;1;0;0;945;-943
2024-04-21T16:45;2024-04-21T17:00;68;kWh;0;987;0;0;987;987
2024-04-21T17:00;2024-04-21T17:15;69;kWh;-16416;0;0;0;16416;-16416
2024-04-21T17:15;2024-04-21T17:30;70;kWh;-4320;1356;0;0;5676;-2964
2024-04-21T17:30;2024-04-21T17:45;71;kWh;0;36385;0;0;36385;36385
2024-04-21T17:45;2024-04-21T18:00;72;kWh;0;50665;0;0;50665;50665
2024-04-21T18:00;2024-04-21T18:15;73;kWh;-3648;4822;0;0;8470;1174
2024-04-21T18:15;2024-04-21T18:30;74;kWh;-2392;3511;0;0;5903;1119
2024-04-21T18:30;2024-04-21T18:45;75;kWh;0;19392;0;0;19392;19392
2024-04-21T18:45;2024-04-21T19:00;76;kWh;0;38635;0;0;38635;38635
2024-04-21T19:00;2024-04-21T19:15;77;kWh;-27351;5301;0;0;32652;-22050
2024-04-21T19:15;2024-04-21T19:30;78;kWh;-38869;0;0;0;38869;-38869
2024-04-21T19:30;2024-04-21T19:45;79;kWh;-9;41578;0;0;41587;41569
2024-04-21T19:45;2024-04-21T20:00;80;kWh;0;92407;0;0;92407;92407
2024-04-21T20:00;2024-04-21T20:15;81;kWh;0;9652;0;0;9652;9652
2024-04-21T20:15;2024-04-21T20:30;82;kWh;0;57;0;0;57;57
2024-04-21T20:30;2024-04-21T20:45;83;kWh;0;193;0;0;193;193
2024-04-21T20:45;2024-04-21T21:00;84;kWh;0;15878;0;0;15878;15878
2024-04-21T21:00;2024-04-21T21:15;85;kWh;0;7608;0;0;7608;7608
2024-04-21T21:15;2024-04-21T21:30;86;kWh;0;14632;0;0;14632;14632
2024-04-21T21:30;2024-04-21T21:45;87;kWh;0;16182;0;0;16182;16182
2024-04-21T21:45;2024-04-21T22:00;88;kWh;0;541;0;0;541;541
2024-04-21T22:00;2024-04-21T22:15;89;kWh;0;8588;0;0;8588;8588
2024-04-21T22:15;2024-04-21T22:30;90;kWh;-63;78;0;0;141;15
2024-04-21T22:30;2024-04-21T22:45;91;kWh;-932;0;0;0;932;-932
2024-04-21T22:45;2024-04-21T23:00;92;kWh;-214;0;0;0;214;-214
2024-04-21T23:00;2024-04-21T23:15;93;kWh;-1004;0;0;0;1004;-1004
2024-04-21T23:15;2024-04-21T23:30;94;kWh;-12489;0;0;0;12489;-12489
2024-04-21T23:30;2024-04-21T23:45;95;kWh;-11135;0;0;0;11135;-11135
2024-04-21T23:45;2024-04-22T00:00;96;kWh;-23315;0;0;0;23315;-23315
2024-04-22T00:00;2024-04-22T00:15;1;kWh;-13309;0;0;0;13309;-13309
2024-04-22T00:15;2024-04-22T00:30;2;kWh;-3956;0;0;0;3956;-3956
2024-04-22T00:30;2024-04-22T00:45;3;kWh;-10665;0;0;0;10665;-10665
2024-04-22T00:45;2024-04-22T01:00;4;kWh;-19993;0;0;0;19993;-19993
2024-04-22T01:00;2024-04-22T01:15;5;kWh;-9255;0;0;0;9255;-9255
2024-04-22T01:15;2024-04-22T01:30;6;kWh;-559;0;0;0;559;-559
2024-04-22T01:30;2024-04-22T01:45;7;kWh;-449;1433;0;0;1882;984
2024-04-22T01:45;2024-04-22T02:00;8;kWh;0;143;0;0;143;143
2024-04-22T02:00;2024-04-22T02:15;9;kWh;0;0;0;0;0;0
2024-04-22T02:15;2024-04-22T02:30;10;kWh;-2;0;0;0;2;-2
2024-04-22T02:30;2024-04-22T02:45;11;kWh;-3349;0;0;0;3349;-3349
2024-04-22T02:45;2024-04-22T03:00;12;kWh;-2261;0;0;0;2261;-2261
2024-04-22T03:00;2024-04-22T03:15;13;kWh;-480;0;0;0;480;-480
2024-04-22T03:15;2024-04-22T03:30;14;kWh;0;0;0;0;0;0
2024-04-22T03:30;2024-04-22T03:45;15;kWh;0;0;0;0;0;0
2024-04-22T03:45;2024-04-22T04:00;16;kWh;0;1969;0;0;1969;1969
2024-04-22T04:00;2024-04-22T04:15;17;kWh;0;41276;0;0;41276;41276
2024-04-22T04:15;2024-04-22T04:30;18;kWh;0;49541;0;0;49541;49541
2024-04-22T04:30;2024-04-22T04:45;19;kWh;0;24236;0;0;24236;24236
2024-04-22T04:45;2024-04-22T05:00;20;kWh;0;6724;0;0;6724;6724
2024-04-22T05:00;2024-04-22T05:15;21;kWh;0;15756;0;0;15756;15756
2024-04-22T05:15;2024-04-22T05:30;22;kWh;0;12437;0;0;12437;12437
2024-04-22T05:30;2024-04-22T05:45;23;kWh;0;0;0;0;0;0
2024-04-22T05:45;2024-04-22T06:00;24;kWh;0;0;0;0;0;0
2024-04-22T06:00;2024-04-22T06:15;25;kWh;0;6796;0;0;6796;6796
2024-04-22T06:15;2024-04-22T06:30;26;kWh;0;44791;0;0;44791;44791
2024-04-22T06:30;2024-04-22T06:45;27;kWh;0;23761;0;0;23761;23761
2024-04-22T06:45;2024-04-22T07:00;28;kWh;0;5249;0;0;5249;5249
2024-04-22T07:00;2024-04-22T07:15;29;kWh;0;4139;0;0;4139;4139
2024-04-22T07:15;2024-04-22T07:30;30;kWh;0;6310;0;0;6310;6310
2024-04-22T07:30;2024-04-22T07:45;31;kWh;-2277;587;0;0;2864;-1690
2024-04-22T07:45;2024-04-22T08:00;32;kWh;-30121;0;0;0;30121;-30121
2024-04-22T08:00;2024-04-22T08:15;33;kWh;-4934;7156;0;0;12090;2222
2024-04-22T08:15;2024-04-22T08:30;34;kWh;0;1078;0;0;1078;1078
2024-04-22T08:30;2024-04-22T08:45;35;kWh;-7017;0;0;0;7017;-7017
2024-04-22T08:45;2024-04-22T09:00;36;kWh;-80186;0;0;0;80186;-80186
2024-04-22T09:00;2024-04-22T09:15;37;kWh;-14913;0;0;0;14913;-14913
2024-04-22T09:15;2024-04-22T09:30;38;kWh;-26418;0;0;0;26418;-26418
2024-04-22T09:30;2024-04-22T09:45;39;kWh;-35738;0;0;0;35738;-35738
2024-04-22T09:45;2024-04-22T10:00;40;kWh;-30891;0;0;0;30891;-30891
2024-04-22T10:00;2024-04-22T10:15;41;kWh;-51214;0;0;0;51214;-51214
2024-04-22T10:15;2024-04-22T10:30;42;kWh;-53025;0;0;0;53025;-53025
2024-04-22T10:30;2024-04-22T10:45;43;kWh;-50867;0;0;0;50867;-50867
2024-04-22T10:45;2024-04-22T11:00;44;kWh;-73191;0;0;0;73191;-73191
2024-04-22T11:00;2024-04-22T11:15;45;kWh;-14715;0;0;0;14715;-14715
2024-04-22T11:15;2024-04-22T11:30;46;kWh;-41;921;0;0;962;880
2024-04-22T11:30;2024-04-22T11:45;47;kWh;0;27263;0;0;27263;27263
2024-04-22T11:45;2024-04-22T12:00;48;kWh;0;3281;0;0;3281;3281
2024-04-22T12:00;2024-04-22T12:15;49;kWh;0;33834;0;0;33834;33834
2024-04-22T12:15;2024-04-22T12:30;50;kWh;0;107718;0;0;107718;107718
2024-04-22T12:30;2024-04-22T12:45;51;kWh;0;47966;0;0;47966;47966
2024-04-22T12:45;2024-04-22T13:00;52;kWh;0;23959;0;0;23959;23959
2024-04-22T13:00;2024-04-22T13:15;53;kWh;0;341;0;0;341;341
2024-04-22T13:15;2024-04-22T13:30;54;kWh;0;39411;0;0;39411;39411
2024-04-22T13:30;2024-04-22T13:45;55;kWh;0;17453;0;0;17453;17453
2024-04-22T13:45;2024-04-22T14:00;56;kWh;0;0;0;0;0;0
2024-04-22T14:00;2024-04-22T14:15;57;kWh;-2058;0;0;0;2058;-2058
2024-04-22T14:15;2024-04-22T14:30;58;kWh;-575;3588;0;0;4163;3013
2024-04-22T14:30;2024-04-22T14:45;59;kWh;-31399;192;0;0;31591;-31207
2024-04-22T14:45;2024-04-22T15:00;60;kWh;-39742;0;0;0;39742;-39742
2024-04-22T15:00;2024-04-22T15:15;61;kWh;-18378;0;0;0;18378;-18378
2024-04-22T15:15;2024-04-22T15:30;62;kWh;-34576;0;0;0;34576;-34576
2024-04-22T15:30;2024-04-22T15:45;63;kWh;-60835;0;0;0;60835;-60835
2024-04-22T15:45;2024-04-22T16:00;64;kWh;-27738;0;0;0;27738;-27738
2024-04-22T16:00;2024-04-22T16:15;65;kWh;-462;44521;0;0;44983;44059
2024-04-22T16:15;2024-04-22T16:30;66;kWh;0;21763;0;0;21763;21763
2024-04-22T16:30;2024-04-22T16:45;67;kWh;-2832;13;0;0;2845;-2819
2024-04-22T16:45;2024-04-22T17:00;68;kWh;-16791;0;0;0;16791;-16791
2024-04-22T17:00;2024-04-22T17:15;69;kWh;-6353;0;0;0;6353;-6353
2024-04-22T17:15;2024-04-22T17:30;70;kWh;-3370;0;0;0;3370;-3370
2024-04-22T17:30;2024-04-22T17:45;71;kWh;-1234;0;0;0;1234;-1234
2024-04-22T17:45;2024-04-22T18:00;72;kWh;-13;0;0;0;13;-13
2024-04-22T18:00;2024-04-22T18:15;73;kWh;-89438;0;0;0;89438;-89438
2024-04-22T18:15;2024-04-22T18:30;74;kWh;-89590;0;0;0;89590;-89590
2024-04-22T18:30;2024-04-22T18:45;75;kWh;-44012;0;0;0;44012;-44012
2024-04-22T18:45;2024-04-22T19:00;76;kWh;-5939;0;0;0;5939;-5939
2024-04-22T19:00;2024-04-22T19:15;77;kWh;-75826;0;0;0;75826;-75826
2024-04-22T19:15;2024-04-22T19:30;78;kWh;-39179;0;0;0;39179;-39179
2024-04-22T19:30;2024-04-22T19:45;79;kWh;-12122;0;0;0;12122;-12122
2024-04-22T19:45;2024-04-22T20:00;80;kWh;0;9988;0;0;9988;9988
2024-04-22T20:00;2024-04-22T20:15;81;kWh;-1222;3456;0;0;4678;2234
2024-04-22T20:15;2024-04-22T20:30;82;kWh;-820;0;0;0;820;-820
2024-04-22T20:30;2024-04-22T20:45;83;kWh;0;0;0;0;0;0
2024-04-22T20:45;2024-04-22T21:00;84;kWh;-380;0;0;0;380;-380
2024-04-22T21:00;2024-04-22T21:15;85;kWh;-46;0;0;0;46;-46
2024-04-22T21:15;2024-04-22T21:30;86;kWh;0;0;0;0;0;0
2024-04-22T21:30;2024-04-22T21:45;87;kWh;-1163;0;0;0;1163;-1163
2024-04-22T21:45;2024-04-22T22:00;88;kWh;-13585;0;0;0;13585;-13585
2024-04-22T22:00;2024-04-22T22:15;89;kWh;-2267;5682;0;0;7949;3415
2024-04-22T22:15;2024-04-22T22:30;90;kWh;0;23458;0;0;23458;23458
2024-04-22T22:30;2024-04-22T22:45;91;kWh;0;13973;0;0;13973;13973
2024-04-22T22:45;2024-04-22T23:00;92;kWh;0;273;0;0;273;273
2024-04-22T23:00;2024-04-22T23:15;93;kWh;0;12136;0;0;12136;12136
2024-04-22T23:15;2024-04-22T23:30;94;kWh;0;6980;0;0;6980;6980
2024-04-22T23:30;2024-04-22T23:45;95;kWh;0;7923;0;0;7923;7923
2024-04-22T23:45;2024-04-23T00:00;96;kWh;0;2057;0;0;2057;2057
2024-04-23T00:00;2024-04-23T00:15;1;kWh;0;4821;0;0;4821;4821
2024-04-23T00:15;2024-04-23T00:30;2;kWh;0;7251;0;0;7251;7251
2024-04-23T00:30;2024-04-23T00:45;3;kWh;0;1542;0;0;1542;1542
2024-04-23T00:45;2024-04-23T01:00;4;kWh;-582;0;0;0;582;-582
2024-04-23T01:00;2024-04-23T01:15;5;kWh;-784;0;0;0;784;-784
2024-04-23T01:15;2024-04-23T01:30;6;kWh;0;0;0;0;0;0
2024-04-23T01:30;2024-04-23T01:45;7;kWh;0;0;0;0;0;0
2024-04-23T01:45;2024-04-23T02:00;8;kWh;0;0;0;0;0;0
2024-04-23T02:00;2024-04-23T02:15;9;kWh;0;2558;0;0;2558;2558
2024-04-23T02:15;2024-04-23T02:30;10;kWh;0;4049;0;0;4049;4049
2024-04-23T02:30;2024-04-23T02:45;11;kWh;0;10119;0;0;10119;10119
2024-04-23T02:45;2024-04-23T03:00;12;kWh;0;17588;0;0;17588;17588
2024-04-23T03:00;2024-04-23T03:15;13;kWh;0;36509;0;0;36509;36509
2024-04-23T03:15;2024-04-23T03:30;14;kWh;0;34591;0;0;34591;34591
2024-04-23T03:30;2024-04-23T03:45;15;kWh;0;39101;0;0;39101;39101
2024-04-23T03:45;2024-04-23T04:00;16;kWh;0;29547;0;0;29547;29547
2024-04-23T04:00;2024-04-23T04:15;17;kWh;0;11657;0;0;11657;11657
2024-04-23T04:15;2024-04-23T04:30;18;kWh;0;26480;0;0;26480;26480
2024-04-23T04:30;2024-04-23T04:45;19;kWh;0;28167;0;0;28167;28167
2024-04-23T04:45;2024-04-23T05:00;20;kWh;0;17045;0;0;17045;17045
2024-04-23T05:00;2024-04-23T05:15;21;kWh;0;9980;0;0;9980;9980
2024-04-23T05:15;2024-04-23T05:30;22;kWh;0;23974;0;0;23974;23974
2024-04-23T05:30;2024-04-23T05:45;23;kWh;0;35649;0;0;35649;35649
2024-04-23T05:45;2024-04-23T06:00;24;kWh;0;34064;0;0;34064;34064
2024-04-23T06:00;2024-04-23T06:15;25;kWh;0;11807;0;0;11807;11807
2024-04-23T06:15;2024-04-23T06:30;26;kWh;0;47822;0;0;47822;47822
2024-04-23T06:30;2024-04-23T06:45;27;kWh;0;81361;0;0;81361;81361
2024-04-23T06:45;2024-04-23T07:00;28;kWh;0;101523;0;0;101523;101523
2024-04-23T07:00;2024-04-23T07:15;29;kWh;0;99571;0;0;99571;99571
2024-04-23T07:15;2024-04-23T07:30;30;kWh;0;51495;0;0;51495;51495
2024-04-23T07:30;2024-04-23T07:45;31;kWh;0;10725;0;0;10725;10725
2024-04-23T07:45;2024-04-23T08:00;32;kWh;-7748;1551;0;0;9299;-6197
2024-04-23T08:00;2024-04-23T08:15;33;kWh;-1530;18381;0;0;19911;16851
2024-04-23T08:15;2024-04-23T08:30;34;kWh;-12683;878;0;0;13561;-11805
2024-04-23T08:30;2024-04-23T08:45;35;kWh;-50186;0;0;0;50186;-50186
2024-04-23T08:45;2024-04-23T09:00;36;kWh;-112932;0;0;0;112932;-112932
2024-04-23T09:00;2024-04-23T09:15;37;kWh;-30637;0;0;0;30637;-30637
2024-04-23T09:15;2024-04-23T09:30;38;kWh;-46974;0;0;0;46974;-46974
2024-04-23T09:30;2024-04-23T09:45;39;kWh;-83086;0;0;0;83086;-83086
2024-04-23T09:45;2024-04-23T10:00;40;kWh;-92278;0;0;0;92278;-92278
2024-04-23T10:00;2024-04-23T10:15;41;kWh;-38610;0;0;0;38610;-38610
2024-04-23T10:15;2024-04-23T10:30;42;kWh;-24135;0;0;0;24135;-24135
2024-04-23T10:30;2024-04-23T10:45;43;kWh;-77926;0;0;0;77926;-77926
2024-04-23T10:45;2024-04-23T11:00;44;kWh;-98208;0;0;0;98208;-98208
2024-04-23T11:00;2024-04-23T11:15;45;kWh;-18666;0;0;0;18666;-18666
2024-04-23T11:15;2024-04-23T11:30;46;kWh;-56766;0;0;0;56766;-56766
2024-04-23T11:30;2024-04-23T11:45;47;kWh;-81243;0;0;0;81243;-81243
2024-04-23T11:45;2024-04-23T12:00;48;kWh;-61239;0;0;0;61239;-61239
2024-04-23T12:00;2024-04-23T12:15;49;kWh;-32738;0;0;0;32738;-32738
2024-04-23T12:15;2024-04-23T12:30;50;kWh;-96757;0;0;0;96757;-96757
2024-04-23T12:30;2024-04-23T12:45;51;kWh;-85580;0;0;0;85580;-85580
2024-04-23T12:45;2024-04-23T13:00;52;kWh;-67407;0;0;0;67407;-67407
2024-04-23T13:00;2024-04-23T13:15;53;kWh;-51631;0;0;0;51631;-51631
2024-04-23T13:15;2024-04-23T13:30;54;kWh;-61984;0;0;0;61984;-61984
2024-04-23T13:30;2024-04-23T13:45;55;kWh;-47667;0;0;0;47667;-47667
2024-04-23T13:45;2024-04-23T14:00;56;kWh;-77171;0;0;0;77171;-77171
2024-04-23T14:00;2024-04-23T14:15;57;kWh;-64176;0;0;0;64176;-64176
2024-04-23T14:15;2024-04-23T14:30;58;kWh;-63426;0;0;0;63426;-63426
2024-04-23T14:30;2024-04-23T14:45;59;kWh;-68900;0;0;0;68900;-68900
2024-04-23T14:45;2024-04-23T15:00;60;kWh;-50401;0;0;0;50401;-50401
2024-04-23T15:00;2024-04-23T15:15;61;kWh;-53824;0;0;0;53824;-53824
2024-04-23T15:15;2024-04-23T15:30;62;kWh;-63596;0;0;0;63596;-63596
2024-04-23T15:30;2024-04-23T15:45;63;kWh;-47340;0;0;0;47340;-47340
2024-04-23T15:45;2024-04-23T16:00;64;kWh;-35718;0;0;0;35718;-35718
2024-04-23T16:00;2024-04-23T16:15;65;kWh;-49449;0;0;0;49449;-49449
2024-04-23T16:15;2024-04-23T16:30;66;kWh;-59028;0;0;0;59028;-59028
2024-04-23T16:30;2024-04-23T16:45;67;kWh;-56833;0;0;0;56833;-56833
2024-04-23T16:45;2024-04-23T17:00;68;kWh;-40384;0;0;0;40384;-40384
2024-04-23T17:00;2024-04-23T17:15;69;kWh;-55763;0;0;0;55763;-55763
2024-04-23T17:15;2024-04-23T17:30;70;kWh;-5261;3349;0;0;8610;-1912
2024-04-23T17:30;2024-04-23T17:45;71;kWh;0;28595;0;0;28595;28595
2024-04-23T17:45;2024-04-23T18:00;72;kWh;0;26832;0;0;26832;26832
2024-04-23T18:00;2024-04-23T18:15;73;kWh;0;51255;0;0;51255;51255
2024-04-23T18:15;2024-04-23T18:30;74;kWh;0;73332;0;0;73332;73332
2024-04-23T18:30;2024-04-23T18:45;75;kWh;0;55888;0;0;55888;55888
2024-04-23T18:45;2024-04-23T19:00;76;kWh;0;54962;0;0;54962;54962
2024-04-23T19:00;2024-04-23T19:15;77;kWh;0;17305;0;0;17305;17305
2024-04-23T19:15;2024-04-23T19:30;78;kWh;0;0;0;0;0;0
2024-04-23T19:30;2024-04-23T19:45;79;kWh;0;0;0;0;0;0
2024-04-23T19:45;2024-04-23T20:00;80;kWh;0;0;0;0;0;0
2024-04-23T20:00;2024-04-23T20:15;81;kWh;0;126;0;0;126;126
2024-04-23T20:15;2024-04-23T20:30;82;kWh;0;751;0;0;751;751
2024-04-23T20:30;2024-04-23T20:45;83;kWh;-618;0;0;0;618;-618
2024-04-23T20:45;2024-04-23T21:00;84;kWh;-371;0;0;0;371;-371
2024-04-23T21:00;2024-04-23T21:15;85;kWh;-6;14778;0;0;14784;14772
2024-04-23T21:15;2024-04-23T21:30;86;kWh;0;4795;0;0;4795;4795
2024-04-23T21:30;2024-04-23T21:45;87;kWh;0;0;0;0;0;0
2024-04-23T21:45;2024-04-23T22:00;88;kWh;0;2684;0;0;2684;2684
2024-04-23T22:00;2024-04-23T22:15;89;kWh;0;333;0;0;333;333
2024-04-23T22:15;2024-04-23T22:30;90;kWh;0;31421;0;0;31421;31421
2024-04-23T22:30;2024-04-23T22:45;91;kWh;0;28898;0;0;28898;28898
2024-04-23T22:45;2024-04-23T23:00;92;kWh;0;1187;0;0;1187;1187
2024-04-23T23:00;2024-04-23T23:15;93;kWh;0;383;0;0;383;383
2024-04-23T23:15;2024-04-23T23:30;94;kWh;0;51308;0;0;51308;51308
2024-04-23T23:30;2024-04-23T23:45;95;kWh;0;34205;0;0;34205;34205
2024-04-23T23:45;2024-04-24T00:00;96;kWh;-12;1161;0;0;1173;1149
2024-04-24T00:00;2024-04-24T00:15;1;kWh;-2633;0;0;0;2633;-2633
2024-04-24T00:15;2024-04-24T00:30;2;kWh;0;0;0;0;0;0
2024-04-24T00:30;2024-04-24T00:45;3;kWh;0;0;0;0;0;0
2024-04-24T00:45;2024-04-24T01:00;4;kWh;0;66;0;0;66;66
2024-04-24T01:00;2024-04-24T01:15;5;kWh;0;9295;0;0;9295;9295
2024-04-24T01:15;2024-04-24T01:30;6;kWh;0;3649;0;0;3649;3649
2024-04-24T01:30;2024-04-24T01:45;7;kWh;0;3284;0;0;3284;3284
2024-04-24T01:45;2024-04-24T02:00;8;kWh;-2937;0;0;0;2937;-2937
2024-04-24T02:00;2024-04-24T02:15;9;kWh;-10443;0;0;0;10443;-10443
2024-04-24T02:15;2024-04-24T02:30;10;kWh;-54498;0;0;0;54498;-54498
2024-04-24T02:30;2024-04-24T02:45;11;kWh;-14668;0;0;0;14668;-14668
2024-04-24T02:45;2024-04-24T03:00;12;kWh;-12202;0;0;0;12202;-12202
2024-04-24T03:00;2024-04-24T03:15;13;kWh;-3565;10007;0;0;13572;6442
2024-04-24T03:15;2024-04-24T03:30;14;kWh;0;43016;0;0;43016;43016
2024-04-24T03:30;2024-04-24T03:45;15;kWh;0;19124;0;0;19124;19124
2024-04-24T03:45;2024-04-24T04:00;16;kWh;0;12163;0;0;12163;12163
2024-04-24T04:00;2024-04-24T04:15;17;kWh;0;7420;0;0;7420;7420
2024-04-24T04:15;2024-04-24T04:30;18;kWh;0;462;0;0;462;462
2024-04-24T04:30;2024-04-24T04:45;19;kWh;0;0;0;0;0;0
2024-04-24T04:45;2024-04-24T05:00;20;kWh;0;2983;0;0;2983;2983
2024-04-24T05:00;2024-04-24T05:15;21;kWh;-20673;3;0;0;20676;-20670
2024-04-24T05:15;2024-04-24T05:30;22;kWh;-14278;0;0;0;14278;-14278
2024-04-24T05:30;2024-04-24T05:45;23;kWh;0;26557;0;0;26557;26557
2024-04-24T05:45;2024-04-24T06:00;24;kWh;-9;29508;0;0;29517;29499
2024-04-24T06:00;2024-04-24T06:15;25;kWh;-1765;142;0;0;1907;-1623
2024-04-24T06:15;2024-04-24T06:30;26;kWh;-314;0;0;0;314;-314
2024-04-24T06:30;2024-04-24T06:45;27;kWh;-1204;0;0;0;1204;-1204
2024-04-24T06:45;2024-04-24T07:00;28;kWh;-1342;0;0;0;1342;-1342
2024-04-24T07:00;2024-04-24T07:15;29;kWh;-214;0;0;0;214;-214
2024-04-24T07:15;2024-04-24T07:30;30;kWh;0;0;0;0;0;0
2024-04-24T07:30;2024-04-24T07:45;31;kWh;0;0;0;0;0;0
2024-04-24T07:45;2024-04-24T08:00;32;kWh;0;11773;0;0;11773;11773
2024-04-24T08:00;2024-04-24T08:15;33;kWh;0;23045;0;0;23045;23045
2024-04-24T08:15;2024-04-24T08:30;34;kWh;0;18431;0;0;18431;18431
2024-04-24T08:30;2024-04-24T08:45;35;kWh;0;520;0;0;520;520
2024-04-24T08:45;2024-04-24T09:00;36;kWh;-5318;0;0;0;5318;-5318
2024-04-24T09:00;2024-04-24T09:15;37;kWh;-19257;0;0;0;19257;-19257
2024-04-24T09:15;2024-04-24T09:30;38;kWh;-25449;0;0;0;25449;-25449
2024-04-24T09:30;2024-04-24T09:45;39;kWh;-4362;0;0;0;4362;-4362
2024-04-24T09:45;2024-04-24T10:00;40;kWh;-6187;0;0;0;6187;-6187
2024-04-24T10:00;2024-04-24T10:15;41;kWh;-300;0;0;0;300;-300
2024-04-24T10:15;2024-04-24T10:30;42;kWh;0;23072;0;0;23072;23072
2024-04-24T10:30;2024-04-24T10:45;43;kWh;-8345;2214;0;0;10559;-6131
2024-04-24T10:45;2024-04-24T11:00;44;kWh;-16075;0;0;0;16075;-16075
2024-04-24T11:00;2024-04-24T11:15;45;kWh;-5281;0;0;0;5281;-5281
2024-04-24T11:15;2024-04-24T11:30;46;kWh;-12214;0;0;0;12214;-12214
2024-04-24T11:30;2024-04-24T11:45;47;kWh;-19740;0;0;0;19740;-19740
2024-04-24T11:45;2024-04-24T12:00;48;kWh;-12196;0;0;0;12196;-12196
2024-04-24T12:00;2024-04-24T12:15;49;kWh;-5014;0;0;0;5014;-5014
2024-04-24T12:15;2024-04-24T12:30;50;kWh;-1820;0;0;0;1820;-1820
2024-04-24T12:30;2024-04-24T12:45;51;kWh;-5885;0;0;0;5885;-5885
2024-04-24T12:45;2024-04-24T13:00;52;kWh;-7551;458;0;0;8009;-7093
2024-04-24T13:00;2024-04-24T13:15;53;kWh;-9089;2058;0;0;11147;-7031
2024-04-24T13:15;2024-04-24T13:30;54;kWh;-2840;0;0;0;2840;-2840
2024-04-24T13:30;2024-04-24T13:45;55;kWh;-4602;22535;0;0;27137;17933
2024-04-24T13:45;2024-04-24T14:00;56;kWh;-3911;7490;0;0;11401;3579
2024-04-24T14:00;2024-04-24T14:15;57;kWh;-11784;0;0;0;11784;-11784
2024-04-24T14:15;2024-04-24T14:30;58;kWh;-3521;11;0;0;3532;-3510
2024-04-24T14:30;2024-04-24T14:45;59;kWh;-12083;321;0;0;12404;-11762
2024-04-24T14:45;2024-04-24T15:00;60;kWh;0;1281;0;0;1281;1281
2024-04-24T15:00;2024-04-24T15:15;61;kWh;0;13998;0;0;13998;13998
2024-04-24T15:15;2024-04-24T15:30;62;kWh;0;13446;0;0;13446;13446
2024-04-24T15:30;2024-04-24T15:45;63;kWh;0;34099;0;0;34099;34099
2024-04-24T15:45;2024-04-24T16:00;64;kWh;0;40829;0;0;40829;40829
2024-04-24T16:00;2024-04-24T16:15;65;kWh;0;27007;0;0;27007;27007
2024-04-24T16:15;2024-04-24T16:30;66;kWh;0;48000;0;0;48000;48000
2024-04-24T16:30;2024-04-24T16:45;67;kWh;0;22600;0;0;22600;22600
2024-04-24T16:45;2024-04-24T17:00;68;kWh;0;83012;0;0;83012;83012
2024-04-24T17:00;2024-04-24T17:15;69;kWh;0;28521;0;0;28521;28521
2024-04-24T17:15;2024-04-24T17:30;70;kWh;0;26788;0;0;26788;26788
2024-04-24T17:30;2024-04-24T17:45;71;kWh;0;35296;0;0;35296;35296
2024-04-24T17:45;2024-04-24T18:00;72;kWh;0;35503;0;0;35503;35503
2024-04-24T18:00;2024-04-24T18:15;73;kWh;-5969;3869;0;0;9838;-2100
2024-04-24T18:15;2024-04-24T18:30;74;kWh;-1863;0;0;0;1863;-1863
2024-04-24T18:30;2024-04-24T18:45;75;kWh;-420;0;0;0;420;-420
2024-04-24T18:45;2024-04-24T19:00;76;kWh;-19;0;0;0;19;-19
2024-04-24T19:00;2024-04-24T19:15;77;kWh;-34573;0;0;0;34573;-34573
2024-04-24T19:15;2024-04-24T19:30;78;kWh;-14275;0;0;0;14275;-14275
2024-04-24T19:30;2024-04-24T19:45;79;kWh;-147;450;0;0;597;303
2024-04-24T19:45;2024-04-24T20:00;80;kWh;0;15384;0;0;15384;15384
2024-04-24T20:00;2024-04-24T20:15;81;kWh;0;53824;0;0;53824;53824
2024-04-24T20:15;2024-04-24T20:30;82;kWh;0;87152;0;0;87152;87152
2024-04-24T20:30;2024-04-24T20:45;83;kWh;0;65981;0;0;65981;65981
2024-04-24T20:45;2024-04-24T21:00;84;kWh;0;17753;0;0;17753;17753
2024-04-24T21:00;2024-04-24T21:15;85;kWh;-519;0;0;0;519;-519
2024-04-24T21:15;2024-04-24T21:30;86;kWh;-424;0;0;0;424;-424
2024-04-24T21:30;2024-04-24T21:45;87;kWh;-4460;0;0;0;4460;-4460
2024-04-24T21:45;2024-04-24T22:00;88;kWh;-26451;0;0;0;26451;-26451
2024-04-24T22:00;2024-04-24T22:15;89;kWh;-23078;0;0;0;23078;-23078
2024-04-24T22:15;2024-04-24T22:30;90;kWh;-17128;0;0;0;17128;-17128
2024-04-24T22:30;2024-04-24T22:45;91;kWh;-17604;0;0;0;17604;-17604
2024-04-24T22:45;2024-04-24T23:00;92;kWh;-9209;0;0;0;9209;-9209
2024-04-24T23:00;2024-04-24T23:15;93;kWh;-39579;0;0;0;39579;-39579
2024-04-24T23:15;2024-04-24T23:30;94;kWh;-34837;0;0;0;34837;-34837
2024-04-24T23:30;2024-04-24T23:45;95;kWh;-15397;0;0;0;15397;-15397
2024-04-24T23:45;2024-04-25T00:00;96;kWh;-45457;0;0;0;45457;-45457
2024-04-25T00:00;2024-04-25T00:15;1;kWh;-8156;0;0;0;8156;-8156
2024-04-25T00:15;2024-04-25T00:30;2;kWh;-7317;0;0;0;7317;-7317
2024-04-25T00:30;2024-04-25T00:45;3;kWh;-1093;0;0;0;1093;-1093
2024-04-25T00:45;2024-04-25T01:00;4;kWh;-22;2715;0;0;2737;2693
2024-04-25T01:00;2024-04-25T01:15;5;kWh;0;1459;0;0;1459;1459
2024-04-25T01:15;2024-04-25T01:30;6;kWh;0;488;0;0;488;488
2024-04-25T01:30;2024-04-25T01:45;7;kWh;0;1708;0;0;1708;1708
2024-04-25T01:45;2024-04-25T02:00;8;kWh;0;228;0;0;228;228
2024-04-25T02:00;2024-04-25T02:15;9;kWh;0;9302;0;0;9302;9302
2024-04-25T02:15;2024-04-25T02:30;10;kWh;0;564;0;0;564;564
2024-04-25T02:30;2024-04-25T02:45;11;kWh;0;7037;0;0;7037;7037
2024-04-25T02:45;2024-04-25T03:00;12;kWh;0;25254;0;0;25254;25254
2024-04-25T03:00;2024-04-25T03:15;13;kWh;0;12200;0;0;12200;12200
2024-04-25T03:15;2024-04-25T03:30;14;kWh;0;6794;0;0;6794;6794
2024-04-25T03:30;2024-04-25T03:45;15;kWh;0;8281;0;0;8281;8281
2024-04-25T03:45;2024-04-25T04:00;16;kWh;0;910;0;0;910;910
2024-04-25T04:00;2024-04-25T04:15;17;kWh;0;0;0;0;0;0
2024-04-25T04:15;2024-04-25T04:30;18;kWh;0;0;0;0;0;0
2024-04-25T04:30;2024-04-25T04:45;19;kWh;0;0;0;0;0;0
2024-04-25T04:45;2024-04-25T05:00;20;kWh;0;0;0;0;0;0
2024-04-25T05:00;2024-04-25T05:15;21;kWh;0;2455;0;0;2455;2455
2024-04-25T05:15;2024-04-25T05:30;22;kWh;0;7278;0;0;7278;7278
2024-04-25T05:30;2024-04-25T05:45;23;kWh;0;93;0;0;93;93
2024-04-25T05:45;2024-04-25T06:00;24;kWh;0;0;0;0;0;0
2024-04-25T06:00;2024-04-25T06:15;25;kWh;-6853;0;0;0;6853;-6853
2024-04-25T06:15;2024-04-25T06:30;26;kWh;0;0;0;0;0;0
2024-04-25T06:30;2024-04-25T06:45;27;kWh;-1929;0;0;0;1929;-1929
2024-04-25T06:45;2024-04-25T07:00;28;kWh;-39;0;0;0;39;-39
2024-04-25T07:00;2024-04-25T07:15;29;kWh;-250;0;0;0;250;-250
2024-04-25T07:15;2024-04-25T07:30;30;kWh;-2638;0;0;0;2638;-2638
2024-04-25T07:30;2024-04-25T07:45;31;kWh;-1818;0;0;0;1818;-1818
2024-04-25T07:45;2024-04-25T08:00;32;kWh;0;4216;0;0;4216;4216
2024-04-25T08:00;2024-04-25T08:15;33;kWh;0;785;0;0;785;785
2024-04-25T08:15;2024-04-25T08:30;34;kWh;-1934;0;0;0;1934;-1934
2024-04-25T08:30;2024-04-25T08:45;35;kWh;-39652;0;0;0;39652;-39652
2024-04-25T08:45;2024-04-25T09:00;36;kWh;-75654;0;0;0;75654;-75654
2024-04-25T09:00;2024-04-25T09:15;37;kWh;-55654;0;0;0;55654;-55654
2024-04-25T09:15;2024-04-25T09:30;38;kWh;-38530;0;0;0;38530;-38530
2024-04-25T09:30;2024-04-25T09:45;39;kWh;-78915;0;0;0;78915;-78915
2024-04-25T09:45;2024-04-25T10:00;40;kWh;-96580;0;0;0;96580;-96580
2024-04-25T10:00;2024-04-25T10:15;41;kWh;-26666;0;0;0;26666;-26666
2024-04-25T10:15;2024-04-25T10:30;42;kWh;-348;0;0;0;348;-348
2024-04-25T10:30;2024-04-25T10:45;43;kWh;-1693;0;0;0;1693;-1693
2024-04-25T10:45;2024-04-25T11:00;44;kWh;-2063;13144;0;0;15207;11081
2024-04-25T11:00;2024-04-25T11:15;45;kWh;0;31303;0;0;31303;31303
2024-04-25T11:15;2024-04-25T11:30;46;kWh;0;14779;0;0;14779;14779
2024-04-25T11:30;2024-04-25T11:45;47;kWh;0;7409;0;0;7409;7409
2024-04-25T11:45;2024-04-25T12:00;48;kWh;0;13899;0;0;13899;13899
2024-04-25T12:00;2024-04-25T12:15;49;kWh;-27;2045;0;0;2072;2018
2024-04-25T12:15;2024-04-25T12:30;50;kWh;0;9067;0;0;9067;9067
2024-04-25T12:30;2024-04-25T12:45;51;kWh;0;20398;0;0;20398;20398
2024-04-25T12:45;2024-04-25T13:00;52;kWh;0;71636;0;0;71636;71636
2024-04-25T13:00;2024-04-25T13:15;53;kWh;0;14375;0;0;14375;14375
2024-04-25T13:15;2024-04-25T13:30;54;kWh;-28751;0;0;0;28751;-28751
2024-04-25T13:30;2024-04-25T13:45;55;kWh;-73081;0;0;0;73081;-73081
2024-04-25T13:45;2024-04-25T14:00;56;kWh;-93362;0;0;0;93362;-93362
2024-04-25T14:00;2024-04-25T14:15;57;kWh;-58853;0;0;0;58853;-58853
2024-04-25T14:15;2024-04-25T14:30;58;kWh;-59990;0;0;0;59990;-59990
2024-04-25T14:30;2024-04-25T14:45;59;kWh;-100990;0;0;0;100990;-100990
2024-04-25T14:45;2024-04-25T15:00;60;kWh;-94771;0;0;0;94771;-94771
2024-04-25T15:00;2024-04-25T15:15;61;kWh;-40962;0;0;0;40962;-40962
2024-04-25T15:15;2024-04-25T15:30;62;kWh;-66554;0;0;0;66554;-66554
2024-04-25T15:30;2024-04-25T15:45;63;kWh;-62074;0;0;0;62074;-62074
2024-04-25T15:45;2024-04-25T16:00;64;kWh;-6561;0;0;0;6561;-6561
2024-04-25T16:00;2024-04-25T16:15;65;kWh;0;0;0;0;0;0
2024-04-25T16:15;2024-04-25T16:30;66;kWh;-74;0;0;0;74;-74
2024-04-25T16:30;2024-04-25T16:45;67;kWh;-13778;0;0;0;13778;-13778
2024-04-25T16:45;2024-04-25T17:00;68;kWh;-21926;0;0;0;21926;-21926
2024-04-25T17:00;2024-04-25T17:15;69;kWh;-79996;0;0;0;79996;-79996
2024-04-25T17:15;2024-04-25T17:30;70;kWh;-30263;0;0;0;30263;-30263
2024-04-25T17:30;2024-04-25T17:45;71;kWh;-218;18;0;0;236;-200
2024-04-25T17:45;2024-04-25T18:00;72;kWh;-522;0;0;0;522;-522
2024-04-25T18:00;2024-04-25T18:15;73;kWh;-28806;0;0;0;28806;-28806
2024-04-25T18:15;2024-04-25T18:30;74;kWh;-5744;2345;0;0;8089;-3399
2024-04-25T18:30;2024-04-25T18:45;75;kWh;0;20929;0;0;20929;20929
2024-04-25T18:45;2024-04-25T19:00;76;kWh;0;30717;0;0;30717;30717
2024-04-25T19:00;2024-04-25T19:15;77;kWh;-17658;1181;0;0;18839;-16477
2024-04-25T19:15;2024-04-25T19:30;78;kWh;-14951;16;0;0;14967;-14935
2024-04-25T19:30;2024-04-25T19:45;79;kWh;0;19575;0;0;19575;19575
2024-04-25T19:45;2024-04-25T20:00;80;kWh;0;52579;0;0;52579;52579
2024-04-25T20:00;2024-04-25T20:15;81;kWh;-26207;1152;0;0;27359;-25055
2024-04-25T20:15;2024-04-25T20:30;82;kWh;-13951;340;0;0;14291;-13611
2024-04-25T20:30;2024-04-25T20:45;83;kWh;0;12452;0;0;12452;12452
2024-04-25T20:45;2024-04-25T21:00;84;kWh;0;16009;0;0;16009;16009
2024-04-25T21:00;2024-04-25T21:15;85;kWh;0;27299;0;0;27299;27299
2024-04-25T21:15;2024-04-25T21:30;86;kWh;0;42675;0;0;42675;42675
2024-04-25T21:30;2024-04-25T21:45;87;kWh;0;16167;0;0;16167;16167
2024-04-25T21:45;2024-04-25T22:00;88;kWh;0;65;0;0;65;65
2024-04-25T22:00;2024-04-25T22:15;89;kWh;0;0;0;0;0;0
2024-04-25T22:15;2024-04-25T22:30;90;kWh;0;0;0;0;0;0
2024-04-25T22:30;2024-04-25T22:45;91;kWh;-22;0;0;0;22;-22
2024-04-25T22:45;2024-04-25T23:00;92;kWh;-3222;0;0;0;3222;-3222
2024-04-25T23:00;2024-04-25T23:15;93;kWh;-7329;0;0;0;7329;-7329
2024-04-25T23:15;2024-04-25T23:30;94;kWh;-201;0;0;0;201;-201
2024-04-25T23:30;2024-04-25T23:45;95;kWh;0;0;0;0;0;0
2024-04-25T23:45;2024-04-26T00:00;96;kWh;-10159;0;0;0;10159;-10159
2024-04-26T00:00;2024-04-26T00:15;1;kWh;-4093;14307;0;0;18400;10214
2024-04-26T00:15;2024-04-26T00:30;2;kWh;0;29554;0;0;29554;29554
2024-04-26T00:30;2024-04-26T00:45;3;kWh;0;12966;0;0;12966;12966
2024-04-26T00:45;2024-04-26T01:00;4;kWh;0;10229;0;0;10229;10229
2024-04-26T01:00;2024-04-26T01:15;5;kWh;0;13249;0;0;13249;13249
2024-04-26T01:15;2024-04-26T01:30;6;kWh;0;10175;0;0;10175;10175
2024-04-26T01:30;2024-04-26T01:45;7;kWh;0;1222;0;0;1222;1222
2024-04-26T01:45;2024-04-26T02:00;8;kWh;0;0;0;0;0;0
2024-04-26T02:00;2024-04-26T02:15;9;kWh;0;0;0;0;0;0
2024-04-26T02:15;2024-04-26T02:30;10;kWh;0;0;0;0;0;0
2024-04-26T02:30;2024-04-26T02:45;11;kWh;0;0;0;0;0;0
2024-04-26T02:45;2024-04-26T03:00;12;kWh;-4278;0;0;0;4278;-4278
2024-04-26T03:00;2024-04-26T03:15;13;kWh;-7127;0;0;0;7127;-7127
2024-04-26T03:15;2024-04-26T03:30;14;kWh;-13435;0;0;0;13435;-13435
2024-04-26T03:30;2024-04-26T03:45;15;kWh;-5279;0;0;0;5279;-5279
2024-04-26T03:45;2024-04-26T04:00;16;kWh;-11100;0;0;0;11100;-11100
2024-04-26T04:00;2024-04-26T04:15;17;kWh;-25740;0;0;0;25740;-25740
2024-04-26T04:15;2024-04-26T04:30;18;kWh;-10368;0;0;0;10368;-10368
2024-04-26T04:30;2024-04-26T04:45;19;kWh;-29376;0;0;0;29376;-29376
2024-04-26T04:45;2024-04-26T05:00;20;kWh;-29211;0;0;0;29211;-29211
2024-04-26T05:00;2024-04-26T05:15;21;kWh;-26401;0;0;0;26401;-26401
2024-04-26T05:15;2024-04-26T05:30;22;kWh;-993;0;0;0;993;-993
2024-04-26T05:30;2024-04-26T05:45;23;kWh;0;1915;0;0;1915;1915
2024-04-26T05:45;2024-04-26T06:00;24;kWh;-3;1090;0;0;1093;1087
2024-04-26T06:00;2024-04-26T06:15;25;kWh;-4854;0;0;0;4854;-4854
2024-04-26T06:15;2024-04-26T06:30;26;kWh;-1140;0;0;0;1140;-1140
2024-04-26T06:30;2024-04-26T06:45;27;kWh;-447;0;0;0;447;-447
2024-04-26T06:45;2024-04-26T07:00;28;kWh;0;2361;0;0;2361;2361
2024-04-26T07:00;2024-04-26T07:15;29;kWh;0;9519;0;0;9519;9519
2024-04-26T07:15;2024-04-26T07:30;30;kWh;0;6065;0;0;6065;6065
2024-04-26T07:30;2024-04-26T07:45;31;kWh;0;58;0;0;58;58
2024-04-26T07:45;2024-04-26T08:00;32;kWh;0;0;0;0;0;0
2024-04-26T08:00;2024-04-26T08:15;33;kWh;-4067;0;0;0;4067;-4067
2024-04-26T08:15;2024-04-26T08:30;34;kWh;-16065;0;0;0;16065;-16065
2024-04-26T08:30;2024-04-26T08:45;35;kWh;-67278;0;0;0;67278;-67278
2024-04-26T08:45;2024-04-26T09:00;36;kWh;-45848;0;0;0;45848;-45848
2024-04-26T09:00;2024-04-26T09:15;37;kWh;-19098;0;0;0;19098;-19098
2024-04-26T09:15;2024-04-26T09:30;38;kWh;-35698;0;0;0;35698;-35698
2024-04-26T09:30;2024-04-26T09:45;39;kWh;-37151;0;0;0;37151;-37151
2024-04-26T09:45;2024-04-26T10:00;40;kWh;-53382;0;0;0;53382;-53382
2024-04-26T10:00;2024-04-26T10:15;41;kWh;-34286;0;0;0;34286;-34286
2024-04-26T10:15;2024-04-26T10:30;42;kWh;-2206;0;0;0;2206;-2206
2024-04-26T10:30;2024-04-26T10:45;43;kWh;-8474;0;0;0;8474;-8474
2024-04-26T10:45;2024-04-26T11:00;44;kWh;-40713;0;0;0;40713;-40713
2024-04-26T11:00;2024-04-26T11:15;45;kWh;-18576;0;0;0;18576;-18576
2024-04-26T11:15;2024-04-26T11:30;46;kWh;-17177;0;0;0;17177;-17177
2024-04-26T11:30;2024-04-26T11:45;47;kWh;-57545;0;0;0;57545;-57545
2024-04-26T11:45;2024-04-26T12:00;48;kWh;-73111;0;0;0;73111;-73111
2024-04-26T12:00;2024-04-26T12:15;49;kWh;-57999;0;0;0;57999;-57999
2024-04-26T12:15;2024-04-26T12:30;50;kWh;-59482;0;0;0;59482;-59482
2024-04-26T12:30;2024-04-26T12:45;51;kWh;-78006;0;0;0;78006;-78006
2024-04-26T12:45;2024-04-26T13:00;52;kWh;-135518;0;0;0;135518;-135518
2024-04-26T13:00;2024-04-26T13:15;53;kWh;-23392;298;0;0;23690;-23094
2024-04-26T13:15;2024-04-26T13:30;54;kWh;-81923;0;0;0;81923;-81923
2024-04-26T13:30;2024-04-26T13:45;55;kWh;-81195;0;0;0;81195;-81195
2024-04-26T13:45;2024-04-26T14:00;56;kWh;-116049;0;0;0;116049;-116049
2024-04-26T14:00;2024-04-26T14:15;57;kWh;-158583;0;-34310;0;192893;-192893
2024-04-26T14:15;2024-04-26T14:30;58;kWh;-91571;0;-102935;0;194506;-194506
2024-04-26T14:30;2024-04-26T14:45;59;kWh;-82717;0;-102996;0;185713;-185713
2024-04-26T14:45;2024-04-26T15:00;60;kWh;-87164;0;-102996;0;190160;-190160
2024-04-26T15:00;2024-04-26T15:15;61;kWh;-36987;0;-102996;0;139983;-139983
2024-04-26T15:15;2024-04-26T15:30;62;kWh;-70805;0;0;0;70805;-70805
2024-04-26T15:30;2024-04-26T15:45;63;kWh;-41942;0;0;0;41942;-41942
2024-04-26T15:45;2024-04-26T16:00;64;kWh;-40998;0;0;0;40998;-40998
2024-04-26T16:00;2024-04-26T16:15;65;kWh;-77056;0;0;0;77056;-77056
2024-04-26T16:15;2024-04-26T16:30;66;kWh;-71507;0;0;0;71507;-71507
2024-04-26T16:30;2024-04-26T16:45;67;kWh;-30243;0;0;0;30243;-30243
2024-04-26T16:45;2024-04-26T17:00;68;kWh;-5405;0;0;0;5405;-5405
2024-04-26T17:00;2024-04-26T17:15;69;kWh;-72318;0;0;0;72318;-72318
2024-04-26T17:15;2024-04-26T17:30;70;kWh;-59491;0;0;0;59491;-59491
2024-04-26T17:30;2024-04-26T17:45;71;kWh;-3820;0;0;0;3820;-3820
2024-04-26T17:45;2024-04-26T18:00;72;kWh;-2146;0;0;0;2146;-2146
2024-04-26T18:00;2024-04-26T18:15;73;kWh;-14921;0;0;0;14921;-14921
2024-04-26T18:15;2024-04-26T18:30;74;kWh;-26383;0;0;0;26383;-26383
2024-04-26T18:30;2024-04-26T18:45;75;kWh;-14786;0;0;0;14786;-14786
2024-04-26T18:45;2024-04-26T19:00;76;kWh;-297;0;0;0;297;-297
2024-04-26T19:00;2024-04-26T19:15;77;kWh;-9008;0;0;0;9008;-9008
2024-04-26T19:15;2024-04-26T19:30;78;kWh;0;0;0;0;0;0
2024-04-26T19:30;2024-04-26T19:45;79;kWh;0;4899;0;0;4899;4899
2024-04-26T19:45;2024-04-26T20:00;80;kWh;0;20781;0;0;20781;20781
2024-04-26T20:00;2024-04-26T20:15;81;kWh;0;7622;0;0;7622;7622
2024-04-26T20:15;2024-04-26T20:30;82;kWh;0;0;0;0;0;0
2024-04-26T20:30;2024-04-26T20:45;83;kWh;0;2060;0;0;2060;2060
2024-04-26T20:45;2024-04-26T21:00;84;kWh;0;2895;0;0;2895;2895
2024-04-26T21:00;2024-04-26T21:15;85;kWh;0;29342;0;0;29342;29342
2024-04-26T21:15;2024-04-26T21:30;86;kWh;0;32325;0;0;32325;32325
2024-04-26T21:30;2024-04-26T21:45;87;kWh;0;3477;0;0;3477;3477
2024-04-26T21:45;2024-04-26T22:00;88;kWh;-58;218;0;0;276;160
2024-04-26T22:00;2024-04-26T22:15;89;kWh;-81;0;0;0;81;-81
2024-04-26T22:15;2024-04-26T22:30;90;kWh;0;608;0;0;608;608
2024-04-26T22:30;2024-04-26T22:45;91;kWh;0;2894;0;0;2894;2894
2024-04-26T22:45;2024-04-26T23:00;92;kWh;0;2219;0;0;2219;2219
2024-04-26T23:00;2024-04-26T23:15;93;kWh;0;0;0;0;0;0
2024-04-26T23:15;2024-04-26T23:30;94;kWh;0;0;0;0;0;0
2024-04-26T23:30;2024-04-26T23:45;95;kWh;0;5187;0;0;5187;5187
2024-04-26T23:45;2024-04-27T00:00;96;kWh;0;2533;0;0;2533;2533
2024-04-27T00:00;2024-04-27T00:15;1;kWh;0;32275;0;0;32275;32275
2024-04-27T00:15;2024-04-27T00:30;2;kWh;0;43389;0;0;43389;43389
2024-04-27T00:30;2024-04-27T00:45;3;kWh;0;25801;0;0;25801;25801
2024-04-27T00:45;2024-04-27T01:00;4;kWh;0;5807;0;0;5807;5807
2024-04-27T01:00;2024-04-27T01:15;5;kWh;0;21135;0;0;21135;21135
2024-04-27T01:15;2024-04-27T01:30;6;kWh;0;16886;0;0;16886;16886
2024-04-27T01:30;2024-04-27T01:45;7;kWh;0;11161;0;0;11161;11161
2024-04-27T01:45;2024-04-27T02:00;8;kWh;0;2650;0;0;2650;2650
2024-04-27T02:00;2024-04-27T02:15;9;kWh;0;3483;0;0;3483;3483
2024-04-27T02:15;2024-04-27T02:30;10;kWh;0;4630;0;0;4630;4630
2024-04-27T02:30;2024-04-27T02:45;11;kWh;0;3875;0;0;3875;3875
2024-04-27T02:45;2024-04-27T03:00;12;kWh;0;2681;0;0;2681;2681
2024-04-27T03:00;2024-04-27T03:15;13;kWh;0;3;0;0;3;3
2024-04-27T03:15;2024-04-27T03:30;14;kWh;-2178;0;0;0;2178;-2178
2024-04-27T03:30;2024-04-27T03:45;15;kWh;-9164;0;0;0;9164;-9164
2024-04-27T03:45;2024-04-27T04:00;16;kWh;-34441;0;0;0;34441;-34441
2024-04-27T04:00;2024-04-27T04:15;17;kWh;-7016;1549;0;0;8565;-5467
2024-04-27T04:15;2024-04-27T04:30;18;kWh;0;3592;0;0;3592;3592
2024-04-27T04:30;2024-04-27T04:45;19;kWh;0;0;0;0;0;0
2024-04-27T04:45;2024-04-27T05:00;20;kWh;-809;0;0;0;809;-809
2024-04-27T05:00;2024-04-27T05:15;21;kWh;0;0;0;0;0;0
2024-04-27T05:15;2024-04-27T05:30;22;kWh;0;2847;0;0;2847;2847
2024-04-27T05:30;2024-04-27T05:45;23;kWh;0;284;0;0;284;284
2024-04-27T05:45;2024-04-27T06:00;24;kWh;0;0;0;0;0;0
2024-04-27T06:00;2024-04-27T06:15;25;kWh;-2068;0;0;0;2068;-2068
2024-04-27T06:15;2024-04-27T06:30;26;kWh;0;0;0;0;0;0
2024-04-27T06:30;2024-04-27T06:45;27;kWh;-5592;0;0;0;5592;-5592
2024-04-27T06:45;2024-04-27T07:00;28;kWh;-17261;0;0;0;17261;-17261
2024-04-27T07:00;2024-04-27T07:15;29;kWh;-22503;0;0;0;22503;-22503
2024-04-27T07:15;2024-04-27T07:30;30;kWh;-8064;0;0;0;8064;-8064
2024-04-27T07:30;2024-04-27T07:45;31;kWh;-21253;0;0;0;21253;-21253
2024-04-27T07:45;2024-04-27T08:00;32;kWh;-11544;0;0;0;11544;-11544
2024-04-27T08:00;2024-04-27T08:15;33;kWh;-16537;1049;0;0;17586;-15488
2024-04-27T08:15;2024-04-27T08:30;34;kWh;0;3170;0;0;3170;3170
2024-04-27T08:30;2024-04-27T08:45;35;kWh;0;0;0;0;0;0
2024-04-27T08:45;2024-04-27T09:00;36;kWh;-993;0;0;0;993;-993
2024-04-27T09:00;2024-04-27T09:15;37;kWh;-174;4777;0;0;4951;4603
2024-04-27T09:15;2024-04-27T09:30;38;kWh;-1951;3293;0;0;5244;1342
2024-04-27T09:30;2024-04-27T09:45;39;kWh;-34826;0;0;0;34826;-34826
2024-04-27T09:45;2024-04-27T10:00;40;kWh;-42392;0;0;0;42392;-42392
2024-04-27T10:00;2024-04-27T10:15;41;kWh;-22279;0;0;0;22279;-22279
2024-04-27T10:15;2024-04-27T10:30;42;kWh;-30413;0;0;0;30413;-30413
2024-04-27T10:30;2024-04-27T10:45;43;kWh;-62864;0;0;0;62864;-62864
2024-04-27T10:45;2024-04-27T11:00;44;kWh;-50603;0;0;0;50603;-50603
2024-04-27T11:00;2024-04-27T11:15;45;kWh;-1848;0;0;0;1848;-1848
2024-04-27T11:15;2024-04-27T11:30;46;kWh;-34031;0;0;0;34031;-34031
2024-04-27T11:30;2024-04-27T11:45;47;kWh;-3581;226;0;0;3807;-3355
2024-04-27T11:45;2024-04-27T12:00;48;kWh;-326;6533;0;0;6859;6207
2024-04-27T12:00;2024-04-27T12:15;49;kWh;0;46844;0;0;46844;46844
2024-04-27T12:15;2024-04-27T12:30;50;kWh;0;7305;0;0;7305;7305
2024-04-27T12:30;2024-04-27T12:45;51;kWh;0;24029;0;0;24029;24029
2024-04-27T12:45;2024-04-27T13:00;52;kWh;-15857;1666;0;0;17523;-14191
2024-04-27T13:00;2024-04-27T13:15;53;kWh;-7963;8430;0;0;16393;467
2024-04-27T13:15;2024-04-27T13:30;54;kWh;-4429;12031;0;0;16460;7602
2024-04-27T13:30;2024-04-27T13:45;55;kWh;-18177;0;0;0;18177;-18177
2024-04-27T13:45;2024-04-27T14:00;56;kWh;-6009;609;0;0;6618;-5400
2024-04-27T14:00;2024-04-27T14:15;57;kWh;-32397;0;0;0;32397;-32397
2024-04-27T14:15;2024-04-27T14:30;58;kWh;-43281;0;0;0;43281;-43281
2024-04-27T14:30;2024-04-27T14:45;59;kWh;-21404;0;0;0;21404;-21404
2024-04-27T14:45;2024-04-27T15:00;60;kWh;-29602;0;0;0;29602;-29602
2024-04-27T15:00;2024-04-27T15:15;61;kWh;-28626;0;0;0;28626;-28626
2024-04-27T15:15;2024-04-27T15:30;62;kWh;-44665;0;0;0;44665;-44665
2024-04-27T15:30;2024-04-27T15:45;63;kWh;-33691;0;0;0;33691;-33691
2024-04-27T15:45;2024-04-27T16:00;64;kWh;-43511;0;0;0;43511;-43511
2024-04-27T16:00;2024-04-27T16:15;65;kWh;-36138;0;0;0;36138;-36138
2024-04-27T16:15;2024-04-27T16:30;66;kWh;-24415;0;0;0;24415;-24415
2024-04-27T16:30;2024-04-27T16:45;67;kWh;-14451;0;0;0;14451;-14451
2024-04-27T16:45;2024-04-27T17:00;68;kWh;0;7475;0;0;7475;7475
2024-04-27T17:00;2024-04-27T17:15;69;kWh;0;1288;0;0;1288;1288
2024-04-27T17:15;2024-04-27T17:30;70;kWh;-1058;0;0;0;1058;-1058
2024-04-27T17:30;2024-04-27T17:45;71;kWh;0;24638;0;0;24638;24638
2024-04-27T17:45;2024-04-27T18:00;72;kWh;0;38774;0;0;38774;38774
2024-04-27T18:00;2024-04-27T18:15;73;kWh;-524;7227;0;0;7751;6703
2024-04-27T18:15;2024-04-27T18:30;74;kWh;-5961;444;0;0;6405;-5517
2024-04-27T18:30;2024-04-27T18:45;75;kWh;0;18838;0;0;18838;18838
2024-04-27T18:45;2024-04-27T19:00;76;kWh;0;15402;0;0;15402;15402
2024-04-27T19:00;2024-04-27T19:15;77;kWh;-7437;525;0;0;7962;-6912
2024-04-27T19:15;2024-04-27T19:30;78;kWh;-1168;0;0;0;1168;-1168
2024-04-27T19:30;2024-04-27T19:45;79;kWh;0;11;0;0;11;11
2024-04-27T19:45;2024-04-27T20:00;80;kWh;0;22775;0;0;22775;22775
2024-04-27T20:00;2024-04-27T20:15;81;kWh;0;41368;0;0;41368;41368
2024-04-27T20:15;2024-04-27T20:30;82;kWh;0;26214;0;0;26214;26214
2024-04-27T20:30;2024-04-27T20:45;83;kWh;0;1923;0;0;1923;1923
2024-04-27T20:45;2024-04-27T21:00;84;kWh;0;3606;0;0;3606;3606
2024-04-27T21:00;2024-04-27T21:15;85;kWh;0;22175;0;0;22175;22175
2024-04-27T21:15;2024-04-27T21:30;86;kWh;0;19369;0;0;19369;19369
2024-04-27T21:30;2024-04-27T21:45;87;kWh;0;3762;0;0;3762;3762
2024-04-27T21:45;2024-04-27T22:00;88;kWh;-1699;3;0;0;1702;-1696
2024-04-27T22:00;2024-04-27T22:15;89;kWh;-29060;0;0;0;29060;-29060
2024-04-27T22:15;2024-04-27T22:30;90;kWh;-27058;0;0;0;27058;-27058
2024-04-27T22:30;2024-04-27T22:45;91;kWh;-30935;0;0;0;30935;-30935
2024-04-27T22:45;2024-04-27T23:00;92;kWh;-43563;0;0;0;43563;-43563
2024-04-27T23:00;2024-04-27T23:15;93;kWh;-14271;0;0;0;14271;-14271
2024-04-27T23:15;2024-04-27T23:30;94;kWh;-34056;0;0;0;34056;-34056
2024-04-27T23:30;2024-04-27T23:45;95;kWh;-58264;0;0;0;58264;-58264
2024-04-27T23:45;2024-04-28T00:00;96;kWh;-49861;0;0;0;49861;-49861
2024-04-28T00:00;2024-04-28T00:15;1;kWh;-21909;0;0;0;21909;-21909
2024-04-28T00:15;2024-04-28T00:30;2;kWh;-7569;0;0;0;7569;-7569
2024-04-28T00:30;2024-04-28T00:45;3;kWh;-33680;0;0;0;33680;-33680
2024-04-28T00:45;2024-04-28T01:00;4;kWh;-37588;0;0;0;37588;-37588
2024-04-28T01:00;2024-04-28T01:15;5;kWh;-4932;1682;0;0;6614;-3250
2024-04-28T01:15;2024-04-28T01:30;6;kWh;0;10145;0;0;10145;10145
2024-04-28T01:30;2024-04-28T01:45;7;kWh;-67;872;0;0;939;805
2024-04-28T01:45;2024-04-28T02:00;8;kWh;-28964;0;0;0;28964;-28964
2024-04-28T02:00;2024-04-28T02:15;9;kWh;-10036;0;0;0;10036;-10036
2024-04-28T02:15;2024-04-28T02:30;10;kWh;-23877;0;0;0;23877;-23877
2024-04-28T02:30;2024-04-28T02:45;11;kWh;-34365;0;0;0;34365;-34365
2024-04-28T02:45;2024-04-28T03:00;12;kWh;-41241;0;0;0;41241;-41241
2024-04-28T03:00;2024-04-28T03:15;13;kWh;-33398;0;0;0;33398;-33398
2024-04-28T03:15;2024-04-28T03:30;14;kWh;-25276;0;0;0;25276;-25276
2024-04-28T03:30;2024-04-28T03:45;15;kWh;-24822;0;0;0;24822;-24822
2024-04-28T03:45;2024-04-28T04:00;16;kWh;-18;90;0;0;108;72
2024-04-28T04:00;2024-04-28T04:15;17;kWh;0;58025;0;0;58025;58025
2024-04-28T04:15;2024-04-28T04:30;18;kWh;0;65606;0;0;65606;65606
2024-04-28T04:30;2024-04-28T04:45;19;kWh;0;10448;0;0;10448;10448
2024-04-28T04:45;2024-04-28T05:00;20;kWh;-137;0;0;0;137;-137
2024-04-28T05:00;2024-04-28T05:15;21;kWh;-24696;0;0;0;24696;-24696
2024-04-28T05:15;2024-04-28T05:30;22;kWh;-49652;0;0;0;49652;-49652
2024-04-28T05:30;2024-04-28T05:45;23;kWh;-43175;0;0;0;43175;-43175
2024-04-28T05:45;2024-04-28T06:00;24;kWh;-29329;0;0;0;29329;-29329
2024-04-28T06:00;2024-04-28T06:15;25;kWh;-31943;0;0;0;31943;-31943
2024-04-28T06:15;2024-04-28T06:30;26;kWh;-47645;0;0;0;47645;-47645
2024-04-28T06:30;2024-04-28T06:45;27;kWh;-57474;0;0;0;57474;-57474
2024-04-28T06:45;2024-04-28T07:00;28;kWh;-24434;0;0;0;24434;-24434
2024-04-28T07:00;2024-04-28T07:15;29;kWh;-18051;0;0;0;18051;-18051
2024-04-28T07:15;2024-04-28T07:30;30;kWh;-36455;0;0;0;36455;-36455
2024-04-28T07:30;2024-04-28T07:45;31;kWh;-21087;0;0;0;21087;-21087
2024-04-28T07:45;2024-04-28T08:00;32;kWh;-4569;0;0;0;4569;-4569
2024-04-28T08:00;2024-04-28T08:15;33;kWh;0;14061;0;0;14061;14061
2024-04-28T08:15;2024-04-28T08:30;34;kWh;0;45451;0;0;45451;45451
2024-04-28T08:30;2024-04-28T08:45;35;kWh;0;50585;0;0;50585;50585
2024-04-28T08:45;2024-04-28T09:00;36;kWh;0;14881;0;0;14881;14881
2024-04-28T09:00;2024-04-28T09:15;37;kWh;0;7192;0;0;7192;7192
2024-04-28T09:15;2024-04-28T09:30;38;kWh;0;0;0;0;0;0
2024-04-28T09:30;2024-04-28T09:45;39;kWh;-5898;0;0;0;5898;-5898
2024-04-28T09:45;2024-04-28T10:00;40;kWh;-16407;0;0;0;16407;-16407
2024-04-28T10:00;2024-04-28T10:15;41;kWh;-9776;0;0;0;9776;-9776
2024-04-28T10:15;2024-04-28T10:30;42;kWh;-44143;0;0;0;44143;-44143
2024-04-28T10:30;2024-04-28T10:45;43;kWh;-63472;0;0;0;63472;-63472
2024-04-28T10:45;2024-04-28T11:00;44;kWh;-23140;0;0;0;23140;-23140
2024-04-28T11:00;2024-04-28T11:15;45;kWh;-14838;21;0;0;14859;-14817
2024-04-28T11:15;2024-04-28T11:30;46;kWh;0;16152;0;0;16152;16152
2024-04-28T11:30;2024-04-28T11:45;47;kWh;0;59087;0;0;59087;59087
2024-04-28T11:45;2024-04-28T12:00;48;kWh;0;9851;0;0;9851;9851
2024-04-28T12:00;2024-04-28T12:15;49;kWh;-9661;0;0;0;9661;-9661
2024-04-28T12:15;2024-04-28T12:30;50;kWh;-18438;0;0;0;18438;-18438
2024-04-28T12:30;2024-04-28T12:45;51;kWh;-34577;0;0;0;34577;-34577
2024-04-28T12:45;2024-04-28T13:00;52;kWh;-5304;0;0;0;5304;-5304
2024-04-28T13:00;2024-04-28T13:15;53;kWh;-12854;0;0;0;12854;-12854
2024-04-28T13:15;2024-04-28T13:30;54;kWh;-11947;0;0;0;11947;-11947
2024-04-28T13:30;2024-04-28T13:45;55;kWh;-1107;0;0;0;1107;-1107
2024-04-28T13:45;2024-04-28T14:00;56;kWh;-5105;0;0;0;5105;-5105
2024-04-28T14:00;2024-04-28T14:15;57;kWh;-13590;0;0;0;13590;-13590
2024-04-28T14:15;2024-04-28T14:30;58;kWh;-18073;0;0;0;18073;-18073
2024-04-28T14:30;2024-04-28T14:45;59;kWh;-7739;0;0;0;7739;-7739
2024-04-28T14:45;2024-04-28T15:00;60;kWh;0;47;0;0;47;47
2024-04-28T15:00;2024-04-28T15:15;61;kWh;0;10655;0;0;10655;10655
2024-04-28T15:15;2024-04-28T15:30;62;kWh;0;17940;0;0;17940;17940
2024-04-28T15:30;2024-04-28T15:45;63;kWh;0;5904;0;0;5904;5904
2024-04-28T15:45;2024-04-28T16:00;64;kWh;-1716;0;0;0;1716;-1716
2024-04-28T16:00;2024-04-28T16:15;65;kWh;-14509;0;0;0;14509;-14509
2024-04-28T16:15;2024-04-28T16:30;66;kWh;-23522;565;0;0;24087;-22957
2024-04-28T16:30;2024-04-28T16:45;67;kWh;-459;3375;0;0;3834;2916
2024-04-28T16:45;2024-04-28T17:00;68;kWh;-10174;0;0;0;10174;-10174
2024-04-28T17:00;2024-04-28T17:15;69;kWh;-21488;0;0;0;21488;-21488
2024-04-28T17:15;2024-04-28T17:30;70;kWh;-10906;0;0;0;10906;-10906
2024-04-28T17:30;2024-04-28T17:45;71;kWh;-99;4518;0;0;4617;4419
2024-04-28T17:45;2024-04-28T18:00;72;kWh;0;49519;0;0;49519;49519
2024-04-28T18:00;2024-04-28T18:15;73;kWh;-39494;8080;0;0;47574;-31414
2024-04-28T18:15;2024-04-28T18:30;74;kWh;-30241;0;0;0;30241;-30241
2024-04-28T18:30;2024-04-28T18:45;75;kWh;-7021;0;0;0;7021;-7021
2024-04-28T18:45;2024-04-28T19:00;76;kWh;-4107;0;0;0;4107;-4107
2024-04-28T19:00;2024-04-28T19:15;77;kWh;-50807;0;0;0;50807;-50807
2024-04-28T19:15;2024-04-28T19:30;78;kWh;-38791;0;0;0;38791;-38791
2024-04-28T19:30;2024-04-28T19:45;79;kWh;-27487;0;0;0;27487;-27487
2024-04-28T19:45;2024-04-28T20:00;80;kWh;-25349;0;0;0;25349;-25349
2024-04-28T20:00;2024-04-28T20:15;81;kWh;-39107;0;0;0;39107;-39107
2024-04-28T20:15;2024-04-28T20:30;82;kWh;-2461;0;0;0;2461;-2461
2024-04-28T20:30;2024-04-28T20:45;83;kWh;-1932;0;0;0;1932;-1932
2024-04-28T20:45;2024-04-28T21:00;84;kWh;-9107;0;0;0;9107;-9107
2024-04-28T21:00;2024-04-28T21:15;85;kWh;-19887;14;0;0;19901;-19873
2024-04-28T21:15;2024-04-28T21:30;86;kWh;0;2857;0;0;2857;2857
2024-04-28T21:30;2024-04-28T21:45;87;kWh;0;0;0;0;0;0
2024-04-28T21:45;2024-04-28T22:00;88;kWh;0;205;0;0;205;205
2024-04-28T22:00;2024-04-28T22:15;89;kWh;0;33302;0;0;33302;33302
2024-04-28T22:15;2024-04-28T22:30;90;kWh;0;44361;0;0;44361;44361
2024-04-28T22:30;2024-04-28T22:45;91;kWh;0;79675;0;0;79675;79675
2024-04-28T22:45;2024-04-28T23:00;92;kWh;0;41516;0;0;41516;41516
2024-04-28T23:00;2024-04-28T23:15;93;kWh;0;20801;0;0;20801;20801
2024-04-28T23:15;2024-04-28T23:30;94;kWh;0;16007;0;0;16007;16007
2024-04-28T23:30;2024-04-28T23:45;95;kWh;0;388;0;0;388;388
2024-04-28T23:45;2024-04-29T00:00;96;kWh;-644;0;0;0;644;-644
2024-04-29T00:00;2024-04-29T00:15;1;kWh;-1080;0;0;0;1080;-1080
2024-04-29T00:15;2024-04-29T00:30;2;kWh;0;22119;0;0;22119;22119
2024-04-29T00:30;2024-04-29T00:45;3;kWh;0;27029;0;0;27029;27029
2024-04-29T00:45;2024-04-29T01:00;4;kWh;0;5772;0;0;5772;5772
2024-04-29T01:00;2024-04-29T01:15;5;kWh;0;11420;0;0;11420;11420
2024-04-29T01:15;2024-04-29T01:30;6;kWh;0;6105;0;0;6105;6105
2024-04-29T01:30;2024-04-29T01:45;7;kWh;0;9261;0;0;9261;9261
2024-04-29T01:45;2024-04-29T02:00;8;kWh;0;2030;0;0;2030;2030
2024-04-29T02:00;2024-04-29T02:15;9;kWh;-5208;0;0;0;5208;-5208
2024-04-29T02:15;2024-04-29T02:30;10;kWh;-3323;0;0;0;3323;-3323
2024-04-29T02:30;2024-04-29T02:45;11;kWh;-378;0;0;0;378;-378
2024-04-29T02:45;2024-04-29T03:00;12;kWh;0;0;0;0;0;0
2024-04-29T03:00;2024-04-29T03:15;13;kWh;0;0;0;0;0;0
2024-04-29T03:15;2024-04-29T03:30;14;kWh;0;8;0;0;8;8
2024-04-29T03:30;2024-04-29T03:45;15;kWh;0;2507;0;0;2507;2507
2024-04-29T03:45;2024-04-29T04:00;16;kWh;0;890;0;0;890;890
2024-04-29T04:00;2024-04-29T04:15;17;kWh;-684;0;0;0;684;-684
2024-04-29T04:15;2024-04-29T04:30;18;kWh;0;0;0;0;0;0
2024-04-29T04:30;2024-04-29T04:45;19;kWh;0;4944;0;0;4944;4944
2024-04-29T04:45;2024-04-29T05:00;20;kWh;0;2750;0;0;2750;2750
2024-04-29T05:00;2024-04-29T05:15;21;kWh;-1780;73;0;0;1853;-1707
2024-04-29T05:15;2024-04-29T05:30;22;kWh;-66;0;0;0;66;-66
2024-04-29T05:30;2024-04-29T05:45;23;kWh;0;0;0;0;0;0
2024-04-29T05:45;2024-04-29T06:00;24;kWh;0;0;0;0;0;0
2024-04-29T06:00;2024-04-29T06:15;25;kWh;0;1211;0;0;1211;1211
2024-04-29T06:15;2024-04-29T06:30;26;kWh;0;1178;0;0;1178;1178
2024-04-29T06:30;2024-04-29T06:45;27;kWh;0;0;0;0;0;0
2024-04-29T06:45;2024-04-29T07:00;28;kWh;0;0;0;0;0;0
2024-04-29T07:00;2024-04-29T07:15;29;kWh;0;18541;0;0;18541;18541
2024-04-29T07:15;2024-04-29T07:30;30;kWh;0;18814;0;0;18814;18814
2024-04-29T07:30;2024-04-29T07:45;31;kWh;0;0;0;0;0;0
2024-04-29T07:45;2024-04-29T08:00;32;kWh;0;0;0;0;0;0
2024-04-29T08:00;2024-04-29T08:15;33;kWh;0;14370;0;0;14370;14370
2024-04-29T08:15;2024-04-29T08:30;34;kWh;0;658;0;0;658;658
2024-04-29T08:30;2024-04-29T08:45;35;kWh;-2393;0;0;0;2393;-2393
2024-04-29T08:45;2024-04-29T09:00;36;kWh;-42916;0;0;0;42916;-42916
2024-04-29T09:00;2024-04-29T09:15;37;kWh;-11109;0;0;0;11109;-11109
2024-04-29T09:15;2024-04-29T09:30;38;kWh;-9477;0;0;0;9477;-9477
2024-04-29T09:30;2024-04-29T09:45;39;kWh;-5345;0;0;0;5345;-5345
2024-04-29T09:45;2024-04-29T10:00;40;kWh;-29304;0;0;0;29304;-29304
2024-04-29T10:00;2024-04-29T10:15;41;kWh;-7114;111;0;0;7225;-7003
2024-04-29T10:15;2024-04-29T10:30;42;kWh;-1395;0;0;0;1395;-1395
2024-04-29T10:30;2024-04-29T10:45;43;kWh;-38078;0;0;0;38078;-38078
2024-04-29T10:45;2024-04-29T11:00;44;kWh;-40826;0;0;0;40826;-40826
2024-04-29T11:00;2024-04-29T11:15;45;kWh;-16131;0;0;0;16131;-16131
2024-04-29T11:15;2024-04-29T11:30;46;kWh;-22204;0;0;0;22204;-22204
2024-04-29T11:30;2024-04-29T11:45;47;kWh;-41886;0;0;0;41886;-41886
2024-04-29T11:45;2024-04-29T12:00;48;kWh;-25663;0;0;0;25663;-25663
2024-04-29T12:00;2024-04-29T12:15;49;kWh;-68;0;0;0;68;-68
2024-04-29T12:15;2024-04-29T12:30;50;kWh;-19297;0;0;0;19297;-19297
2024-04-29T12:30;2024-04-29T12:45;51;kWh;-21845;0;0;0;21845;-21845
2024-04-29T12:45;2024-04-29T13:00;52;kWh;-4354;0;0;0;4354;-4354
2024-04-29T13:00;2024-04-29T13:15;53;kWh;-10851;0;0;0;10851;-10851
2024-04-29T13:15;2024-04-29T13:30;54;kWh;-6979;0;0;0;6979;-6979
2024-04-29T13:30;2024-04-29T13:45;55;kWh;0;196;0;0;196;196
2024-04-29T13:45;2024-04-29T14:00;56;kWh;0;20603;0;0;20603;20603
2024-04-29T14:00;2024-04-29T14:15;57;kWh;0;3933;0;0;3933;3933
2024-04-29T14:15;2024-04-29T14:30;58;kWh;0;15;0;0;15;15
2024-04-29T14:30;2024-04-29T14:45;59;kWh;0;32453;0;0;32453;32453
2024-04-29T14:45;2024-04-29T15:00;60;kWh;-9;30814;0;0;30823;30805
2024-04-29T15:00;2024-04-29T15:15;61;kWh;-17857;0;0;0;17857;-17857
2024-04-29T15:15;2024-04-29T15:30;62;kWh;-9781;0;0;0;9781;-9781
2024-04-29T15:30;2024-04-29T15:45;63;kWh;-1673;0;0;0;1673;-1673
2024-04-29T15:45;2024-04-29T16:00;64;kWh;-2226;0;0;0;2226;-2226
2024-04-29T16:00;2024-04-29T16:15;65;kWh;-27455;0;0;0;27455;-27455
2024-04-29T16:15;2024-04-29T16:30;66;kWh;-29339;0;0;0;29339;-29339
2024-04-29T16:30;2024-04-29T16:45;67;kWh;-1929;1044;0;0;2973;-885
2024-04-29T16:45;2024-04-29T17:00;68;kWh;0;13237;0;0;13237;13237
2024-04-29T17:00;2024-04-29T17:15;69;kWh;0;3444;0;0;3444;3444
2024-04-29T17:15;2024-04-29T17:30;70;kWh;0;3859;0;0;3859;3859
2024-04-29T17:30;2024-04-29T17:45;71;kWh;0;2793;0;0;2793;2793
2024-04-29T17:45;2024-04-29T18:00;72;kWh;0;1608;0;0;1608;1608
2024-04-29T18:00;2024-04-29T18:15;73;kWh;-855;0;0;0;855;-855
2024-04-29T18:15;2024-04-29T18:30;74;kWh;0;148;0;0;148;148
2024-04-29T18:30;2024-04-29T18:45;75;kWh;-1212;438;0;0;1650;-774
2024-04-29T18:45;2024-04-29T19:00;76;kWh;-5;0;0;0;5;-5
2024-04-29T19:00;2024-04-29T19:15;77;kWh;-4023;0;0;0;4023;-4023
2024-04-29T19:15;2024-04-29T19:30;78;kWh;-13;628;0;0;641;615
2024-04-29T19:30;2024-04-29T19:45;79;kWh;0;1226;0;0;1226;1226
2024-04-29T19:45;2024-04-29T20:00;80;kWh;0;0;0;0;0;0
2024-04-29T20:00;2024-04-29T20:15;81;kWh;-23283;0;0;0;23283;-23283
2024-04-29T20:15;2024-04-29T20:30;82;kWh;-43937;0;0;0;43937;-43937
2024-04-29T20:30;2024-04-29T20:45;83;kWh;-23562;0;0;0;23562;-23562
2024-04-29T20:45;2024-04-29T21:00;84;kWh;-6887;0;0;0;6887;-6887
2024-04-29T21:00;2024-04-29T21:15;85;kWh;-4400;392;0;0;4792;-4008
2024-04-29T21:15;2024-04-29T21:30;86;kWh;0;3717;0;0;3717;3717
2024-04-29T21:30;2024-04-29T21:45;87;kWh;0;48;0;0;48;48
2024-04-29T21:45;2024-04-29T22:00;88;kWh;-9;0;0;0;9;-9
2024-04-29T22:00;2024-04-29T22:15;89;kWh;-1987;0;0;0;1987;-1987
2024-04-29T22:15;2024-04-29T22:30;90;kWh;-3;0;0;0;3;-3
2024-04-29T22:30;2024-04-29T22:45;91;kWh;0;258;0;0;258;258
2024-04-29T22:45;2024-04-29T23:00;92;kWh;0;856;0;0;856;856
2024-04-29T23:00;2024-04-29T23:15;93;kWh;-5911;1;0;0;5912;-5910
2024-04-29T23:15;2024-04-29T23:30;94;kWh;-27271;0;0;0;27271;-27271
2024-04-29T23:30;2024-04-29T23:45;95;kWh;-31516;0;0;0;31516;-31516
2024-04-29T23:45;2024-04-30T00:00;96;kWh;-10285;0;0;0;10285;-10285
2024-04-30T00:00;2024-04-30T00:15;1;kWh;-955;0;0;0;955;-955
2024-04-30T00:15;2024-04-30T00:30;2;kWh;-826;0;0;0;826;-826
2024-04-30T00:30;2024-04-30T00:45;3;kWh;-26623;0;0;0;26623;-26623
2024-04-30T00:45;2024-04-30T01:00;4;kWh;-31644;0;0;0;31644;-31644
2024-04-30T01:00;2024-04-30T01:15;5;kWh;-13653;0;0;0;13653;-13653
2024-04-30T01:15;2024-04-30T01:30;6;kWh;0;0;0;0;0;0
2024-04-30T01:30;2024-04-30T01:45;7;kWh;0;0;0;0;0;0
2024-04-30T01:45;2024-04-30T02:00;8;kWh;-362;0;0;0;362;-362
2024-04-30T02:00;2024-04-30T02:15;9;kWh;-757;0;0;0;757;-757
2024-04-30T02:15;2024-04-30T02:30;10;kWh;0;9251;0;0;9251;9251
2024-04-30T02:30;2024-04-30T02:45;11;kWh;0;19570;0;0;19570;19570
2024-04-30T02:45;2024-04-30T03:00;12;kWh;0;22107;0;0;22107;22107
2024-04-30T03:00;2024-04-30T03:15;13;kWh;0;8637;0;0;8637;8637
2024-04-30T03:15;2024-04-30T03:30;14;kWh;0;0;0;0;0;0
2024-04-30T03:30;2024-04-30T03:45;15;kWh;0;0;0;0;0;0
2024-04-30T03:45;2024-04-30T04:00;16;kWh;-6869;0;0;0;6869;-6869
2024-04-30T04:00;2024-04-30T04:15;17;kWh;-5154;0;0;0;5154;-5154
2024-04-30T04:15;2024-04-30T04:30;18;kWh;0;0;0;0;0;0
2024-04-30T04:30;2024-04-30T04:45;19;kWh;0;0;0;0;0;0
2024-04-30T04:45;2024-04-30T05:00;20;kWh;0;0;0;0;0;0
2024-04-30T05:00;2024-04-30T05:15;21;kWh;-1710;0;0;0;1710;-1710
2024-04-30T05:15;2024-04-30T05:30;22;kWh;-16172;0;0;0;16172;-16172
2024-04-30T05:30;2024-04-30T05:45;23;kWh;-9072;0;0;0;9072;-9072
2024-04-30T05:45;2024-04-30T06:00;24;kWh;-270;0;0;0;270;-270
2024-04-30T06:00;2024-04-30T06:15;25;kWh;-18371;0;0;0;18371;-18371
2024-04-30T06:15;2024-04-30T06:30;26;kWh;-466;0;0;0;466;-466
2024-04-30T06:30;2024-04-30T06:45;27;kWh;-3;4887;0;0;4890;4884
2024-04-30T06:45;2024-04-30T07:00;28;kWh;0;15177;0;0;15177;15177
2024-04-30T07:00;2024-04-30T07:15;29;kWh;-1382;1255;0;0;2637;-127
2024-04-30T07:15;2024-04-30T07:30;30;kWh;0;20779;0;0;20779;20779
2024-04-30T07:30;2024-04-30T07:45;31;kWh;0;1562;0;0;1562;1562
2024-04-30T07:45;2024-04-30T08:00;32;kWh;0;3059;0;0;3059;3059
2024-04-30T08:00;2024-04-30T08:15;33;kWh;0;28988;0;0;28988;28988
2024-04-30T08:15;2024-04-30T08:30;34;kWh;0;38383;0;0;38383;38383
2024-04-30T08:30;2024-04-30T08:45;35;kWh;0;3427;0;0;3427;3427
2024-04-30T08:45;2024-04-30T09:00;36;kWh;-1228;0;0;0;1228;-1228
2024-04-30T09:00;2024-04-30T09:15;37;kWh;-2677;3699;0;0;6376;1022
2024-04-30T09:15;2024-04-30T09:30;38;kWh;0;27958;0;0;27958;27958
2024-04-30T09:30;2024-04-30T09:45;39;kWh;0;4592;0;0;4592;4592
2024-04-30T09:45;2024-04-30T10:00;40;kWh;0;16547;0;0;16547;16547
2024-04-30T10:00;2024-04-30T10:15;41;kWh;0;18284;0;0;18284;18284
2024-04-30T10:15;2024-04-30T10:30;42;kWh;0;21746;0;0;21746;21746
2024-04-30T10:30;2024-04-30T10:45;43;kWh;-59;1246;0;0;1305;1187
2024-04-30T10:45;2024-04-30T11:00;44;kWh;-23;0;0;0;23;-23
2024-04-30T11:00;2024-04-30T11:15;45;kWh;0;5294;0;0;5294;5294
2024-04-30T11:15;2024-04-30T11:30;46;kWh;0;2420;0;0;2420;2420
2024-04-30T11:30;2024-04-30T11:45;47;kWh;0;123;0;0;123;123
2024-04-30T11:45;2024-04-30T12:00;48;kWh;-1866;0;0;0;1866;-1866
2024-04-30T12:00;2024-04-30T12:15;49;kWh;-1089;0;0;0;1089;-1089
2024-04-30T12:15;2024-04-30T12:30;50;kWh;0;0;0;0;0;0
2024-04-30T12:30;2024-04-30T12:45;51;kWh;0;2420;0;0;2420;2420
2024-04-30T12:45;2024-04-30T13:00;52;kWh;0;38;0;0;38;38
2024-04-30T13:00;2024-04-30T13:15;53;kWh;0;11671;0;0;11671;11671
2024-04-30T13:15;2024-04-30T13:30;54;kWh;-1810;646;0;0;2456;-1164
2024-04-30T13:30;2024-04-30T13:45;55;kWh;-13568;0;0;0;13568;-13568
2024-04-30T13:45;2024-04-30T14:00;56;kWh;-24625;0;0;0;24625;-24625
2024-04-30T14:00;2024-04-30T14:15;57;kWh;-19492;0;0;0;19492;-19492
2024-04-30T14:15;2024-04-30T14:30;58;kWh;-39025;0;0;0;39025;-39025
2024-04-30T14:30;2024-04-30T14:45;59;kWh;-11978;0;0;0;11978;-11978
2024-04-30T14:45;2024-04-30T15:00;60;kWh;-20141;0;0;0;20141;-20141
2024-04-30T15:00;2024-04-30T15:15;61;kWh;-19209;0;0;0;19209;-19209
2024-04-30T15:15;2024-04-30T15:30;62;kWh;-3599;0;0;0;3599;-3599
2024-04-30T15:30;2024-04-30T15:45;63;kWh;0;523;0;0;523;523
2024-04-30T15:45;2024-04-30T16:00;64;kWh;0;4272;0;0;4272;4272
2024-04-30T16:00;2024-04-30T16:15;65;kWh;-735;263;0;0;998;-472
2024-04-30T16:15;2024-04-30T16:30;66;kWh;0;65606;0;0;65606;65606
2024-04-30T16:30;2024-04-30T16:45;67;kWh;0;30759;0;106764;137523;137523
2024-04-30T16:45;2024-04-30T17:00;68;kWh;0;8526;0;35620;44146;44146
2024-04-30T17:00;2024-04-30T17:15;69;kWh;-3042;1612;0;0;4654;-1430
2024-04-30T17:15;2024-04-30T17:30;70;kWh;-12;0;0;0;12;-12
2024-04-30T17:30;2024-04-30T17:45;71;kWh;-10947;0;0;0;10947;-10947
2024-04-30T17:45;2024-04-30T18:00;72;kWh;-5463;0;0;0;5463;-5463
2024-04-30T18:00;2024-04-30T18:15;73;kWh;0;5888;0;0;5888;5888
2024-04-30T18:15;2024-04-30T18:30;74;kWh;0;14189;0;0;14189;14189
2024-04-30T18:30;2024-04-30T18:45;75;kWh;-9566;46;0;0;9612;-9520
2024-04-30T18:45;2024-04-30T19:00;76;kWh;-2866;0;0;0;2866;-2866
2024-04-30T19:00;2024-04-30T19:15;77;kWh;-39313;0;0;0;39313;-39313
2024-04-30T19:15;2024-04-30T19:30;78;kWh;-37904;0;0;0;37904;-37904
2024-04-30T19:30;2024-04-30T19:45;79;kWh;-1615;1002;0;0;2617;-613
2024-04-30T19:45;2024-04-30T20:00;80;kWh;0;34683;0;0;34683;34683
2024-04-30T20:00;2024-04-30T20:15;81;kWh;0;80409;0;0;80409;80409
2024-04-30T20:15;2024-04-30T20:30;82;kWh;0;86270;0;0;86270;86270
2024-04-30T20:30;2024-04-30T20:45;83;kWh;0;88192;0;0;88192;88192
2024-04-30T20:45;2024-04-30T21:00;84;kWh;0;85291;0;0;85291;85291
2024-04-30T21:00;2024-04-30T21:15;85;kWh;-1;6997;0;0;6998;6996
2024-04-30T21:15;2024-04-30T21:30;86;kWh;-908;0;0;0;908;-908
2024-04-30T21:30;2024-04-30T21:45;87;kWh;-31556;0;0;0;31556;-31556
2024-04-30T21:45;2024-04-30T22:00;88;kWh;-63223;0;0;0;63223;-63223
2024-04-30T22:00;2024-04-30T22:15;89;kWh;-77266;0;0;0;77266;-77266
2024-04-30T22:15;2024-04-30T22:30;90;kWh;-51255;0;0;0;51255;-51255
2024-04-30T22:30;2024-04-30T22:45;91;kWh;-19091;0;0;0;19091;-19091
2024-04-30T22:45;2024-04-30T23:00;92;kWh;-6660;0;0;0;6660;-6660
2024-04-30T23:00;2024-04-30T23:15;93;kWh;-14635;0;0;0;14635;-14635
2024-04-30T23:15;2024-04-30T23:30;94;kWh;0;0;0;0;0;0
2024-04-30T23:30;2024-04-30T23:45;95;kWh;-3690;0;0;0;3690;-3690
2024-04-30T23:45;2024-05-01T00:00;96;kWh;-24522;0;0;0;24522;-24522
2024-05-01T00:00;2024-05-01T00:15;1;kWh;-30108;0;0;0;30108;-30108
2024-05-01T00:15;2024-05-01T00:30;2;kWh;-13097;0;0;0;13097;-13097
2024-05-01T00:30;2024-05-01T00:45;3;kWh;-40044;0;0;0;40044;-40044
2024-05-01T00:45;2024-05-01T01:00;4;kWh;-28187;0;0;0;28187;-28187
2024-05-01T01:00;2024-05-01T01:15;5;kWh;-926;33087;0;0;34013;32161
2024-05-01T01:15;2024-05-01T01:30;6;kWh;0;62710;0;0;62710;62710
2024-05-01T01:30;2024-05-01T01:45;7;kWh;0;34938;0;0;34938;34938
2024-05-01T01:45;2024-05-01T02:00;8;kWh;0;2898;0;0;2898;2898
2024-05-01T02:00;2024-05-01T02:15;9;kWh;0;14130;0;0;14130;14130
2024-05-01T02:15;2024-05-01T02:30;10;kWh;0;11152;0;0;11152;11152
2024-05-01T02:30;2024-05-01T02:45;11;kWh;-150;188;0;0;338;38
2024-05-01T02:45;2024-05-01T03:00;12;kWh;-19346;0;0;0;19346;-19346
2024-05-01T03:00;2024-05-01T03:15;13;kWh;-3736;0;0;0;3736;-3736
2024-05-01T03:15;2024-05-01T03:30;14;kWh;-54790;0;0;0;54790;-54790
2024-05-01T03:30;2024-05-01T03:45;15;kWh;-64879;0;0;0;64879;-64879
2024-05-01T03:45;2024-05-01T04:00;16;kWh;-25750;0;0;0;25750;-25750
2024-05-01T04:00;2024-05-01T04:15;17;kWh;-22446;0;0;0;22446;-22446
2024-05-01T04:15;2024-05-01T04:30;18;kWh;-38256;0;0;0;38256;-38256
2024-05-01T04:30;2024-05-01T04:45;19;kWh;-26184;0;0;0;26184;-26184
2024-05-01T04:45;2024-05-01T05:00;20;kWh;-23541;0;0;0;23541;-23541
2024-05-01T05:00;2024-05-01T05:15;21;kWh;-5732;48;0;0;5780;-5684
2024-05-01T05:15;2024-05-01T05:30;22;kWh;0;1758;0;0;1758;1758
2024-05-01T05:30;2024-05-01T05:45;23;kWh;0;4310;0;0;4310;4310
2024-05-01T05:45;2024-05-01T06:00;24;kWh;0;37179;0;0;37179;37179
2024-05-01T06:00;2024-05-01T06:15;25;kWh;0;30807;0;0;30807;30807
2024-05-01T06:15;2024-05-01T06:30;26;kWh;0;30462;0;0;30462;30462
2024-05-01T06:30;2024-05-01T06:45;27;kWh;0;7387;0;0;7387;7387
2024-05-01T06:45;2024-05-01T07:00;28;kWh;-8350;1042;0;0;9392;-7308
2024-05-01T07:00;2024-05-01T07:15;29;kWh;-7382;784;0;0;8166;-6598
2024-05-01T07:15;2024-05-01T07:30;30;kWh;0;7214;0;0;7214;7214
2024-05-01T07:30;2024-05-01T07:45;31;kWh;0;3142;0;0;3142;3142
2024-05-01T07:45;2024-05-01T08:00;32;kWh;0;403;0;0;403;403
2024-05-01T08:00;2024-05-01T08:15;33;kWh;-439;4259;0;0;4698;3820
2024-05-01T08:15;2024-05-01T08:30;34;kWh;0;4018;0;0;4018;4018
2024-05-01T08:30;2024-05-01T08:45;35;kWh;-1422;18;0;0;1440;-1404
2024-05-01T08:45;2024-05-01T09:00;36;kWh;-4901;0;0;0;4901;-4901
2024-05-01T09:00;2024-05-01T09:15;37;kWh;0;21101;0;0;21101;21101
2024-05-01T09:15;2024-05-01T09:30;38;kWh;0;17971;0;0;17971;17971
2024-05-01T09:30;2024-05-01T09:45;39;kWh;-1254;5780;0;0;7034;4526
2024-05-01T09:45;2024-05-01T10:00;40;kWh;-5760;0;0;0;5760;-5760
2024-05-01T10:00;2024-05-01T10:15;41;kWh;0;3853;0;0;3853;3853
2024-05-01T10:15;2024-05-01T10:30;42;kWh;-1297;0;0;0;1297;-1297
2024-05-01T10:30;2024-05-01T10:45;43;kWh;-4523;0;0;0;4523;-4523
2024-05-01T10:45;2024-05-01T11:00;44;kWh;-21377;0;0;0;21377;-21377
2024-05-01T11:00;2024-05-01T11:15;45;kWh;-14194;0;0;0;14194;-14194
2024-05-01T11:15;2024-05-01T11:30;46;kWh;-10367;0;0;0;10367;-10367
2024-05-01T11:30;2024-05-01T11:45;47;kWh;-11171;0;0;0;11171;-11171
2024-05-01T11:45;2024-05-01T12:00;48;kWh;-22839;0;0;0;22839;-22839
2024-05-01T12:00;2024-05-01T12:15;49;kWh;-13471;0;0;0;13471;-13471
2024-05-01T12:15;2024-05-01T12:30;50;kWh;-24139;0;0;0;24139;-24139
2024-05-01T12:30;2024-05-01T12:45;51;kWh;-40071;0;0;0;40071;-40071
2024-05-01T12:45;2024-05-01T13:00;52;kWh;-50307;0;0;0;50307;-50307
2024-05-01T13:00;2024-05-01T13:15;53;kWh;-29512;0;0;0;29512;-29512
2024-05-01T13:15;2024-05-01T13:30;54;kWh;-41352;0;0;0;41352;-41352
2024-05-01T13:30;2024-05-01T13:45;55;kWh;-44806;0;0;0;44806;-44806
2024-05-01T13:45;2024-05-01T14:00;56;kWh;-49172;0;0;0;49172;-49172
2024-05-01T14:00;2024-05-01T14:15;57;kWh;-33611;0;0;0;33611;-33611
2024-05-01T14:15;2024-05-01T14:30;58;kWh;-43353;0;0;0;43353;-43353
2024-05-01T14:30;2024-05-01T14:45;59;kWh;-41641;0;0;0;41641;-41641
2024-05-01T14:45;2024-05-01T15:00;60;kWh;-29421;0;0;0;29421;-29421
2024-05-01T15:00;2024-05-01T15:15;61;kWh;-24907;0;0;0;24907;-24907
2024-05-01T15:15;2024-05-01T15:30;62;kWh;-15072;0;0;0;15072;-15072
2024-05-01T15:30;2024-05-01T15:45;63;kWh;-9552;235;0;0;9787;-9317
2024-05-01T15:45;2024-05-01T16:00;64;kWh;-12470;113;0;0;12583;-12357
2024-05-01T16:00;2024-05-01T16:15;65;kWh;-18929;0;0;0;18929;-18929
2024-05-01T16:15;2024-05-01T16:30;66;kWh;-18232;0;0;0;18232;-18232
2024-05-01T16:30;2024-05-01T16:45;67;kWh;-9475;0;0;0;9475;-9475
2024-05-01T16:45;2024-05-01T17:00;68;kWh;-1705;0;0;0;1705;-1705
2024-05-01T17:00;2024-05-01T17:15;69;kWh;-16648;202;0;0;16850;-16446
2024-05-01T17:15;2024-05-01T17:30;70;kWh;-14741;917;0;0;15658;-13824
2024-05-01T17:30;2024-05-01T17:45;71;kWh;0;9211;0;0;9211;9211
2024-05-01T17:45;2024-05-01T18:00;72;kWh;0;71123;0;0;71123;71123
2024-05-01T18:00;2024-05-01T18:15;73;kWh;-34735;1613;0;0;36348;-33122
2024-05-01T18:15;2024-05-01T18:30;74;kWh;-25416;0;0;0;25416;-25416
2024-05-01T18:30;2024-05-01T18:45;75;kWh;0;108;0;0;108;108
2024-05-01T18:45;2024-05-01T19:00;76;kWh;0;0;0;0;0;0
2024-05-01T19:00;2024-05-01T19:15;77;kWh;-11617;0;0;0;11617;-11617
2024-05-01T19:15;2024-05-01T19:30;78;kWh;-1569;0;0;0;1569;-1569
2024-05-01T19:30;2024-05-01T19:45;79;kWh;0;23104;0;0;23104;23104
2024-05-01T19:45;2024-05-01T20:00;80;kWh;0;57249;0;0;57249;57249
2024-05-01T20:00;2024-05-01T20:15;81;kWh;0;10595;0;0;10595;10595
2024-05-01T20:15;2024-05-01T20:30;82;kWh;0;7075;0;0;7075;7075
2024-05-01T20:30;2024-05-01T20:45;83;kWh;0;2170;0;0;2170;2170
2024-05-01T20:45;2024-05-01T21:00;84;kWh;0;2813;0;0;2813;2813
2024-05-01T21:00;2024-05-01T21:15;85;kWh;0;24736;0;0;24736;24736
2024-05-01T21:15;2024-05-01T21:30;86;kWh;0;36308;0;0;36308;36308
2024-05-01T21:30;2024-05-01T21:45;87;kWh;0;37807;0;0;37807;37807
2024-05-01T21:45;2024-05-01T22:00;88;kWh;0;13700;0;0;13700;13700
2024-05-01T22:00;2024-05-01T22:15;89;kWh;0;36021;0;0;36021;36021
2024-05-01T22:15;2024-05-01T22:30;90;kWh;0;49060;0;0;49060;49060
2024-05-01T22:30;2024-05-01T22:45;91;kWh;0;11971;0;0;11971;11971
2024-05-01T22:45;2024-05-01T23:00;92;kWh;-2818;0;0;0;2818;-2818
2024-05-01T23:00;2024-05-01T23:15;93;kWh;-7388;268;0;0;7656;-7120
2024-05-01T23:15;2024-05-01T23:30;94;kWh;0;945;0;0;945;945
2024-05-01T23:30;2024-05-01T23:45;95;kWh;0;41;0;0;41;41
2024-05-01T23:45;2024-05-02T00:00;96;kWh;0;0;0;0;0;0
2024-05-02T00:00;2024-05-02T00:15;1;kWh;0;37939;0;0;37939;37939
2024-05-02T00:15;2024-05-02T00:30;2;kWh;0;78109;0;0;78109;78109
2024-05-02T00:30;2024-05-02T00:45;3;kWh;0;28162;0;0;28162;28162
2024-05-02T00:45;2024-05-02T01:00;4;kWh;0;10013;0;0;10013;10013
2024-05-02T01:00;2024-05-02T01:15;5;kWh;0;2930;0;0;2930;2930
2024-05-02T01:15;2024-05-02T01:30;6;kWh;-2064;0;0;0;2064;-2064
2024-05-02T01:30;2024-05-02T01:45;7;kWh;-8126;0;0;0;8126;-8126
2024-05-02T01:45;2024-05-02T02:00;8;kWh;-10619;0;0;0;10619;-10619
2024-05-02T02:00;2024-05-02T02:15;9;kWh;-12019;823;0;0;12842;-11196
2024-05-02T02:15;2024-05-02T02:30;10;kWh;-8419;620;0;0;9039;-7799
2024-05-02T02:30;2024-05-02T02:45;11;kWh;-4976;0;0;0;4976;-4976
2024-05-02T02:45;2024-05-02T03:00;12;kWh;-9204;0;0;0;9204;-9204
2024-05-02T03:00;2024-05-02T03:15;13;kWh;-3807;0;0;0;3807;-3807
2024-05-02T03:15;2024-05-02T03:30;14;kWh;-1209;0;0;0;1209;-1209
2024-05-02T03:30;2024-05-02T03:45;15;kWh;-5247;0;0;0;5247;-5247
2024-05-02T03:45;2024-05-02T04:00;16;kWh;-2433;0;0;0;2433;-2433
2024-05-02T04:00;2024-05-02T04:15;17;kWh;-509;0;0;0;509;-509
2024-05-02T04:15;2024-05-02T04:30;18;kWh;0;829;0;0;829;829
2024-05-02T04:30;2024-05-02T04:45;19;kWh;0;16156;0;0;16156;16156
2024-05-02T04:45;2024-05-02T05:00;20;kWh;0;28835;0;0;28835;28835
2024-05-02T05:00;2024-05-02T05:15;21;kWh;0;16478;0;0;16478;16478
2024-05-02T05:15;2024-05-02T05:30;22;kWh;0;7122;0;0;7122;7122
2024-05-02T05:30;2024-05-02T05:45;23;kWh;0;5078;0;0;5078;5078
2024-05-02T05:45;2024-05-02T06:00;24;kWh;0;2889;0;0;2889;2889
2024-05-02T06:00;2024-05-02T06:15;25;kWh;-11167;1266;0;0;12433;-9901
2024-05-02T06:15;2024-05-02T06:30;26;kWh;-14122;880;0;0;15002;-13242
2024-05-02T06:30;2024-05-02T06:45;27;kWh;-3593;0;0;0;3593;-3593
2024-05-02T06:45;2024-05-02T07:00;28;kWh;-3;0;0;0;3;-3
2024-05-02T07:00;2024-05-02T07:15;29;kWh;-181;0;0;0;181;-181
2024-05-02T07:15;2024-05-02T07:30;30;kWh;0;0;0;0;0;0
2024-05-02T07:30;2024-05-02T07:45;31;kWh;0;0;0;0;0;0
2024-05-02T07:45;2024-05-02T08:00;32;kWh;0;0;0;0;0;0
2024-05-02T08:00;2024-05-02T08:15;33;kWh;0;2285;0;0;2285;2285
2024-05-02T08:15;2024-05-02T08:30;34;kWh;0;13580;0;0;13580;13580
2024-05-02T08:30;2024-05-02T08:45;35;kWh;0;27583;0;0;27583;27583
2024-05-02T08:45;2024-05-02T09:00;36;kWh;0;26904;0;0;26904;26904
2024-05-02T09:00;2024-05-02T09:15;37;kWh;0;15491;0;0;15491;15491
2024-05-02T09:15;2024-05-02T09:30;38;kWh;0;16053;0;0;16053;16053
2024-05-02T09:30;2024-05-02T09:45;39;kWh;-24;0;0;0;24;-24
2024-05-02T09:45;2024-05-02T10:00;40;kWh;-12332;0;0;0;12332;-12332
2024-05-02T10:00;2024-05-02T10:15;41;kWh;-11750;0;0;0;11750;-11750
2024-05-02T10:15;2024-05-02T10:30;42;kWh;-6227;0;0;0;6227;-6227
2024-05-02T10:30;2024-05-02T10:45;43;kWh;-9679;0;0;0;9679;-9679
2024-05-02T10:45;2024-05-02T11:00;44;kWh;-15852;0;0;0;15852;-15852
2024-05-02T11:00;2024-05-02T11:15;45;kWh;-3345;0;0;0;3345;-3345
2024-05-02T11:15;2024-05-02T11:30;46;kWh;-1601;0;0;0;1601;-1601
2024-05-02T11:30;2024-05-02T11:45;47;kWh;-4125;0;0;0;4125;-4125
2024-05-02T11:45;2024-05-02T12:00;48;kWh;-3414;0;0;0;3414;-3414
2024-05-02T12:00;2024-05-02T12:15;49;kWh;-8352;0;0;0;8352;-8352
2024-05-02T12:15;2024-05-02T12:30;50;kWh;-20118;0;0;0;20118;-20118
2024-05-02T12:30;2024-05-02T12:45;51;kWh;-19403;0;0;0;19403;-19403
2024-05-02T12:45;2024-05-02T13:00;52;kWh;-10595;0;0;0;10595;-10595
2024-05-02T13:00;2024-05-02T13:15;53;kWh;-29134;0;0;0;29134;-29134
2024-05-02T13:15;2024-05-02T13:30;54;kWh;-23407;0;0;0;23407;-23407
2024-05-02T13:30;2024-05-02T13:45;55;kWh;-19799;0;0;0;19799;-19799
2024-05-02T13:45;2024-05-02T14:00;56;kWh;-18241;0;0;0;18241;-18241
2024-05-02T14:00;2024-05-02T14:15;57;kWh;-11499;0;0;0;11499;-11499
2024-05-02T14:15;2024-05-02T14:30;58;kWh;-11622;0;0;0;11622;-11622
2024-05-02T14:30;2024-05-02T14:45;59;kWh;-27183;0;0;0;27183;-27183
2024-05-02T14:45;2024-05-02T15:00;60;kWh;-25856;0;0;0;25856;-25856
2024-05-02T15:00;2024-05-02T15:15;61;kWh;-22878;0;0;0;22878;-22878
2024-05-02T15:15;2024-05-02T15:30;62;kWh;-26274;0;0;0;26274;-26274
2024-05-02T15:30;2024-05-02T15:45;63;kWh;-12031;0;0;0;12031;-12031
2024-05-02T15:45;2024-05-02T16:00;64;kWh;-12499;0;0;0;12499;-12499
2024-05-02T16:00;2024-05-02T16:15;65;kWh;-49726;0;0;0;49726;-49726
2024-05-02T16:15;2024-05-02T16:30;66;kWh;-50301;0;0;0;50301;-50301
2024-05-02T16:30;2024-05-02T16:45;67;kWh;-34863;0;0;0;34863;-34863
2024-05-02T16:45;2024-05-02T17:00;68;kWh;-22245;0;0;0;22245;-22245
2024-05-02T17:00;2024-05-02T17:15;69;kWh;-32999;0;0;0;32999;-32999
2024-05-02T17:15;2024-05-02T17:30;70;kWh;-20680;0;0;0;20680;-20680
2024-05-02T17:30;2024-05-02T17:45;71;kWh;-19251;0;0;0;19251;-19251
2024-05-02T17:45;2024-05-02T18:00;72;kWh;-18551;0;0;0;18551;-18551
2024-05-02T18:00;2024-05-02T18:15;73;kWh;-468;0;0;0;468;-468
2024-05-02T18:15;2024-05-02T18:30;74;kWh;-15652;0;0;0;15652;-15652
2024-05-02T18:30;2024-05-02T18:45;75;kWh;-35135;0;0;0;35135;-35135
2024-05-02T18:45;2024-05-02T19:00;76;kWh;-9473;0;0;0;9473;-9473
2024-05-02T19:00;2024-05-02T19:15;77;kWh;-107;463;0;0;570;356
2024-05-02T19:15;2024-05-02T19:30;78;kWh;0;6089;0;0;6089;6089
2024-05-02T19:30;2024-05-02T19:45;79;kWh;0;7838;0;0;7838;7838
2024-05-02T19:45;2024-05-02T20:00;80;kWh;-5949;0;0;0;5949;-5949
2024-05-02T20:00;2024-05-02T20:15;81;kWh;-13288;0;0;0;13288;-13288
2024-05-02T20:15;2024-05-02T20:30;82;kWh;-24265;0;0;0;24265;-24265
2024-05-02T20:30;2024-05-02T20:45;83;kWh;-40058;0;0;0;40058;-40058
2024-05-02T20:45;2024-05-02T21:00;84;kWh;-10327;0;0;0;10327;-10327
2024-05-02T21:00;2024-05-02T21:15;85;kWh;-12038;0;0;0;12038;-12038
2024-05-02T21:15;2024-05-02T21:30;86;kWh;-28073;0;0;0;28073;-28073
2024-05-02T21:30;2024-05-02T21:45;87;kWh;-65401;0;0;0;65401;-65401
2024-05-02T21:45;2024-05-02T22:00;88;kWh;-61430;0;0;0;61430;-61430
2024-05-02T22:00;2024-05-02T22:15;89;kWh;-62423;0;0;0;62423;-62423
2024-05-02T22:15;2024-05-02T22:30;90;kWh;-73866;0;0;0;73866;-73866
2024-05-02T22:30;2024-05-02T22:45;91;kWh;-56714;0;0;0;56714;-56714
2024-05-02T22:45;2024-05-02T23:00;92;kWh;-55631;0;0;0;55631;-55631
2024-05-02T23:00;2024-05-02T23:15;93;kWh;-22008;0;0;0;22008;-22008
2024-05-02T23:15;2024-05-02T23:30;94;kWh;-14087;0;0;0;14087;-14087
2024-05-02T23:30;2024-05-02T23:45;95;kWh;-26428;0;0;0;26428;-26428
2024-05-02T23:45;2024-05-03T00:00;96;kWh;-21926;0;0;0;21926;-21926
2024-05-03T00:00;2024-05-03T00:15;1;kWh;-20476;0;0;0;20476;-20476
2024-05-03T00:15;2024-05-03T00:30;2;kWh;-5227;0;0;0;5227;-5227
2024-05-03T00:30;2024-05-03T00:45;3;kWh;-5229;0;0;0;5229;-5229
2024-05-03T00:45;2024-05-03T01:00;4;kWh;-18776;0;0;0;18776;-18776
2024-05-03T01:00;2024-05-03T01:15;5;kWh;-51826;0;0;0;51826;-51826
2024-05-03T01:15;2024-05-03T01:30;6;kWh;-74769;0;0;0;74769;-74769
2024-05-03T01:30;2024-05-03T01:45;7;kWh;-76592;0;0;0;76592;-76592
2024-05-03T01:45;2024-05-03T02:00;8;kWh;-81496;0;0;0;81496;-81496
2024-05-03T02:00;2024-05-03T02:15;9;kWh;-56647;0;0;0;56647;-56647
2024-05-03T02:15;2024-05-03T02:30;10;kWh;-61305;0;0;0;61305;-61305
2024-05-03T02:30;2024-05-03T02:45;11;kWh;-61964;0;0;0;61964;-61964
2024-05-03T02:45;2024-05-03T03:00;12;kWh;-89659;0;0;0;89659;-89659
2024-05-03T03:00;2024-05-03T03:15;13;kWh;-13914;0;0;0;13914;-13914
2024-05-03T03:15;2024-05-03T03:30;14;kWh;-290;0;0;0;290;-290
2024-05-03T03:30;2024-05-03T03:45;15;kWh;-249;14803;0;0;15052;14554
2024-05-03T03:45;2024-05-03T04:00;16;kWh;-249;52714;0;0;52963;52465
2024-05-03T04:00;2024-05-03T04:15;17;kWh;-249;55284;0;0;55533;55035
2024-05-03T04:15;2024-05-03T04:30;18;kWh;-249;86920;0;0;87169;86671
2024-05-03T04:30;2024-05-03T04:45;19;kWh;-249;48099;0;0;48348;47850
2024-05-03T04:45;2024-05-03T05:00;20;kWh;-249;25275;0;0;25524;25026
2024-05-03T05:00;2024-05-03T05:15;21;kWh;-249;664;0;0;913;415
2024-05-03T05:15;2024-05-03T05:30;22;kWh;-249;7506;0;0;7755;7257
2024-05-03T05:30;2024-05-03T05:45;23;kWh;-249;51191;0;0;51440;50942
2024-05-03T05:45;2024-05-03T06:00;24;kWh;-249;21017;0;0;21266;20768
2024-05-03T06:00;2024-05-03T06:15;25;kWh;-891;1526;0;0;2417;635
2024-05-03T06:15;2024-05-03T06:30;26;kWh;-249;13177;0;0;13426;12928
2024-05-03T06:30;2024-05-03T06:45;27;kWh;-249;50459;0;0;50708;50210
2024-05-03T06:45;2024-05-03T07:00;28;kWh;-249;35362;0;0;35611;35113
2024-05-03T07:00;2024-05-03T07:15;29;kWh;-1820;558;0;0;2378;-1262
2024-05-03T07:15;2024-05-03T07:30;30;kWh;-249;27197;0;0;27446;26948
2024-05-03T07:30;2024-05-03T07:45;31;kWh;-249;52764;0;0;53013;52515
2024-05-03T07:45;2024-05-03T08:00;32;kWh;-249;88850;0;0;89099;88601
2024-05-03T08:00;2024-05-03T08:15;33;kWh;-249;69825;0;0;70074;69576
2024-05-03T08:15;2024-05-03T08:30;34;kWh;-249;59509;0;0;59758;59260
2024-05-03T08:30;2024-05-03T08:45;35;kWh;-249;42214;0;0;42463;41965
2024-05-03T08:45;2024-05-03T09:00;36;kWh;-249;27225;0;0;27474;26976
2024-05-03T09:00;2024-05-03T09:15;37;kWh;-295;17024;0;0;17319;16729
2024-05-03T09:15;2024-05-03T09:30;38;kWh;-838;231;0;0;1069;-607
2024-05-03T09:30;2024-05-03T09:45;39;kWh;-249;3841;0;0;4090;3592
2024-05-03T09:45;2024-05-03T10:00;40;kWh;-259;24;0;0;283;-235
2024-05-03T10:00;2024-05-03T10:15;41;kWh;-801;0;0;0;801;-801
2024-05-03T10:15;2024-05-03T10:30;42;kWh;-1295;0;0;0;1295;-1295
2024-05-03T10:30;2024-05-03T10:45;43;kWh;-3648;0;0;0;3648;-3648
2024-05-03T10:45;2024-05-03T11:00;44;kWh;-666;0;0;0;666;-666
2024-05-03T11:00;2024-05-03T11:15;45;kWh;-249;2108;0;0;2357;1859
2024-05-03T11:15;2024-05-03T11:30;46;kWh;-249;3661;0;0;3910;3412
2024-05-03T11:30;2024-05-03T11:45;47;kWh;-1099;0;0;0;1099;-1099
2024-05-03T11:45;2024-05-03T12:00;48;kWh;-4832;0;0;0;4832;-4832
2024-05-03T12:00;2024-05-03T12:15;49;kWh;-249;24159;0;0;24408;23910
2024-05-03T12:15;2024-05-03T12:30;50;kWh;-584;17846;0;0;18430;17262
2024-05-03T12:30;2024-05-03T12:45;51;kWh;-3749;0;0;0;3749;-3749
2024-05-03T12:45;2024-05-03T13:00;52;kWh;-19689;0;0;0;19689;-19689
2024-05-03T13:00;2024-05-03T13:15;53;kWh;-12223;0;0;0;12223;-12223
2024-05-03T13:15;2024-05-03T13:30;54;kWh;-11938;0;0;0;11938;-11938
2024-05-03T13:30;2024-05-03T13:45;55;kWh;-35212;0;0;0;35212;-35212
2024-05-03T13:45;2024-05-03T14:00;56;kWh;-43244;0;0;0;43244;-43244
2024-05-03T14:00;2024-05-03T14:15;57;kWh;-35521;0;0;0;35521;-35521
2024-05-03T14:15;2024-05-03T14:30;58;kWh;-27058;0;0;0;27058;-27058
2024-05-03T14:30;2024-05-03T14:45;59;kWh;-42466;0;0;0;42466;-42466
2024-05-03T14:45;2024-05-03T15:00;60;kWh;-39284;0;0;0;39284;-39284
2024-05-03T15:00;2024-05-03T15:15;61;kWh;-2718;10611;0;0;13329;7893
2024-05-03T15:15;2024-05-03T15:30;62;kWh;-249;4512;0;0;4761;4263
2024-05-03T15:30;2024-05-03T15:45;63;kWh;-249;7371;0;0;7620;7122
2024-05-03T15:45;2024-05-03T16:00;64;kWh;-249;7828;0;0;8077;7579
2024-05-03T16:00;2024-05-03T16:15;65;kWh;-249;14187;0;0;14436;13938
2024-05-03T16:15;2024-05-03T16:30;66;kWh;-249;1722;0;0;1971;1473
2024-05-03T16:30;2024-05-03T16:45;67;kWh;-249;12266;0;0;12515;12017
2024-05-03T16:45;2024-05-03T17:00;68;kWh;-249;29275;0;0;29524;29026
2024-05-03T17:00;2024-05-03T17:15;69;kWh;-249;24558;0;0;24807;24309
2024-05-03T17:15;2024-05-03T17:30;70;kWh;-249;13724;0;0;13973;13475
2024-05-03T17:30;2024-05-03T17:45;71;kWh;-249;7022;0;0;7271;6773
2024-05-03T17:45;2024-05-03T18:00;72;kWh;-249;842;0;0;1091;593
2024-05-03T18:00;2024-05-03T18:15;73;kWh;-24845;0;0;0;24845;-24845
2024-05-03T18:15;2024-05-03T18:30;74;kWh;-41547;0;0;0;41547;-41547
2024-05-03T18:30;2024-05-03T18:45;75;kWh;-17249;0;0;0;17249;-17249
2024-05-03T18:45;2024-05-03T19:00;76;kWh;-520;0;0;0;520;-520
2024-05-03T19:00;2024-05-03T19:15;77;kWh;-24587;0;0;0;24587;-24587
2024-05-03T19:15;2024-05-03T19:30;78;kWh;-19304;0;0;0;19304;-19304
2024-05-03T19:30;2024-05-03T19:45;79;kWh;-267;0;0;0;267;-267
2024-05-03T19:45;2024-05-03T20:00;80;kWh;-249;379;0;0;628;130
2024-05-03T20:00;2024-05-03T20:15;81;kWh;-249;1703;0;0;1952;1454
2024-05-03T20:15;2024-05-03T20:30;82;kWh;-249;32850;0;0;33099;32601
2024-05-03T20:30;2024-05-03T20:45;83;kWh;-249;43347;0;0;43596;43098
2024-05-03T20:45;2024-05-03T21:00;84;kWh;-249;55204;0;0;55453;54955
2024-05-03T21:00;2024-05-03T21:15;85;kWh;-249;458;0;0;707;209
2024-05-03T21:15;2024-05-03T21:30;86;kWh;-249;342;0;0;591;93
2024-05-03T21:30;2024-05-03T21:45;87;kWh;-249;19992;0;0;20241;19743
2024-05-03T21:45;2024-05-03T22:00;88;kWh;-249;24679;0;0;24928;24430
2024-05-03T22:00;2024-05-03T22:15;89;kWh;-249;16162;0;0;16411;15913
2024-05-03T22:15;2024-05-03T22:30;90;kWh;-249;37909;0;0;38158;37660
2024-05-03T22:30;2024-05-03T22:45;91;kWh;-249;47359;0;0;47608;47110
2024-05-03T22:45;2024-05-03T23:00;92;kWh;-249;40396;0;0;40645;40147
2024-05-03T23:00;2024-05-03T23:15;93;kWh;-249;18409;0;0;18658;18160
2024-05-03T23:15;2024-05-03T23:30;94;kWh;-249;6790;0;0;7039;6541
2024-05-03T23:30;2024-05-03T23:45;95;kWh;-249;58;0;0;307;-191
2024-05-03T23:45;2024-05-04T00:00;96;kWh;-249;12075;0;0;12324;11826
2024-05-04T00:00;2024-05-04T00:15;1;kWh;0;14784;0;0;14784;14784
2024-05-04T00:15;2024-05-04T00:30;2;kWh;0;16562;0;0;16562;16562
2024-05-04T00:30;2024-05-04T00:45;3;kWh;0;14316;0;0;14316;14316
2024-05-04T00:45;2024-05-04T01:00;4;kWh;0;26507;0;0;26507;26507
2024-05-04T01:00;2024-05-04T01:15;5;kWh;0;8934;0;0;8934;8934
2024-05-04T01:15;2024-05-04T01:30;6;kWh;0;0;0;0;0;0
2024-05-04T01:30;2024-05-04T01:45;7;kWh;0;4356;0;0;4356;4356
2024-05-04T01:45;2024-05-04T02:00;8;kWh;0;3544;0;0;3544;3544
2024-05-04T02:00;2024-05-04T02:15;9;kWh;-10923;57;0;0;10980;-10866
2024-05-04T02:15;2024-05-04T02:30;10;kWh;-14554;0;0;0;14554;-14554
2024-05-04T02:30;2024-05-04T02:45;11;kWh;-2023;0;0;0;2023;-2023
2024-05-04T02:45;2024-05-04T03:00;12;kWh;0;3932;0;0;3932;3932
2024-05-04T03:00;2024-05-04T03:15;13;kWh;0;9970;0;0;9970;9970
2024-05-04T03:15;2024-05-04T03:30;14;kWh;0;30618;0;0;30618;30618
2024-05-04T03:30;2024-05-04T03:45;15;kWh;0;18515;0;0;18515;18515
2024-05-04T03:45;2024-05-04T04:00;16;kWh;0;11974;0;0;11974;11974
2024-05-04T04:00;2024-05-04T04:15;17;kWh;-1825;35;0;0;1860;-1790
2024-05-04T04:15;2024-05-04T04:30;18;kWh;-4972;0;0;0;4972;-4972
2024-05-04T04:30;2024-05-04T04:45;19;kWh;-9118;0;0;0;9118;-9118
2024-05-04T04:45;2024-05-04T05:00;20;kWh;-21468;0;0;0;21468;-21468
2024-05-04T05:00;2024-05-04T05:15;21;kWh;-9505;0;0;0;9505;-9505
2024-05-04T05:15;2024-05-04T05:30;22;kWh;0;0;0;0;0;0
2024-05-04T05:30;2024-05-04T05:45;23;kWh;0;0;0;0;0;0
2024-05-04T05:45;2024-05-04T06:00;24;kWh;-1654;0;0;0;1654;-1654
2024-05-04T06:00;2024-05-04T06:15;25;kWh;-3599;3;0;0;3602;-3596
2024-05-04T06:15;2024-05-04T06:30;26;kWh;0;1604;0;0;1604;1604
2024-05-04T06:30;2024-05-04T06:45;27;kWh;-7809;0;0;0;7809;-7809
2024-05-04T06:45;2024-05-04T07:00;28;kWh;-39028;0;0;0;39028;-39028
2024-05-04T07:00;2024-05-04T07:15;29;kWh;-10568;0;0;0;10568;-10568
2024-05-04T07:15;2024-05-04T07:30;30;kWh;-15996;0;0;0;15996;-15996
2024-05-04T07:30;2024-05-04T07:45;31;kWh;-48956;0;0;0;48956;-48956
2024-05-04T07:45;2024-05-04T08:00;32;kWh;-52054;0;0;0;52054;-52054
2024-05-04T08:00;2024-05-04T08:15;33;kWh;-1002;0;0;0;1002;-1002
2024-05-04T08:15;2024-05-04T08:30;34;kWh;-40349;0;0;0;40349;-40349
2024-05-04T08:30;2024-05-04T08:45;35;kWh;-37422;0;0;0;37422;-37422
2024-05-04T08:45;2024-05-04T09:00;36;kWh;-65462;0;0;0;65462;-65462
2024-05-04T09:00;2024-05-04T09:15;37;kWh;-21741;0;0;0;21741;-21741
2024-05-04T09:15;2024-05-04T09:30;38;kWh;-14;0;0;0;14;-14
2024-05-04T09:30;2024-05-04T09:45;39;kWh;-16046;0;0;0;16046;-16046
2024-05-04T09:45;2024-05-04T10:00;40;kWh;-26754;0;0;0;26754;-26754
2024-05-04T10:00;2024-05-04T10:15;41;kWh;-24899;0;0;0;24899;-24899
2024-05-04T10:15;2024-05-04T10:30;42;kWh;-44740;0;0;0;44740;-44740
2024-05-04T10:30;2024-05-04T10:45;43;kWh;-30189;0;0;0;30189;-30189
2024-05-04T10:45;2024-05-04T11:00;44;kWh;-41163;0;0;0;41163;-41163
2024-05-04T11:00;2024-05-04T11:15;45;kWh;-44893;0;0;0;44893;-44893
2024-05-04T11:15;2024-05-04T11:30;46;kWh;-21640;0;0;0;21640;-21640
2024-05-04T11:30;2024-05-04T11:45;47;kWh;-33253;0;0;0;33253;-33253
2024-05-04T11:45;2024-05-04T12:00;48;kWh;-38905;0;0;0;38905;-38905
2024-05-04T12:00;2024-05-04T12:15;49;kWh;-45619;0;0;0;45619;-45619
2024-05-04T12:15;2024-05-04T12:30;50;kWh;-42002;0;0;0;42002;-42002
2024-05-04T12:30;2024-05-04T12:45;51;kWh;-32288;0;0;0;32288;-32288
2024-05-04T12:45;2024-05-04T13:00;52;kWh;-33093;0;0;0;33093;-33093
2024-05-04T13:00;2024-05-04T13:15;53;kWh;-21252;0;0;0;21252;-21252
2024-05-04T13:15;2024-05-04T13:30;54;kWh;-5364;0;0;0;5364;-5364
2024-05-04T13:30;2024-05-04T13:45;55;kWh;-1534;0;0;0;1534;-1534
2024-05-04T13:45;2024-05-04T14:00;56;kWh;-2685;0;0;0;2685;-2685
2024-05-04T14:00;2024-05-04T14:15;57;kWh;-13760;0;0;0;13760;-13760
2024-05-04T14:15;2024-05-04T14:30;58;kWh;-16004;0;0;0;16004;-16004
2024-05-04T14:30;2024-05-04T14:45;59;kWh;-6732;0;0;0;6732;-6732
2024-05-04T14:45;2024-05-04T15:00;60;kWh;-2643;0;0;0;2643;-2643
2024-05-04T15:00;2024-05-04T15:15;61;kWh;-54081;0;0;0;54081;-54081
2024-05-04T15:15;2024-05-04T15:30;62;kWh;-68959;0;0;0;68959;-68959
2024-05-04T15:30;2024-05-04T15:45;63;kWh;-47962;0;0;0;47962;-47962
2024-05-04T15:45;2024-05-04T16:00;64;kWh;-55452;0;0;0;55452;-55452
2024-05-04T16:00;2024-05-04T16:15;65;kWh;-67310;0;0;0;67310;-67310
2024-05-04T16:15;2024-05-04T16:30;66;kWh;-53559;0;0;0;53559;-53559
2024-05-04T16:30;2024-05-04T16:45;67;kWh;-37300;0;0;0;37300;-37300
2024-05-04T16:45;2024-05-04T17:00;68;kWh;-9642;0;0;0;9642;-9642
2024-05-04T17:00;2024-05-04T17:15;69;kWh;-1649;0;0;0;1649;-1649
2024-05-04T17:15;2024-05-04T17:30;70;kWh;0;0;0;0;0;0
2024-05-04T17:30;2024-05-04T17:45;71;kWh;0;0;0;0;0;0
2024-05-04T17:45;2024-05-04T18:00;72;kWh;-12274;0;0;0;12274;-12274
2024-05-04T18:00;2024-05-04T18:15;73;kWh;-16741;0;0;0;16741;-16741
2024-05-04T18:15;2024-05-04T18:30;74;kWh;-2371;0;0;0;2371;-2371
2024-05-04T18:30;2024-05-04T18:45;75;kWh;-26574;0;0;0;26574;-26574
2024-05-04T18:45;2024-05-04T19:00;76;kWh;-30462;0;0;0;30462;-30462
2024-05-04T19:00;2024-05-04T19:15;77;kWh;-40434;0;0;0;40434;-40434
2024-05-04T19:15;2024-05-04T19:30;78;kWh;-4254;0;0;0;4254;-4254
2024-05-04T19:30;2024-05-04T19:45;79;kWh;0;0;0;0;0;0
2024-05-04T19:45;2024-05-04T20:00;80;kWh;0;0;0;0;0;0
2024-05-04T20:00;2024-05-04T20:15;81;kWh;-10049;0;0;0;10049;-10049
2024-05-04T20:15;2024-05-04T20:30;82;kWh;-3599;0;0;0;3599;-3599
2024-05-04T20:30;2024-05-04T20:45;83;kWh;0;1772;0;0;1772;1772
2024-05-04T20:45;2024-05-04T21:00;84;kWh;0;20153;0;0;20153;20153
2024-05-04T21:00;2024-05-04T21:15;85;kWh;0;39567;0;0;39567;39567
2024-05-04T21:15;2024-05-04T21:30;86;kWh;0;31706;0;0;31706;31706
2024-05-04T21:30;2024-05-04T21:45;87;kWh;0;36890;0;0;36890;36890
2024-05-04T21:45;2024-05-04T22:00;88;kWh;0;29548;0;0;29548;29548
2024-05-04T22:00;2024-05-04T22:15;89;kWh;0;37042;0;0;37042;37042
2024-05-04T22:15;2024-05-04T22:30;90;kWh;0;23665;0;0;23665;23665
2024-05-04T22:30;2024-05-04T22:45;91;kWh;-2627;532;0;0;3159;-2095
2024-05-04T22:45;2024-05-04T23:00;92;kWh;-8004;0;0;0;8004;-8004
2024-05-04T23:00;2024-05-04T23:15;93;kWh;-409;710;0;0;1119;301
2024-05-04T23:15;2024-05-04T23:30;94;kWh;0;9269;0;0;9269;9269
2024-05-04T23:30;2024-05-04T23:45;95;kWh;0;9596;0;0;9596;9596
2024-05-04T23:45;2024-05-05T00:00;96;kWh;0;27798;0;0;27798;27798
2024-05-05T00:00;2024-05-05T00:15;1;kWh;0;4109;0;0;4109;4109
2024-05-05T00:15;2024-05-05T00:30;2;kWh;0;2015;0;0;2015;2015
2024-05-05T00:30;2024-05-05T00:45;3;kWh;0;13731;0;0;13731;13731
2024-05-05T00:45;2024-05-05T01:00;4;kWh;0;30441;0;0;30441;30441
2024-05-05T01:00;2024-05-05T01:15;5;kWh;0;1804;0;0;1804;1804
2024-05-05T01:15;2024-05-05T01:30;6;kWh;0;1554;0;0;1554;1554
2024-05-05T01:30;2024-05-05T01:45;7;kWh;0;59;0;0;59;59
2024-05-05T01:45;2024-05-05T02:00;8;kWh;0;0;0;0;0;0
2024-05-05T02:00;2024-05-05T02:15;9;kWh;0;1731;0;0;1731;1731
2024-05-05T02:15;2024-05-05T02:30;10;kWh;0;2823;0;0;2823;2823
2024-05-05T02:30;2024-05-05T02:45;11;kWh;0;3460;0;0;3460;3460
2024-05-05T02:45;2024-05-05T03:00;12;kWh;0;3343;0;0;3343;3343
2024-05-05T03:00;2024-05-05T03:15;13;kWh;-2873;0;0;0;2873;-2873
2024-05-05T03:15;2024-05-05T03:30;14;kWh;-241;0;0;0;241;-241
2024-05-05T03:30;2024-05-05T03:45;15;kWh;0;0;0;0;0;0
2024-05-05T03:45;2024-05-05T04:00;16;kWh;0;0;0;0;0;0
2024-05-05T04:00;2024-05-05T04:15;17;kWh;-69;0;0;0;69;-69
2024-05-05T04:15;2024-05-05T04:30;18;kWh;-11913;0;0;0;11913;-11913
2024-05-05T04:30;2024-05-05T04:45;19;kWh;-56428;0;0;0;56428;-56428
2024-05-05T04:45;2024-05-05T05:00;20;kWh;-38790;0;0;0;38790;-38790
2024-05-05T05:00;2024-05-05T05:15;21;kWh;-83582;0;0;0;83582;-83582
2024-05-05T05:15;2024-05-05T05:30;22;kWh;-65726;0;0;0;65726;-65726
2024-05-05T05:30;2024-05-05T05:45;23;kWh;-36607;0;0;0;36607;-36607
2024-05-05T05:45;2024-05-05T06:00;24;kWh;-8247;0;0;0;8247;-8247
2024-05-05T06:00;2024-05-05T06:15;25;kWh;-778;0;0;0;778;-778
2024-05-05T06:15;2024-05-05T06:30;26;kWh;-16;0;0;0;16;-16
2024-05-05T06:30;2024-05-05T06:45;27;kWh;-14835;0;0;0;14835;-14835
2024-05-05T06:45;2024-05-05T07:00;28;kWh;-95212;0;0;0;95212;-95212
2024-05-05T07:00;2024-05-05T07:15;29;kWh;-28055;0;0;0;28055;-28055
2024-05-05T07:15;2024-05-05T07:30;30;kWh;-51296;0;0;0;51296;-51296
2024-05-05T07:30;2024-05-05T07:45;31;kWh;-59943;0;0;0;59943;-59943
2024-05-05T07:45;2024-05-05T08:00;32;kWh;-67039;0;0;0;67039;-67039
2024-05-05T08:00;2024-05-05T08:15;33;kWh;-14346;11171;0;0;25517;-3175
2024-05-05T08:15;2024-05-05T08:30;34;kWh;0;27328;0;0;27328;27328
2024-05-05T08:30;2024-05-05T08:45;35;kWh;-13895;0;0;0;13895;-13895
2024-05-05T08:45;2024-05-05T09:00;36;kWh;-39836;0;0;0;39836;-39836
2024-05-05T09:00;2024-05-05T09:15;37;kWh;-1027;40840;0;0;41867;39813
2024-05-05T09:15;2024-05-05T09:30;38;kWh;0;40870;0;0;40870;40870
2024-05-05T09:30;2024-05-05T09:45;39;kWh;-7610;201;0;0;7811;-7409
2024-05-05T09:45;2024-05-05T10:00;40;kWh;-23401;0;0;0;23401;-23401
2024-05-05T10:00;2024-05-05T10:15;41;kWh;-606;0;0;0;606;-606
2024-05-05T10:15;2024-05-05T10:30;42;kWh;-3263;0;0;0;3263;-3263
2024-05-05T10:30;2024-05-05T10:45;43;kWh;-37136;0;0;0;37136;-37136
2024-05-05T10:45;2024-05-05T11:00;44;kWh;-37891;0;0;0;37891;-37891
2024-05-05T11:00;2024-05-05T11:15;45;kWh;-30340;0;0;0;30340;-30340
2024-05-05T11:15;2024-05-05T11:30;46;kWh;-47644;0;0;0;47644;-47644
2024-05-05T11:30;2024-05-05T11:45;47;kWh;-69386;0;0;0;69386;-69386
2024-05-05T11:45;2024-05-05T12:00;48;kWh;-95998;0;0;0;95998;-95998
2024-05-05T12:00;2024-05-05T12:15;49;kWh;-58366;0;0;0;58366;-58366
2024-05-05T12:15;2024-05-05T12:30;50;kWh;-37734;0;0;0;37734;-37734
2024-05-05T12:30;2024-05-05T12:45;51;kWh;-70631;0;0;0;70631;-70631
2024-05-05T12:45;2024-05-05T13:00;52;kWh;-43802;0;0;0;43802;-43802
2024-05-05T13:00;2024-05-05T13:15;53;kWh;-24336;0;0;0;24336;-24336
2024-05-05T13:15;2024-05-05T13:30;54;kWh;-35020;0;0;0;35020;-35020
2024-05-05T13:30;2024-05-05T13:45;55;kWh;-27157;0;0;0;27157;-27157
2024-05-05T13:45;2024-05-05T14:00;56;kWh;-40606;0;0;0;40606;-40606
2024-05-05T14:00;2024-05-05T14:15;57;kWh;-7860;0;0;0;7860;-7860
2024-05-05T14:15;2024-05-05T14:30;58;kWh;0;0;0;0;0;0
2024-05-05T14:30;2024-05-05T14:45;59;kWh;0;0;0;0;0;0
2024-05-05T14:45;2024-05-05T15:00;60;kWh;0;491;0;0;491;491
2024-05-05T15:00;2024-05-05T15:15;61;kWh;-30069;0;0;0;30069;-30069
2024-05-05T15:15;2024-05-05T15:30;62;kWh;-37096;0;0;0;37096;-37096
2024-05-05T15:30;2024-05-05T15:45;63;kWh;-33455;0;0;0;33455;-33455
2024-05-05T15:45;2024-05-05T16:00;64;kWh;-35410;0;0;0;35410;-35410
2024-05-05T16:00;2024-05-05T16:15;65;kWh;-87672;0;0;0;87672;-87672
2024-05-05T16:15;2024-05-05T16:30;66;kWh;-57787;0;0;0;57787;-57787
2024-05-05T16:30;2024-05-05T16:45;67;kWh;-39200;0;0;0;39200;-39200
2024-05-05T16:45;2024-05-05T17:00;68;kWh;-1883;1121;0;0;3004;-762
2024-05-05T17:00;2024-05-05T17:15;69;kWh;-35998;0;0;0;35998;-35998
2024-05-05T17:15;2024-05-05T17:30;70;kWh;-5878;0;0;0;5878;-5878
2024-05-05T17:30;2024-05-05T17:45;71;kWh;-382;464;0;0;846;82
2024-05-05T17:45;2024-05-05T18:00;72;kWh;0;31292;0;0;31292;31292
2024-05-05T18:00;2024-05-05T18:15;73;kWh;-31601;1942;0;0;33543;-29659
2024-05-05T18:15;2024-05-05T18:30;74;kWh;-42007;0;0;0;42007;-42007
2024-05-05T18:30;2024-05-05T18:45;75;kWh;-3138;0;0;0;3138;-3138
2024-05-05T18:45;2024-05-05T19:00;76;kWh;0;0;0;0;0;0
2024-05-05T19:00;2024-05-05T19:15;77;kWh;-4108;0;0;0;4108;-4108
2024-05-05T19:15;2024-05-05T19:30;78;kWh;-206;0;0;0;206;-206
2024-05-05T19:30;2024-05-05T19:45;79;kWh;0;0;0;0;0;0
2024-05-05T19:45;2024-05-05T20:00;80;kWh;0;0;0;0;0;0
2024-05-05T20:00;2024-05-05T20:15;81;kWh;-10428;0;0;0;10428;-10428
2024-05-05T20:15;2024-05-05T20:30;82;kWh;-1988;12;0;0;2000;-1976
2024-05-05T20:30;2024-05-05T20:45;83;kWh;0;12710;0;0;12710;12710
2024-05-05T20:45;2024-05-05T21:00;84;kWh;0;25195;0;0;25195;25195
2024-05-05T21:00;2024-05-05T21:15;85;kWh;0;3032;0;0;3032;3032
2024-05-05T21:15;2024-05-05T21:30;86;kWh;0;3182;0;0;3182;3182
2024-05-05T21:30;2024-05-05T21:45;87;kWh;0;4318;0;0;4318;4318
2024-05-05T21:45;2024-05-05T22:00;88;kWh;-5150;0;0;0;5150;-5150
2024-05-05T22:00;2024-05-05T22:15;89;kWh;-3197;0;0;0;3197;-3197
2024-05-05T22:15;2024-05-05T22:30;90;kWh;-1508;0;0;0;1508;-1508
2024-05-05T22:30;2024-05-05T22:45;91;kWh;-6131;0;0;0;6131;-6131
2024-05-05T22:45;2024-05-05T23:00;92;kWh;-21274;0;0;0;21274;-21274
2024-05-05T23:00;2024-05-05T23:15;93;kWh;-2280;30602;0;0;32882;28322
2024-05-05T23:15;2024-05-05T23:30;94;kWh;0;18227;0;0;18227;18227
2024-05-05T23:30;2024-05-05T23:45;95;kWh;0;1253;0;0;1253;1253
2024-05-05T23:45;2024-05-06T00:00;96;kWh;0;14025;0;0;14025;14025
2024-05-06T00:00;2024-05-06T00:15;1;kWh;-562;160;0;0;722;-402
2024-05-06T00:15;2024-05-06T00:30;2;kWh;-45;0;0;0;45;-45
2024-05-06T00:30;2024-05-06T00:45;3;kWh;-5994;0;0;0;5994;-5994
2024-05-06T00:45;2024-05-06T01:00;4;kWh;-21907;0;0;0;21907;-21907
2024-05-06T01:00;2024-05-06T01:15;5;kWh;-11984;0;0;0;11984;-11984
2024-05-06T01:15;2024-05-06T01:30;6;kWh;0;0;0;0;0;0
2024-05-06T01:30;2024-05-06T01:45;7;kWh;0;0;0;0;0;0
2024-05-06T01:45;2024-05-06T02:00;8;kWh;0;0;0;0;0;0
2024-05-06T02:00;2024-05-06T02:15;9;kWh;0;17538;0;0;17538;17538
2024-05-06T02:15;2024-05-06T02:30;10;kWh;0;2062;0;0;2062;2062
2024-05-06T02:30;2024-05-06T02:45;11;kWh;0;1186;0;0;1186;1186
2024-05-06T02:45;2024-05-06T03:00;12;kWh;0;7661;0;0;7661;7661
2024-05-06T03:00;2024-05-06T03:15;13;kWh;0;2419;0;0;2419;2419
2024-05-06T03:15;2024-05-06T03:30;14;kWh;0;6743;0;0;6743;6743
2024-05-06T03:30;2024-05-06T03:45;15;kWh;0;7538;0;0;7538;7538
2024-05-06T03:45;2024-05-06T04:00;16;kWh;0;2045;0;0;2045;2045
2024-05-06T04:00;2024-05-06T04:15;17;kWh;0;37564;0;0;37564;37564
2024-05-06T04:15;2024-05-06T04:30;18;kWh;0;32522;0;0;32522;32522
2024-05-06T04:30;2024-05-06T04:45;19;kWh;0;4782;0;0;4782;4782
2024-05-06T04:45;2024-05-06T05:00;20;kWh;0;151;0;0;151;151
2024-05-06T05:00;2024-05-06T05:15;21;kWh;0;0;0;0;0;0
2024-05-06T05:15;2024-05-06T05:30;22;kWh;-3272;0;0;0;3272;-3272
2024-05-06T05:30;2024-05-06T05:45;23;kWh;-1265;0;0;0;1265;-1265
2024-05-06T05:45;2024-05-06T06:00;24;kWh;-26337;0;0;0;26337;-26337
2024-05-06T06:00;2024-05-06T06:15;25;kWh;-19359;2186;0;0;21545;-17173
2024-05-06T06:15;2024-05-06T06:30;26;kWh;-6376;2427;0;0;8803;-3949
2024-05-06T06:30;2024-05-06T06:45;27;kWh;-42166;0;0;0;42166;-42166
2024-05-06T06:45;2024-05-06T07:00;28;kWh;-32737;0;0;0;32737;-32737
2024-05-06T07:00;2024-05-06T07:15;29;kWh;-8909;0;0;0;8909;-8909
2024-05-06T07:15;2024-05-06T07:30;30;kWh;-12115;0;0;0;12115;-12115
2024-05-06T07:30;2024-05-06T07:45;31;kWh;-18121;0;0;0;18121;-18121
2024-05-06T07:45;2024-05-06T08:00;32;kWh;-27195;0;0;0;27195;-27195
2024-05-06T08:00;2024-05-06T08:15;33;kWh;-2099;0;0;0;2099;-2099
2024-05-06T08:15;2024-05-06T08:30;34;kWh;-125;0;0;0;125;-125
2024-05-06T08:30;2024-05-06T08:45;35;kWh;-29042;0;0;0;29042;-29042
2024-05-06T08:45;2024-05-06T09:00;36;kWh;-93937;0;0;0;93937;-93937
2024-05-06T09:00;2024-05-06T09:15;37;kWh;-29628;0;0;0;29628;-29628
2024-05-06T09:15;2024-05-06T09:30;38;kWh;-11744;0;0;0;11744;-11744
2024-05-06T09:30;2024-05-06T09:45;39;kWh;-52998;0;0;0;52998;-52998
2024-05-06T09:45;2024-05-06T10:00;40;kWh;-119280;0;0;0;119280;-119280
2024-05-06T10:00;2024-05-06T10:15;41;kWh;-34808;0;0;0;34808;-34808
2024-05-06T10:15;2024-05-06T10:30;42;kWh;-119719;0;0;0;119719;-119719
2024-05-06T10:30;2024-05-06T10:45;43;kWh;-107181;0;0;0;107181;-107181
2024-05-06T10:45;2024-05-06T11:00;44;kWh;-90513;0;0;0;90513;-90513
2024-05-06T11:00;2024-05-06T11:15;45;kWh;-60731;0;0;0;60731;-60731
2024-05-06T11:15;2024-05-06T11:30;46;kWh;-37228;0;0;0;37228;-37228
2024-05-06T11:30;2024-05-06T11:45;47;kWh;-20647;0;0;0;20647;-20647
2024-05-06T11:45;2024-05-06T12:00;48;kWh;-65179;0;0;0;65179;-65179
2024-05-06T12:00;2024-05-06T12:15;49;kWh;-127419;0;0;0;127419;-127419
2024-05-06T12:15;2024-05-06T12:30;50;kWh;-123445;0;0;0;123445;-123445
2024-05-06T12:30;2024-05-06T12:45;51;kWh;-92101;0;0;0;92101;-92101
2024-05-06T12:45;2024-05-06T13:00;52;kWh;-77807;0;0;0;77807;-77807
2024-05-06T13:00;2024-05-06T13:15;53;kWh;-38590;0;0;0;38590;-38590
2024-05-06T13:15;2024-05-06T13:30;54;kWh;-21546;0;0;0;21546;-21546
2024-05-06T13:30;2024-05-06T13:45;55;kWh;-54475;0;0;0;54475;-54475
2024-05-06T13:45;2024-05-06T14:00;56;kWh;-11553;0;0;0;11553;-11553
2024-05-06T14:00;2024-05-06T14:15;57;kWh;-23213;0;0;0;23213;-23213
2024-05-06T14:15;2024-05-06T14:30;58;kWh;-42319;0;0;0;42319;-42319
2024-05-06T14:30;2024-05-06T14:45;59;kWh;-21883;0;0;0;21883;-21883
2024-05-06T14:45;2024-05-06T15:00;60;kWh;-5692;0;0;0;5692;-5692
2024-05-06T15:00;2024-05-06T15:15;61;kWh;-23953;0;0;0;23953;-23953
2024-05-06T15:15;2024-05-06T15:30;62;kWh;-14679;0;0;0;14679;-14679
2024-05-06T15:30;2024-05-06T15:45;63;kWh;-6644;210;0;0;6854;-6434
2024-05-06T15:45;2024-05-06T16:00;64;kWh;-5499;2668;0;0;8167;-2831
2024-05-06T16:00;2024-05-06T16:15;65;kWh;-5119;9648;0;0;14767;4529
2024-05-06T16:15;2024-05-06T16:30;66;kWh;-2499;30973;0;0;33472;28474
2024-05-06T16:30;2024-05-06T16:45;67;kWh;-2894;1564;0;0;4458;-1330
2024-05-06T16:45;2024-05-06T17:00;68;kWh;-2499;15548;0;0;18047;13049
2024-05-06T17:00;2024-05-06T17:15;69;kWh;-2499;101140;0;0;103639;98641
2024-05-06T17:15;2024-05-06T17:30;70;kWh;-2499;115230;0;0;117729;112731
2024-05-06T17:30;2024-05-06T17:45;71;kWh;-2499;102404;0;0;104903;99905
2024-05-06T17:45;2024-05-06T18:00;72;kWh;-2499;99276;0;0;101775;96777
2024-05-06T18:00;2024-05-06T18:15;73;kWh;-2499;39894;0;0;42393;37395
2024-05-06T18:15;2024-05-06T18:30;74;kWh;-2499;36026;0;0;38525;33527
2024-05-06T18:30;2024-05-06T18:45;75;kWh;-2499;55534;0;0;58033;53035
2024-05-06T18:45;2024-05-06T19:00;76;kWh;-2499;74730;0;0;77229;72231
2024-05-06T19:00;2024-05-06T19:15;77;kWh;-2499;57289;0;0;59788;54790
2024-05-06T19:15;2024-05-06T19:30;78;kWh;-2499;57515;0;0;60014;55016
2024-05-06T19:30;2024-05-06T19:45;79;kWh;-2499;57707;0;0;60206;55208
2024-05-06T19:45;2024-05-06T20:00;80;kWh;-2499;53264;0;0;55763;50765
2024-05-06T20:00;2024-05-06T20:15;81;kWh;-17525;1358;0;0;18883;-16167
2024-05-06T20:15;2024-05-06T20:30;82;kWh;-8361;0;0;0;8361;-8361
2024-05-06T20:30;2024-05-06T20:45;83;kWh;-3644;0;0;0;3644;-3644
2024-05-06T20:45;2024-05-06T21:00;84;kWh;-2618;0;0;0;2618;-2618
2024-05-06T21:00;2024-05-06T21:15;85;kWh;-2499;26151;0;0;28650;23652
2024-05-06T21:15;2024-05-06T21:30;86;kWh;-2499;37417;0;0;39916;34918
2024-05-06T21:30;2024-05-06T21:45;87;kWh;-2499;49661;0;0;52160;47162
2024-05-06T21:45;2024-05-06T22:00;88;kWh;-2499;10682;0;0;13181;8183
2024-05-06T22:00;2024-05-06T22:15;89;kWh;-2499;1127;0;0;3626;-1372
2024-05-06T22:15;2024-05-06T22:30;90;kWh;-2499;2410;0;0;4909;-89
2024-05-06T22:30;2024-05-06T22:45;91;kWh;-2499;9297;0;0;11796;6798
2024-05-06T22:45;2024-05-06T23:00;92;kWh;-2499;694;0;0;3193;-1805
2024-05-06T23:00;2024-05-06T23:15;93;kWh;-2250;12236;0;0;14486;9986
2024-05-06T23:15;2024-05-06T23:30;94;kWh;-2250;25019;0;0;27269;22769
2024-05-06T23:30;2024-05-06T23:45;95;kWh;-2250;25782;0;0;28032;23532
2024-05-06T23:45;2024-05-07T00:00;96;kWh;-2250;1182;0;0;3432;-1068
2024-05-07T00:00;2024-05-07T00:15;1;kWh;0;5558;0;0;5558;5558
2024-05-07T00:15;2024-05-07T00:30;2;kWh;0;6943;0;0;6943;6943
2024-05-07T00:30;2024-05-07T00:45;3;kWh;-11670;0;0;0;11670;-11670
2024-05-07T00:45;2024-05-07T01:00;4;kWh;-34808;0;0;0;34808;-34808
2024-05-07T01:00;2024-05-07T01:15;5;kWh;-6855;0;0;0;6855;-6855
2024-05-07T01:15;2024-05-07T01:30;6;kWh;-1502;0;0;0;1502;-1502
2024-05-07T01:30;2024-05-07T01:45;7;kWh;-3428;0;0;0;3428;-3428
2024-05-07T01:45;2024-05-07T02:00;8;kWh;-4169;0;0;0;4169;-4169
2024-05-07T02:00;2024-05-07T02:15;9;kWh;-817;1399;0;0;2216;582
2024-05-07T02:15;2024-05-07T02:30;10;kWh;0;14195;0;0;14195;14195
2024-05-07T02:30;2024-05-07T02:45;11;kWh;0;7716;0;0;7716;7716
2024-05-07T02:45;2024-05-07T03:00;12;kWh;0;2453;0;0;2453;2453
2024-05-07T03:00;2024-05-07T03:15;13;kWh;0;8331;0;0;8331;8331
2024-05-07T03:15;2024-05-07T03:30;14;kWh;0;806;0;0;806;806
2024-05-07T03:30;2024-05-07T03:45;15;kWh;0;0;0;0;0;0
2024-05-07T03:45;2024-05-07T04:00;16;kWh;-1728;0;0;0;1728;-1728
2024-05-07T04:00;2024-05-07T04:15;17;kWh;-11148;0;0;0;11148;-11148
2024-05-07T04:15;2024-05-07T04:30;18;kWh;-15464;0;0;0;15464;-15464
2024-05-07T04:30;2024-05-07T04:45;19;kWh;-10112;0;0;0;10112;-10112
2024-05-07T04:45;2024-05-07T05:00;20;kWh;0;0;0;0;0;0
2024-05-07T05:00;2024-05-07T05:15;21;kWh;0;0;0;0;0;0
2024-05-07T05:15;2024-05-07T05:30;22;kWh;0;0;0;0;0;0
2024-05-07T05:30;2024-05-07T05:45;23;kWh;0;626;0;0;626;626
2024-05-07T05:45;2024-05-07T06:00;24;kWh;-400;4544;0;0;4944;4144
2024-05-07T06:00;2024-05-07T06:15;25;kWh;-14521;0;0;0;14521;-14521
2024-05-07T06:15;2024-05-07T06:30;26;kWh;0;0;0;0;0;0
2024-05-07T06:30;2024-05-07T06:45;27;kWh;-3856;0;0;0;3856;-3856
2024-05-07T06:45;2024-05-07T07:00;28;kWh;-990;0;0;0;990;-990
2024-05-07T07:00;2024-05-07T07:15;29;kWh;-9466;0;0;0;9466;-9466
2024-05-07T07:15;2024-05-07T07:30;30;kWh;-47884;0;0;0;47884;-47884
2024-05-07T07:30;2024-05-07T07:45;31;kWh;-58101;0;0;0;58101;-58101
2024-05-07T07:45;2024-05-07T08:00;32;kWh;-40767;0;0;0;40767;-40767
2024-05-07T08:00;2024-05-07T08:15;33;kWh;-3137;0;0;0;3137;-3137
2024-05-07T08:15;2024-05-07T08:30;34;kWh;-4081;0;0;0;4081;-4081
2024-05-07T08:30;2024-05-07T08:45;35;kWh;-24576;0;0;0;24576;-24576
2024-05-07T08:45;2024-05-07T09:00;36;kWh;-93690;0;0;0;93690;-93690
2024-05-07T09:00;2024-05-07T09:15;37;kWh;-24923;0;0;0;24923;-24923
2024-05-07T09:15;2024-05-07T09:30;38;kWh;-22037;0;0;0;22037;-22037
2024-05-07T09:30;2024-05-07T09:45;39;kWh;-105053;0;0;0;105053;-105053
2024-05-07T09:45;2024-05-07T10:00;40;kWh;-69880;0;0;0;69880;-69880
2024-05-07T10:00;2024-05-07T10:15;41;kWh;-59590;0;0;0;59590;-59590
2024-05-07T10:15;2024-05-07T10:30;42;kWh;-58073;0;0;0;58073;-58073
2024-05-07T10:30;2024-05-07T10:45;43;kWh;-66013;0;0;0;66013;-66013
2024-05-07T10:45;2024-05-07T11:00;44;kWh;-61681;0;0;0;61681;-61681
2024-05-07T11:00;2024-05-07T11:15;45;kWh;-4778;659;0;0;5437;-4119
2024-05-07T11:15;2024-05-07T11:30;46;kWh;-67266;0;0;0;67266;-67266
2024-05-07T11:30;2024-05-07T11:45;47;kWh;-70212;0;0;0;70212;-70212
2024-05-07T11:45;2024-05-07T12:00;48;kWh;-57181;0;0;0;57181;-57181
2024-05-07T12:00;2024-05-07T12:15;49;kWh;-65134;0;0;0;65134;-65134
2024-05-07T12:15;2024-05-07T12:30;50;kWh;-44662;0;0;0;44662;-44662
2024-05-07T12:30;2024-05-07T12:45;51;kWh;-36952;0;0;0;36952;-36952
2024-05-07T12:45;2024-05-07T13:00;52;kWh;-45087;0;0;0;45087;-45087
2024-05-07T13:00;2024-05-07T13:15;53;kWh;-10354;2202;0;0;12556;-8152
2024-05-07T13:15;2024-05-07T13:30;54;kWh;-978;5699;0;0;6677;4721
2024-05-07T13:30;2024-05-07T13:45;55;kWh;-250;1187;0;0;1437;937
2024-05-07T13:45;2024-05-07T14:00;56;kWh;-1732;773;0;0;2505;-959
2024-05-07T14:00;2024-05-07T14:15;57;kWh;-25016;0;0;0;25016;-25016
2024-05-07T14:15;2024-05-07T14:30;58;kWh;-18994;0;0;0;18994;-18994
2024-05-07T14:30;2024-05-07T14:45;59;kWh;-19364;0;0;0;19364;-19364
2024-05-07T14:45;2024-05-07T15:00;60;kWh;-27953;0;0;0;27953;-27953
2024-05-07T15:00;2024-05-07T15:15;61;kWh;-31875;0;0;0;31875;-31875
2024-05-07T15:15;2024-05-07T15:30;62;kWh;-22808;0;0;0;22808;-22808
2024-05-07T15:30;2024-05-07T15:45;63;kWh;-48388;0;0;0;48388;-48388
2024-05-07T15:45;2024-05-07T16:00;64;kWh;-6229;0;0;0;6229;-6229
2024-05-07T16:00;2024-05-07T16:15;65;kWh;-40404;0;0;0;40404;-40404
2024-05-07T16:15;2024-05-07T16:30;66;kWh;-44295;0;0;0;44295;-44295
2024-05-07T16:30;2024-05-07T16:45;67;kWh;-33911;0;0;0;33911;-33911
2024-05-07T16:45;2024-05-07T17:00;68;kWh;-4293;0;0;0;4293;-4293
2024-05-07T17:00;2024-05-07T17:15;69;kWh;-30499;0;0;0;30499;-30499
2024-05-07T17:15;2024-05-07T17:30;70;kWh;-45355;0;0;0;45355;-45355
2024-05-07T17:30;2024-05-07T17:45;71;kWh;-20575;0;0;0;20575;-20575
2024-05-07T17:45;2024-05-07T18:00;72;kWh;-33920;0;0;0;33920;-33920
2024-05-07T18:00;2024-05-07T18:15;73;kWh;-40163;0;0;0;40163;-40163
2024-05-07T18:15;2024-05-07T18:30;74;kWh;-31572;0;0;0;31572;-31572
2024-05-07T18:30;2024-05-07T18:45;75;kWh;-851;0;0;0;851;-851
2024-05-07T18:45;2024-05-07T19:00;76;kWh;-249;4428;0;0;4677;4179
2024-05-07T19:00;2024-05-07T19:15;77;kWh;0;7845;0;0;7845;7845
2024-05-07T19:15;2024-05-07T19:30;78;kWh;0;9234;0;0;9234;9234
2024-05-07T19:30;2024-05-07T19:45;79;kWh;0;30042;0;0;30042;30042
2024-05-07T19:45;2024-05-07T20:00;80;kWh;0;47120;0;0;47120;47120
2024-05-07T20:00;2024-05-07T20:15;81;kWh;0;10173;0;0;10173;10173
2024-05-07T20:15;2024-05-07T20:30;82;kWh;0;18417;0;0;18417;18417
2024-05-07T20:30;2024-05-07T20:45;83;kWh;0;46182;0;0;46182;46182
2024-05-07T20:45;2024-05-07T21:00;84;kWh;0;43911;0;0;43911;43911
2024-05-07T21:00;2024-05-07T21:15;85;kWh;-14966;611;0;0;15577;-14355
2024-05-07T21:15;2024-05-07T21:30;86;kWh;-34288;0;0;0;34288;-34288
2024-05-07T21:30;2024-05-07T21:45;87;kWh;-35109;0;0;0;35109;-35109
2024-05-07T21:45;2024-05-07T22:00;88;kWh;-36620;0;0;0;36620;-36620
2024-05-07T22:00;2024-05-07T22:15;89;kWh;-8365;10446;0;0;18811;2081
2024-05-07T22:15;2024-05-07T22:30;90;kWh;-100;3058;0;0;3158;2958
2024-05-07T22:30;2024-05-07T22:45;91;kWh;-3139;0;0;0;3139;-3139
2024-05-07T22:45;2024-05-07T23:00;92;kWh;-7795;0;0;0;7795;-7795
2024-05-07T23:00;2024-05-07T23:15;93;kWh;-2116;6626;0;0;8742;4510
2024-05-07T23:15;2024-05-07T23:30;94;kWh;0;12703;0;0;12703;12703
2024-05-07T23:30;2024-05-07T23:45;95;kWh;0;13050;0;0;13050;13050
2024-05-07T23:45;2024-05-08T00:00;96;kWh;0;10661;0;0;10661;10661
2024-05-08T00:00;2024-05-08T00:15;1;kWh;0;5703;0;0;5703;5703
2024-05-08T00:15;2024-05-08T00:30;2;kWh;0;14751;0;0;14751;14751
2024-05-08T00:30;2024-05-08T00:45;3;kWh;0;7852;0;0;7852;7852
2024-05-08T00:45;2024-05-08T01:00;4;kWh;0;3570;0;0;3570;3570
2024-05-08T01:00;2024-05-08T01:15;5;kWh;0;8205;0;0;8205;8205
2024-05-08T01:15;2024-05-08T01:30;6;kWh;0;21817;0;0;21817;21817
2024-05-08T01:30;2024-05-08T01:45;7;kWh;0;34973;0;0;34973;34973
2024-05-08T01:45;2024-05-08T02:00;8;kWh;0;31948;0;0;31948;31948
2024-05-08T02:00;2024-05-08T02:15;9;kWh;0;27152;0;0;27152;27152
2024-05-08T02:15;2024-05-08T02:30;10;kWh;0;10199;0;0;10199;10199
2024-05-08T02:30;2024-05-08T02:45;11;kWh;0;4463;0;0;4463;4463
2024-05-08T02:45;2024-05-08T03:00;12;kWh;0;29723;0;0;29723;29723
2024-05-08T03:00;2024-05-08T03:15;13;kWh;0;34459;0;0;34459;34459
2024-05-08T03:15;2024-05-08T03:30;14;kWh;0;12811;0;0;12811;12811
2024-05-08T03:30;2024-05-08T03:45;15;kWh;-5096;0;0;0;5096;-5096
2024-05-08T03:45;2024-05-08T04:00;16;kWh;-33072;0;0;0;33072;-33072
2024-05-08T04:00;2024-05-08T04:15;17;kWh;-38881;0;0;0;38881;-38881
2024-05-08T04:15;2024-05-08T04:30;18;kWh;-8191;0;0;0;8191;-8191
2024-05-08T04:30;2024-05-08T04:45;19;kWh;-7564;0;0;0;7564;-7564
2024-05-08T04:45;2024-05-08T05:00;20;kWh;-23709;0;0;0;23709;-23709
2024-05-08T05:00;2024-05-08T05:15;21;kWh;-11156;0;0;0;11156;-11156
2024-05-08T05:15;2024-05-08T05:30;22;kWh;0;0;0;0;0;0
2024-05-08T05:30;2024-05-08T05:45;23;kWh;0;0;0;0;0;0
2024-05-08T05:45;2024-05-08T06:00;24;kWh;-2594;0;0;0;2594;-2594
2024-05-08T06:00;2024-05-08T06:15;25;kWh;-2018;7563;0;0;9581;5545
2024-05-08T06:15;2024-05-08T06:30;26;kWh;0;15363;0;0;15363;15363
2024-05-08T06:30;2024-05-08T06:45;27;kWh;0;32637;0;0;32637;32637
2024-05-08T06:45;2024-05-08T07:00;28;kWh;0;36955;0;0;36955;36955
2024-05-08T07:00;2024-05-08T07:15;29;kWh;0;29658;0;0;29658;29658
2024-05-08T07:15;2024-05-08T07:30;30;kWh;0;37405;0;0;37405;37405
2024-05-08T07:30;2024-05-08T07:45;31;kWh;0;41727;0;0;41727;41727
2024-05-08T07:45;2024-05-08T08:00;32;kWh;0;53962;0;0;53962;53962
2024-05-08T08:00;2024-05-08T08:15;33;kWh;0;28194;0;0;28194;28194
2024-05-08T08:15;2024-05-08T08:30;34;kWh;-7827;2679;0;0;10506;-5148
2024-05-08T08:30;2024-05-08T08:45;35;kWh;-26246;0;0;0;26246;-26246
2024-05-08T08:45;2024-05-08T09:00;36;kWh;-39417;0;0;0;39417;-39417
2024-05-08T09:00;2024-05-08T09:15;37;kWh;-49085;0;0;0;49085;-49085
2024-05-08T09:15;2024-05-08T09:30;38;kWh;-19454;0;0;0;19454;-19454
2024-05-08T09:30;2024-05-08T09:45;39;kWh;-45562;0;0;0;45562;-45562
2024-05-08T09:45;2024-05-08T10:00;40;kWh;-5685;1326;0;0;7011;-4359
2024-05-08T10:00;2024-05-08T10:15;41;kWh;-343;32209;0;0;32552;31866
2024-05-08T10:15;2024-05-08T10:30;42;kWh;0;52356;0;0;52356;52356
2024-05-08T10:30;2024-05-08T10:45;43;kWh;0;65431;0;0;65431;65431
2024-05-08T10:45;2024-05-08T11:00;44;kWh;0;96125;0;0;96125;96125
2024-05-08T11:00;2024-05-08T11:15;45;kWh;-981;5034;0;0;6015;4053
2024-05-08T11:15;2024-05-08T11:30;46;kWh;0;44387;0;0;44387;44387
2024-05-08T11:30;2024-05-08T11:45;47;kWh;0;28293;0;0;28293;28293
2024-05-08T11:45;2024-05-08T12:00;48;kWh;0;24289;0;0;24289;24289
2024-05-08T12:00;2024-05-08T12:15;49;kWh;0;1643;0;0;1643;1643
2024-05-08T12:15;2024-05-08T12:30;50;kWh;0;0;0;0;0;0
2024-05-08T12:30;2024-05-08T12:45;51;kWh;0;0;0;0;0;0
2024-05-08T12:45;2024-05-08T13:00;52;kWh;0;3937;0;0;3937;3937
2024-05-08T13:00;2024-05-08T13:15;53;kWh;0;63764;0;0;63764;63764
2024-05-08T13:15;2024-05-08T13:30;54;kWh;0;66841;0;0;66841;66841
2024-05-08T13:30;2024-05-08T13:45;55;kWh;0;1176;0;0;1176;1176
2024-05-08T13:45;2024-05-08T14:00;56;kWh;0;2508;0;0;2508;2508
2024-05-08T14:00;2024-05-08T14:15;57;kWh;-116;8214;0;0;8330;8098
2024-05-08T14:15;2024-05-08T14:30;58;kWh;-23923;36;0;0;23959;-23887
2024-05-08T14:30;2024-05-08T14:45;59;kWh;-11369;0;0;0;11369;-11369
2024-05-08T14:45;2024-05-08T15:00;60;kWh;-43781;0;0;0;43781;-43781
2024-05-08T15:00;2024-05-08T15:15;61;kWh;-28341;228;0;0;28569;-28113
2024-05-08T15:15;2024-05-08T15:30;62;kWh;-31467;4048;0;0;35515;-27419
2024-05-08T15:30;2024-05-08T15:45;63;kWh;-28962;0;0;0;28962;-28962
2024-05-08T15:45;2024-05-08T16:00;64;kWh;-12992;1600;0;0;14592;-11392
2024-05-08T16:00;2024-05-08T16:15;65;kWh;0;42818;0;0;42818;42818
2024-05-08T16:15;2024-05-08T16:30;66;kWh;0;23113;0;0;23113;23113
2024-05-08T16:30;2024-05-08T16:45;67;kWh;0;21023;0;0;21023;21023
2024-05-08T16:45;2024-05-08T17:00;68;kWh;0;5985;0;0;5985;5985
2024-05-08T17:00;2024-05-08T17:15;69;kWh;-2423;9072;0;0;11495;6649
2024-05-08T17:15;2024-05-08T17:30;70;kWh;-3166;0;0;0;3166;-3166
2024-05-08T17:30;2024-05-08T17:45;71;kWh;-25154;0;0;0;25154;-25154
2024-05-08T17:45;2024-05-08T18:00;72;kWh;-32957;0;0;0;32957;-32957
2024-05-08T18:00;2024-05-08T18:15;73;kWh;-61707;0;0;0;61707;-61707
2024-05-08T18:15;2024-05-08T18:30;74;kWh;-26923;0;0;0;26923;-26923
2024-05-08T18:30;2024-05-08T18:45;75;kWh;-44;0;0;0;44;-44
2024-05-08T18:45;2024-05-08T19:00;76;kWh;-317;0;0;0;317;-317
2024-05-08T19:00;2024-05-08T19:15;77;kWh;-23887;0;0;0;23887;-23887
2024-05-08T19:15;2024-05-08T19:30;78;kWh;-1608;0;0;0;1608;-1608
2024-05-08T19:30;2024-05-08T19:45;79;kWh;-1823;0;0;0;1823;-1823
2024-05-08T19:45;2024-05-08T20:00;80;kWh;0;10600;0;0;10600;10600
2024-05-08T20:00;2024-05-08T20:15;81;kWh;-485;3087;0;0;3572;2602
2024-05-08T20:15;2024-05-08T20:30;82;kWh;0;0;0;0;0;0
2024-05-08T20:30;2024-05-08T20:45;83;kWh;0;1498;0;0;1498;1498
2024-05-08T20:45;2024-05-08T21:00;84;kWh;0;12538;0;0;12538;12538
2024-05-08T21:00;2024-05-08T21:15;85;kWh;0;3579;0;0;3579;3579
2024-05-08T21:15;2024-05-08T21:30;86;kWh;0;1919;0;0;1919;1919
2024-05-08T21:30;2024-05-08T21:45;87;kWh;0;1612;0;0;1612;1612
2024-05-08T21:45;2024-05-08T22:00;88;kWh;-144;20209;0;0;20353;20065
2024-05-08T22:00;2024-05-08T22:15;89;kWh;-979;0;0;0;979;-979
2024-05-08T22:15;2024-05-08T22:30;90;kWh;-2138;0;0;0;2138;-2138
2024-05-08T22:30;2024-05-08T22:45;91;kWh;-2359;0;0;0;2359;-2359
2024-05-08T22:45;2024-05-08T23:00;92;kWh;-3556;0;0;0;3556;-3556
2024-05-08T23:00;2024-05-08T23:15;93;kWh;-6149;0;0;0;6149;-6149
2024-05-08T23:15;2024-05-08T23:30;94;kWh;0;0;0;0;0;0
2024-05-08T23:30;2024-05-08T23:45;95;kWh;-829;0;0;0;829;-829
2024-05-08T23:45;2024-05-09T00:00;96;kWh;-758;0;0;0;758;-758
2024-05-09T00:00;2024-05-09T00:15;1;kWh;-78;11257;0;0;11335;11179
2024-05-09T00:15;2024-05-09T00:30;2;kWh;0;33461;0;0;33461;33461
2024-05-09T00:30;2024-05-09T00:45;3;kWh;0;3503;0;0;3503;3503
2024-05-09T00:45;2024-05-09T01:00;4;kWh;0;1123;0;0;1123;1123
2024-05-09T01:00;2024-05-09T01:15;5;kWh;-78;0;0;0;78;-78
2024-05-09T01:15;2024-05-09T01:30;6;kWh;-3815;0;0;0;3815;-3815
2024-05-09T01:30;2024-05-09T01:45;7;kWh;-181;0;0;0;181;-181
2024-05-09T01:45;2024-05-09T02:00;8;kWh;0;0;0;0;0;0
2024-05-09T02:00;2024-05-09T02:15;9;kWh;0;5684;0;0;5684;5684
2024-05-09T02:15;2024-05-09T02:30;10;kWh;-2437;288;0;0;2725;-2149
2024-05-09T02:30;2024-05-09T02:45;11;kWh;-155;0;0;0;155;-155
2024-05-09T02:45;2024-05-09T03:00;12;kWh;0;7920;0;0;7920;7920
2024-05-09T03:00;2024-05-09T03:15;13;kWh;-22;700;0;0;722;678
2024-05-09T03:15;2024-05-09T03:30;14;kWh;0;0;0;0;0;0
2024-05-09T03:30;2024-05-09T03:45;15;kWh;0;8481;0;0;8481;8481
2024-05-09T03:45;2024-05-09T04:00;16;kWh;0;11151;0;0;11151;11151
2024-05-09T04:00;2024-05-09T04:15;17;kWh;0;51;0;0;51;51
2024-05-09T04:15;2024-05-09T04:30;18;kWh;0;652;0;0;652;652
2024-05-09T04:30;2024-05-09T04:45;19;kWh;0;5468;0;0;5468;5468
2024-05-09T04:45;2024-05-09T05:00;20;kWh;0;17212;0;0;17212;17212
2024-05-09T05:00;2024-05-09T05:15;21;kWh;0;12505;0;0;12505;12505
2024-05-09T05:15;2024-05-09T05:30;22;kWh;0;8610;0;0;8610;8610
2024-05-09T05:30;2024-05-09T05:45;23;kWh;0;3868;0;0;3868;3868
2024-05-09T05:45;2024-05-09T06:00;24;kWh;0;79;0;0;79;79
2024-05-09T06:00;2024-05-09T06:15;25;kWh;0;22912;0;0;22912;22912
2024-05-09T06:15;2024-05-09T06:30;26;kWh;0;2052;0;0;2052;2052
2024-05-09T06:30;2024-05-09T06:45;27;kWh;0;0;0;0;0;0
2024-05-09T06:45;2024-05-09T07:00;28;kWh;0;0;0;0;0;0
2024-05-09T07:00;2024-05-09T07:15;29;kWh;0;333;0;0;333;333
2024-05-09T07:15;2024-05-09T07:30;30;kWh;-5994;0;0;0;5994;-5994
2024-05-09T07:30;2024-05-09T07:45;31;kWh;-34432;0;0;0;34432;-34432
2024-05-09T07:45;2024-05-09T08:00;32;kWh;-50533;0;0;0;50533;-50533
2024-05-09T08:00;2024-05-09T08:15;33;kWh;-8320;0;0;0;8320;-8320
2024-05-09T08:15;2024-05-09T08:30;34;kWh;-39051;0;0;0;39051;-39051
2024-05-09T08:30;2024-05-09T08:45;35;kWh;-27263;0;0;0;27263;-27263
2024-05-09T08:45;2024-05-09T09:00;36;kWh;-53493;0;0;0;53493;-53493
2024-05-09T09:00;2024-05-09T09:15;37;kWh;-10436;0;0;0;10436;-10436
2024-05-09T09:15;2024-05-09T09:30;38;kWh;-5873;0;0;0;5873;-5873
2024-05-09T09:30;2024-05-09T09:45;39;kWh;-41195;0;0;0;41195;-41195
2024-05-09T09:45;2024-05-09T10:00;40;kWh;-45773;0;0;0;45773;-45773
2024-05-09T10:00;2024-05-09T10:15;41;kWh;-17052;0;0;0;17052;-17052
2024-05-09T10:15;2024-05-09T10:30;42;kWh;-36289;0;0;0;36289;-36289
2024-05-09T10:30;2024-05-09T10:45;43;kWh;-56254;0;0;0;56254;-56254
2024-05-09T10:45;2024-05-09T11:00;44;kWh;-76627;0;0;0;76627;-76627
2024-05-09T11:00;2024-05-09T11:15;45;kWh;-38430;0;0;0;38430;-38430
2024-05-09T11:15;2024-05-09T11:30;46;kWh;-34237;0;0;0;34237;-34237
2024-05-09T11:30;2024-05-09T11:45;47;kWh;-79101;0;0;0;79101;-79101
2024-05-09T11:45;2024-05-09T12:00;48;kWh;-50497;0;0;0;50497;-50497
2024-05-09T12:00;2024-05-09T12:15;49;kWh;-46705;0;0;0;46705;-46705
2024-05-09T12:15;2024-05-09T12:30;50;kWh;-31283;0;0;0;31283;-31283
2024-05-09T12:30;2024-05-09T12:45;51;kWh;-4205;0;0;0;4205;-4205
2024-05-09T12:45;2024-05-09T13:00;52;kWh;-44;0;0;0;44;-44
2024-05-09T13:00;2024-05-09T13:15;53;kWh;-24368;0;0;0;24368;-24368
2024-05-09T13:15;2024-05-09T13:30;54;kWh;-37371;0;0;0;37371;-37371
2024-05-09T13:30;2024-05-09T13:45;55;kWh;-38883;0;0;0;38883;-38883
2024-05-09T13:45;2024-05-09T14:00;56;kWh;-50546;0;0;0;50546;-50546
2024-05-09T14:00;2024-05-09T14:15;57;kWh;-44221;0;0;0;44221;-44221
2024-05-09T14:15;2024-05-09T14:30;58;kWh;-37076;0;0;0;37076;-37076
2024-05-09T14:30;2024-05-09T14:45;59;kWh;-34420;0;0;0;34420;-34420
2024-05-09T14:45;2024-05-09T15:00;60;kWh;-38547;0;0;0;38547;-38547
2024-05-09T15:00;2024-05-09T15:15;61;kWh;-47690;0;0;0;47690;-47690
2024-05-09T15:15;2024-05-09T15:30;62;kWh;-35108;0;0;0;35108;-35108
2024-05-09T15:30;2024-05-09T15:45;63;kWh;-4359;0;0;0;4359;-4359
2024-05-09T15:45;2024-05-09T16:00;64;kWh;0;0;0;0;0;0
2024-05-09T16:00;2024-05-09T16:15;65;kWh;-7226;0;0;0;7226;-7226
2024-05-09T16:15;2024-05-09T16:30;66;kWh;-35421;0;0;0;35421;-35421
2024-05-09T16:30;2024-05-09T16:45;67;kWh;-22141;0;0;0;22141;-22141
2024-05-09T16:45;2024-05-09T17:00;68;kWh;-1470;0;0;0;1470;-1470
2024-05-09T17:00;2024-05-09T17:15;69;kWh;-44775;0;0;0;44775;-44775
2024-05-09T17:15;2024-05-09T17:30;70;kWh;-30701;0;0;0;30701;-30701
2024-05-09T17:30;2024-05-09T17:45;71;kWh;-20779;0;0;0;20779;-20779
2024-05-09T17:45;2024-05-09T18:00;72;kWh;-22460;0;0;0;22460;-22460
2024-05-09T18:00;2024-05-09T18:15;73;kWh;-65493;0;0;0;65493;-65493
2024-05-09T18:15;2024-05-09T18:30;74;kWh;-20175;0;0;0;20175;-20175
2024-05-09T18:30;2024-05-09T18:45;75;kWh;-2522;0;0;0;2522;-2522
2024-05-09T18:45;2024-05-09T19:00;76;kWh;0;0;0;0;0;0
2024-05-09T19:00;2024-05-09T19:15;77;kWh;-571;2;0;0;573;-569
2024-05-09T19:15;2024-05-09T19:30;78;kWh;0;69;0;0;69;69
2024-05-09T19:30;2024-05-09T19:45;79;kWh;0;2122;0;0;2122;2122
2024-05-09T19:45;2024-05-09T20:00;80;kWh;0;43135;0;0;43135;43135
2024-05-09T20:00;2024-05-09T20:15;81;kWh;0;24057;0;0;24057;24057
2024-05-09T20:15;2024-05-09T20:30;82;kWh;0;2227;0;0;2227;2227
2024-05-09T20:30;2024-05-09T20:45;83;kWh;0;5906;0;0;5906;5906
2024-05-09T20:45;2024-05-09T21:00;84;kWh;0;10651;0;0;10651;10651
2024-05-09T21:00;2024-05-09T21:15;85;kWh;0;988;0;0;988;988
2024-05-09T21:15;2024-05-09T21:30;86;kWh;0;4812;0;0;4812;4812
2024-05-09T21:30;2024-05-09T21:45;87;kWh;0;21227;0;0;21227;21227
2024-05-09T21:45;2024-05-09T22:00;88;kWh;0;25096;0;0;25096;25096
2024-05-09T22:00;2024-05-09T22:15;89;kWh;0;26448;0;0;26448;26448
2024-05-09T22:15;2024-05-09T22:30;90;kWh;0;33583;0;0;33583;33583
2024-05-09T22:30;2024-05-09T22:45;91;kWh;0;17765;0;0;17765;17765
2024-05-09T22:45;2024-05-09T23:00;92;kWh;0;868;0;0;868;868
2024-05-09T23:00;2024-05-09T23:15;93;kWh;-1414;0;0;0;1414;-1414
2024-05-09T23:15;2024-05-09T23:30;94;kWh;-2926;0;0;0;2926;-2926
2024-05-09T23:30;2024-05-09T23:45;95;kWh;-22;11882;0;0;11904;11860
2024-05-09T23:45;2024-05-10T00:00;96;kWh;0;13959;0;0;13959;13959
2024-05-10T00:00;2024-05-10T00:15;1;kWh;0;42453;0;0;42453;42453
2024-05-10T00:15;2024-05-10T00:30;2;kWh;-5;2827;0;0;2832;2822
2024-05-10T00:30;2024-05-10T00:45;3;kWh;-6696;0;0;0;6696;-6696
2024-05-10T00:45;2024-05-10T01:00;4;kWh;-16755;0;0;0;16755;-16755
2024-05-10T01:00;2024-05-10T01:15;5;kWh;-9302;0;0;0;9302;-9302
2024-05-10T01:15;2024-05-10T01:30;6;kWh;-24416;0;0;0;24416;-24416
2024-05-10T01:30;2024-05-10T01:45;7;kWh;-23231;0;0;0;23231;-23231
2024-05-10T01:45;2024-05-10T02:00;8;kWh;-980;0;0;0;980;-980
2024-05-10T02:00;2024-05-10T02:15;9;kWh;-2424;0;0;0;2424;-2424
2024-05-10T02:15;2024-05-10T02:30;10;kWh;-13862;0;0;0;13862;-13862
2024-05-10T02:30;2024-05-10T02:45;11;kWh;-14153;0;0;0;14153;-14153
2024-05-10T02:45;2024-05-10T03:00;12;kWh;-18340;0;0;0;18340;-18340
2024-05-10T03:00;2024-05-10T03:15;13;kWh;-13425;0;0;0;13425;-13425
2024-05-10T03:15;2024-05-10T03:30;14;kWh;-19201;0;0;0;19201;-19201
2024-05-10T03:30;2024-05-10T03:45;15;kWh;-16384;0;0;0;16384;-16384
2024-05-10T03:45;2024-05-10T04:00;16;kWh;-14073;0;0;0;14073;-14073
2024-05-10T04:00;2024-05-10T04:15;17;kWh;-2179;7214;0;0;9393;5035
2024-05-10T04:15;2024-05-10T04:30;18;kWh;0;8461;0;0;8461;8461
2024-05-10T04:30;2024-05-10T04:45;19;kWh;0;2792;0;0;2792;2792
2024-05-10T04:45;2024-05-10T05:00;20;kWh;0;1543;0;0;1543;1543
2024-05-10T05:00;2024-05-10T05:15;21;kWh;0;45162;0;0;45162;45162
2024-05-10T05:15;2024-05-10T05:30;22;kWh;0;50412;0;0;50412;50412
2024-05-10T05:30;2024-05-10T05:45;23;kWh;0;36708;0;0;36708;36708
2024-05-10T05:45;2024-05-10T06:00;24;kWh;0;33154;0;0;33154;33154
2024-05-10T06:00;2024-05-10T06:15;25;kWh;0;49895;0;0;49895;49895
2024-05-10T06:15;2024-05-10T06:30;26;kWh;0;35933;0;0;35933;35933
2024-05-10T06:30;2024-05-10T06:45;27;kWh;-1099;4304;0;0;5403;3205
2024-05-10T06:45;2024-05-10T07:00;28;kWh;-24956;0;0;0;24956;-24956
2024-05-10T07:00;2024-05-10T07:15;29;kWh;-9740;2723;0;0;12463;-7017
2024-05-10T07:15;2024-05-10T07:30;30;kWh;0;130;0;0;130;130
2024-05-10T07:30;2024-05-10T07:45;31;kWh;-9505;0;0;0;9505;-9505
2024-05-10T07:45;2024-05-10T08:00;32;kWh;-60485;0;0;0;60485;-60485
2024-05-10T08:00;2024-05-10T08:15;33;kWh;-9739;0;0;0;9739;-9739
2024-05-10T08:15;2024-05-10T08:30;34;kWh;-11769;0;0;0;11769;-11769
2024-05-10T08:30;2024-05-10T08:45;35;kWh;-24682;0;0;0;24682;-24682
2024-05-10T08:45;2024-05-10T09:00;36;kWh;-28931;0;0;0;28931;-28931
2024-05-10T09:00;2024-05-10T09:15;37;kWh;-42919;0;0;0;42919;-42919
2024-05-10T09:15;2024-05-10T09:30;38;kWh;-39196;0;0;0;39196;-39196
2024-05-10T09:30;2024-05-10T09:45;39;kWh;-76843;0;0;0;76843;-76843
2024-05-10T09:45;2024-05-10T10:00;40;kWh;-68798;0;0;0;68798;-68798
2024-05-10T10:00;2024-05-10T10:15;41;kWh;-8081;0;0;0;8081;-8081
2024-05-10T10:15;2024-05-10T10:30;42;kWh;-18336;0;0;0;18336;-18336
2024-05-10T10:30;2024-05-10T10:45;43;kWh;-47591;0;0;0;47591;-47591
2024-05-10T10:45;2024-05-10T11:00;44;kWh;-71526;0;0;0;71526;-71526
2024-05-10T11:00;2024-05-10T11:15;45;kWh;-18722;0;0;0;18722;-18722
2024-05-10T11:15;2024-05-10T11:30;46;kWh;-12296;0;0;0;12296;-12296
2024-05-10T11:30;2024-05-10T11:45;47;kWh;-36794;0;0;0;36794;-36794
2024-05-10T11:45;2024-05-10T12:00;48;kWh;-64420;0;0;0;64420;-64420
2024-05-10T12:00;2024-05-10T12:15;49;kWh;-4969;0;0;0;4969;-4969
2024-05-10T12:15;2024-05-10T12:30;50;kWh;0;0;0;0;0;0
2024-05-10T12:30;2024-05-10T12:45;51;kWh;-139;0;0;0;139;-139
2024-05-10T12:45;2024-05-10T13:00;52;kWh;-9668;0;0;0;9668;-9668
2024-05-10T13:00;2024-05-10T13:15;53;kWh;-48095;0;0;0;48095;-48095
2024-05-10T13:15;2024-05-10T13:30;54;kWh;-60123;0;0;0;60123;-60123
2024-05-10T13:30;2024-05-10T13:45;55;kWh;-73493;0;0;0;73493;-73493
2024-05-10T13:45;2024-05-10T14:00;56;kWh;-66664;0;0;0;66664;-66664
2024-05-10T14:00;2024-05-10T14:15;57;kWh;-28563;0;0;0;28563;-28563
2024-05-10T14:15;2024-05-10T14:30;58;kWh;-34162;0;0;0;34162;-34162
2024-05-10T14:30;2024-05-10T14:45;59;kWh;-44371;0;0;0;44371;-44371
2024-05-10T14:45;2024-05-10T15:00;60;kWh;-41197;0;0;0;41197;-41197
2024-05-10T15:00;2024-05-10T15:15;61;kWh;-42821;0;0;0;42821;-42821
2024-05-10T15:15;2024-05-10T15:30;62;kWh;-33067;0;0;0;33067;-33067
2024-05-10T15:30;2024-05-10T15:45;63;kWh;-49499;0;0;0;49499;-49499
2024-05-10T15:45;2024-05-10T16:00;64;kWh;-46387;0;0;0;46387;-46387
2024-05-10T16:00;2024-05-10T16:15;65;kWh;-62133;0;0;0;62133;-62133
2024-05-10T16:15;2024-05-10T16:30;66;kWh;-38921;0;0;0;38921;-38921
2024-05-10T16:30;2024-05-10T16:45;67;kWh;-13000;865;0;0;13865;-12135
2024-05-10T16:45;2024-05-10T17:00;68;kWh;0;4236;0;0;4236;4236
2024-05-10T17:00;2024-05-10T17:15;69;kWh;-13832;0;0;0;13832;-13832
2024-05-10T17:15;2024-05-10T17:30;70;kWh;-6822;200;0;0;7022;-6622
2024-05-10T17:30;2024-05-10T17:45;71;kWh;-16309;0;0;0;16309;-16309
2024-05-10T17:45;2024-05-10T18:00;72;kWh;-32677;0;0;0;32677;-32677
2024-05-10T18:00;2024-05-10T18:15;73;kWh;-43947;0;0;0;43947;-43947
2024-05-10T18:15;2024-05-10T18:30;74;kWh;-43174;0;0;0;43174;-43174
2024-05-10T18:30;2024-05-10T18:45;75;kWh;-42970;496;0;0;43466;-42474
2024-05-10T18:45;2024-05-10T19:00;76;kWh;-1389;920;0;0;2309;-469
2024-05-10T19:00;2024-05-10T19:15;77;kWh;-42981;0;0;0;42981;-42981
2024-05-10T19:15;2024-05-10T19:30;78;kWh;-6996;531;0;0;7527;-6465
2024-05-10T19:30;2024-05-10T19:45;79;kWh;0;9551;0;0;9551;9551
2024-05-10T19:45;2024-05-10T20:00;80;kWh;0;77323;0;0;77323;77323
2024-05-10T20:00;2024-05-10T20:15;81;kWh;0;8089;0;0;8089;8089
2024-05-10T20:15;2024-05-10T20:30;82;kWh;0;6573;0;0;6573;6573
2024-05-10T20:30;2024-05-10T20:45;83;kWh;0;18172;0;0;18172;18172
2024-05-10T20:45;2024-05-10T21:00;84;kWh;0;16956;0;0;16956;16956
2024-05-10T21:00;2024-05-10T21:15;85;kWh;0;3031;0;0;3031;3031
2024-05-10T21:15;2024-05-10T21:30;86;kWh;0;1378;0;0;1378;1378
2024-05-10T21:30;2024-05-10T21:45;87;kWh;-130;26;0;0;156;-104
2024-05-10T21:45;2024-05-10T22:00;88;kWh;-6110;0;0;0;6110;-6110
2024-05-10T22:00;2024-05-10T22:15;89;kWh;-4245;4292;0;0;8537;47
2024-05-10T22:15;2024-05-10T22:30;90;kWh;0;4112;0;0;4112;4112
2024-05-10T22:30;2024-05-10T22:45;91;kWh;0;58;0;0;58;58
2024-05-10T22:45;2024-05-10T23:00;92;kWh;0;0;0;0;0;0
2024-05-10T23:00;2024-05-10T23:15;93;kWh;0;17494;0;0;17494;17494
2024-05-10T23:15;2024-05-10T23:30;94;kWh;0;17991;0;0;17991;17991
2024-05-10T23:30;2024-05-10T23:45;95;kWh;0;32864;0;0;32864;32864
2024-05-10T23:45;2024-05-11T00:00;96;kWh;-762;31679;0;0;32441;30917
2024-05-11T00:00;2024-05-11T00:15;1;kWh;-14500;49;0;0;14549;-14451
2024-05-11T00:15;2024-05-11T00:30;2;kWh;-8346;0;0;0;8346;-8346
2024-05-11T00:30;2024-05-11T00:45;3;kWh;-4622;381;0;0;5003;-4241
2024-05-11T00:45;2024-05-11T01:00;4;kWh;-775;0;0;0;775;-775
2024-05-11T01:00;2024-05-11T01:15;5;kWh;-11600;0;0;0;11600;-11600
2024-05-11T01:15;2024-05-11T01:30;6;kWh;-21812;0;0;0;21812;-21812
2024-05-11T01:30;2024-05-11T01:45;7;kWh;-16492;0;0;0;16492;-16492
2024-05-11T01:45;2024-05-11T02:00;8;kWh;-25186;0;0;0;25186;-25186
2024-05-11T02:00;2024-05-11T02:15;9;kWh;-133675;0;0;0;133675;-133675
2024-05-11T02:15;2024-05-11T02:30;10;kWh;-113414;0;0;0;113414;-113414
2024-05-11T02:30;2024-05-11T02:45;11;kWh;-67007;0;0;0;67007;-67007
2024-05-11T02:45;2024-05-11T03:00;12;kWh;-86077;0;0;0;86077;-86077
2024-05-11T03:00;2024-05-11T03:15;13;kWh;-953;35151;0;0;36104;34198
2024-05-11T03:15;2024-05-11T03:30;14;kWh;0;58080;0;0;58080;58080
2024-05-11T03:30;2024-05-11T03:45;15;kWh;0;48769;0;0;48769;48769
2024-05-11T03:45;2024-05-11T04:00;16;kWh;0;30650;0;0;30650;30650
2024-05-11T04:00;2024-05-11T04:15;17;kWh;0;28333;0;0;28333;28333
2024-05-11T04:15;2024-05-11T04:30;18;kWh;0;43410;0;0;43410;43410
2024-05-11T04:30;2024-05-11T04:45;19;kWh;0;43785;0;0;43785;43785
2024-05-11T04:45;2024-05-11T05:00;20;kWh;0;69141;0;0;69141;69141
2024-05-11T05:00;2024-05-11T05:15;21;kWh;0;27149;0;0;27149;27149
2024-05-11T05:15;2024-05-11T05:30;22;kWh;0;26844;0;0;26844;26844
2024-05-11T05:30;2024-05-11T05:45;23;kWh;0;27521;0;0;27521;27521
2024-05-11T05:45;2024-05-11T06:00;24;kWh;0;38759;0;0;38759;38759
2024-05-11T06:00;2024-05-11T06:15;25;kWh;0;20966;0;0;20966;20966
2024-05-11T06:15;2024-05-11T06:30;26;kWh;0;2169;0;0;2169;2169
2024-05-11T06:30;2024-05-11T06:45;27;kWh;0;2402;0;0;2402;2402
2024-05-11T06:45;2024-05-11T07:00;28;kWh;0;156;0;0;156;156
2024-05-11T07:00;2024-05-11T07:15;29;kWh;0;58869;0;0;58869;58869
2024-05-11T07:15;2024-05-11T07:30;30;kWh;0;20622;0;0;20622;20622
2024-05-11T07:30;2024-05-11T07:45;31;kWh;0;1897;0;0;1897;1897
2024-05-11T07:45;2024-05-11T08:00;32;kWh;-7310;0;0;0;7310;-7310
2024-05-11T08:00;2024-05-11T08:15;33;kWh;-1010;57619;0;0;58629;56609
2024-05-11T08:15;2024-05-11T08:30;34;kWh;0;10586;0;0;10586;10586
2024-05-11T08:30;2024-05-11T08:45;35;kWh;-2524;0;0;0;2524;-2524
2024-05-11T08:45;2024-05-11T09:00;36;kWh;-78397;0;0;0;78397;-78397
2024-05-11T09:00;2024-05-11T09:15;37;kWh;-2766;0;0;0;2766;-2766
2024-05-11T09:15;2024-05-11T09:30;38;kWh;-3619;464;0;0;4083;-3155
2024-05-11T09:30;2024-05-11T09:45;39;kWh;-37074;0;0;0;37074;-37074
2024-05-11T09:45;2024-05-11T10:00;40;kWh;-59920;0;0;0;59920;-59920
2024-05-11T10:00;2024-05-11T10:15;41;kWh;-18959;0;0;0;18959;-18959
2024-05-11T10:15;2024-05-11T10:30;42;kWh;-47296;0;0;0;47296;-47296
2024-05-11T10:30;2024-05-11T10:45;43;kWh;-86902;0;0;0;86902;-86902
2024-05-11T10:45;2024-05-11T11:00;44;kWh;-76179;0;0;0;76179;-76179
2024-05-11T11:00;2024-05-11T11:15;45;kWh;-14387;0;0;0;14387;-14387
2024-05-11T11:15;2024-05-11T11:30;46;kWh;-33756;0;0;0;33756;-33756
2024-05-11T11:30;2024-05-11T11:45;47;kWh;-68434;0;0;0;68434;-68434
2024-05-11T11:45;2024-05-11T12:00;48;kWh;-48852;0;0;0;48852;-48852
2024-05-11T12:00;2024-05-11T12:15;49;kWh;-46816;0;0;0;46816;-46816
2024-05-11T12:15;2024-05-11T12:30;50;kWh;-44266;0;0;0;44266;-44266
2024-05-11T12:30;2024-05-11T12:45;51;kWh;-53135;0;0;0;53135;-53135
2024-05-11T12:45;2024-05-11T13:00;52;kWh;-36177;0;0;0;36177;-36177
2024-05-11T13:00;2024-05-11T13:15;53;kWh;-40336;0;0;0;40336;-40336
2024-05-11T13:15;2024-05-11T13:30;54;kWh;-26896;0;0;0;26896;-26896
2024-05-11T13:30;2024-05-11T13:45;55;kWh;-33314;0;0;0;33314;-33314
2024-05-11T13:45;2024-05-11T14:00;56;kWh;-34144;0;0;0;34144;-34144
2024-05-11T14:00;2024-05-11T14:15;57;kWh;-50543;0;0;0;50543;-50543
2024-05-11T14:15;2024-05-11T14:30;58;kWh;-55868;0;0;0;55868;-55868
2024-05-11T14:30;2024-05-11T14:45;59;kWh;-60165;0;0;0;60165;-60165
2024-05-11T14:45;2024-05-11T15:00;60;kWh;-46324;0;0;0;46324;-46324
2024-05-11T15:00;2024-05-11T15:15;61;kWh;-35306;0;0;0;35306;-35306
2024-05-11T15:15;2024-05-11T15:30;62;kWh;-37743;0;0;0;37743;-37743
2024-05-11T15:30;2024-05-11T15:45;63;kWh;-20446;0;0;0;20446;-20446
2024-05-11T15:45;2024-05-11T16:00;64;kWh;-19903;0;0;0;19903;-19903
2024-05-11T16:00;2024-05-11T16:15;65;kWh;-46244;0;0;0;46244;-46244
2024-05-11T16:15;2024-05-11T16:30;66;kWh;-40437;0;0;0;40437;-40437
2024-05-11T16:30;2024-05-11T16:45;67;kWh;-17423;0;0;0;17423;-17423
2024-05-11T16:45;2024-05-11T17:00;68;kWh;-7813;0;0;0;7813;-7813
2024-05-11T17:00;2024-05-11T17:15;69;kWh;-58089;0;0;0;58089;-58089
2024-05-11T17:15;2024-05-11T17:30;70;kWh;-28923;0;0;0;28923;-28923
2024-05-11T17:30;2024-05-11T17:45;71;kWh;-25476;2414;0;0;27890;-23062
2024-05-11T17:45;2024-05-11T18:00;72;kWh;0;1426;0;0;1426;1426
2024-05-11T18:00;2024-05-11T18:15;73;kWh;-34019;0;0;0;34019;-34019
2024-05-11T18:15;2024-05-11T18:30;74;kWh;-7620;205;0;0;7825;-7415
2024-05-11T18:30;2024-05-11T18:45;75;kWh;0;23102;0;0;23102;23102
2024-05-11T18:45;2024-05-11T19:00;76;kWh;0;26384;0;0;26384;26384
2024-05-11T19:00;2024-05-11T19:15;77;kWh;-14612;485;0;0;15097;-14127
2024-05-11T19:15;2024-05-11T19:30;78;kWh;-4305;220;0;0;4525;-4085
2024-05-11T19:30;2024-05-11T19:45;79;kWh;0;31900;0;0;31900;31900
2024-05-11T19:45;2024-05-11T20:00;80;kWh;0;53011;0;0;53011;53011
2024-05-11T20:00;2024-05-11T20:15;81;kWh;0;40433;0;0;40433;40433
2024-05-11T20:15;2024-05-11T20:30;82;kWh;0;43589;0;0;43589;43589
2024-05-11T20:30;2024-05-11T20:45;83;kWh;0;41032;0;0;41032;41032
2024-05-11T20:45;2024-05-11T21:00;84;kWh;0;27296;0;0;27296;27296
2024-05-11T21:00;2024-05-11T21:15;85;kWh;0;36051;0;0;36051;36051
2024-05-11T21:15;2024-05-11T21:30;86;kWh;0;25712;0;0;25712;25712
2024-05-11T21:30;2024-05-11T21:45;87;kWh;0;4264;0;0;4264;4264
2024-05-11T21:45;2024-05-11T22:00;88;kWh;-5150;505;0;0;5655;-4645
2024-05-11T22:00;2024-05-11T22:15;89;kWh;-11186;0;0;0;11186;-11186
2024-05-11T22:15;2024-05-11T22:30;90;kWh;-5443;0;0;0;5443;-5443
2024-05-11T22:30;2024-05-11T22:45;91;kWh;-14264;0;0;0;14264;-14264
2024-05-11T22:45;2024-05-11T23:00;92;kWh;-25441;0;0;0;25441;-25441
2024-05-11T23:00;2024-05-11T23:15;93;kWh;-6325;5549;0;0;11874;-776
2024-05-11T23:15;2024-05-11T23:30;94;kWh;0;3504;0;0;3504;3504
2024-05-11T23:30;2024-05-11T23:45;95;kWh;-1848;0;0;0;1848;-1848
2024-05-11T23:45;2024-05-12T00:00;96;kWh;-29877;0;0;0;29877;-29877
2024-05-12T00:00;2024-05-12T00:15;1;kWh;-1179;12097;0;0;13276;10918
2024-05-12T00:15;2024-05-12T00:30;2;kWh;0;5116;0;0;5116;5116
2024-05-12T00:30;2024-05-12T00:45;3;kWh;0;2295;0;0;2295;2295
2024-05-12T00:45;2024-05-12T01:00;4;kWh;0;437;0;0;437;437
2024-05-12T01:00;2024-05-12T01:15;5;kWh;0;17052;0;0;17052;17052
2024-05-12T01:15;2024-05-12T01:30;6;kWh;0;22658;0;0;22658;22658
2024-05-12T01:30;2024-05-12T01:45;7;kWh;0;69;0;0;69;69
2024-05-12T01:45;2024-05-12T02:00;8;kWh;-178;0;0;0;178;-178
2024-05-12T02:00;2024-05-12T02:15;9;kWh;-543;0;0;0;543;-543
2024-05-12T02:15;2024-05-12T02:30;10;kWh;0;0;0;0;0;0
2024-05-12T02:30;2024-05-12T02:45;11;kWh;0;0;0;0;0;0
2024-05-12T02:45;2024-05-12T03:00;12;kWh;0;0;0;0;0;0
2024-05-12T03:00;2024-05-12T03:15;13;kWh;0;2327;0;0;2327;2327
2024-05-12T03:15;2024-05-12T03:30;14;kWh;0;508;0;0;508;508
2024-05-12T03:30;2024-05-12T03:45;15;kWh;0;3168;0;0;3168;3168
2024-05-12T03:45;2024-05-12T04:00;16;kWh;0;4385;0;0;4385;4385
2024-05-12T04:00;2024-05-12T04:15;17;kWh;0;7910;0;0;7910;7910
2024-05-12T04:15;2024-05-12T04:30;18;kWh;0;3060;0;0;3060;3060
2024-05-12T04:30;2024-05-12T04:45;19;kWh;0;6667;0;0;6667;6667
2024-05-12T04:45;2024-05-12T05:00;20;kWh;0;6873;0;0;6873;6873
2024-05-12T05:00;2024-05-12T05:15;21;kWh;0;75;0;0;75;75
2024-05-12T05:15;2024-05-12T05:30;22;kWh;-17348;0;0;0;17348;-17348
2024-05-12T05:30;2024-05-12T05:45;23;kWh;-14683;0;0;0;14683;-14683
2024-05-12T05:45;2024-05-12T06:00;24;kWh;-26828;0;0;0;26828;-26828
2024-05-12T06:00;2024-05-12T06:15;25;kWh;-23495;0;0;0;23495;-23495
2024-05-12T06:15;2024-05-12T06:30;26;kWh;-7634;0;0;0;7634;-7634
2024-05-12T06:30;2024-05-12T06:45;27;kWh;-31570;0;0;0;31570;-31570
2024-05-12T06:45;2024-05-12T07:00;28;kWh;-34055;0;0;0;34055;-34055
2024-05-12T07:00;2024-05-12T07:15;29;kWh;-177;0;0;0;177;-177
2024-05-12T07:15;2024-05-12T07:30;30;kWh;0;1446;0;0;1446;1446
2024-05-12T07:30;2024-05-12T07:45;31;kWh;0;1682;0;0;1682;1682
2024-05-12T07:45;2024-05-12T08:00;32;kWh;-2950;0;0;0;2950;-2950
2024-05-12T08:00;2024-05-12T08:15;33;kWh;-40;18649;0;0;18689;18609
2024-05-12T08:15;2024-05-12T08:30;34;kWh;0;13347;0;0;13347;13347
2024-05-12T08:30;2024-05-12T08:45;35;kWh;-34079;0;0;0;34079;-34079
2024-05-12T08:45;2024-05-12T09:00;36;kWh;-49046;0;0;0;49046;-49046
2024-05-12T09:00;2024-05-12T09:15;37;kWh;-1833;2932;0;0;4765;1099
2024-05-12T09:15;2024-05-12T09:30;38;kWh;-774;749;0;0;1523;-25
2024-05-12T09:30;2024-05-12T09:45;39;kWh;-17942;0;0;0;17942;-17942
2024-05-12T09:45;2024-05-12T10:00;40;kWh;-21845;0;0;0;21845;-21845
2024-05-12T10:00;2024-05-12T10:15;41;kWh;-17319;0;0;0;17319;-17319
2024-05-12T10:15;2024-05-12T10:30;42;kWh;-32391;0;0;0;32391;-32391
2024-05-12T10:30;2024-05-12T10:45;43;kWh;-28901;0;0;0;28901;-28901
2024-05-12T10:45;2024-05-12T11:00;44;kWh;-39631;0;0;0;39631;-39631
2024-05-12T11:00;2024-05-12T11:15;45;kWh;-106854;0;0;0;106854;-106854
2024-05-12T11:15;2024-05-12T11:30;46;kWh;-95458;0;0;0;95458;-95458
2024-05-12T11:30;2024-05-12T11:45;47;kWh;-138499;0;0;0;138499;-138499
2024-05-12T11:45;2024-05-12T12:00;48;kWh;-156483;0;0;0;156483;-156483
2024-05-12T12:00;2024-05-12T12:15;49;kWh;-93326;0;0;0;93326;-93326
2024-05-12T12:15;2024-05-12T12:30;50;kWh;-113784;0;0;0;113784;-113784
2024-05-12T12:30;2024-05-12T12:45;51;kWh;-143990;0;0;0;143990;-143990
2024-05-12T12:45;2024-05-12T13:00;52;kWh;-179505;0;0;0;179505;-179505
2024-05-12T13:00;2024-05-12T13:15;53;kWh;-150420;0;0;0;150420;-150420
2024-05-12T13:15;2024-05-12T13:30;54;kWh;-179013;0;0;0;179013;-179013
2024-05-12T13:30;2024-05-12T13:45;55;kWh;-180929;0;0;0;180929;-180929
2024-05-12T13:45;2024-05-12T14:00;56;kWh;-178982;0;-23161;0;202143;-202143
2024-05-12T14:00;2024-05-12T14:15;57;kWh;-178539;0;-60472;0;239011;-239011
2024-05-12T14:15;2024-05-12T14:30;58;kWh;-171568;0;-60483;0;232051;-232051
2024-05-12T14:30;2024-05-12T14:45;59;kWh;-119274;0;-60483;0;179757;-179757
2024-05-12T14:45;2024-05-12T15:00;60;kWh;-90230;0;-56649;0;146879;-146879
2024-05-12T15:00;2024-05-12T15:15;61;kWh;-72098;0;-32654;0;104752;-104752
2024-05-12T15:15;2024-05-12T15:30;62;kWh;-58589;0;0;0;58589;-58589
2024-05-12T15:30;2024-05-12T15:45;63;kWh;-45291;0;0;0;45291;-45291
2024-05-12T15:45;2024-05-12T16:00;64;kWh;-58706;0;0;0;58706;-58706
2024-05-12T16:00;2024-05-12T16:15;65;kWh;-32135;0;0;0;32135;-32135
2024-05-12T16:15;2024-05-12T16:30;66;kWh;-16936;0;0;0;16936;-16936
2024-05-12T16:30;2024-05-12T16:45;67;kWh;-18472;18;0;0;18490;-18454
2024-05-12T16:45;2024-05-12T17:00;68;kWh;-2184;574;0;0;2758;-1610
2024-05-12T17:00;2024-05-12T17:15;69;kWh;-26027;0;0;0;26027;-26027
2024-05-12T17:15;2024-05-12T17:30;70;kWh;-14647;1;0;0;14648;-14646
2024-05-12T17:30;2024-05-12T17:45;71;kWh;-13015;59;0;0;13074;-12956
2024-05-12T17:45;2024-05-12T18:00;72;kWh;-27842;0;0;0;27842;-27842
2024-05-12T18:00;2024-05-12T18:15;73;kWh;-36228;0;0;0;36228;-36228
2024-05-12T18:15;2024-05-12T18:30;74;kWh;-24707;0;0;0;24707;-24707
2024-05-12T18:30;2024-05-12T18:45;75;kWh;-1692;0;0;0;1692;-1692
2024-05-12T18:45;2024-05-12T19:00;76;kWh;0;2463;0;0;2463;2463
2024-05-12T19:00;2024-05-12T19:15;77;kWh;-28958;395;0;0;29353;-28563
2024-05-12T19:15;2024-05-12T19:30;78;kWh;0;1487;0;0;1487;1487
2024-05-12T19:30;2024-05-12T19:45;79;kWh;0;3532;0;0;3532;3532
2024-05-12T19:45;2024-05-12T20:00;80;kWh;0;0;0;0;0;0
2024-05-12T20:00;2024-05-12T20:15;81;kWh;0;13367;0;0;13367;13367
2024-05-12T20:15;2024-05-12T20:30;82;kWh;0;48226;0;0;48226;48226
2024-05-12T20:30;2024-05-12T20:45;83;kWh;0;53937;0;0;53937;53937
2024-05-12T20:45;2024-05-12T21:00;84;kWh;0;25510;0;0;25510;25510
2024-05-12T21:00;2024-05-12T21:15;85;kWh;0;0;0;0;0;0
2024-05-12T21:15;2024-05-12T21:30;86;kWh;-14;0;0;0;14;-14
2024-05-12T21:30;2024-05-12T21:45;87;kWh;-20232;0;0;0;20232;-20232
2024-05-12T21:45;2024-05-12T22:00;88;kWh;-26248;0;0;0;26248;-26248
2024-05-12T22:00;2024-05-12T22:15;89;kWh;-7684;0;0;0;7684;-7684
2024-05-12T22:15;2024-05-12T22:30;90;kWh;-1407;0;0;0;1407;-1407
2024-05-12T22:30;2024-05-12T22:45;91;kWh;-32089;0;0;0;32089;-32089
2024-05-12T22:45;2024-05-12T23:00;92;kWh;-39121;0;0;0;39121;-39121
2024-05-12T23:00;2024-05-12T23:15;93;kWh;-8705;0;0;0;8705;-8705
2024-05-12T23:15;2024-05-12T23:30;94;kWh;-8211;0;0;0;8211;-8211
2024-05-12T23:30;2024-05-12T23:45;95;kWh;-8289;0;0;0;8289;-8289
2024-05-12T23:45;2024-05-13T00:00;96;kWh;-1460;0;0;0;1460;-1460
2024-05-13T00:00;2024-05-13T00:15;1;kWh;0;816;0;0;816;816
2024-05-13T00:15;2024-05-13T00:30;2;kWh;-805;1185;0;0;1990;380
2024-05-13T00:30;2024-05-13T00:45;3;kWh;-4356;0;0;0;4356;-4356
2024-05-13T00:45;2024-05-13T01:00;4;kWh;-1614;0;0;0;1614;-1614
2024-05-13T01:00;2024-05-13T01:15;5;kWh;0;5136;0;0;5136;5136
2024-05-13T01:15;2024-05-13T01:30;6;kWh;0;3101;0;0;3101;3101
2024-05-13T01:30;2024-05-13T01:45;7;kWh;0;8500;0;0;8500;8500
2024-05-13T01:45;2024-05-13T02:00;8;kWh;0;5416;0;0;5416;5416
2024-05-13T02:00;2024-05-13T02:15;9;kWh;0;0;0;0;0;0
2024-05-13T02:15;2024-05-13T02:30;10;kWh;-576;0;0;0;576;-576
2024-05-13T02:30;2024-05-13T02:45;11;kWh;-1235;0;0;0;1235;-1235
2024-05-13T02:45;2024-05-13T03:00;12;kWh;0;0;0;0;0;0
2024-05-13T03:00;2024-05-13T03:15;13;kWh;0;0;0;0;0;0
2024-05-13T03:15;2024-05-13T03:30;14;kWh;0;52;0;0;52;52
2024-05-13T03:30;2024-05-13T03:45;15;kWh;0;1249;0;0;1249;1249
2024-05-13T03:45;2024-05-13T04:00;16;kWh;0;3395;0;0;3395;3395
2024-05-13T04:00;2024-05-13T04:15;17;kWh;-21477;191;0;0;21668;-21286
2024-05-13T04:15;2024-05-13T04:30;18;kWh;-5788;0;0;0;5788;-5788
2024-05-13T04:30;2024-05-13T04:45;19;kWh;0;5799;0;0;5799;5799
2024-05-13T04:45;2024-05-13T05:00;20;kWh;0;24052;0;0;24052;24052
2024-05-13T05:00;2024-05-13T05:15;21;kWh;-14055;0;0;0;14055;-14055
2024-05-13T05:15;2024-05-13T05:30;22;kWh;-297;1103;0;0;1400;806
2024-05-13T05:30;2024-05-13T05:45;23;kWh;0;22646;0;0;22646;22646
2024-05-13T05:45;2024-05-13T06:00;24;kWh;0;14575;0;0;14575;14575
2024-05-13T06:00;2024-05-13T06:15;25;kWh;0;37321;0;0;37321;37321
2024-05-13T06:15;2024-05-13T06:30;26;kWh;-5123;0;0;0;5123;-5123
2024-05-13T06:30;2024-05-13T06:45;27;kWh;-1435;0;0;0;1435;-1435
2024-05-13T06:45;2024-05-13T07:00;28;kWh;-380;0;0;0;380;-380
2024-05-13T07:00;2024-05-13T07:15;29;kWh;0;3905;0;0;3905;3905
2024-05-13T07:15;2024-05-13T07:30;30;kWh;0;16750;0;0;16750;16750
2024-05-13T07:30;2024-05-13T07:45;31;kWh;0;6736;0;0;6736;6736
2024-05-13T07:45;2024-05-13T08:00;32;kWh;0;9412;0;0;9412;9412
2024-05-13T08:00;2024-05-13T08:15;33;kWh;0;21719;0;0;21719;21719
2024-05-13T08:15;2024-05-13T08:30;34;kWh;-3843;0;0;0;3843;-3843
2024-05-13T08:30;2024-05-13T08:45;35;kWh;-43739;0;0;0;43739;-43739
2024-05-13T08:45;2024-05-13T09:00;36;kWh;-51314;0;0;0;51314;-51314
2024-05-13T09:00;2024-05-13T09:15;37;kWh;-26005;0;0;0;26005;-26005
2024-05-13T09:15;2024-05-13T09:30;38;kWh;-9835;0;0;0;9835;-9835
2024-05-13T09:30;2024-05-13T09:45;39;kWh;-35088;0;0;0;35088;-35088
2024-05-13T09:45;2024-05-13T10:00;40;kWh;-62196;67;0;0;62263;-62129
2024-05-13T10:00;2024-05-13T10:15;41;kWh;-10104;8336;0;0;18440;-1768
2024-05-13T10:15;2024-05-13T10:30;42;kWh;0;7891;0;0;7891;7891
2024-05-13T10:30;2024-05-13T10:45;43;kWh;-3693;0;0;0;3693;-3693
2024-05-13T10:45;2024-05-13T11:00;44;kWh;-19956;0;0;0;19956;-19956
2024-05-13T11:00;2024-05-13T11:15;45;kWh;-9483;0;0;0;9483;-9483
2024-05-13T11:15;2024-05-13T11:30;46;kWh;-30940;0;0;0;30940;-30940
2024-05-13T11:30;2024-05-13T11:45;47;kWh;-23737;0;0;0;23737;-23737
2024-05-13T11:45;2024-05-13T12:00;48;kWh;-14556;0;0;0;14556;-14556
2024-05-13T12:00;2024-05-13T12:15;49;kWh;-15066;0;0;0;15066;-15066
2024-05-13T12:15;2024-05-13T12:30;50;kWh;-23809;0;0;0;23809;-23809
2024-05-13T12:30;2024-05-13T12:45;51;kWh;-31770;0;0;0;31770;-31770
2024-05-13T12:45;2024-05-13T13:00;52;kWh;-16834;0;0;0;16834;-16834
2024-05-13T13:00;2024-05-13T13:15;53;kWh;-13474;0;0;0;13474;-13474
2024-05-13T13:15;2024-05-13T13:30;54;kWh;0;0;0;0;0;0
2024-05-13T13:30;2024-05-13T13:45;55;kWh;0;0;0;0;0;0
2024-05-13T13:45;2024-05-13T14:00;56;kWh;0;53;0;0;53;53
2024-05-13T14:00;2024-05-13T14:15;57;kWh;-17104;0;0;0;17104;-17104
2024-05-13T14:15;2024-05-13T14:30;58;kWh;-16858;0;0;0;16858;-16858
2024-05-13T14:30;2024-05-13T14:45;59;kWh;-2400;2312;0;0;4712;-88
2024-05-13T14:45;2024-05-13T15:00;60;kWh;0;5869;0;0;5869;5869
2024-05-13T15:00;2024-05-13T15:15;61;kWh;0;88;0;0;88;88
2024-05-13T15:15;2024-05-13T15:30;62;kWh;0;538;0;0;538;538
2024-05-13T15:30;2024-05-13T15:45;63;kWh;0;16775;0;0;16775;16775
2024-05-13T15:45;2024-05-13T16:00;64;kWh;0;23733;0;0;23733;23733
2024-05-13T16:00;2024-05-13T16:15;65;kWh;-23786;523;0;0;24309;-23263
2024-05-13T16:15;2024-05-13T16:30;66;kWh;-17904;0;0;0;17904;-17904
2024-05-13T16:30;2024-05-13T16:45;67;kWh;-730;0;0;0;730;-730
2024-05-13T16:45;2024-05-13T17:00;68;kWh;-3141;0;0;0;3141;-3141
2024-05-13T17:00;2024-05-13T17:15;69;kWh;-23503;0;0;0;23503;-23503
2024-05-13T17:15;2024-05-13T17:30;70;kWh;-3351;1120;0;0;4471;-2231
2024-05-13T17:30;2024-05-13T17:45;71;kWh;0;11600;0;0;11600;11600
2024-05-13T17:45;2024-05-13T18:00;72;kWh;0;2063;0;0;2063;2063
2024-05-13T18:00;2024-05-13T18:15;73;kWh;0;20405;0;0;20405;20405
2024-05-13T18:15;2024-05-13T18:30;74;kWh;0;24233;0;0;24233;24233
2024-05-13T18:30;2024-05-13T18:45;75;kWh;0;19542;0;0;19542;19542
2024-05-13T18:45;2024-05-13T19:00;76;kWh;0;41743;0;0;41743;41743
2024-05-13T19:00;2024-05-13T19:15;77;kWh;-599;43957;0;0;44556;43358
2024-05-13T19:15;2024-05-13T19:30;78;kWh;-1322;918;0;0;2240;-404
2024-05-13T19:30;2024-05-13T19:45;79;kWh;0;20605;0;0;20605;20605
2024-05-13T19:45;2024-05-13T20:00;80;kWh;0;50096;0;0;50096;50096
2024-05-13T20:00;2024-05-13T20:15;81;kWh;0;42283;0;0;42283;42283
2024-05-13T20:15;2024-05-13T20:30;82;kWh;0;46433;0;0;46433;46433
2024-05-13T20:30;2024-05-13T20:45;83;kWh;0;94809;0;0;94809;94809
2024-05-13T20:45;2024-05-13T21:00;84;kWh;0;95754;0;34256;130010;130010
2024-05-13T21:00;2024-05-13T21:15;85;kWh;0;6137;0;47071;53208;53208
2024-05-13T21:15;2024-05-13T21:30;86;kWh;0;998;0;0;998;998
2024-05-13T21:30;2024-05-13T21:45;87;kWh;0;26706;0;0;26706;26706
2024-05-13T21:45;2024-05-13T22:00;88;kWh;0;20653;0;0;20653;20653
2024-05-13T22:00;2024-05-13T22:15;89;kWh;-323;883;0;0;1206;560
2024-05-13T22:15;2024-05-13T22:30;90;kWh;0;16815;0;0;16815;16815
2024-05-13T22:30;2024-05-13T22:45;91;kWh;0;33800;0;0;33800;33800
2024-05-13T22:45;2024-05-13T23:00;92;kWh;-441;10971;0;0;11412;10530
2024-05-13T23:00;2024-05-13T23:15;93;kWh;-5474;11726;0;0;17200;6252
2024-05-13T23:15;2024-05-13T23:30;94;kWh;0;8810;0;0;8810;8810
2024-05-13T23:30;2024-05-13T23:45;95;kWh;-4259;0;0;0;4259;-4259
2024-05-13T23:45;2024-05-14T00:00;96;kWh;-6602;0;0;0;6602;-6602
2024-05-14T00:00;2024-05-14T00:15;1;kWh;0;15410;0;0;15410;15410
2024-05-14T00:15;2024-05-14T00:30;2;kWh;0;47743;0;0;47743;47743
2024-05-14T00:30;2024-05-14T00:45;3;kWh;0;65890;0;0;65890;65890
2024-05-14T00:45;2024-05-14T01:00;4;kWh;0;27702;0;0;27702;27702
2024-05-14T01:00;2024-05-14T01:15;5;kWh;0;39946;0;0;39946;39946
2024-05-14T01:15;2024-05-14T01:30;6;kWh;0;43527;0;0;43527;43527
2024-05-14T01:30;2024-05-14T01:45;7;kWh;0;9600;0;0;9600;9600
2024-05-14T01:45;2024-05-14T02:00;8;kWh;0;427;0;0;427;427
2024-05-14T02:00;2024-05-14T02:15;9;kWh;0;0;0;0;0;0
2024-05-14T02:15;2024-05-14T02:30;10;kWh;0;0;0;0;0;0
2024-05-14T02:30;2024-05-14T02:45;11;kWh;-15206;0;0;0;15206;-15206
2024-05-14T02:45;2024-05-14T03:00;12;kWh;-36627;0;0;0;36627;-36627
2024-05-14T03:00;2024-05-14T03:15;13;kWh;-7400;0;0;0;7400;-7400
2024-05-14T03:15;2024-05-14T03:30;14;kWh;-23227;0;0;0;23227;-23227
2024-05-14T03:30;2024-05-14T03:45;15;kWh;-7621;0;0;0;7621;-7621
2024-05-14T03:45;2024-05-14T04:00;16;kWh;-29944;0;0;0;29944;-29944
2024-05-14T04:00;2024-05-14T04:15;17;kWh;-15718;0;0;0;15718;-15718
2024-05-14T04:15;2024-05-14T04:30;18;kWh;-43953;0;0;0;43953;-43953
2024-05-14T04:30;2024-05-14T04:45;19;kWh;-44721;0;0;0;44721;-44721
2024-05-14T04:45;2024-05-14T05:00;20;kWh;-53662;0;0;0;53662;-53662
2024-05-14T05:00;2024-05-14T05:15;21;kWh;-30362;0;0;0;30362;-30362
2024-05-14T05:15;2024-05-14T05:30;22;kWh;-24637;0;0;0;24637;-24637
2024-05-14T05:30;2024-05-14T05:45;23;kWh;-27444;0;0;0;27444;-27444
2024-05-14T05:45;2024-05-14T06:00;24;kWh;-48202;0;0;0;48202;-48202
2024-05-14T06:00;2024-05-14T06:15;25;kWh;-31369;0;0;0;31369;-31369
2024-05-14T06:15;2024-05-14T06:30;26;kWh;-28752;0;0;0;28752;-28752
2024-05-14T06:30;2024-05-14T06:45;27;kWh;-23364;0;0;0;23364;-23364
2024-05-14T06:45;2024-05-14T07:00;28;kWh;-30802;573;0;0;31375;-30229
2024-05-14T07:00;2024-05-14T07:15;29;kWh;0;44598;0;0;44598;44598
2024-05-14T07:15;2024-05-14T07:30;30;kWh;0;51019;0;0;51019;51019
2024-05-14T07:30;2024-05-14T07:45;31;kWh;0;3156;0;0;3156;3156
2024-05-14T07:45;2024-05-14T08:00;32;kWh;0;0;0;0;0;0
2024-05-14T08:00;2024-05-14T08:15;33;kWh;0;71322;0;0;71322;71322
2024-05-14T08:15;2024-05-14T08:30;34;kWh;0;77225;0;0;77225;77225
2024-05-14T08:30;2024-05-14T08:45;35;kWh;0;12425;0;0;12425;12425
2024-05-14T08:45;2024-05-14T09:00;36;kWh;0;7666;0;0;7666;7666
2024-05-14T09:00;2024-05-14T09:15;37;kWh;0;45904;0;0;45904;45904
2024-05-14T09:15;2024-05-14T09:30;38;kWh;0;20489;0;0;20489;20489
2024-05-14T09:30;2024-05-14T09:45;39;kWh;-8134;0;0;0;8134;-8134
2024-05-14T09:45;2024-05-14T10:00;40;kWh;-13038;0;0;0;13038;-13038
2024-05-14T10:00;2024-05-14T10:15;41;kWh;0;19068;0;0;19068;19068
2024-05-14T10:15;2024-05-14T10:30;42;kWh;0;1672;0;0;1672;1672
2024-05-14T10:30;2024-05-14T10:45;43;kWh;-8888;0;0;0;8888;-8888
2024-05-14T10:45;2024-05-14T11:00;44;kWh;-29821;0;0;0;29821;-29821
2024-05-14T11:00;2024-05-14T11:15;45;kWh;-19087;0;0;0;19087;-19087
2024-05-14T11:15;2024-05-14T11:30;46;kWh;-14158;0;0;0;14158;-14158
2024-05-14T11:30;2024-05-14T11:45;47;kWh;-28784;0;0;0;28784;-28784
2024-05-14T11:45;2024-05-14T12:00;48;kWh;-38101;0;0;0;38101;-38101
2024-05-14T12:00;2024-05-14T12:15;49;kWh;-30363;1412;0;0;31775;-28951
2024-05-14T12:15;2024-05-14T12:30;50;kWh;-21088;372;0;0;21460;-20716
2024-05-14T12:30;2024-05-14T12:45;51;kWh;-31364;0;0;0;31364;-31364
2024-05-14T12:45;2024-05-14T13:00;52;kWh;-40080;0;0;0;40080;-40080
2024-05-14T13:00;2024-05-14T13:15;53;kWh;-47983;0;0;0;47983;-47983
2024-05-14T13:15;2024-05-14T13:30;54;kWh;-36118;0;0;0;36118;-36118
2024-05-14T13:30;2024-05-14T13:45;55;kWh;-23264;0;0;0;23264;-23264
2024-05-14T13:45;2024-05-14T14:00;56;kWh;-21229;0;0;0;21229;-21229
2024-05-14T14:00;2024-05-14T14:15;57;kWh;-8314;0;0;0;8314;-8314
2024-05-14T14:15;2024-05-14T14:30;58;kWh;-11934;99;0;0;12033;-11835
2024-05-14T14:30;2024-05-14T14:45;59;kWh;0;10797;0;0;10797;10797
2024-05-14T14:45;2024-05-14T15:00;60;kWh;0;3637;0;0;3637;3637
2024-05-14T15:00;2024-05-14T15:15;61;kWh;-8031;501;0;0;8532;-7530
2024-05-14T15:15;2024-05-14T15:30;62;kWh;-181;1585;0;0;1766;1404
2024-05-14T15:30;2024-05-14T15:45;63;kWh;0;9985;0;0;9985;9985
2024-05-14T15:45;2024-05-14T16:00;64;kWh;0;70681;0;0;70681;70681
2024-05-14T16:00;2024-05-14T16:15;65;kWh;-20849;2765;0;0;23614;-18084
2024-05-14T16:15;2024-05-14T16:30;66;kWh;-524;106;0;0;630;-418
2024-05-14T16:30;2024-05-14T16:45;67;kWh;-10988;2107;0;0;13095;-8881
2024-05-14T16:45;2024-05-14T17:00;68;kWh;-58;28764;0;0;28822;28706
2024-05-14T17:00;2024-05-14T17:15;69;kWh;-50242;320;0;0;50562;-49922
2024-05-14T17:15;2024-05-14T17:30;70;kWh;-21025;172;0;0;21197;-20853
2024-05-14T17:30;2024-05-14T17:45;71;kWh;-17447;5030;0;0;22477;-12417
2024-05-14T17:45;2024-05-14T18:00;72;kWh;0;3120;0;0;3120;3120
2024-05-14T18:00;2024-05-14T18:15;73;kWh;-38890;0;0;0;38890;-38890
2024-05-14T18:15;2024-05-14T18:30;74;kWh;-20136;0;0;0;20136;-20136
2024-05-14T18:30;2024-05-14T18:45;75;kWh;-12638;0;0;0;12638;-12638
2024-05-14T18:45;2024-05-14T19:00;76;kWh;-14697;0;0;0;14697;-14697
2024-05-14T19:00;2024-05-14T19:15;77;kWh;-23595;0;0;0;23595;-23595
2024-05-14T19:15;2024-05-14T19:30;78;kWh;-28874;0;0;0;28874;-28874
2024-05-14T19:30;2024-05-14T19:45;79;kWh;-10028;0;0;0;10028;-10028
2024-05-14T19:45;2024-05-14T20:00;80;kWh;-56;1562;0;0;1618;1506
2024-05-14T20:00;2024-05-14T20:15;81;kWh;0;36496;0;0;36496;36496
2024-05-14T20:15;2024-05-14T20:30;82;kWh;0;629;0;0;629;629
2024-05-14T20:30;2024-05-14T20:45;83;kWh;0;0;0;0;0;0
2024-05-14T20:45;2024-05-14T21:00;84;kWh;-8610;0;0;0;8610;-8610
2024-05-14T21:00;2024-05-14T21:15;85;kWh;-12729;3836;0;0;16565;-8893
2024-05-14T21:15;2024-05-14T21:30;86;kWh;0;308;0;0;308;308
2024-05-14T21:30;2024-05-14T21:45;87;kWh;0;145;0;0;145;145
2024-05-14T21:45;2024-05-14T22:00;88;kWh;0;377;0;0;377;377
2024-05-14T22:00;2024-05-14T22:15;89;kWh;0;25229;0;0;25229;25229
2024-05-14T22:15;2024-05-14T22:30;90;kWh;0;8568;0;0;8568;8568
2024-05-14T22:30;2024-05-14T22:45;91;kWh;-108;124;0;0;232;16
2024-05-14T22:45;2024-05-14T23:00;92;kWh;-1067;0;0;0;1067;-1067
2024-05-14T23:00;2024-05-14T23:15;93;kWh;0;32376;0;0;32376;32376
2024-05-14T23:15;2024-05-14T23:30;94;kWh;0;26004;0;0;26004;26004
2024-05-14T23:30;2024-05-14T23:45;95;kWh;0;22725;0;0;22725;22725
2024-05-14T23:45;2024-05-15T00:00;96;kWh;0;12155;0;0;12155;12155
2024-05-15T00:00;2024-05-15T00:15;1;kWh;0;21416;0;0;21416;21416
2024-05-15T00:15;2024-05-15T00:30;2;kWh;0;5357;0;0;5357;5357
2024-05-15T00:30;2024-05-15T00:45;3;kWh;0;5285;0;0;5285;5285
2024-05-15T00:45;2024-05-15T01:00;4;kWh;-41;0;0;0;41;-41
2024-05-15T01:00;2024-05-15T01:15;5;kWh;-2174;0;0;0;2174;-2174
2024-05-15T01:15;2024-05-15T01:30;6;kWh;-2038;0;0;0;2038;-2038
2024-05-15T01:30;2024-05-15T01:45;7;kWh;-9887;0;0;0;9887;-9887
2024-05-15T01:45;2024-05-15T02:00;8;kWh;-16169;0;0;0;16169;-16169
2024-05-15T02:00;2024-05-15T02:15;9;kWh;-3880;24405;0;0;28285;20525
2024-05-15T02:15;2024-05-15T02:30;10;kWh;0;39644;0;0;39644;39644
2024-05-15T02:30;2024-05-15T02:45;11;kWh;0;45749;0;0;45749;45749
2024-05-15T02:45;2024-05-15T03:00;12;kWh;0;36668;0;0;36668;36668
2024-05-15T03:00;2024-05-15T03:15;13;kWh;0;76603;0;0;76603;76603
2024-05-15T03:15;2024-05-15T03:30;14;kWh;0;66981;0;0;66981;66981
2024-05-15T03:30;2024-05-15T03:45;15;kWh;0;52836;0;0;52836;52836
2024-05-15T03:45;2024-05-15T04:00;16;kWh;0;57774;0;0;57774;57774
2024-05-15T04:00;2024-05-15T04:15;17;kWh;0;19766;0;0;19766;19766
2024-05-15T04:15;2024-05-15T04:30;18;kWh;0;24271;0;0;24271;24271
2024-05-15T04:30;2024-05-15T04:45;19;kWh;0;50714;0;0;50714;50714
2024-05-15T04:45;2024-05-15T05:00;20;kWh;0;37739;0;0;37739;37739
2024-05-15T05:00;2024-05-15T05:15;21;kWh;-3997;1700;0;0;5697;-2297
2024-05-15T05:15;2024-05-15T05:30;22;kWh;-3012;0;0;0;3012;-3012
2024-05-15T05:30;2024-05-15T05:45;23;kWh;-3641;0;0;0;3641;-3641
2024-05-15T05:45;2024-05-15T06:00;24;kWh;-1419;0;0;0;1419;-1419
2024-05-15T06:00;2024-05-15T06:15;25;kWh;-18618;0;0;0;18618;-18618
2024-05-15T06:15;2024-05-15T06:30;26;kWh;-89;0;0;0;89;-89
2024-05-15T06:30;2024-05-15T06:45;27;kWh;0;0;0;0;0;0
2024-05-15T06:45;2024-05-15T07:00;28;kWh;0;0;0;0;0;0
2024-05-15T07:00;2024-05-15T07:15;29;kWh;0;0;0;0;0;0
2024-05-15T07:15;2024-05-15T07:30;30;kWh;0;7421;0;0;7421;7421
2024-05-15T07:30;2024-05-15T07:45;31;kWh;0;17478;0;0;17478;17478
2024-05-15T07:45;2024-05-15T08:00;32;kWh;0;4947;0;0;4947;4947
2024-05-15T08:00;2024-05-15T08:15;33;kWh;-2009;2368;0;0;4377;359
2024-05-15T08:15;2024-05-15T08:30;34;kWh;-8381;0;0;0;8381;-8381
2024-05-15T08:30;2024-05-15T08:45;35;kWh;-16356;0;0;0;16356;-16356
2024-05-15T08:45;2024-05-15T09:00;36;kWh;-11022;0;0;0;11022;-11022
2024-05-15T09:00;2024-05-15T09:15;37;kWh;-4275;0;0;0;4275;-4275
2024-05-15T09:15;2024-05-15T09:30;38;kWh;-4955;0;0;0;4955;-4955
2024-05-15T09:30;2024-05-15T09:45;39;kWh;-18221;0;0;0;18221;-18221
2024-05-15T09:45;2024-05-15T10:00;40;kWh;-11398;0;0;0;11398;-11398
2024-05-15T10:00;2024-05-15T10:15;41;kWh;-393;22008;0;0;22401;21615
2024-05-15T10:15;2024-05-15T10:30;42;kWh;-243;436;0;0;679;193
2024-05-15T10:30;2024-05-15T10:45;43;kWh;-2339;0;0;0;2339;-2339
2024-05-15T10:45;2024-05-15T11:00;44;kWh;-3358;0;0;0;3358;-3358
2024-05-15T11:00;2024-05-15T11:15;45;kWh;-50;4624;0;0;4674;4574
2024-05-15T11:15;2024-05-15T11:30;46;kWh;0;15526;0;0;15526;15526
2024-05-15T11:30;2024-05-15T11:45;47;kWh;0;8327;0;0;8327;8327
2024-05-15T11:45;2024-05-15T12:00;48;kWh;0;12161;0;0;12161;12161
2024-05-15T12:00;2024-05-15T12:15;49;kWh;0;34209;0;0;34209;34209
2024-05-15T12:15;2024-05-15T12:30;50;kWh;0;4950;0;0;4950;4950
2024-05-15T12:30;2024-05-15T12:45;51;kWh;0;3602;0;0;3602;3602
2024-05-15T12:45;2024-05-15T13:00;52;kWh;-376;8054;0;0;8430;7678
2024-05-15T13:00;2024-05-15T13:15;53;kWh;-9919;0;0;0;9919;-9919
2024-05-15T13:15;2024-05-15T13:30;54;kWh;-5539;0;0;0;5539;-5539
2024-05-15T13:30;2024-05-15T13:45;55;kWh;-9189;0;0;0;9189;-9189
2024-05-15T13:45;2024-05-15T14:00;56;kWh;-9564;44;0;0;9608;-9520
2024-05-15T14:00;2024-05-15T14:15;57;kWh;-1146;0;0;0;1146;-1146
2024-05-15T14:15;2024-05-15T14:30;58;kWh;-92;0;0;0;92;-92
2024-05-15T14:30;2024-05-15T14:45;59;kWh;0;13153;0;0;13153;13153
2024-05-15T14:45;2024-05-15T15:00;60;kWh;0;55430;0;0;55430;55430
2024-05-15T15:00;2024-05-15T15:15;61;kWh;0;79333;0;0;79333;79333
2024-05-15T15:15;2024-05-15T15:30;62;kWh;0;55323;0;0;55323;55323
2024-05-15T15:30;2024-05-15T15:45;63;kWh;0;98725;0;0;98725;98725
2024-05-15T15:45;2024-05-15T16:00;64;kWh;0;112442;0;0;112442;112442
2024-05-15T16:00;2024-05-15T16:15;65;kWh;-5599;6656;0;0;12255;1057
2024-05-15T16:15;2024-05-15T16:30;66;kWh;0;27201;0;0;27201;27201
2024-05-15T16:30;2024-05-15T16:45;67;kWh;0;106617;0;0;106617;106617
2024-05-15T16:45;2024-05-15T17:00;68;kWh;0;114448;0;0;114448;114448
2024-05-15T17:00;2024-05-15T17:15;69;kWh;0;48219;0;0;48219;48219
2024-05-15T17:15;2024-05-15T17:30;70;kWh;0;34546;0;0;34546;34546
2024-05-15T17:30;2024-05-15T17:45;71;kWh;0;67228;0;0;67228;67228
2024-05-15T17:45;2024-05-15T18:00;72;kWh;0;89566;0;0;89566;89566
2024-05-15T18:00;2024-05-15T18:15;73;kWh;-12924;5460;0;0;18384;-7464
2024-05-15T18:15;2024-05-15T18:30;74;kWh;-28003;0;0;0;28003;-28003
2024-05-15T18:30;2024-05-15T18:45;75;kWh;-22551;601;0;0;23152;-21950
2024-05-15T18:45;2024-05-15T19:00;76;kWh;0;178;0;0;178;178
2024-05-15T19:00;2024-05-15T19:15;77;kWh;0;18330;0;0;18330;18330
2024-05-15T19:15;2024-05-15T19:30;78;kWh;0;45145;0;0;45145;45145
2024-05-15T19:30;2024-05-15T19:45;79;kWh;0;44723;0;0;44723;44723
2024-05-15T19:45;2024-05-15T20:00;80;kWh;0;41341;0;0;41341;41341
2024-05-15T20:00;2024-05-15T20:15;81;kWh;0;60931;0;0;60931;60931
2024-05-15T20:15;2024-05-15T20:30;82;kWh;0;78330;0;0;78330;78330
2024-05-15T20:30;2024-05-15T20:45;83;kWh;0;67981;0;0;67981;67981
2024-05-15T20:45;2024-05-15T21:00;84;kWh;0;51960;0;0;51960;51960
2024-05-15T21:00;2024-05-15T21:15;85;kWh;-916;1402;0;0;2318;486
2024-05-15T21:15;2024-05-15T21:30;86;kWh;-58;0;0;0;58;-58
2024-05-15T21:30;2024-05-15T21:45;87;kWh;-2333;0;0;0;2333;-2333
2024-05-15T21:45;2024-05-15T22:00;88;kWh;-43211;0;0;0;43211;-43211
2024-05-15T22:00;2024-05-15T22:15;89;kWh;-20204;0;0;0;20204;-20204
2024-05-15T22:15;2024-05-15T22:30;90;kWh;-21508;0;0;0;21508;-21508
2024-05-15T22:30;2024-05-15T22:45;91;kWh;-10828;0;0;0;10828;-10828
2024-05-15T22:45;2024-05-15T23:00;92;kWh;-37764;0;0;0;37764;-37764
2024-05-15T23:00;2024-05-15T23:15;93;kWh;-24083;0;0;0;24083;-24083
2024-05-15T23:15;2024-05-15T23:30;94;kWh;-52792;0;0;0;52792;-52792
2024-05-15T23:30;2024-05-15T23:45;95;kWh;-33527;0;0;0;33527;-33527
2024-05-15T23:45;2024-05-16T00:00;96;kWh;-32398;0;0;0;32398;-32398
2024-05-16T00:00;2024-05-16T00:15;1;kWh;-33267;0;0;0;33267;-33267
2024-05-16T00:15;2024-05-16T00:30;2;kWh;-6803;0;0;0;6803;-6803
2024-05-16T00:30;2024-05-16T00:45;3;kWh;-15224;0;0;0;15224;-15224
2024-05-16T00:45;2024-05-16T01:00;4;kWh;0;1534;0;0;1534;1534
2024-05-16T01:00;2024-05-16T01:15;5;kWh;0;35493;0;0;35493;35493
2024-05-16T01:15;2024-05-16T01:30;6;kWh;0;21834;0;0;21834;21834
2024-05-16T01:30;2024-05-16T01:45;7;kWh;0;11481;0;0;11481;11481
2024-05-16T01:45;2024-05-16T02:00;8;kWh;-1153;1009;0;0;2162;-144
2024-05-16T02:00;2024-05-16T02:15;9;kWh;-4418;0;0;0;4418;-4418
2024-05-16T02:15;2024-05-16T02:30;10;kWh;-20052;0;0;0;20052;-20052
2024-05-16T02:30;2024-05-16T02:45;11;kWh;-31203;0;0;0;31203;-31203
2024-05-16T02:45;2024-05-16T03:00;12;kWh;-9349;0;0;0;9349;-9349
2024-05-16T03:00;2024-05-16T03:15;13;kWh;-34841;0;0;0;34841;-34841
2024-05-16T03:15;2024-05-16T03:30;14;kWh;-22475;0;0;0;22475;-22475
2024-05-16T03:30;2024-05-16T03:45;15;kWh;-45747;0;0;0;45747;-45747
2024-05-16T03:45;2024-05-16T04:00;16;kWh;-75753;0;0;0;75753;-75753
2024-05-16T04:00;2024-05-16T04:15;17;kWh;-24772;0;0;0;24772;-24772
2024-05-16T04:15;2024-05-16T04:30;18;kWh;-42533;0;0;0;42533;-42533
2024-05-16T04:30;2024-05-16T04:45;19;kWh;-47915;0;0;0;47915;-47915
2024-05-16T04:45;2024-05-16T05:00;20;kWh;-49743;0;0;0;49743;-49743
2024-05-16T05:00;2024-05-16T05:15;21;kWh;-25804;0;0;0;25804;-25804
2024-05-16T05:15;2024-05-16T05:30;22;kWh;-20454;0;0;0;20454;-20454
2024-05-16T05:30;2024-05-16T05:45;23;kWh;-26616;0;0;0;26616;-26616
2024-05-16T05:45;2024-05-16T06:00;24;kWh;-14973;0;0;0;14973;-14973
2024-05-16T06:00;2024-05-16T06:15;25;kWh;-13564;0;0;0;13564;-13564
2024-05-16T06:15;2024-05-16T06:30;26;kWh;0;5426;0;0;5426;5426
2024-05-16T06:30;2024-05-16T06:45;27;kWh;0;10173;0;0;10173;10173
2024-05-16T06:45;2024-05-16T07:00;28;kWh;0;975;0;0;975;975
2024-05-16T07:00;2024-05-16T07:15;29;kWh;0;708;0;0;708;708
2024-05-16T07:15;2024-05-16T07:30;30;kWh;0;1013;0;0;1013;1013
2024-05-16T07:30;2024-05-16T07:45;31;kWh;0;10025;0;0;10025;10025
2024-05-16T07:45;2024-05-16T08:00;32;kWh;0;5984;0;0;5984;5984
2024-05-16T08:00;2024-05-16T08:15;33;kWh;0;4085;0;0;4085;4085
2024-05-16T08:15;2024-05-16T08:30;34;kWh;-8140;90;0;0;8230;-8050
2024-05-16T08:30;2024-05-16T08:45;35;kWh;-16547;0;0;0;16547;-16547
2024-05-16T08:45;2024-05-16T09:00;36;kWh;-37509;0;0;0;37509;-37509
2024-05-16T09:00;2024-05-16T09:15;37;kWh;-14333;1839;0;0;16172;-12494
2024-05-16T09:15;2024-05-16T09:30;38;kWh;-23514;0;0;0;23514;-23514
2024-05-16T09:30;2024-05-16T09:45;39;kWh;-28062;0;0;0;28062;-28062
2024-05-16T09:45;2024-05-16T10:00;40;kWh;-34028;689;0;0;34717;-33339
2024-05-16T10:00;2024-05-16T10:15;41;kWh;-120;28033;0;0;28153;27913
2024-05-16T10:15;2024-05-16T10:30;42;kWh;-5724;0;0;0;5724;-5724
2024-05-16T10:30;2024-05-16T10:45;43;kWh;-20189;0;0;0;20189;-20189
2024-05-16T10:45;2024-05-16T11:00;44;kWh;-20884;0;0;0;20884;-20884
2024-05-16T11:00;2024-05-16T11:15;45;kWh;-22149;430;0;0;22579;-21719
2024-05-16T11:15;2024-05-16T11:30;46;kWh;-41517;984;0;0;42501;-40533
2024-05-16T11:30;2024-05-16T11:45;47;kWh;-37398;0;0;0;37398;-37398
2024-05-16T11:45;2024-05-16T12:00;48;kWh;-42560;51;0;0;42611;-42509
2024-05-16T12:00;2024-05-16T12:15;49;kWh;-45928;0;0;0;45928;-45928
2024-05-16T12:15;2024-05-16T12:30;50;kWh;-108993;0;0;0;108993;-108993
2024-05-16T12:30;2024-05-16T12:45;51;kWh;-111796;0;-44970;0;156766;-156766
2024-05-16T12:45;2024-05-16T13:00;52;kWh;-113249;0;-67455;0;180704;-180704
2024-05-16T13:00;2024-05-16T13:15;53;kWh;-45800;0;-67455;0;113255;-113255
2024-05-16T13:15;2024-05-16T13:30;54;kWh;-105953;0;-67455;0;173408;-173408
2024-05-16T13:30;2024-05-16T13:45;55;kWh;-85958;0;-62940;0;148898;-148898
2024-05-16T13:45;2024-05-16T14:00;56;kWh;-113520;0;-70533;0;184053;-184053
2024-05-16T14:00;2024-05-16T14:15;57;kWh;-67355;0;-103807;0;171162;-171162
2024-05-16T14:15;2024-05-16T14:30;58;kWh;-61364;0;-103821;0;165185;-165185
2024-05-16T14:30;2024-05-16T14:45;59;kWh;-48464;0;-103821;0;152285;-152285
2024-05-16T14:45;2024-05-16T15:00;60;kWh;-18704;0;-103821;0;122525;-122525
2024-05-16T15:00;2024-05-16T15:15;61;kWh;-30831;0;-103821;0;134652;-134652
2024-05-16T15:15;2024-05-16T15:30;62;kWh;-24961;12;0;0;24973;-24949
2024-05-16T15:30;2024-05-16T15:45;63;kWh;-27323;81;0;0;27404;-27242
2024-05-16T15:45;2024-05-16T16:00;64;kWh;-300;758;0;0;1058;458
2024-05-16T16:00;2024-05-16T16:15;65;kWh;0;13855;0;0;13855;13855
2024-05-16T16:15;2024-05-16T16:30;66;kWh;0;58109;0;0;58109;58109
2024-05-16T16:30;2024-05-16T16:45;67;kWh;-19;24901;0;0;24920;24882
2024-05-16T16:45;2024-05-16T17:00;68;kWh;0;40326;0;0;40326;40326
2024-05-16T17:00;2024-05-16T17:15;69;kWh;0;50659;0;0;50659;50659
2024-05-16T17:15;2024-05-16T17:30;70;kWh;0;56495;0;0;56495;56495
2024-05-16T17:30;2024-05-16T17:45;71;kWh;0;23399;0;0;23399;23399
2024-05-16T17:45;2024-05-16T18:00;72;kWh;0;33223;0;0;33223;33223
2024-05-16T18:00;2024-05-16T18:15;73;kWh;0;34906;0;0;34906;34906
2024-05-16T18:15;2024-05-16T18:30;74;kWh;0;8877;0;0;8877;8877
2024-05-16T18:30;2024-05-16T18:45;75;kWh;0;314;0;0;314;314
2024-05-16T18:45;2024-05-16T19:00;76;kWh;0;16725;0;0;16725;16725
2024-05-16T19:00;2024-05-16T19:15;77;kWh;-24804;1759;0;0;26563;-23045
2024-05-16T19:15;2024-05-16T19:30;78;kWh;-3691;0;0;0;3691;-3691
2024-05-16T19:30;2024-05-16T19:45;79;kWh;0;4025;0;0;4025;4025
2024-05-16T19:45;2024-05-16T20:00;80;kWh;0;8419;0;0;8419;8419
2024-05-16T20:00;2024-05-16T20:15;81;kWh;0;12946;0;0;12946;12946
2024-05-16T20:15;2024-05-16T20:30;82;kWh;0;31926;0;0;31926;31926
2024-05-16T20:30;2024-05-16T20:45;83;kWh;0;71258;0;0;71258;71258
2024-05-16T20:45;2024-05-16T21:00;84;kWh;0;59084;0;0;59084;59084
2024-05-16T21:00;2024-05-16T21:15;85;kWh;0;26176;0;0;26176;26176
2024-05-16T21:15;2024-05-16T21:30;86;kWh;0;55565;0;0;55565;55565
2024-05-16T21:30;2024-05-16T21:45;87;kWh;0;32098;0;0;32098;32098
2024-05-16T21:45;2024-05-16T22:00;88;kWh;0;20876;0;0;20876;20876
2024-05-16T22:00;2024-05-16T22:15;89;kWh;0;39990;0;0;39990;39990
2024-05-16T22:15;2024-05-16T22:30;90;kWh;0;44646;0;0;44646;44646
2024-05-16T22:30;2024-05-16T22:45;91;kWh;0;24770;0;0;24770;24770
2024-05-16T22:45;2024-05-16T23:00;92;kWh;0;416;0;0;416;416
2024-05-16T23:00;2024-05-16T23:15;93;kWh;0;29439;0;0;29439;29439
2024-05-16T23:15;2024-05-16T23:30;94;kWh;0;24462;0;0;24462;24462
2024-05-16T23:30;2024-05-16T23:45;95;kWh;0;17924;0;0;17924;17924
2024-05-16T23:45;2024-05-17T00:00;96;kWh;0;23;0;0;23;23
2024-05-17T00:00;2024-05-17T00:15;1;kWh;0;64305;0;0;64305;64305
2024-05-17T00:15;2024-05-17T00:30;2;kWh;0;43102;0;0;43102;43102
2024-05-17T00:30;2024-05-17T00:45;3;kWh;0;18355;0;0;18355;18355
2024-05-17T00:45;2024-05-17T01:00;4;kWh;0;1995;0;0;1995;1995
2024-05-17T01:00;2024-05-17T01:15;5;kWh;0;18538;0;0;18538;18538
2024-05-17T01:15;2024-05-17T01:30;6;kWh;0;17388;0;0;17388;17388
2024-05-17T01:30;2024-05-17T01:45;7;kWh;0;4636;0;0;4636;4636
2024-05-17T01:45;2024-05-17T02:00;8;kWh;0;701;0;0;701;701
2024-05-17T02:00;2024-05-17T02:15;9;kWh;0;775;0;0;775;775
2024-05-17T02:15;2024-05-17T02:30;10;kWh;0;0;0;0;0;0
2024-05-17T02:30;2024-05-17T02:45;11;kWh;-412;0;0;0;412;-412
2024-05-17T02:45;2024-05-17T03:00;12;kWh;-4220;0;0;0;4220;-4220
2024-05-17T03:00;2024-05-17T03:15;13;kWh;-7984;0;0;0;7984;-7984
2024-05-17T03:15;2024-05-17T03:30;14;kWh;-37;0;0;0;37;-37
2024-05-17T03:30;2024-05-17T03:45;15;kWh;-2229;0;0;0;2229;-2229
2024-05-17T03:45;2024-05-17T04:00;16;kWh;-19675;0;0;0;19675;-19675
2024-05-17T04:00;2024-05-17T04:15;17;kWh;-19782;0;0;0;19782;-19782
2024-05-17T04:15;2024-05-17T04:30;18;kWh;-6601;0;0;0;6601;-6601
2024-05-17T04:30;2024-05-17T04:45;19;kWh;-1463;0;0;0;1463;-1463
2024-05-17T04:45;2024-05-17T05:00;20;kWh;-2641;0;0;0;2641;-2641
2024-05-17T05:00;2024-05-17T05:15;21;kWh;-11392;0;0;0;11392;-11392
2024-05-17T05:15;2024-05-17T05:30;22;kWh;-15604;0;0;0;15604;-15604
2024-05-17T05:30;2024-05-17T05:45;23;kWh;-1518;0;0;0;1518;-1518
2024-05-17T05:45;2024-05-17T06:00;24;kWh;-1041;0;0;0;1041;-1041
2024-05-17T06:00;2024-05-17T06:15;25;kWh;-14190;0;0;0;14190;-14190
2024-05-17T06:15;2024-05-17T06:30;26;kWh;-2982;0;0;0;2982;-2982
2024-05-17T06:30;2024-05-17T06:45;27;kWh;-9038;0;0;0;9038;-9038
2024-05-17T06:45;2024-05-17T07:00;28;kWh;-1000;0;0;0;1000;-1000
2024-05-17T07:00;2024-05-17T07:15;29;kWh;0;15548;0;0;15548;15548
2024-05-17T07:15;2024-05-17T07:30;30;kWh;0;28754;0;0;28754;28754
2024-05-17T07:30;2024-05-17T07:45;31;kWh;0;61751;0;0;61751;61751
2024-05-17T07:45;2024-05-17T08:00;32;kWh;0;38605;0;0;38605;38605
2024-05-17T08:00;2024-05-17T08:15;33;kWh;0;47580;0;0;47580;47580
2024-05-17T08:15;2024-05-17T08:30;34;kWh;0;37111;0;0;37111;37111
2024-05-17T08:30;2024-05-17T08:45;35;kWh;0;63567;0;0;63567;63567
2024-05-17T08:45;2024-05-17T09:00;36;kWh;0;63207;0;0;63207;63207
2024-05-17T09:00;2024-05-17T09:15;37;kWh;0;8029;0;0;8029;8029
2024-05-17T09:15;2024-05-17T09:30;38;kWh;0;32478;0;0;32478;32478
2024-05-17T09:30;2024-05-17T09:45;39;kWh;-6347;1350;0;0;7697;-4997
2024-05-17T09:45;2024-05-17T10:00;40;kWh;-45748;0;0;0;45748;-45748
2024-05-17T10:00;2024-05-17T10:15;41;kWh;-22656;0;0;0;22656;-22656
2024-05-17T10:15;2024-05-17T10:30;42;kWh;-17728;0;0;0;17728;-17728
2024-05-17T10:30;2024-05-17T10:45;43;kWh;-32428;0;0;0;32428;-32428
2024-05-17T10:45;2024-05-17T11:00;44;kWh;-38301;0;0;0;38301;-38301
2024-05-17T11:00;2024-05-17T11:15;45;kWh;-14663;0;0;0;14663;-14663
2024-05-17T11:15;2024-05-17T11:30;46;kWh;-7583;0;0;0;7583;-7583
2024-05-17T11:30;2024-05-17T11:45;47;kWh;-8551;0;0;0;8551;-8551
2024-05-17T11:45;2024-05-17T12:00;48;kWh;-14524;0;0;0;14524;-14524
2024-05-17T12:00;2024-05-17T12:15;49;kWh;-24557;0;0;0;24557;-24557
2024-05-17T12:15;2024-05-17T12:30;50;kWh;-25956;0;0;0;25956;-25956
2024-05-17T12:30;2024-05-17T12:45;51;kWh;-16927;3501;0;0;20428;-13426
2024-05-17T12:45;2024-05-17T13:00;52;kWh;-11975;2324;0;0;14299;-9651
2024-05-17T13:00;2024-05-17T13:15;53;kWh;-10983;382;0;0;11365;-10601
2024-05-17T13:15;2024-05-17T13:30;54;kWh;-13654;818;0;0;14472;-12836
2024-05-17T13:30;2024-05-17T13:45;55;kWh;-3;17746;0;0;17749;17743
2024-05-17T13:45;2024-05-17T14:00;56;kWh;0;47727;0;0;47727;47727
2024-05-17T14:00;2024-05-17T14:15;57;kWh;0;40308;0;0;40308;40308
2024-05-17T14:15;2024-05-17T14:30;58;kWh;0;70610;0;0;70610;70610
2024-05-17T14:30;2024-05-17T14:45;59;kWh;0;105181;0;0;105181;105181
2024-05-17T14:45;2024-05-17T15:00;60;kWh;0;12285;0;0;12285;12285
2024-05-17T15:00;2024-05-17T15:15;61;kWh;0;4271;0;0;4271;4271
2024-05-17T15:15;2024-05-17T15:30;62;kWh;0;4193;0;0;4193;4193
2024-05-17T15:30;2024-05-17T15:45;63;kWh;-282;11;0;0;293;-271
2024-05-17T15:45;2024-05-17T16:00;64;kWh;-21061;0;0;0;21061;-21061
2024-05-17T16:00;2024-05-17T16:15;65;kWh;-8690;0;0;0;8690;-8690
2024-05-17T16:15;2024-05-17T16:30;66;kWh;-3164;0;0;0;3164;-3164
2024-05-17T16:30;2024-05-17T16:45;67;kWh;-446;0;0;0;446;-446
2024-05-17T16:45;2024-05-17T17:00;68;kWh;0;0;0;0;0;0
2024-05-17T17:00;2024-05-17T17:15;69;kWh;0;7500;0;0;7500;7500
2024-05-17T17:15;2024-05-17T17:30;70;kWh;0;20363;0;0;20363;20363
2024-05-17T17:30;2024-05-17T17:45;71;kWh;0;36372;0;0;36372;36372
2024-05-17T17:45;2024-05-17T18:00;72;kWh;0;24255;0;0;24255;24255
2024-05-17T18:00;2024-05-17T18:15;73;kWh;0;12614;0;0;12614;12614
2024-05-17T18:15;2024-05-17T18:30;74;kWh;0;12097;0;0;12097;12097
2024-05-17T18:30;2024-05-17T18:45;75;kWh;0;6514;0;0;6514;6514
2024-05-17T18:45;2024-05-17T19:00;76;kWh;0;2147;0;0;2147;2147
2024-05-17T19:00;2024-05-17T19:15;77;kWh;-4547;398;0;0;4945;-4149
2024-05-17T19:15;2024-05-17T19:30;78;kWh;-261;0;0;0;261;-261
2024-05-17T19:30;2024-05-17T19:45;79;kWh;0;46975;0;0;46975;46975
2024-05-17T19:45;2024-05-17T20:00;80;kWh;0;73435;0;0;73435;73435
2024-05-17T20:00;2024-05-17T20:15;81;kWh;0;25072;0;0;25072;25072
2024-05-17T20:15;2024-05-17T20:30;82;kWh;0;1934;0;0;1934;1934
2024-05-17T20:30;2024-05-17T20:45;83;kWh;0;682;0;0;682;682
2024-05-17T20:45;2024-05-17T21:00;84;kWh;-22302;0;0;0;22302;-22302
2024-05-17T21:00;2024-05-17T21:15;85;kWh;-25106;0;0;0;25106;-25106
2024-05-17T21:15;2024-05-17T21:30;86;kWh;-13755;0;0;0;13755;-13755
2024-05-17T21:30;2024-05-17T21:45;87;kWh;-45799;0;0;0;45799;-45799
2024-05-17T21:45;2024-05-17T22:00;88;kWh;-77060;0;0;0;77060;-77060
2024-05-17T22:00;2024-05-17T22:15;89;kWh;-10086;0;0;0;10086;-10086
2024-05-17T22:15;2024-05-17T22:30;90;kWh;-196;0;0;0;196;-196
2024-05-17T22:30;2024-05-17T22:45;91;kWh;-421;0;0;0;421;-421
2024-05-17T22:45;2024-05-17T23:00;92;kWh;0;11508;0;0;11508;11508
2024-05-17T23:00;2024-05-17T23:15;93;kWh;0;165;0;0;165;165
2024-05-17T23:15;2024-05-17T23:30;94;kWh;0;6416;0;0;6416;6416
2024-05-17T23:30;2024-05-17T23:45;95;kWh;0;31973;0;0;31973;31973
2024-05-17T23:45;2024-05-18T00:00;96;kWh;0;29101;0;0;29101;29101
2024-05-18T00:00;2024-05-18T00:15;1;kWh;0;36152;0;0;36152;36152
2024-05-18T00:15;2024-05-18T00:30;2;kWh;0;40699;0;0;40699;40699
2024-05-18T00:30;2024-05-18T00:45;3;kWh;0;9106;0;0;9106;9106
2024-05-18T00:45;2024-05-18T01:00;4;kWh;0;9487;0;0;9487;9487
2024-05-18T01:00;2024-05-18T01:15;5;kWh;0;190;0;0;190;190
2024-05-18T01:15;2024-05-18T01:30;6;kWh;0;0;0;0;0;0
2024-05-18T01:30;2024-05-18T01:45;7;kWh;0;0;0;0;0;0
2024-05-18T01:45;2024-05-18T02:00;8;kWh;0;0;0;0;0;0
2024-05-18T02:00;2024-05-18T02:15;9;kWh;0;0;0;0;0;0
2024-05-18T02:15;2024-05-18T02:30;10;kWh;0;0;0;0;0;0
2024-05-18T02:30;2024-05-18T02:45;11;kWh;-5032;0;0;0;5032;-5032
2024-05-18T02:45;2024-05-18T03:00;12;kWh;-2371;0;0;0;2371;-2371
2024-05-18T03:00;2024-05-18T03:15;13;kWh;-1491;0;0;0;1491;-1491
2024-05-18T03:15;2024-05-18T03:30;14;kWh;0;0;0;0;0;0
2024-05-18T03:30;2024-05-18T03:45;15;kWh;0;0;0;0;0;0
2024-05-18T03:45;2024-05-18T04:00;16;kWh;0;0;0;0;0;0
2024-05-18T04:00;2024-05-18T04:15;17;kWh;0;14941;0;0;14941;14941
2024-05-18T04:15;2024-05-18T04:30;18;kWh;0;33359;0;0;33359;33359
2024-05-18T04:30;2024-05-18T04:45;19;kWh;0;22663;0;0;22663;22663
2024-05-18T04:45;2024-05-18T05:00;20;kWh;0;42726;0;0;42726;42726
2024-05-18T05:00;2024-05-18T05:15;21;kWh;0;42398;0;0;42398;42398
2024-05-18T05:15;2024-05-18T05:30;22;kWh;0;21028;0;0;21028;21028
2024-05-18T05:30;2024-05-18T05:45;23;kWh;-1696;1506;0;0;3202;-190
2024-05-18T05:45;2024-05-18T06:00;24;kWh;-9586;0;0;0;9586;-9586
2024-05-18T06:00;2024-05-18T06:15;25;kWh;-19635;0;0;0;19635;-19635
2024-05-18T06:15;2024-05-18T06:30;26;kWh;0;0;0;0;0;0
2024-05-18T06:30;2024-05-18T06:45;27;kWh;-2891;0;0;0;2891;-2891
2024-05-18T06:45;2024-05-18T07:00;28;kWh;-2340;0;0;0;2340;-2340
2024-05-18T07:00;2024-05-18T07:15;29;kWh;-453;0;0;0;453;-453
2024-05-18T07:15;2024-05-18T07:30;30;kWh;-656;0;0;0;656;-656
2024-05-18T07:30;2024-05-18T07:45;31;kWh;-4730;0;0;0;4730;-4730
2024-05-18T07:45;2024-05-18T08:00;32;kWh;-14576;0;0;0;14576;-14576
2024-05-18T08:00;2024-05-18T08:15;33;kWh;-3477;64956;0;0;68433;61479
2024-05-18T08:15;2024-05-18T08:30;34;kWh;0;59414;0;0;59414;59414
2024-05-18T08:30;2024-05-18T08:45;35;kWh;-6258;278;0;0;6536;-5980
2024-05-18T08:45;2024-05-18T09:00;36;kWh;-20270;0;0;0;20270;-20270
2024-05-18T09:00;2024-05-18T09:15;37;kWh;-2992;39723;0;0;42715;36731
2024-05-18T09:15;2024-05-18T09:30;38;kWh;-17;20877;0;0;20894;20860
2024-05-18T09:30;2024-05-18T09:45;39;kWh;-10599;2;0;0;10601;-10597
2024-05-18T09:45;2024-05-18T10:00;40;kWh;-34856;0;0;0;34856;-34856
2024-05-18T10:00;2024-05-18T10:15;41;kWh;-8371;0;0;0;8371;-8371
2024-05-18T10:15;2024-05-18T10:30;42;kWh;-27;2554;0;0;2581;2527
2024-05-18T10:30;2024-05-18T10:45;43;kWh;-14096;0;0;0;14096;-14096
2024-05-18T10:45;2024-05-18T11:00;44;kWh;-68047;0;0;0;68047;-68047
2024-05-18T11:00;2024-05-18T11:15;45;kWh;-40500;0;0;0;40500;-40500
2024-05-18T11:15;2024-05-18T11:30;46;kWh;-213;0;0;0;213;-213
2024-05-18T11:30;2024-05-18T11:45;47;kWh;-782;0;0;0;782;-782
2024-05-18T11:45;2024-05-18T12:00;48;kWh;-3005;0;0;0;3005;-3005
2024-05-18T12:00;2024-05-18T12:15;49;kWh;-73;230;0;0;303;157
2024-05-18T12:15;2024-05-18T12:30;50;kWh;0;6422;0;0;6422;6422
2024-05-18T12:30;2024-05-18T12:45;51;kWh;0;1398;0;0;1398;1398
2024-05-18T12:45;2024-05-18T13:00;52;kWh;0;0;0;0;0;0
2024-05-18T13:00;2024-05-18T13:15;53;kWh;0;0;0;0;0;0
2024-05-18T13:15;2024-05-18T13:30;54;kWh;-1221;0;0;0;1221;-1221
2024-05-18T13:30;2024-05-18T13:45;55;kWh;-3636;0;0;0;3636;-3636
2024-05-18T13:45;2024-05-18T14:00;56;kWh;-11639;0;0;0;11639;-11639
2024-05-18T14:00;2024-05-18T14:15;57;kWh;-9278;0;0;0;9278;-9278
2024-05-18T14:15;2024-05-18T14:30;58;kWh;0;2281;0;0;2281;2281
2024-05-18T14:30;2024-05-18T14:45;59;kWh;0;28568;0;0;28568;28568
2024-05-18T14:45;2024-05-18T15:00;60;kWh;0;86950;0;0;86950;86950
2024-05-18T15:00;2024-05-18T15:15;61;kWh;0;51335;0;0;51335;51335
2024-05-18T15:15;2024-05-18T15:30;62;kWh;0;20485;0;0;20485;20485
2024-05-18T15:30;2024-05-18T15:45;63;kWh;0;65165;0;0;65165;65165
2024-05-18T15:45;2024-05-18T16:00;64;kWh;-839;15060;0;0;15899;14221
2024-05-18T16:00;2024-05-18T16:15;65;kWh;-46769;0;0;0;46769;-46769
2024-05-18T16:15;2024-05-18T16:30;66;kWh;-280;40;0;0;320;-240
2024-05-18T16:30;2024-05-18T16:45;67;kWh;-18;20;0;0;38;2
2024-05-18T16:45;2024-05-18T17:00;68;kWh;0;3148;0;0;3148;3148
2024-05-18T17:00;2024-05-18T17:15;69;kWh;-11369;6;0;0;11375;-11363
2024-05-18T17:15;2024-05-18T17:30;70;kWh;-2000;0;0;0;2000;-2000
2024-05-18T17:30;2024-05-18T17:45;71;kWh;-565;0;0;0;565;-565
2024-05-18T17:45;2024-05-18T18:00;72;kWh;-473;0;0;0;473;-473
2024-05-18T18:00;2024-05-18T18:15;73;kWh;-40690;0;0;0;40690;-40690
2024-05-18T18:15;2024-05-18T18:30;74;kWh;-40637;0;0;0;40637;-40637
2024-05-18T18:30;2024-05-18T18:45;75;kWh;-13084;0;0;0;13084;-13084
2024-05-18T18:45;2024-05-18T19:00;76;kWh;-12240;0;0;0;12240;-12240
2024-05-18T19:00;2024-05-18T19:15;77;kWh;-6619;0;0;0;6619;-6619
2024-05-18T19:15;2024-05-18T19:30;78;kWh;-559;0;0;0;559;-559
2024-05-18T19:30;2024-05-18T19:45;79;kWh;0;26549;0;0;26549;26549
2024-05-18T19:45;2024-05-18T20:00;80;kWh;0;46028;0;0;46028;46028
2024-05-18T20:00;2024-05-18T20:15;81;kWh;-8092;5493;0;0;13585;-2599
2024-05-18T20:15;2024-05-18T20:30;82;kWh;-973;0;0;0;973;-973
2024-05-18T20:30;2024-05-18T20:45;83;kWh;0;27089;0;0;27089;27089
2024-05-18T20:45;2024-05-18T21:00;84;kWh;0;34610;0;0;34610;34610
2024-05-18T21:00;2024-05-18T21:15;85;kWh;-23056;235;0;0;23291;-22821
2024-05-18T21:15;2024-05-18T21:30;86;kWh;-2770;0;0;0;2770;-2770
2024-05-18T21:30;2024-05-18T21:45;87;kWh;-1127;0;0;0;1127;-1127
2024-05-18T21:45;2024-05-18T22:00;88;kWh;-11636;0;0;0;11636;-11636
2024-05-18T22:00;2024-05-18T22:15;89;kWh;-1156;44;0;0;1200;-1112
2024-05-18T22:15;2024-05-18T22:30;90;kWh;-1182;21;0;0;1203;-1161
2024-05-18T22:30;2024-05-18T22:45;91;kWh;0;8074;0;0;8074;8074
2024-05-18T22:45;2024-05-18T23:00;92;kWh;0;5234;0;0;5234;5234
2024-05-18T23:00;2024-05-18T23:15;93;kWh;0;1560;0;0;1560;1560
2024-05-18T23:15;2024-05-18T23:30;94;kWh;0;455;0;0;455;455
2024-05-18T23:30;2024-05-18T23:45;95;kWh;0;2375;0;0;2375;2375
2024-05-18T23:45;2024-05-19T00:00;96;kWh;0;4890;0;0;4890;4890
2024-05-19T00:00;2024-05-19T00:15;1;kWh;0;27649;0;0;27649;27649
2024-05-19T00:15;2024-05-19T00:30;2;kWh;0;49080;0;0;49080;49080
2024-05-19T00:30;2024-05-19T00:45;3;kWh;0;22721;0;0;22721;22721
2024-05-19T00:45;2024-05-19T01:00;4;kWh;0;20109;0;0;20109;20109
2024-05-19T01:00;2024-05-19T01:15;5;kWh;0;26317;0;0;26317;26317
2024-05-19T01:15;2024-05-19T01:30;6;kWh;0;10340;0;0;10340;10340
2024-05-19T01:30;2024-05-19T01:45;7;kWh;0;4420;0;0;4420;4420
2024-05-19T01:45;2024-05-19T02:00;8;kWh;0;218;0;0;218;218
2024-05-19T02:00;2024-05-19T02:15;9;kWh;0;27208;0;0;27208;27208
2024-05-19T02:15;2024-05-19T02:30;10;kWh;0;41805;0;0;41805;41805
2024-05-19T02:30;2024-05-19T02:45;11;kWh;0;39488;0;0;39488;39488
2024-05-19T02:45;2024-05-19T03:00;12;kWh;0;33039;0;0;33039;33039
2024-05-19T03:00;2024-05-19T03:15;13;kWh;0;26380;0;0;26380;26380
2024-05-19T03:15;2024-05-19T03:30;14;kWh;0;10624;0;0;10624;10624
2024-05-19T03:30;2024-05-19T03:45;15;kWh;0;8247;0;0;8247;8247
2024-05-19T03:45;2024-05-19T04:00;16;kWh;0;22706;0;0;22706;22706
2024-05-19T04:00;2024-05-19T04:15;17;kWh;0;18652;0;0;18652;18652
2024-05-19T04:15;2024-05-19T04:30;18;kWh;0;26998;0;0;26998;26998
2024-05-19T04:30;2024-05-19T04:45;19;kWh;0;20709;0;0;20709;20709
2024-05-19T04:45;2024-05-19T05:00;20;kWh;-1;21949;0;0;21950;21948
2024-05-19T05:00;2024-05-19T05:15;21;kWh;-17095;467;0;0;17562;-16628
2024-05-19T05:15;2024-05-19T05:30;22;kWh;-655;0;0;0;655;-655
2024-05-19T05:30;2024-05-19T05:45;23;kWh;-11335;0;0;0;11335;-11335
2024-05-19T05:45;2024-05-19T06:00;24;kWh;-19408;0;0;0;19408;-19408
2024-05-19T06:00;2024-05-19T06:15;25;kWh;-5867;37543;0;0;43410;31676
2024-05-19T06:15;2024-05-19T06:30;26;kWh;0;33722;0;0;33722;33722
2024-05-19T06:30;2024-05-19T06:45;27;kWh;-594;7994;0;0;8588;7400
2024-05-19T06:45;2024-05-19T07:00;28;kWh;-24557;0;0;0;24557;-24557
2024-05-19T07:00;2024-05-19T07:15;29;kWh;-1052;43140;0;0;44192;42088
2024-05-19T07:15;2024-05-19T07:30;30;kWh;-1784;2871;0;0;4655;1087
2024-05-19T07:30;2024-05-19T07:45;31;kWh;-28532;0;0;0;28532;-28532
2024-05-19T07:45;2024-05-19T08:00;32;kWh;-44324;0;0;0;44324;-44324
2024-05-19T08:00;2024-05-19T08:15;33;kWh;-371;59873;0;0;60244;59502
2024-05-19T08:15;2024-05-19T08:30;34;kWh;0;49453;0;0;49453;49453
2024-05-19T08:30;2024-05-19T08:45;35;kWh;-839;14701;0;0;15540;13862
2024-05-19T08:45;2024-05-19T09:00;36;kWh;-3724;0;0;0;3724;-3724
2024-05-19T09:00;2024-05-19T09:15;37;kWh;-221;62657;0;0;62878;62436
2024-05-19T09:15;2024-05-19T09:30;38;kWh;-1113;3908;0;0;5021;2795
2024-05-19T09:30;2024-05-19T09:45;39;kWh;-5255;0;0;0;5255;-5255
2024-05-19T09:45;2024-05-19T10:00;40;kWh;-38913;0;0;0;38913;-38913
2024-05-19T10:00;2024-05-19T10:15;41;kWh;-20507;0;0;0;20507;-20507
2024-05-19T10:15;2024-05-19T10:30;42;kWh;-11023;0;0;0;11023;-11023
2024-05-19T10:30;2024-05-19T10:45;43;kWh;-41345;0;0;0;41345;-41345
2024-05-19T10:45;2024-05-19T11:00;44;kWh;-60802;0;0;0;60802;-60802
2024-05-19T11:00;2024-05-19T11:15;45;kWh;-24925;0;0;0;24925;-24925
2024-05-19T11:15;2024-05-19T11:30;46;kWh;-15130;0;0;0;15130;-15130
2024-05-19T11:30;2024-05-19T11:45;47;kWh;-27190;0;0;0;27190;-27190
2024-05-19T11:45;2024-05-19T12:00;48;kWh;-44251;0;0;0;44251;-44251
2024-05-19T12:00;2024-05-19T12:15;49;kWh;-39798;0;0;0;39798;-39798
2024-05-19T12:15;2024-05-19T12:30;50;kWh;-35963;0;0;0;35963;-35963
2024-05-19T12:30;2024-05-19T12:45;51;kWh;-41123;0;0;0;41123;-41123
2024-05-19T12:45;2024-05-19T13:00;52;kWh;-98854;0;0;0;98854;-98854
2024-05-19T13:00;2024-05-19T13:15;53;kWh;-22175;0;0;0;22175;-22175
2024-05-19T13:15;2024-05-19T13:30;54;kWh;0;152;0;0;152;152
2024-05-19T13:30;2024-05-19T13:45;55;kWh;0;3144;0;0;3144;3144
2024-05-19T13:45;2024-05-19T14:00;56;kWh;0;1392;0;0;1392;1392
2024-05-19T14:00;2024-05-19T14:15;57;kWh;0;2865;0;0;2865;2865
2024-05-19T14:15;2024-05-19T14:30;58;kWh;0;524;0;0;524;524
2024-05-19T14:30;2024-05-19T14:45;59;kWh;-21417;0;0;0;21417;-21417
2024-05-19T14:45;2024-05-19T15:00;60;kWh;-72083;0;0;0;72083;-72083
2024-05-19T15:00;2024-05-19T15:15;61;kWh;-70272;0;0;0;70272;-70272
2024-05-19T15:15;2024-05-19T15:30;62;kWh;-65255;0;0;0;65255;-65255
2024-05-19T15:30;2024-05-19T15:45;63;kWh;-63106;0;0;0;63106;-63106
2024-05-19T15:45;2024-05-19T16:00;64;kWh;-68881;0;0;0;68881;-68881
2024-05-19T16:00;2024-05-19T16:15;65;kWh;-62464;0;0;0;62464;-62464
2024-05-19T16:15;2024-05-19T16:30;66;kWh;-19297;0;0;0;19297;-19297
2024-05-19T16:30;2024-05-19T16:45;67;kWh;0;15807;0;0;15807;15807
2024-05-19T16:45;2024-05-19T17:00;68;kWh;0;24638;0;0;24638;24638
2024-05-19T17:00;2024-05-19T17:15;69;kWh;0;1084;0;0;1084;1084
2024-05-19T17:15;2024-05-19T17:30;70;kWh;0;29479;0;0;29479;29479
2024-05-19T17:30;2024-05-19T17:45;71;kWh;0;41782;0;0;41782;41782
2024-05-19T17:45;2024-05-19T18:00;72;kWh;0;49373;0;0;49373;49373
2024-05-19T18:00;2024-05-19T18:15;73;kWh;-26326;7468;0;0;33794;-18858
2024-05-19T18:15;2024-05-19T18:30;74;kWh;-15843;0;0;0;15843;-15843
2024-05-19T18:30;2024-05-19T18:45;75;kWh;-834;0;0;0;834;-834
2024-05-19T18:45;2024-05-19T19:00;76;kWh;-72;0;0;0;72;-72
2024-05-19T19:00;2024-05-19T19:15;77;kWh;-41563;0;0;0;41563;-41563
2024-05-19T19:15;2024-05-19T19:30;78;kWh;-23717;0;0;0;23717;-23717
2024-05-19T19:30;2024-05-19T19:45;79;kWh;-6854;0;0;0;6854;-6854
2024-05-19T19:45;2024-05-19T20:00;80;kWh;-7;0;0;0;7;-7
2024-05-19T20:00;2024-05-19T20:15;81;kWh;-895;923;0;0;1818;28
2024-05-19T20:15;2024-05-19T20:30;82;kWh;0;13425;0;0;13425;13425
2024-05-19T20:30;2024-05-19T20:45;83;kWh;0;27270;0;0;27270;27270
2024-05-19T20:45;2024-05-19T21:00;84;kWh;0;38794;0;0;38794;38794
2024-05-19T21:00;2024-05-19T21:15;85;kWh;-799;1389;0;0;2188;590
2024-05-19T21:15;2024-05-19T21:30;86;kWh;0;11506;0;0;11506;11506
2024-05-19T21:30;2024-05-19T21:45;87;kWh;0;65933;0;0;65933;65933
2024-05-19T21:45;2024-05-19T22:00;88;kWh;0;68102;0;0;68102;68102
2024-05-19T22:00;2024-05-19T22:15;89;kWh;0;3069;0;0;3069;3069
2024-05-19T22:15;2024-05-19T22:30;90;kWh;0;2083;0;0;2083;2083
2024-05-19T22:30;2024-05-19T22:45;91;kWh;0;6595;0;0;6595;6595
2024-05-19T22:45;2024-05-19T23:00;92;kWh;-32;1889;0;0;1921;1857
2024-05-19T23:00;2024-05-19T23:15;93;kWh;-770;20;0;0;790;-750
2024-05-19T23:15;2024-05-19T23:30;94;kWh;0;10439;0;0;10439;10439
2024-05-19T23:30;2024-05-19T23:45;95;kWh;0;26871;0;0;26871;26871
2024-05-19T23:45;2024-05-20T00:00;96;kWh;0;17582;0;0;17582;17582
2024-05-20T00:00;2024-05-20T00:15;1;kWh;0;46577;0;0;46577;46577
2024-05-20T00:15;2024-05-20T00:30;2;kWh;0;93232;0;0;93232;93232
2024-05-20T00:30;2024-05-20T00:45;3;kWh;0;93444;0;0;93444;93444
2024-05-20T00:45;2024-05-20T01:00;4;kWh;0;71358;0;0;71358;71358
2024-05-20T01:00;2024-05-20T01:15;5;kWh;0;24709;0;0;24709;24709
2024-05-20T01:15;2024-05-20T01:30;6;kWh;0;23475;0;0;23475;23475
2024-05-20T01:30;2024-05-20T01:45;7;kWh;0;21743;0;0;21743;21743
2024-05-20T01:45;2024-05-20T02:00;8;kWh;0;28874;0;0;28874;28874
2024-05-20T02:00;2024-05-20T02:15;9;kWh;0;5346;0;0;5346;5346
2024-05-20T02:15;2024-05-20T02:30;10;kWh;0;23085;0;0;23085;23085
2024-05-20T02:30;2024-05-20T02:45;11;kWh;0;31864;0;0;31864;31864
2024-05-20T02:45;2024-05-20T03:00;12;kWh;0;42878;0;0;42878;42878
2024-05-20T03:00;2024-05-20T03:15;13;kWh;0;57538;0;0;57538;57538
2024-05-20T03:15;2024-05-20T03:30;14;kWh;0;60857;0;0;60857;60857
2024-05-20T03:30;2024-05-20T03:45;15;kWh;0;46215;0;0;46215;46215
2024-05-20T03:45;2024-05-20T04:00;16;kWh;0;22789;0;0;22789;22789
2024-05-20T04:00;2024-05-20T04:15;17;kWh;0;15450;0;0;15450;15450
2024-05-20T04:15;2024-05-20T04:30;18;kWh;0;511;0;0;511;511
2024-05-20T04:30;2024-05-20T04:45;19;kWh;0;3409;0;0;3409;3409
2024-05-20T04:45;2024-05-20T05:00;20;kWh;0;2384;0;0;2384;2384
2024-05-20T05:00;2024-05-20T05:15;21;kWh;0;1966;0;0;1966;1966
2024-05-20T05:15;2024-05-20T05:30;22;kWh;0;2476;0;0;2476;2476
2024-05-20T05:30;2024-05-20T05:45;23;kWh;0;0;0;0;0;0
2024-05-20T05:45;2024-05-20T06:00;24;kWh;0;0;0;0;0;0
2024-05-20T06:00;2024-05-20T06:15;25;kWh;0;8989;0;0;8989;8989
2024-05-20T06:15;2024-05-20T06:30;26;kWh;0;21915;0;0;21915;21915
2024-05-20T06:30;2024-05-20T06:45;27;kWh;0;6;0;0;6;6
2024-05-20T06:45;2024-05-20T07:00;28;kWh;-389;57;0;0;446;-332
2024-05-20T07:00;2024-05-20T07:15;29;kWh;0;1608;0;0;1608;1608
2024-05-20T07:15;2024-05-20T07:30;30;kWh;0;5698;0;0;5698;5698
2024-05-20T07:30;2024-05-20T07:45;31;kWh;0;3728;0;0;3728;3728
2024-05-20T07:45;2024-05-20T08:00;32;kWh;0;27555;0;0;27555;27555
2024-05-20T08:00;2024-05-20T08:15;33;kWh;0;72560;0;0;72560;72560
2024-05-20T08:15;2024-05-20T08:30;34;kWh;0;48407;0;0;48407;48407
2024-05-20T08:30;2024-05-20T08:45;35;kWh;0;20279;0;0;20279;20279
2024-05-20T08:45;2024-05-20T09:00;36;kWh;0;3262;0;0;3262;3262
2024-05-20T09:00;2024-05-20T09:15;37;kWh;0;45741;0;0;45741;45741
2024-05-20T09:15;2024-05-20T09:30;38;kWh;0;44634;0;0;44634;44634
2024-05-20T09:30;2024-05-20T09:45;39;kWh;0;7765;0;0;7765;7765
2024-05-20T09:45;2024-05-20T10:00;40;kWh;0;487;0;0;487;487
2024-05-20T10:00;2024-05-20T10:15;41;kWh;0;37026;0;0;37026;37026
2024-05-20T10:15;2024-05-20T10:30;42;kWh;0;70660;0;0;70660;70660
2024-05-20T10:30;2024-05-20T10:45;43;kWh;0;57278;0;0;57278;57278
2024-05-20T10:45;2024-05-20T11:00;44;kWh;0;25449;0;0;25449;25449
2024-05-20T11:00;2024-05-20T11:15;45;kWh;0;39978;0;0;39978;39978
2024-05-20T11:15;2024-05-20T11:30;46;kWh;0;8932;0;0;8932;8932
2024-05-20T11:30;2024-05-20T11:45;47;kWh;0;1191;0;0;1191;1191
2024-05-20T11:45;2024-05-20T12:00;48;kWh;0;812;0;0;812;812
2024-05-20T12:00;2024-05-20T12:15;49;kWh;0;0;0;0;0;0
2024-05-20T12:15;2024-05-20T12:30;50;kWh;-1239;0;0;0;1239;-1239
2024-05-20T12:30;2024-05-20T12:45;51;kWh;-14308;0;0;0;14308;-14308
2024-05-20T12:45;2024-05-20T13:00;52;kWh;-119980;0;0;0;119980;-119980
2024-05-20T13:00;2024-05-20T13:15;53;kWh;-59433;0;0;0;59433;-59433
2024-05-20T13:15;2024-05-20T13:30;54;kWh;-53115;0;0;0;53115;-53115
2024-05-20T13:30;2024-05-20T13:45;55;kWh;-24262;0;0;0;24262;-24262
2024-05-20T13:45;2024-05-20T14:00;56;kWh;-79315;0;0;0;79315;-79315
2024-05-20T14:00;2024-05-20T14:15;57;kWh;-8448;0;0;0;8448;-8448
2024-05-20T14:15;2024-05-20T14:30;58;kWh;0;0;0;0;0;0
2024-05-20T14:30;2024-05-20T14:45;59;kWh;0;0;0;0;0;0
2024-05-20T14:45;2024-05-20T15:00;60;kWh;-694;0;0;0;694;-694
2024-05-20T15:00;2024-05-20T15:15;61;kWh;-385;0;0;0;385;-385
2024-05-20T15:15;2024-05-20T15:30;62;kWh;-251;0;0;0;251;-251
2024-05-20T15:30;2024-05-20T15:45;63;kWh;-3513;0;0;0;3513;-3513
2024-05-20T15:45;2024-05-20T16:00;64;kWh;0;9762;0;0;9762;9762
2024-05-20T16:00;2024-05-20T16:15;65;kWh;-921;364;0;0;1285;-557
2024-05-20T16:15;2024-05-20T16:30;66;kWh;0;948;0;0;948;948
2024-05-20T16:30;2024-05-20T16:45;67;kWh;0;11885;0;0;11885;11885
2024-05-20T16:45;2024-05-20T17:00;68;kWh;0;79556;0;0;79556;79556
2024-05-20T17:00;2024-05-20T17:15;69;kWh;0;20502;0;0;20502;20502
2024-05-20T17:15;2024-05-20T17:30;70;kWh;0;36011;0;0;36011;36011
2024-05-20T17:30;2024-05-20T17:45;71;kWh;0;65518;0;0;65518;65518
2024-05-20T17:45;2024-05-20T18:00;72;kWh;0;82376;0;0;82376;82376
2024-05-20T18:00;2024-05-20T18:15;73;kWh;0;18163;0;0;18163;18163
2024-05-20T18:15;2024-05-20T18:30;74;kWh;0;2867;0;0;2867;2867
2024-05-20T18:30;2024-05-20T18:45;75;kWh;0;6707;0;0;6707;6707
2024-05-20T18:45;2024-05-20T19:00;76;kWh;-611;2378;0;0;2989;1767
2024-05-20T19:00;2024-05-20T19:15;77;kWh;-73349;0;0;0;73349;-73349
2024-05-20T19:15;2024-05-20T19:30;78;kWh;-63857;0;0;0;63857;-63857
2024-05-20T19:30;2024-05-20T19:45;79;kWh;-32990;0;0;0;32990;-32990
2024-05-20T19:45;2024-05-20T20:00;80;kWh;-60789;0;0;0;60789;-60789
2024-05-20T20:00;2024-05-20T20:15;81;kWh;-64718;0;0;0;64718;-64718
2024-05-20T20:15;2024-05-20T20:30;82;kWh;-51809;0;0;0;51809;-51809
2024-05-20T20:30;2024-05-20T20:45;83;kWh;-2900;0;0;0;2900;-2900
2024-05-20T20:45;2024-05-20T21:00;84;kWh;-2176;0;0;0;2176;-2176
2024-05-20T21:00;2024-05-20T21:15;85;kWh;-1122;0;0;0;1122;-1122
2024-05-20T21:15;2024-05-20T21:30;86;kWh;-380;0;0;0;380;-380
2024-05-20T21:30;2024-05-20T21:45;87;kWh;-17895;0;0;0;17895;-17895
2024-05-20T21:45;2024-05-20T22:00;88;kWh;-65165;0;0;0;65165;-65165
2024-05-20T22:00;2024-05-20T22:15;89;kWh;-68046;0;0;0;68046;-68046
2024-05-20T22:15;2024-05-20T22:30;90;kWh;-49078;0;0;0;49078;-49078
2024-05-20T22:30;2024-05-20T22:45;91;kWh;-5580;0;0;0;5580;-5580
2024-05-20T22:45;2024-05-20T23:00;92;kWh;-1872;0;0;0;1872;-1872
2024-05-20T23:00;2024-05-20T23:15;93;kWh;-2141;0;0;0;2141;-2141
2024-05-20T23:15;2024-05-20T23:30;94;kWh;0;1944;0;0;1944;1944
2024-05-20T23:30;2024-05-20T23:45;95;kWh;0;3374;0;0;3374;3374
2024-05-20T23:45;2024-05-21T00:00;96;kWh;0;10414;0;0;10414;10414
2024-05-21T00:00;2024-05-21T00:15;1;kWh;0;12428;0;0;12428;12428
2024-05-21T00:15;2024-05-21T00:30;2;kWh;-2203;5020;0;0;7223;2817
2024-05-21T00:30;2024-05-21T00:45;3;kWh;-17655;0;0;0;17655;-17655
2024-05-21T00:45;2024-05-21T01:00;4;kWh;-35201;0;0;0;35201;-35201
2024-05-21T01:00;2024-05-21T01:15;5;kWh;-42083;0;0;0;42083;-42083
2024-05-21T01:15;2024-05-21T01:30;6;kWh;-62234;0;0;0;62234;-62234
2024-05-21T01:30;2024-05-21T01:45;7;kWh;-21154;0;0;0;21154;-21154
2024-05-21T01:45;2024-05-21T02:00;8;kWh;-17946;0;0;0;17946;-17946
2024-05-21T02:00;2024-05-21T02:15;9;kWh;-8587;0;0;0;8587;-8587
2024-05-21T02:15;2024-05-21T02:30;10;kWh;-7581;0;0;0;7581;-7581
2024-05-21T02:30;2024-05-21T02:45;11;kWh;-13818;0;0;0;13818;-13818
2024-05-21T02:45;2024-05-21T03:00;12;kWh;-25650;0;0;0;25650;-25650
2024-05-21T03:00;2024-05-21T03:15;13;kWh;-227;1829;0;0;2056;1602
2024-05-21T03:15;2024-05-21T03:30;14;kWh;-513;2527;0;0;3040;2014
2024-05-21T03:30;2024-05-21T03:45;15;kWh;-15313;0;0;0;15313;-15313
2024-05-21T03:45;2024-05-21T04:00;16;kWh;-17439;0;0;0;17439;-17439
2024-05-21T04:00;2024-05-21T04:15;17;kWh;-31893;0;0;0;31893;-31893
2024-05-21T04:15;2024-05-21T04:30;18;kWh;-46586;0;0;0;46586;-46586
2024-05-21T04:30;2024-05-21T04:45;19;kWh;-46109;0;0;0;46109;-46109
2024-05-21T04:45;2024-05-21T05:00;20;kWh;-39467;0;0;0;39467;-39467
2024-05-21T05:00;2024-05-21T05:15;21;kWh;-3491;11045;0;0;14536;7554
2024-05-21T05:15;2024-05-21T05:30;22;kWh;-46814;0;0;0;46814;-46814
2024-05-21T05:30;2024-05-21T05:45;23;kWh;-63206;0;0;0;63206;-63206
2024-05-21T05:45;2024-05-21T06:00;24;kWh;-87087;0;0;0;87087;-87087
2024-05-21T06:00;2024-05-21T06:15;25;kWh;-24221;0;0;0;24221;-24221
2024-05-21T06:15;2024-05-21T06:30;26;kWh;-3689;0;0;0;3689;-3689
2024-05-21T06:30;2024-05-21T06:45;27;kWh;-13227;0;0;0;13227;-13227
2024-05-21T06:45;2024-05-21T07:00;28;kWh;-25110;0;0;0;25110;-25110
2024-05-21T07:00;2024-05-21T07:15;29;kWh;-16115;0;0;0;16115;-16115
2024-05-21T07:15;2024-05-21T07:30;30;kWh;-14865;0;0;0;14865;-14865
2024-05-21T07:30;2024-05-21T07:45;31;kWh;-49477;0;0;0;49477;-49477
2024-05-21T07:45;2024-05-21T08:00;32;kWh;-68651;0;0;0;68651;-68651
2024-05-21T08:00;2024-05-21T08:15;33;kWh;-50361;0;0;0;50361;-50361
2024-05-21T08:15;2024-05-21T08:30;34;kWh;-58694;0;0;0;58694;-58694
2024-05-21T08:30;2024-05-21T08:45;35;kWh;-51355;0;0;0;51355;-51355
2024-05-21T08:45;2024-05-21T09:00;36;kWh;-22149;15;0;0;22164;-22134
2024-05-21T09:00;2024-05-21T09:15;37;kWh;0;40513;0;0;40513;40513
2024-05-21T09:15;2024-05-21T09:30;38;kWh;0;5137;0;0;5137;5137
2024-05-21T09:30;2024-05-21T09:45;39;kWh;-10843;350;0;0;11193;-10493
2024-05-21T09:45;2024-05-21T10:00;40;kWh;-21319;1887;0;0;23206;-19432
2024-05-21T10:00;2024-05-21T10:15;41;kWh;0;56393;0;0;56393;56393
2024-05-21T10:15;2024-05-21T10:30;42;kWh;0;10824;0;0;10824;10824
2024-05-21T10:30;2024-05-21T10:45;43;kWh;-15457;0;0;0;15457;-15457
2024-05-21T10:45;2024-05-21T11:00;44;kWh;-33501;0;0;0;33501;-33501
2024-05-21T11:00;2024-05-21T11:15;45;kWh;-29093;0;0;0;29093;-29093
2024-05-21T11:15;2024-05-21T11:30;46;kWh;-4116;0;0;0;4116;-4116
2024-05-21T11:30;2024-05-21T11:45;47;kWh;-1493;0;0;0;1493;-1493
2024-05-21T11:45;2024-05-21T12:00;48;kWh;-15819;0;0;0;15819;-15819
2024-05-21T12:00;2024-05-21T12:15;49;kWh;-2422;0;0;0;2422;-2422
2024-05-21T12:15;2024-05-21T12:30;50;kWh;0;0;0;0;0;0
2024-05-21T12:30;2024-05-21T12:45;51;kWh;0;11627;0;0;11627;11627
2024-05-21T12:45;2024-05-21T13:00;52;kWh;0;42549;0;0;42549;42549
2024-05-21T13:00;2024-05-21T13:15;53;kWh;0;41677;0;0;41677;41677
2024-05-21T13:15;2024-05-21T13:30;54;kWh;0;53056;0;0;53056;53056
2024-05-21T13:30;2024-05-21T13:45;55;kWh;0;49784;0;0;49784;49784
2024-05-21T13:45;2024-05-21T14:00;56;kWh;-166;5074;0;0;5240;4908
2024-05-21T14:00;2024-05-21T14:15;57;kWh;-22569;950;0;0;23519;-21619
2024-05-21T14:15;2024-05-21T14:30;58;kWh;-6030;71;0;0;6101;-5959
2024-05-21T14:30;2024-05-21T14:45;59;kWh;-24;5010;0;0;5034;4986
2024-05-21T14:45;2024-05-21T15:00;60;kWh;0;65021;0;0;65021;65021
2024-05-21T15:00;2024-05-21T15:15;61;kWh;0;48514;0;0;48514;48514
2024-05-21T15:15;2024-05-21T15:30;62;kWh;0;63604;0;0;63604;63604
2024-05-21T15:30;2024-05-21T15:45;63;kWh;0;89565;0;0;89565;89565
2024-05-21T15:45;2024-05-21T16:00;64;kWh;0;57112;0;0;57112;57112
2024-05-21T16:00;2024-05-21T16:15;65;kWh;-34044;1656;0;0;35700;-32388
2024-05-21T16:15;2024-05-21T16:30;66;kWh;-26571;0;0;0;26571;-26571
2024-05-21T16:30;2024-05-21T16:45;67;kWh;-19487;0;0;0;19487;-19487
2024-05-21T16:45;2024-05-21T17:00;68;kWh;-535;658;0;0;1193;123
2024-05-21T17:00;2024-05-21T17:15;69;kWh;0;1465;0;0;1465;1465
2024-05-21T17:15;2024-05-21T17:30;70;kWh;0;0;0;0;0;0
2024-05-21T17:30;2024-05-21T17:45;71;kWh;0;0;0;0;0;0
2024-05-21T17:45;2024-05-21T18:00;72;kWh;0;0;0;0;0;0
2024-05-21T18:00;2024-05-21T18:15;73;kWh;-1610;4840;0;0;6450;3230
2024-05-21T18:15;2024-05-21T18:30;74;kWh;-49242;0;0;0;49242;-49242
2024-05-21T18:30;2024-05-21T18:45;75;kWh;-52925;0;0;0;52925;-52925
2024-05-21T18:45;2024-05-21T19:00;76;kWh;-15314;0;0;0;15314;-15314
2024-05-21T19:00;2024-05-21T19:15;77;kWh;-11020;0;0;0;11020;-11020
2024-05-21T19:15;2024-05-21T19:30;78;kWh;-3978;0;0;0;3978;-3978
2024-05-21T19:30;2024-05-21T19:45;79;kWh;0;0;0;0;0;0
2024-05-21T19:45;2024-05-21T20:00;80;kWh;-7258;0;0;0;7258;-7258
2024-05-21T20:00;2024-05-21T20:15;81;kWh;-1200;19;0;0;1219;-1181
2024-05-21T20:15;2024-05-21T20:30;82;kWh;0;457;0;0;457;457
2024-05-21T20:30;2024-05-21T20:45;83;kWh;-8;0;0;0;8;-8
2024-05-21T20:45;2024-05-21T21:00;84;kWh;-13473;0;0;0;13473;-13473
2024-05-21T21:00;2024-05-21T21:15;85;kWh;-3689;4849;0;0;8538;1160
2024-05-21T21:15;2024-05-21T21:30;86;kWh;0;22456;0;0;22456;22456
2024-05-21T21:30;2024-05-21T21:45;87;kWh;0;41910;0;0;41910;41910
2024-05-21T21:45;2024-05-21T22:00;88;kWh;0;40113;0;0;40113;40113
2024-05-21T22:00;2024-05-21T22:15;89;kWh;0;49723;0;0;49723;49723
2024-05-21T22:15;2024-05-21T22:30;90;kWh;-13359;1677;0;0;15036;-11682
2024-05-21T22:30;2024-05-21T22:45;91;kWh;-17693;0;0;0;17693;-17693
2024-05-21T22:45;2024-05-21T23:00;92;kWh;-2358;0;0;0;2358;-2358
2024-05-21T23:00;2024-05-21T23:15;93;kWh;-16638;0;0;0;16638;-16638
2024-05-21T23:15;2024-05-21T23:30;94;kWh;-11391;0;0;0;11391;-11391
2024-05-21T23:30;2024-05-21T23:45;95;kWh;-2903;16127;0;0;19030;13224
2024-05-21T23:45;2024-05-22T00:00;96;kWh;0;61296;0;0;61296;61296
2024-05-22T00:00;2024-05-22T00:15;1;kWh;0;23520;0;0;23520;23520
2024-05-22T00:15;2024-05-22T00:30;2;kWh;0;25526;0;0;25526;25526
2024-05-22T00:30;2024-05-22T00:45;3;kWh;0;26732;0;0;26732;26732
2024-05-22T00:45;2024-05-22T01:00;4;kWh;-20;18388;0;0;18408;18368
2024-05-22T01:00;2024-05-22T01:15;5;kWh;-46;7039;0;0;7085;6993
2024-05-22T01:15;2024-05-22T01:30;6;kWh;0;12840;0;0;12840;12840
2024-05-22T01:30;2024-05-22T01:45;7;kWh;0;5188;0;0;5188;5188
2024-05-22T01:45;2024-05-22T02:00;8;kWh;0;24940;0;0;24940;24940
2024-05-22T02:00;2024-05-22T02:15;9;kWh;0;62455;0;0;62455;62455
2024-05-22T02:15;2024-05-22T02:30;10;kWh;0;44016;0;0;44016;44016
2024-05-22T02:30;2024-05-22T02:45;11;kWh;0;46912;0;0;46912;46912
2024-05-22T02:45;2024-05-22T03:00;12;kWh;0;43854;0;0;43854;43854
2024-05-22T03:00;2024-05-22T03:15;13;kWh;0;74342;0;0;74342;74342
2024-05-22T03:15;2024-05-22T03:30;14;kWh;0;52201;0;0;52201;52201
2024-05-22T03:30;2024-05-22T03:45;15;kWh;0;2167;0;0;2167;2167
2024-05-22T03:45;2024-05-22T04:00;16;kWh;0;423;0;0;423;423
2024-05-22T04:00;2024-05-22T04:15;17;kWh;-2924;109;0;0;3033;-2815
2024-05-22T04:15;2024-05-22T04:30;18;kWh;0;13;0;0;13;13
2024-05-22T04:30;2024-05-22T04:45;19;kWh;0;5127;0;0;5127;5127
2024-05-22T04:45;2024-05-22T05:00;20;kWh;0;8318;0;0;8318;8318
2024-05-22T05:00;2024-05-22T05:15;21;kWh;-3909;368;0;0;4277;-3541
2024-05-22T05:15;2024-05-22T05:30;22;kWh;-1889;0;0;0;1889;-1889
2024-05-22T05:30;2024-05-22T05:45;23;kWh;-803;0;0;0;803;-803
2024-05-22T05:45;2024-05-22T06:00;24;kWh;-711;0;0;0;711;-711
2024-05-22T06:00;2024-05-22T06:15;25;kWh;-176;20049;0;0;20225;19873
2024-05-22T06:15;2024-05-22T06:30;26;kWh;0;6641;0;0;6641;6641
2024-05-22T06:30;2024-05-22T06:45;27;kWh;0;5441;0;0;5441;5441
2024-05-22T06:45;2024-05-22T07:00;28;kWh;0;2619;0;0;2619;2619
2024-05-22T07:00;2024-05-22T07:15;29;kWh;-743;0;0;0;743;-743
2024-05-22T07:15;2024-05-22T07:30;30;kWh;-2414;0;0;0;2414;-2414
2024-05-22T07:30;2024-05-22T07:45;31;kWh;-1559;0;0;0;1559;-1559
2024-05-22T07:45;2024-05-22T08:00;32;kWh;-11403;0;0;0;11403;-11403
2024-05-22T08:00;2024-05-22T08:15;33;kWh;-11219;1326;0;0;12545;-9893
2024-05-22T08:15;2024-05-22T08:30;34;kWh;0;2313;0;0;2313;2313
2024-05-22T08:30;2024-05-22T08:45;35;kWh;0;46;0;0;46;46
2024-05-22T08:45;2024-05-22T09:00;36;kWh;-613;0;0;0;613;-613
2024-05-22T09:00;2024-05-22T09:15;37;kWh;-830;13880;0;0;14710;13050
2024-05-22T09:15;2024-05-22T09:30;38;kWh;0;39890;0;0;39890;39890
2024-05-22T09:30;2024-05-22T09:45;39;kWh;0;3441;0;0;3441;3441
2024-05-22T09:45;2024-05-22T10:00;40;kWh;0;4013;0;0;4013;4013
2024-05-22T10:00;2024-05-22T10:15;41;kWh;0;58597;0;0;58597;58597
2024-05-22T10:15;2024-05-22T10:30;42;kWh;0;66986;0;0;66986;66986
2024-05-22T10:30;2024-05-22T10:45;43;kWh;0;88331;0;0;88331;88331
2024-05-22T10:45;2024-05-22T11:00;44;kWh;0;50611;0;98338;148949;148949
2024-05-22T11:00;2024-05-22T11:15;45;kWh;0;36487;0;79527;116014;116014
2024-05-22T11:15;2024-05-22T11:30;46;kWh;0;84036;0;67497;151533;151533
2024-05-22T11:30;2024-05-22T11:45;47;kWh;0;89541;0;67497;157038;157038
2024-05-22T11:45;2024-05-22T12:00;48;kWh;-15;61640;0;117895;179550;179520
2024-05-22T12:00;2024-05-22T12:15;49;kWh;-2739;35938;0;143112;181789;176311
2024-05-22T12:15;2024-05-22T12:30;50;kWh;-16167;20774;0;143121;180062;147728
2024-05-22T12:30;2024-05-22T12:45;51;kWh;-5405;27875;0;75624;108904;98094
2024-05-22T12:45;2024-05-22T13:00;52;kWh;-4017;12290;0;50416;66723;58689
2024-05-22T13:00;2024-05-22T13:15;53;kWh;0;46633;0;0;46633;46633
2024-05-22T13:15;2024-05-22T13:30;54;kWh;0;61267;0;0;61267;61267
2024-05-22T13:30;2024-05-22T13:45;55;kWh;0;78874;0;0;78874;78874
2024-05-22T13:45;2024-05-22T14:00;56;kWh;0;63638;0;0;63638;63638
2024-05-22T14:00;2024-05-22T14:15;57;kWh;0;53907;0;0;53907;53907
2024-05-22T14:15;2024-05-22T14:30;58;kWh;0;81535;0;0;81535;81535
2024-05-22T14:30;2024-05-22T14:45;59;kWh;0;47577;0;0;47577;47577
2024-05-22T14:45;2024-05-22T15:00;60;kWh;-3351;3250;0;0;6601;-101
2024-05-22T15:00;2024-05-22T15:15;61;kWh;-15307;5260;0;0;20567;-10047
2024-05-22T15:15;2024-05-22T15:30;62;kWh;-4075;4063;0;0;8138;-12
2024-05-22T15:30;2024-05-22T15:45;63;kWh;-7199;249;0;0;7448;-6950
2024-05-22T15:45;2024-05-22T16:00;64;kWh;-12620;2838;0;0;15458;-9782
2024-05-22T16:00;2024-05-22T16:15;65;kWh;0;22325;0;0;22325;22325
2024-05-22T16:15;2024-05-22T16:30;66;kWh;0;50361;0;0;50361;50361
2024-05-22T16:30;2024-05-22T16:45;67;kWh;0;10900;0;0;10900;10900
2024-05-22T16:45;2024-05-22T17:00;68;kWh;0;32564;0;0;32564;32564
2024-05-22T17:00;2024-05-22T17:15;69;kWh;0;87924;0;0;87924;87924
2024-05-22T17:15;2024-05-22T17:30;70;kWh;0;60228;0;0;60228;60228
2024-05-22T17:30;2024-05-22T17:45;71;kWh;0;1381;0;0;1381;1381
2024-05-22T17:45;2024-05-22T18:00;72;kWh;-1501;249;0;0;1750;-1252
2024-05-22T18:00;2024-05-22T18:15;73;kWh;-5391;249;0;0;5640;-5142
2024-05-22T18:15;2024-05-22T18:30;74;kWh;-1588;249;0;0;1837;-1339
2024-05-22T18:30;2024-05-22T18:45;75;kWh;-1509;249;0;0;1758;-1260
2024-05-22T18:45;2024-05-22T19:00;76;kWh;-241;249;0;0;490;8
2024-05-22T19:00;2024-05-22T19:15;77;kWh;-21904;249;0;0;22153;-21655
2024-05-22T19:15;2024-05-22T19:30;78;kWh;-3622;249;0;0;3871;-3373
2024-05-22T19:30;2024-05-22T19:45;79;kWh;-849;249;0;0;1098;-600
2024-05-22T19:45;2024-05-22T20:00;80;kWh;-224;249;0;0;473;25
2024-05-22T20:00;2024-05-22T20:15;81;kWh;-27229;249;0;0;27478;-26980
2024-05-22T20:15;2024-05-22T20:30;82;kWh;-5874;249;0;0;6123;-5625
2024-05-22T20:30;2024-05-22T20:45;83;kWh;0;24363;0;0;24363;24363
2024-05-22T20:45;2024-05-22T21:00;84;kWh;0;46320;0;0;46320;46320
2024-05-22T21:00;2024-05-22T21:15;85;kWh;0;50457;0;0;50457;50457
2024-05-22T21:15;2024-05-22T21:30;86;kWh;0;53247;0;0;53247;53247
2024-05-22T21:30;2024-05-22T21:45;87;kWh;0;65974;0;0;65974;65974
2024-05-22T21:45;2024-05-22T22:00;88;kWh;0;66030;0;0;66030;66030
2024-05-22T22:00;2024-05-22T22:15;89;kWh;0;60782;0;0;60782;60782
2024-05-22T22:15;2024-05-22T22:30;90;kWh;0;53784;0;0;53784;53784
2024-05-22T22:30;2024-05-22T22:45;91;kWh;0;21310;0;0;21310;21310
2024-05-22T22:45;2024-05-22T23:00;92;kWh;0;62960;0;0;62960;62960
2024-05-22T23:00;2024-05-22T23:15;93;kWh;-129;7056;0;0;7185;6927
2024-05-22T23:15;2024-05-22T23:30;94;kWh;-4593;1183;0;0;5776;-3410
2024-05-22T23:30;2024-05-22T23:45;95;kWh;0;5633;0;0;5633;5633
2024-05-22T23:45;2024-05-23T00:00;96;kWh;-685;14411;0;0;15096;13726
2024-05-23T00:00;2024-05-23T00:15;1;kWh;-15362;12;0;0;15374;-15350
2024-05-23T00:15;2024-05-23T00:30;2;kWh;-832;0;0;0;832;-832
2024-05-23T00:30;2024-05-23T00:45;3;kWh;-5363;0;0;0;5363;-5363
2024-05-23T00:45;2024-05-23T01:00;4;kWh;-26707;0;0;0;26707;-26707
2024-05-23T01:00;2024-05-23T01:15;5;kWh;-28961;0;0;0;28961;-28961
2024-05-23T01:15;2024-05-23T01:30;6;kWh;-24247;0;0;0;24247;-24247
2024-05-23T01:30;2024-05-23T01:45;7;kWh;-17342;0;0;0;17342;-17342
2024-05-23T01:45;2024-05-23T02:00;8;kWh;-16265;0;0;0;16265;-16265
2024-05-23T02:00;2024-05-23T02:15;9;kWh;-2942;11985;0;0;14927;9043
2024-05-23T02:15;2024-05-23T02:30;10;kWh;0;5897;0;0;5897;5897
2024-05-23T02:30;2024-05-23T02:45;11;kWh;-10;113;0;0;123;103
2024-05-23T02:45;2024-05-23T03:00;12;kWh;-3210;0;0;0;3210;-3210
2024-05-23T03:00;2024-05-23T03:15;13;kWh;-2173;0;0;0;2173;-2173
2024-05-23T03:15;2024-05-23T03:30;14;kWh;-1081;0;0;0;1081;-1081
2024-05-23T03:30;2024-05-23T03:45;15;kWh;0;0;0;0;0;0
2024-05-23T03:45;2024-05-23T04:00;16;kWh;0;0;0;0;0;0
2024-05-23T04:00;2024-05-23T04:15;17;kWh;-182;0;0;0;182;-182
2024-05-23T04:15;2024-05-23T04:30;18;kWh;-293;0;0;0;293;-293
2024-05-23T04:30;2024-05-23T04:45;19;kWh;-278;0;0;0;278;-278
2024-05-23T04:45;2024-05-23T05:00;20;kWh;-123;0;0;0;123;-123
2024-05-23T05:00;2024-05-23T05:15;21;kWh;-3481;0;0;0;3481;-3481
2024-05-23T05:15;2024-05-23T05:30;22;kWh;-19;0;0;0;19;-19
2024-05-23T05:30;2024-05-23T05:45;23;kWh;0;19386;0;0;19386;19386
2024-05-23T05:45;2024-05-23T06:00;24;kWh;0;12606;0;0;12606;12606
2024-05-23T06:00;2024-05-23T06:15;25;kWh;0;824;0;0;824;824
2024-05-23T06:15;2024-05-23T06:30;26;kWh;0;11159;0;0;11159;11159
2024-05-23T06:30;2024-05-23T06:45;27;kWh;0;13543;0;0;13543;13543
2024-05-23T06:45;2024-05-23T07:00;28;kWh;0;33785;0;0;33785;33785
2024-05-23T07:00;2024-05-23T07:15;29;kWh;0;72789;0;0;72789;72789
2024-05-23T07:15;2024-05-23T07:30;30;kWh;0;57475;0;0;57475;57475
2024-05-23T07:30;2024-05-23T07:45;31;kWh;0;65733;0;0;65733;65733
2024-05-23T07:45;2024-05-23T08:00;32;kWh;0;74157;0;0;74157;74157
2024-05-23T08:00;2024-05-23T08:15;33;kWh;0;42723;0;0;42723;42723
2024-05-23T08:15;2024-05-23T08:30;34;kWh;0;69088;0;0;69088;69088
2024-05-23T08:30;2024-05-23T08:45;35;kWh;0;54919;0;0;54919;54919
2024-05-23T08:45;2024-05-23T09:00;36;kWh;0;53302;0;0;53302;53302
2024-05-23T09:00;2024-05-23T09:15;37;kWh;0;5810;0;0;5810;5810
2024-05-23T09:15;2024-05-23T09:30;38;kWh;-17;0;0;0;17;-17
2024-05-23T09:30;2024-05-23T09:45;39;kWh;-3289;0;0;0;3289;-3289
2024-05-23T09:45;2024-05-23T10:00;40;kWh;-9494;0;0;0;9494;-9494
2024-05-23T10:00;2024-05-23T10:15;41;kWh;0;34609;0;0;34609;34609
2024-05-23T10:15;2024-05-23T10:30;42;kWh;0;22828;0;0;22828;22828
2024-05-23T10:30;2024-05-23T10:45;43;kWh;0;28118;0;0;28118;28118
2024-05-23T10:45;2024-05-23T11:00;44;kWh;0;40629;0;0;40629;40629
2024-05-23T11:00;2024-05-23T11:15;45;kWh;0;35326;0;0;35326;35326
2024-05-23T11:15;2024-05-23T11:30;46;kWh;0;43394;0;0;43394;43394
2024-05-23T11:30;2024-05-23T11:45;47;kWh;0;62410;0;0;62410;62410
2024-05-23T11:45;2024-05-23T12:00;48;kWh;0;11823;0;0;11823;11823
2024-05-23T12:00;2024-05-23T12:15;49;kWh;0;0;0;0;0;0
2024-05-23T12:15;2024-05-23T12:30;50;kWh;0;1068;0;0;1068;1068
2024-05-23T12:30;2024-05-23T12:45;51;kWh;0;11052;0;0;11052;11052
2024-05-23T12:45;2024-05-23T13:00;52;kWh;-7375;111;0;0;7486;-7264
2024-05-23T13:00;2024-05-23T13:15;53;kWh;-8588;0;0;0;8588;-8588
2024-05-23T13:15;2024-05-23T13:30;54;kWh;-14603;0;0;0;14603;-14603
2024-05-23T13:30;2024-05-23T13:45;55;kWh;-1175;0;0;0;1175;-1175
2024-05-23T13:45;2024-05-23T14:00;56;kWh;-348;0;0;0;348;-348
2024-05-23T14:00;2024-05-23T14:15;57;kWh;0;21759;0;0;21759;21759
2024-05-23T14:15;2024-05-23T14:30;58;kWh;0;52560;0;0;52560;52560
2024-05-23T14:30;2024-05-23T14:45;59;kWh;0;4063;0;0;4063;4063
2024-05-23T14:45;2024-05-23T15:00;60;kWh;-479;2214;0;0;2693;1735
2024-05-23T15:00;2024-05-23T15:15;61;kWh;0;7170;0;0;7170;7170
2024-05-23T15:15;2024-05-23T15:30;62;kWh;0;4703;0;0;4703;4703
2024-05-23T15:30;2024-05-23T15:45;63;kWh;-7934;611;0;0;8545;-7323
2024-05-23T15:45;2024-05-23T16:00;64;kWh;-11798;0;0;0;11798;-11798
2024-05-23T16:00;2024-05-23T16:15;65;kWh;-17143;161;0;0;17304;-16982
2024-05-23T16:15;2024-05-23T16:30;66;kWh;-43816;368;0;0;44184;-43448
2024-05-23T16:30;2024-05-23T16:45;67;kWh;-18803;616;0;0;19419;-18187
2024-05-23T16:45;2024-05-23T17:00;68;kWh;-17710;0;0;0;17710;-17710
2024-05-23T17:00;2024-05-23T17:15;69;kWh;-262;0;0;0;262;-262
2024-05-23T17:15;2024-05-23T17:30;70;kWh;-24131;1292;0;0;25423;-22839
2024-05-23T17:30;2024-05-23T17:45;71;kWh;-1815;488;0;0;2303;-1327
2024-05-23T17:45;2024-05-23T18:00;72;kWh;-19005;966;0;0;19971;-18039
2024-05-23T18:00;2024-05-23T18:15;73;kWh;0;16902;0;0;16902;16902
2024-05-23T18:15;2024-05-23T18:30;74;kWh;0;3138;0;0;3138;3138
2024-05-23T18:30;2024-05-23T18:45;75;kWh;-355;323;0;0;678;-32
2024-05-23T18:45;2024-05-23T19:00;76;kWh;-3340;0;0;0;3340;-3340
2024-05-23T19:00;2024-05-23T19:15;77;kWh;-12228;0;0;0;12228;-12228
2024-05-23T19:15;2024-05-23T19:30;78;kWh;-525;0;0;0;525;-525
2024-05-23T19:30;2024-05-23T19:45;79;kWh;0;14352;0;0;14352;14352
2024-05-23T19:45;2024-05-23T20:00;80;kWh;0;42062;0;0;42062;42062
2024-05-23T20:00;2024-05-23T20:15;81;kWh;0;5238;0;0;5238;5238
2024-05-23T20:15;2024-05-23T20:30;82;kWh;0;4945;0;0;4945;4945
2024-05-23T20:30;2024-05-23T20:45;83;kWh;0;38530;0;0;38530;38530
2024-05-23T20:45;2024-05-23T21:00;84;kWh;0;51378;0;0;51378;51378
2024-05-23T21:00;2024-05-23T21:15;85;kWh;0;40829;0;0;40829;40829
2024-05-23T21:15;2024-05-23T21:30;86;kWh;0;50985;0;0;50985;50985
2024-05-23T21:30;2024-05-23T21:45;87;kWh;0;51056;0;0;51056;51056
2024-05-23T21:45;2024-05-23T22:00;88;kWh;0;46428;0;0;46428;46428
2024-05-23T22:00;2024-05-23T22:15;89;kWh;0;65034;0;0;65034;65034
2024-05-23T22:15;2024-05-23T22:30;90;kWh;0;73584;0;0;73584;73584
2024-05-23T22:30;2024-05-23T22:45;91;kWh;0;49253;0;0;49253;49253
2024-05-23T22:45;2024-05-23T23:00;92;kWh;0;35188;0;0;35188;35188
2024-05-23T23:00;2024-05-23T23:15;93;kWh;0;13517;0;0;13517;13517
2024-05-23T23:15;2024-05-23T23:30;94;kWh;0;31804;0;0;31804;31804
2024-05-23T23:30;2024-05-23T23:45;95;kWh;0;15180;0;0;15180;15180
2024-05-23T23:45;2024-05-24T00:00;96;kWh;-20;6250;0;0;6270;6230
2024-05-24T00:00;2024-05-24T00:15;1;kWh;-168;17991;0;0;18159;17823
2024-05-24T00:15;2024-05-24T00:30;2;kWh;0;20456;0;0;20456;20456
2024-05-24T00:30;2024-05-24T00:45;3;kWh;0;25780;0;0;25780;25780
2024-05-24T00:45;2024-05-24T01:00;4;kWh;0;35835;0;0;35835;35835
2024-05-24T01:00;2024-05-24T01:15;5;kWh;0;1354;0;0;1354;1354
2024-05-24T01:15;2024-05-24T01:30;6;kWh;0;8024;0;0;8024;8024
2024-05-24T01:30;2024-05-24T01:45;7;kWh;-118;397;0;0;515;279
2024-05-24T01:45;2024-05-24T02:00;8;kWh;-2934;0;0;0;2934;-2934
2024-05-24T02:00;2024-05-24T02:15;9;kWh;-2012;2314;0;0;4326;302
2024-05-24T02:15;2024-05-24T02:30;10;kWh;-2235;81;0;0;2316;-2154
2024-05-24T02:30;2024-05-24T02:45;11;kWh;-444;429;0;0;873;-15
2024-05-24T02:45;2024-05-24T03:00;12;kWh;0;10174;0;0;10174;10174
2024-05-24T03:00;2024-05-24T03:15;13;kWh;0;42094;0;0;42094;42094
2024-05-24T03:15;2024-05-24T03:30;14;kWh;0;18312;0;0;18312;18312
2024-05-24T03:30;2024-05-24T03:45;15;kWh;0;29285;0;0;29285;29285
2024-05-24T03:45;2024-05-24T04:00;16;kWh;0;27589;0;0;27589;27589
2024-05-24T04:00;2024-05-24T04:15;17;kWh;0;7474;0;0;7474;7474
2024-05-24T04:15;2024-05-24T04:30;18;kWh;0;15364;0;0;15364;15364
2024-05-24T04:30;2024-05-24T04:45;19;kWh;-721;3361;0;0;4082;2640
2024-05-24T04:45;2024-05-24T05:00;20;kWh;-2515;0;0;0;2515;-2515
2024-05-24T05:00;2024-05-24T05:15;21;kWh;-52;32776;0;0;32828;32724
2024-05-24T05:15;2024-05-24T05:30;22;kWh;0;31352;0;0;31352;31352
2024-05-24T05:30;2024-05-24T05:45;23;kWh;-1681;1631;0;0;3312;-50
2024-05-24T05:45;2024-05-24T06:00;24;kWh;-42645;0;0;0;42645;-42645
2024-05-24T06:00;2024-05-24T06:15;25;kWh;-25277;0;0;0;25277;-25277
2024-05-24T06:15;2024-05-24T06:30;26;kWh;-11844;0;0;0;11844;-11844
2024-05-24T06:30;2024-05-24T06:45;27;kWh;-15204;0;0;0;15204;-15204
2024-05-24T06:45;2024-05-24T07:00;28;kWh;-832;0;0;0;832;-832
2024-05-24T07:00;2024-05-24T07:15;29;kWh;-5426;0;0;0;5426;-5426
2024-05-24T07:15;2024-05-24T07:30;30;kWh;0;0;0;0;0;0
2024-05-24T07:30;2024-05-24T07:45;31;kWh;0;444;0;0;444;444
2024-05-24T07:45;2024-05-24T08:00;32;kWh;0;14717;0;0;14717;14717
2024-05-24T08:00;2024-05-24T08:15;33;kWh;0;20594;0;0;20594;20594
2024-05-24T08:15;2024-05-24T08:30;34;kWh;0;36352;0;0;36352;36352
2024-05-24T08:30;2024-05-24T08:45;35;kWh;0;1892;0;0;1892;1892
2024-05-24T08:45;2024-05-24T09:00;36;kWh;-927;607;0;0;1534;-320
2024-05-24T09:00;2024-05-24T09:15;37;kWh;-15645;2;0;0;15647;-15643
2024-05-24T09:15;2024-05-24T09:30;38;kWh;0;19095;0;0;19095;19095
2024-05-24T09:30;2024-05-24T09:45;39;kWh;0;30427;0;0;30427;30427
2024-05-24T09:45;2024-05-24T10:00;40;kWh;0;38731;0;0;38731;38731
2024-05-24T10:00;2024-05-24T10:15;41;kWh;-738;941;0;0;1679;203
2024-05-24T10:15;2024-05-24T10:30;42;kWh;-28619;0;0;0;28619;-28619
2024-05-24T10:30;2024-05-24T10:45;43;kWh;-14925;0;0;0;14925;-14925
2024-05-24T10:45;2024-05-24T11:00;44;kWh;-2981;0;0;0;2981;-2981
2024-05-24T11:00;2024-05-24T11:15;45;kWh;0;1031;0;0;1031;1031
2024-05-24T11:15;2024-05-24T11:30;46;kWh;0;56355;0;0;56355;56355
2024-05-24T11:30;2024-05-24T11:45;47;kWh;0;71058;0;0;71058;71058
2024-05-24T11:45;2024-05-24T12:00;48;kWh;0;44383;0;0;44383;44383
2024-05-24T12:00;2024-05-24T12:15;49;kWh;0;47073;0;0;47073;47073
2024-05-24T12:15;2024-05-24T12:30;50;kWh;0;10180;0;0;10180;10180
2024-05-24T12:30;2024-05-24T12:45;51;kWh;0;58306;0;0;58306;58306
2024-05-24T12:45;2024-05-24T13:00;52;kWh;0;62229;0;0;62229;62229
2024-05-24T13:00;2024-05-24T13:15;53;kWh;0;12532;0;0;12532;12532
2024-05-24T13:15;2024-05-24T13:30;54;kWh;0;24003;0;0;24003;24003
2024-05-24T13:30;2024-05-24T13:45;55;kWh;0;28224;0;0;28224;28224
2024-05-24T13:45;2024-05-24T14:00;56;kWh;0;21684;0;0;21684;21684
2024-05-24T14:00;2024-05-24T14:15;57;kWh;-17677;485;0;0;18162;-17192
2024-05-24T14:15;2024-05-24T14:30;58;kWh;-10731;0;0;0;10731;-10731
2024-05-24T14:30;2024-05-24T14:45;59;kWh;-5846;0;0;0;5846;-5846
2024-05-24T14:45;2024-05-24T15:00;60;kWh;-20742;0;0;0;20742;-20742
2024-05-24T15:00;2024-05-24T15:15;61;kWh;-31;30289;0;0;30320;30258
2024-05-24T15:15;2024-05-24T15:30;62;kWh;0;17916;0;0;17916;17916
2024-05-24T15:30;2024-05-24T15:45;63;kWh;0;1867;0;0;1867;1867
2024-05-24T15:45;2024-05-24T16:00;64;kWh;-9476;0;0;0;9476;-9476
2024-05-24T16:00;2024-05-24T16:15;65;kWh;-44073;0;0;0;44073;-44073
2024-05-24T16:15;2024-05-24T16:30;66;kWh;-22299;936;0;0;23235;-21363
2024-05-24T16:30;2024-05-24T16:45;67;kWh;0;25616;0;0;25616;25616
2024-05-24T16:45;2024-05-24T17:00;68;kWh;0;16768;0;0;16768;16768
2024-05-24T17:00;2024-05-24T17:15;69;kWh;0;7057;0;0;7057;7057
2024-05-24T17:15;2024-05-24T17:30;70;kWh;0;2944;0;0;2944;2944
2024-05-24T17:30;2024-05-24T17:45;71;kWh;0;5747;0;0;5747;5747
2024-05-24T17:45;2024-05-24T18:00;72;kWh;-27866;0;0;0;27866;-27866
2024-05-24T18:00;2024-05-24T18:15;73;kWh;-54091;0;0;0;54091;-54091
2024-05-24T18:15;2024-05-24T18:30;74;kWh;-19294;0;0;0;19294;-19294
2024-05-24T18:30;2024-05-24T18:45;75;kWh;-247;18339;0;0;18586;18092
2024-05-24T18:45;2024-05-24T19:00;76;kWh;0;34550;0;0;34550;34550
2024-05-24T19:00;2024-05-24T19:15;77;kWh;0;58384;0;0;58384;58384
2024-05-24T19:15;2024-05-24T19:30;78;kWh;0;18907;0;0;18907;18907
2024-05-24T19:30;2024-05-24T19:45;79;kWh;0;8680;0;0;8680;8680
2024-05-24T19:45;2024-05-24T20:00;80;kWh;0;0;0;0;0;0
2024-05-24T20:00;2024-05-24T20:15;81;kWh;0;0;0;0;0;0
2024-05-24T20:15;2024-05-24T20:30;82;kWh;0;0;0;0;0;0
2024-05-24T20:30;2024-05-24T20:45;83;kWh;0;0;0;0;0;0
2024-05-24T20:45;2024-05-24T21:00;84;kWh;0;0;0;0;0;0
2024-05-24T21:00;2024-05-24T21:15;85;kWh;0;0;0;0;0;0
2024-05-24T21:15;2024-05-24T21:30;86;kWh;-56;0;0;0;56;-56
2024-05-24T21:30;2024-05-24T21:45;87;kWh;-20973;0;0;0;20973;-20973
2024-05-24T21:45;2024-05-24T22:00;88;kWh;-20592;0;0;0;20592;-20592
2024-05-24T22:00;2024-05-24T22:15;89;kWh;-13;35938;0;0;35951;35925
2024-05-24T22:15;2024-05-24T22:30;90;kWh;0;86537;0;0;86537;86537
2024-05-24T22:30;2024-05-24T22:45;91;kWh;0;95098;0;0;95098;95098
2024-05-24T22:45;2024-05-24T23:00;92;kWh;0;80807;0;0;80807;80807
2024-05-24T23:00;2024-05-24T23:15;93;kWh;-34653;437;0;0;35090;-34216
2024-05-24T23:15;2024-05-24T23:30;94;kWh;-8502;4446;0;0;12948;-4056
2024-05-24T23:30;2024-05-24T23:45;95;kWh;-189;31;0;0;220;-158
2024-05-24T23:45;2024-05-25T00:00;96;kWh;0;0;0;0;0;0
2024-05-25T00:00;2024-05-25T00:15;1;kWh;0;59032;0;0;59032;59032
2024-05-25T00:15;2024-05-25T00:30;2;kWh;0;78951;0;0;78951;78951
2024-05-25T00:30;2024-05-25T00:45;3;kWh;0;31208;0;0;31208;31208
2024-05-25T00:45;2024-05-25T01:00;4;kWh;0;16412;0;0;16412;16412
2024-05-25T01:00;2024-05-25T01:15;5;kWh;0;45361;0;0;45361;45361
2024-05-25T01:15;2024-05-25T01:30;6;kWh;0;45223;0;0;45223;45223
2024-05-25T01:30;2024-05-25T01:45;7;kWh;0;62253;0;0;62253;62253
2024-05-25T01:45;2024-05-25T02:00;8;kWh;0;64849;0;0;64849;64849
2024-05-25T02:00;2024-05-25T02:15;9;kWh;0;23130;0;0;23130;23130
2024-05-25T02:15;2024-05-25T02:30;10;kWh;0;33391;0;0;33391;33391
2024-05-25T02:30;2024-05-25T02:45;11;kWh;0;36179;0;0;36179;36179
2024-05-25T02:45;2024-05-25T03:00;12;kWh;0;45450;0;0;45450;45450
2024-05-25T03:00;2024-05-25T03:15;13;kWh;-8562;1409;0;0;9971;-7153
2024-05-25T03:15;2024-05-25T03:30;14;kWh;-9949;0;0;0;9949;-9949
2024-05-25T03:30;2024-05-25T03:45;15;kWh;-18236;0;0;0;18236;-18236
2024-05-25T03:45;2024-05-25T04:00;16;kWh;-31453;0;0;0;31453;-31453
2024-05-25T04:00;2024-05-25T04:15;17;kWh;-11900;0;0;0;11900;-11900
2024-05-25T04:15;2024-05-25T04:30;18;kWh;-7;0;0;0;7;-7
2024-05-25T04:30;2024-05-25T04:45;19;kWh;-2528;0;0;0;2528;-2528
2024-05-25T04:45;2024-05-25T05:00;20;kWh;-22156;0;0;0;22156;-22156
2024-05-25T05:00;2024-05-25T05:15;21;kWh;-46415;804;0;0;47219;-45611
2024-05-25T05:15;2024-05-25T05:30;22;kWh;-24513;2120;0;0;26633;-22393
2024-05-25T05:30;2024-05-25T05:45;23;kWh;-8944;616;0;0;9560;-8328
2024-05-25T05:45;2024-05-25T06:00;24;kWh;-45642;0;0;0;45642;-45642
2024-05-25T06:00;2024-05-25T06:15;25;kWh;-4351;1376;0;0;5727;-2975
2024-05-25T06:15;2024-05-25T06:30;26;kWh;0;10540;0;0;10540;10540
2024-05-25T06:30;2024-05-25T06:45;27;kWh;0;3607;0;0;3607;3607
2024-05-25T06:45;2024-05-25T07:00;28;kWh;0;4144;0;0;4144;4144
2024-05-25T07:00;2024-05-25T07:15;29;kWh;0;2;0;0;2;2
2024-05-25T07:15;2024-05-25T07:30;30;kWh;-436;0;0;0;436;-436
2024-05-25T07:30;2024-05-25T07:45;31;kWh;-6742;0;0;0;6742;-6742
2024-05-25T07:45;2024-05-25T08:00;32;kWh;-17055;0;0;0;17055;-17055
2024-05-25T08:00;2024-05-25T08:15;33;kWh;-25151;0;0;0;25151;-25151
2024-05-25T08:15;2024-05-25T08:30;34;kWh;-27748;0;0;0;27748;-27748
2024-05-25T08:30;2024-05-25T08:45;35;kWh;-35175;0;0;0;35175;-35175
2024-05-25T08:45;2024-05-25T09:00;36;kWh;-42211;0;0;0;42211;-42211
2024-05-25T09:00;2024-05-25T09:15;37;kWh;-5284;0;0;0;5284;-5284
2024-05-25T09:15;2024-05-25T09:30;38;kWh;-12352;0;0;0;12352;-12352
2024-05-25T09:30;2024-05-25T09:45;39;kWh;-17078;0;0;0;17078;-17078
2024-05-25T09:45;2024-05-25T10:00;40;kWh;-26552;0;0;0;26552;-26552
2024-05-25T10:00;2024-05-25T10:15;41;kWh;-6932;5117;0;0;12049;-1815
2024-05-25T10:15;2024-05-25T10:30;42;kWh;-2643;30;0;0;2673;-2613
2024-05-25T10:30;2024-05-25T10:45;43;kWh;-31999;0;0;0;31999;-31999
2024-05-25T10:45;2024-05-25T11:00;44;kWh;-33843;0;0;0;33843;-33843
2024-05-25T11:00;2024-05-25T11:15;45;kWh;-13492;3051;0;0;16543;-10441
2024-05-25T11:15;2024-05-25T11:30;46;kWh;0;2237;0;0;2237;2237
2024-05-25T11:30;2024-05-25T11:45;47;kWh;-674;10238;0;0;10912;9564
2024-05-25T11:45;2024-05-25T12:00;48;kWh;-1574;24;0;0;1598;-1550
2024-05-25T12:00;2024-05-25T12:15;49;kWh;0;44756;0;0;44756;44756
2024-05-25T12:15;2024-05-25T12:30;50;kWh;0;24840;0;0;24840;24840
2024-05-25T12:30;2024-05-25T12:45;51;kWh;0;2913;0;0;2913;2913
2024-05-25T12:45;2024-05-25T13:00;52;kWh;0;1195;0;0;1195;1195
2024-05-25T13:00;2024-05-25T13:15;53;kWh;0;83450;0;0;83450;83450
2024-05-25T13:15;2024-05-25T13:30;54;kWh;-2315;25538;0;0;27853;23223
2024-05-25T13:30;2024-05-25T13:45;55;kWh;-13350;0;0;0;13350;-13350
2024-05-25T13:45;2024-05-25T14:00;56;kWh;-29880;0;0;0;29880;-29880
2024-05-25T14:00;2024-05-25T14:15;57;kWh;-16346;0;0;0;16346;-16346
2024-05-25T14:15;2024-05-25T14:30;58;kWh;-1396;0;0;0;1396;-1396
2024-05-25T14:30;2024-05-25T14:45;59;kWh;-905;0;0;0;905;-905
2024-05-25T14:45;2024-05-25T15:00;60;kWh;-7183;0;0;0;7183;-7183
2024-05-25T15:00;2024-05-25T15:15;61;kWh;-6521;0;0;0;6521;-6521
2024-05-25T15:15;2024-05-25T15:30;62;kWh;-11006;0;0;0;11006;-11006
2024-05-25T15:30;2024-05-25T15:45;63;kWh;0;0;0;0;0;0
2024-05-25T15:45;2024-05-25T16:00;64;kWh;-2526;0;0;0;2526;-2526
2024-05-25T16:00;2024-05-25T16:15;65;kWh;-7188;0;0;0;7188;-7188
2024-05-25T16:15;2024-05-25T16:30;66;kWh;-656;51;0;0;707;-605
2024-05-25T16:30;2024-05-25T16:45;67;kWh;0;922;0;0;922;922
2024-05-25T16:45;2024-05-25T17:00;68;kWh;-121;0;0;0;121;-121
2024-05-25T17:00;2024-05-25T17:15;69;kWh;-23601;0;0;0;23601;-23601
2024-05-25T17:15;2024-05-25T17:30;70;kWh;-30591;0;0;0;30591;-30591
2024-05-25T17:30;2024-05-25T17:45;71;kWh;-28868;0;0;0;28868;-28868
2024-05-25T17:45;2024-05-25T18:00;72;kWh;-24325;0;0;0;24325;-24325
2024-05-25T18:00;2024-05-25T18:15;73;kWh;-28406;8592;0;0;36998;-19814
2024-05-25T18:15;2024-05-25T18:30;74;kWh;-22939;0;0;0;22939;-22939
2024-05-25T18:30;2024-05-25T18:45;75;kWh;-26065;0;0;0;26065;-26065
2024-05-25T18:45;2024-05-25T19:00;76;kWh;-22388;0;0;0;22388;-22388
2024-05-25T19:00;2024-05-25T19:15;77;kWh;-34609;0;0;0;34609;-34609
2024-05-25T19:15;2024-05-25T19:30;78;kWh;-391;0;0;0;391;-391
2024-05-25T19:30;2024-05-25T19:45;79;kWh;0;3075;0;0;3075;3075
2024-05-25T19:45;2024-05-25T20:00;80;kWh;0;27387;0;0;27387;27387
2024-05-25T20:00;2024-05-25T20:15;81;kWh;0;2677;0;0;2677;2677
2024-05-25T20:15;2024-05-25T20:30;82;kWh;0;5750;0;0;5750;5750
2024-05-25T20:30;2024-05-25T20:45;83;kWh;0;8739;0;0;8739;8739
2024-05-25T20:45;2024-05-25T21:00;84;kWh;0;36195;0;0;36195;36195
2024-05-25T21:00;2024-05-25T21:15;85;kWh;0;5280;0;0;5280;5280
2024-05-25T21:15;2024-05-25T21:30;86;kWh;0;2820;0;0;2820;2820
2024-05-25T21:30;2024-05-25T21:45;87;kWh;0;5859;0;0;5859;5859
2024-05-25T21:45;2024-05-25T22:00;88;kWh;0;2619;0;0;2619;2619
2024-05-25T22:00;2024-05-25T22:15;89;kWh;0;5737;0;0;5737;5737
2024-05-25T22:15;2024-05-25T22:30;90;kWh;0;14269;0;0;14269;14269
2024-05-25T22:30;2024-05-25T22:45;91;kWh;0;10409;0;0;10409;10409
2024-05-25T22:45;2024-05-25T23:00;92;kWh;-17084;0;0;0;17084;-17084
2024-05-25T23:00;2024-05-25T23:15;93;kWh;-22902;0;0;0;22902;-22902
2024-05-25T23:15;2024-05-25T23:30;94;kWh;-12359;0;0;0;12359;-12359
2024-05-25T23:30;2024-05-25T23:45;95;kWh;0;0;0;0;0;0
2024-05-25T23:45;2024-05-26T00:00;96;kWh;0;0;0;0;0;0
2024-05-26T00:00;2024-05-26T00:15;1;kWh;0;30514;0;0;30514;30514
2024-05-26T00:15;2024-05-26T00:30;2;kWh;0;30582;0;0;30582;30582
2024-05-26T00:30;2024-05-26T00:45;3;kWh;0;17863;0;0;17863;17863
2024-05-26T00:45;2024-05-26T01:00;4;kWh;0;10768;0;0;10768;10768
2024-05-26T01:00;2024-05-26T01:15;5;kWh;0;1636;0;0;1636;1636
2024-05-26T01:15;2024-05-26T01:30;6;kWh;0;7192;0;0;7192;7192
2024-05-26T01:30;2024-05-26T01:45;7;kWh;-2125;128;0;0;2253;-1997
2024-05-26T01:45;2024-05-26T02:00;8;kWh;-27985;0;0;0;27985;-27985
2024-05-26T02:00;2024-05-26T02:15;9;kWh;-1437;0;0;0;1437;-1437
2024-05-26T02:15;2024-05-26T02:30;10;kWh;-424;0;0;0;424;-424
2024-05-26T02:30;2024-05-26T02:45;11;kWh;-147;0;0;0;147;-147
2024-05-26T02:45;2024-05-26T03:00;12;kWh;-14969;0;0;0;14969;-14969
2024-05-26T03:00;2024-05-26T03:15;13;kWh;-15871;0;0;0;15871;-15871
2024-05-26T03:15;2024-05-26T03:30;14;kWh;-31257;0;0;0;31257;-31257
2024-05-26T03:30;2024-05-26T03:45;15;kWh;-25671;0;0;0;25671;-25671
2024-05-26T03:45;2024-05-26T04:00;16;kWh;-51097;0;0;0;51097;-51097
2024-05-26T04:00;2024-05-26T04:15;17;kWh;-15914;0;0;0;15914;-15914
2024-05-26T04:15;2024-05-26T04:30;18;kWh;-38950;0;0;0;38950;-38950
2024-05-26T04:30;2024-05-26T04:45;19;kWh;-41115;0;0;0;41115;-41115
2024-05-26T04:45;2024-05-26T05:00;20;kWh;-60141;0;0;0;60141;-60141
2024-05-26T05:00;2024-05-26T05:15;21;kWh;-11049;0;0;0;11049;-11049
2024-05-26T05:15;2024-05-26T05:30;22;kWh;-10708;0;0;0;10708;-10708
2024-05-26T05:30;2024-05-26T05:45;23;kWh;-66649;0;0;0;66649;-66649
2024-05-26T05:45;2024-05-26T06:00;24;kWh;-70040;0;0;0;70040;-70040
2024-05-26T06:00;2024-05-26T06:15;25;kWh;-22252;0;0;0;22252;-22252
2024-05-26T06:15;2024-05-26T06:30;26;kWh;-20524;0;0;0;20524;-20524
2024-05-26T06:30;2024-05-26T06:45;27;kWh;-24004;0;0;0;24004;-24004
2024-05-26T06:45;2024-05-26T07:00;28;kWh;-38349;0;0;0;38349;-38349
2024-05-26T07:00;2024-05-26T07:15;29;kWh;-22950;14881;0;0;37831;-8069
2024-05-26T07:15;2024-05-26T07:30;30;kWh;-32917;9953;0;0;42870;-22964
2024-05-26T07:30;2024-05-26T07:45;31;kWh;-26433;640;0;0;27073;-25793
2024-05-26T07:45;2024-05-26T08:00;32;kWh;-42994;0;0;0;42994;-42994
2024-05-26T08:00;2024-05-26T08:15;33;kWh;-28;0;0;0;28;-28
2024-05-26T08:15;2024-05-26T08:30;34;kWh;-12684;0;0;0;12684;-12684
2024-05-26T08:30;2024-05-26T08:45;35;kWh;-46350;0;0;0;46350;-46350
2024-05-26T08:45;2024-05-26T09:00;36;kWh;-55074;0;0;0;55074;-55074
2024-05-26T09:00;2024-05-26T09:15;37;kWh;-17184;0;0;0;17184;-17184
2024-05-26T09:15;2024-05-26T09:30;38;kWh;-21422;0;0;0;21422;-21422
2024-05-26T09:30;2024-05-26T09:45;39;kWh;-35511;0;0;0;35511;-35511
2024-05-26T09:45;2024-05-26T10:00;40;kWh;-28193;0;0;0;28193;-28193
2024-05-26T10:00;2024-05-26T10:15;41;kWh;-2337;0;0;0;2337;-2337
2024-05-26T10:15;2024-05-26T10:30;42;kWh;-16828;0;0;0;16828;-16828
2024-05-26T10:30;2024-05-26T10:45;43;kWh;-8475;0;0;0;8475;-8475
2024-05-26T10:45;2024-05-26T11:00;44;kWh;-5731;0;0;0;5731;-5731
2024-05-26T11:00;2024-05-26T11:15;45;kWh;-11;3535;0;0;3546;3524
2024-05-26T11:15;2024-05-26T11:30;46;kWh;0;3768;0;0;3768;3768
2024-05-26T11:30;2024-05-26T11:45;47;kWh;0;11788;0;0;11788;11788
2024-05-26T11:45;2024-05-26T12:00;48;kWh;-133;1524;0;0;1657;1391
2024-05-26T12:00;2024-05-26T12:15;49;kWh;-1552;0;0;0;1552;-1552
2024-05-26T12:15;2024-05-26T12:30;50;kWh;-9997;0;0;0;9997;-9997
2024-05-26T12:30;2024-05-26T12:45;51;kWh;0;8142;0;0;8142;8142
2024-05-26T12:45;2024-05-26T13:00;52;kWh;-8521;247;0;0;8768;-8274
2024-05-26T13:00;2024-05-26T13:15;53;kWh;-5768;0;0;0;5768;-5768
2024-05-26T13:15;2024-05-26T13:30;54;kWh;-1696;82;0;0;1778;-1614
2024-05-26T13:30;2024-05-26T13:45;55;kWh;-14887;0;0;0;14887;-14887
2024-05-26T13:45;2024-05-26T14:00;56;kWh;-12571;0;0;0;12571;-12571
2024-05-26T14:00;2024-05-26T14:15;57;kWh;-28343;0;0;0;28343;-28343
2024-05-26T14:15;2024-05-26T14:30;58;kWh;-22757;2837;0;0;25594;-19920
2024-05-26T14:30;2024-05-26T14:45;59;kWh;-13195;1307;0;0;14502;-11888
2024-05-26T14:45;2024-05-26T15:00;60;kWh;-3926;7;0;0;3933;-3919
2024-05-26T15:00;2024-05-26T15:15;61;kWh;-1329;0;0;0;1329;-1329
2024-05-26T15:15;2024-05-26T15:30;62;kWh;-5347;2516;0;0;7863;-2831
2024-05-26T15:30;2024-05-26T15:45;63;kWh;-1429;3947;0;0;5376;2518
2024-05-26T15:45;2024-05-26T16:00;64;kWh;-18;24158;0;0;24176;24140
2024-05-26T16:00;2024-05-26T16:15;65;kWh;-21771;1108;0;0;22879;-20663
2024-05-26T16:15;2024-05-26T16:30;66;kWh;-18519;12;0;0;18531;-18507
2024-05-26T16:30;2024-05-26T16:45;67;kWh;-2774;77;0;0;2851;-2697
2024-05-26T16:45;2024-05-26T17:00;68;kWh;-940;0;0;0;940;-940
2024-05-26T17:00;2024-05-26T17:15;69;kWh;-28538;1458;0;0;29996;-27080
2024-05-26T17:15;2024-05-26T17:30;70;kWh;-22979;1613;0;0;24592;-21366
2024-05-26T17:30;2024-05-26T17:45;71;kWh;0;16080;0;0;16080;16080
2024-05-26T17:45;2024-05-26T18:00;72;kWh;0;50485;0;0;50485;50485
2024-05-26T18:00;2024-05-26T18:15;73;kWh;0;49355;0;0;49355;49355
2024-05-26T18:15;2024-05-26T18:30;74;kWh;0;50756;0;0;50756;50756
2024-05-26T18:30;2024-05-26T18:45;75;kWh;0;61843;0;0;61843;61843
2024-05-26T18:45;2024-05-26T19:00;76;kWh;0;44068;0;0;44068;44068
2024-05-26T19:00;2024-05-26T19:15;77;kWh;-24883;1384;0;0;26267;-23499
2024-05-26T19:15;2024-05-26T19:30;78;kWh;-13314;1338;0;0;14652;-11976
2024-05-26T19:30;2024-05-26T19:45;79;kWh;-28577;0;0;0;28577;-28577
2024-05-26T19:45;2024-05-26T20:00;80;kWh;-53119;0;0;0;53119;-53119
2024-05-26T20:00;2024-05-26T20:15;81;kWh;-38086;0;0;0;38086;-38086
2024-05-26T20:15;2024-05-26T20:30;82;kWh;-26174;0;0;0;26174;-26174
2024-05-26T20:30;2024-05-26T20:45;83;kWh;-133;0;0;0;133;-133
2024-05-26T20:45;2024-05-26T21:00;84;kWh;0;0;0;0;0;0
2024-05-26T21:00;2024-05-26T21:15;85;kWh;0;31182;0;0;31182;31182
2024-05-26T21:15;2024-05-26T21:30;86;kWh;0;40335;0;0;40335;40335
2024-05-26T21:30;2024-05-26T21:45;87;kWh;0;19712;0;0;19712;19712
2024-05-26T21:45;2024-05-26T22:00;88;kWh;-168;13535;0;0;13703;13367
2024-05-26T22:00;2024-05-26T22:15;89;kWh;-521;0;0;0;521;-521
2024-05-26T22:15;2024-05-26T22:30;90;kWh;0;0;0;0;0;0
2024-05-26T22:30;2024-05-26T22:45;91;kWh;-36455;0;0;0;36455;-36455
2024-05-26T22:45;2024-05-26T23:00;92;kWh;-18392;0;0;0;18392;-18392
2024-05-26T23:00;2024-05-26T23:15;93;kWh;-9411;13594;0;0;23005;4183
2024-05-26T23:15;2024-05-26T23:30;94;kWh;0;3810;0;0;3810;3810
2024-05-26T23:30;2024-05-26T23:45;95;kWh;-2791;0;0;0;2791;-2791
2024-05-26T23:45;2024-05-27T00:00;96;kWh;-8985;0;0;0;8985;-8985
2024-05-27T00:00;2024-05-27T00:15;1;kWh;-15581;20643;0;0;36224;5062
2024-05-27T00:15;2024-05-27T00:30;2;kWh;0;23872;0;0;23872;23872
2024-05-27T00:30;2024-05-27T00:45;3;kWh;-497;13236;0;0;13733;12739
2024-05-27T00:45;2024-05-27T01:00;4;kWh;-9075;0;0;0;9075;-9075
2024-05-27T01:00;2024-05-27T01:15;5;kWh;-137;22263;0;0;22400;22126
2024-05-27T01:15;2024-05-27T01:30;6;kWh;0;18580;0;0;18580;18580
2024-05-27T01:30;2024-05-27T01:45;7;kWh;0;895;0;0;895;895
2024-05-27T01:45;2024-05-27T02:00;8;kWh;-3043;0;0;0;3043;-3043
2024-05-27T02:00;2024-05-27T02:15;9;kWh;-8130;0;0;0;8130;-8130
2024-05-27T02:15;2024-05-27T02:30;10;kWh;-16514;2127;0;0;18641;-14387
2024-05-27T02:30;2024-05-27T02:45;11;kWh;-18296;21;0;0;18317;-18275
2024-05-27T02:45;2024-05-27T03:00;12;kWh;-28622;0;0;0;28622;-28622
2024-05-27T03:00;2024-05-27T03:15;13;kWh;-13906;0;0;0;13906;-13906
2024-05-27T03:15;2024-05-27T03:30;14;kWh;-3682;0;0;0;3682;-3682
2024-05-27T03:30;2024-05-27T03:45;15;kWh;-14188;0;0;0;14188;-14188
2024-05-27T03:45;2024-05-27T04:00;16;kWh;-11943;0;0;0;11943;-11943
2024-05-27T04:00;2024-05-27T04:15;17;kWh;-2979;0;0;0;2979;-2979
2024-05-27T04:15;2024-05-27T04:30;18;kWh;0;0;0;0;0;0
2024-05-27T04:30;2024-05-27T04:45;19;kWh;0;0;0;0;0;0
2024-05-27T04:45;2024-05-27T05:00;20;kWh;-1147;0;0;0;1147;-1147
2024-05-27T05:00;2024-05-27T05:15;21;kWh;-22449;0;0;0;22449;-22449
2024-05-27T05:15;2024-05-27T05:30;22;kWh;-16757;0;0;0;16757;-16757
2024-05-27T05:30;2024-05-27T05:45;23;kWh;-22008;0;0;0;22008;-22008
2024-05-27T05:45;2024-05-27T06:00;24;kWh;-17849;0;0;0;17849;-17849
2024-05-27T06:00;2024-05-27T06:15;25;kWh;-3905;0;0;0;3905;-3905
2024-05-27T06:15;2024-05-27T06:30;26;kWh;0;0;0;0;0;0
2024-05-27T06:30;2024-05-27T06:45;27;kWh;0;1097;0;0;1097;1097
2024-05-27T06:45;2024-05-27T07:00;28;kWh;0;10382;0;0;10382;10382
2024-05-27T07:00;2024-05-27T07:15;29;kWh;0;9048;0;0;9048;9048
2024-05-27T07:15;2024-05-27T07:30;30;kWh;0;8751;0;0;8751;8751
2024-05-27T07:30;2024-05-27T07:45;31;kWh;-6908;987;0;0;7895;-5921
2024-05-27T07:45;2024-05-27T08:00;32;kWh;-14423;0;0;0;14423;-14423
2024-05-27T08:00;2024-05-27T08:15;33;kWh;-15770;0;0;0;15770;-15770
2024-05-27T08:15;2024-05-27T08:30;34;kWh;-15304;0;0;0;15304;-15304
2024-05-27T08:30;2024-05-27T08:45;35;kWh;-41097;0;0;0;41097;-41097
2024-05-27T08:45;2024-05-27T09:00;36;kWh;-52882;0;0;0;52882;-52882
2024-05-27T09:00;2024-05-27T09:15;37;kWh;-21009;0;0;0;21009;-21009
2024-05-27T09:15;2024-05-27T09:30;38;kWh;-32947;0;0;0;32947;-32947
2024-05-27T09:30;2024-05-27T09:45;39;kWh;-56332;0;0;0;56332;-56332
2024-05-27T09:45;2024-05-27T10:00;40;kWh;-22716;0;0;0;22716;-22716
2024-05-27T10:00;2024-05-27T10:15;41;kWh;-31554;0;0;0;31554;-31554
2024-05-27T10:15;2024-05-27T10:30;42;kWh;-35808;0;0;0;35808;-35808
2024-05-27T10:30;2024-05-27T10:45;43;kWh;-17242;0;0;0;17242;-17242
2024-05-27T10:45;2024-05-27T11:00;44;kWh;-33636;0;0;0;33636;-33636
2024-05-27T11:00;2024-05-27T11:15;45;kWh;-33729;0;0;0;33729;-33729
2024-05-27T11:15;2024-05-27T11:30;46;kWh;-24605;260;0;0;24865;-24345
2024-05-27T11:30;2024-05-27T11:45;47;kWh;-18236;122;0;0;18358;-18114
2024-05-27T11:45;2024-05-27T12:00;48;kWh;-19883;735;0;0;20618;-19148
2024-05-27T12:00;2024-05-27T12:15;49;kWh;-6813;6569;0;0;13382;-244
2024-05-27T12:15;2024-05-27T12:30;50;kWh;-22574;6;0;0;22580;-22568
2024-05-27T12:30;2024-05-27T12:45;51;kWh;0;2252;0;0;2252;2252
2024-05-27T12:45;2024-05-27T13:00;52;kWh;0;6439;0;0;6439;6439
2024-05-27T13:00;2024-05-27T13:15;53;kWh;-5149;827;0;0;5976;-4322
2024-05-27T13:15;2024-05-27T13:30;54;kWh;-318;1339;0;0;1657;1021
2024-05-27T13:30;2024-05-27T13:45;55;kWh;0;25184;0;0;25184;25184
2024-05-27T13:45;2024-05-27T14:00;56;kWh;-1964;3221;0;0;5185;1257
2024-05-27T14:00;2024-05-27T14:15;57;kWh;-13882;0;0;0;13882;-13882
2024-05-27T14:15;2024-05-27T14:30;58;kWh;-18531;0;0;0;18531;-18531
2024-05-27T14:30;2024-05-27T14:45;59;kWh;-1830;0;0;0;1830;-1830
2024-05-27T14:45;2024-05-27T15:00;60;kWh;-28044;0;0;0;28044;-28044
2024-05-27T15:00;2024-05-27T15:15;61;kWh;-24428;0;0;0;24428;-24428
2024-05-27T15:15;2024-05-27T15:30;62;kWh;-2864;15;0;0;2879;-2849
2024-05-27T15:30;2024-05-27T15:45;63;kWh;-7532;0;0;0;7532;-7532
2024-05-27T15:45;2024-05-27T16:00;64;kWh;-1018;0;0;0;1018;-1018
2024-05-27T16:00;2024-05-27T16:15;65;kWh;-21047;8;0;0;21055;-21039
2024-05-27T16:15;2024-05-27T16:30;66;kWh;-318;149;0;0;467;-169
2024-05-27T16:30;2024-05-27T16:45;67;kWh;0;17742;0;0;17742;17742
2024-05-27T16:45;2024-05-27T17:00;68;kWh;0;49676;0;0;49676;49676
2024-05-27T17:00;2024-05-27T17:15;69;kWh;-2;6478;0;0;6480;6476
2024-05-27T17:15;2024-05-27T17:30;70;kWh;-710;0;0;0;710;-710
2024-05-27T17:30;2024-05-27T17:45;71;kWh;-240;0;0;0;240;-240
2024-05-27T17:45;2024-05-27T18:00;72;kWh;-307;0;0;0;307;-307
2024-05-27T18:00;2024-05-27T18:15;73;kWh;0;895;0;0;895;895
2024-05-27T18:15;2024-05-27T18:30;74;kWh;0;5302;0;0;5302;5302
2024-05-27T18:30;2024-05-27T18:45;75;kWh;0;13722;0;0;13722;13722
2024-05-27T18:45;2024-05-27T19:00;76;kWh;0;2767;0;0;2767;2767
2024-05-27T19:00;2024-05-27T19:15;77;kWh;0;9661;0;0;9661;9661
2024-05-27T19:15;2024-05-27T19:30;78;kWh;0;15962;0;0;15962;15962
2024-05-27T19:30;2024-05-27T19:45;79;kWh;0;1813;0;0;1813;1813
2024-05-27T19:45;2024-05-27T20:00;80;kWh;0;7877;0;0;7877;7877
2024-05-27T20:00;2024-05-27T20:15;81;kWh;0;1786;0;0;1786;1786
2024-05-27T20:15;2024-05-27T20:30;82;kWh;0;0;0;0;0;0
2024-05-27T20:30;2024-05-27T20:45;83;kWh;0;125;0;0;125;125
2024-05-27T20:45;2024-05-27T21:00;84;kWh;0;4161;0;0;4161;4161
2024-05-27T21:00;2024-05-27T21:15;85;kWh;0;15130;0;0;15130;15130
2024-05-27T21:15;2024-05-27T21:30;86;kWh;0;6983;0;0;6983;6983
2024-05-27T21:30;2024-05-27T21:45;87;kWh;0;1524;0;0;1524;1524
2024-05-27T21:45;2024-05-27T22:00;88;kWh;0;3831;0;0;3831;3831
2024-05-27T22:00;2024-05-27T22:15;89;kWh;0;21069;0;0;21069;21069
2024-05-27T22:15;2024-05-27T22:30;90;kWh;0;27919;0;0;27919;27919
2024-05-27T22:30;2024-05-27T22:45;91;kWh;0;21451;0;0;21451;21451
2024-05-27T22:45;2024-05-27T23:00;92;kWh;0;11553;0;0;11553;11553
2024-05-27T23:00;2024-05-27T23:15;93;kWh;-461;38;0;0;499;-423
2024-05-27T23:15;2024-05-27T23:30;94;kWh;0;34177;0;0;34177;34177
2024-05-27T23:30;2024-05-27T23:45;95;kWh;0;30001;0;0;30001;30001
2024-05-27T23:45;2024-05-28T00:00;96;kWh;-10;41546;0;0;41556;41536
2024-05-28T00:00;2024-05-28T00:15;1;kWh;-5248;53;0;0;5301;-5195
2024-05-28T00:15;2024-05-28T00:30;2;kWh;-2336;0;0;0;2336;-2336
2024-05-28T00:30;2024-05-28T00:45;3;kWh;-535;0;0;0;535;-535
2024-05-28T00:45;2024-05-28T01:00;4;kWh;0;8294;0;0;8294;8294
2024-05-28T01:00;2024-05-28T01:15;5;kWh;-31638;1075;0;0;32713;-30563
2024-05-28T01:15;2024-05-28T01:30;6;kWh;-1096;11703;0;0;12799;10607
2024-05-28T01:30;2024-05-28T01:45;7;kWh;0;34806;0;0;34806;34806
2024-05-28T01:45;2024-05-28T02:00;8;kWh;-1811;2585;0;0;4396;774
2024-05-28T02:00;2024-05-28T02:15;9;kWh;-3115;8724;0;0;11839;5609
2024-05-28T02:15;2024-05-28T02:30;10;kWh;0;18823;0;0;18823;18823
2024-05-28T02:30;2024-05-28T02:45;11;kWh;0;457;0;0;457;457
2024-05-28T02:45;2024-05-28T03:00;12;kWh;-527;0;0;0;527;-527
2024-05-28T03:00;2024-05-28T03:15;13;kWh;-1069;0;0;0;1069;-1069
2024-05-28T03:15;2024-05-28T03:30;14;kWh;-4368;0;0;0;4368;-4368
2024-05-28T03:30;2024-05-28T03:45;15;kWh;-6873;0;0;0;6873;-6873
2024-05-28T03:45;2024-05-28T04:00;16;kWh;-38803;0;0;0;38803;-38803
2024-05-28T04:00;2024-05-28T04:15;17;kWh;-17651;0;0;0;17651;-17651
2024-05-28T04:15;2024-05-28T04:30;18;kWh;-17553;0;0;0;17553;-17553
2024-05-28T04:30;2024-05-28T04:45;19;kWh;-19630;0;0;0;19630;-19630
2024-05-28T04:45;2024-05-28T05:00;20;kWh;-15882;0;0;0;15882;-15882
2024-05-28T05:00;2024-05-28T05:15;21;kWh;-1723;0;0;0;1723;-1723
2024-05-28T05:15;2024-05-28T05:30;22;kWh;-600;0;0;0;600;-600
2024-05-28T05:30;2024-05-28T05:45;23;kWh;-3104;0;0;0;3104;-3104
2024-05-28T05:45;2024-05-28T06:00;24;kWh;-13682;0;0;0;13682;-13682
2024-05-28T06:00;2024-05-28T06:15;25;kWh;-9251;0;0;0;9251;-9251
2024-05-28T06:15;2024-05-28T06:30;26;kWh;-268;0;0;0;268;-268
2024-05-28T06:30;2024-05-28T06:45;27;kWh;-409;0;0;0;409;-409
2024-05-28T06:45;2024-05-28T07:00;28;kWh;-4421;0;0;0;4421;-4421
2024-05-28T07:00;2024-05-28T07:15;29;kWh;-12719;0;0;0;12719;-12719
2024-05-28T07:15;2024-05-28T07:30;30;kWh;-7251;0;0;0;7251;-7251
2024-05-28T07:30;2024-05-28T07:45;31;kWh;-36811;0;0;0;36811;-36811
2024-05-28T07:45;2024-05-28T08:00;32;kWh;-17449;2332;0;0;19781;-15117
2024-05-28T08:00;2024-05-28T08:15;33;kWh;0;199;0;0;199;199
2024-05-28T08:15;2024-05-28T08:30;34;kWh;0;945;0;0;945;945
2024-05-28T08:30;2024-05-28T08:45;35;kWh;-94;0;0;0;94;-94
2024-05-28T08:45;2024-05-28T09:00;36;kWh;-3568;0;0;0;3568;-3568
2024-05-28T09:00;2024-05-28T09:15;37;kWh;-614;10517;0;0;11131;9903
2024-05-28T09:15;2024-05-28T09:30;38;kWh;0;21866;0;0;21866;21866
2024-05-28T09:30;2024-05-28T09:45;39;kWh;0;4056;0;0;4056;4056
2024-05-28T09:45;2024-05-28T10:00;40;kWh;-8298;0;0;0;8298;-8298
2024-05-28T10:00;2024-05-28T10:15;41;kWh;-5686;156;0;0;5842;-5530
2024-05-28T10:15;2024-05-28T10:30;42;kWh;-19463;0;0;0;19463;-19463
2024-05-28T10:30;2024-05-28T10:45;43;kWh;-35175;0;0;0;35175;-35175
2024-05-28T10:45;2024-05-28T11:00;44;kWh;-26031;0;0;0;26031;-26031
2024-05-28T11:00;2024-05-28T11:15;45;kWh;-19290;0;0;0;19290;-19290
2024-05-28T11:15;2024-05-28T11:30;46;kWh;-18278;304;0;0;18582;-17974
2024-05-28T11:30;2024-05-28T11:45;47;kWh;-8567;0;0;0;8567;-8567
2024-05-28T11:45;2024-05-28T12:00;48;kWh;-19452;97;0;0;19549;-19355
2024-05-28T12:00;2024-05-28T12:15;49;kWh;0;11204;0;0;11204;11204
2024-05-28T12:15;2024-05-28T12:30;50;kWh;0;26128;0;0;26128;26128
2024-05-28T12:30;2024-05-28T12:45;51;kWh;-23935;0;0;0;23935;-23935
2024-05-28T12:45;2024-05-28T13:00;52;kWh;-23175;0;0;0;23175;-23175
2024-05-28T13:00;2024-05-28T13:15;53;kWh;-30285;0;0;0;30285;-30285
2024-05-28T13:15;2024-05-28T13:30;54;kWh;-32102;0;0;0;32102;-32102
2024-05-28T13:30;2024-05-28T13:45;55;kWh;-28479;0;0;0;28479;-28479
2024-05-28T13:45;2024-05-28T14:00;56;kWh;-27349;0;0;0;27349;-27349
2024-05-28T14:00;2024-05-28T14:15;57;kWh;-22552;0;0;0;22552;-22552
2024-05-28T14:15;2024-05-28T14:30;58;kWh;-24713;708;0;0;25421;-24005
2024-05-28T14:30;2024-05-28T14:45;59;kWh;-22156;1343;0;0;23499;-20813
2024-05-28T14:45;2024-05-28T15:00;60;kWh;-18393;2116;0;0;20509;-16277
2024-05-28T15:00;2024-05-28T15:15;61;kWh;-7431;3003;0;0;10434;-4428
2024-05-28T15:15;2024-05-28T15:30;62;kWh;0;18656;0;0;18656;18656
2024-05-28T15:30;2024-05-28T15:45;63;kWh;0;31927;0;0;31927;31927
2024-05-28T15:45;2024-05-28T16:00;64;kWh;0;9120;0;0;9120;9120
2024-05-28T16:00;2024-05-28T16:15;65;kWh;-9516;9726;0;0;19242;210
2024-05-28T16:15;2024-05-28T16:30;66;kWh;-393;32867;0;0;33260;32474
2024-05-28T16:30;2024-05-28T16:45;67;kWh;-491;1040;0;0;1531;549
2024-05-28T16:45;2024-05-28T17:00;68;kWh;-613;11233;0;0;11846;10620
2024-05-28T17:00;2024-05-28T17:15;69;kWh;-56739;1470;0;0;58209;-55269
2024-05-28T17:15;2024-05-28T17:30;70;kWh;-24294;772;0;0;25066;-23522
2024-05-28T17:30;2024-05-28T17:45;71;kWh;-40626;0;0;0;40626;-40626
2024-05-28T17:45;2024-05-28T18:00;72;kWh;-44285;0;0;0;44285;-44285
2024-05-28T18:00;2024-05-28T18:15;73;kWh;-6350;0;0;0;6350;-6350
2024-05-28T18:15;2024-05-28T18:30;74;kWh;-3340;0;0;0;3340;-3340
2024-05-28T18:30;2024-05-28T18:45;75;kWh;0;4525;0;0;4525;4525
2024-05-28T18:45;2024-05-28T19:00;76;kWh;0;7732;0;0;7732;7732
2024-05-28T19:00;2024-05-28T19:15;77;kWh;0;37999;0;0;37999;37999
2024-05-28T19:15;2024-05-28T19:30;78;kWh;0;25451;0;0;25451;25451
2024-05-28T19:30;2024-05-28T19:45;79;kWh;-808;107;0;0;915;-701
2024-05-28T19:45;2024-05-28T20:00;80;kWh;-18677;0;0;0;18677;-18677
2024-05-28T20:00;2024-05-28T20:15;81;kWh;-38107;0;0;0;38107;-38107
2024-05-28T20:15;2024-05-28T20:30;82;kWh;-65307;0;0;0;65307;-65307
2024-05-28T20:30;2024-05-28T20:45;83;kWh;-29527;0;0;0;29527;-29527
2024-05-28T20:45;2024-05-28T21:00;84;kWh;-17075;0;0;0;17075;-17075
2024-05-28T21:00;2024-05-28T21:15;85;kWh;-12966;0;0;0;12966;-12966
2024-05-28T21:15;2024-05-28T21:30;86;kWh;-2545;0;0;0;2545;-2545
2024-05-28T21:30;2024-05-28T21:45;87;kWh;-492;0;0;0;492;-492
2024-05-28T21:45;2024-05-28T22:00;88;kWh;0;3910;0;0;3910;3910
2024-05-28T22:00;2024-05-28T22:15;89;kWh;-6240;28;0;0;6268;-6212
2024-05-28T22:15;2024-05-28T22:30;90;kWh;-6516;1574;0;0;8090;-4942
2024-05-28T22:30;2024-05-28T22:45;91;kWh;0;22314;0;0;22314;22314
2024-05-28T22:45;2024-05-28T23:00;92;kWh;-13695;497;0;0;14192;-13198
2024-05-28T23:00;2024-05-28T23:15;93;kWh;-11437;0;0;0;11437;-11437
2024-05-28T23:15;2024-05-28T23:30;94;kWh;-16937;0;0;0;16937;-16937
2024-05-28T23:30;2024-05-28T23:45;95;kWh;-9270;0;0;0;9270;-9270
2024-05-28T23:45;2024-05-29T00:00;96;kWh;-8307;0;0;0;8307;-8307
2024-05-29T00:00;2024-05-29T00:15;1;kWh;-1343;0;0;0;1343;-1343
2024-05-29T00:15;2024-05-29T00:30;2;kWh;0;3737;0;0;3737;3737
2024-05-29T00:30;2024-05-29T00:45;3;kWh;-8069;1678;0;0;9747;-6391
2024-05-29T00:45;2024-05-29T01:00;4;kWh;-13425;0;0;0;13425;-13425
2024-05-29T01:00;2024-05-29T01:15;5;kWh;-24;12815;0;0;12839;12791
2024-05-29T01:15;2024-05-29T01:30;6;kWh;0;24412;0;0;24412;24412
2024-05-29T01:30;2024-05-29T01:45;7;kWh;0;37859;0;0;37859;37859
2024-05-29T01:45;2024-05-29T02:00;8;kWh;0;14184;0;0;14184;14184
2024-05-29T02:00;2024-05-29T02:15;9;kWh;-3837;0;0;0;3837;-3837
2024-05-29T02:15;2024-05-29T02:30;10;kWh;-8748;0;0;0;8748;-8748
2024-05-29T02:30;2024-05-29T02:45;11;kWh;-16679;0;0;0;16679;-16679
2024-05-29T02:45;2024-05-29T03:00;12;kWh;-11652;0;0;0;11652;-11652
2024-05-29T03:00;2024-05-29T03:15;13;kWh;-3522;3465;0;0;6987;-57
2024-05-29T03:15;2024-05-29T03:30;14;kWh;0;3922;0;0;3922;3922
2024-05-29T03:30;2024-05-29T03:45;15;kWh;0;7443;0;0;7443;7443
2024-05-29T03:45;2024-05-29T04:00;16;kWh;0;10960;0;0;10960;10960
2024-05-29T04:00;2024-05-29T04:15;17;kWh;0;1187;0;0;1187;1187
2024-05-29T04:15;2024-05-29T04:30;18;kWh;0;0;0;0;0;0
2024-05-29T04:30;2024-05-29T04:45;19;kWh;0;112;0;0;112;112
2024-05-29T04:45;2024-05-29T05:00;20;kWh;0;0;0;0;0;0
2024-05-29T05:00;2024-05-29T05:15;21;kWh;-9647;153;0;0;9800;-9494
2024-05-29T05:15;2024-05-29T05:30;22;kWh;-16493;517;0;0;17010;-15976
2024-05-29T05:30;2024-05-29T05:45;23;kWh;-3390;277;0;0;3667;-3113
2024-05-29T05:45;2024-05-29T06:00;24;kWh;0;528;0;0;528;528
2024-05-29T06:00;2024-05-29T06:15;25;kWh;-10723;2209;0;0;12932;-8514
2024-05-29T06:15;2024-05-29T06:30;26;kWh;-2939;2825;0;0;5764;-114
2024-05-29T06:30;2024-05-29T06:45;27;kWh;0;11840;0;0;11840;11840
2024-05-29T06:45;2024-05-29T07:00;28;kWh;0;26903;0;0;26903;26903
2024-05-29T07:00;2024-05-29T07:15;29;kWh;0;5498;0;0;5498;5498
2024-05-29T07:15;2024-05-29T07:30;30;kWh;0;0;0;0;0;0
2024-05-29T07:30;2024-05-29T07:45;31;kWh;0;0;0;0;0;0
2024-05-29T07:45;2024-05-29T08:00;32;kWh;0;0;0;0;0;0
2024-05-29T08:00;2024-05-29T08:15;33;kWh;-9153;0;0;0;9153;-9153
2024-05-29T08:15;2024-05-29T08:30;34;kWh;-14140;0;0;0;14140;-14140
2024-05-29T08:30;2024-05-29T08:45;35;kWh;-10090;0;0;0;10090;-10090
2024-05-29T08:45;2024-05-29T09:00;36;kWh;-21460;0;0;0;21460;-21460
2024-05-29T09:00;2024-05-29T09:15;37;kWh;-18312;0;0;0;18312;-18312
2024-05-29T09:15;2024-05-29T09:30;38;kWh;-166;0;0;0;166;-166
2024-05-29T09:30;2024-05-29T09:45;39;kWh;-14814;0;0;0;14814;-14814
2024-05-29T09:45;2024-05-29T10:00;40;kWh;-12457;424;0;0;12881;-12033
2024-05-29T10:00;2024-05-29T10:15;41;kWh;-30849;605;0;0;31454;-30244
2024-05-29T10:15;2024-05-29T10:30;42;kWh;-40412;4489;0;0;44901;-35923
2024-05-29T10:30;2024-05-29T10:45;43;kWh;-11991;9701;0;0;21692;-2290
2024-05-29T10:45;2024-05-29T11:00;44;kWh;-263;0;0;0;263;-263
2024-05-29T11:00;2024-05-29T11:15;45;kWh;-24;1734;0;0;1758;1710
2024-05-29T11:15;2024-05-29T11:30;46;kWh;-18812;0;0;0;18812;-18812
2024-05-29T11:30;2024-05-29T11:45;47;kWh;-9211;0;0;0;9211;-9211
2024-05-29T11:45;2024-05-29T12:00;48;kWh;-14026;0;0;0;14026;-14026
2024-05-29T12:00;2024-05-29T12:15;49;kWh;-15003;27;0;0;15030;-14976
2024-05-29T12:15;2024-05-29T12:30;50;kWh;-13205;140;0;0;13345;-13065
2024-05-29T12:30;2024-05-29T12:45;51;kWh;-2207;0;0;0;2207;-2207
2024-05-29T12:45;2024-05-29T13:00;52;kWh;-1280;0;0;0;1280;-1280
2024-05-29T13:00;2024-05-29T13:15;53;kWh;-290;0;0;0;290;-290
2024-05-29T13:15;2024-05-29T13:30;54;kWh;0;35745;0;0;35745;35745
2024-05-29T13:30;2024-05-29T13:45;55;kWh;0;62255;0;0;62255;62255
2024-05-29T13:45;2024-05-29T14:00;56;kWh;0;7140;0;0;7140;7140
2024-05-29T14:00;2024-05-29T14:15;57;kWh;-444;0;0;0;444;-444
2024-05-29T14:15;2024-05-29T14:30;58;kWh;-13538;0;0;0;13538;-13538
2024-05-29T14:30;2024-05-29T14:45;59;kWh;-12995;0;0;0;12995;-12995
2024-05-29T14:45;2024-05-29T15:00;60;kWh;-15742;638;0;0;16380;-15104
2024-05-29T15:00;2024-05-29T15:15;61;kWh;-8210;0;0;0;8210;-8210
2024-05-29T15:15;2024-05-29T15:30;62;kWh;-849;0;0;0;849;-849
2024-05-29T15:30;2024-05-29T15:45;63;kWh;-10438;0;0;0;10438;-10438
2024-05-29T15:45;2024-05-29T16:00;64;kWh;-7186;0;0;0;7186;-7186
2024-05-29T16:00;2024-05-29T16:15;65;kWh;-26020;0;0;0;26020;-26020
2024-05-29T16:15;2024-05-29T16:30;66;kWh;-2619;0;0;0;2619;-2619
2024-05-29T16:30;2024-05-29T16:45;67;kWh;-24028;0;0;0;24028;-24028
2024-05-29T16:45;2024-05-29T17:00;68;kWh;-19667;0;0;0;19667;-19667
2024-05-29T17:00;2024-05-29T17:15;69;kWh;-21247;373;0;0;21620;-20874
2024-05-29T17:15;2024-05-29T17:30;70;kWh;-20886;425;0;0;21311;-20461
2024-05-29T17:30;2024-05-29T17:45;71;kWh;-22710;596;0;0;23306;-22114
2024-05-29T17:45;2024-05-29T18:00;72;kWh;-2130;0;0;0;2130;-2130
2024-05-29T18:00;2024-05-29T18:15;73;kWh;-32375;0;0;0;32375;-32375
2024-05-29T18:15;2024-05-29T18:30;74;kWh;-25627;0;0;0;25627;-25627
2024-05-29T18:30;2024-05-29T18:45;75;kWh;-14280;0;0;0;14280;-14280
2024-05-29T18:45;2024-05-29T19:00;76;kWh;-3444;0;0;0;3444;-3444
2024-05-29T19:00;2024-05-29T19:15;77;kWh;-21733;1511;0;0;23244;-20222
2024-05-29T19:15;2024-05-29T19:30;78;kWh;0;65;0;0;65;65
2024-05-29T19:30;2024-05-29T19:45;79;kWh;0;12243;0;0;12243;12243
2024-05-29T19:45;2024-05-29T20:00;80;kWh;0;38744;0;0;38744;38744
2024-05-29T20:00;2024-05-29T20:15;81;kWh;-40;23694;0;0;23734;23654
2024-05-29T20:15;2024-05-29T20:30;82;kWh;-54;12336;0;0;12390;12282
2024-05-29T20:30;2024-05-29T20:45;83;kWh;0;42151;0;0;42151;42151
2024-05-29T20:45;2024-05-29T21:00;84;kWh;0;62268;0;0;62268;62268
2024-05-29T21:00;2024-05-29T21:15;85;kWh;0;11731;0;0;11731;11731
2024-05-29T21:15;2024-05-29T21:30;86;kWh;0;15410;0;0;15410;15410
2024-05-29T21:30;2024-05-29T21:45;87;kWh;0;24913;0;0;24913;24913
2024-05-29T21:45;2024-05-29T22:00;88;kWh;0;25335;0;0;25335;25335
2024-05-29T22:00;2024-05-29T22:15;89;kWh;0;1331;0;0;1331;1331
2024-05-29T22:15;2024-05-29T22:30;90;kWh;0;0;0;0;0;0
2024-05-29T22:30;2024-05-29T22:45;91;kWh;-489;0;0;0;489;-489
2024-05-29T22:45;2024-05-29T23:00;92;kWh;0;1001;0;0;1001;1001
2024-05-29T23:00;2024-05-29T23:15;93;kWh;0;28165;0;0;28165;28165
2024-05-29T23:15;2024-05-29T23:30;94;kWh;0;42637;0;0;42637;42637
2024-05-29T23:30;2024-05-29T23:45;95;kWh;0;34768;0;0;34768;34768
2024-05-29T23:45;2024-05-30T00:00;96;kWh;0;17806;0;0;17806;17806
2024-05-30T00:00;2024-05-30T00:15;1;kWh;0;54509;0;0;54509;54509
2024-05-30T00:15;2024-05-30T00:30;2;kWh;0;55220;0;0;55220;55220
2024-05-30T00:30;2024-05-30T00:45;3;kWh;0;34626;0;0;34626;34626
2024-05-30T00:45;2024-05-30T01:00;4;kWh;0;33957;0;0;33957;33957
2024-05-30T01:00;2024-05-30T01:15;5;kWh;0;29392;0;0;29392;29392
2024-05-30T01:15;2024-05-30T01:30;6;kWh;0;10139;0;0;10139;10139
2024-05-30T01:30;2024-05-30T01:45;7;kWh;0;10828;0;0;10828;10828
2024-05-30T01:45;2024-05-30T02:00;8;kWh;0;7313;0;0;7313;7313
2024-05-30T02:00;2024-05-30T02:15;9;kWh;0;18566;0;0;18566;18566
2024-05-30T02:15;2024-05-30T02:30;10;kWh;0;27491;0;0;27491;27491
2024-05-30T02:30;2024-05-30T02:45;11;kWh;0;48263;0;0;48263;48263
2024-05-30T02:45;2024-05-30T03:00;12;kWh;0;63936;0;0;63936;63936
2024-05-30T03:00;2024-05-30T03:15;13;kWh;0;62835;0;0;62835;62835
2024-05-30T03:15;2024-05-30T03:30;14;kWh;0;36441;0;0;36441;36441
2024-05-30T03:30;2024-05-30T03:45;15;kWh;0;45859;0;0;45859;45859
2024-05-30T03:45;2024-05-30T04:00;16;kWh;0;64552;0;0;64552;64552
2024-05-30T04:00;2024-05-30T04:15;17;kWh;0;6792;0;0;6792;6792
2024-05-30T04:15;2024-05-30T04:30;18;kWh;0;0;0;0;0;0
2024-05-30T04:30;2024-05-30T04:45;19;kWh;0;0;0;0;0;0
2024-05-30T04:45;2024-05-30T05:00;20;kWh;0;0;0;0;0;0
2024-05-30T05:00;2024-05-30T05:15;21;kWh;0;0;0;0;0;0
2024-05-30T05:15;2024-05-30T05:30;22;kWh;-587;0;0;0;587;-587
2024-05-30T05:30;2024-05-30T05:45;23;kWh;-6802;0;0;0;6802;-6802
2024-05-30T05:45;2024-05-30T06:00;24;kWh;-23808;0;0;0;23808;-23808
2024-05-30T06:00;2024-05-30T06:15;25;kWh;-14859;1481;0;0;16340;-13378
2024-05-30T06:15;2024-05-30T06:30;26;kWh;0;1577;0;0;1577;1577
2024-05-30T06:30;2024-05-30T06:45;27;kWh;0;0;0;0;0;0
2024-05-30T06:45;2024-05-30T07:00;28;kWh;-440;0;0;0;440;-440
2024-05-30T07:00;2024-05-30T07:15;29;kWh;0;5292;0;0;5292;5292
2024-05-30T07:15;2024-05-30T07:30;30;kWh;0;40787;0;0;40787;40787
2024-05-30T07:30;2024-05-30T07:45;31;kWh;0;24902;0;0;24902;24902
2024-05-30T07:45;2024-05-30T08:00;32;kWh;0;12087;0;0;12087;12087
2024-05-30T08:00;2024-05-30T08:15;33;kWh;0;45374;0;0;45374;45374
2024-05-30T08:15;2024-05-30T08:30;34;kWh;-6364;1476;0;0;7840;-4888
2024-05-30T08:30;2024-05-30T08:45;35;kWh;-33257;0;0;0;33257;-33257
2024-05-30T08:45;2024-05-30T09:00;36;kWh;-42860;0;0;0;42860;-42860
2024-05-30T09:00;2024-05-30T09:15;37;kWh;-11960;0;0;0;11960;-11960
2024-05-30T09:15;2024-05-30T09:30;38;kWh;-52939;0;0;0;52939;-52939
2024-05-30T09:30;2024-05-30T09:45;39;kWh;-28015;0;0;0;28015;-28015
2024-05-30T09:45;2024-05-30T10:00;40;kWh;-39322;0;0;0;39322;-39322
2024-05-30T10:00;2024-05-30T10:15;41;kWh;-25777;0;0;0;25777;-25777
2024-05-30T10:15;2024-05-30T10:30;42;kWh;-33335;0;0;0;33335;-33335
2024-05-30T10:30;2024-05-30T10:45;43;kWh;-17789;0;0;0;17789;-17789
2024-05-30T10:45;2024-05-30T11:00;44;kWh;-8857;0;0;0;8857;-8857
2024-05-30T11:00;2024-05-30T11:15;45;kWh;-2905;0;0;0;2905;-2905
2024-05-30T11:15;2024-05-30T11:30;46;kWh;0;0;0;0;0;0
2024-05-30T11:30;2024-05-30T11:45;47;kWh;0;0;0;0;0;0
2024-05-30T11:45;2024-05-30T12:00;48;kWh;-18470;0;0;0;18470;-18470
2024-05-30T12:00;2024-05-30T12:15;49;kWh;-4581;133;0;0;4714;-4448
2024-05-30T12:15;2024-05-30T12:30;50;kWh;0;55969;0;0;55969;55969
2024-05-30T12:30;2024-05-30T12:45;51;kWh;0;37109;0;0;37109;37109
2024-05-30T12:45;2024-05-30T13:00;52;kWh;0;72;0;0;72;72
2024-05-30T13:00;2024-05-30T13:15;53;kWh;0;27761;0;0;27761;27761
2024-05-30T13:15;2024-05-30T13:30;54;kWh;-1461;6597;0;0;8058;5136
2024-05-30T13:30;2024-05-30T13:45;55;kWh;-908;40;0;0;948;-868
2024-05-30T13:45;2024-05-30T14:00;56;kWh;0;23150;0;0;23150;23150
2024-05-30T14:00;2024-05-30T14:15;57;kWh;-795;3847;0;0;4642;3052
2024-05-30T14:15;2024-05-30T14:30;58;kWh;-582;7379;0;0;7961;6797
2024-05-30T14:30;2024-05-30T14:45;59;kWh;-8214;0;0;0;8214;-8214
2024-05-30T14:45;2024-05-30T15:00;60;kWh;-13688;0;0;0;13688;-13688
2024-05-30T15:00;2024-05-30T15:15;61;kWh;-7019;0;0;0;7019;-7019
2024-05-30T15:15;2024-05-30T15:30;62;kWh;-916;0;0;0;916;-916
2024-05-30T15:30;2024-05-30T15:45;63;kWh;-293;0;0;0;293;-293
2024-05-30T15:45;2024-05-30T16:00;64;kWh;-16774;0;0;0;16774;-16774
2024-05-30T16:00;2024-05-30T16:15;65;kWh;-24076;0;0;0;24076;-24076
2024-05-30T16:15;2024-05-30T16:30;66;kWh;-28242;0;0;0;28242;-28242
2024-05-30T16:30;2024-05-30T16:45;67;kWh;-33389;0;0;0;33389;-33389
2024-05-30T16:45;2024-05-30T17:00;68;kWh;-38752;0;0;0;38752;-38752
2024-05-30T17:00;2024-05-30T17:15;69;kWh;-28099;0;0;0;28099;-28099
2024-05-30T17:15;2024-05-30T17:30;70;kWh;-17811;0;0;0;17811;-17811
2024-05-30T17:30;2024-05-30T17:45;71;kWh;-1840;0;0;0;1840;-1840
2024-05-30T17:45;2024-05-30T18:00;72;kWh;-3505;0;0;0;3505;-3505
2024-05-30T18:00;2024-05-30T18:15;73;kWh;-10517;0;0;0;10517;-10517
2024-05-30T18:15;2024-05-30T18:30;74;kWh;-112;7679;0;0;7791;7567
2024-05-30T18:30;2024-05-30T18:45;75;kWh;0;11367;0;0;11367;11367
2024-05-30T18:45;2024-05-30T19:00;76;kWh;0;15677;0;0;15677;15677
2024-05-30T19:00;2024-05-30T19:15;77;kWh;-634;28750;0;0;29384;28116
2024-05-30T19:15;2024-05-30T19:30;78;kWh;-12006;0;0;0;12006;-12006
2024-05-30T19:30;2024-05-30T19:45;79;kWh;-3595;0;0;0;3595;-3595
2024-05-30T19:45;2024-05-30T20:00;80;kWh;-14;7871;0;0;7885;7857
2024-05-30T20:00;2024-05-30T20:15;81;kWh;0;5774;0;0;5774;5774
2024-05-30T20:15;2024-05-30T20:30;82;kWh;0;4246;0;0;4246;4246
2024-05-30T20:30;2024-05-30T20:45;83;kWh;0;26749;0;0;26749;26749
2024-05-30T20:45;2024-05-30T21:00;84;kWh;0;1763;0;0;1763;1763
2024-05-30T21:00;2024-05-30T21:15;85;kWh;0;4415;0;0;4415;4415
2024-05-30T21:15;2024-05-30T21:30;86;kWh;0;7688;0;0;7688;7688
2024-05-30T21:30;2024-05-30T21:45;87;kWh;-2819;0;0;0;2819;-2819
2024-05-30T21:45;2024-05-30T22:00;88;kWh;-18741;0;0;0;18741;-18741
2024-05-30T22:00;2024-05-30T22:15;89;kWh;-15457;0;0;0;15457;-15457
2024-05-30T22:15;2024-05-30T22:30;90;kWh;-27854;0;0;0;27854;-27854
2024-05-30T22:30;2024-05-30T22:45;91;kWh;-14066;0;0;0;14066;-14066
2024-05-30T22:45;2024-05-30T23:00;92;kWh;-4694;0;0;0;4694;-4694
2024-05-30T23:00;2024-05-30T23:15;93;kWh;-4821;5889;0;0;10710;1068
2024-05-30T23:15;2024-05-30T23:30;94;kWh;0;26048;0;0;26048;26048
2024-05-30T23:30;2024-05-30T23:45;95;kWh;0;2924;0;0;2924;2924
2024-05-30T23:45;2024-05-31T00:00;96;kWh;0;356;0;0;356;356
2024-05-31T00:00;2024-05-31T00:15;1;kWh;0;7705;0;0;7705;7705
2024-05-31T00:15;2024-05-31T00:30;2;kWh;-8535;0;0;0;8535;-8535
2024-05-31T00:30;2024-05-31T00:45;3;kWh;-27560;0;0;0;27560;-27560
2024-05-31T00:45;2024-05-31T01:00;4;kWh;-30246;0;0;0;30246;-30246
2024-05-31T01:00;2024-05-31T01:15;5;kWh;-7841;0;0;0;7841;-7841
2024-05-31T01:15;2024-05-31T01:30;6;kWh;-1477;0;0;0;1477;-1477
2024-05-31T01:30;2024-05-31T01:45;7;kWh;-11475;0;0;0;11475;-11475
2024-05-31T01:45;2024-05-31T02:00;8;kWh;-55109;0;0;0;55109;-55109
2024-05-31T02:00;2024-05-31T02:15;9;kWh;-28496;0;0;0;28496;-28496
2024-05-31T02:15;2024-05-31T02:30;10;kWh;-30119;0;0;0;30119;-30119
2024-05-31T02:30;2024-05-31T02:45;11;kWh;-27110;0;0;0;27110;-27110
2024-05-31T02:45;2024-05-31T03:00;12;kWh;-24919;0;0;0;24919;-24919
2024-05-31T03:00;2024-05-31T03:15;13;kWh;-2605;4841;0;0;7446;2236
2024-05-31T03:15;2024-05-31T03:30;14;kWh;0;6277;0;0;6277;6277
2024-05-31T03:30;2024-05-31T03:45;15;kWh;0;6539;0;0;6539;6539
2024-05-31T03:45;2024-05-31T04:00;16;kWh;0;3535;0;0;3535;3535
2024-05-31T04:00;2024-05-31T04:15;17;kWh;0;4831;0;0;4831;4831
2024-05-31T04:15;2024-05-31T04:30;18;kWh;0;8496;0;0;8496;8496
2024-05-31T04:30;2024-05-31T04:45;19;kWh;0;2158;0;0;2158;2158
2024-05-31T04:45;2024-05-31T05:00;20;kWh;-3478;0;0;0;3478;-3478
2024-05-31T05:00;2024-05-31T05:15;21;kWh;-6488;0;0;0;6488;-6488
2024-05-31T05:15;2024-05-31T05:30;22;kWh;-1425;0;0;0;1425;-1425
2024-05-31T05:30;2024-05-31T05:45;23;kWh;0;11364;0;0;11364;11364
2024-05-31T05:45;2024-05-31T06:00;24;kWh;0;18825;0;0;18825;18825
2024-05-31T06:00;2024-05-31T06:15;25;kWh;0;5515;0;0;5515;5515
2024-05-31T06:15;2024-05-31T06:30;26;kWh;0;14469;0;0;14469;14469
2024-05-31T06:30;2024-05-31T06:45;27;kWh;-17;2208;0;0;2225;2191
2024-05-31T06:45;2024-05-31T07:00;28;kWh;-8470;0;0;0;8470;-8470
2024-05-31T07:00;2024-05-31T07:15;29;kWh;-648;0;0;0;648;-648
2024-05-31T07:15;2024-05-31T07:30;30;kWh;-3823;0;0;0;3823;-3823
2024-05-31T07:30;2024-05-31T07:45;31;kWh;-6429;0;0;0;6429;-6429
2024-05-31T07:45;2024-05-31T08:00;32;kWh;-3876;0;0;0;3876;-3876
2024-05-31T08:00;2024-05-31T08:15;33;kWh;-58;0;0;0;58;-58
2024-05-31T08:15;2024-05-31T08:30;34;kWh;-3705;0;0;0;3705;-3705
2024-05-31T08:30;2024-05-31T08:45;35;kWh;-8114;0;0;0;8114;-8114
2024-05-31T08:45;2024-05-31T09:00;36;kWh;-1346;0;0;0;1346;-1346
2024-05-31T09:00;2024-05-31T09:15;37;kWh;-365;0;0;0;365;-365
2024-05-31T09:15;2024-05-31T09:30;38;kWh;0;0;0;0;0;0
2024-05-31T09:30;2024-05-31T09:45;39;kWh;0;19250;0;0;19250;19250
2024-05-31T09:45;2024-05-31T10:00;40;kWh;0;27926;0;0;27926;27926
2024-05-31T10:00;2024-05-31T10:15;41;kWh;0;42587;0;0;42587;42587
2024-05-31T10:15;2024-05-31T10:30;42;kWh;0;32747;0;0;32747;32747
2024-05-31T10:30;2024-05-31T10:45;43;kWh;0;9412;0;0;9412;9412
2024-05-31T10:45;2024-05-31T11:00;44;kWh;-31043;0;0;0;31043;-31043
2024-05-31T11:00;2024-05-31T11:15;45;kWh;-55828;0;0;0;55828;-55828
2024-05-31T11:15;2024-05-31T11:30;46;kWh;-34388;0;0;0;34388;-34388
2024-05-31T11:30;2024-05-31T11:45;47;kWh;-14118;0;0;0;14118;-14118
2024-05-31T11:45;2024-05-31T12:00;48;kWh;-46490;0;0;0;46490;-46490
2024-05-31T12:00;2024-05-31T12:15;49;kWh;-8526;325;0;0;8851;-8201
2024-05-31T12:15;2024-05-31T12:30;50;kWh;-1379;78;0;0;1457;-1301
2024-05-31T12:30;2024-05-31T12:45;51;kWh;-7268;0;0;0;7268;-7268
2024-05-31T12:45;2024-05-31T13:00;52;kWh;-31470;0;0;0;31470;-31470
2024-05-31T13:00;2024-05-31T13:15;53;kWh;-25412;0;0;0;25412;-25412
2024-05-31T13:15;2024-05-31T13:30;54;kWh;-57730;0;0;0;57730;-57730
2024-05-31T13:30;2024-05-31T13:45;55;kWh;-54544;0;0;0;54544;-54544
2024-05-31T13:45;2024-05-31T14:00;56;kWh;-75694;0;0;0;75694;-75694
2024-05-31T14:00;2024-05-31T14:15;57;kWh;-21894;0;0;0;21894;-21894
2024-05-31T14:15;2024-05-31T14:30;58;kWh;-39855;0;0;0;39855;-39855
2024-05-31T14:30;2024-05-31T14:45;59;kWh;-12899;0;0;0;12899;-12899
2024-05-31T14:45;2024-05-31T15:00;60;kWh;-36784;0;0;0;36784;-36784
2024-05-31T15:00;2024-05-31T15:15;61;kWh;-10523;1860;0;0;12383;-8663
2024-05-31T15:15;2024-05-31T15:30;62;kWh;0;48478;0;0;48478;48478
2024-05-31T15:30;2024-05-31T15:45;63;kWh;0;76611;0;0;76611;76611
2024-05-31T15:45;2024-05-31T16:00;64;kWh;0;67215;0;0;67215;67215
2024-05-31T16:00;2024-05-31T16:15;65;kWh;0;2790;0;0;2790;2790
2024-05-31T16:15;2024-05-31T16:30;66;kWh;0;0;0;0;0;0
2024-05-31T16:30;2024-05-31T16:45;67;kWh;0;0;0;0;0;0
2024-05-31T16:45;2024-05-31T17:00;68;kWh;-7;0;0;0;7;-7
2024-05-31T17:00;2024-05-31T17:15;69;kWh;0;1960;0;0;1960;1960
2024-05-31T17:15;2024-05-31T17:30;70;kWh;0;33580;0;0;33580;33580
2024-05-31T17:30;2024-05-31T17:45;71;kWh;0;24350;0;0;24350;24350
2024-05-31T17:45;2024-05-31T18:00;72;kWh;0;17;0;0;17;17
2024-05-31T18:00;2024-05-31T18:15;73;kWh;-13512;0;0;0;13512;-13512
2024-05-31T18:15;2024-05-31T18:30;74;kWh;-21908;43;0;0;21951;-21865
2024-05-31T18:30;2024-05-31T18:45;75;kWh;0;7352;0;0;7352;7352
2024-05-31T18:45;2024-05-31T19:00;76;kWh;0;24186;0;0;24186;24186
2024-05-31T19:00;2024-05-31T19:15;77;kWh;0;19600;0;0;19600;19600
2024-05-31T19:15;2024-05-31T19:30;78;kWh;0;19595;0;0;19595;19595
2024-05-31T19:30;2024-05-31T19:45;79;kWh;0;33107;0;0;33107;33107
2024-05-31T19:45;2024-05-31T20:00;80;kWh;0;10726;0;0;10726;10726
2024-05-31T20:00;2024-05-31T20:15;81;kWh;-2391;630;0;0;3021;-1761
2024-05-31T20:15;2024-05-31T20:30;82;kWh;-2077;0;0;0;2077;-2077
2024-05-31T20:30;2024-05-31T20:45;83;kWh;0;1909;0;0;1909;1909
2024-05-31T20:45;2024-05-31T21:00;84;kWh;-17;1792;0;0;1809;1775
2024-05-31T21:00;2024-05-31T21:15;85;kWh;-173;0;0;0;173;-173
2024-05-31T21:15;2024-05-31T21:30;86;kWh;0;4895;0;0;4895;4895
2024-05-31T21:30;2024-05-31T21:45;87;kWh;0;14439;0;0;14439;14439
2024-05-31T21:45;2024-05-31T22:00;88;kWh;0;17168;0;0;17168;17168
2024-05-31T22:00;2024-05-31T22:15;89;kWh;-5346;265;0;0;5611;-5081
2024-05-31T22:15;2024-05-31T22:30;90;kWh;-506;0;0;0;506;-506
2024-05-31T22:30;2024-05-31T22:45;91;kWh;-1836;0;0;0;1836;-1836
2024-05-31T22:45;2024-05-31T23:00;92;kWh;-2321;0;0;0;2321;-2321
2024-05-31T23:00;2024-05-31T23:15;93;kWh;-885;0;0;0;885;-885
2024-05-31T23:15;2024-05-31T23:30;94;kWh;0;8384;0;0;8384;8384
2024-05-31T23:30;2024-05-31T23:45;95;kWh;0;25980;0;0;25980;25980
2024-05-31T23:45;2024-06-01T00:00;96;kWh;0;24399;0;0;24399;24399
2024-06-01T00:00;2024-06-01T00:15;1;kWh;0;5940;0;0;5940;5940
2024-06-01T00:15;2024-06-01T00:30;2;kWh;0;21849;0;0;21849;21849
2024-06-01T00:30;2024-06-01T00:45;3;kWh;0;26963;0;0;26963;26963
2024-06-01T00:45;2024-06-01T01:00;4;kWh;0;23659;0;0;23659;23659
2024-06-01T01:00;2024-06-01T01:15;5;kWh;0;3035;0;0;3035;3035
2024-06-01T01:15;2024-06-01T01:30;6;kWh;0;4678;0;0;4678;4678
2024-06-01T01:30;2024-06-01T01:45;7;kWh;0;738;0;0;738;738
2024-06-01T01:45;2024-06-01T02:00;8;kWh;0;8;0;0;8;8
2024-06-01T02:00;2024-06-01T02:15;9;kWh;-90;0;0;0;90;-90
2024-06-01T02:15;2024-06-01T02:30;10;kWh;0;1039;0;0;1039;1039
2024-06-01T02:30;2024-06-01T02:45;11;kWh;-4;500;0;0;504;496
2024-06-01T02:45;2024-06-01T03:00;12;kWh;-2112;0;0;0;2112;-2112
2024-06-01T03:00;2024-06-01T03:15;13;kWh;-439;0;0;0;439;-439
2024-06-01T03:15;2024-06-01T03:30;14;kWh;0;0;0;0;0;0
2024-06-01T03:30;2024-06-01T03:45;15;kWh;0;7435;0;0;7435;7435
2024-06-01T03:45;2024-06-01T04:00;16;kWh;0;11119;0;0;11119;11119
2024-06-01T04:00;2024-06-01T04:15;17;kWh;0;11244;0;0;11244;11244
2024-06-01T04:15;2024-06-01T04:30;18;kWh;0;11202;0;0;11202;11202
2024-06-01T04:30;2024-06-01T04:45;19;kWh;0;16301;0;0;16301;16301
2024-06-01T04:45;2024-06-01T05:00;20;kWh;0;10074;0;0;10074;10074
2024-06-01T05:00;2024-06-01T05:15;21;kWh;0;8202;0;0;8202;8202
2024-06-01T05:15;2024-06-01T05:30;22;kWh;0;2482;0;0;2482;2482
2024-06-01T05:30;2024-06-01T05:45;23;kWh;-998;0;0;0;998;-998
2024-06-01T05:45;2024-06-01T06:00;24;kWh;-7576;0;0;0;7576;-7576
2024-06-01T06:00;2024-06-01T06:15;25;kWh;-15737;0;0;0;15737;-15737
2024-06-01T06:15;2024-06-01T06:30;26;kWh;0;0;0;0;0;0
2024-06-01T06:30;2024-06-01T06:45;27;kWh;0;0;0;0;0;0
2024-06-01T06:45;2024-06-01T07:00;28;kWh;0;274;0;0;274;274
2024-06-01T07:00;2024-06-01T07:15;29;kWh;0;42319;0;0;42319;42319
2024-06-01T07:15;2024-06-01T07:30;30;kWh;0;6486;0;0;6486;6486
2024-06-01T07:30;2024-06-01T07:45;31;kWh;0;15799;0;0;15799;15799
2024-06-01T07:45;2024-06-01T08:00;32;kWh;0;22828;0;0;22828;22828
2024-06-01T08:00;2024-06-01T08:15;33;kWh;0;2914;0;0;2914;2914
2024-06-01T08:15;2024-06-01T08:30;34;kWh;0;404;0;0;404;404
2024-06-01T08:30;2024-06-01T08:45;35;kWh;0;17111;0;0;17111;17111
2024-06-01T08:45;2024-06-01T09:00;36;kWh;0;22750;0;0;22750;22750
2024-06-01T09:00;2024-06-01T09:15;37;kWh;0;33542;0;0;33542;33542
2024-06-01T09:15;2024-06-01T09:30;38;kWh;0;58562;0;0;58562;58562
2024-06-01T09:30;2024-06-01T09:45;39;kWh;0;54969;0;0;54969;54969
2024-06-01T09:45;2024-06-01T10:00;40;kWh;0;34630;0;0;34630;34630
2024-06-01T10:00;2024-06-01T10:15;41;kWh;0;66305;0;0;66305;66305
2024-06-01T10:15;2024-06-01T10:30;42;kWh;0;58649;0;0;58649;58649
2024-06-01T10:30;2024-06-01T10:45;43;kWh;0;45569;0;0;45569;45569
2024-06-01T10:45;2024-06-01T11:00;44;kWh;0;33936;0;0;33936;33936
2024-06-01T11:00;2024-06-01T11:15;45;kWh;0;41831;0;0;41831;41831
2024-06-01T11:15;2024-06-01T11:30;46;kWh;0;35937;0;0;35937;35937
2024-06-01T11:30;2024-06-01T11:45;47;kWh;0;39453;0;0;39453;39453
2024-06-01T11:45;2024-06-01T12:00;48;kWh;0;34570;0;0;34570;34570
2024-06-01T12:00;2024-06-01T12:15;49;kWh;0;83610;0;0;83610;83610
2024-06-01T12:15;2024-06-01T12:30;50;kWh;0;51328;0;0;51328;51328
2024-06-01T12:30;2024-06-01T12:45;51;kWh;0;24384;0;0;24384;24384
2024-06-01T12:45;2024-06-01T13:00;52;kWh;0;26661;0;0;26661;26661
2024-06-01T13:00;2024-06-01T13:15;53;kWh;0;27952;0;0;27952;27952
2024-06-01T13:15;2024-06-01T13:30;54;kWh;0;21039;0;0;21039;21039
2024-06-01T13:30;2024-06-01T13:45;55;kWh;0;351;0;0;351;351
2024-06-01T13:45;2024-06-01T14:00;56;kWh;0;10217;0;0;10217;10217
2024-06-01T14:00;2024-06-01T14:15;57;kWh;0;41100;0;0;41100;41100
2024-06-01T14:15;2024-06-01T14:30;58;kWh;0;27176;0;0;27176;27176
2024-06-01T14:30;2024-06-01T14:45;59;kWh;0;53783;0;0;53783;53783
2024-06-01T14:45;2024-06-01T15:00;60;kWh;0;29260;0;0;29260;29260
2024-06-01T15:00;2024-06-01T15:15;61;kWh;0;57381;0;0;57381;57381
2024-06-01T15:15;2024-06-01T15:30;62;kWh;0;46510;0;0;46510;46510
2024-06-01T15:30;2024-06-01T15:45;63;kWh;0;52113;0;0;52113;52113
2024-06-01T15:45;2024-06-01T16:00;64;kWh;0;45397;0;0;45397;45397
2024-06-01T16:00;2024-06-01T16:15;65;kWh;0;24766;0;0;24766;24766
2024-06-01T16:15;2024-06-01T16:30;66;kWh;0;37890;0;0;37890;37890
2024-06-01T16:30;2024-06-01T16:45;67;kWh;0;71276;0;0;71276;71276
2024-06-01T16:45;2024-06-01T17:00;68;kWh;0;86063;0;0;86063;86063
2024-06-01T17:00;2024-06-01T17:15;69;kWh;-3216;3837;0;0;7053;621
2024-06-01T17:15;2024-06-01T17:30;70;kWh;0;38618;0;0;38618;38618
2024-06-01T17:30;2024-06-01T17:45;71;kWh;0;78903;0;0;78903;78903
2024-06-01T17:45;2024-06-01T18:00;72;kWh;0;88056;0;0;88056;88056
2024-06-01T18:00;2024-06-01T18:15;73;kWh;-19894;5700;0;0;25594;-14194
2024-06-01T18:15;2024-06-01T18:30;74;kWh;-5823;0;0;0;5823;-5823
2024-06-01T18:30;2024-06-01T18:45;75;kWh;0;0;0;0;0;0
2024-06-01T18:45;2024-06-01T19:00;76;kWh;0;66;0;0;66;66
2024-06-01T19:00;2024-06-01T19:15;77;kWh;-840;0;0;0;840;-840
2024-06-01T19:15;2024-06-01T19:30;78;kWh;-5369;0;0;0;5369;-5369
2024-06-01T19:30;2024-06-01T19:45;79;kWh;-4414;0;0;0;4414;-4414
2024-06-01T19:45;2024-06-01T20:00;80;kWh;-508;0;0;0;508;-508
2024-06-01T20:00;2024-06-01T20:15;81;kWh;-11786;0;0;0;11786;-11786
2024-06-01T20:15;2024-06-01T20:30;82;kWh;-14763;11;0;0;14774;-14752
2024-06-01T20:30;2024-06-01T20:45;83;kWh;-6179;0;0;0;6179;-6179
2024-06-01T20:45;2024-06-01T21:00;84;kWh;-6618;0;0;0;6618;-6618
2024-06-01T21:00;2024-06-01T21:15;85;kWh;-24167;1282;0;0;25449;-22885
2024-06-01T21:15;2024-06-01T21:30;86;kWh;-19302;0;0;0;19302;-19302
2024-06-01T21:30;2024-06-01T21:45;87;kWh;-28461;1741;0;0;30202;-26720
2024-06-01T21:45;2024-06-01T22:00;88;kWh;-20469;0;0;0;20469;-20469
2024-06-01T22:00;2024-06-01T22:15;89;kWh;-857;0;0;0;857;-857
2024-06-01T22:15;2024-06-01T22:30;90;kWh;-7999;0;0;0;7999;-7999
2024-06-01T22:30;2024-06-01T22:45;91;kWh;-1030;0;0;0;1030;-1030
2024-06-01T22:45;2024-06-01T23:00;92;kWh;-7891;0;0;0;7891;-7891
2024-06-01T23:00;2024-06-01T23:15;93;kWh;-7377;11051;0;0;18428;3674
2024-06-01T23:15;2024-06-01T23:30;94;kWh;0;10259;0;0;10259;10259
2024-06-01T23:30;2024-06-01T23:45;95;kWh;-61;14856;0;0;14917;14795
2024-06-01T23:45;2024-06-02T00:00;96;kWh;-1275;936;0;0;2211;-339
2024-06-02T00:00;2024-06-02T00:15;1;kWh;-82;7921;0;0;8003;7839
2024-06-02T00:15;2024-06-02T00:30;2;kWh;0;9272;0;0;9272;9272
2024-06-02T00:30;2024-06-02T00:45;3;kWh;0;6078;0;0;6078;6078
2024-06-02T00:45;2024-06-02T01:00;4;kWh;0;4448;0;0;4448;4448
2024-06-02T01:00;2024-06-02T01:15;5;kWh;0;12646;0;0;12646;12646
2024-06-02T01:15;2024-06-02T01:30;6;kWh;0;9570;0;0;9570;9570
2024-06-02T01:30;2024-06-02T01:45;7;kWh;0;3099;0;0;3099;3099
2024-06-02T01:45;2024-06-02T02:00;8;kWh;0;8595;0;0;8595;8595
2024-06-02T02:00;2024-06-02T02:15;9;kWh;0;28190;0;0;28190;28190
2024-06-02T02:15;2024-06-02T02:30;10;kWh;0;26470;0;0;26470;26470
2024-06-02T02:30;2024-06-02T02:45;11;kWh;0;31838;0;0;31838;31838
2024-06-02T02:45;2024-06-02T03:00;12;kWh;0;40544;0;0;40544;40544
2024-06-02T03:00;2024-06-02T03:15;13;kWh;0;8366;0;0;8366;8366
2024-06-02T03:15;2024-06-02T03:30;14;kWh;0;5921;0;0;5921;5921
2024-06-02T03:30;2024-06-02T03:45;15;kWh;0;15111;0;0;15111;15111
2024-06-02T03:45;2024-06-02T04:00;16;kWh;0;25896;0;0;25896;25896
2024-06-02T04:00;2024-06-02T04:15;17;kWh;0;13288;0;0;13288;13288
2024-06-02T04:15;2024-06-02T04:30;18;kWh;0;1389;0;0;1389;1389
2024-06-02T04:30;2024-06-02T04:45;19;kWh;0;7597;0;0;7597;7597
2024-06-02T04:45;2024-06-02T05:00;20;kWh;0;2019;0;0;2019;2019
2024-06-02T05:00;2024-06-02T05:15;21;kWh;0;7460;0;0;7460;7460
2024-06-02T05:15;2024-06-02T05:30;22;kWh;0;7128;0;0;7128;7128
2024-06-02T05:30;2024-06-02T05:45;23;kWh;0;31711;0;0;31711;31711
2024-06-02T05:45;2024-06-02T06:00;24;kWh;0;41740;0;0;41740;41740
2024-06-02T06:00;2024-06-02T06:15;25;kWh;0;15800;0;0;15800;15800
2024-06-02T06:15;2024-06-02T06:30;26;kWh;0;27467;0;0;27467;27467
2024-06-02T06:30;2024-06-02T06:45;27;kWh;0;20466;0;0;20466;20466
2024-06-02T06:45;2024-06-02T07:00;28;kWh;-736;2384;0;0;3120;1648
2024-06-02T07:00;2024-06-02T07:15;29;kWh;-954;15015;0;0;15969;14061
2024-06-02T07:15;2024-06-02T07:30;30;kWh;0;8084;0;0;8084;8084
2024-06-02T07:30;2024-06-02T07:45;31;kWh;0;84;0;0;84;84
2024-06-02T07:45;2024-06-02T08:00;32;kWh;0;1215;0;0;1215;1215
2024-06-02T08:00;2024-06-02T08:15;33;kWh;0;72029;0;0;72029;72029
2024-06-02T08:15;2024-06-02T08:30;34;kWh;0;25818;0;0;25818;25818
2024-06-02T08:30;2024-06-02T08:45;35;kWh;0;39052;0;0;39052;39052
2024-06-02T08:45;2024-06-02T09:00;36;kWh;0;35468;0;0;35468;35468
2024-06-02T09:00;2024-06-02T09:15;37;kWh;0;56560;0;0;56560;56560
2024-06-02T09:15;2024-06-02T09:30;38;kWh;0;68475;0;0;68475;68475
2024-06-02T09:30;2024-06-02T09:45;39;kWh;0;90668;0;0;90668;90668
2024-06-02T09:45;2024-06-02T10:00;40;kWh;0;59870;0;0;59870;59870
2024-06-02T10:00;2024-06-02T10:15;41;kWh;0;5841;0;0;5841;5841
2024-06-02T10:15;2024-06-02T10:30;42;kWh;0;14101;0;0;14101;14101
2024-06-02T10:30;2024-06-02T10:45;43;kWh;0;40087;0;0;40087;40087
2024-06-02T10:45;2024-06-02T11:00;44;kWh;0;5909;0;0;5909;5909
2024-06-02T11:00;2024-06-02T11:15;45;kWh;0;27880;0;0;27880;27880
2024-06-02T11:15;2024-06-02T11:30;46;kWh;0;3541;0;0;3541;3541
2024-06-02T11:30;2024-06-02T11:45;47;kWh;0;1560;0;0;1560;1560
2024-06-02T11:45;2024-06-02T12:00;48;kWh;0;0;0;0;0;0
2024-06-02T12:00;2024-06-02T12:15;49;kWh;0;0;0;0;0;0
2024-06-02T12:15;2024-06-02T12:30;50;kWh;-1875;0;0;0;1875;-1875
2024-06-02T12:30;2024-06-02T12:45;51;kWh;-3193;0;0;0;3193;-3193
2024-06-02T12:45;2024-06-02T13:00;52;kWh;-26199;0;0;0;26199;-26199
2024-06-02T13:00;2024-06-02T13:15;53;kWh;-9643;0;0;0;9643;-9643
2024-06-02T13:15;2024-06-02T13:30;54;kWh;-22242;0;0;0;22242;-22242
2024-06-02T13:30;2024-06-02T13:45;55;kWh;-41635;0;0;0;41635;-41635
2024-06-02T13:45;2024-06-02T14:00;56;kWh;-29294;0;0;0;29294;-29294
2024-06-02T14:00;2024-06-02T14:15;57;kWh;-1657;202;0;0;1859;-1455
2024-06-02T14:15;2024-06-02T14:30;58;kWh;0;0;0;0;0;0
2024-06-02T14:30;2024-06-02T14:45;59;kWh;-918;0;0;0;918;-918
2024-06-02T14:45;2024-06-02T15:00;60;kWh;-24993;0;0;0;24993;-24993
2024-06-02T15:00;2024-06-02T15:15;61;kWh;-36621;0;0;0;36621;-36621
2024-06-02T15:15;2024-06-02T15:30;62;kWh;-43314;0;0;0;43314;-43314
2024-06-02T15:30;2024-06-02T15:45;63;kWh;-37563;0;0;0;37563;-37563
2024-06-02T15:45;2024-06-02T16:00;64;kWh;-30280;0;0;0;30280;-30280
2024-06-02T16:00;2024-06-02T16:15;65;kWh;-52874;0;0;0;52874;-52874
2024-06-02T16:15;2024-06-02T16:30;66;kWh;-35324;0;0;0;35324;-35324
2024-06-02T16:30;2024-06-02T16:45;67;kWh;-28450;0;0;0;28450;-28450
2024-06-02T16:45;2024-06-02T17:00;68;kWh;-3507;0;0;0;3507;-3507
2024-06-02T17:00;2024-06-02T17:15;69;kWh;-25172;0;0;0;25172;-25172
2024-06-02T17:15;2024-06-02T17:30;70;kWh;-405;108;0;0;513;-297
2024-06-02T17:30;2024-06-02T17:45;71;kWh;0;7140;0;0;7140;7140
2024-06-02T17:45;2024-06-02T18:00;72;kWh;0;56735;0;0;56735;56735
2024-06-02T18:00;2024-06-02T18:15;73;kWh;-26056;1973;0;0;28029;-24083
2024-06-02T18:15;2024-06-02T18:30;74;kWh;-3009;8621;0;0;11630;5612
2024-06-02T18:30;2024-06-02T18:45;75;kWh;0;58003;0;0;58003;58003
2024-06-02T18:45;2024-06-02T19:00;76;kWh;0;56401;0;0;56401;56401
2024-06-02T19:00;2024-06-02T19:15;77;kWh;-33877;275;0;0;34152;-33602
2024-06-02T19:15;2024-06-02T19:30;78;kWh;-35205;0;0;0;35205;-35205
2024-06-02T19:30;2024-06-02T19:45;79;kWh;-581;630;0;0;1211;49
2024-06-02T19:45;2024-06-02T20:00;80;kWh;0;20339;0;0;20339;20339
2024-06-02T20:00;2024-06-02T20:15;81;kWh;-60911;520;0;0;61431;-60391
2024-06-02T20:15;2024-06-02T20:30;82;kWh;-2590;0;0;0;2590;-2590
2024-06-02T20:30;2024-06-02T20:45;83;kWh;0;7144;0;0;7144;7144
2024-06-02T20:45;2024-06-02T21:00;84;kWh;0;11918;0;0;11918;11918
2024-06-02T21:00;2024-06-02T21:15;85;kWh;-246;534;0;0;780;288
2024-06-02T21:15;2024-06-02T21:30;86;kWh;0;12302;0;0;12302;12302
2024-06-02T21:30;2024-06-02T21:45;87;kWh;0;29331;0;0;29331;29331
2024-06-02T21:45;2024-06-02T22:00;88;kWh;0;46941;0;0;46941;46941
2024-06-02T22:00;2024-06-02T22:15;89;kWh;0;5536;0;0;5536;5536
2024-06-02T22:15;2024-06-02T22:30;90;kWh;0;1502;0;0;1502;1502
2024-06-02T22:30;2024-06-02T22:45;91;kWh;0;19511;0;0;19511;19511
2024-06-02T22:45;2024-06-02T23:00;92;kWh;0;42407;0;0;42407;42407
2024-06-02T23:00;2024-06-02T23:15;93;kWh;0;28904;0;0;28904;28904
2024-06-02T23:15;2024-06-02T23:30;94;kWh;0;33159;0;0;33159;33159
2024-06-02T23:30;2024-06-02T23:45;95;kWh;0;29583;0;0;29583;29583
2024-06-02T23:45;2024-06-03T00:00;96;kWh;0;23894;0;0;23894;23894
2024-06-03T00:00;2024-06-03T00:15;1;kWh;0;888;0;0;888;888
2024-06-03T00:15;2024-06-03T00:30;2;kWh;-118;0;0;0;118;-118
2024-06-03T00:30;2024-06-03T00:45;3;kWh;-2066;0;0;0;2066;-2066
2024-06-03T00:45;2024-06-03T01:00;4;kWh;-3553;0;0;0;3553;-3553
2024-06-03T01:00;2024-06-03T01:15;5;kWh;-3194;0;0;0;3194;-3194
2024-06-03T01:15;2024-06-03T01:30;6;kWh;0;0;0;0;0;0
2024-06-03T01:30;2024-06-03T01:45;7;kWh;-108;0;0;0;108;-108
2024-06-03T01:45;2024-06-03T02:00;8;kWh;-29621;0;0;0;29621;-29621
2024-06-03T02:00;2024-06-03T02:15;9;kWh;-9503;0;0;0;9503;-9503
2024-06-03T02:15;2024-06-03T02:30;10;kWh;-120;0;0;0;120;-120
2024-06-03T02:30;2024-06-03T02:45;11;kWh;0;0;0;0;0;0
2024-06-03T02:45;2024-06-03T03:00;12;kWh;0;2263;0;0;2263;2263
2024-06-03T03:00;2024-06-03T03:15;13;kWh;0;50512;0;0;50512;50512
2024-06-03T03:15;2024-06-03T03:30;14;kWh;0;22909;0;0;22909;22909
2024-06-03T03:30;2024-06-03T03:45;15;kWh;-3526;0;0;0;3526;-3526
2024-06-03T03:45;2024-06-03T04:00;16;kWh;-10844;0;0;0;10844;-10844
2024-06-03T04:00;2024-06-03T04:15;17;kWh;-11658;0;0;0;11658;-11658
2024-06-03T04:15;2024-06-03T04:30;18;kWh;-12808;0;0;0;12808;-12808
2024-06-03T04:30;2024-06-03T04:45;19;kWh;-1285;0;0;0;1285;-1285
2024-06-03T04:45;2024-06-03T05:00;20;kWh;-286;0;0;0;286;-286
2024-06-03T05:00;2024-06-03T05:15;21;kWh;-182;20373;0;0;20555;20191
2024-06-03T05:15;2024-06-03T05:30;22;kWh;0;15423;0;0;15423;15423
2024-06-03T05:30;2024-06-03T05:45;23;kWh;0;2080;0;0;2080;2080
2024-06-03T05:45;2024-06-03T06:00;24;kWh;-22;0;0;0;22;-22
2024-06-03T06:00;2024-06-03T06:15;25;kWh;0;35675;0;0;35675;35675
2024-06-03T06:15;2024-06-03T06:30;26;kWh;0;5739;0;0;5739;5739
2024-06-03T06:30;2024-06-03T06:45;27;kWh;0;8778;0;0;8778;8778
2024-06-03T06:45;2024-06-03T07:00;28;kWh;0;4207;0;0;4207;4207
2024-06-03T07:00;2024-06-03T07:15;29;kWh;0;9926;0;0;9926;9926
2024-06-03T07:15;2024-06-03T07:30;30;kWh;0;22194;0;0;22194;22194
2024-06-03T07:30;2024-06-03T07:45;31;kWh;0;50558;0;0;50558;50558
2024-06-03T07:45;2024-06-03T08:00;32;kWh;0;34246;0;0;34246;34246
2024-06-03T08:00;2024-06-03T08:15;33;kWh;0;39279;0;0;39279;39279
2024-06-03T08:15;2024-06-03T08:30;34;kWh;0;24364;0;0;24364;24364
2024-06-03T08:30;2024-06-03T08:45;35;kWh;0;23598;0;0;23598;23598
2024-06-03T08:45;2024-06-03T09:00;36;kWh;0;10850;0;0;10850;10850
2024-06-03T09:00;2024-06-03T09:15;37;kWh;-26093;4119;0;0;30212;-21974
2024-06-03T09:15;2024-06-03T09:30;38;kWh;-45892;0;0;0;45892;-45892
2024-06-03T09:30;2024-06-03T09:45;39;kWh;-30227;0;0;0;30227;-30227
2024-06-03T09:45;2024-06-03T10:00;40;kWh;-15593;0;0;0;15593;-15593
2024-06-03T10:00;2024-06-03T10:15;41;kWh;-17958;1465;0;0;19423;-16493
2024-06-03T10:15;2024-06-03T10:30;42;kWh;-4188;0;0;0;4188;-4188
2024-06-03T10:30;2024-06-03T10:45;43;kWh;-27879;0;0;0;27879;-27879
2024-06-03T10:45;2024-06-03T11:00;44;kWh;-23495;0;0;0;23495;-23495
2024-06-03T11:00;2024-06-03T11:15;45;kWh;-5388;0;0;0;5388;-5388
2024-06-03T11:15;2024-06-03T11:30;46;kWh;-24522;0;0;0;24522;-24522
2024-06-03T11:30;2024-06-03T11:45;47;kWh;-49073;0;0;0;49073;-49073
2024-06-03T11:45;2024-06-03T12:00;48;kWh;-34006;0;0;0;34006;-34006
2024-06-03T12:00;2024-06-03T12:15;49;kWh;-4064;0;0;0;4064;-4064
2024-06-03T12:15;2024-06-03T12:30;50;kWh;-24014;0;0;0;24014;-24014
2024-06-03T12:30;2024-06-03T12:45;51;kWh;-30508;0;0;0;30508;-30508
2024-06-03T12:45;2024-06-03T13:00;52;kWh;-20653;1669;0;0;22322;-18984
2024-06-03T13:00;2024-06-03T13:15;53;kWh;-18746;65;0;0;18811;-18681
2024-06-03T13:15;2024-06-03T13:30;54;kWh;-18509;0;0;0;18509;-18509
2024-06-03T13:30;2024-06-03T13:45;55;kWh;-23159;0;0;0;23159;-23159
2024-06-03T13:45;2024-06-03T14:00;56;kWh;-22419;0;0;0;22419;-22419
2024-06-03T14:00;2024-06-03T14:15;57;kWh;-12352;0;0;0;12352;-12352
2024-06-03T14:15;2024-06-03T14:30;58;kWh;-506;0;0;0;506;-506
2024-06-03T14:30;2024-06-03T14:45;59;kWh;-2433;0;0;0;2433;-2433
2024-06-03T14:45;2024-06-03T15:00;60;kWh;-4714;0;0;0;4714;-4714
2024-06-03T15:00;2024-06-03T15:15;61;kWh;-15109;0;0;0;15109;-15109
2024-06-03T15:15;2024-06-03T15:30;62;kWh;-1912;62;0;0;1974;-1850
2024-06-03T15:30;2024-06-03T15:45;63;kWh;0;30749;0;0;30749;30749
2024-06-03T15:45;2024-06-03T16:00;64;kWh;0;37443;0;0;37443;37443
2024-06-03T16:00;2024-06-03T16:15;65;kWh;0;7260;0;0;7260;7260
2024-06-03T16:15;2024-06-03T16:30;66;kWh;0;1957;0;0;1957;1957
2024-06-03T16:30;2024-06-03T16:45;67;kWh;0;5286;0;0;5286;5286
2024-06-03T16:45;2024-06-03T17:00;68;kWh;0;11232;0;0;11232;11232
2024-06-03T17:00;2024-06-03T17:15;69;kWh;0;3955;0;0;3955;3955
2024-06-03T17:15;2024-06-03T17:30;70;kWh;0;27452;0;0;27452;27452
2024-06-03T17:30;2024-06-03T17:45;71;kWh;0;23639;0;0;23639;23639
2024-06-03T17:45;2024-06-03T18:00;72;kWh;0;13347;0;0;13347;13347
2024-06-03T18:00;2024-06-03T18:15;73;kWh;-14557;70;0;0;14627;-14487
2024-06-03T18:15;2024-06-03T18:30;74;kWh;-19707;0;0;0;19707;-19707
2024-06-03T18:30;2024-06-03T18:45;75;kWh;-7485;0;0;0;7485;-7485
2024-06-03T18:45;2024-06-03T19:00;76;kWh;-3270;0;0;0;3270;-3270
2024-06-03T19:00;2024-06-03T19:15;77;kWh;-24634;177;0;0;24811;-24457
2024-06-03T19:15;2024-06-03T19:30;78;kWh;-11223;801;0;0;12024;-10422
2024-06-03T19:30;2024-06-03T19:45;79;kWh;-4179;496;0;0;4675;-3683
2024-06-03T19:45;2024-06-03T20:00;80;kWh;0;34293;0;0;34293;34293
2024-06-03T20:00;2024-06-03T20:15;81;kWh;0;47220;0;0;47220;47220
2024-06-03T20:15;2024-06-03T20:30;82;kWh;0;60064;0;0;60064;60064
2024-06-03T20:30;2024-06-03T20:45;83;kWh;0;70154;0;0;70154;70154
2024-06-03T20:45;2024-06-03T21:00;84;kWh;0;72222;0;0;72222;72222
2024-06-03T21:00;2024-06-03T21:15;85;kWh;-11475;2961;0;0;14436;-8514
2024-06-03T21:15;2024-06-03T21:30;86;kWh;-162;1810;0;0;1972;1648
2024-06-03T21:30;2024-06-03T21:45;87;kWh;0;8914;0;0;8914;8914
2024-06-03T21:45;2024-06-03T22:00;88;kWh;0;26041;0;0;26041;26041
2024-06-03T22:00;2024-06-03T22:15;89;kWh;0;3094;0;0;3094;3094
2024-06-03T22:15;2024-06-03T22:30;90;kWh;0;0;0;0;0;0
2024-06-03T22:30;2024-06-03T22:45;91;kWh;0;0;0;0;0;0
2024-06-03T22:45;2024-06-03T23:00;92;kWh;0;252;0;0;252;252
2024-06-03T23:00;2024-06-03T23:15;93;kWh;0;4104;0;0;4104;4104
2024-06-03T23:15;2024-06-03T23:30;94;kWh;0;8849;0;0;8849;8849
2024-06-03T23:30;2024-06-03T23:45;95;kWh;0;6529;0;0;6529;6529
2024-06-03T23:45;2024-06-04T00:00;96;kWh;0;26608;0;0;26608;26608
2024-06-04T00:00;2024-06-04T00:15;1;kWh;0;507;0;0;507;507
2024-06-04T00:15;2024-06-04T00:30;2;kWh;0;17946;0;0;17946;17946
2024-06-04T00:30;2024-06-04T00:45;3;kWh;0;5735;0;0;5735;5735
2024-06-04T00:45;2024-06-04T01:00;4;kWh;0;227;0;0;227;227
2024-06-04T01:00;2024-06-04T01:15;5;kWh;-3519;0;0;0;3519;-3519
2024-06-04T01:15;2024-06-04T01:30;6;kWh;0;0;0;0;0;0
2024-06-04T01:30;2024-06-04T01:45;7;kWh;0;0;0;0;0;0
2024-06-04T01:45;2024-06-04T02:00;8;kWh;0;0;0;0;0;0
2024-06-04T02:00;2024-06-04T02:15;9;kWh;0;2701;0;0;2701;2701
2024-06-04T02:15;2024-06-04T02:30;10;kWh;0;4491;0;0;4491;4491
2024-06-04T02:30;2024-06-04T02:45;11;kWh;0;27618;0;0;27618;27618
2024-06-04T02:45;2024-06-04T03:00;12;kWh;0;3024;0;0;3024;3024
2024-06-04T03:00;2024-06-04T03:15;13;kWh;0;2020;0;0;2020;2020
2024-06-04T03:15;2024-06-04T03:30;14;kWh;0;6238;0;0;6238;6238
2024-06-04T03:30;2024-06-04T03:45;15;kWh;0;6234;0;0;6234;6234
2024-06-04T03:45;2024-06-04T04:00;16;kWh;0;474;0;0;474;474
2024-06-04T04:00;2024-06-04T04:15;17;kWh;0;1060;0;0;1060;1060
2024-06-04T04:15;2024-06-04T04:30;18;kWh;0;1639;0;0;1639;1639
2024-06-04T04:30;2024-06-04T04:45;19;kWh;0;48;0;0;48;48
2024-06-04T04:45;2024-06-04T05:00;20;kWh;0;3100;0;0;3100;3100
2024-06-04T05:00;2024-06-04T05:15;21;kWh;0;1780;0;0;1780;1780
2024-06-04T05:15;2024-06-04T05:30;22;kWh;0;2;0;0;2;2
2024-06-04T05:30;2024-06-04T05:45;23;kWh;0;0;0;0;0;0
2024-06-04T05:45;2024-06-04T06:00;24;kWh;-3482;41;0;0;3523;-3441
2024-06-04T06:00;2024-06-04T06:15;25;kWh;-961;272;0;0;1233;-689
2024-06-04T06:15;2024-06-04T06:30;26;kWh;0;4504;0;0;4504;4504
2024-06-04T06:30;2024-06-04T06:45;27;kWh;0;20041;0;0;20041;20041
2024-06-04T06:45;2024-06-04T07:00;28;kWh;0;27753;0;0;27753;27753
2024-06-04T07:00;2024-06-04T07:15;29;kWh;0;34532;0;0;34532;34532
2024-06-04T07:15;2024-06-04T07:30;30;kWh;0;37411;0;0;37411;37411
2024-06-04T07:30;2024-06-04T07:45;31;kWh;0;45619;0;0;45619;45619
2024-06-04T07:45;2024-06-04T08:00;32;kWh;0;47810;0;0;47810;47810
2024-06-04T08:00;2024-06-04T08:15;33;kWh;0;19303;0;0;19303;19303
2024-06-04T08:15;2024-06-04T08:30;34;kWh;0;3540;0;0;3540;3540
2024-06-04T08:30;2024-06-04T08:45;35;kWh;-1799;0;0;0;1799;-1799
2024-06-04T08:45;2024-06-04T09:00;36;kWh;-4101;0;0;0;4101;-4101
2024-06-04T09:00;2024-06-04T09:15;37;kWh;-658;10959;0;0;11617;10301
2024-06-04T09:15;2024-06-04T09:30;38;kWh;0;22145;0;0;22145;22145
2024-06-04T09:30;2024-06-04T09:45;39;kWh;-11395;2;0;0;11397;-11393
2024-06-04T09:45;2024-06-04T10:00;40;kWh;-10352;0;0;0;10352;-10352
2024-06-04T10:00;2024-06-04T10:15;41;kWh;-10537;0;0;0;10537;-10537
2024-06-04T10:15;2024-06-04T10:30;42;kWh;0;843;0;0;843;843
2024-06-04T10:30;2024-06-04T10:45;43;kWh;-11490;0;0;0;11490;-11490
2024-06-04T10:45;2024-06-04T11:00;44;kWh;-13789;0;0;0;13789;-13789
2024-06-04T11:00;2024-06-04T11:15;45;kWh;-7005;0;0;0;7005;-7005
2024-06-04T11:15;2024-06-04T11:30;46;kWh;-9009;0;0;0;9009;-9009
2024-06-04T11:30;2024-06-04T11:45;47;kWh;-17064;0;0;0;17064;-17064
2024-06-04T11:45;2024-06-04T12:00;48;kWh;-32196;0;0;0;32196;-32196
2024-06-04T12:00;2024-06-04T12:15;49;kWh;-17421;0;0;0;17421;-17421
2024-06-04T12:15;2024-06-04T12:30;50;kWh;-22006;0;0;0;22006;-22006
2024-06-04T12:30;2024-06-04T12:45;51;kWh;-20024;0;0;0;20024;-20024
2024-06-04T12:45;2024-06-04T13:00;52;kWh;-4554;0;0;0;4554;-4554
2024-06-04T13:00;2024-06-04T13:15;53;kWh;0;59887;0;0;59887;59887
2024-06-04T13:15;2024-06-04T13:30;54;kWh;0;43872;0;0;43872;43872
2024-06-04T13:30;2024-06-04T13:45;55;kWh;0;68;0;0;68;68
2024-06-04T13:45;2024-06-04T14:00;56;kWh;0;0;0;0;0;0
2024-06-04T14:00;2024-06-04T14:15;57;kWh;-1541;0;0;0;1541;-1541
2024-06-04T14:15;2024-06-04T14:30;58;kWh;-5264;0;0;0;5264;-5264
2024-06-04T14:30;2024-06-04T14:45;59;kWh;-11312;0;0;0;11312;-11312
2024-06-04T14:45;2024-06-04T15:00;60;kWh;-5831;0;0;0;5831;-5831
2024-06-04T15:00;2024-06-04T15:15;61;kWh;-8230;0;0;0;8230;-8230
2024-06-04T15:15;2024-06-04T15:30;62;kWh;-16175;0;0;0;16175;-16175
2024-06-04T15:30;2024-06-04T15:45;63;kWh;-7442;0;0;0;7442;-7442
2024-06-04T15:45;2024-06-04T16:00;64;kWh;-11232;0;0;0;11232;-11232
2024-06-04T16:00;2024-06-04T16:15;65;kWh;-25700;0;0;0;25700;-25700
2024-06-04T16:15;2024-06-04T16:30;66;kWh;-25404;0;0;0;25404;-25404
2024-06-04T16:30;2024-06-04T16:45;67;kWh;-8828;1621;0;0;10449;-7207
2024-06-04T16:45;2024-06-04T17:00;68;kWh;-23086;420;0;0;23506;-22666
2024-06-04T17:00;2024-06-04T17:15;69;kWh;-9097;0;0;0;9097;-9097
2024-06-04T17:15;2024-06-04T17:30;70;kWh;-920;0;0;0;920;-920
2024-06-04T17:30;2024-06-04T17:45;71;kWh;0;17662;0;0;17662;17662
2024-06-04T17:45;2024-06-04T18:00;72;kWh;0;58546;0;0;58546;58546
2024-06-04T18:00;2024-06-04T18:15;73;kWh;0;91712;0;0;91712;91712
2024-06-04T18:15;2024-06-04T18:30;74;kWh;0;41983;0;0;41983;41983
2024-06-04T18:30;2024-06-04T18:45;75;kWh;0;32290;0;0;32290;32290
2024-06-04T18:45;2024-06-04T19:00;76;kWh;0;13994;0;0;13994;13994
2024-06-04T19:00;2024-06-04T19:15;77;kWh;0;100;0;0;100;100
2024-06-04T19:15;2024-06-04T19:30;78;kWh;0;3377;0;0;3377;3377
2024-06-04T19:30;2024-06-04T19:45;79;kWh;0;19194;0;0;19194;19194
2024-06-04T19:45;2024-06-04T20:00;80;kWh;0;9166;0;0;9166;9166
2024-06-04T20:00;2024-06-04T20:15;81;kWh;0;1102;0;0;1102;1102
2024-06-04T20:15;2024-06-04T20:30;82;kWh;-386;0;0;0;386;-386
2024-06-04T20:30;2024-06-04T20:45;83;kWh;-6961;0;0;0;6961;-6961
2024-06-04T20:45;2024-06-04T21:00;84;kWh;-22856;0;0;0;22856;-22856
2024-06-04T21:00;2024-06-04T21:15;85;kWh;-20;2347;0;0;2367;2327
2024-06-04T21:15;2024-06-04T21:30;86;kWh;-160;0;0;0;160;-160
2024-06-04T21:30;2024-06-04T21:45;87;kWh;-26037;0;0;0;26037;-26037
2024-06-04T21:45;2024-06-04T22:00;88;kWh;-22567;0;0;0;22567;-22567
2024-06-04T22:00;2024-06-04T22:15;89;kWh;-17268;1795;0;0;19063;-15473
2024-06-04T22:15;2024-06-04T22:30;90;kWh;-8357;6652;0;0;15009;-1705
2024-06-04T22:30;2024-06-04T22:45;91;kWh;0;5385;0;0;5385;5385
2024-06-04T22:45;2024-06-04T23:00;92;kWh;-26569;0;0;0;26569;-26569
2024-06-04T23:00;2024-06-04T23:15;93;kWh;-12878;20109;0;0;32987;7231
2024-06-04T23:15;2024-06-04T23:30;94;kWh;-14290;87;0;0;14377;-14203
2024-06-04T23:30;2024-06-04T23:45;95;kWh;-10378;0;0;0;10378;-10378
2024-06-04T23:45;2024-06-05T00:00;96;kWh;-10544;1530;0;0;12074;-9014
2024-06-05T00:00;2024-06-05T00:15;1;kWh;-1316;1040;0;0;2356;-276
2024-06-05T00:15;2024-06-05T00:30;2;kWh;0;3522;0;0;3522;3522
2024-06-05T00:30;2024-06-05T00:45;3;kWh;-2546;0;0;0;2546;-2546
2024-06-05T00:45;2024-06-05T01:00;4;kWh;-10325;0;0;0;10325;-10325
2024-06-05T01:00;2024-06-05T01:15;5;kWh;-8670;259;0;0;8929;-8411
2024-06-05T01:15;2024-06-05T01:30;6;kWh;-9684;1046;0;0;10730;-8638
2024-06-05T01:30;2024-06-05T01:45;7;kWh;-1447;0;0;0;1447;-1447
2024-06-05T01:45;2024-06-05T02:00;8;kWh;-4730;0;0;0;4730;-4730
2024-06-05T02:00;2024-06-05T02:15;9;kWh;-3869;0;0;0;3869;-3869
2024-06-05T02:15;2024-06-05T02:30;10;kWh;-432;35272;0;0;35704;34840
2024-06-05T02:30;2024-06-05T02:45;11;kWh;0;101512;0;14090;115602;115602
2024-06-05T02:45;2024-06-05T03:00;12;kWh;-5535;34447;0;97467;137449;126379
2024-06-05T03:00;2024-06-05T03:15;13;kWh;-19421;0;0;32489;51910;13068
2024-06-05T03:15;2024-06-05T03:30;14;kWh;-461;0;0;0;461;-461
2024-06-05T03:30;2024-06-05T03:45;15;kWh;-658;3696;0;0;4354;3038
2024-06-05T03:45;2024-06-05T04:00;16;kWh;-3;42563;0;0;42566;42560
2024-06-05T04:00;2024-06-05T04:15;17;kWh;-3900;394;0;0;4294;-3506
2024-06-05T04:15;2024-06-05T04:30;18;kWh;0;233;0;0;233;233
2024-06-05T04:30;2024-06-05T04:45;19;kWh;0;0;0;0;0;0
2024-06-05T04:45;2024-06-05T05:00;20;kWh;0;0;0;0;0;0
2024-06-05T05:00;2024-06-05T05:15;21;kWh;-1625;0;0;0;1625;-1625
2024-06-05T05:15;2024-06-05T05:30;22;kWh;-2418;0;0;0;2418;-2418
2024-06-05T05:30;2024-06-05T05:45;23;kWh;-967;0;0;0;967;-967
2024-06-05T05:45;2024-06-05T06:00;24;kWh;-17730;0;0;0;17730;-17730
2024-06-05T06:00;2024-06-05T06:15;25;kWh;-16237;0;0;0;16237;-16237
2024-06-05T06:15;2024-06-05T06:30;26;kWh;-21082;0;0;0;21082;-21082
2024-06-05T06:30;2024-06-05T06:45;27;kWh;-17844;0;0;0;17844;-17844
2024-06-05T06:45;2024-06-05T07:00;28;kWh;-17509;0;0;0;17509;-17509
2024-06-05T07:00;2024-06-05T07:15;29;kWh;-17809;0;0;0;17809;-17809
2024-06-05T07:15;2024-06-05T07:30;30;kWh;-164;3;0;0;167;-161
2024-06-05T07:30;2024-06-05T07:45;31;kWh;-4805;0;0;0;4805;-4805
2024-06-05T07:45;2024-06-05T08:00;32;kWh;-18885;0;0;0;18885;-18885
2024-06-05T08:00;2024-06-05T08:15;33;kWh;-14;0;0;0;14;-14
2024-06-05T08:15;2024-06-05T08:30;34;kWh;-1933;0;0;0;1933;-1933
2024-06-05T08:30;2024-06-05T08:45;35;kWh;-9552;0;0;0;9552;-9552
2024-06-05T08:45;2024-06-05T09:00;36;kWh;-17656;0;0;0;17656;-17656
2024-06-05T09:00;2024-06-05T09:15;37;kWh;-10860;0;0;0;10860;-10860
2024-06-05T09:15;2024-06-05T09:30;38;kWh;-25940;0;0;0;25940;-25940
2024-06-05T09:30;2024-06-05T09:45;39;kWh;-15553;0;0;0;15553;-15553
2024-06-05T09:45;2024-06-05T10:00;40;kWh;-16922;0;0;0;16922;-16922
2024-06-05T10:00;2024-06-05T10:15;41;kWh;-1049;0;0;0;1049;-1049
2024-06-05T10:15;2024-06-05T10:30;42;kWh;-603;0;0;0;603;-603
2024-06-05T10:30;2024-06-05T10:45;43;kWh;-16641;0;0;0;16641;-16641
2024-06-05T10:45;2024-06-05T11:00;44;kWh;-17047;0;0;0;17047;-17047
2024-06-05T11:00;2024-06-05T11:15;45;kWh;-3877;0;0;0;3877;-3877
2024-06-05T11:15;2024-06-05T11:30;46;kWh;-5921;0;0;0;5921;-5921
2024-06-05T11:30;2024-06-05T11:45;47;kWh;-25006;334;0;0;25340;-24672
2024-06-05T11:45;2024-06-05T12:00;48;kWh;-12652;510;0;0;13162;-12142
2024-06-05T12:00;2024-06-05T12:15;49;kWh;-1037;2123;0;0;3160;1086
2024-06-05T12:15;2024-06-05T12:30;50;kWh;-20369;2560;0;0;22929;-17809
2024-06-05T12:30;2024-06-05T12:45;51;kWh;-20679;2067;0;0;22746;-18612
2024-06-05T12:45;2024-06-05T13:00;52;kWh;-12056;0;0;0;12056;-12056
2024-06-05T13:00;2024-06-05T13:15;53;kWh;-10549;148;0;0;10697;-10401
2024-06-05T13:15;2024-06-05T13:30;54;kWh;-11958;0;0;0;11958;-11958
2024-06-05T13:30;2024-06-05T13:45;55;kWh;-12510;0;0;0;12510;-12510
2024-06-05T13:45;2024-06-05T14:00;56;kWh;-4879;0;0;0;4879;-4879
2024-06-05T14:00;2024-06-05T14:15;57;kWh;-12032;1721;0;0;13753;-10311
2024-06-05T14:15;2024-06-05T14:30;58;kWh;-16263;538;0;0;16801;-15725
2024-06-05T14:30;2024-06-05T14:45;59;kWh;-12423;0;0;0;12423;-12423
2024-06-05T14:45;2024-06-05T15:00;60;kWh;-13782;1311;0;0;15093;-12471
2024-06-05T15:00;2024-06-05T15:15;61;kWh;-56738;1411;0;0;58149;-55327
2024-06-05T15:15;2024-06-05T15:30;62;kWh;-34567;14401;0;0;48968;-20166
2024-06-05T15:30;2024-06-05T15:45;63;kWh;-21891;3839;0;0;25730;-18052
2024-06-05T15:45;2024-06-05T16:00;64;kWh;-7251;1553;0;0;8804;-5698
2024-06-05T16:00;2024-06-05T16:15;65;kWh;-16586;325;0;0;16911;-16261
2024-06-05T16:15;2024-06-05T16:30;66;kWh;-10783;374;0;0;11157;-10409
2024-06-05T16:30;2024-06-05T16:45;67;kWh;-13322;884;0;0;14206;-12438
2024-06-05T16:45;2024-06-05T17:00;68;kWh;-1214;73;0;0;1287;-1141
2024-06-05T17:00;2024-06-05T17:15;69;kWh;-12733;0;0;0;12733;-12733
2024-06-05T17:15;2024-06-05T17:30;70;kWh;-20208;6097;0;0;26305;-14111
2024-06-05T17:30;2024-06-05T17:45;71;kWh;-10341;410;0;0;10751;-9931
2024-06-05T17:45;2024-06-05T18:00;72;kWh;-16798;0;0;0;16798;-16798
2024-06-05T18:00;2024-06-05T18:15;73;kWh;-17554;482;0;0;18036;-17072
2024-06-05T18:15;2024-06-05T18:30;74;kWh;-41323;750;0;0;42073;-40573
2024-06-05T18:30;2024-06-05T18:45;75;kWh;-27729;0;0;0;27729;-27729
2024-06-05T18:45;2024-06-05T19:00;76;kWh;-24156;3878;0;0;28034;-20278
2024-06-05T19:00;2024-06-05T19:15;77;kWh;0;15186;0;0;15186;15186
2024-06-05T19:15;2024-06-05T19:30;78;kWh;-8269;0;0;0;8269;-8269
2024-06-05T19:30;2024-06-05T19:45;79;kWh;-861;0;0;0;861;-861
2024-06-05T19:45;2024-06-05T20:00;80;kWh;0;0;0;0;0;0
2024-06-05T20:00;2024-06-05T20:15;81;kWh;-23321;815;0;0;24136;-22506
2024-06-05T20:15;2024-06-05T20:30;82;kWh;0;3927;0;0;3927;3927
2024-06-05T20:30;2024-06-05T20:45;83;kWh;0;29118;0;0;29118;29118
2024-06-05T20:45;2024-06-05T21:00;84;kWh;0;29749;0;0;29749;29749
2024-06-05T21:00;2024-06-05T21:15;85;kWh;0;1247;0;0;1247;1247
2024-06-05T21:15;2024-06-05T21:30;86;kWh;0;4411;0;0;4411;4411
2024-06-05T21:30;2024-06-05T21:45;87;kWh;0;0;0;0;0;0
2024-06-05T21:45;2024-06-05T22:00;88;kWh;0;6466;0;0;6466;6466
2024-06-05T22:00;2024-06-05T22:15;89;kWh;0;28770;0;0;28770;28770
2024-06-05T22:15;2024-06-05T22:30;90;kWh;0;44619;0;0;44619;44619
2024-06-05T22:30;2024-06-05T22:45;91;kWh;0;25794;0;0;25794;25794
2024-06-05T22:45;2024-06-05T23:00;92;kWh;0;2713;0;0;2713;2713
2024-06-05T23:00;2024-06-05T23:15;93;kWh;0;4278;0;0;4278;4278
2024-06-05T23:15;2024-06-05T23:30;94;kWh;-11;7375;0;0;7386;7364
2024-06-05T23:30;2024-06-05T23:45;95;kWh;-13144;0;0;0;13144;-13144
2024-06-05T23:45;2024-06-06T00:00;96;kWh;-34482;3;0;0;34485;-34479
2024-06-06T00:00;2024-06-06T00:15;1;kWh;0;12611;0;0;12611;12611
2024-06-06T00:15;2024-06-06T00:30;2;kWh;0;12673;0;0;12673;12673
2024-06-06T00:30;2024-06-06T00:45;3;kWh;0;103;0;0;103;103
2024-06-06T00:45;2024-06-06T01:00;4;kWh;-228;0;0;0;228;-228
2024-06-06T01:00;2024-06-06T01:15;5;kWh;-322;5551;0;0;5873;5229
2024-06-06T01:15;2024-06-06T01:30;6;kWh;0;5102;0;0;5102;5102
2024-06-06T01:30;2024-06-06T01:45;7;kWh;-3171;0;0;0;3171;-3171
2024-06-06T01:45;2024-06-06T02:00;8;kWh;-5483;0;0;0;5483;-5483
2024-06-06T02:00;2024-06-06T02:15;9;kWh;-2646;0;0;0;2646;-2646
2024-06-06T02:15;2024-06-06T02:30;10;kWh;-1154;0;0;0;1154;-1154
2024-06-06T02:30;2024-06-06T02:45;11;kWh;-9324;0;0;0;9324;-9324
2024-06-06T02:45;2024-06-06T03:00;12;kWh;-19743;0;0;0;19743;-19743
2024-06-06T03:00;2024-06-06T03:15;13;kWh;-10033;0;0;0;10033;-10033
2024-06-06T03:15;2024-06-06T03:30;14;kWh;-15931;0;0;0;15931;-15931
2024-06-06T03:30;2024-06-06T03:45;15;kWh;-16525;0;0;0;16525;-16525
2024-06-06T03:45;2024-06-06T04:00;16;kWh;-14994;0;0;0;14994;-14994
2024-06-06T04:00;2024-06-06T04:15;17;kWh;-17517;0;0;0;17517;-17517
2024-06-06T04:15;2024-06-06T04:30;18;kWh;-11972;0;0;0;11972;-11972
2024-06-06T04:30;2024-06-06T04:45;19;kWh;-2475;0;0;0;2475;-2475
2024-06-06T04:45;2024-06-06T05:00;20;kWh;-2094;0;0;0;2094;-2094
2024-06-06T05:00;2024-06-06T05:15;21;kWh;-15063;0;0;0;15063;-15063
2024-06-06T05:15;2024-06-06T05:30;22;kWh;-17851;0;0;0;17851;-17851
2024-06-06T05:30;2024-06-06T05:45;23;kWh;-7678;0;0;0;7678;-7678
2024-06-06T05:45;2024-06-06T06:00;24;kWh;-11279;0;0;0;11279;-11279
2024-06-06T06:00;2024-06-06T06:15;25;kWh;-17572;0;0;0;17572;-17572
2024-06-06T06:15;2024-06-06T06:30;26;kWh;-3473;0;0;0;3473;-3473
2024-06-06T06:30;2024-06-06T06:45;27;kWh;-10821;0;0;0;10821;-10821
2024-06-06T06:45;2024-06-06T07:00;28;kWh;-2330;0;0;0;2330;-2330
2024-06-06T07:00;2024-06-06T07:15;29;kWh;0;23890;0;0;23890;23890
2024-06-06T07:15;2024-06-06T07:30;30;kWh;-314;15482;0;0;15796;15168
2024-06-06T07:30;2024-06-06T07:45;31;kWh;-30884;0;0;0;30884;-30884
2024-06-06T07:45;2024-06-06T08:00;32;kWh;-39773;0;0;0;39773;-39773
2024-06-06T08:00;2024-06-06T08:15;33;kWh;-12218;0;0;0;12218;-12218
2024-06-06T08:15;2024-06-06T08:30;34;kWh;-22500;0;0;0;22500;-22500
2024-06-06T08:30;2024-06-06T08:45;35;kWh;-47498;0;0;0;47498;-47498
2024-06-06T08:45;2024-06-06T09:00;36;kWh;-58675;0;0;0;58675;-58675
2024-06-06T09:00;2024-06-06T09:15;37;kWh;-19383;0;0;0;19383;-19383
2024-06-06T09:15;2024-06-06T09:30;38;kWh;-34026;0;0;0;34026;-34026
2024-06-06T09:30;2024-06-06T09:45;39;kWh;-34950;0;0;0;34950;-34950
2024-06-06T09:45;2024-06-06T10:00;40;kWh;-31844;0;0;0;31844;-31844
2024-06-06T10:00;2024-06-06T10:15;41;kWh;-16790;0;0;0;16790;-16790
2024-06-06T10:15;2024-06-06T10:30;42;kWh;-7421;0;0;0;7421;-7421
2024-06-06T10:30;2024-06-06T10:45;43;kWh;-4749;0;0;0;4749;-4749
2024-06-06T10:45;2024-06-06T11:00;44;kWh;-2669;0;0;0;2669;-2669
2024-06-06T11:00;2024-06-06T11:15;45;kWh;-4456;0;0;0;4456;-4456
2024-06-06T11:15;2024-06-06T11:30;46;kWh;0;18000;0;0;18000;18000
2024-06-06T11:30;2024-06-06T11:45;47;kWh;0;47647;0;0;47647;47647
2024-06-06T11:45;2024-06-06T12:00;48;kWh;0;38295;0;0;38295;38295
2024-06-06T12:00;2024-06-06T12:15;49;kWh;0;41597;0;0;41597;41597
2024-06-06T12:15;2024-06-06T12:30;50;kWh;0;25888;0;0;25888;25888
2024-06-06T12:30;2024-06-06T12:45;51;kWh;0;1510;0;0;1510;1510
2024-06-06T12:45;2024-06-06T13:00;52;kWh;0;2957;0;0;2957;2957
2024-06-06T13:00;2024-06-06T13:15;53;kWh;0;16023;0;0;16023;16023
2024-06-06T13:15;2024-06-06T13:30;54;kWh;0;43485;0;0;43485;43485
2024-06-06T13:30;2024-06-06T13:45;55;kWh;0;30010;0;0;30010;30010
2024-06-06T13:45;2024-06-06T14:00;56;kWh;0;10724;0;0;10724;10724
2024-06-06T14:00;2024-06-06T14:15;57;kWh;0;30050;0;0;30050;30050
2024-06-06T14:15;2024-06-06T14:30;58;kWh;0;23032;0;0;23032;23032
2024-06-06T14:30;2024-06-06T14:45;59;kWh;0;41646;0;0;41646;41646
2024-06-06T14:45;2024-06-06T15:00;60;kWh;-114;15430;0;0;15544;15316
2024-06-06T15:00;2024-06-06T15:15;61;kWh;-931;0;0;0;931;-931
2024-06-06T15:15;2024-06-06T15:30;62;kWh;-4559;0;0;0;4559;-4559
2024-06-06T15:30;2024-06-06T15:45;63;kWh;-11350;0;0;0;11350;-11350
2024-06-06T15:45;2024-06-06T16:00;64;kWh;0;750;0;0;750;750
2024-06-06T16:00;2024-06-06T16:15;65;kWh;0;0;0;0;0;0
2024-06-06T16:15;2024-06-06T16:30;66;kWh;-22305;0;0;0;22305;-22305
2024-06-06T16:30;2024-06-06T16:45;67;kWh;-28403;25;0;0;28428;-28378
2024-06-06T16:45;2024-06-06T17:00;68;kWh;-20646;0;0;0;20646;-20646
2024-06-06T17:00;2024-06-06T17:15;69;kWh;-19888;1251;0;0;21139;-18637
2024-06-06T17:15;2024-06-06T17:30;70;kWh;-11006;291;0;0;11297;-10715
2024-06-06T17:30;2024-06-06T17:45;71;kWh;-4792;0;0;0;4792;-4792
2024-06-06T17:45;2024-06-06T18:00;72;kWh;-2623;0;0;0;2623;-2623
2024-06-06T18:00;2024-06-06T18:15;73;kWh;-22612;55;0;0;22667;-22557
2024-06-06T18:15;2024-06-06T18:30;74;kWh;-11286;476;0;0;11762;-10810
2024-06-06T18:30;2024-06-06T18:45;75;kWh;-12663;0;0;0;12663;-12663
2024-06-06T18:45;2024-06-06T19:00;76;kWh;-623;0;0;0;623;-623
2024-06-06T19:00;2024-06-06T19:15;77;kWh;-25482;0;0;0;25482;-25482
2024-06-06T19:15;2024-06-06T19:30;78;kWh;-44774;0;0;0;44774;-44774
2024-06-06T19:30;2024-06-06T19:45;79;kWh;-36859;0;0;0;36859;-36859
2024-06-06T19:45;2024-06-06T20:00;80;kWh;-3765;0;0;0;3765;-3765
2024-06-06T20:00;2024-06-06T20:15;81;kWh;-28860;0;0;0;28860;-28860
2024-06-06T20:15;2024-06-06T20:30;82;kWh;-24047;0;0;0;24047;-24047
2024-06-06T20:30;2024-06-06T20:45;83;kWh;-789;720;0;0;1509;-69
2024-06-06T20:45;2024-06-06T21:00;84;kWh;0;31175;0;0;31175;31175
2024-06-06T21:00;2024-06-06T21:15;85;kWh;0;19584;0;0;19584;19584
2024-06-06T21:15;2024-06-06T21:30;86;kWh;0;25453;0;0;25453;25453
2024-06-06T21:30;2024-06-06T21:45;87;kWh;0;26189;0;0;26189;26189
2024-06-06T21:45;2024-06-06T22:00;88;kWh;0;40440;0;0;40440;40440
2024-06-06T22:00;2024-06-06T22:15;89;kWh;0;9789;0;0;9789;9789
2024-06-06T22:15;2024-06-06T22:30;90;kWh;0;2950;0;0;2950;2950
2024-06-06T22:30;2024-06-06T22:45;91;kWh;0;4195;0;0;4195;4195
2024-06-06T22:45;2024-06-06T23:00;92;kWh;0;706;0;0;706;706
2024-06-06T23:00;2024-06-06T23:15;93;kWh;0;5187;0;0;5187;5187
2024-06-06T23:15;2024-06-06T23:30;94;kWh;0;2399;0;0;2399;2399
2024-06-06T23:30;2024-06-06T23:45;95;kWh;-85;11;0;0;96;-74
2024-06-06T23:45;2024-06-07T00:00;96;kWh;-25131;0;0;0;25131;-25131
2024-06-07T00:00;2024-06-07T00:15;1;kWh;-10363;158;0;0;10521;-10205
2024-06-07T00:15;2024-06-07T00:30;2;kWh;0;12698;0;0;12698;12698
2024-06-07T00:30;2024-06-07T00:45;3;kWh;0;7568;0;0;7568;7568
2024-06-07T00:45;2024-06-07T01:00;4;kWh;0;11227;0;0;11227;11227
2024-06-07T01:00;2024-06-07T01:15;5;kWh;0;28747;0;0;28747;28747
2024-06-07T01:15;2024-06-07T01:30;6;kWh;0;26157;0;0;26157;26157
2024-06-07T01:30;2024-06-07T01:45;7;kWh;0;18631;0;0;18631;18631
2024-06-07T01:45;2024-06-07T02:00;8;kWh;0;12834;0;0;12834;12834
2024-06-07T02:00;2024-06-07T02:15;9;kWh;-111;752;0;0;863;641
2024-06-07T02:15;2024-06-07T02:30;10;kWh;-10648;0;0;0;10648;-10648
2024-06-07T02:30;2024-06-07T02:45;11;kWh;-24342;0;0;0;24342;-24342
2024-06-07T02:45;2024-06-07T03:00;12;kWh;-27905;0;0;0;27905;-27905
2024-06-07T03:00;2024-06-07T03:15;13;kWh;-21710;0;0;0;21710;-21710
2024-06-07T03:15;2024-06-07T03:30;14;kWh;-20012;0;0;0;20012;-20012
2024-06-07T03:30;2024-06-07T03:45;15;kWh;-31685;0;0;0;31685;-31685
2024-06-07T03:45;2024-06-07T04:00;16;kWh;-33232;0;0;0;33232;-33232
2024-06-07T04:00;2024-06-07T04:15;17;kWh;-11498;0;0;0;11498;-11498
2024-06-07T04:15;2024-06-07T04:30;18;kWh;-1061;0;0;0;1061;-1061
2024-06-07T04:30;2024-06-07T04:45;19;kWh;-1202;0;0;0;1202;-1202
2024-06-07T04:45;2024-06-07T05:00;20;kWh;-489;0;0;0;489;-489
2024-06-07T05:00;2024-06-07T05:15;21;kWh;-6137;0;0;0;6137;-6137
2024-06-07T05:15;2024-06-07T05:30;22;kWh;0;0;0;0;0;0
2024-06-07T05:30;2024-06-07T05:45;23;kWh;-7174;0;0;0;7174;-7174
2024-06-07T05:45;2024-06-07T06:00;24;kWh;-44399;0;0;0;44399;-44399
2024-06-07T06:00;2024-06-07T06:15;25;kWh;-19397;0;0;0;19397;-19397
2024-06-07T06:15;2024-06-07T06:30;26;kWh;0;11104;0;0;11104;11104
2024-06-07T06:30;2024-06-07T06:45;27;kWh;0;1201;0;0;1201;1201
2024-06-07T06:45;2024-06-07T07:00;28;kWh;0;33;0;0;33;33
2024-06-07T07:00;2024-06-07T07:15;29;kWh;0;35572;0;0;35572;35572
2024-06-07T07:15;2024-06-07T07:30;30;kWh;0;29235;0;0;29235;29235
2024-06-07T07:30;2024-06-07T07:45;31;kWh;-1441;72;0;0;1513;-1369
2024-06-07T07:45;2024-06-07T08:00;32;kWh;-989;0;0;0;989;-989
2024-06-07T08:00;2024-06-07T08:15;33;kWh;-18;0;0;0;18;-18
2024-06-07T08:15;2024-06-07T08:30;34;kWh;0;1010;0;0;1010;1010
2024-06-07T08:30;2024-06-07T08:45;35;kWh;-48;4;0;0;52;-44
2024-06-07T08:45;2024-06-07T09:00;36;kWh;-16575;0;0;0;16575;-16575
2024-06-07T09:00;2024-06-07T09:15;37;kWh;-10751;16996;0;0;27747;6245
2024-06-07T09:15;2024-06-07T09:30;38;kWh;0;23315;0;0;23315;23315
2024-06-07T09:30;2024-06-07T09:45;39;kWh;-434;0;0;0;434;-434
2024-06-07T09:45;2024-06-07T10:00;40;kWh;-28759;0;0;0;28759;-28759
2024-06-07T10:00;2024-06-07T10:15;41;kWh;-19611;0;0;0;19611;-19611
2024-06-07T10:15;2024-06-07T10:30;42;kWh;-7136;0;0;0;7136;-7136
2024-06-07T10:30;2024-06-07T10:45;43;kWh;-14976;0;0;0;14976;-14976
2024-06-07T10:45;2024-06-07T11:00;44;kWh;-21304;0;0;0;21304;-21304
2024-06-07T11:00;2024-06-07T11:15;45;kWh;-7713;0;0;0;7713;-7713
2024-06-07T11:15;2024-06-07T11:30;46;kWh;-6404;0;0;0;6404;-6404
2024-06-07T11:30;2024-06-07T11:45;47;kWh;-10406;0;0;0;10406;-10406
2024-06-07T11:45;2024-06-07T12:00;48;kWh;-1899;0;0;0;1899;-1899
2024-06-07T12:00;2024-06-07T12:15;49;kWh;0;41169;0;0;41169;41169
2024-06-07T12:15;2024-06-07T12:30;50;kWh;0;85952;0;0;85952;85952
2024-06-07T12:30;2024-06-07T12:45;51;kWh;0;40146;0;0;40146;40146
2024-06-07T12:45;2024-06-07T13:00;52;kWh;0;3155;0;0;3155;3155
2024-06-07T13:00;2024-06-07T13:15;53;kWh;0;282;0;0;282;282
2024-06-07T13:15;2024-06-07T13:30;54;kWh;-205;0;0;0;205;-205
2024-06-07T13:30;2024-06-07T13:45;55;kWh;-16546;0;0;0;16546;-16546
2024-06-07T13:45;2024-06-07T14:00;56;kWh;-25452;4;0;0;25456;-25448
2024-06-07T14:00;2024-06-07T14:15;57;kWh;-8003;1720;0;0;9723;-6283
2024-06-07T14:15;2024-06-07T14:30;58;kWh;-8646;0;0;0;8646;-8646
2024-06-07T14:30;2024-06-07T14:45;59;kWh;-3669;0;0;0;3669;-3669
2024-06-07T14:45;2024-06-07T15:00;60;kWh;-6556;0;0;0;6556;-6556
2024-06-07T15:00;2024-06-07T15:15;61;kWh;-9970;724;0;0;10694;-9246
2024-06-07T15:15;2024-06-07T15:30;62;kWh;-544;788;0;0;1332;244
2024-06-07T15:30;2024-06-07T15:45;63;kWh;-10334;0;0;0;10334;-10334
2024-06-07T15:45;2024-06-07T16:00;64;kWh;-22556;0;0;0;22556;-22556
2024-06-07T16:00;2024-06-07T16:15;65;kWh;-23487;136;0;0;23623;-23351
2024-06-07T16:15;2024-06-07T16:30;66;kWh;-36531;476;0;0;37007;-36055
2024-06-07T16:30;2024-06-07T16:45;67;kWh;-43845;622;0;0;44467;-43223
2024-06-07T16:45;2024-06-07T17:00;68;kWh;-22177;1080;0;0;23257;-21097
2024-06-07T17:00;2024-06-07T17:15;69;kWh;-52586;357;0;0;52943;-52229
2024-06-07T17:15;2024-06-07T17:30;70;kWh;-46594;503;0;0;47097;-46091
2024-06-07T17:30;2024-06-07T17:45;71;kWh;-22256;339;0;0;22595;-21917
2024-06-07T17:45;2024-06-07T18:00;72;kWh;-16946;330;0;0;17276;-16616
2024-06-07T18:00;2024-06-07T18:15;73;kWh;-16715;0;0;0;16715;-16715
2024-06-07T18:15;2024-06-07T18:30;74;kWh;-17332;0;0;0;17332;-17332
2024-06-07T18:30;2024-06-07T18:45;75;kWh;-13181;11161;0;0;24342;-2020
2024-06-07T18:45;2024-06-07T19:00;76;kWh;-13587;1116;0;0;14703;-12471
2024-06-07T19:00;2024-06-07T19:15;77;kWh;-32738;306;0;0;33044;-32432
2024-06-07T19:15;2024-06-07T19:30;78;kWh;-46897;0;0;0;46897;-46897
2024-06-07T19:30;2024-06-07T19:45;79;kWh;-29691;0;0;0;29691;-29691
2024-06-07T19:45;2024-06-07T20:00;80;kWh;-1325;64;0;0;1389;-1261
2024-06-07T20:00;2024-06-07T20:15;81;kWh;-6211;16;0;0;6227;-6195
2024-06-07T20:15;2024-06-07T20:30;82;kWh;0;9576;0;0;9576;9576
2024-06-07T20:30;2024-06-07T20:45;83;kWh;0;56067;0;0;56067;56067
2024-06-07T20:45;2024-06-07T21:00;84;kWh;0;60609;0;0;60609;60609
2024-06-07T21:00;2024-06-07T21:15;85;kWh;0;85887;0;0;85887;85887
2024-06-07T21:15;2024-06-07T21:30;86;kWh;0;89929;0;0;89929;89929
2024-06-07T21:30;2024-06-07T21:45;87;kWh;0;88126;0;0;88126;88126
2024-06-07T21:45;2024-06-07T22:00;88;kWh;0;60393;0;0;60393;60393
2024-06-07T22:00;2024-06-07T22:15;89;kWh;0;39474;0;0;39474;39474
2024-06-07T22:15;2024-06-07T22:30;90;kWh;0;44212;0;0;44212;44212
2024-06-07T22:30;2024-06-07T22:45;91;kWh;0;55004;0;0;55004;55004
2024-06-07T22:45;2024-06-07T23:00;92;kWh;-50;32603;0;0;32653;32553
2024-06-07T23:00;2024-06-07T23:15;93;kWh;-146;0;0;0;146;-146
2024-06-07T23:15;2024-06-07T23:30;94;kWh;0;0;0;0;0;0
2024-06-07T23:30;2024-06-07T23:45;95;kWh;-400;0;0;0;400;-400
2024-06-07T23:45;2024-06-08T00:00;96;kWh;-3988;0;0;0;3988;-3988
2024-06-08T00:00;2024-06-08T00:15;1;kWh;-4519;3413;0;0;7932;-1106
2024-06-08T00:15;2024-06-08T00:30;2;kWh;0;27853;0;0;27853;27853
2024-06-08T00:30;2024-06-08T00:45;3;kWh;0;38049;0;0;38049;38049
2024-06-08T00:45;2024-06-08T01:00;4;kWh;0;10319;0;0;10319;10319
2024-06-08T01:00;2024-06-08T01:15;5;kWh;-1522;149;0;0;1671;-1373
2024-06-08T01:15;2024-06-08T01:30;6;kWh;0;21341;0;0;21341;21341
2024-06-08T01:30;2024-06-08T01:45;7;kWh;0;1646;0;0;1646;1646
2024-06-08T01:45;2024-06-08T02:00;8;kWh;-2484;0;0;0;2484;-2484
2024-06-08T02:00;2024-06-08T02:15;9;kWh;-12613;7620;0;0;20233;-4993
2024-06-08T02:15;2024-06-08T02:30;10;kWh;-7541;1076;0;0;8617;-6465
2024-06-08T02:30;2024-06-08T02:45;11;kWh;-16329;0;0;0;16329;-16329
2024-06-08T02:45;2024-06-08T03:00;12;kWh;-11673;0;0;0;11673;-11673
2024-06-08T03:00;2024-06-08T03:15;13;kWh;-4295;727;0;0;5022;-3568
2024-06-08T03:15;2024-06-08T03:30;14;kWh;-3003;104;0;0;3107;-2899
2024-06-08T03:30;2024-06-08T03:45;15;kWh;-10829;3560;0;0;14389;-7269
2024-06-08T03:45;2024-06-08T04:00;16;kWh;-9904;305;0;0;10209;-9599
2024-06-08T04:00;2024-06-08T04:15;17;kWh;-9290;0;0;0;9290;-9290
2024-06-08T04:15;2024-06-08T04:30;18;kWh;-12560;0;0;0;12560;-12560
2024-06-08T04:30;2024-06-08T04:45;19;kWh;-21409;0;0;0;21409;-21409
2024-06-08T04:45;2024-06-08T05:00;20;kWh;-16272;0;0;0;16272;-16272
2024-06-08T05:00;2024-06-08T05:15;21;kWh;-13715;6475;0;0;20190;-7240
2024-06-08T05:15;2024-06-08T05:30;22;kWh;-10712;3335;0;0;14047;-7377
2024-06-08T05:30;2024-06-08T05:45;23;kWh;-18202;58;0;0;18260;-18144
2024-06-08T05:45;2024-06-08T06:00;24;kWh;-30060;86;0;0;30146;-29974
2024-06-08T06:00;2024-06-08T06:15;25;kWh;-20679;0;0;0;20679;-20679
2024-06-08T06:15;2024-06-08T06:30;26;kWh;-12875;0;0;0;12875;-12875
2024-06-08T06:30;2024-06-08T06:45;27;kWh;-12361;0;0;0;12361;-12361
2024-06-08T06:45;2024-06-08T07:00;28;kWh;-6223;0;0;0;6223;-6223
2024-06-08T07:00;2024-06-08T07:15;29;kWh;0;39104;0;0;39104;39104
2024-06-08T07:15;2024-06-08T07:30;30;kWh;-402;2792;0;0;3194;2390
2024-06-08T07:30;2024-06-08T07:45;31;kWh;-14835;0;0;0;14835;-14835
2024-06-08T07:45;2024-06-08T08:00;32;kWh;-17316;0;0;0;17316;-17316
2024-06-08T08:00;2024-06-08T08:15;33;kWh;-17430;0;0;0;17430;-17430
2024-06-08T08:15;2024-06-08T08:30;34;kWh;-26720;0;0;0;26720;-26720
2024-06-08T08:30;2024-06-08T08:45;35;kWh;-26823;0;0;0;26823;-26823
2024-06-08T08:45;2024-06-08T09:00;36;kWh;-15284;0;0;0;15284;-15284
2024-06-08T09:00;2024-06-08T09:15;37;kWh;-17690;1972;0;0;19662;-15718
2024-06-08T09:15;2024-06-08T09:30;38;kWh;-318;4787;0;0;5105;4469
2024-06-08T09:30;2024-06-08T09:45;39;kWh;0;0;0;0;0;0
2024-06-08T09:45;2024-06-08T10:00;40;kWh;-14855;0;0;0;14855;-14855
2024-06-08T10:00;2024-06-08T10:15;41;kWh;-16619;0;0;0;16619;-16619
2024-06-08T10:15;2024-06-08T10:30;42;kWh;-24196;0;0;0;24196;-24196
2024-06-08T10:30;2024-06-08T10:45;43;kWh;-42429;0;0;0;42429;-42429
2024-06-08T10:45;2024-06-08T11:00;44;kWh;-16962;0;0;0;16962;-16962
2024-06-08T11:00;2024-06-08T11:15;45;kWh;-30815;0;0;0;30815;-30815
2024-06-08T11:15;2024-06-08T11:30;46;kWh;-49592;0;0;0;49592;-49592
2024-06-08T11:30;2024-06-08T11:45;47;kWh;-17366;0;0;0;17366;-17366
2024-06-08T11:45;2024-06-08T12:00;48;kWh;-11711;0;0;0;11711;-11711
2024-06-08T12:00;2024-06-08T12:15;49;kWh;-5787;0;0;0;5787;-5787
2024-06-08T12:15;2024-06-08T12:30;50;kWh;-2610;0;0;0;2610;-2610
2024-06-08T12:30;2024-06-08T12:45;51;kWh;-68;0;0;0;68;-68
2024-06-08T12:45;2024-06-08T13:00;52;kWh;-10728;0;0;0;10728;-10728
2024-06-08T13:00;2024-06-08T13:15;53;kWh;-3454;0;0;0;3454;-3454
2024-06-08T13:15;2024-06-08T13:30;54;kWh;-12472;0;0;0;12472;-12472
2024-06-08T13:30;2024-06-08T13:45;55;kWh;-14943;0;0;0;14943;-14943
2024-06-08T13:45;2024-06-08T14:00;56;kWh;-18018;0;0;0;18018;-18018
2024-06-08T14:00;2024-06-08T14:15;57;kWh;-16942;0;0;0;16942;-16942
2024-06-08T14:15;2024-06-08T14:30;58;kWh;-19291;0;0;0;19291;-19291
2024-06-08T14:30;2024-06-08T14:45;59;kWh;-17329;0;0;0;17329;-17329
2024-06-08T14:45;2024-06-08T15:00;60;kWh;-18796;0;0;0;18796;-18796
2024-06-08T15:00;2024-06-08T15:15;61;kWh;-30723;0;0;0;30723;-30723
2024-06-08T15:15;2024-06-08T15:30;62;kWh;-31390;0;0;0;31390;-31390
2024-06-08T15:30;2024-06-08T15:45;63;kWh;-11941;0;0;0;11941;-11941
2024-06-08T15:45;2024-06-08T16:00;64;kWh;-15329;0;0;0;15329;-15329
2024-06-08T16:00;2024-06-08T16:15;65;kWh;-16578;0;0;0;16578;-16578
2024-06-08T16:15;2024-06-08T16:30;66;kWh;-15192;0;0;0;15192;-15192
2024-06-08T16:30;2024-06-08T16:45;67;kWh;-466;1906;0;0;2372;1440
2024-06-08T16:45;2024-06-08T17:00;68;kWh;0;8462;0;0;8462;8462
2024-06-08T17:00;2024-06-08T17:15;69;kWh;-5796;430;0;0;6226;-5366
2024-06-08T17:15;2024-06-08T17:30;70;kWh;-19659;0;0;0;19659;-19659
2024-06-08T17:30;2024-06-08T17:45;71;kWh;-3221;0;0;0;3221;-3221
2024-06-08T17:45;2024-06-08T18:00;72;kWh;-2359;0;0;0;2359;-2359
2024-06-08T18:00;2024-06-08T18:15;73;kWh;-18742;0;0;0;18742;-18742
2024-06-08T18:15;2024-06-08T18:30;74;kWh;-28466;0;0;0;28466;-28466
2024-06-08T18:30;2024-06-08T18:45;75;kWh;-9417;0;0;0;9417;-9417
2024-06-08T18:45;2024-06-08T19:00;76;kWh;-7993;0;0;0;7993;-7993
2024-06-08T19:00;2024-06-08T19:15;77;kWh;-18259;0;0;0;18259;-18259
2024-06-08T19:15;2024-06-08T19:30;78;kWh;-20270;0;0;0;20270;-20270
2024-06-08T19:30;2024-06-08T19:45;79;kWh;-1180;7;0;0;1187;-1173
2024-06-08T19:45;2024-06-08T20:00;80;kWh;-5344;0;0;0;5344;-5344
2024-06-08T20:00;2024-06-08T20:15;81;kWh;-20337;3101;0;0;23438;-17236
2024-06-08T20:15;2024-06-08T20:30;82;kWh;-7637;124;0;0;7761;-7513
2024-06-08T20:30;2024-06-08T20:45;83;kWh;-15564;0;0;0;15564;-15564
2024-06-08T20:45;2024-06-08T21:00;84;kWh;-22456;0;0;0;22456;-22456
2024-06-08T21:00;2024-06-08T21:15;85;kWh;-18307;0;0;0;18307;-18307
2024-06-08T21:15;2024-06-08T21:30;86;kWh;-10574;0;0;0;10574;-10574
2024-06-08T21:30;2024-06-08T21:45;87;kWh;-11490;0;0;0;11490;-11490
2024-06-08T21:45;2024-06-08T22:00;88;kWh;-7313;0;0;0;7313;-7313
2024-06-08T22:00;2024-06-08T22:15;89;kWh;-1356;0;0;0;1356;-1356
2024-06-08T22:15;2024-06-08T22:30;90;kWh;0;0;0;0;0;0
2024-06-08T22:30;2024-06-08T22:45;91;kWh;-1226;0;0;0;1226;-1226
2024-06-08T22:45;2024-06-08T23:00;92;kWh;-5860;0;0;0;5860;-5860
2024-06-08T23:00;2024-06-08T23:15;93;kWh;-7135;0;0;0;7135;-7135
2024-06-08T23:15;2024-06-08T23:30;94;kWh;-5245;0;0;0;5245;-5245
2024-06-08T23:30;2024-06-08T23:45;95;kWh;-2358;0;0;0;2358;-2358
2024-06-08T23:45;2024-06-09T00:00;96;kWh;-2659;0;0;0;2659;-2659
2024-06-09T00:00;2024-06-09T00:15;1;kWh;-21450;3265;0;0;24715;-18185
2024-06-09T00:15;2024-06-09T00:30;2;kWh;-10288;139;0;0;10427;-10149
2024-06-09T00:30;2024-06-09T00:45;3;kWh;-32124;0;0;0;32124;-32124
2024-06-09T00:45;2024-06-09T01:00;4;kWh;-24077;0;0;0;24077;-24077
2024-06-09T01:00;2024-06-09T01:15;5;kWh;-353;13614;0;0;13967;13261
2024-06-09T01:15;2024-06-09T01:30;6;kWh;-7974;9;0;0;7983;-7965
2024-06-09T01:30;2024-06-09T01:45;7;kWh;-22855;0;0;0;22855;-22855
2024-06-09T01:45;2024-06-09T02:00;8;kWh;-27515;0;0;0;27515;-27515
2024-06-09T02:00;2024-06-09T02:15;9;kWh;-7753;2197;0;0;9950;-5556
2024-06-09T02:15;2024-06-09T02:30;10;kWh;-11489;359;0;0;11848;-11130
2024-06-09T02:30;2024-06-09T02:45;11;kWh;-26176;0;0;0;26176;-26176
2024-06-09T02:45;2024-06-09T03:00;12;kWh;-32236;0;0;0;32236;-32236
2024-06-09T03:00;2024-06-09T03:15;13;kWh;-10320;0;0;0;10320;-10320
2024-06-09T03:15;2024-06-09T03:30;14;kWh;-24392;0;0;0;24392;-24392
2024-06-09T03:30;2024-06-09T03:45;15;kWh;-31802;0;0;0;31802;-31802
2024-06-09T03:45;2024-06-09T04:00;16;kWh;-31652;0;0;0;31652;-31652
2024-06-09T04:00;2024-06-09T04:15;17;kWh;-5944;129;0;0;6073;-5815
2024-06-09T04:15;2024-06-09T04:30;18;kWh;-16339;0;0;0;16339;-16339
2024-06-09T04:30;2024-06-09T04:45;19;kWh;-18912;0;0;0;18912;-18912
2024-06-09T04:45;2024-06-09T05:00;20;kWh;-17170;0;0;0;17170;-17170
2024-06-09T05:00;2024-06-09T05:15;21;kWh;-3266;0;0;0;3266;-3266
2024-06-09T05:15;2024-06-09T05:30;22;kWh;-18354;0;0;0;18354;-18354
2024-06-09T05:30;2024-06-09T05:45;23;kWh;-28673;0;0;0;28673;-28673
2024-06-09T05:45;2024-06-09T06:00;24;kWh;-39384;0;0;0;39384;-39384
2024-06-09T06:00;2024-06-09T06:15;25;kWh;-9905;0;0;0;9905;-9905
2024-06-09T06:15;2024-06-09T06:30;26;kWh;-9559;0;0;0;9559;-9559
2024-06-09T06:30;2024-06-09T06:45;27;kWh;-19694;0;0;0;19694;-19694
2024-06-09T06:45;2024-06-09T07:00;28;kWh;-28233;0;0;0;28233;-28233
2024-06-09T07:00;2024-06-09T07:15;29;kWh;-1541;230;0;0;1771;-1311
2024-06-09T07:15;2024-06-09T07:30;30;kWh;-136;1627;0;0;1763;1491
2024-06-09T07:30;2024-06-09T07:45;31;kWh;-27937;0;0;0;27937;-27937
2024-06-09T07:45;2024-06-09T08:00;32;kWh;-35283;0;0;0;35283;-35283
2024-06-09T08:00;2024-06-09T08:15;33;kWh;-6250;0;0;0;6250;-6250
2024-06-09T08:15;2024-06-09T08:30;34;kWh;-5034;0;0;0;5034;-5034
2024-06-09T08:30;2024-06-09T08:45;35;kWh;-20151;0;0;0;20151;-20151
2024-06-09T08:45;2024-06-09T09:00;36;kWh;-23667;0;0;0;23667;-23667
2024-06-09T09:00;2024-06-09T09:15;37;kWh;-4922;0;0;0;4922;-4922
2024-06-09T09:15;2024-06-09T09:30;38;kWh;-11078;0;0;0;11078;-11078
2024-06-09T09:30;2024-06-09T09:45;39;kWh;-19021;0;0;0;19021;-19021
2024-06-09T09:45;2024-06-09T10:00;40;kWh;-9529;27;0;0;9556;-9502
2024-06-09T10:00;2024-06-09T10:15;41;kWh;-185;3837;0;0;4022;3652
2024-06-09T10:15;2024-06-09T10:30;42;kWh;-7463;1259;0;0;8722;-6204
2024-06-09T10:30;2024-06-09T10:45;43;kWh;-20346;17992;0;0;38338;-2354
2024-06-09T10:45;2024-06-09T11:00;44;kWh;-41903;4657;0;0;46560;-37246
2024-06-09T11:00;2024-06-09T11:15;45;kWh;-42556;6254;0;0;48810;-36302
2024-06-09T11:15;2024-06-09T11:30;46;kWh;-31446;618;0;0;32064;-30828
2024-06-09T11:30;2024-06-09T11:45;47;kWh;-45850;7228;0;0;53078;-38622
2024-06-09T11:45;2024-06-09T12:00;48;kWh;-41101;13291;0;0;54392;-27810
2024-06-09T12:00;2024-06-09T12:15;49;kWh;-32754;7592;0;0;40346;-25162
2024-06-09T12:15;2024-06-09T12:30;50;kWh;-22107;20187;0;0;42294;-1920
2024-06-09T12:30;2024-06-09T12:45;51;kWh;-16421;7930;0;0;24351;-8491
2024-06-09T12:45;2024-06-09T13:00;52;kWh;-29361;776;0;0;30137;-28585
2024-06-09T13:00;2024-06-09T13:15;53;kWh;-8126;3042;0;0;11168;-5084
2024-06-09T13:15;2024-06-09T13:30;54;kWh;-21547;3556;0;0;25103;-17991
2024-06-09T13:30;2024-06-09T13:45;55;kWh;-11382;12393;0;0;23775;1011
2024-06-09T13:45;2024-06-09T14:00;56;kWh;-9497;16290;0;0;25787;6793
2024-06-09T14:00;2024-06-09T14:15;57;kWh;-20929;10409;0;0;31338;-10520
2024-06-09T14:15;2024-06-09T14:30;58;kWh;-9034;13754;0;0;22788;4720
2024-06-09T14:30;2024-06-09T14:45;59;kWh;-27021;5357;0;0;32378;-21664
2024-06-09T14:45;2024-06-09T15:00;60;kWh;-7373;4197;0;0;11570;-3176
2024-06-09T15:00;2024-06-09T15:15;61;kWh;-34988;6106;0;0;41094;-28882
2024-06-09T15:15;2024-06-09T15:30;62;kWh;-5319;3373;0;0;8692;-1946
2024-06-09T15:30;2024-06-09T15:45;63;kWh;-11029;9613;0;0;20642;-1416
2024-06-09T15:45;2024-06-09T16:00;64;kWh;-22193;8126;0;0;30319;-14067
2024-06-09T16:00;2024-06-09T16:15;65;kWh;-29159;4389;0;0;33548;-24770
2024-06-09T16:15;2024-06-09T16:30;66;kWh;-5771;11309;0;0;17080;5538
2024-06-09T16:30;2024-06-09T16:45;67;kWh;0;22045;0;0;22045;22045
2024-06-09T16:45;2024-06-09T17:00;68;kWh;-1;40426;0;0;40427;40425
2024-06-09T17:00;2024-06-09T17:15;69;kWh;-27639;665;0;0;28304;-26974
2024-06-09T17:15;2024-06-09T17:30;70;kWh;-10289;4861;0;0;15150;-5428
2024-06-09T17:30;2024-06-09T17:45;71;kWh;0;8758;0;0;8758;8758
2024-06-09T17:45;2024-06-09T18:00;72;kWh;-867;32859;0;0;33726;31992
2024-06-09T18:00;2024-06-09T18:15;73;kWh;-52878;4066;0;0;56944;-48812
2024-06-09T18:15;2024-06-09T18:30;74;kWh;-11349;13036;0;0;24385;1687
2024-06-09T18:30;2024-06-09T18:45;75;kWh;-18682;5067;0;0;23749;-13615
2024-06-09T18:45;2024-06-09T19:00;76;kWh;-12921;3878;0;0;16799;-9043
2024-06-09T19:00;2024-06-09T19:15;77;kWh;0;155;0;0;155;155
2024-06-09T19:15;2024-06-09T19:30;78;kWh;-2094;57;0;0;2151;-2037
2024-06-09T19:30;2024-06-09T19:45;79;kWh;-478;1162;0;0;1640;684
2024-06-09T19:45;2024-06-09T20:00;80;kWh;0;7997;0;0;7997;7997
2024-06-09T20:00;2024-06-09T20:15;81;kWh;-22014;335;0;0;22349;-21679
2024-06-09T20:15;2024-06-09T20:30;82;kWh;-26418;0;0;0;26418;-26418
2024-06-09T20:30;2024-06-09T20:45;83;kWh;-26107;155;0;0;26262;-25952
2024-06-09T20:45;2024-06-09T21:00;84;kWh;-39;9108;0;0;9147;9069
2024-06-09T21:00;2024-06-09T21:15;85;kWh;-27098;0;0;0;27098;-27098
2024-06-09T21:15;2024-06-09T21:30;86;kWh;-22881;0;0;0;22881;-22881
2024-06-09T21:30;2024-06-09T21:45;87;kWh;-21864;0;0;0;21864;-21864
2024-06-09T21:45;2024-06-09T22:00;88;kWh;-19433;0;0;0;19433;-19433
2024-06-09T22:00;2024-06-09T22:15;89;kWh;-23467;0;0;0;23467;-23467
2024-06-09T22:15;2024-06-09T22:30;90;kWh;-23166;0;0;0;23166;-23166
2024-06-09T22:30;2024-06-09T22:45;91;kWh;-47462;0;0;0;47462;-47462
2024-06-09T22:45;2024-06-09T23:00;92;kWh;-53051;0;0;0;53051;-53051
2024-06-09T23:00;2024-06-09T23:15;93;kWh;-26139;0;0;0;26139;-26139
2024-06-09T23:15;2024-06-09T23:30;94;kWh;-48940;0;0;0;48940;-48940
2024-06-09T23:30;2024-06-09T23:45;95;kWh;-42461;0;0;0;42461;-42461
2024-06-09T23:45;2024-06-10T00:00;96;kWh;-12089;0;0;0;12089;-12089
2024-06-10T00:00;2024-06-10T00:15;1;kWh;-3639;2597;0;0;6236;-1042
2024-06-10T00:15;2024-06-10T00:30;2;kWh;0;16138;0;0;16138;16138
2024-06-10T00:30;2024-06-10T00:45;3;kWh;0;32831;0;0;32831;32831
2024-06-10T00:45;2024-06-10T01:00;4;kWh;0;29597;0;0;29597;29597
2024-06-10T01:00;2024-06-10T01:15;5;kWh;0;21263;0;0;21263;21263
2024-06-10T01:15;2024-06-10T01:30;6;kWh;0;31758;0;0;31758;31758
2024-06-10T01:30;2024-06-10T01:45;7;kWh;0;18246;0;0;18246;18246
2024-06-10T01:45;2024-06-10T02:00;8;kWh;0;25916;0;0;25916;25916
2024-06-10T02:00;2024-06-10T02:15;9;kWh;0;12496;0;0;12496;12496
2024-06-10T02:15;2024-06-10T02:30;10;kWh;0;10735;0;0;10735;10735
2024-06-10T02:30;2024-06-10T02:45;11;kWh;0;19856;0;0;19856;19856
2024-06-10T02:45;2024-06-10T03:00;12;kWh;0;11050;0;0;11050;11050
2024-06-10T03:00;2024-06-10T03:15;13;kWh;0;1748;0;0;1748;1748
2024-06-10T03:15;2024-06-10T03:30;14;kWh;-435;0;0;0;435;-435
2024-06-10T03:30;2024-06-10T03:45;15;kWh;-7907;0;0;0;7907;-7907
2024-06-10T03:45;2024-06-10T04:00;16;kWh;-5630;0;0;0;5630;-5630
2024-06-10T04:00;2024-06-10T04:15;17;kWh;-5647;0;0;0;5647;-5647
2024-06-10T04:15;2024-06-10T04:30;18;kWh;-3113;0;0;0;3113;-3113
2024-06-10T04:30;2024-06-10T04:45;19;kWh;-49;8243;0;0;8292;8194
2024-06-10T04:45;2024-06-10T05:00;20;kWh;0;4947;0;0;4947;4947
2024-06-10T05:00;2024-06-10T05:15;21;kWh;0;59100;0;0;59100;59100
2024-06-10T05:15;2024-06-10T05:30;22;kWh;0;27003;0;0;27003;27003
2024-06-10T05:30;2024-06-10T05:45;23;kWh;0;15135;0;0;15135;15135
2024-06-10T05:45;2024-06-10T06:00;24;kWh;0;1772;0;0;1772;1772
2024-06-10T06:00;2024-06-10T06:15;25;kWh;-758;4916;0;0;5674;4158
2024-06-10T06:15;2024-06-10T06:30;26;kWh;-19907;0;0;0;19907;-19907
2024-06-10T06:30;2024-06-10T06:45;27;kWh;-574;0;0;0;574;-574
2024-06-10T06:45;2024-06-10T07:00;28;kWh;-321;0;0;0;321;-321
2024-06-10T07:00;2024-06-10T07:15;29;kWh;-22200;3927;0;0;26127;-18273
2024-06-10T07:15;2024-06-10T07:30;30;kWh;0;11332;0;0;11332;11332
2024-06-10T07:30;2024-06-10T07:45;31;kWh;0;6797;0;0;6797;6797
2024-06-10T07:45;2024-06-10T08:00;32;kWh;-833;5135;0;0;5968;4302
2024-06-10T08:00;2024-06-10T08:15;33;kWh;-29992;0;0;0;29992;-29992
2024-06-10T08:15;2024-06-10T08:30;34;kWh;-44167;0;0;0;44167;-44167
2024-06-10T08:30;2024-06-10T08:45;35;kWh;-34672;0;0;0;34672;-34672
2024-06-10T08:45;2024-06-10T09:00;36;kWh;-36412;0;0;0;36412;-36412
2024-06-10T09:00;2024-06-10T09:15;37;kWh;-39912;0;0;0;39912;-39912
2024-06-10T09:15;2024-06-10T09:30;38;kWh;-44377;0;0;0;44377;-44377
2024-06-10T09:30;2024-06-10T09:45;39;kWh;-41016;0;0;0;41016;-41016
2024-06-10T09:45;2024-06-10T10:00;40;kWh;-52816;0;0;0;52816;-52816
2024-06-10T10:00;2024-06-10T10:15;41;kWh;-38668;0;0;0;38668;-38668
2024-06-10T10:15;2024-06-10T10:30;42;kWh;-42659;0;0;0;42659;-42659
2024-06-10T10:30;2024-06-10T10:45;43;kWh;-64861;0;0;0;64861;-64861
2024-06-10T10:45;2024-06-10T11:00;44;kWh;-63735;0;0;0;63735;-63735
2024-06-10T11:00;2024-06-10T11:15;45;kWh;-15925;1929;0;0;17854;-13996
2024-06-10T11:15;2024-06-10T11:30;46;kWh;-32214;0;0;0;32214;-32214
2024-06-10T11:30;2024-06-10T11:45;47;kWh;-19752;0;0;0;19752;-19752
2024-06-10T11:45;2024-06-10T12:00;48;kWh;-21426;0;0;0;21426;-21426
2024-06-10T12:00;2024-06-10T12:15;49;kWh;-30149;0;0;0;30149;-30149
2024-06-10T12:15;2024-06-10T12:30;50;kWh;-58745;0;0;0;58745;-58745
2024-06-10T12:30;2024-06-10T12:45;51;kWh;-96861;0;0;0;96861;-96861
2024-06-10T12:45;2024-06-10T13:00;52;kWh;-98153;0;0;0;98153;-98153
2024-06-10T13:00;2024-06-10T13:15;53;kWh;-15490;0;0;0;15490;-15490
2024-06-10T13:15;2024-06-10T13:30;54;kWh;-39969;570;0;0;40539;-39399
2024-06-10T13:30;2024-06-10T13:45;55;kWh;-45642;2747;0;0;48389;-42895
2024-06-10T13:45;2024-06-10T14:00;56;kWh;-38075;3;0;0;38078;-38072
2024-06-10T14:00;2024-06-10T14:15;57;kWh;-177;11689;0;0;11866;11512
2024-06-10T14:15;2024-06-10T14:30;58;kWh;-17759;0;0;0;17759;-17759
2024-06-10T14:30;2024-06-10T14:45;59;kWh;-13211;123;0;0;13334;-13088
2024-06-10T14:45;2024-06-10T15:00;60;kWh;-32439;1;0;0;32440;-32438
2024-06-10T15:00;2024-06-10T15:15;61;kWh;-30067;0;0;0;30067;-30067
2024-06-10T15:15;2024-06-10T15:30;62;kWh;-51863;0;0;0;51863;-51863
2024-06-10T15:30;2024-06-10T15:45;63;kWh;-49268;0;0;0;49268;-49268
2024-06-10T15:45;2024-06-10T16:00;64;kWh;-8421;0;0;0;8421;-8421
2024-06-10T16:00;2024-06-10T16:15;65;kWh;-16333;9278;0;0;25611;-7055
2024-06-10T16:15;2024-06-10T16:30;66;kWh;-17016;2201;0;0;19217;-14815
2024-06-10T16:30;2024-06-10T16:45;67;kWh;-23416;277;0;0;23693;-23139
2024-06-10T16:45;2024-06-10T17:00;68;kWh;-22364;0;0;0;22364;-22364
2024-06-10T17:00;2024-06-10T17:15;69;kWh;-3530;283;0;0;3813;-3247
2024-06-10T17:15;2024-06-10T17:30;70;kWh;0;1903;0;0;1903;1903
2024-06-10T17:30;2024-06-10T17:45;71;kWh;-615;1097;0;0;1712;482
2024-06-10T17:45;2024-06-10T18:00;72;kWh;-3446;972;0;0;4418;-2474
2024-06-10T18:00;2024-06-10T18:15;73;kWh;-7763;0;0;0;7763;-7763
2024-06-10T18:15;2024-06-10T18:30;74;kWh;-14071;0;0;0;14071;-14071
2024-06-10T18:30;2024-06-10T18:45;75;kWh;-10430;0;0;0;10430;-10430
2024-06-10T18:45;2024-06-10T19:00;76;kWh;-22166;0;0;0;22166;-22166
2024-06-10T19:00;2024-06-10T19:15;77;kWh;-26553;3721;0;0;30274;-22832
2024-06-10T19:15;2024-06-10T19:30;78;kWh;-28858;2158;0;0;31016;-26700
2024-06-10T19:30;2024-06-10T19:45;79;kWh;-10325;0;0;0;10325;-10325
2024-06-10T19:45;2024-06-10T20:00;80;kWh;-471;0;0;0;471;-471
2024-06-10T20:00;2024-06-10T20:15;81;kWh;-15320;0;0;0;15320;-15320
2024-06-10T20:15;2024-06-10T20:30;82;kWh;-7234;0;0;0;7234;-7234
2024-06-10T20:30;2024-06-10T20:45;83;kWh;-4489;0;0;0;4489;-4489
2024-06-10T20:45;2024-06-10T21:00;84;kWh;-3373;0;0;0;3373;-3373
2024-06-10T21:00;2024-06-10T21:15;85;kWh;-26713;411;0;0;27124;-26302
2024-06-10T21:15;2024-06-10T21:30;86;kWh;-2913;1142;0;0;4055;-1771
2024-06-10T21:30;2024-06-10T21:45;87;kWh;-6533;0;0;0;6533;-6533
2024-06-10T21:45;2024-06-10T22:00;88;kWh;-5252;0;0;0;5252;-5252
2024-06-10T22:00;2024-06-10T22:15;89;kWh;-12785;0;0;0;12785;-12785
2024-06-10T22:15;2024-06-10T22:30;90;kWh;-39020;0;0;0;39020;-39020
2024-06-10T22:30;2024-06-10T22:45;91;kWh;-13128;0;0;0;13128;-13128
2024-06-10T22:45;2024-06-10T23:00;92;kWh;-47989;0;0;0;47989;-47989
2024-06-10T23:00;2024-06-10T23:15;93;kWh;-27300;0;0;0;27300;-27300
2024-06-10T23:15;2024-06-10T23:30;94;kWh;-23518;0;0;0;23518;-23518
2024-06-10T23:30;2024-06-10T23:45;95;kWh;-22488;0;0;0;22488;-22488
2024-06-10T23:45;2024-06-11T00:00;96;kWh;-23448;0;0;0;23448;-23448
2024-06-11T00:00;2024-06-11T00:15;1;kWh;-8644;12317;0;0;20961;3673
2024-06-11T00:15;2024-06-11T00:30;2;kWh;-1964;1713;0;0;3677;-251
2024-06-11T00:30;2024-06-11T00:45;3;kWh;-17573;0;0;0;17573;-17573
2024-06-11T00:45;2024-06-11T01:00;4;kWh;-12675;0;0;0;12675;-12675
2024-06-11T01:00;2024-06-11T01:15;5;kWh;-332;2749;0;0;3081;2417
2024-06-11T01:15;2024-06-11T01:30;6;kWh;-12332;0;0;0;12332;-12332
2024-06-11T01:30;2024-06-11T01:45;7;kWh;-11598;0;0;0;11598;-11598
2024-06-11T01:45;2024-06-11T02:00;8;kWh;-4517;0;0;0;4517;-4517
2024-06-11T02:00;2024-06-11T02:15;9;kWh;-7322;0;0;0;7322;-7322
2024-06-11T02:15;2024-06-11T02:30;10;kWh;-2251;0;0;0;2251;-2251
2024-06-11T02:30;2024-06-11T02:45;11;kWh;0;0;0;0;0;0
2024-06-11T02:45;2024-06-11T03:00;12;kWh;0;0;0;0;0;0
2024-06-11T03:00;2024-06-11T03:15;13;kWh;0;0;0;0;0;0
2024-06-11T03:15;2024-06-11T03:30;14;kWh;0;0;0;0;0;0
2024-06-11T03:30;2024-06-11T03:45;15;kWh;0;0;0;0;0;0
2024-06-11T03:45;2024-06-11T04:00;16;kWh;0;0;0;0;0;0
2024-06-11T04:00;2024-06-11T04:15;17;kWh;0;0;0;0;0;0
2024-06-11T04:15;2024-06-11T04:30;18;kWh;0;0;0;0;0;0
2024-06-11T04:30;2024-06-11T04:45;19;kWh;0;0;0;0;0;0
2024-06-11T04:45;2024-06-11T05:00;20;kWh;0;0;0;0;0;0
2024-06-11T05:00;2024-06-11T05:15;21;kWh;0;48900;0;0;48900;48900
2024-06-11T05:15;2024-06-11T05:30;22;kWh;-8209;4699;0;0;12908;-3510
2024-06-11T05:30;2024-06-11T05:45;23;kWh;-939;4455;0;0;5394;3516
2024-06-11T05:45;2024-06-11T06:00;24;kWh;0;76;0;0;76;76
2024-06-11T06:00;2024-06-11T06:15;25;kWh;0;21168;0;0;21168;21168
2024-06-11T06:15;2024-06-11T06:30;26;kWh;-2659;0;0;0;2659;-2659
2024-06-11T06:30;2024-06-11T06:45;27;kWh;-14155;0;0;0;14155;-14155
2024-06-11T06:45;2024-06-11T07:00;28;kWh;-15139;17133;0;0;32272;1994
2024-06-11T07:00;2024-06-11T07:15;29;kWh;-13039;10822;0;0;23861;-2217
2024-06-11T07:15;2024-06-11T07:30;30;kWh;-2536;0;0;0;2536;-2536
2024-06-11T07:30;2024-06-11T07:45;31;kWh;-2016;0;0;0;2016;-2016
2024-06-11T07:45;2024-06-11T08:00;32;kWh;-20260;0;0;0;20260;-20260
2024-06-11T08:00;2024-06-11T08:15;33;kWh;-23125;0;0;0;23125;-23125
2024-06-11T08:15;2024-06-11T08:30;34;kWh;-21394;0;0;0;21394;-21394
2024-06-11T08:30;2024-06-11T08:45;35;kWh;-35211;0;0;0;35211;-35211
2024-06-11T08:45;2024-06-11T09:00;36;kWh;-42017;0;0;0;42017;-42017
2024-06-11T09:00;2024-06-11T09:15;37;kWh;-5524;3391;0;0;8915;-2133
2024-06-11T09:15;2024-06-11T09:30;38;kWh;-706;4176;0;0;4882;3470
2024-06-11T09:30;2024-06-11T09:45;39;kWh;-4753;21347;0;0;26100;16594
2024-06-11T09:45;2024-06-11T10:00;40;kWh;-14773;4598;0;0;19371;-10175
2024-06-11T10:00;2024-06-11T10:15;41;kWh;0;67563;0;0;67563;67563
2024-06-11T10:15;2024-06-11T10:30;42;kWh;0;62099;0;0;62099;62099
2024-06-11T10:30;2024-06-11T10:45;43;kWh;0;32642;0;0;32642;32642
2024-06-11T10:45;2024-06-11T11:00;44;kWh;-32888;11414;0;0;44302;-21474
2024-06-11T11:00;2024-06-11T11:15;45;kWh;-11727;1399;0;0;13126;-10328
2024-06-11T11:15;2024-06-11T11:30;46;kWh;-959;0;0;0;959;-959
2024-06-11T11:30;2024-06-11T11:45;47;kWh;-15622;0;0;0;15622;-15622
2024-06-11T11:45;2024-06-11T12:00;48;kWh;-16676;0;0;0;16676;-16676
2024-06-11T12:00;2024-06-11T12:15;49;kWh;-11262;0;0;0;11262;-11262
2024-06-11T12:15;2024-06-11T12:30;50;kWh;-4634;0;0;0;4634;-4634
2024-06-11T12:30;2024-06-11T12:45;51;kWh;-5034;0;0;0;5034;-5034
2024-06-11T12:45;2024-06-11T13:00;52;kWh;-13681;0;0;0;13681;-13681
2024-06-11T13:00;2024-06-11T13:15;53;kWh;-22215;0;0;0;22215;-22215
2024-06-11T13:15;2024-06-11T13:30;54;kWh;-13585;0;0;0;13585;-13585
2024-06-11T13:30;2024-06-11T13:45;55;kWh;-23774;0;0;0;23774;-23774
2024-06-11T13:45;2024-06-11T14:00;56;kWh;-18223;0;0;0;18223;-18223
2024-06-11T14:00;2024-06-11T14:15;57;kWh;-12087;0;0;0;12087;-12087
2024-06-11T14:15;2024-06-11T14:30;58;kWh;-13282;0;0;0;13282;-13282
2024-06-11T14:30;2024-06-11T14:45;59;kWh;-22156;0;0;0;22156;-22156
2024-06-11T14:45;2024-06-11T15:00;60;kWh;-29800;387;0;0;30187;-29413
2024-06-11T15:00;2024-06-11T15:15;61;kWh;-23351;0;0;0;23351;-23351
2024-06-11T15:15;2024-06-11T15:30;62;kWh;-22378;205;0;0;22583;-22173
2024-06-11T15:30;2024-06-11T15:45;63;kWh;-19828;1203;0;0;21031;-18625
2024-06-11T15:45;2024-06-11T16:00;64;kWh;-2458;1554;0;0;4012;-904
2024-06-11T16:00;2024-06-11T16:15;65;kWh;-11795;249;0;0;12044;-11546
2024-06-11T16:15;2024-06-11T16:30;66;kWh;-8892;249;0;0;9141;-8643
2024-06-11T16:30;2024-06-11T16:45;67;kWh;-8399;249;0;0;8648;-8150
2024-06-11T16:45;2024-06-11T17:00;68;kWh;-7769;249;0;0;8018;-7520
2024-06-11T17:00;2024-06-11T17:15;69;kWh;-4529;249;0;0;4778;-4280
2024-06-11T17:15;2024-06-11T17:30;70;kWh;-14102;8619;0;0;22721;-5483
2024-06-11T17:30;2024-06-11T17:45;71;kWh;0;2202;0;0;2202;2202
2024-06-11T17:45;2024-06-11T18:00;72;kWh;-37;0;0;0;37;-37
2024-06-11T18:00;2024-06-11T18:15;73;kWh;-23116;0;0;0;23116;-23116
2024-06-11T18:15;2024-06-11T18:30;74;kWh;-20255;750;0;0;21005;-19505
2024-06-11T18:30;2024-06-11T18:45;75;kWh;-20216;2249;0;0;22465;-17967
2024-06-11T18:45;2024-06-11T19:00;76;kWh;-6515;7356;0;0;13871;841
2024-06-11T19:00;2024-06-11T19:15;77;kWh;-31;15690;0;0;15721;15659
2024-06-11T19:15;2024-06-11T19:30;78;kWh;0;7972;0;0;7972;7972
2024-06-11T19:30;2024-06-11T19:45;79;kWh;-97;8295;0;0;8392;8198
2024-06-11T19:45;2024-06-11T20:00;80;kWh;0;35942;0;0;35942;35942
2024-06-11T20:00;2024-06-11T20:15;81;kWh;-13338;9504;0;0;22842;-3834
2024-06-11T20:15;2024-06-11T20:30;82;kWh;-34576;0;0;0;34576;-34576
2024-06-11T20:30;2024-06-11T20:45;83;kWh;-12938;0;0;0;12938;-12938
2024-06-11T20:45;2024-06-11T21:00;84;kWh;-2939;0;0;0;2939;-2939
2024-06-11T21:00;2024-06-11T21:15;85;kWh;-31084;0;0;0;31084;-31084
2024-06-11T21:15;2024-06-11T21:30;86;kWh;-37307;0;0;0;37307;-37307
2024-06-11T21:30;2024-06-11T21:45;87;kWh;-28420;0;0;0;28420;-28420
2024-06-11T21:45;2024-06-11T22:00;88;kWh;-12783;62;0;0;12845;-12721
2024-06-11T22:00;2024-06-11T22:15;89;kWh;-25608;0;0;0;25608;-25608
2024-06-11T22:15;2024-06-11T22:30;90;kWh;-25471;0;0;0;25471;-25471
2024-06-11T22:30;2024-06-11T22:45;91;kWh;-17518;0;0;0;17518;-17518
2024-06-11T22:45;2024-06-11T23:00;92;kWh;-6040;0;0;0;6040;-6040
2024-06-11T23:00;2024-06-11T23:15;93;kWh;-9763;214;0;0;9977;-9549
2024-06-11T23:15;2024-06-11T23:30;94;kWh;-198;256;0;0;454;58
2024-06-11T23:30;2024-06-11T23:45;95;kWh;-9794;0;0;0;9794;-9794
2024-06-11T23:45;2024-06-12T00:00;96;kWh;-24866;0;0;0;24866;-24866
2024-06-12T00:00;2024-06-12T00:15;1;kWh;-23913;3796;0;0;27709;-20117
2024-06-12T00:15;2024-06-12T00:30;2;kWh;-498;3122;0;0;3620;2624
2024-06-12T00:30;2024-06-12T00:45;3;kWh;-2586;291;0;0;2877;-2295
2024-06-12T00:45;2024-06-12T01:00;4;kWh;-15332;0;0;0;15332;-15332
2024-06-12T01:00;2024-06-12T01:15;5;kWh;-3828;21336;0;0;25164;17508
2024-06-12T01:15;2024-06-12T01:30;6;kWh;-498;12042;0;0;12540;11544
2024-06-12T01:30;2024-06-12T01:45;7;kWh;-519;112;0;0;631;-407
2024-06-12T01:45;2024-06-12T02:00;8;kWh;-13179;0;0;0;13179;-13179
2024-06-12T02:00;2024-06-12T02:15;9;kWh;-8804;0;0;0;8804;-8804
2024-06-12T02:15;2024-06-12T02:30;10;kWh;-498;0;0;0;498;-498
2024-06-12T02:30;2024-06-12T02:45;11;kWh;-498;0;0;0;498;-498
2024-06-12T02:45;2024-06-12T03:00;12;kWh;-2297;0;0;0;2297;-2297
2024-06-12T03:00;2024-06-12T03:15;13;kWh;-21979;0;0;0;21979;-21979
2024-06-12T03:15;2024-06-12T03:30;14;kWh;-5825;0;0;0;5825;-5825
2024-06-12T03:30;2024-06-12T03:45;15;kWh;-27918;0;0;0;27918;-27918
2024-06-12T03:45;2024-06-12T04:00;16;kWh;-16043;0;0;0;16043;-16043
2024-06-12T04:00;2024-06-12T04:15;17;kWh;-21235;0;0;0;21235;-21235
2024-06-12T04:15;2024-06-12T04:30;18;kWh;-22476;0;0;0;22476;-22476
2024-06-12T04:30;2024-06-12T04:45;19;kWh;-23904;0;0;0;23904;-23904
2024-06-12T04:45;2024-06-12T05:00;20;kWh;-1246;0;0;0;1246;-1246
2024-06-12T05:00;2024-06-12T05:15;21;kWh;-6139;0;0;0;6139;-6139
2024-06-12T05:15;2024-06-12T05:30;22;kWh;-31024;0;0;0;31024;-31024
2024-06-12T05:30;2024-06-12T05:45;23;kWh;-3345;491;0;0;3836;-2854
2024-06-12T05:45;2024-06-12T06:00;24;kWh;-498;1170;0;0;1668;672
2024-06-12T06:00;2024-06-12T06:15;25;kWh;-14474;500;0;0;14974;-13974
2024-06-12T06:15;2024-06-12T06:30;26;kWh;-498;8768;0;0;9266;8270
2024-06-12T06:30;2024-06-12T06:45;27;kWh;-498;271;0;0;769;-227
2024-06-12T06:45;2024-06-12T07:00;28;kWh;-498;0;0;0;498;-498
2024-06-12T07:00;2024-06-12T07:15;29;kWh;-3556;0;0;0;3556;-3556
2024-06-12T07:15;2024-06-12T07:30;30;kWh;-18814;0;0;0;18814;-18814
2024-06-12T07:30;2024-06-12T07:45;31;kWh;-25039;0;0;0;25039;-25039
2024-06-12T07:45;2024-06-12T08:00;32;kWh;-17652;0;0;0;17652;-17652
2024-06-12T08:00;2024-06-12T08:15;33;kWh;-20992;10;0;0;21002;-20982
2024-06-12T08:15;2024-06-12T08:30;34;kWh;-24502;0;0;0;24502;-24502
2024-06-12T08:30;2024-06-12T08:45;35;kWh;-3945;0;0;0;3945;-3945
2024-06-12T08:45;2024-06-12T09:00;36;kWh;-12390;0;0;0;12390;-12390
2024-06-12T09:00;2024-06-12T09:15;37;kWh;-15198;15355;0;0;30553;157
2024-06-12T09:15;2024-06-12T09:30;38;kWh;-4495;722;0;0;5217;-3773
2024-06-12T09:30;2024-06-12T09:45;39;kWh;-14652;419;0;0;15071;-14233
2024-06-12T09:45;2024-06-12T10:00;40;kWh;-25449;1052;0;0;26501;-24397
2024-06-12T10:00;2024-06-12T10:15;41;kWh;-26141;372;0;0;26513;-25769
2024-06-12T10:15;2024-06-12T10:30;42;kWh;-18222;0;0;0;18222;-18222
2024-06-12T10:30;2024-06-12T10:45;43;kWh;-18342;0;0;0;18342;-18342
2024-06-12T10:45;2024-06-12T11:00;44;kWh;-16622;0;0;0;16622;-16622
2024-06-12T11:00;2024-06-12T11:15;45;kWh;-3903;498;0;0;4401;-3405
2024-06-12T11:15;2024-06-12T11:30;46;kWh;-1410;0;0;0;1410;-1410
2024-06-12T11:30;2024-06-12T11:45;47;kWh;-691;0;0;0;691;-691
2024-06-12T11:45;2024-06-12T12:00;48;kWh;-5850;0;0;0;5850;-5850
2024-06-12T12:00;2024-06-12T12:15;49;kWh;-4873;521;0;0;5394;-4352
2024-06-12T12:15;2024-06-12T12:30;50;kWh;-1453;210;0;0;1663;-1243
2024-06-12T12:30;2024-06-12T12:45;51;kWh;-498;1575;0;0;2073;1077
2024-06-12T12:45;2024-06-12T13:00;52;kWh;-985;2;0;0;987;-983
2024-06-12T13:00;2024-06-12T13:15;53;kWh;-1708;16431;0;0;18139;14723
2024-06-12T13:15;2024-06-12T13:30;54;kWh;-14298;2707;0;0;17005;-11591
2024-06-12T13:30;2024-06-12T13:45;55;kWh;-9354;0;0;0;9354;-9354
2024-06-12T13:45;2024-06-12T14:00;56;kWh;-7504;0;0;0;7504;-7504
2024-06-12T14:00;2024-06-12T14:15;57;kWh;-17406;0;0;0;17406;-17406
2024-06-12T14:15;2024-06-12T14:30;58;kWh;-852;0;0;0;852;-852
2024-06-12T14:30;2024-06-12T14:45;59;kWh;-2958;0;0;0;2958;-2958
2024-06-12T14:45;2024-06-12T15:00;60;kWh;-6611;441;0;0;7052;-6170
2024-06-12T15:00;2024-06-12T15:15;61;kWh;-2202;0;0;0;2202;-2202
2024-06-12T15:15;2024-06-12T15:30;62;kWh;-498;0;0;0;498;-498
2024-06-12T15:30;2024-06-12T15:45;63;kWh;-498;0;0;0;498;-498
2024-06-12T15:45;2024-06-12T16:00;64;kWh;-5615;0;0;0;5615;-5615
2024-06-12T16:00;2024-06-12T16:15;65;kWh;-7315;0;0;0;7315;-7315
2024-06-12T16:15;2024-06-12T16:30;66;kWh;-3404;0;0;0;3404;-3404
2024-06-12T16:30;2024-06-12T16:45;67;kWh;-2563;0;0;0;2563;-2563
2024-06-12T16:45;2024-06-12T17:00;68;kWh;-1368;0;0;0;1368;-1368
2024-06-12T17:00;2024-06-12T17:15;69;kWh;-1076;0;0;0;1076;-1076
2024-06-12T17:15;2024-06-12T17:30;70;kWh;-9727;835;0;0;10562;-8892
2024-06-12T17:30;2024-06-12T17:45;71;kWh;-9112;2196;0;0;11308;-6916
2024-06-12T17:45;2024-06-12T18:00;72;kWh;-498;6541;0;0;7039;6043
2024-06-12T18:00;2024-06-12T18:15;73;kWh;-498;23270;0;0;23768;22772
2024-06-12T18:15;2024-06-12T18:30;74;kWh;-812;108;0;0;920;-704
2024-06-12T18:30;2024-06-12T18:45;75;kWh;-2685;30;0;0;2715;-2655
2024-06-12T18:45;2024-06-12T19:00;76;kWh;-2829;0;0;0;2829;-2829
2024-06-12T19:00;2024-06-12T19:15;77;kWh;-499;10;0;0;509;-489
2024-06-12T19:15;2024-06-12T19:30;78;kWh;-498;1049;0;0;1547;551
2024-06-12T19:30;2024-06-12T19:45;79;kWh;-498;7479;0;0;7977;6981
2024-06-12T19:45;2024-06-12T20:00;80;kWh;-498;4832;0;0;5330;4334
2024-06-12T20:00;2024-06-12T20:15;81;kWh;-498;0;0;0;498;-498
2024-06-12T20:15;2024-06-12T20:30;82;kWh;-498;2387;0;0;2885;1889
2024-06-12T20:30;2024-06-12T20:45;83;kWh;-498;21142;0;0;21640;20644
2024-06-12T20:45;2024-06-12T21:00;84;kWh;-498;38999;0;0;39497;38501
2024-06-12T21:00;2024-06-12T21:15;85;kWh;-498;19973;0;0;20471;19475
2024-06-12T21:15;2024-06-12T21:30;86;kWh;-498;3893;0;0;4391;3395
2024-06-12T21:30;2024-06-12T21:45;87;kWh;-498;12442;0;0;12940;11944
2024-06-12T21:45;2024-06-12T22:00;88;kWh;-498;660;0;0;1158;162
2024-06-12T22:00;2024-06-12T22:15;89;kWh;-3564;0;0;0;3564;-3564
2024-06-12T22:15;2024-06-12T22:30;90;kWh;-9004;0;0;0;9004;-9004
2024-06-12T22:30;2024-06-12T22:45;91;kWh;-32116;0;0;0;32116;-32116
2024-06-12T22:45;2024-06-12T23:00;92;kWh;-24795;0;0;0;24795;-24795
2024-06-12T23:00;2024-06-12T23:15;93;kWh;-15985;0;0;0;15985;-15985
2024-06-12T23:15;2024-06-12T23:30;94;kWh;-498;0;0;0;498;-498
2024-06-12T23:30;2024-06-12T23:45;95;kWh;-742;0;0;0;742;-742
2024-06-12T23:45;2024-06-13T00:00;96;kWh;-3298;0;0;0;3298;-3298
2024-06-13T00:00;2024-06-13T00:15;1;kWh;-1538;2027;0;0;3565;489
2024-06-13T00:15;2024-06-13T00:30;2;kWh;0;12024;0;0;12024;12024
2024-06-13T00:30;2024-06-13T00:45;3;kWh;0;23324;0;0;23324;23324
2024-06-13T00:45;2024-06-13T01:00;4;kWh;0;20313;0;0;20313;20313
2024-06-13T01:00;2024-06-13T01:15;5;kWh;0;1948;0;0;1948;1948
2024-06-13T01:15;2024-06-13T01:30;6;kWh;-248;0;0;0;248;-248
2024-06-13T01:30;2024-06-13T01:45;7;kWh;-443;0;0;0;443;-443
2024-06-13T01:45;2024-06-13T02:00;8;kWh;0;5803;0;0;5803;5803
2024-06-13T02:00;2024-06-13T02:15;9;kWh;-720;30705;0;0;31425;29985
2024-06-13T02:15;2024-06-13T02:30;10;kWh;-16570;0;0;0;16570;-16570
2024-06-13T02:30;2024-06-13T02:45;11;kWh;-7292;0;0;0;7292;-7292
2024-06-13T02:45;2024-06-13T03:00;12;kWh;-28996;0;0;0;28996;-28996
2024-06-13T03:00;2024-06-13T03:15;13;kWh;-11759;0;0;0;11759;-11759
2024-06-13T03:15;2024-06-13T03:30;14;kWh;-7809;0;0;0;7809;-7809
2024-06-13T03:30;2024-06-13T03:45;15;kWh;0;0;0;0;0;0
2024-06-13T03:45;2024-06-13T04:00;16;kWh;-902;0;0;0;902;-902
2024-06-13T04:00;2024-06-13T04:15;17;kWh;-631;0;0;0;631;-631
2024-06-13T04:15;2024-06-13T04:30;18;kWh;-1046;0;0;0;1046;-1046
2024-06-13T04:30;2024-06-13T04:45;19;kWh;-12261;0;0;0;12261;-12261
2024-06-13T04:45;2024-06-13T05:00;20;kWh;-4317;0;0;0;4317;-4317
2024-06-13T05:00;2024-06-13T05:15;21;kWh;-13796;0;0;0;13796;-13796
2024-06-13T05:15;2024-06-13T05:30;22;kWh;-36;4683;0;0;4719;4647
2024-06-13T05:30;2024-06-13T05:45;23;kWh;0;3762;0;0;3762;3762
2024-06-13T05:45;2024-06-13T06:00;24;kWh;0;3108;0;0;3108;3108
2024-06-13T06:00;2024-06-13T06:15;25;kWh;0;12589;0;0;12589;12589
2024-06-13T06:15;2024-06-13T06:30;26;kWh;0;31430;0;0;31430;31430
2024-06-13T06:30;2024-06-13T06:45;27;kWh;0;20981;0;0;20981;20981
2024-06-13T06:45;2024-06-13T07:00;28;kWh;0;35777;0;0;35777;35777
2024-06-13T07:00;2024-06-13T07:15;29;kWh;0;26792;0;0;26792;26792
2024-06-13T07:15;2024-06-13T07:30;30;kWh;0;11045;0;0;11045;11045
2024-06-13T07:30;2024-06-13T07:45;31;kWh;-10;0;0;0;10;-10
2024-06-13T07:45;2024-06-13T08:00;32;kWh;-1798;0;0;0;1798;-1798
2024-06-13T08:00;2024-06-13T08:15;33;kWh;-18638;0;0;0;18638;-18638
2024-06-13T08:15;2024-06-13T08:30;34;kWh;-29761;0;0;0;29761;-29761
2024-06-13T08:30;2024-06-13T08:45;35;kWh;-40524;0;0;0;40524;-40524
2024-06-13T08:45;2024-06-13T09:00;36;kWh;-17328;0;0;0;17328;-17328
2024-06-13T09:00;2024-06-13T09:15;37;kWh;-20561;0;0;0;20561;-20561
2024-06-13T09:15;2024-06-13T09:30;38;kWh;-36959;0;0;0;36959;-36959
2024-06-13T09:30;2024-06-13T09:45;39;kWh;-19825;0;0;0;19825;-19825
2024-06-13T09:45;2024-06-13T10:00;40;kWh;-5174;0;0;0;5174;-5174
2024-06-13T10:00;2024-06-13T10:15;41;kWh;-11787;0;0;0;11787;-11787
2024-06-13T10:15;2024-06-13T10:30;42;kWh;-17749;0;0;0;17749;-17749
2024-06-13T10:30;2024-06-13T10:45;43;kWh;-18130;0;0;0;18130;-18130
2024-06-13T10:45;2024-06-13T11:00;44;kWh;-27723;0;0;0;27723;-27723
2024-06-13T11:00;2024-06-13T11:15;45;kWh;-23971;0;0;0;23971;-23971
2024-06-13T11:15;2024-06-13T11:30;46;kWh;-20951;0;0;0;20951;-20951
2024-06-13T11:30;2024-06-13T11:45;47;kWh;-260;0;0;0;260;-260
2024-06-13T11:45;2024-06-13T12:00;48;kWh;0;9477;0;0;9477;9477
2024-06-13T12:00;2024-06-13T12:15;49;kWh;0;44007;0;0;44007;44007
2024-06-13T12:15;2024-06-13T12:30;50;kWh;0;37733;0;0;37733;37733
2024-06-13T12:30;2024-06-13T12:45;51;kWh;0;5942;0;0;5942;5942
2024-06-13T12:45;2024-06-13T13:00;52;kWh;0;61;0;0;61;61
2024-06-13T13:00;2024-06-13T13:15;53;kWh;-6652;0;0;0;6652;-6652
2024-06-13T13:15;2024-06-13T13:30;54;kWh;-18137;0;0;0;18137;-18137
2024-06-13T13:30;2024-06-13T13:45;55;kWh;-25318;0;0;0;25318;-25318
2024-06-13T13:45;2024-06-13T14:00;56;kWh;-24840;0;0;0;24840;-24840
2024-06-13T14:00;2024-06-13T14:15;57;kWh;-40954;0;0;0;40954;-40954
2024-06-13T14:15;2024-06-13T14:30;58;kWh;-22303;0;0;0;22303;-22303
2024-06-13T14:30;2024-06-13T14:45;59;kWh;-20161;0;0;0;20161;-20161
2024-06-13T14:45;2024-06-13T15:00;60;kWh;-22598;0;0;0;22598;-22598
2024-06-13T15:00;2024-06-13T15:15;61;kWh;-21665;0;0;0;21665;-21665
2024-06-13T15:15;2024-06-13T15:30;62;kWh;-15511;0;0;0;15511;-15511
2024-06-13T15:30;2024-06-13T15:45;63;kWh;-12112;0;0;0;12112;-12112
2024-06-13T15:45;2024-06-13T16:00;64;kWh;-15832;0;0;0;15832;-15832
2024-06-13T16:00;2024-06-13T16:15;65;kWh;-12948;0;0;0;12948;-12948
2024-06-13T16:15;2024-06-13T16:30;66;kWh;-628;0;0;0;628;-628
2024-06-13T16:30;2024-06-13T16:45;67;kWh;0;966;0;0;966;966
2024-06-13T16:45;2024-06-13T17:00;68;kWh;0;4391;0;0;4391;4391
2024-06-13T17:00;2024-06-13T17:15;69;kWh;-19948;428;0;0;20376;-19520
2024-06-13T17:15;2024-06-13T17:30;70;kWh;0;1278;0;0;1278;1278
2024-06-13T17:30;2024-06-13T17:45;71;kWh;-5464;179;0;0;5643;-5285
2024-06-13T17:45;2024-06-13T18:00;72;kWh;-2868;8470;0;0;11338;5602
2024-06-13T18:00;2024-06-13T18:15;73;kWh;-20849;10753;0;0;31602;-10096
2024-06-13T18:15;2024-06-13T18:30;74;kWh;-11109;3741;0;0;14850;-7368
2024-06-13T18:30;2024-06-13T18:45;75;kWh;-12991;275;0;0;13266;-12716
2024-06-13T18:45;2024-06-13T19:00;76;kWh;-644;196;0;0;840;-448
2024-06-13T19:00;2024-06-13T19:15;77;kWh;-6782;0;0;0;6782;-6782
2024-06-13T19:15;2024-06-13T19:30;78;kWh;-2922;0;0;0;2922;-2922
2024-06-13T19:30;2024-06-13T19:45;79;kWh;0;4816;0;0;4816;4816
2024-06-13T19:45;2024-06-13T20:00;80;kWh;0;44981;0;0;44981;44981
2024-06-13T20:00;2024-06-13T20:15;81;kWh;0;43620;0;0;43620;43620
2024-06-13T20:15;2024-06-13T20:30;82;kWh;0;23624;0;0;23624;23624
2024-06-13T20:30;2024-06-13T20:45;83;kWh;0;56655;0;0;56655;56655
2024-06-13T20:45;2024-06-13T21:00;84;kWh;0;50585;0;0;50585;50585
2024-06-13T21:00;2024-06-13T21:15;85;kWh;0;47191;0;0;47191;47191
2024-06-13T21:15;2024-06-13T21:30;86;kWh;0;69586;0;0;69586;69586
2024-06-13T21:30;2024-06-13T21:45;87;kWh;0;53541;0;0;53541;53541
2024-06-13T21:45;2024-06-13T22:00;88;kWh;0;50646;0;0;50646;50646
2024-06-13T22:00;2024-06-13T22:15;89;kWh;0;10710;0;0;10710;10710
2024-06-13T22:15;2024-06-13T22:30;90;kWh;0;34615;0;0;34615;34615
2024-06-13T22:30;2024-06-13T22:45;91;kWh;0;55430;0;0;55430;55430
2024-06-13T22:45;2024-06-13T23:00;92;kWh;0;57585;0;0;57585;57585
2024-06-13T23:00;2024-06-13T23:15;93;kWh;-5500;43;0;0;5543;-5457
2024-06-13T23:15;2024-06-13T23:30;94;kWh;-15311;223;0;0;15534;-15088
2024-06-13T23:30;2024-06-13T23:45;95;kWh;-57;21587;0;0;21644;21530
2024-06-13T23:45;2024-06-14T00:00;96;kWh;-176;2071;0;0;2247;1895
2024-06-14T00:00;2024-06-14T00:15;1;kWh;0;20861;0;0;20861;20861
2024-06-14T00:15;2024-06-14T00:30;2;kWh;0;18072;0;0;18072;18072
2024-06-14T00:30;2024-06-14T00:45;3;kWh;0;16931;0;0;16931;16931
2024-06-14T00:45;2024-06-14T01:00;4;kWh;0;14576;0;0;14576;14576
2024-06-14T01:00;2024-06-14T01:15;5;kWh;0;55361;0;0;55361;55361
2024-06-14T01:15;2024-06-14T01:30;6;kWh;0;45354;0;0;45354;45354
2024-06-14T01:30;2024-06-14T01:45;7;kWh;0;4314;0;0;4314;4314
2024-06-14T01:45;2024-06-14T02:00;8;kWh;-9912;0;0;0;9912;-9912
2024-06-14T02:00;2024-06-14T02:15;9;kWh;-5083;0;0;0;5083;-5083
2024-06-14T02:15;2024-06-14T02:30;10;kWh;-1;0;0;0;1;-1
2024-06-14T02:30;2024-06-14T02:45;11;kWh;-1293;0;0;0;1293;-1293
2024-06-14T02:45;2024-06-14T03:00;12;kWh;-615;665;0;0;1280;50
2024-06-14T03:00;2024-06-14T03:15;13;kWh;0;23221;0;0;23221;23221
2024-06-14T03:15;2024-06-14T03:30;14;kWh;0;4495;0;0;4495;4495
2024-06-14T03:30;2024-06-14T03:45;15;kWh;0;8544;0;0;8544;8544
2024-06-14T03:45;2024-06-14T04:00;16;kWh;0;34686;0;0;34686;34686
2024-06-14T04:00;2024-06-14T04:15;17;kWh;0;43855;0;0;43855;43855
2024-06-14T04:15;2024-06-14T04:30;18;kWh;0;24623;0;0;24623;24623
2024-06-14T04:30;2024-06-14T04:45;19;kWh;0;15468;0;0;15468;15468
2024-06-14T04:45;2024-06-14T05:00;20;kWh;0;3224;0;0;3224;3224
2024-06-14T05:00;2024-06-14T05:15;21;kWh;-14222;0;0;0;14222;-14222
2024-06-14T05:15;2024-06-14T05:30;22;kWh;-16111;0;0;0;16111;-16111
2024-06-14T05:30;2024-06-14T05:45;23;kWh;-9969;0;0;0;9969;-9969
2024-06-14T05:45;2024-06-14T06:00;24;kWh;-7464;0;0;0;7464;-7464
2024-06-14T06:00;2024-06-14T06:15;25;kWh;-2265;0;0;0;2265;-2265
2024-06-14T06:15;2024-06-14T06:30;26;kWh;-184;0;0;0;184;-184
2024-06-14T06:30;2024-06-14T06:45;27;kWh;0;1628;0;0;1628;1628
2024-06-14T06:45;2024-06-14T07:00;28;kWh;0;780;0;0;780;780
2024-06-14T07:00;2024-06-14T07:15;29;kWh;0;1523;0;0;1523;1523
2024-06-14T07:15;2024-06-14T07:30;30;kWh;0;1459;0;0;1459;1459
2024-06-14T07:30;2024-06-14T07:45;31;kWh;0;10628;0;0;10628;10628
2024-06-14T07:45;2024-06-14T08:00;32;kWh;0;2204;0;0;2204;2204
2024-06-14T08:00;2024-06-14T08:15;33;kWh;0;3661;0;0;3661;3661
2024-06-14T08:15;2024-06-14T08:30;34;kWh;0;2028;0;0;2028;2028
2024-06-14T08:30;2024-06-14T08:45;35;kWh;-1203;39;0;0;1242;-1164
2024-06-14T08:45;2024-06-14T09:00;36;kWh;-29394;0;0;0;29394;-29394
2024-06-14T09:00;2024-06-14T09:15;37;kWh;-36695;393;0;0;37088;-36302
2024-06-14T09:15;2024-06-14T09:30;38;kWh;-901;190;0;0;1091;-711
2024-06-14T09:30;2024-06-14T09:45;39;kWh;-23634;0;0;0;23634;-23634
2024-06-14T09:45;2024-06-14T10:00;40;kWh;-25985;0;0;0;25985;-25985
2024-06-14T10:00;2024-06-14T10:15;41;kWh;-9688;2060;0;0;11748;-7628
2024-06-14T10:15;2024-06-14T10:30;42;kWh;0;11479;0;0;11479;11479
2024-06-14T10:30;2024-06-14T10:45;43;kWh;0;35741;0;0;35741;35741
2024-06-14T10:45;2024-06-14T11:00;44;kWh;0;42071;0;0;42071;42071
2024-06-14T11:00;2024-06-14T11:15;45;kWh;0;85019;0;0;85019;85019
2024-06-14T11:15;2024-06-14T11:30;46;kWh;0;80256;0;0;80256;80256
2024-06-14T11:30;2024-06-14T11:45;47;kWh;0;61048;0;0;61048;61048
2024-06-14T11:45;2024-06-14T12:00;48;kWh;0;40082;0;0;40082;40082
2024-06-14T12:00;2024-06-14T12:15;49;kWh;0;3005;0;0;3005;3005
2024-06-14T12:15;2024-06-14T12:30;50;kWh;0;0;0;0;0;0
2024-06-14T12:30;2024-06-14T12:45;51;kWh;-1906;0;0;0;1906;-1906
2024-06-14T12:45;2024-06-14T13:00;52;kWh;-5082;0;0;0;5082;-5082
2024-06-14T13:00;2024-06-14T13:15;53;kWh;-6709;0;0;0;6709;-6709
2024-06-14T13:15;2024-06-14T13:30;54;kWh;-537;0;0;0;537;-537
2024-06-14T13:30;2024-06-14T13:45;55;kWh;-6858;1608;0;0;8466;-5250
2024-06-14T13:45;2024-06-14T14:00;56;kWh;0;20077;0;0;20077;20077
2024-06-14T14:00;2024-06-14T14:15;57;kWh;0;75055;0;0;75055;75055
2024-06-14T14:15;2024-06-14T14:30;58;kWh;0;35799;0;0;35799;35799
2024-06-14T14:30;2024-06-14T14:45;59;kWh;0;11917;0;0;11917;11917
2024-06-14T14:45;2024-06-14T15:00;60;kWh;-3259;2022;0;0;5281;-1237
2024-06-14T15:00;2024-06-14T15:15;61;kWh;-6311;0;0;0;6311;-6311
2024-06-14T15:15;2024-06-14T15:30;62;kWh;-3196;748;0;0;3944;-2448
2024-06-14T15:30;2024-06-14T15:45;63;kWh;-11045;2;0;0;11047;-11043
2024-06-14T15:45;2024-06-14T16:00;64;kWh;-7718;811;0;0;8529;-6907
2024-06-14T16:00;2024-06-14T16:15;65;kWh;0;4308;0;0;4308;4308
2024-06-14T16:15;2024-06-14T16:30;66;kWh;-9946;29;0;0;9975;-9917
2024-06-14T16:30;2024-06-14T16:45;67;kWh;-23011;0;0;0;23011;-23011
2024-06-14T16:45;2024-06-14T17:00;68;kWh;-12851;0;0;0;12851;-12851
2024-06-14T17:00;2024-06-14T17:15;69;kWh;-27612;0;0;0;27612;-27612
2024-06-14T17:15;2024-06-14T17:30;70;kWh;-13455;0;0;0;13455;-13455
2024-06-14T17:30;2024-06-14T17:45;71;kWh;-27155;0;0;0;27155;-27155
2024-06-14T17:45;2024-06-14T18:00;72;kWh;-11413;0;0;0;11413;-11413
2024-06-14T18:00;2024-06-14T18:15;73;kWh;-23121;0;0;0;23121;-23121
2024-06-14T18:15;2024-06-14T18:30;74;kWh;-15596;0;0;0;15596;-15596
2024-06-14T18:30;2024-06-14T18:45;75;kWh;-15;0;0;0;15;-15
2024-06-14T18:45;2024-06-14T19:00;76;kWh;-887;0;0;0;887;-887
2024-06-14T19:00;2024-06-14T19:15;77;kWh;0;0;0;0;0;0
2024-06-14T19:15;2024-06-14T19:30;78;kWh;0;360;0;0;360;360
2024-06-14T19:30;2024-06-14T19:45;79;kWh;0;8565;0;0;8565;8565
2024-06-14T19:45;2024-06-14T20:00;80;kWh;0;16568;0;0;16568;16568
2024-06-14T20:00;2024-06-14T20:15;81;kWh;-18768;2165;0;0;20933;-16603
2024-06-14T20:15;2024-06-14T20:30;82;kWh;-31594;0;0;0;31594;-31594
2024-06-14T20:30;2024-06-14T20:45;83;kWh;-7759;0;0;0;7759;-7759
2024-06-14T20:45;2024-06-14T21:00;84;kWh;0;0;0;0;0;0
2024-06-14T21:00;2024-06-14T21:15;85;kWh;0;3081;0;0;3081;3081
2024-06-14T21:15;2024-06-14T21:30;86;kWh;0;7024;0;0;7024;7024
2024-06-14T21:30;2024-06-14T21:45;87;kWh;0;6768;0;0;6768;6768
2024-06-14T21:45;2024-06-14T22:00;88;kWh;0;21416;0;0;21416;21416
2024-06-14T22:00;2024-06-14T22:15;89;kWh;0;70549;0;0;70549;70549
2024-06-14T22:15;2024-06-14T22:30;90;kWh;0;27761;0;0;27761;27761
2024-06-14T22:30;2024-06-14T22:45;91;kWh;0;4295;0;0;4295;4295
2024-06-14T22:45;2024-06-14T23:00;92;kWh;-3541;9;0;0;3550;-3532
2024-06-14T23:00;2024-06-14T23:15;93;kWh;-3575;0;0;0;3575;-3575
2024-06-14T23:15;2024-06-14T23:30;94;kWh;-11028;0;0;0;11028;-11028
2024-06-14T23:30;2024-06-14T23:45;95;kWh;-21313;0;0;0;21313;-21313
2024-06-14T23:45;2024-06-15T00:00;96;kWh;-9550;5176;0;0;14726;-4374
2024-06-15T00:00;2024-06-15T00:15;1;kWh;0;16418;0;0;16418;16418
2024-06-15T00:15;2024-06-15T00:30;2;kWh;0;5735;0;0;5735;5735
2024-06-15T00:30;2024-06-15T00:45;3;kWh;0;14175;0;0;14175;14175
2024-06-15T00:45;2024-06-15T01:00;4;kWh;0;13536;0;0;13536;13536
2024-06-15T01:00;2024-06-15T01:15;5;kWh;0;34890;0;0;34890;34890
2024-06-15T01:15;2024-06-15T01:30;6;kWh;0;24176;0;0;24176;24176
2024-06-15T01:30;2024-06-15T01:45;7;kWh;-161;2489;0;0;2650;2328
2024-06-15T01:45;2024-06-15T02:00;8;kWh;-498;10887;0;0;11385;10389
2024-06-15T02:00;2024-06-15T02:15;9;kWh;0;27486;0;0;27486;27486
2024-06-15T02:15;2024-06-15T02:30;10;kWh;0;25483;0;0;25483;25483
2024-06-15T02:30;2024-06-15T02:45;11;kWh;0;22604;0;0;22604;22604
2024-06-15T02:45;2024-06-15T03:00;12;kWh;0;25456;0;0;25456;25456
2024-06-15T03:00;2024-06-15T03:15;13;kWh;0;27538;0;0;27538;27538
2024-06-15T03:15;2024-06-15T03:30;14;kWh;0;39309;0;0;39309;39309
2024-06-15T03:30;2024-06-15T03:45;15;kWh;0;35371;0;0;35371;35371
2024-06-15T03:45;2024-06-15T04:00;16;kWh;0;43448;0;0;43448;43448
2024-06-15T04:00;2024-06-15T04:15;17;kWh;0;44487;0;0;44487;44487
2024-06-15T04:15;2024-06-15T04:30;18;kWh;0;26337;0;0;26337;26337
2024-06-15T04:30;2024-06-15T04:45;19;kWh;-1634;13004;0;0;14638;11370
2024-06-15T04:45;2024-06-15T05:00;20;kWh;-8271;143;0;0;8414;-8128
2024-06-15T05:00;2024-06-15T05:15;21;kWh;0;40946;0;0;40946;40946
2024-06-15T05:15;2024-06-15T05:30;22;kWh;-4493;1141;0;0;5634;-3352
2024-06-15T05:30;2024-06-15T05:45;23;kWh;-8501;0;0;0;8501;-8501
2024-06-15T05:45;2024-06-15T06:00;24;kWh;-13654;0;0;0;13654;-13654
2024-06-15T06:00;2024-06-15T06:15;25;kWh;-522;27048;0;0;27570;26526
2024-06-15T06:15;2024-06-15T06:30;26;kWh;-23460;0;0;0;23460;-23460
2024-06-15T06:30;2024-06-15T06:45;27;kWh;-27127;0;0;0;27127;-27127
2024-06-15T06:45;2024-06-15T07:00;28;kWh;-22320;554;0;0;22874;-21766
2024-06-15T07:00;2024-06-15T07:15;29;kWh;-63;179;0;0;242;116
2024-06-15T07:15;2024-06-15T07:30;30;kWh;-7146;0;0;0;7146;-7146
2024-06-15T07:30;2024-06-15T07:45;31;kWh;-16199;0;0;0;16199;-16199
2024-06-15T07:45;2024-06-15T08:00;32;kWh;-10619;0;0;0;10619;-10619
2024-06-15T08:00;2024-06-15T08:15;33;kWh;-26825;0;0;0;26825;-26825
2024-06-15T08:15;2024-06-15T08:30;34;kWh;-15189;0;0;0;15189;-15189
2024-06-15T08:30;2024-06-15T08:45;35;kWh;-33105;0;0;0;33105;-33105
2024-06-15T08:45;2024-06-15T09:00;36;kWh;-22101;0;0;0;22101;-22101
2024-06-15T09:00;2024-06-15T09:15;37;kWh;-1397;15244;0;0;16641;13847
2024-06-15T09:15;2024-06-15T09:30;38;kWh;-8737;3825;0;0;12562;-4912
2024-06-15T09:30;2024-06-15T09:45;39;kWh;-7509;0;0;0;7509;-7509
2024-06-15T09:45;2024-06-15T10:00;40;kWh;-10651;0;0;0;10651;-10651
2024-06-15T10:00;2024-06-15T10:15;41;kWh;-7272;25304;0;0;32576;18032
2024-06-15T10:15;2024-06-15T10:30;42;kWh;-2402;25793;0;0;28195;23391
2024-06-15T10:30;2024-06-15T10:45;43;kWh;-1616;584;0;0;2200;-1032
2024-06-15T10:45;2024-06-15T11:00;44;kWh;-6426;0;0;0;6426;-6426
2024-06-15T11:00;2024-06-15T11:15;45;kWh;-21635;3657;0;0;25292;-17978
2024-06-15T11:15;2024-06-15T11:30;46;kWh;-48310;15885;0;0;64195;-32425
2024-06-15T11:30;2024-06-15T11:45;47;kWh;-9519;128;0;0;9647;-9391
2024-06-15T11:45;2024-06-15T12:00;48;kWh;-6862;0;0;0;6862;-6862
2024-06-15T12:00;2024-06-15T12:15;49;kWh;-3778;0;0;0;3778;-3778
2024-06-15T12:15;2024-06-15T12:30;50;kWh;-12867;0;0;0;12867;-12867
2024-06-15T12:30;2024-06-15T12:45;51;kWh;-32563;0;0;0;32563;-32563
2024-06-15T12:45;2024-06-15T13:00;52;kWh;-59173;0;0;0;59173;-59173
2024-06-15T13:00;2024-06-15T13:15;53;kWh;-21011;0;0;0;21011;-21011
2024-06-15T13:15;2024-06-15T13:30;54;kWh;-47151;0;0;0;47151;-47151
2024-06-15T13:30;2024-06-15T13:45;55;kWh;-33410;2;0;0;33412;-33408
2024-06-15T13:45;2024-06-15T14:00;56;kWh;-32451;570;0;0;33021;-31881
2024-06-15T14:00;2024-06-15T14:15;57;kWh;-9328;6044;0;0;15372;-3284
2024-06-15T14:15;2024-06-15T14:30;58;kWh;-14304;17938;0;0;32242;3634
2024-06-15T14:30;2024-06-15T14:45;59;kWh;-2978;39060;0;0;42038;36082
2024-06-15T14:45;2024-06-15T15:00;60;kWh;-793;32163;0;0;32956;31370
2024-06-15T15:00;2024-06-15T15:15;61;kWh;-3842;20095;0;0;23937;16253
2024-06-15T15:15;2024-06-15T15:30;62;kWh;-2201;21069;0;0;23270;18868
2024-06-15T15:30;2024-06-15T15:45;63;kWh;-12562;7902;0;0;20464;-4660
2024-06-15T15:45;2024-06-15T16:00;64;kWh;-12219;2430;0;0;14649;-9789
2024-06-15T16:00;2024-06-15T16:15;65;kWh;-56484;994;0;0;57478;-55490
2024-06-15T16:15;2024-06-15T16:30;66;kWh;-8411;5664;0;0;14075;-2747
2024-06-15T16:30;2024-06-15T16:45;67;kWh;-3577;10988;0;0;14565;7411
2024-06-15T16:45;2024-06-15T17:00;68;kWh;-868;0;0;0;868;-868
2024-06-15T17:00;2024-06-15T17:15;69;kWh;-18517;0;0;0;18517;-18517
2024-06-15T17:15;2024-06-15T17:30;70;kWh;-20506;2826;0;0;23332;-17680
2024-06-15T17:30;2024-06-15T17:45;71;kWh;-28207;2775;0;0;30982;-25432
2024-06-15T17:45;2024-06-15T18:00;72;kWh;-2;5693;0;0;5695;5691
2024-06-15T18:00;2024-06-15T18:15;73;kWh;-765;219;0;0;984;-546
2024-06-15T18:15;2024-06-15T18:30;74;kWh;-32;1761;0;0;1793;1729
2024-06-15T18:30;2024-06-15T18:45;75;kWh;0;18786;0;0;18786;18786
2024-06-15T18:45;2024-06-15T19:00;76;kWh;-21;12325;0;0;12346;12304
2024-06-15T19:00;2024-06-15T19:15;77;kWh;-24436;0;0;0;24436;-24436
2024-06-15T19:15;2024-06-15T19:30;78;kWh;-3555;33;0;0;3588;-3522
2024-06-15T19:30;2024-06-15T19:45;79;kWh;-655;0;0;0;655;-655
2024-06-15T19:45;2024-06-15T20:00;80;kWh;-165;0;0;0;165;-165
2024-06-15T20:00;2024-06-15T20:15;81;kWh;-12085;0;0;0;12085;-12085
2024-06-15T20:15;2024-06-15T20:30;82;kWh;-3261;0;0;0;3261;-3261
2024-06-15T20:30;2024-06-15T20:45;83;kWh;-190;0;0;0;190;-190
2024-06-15T20:45;2024-06-15T21:00;84;kWh;-56;0;0;0;56;-56
2024-06-15T21:00;2024-06-15T21:15;85;kWh;-988;0;0;0;988;-988
2024-06-15T21:15;2024-06-15T21:30;86;kWh;0;0;0;0;0;0
2024-06-15T21:30;2024-06-15T21:45;87;kWh;-5070;28;0;0;5098;-5042
2024-06-15T21:45;2024-06-15T22:00;88;kWh;-3288;96;0;0;3384;-3192
2024-06-15T22:00;2024-06-15T22:15;89;kWh;-2392;0;0;0;2392;-2392
2024-06-15T22:15;2024-06-15T22:30;90;kWh;-6167;2417;0;0;8584;-3750
2024-06-15T22:30;2024-06-15T22:45;91;kWh;-5065;21;0;0;5086;-5044
2024-06-15T22:45;2024-06-15T23:00;92;kWh;-13187;208;0;0;13395;-12979
2024-06-15T23:00;2024-06-15T23:15;93;kWh;-14745;3631;0;0;18376;-11114
2024-06-15T23:15;2024-06-15T23:30;94;kWh;-17392;1887;0;0;19279;-15505
2024-06-15T23:30;2024-06-15T23:45;95;kWh;-24632;956;0;0;25588;-23676
2024-06-15T23:45;2024-06-16T00:00;96;kWh;-18299;0;0;0;18299;-18299
2024-06-16T00:00;2024-06-16T00:15;1;kWh;-3028;0;0;0;3028;-3028
2024-06-16T00:15;2024-06-16T00:30;2;kWh;-5615;0;0;0;5615;-5615
2024-06-16T00:30;2024-06-16T00:45;3;kWh;-22578;0;0;0;22578;-22578
2024-06-16T00:45;2024-06-16T01:00;4;kWh;-37023;0;0;0;37023;-37023
2024-06-16T01:00;2024-06-16T01:15;5;kWh;-4178;0;0;0;4178;-4178
2024-06-16T01:15;2024-06-16T01:30;6;kWh;-16871;0;0;0;16871;-16871
2024-06-16T01:30;2024-06-16T01:45;7;kWh;-27735;0;0;0;27735;-27735
2024-06-16T01:45;2024-06-16T02:00;8;kWh;-34667;0;0;0;34667;-34667
2024-06-16T02:00;2024-06-16T02:15;9;kWh;-9211;0;0;0;9211;-9211
2024-06-16T02:15;2024-06-16T02:30;10;kWh;-21241;0;0;0;21241;-21241
2024-06-16T02:30;2024-06-16T02:45;11;kWh;-27515;0;0;0;27515;-27515
2024-06-16T02:45;2024-06-16T03:00;12;kWh;-27787;0;0;0;27787;-27787
2024-06-16T03:00;2024-06-16T03:15;13;kWh;-20712;0;0;0;20712;-20712
2024-06-16T03:15;2024-06-16T03:30;14;kWh;-11624;0;0;0;11624;-11624
2024-06-16T03:30;2024-06-16T03:45;15;kWh;-18513;0;0;0;18513;-18513
2024-06-16T03:45;2024-06-16T04:00;16;kWh;-19395;0;0;0;19395;-19395
2024-06-16T04:00;2024-06-16T04:15;17;kWh;-15651;1104;0;0;16755;-14547
2024-06-16T04:15;2024-06-16T04:30;18;kWh;-20618;0;0;0;20618;-20618
2024-06-16T04:30;2024-06-16T04:45;19;kWh;-22858;0;0;0;22858;-22858
2024-06-16T04:45;2024-06-16T05:00;20;kWh;-19210;0;0;0;19210;-19210
2024-06-16T05:00;2024-06-16T05:15;21;kWh;-16647;0;0;0;16647;-16647
2024-06-16T05:15;2024-06-16T05:30;22;kWh;-19404;0;0;0;19404;-19404
2024-06-16T05:30;2024-06-16T05:45;23;kWh;-42066;0;0;0;42066;-42066
2024-06-16T05:45;2024-06-16T06:00;24;kWh;-42654;0;0;0;42654;-42654
2024-06-16T06:00;2024-06-16T06:15;25;kWh;-33525;0;0;0;33525;-33525
2024-06-16T06:15;2024-06-16T06:30;26;kWh;-47686;0;0;0;47686;-47686
2024-06-16T06:30;2024-06-16T06:45;27;kWh;-36189;0;0;0;36189;-36189
2024-06-16T06:45;2024-06-16T07:00;28;kWh;-45978;0;0;0;45978;-45978
2024-06-16T07:00;2024-06-16T07:15;29;kWh;-18861;0;0;0;18861;-18861
2024-06-16T07:15;2024-06-16T07:30;30;kWh;-27266;30;0;0;27296;-27236
2024-06-16T07:30;2024-06-16T07:45;31;kWh;-51705;80;0;0;51785;-51625
2024-06-16T07:45;2024-06-16T08:00;32;kWh;-26242;0;0;0;26242;-26242
2024-06-16T08:00;2024-06-16T08:15;33;kWh;-8806;2252;0;0;11058;-6554
2024-06-16T08:15;2024-06-16T08:30;34;kWh;-37453;0;0;0;37453;-37453
2024-06-16T08:30;2024-06-16T08:45;35;kWh;-36531;0;0;0;36531;-36531
2024-06-16T08:45;2024-06-16T09:00;36;kWh;-30584;0;0;0;30584;-30584
2024-06-16T09:00;2024-06-16T09:15;37;kWh;-14667;0;0;0;14667;-14667
2024-06-16T09:15;2024-06-16T09:30;38;kWh;-20460;0;0;0;20460;-20460
2024-06-16T09:30;2024-06-16T09:45;39;kWh;-21306;0;0;0;21306;-21306
2024-06-16T09:45;2024-06-16T10:00;40;kWh;-17360;0;0;0;17360;-17360
2024-06-16T10:00;2024-06-16T10:15;41;kWh;-10236;0;0;0;10236;-10236
2024-06-16T10:15;2024-06-16T10:30;42;kWh;-15553;0;0;0;15553;-15553
2024-06-16T10:30;2024-06-16T10:45;43;kWh;-16366;0;0;0;16366;-16366
2024-06-16T10:45;2024-06-16T11:00;44;kWh;-13574;0;0;0;13574;-13574
2024-06-16T11:00;2024-06-16T11:15;45;kWh;-23704;0;0;0;23704;-23704
2024-06-16T11:15;2024-06-16T11:30;46;kWh;-15978;0;0;0;15978;-15978
2024-06-16T11:30;2024-06-16T11:45;47;kWh;-18755;0;0;0;18755;-18755
2024-06-16T11:45;2024-06-16T12:00;48;kWh;-42566;0;0;0;42566;-42566
2024-06-16T12:00;2024-06-16T12:15;49;kWh;-18659;0;0;0;18659;-18659
2024-06-16T12:15;2024-06-16T12:30;50;kWh;-30389;0;0;0;30389;-30389
2024-06-16T12:30;2024-06-16T12:45;51;kWh;-28258;0;0;0;28258;-28258
2024-06-16T12:45;2024-06-16T13:00;52;kWh;-26625;0;0;0;26625;-26625
2024-06-16T13:00;2024-06-16T13:15;53;kWh;-1487;0;0;0;1487;-1487
2024-06-16T13:15;2024-06-16T13:30;54;kWh;-2538;0;0;0;2538;-2538
2024-06-16T13:30;2024-06-16T13:45;55;kWh;-16232;0;0;0;16232;-16232
2024-06-16T13:45;2024-06-16T14:00;56;kWh;-6451;0;0;0;6451;-6451
2024-06-16T14:00;2024-06-16T14:15;57;kWh;-8673;0;0;0;8673;-8673
2024-06-16T14:15;2024-06-16T14:30;58;kWh;-18165;0;0;0;18165;-18165
2024-06-16T14:30;2024-06-16T14:45;59;kWh;-10157;982;0;0;11139;-9175
2024-06-16T14:45;2024-06-16T15:00;60;kWh;-19102;3378;0;0;22480;-15724
2024-06-16T15:00;2024-06-16T15:15;61;kWh;-22292;1349;0;0;23641;-20943
2024-06-16T15:15;2024-06-16T15:30;62;kWh;-12455;5901;0;0;18356;-6554
2024-06-16T15:30;2024-06-16T15:45;63;kWh;-1996;0;0;0;1996;-1996
2024-06-16T15:45;2024-06-16T16:00;64;kWh;-229;0;0;0;229;-229
2024-06-16T16:00;2024-06-16T16:15;65;kWh;-44045;0;0;0;44045;-44045
2024-06-16T16:15;2024-06-16T16:30;66;kWh;-25364;0;0;0;25364;-25364
2024-06-16T16:30;2024-06-16T16:45;67;kWh;-7669;0;0;0;7669;-7669
2024-06-16T16:45;2024-06-16T17:00;68;kWh;-12088;967;0;0;13055;-11121
2024-06-16T17:00;2024-06-16T17:15;69;kWh;-23288;0;0;0;23288;-23288
2024-06-16T17:15;2024-06-16T17:30;70;kWh;-26293;837;0;0;27130;-25456
2024-06-16T17:30;2024-06-16T17:45;71;kWh;-31748;1136;0;0;32884;-30612
2024-06-16T17:45;2024-06-16T18:00;72;kWh;-6303;0;0;0;6303;-6303
2024-06-16T18:00;2024-06-16T18:15;73;kWh;-51214;27;0;0;51241;-51187
2024-06-16T18:15;2024-06-16T18:30;74;kWh;-8739;123;0;0;8862;-8616
2024-06-16T18:30;2024-06-16T18:45;75;kWh;-7847;1183;0;0;9030;-6664
2024-06-16T18:45;2024-06-16T19:00;76;kWh;-5025;77;0;0;5102;-4948
2024-06-16T19:00;2024-06-16T19:15;77;kWh;-19131;2694;0;0;21825;-16437
2024-06-16T19:15;2024-06-16T19:30;78;kWh;-38197;0;0;0;38197;-38197
2024-06-16T19:30;2024-06-16T19:45;79;kWh;-8291;156;0;0;8447;-8135
2024-06-16T19:45;2024-06-16T20:00;80;kWh;0;0;0;0;0;0
2024-06-16T20:00;2024-06-16T20:15;81;kWh;0;9;0;0;9;9
2024-06-16T20:15;2024-06-16T20:30;82;kWh;0;7204;0;0;7204;7204
2024-06-16T20:30;2024-06-16T20:45;83;kWh;0;19079;0;0;19079;19079
2024-06-16T20:45;2024-06-16T21:00;84;kWh;0;42306;0;0;42306;42306
2024-06-16T21:00;2024-06-16T21:15;85;kWh;0;27618;0;0;27618;27618
2024-06-16T21:15;2024-06-16T21:30;86;kWh;0;511;0;0;511;511
2024-06-16T21:30;2024-06-16T21:45;87;kWh;0;0;0;0;0;0
2024-06-16T21:45;2024-06-16T22:00;88;kWh;0;114;0;0;114;114
2024-06-16T22:00;2024-06-16T22:15;89;kWh;0;7134;0;0;7134;7134
2024-06-16T22:15;2024-06-16T22:30;90;kWh;0;12784;0;0;12784;12784
2024-06-16T22:30;2024-06-16T22:45;91;kWh;0;8655;0;0;8655;8655
2024-06-16T22:45;2024-06-16T23:00;92;kWh;-93;10114;0;0;10207;10021
2024-06-16T23:00;2024-06-16T23:15;93;kWh;-371;3;0;0;374;-368
2024-06-16T23:15;2024-06-16T23:30;94;kWh;-1385;1930;0;0;3315;545
2024-06-16T23:30;2024-06-16T23:45;95;kWh;0;3175;0;0;3175;3175
2024-06-16T23:45;2024-06-17T00:00;96;kWh;0;1258;0;0;1258;1258
2024-06-17T00:00;2024-06-17T00:15;1;kWh;0;27151;0;0;27151;27151
2024-06-17T00:15;2024-06-17T00:30;2;kWh;-206;26129;0;0;26335;25923
2024-06-17T00:30;2024-06-17T00:45;3;kWh;-993;1649;0;0;2642;656
2024-06-17T00:45;2024-06-17T01:00;4;kWh;-579;155;0;0;734;-424
2024-06-17T01:00;2024-06-17T01:15;5;kWh;-956;36416;0;0;37372;35460
2024-06-17T01:15;2024-06-17T01:30;6;kWh;-447;42054;0;0;42501;41607
2024-06-17T01:30;2024-06-17T01:45;7;kWh;-2373;11197;0;0;13570;8824
2024-06-17T01:45;2024-06-17T02:00;8;kWh;-5025;1797;0;0;6822;-3228
2024-06-17T02:00;2024-06-17T02:15;9;kWh;0;6781;0;0;6781;6781
2024-06-17T02:15;2024-06-17T02:30;10;kWh;-1025;778;0;0;1803;-247
2024-06-17T02:30;2024-06-17T02:45;11;kWh;-3700;10;0;0;3710;-3690
2024-06-17T02:45;2024-06-17T03:00;12;kWh;-9092;997;0;0;10089;-8095
2024-06-17T03:00;2024-06-17T03:15;13;kWh;-17576;307;0;0;17883;-17269
2024-06-17T03:15;2024-06-17T03:30;14;kWh;-10998;373;0;0;11371;-10625
2024-06-17T03:30;2024-06-17T03:45;15;kWh;-10149;3704;0;0;13853;-6445
2024-06-17T03:45;2024-06-17T04:00;16;kWh;-5423;1971;0;0;7394;-3452
2024-06-17T04:00;2024-06-17T04:15;17;kWh;0;34944;0;0;34944;34944
2024-06-17T04:15;2024-06-17T04:30;18;kWh;0;9325;0;0;9325;9325
2024-06-17T04:30;2024-06-17T04:45;19;kWh;0;34020;0;0;34020;34020
2024-06-17T04:45;2024-06-17T05:00;20;kWh;0;29451;0;0;29451;29451
2024-06-17T05:00;2024-06-17T05:15;21;kWh;0;27631;0;0;27631;27631
2024-06-17T05:15;2024-06-17T05:30;22;kWh;0;14095;0;0;14095;14095
2024-06-17T05:30;2024-06-17T05:45;23;kWh;0;6211;0;0;6211;6211
2024-06-17T05:45;2024-06-17T06:00;24;kWh;0;3381;0;0;3381;3381
2024-06-17T06:00;2024-06-17T06:15;25;kWh;0;15080;0;0;15080;15080
2024-06-17T06:15;2024-06-17T06:30;26;kWh;-1970;0;0;0;1970;-1970
2024-06-17T06:30;2024-06-17T06:45;27;kWh;-358;0;0;0;358;-358
2024-06-17T06:45;2024-06-17T07:00;28;kWh;-1502;1376;0;0;2878;-126
2024-06-17T07:00;2024-06-17T07:15;29;kWh;0;19146;0;0;19146;19146
2024-06-17T07:15;2024-06-17T07:30;30;kWh;0;43742;0;0;43742;43742
2024-06-17T07:30;2024-06-17T07:45;31;kWh;0;66771;0;0;66771;66771
2024-06-17T07:45;2024-06-17T08:00;32;kWh;0;44208;0;0;44208;44208
2024-06-17T08:00;2024-06-17T08:15;33;kWh;0;83310;0;0;83310;83310
2024-06-17T08:15;2024-06-17T08:30;34;kWh;-8;24783;0;0;24791;24775
2024-06-17T08:30;2024-06-17T08:45;35;kWh;-17989;390;0;0;18379;-17599
2024-06-17T08:45;2024-06-17T09:00;36;kWh;-9887;612;0;0;10499;-9275
2024-06-17T09:00;2024-06-17T09:15;37;kWh;-30384;32638;0;0;63022;2254
2024-06-17T09:15;2024-06-17T09:30;38;kWh;-16633;12786;0;0;29419;-3847
2024-06-17T09:30;2024-06-17T09:45;39;kWh;-25019;0;0;0;25019;-25019
2024-06-17T09:45;2024-06-17T10:00;40;kWh;-31347;0;0;0;31347;-31347
2024-06-17T10:00;2024-06-17T10:15;41;kWh;-7647;11318;0;0;18965;3671
2024-06-17T10:15;2024-06-17T10:30;42;kWh;-19731;6732;0;0;26463;-12999
2024-06-17T10:30;2024-06-17T10:45;43;kWh;-15049;1371;0;0;16420;-13678
2024-06-17T10:45;2024-06-17T11:00;44;kWh;-24331;0;0;0;24331;-24331
2024-06-17T11:00;2024-06-17T11:15;45;kWh;-6313;0;0;0;6313;-6313
2024-06-17T11:15;2024-06-17T11:30;46;kWh;-22101;0;0;0;22101;-22101
2024-06-17T11:30;2024-06-17T11:45;47;kWh;-26664;0;0;0;26664;-26664
2024-06-17T11:45;2024-06-17T12:00;48;kWh;-31843;0;0;0;31843;-31843
2024-06-17T12:00;2024-06-17T12:15;49;kWh;-17579;0;0;0;17579;-17579
2024-06-17T12:15;2024-06-17T12:30;50;kWh;-29192;0;0;0;29192;-29192
2024-06-17T12:30;2024-06-17T12:45;51;kWh;-50921;0;0;0;50921;-50921
2024-06-17T12:45;2024-06-17T13:00;52;kWh;-28726;0;0;0;28726;-28726
2024-06-17T13:00;2024-06-17T13:15;53;kWh;-20355;467;0;0;20822;-19888
2024-06-17T13:15;2024-06-17T13:30;54;kWh;-41722;273;0;0;41995;-41449
2024-06-17T13:30;2024-06-17T13:45;55;kWh;-24041;351;0;0;24392;-23690
2024-06-17T13:45;2024-06-17T14:00;56;kWh;-36674;297;0;0;36971;-36377
2024-06-17T14:00;2024-06-17T14:15;57;kWh;-51740;0;0;0;51740;-51740
2024-06-17T14:15;2024-06-17T14:30;58;kWh;-31632;0;0;0;31632;-31632
2024-06-17T14:30;2024-06-17T14:45;59;kWh;-12803;0;0;0;12803;-12803
2024-06-17T14:45;2024-06-17T15:00;60;kWh;-1440;0;0;0;1440;-1440
2024-06-17T15:00;2024-06-17T15:15;61;kWh;-6;9154;0;0;9160;9148
2024-06-17T15:15;2024-06-17T15:30;62;kWh;0;18818;0;0;18818;18818
2024-06-17T15:30;2024-06-17T15:45;63;kWh;0;18906;0;0;18906;18906
2024-06-17T15:45;2024-06-17T16:00;64;kWh;-3593;25746;0;0;29339;22153
2024-06-17T16:00;2024-06-17T16:15;65;kWh;-31301;0;0;0;31301;-31301
2024-06-17T16:15;2024-06-17T16:30;66;kWh;-19113;0;0;0;19113;-19113
2024-06-17T16:30;2024-06-17T16:45;67;kWh;-38509;0;0;0;38509;-38509
2024-06-17T16:45;2024-06-17T17:00;68;kWh;-35034;0;0;0;35034;-35034
2024-06-17T17:00;2024-06-17T17:15;69;kWh;-59968;0;0;0;59968;-59968
2024-06-17T17:15;2024-06-17T17:30;70;kWh;-47200;385;0;0;47585;-46815
2024-06-17T17:30;2024-06-17T17:45;71;kWh;-88559;272;0;0;88831;-88287
2024-06-17T17:45;2024-06-17T18:00;72;kWh;-45651;5067;0;0;50718;-40584
2024-06-17T18:00;2024-06-17T18:15;73;kWh;-27562;5119;0;0;32681;-22443
2024-06-17T18:15;2024-06-17T18:30;74;kWh;-41772;0;0;0;41772;-41772
2024-06-17T18:30;2024-06-17T18:45;75;kWh;-25133;0;0;0;25133;-25133
2024-06-17T18:45;2024-06-17T19:00;76;kWh;-8818;0;0;0;8818;-8818
2024-06-17T19:00;2024-06-17T19:15;77;kWh;-5618;0;0;0;5618;-5618
2024-06-17T19:15;2024-06-17T19:30;78;kWh;0;7657;0;0;7657;7657
2024-06-17T19:30;2024-06-17T19:45;79;kWh;0;9622;0;0;9622;9622
2024-06-17T19:45;2024-06-17T20:00;80;kWh;0;4871;0;0;4871;4871
2024-06-17T20:00;2024-06-17T20:15;81;kWh;-48034;3107;0;0;51141;-44927
2024-06-17T20:15;2024-06-17T20:30;82;kWh;-27105;11195;0;0;38300;-15910
2024-06-17T20:30;2024-06-17T20:45;83;kWh;-26096;0;0;0;26096;-26096
2024-06-17T20:45;2024-06-17T21:00;84;kWh;-877;14168;0;0;15045;13291
2024-06-17T21:00;2024-06-17T21:15;85;kWh;-43212;617;0;0;43829;-42595
2024-06-17T21:15;2024-06-17T21:30;86;kWh;-16690;2541;0;0;19231;-14149
2024-06-17T21:30;2024-06-17T21:45;87;kWh;-3130;4730;0;0;7860;1600
2024-06-17T21:45;2024-06-17T22:00;88;kWh;0;5520;0;0;5520;5520
2024-06-17T22:00;2024-06-17T22:15;89;kWh;0;40714;0;0;40714;40714
2024-06-17T22:15;2024-06-17T22:30;90;kWh;0;43129;0;0;43129;43129
2024-06-17T22:30;2024-06-17T22:45;91;kWh;0;38341;0;0;38341;38341
2024-06-17T22:45;2024-06-17T23:00;92;kWh;-202;9241;0;0;9443;9039
2024-06-17T23:00;2024-06-17T23:15;93;kWh;-26292;43;0;0;26335;-26249
2024-06-17T23:15;2024-06-17T23:30;94;kWh;-573;5457;0;0;6030;4884
2024-06-17T23:30;2024-06-17T23:45;95;kWh;-4653;1713;0;0;6366;-2940
2024-06-17T23:45;2024-06-18T00:00;96;kWh;-7680;10535;0;0;18215;2855
2024-06-18T00:00;2024-06-18T00:15;1;kWh;-4077;0;0;0;4077;-4077
2024-06-18T00:15;2024-06-18T00:30;2;kWh;0;0;0;0;0;0
2024-06-18T00:30;2024-06-18T00:45;3;kWh;0;2266;0;0;2266;2266
2024-06-18T00:45;2024-06-18T01:00;4;kWh;0;6395;0;0;6395;6395
2024-06-18T01:00;2024-06-18T01:15;5;kWh;0;2825;0;0;2825;2825
2024-06-18T01:15;2024-06-18T01:30;6;kWh;0;1726;0;0;1726;1726
2024-06-18T01:30;2024-06-18T01:45;7;kWh;-169;671;0;0;840;502
2024-06-18T01:45;2024-06-18T02:00;8;kWh;-8310;0;0;0;8310;-8310
2024-06-18T02:00;2024-06-18T02:15;9;kWh;-2503;0;0;0;2503;-2503
2024-06-18T02:15;2024-06-18T02:30;10;kWh;-773;0;0;0;773;-773
2024-06-18T02:30;2024-06-18T02:45;11;kWh;-4317;0;0;0;4317;-4317
2024-06-18T02:45;2024-06-18T03:00;12;kWh;-23408;0;0;0;23408;-23408
2024-06-18T03:00;2024-06-18T03:15;13;kWh;-17164;0;0;0;17164;-17164
2024-06-18T03:15;2024-06-18T03:30;14;kWh;-15379;0;0;0;15379;-15379
2024-06-18T03:30;2024-06-18T03:45;15;kWh;-8265;0;0;0;8265;-8265
2024-06-18T03:45;2024-06-18T04:00;16;kWh;-11897;0;0;0;11897;-11897
2024-06-18T04:00;2024-06-18T04:15;17;kWh;-653;933;0;0;1586;280
2024-06-18T04:15;2024-06-18T04:30;18;kWh;0;1400;0;0;1400;1400
2024-06-18T04:30;2024-06-18T04:45;19;kWh;0;6516;0;0;6516;6516
2024-06-18T04:45;2024-06-18T05:00;20;kWh;-294;4603;0;0;4897;4309
2024-06-18T05:00;2024-06-18T05:15;21;kWh;-37308;0;0;0;37308;-37308
2024-06-18T05:15;2024-06-18T05:30;22;kWh;-24322;0;0;0;24322;-24322
2024-06-18T05:30;2024-06-18T05:45;23;kWh;-29829;0;0;0;29829;-29829
2024-06-18T05:45;2024-06-18T06:00;24;kWh;-27774;0;0;0;27774;-27774
2024-06-18T06:00;2024-06-18T06:15;25;kWh;-19504;0;0;0;19504;-19504
2024-06-18T06:15;2024-06-18T06:30;26;kWh;0;0;0;0;0;0
2024-06-18T06:30;2024-06-18T06:45;27;kWh;0;4948;0;0;4948;4948
2024-06-18T06:45;2024-06-18T07:00;28;kWh;0;6875;0;0;6875;6875
2024-06-18T07:00;2024-06-18T07:15;29;kWh;-231;3886;0;0;4117;3655
2024-06-18T07:15;2024-06-18T07:30;30;kWh;0;19833;0;0;19833;19833
2024-06-18T07:30;2024-06-18T07:45;31;kWh;0;27549;0;0;27549;27549
2024-06-18T07:45;2024-06-18T08:00;32;kWh;0;51719;0;0;51719;51719
2024-06-18T08:00;2024-06-18T08:15;33;kWh;0;19126;0;0;19126;19126
2024-06-18T08:15;2024-06-18T08:30;34;kWh;0;17714;0;0;17714;17714
2024-06-18T08:30;2024-06-18T08:45;35;kWh;0;30068;0;0;30068;30068
2024-06-18T08:45;2024-06-18T09:00;36;kWh;-69;37659;0;0;37728;37590
2024-06-18T09:00;2024-06-18T09:15;37;kWh;-7171;0;0;0;7171;-7171
2024-06-18T09:15;2024-06-18T09:30;38;kWh;-3427;0;0;0;3427;-3427
2024-06-18T09:30;2024-06-18T09:45;39;kWh;-1307;0;0;0;1307;-1307
2024-06-18T09:45;2024-06-18T10:00;40;kWh;-165;3104;0;0;3269;2939
2024-06-18T10:00;2024-06-18T10:15;41;kWh;0;19603;0;0;19603;19603
2024-06-18T10:15;2024-06-18T10:30;42;kWh;0;31027;0;0;31027;31027
2024-06-18T10:30;2024-06-18T10:45;43;kWh;-217;20418;0;0;20635;20201
2024-06-18T10:45;2024-06-18T11:00;44;kWh;-5728;0;0;0;5728;-5728
2024-06-18T11:00;2024-06-18T11:15;45;kWh;-1911;5689;0;0;7600;3778
2024-06-18T11:15;2024-06-18T11:30;46;kWh;0;14535;0;0;14535;14535
2024-06-18T11:30;2024-06-18T11:45;47;kWh;0;42085;0;0;42085;42085
2024-06-18T11:45;2024-06-18T12:00;48;kWh;0;75406;0;0;75406;75406
2024-06-18T12:00;2024-06-18T12:15;49;kWh;0;179;0;0;179;179
2024-06-18T12:15;2024-06-18T12:30;50;kWh;0;0;0;0;0;0
2024-06-18T12:30;2024-06-18T12:45;51;kWh;0;0;0;0;0;0
2024-06-18T12:45;2024-06-18T13:00;52;kWh;0;0;0;0;0;0
2024-06-18T13:00;2024-06-18T13:15;53;kWh;-1228;0;0;0;1228;-1228
2024-06-18T13:15;2024-06-18T13:30;54;kWh;-18;0;0;0;18;-18
2024-06-18T13:30;2024-06-18T13:45;55;kWh;-1481;0;0;0;1481;-1481
2024-06-18T13:45;2024-06-18T14:00;56;kWh;-5115;0;0;0;5115;-5115
2024-06-18T14:00;2024-06-18T14:15;57;kWh;-748;5132;0;0;5880;4384
2024-06-18T14:15;2024-06-18T14:30;58;kWh;0;14811;0;0;14811;14811
2024-06-18T14:30;2024-06-18T14:45;59;kWh;0;20490;0;0;20490;20490
2024-06-18T14:45;2024-06-18T15:00;60;kWh;0;27167;0;0;27167;27167
2024-06-18T15:00;2024-06-18T15:15;61;kWh;-231;5747;0;0;5978;5516
2024-06-18T15:15;2024-06-18T15:30;62;kWh;-3194;0;0;0;3194;-3194
2024-06-18T15:30;2024-06-18T15:45;63;kWh;-4676;0;0;0;4676;-4676
2024-06-18T15:45;2024-06-18T16:00;64;kWh;-3563;0;0;0;3563;-3563
2024-06-18T16:00;2024-06-18T16:15;65;kWh;-126;5993;0;0;6119;5867
2024-06-18T16:15;2024-06-18T16:30;66;kWh;0;2635;0;0;2635;2635
2024-06-18T16:30;2024-06-18T16:45;67;kWh;-25271;623;0;0;25894;-24648
2024-06-18T16:45;2024-06-18T17:00;68;kWh;-3993;26;0;0;4019;-3967
2024-06-18T17:00;2024-06-18T17:15;69;kWh;0;54458;0;0;54458;54458
2024-06-18T17:15;2024-06-18T17:30;70;kWh;0;22786;0;0;22786;22786
2024-06-18T17:30;2024-06-18T17:45;71;kWh;0;0;0;0;0;0
2024-06-18T17:45;2024-06-18T18:00;72;kWh;-204;0;0;0;204;-204
2024-06-18T18:00;2024-06-18T18:15;73;kWh;-483;1212;0;0;1695;729
2024-06-18T18:15;2024-06-18T18:30;74;kWh;0;7263;0;0;7263;7263
2024-06-18T18:30;2024-06-18T18:45;75;kWh;0;34733;0;0;34733;34733
2024-06-18T18:45;2024-06-18T19:00;76;kWh;0;40938;0;0;40938;40938
2024-06-18T19:00;2024-06-18T19:15;77;kWh;0;25763;0;0;25763;25763
2024-06-18T19:15;2024-06-18T19:30;78;kWh;0;25592;0;0;25592;25592
2024-06-18T19:30;2024-06-18T19:45;79;kWh;0;17554;0;0;17554;17554
2024-06-18T19:45;2024-06-18T20:00;80;kWh;0;24576;0;0;24576;24576
2024-06-18T20:00;2024-06-18T20:15;81;kWh;0;30075;0;0;30075;30075
2024-06-18T20:15;2024-06-18T20:30;82;kWh;0;29415;0;0;29415;29415
2024-06-18T20:30;2024-06-18T20:45;83;kWh;0;29672;0;0;29672;29672
2024-06-18T20:45;2024-06-18T21:00;84;kWh;0;1450;0;0;1450;1450
2024-06-18T21:00;2024-06-18T21:15;85;kWh;0;5026;0;0;5026;5026
2024-06-18T21:15;2024-06-18T21:30;86;kWh;0;1143;0;0;1143;1143
2024-06-18T21:30;2024-06-18T21:45;87;kWh;-24;0;0;0;24;-24
2024-06-18T21:45;2024-06-18T22:00;88;kWh;-1027;0;0;0;1027;-1027
2024-06-18T22:00;2024-06-18T22:15;89;kWh;-128;34505;0;0;34633;34377
2024-06-18T22:15;2024-06-18T22:30;90;kWh;0;49875;0;0;49875;49875
2024-06-18T22:30;2024-06-18T22:45;91;kWh;0;20348;0;0;20348;20348
2024-06-18T22:45;2024-06-18T23:00;92;kWh;0;5058;0;0;5058;5058
2024-06-18T23:00;2024-06-18T23:15;93;kWh;0;26998;0;0;26998;26998
2024-06-18T23:15;2024-06-18T23:30;94;kWh;0;1927;0;0;1927;1927
2024-06-18T23:30;2024-06-18T23:45;95;kWh;0;2253;0;0;2253;2253
2024-06-18T23:45;2024-06-19T00:00;96;kWh;0;649;0;0;649;649
2024-06-19T00:00;2024-06-19T00:15;1;kWh;0;1389;0;0;1389;1389
2024-06-19T00:15;2024-06-19T00:30;2;kWh;0;1963;0;0;1963;1963
2024-06-19T00:30;2024-06-19T00:45;3;kWh;0;4023;0;0;4023;4023
2024-06-19T00:45;2024-06-19T01:00;4;kWh;0;2640;0;0;2640;2640
2024-06-19T01:00;2024-06-19T01:15;5;kWh;0;1858;0;0;1858;1858
2024-06-19T01:15;2024-06-19T01:30;6;kWh;0;0;0;0;0;0
2024-06-19T01:30;2024-06-19T01:45;7;kWh;0;98;0;0;98;98
2024-06-19T01:45;2024-06-19T02:00;8;kWh;-205;0;0;0;205;-205
2024-06-19T02:00;2024-06-19T02:15;9;kWh;-527;19867;0;0;20394;19340
2024-06-19T02:15;2024-06-19T02:30;10;kWh;-108;32800;0;0;32908;32692
2024-06-19T02:30;2024-06-19T02:45;11;kWh;-318;0;0;0;318;-318
2024-06-19T02:45;2024-06-19T03:00;12;kWh;0;2685;0;0;2685;2685
2024-06-19T03:00;2024-06-19T03:15;13;kWh;0;7662;0;0;7662;7662
2024-06-19T03:15;2024-06-19T03:30;14;kWh;0;3753;0;0;3753;3753
2024-06-19T03:30;2024-06-19T03:45;15;kWh;0;23242;0;0;23242;23242
2024-06-19T03:45;2024-06-19T04:00;16;kWh;0;22730;0;0;22730;22730
2024-06-19T04:00;2024-06-19T04:15;17;kWh;0;31225;0;0;31225;31225
2024-06-19T04:15;2024-06-19T04:30;18;kWh;0;50322;0;0;50322;50322
2024-06-19T04:30;2024-06-19T04:45;19;kWh;0;38787;0;0;38787;38787
2024-06-19T04:45;2024-06-19T05:00;20;kWh;0;17619;0;0;17619;17619
2024-06-19T05:00;2024-06-19T05:15;21;kWh;0;585;0;0;585;585
2024-06-19T05:15;2024-06-19T05:30;22;kWh;0;30722;0;0;30722;30722
2024-06-19T05:30;2024-06-19T05:45;23;kWh;0;5491;0;0;5491;5491
2024-06-19T05:45;2024-06-19T06:00;24;kWh;0;1232;0;0;1232;1232
2024-06-19T06:00;2024-06-19T06:15;25;kWh;-324;3677;0;0;4001;3353
2024-06-19T06:15;2024-06-19T06:30;26;kWh;0;17241;0;0;17241;17241
2024-06-19T06:30;2024-06-19T06:45;27;kWh;0;474;0;0;474;474
2024-06-19T06:45;2024-06-19T07:00;28;kWh;-1048;0;0;0;1048;-1048
2024-06-19T07:00;2024-06-19T07:15;29;kWh;-348;9677;0;0;10025;9329
2024-06-19T07:15;2024-06-19T07:30;30;kWh;-263;145;0;0;408;-118
2024-06-19T07:30;2024-06-19T07:45;31;kWh;-1525;0;0;0;1525;-1525
2024-06-19T07:45;2024-06-19T08:00;32;kWh;-3843;0;0;0;3843;-3843
2024-06-19T08:00;2024-06-19T08:15;33;kWh;-851;25061;0;0;25912;24210
2024-06-19T08:15;2024-06-19T08:30;34;kWh;0;19520;0;0;19520;19520
2024-06-19T08:30;2024-06-19T08:45;35;kWh;0;0;0;0;0;0
2024-06-19T08:45;2024-06-19T09:00;36;kWh;-3689;0;0;0;3689;-3689
2024-06-19T09:00;2024-06-19T09:15;37;kWh;-7687;0;0;0;7687;-7687
2024-06-19T09:15;2024-06-19T09:30;38;kWh;0;0;0;0;0;0
2024-06-19T09:30;2024-06-19T09:45;39;kWh;0;0;0;0;0;0
2024-06-19T09:45;2024-06-19T10:00;40;kWh;-3023;0;0;0;3023;-3023
2024-06-19T10:00;2024-06-19T10:15;41;kWh;-12410;381;0;0;12791;-12029
2024-06-19T10:15;2024-06-19T10:30;42;kWh;-9335;81;0;0;9416;-9254
2024-06-19T10:30;2024-06-19T10:45;43;kWh;-12172;0;0;0;12172;-12172
2024-06-19T10:45;2024-06-19T11:00;44;kWh;-29838;0;0;0;29838;-29838
2024-06-19T11:00;2024-06-19T11:15;45;kWh;-11840;0;0;0;11840;-11840
2024-06-19T11:15;2024-06-19T11:30;46;kWh;-12383;0;0;0;12383;-12383
2024-06-19T11:30;2024-06-19T11:45;47;kWh;-18187;0;0;0;18187;-18187
2024-06-19T11:45;2024-06-19T12:00;48;kWh;-11986;0;0;0;11986;-11986
2024-06-19T12:00;2024-06-19T12:15;49;kWh;-2783;32700;0;0;35483;29917
2024-06-19T12:15;2024-06-19T12:30;50;kWh;-249;26447;0;0;26696;26198
2024-06-19T12:30;2024-06-19T12:45;51;kWh;-249;9412;0;0;9661;9163
2024-06-19T12:45;2024-06-19T13:00;52;kWh;-249;10;0;0;259;-239
2024-06-19T13:00;2024-06-19T13:15;53;kWh;-249;485;0;0;734;236
2024-06-19T13:15;2024-06-19T13:30;54;kWh;-249;896;0;0;1145;647
2024-06-19T13:30;2024-06-19T13:45;55;kWh;-251;1696;0;0;1947;1445
2024-06-19T13:45;2024-06-19T14:00;56;kWh;-24877;17;0;0;24894;-24860
2024-06-19T14:00;2024-06-19T14:15;57;kWh;-15196;0;0;0;15196;-15196
2024-06-19T14:15;2024-06-19T14:30;58;kWh;-577;0;0;0;577;-577
2024-06-19T14:30;2024-06-19T14:45;59;kWh;-17572;0;0;0;17572;-17572
2024-06-19T14:45;2024-06-19T15:00;60;kWh;-8083;0;0;0;8083;-8083
2024-06-19T15:00;2024-06-19T15:15;61;kWh;-16540;182;0;0;16722;-16358
2024-06-19T15:15;2024-06-19T15:30;62;kWh;-23654;226;0;0;23880;-23428
2024-06-19T15:30;2024-06-19T15:45;63;kWh;-22313;186;0;0;22499;-22127
2024-06-19T15:45;2024-06-19T16:00;64;kWh;-14574;675;0;0;15249;-13899
2024-06-19T16:00;2024-06-19T16:15;65;kWh;-23772;0;0;0;23772;-23772
2024-06-19T16:15;2024-06-19T16:30;66;kWh;-21760;2111;0;0;23871;-19649
2024-06-19T16:30;2024-06-19T16:45;67;kWh;-7334;1;0;0;7335;-7333
2024-06-19T16:45;2024-06-19T17:00;68;kWh;-24676;0;0;0;24676;-24676
2024-06-19T17:00;2024-06-19T17:15;69;kWh;-66431;0;0;0;66431;-66431
2024-06-19T17:15;2024-06-19T17:30;70;kWh;-34380;0;0;0;34380;-34380
2024-06-19T17:30;2024-06-19T17:45;71;kWh;-8819;0;0;0;8819;-8819
2024-06-19T17:45;2024-06-19T18:00;72;kWh;-1710;0;0;0;1710;-1710
2024-06-19T18:00;2024-06-19T18:15;73;kWh;-13163;0;0;0;13163;-13163
2024-06-19T18:15;2024-06-19T18:30;74;kWh;-15008;624;0;0;15632;-14384
2024-06-19T18:30;2024-06-19T18:45;75;kWh;-375;2907;0;0;3282;2532
2024-06-19T18:45;2024-06-19T19:00;76;kWh;-249;18367;0;0;18616;18118
2024-06-19T19:00;2024-06-19T19:15;77;kWh;-249;14652;0;0;14901;14403
2024-06-19T19:15;2024-06-19T19:30;78;kWh;-249;5925;0;0;6174;5676
2024-06-19T19:30;2024-06-19T19:45;79;kWh;-249;22995;0;0;23244;22746
2024-06-19T19:45;2024-06-19T20:00;80;kWh;-975;18694;0;0;19669;17719
2024-06-19T20:00;2024-06-19T20:15;81;kWh;-4919;0;0;0;4919;-4919
2024-06-19T20:15;2024-06-19T20:30;82;kWh;-249;0;0;0;249;-249
2024-06-19T20:30;2024-06-19T20:45;83;kWh;-301;0;0;0;301;-301
2024-06-19T20:45;2024-06-19T21:00;84;kWh;-249;1073;0;0;1322;824
2024-06-19T21:00;2024-06-19T21:15;85;kWh;-249;10085;0;0;10334;9836
2024-06-19T21:15;2024-06-19T21:30;86;kWh;-249;36450;0;0;36699;36201
2024-06-19T21:30;2024-06-19T21:45;87;kWh;-249;28615;0;0;28864;28366
2024-06-19T21:45;2024-06-19T22:00;88;kWh;-249;41255;0;0;41504;41006
2024-06-19T22:00;2024-06-19T22:15;89;kWh;-249;23073;0;0;23322;22824
2024-06-19T22:15;2024-06-19T22:30;90;kWh;-249;33727;0;0;33976;33478
2024-06-19T22:30;2024-06-19T22:45;91;kWh;-249;41737;0;0;41986;41488
2024-06-19T22:45;2024-06-19T23:00;92;kWh;-3982;11748;0;0;15730;7766
2024-06-19T23:00;2024-06-19T23:15;93;kWh;-6021;0;0;0;6021;-6021
2024-06-19T23:15;2024-06-19T23:30;94;kWh;-249;0;0;0;249;-249
2024-06-19T23:30;2024-06-19T23:45;95;kWh;-370;0;0;0;370;-370
2024-06-19T23:45;2024-06-20T00:00;96;kWh;-1410;0;0;0;1410;-1410
2024-06-20T00:00;2024-06-20T00:15;1;kWh;-1524;0;0;0;1524;-1524
2024-06-20T00:15;2024-06-20T00:30;2;kWh;0;913;0;0;913;913
2024-06-20T00:30;2024-06-20T00:45;3;kWh;0;1535;0;0;1535;1535
2024-06-20T00:45;2024-06-20T01:00;4;kWh;0;10866;0;0;10866;10866
2024-06-20T01:00;2024-06-20T01:15;5;kWh;-1252;536;0;0;1788;-716
2024-06-20T01:15;2024-06-20T01:30;6;kWh;-8588;0;0;0;8588;-8588
2024-06-20T01:30;2024-06-20T01:45;7;kWh;-5667;0;0;0;5667;-5667
2024-06-20T01:45;2024-06-20T02:00;8;kWh;-6930;0;0;0;6930;-6930
2024-06-20T02:00;2024-06-20T02:15;9;kWh;-6951;0;0;0;6951;-6951
2024-06-20T02:15;2024-06-20T02:30;10;kWh;-1403;0;0;0;1403;-1403
2024-06-20T02:30;2024-06-20T02:45;11;kWh;-14;0;0;0;14;-14
2024-06-20T02:45;2024-06-20T03:00;12;kWh;-888;0;0;0;888;-888
2024-06-20T03:00;2024-06-20T03:15;13;kWh;-15529;0;0;0;15529;-15529
2024-06-20T03:15;2024-06-20T03:30;14;kWh;-30083;0;0;0;30083;-30083
2024-06-20T03:30;2024-06-20T03:45;15;kWh;-39276;0;0;0;39276;-39276
2024-06-20T03:45;2024-06-20T04:00;16;kWh;-48773;0;0;0;48773;-48773
2024-06-20T04:00;2024-06-20T04:15;17;kWh;-3016;9125;0;0;12141;6109
2024-06-20T04:15;2024-06-20T04:30;18;kWh;0;7810;0;0;7810;7810
2024-06-20T04:30;2024-06-20T04:45;19;kWh;0;7939;0;0;7939;7939
2024-06-20T04:45;2024-06-20T05:00;20;kWh;0;10583;0;0;10583;10583
2024-06-20T05:00;2024-06-20T05:15;21;kWh;-1743;750;0;0;2493;-993
2024-06-20T05:15;2024-06-20T05:30;22;kWh;-1342;0;0;0;1342;-1342
2024-06-20T05:30;2024-06-20T05:45;23;kWh;-95;0;0;0;95;-95
2024-06-20T05:45;2024-06-20T06:00;24;kWh;-1029;0;0;0;1029;-1029
2024-06-20T06:00;2024-06-20T06:15;25;kWh;-28895;0;0;0;28895;-28895
2024-06-20T06:15;2024-06-20T06:30;26;kWh;-4181;0;0;0;4181;-4181
2024-06-20T06:30;2024-06-20T06:45;27;kWh;-23608;0;0;0;23608;-23608
2024-06-20T06:45;2024-06-20T07:00;28;kWh;-4442;0;0;0;4442;-4442
2024-06-20T07:00;2024-06-20T07:15;29;kWh;0;0;0;0;0;0
2024-06-20T07:15;2024-06-20T07:30;30;kWh;0;0;0;0;0;0
2024-06-20T07:30;2024-06-20T07:45;31;kWh;0;740;0;0;740;740
2024-06-20T07:45;2024-06-20T08:00;32;kWh;0;1727;0;0;1727;1727
2024-06-20T08:00;2024-06-20T08:15;33;kWh;0;34303;0;0;34303;34303
2024-06-20T08:15;2024-06-20T08:30;34;kWh;0;7309;0;0;7309;7309
2024-06-20T08:30;2024-06-20T08:45;35;kWh;-7762;12;0;0;7774;-7750
2024-06-20T08:45;2024-06-20T09:00;36;kWh;-39774;0;0;0;39774;-39774
2024-06-20T09:00;2024-06-20T09:15;37;kWh;-20665;7436;0;0;28101;-13229
2024-06-20T09:15;2024-06-20T09:30;38;kWh;-12413;0;0;0;12413;-12413
2024-06-20T09:30;2024-06-20T09:45;39;kWh;-18092;0;0;0;18092;-18092
2024-06-20T09:45;2024-06-20T10:00;40;kWh;-37139;0;0;0;37139;-37139
2024-06-20T10:00;2024-06-20T10:15;41;kWh;-12365;0;0;0;12365;-12365
2024-06-20T10:15;2024-06-20T10:30;42;kWh;-13024;0;0;0;13024;-13024
2024-06-20T10:30;2024-06-20T10:45;43;kWh;-37178;0;0;0;37178;-37178
2024-06-20T10:45;2024-06-20T11:00;44;kWh;-34171;0;0;0;34171;-34171
2024-06-20T11:00;2024-06-20T11:15;45;kWh;-21558;0;0;0;21558;-21558
2024-06-20T11:15;2024-06-20T11:30;46;kWh;-20319;0;0;0;20319;-20319
2024-06-20T11:30;2024-06-20T11:45;47;kWh;-26487;0;0;0;26487;-26487
2024-06-20T11:45;2024-06-20T12:00;48;kWh;-12892;0;0;0;12892;-12892
2024-06-20T12:00;2024-06-20T12:15;49;kWh;0;9897;0;0;9897;9897
2024-06-20T12:15;2024-06-20T12:30;50;kWh;0;96739;0;0;96739;96739
2024-06-20T12:30;2024-06-20T12:45;51;kWh;0;82234;0;0;82234;82234
2024-06-20T12:45;2024-06-20T13:00;52;kWh;0;61225;0;0;61225;61225
2024-06-20T13:00;2024-06-20T13:15;53;kWh;0;73802;0;0;73802;73802
2024-06-20T13:15;2024-06-20T13:30;54;kWh;0;110949;0;0;110949;110949
2024-06-20T13:30;2024-06-20T13:45;55;kWh;0;72757;0;0;72757;72757
2024-06-20T13:45;2024-06-20T14:00;56;kWh;0;81318;0;0;81318;81318
2024-06-20T14:00;2024-06-20T14:15;57;kWh;0;34060;0;0;34060;34060
2024-06-20T14:15;2024-06-20T14:30;58;kWh;0;37865;0;0;37865;37865
2024-06-20T14:30;2024-06-20T14:45;59;kWh;0;10224;0;0;10224;10224
2024-06-20T14:45;2024-06-20T15:00;60;kWh;-494;569;0;0;1063;75
2024-06-20T15:00;2024-06-20T15:15;61;kWh;-2372;0;0;0;2372;-2372
2024-06-20T15:15;2024-06-20T15:30;62;kWh;0;0;0;0;0;0
2024-06-20T15:30;2024-06-20T15:45;63;kWh;0;0;0;0;0;0
2024-06-20T15:45;2024-06-20T16:00;64;kWh;-289;0;0;0;289;-289
2024-06-20T16:00;2024-06-20T16:15;65;kWh;0;0;0;0;0;0
2024-06-20T16:15;2024-06-20T16:30;66;kWh;0;763;0;0;763;763
2024-06-20T16:30;2024-06-20T16:45;67;kWh;0;1175;0;0;1175;1175
2024-06-20T16:45;2024-06-20T17:00;68;kWh;0;650;0;0;650;650
2024-06-20T17:00;2024-06-20T17:15;69;kWh;0;38166;0;0;38166;38166
2024-06-20T17:15;2024-06-20T17:30;70;kWh;0;32150;0;0;32150;32150
2024-06-20T17:30;2024-06-20T17:45;71;kWh;0;55333;0;0;55333;55333
2024-06-20T17:45;2024-06-20T18:00;72;kWh;0;74439;0;0;74439;74439
2024-06-20T18:00;2024-06-20T18:15;73;kWh;0;22522;0;0;22522;22522
2024-06-20T18:15;2024-06-20T18:30;74;kWh;0;40374;0;0;40374;40374
2024-06-20T18:30;2024-06-20T18:45;75;kWh;0;55384;0;0;55384;55384
2024-06-20T18:45;2024-06-20T19:00;76;kWh;0;99126;0;0;99126;99126
2024-06-20T19:00;2024-06-20T19:15;77;kWh;0;96685;0;78214;174899;174899
2024-06-20T19:15;2024-06-20T19:30;78;kWh;0;96224;0;207355;303579;303579
2024-06-20T19:30;2024-06-20T19:45;79;kWh;0;96471;0;206487;302958;302958
2024-06-20T19:45;2024-06-20T20:00;80;kWh;0;93569;0;206487;300056;300056
2024-06-20T20:00;2024-06-20T20:15;81;kWh;-588;9239;0;167352;177179;176003
2024-06-20T20:15;2024-06-20T20:30;82;kWh;-71;5771;0;13028;18870;18728
2024-06-20T20:30;2024-06-20T20:45;83;kWh;0;62138;0;0;62138;62138
2024-06-20T20:45;2024-06-20T21:00;84;kWh;0;73229;0;0;73229;73229
2024-06-20T21:00;2024-06-20T21:15;85;kWh;0;59026;0;0;59026;59026
2024-06-20T21:15;2024-06-20T21:30;86;kWh;0;46027;0;0;46027;46027
2024-06-20T21:30;2024-06-20T21:45;87;kWh;0;27060;0;0;27060;27060
2024-06-20T21:45;2024-06-20T22:00;88;kWh;0;4367;0;0;4367;4367
2024-06-20T22:00;2024-06-20T22:15;89;kWh;0;4093;0;0;4093;4093
2024-06-20T22:15;2024-06-20T22:30;90;kWh;0;65900;0;0;65900;65900
2024-06-20T22:30;2024-06-20T22:45;91;kWh;0;34997;0;0;34997;34997
2024-06-20T22:45;2024-06-20T23:00;92;kWh;0;33922;0;0;33922;33922
2024-06-20T23:00;2024-06-20T23:15;93;kWh;0;61425;0;0;61425;61425
2024-06-20T23:15;2024-06-20T23:30;94;kWh;0;31207;0;0;31207;31207
2024-06-20T23:30;2024-06-20T23:45;95;kWh;-341;168;0;0;509;-173
2024-06-20T23:45;2024-06-21T00:00;96;kWh;-5782;0;0;0;5782;-5782
2024-06-21T00:00;2024-06-21T00:15;1;kWh;-7481;0;0;0;7481;-7481
2024-06-21T00:15;2024-06-21T00:30;2;kWh;-92;0;0;0;92;-92
2024-06-21T00:30;2024-06-21T00:45;3;kWh;0;0;0;0;0;0
2024-06-21T00:45;2024-06-21T01:00;4;kWh;0;18524;0;0;18524;18524
2024-06-21T01:00;2024-06-21T01:15;5;kWh;0;16670;0;0;16670;16670
2024-06-21T01:15;2024-06-21T01:30;6;kWh;0;28809;0;0;28809;28809
2024-06-21T01:30;2024-06-21T01:45;7;kWh;0;31594;0;0;31594;31594
2024-06-21T01:45;2024-06-21T02:00;8;kWh;0;22537;0;0;22537;22537
2024-06-21T02:00;2024-06-21T02:15;9;kWh;0;12608;0;0;12608;12608
2024-06-21T02:15;2024-06-21T02:30;10;kWh;0;15067;0;0;15067;15067
2024-06-21T02:30;2024-06-21T02:45;11;kWh;0;9958;0;0;9958;9958
2024-06-21T02:45;2024-06-21T03:00;12;kWh;0;1317;0;0;1317;1317
2024-06-21T03:00;2024-06-21T03:15;13;kWh;0;1080;0;0;1080;1080
2024-06-21T03:15;2024-06-21T03:30;14;kWh;0;6765;0;0;6765;6765
2024-06-21T03:30;2024-06-21T03:45;15;kWh;0;2092;0;0;2092;2092
2024-06-21T03:45;2024-06-21T04:00;16;kWh;0;1771;0;0;1771;1771
2024-06-21T04:00;2024-06-21T04:15;17;kWh;0;50;0;0;50;50
2024-06-21T04:15;2024-06-21T04:30;18;kWh;-1542;0;0;0;1542;-1542
2024-06-21T04:30;2024-06-21T04:45;19;kWh;-588;0;0;0;588;-588
2024-06-21T04:45;2024-06-21T05:00;20;kWh;-5863;0;0;0;5863;-5863
2024-06-21T05:00;2024-06-21T05:15;21;kWh;-15552;0;0;0;15552;-15552
2024-06-21T05:15;2024-06-21T05:30;22;kWh;-21920;0;0;0;21920;-21920
2024-06-21T05:30;2024-06-21T05:45;23;kWh;-23151;0;0;0;23151;-23151
2024-06-21T05:45;2024-06-21T06:00;24;kWh;-15683;0;0;0;15683;-15683
2024-06-21T06:00;2024-06-21T06:15;25;kWh;-21174;0;0;0;21174;-21174
2024-06-21T06:15;2024-06-21T06:30;26;kWh;-3750;0;0;0;3750;-3750
2024-06-21T06:30;2024-06-21T06:45;27;kWh;-226;310;0;0;536;84
2024-06-21T06:45;2024-06-21T07:00;28;kWh;0;4727;0;0;4727;4727
2024-06-21T07:00;2024-06-21T07:15;29;kWh;0;14610;0;0;14610;14610
2024-06-21T07:15;2024-06-21T07:30;30;kWh;0;52959;0;0;52959;52959
2024-06-21T07:30;2024-06-21T07:45;31;kWh;0;76327;0;0;76327;76327
2024-06-21T07:45;2024-06-21T08:00;32;kWh;0;71633;0;0;71633;71633
2024-06-21T08:00;2024-06-21T08:15;33;kWh;-3014;14201;0;0;17215;11187
2024-06-21T08:15;2024-06-21T08:30;34;kWh;-4414;16661;0;0;21075;12247
2024-06-21T08:30;2024-06-21T08:45;35;kWh;0;25174;0;0;25174;25174
2024-06-21T08:45;2024-06-21T09:00;36;kWh;-314;1249;0;0;1563;935
2024-06-21T09:00;2024-06-21T09:15;37;kWh;-26147;23;0;0;26170;-26124
2024-06-21T09:15;2024-06-21T09:30;38;kWh;-15427;0;0;0;15427;-15427
2024-06-21T09:30;2024-06-21T09:45;39;kWh;-34104;0;0;0;34104;-34104
2024-06-21T09:45;2024-06-21T10:00;40;kWh;-12083;0;0;0;12083;-12083
2024-06-21T10:00;2024-06-21T10:15;41;kWh;-7954;0;0;0;7954;-7954
2024-06-21T10:15;2024-06-21T10:30;42;kWh;-1814;6;0;0;1820;-1808
2024-06-21T10:30;2024-06-21T10:45;43;kWh;0;17343;0;0;17343;17343
2024-06-21T10:45;2024-06-21T11:00;44;kWh;0;47509;0;0;47509;47509
2024-06-21T11:00;2024-06-21T11:15;45;kWh;-1048;8671;0;0;9719;7623
2024-06-21T11:15;2024-06-21T11:30;46;kWh;-296;17818;0;0;18114;17522
2024-06-21T11:30;2024-06-21T11:45;47;kWh;-6472;1271;0;0;7743;-5201
2024-06-21T11:45;2024-06-21T12:00;48;kWh;-30667;249;0;0;30916;-30418
2024-06-21T12:00;2024-06-21T12:15;49;kWh;-7354;249;0;0;7603;-7105
2024-06-21T12:15;2024-06-21T12:30;50;kWh;-16568;249;0;0;16817;-16319
2024-06-21T12:30;2024-06-21T12:45;51;kWh;-1871;717;0;0;2588;-1154
2024-06-21T12:45;2024-06-21T13:00;52;kWh;0;26323;0;0;26323;26323
2024-06-21T13:00;2024-06-21T13:15;53;kWh;0;45013;0;0;45013;45013
2024-06-21T13:15;2024-06-21T13:30;54;kWh;0;97697;0;0;97697;97697
2024-06-21T13:30;2024-06-21T13:45;55;kWh;0;106503;0;14284;120787;120787
2024-06-21T13:45;2024-06-21T14:00;56;kWh;0;102880;0;68130;171010;171010
2024-06-21T14:00;2024-06-21T14:15;57;kWh;0;10796;0;118758;129554;129554
2024-06-21T14:15;2024-06-21T14:30;58;kWh;0;5753;0;110038;115791;115791
2024-06-21T14:30;2024-06-21T14:45;59;kWh;0;21851;0;92538;114389;114389
2024-06-21T14:45;2024-06-21T15:00;60;kWh;0;55651;0;79461;135112;135112
2024-06-21T15:00;2024-06-21T15:15;61;kWh;0;4119;0;0;4119;4119
2024-06-21T15:15;2024-06-21T15:30;62;kWh;0;2701;0;0;2701;2701
2024-06-21T15:30;2024-06-21T15:45;63;kWh;0;15283;0;0;15283;15283
2024-06-21T15:45;2024-06-21T16:00;64;kWh;0;19802;0;0;19802;19802
2024-06-21T16:00;2024-06-21T16:15;65;kWh;0;1096;0;0;1096;1096
2024-06-21T16:15;2024-06-21T16:30;66;kWh;0;4297;0;0;4297;4297
2024-06-21T16:30;2024-06-21T16:45;67;kWh;0;1790;0;0;1790;1790
2024-06-21T16:45;2024-06-21T17:00;68;kWh;-164;249;0;0;413;85
2024-06-21T17:00;2024-06-21T17:15;69;kWh;0;10427;0;0;10427;10427
2024-06-21T17:15;2024-06-21T17:30;70;kWh;0;31006;0;0;31006;31006
2024-06-21T17:30;2024-06-21T17:45;71;kWh;0;3802;0;0;3802;3802
2024-06-21T17:45;2024-06-21T18:00;72;kWh;0;249;0;0;249;249
2024-06-21T18:00;2024-06-21T18:15;73;kWh;0;19862;0;0;19862;19862
2024-06-21T18:15;2024-06-21T18:30;74;kWh;0;26628;0;0;26628;26628
2024-06-21T18:30;2024-06-21T18:45;75;kWh;0;13494;0;0;13494;13494
2024-06-21T18:45;2024-06-21T19:00;76;kWh;0;6657;0;0;6657;6657
2024-06-21T19:00;2024-06-21T19:15;77;kWh;0;942;0;0;942;942
2024-06-21T19:15;2024-06-21T19:30;78;kWh;0;249;0;0;249;249
2024-06-21T19:30;2024-06-21T19:45;79;kWh;-7369;249;0;0;7618;-7120
2024-06-21T19:45;2024-06-21T20:00;80;kWh;-10046;249;0;0;10295;-9797
2024-06-21T20:00;2024-06-21T20:15;81;kWh;-543;249;0;0;792;-294
2024-06-21T20:15;2024-06-21T20:30;82;kWh;-2689;249;0;0;2938;-2440
2024-06-21T20:30;2024-06-21T20:45;83;kWh;-1951;249;0;0;2200;-1702
2024-06-21T20:45;2024-06-21T21:00;84;kWh;-5365;249;0;0;5614;-5116
2024-06-21T21:00;2024-06-21T21:15;85;kWh;-60642;249;0;0;60891;-60393
2024-06-21T21:15;2024-06-21T21:30;86;kWh;-29976;249;0;0;30225;-29727
2024-06-21T21:30;2024-06-21T21:45;87;kWh;-22754;249;0;0;23003;-22505
2024-06-21T21:45;2024-06-21T22:00;88;kWh;-40161;249;0;0;40410;-39912
2024-06-21T22:00;2024-06-21T22:15;89;kWh;-5334;249;0;0;5583;-5085
2024-06-21T22:15;2024-06-21T22:30;90;kWh;0;664;0;0;664;664
2024-06-21T22:30;2024-06-21T22:45;91;kWh;-6;1951;0;0;1957;1945
2024-06-21T22:45;2024-06-21T23:00;92;kWh;-14861;249;0;0;15110;-14612
2024-06-21T23:00;2024-06-21T23:15;93;kWh;-6597;7021;0;0;13618;424
2024-06-21T23:15;2024-06-21T23:30;94;kWh;0;22902;0;0;22902;22902
2024-06-21T23:30;2024-06-21T23:45;95;kWh;0;13926;0;0;13926;13926
2024-06-21T23:45;2024-06-22T00:00;96;kWh;0;309;0;0;309;309
2024-06-22T00:00;2024-06-22T00:15;1;kWh;0;5526;0;0;5526;5526
2024-06-22T00:15;2024-06-22T00:30;2;kWh;0;17656;0;0;17656;17656
2024-06-22T00:30;2024-06-22T00:45;3;kWh;-730;784;0;0;1514;54
2024-06-22T00:45;2024-06-22T01:00;4;kWh;-22316;0;0;0;22316;-22316
2024-06-22T01:00;2024-06-22T01:15;5;kWh;-245;2596;0;0;2841;2351
2024-06-22T01:15;2024-06-22T01:30;6;kWh;0;6903;0;0;6903;6903
2024-06-22T01:30;2024-06-22T01:45;7;kWh;0;5233;0;0;5233;5233
2024-06-22T01:45;2024-06-22T02:00;8;kWh;-10952;0;0;0;10952;-10952
2024-06-22T02:00;2024-06-22T02:15;9;kWh;-15451;0;0;0;15451;-15451
2024-06-22T02:15;2024-06-22T02:30;10;kWh;-29468;0;0;0;29468;-29468
2024-06-22T02:30;2024-06-22T02:45;11;kWh;-37558;0;0;0;37558;-37558
2024-06-22T02:45;2024-06-22T03:00;12;kWh;-38215;0;0;0;38215;-38215
2024-06-22T03:00;2024-06-22T03:15;13;kWh;-37000;0;0;0;37000;-37000
2024-06-22T03:15;2024-06-22T03:30;14;kWh;-30018;0;0;0;30018;-30018
2024-06-22T03:30;2024-06-22T03:45;15;kWh;-57611;0;0;0;57611;-57611
2024-06-22T03:45;2024-06-22T04:00;16;kWh;-27416;0;0;0;27416;-27416
2024-06-22T04:00;2024-06-22T04:15;17;kWh;-11620;0;0;0;11620;-11620
2024-06-22T04:15;2024-06-22T04:30;18;kWh;-22855;0;0;0;22855;-22855
2024-06-22T04:30;2024-06-22T04:45;19;kWh;-25934;0;0;0;25934;-25934
2024-06-22T04:45;2024-06-22T05:00;20;kWh;-1492;0;0;0;1492;-1492
2024-06-22T05:00;2024-06-22T05:15;21;kWh;-63;12567;0;0;12630;12504
2024-06-22T05:15;2024-06-22T05:30;22;kWh;0;71;0;0;71;71
2024-06-22T05:30;2024-06-22T05:45;23;kWh;0;0;0;0;0;0
2024-06-22T05:45;2024-06-22T06:00;24;kWh;0;0;0;0;0;0
2024-06-22T06:00;2024-06-22T06:15;25;kWh;-18;0;0;0;18;-18
2024-06-22T06:15;2024-06-22T06:30;26;kWh;0;0;0;0;0;0
2024-06-22T06:30;2024-06-22T06:45;27;kWh;-1369;0;0;0;1369;-1369
2024-06-22T06:45;2024-06-22T07:00;28;kWh;-16341;0;0;0;16341;-16341
2024-06-22T07:00;2024-06-22T07:15;29;kWh;-34257;0;0;0;34257;-34257
2024-06-22T07:15;2024-06-22T07:30;30;kWh;-20970;0;0;0;20970;-20970
2024-06-22T07:30;2024-06-22T07:45;31;kWh;-42399;0;0;0;42399;-42399
2024-06-22T07:45;2024-06-22T08:00;32;kWh;-29005;0;0;0;29005;-29005
2024-06-22T08:00;2024-06-22T08:15;33;kWh;-31481;0;0;0;31481;-31481
2024-06-22T08:15;2024-06-22T08:30;34;kWh;-8804;0;0;0;8804;-8804
2024-06-22T08:30;2024-06-22T08:45;35;kWh;-5116;0;0;0;5116;-5116
2024-06-22T08:45;2024-06-22T09:00;36;kWh;-2;0;0;0;2;-2
2024-06-22T09:00;2024-06-22T09:15;37;kWh;-338;0;0;0;338;-338
2024-06-22T09:15;2024-06-22T09:30;38;kWh;0;13034;0;0;13034;13034
2024-06-22T09:30;2024-06-22T09:45;39;kWh;0;969;0;0;969;969
2024-06-22T09:45;2024-06-22T10:00;40;kWh;0;117;0;0;117;117
2024-06-22T10:00;2024-06-22T10:15;41;kWh;-4051;0;0;0;4051;-4051
2024-06-22T10:15;2024-06-22T10:30;42;kWh;-17940;0;0;0;17940;-17940
2024-06-22T10:30;2024-06-22T10:45;43;kWh;-28251;0;0;0;28251;-28251
2024-06-22T10:45;2024-06-22T11:00;44;kWh;-54847;0;0;0;54847;-54847
2024-06-22T11:00;2024-06-22T11:15;45;kWh;-14324;0;0;0;14324;-14324
2024-06-22T11:15;2024-06-22T11:30;46;kWh;-15189;0;0;0;15189;-15189
2024-06-22T11:30;2024-06-22T11:45;47;kWh;-27791;0;0;0;27791;-27791
2024-06-22T11:45;2024-06-22T12:00;48;kWh;-45446;0;0;0;45446;-45446
2024-06-22T12:00;2024-06-22T12:15;49;kWh;-27534;0;0;0;27534;-27534
2024-06-22T12:15;2024-06-22T12:30;50;kWh;-31057;0;0;0;31057;-31057
2024-06-22T12:30;2024-06-22T12:45;51;kWh;-38609;0;0;0;38609;-38609
2024-06-22T12:45;2024-06-22T13:00;52;kWh;-64464;0;0;0;64464;-64464
2024-06-22T13:00;2024-06-22T13:15;53;kWh;-48528;0;0;0;48528;-48528
2024-06-22T13:15;2024-06-22T13:30;54;kWh;-61631;0;0;0;61631;-61631
2024-06-22T13:30;2024-06-22T13:45;55;kWh;-41949;0;0;0;41949;-41949
2024-06-22T13:45;2024-06-22T14:00;56;kWh;-36231;0;0;0;36231;-36231
2024-06-22T14:00;2024-06-22T14:15;57;kWh;-20098;0;0;0;20098;-20098
2024-06-22T14:15;2024-06-22T14:30;58;kWh;-20953;0;0;0;20953;-20953
2024-06-22T14:30;2024-06-22T14:45;59;kWh;-16321;0;0;0;16321;-16321
2024-06-22T14:45;2024-06-22T15:00;60;kWh;-17861;0;0;0;17861;-17861
2024-06-22T15:00;2024-06-22T15:15;61;kWh;-32702;0;0;0;32702;-32702
2024-06-22T15:15;2024-06-22T15:30;62;kWh;-22342;0;0;0;22342;-22342
2024-06-22T15:30;2024-06-22T15:45;63;kWh;-13128;0;0;0;13128;-13128
2024-06-22T15:45;2024-06-22T16:00;64;kWh;-12992;0;0;0;12992;-12992
2024-06-22T16:00;2024-06-22T16:15;65;kWh;-25021;0;0;0;25021;-25021
2024-06-22T16:15;2024-06-22T16:30;66;kWh;-22241;3377;0;0;25618;-18864
2024-06-22T16:30;2024-06-22T16:45;67;kWh;-3701;602;0;0;4303;-3099
2024-06-22T16:45;2024-06-22T17:00;68;kWh;-2837;0;0;0;2837;-2837
2024-06-22T17:00;2024-06-22T17:15;69;kWh;-16460;0;0;0;16460;-16460
2024-06-22T17:15;2024-06-22T17:30;70;kWh;-20599;2441;0;0;23040;-18158
2024-06-22T17:30;2024-06-22T17:45;71;kWh;-5818;302;0;0;6120;-5516
2024-06-22T17:45;2024-06-22T18:00;72;kWh;-365;473;0;0;838;108
2024-06-22T18:00;2024-06-22T18:15;73;kWh;0;14985;0;0;14985;14985
2024-06-22T18:15;2024-06-22T18:30;74;kWh;0;2829;0;0;2829;2829
2024-06-22T18:30;2024-06-22T18:45;75;kWh;-2013;313;0;0;2326;-1700
2024-06-22T18:45;2024-06-22T19:00;76;kWh;-119;0;0;0;119;-119
2024-06-22T19:00;2024-06-22T19:15;77;kWh;-7078;0;0;0;7078;-7078
2024-06-22T19:15;2024-06-22T19:30;78;kWh;-1575;0;0;0;1575;-1575
2024-06-22T19:30;2024-06-22T19:45;79;kWh;-2212;0;0;0;2212;-2212
2024-06-22T19:45;2024-06-22T20:00;80;kWh;-20025;0;0;0;20025;-20025
2024-06-22T20:00;2024-06-22T20:15;81;kWh;-26921;0;0;0;26921;-26921
2024-06-22T20:15;2024-06-22T20:30;82;kWh;-7833;0;0;0;7833;-7833
2024-06-22T20:30;2024-06-22T20:45;83;kWh;-2336;0;0;0;2336;-2336
2024-06-22T20:45;2024-06-22T21:00;84;kWh;0;4863;0;0;4863;4863
2024-06-22T21:00;2024-06-22T21:15;85;kWh;0;4469;0;0;4469;4469
2024-06-22T21:15;2024-06-22T21:30;86;kWh;0;9;0;0;9;9
2024-06-22T21:30;2024-06-22T21:45;87;kWh;0;4696;0;0;4696;4696
2024-06-22T21:45;2024-06-22T22:00;88;kWh;0;14046;0;0;14046;14046
2024-06-22T22:00;2024-06-22T22:15;89;kWh;0;5732;0;0;5732;5732
2024-06-22T22:15;2024-06-22T22:30;90;kWh;0;261;0;0;261;261
2024-06-22T22:30;2024-06-22T22:45;91;kWh;0;13393;0;0;13393;13393
2024-06-22T22:45;2024-06-22T23:00;92;kWh;0;8557;0;0;8557;8557
2024-06-22T23:00;2024-06-22T23:15;93;kWh;0;13744;0;0;13744;13744
2024-06-22T23:15;2024-06-22T23:30;94;kWh;0;15210;0;0;15210;15210
2024-06-22T23:30;2024-06-22T23:45;95;kWh;0;902;0;0;902;902
2024-06-22T23:45;2024-06-23T00:00;96;kWh;-5389;0;0;0;5389;-5389
2024-06-23T00:00;2024-06-23T00:15;1;kWh;-4305;19803;0;0;24108;15498
2024-06-23T00:15;2024-06-23T00:30;2;kWh;0;22566;0;0;22566;22566
2024-06-23T00:30;2024-06-23T00:45;3;kWh;-15130;506;0;0;15636;-14624
2024-06-23T00:45;2024-06-23T01:00;4;kWh;-31959;0;0;0;31959;-31959
2024-06-23T01:00;2024-06-23T01:15;5;kWh;-26915;0;0;0;26915;-26915
2024-06-23T01:15;2024-06-23T01:30;6;kWh;-604;12696;0;0;13300;12092
2024-06-23T01:30;2024-06-23T01:45;7;kWh;0;38203;0;0;38203;38203
2024-06-23T01:45;2024-06-23T02:00;8;kWh;0;38270;0;0;38270;38270
2024-06-23T02:00;2024-06-23T02:15;9;kWh;0;14697;0;0;14697;14697
2024-06-23T02:15;2024-06-23T02:30;10;kWh;0;13442;0;0;13442;13442
2024-06-23T02:30;2024-06-23T02:45;11;kWh;0;23344;0;0;23344;23344
2024-06-23T02:45;2024-06-23T03:00;12;kWh;0;23676;0;0;23676;23676
2024-06-23T03:00;2024-06-23T03:15;13;kWh;0;28664;0;0;28664;28664
2024-06-23T03:15;2024-06-23T03:30;14;kWh;0;10361;0;0;10361;10361
2024-06-23T03:30;2024-06-23T03:45;15;kWh;0;8764;0;0;8764;8764
2024-06-23T03:45;2024-06-23T04:00;16;kWh;0;2029;0;0;2029;2029
2024-06-23T04:00;2024-06-23T04:15;17;kWh;0;7;0;0;7;7
2024-06-23T04:15;2024-06-23T04:30;18;kWh;0;2172;0;0;2172;2172
2024-06-23T04:30;2024-06-23T04:45;19;kWh;-1237;2290;0;0;3527;1053
2024-06-23T04:45;2024-06-23T05:00;20;kWh;-4557;0;0;0;4557;-4557
2024-06-23T05:00;2024-06-23T05:15;21;kWh;-2031;4267;0;0;6298;2236
2024-06-23T05:15;2024-06-23T05:30;22;kWh;0;7;0;0;7;7
2024-06-23T05:30;2024-06-23T05:45;23;kWh;-1219;0;0;0;1219;-1219
2024-06-23T05:45;2024-06-23T06:00;24;kWh;-17930;0;0;0;17930;-17930
2024-06-23T06:00;2024-06-23T06:15;25;kWh;-4917;41851;0;0;46768;36934
2024-06-23T06:15;2024-06-23T06:30;26;kWh;-3370;18680;0;0;22050;15310
2024-06-23T06:30;2024-06-23T06:45;27;kWh;-31206;0;0;0;31206;-31206
2024-06-23T06:45;2024-06-23T07:00;28;kWh;-46718;0;0;0;46718;-46718
2024-06-23T07:00;2024-06-23T07:15;29;kWh;-877;61552;0;0;62429;60675
2024-06-23T07:15;2024-06-23T07:30;30;kWh;-15587;6072;0;0;21659;-9515
2024-06-23T07:30;2024-06-23T07:45;31;kWh;-33688;0;0;0;33688;-33688
2024-06-23T07:45;2024-06-23T08:00;32;kWh;-57912;70;0;0;57982;-57842
2024-06-23T08:00;2024-06-23T08:15;33;kWh;-92;54075;0;0;54167;53983
2024-06-23T08:15;2024-06-23T08:30;34;kWh;-20548;3859;0;0;24407;-16689
2024-06-23T08:30;2024-06-23T08:45;35;kWh;-19287;0;0;0;19287;-19287
2024-06-23T08:45;2024-06-23T09:00;36;kWh;-37772;2;0;0;37774;-37770
2024-06-23T09:00;2024-06-23T09:15;37;kWh;-817;38320;0;0;39137;37503
2024-06-23T09:15;2024-06-23T09:30;38;kWh;-12414;0;0;0;12414;-12414
2024-06-23T09:30;2024-06-23T09:45;39;kWh;-44139;332;0;0;44471;-43807
2024-06-23T09:45;2024-06-23T10:00;40;kWh;-30906;4272;0;0;35178;-26634
2024-06-23T10:00;2024-06-23T10:15;41;kWh;-12043;18871;0;0;30914;6828
2024-06-23T10:15;2024-06-23T10:30;42;kWh;-9344;463;0;0;9807;-8881
2024-06-23T10:30;2024-06-23T10:45;43;kWh;-21342;0;0;0;21342;-21342
2024-06-23T10:45;2024-06-23T11:00;44;kWh;-21744;4472;0;0;26216;-17272
2024-06-23T11:00;2024-06-23T11:15;45;kWh;-8961;3316;0;0;12277;-5645
2024-06-23T11:15;2024-06-23T11:30;46;kWh;-7297;4800;0;0;12097;-2497
2024-06-23T11:30;2024-06-23T11:45;47;kWh;-9746;187;0;0;9933;-9559
2024-06-23T11:45;2024-06-23T12:00;48;kWh;-8465;25;0;0;8490;-8440
2024-06-23T12:00;2024-06-23T12:15;49;kWh;0;2684;0;0;2684;2684
2024-06-23T12:15;2024-06-23T12:30;50;kWh;0;67990;0;0;67990;67990
2024-06-23T12:30;2024-06-23T12:45;51;kWh;0;33642;0;0;33642;33642
2024-06-23T12:45;2024-06-23T13:00;52;kWh;0;6595;0;0;6595;6595
2024-06-23T13:00;2024-06-23T13:15;53;kWh;-2444;11597;0;0;14041;9153
2024-06-23T13:15;2024-06-23T13:30;54;kWh;-8139;4649;0;0;12788;-3490
2024-06-23T13:30;2024-06-23T13:45;55;kWh;-3993;18089;0;0;22082;14096
2024-06-23T13:45;2024-06-23T14:00;56;kWh;-10668;8517;0;0;19185;-2151
2024-06-23T14:00;2024-06-23T14:15;57;kWh;-13827;14338;0;0;28165;511
2024-06-23T14:15;2024-06-23T14:30;58;kWh;-20697;9675;0;0;30372;-11022
2024-06-23T14:30;2024-06-23T14:45;59;kWh;-22359;3556;0;0;25915;-18803
2024-06-23T14:45;2024-06-23T15:00;60;kWh;-30944;6698;0;0;37642;-24246
2024-06-23T15:00;2024-06-23T15:15;61;kWh;-32069;0;0;0;32069;-32069
2024-06-23T15:15;2024-06-23T15:30;62;kWh;-49520;137;0;0;49657;-49383
2024-06-23T15:30;2024-06-23T15:45;63;kWh;-47321;0;0;0;47321;-47321
2024-06-23T15:45;2024-06-23T16:00;64;kWh;-45551;0;0;0;45551;-45551
2024-06-23T16:00;2024-06-23T16:15;65;kWh;-55764;0;0;0;55764;-55764
2024-06-23T16:15;2024-06-23T16:30;66;kWh;-44544;0;0;0;44544;-44544
2024-06-23T16:30;2024-06-23T16:45;67;kWh;-28301;5502;0;0;33803;-22799
2024-06-23T16:45;2024-06-23T17:00;68;kWh;-33008;113;0;0;33121;-32895
2024-06-23T17:00;2024-06-23T17:15;69;kWh;-133266;0;0;0;133266;-133266
2024-06-23T17:15;2024-06-23T17:30;70;kWh;-91853;0;0;0;91853;-91853
2024-06-23T17:30;2024-06-23T17:45;71;kWh;-45980;2310;0;0;48290;-43670
2024-06-23T17:45;2024-06-23T18:00;72;kWh;-27806;5271;0;0;33077;-22535
2024-06-23T18:00;2024-06-23T18:15;73;kWh;-36093;0;0;0;36093;-36093
2024-06-23T18:15;2024-06-23T18:30;74;kWh;-15848;2152;0;0;18000;-13696
2024-06-23T18:30;2024-06-23T18:45;75;kWh;-16940;2547;0;0;19487;-14393
2024-06-23T18:45;2024-06-23T19:00;76;kWh;0;40094;0;0;40094;40094
2024-06-23T19:00;2024-06-23T19:15;77;kWh;-1565;4004;0;0;5569;2439
2024-06-23T19:15;2024-06-23T19:30;78;kWh;-14769;1327;0;0;16096;-13442
2024-06-23T19:30;2024-06-23T19:45;79;kWh;0;14971;0;0;14971;14971
2024-06-23T19:45;2024-06-23T20:00;80;kWh;-7044;28714;0;0;35758;21670
2024-06-23T20:00;2024-06-23T20:15;81;kWh;-47885;6372;0;0;54257;-41513
2024-06-23T20:15;2024-06-23T20:30;82;kWh;-841;10023;0;0;10864;9182
2024-06-23T20:30;2024-06-23T20:45;83;kWh;0;48644;0;0;48644;48644
2024-06-23T20:45;2024-06-23T21:00;84;kWh;0;95989;0;0;95989;95989
2024-06-23T21:00;2024-06-23T21:15;85;kWh;-2647;9169;0;0;11816;6522
2024-06-23T21:15;2024-06-23T21:30;86;kWh;-67;15972;0;0;16039;15905
2024-06-23T21:30;2024-06-23T21:45;87;kWh;0;38064;0;0;38064;38064
2024-06-23T21:45;2024-06-23T22:00;88;kWh;0;44810;0;0;44810;44810
2024-06-23T22:00;2024-06-23T22:15;89;kWh;0;52792;0;0;52792;52792
2024-06-23T22:15;2024-06-23T22:30;90;kWh;0;68538;0;0;68538;68538
2024-06-23T22:30;2024-06-23T22:45;91;kWh;0;66639;0;0;66639;66639
2024-06-23T22:45;2024-06-23T23:00;92;kWh;0;62791;0;0;62791;62791
2024-06-23T23:00;2024-06-23T23:15;93;kWh;0;21040;0;0;21040;21040
2024-06-23T23:15;2024-06-23T23:30;94;kWh;0;3792;0;0;3792;3792
2024-06-23T23:30;2024-06-23T23:45;95;kWh;-328;6122;0;0;6450;5794
2024-06-23T23:45;2024-06-24T00:00;96;kWh;0;21544;0;0;21544;21544
2024-06-24T00:00;2024-06-24T00:15;1;kWh;-6084;1595;0;0;7679;-4489
2024-06-24T00:15;2024-06-24T00:30;2;kWh;0;4669;0;0;4669;4669
2024-06-24T00:30;2024-06-24T00:45;3;kWh;0;3977;0;0;3977;3977
2024-06-24T00:45;2024-06-24T01:00;4;kWh;0;12;0;0;12;12
2024-06-24T01:00;2024-06-24T01:15;5;kWh;0;7120;0;0;7120;7120
2024-06-24T01:15;2024-06-24T01:30;6;kWh;0;4710;0;0;4710;4710
2024-06-24T01:30;2024-06-24T01:45;7;kWh;0;7146;0;0;7146;7146
2024-06-24T01:45;2024-06-24T02:00;8;kWh;-74;2465;0;0;2539;2391
2024-06-24T02:00;2024-06-24T02:15;9;kWh;-511;0;0;0;511;-511
2024-06-24T02:15;2024-06-24T02:30;10;kWh;0;1830;0;0;1830;1830
2024-06-24T02:30;2024-06-24T02:45;11;kWh;0;126;0;0;126;126
2024-06-24T02:45;2024-06-24T03:00;12;kWh;-1416;32;0;0;1448;-1384
2024-06-24T03:00;2024-06-24T03:15;13;kWh;-765;13419;0;0;14184;12654
2024-06-24T03:15;2024-06-24T03:30;14;kWh;0;19125;0;0;19125;19125
2024-06-24T03:30;2024-06-24T03:45;15;kWh;0;21308;0;0;21308;21308
2024-06-24T03:45;2024-06-24T04:00;16;kWh;0;8229;0;0;8229;8229
2024-06-24T04:00;2024-06-24T04:15;17;kWh;0;13434;0;0;13434;13434
2024-06-24T04:15;2024-06-24T04:30;18;kWh;0;10616;0;0;10616;10616
2024-06-24T04:30;2024-06-24T04:45;19;kWh;0;21886;0;0;21886;21886
2024-06-24T04:45;2024-06-24T05:00;20;kWh;0;19994;0;0;19994;19994
2024-06-24T05:00;2024-06-24T05:15;21;kWh;0;4150;0;0;4150;4150
2024-06-24T05:15;2024-06-24T05:30;22;kWh;-698;952;0;0;1650;254
2024-06-24T05:30;2024-06-24T05:45;23;kWh;-930;0;0;0;930;-930
2024-06-24T05:45;2024-06-24T06:00;24;kWh;-2967;0;0;0;2967;-2967
2024-06-24T06:00;2024-06-24T06:15;25;kWh;-3090;1064;0;0;4154;-2026
2024-06-24T06:15;2024-06-24T06:30;26;kWh;0;3463;0;0;3463;3463
2024-06-24T06:30;2024-06-24T06:45;27;kWh;0;1383;0;0;1383;1383
2024-06-24T06:45;2024-06-24T07:00;28;kWh;0;2741;0;0;2741;2741
2024-06-24T07:00;2024-06-24T07:15;29;kWh;0;31569;0;0;31569;31569
2024-06-24T07:15;2024-06-24T07:30;30;kWh;0;4187;0;0;4187;4187
2024-06-24T07:30;2024-06-24T07:45;31;kWh;0;0;0;0;0;0
2024-06-24T07:45;2024-06-24T08:00;32;kWh;0;0;0;0;0;0
2024-06-24T08:00;2024-06-24T08:15;33;kWh;0;713;0;0;713;713
2024-06-24T08:15;2024-06-24T08:30;34;kWh;0;2231;0;0;2231;2231
2024-06-24T08:30;2024-06-24T08:45;35;kWh;0;11181;0;0;11181;11181
2024-06-24T08:45;2024-06-24T09:00;36;kWh;0;31140;0;0;31140;31140
2024-06-24T09:00;2024-06-24T09:15;37;kWh;-849;4836;0;0;5685;3987
2024-06-24T09:15;2024-06-24T09:30;38;kWh;-1925;0;0;0;1925;-1925
2024-06-24T09:30;2024-06-24T09:45;39;kWh;-129;305;0;0;434;176
2024-06-24T09:45;2024-06-24T10:00;40;kWh;-19012;276;0;0;19288;-18736
2024-06-24T10:00;2024-06-24T10:15;41;kWh;-123;43908;0;0;44031;43785
2024-06-24T10:15;2024-06-24T10:30;42;kWh;-3445;672;0;0;4117;-2773
2024-06-24T10:30;2024-06-24T10:45;43;kWh;-14482;0;0;0;14482;-14482
2024-06-24T10:45;2024-06-24T11:00;44;kWh;-11515;0;0;0;11515;-11515
2024-06-24T11:00;2024-06-24T11:15;45;kWh;-1680;0;0;0;1680;-1680
2024-06-24T11:15;2024-06-24T11:30;46;kWh;-10598;0;0;0;10598;-10598
2024-06-24T11:30;2024-06-24T11:45;47;kWh;-10980;0;0;0;10980;-10980
2024-06-24T11:45;2024-06-24T12:00;48;kWh;-3527;1687;0;0;5214;-1840
2024-06-24T12:00;2024-06-24T12:15;49;kWh;-3357;1693;0;0;5050;-1664
2024-06-24T12:15;2024-06-24T12:30;50;kWh;-241;10540;0;0;10781;10299
2024-06-24T12:30;2024-06-24T12:45;51;kWh;0;41264;0;0;41264;41264
2024-06-24T12:45;2024-06-24T13:00;52;kWh;0;10956;0;0;10956;10956
2024-06-24T13:00;2024-06-24T13:15;53;kWh;-2930;0;0;0;2930;-2930
2024-06-24T13:15;2024-06-24T13:30;54;kWh;-3791;0;0;0;3791;-3791
2024-06-24T13:30;2024-06-24T13:45;55;kWh;-6261;0;0;0;6261;-6261
2024-06-24T13:45;2024-06-24T14:00;56;kWh;-22303;1041;0;0;23344;-21262
2024-06-24T14:00;2024-06-24T14:15;57;kWh;-19087;3;0;0;19090;-19084
2024-06-24T14:15;2024-06-24T14:30;58;kWh;-16648;0;0;0;16648;-16648
2024-06-24T14:30;2024-06-24T14:45;59;kWh;-13568;206;0;0;13774;-13362
2024-06-24T14:45;2024-06-24T15:00;60;kWh;-21994;930;0;0;22924;-21064
2024-06-24T15:00;2024-06-24T15:15;61;kWh;-13375;0;0;0;13375;-13375
2024-06-24T15:15;2024-06-24T15:30;62;kWh;-13584;206;0;0;13790;-13378
2024-06-24T15:30;2024-06-24T15:45;63;kWh;-15132;833;0;0;15965;-14299
2024-06-24T15:45;2024-06-24T16:00;64;kWh;-19686;0;0;0;19686;-19686
2024-06-24T16:00;2024-06-24T16:15;65;kWh;-51820;220;0;0;52040;-51600
2024-06-24T16:15;2024-06-24T16:30;66;kWh;-13612;0;0;0;13612;-13612
2024-06-24T16:30;2024-06-24T16:45;67;kWh;-13716;995;0;0;14711;-12721
2024-06-24T16:45;2024-06-24T17:00;68;kWh;-8387;5567;0;0;13954;-2820
2024-06-24T17:00;2024-06-24T17:15;69;kWh;-7105;3626;0;0;10731;-3479
2024-06-24T17:15;2024-06-24T17:30;70;kWh;-22391;862;0;0;23253;-21529
2024-06-24T17:30;2024-06-24T17:45;71;kWh;-9811;1860;0;0;11671;-7951
2024-06-24T17:45;2024-06-24T18:00;72;kWh;-239;1490;0;0;1729;1251
2024-06-24T18:00;2024-06-24T18:15;73;kWh;-56;4787;0;0;4843;4731
2024-06-24T18:15;2024-06-24T18:30;74;kWh;-15916;0;0;0;15916;-15916
2024-06-24T18:30;2024-06-24T18:45;75;kWh;-8819;0;0;0;8819;-8819
2024-06-24T18:45;2024-06-24T19:00;76;kWh;-82;0;0;0;82;-82
2024-06-24T19:00;2024-06-24T19:15;77;kWh;-7337;0;0;0;7337;-7337
2024-06-24T19:15;2024-06-24T19:30;78;kWh;-11881;597;0;0;12478;-11284
2024-06-24T19:30;2024-06-24T19:45;79;kWh;0;4914;0;0;4914;4914
2024-06-24T19:45;2024-06-24T20:00;80;kWh;0;58723;0;0;58723;58723
2024-06-24T20:00;2024-06-24T20:15;81;kWh;0;8390;0;0;8390;8390
2024-06-24T20:15;2024-06-24T20:30;82;kWh;0;16108;0;0;16108;16108
2024-06-24T20:30;2024-06-24T20:45;83;kWh;0;39598;0;0;39598;39598
2024-06-24T20:45;2024-06-24T21:00;84;kWh;0;34938;0;0;34938;34938
2024-06-24T21:00;2024-06-24T21:15;85;kWh;0;15043;0;0;15043;15043
2024-06-24T21:15;2024-06-24T21:30;86;kWh;0;3585;0;0;3585;3585
2024-06-24T21:30;2024-06-24T21:45;87;kWh;0;1306;0;0;1306;1306
2024-06-24T21:45;2024-06-24T22:00;88;kWh;-33;210;0;0;243;177
2024-06-24T22:00;2024-06-24T22:15;89;kWh;-695;19894;0;0;20589;19199
2024-06-24T22:15;2024-06-24T22:30;90;kWh;0;30277;0;0;30277;30277
2024-06-24T22:30;2024-06-24T22:45;91;kWh;0;13057;0;0;13057;13057
2024-06-24T22:45;2024-06-24T23:00;92;kWh;0;40;0;0;40;40
2024-06-24T23:00;2024-06-24T23:15;93;kWh;-109;0;0;0;109;-109
2024-06-24T23:15;2024-06-24T23:30;94;kWh;-70;0;0;0;70;-70
2024-06-24T23:30;2024-06-24T23:45;95;kWh;-732;458;0;0;1190;-274
2024-06-24T23:45;2024-06-25T00:00;96;kWh;-1318;6282;0;0;7600;4964
2024-06-25T00:00;2024-06-25T00:15;1;kWh;-4423;190;0;0;4613;-4233
2024-06-25T00:15;2024-06-25T00:30;2;kWh;-10310;0;0;0;10310;-10310
2024-06-25T00:30;2024-06-25T00:45;3;kWh;0;0;0;0;0;0
2024-06-25T00:45;2024-06-25T01:00;4;kWh;0;1848;0;0;1848;1848
2024-06-25T01:00;2024-06-25T01:15;5;kWh;0;861;0;0;861;861
2024-06-25T01:15;2024-06-25T01:30;6;kWh;0;2123;0;0;2123;2123
2024-06-25T01:30;2024-06-25T01:45;7;kWh;0;0;0;0;0;0
2024-06-25T01:45;2024-06-25T02:00;8;kWh;-223;0;0;0;223;-223
2024-06-25T02:00;2024-06-25T02:15;9;kWh;-5057;0;0;0;5057;-5057
2024-06-25T02:15;2024-06-25T02:30;10;kWh;-1935;0;0;0;1935;-1935
2024-06-25T02:30;2024-06-25T02:45;11;kWh;-3910;0;0;0;3910;-3910
2024-06-25T02:45;2024-06-25T03:00;12;kWh;-6315;0;0;0;6315;-6315
2024-06-25T03:00;2024-06-25T03:15;13;kWh;-1057;7476;0;0;8533;6419
2024-06-25T03:15;2024-06-25T03:30;14;kWh;0;10104;0;0;10104;10104
2024-06-25T03:30;2024-06-25T03:45;15;kWh;0;11855;0;0;11855;11855
2024-06-25T03:45;2024-06-25T04:00;16;kWh;0;4975;0;0;4975;4975
2024-06-25T04:00;2024-06-25T04:15;17;kWh;0;0;0;0;0;0
2024-06-25T04:15;2024-06-25T04:30;18;kWh;0;197;0;0;197;197
2024-06-25T04:30;2024-06-25T04:45;19;kWh;0;4692;0;0;4692;4692
2024-06-25T04:45;2024-06-25T05:00;20;kWh;0;232;0;0;232;232
2024-06-25T05:00;2024-06-25T05:15;21;kWh;0;3490;0;0;3490;3490
2024-06-25T05:15;2024-06-25T05:30;22;kWh;0;2262;0;0;2262;2262
2024-06-25T05:30;2024-06-25T05:45;23;kWh;0;189;0;0;189;189
2024-06-25T05:45;2024-06-25T06:00;24;kWh;0;415;0;0;415;415
2024-06-25T06:00;2024-06-25T06:15;25;kWh;0;21930;0;0;21930;21930
2024-06-25T06:15;2024-06-25T06:30;26;kWh;0;38393;0;0;38393;38393
2024-06-25T06:30;2024-06-25T06:45;27;kWh;0;32061;0;0;32061;32061
2024-06-25T06:45;2024-06-25T07:00;28;kWh;0;10022;0;0;10022;10022
2024-06-25T07:00;2024-06-25T07:15;29;kWh;0;27865;0;0;27865;27865
2024-06-25T07:15;2024-06-25T07:30;30;kWh;0;24992;0;0;24992;24992
2024-06-25T07:30;2024-06-25T07:45;31;kWh;0;26317;0;0;26317;26317
2024-06-25T07:45;2024-06-25T08:00;32;kWh;0;1581;0;0;1581;1581
2024-06-25T08:00;2024-06-25T08:15;33;kWh;0;13611;0;0;13611;13611
2024-06-25T08:15;2024-06-25T08:30;34;kWh;0;15325;0;0;15325;15325
2024-06-25T08:30;2024-06-25T08:45;35;kWh;-1249;0;0;0;1249;-1249
2024-06-25T08:45;2024-06-25T09:00;36;kWh;-3549;0;0;0;3549;-3549
2024-06-25T09:00;2024-06-25T09:15;37;kWh;-4098;0;0;0;4098;-4098
2024-06-25T09:15;2024-06-25T09:30;38;kWh;-2303;0;0;0;2303;-2303
2024-06-25T09:30;2024-06-25T09:45;39;kWh;-7381;0;0;0;7381;-7381
2024-06-25T09:45;2024-06-25T10:00;40;kWh;-11135;0;0;0;11135;-11135
2024-06-25T10:00;2024-06-25T10:15;41;kWh;-2467;2108;0;0;4575;-359
2024-06-25T10:15;2024-06-25T10:30;42;kWh;0;7205;0;0;7205;7205
2024-06-25T10:30;2024-06-25T10:45;43;kWh;0;1283;0;0;1283;1283
2024-06-25T10:45;2024-06-25T11:00;44;kWh;-4841;2;0;0;4843;-4839
2024-06-25T11:00;2024-06-25T11:15;45;kWh;-225;55413;0;0;55638;55188
2024-06-25T11:15;2024-06-25T11:30;46;kWh;0;19259;0;0;19259;19259
2024-06-25T11:30;2024-06-25T11:45;47;kWh;0;289;0;0;289;289
2024-06-25T11:45;2024-06-25T12:00;48;kWh;-5473;0;0;0;5473;-5473
2024-06-25T12:00;2024-06-25T12:15;49;kWh;-9181;0;0;0;9181;-9181
2024-06-25T12:15;2024-06-25T12:30;50;kWh;-3202;0;0;0;3202;-3202
2024-06-25T12:30;2024-06-25T12:45;51;kWh;-4203;0;0;0;4203;-4203
2024-06-25T12:45;2024-06-25T13:00;52;kWh;-5214;0;0;0;5214;-5214
2024-06-25T13:00;2024-06-25T13:15;53;kWh;-3387;0;0;0;3387;-3387
2024-06-25T13:15;2024-06-25T13:30;54;kWh;-1455;0;0;0;1455;-1455
2024-06-25T13:30;2024-06-25T13:45;55;kWh;-2;0;0;0;2;-2
2024-06-25T13:45;2024-06-25T14:00;56;kWh;-6013;0;0;0;6013;-6013
2024-06-25T14:00;2024-06-25T14:15;57;kWh;-3541;0;0;0;3541;-3541
2024-06-25T14:15;2024-06-25T14:30;58;kWh;-1432;0;0;0;1432;-1432
2024-06-25T14:30;2024-06-25T14:45;59;kWh;-321;0;0;0;321;-321
2024-06-25T14:45;2024-06-25T15:00;60;kWh;-6899;350;0;0;7249;-6549
2024-06-25T15:00;2024-06-25T15:15;61;kWh;-16824;0;0;0;16824;-16824
2024-06-25T15:15;2024-06-25T15:30;62;kWh;-15593;0;0;0;15593;-15593
2024-06-25T15:30;2024-06-25T15:45;63;kWh;-19702;0;0;0;19702;-19702
2024-06-25T15:45;2024-06-25T16:00;64;kWh;-19702;0;0;0;19702;-19702
2024-06-25T16:00;2024-06-25T16:15;65;kWh;-18164;0;0;0;18164;-18164
2024-06-25T16:15;2024-06-25T16:30;66;kWh;-14515;6705;0;0;21220;-7810
2024-06-25T16:30;2024-06-25T16:45;67;kWh;-19310;1564;0;0;20874;-17746
2024-06-25T16:45;2024-06-25T17:00;68;kWh;-15908;0;0;0;15908;-15908
2024-06-25T17:00;2024-06-25T17:15;69;kWh;-4169;0;0;0;4169;-4169
2024-06-25T17:15;2024-06-25T17:30;70;kWh;-1884;11;0;0;1895;-1873
2024-06-25T17:30;2024-06-25T17:45;71;kWh;-45;0;0;0;45;-45
2024-06-25T17:45;2024-06-25T18:00;72;kWh;0;896;0;0;896;896
2024-06-25T18:00;2024-06-25T18:15;73;kWh;0;6258;0;0;6258;6258
2024-06-25T18:15;2024-06-25T18:30;74;kWh;0;10579;0;0;10579;10579
2024-06-25T18:30;2024-06-25T18:45;75;kWh;0;987;0;0;987;987
2024-06-25T18:45;2024-06-25T19:00;76;kWh;0;22;0;0;22;22
2024-06-25T19:00;2024-06-25T19:15;77;kWh;-11358;0;0;0;11358;-11358
2024-06-25T19:15;2024-06-25T19:30;78;kWh;-624;13745;0;0;14369;13121
2024-06-25T19:30;2024-06-25T19:45;79;kWh;0;48954;0;0;48954;48954
2024-06-25T19:45;2024-06-25T20:00;80;kWh;0;42224;0;0;42224;42224
2024-06-25T20:00;2024-06-25T20:15;81;kWh;0;49198;0;0;49198;49198
2024-06-25T20:15;2024-06-25T20:30;82;kWh;0;88480;0;20834;109314;109314
2024-06-25T20:30;2024-06-25T20:45;83;kWh;0;88086;0;105278;193364;193364
2024-06-25T20:45;2024-06-25T21:00;84;kWh;0;66158;0;126909;193067;193067
2024-06-25T21:00;2024-06-25T21:15;85;kWh;0;37397;0;126909;164306;164306
2024-06-25T21:15;2024-06-25T21:30;86;kWh;0;24408;0;84606;109014;109014
2024-06-25T21:30;2024-06-25T21:45;87;kWh;0;3628;0;0;3628;3628
2024-06-25T21:45;2024-06-25T22:00;88;kWh;-4380;0;0;0;4380;-4380
2024-06-25T22:00;2024-06-25T22:15;89;kWh;-586;0;0;0;586;-586
2024-06-25T22:15;2024-06-25T22:30;90;kWh;0;883;0;0;883;883
2024-06-25T22:30;2024-06-25T22:45;91;kWh;0;7494;0;0;7494;7494
2024-06-25T22:45;2024-06-25T23:00;92;kWh;-6400;0;0;0;6400;-6400
2024-06-25T23:00;2024-06-25T23:15;93;kWh;-8902;0;0;0;8902;-8902
2024-06-25T23:15;2024-06-25T23:30;94;kWh;0;0;0;0;0;0
2024-06-25T23:30;2024-06-25T23:45;95;kWh;-33;0;0;0;33;-33
2024-06-25T23:45;2024-06-26T00:00;96;kWh;-2893;0;0;0;2893;-2893
2024-06-26T00:00;2024-06-26T00:15;1;kWh;0;5093;0;0;5093;5093
2024-06-26T00:15;2024-06-26T00:30;2;kWh;0;16307;0;0;16307;16307
2024-06-26T00:30;2024-06-26T00:45;3;kWh;0;1609;0;0;1609;1609
2024-06-26T00:45;2024-06-26T01:00;4;kWh;0;471;0;0;471;471
2024-06-26T01:00;2024-06-26T01:15;5;kWh;0;29688;0;0;29688;29688
2024-06-26T01:15;2024-06-26T01:30;6;kWh;0;33743;0;0;33743;33743
2024-06-26T01:30;2024-06-26T01:45;7;kWh;0;26017;0;0;26017;26017
2024-06-26T01:45;2024-06-26T02:00;8;kWh;0;19528;0;0;19528;19528
2024-06-26T02:00;2024-06-26T02:15;9;kWh;0;23354;0;0;23354;23354
2024-06-26T02:15;2024-06-26T02:30;10;kWh;0;31551;0;0;31551;31551
2024-06-26T02:30;2024-06-26T02:45;11;kWh;0;47131;0;0;47131;47131
2024-06-26T02:45;2024-06-26T03:00;12;kWh;0;44785;0;0;44785;44785
2024-06-26T03:00;2024-06-26T03:15;13;kWh;0;20932;0;0;20932;20932
2024-06-26T03:15;2024-06-26T03:30;14;kWh;0;23758;0;0;23758;23758
2024-06-26T03:30;2024-06-26T03:45;15;kWh;0;29561;0;0;29561;29561
2024-06-26T03:45;2024-06-26T04:00;16;kWh;0;44750;0;0;44750;44750
2024-06-26T04:00;2024-06-26T04:15;17;kWh;0;52282;0;0;52282;52282
2024-06-26T04:15;2024-06-26T04:30;18;kWh;0;42276;0;0;42276;42276
2024-06-26T04:30;2024-06-26T04:45;19;kWh;0;57928;0;0;57928;57928
2024-06-26T04:45;2024-06-26T05:00;20;kWh;0;52831;0;0;52831;52831
2024-06-26T05:00;2024-06-26T05:15;21;kWh;-16167;1442;0;0;17609;-14725
2024-06-26T05:15;2024-06-26T05:30;22;kWh;-14360;0;0;0;14360;-14360
2024-06-26T05:30;2024-06-26T05:45;23;kWh;-257;8767;0;0;9024;8510
2024-06-26T05:45;2024-06-26T06:00;24;kWh;0;30526;0;0;30526;30526
2024-06-26T06:00;2024-06-26T06:15;25;kWh;0;18419;0;0;18419;18419
2024-06-26T06:15;2024-06-26T06:30;26;kWh;0;0;0;0;0;0
2024-06-26T06:30;2024-06-26T06:45;27;kWh;0;0;0;0;0;0
2024-06-26T06:45;2024-06-26T07:00;28;kWh;0;6765;0;0;6765;6765
2024-06-26T07:00;2024-06-26T07:15;29;kWh;0;51608;0;0;51608;51608
2024-06-26T07:15;2024-06-26T07:30;30;kWh;0;25559;0;0;25559;25559
2024-06-26T07:30;2024-06-26T07:45;31;kWh;0;21197;0;0;21197;21197
2024-06-26T07:45;2024-06-26T08:00;32;kWh;0;3432;0;0;3432;3432
2024-06-26T08:00;2024-06-26T08:15;33;kWh;0;60984;0;0;60984;60984
2024-06-26T08:15;2024-06-26T08:30;34;kWh;0;64666;0;26684;91350;91350
2024-06-26T08:30;2024-06-26T08:45;35;kWh;-8092;1054;0;26680;35826;19642
2024-06-26T08:45;2024-06-26T09:00;36;kWh;-14433;0;0;0;14433;-14433
2024-06-26T09:00;2024-06-26T09:15;37;kWh;-813;21413;0;0;22226;20600
2024-06-26T09:15;2024-06-26T09:30;38;kWh;0;768;0;0;768;768
2024-06-26T09:30;2024-06-26T09:45;39;kWh;-11378;0;0;0;11378;-11378
2024-06-26T09:45;2024-06-26T10:00;40;kWh;-20339;0;0;0;20339;-20339
2024-06-26T10:00;2024-06-26T10:15;41;kWh;-5431;2303;0;0;7734;-3128
2024-06-26T10:15;2024-06-26T10:30;42;kWh;-32;209;0;0;241;177
2024-06-26T10:30;2024-06-26T10:45;43;kWh;-2570;0;0;0;2570;-2570
2024-06-26T10:45;2024-06-26T11:00;44;kWh;-7738;0;0;0;7738;-7738
2024-06-26T11:00;2024-06-26T11:15;45;kWh;-5085;13830;0;0;18915;8745
2024-06-26T11:15;2024-06-26T11:30;46;kWh;-5687;7996;0;0;13683;2309
2024-06-26T11:30;2024-06-26T11:45;47;kWh;-23807;0;0;0;23807;-23807
2024-06-26T11:45;2024-06-26T12:00;48;kWh;-15495;10;0;0;15505;-15485
2024-06-26T12:00;2024-06-26T12:15;49;kWh;-7658;0;0;0;7658;-7658
2024-06-26T12:15;2024-06-26T12:30;50;kWh;-4673;0;0;0;4673;-4673
2024-06-26T12:30;2024-06-26T12:45;51;kWh;-4897;156;0;0;5053;-4741
2024-06-26T12:45;2024-06-26T13:00;52;kWh;-9552;433;0;0;9985;-9119
2024-06-26T13:00;2024-06-26T13:15;53;kWh;-408;2854;0;0;3262;2446
2024-06-26T13:15;2024-06-26T13:30;54;kWh;-321;6724;0;0;7045;6403
2024-06-26T13:30;2024-06-26T13:45;55;kWh;-5472;944;0;0;6416;-4528
2024-06-26T13:45;2024-06-26T14:00;56;kWh;-2372;4421;0;0;6793;2049
2024-06-26T14:00;2024-06-26T14:15;57;kWh;-1360;0;0;0;1360;-1360
2024-06-26T14:15;2024-06-26T14:30;58;kWh;-872;0;0;0;872;-872
2024-06-26T14:30;2024-06-26T14:45;59;kWh;0;0;0;0;0;0
2024-06-26T14:45;2024-06-26T15:00;60;kWh;-2880;0;0;0;2880;-2880
2024-06-26T15:00;2024-06-26T15:15;61;kWh;-5589;17;0;0;5606;-5572
2024-06-26T15:15;2024-06-26T15:30;62;kWh;-685;310;0;0;995;-375
2024-06-26T15:30;2024-06-26T15:45;63;kWh;0;5830;0;0;5830;5830
2024-06-26T15:45;2024-06-26T16:00;64;kWh;0;2992;0;0;2992;2992
2024-06-26T16:00;2024-06-26T16:15;65;kWh;-6800;0;0;0;6800;-6800
2024-06-26T16:15;2024-06-26T16:30;66;kWh;-6346;1546;0;0;7892;-4800
2024-06-26T16:30;2024-06-26T16:45;67;kWh;0;5737;0;0;5737;5737
2024-06-26T16:45;2024-06-26T17:00;68;kWh;0;6622;0;0;6622;6622
2024-06-26T17:00;2024-06-26T17:15;69;kWh;-18042;1583;0;0;19625;-16459
2024-06-26T17:15;2024-06-26T17:30;70;kWh;0;6791;0;0;6791;6791
2024-06-26T17:30;2024-06-26T17:45;71;kWh;0;17186;0;0;17186;17186
2024-06-26T17:45;2024-06-26T18:00;72;kWh;0;26020;0;0;26020;26020
2024-06-26T18:00;2024-06-26T18:15;73;kWh;-23471;1545;0;0;25016;-21926
2024-06-26T18:15;2024-06-26T18:30;74;kWh;-6870;30;0;0;6900;-6840
2024-06-26T18:30;2024-06-26T18:45;75;kWh;0;8404;0;0;8404;8404
2024-06-26T18:45;2024-06-26T19:00;76;kWh;0;21219;0;0;21219;21219
2024-06-26T19:00;2024-06-26T19:15;77;kWh;0;10053;0;0;10053;10053
2024-06-26T19:15;2024-06-26T19:30;78;kWh;0;23232;0;0;23232;23232
2024-06-26T19:30;2024-06-26T19:45;79;kWh;0;38310;0;0;38310;38310
2024-06-26T19:45;2024-06-26T20:00;80;kWh;0;83950;0;0;83950;83950
2024-06-26T20:00;2024-06-26T20:15;81;kWh;0;24487;0;0;24487;24487
2024-06-26T20:15;2024-06-26T20:30;82;kWh;0;51768;0;0;51768;51768
2024-06-26T20:30;2024-06-26T20:45;83;kWh;0;85445;0;0;85445;85445
2024-06-26T20:45;2024-06-26T21:00;84;kWh;0;92902;0;0;92902;92902
2024-06-26T21:00;2024-06-26T21:15;85;kWh;0;57294;0;0;57294;57294
2024-06-26T21:15;2024-06-26T21:30;86;kWh;0;24977;0;0;24977;24977
2024-06-26T21:30;2024-06-26T21:45;87;kWh;0;4522;0;0;4522;4522
2024-06-26T21:45;2024-06-26T22:00;88;kWh;0;2894;0;0;2894;2894
2024-06-26T22:00;2024-06-26T22:15;89;kWh;0;2295;0;0;2295;2295
2024-06-26T22:15;2024-06-26T22:30;90;kWh;0;9902;0;0;9902;9902
2024-06-26T22:30;2024-06-26T22:45;91;kWh;0;10648;0;0;10648;10648
2024-06-26T22:45;2024-06-26T23:00;92;kWh;0;8806;0;0;8806;8806
2024-06-26T23:00;2024-06-26T23:15;93;kWh;0;27762;0;0;27762;27762
2024-06-26T23:15;2024-06-26T23:30;94;kWh;0;7569;0;0;7569;7569
2024-06-26T23:30;2024-06-26T23:45;95;kWh;0;0;0;0;0;0
2024-06-26T23:45;2024-06-27T00:00;96;kWh;0;0;0;0;0;0
2024-06-27T00:00;2024-06-27T00:15;1;kWh;0;3971;0;0;3971;3971
2024-06-27T00:15;2024-06-27T00:30;2;kWh;0;2322;0;0;2322;2322
2024-06-27T00:30;2024-06-27T00:45;3;kWh;0;1399;0;0;1399;1399
2024-06-27T00:45;2024-06-27T01:00;4;kWh;0;2078;0;0;2078;2078
2024-06-27T01:00;2024-06-27T01:15;5;kWh;-266;651;0;0;917;385
2024-06-27T01:15;2024-06-27T01:30;6;kWh;0;30181;0;0;30181;30181
2024-06-27T01:30;2024-06-27T01:45;7;kWh;0;28736;0;0;28736;28736
2024-06-27T01:45;2024-06-27T02:00;8;kWh;0;26075;0;0;26075;26075
2024-06-27T02:00;2024-06-27T02:15;9;kWh;0;276;0;0;276;276
2024-06-27T02:15;2024-06-27T02:30;10;kWh;0;0;0;0;0;0
2024-06-27T02:30;2024-06-27T02:45;11;kWh;0;0;0;0;0;0
2024-06-27T02:45;2024-06-27T03:00;12;kWh;0;0;0;0;0;0
2024-06-27T03:00;2024-06-27T03:15;13;kWh;0;222;0;0;222;222
2024-06-27T03:15;2024-06-27T03:30;14;kWh;0;2001;0;0;2001;2001
2024-06-27T03:30;2024-06-27T03:45;15;kWh;0;12;0;0;12;12
2024-06-27T03:45;2024-06-27T04:00;16;kWh;0;230;0;0;230;230
2024-06-27T04:00;2024-06-27T04:15;17;kWh;0;394;0;0;394;394
2024-06-27T04:15;2024-06-27T04:30;18;kWh;0;0;0;0;0;0
2024-06-27T04:30;2024-06-27T04:45;19;kWh;-1922;0;0;0;1922;-1922
2024-06-27T04:45;2024-06-27T05:00;20;kWh;-3133;0;0;0;3133;-3133
2024-06-27T05:00;2024-06-27T05:15;21;kWh;-2800;0;0;0;2800;-2800
2024-06-27T05:15;2024-06-27T05:30;22;kWh;-10600;0;0;0;10600;-10600
2024-06-27T05:30;2024-06-27T05:45;23;kWh;-17353;0;0;0;17353;-17353
2024-06-27T05:45;2024-06-27T06:00;24;kWh;-25829;0;0;0;25829;-25829
2024-06-27T06:00;2024-06-27T06:15;25;kWh;-2128;976;0;0;3104;-1152
2024-06-27T06:15;2024-06-27T06:30;26;kWh;0;4384;0;0;4384;4384
2024-06-27T06:30;2024-06-27T06:45;27;kWh;-384;327;0;0;711;-57
2024-06-27T06:45;2024-06-27T07:00;28;kWh;-19138;0;0;0;19138;-19138
2024-06-27T07:00;2024-06-27T07:15;29;kWh;-10767;0;0;0;10767;-10767
2024-06-27T07:15;2024-06-27T07:30;30;kWh;0;1518;0;0;1518;1518
2024-06-27T07:30;2024-06-27T07:45;31;kWh;-211;2060;0;0;2271;1849
2024-06-27T07:45;2024-06-27T08:00;32;kWh;-700;6028;0;0;6728;5328
2024-06-27T08:00;2024-06-27T08:15;33;kWh;0;51832;0;0;51832;51832
2024-06-27T08:15;2024-06-27T08:30;34;kWh;0;22598;0;0;22598;22598
2024-06-27T08:30;2024-06-27T08:45;35;kWh;0;26799;0;0;26799;26799
2024-06-27T08:45;2024-06-27T09:00;36;kWh;0;1398;0;0;1398;1398
2024-06-27T09:00;2024-06-27T09:15;37;kWh;0;3896;0;0;3896;3896
2024-06-27T09:15;2024-06-27T09:30;38;kWh;0;4552;0;0;4552;4552
2024-06-27T09:30;2024-06-27T09:45;39;kWh;0;4077;0;0;4077;4077
2024-06-27T09:45;2024-06-27T10:00;40;kWh;0;25308;0;0;25308;25308
2024-06-27T10:00;2024-06-27T10:15;41;kWh;0;9888;0;0;9888;9888
2024-06-27T10:15;2024-06-27T10:30;42;kWh;0;204;0;0;204;204
2024-06-27T10:30;2024-06-27T10:45;43;kWh;-256;350;0;0;606;94
2024-06-27T10:45;2024-06-27T11:00;44;kWh;-18158;0;0;0;18158;-18158
2024-06-27T11:00;2024-06-27T11:15;45;kWh;-380;39543;0;0;39923;39163
2024-06-27T11:15;2024-06-27T11:30;46;kWh;0;47358;0;0;47358;47358
2024-06-27T11:30;2024-06-27T11:45;47;kWh;0;56899;0;0;56899;56899
2024-06-27T11:45;2024-06-27T12:00;48;kWh;0;13706;0;0;13706;13706
2024-06-27T12:00;2024-06-27T12:15;49;kWh;0;0;0;0;0;0
2024-06-27T12:15;2024-06-27T12:30;50;kWh;-1433;0;0;0;1433;-1433
2024-06-27T12:30;2024-06-27T12:45;51;kWh;-5769;4338;0;0;10107;-1431
2024-06-27T12:45;2024-06-27T13:00;52;kWh;-11392;0;0;0;11392;-11392
2024-06-27T13:00;2024-06-27T13:15;53;kWh;-15598;3777;0;0;19375;-11821
2024-06-27T13:15;2024-06-27T13:30;54;kWh;-19808;851;0;0;20659;-18957
2024-06-27T13:30;2024-06-27T13:45;55;kWh;-13760;0;0;0;13760;-13760
2024-06-27T13:45;2024-06-27T14:00;56;kWh;-4132;0;0;0;4132;-4132
2024-06-27T14:00;2024-06-27T14:15;57;kWh;-7;5841;0;0;5848;5834
2024-06-27T14:15;2024-06-27T14:30;58;kWh;0;28454;0;0;28454;28454
2024-06-27T14:30;2024-06-27T14:45;59;kWh;0;35595;0;0;35595;35595
2024-06-27T14:45;2024-06-27T15:00;60;kWh;0;7774;0;0;7774;7774
2024-06-27T15:00;2024-06-27T15:15;61;kWh;0;10413;0;0;10413;10413
2024-06-27T15:15;2024-06-27T15:30;62;kWh;-963;0;0;0;963;-963
2024-06-27T15:30;2024-06-27T15:45;63;kWh;-11283;423;0;0;11706;-10860
2024-06-27T15:45;2024-06-27T16:00;64;kWh;-5262;439;0;0;5701;-4823
2024-06-27T16:00;2024-06-27T16:15;65;kWh;-21984;988;0;0;22972;-20996
2024-06-27T16:15;2024-06-27T16:30;66;kWh;-12183;238;0;0;12421;-11945
2024-06-27T16:30;2024-06-27T16:45;67;kWh;-590;2001;0;0;2591;1411
2024-06-27T16:45;2024-06-27T17:00;68;kWh;0;14928;0;0;14928;14928
2024-06-27T17:00;2024-06-27T17:15;69;kWh;-2118;339;0;0;2457;-1779
2024-06-27T17:15;2024-06-27T17:30;70;kWh;0;61517;0;0;61517;61517
2024-06-27T17:30;2024-06-27T17:45;71;kWh;0;116713;0;0;116713;116713
2024-06-27T17:45;2024-06-27T18:00;72;kWh;0;53151;0;0;53151;53151
2024-06-27T18:00;2024-06-27T18:15;73;kWh;0;22336;0;0;22336;22336
2024-06-27T18:15;2024-06-27T18:30;74;kWh;-8014;83;0;0;8097;-7931
2024-06-27T18:30;2024-06-27T18:45;75;kWh;-3123;0;0;0;3123;-3123
2024-06-27T18:45;2024-06-27T19:00;76;kWh;-2122;0;0;0;2122;-2122
2024-06-27T19:00;2024-06-27T19:15;77;kWh;-30064;0;0;0;30064;-30064
2024-06-27T19:15;2024-06-27T19:30;78;kWh;-38329;0;0;0;38329;-38329
2024-06-27T19:30;2024-06-27T19:45;79;kWh;-43042;0;0;0;43042;-43042
2024-06-27T19:45;2024-06-27T20:00;80;kWh;-36345;0;0;0;36345;-36345
2024-06-27T20:00;2024-06-27T20:15;81;kWh;-48492;153;0;0;48645;-48339
2024-06-27T20:15;2024-06-27T20:30;82;kWh;-6528;3438;0;0;9966;-3090
2024-06-27T20:30;2024-06-27T20:45;83;kWh;-1477;10074;0;0;11551;8597
2024-06-27T20:45;2024-06-27T21:00;84;kWh;-4734;16223;0;0;20957;11489
2024-06-27T21:00;2024-06-27T21:15;85;kWh;-8613;0;0;0;8613;-8613
2024-06-27T21:15;2024-06-27T21:30;86;kWh;-12424;0;0;0;12424;-12424
2024-06-27T21:30;2024-06-27T21:45;87;kWh;-8507;0;0;0;8507;-8507
2024-06-27T21:45;2024-06-27T22:00;88;kWh;-1318;0;0;0;1318;-1318
2024-06-27T22:00;2024-06-27T22:15;89;kWh;-394;24390;0;0;24784;23996
2024-06-27T22:15;2024-06-27T22:30;90;kWh;0;44937;0;0;44937;44937
2024-06-27T22:30;2024-06-27T22:45;91;kWh;0;38722;0;0;38722;38722
2024-06-27T22:45;2024-06-27T23:00;92;kWh;0;45402;0;0;45402;45402
2024-06-27T23:00;2024-06-27T23:15;93;kWh;0;40996;0;0;40996;40996
2024-06-27T23:15;2024-06-27T23:30;94;kWh;0;66067;0;0;66067;66067
2024-06-27T23:30;2024-06-27T23:45;95;kWh;0;55384;0;0;55384;55384
2024-06-27T23:45;2024-06-28T00:00;96;kWh;0;48982;0;0;48982;48982
2024-06-28T00:00;2024-06-28T00:15;1;kWh;0;93223;0;0;93223;93223
2024-06-28T00:15;2024-06-28T00:30;2;kWh;0;96034;0;0;96034;96034
2024-06-28T00:30;2024-06-28T00:45;3;kWh;0;78394;0;0;78394;78394
2024-06-28T00:45;2024-06-28T01:00;4;kWh;0;44691;0;0;44691;44691
2024-06-28T01:00;2024-06-28T01:15;5;kWh;0;28915;0;0;28915;28915
2024-06-28T01:15;2024-06-28T01:30;6;kWh;0;84740;0;0;84740;84740
2024-06-28T01:30;2024-06-28T01:45;7;kWh;0;61258;0;0;61258;61258
2024-06-28T01:45;2024-06-28T02:00;8;kWh;0;57800;0;0;57800;57800
2024-06-28T02:00;2024-06-28T02:15;9;kWh;0;6343;0;0;6343;6343
2024-06-28T02:15;2024-06-28T02:30;10;kWh;0;2645;0;0;2645;2645
2024-06-28T02:30;2024-06-28T02:45;11;kWh;0;7;0;0;7;7
2024-06-28T02:45;2024-06-28T03:00;12;kWh;-580;0;0;0;580;-580
2024-06-28T03:00;2024-06-28T03:15;13;kWh;-511;0;0;0;511;-511
2024-06-28T03:15;2024-06-28T03:30;14;kWh;-26;0;0;0;26;-26
2024-06-28T03:30;2024-06-28T03:45;15;kWh;0;0;0;0;0;0
2024-06-28T03:45;2024-06-28T04:00;16;kWh;-116;0;0;0;116;-116
2024-06-28T04:00;2024-06-28T04:15;17;kWh;0;12875;0;0;12875;12875
2024-06-28T04:15;2024-06-28T04:30;18;kWh;0;34910;0;0;34910;34910
2024-06-28T04:30;2024-06-28T04:45;19;kWh;0;2053;0;0;2053;2053
2024-06-28T04:45;2024-06-28T05:00;20;kWh;0;6778;0;0;6778;6778
2024-06-28T05:00;2024-06-28T05:15;21;kWh;0;34848;0;0;34848;34848
2024-06-28T05:15;2024-06-28T05:30;22;kWh;0;36650;0;0;36650;36650
2024-06-28T05:30;2024-06-28T05:45;23;kWh;0;838;0;0;838;838
2024-06-28T05:45;2024-06-28T06:00;24;kWh;-58;750;0;0;808;692
2024-06-28T06:00;2024-06-28T06:15;25;kWh;-4338;3521;0;0;7859;-817
2024-06-28T06:15;2024-06-28T06:30;26;kWh;0;2693;0;0;2693;2693
2024-06-28T06:30;2024-06-28T06:45;27;kWh;0;12799;0;0;12799;12799
2024-06-28T06:45;2024-06-28T07:00;28;kWh;0;23169;0;0;23169;23169
2024-06-28T07:00;2024-06-28T07:15;29;kWh;0;27567;0;0;27567;27567
2024-06-28T07:15;2024-06-28T07:30;30;kWh;0;14426;0;0;14426;14426
2024-06-28T07:30;2024-06-28T07:45;31;kWh;-266;0;0;0;266;-266
2024-06-28T07:45;2024-06-28T08:00;32;kWh;-12957;0;0;0;12957;-12957
2024-06-28T08:00;2024-06-28T08:15;33;kWh;-13098;0;0;0;13098;-13098
2024-06-28T08:15;2024-06-28T08:30;34;kWh;-12557;0;0;0;12557;-12557
2024-06-28T08:30;2024-06-28T08:45;35;kWh;-7864;0;0;0;7864;-7864
2024-06-28T08:45;2024-06-28T09:00;36;kWh;0;3634;0;0;3634;3634
2024-06-28T09:00;2024-06-28T09:15;37;kWh;0;20642;0;0;20642;20642
2024-06-28T09:15;2024-06-28T09:30;38;kWh;0;19263;0;0;19263;19263
2024-06-28T09:30;2024-06-28T09:45;39;kWh;0;3417;0;0;3417;3417
2024-06-28T09:45;2024-06-28T10:00;40;kWh;-9710;0;0;0;9710;-9710
2024-06-28T10:00;2024-06-28T10:15;41;kWh;-8;32051;0;0;32059;32043
2024-06-28T10:15;2024-06-28T10:30;42;kWh;-10135;0;0;0;10135;-10135
2024-06-28T10:30;2024-06-28T10:45;43;kWh;-15290;0;0;0;15290;-15290
2024-06-28T10:45;2024-06-28T11:00;44;kWh;-22202;0;0;0;22202;-22202
2024-06-28T11:00;2024-06-28T11:15;45;kWh;-10572;0;0;0;10572;-10572
2024-06-28T11:15;2024-06-28T11:30;46;kWh;-6987;726;0;0;7713;-6261
2024-06-28T11:30;2024-06-28T11:45;47;kWh;-6344;33921;0;0;40265;27577
2024-06-28T11:45;2024-06-28T12:00;48;kWh;-10185;14897;0;0;25082;4712
2024-06-28T12:00;2024-06-28T12:15;49;kWh;-185;27427;0;0;27612;27242
2024-06-28T12:15;2024-06-28T12:30;50;kWh;-644;16696;0;0;17340;16052
2024-06-28T12:30;2024-06-28T12:45;51;kWh;-1206;13249;0;0;14455;12043
2024-06-28T12:45;2024-06-28T13:00;52;kWh;-5076;767;0;0;5843;-4309
2024-06-28T13:00;2024-06-28T13:15;53;kWh;-13138;0;0;0;13138;-13138
2024-06-28T13:15;2024-06-28T13:30;54;kWh;-18017;0;0;0;18017;-18017
2024-06-28T13:30;2024-06-28T13:45;55;kWh;-19771;6490;0;0;26261;-13281
2024-06-28T13:45;2024-06-28T14:00;56;kWh;-20522;1347;0;0;21869;-19175
2024-06-28T14:00;2024-06-28T14:15;57;kWh;-28393;0;0;0;28393;-28393
2024-06-28T14:15;2024-06-28T14:30;58;kWh;-27298;0;0;0;27298;-27298
2024-06-28T14:30;2024-06-28T14:45;59;kWh;-32200;0;0;0;32200;-32200
2024-06-28T14:45;2024-06-28T15:00;60;kWh;-24246;0;0;0;24246;-24246
2024-06-28T15:00;2024-06-28T15:15;61;kWh;-19665;299;0;0;19964;-19366
2024-06-28T15:15;2024-06-28T15:30;62;kWh;-12053;99;0;0;12152;-11954
2024-06-28T15:30;2024-06-28T15:45;63;kWh;-23372;618;0;0;23990;-22754
2024-06-28T15:45;2024-06-28T16:00;64;kWh;-7170;2530;0;0;9700;-4640
2024-06-28T16:00;2024-06-28T16:15;65;kWh;-16710;1425;0;0;18135;-15285
2024-06-28T16:15;2024-06-28T16:30;66;kWh;-10724;4198;0;0;14922;-6526
2024-06-28T16:30;2024-06-28T16:45;67;kWh;-207;14962;0;0;15169;14755
2024-06-28T16:45;2024-06-28T17:00;68;kWh;-61;17169;0;0;17230;17108
2024-06-28T17:00;2024-06-28T17:15;69;kWh;-45870;2532;0;0;48402;-43338
2024-06-28T17:15;2024-06-28T17:30;70;kWh;-34122;1337;0;0;35459;-32785
2024-06-28T17:30;2024-06-28T17:45;71;kWh;-17650;0;0;0;17650;-17650
2024-06-28T17:45;2024-06-28T18:00;72;kWh;-4730;0;0;0;4730;-4730
2024-06-28T18:00;2024-06-28T18:15;73;kWh;-45471;0;0;0;45471;-45471
2024-06-28T18:15;2024-06-28T18:30;74;kWh;-25847;4144;0;0;29991;-21703
2024-06-28T18:30;2024-06-28T18:45;75;kWh;-174;2940;0;0;3114;2766
2024-06-28T18:45;2024-06-28T19:00;76;kWh;0;26285;0;0;26285;26285
2024-06-28T19:00;2024-06-28T19:15;77;kWh;0;18197;0;0;18197;18197
2024-06-28T19:15;2024-06-28T19:30;78;kWh;0;18265;0;0;18265;18265
2024-06-28T19:30;2024-06-28T19:45;79;kWh;0;58618;0;0;58618;58618
2024-06-28T19:45;2024-06-28T20:00;80;kWh;0;16963;0;0;16963;16963
2024-06-28T20:00;2024-06-28T20:15;81;kWh;0;58497;0;0;58497;58497
2024-06-28T20:15;2024-06-28T20:30;82;kWh;0;45484;0;0;45484;45484
2024-06-28T20:30;2024-06-28T20:45;83;kWh;0;24196;0;0;24196;24196
2024-06-28T20:45;2024-06-28T21:00;84;kWh;0;44079;0;0;44079;44079
2024-06-28T21:00;2024-06-28T21:15;85;kWh;0;7091;0;0;7091;7091
2024-06-28T21:15;2024-06-28T21:30;86;kWh;0;5782;0;0;5782;5782
2024-06-28T21:30;2024-06-28T21:45;87;kWh;0;7656;0;0;7656;7656
2024-06-28T21:45;2024-06-28T22:00;88;kWh;0;8686;0;0;8686;8686
2024-06-28T22:00;2024-06-28T22:15;89;kWh;0;2612;0;0;2612;2612
2024-06-28T22:15;2024-06-28T22:30;90;kWh;0;22601;0;0;22601;22601
2024-06-28T22:30;2024-06-28T22:45;91;kWh;0;27818;0;0;27818;27818
2024-06-28T22:45;2024-06-28T23:00;92;kWh;0;12831;0;0;12831;12831
2024-06-28T23:00;2024-06-28T23:15;93;kWh;0;33133;0;0;33133;33133
2024-06-28T23:15;2024-06-28T23:30;94;kWh;0;15360;0;0;15360;15360
2024-06-28T23:30;2024-06-28T23:45;95;kWh;0;6173;0;0;6173;6173
2024-06-28T23:45;2024-06-29T00:00;96;kWh;-3;3920;0;0;3923;3917
2024-06-29T00:00;2024-06-29T00:15;1;kWh;-280;28050;0;0;28330;27770
2024-06-29T00:15;2024-06-29T00:30;2;kWh;0;45112;0;0;45112;45112
2024-06-29T00:30;2024-06-29T00:45;3;kWh;0;50414;0;0;50414;50414
2024-06-29T00:45;2024-06-29T01:00;4;kWh;0;23803;0;0;23803;23803
2024-06-29T01:00;2024-06-29T01:15;5;kWh;0;16786;0;0;16786;16786
2024-06-29T01:15;2024-06-29T01:30;6;kWh;0;23216;0;0;23216;23216
2024-06-29T01:30;2024-06-29T01:45;7;kWh;0;14945;0;0;14945;14945
2024-06-29T01:45;2024-06-29T02:00;8;kWh;0;11052;0;0;11052;11052
2024-06-29T02:00;2024-06-29T02:15;9;kWh;0;22566;0;0;22566;22566
2024-06-29T02:15;2024-06-29T02:30;10;kWh;0;21225;0;0;21225;21225
2024-06-29T02:30;2024-06-29T02:45;11;kWh;0;18520;0;0;18520;18520
2024-06-29T02:45;2024-06-29T03:00;12;kWh;0;30518;0;0;30518;30518
2024-06-29T03:00;2024-06-29T03:15;13;kWh;0;53517;0;0;53517;53517
2024-06-29T03:15;2024-06-29T03:30;14;kWh;0;28298;0;0;28298;28298
2024-06-29T03:30;2024-06-29T03:45;15;kWh;0;24321;0;0;24321;24321
2024-06-29T03:45;2024-06-29T04:00;16;kWh;0;16869;0;0;16869;16869
2024-06-29T04:00;2024-06-29T04:15;17;kWh;0;1451;0;0;1451;1451
2024-06-29T04:15;2024-06-29T04:30;18;kWh;0;160;0;0;160;160
2024-06-29T04:30;2024-06-29T04:45;19;kWh;0;5690;0;0;5690;5690
2024-06-29T04:45;2024-06-29T05:00;20;kWh;0;18664;0;0;18664;18664
2024-06-29T05:00;2024-06-29T05:15;21;kWh;0;17000;0;0;17000;17000
2024-06-29T05:15;2024-06-29T05:30;22;kWh;0;3680;0;0;3680;3680
2024-06-29T05:30;2024-06-29T05:45;23;kWh;0;10;0;0;10;10
2024-06-29T05:45;2024-06-29T06:00;24;kWh;-9072;0;0;0;9072;-9072
2024-06-29T06:00;2024-06-29T06:15;25;kWh;-25032;0;0;0;25032;-25032
2024-06-29T06:15;2024-06-29T06:30;26;kWh;0;27;0;0;27;27
2024-06-29T06:30;2024-06-29T06:45;27;kWh;-2477;0;0;0;2477;-2477
2024-06-29T06:45;2024-06-29T07:00;28;kWh;-4021;7143;0;0;11164;3122
2024-06-29T07:00;2024-06-29T07:15;29;kWh;0;22366;0;0;22366;22366
2024-06-29T07:15;2024-06-29T07:30;30;kWh;0;16728;0;0;16728;16728
2024-06-29T07:30;2024-06-29T07:45;31;kWh;0;4094;0;0;4094;4094
2024-06-29T07:45;2024-06-29T08:00;32;kWh;-1498;0;0;0;1498;-1498
2024-06-29T08:00;2024-06-29T08:15;33;kWh;-5121;0;0;0;5121;-5121
2024-06-29T08:15;2024-06-29T08:30;34;kWh;-5799;0;0;0;5799;-5799
2024-06-29T08:30;2024-06-29T08:45;35;kWh;-22354;0;0;0;22354;-22354
2024-06-29T08:45;2024-06-29T09:00;36;kWh;-21646;0;0;0;21646;-21646
2024-06-29T09:00;2024-06-29T09:15;37;kWh;-1335;0;0;0;1335;-1335
2024-06-29T09:15;2024-06-29T09:30;38;kWh;-1309;0;0;0;1309;-1309
2024-06-29T09:30;2024-06-29T09:45;39;kWh;-18695;0;0;0;18695;-18695
2024-06-29T09:45;2024-06-29T10:00;40;kWh;-34345;0;0;0;34345;-34345
2024-06-29T10:00;2024-06-29T10:15;41;kWh;-31827;0;0;0;31827;-31827
2024-06-29T10:15;2024-06-29T10:30;42;kWh;-28030;0;0;0;28030;-28030
2024-06-29T10:30;2024-06-29T10:45;43;kWh;-30914;0;0;0;30914;-30914
2024-06-29T10:45;2024-06-29T11:00;44;kWh;-62969;0;0;0;62969;-62969
2024-06-29T11:00;2024-06-29T11:15;45;kWh;-23965;0;0;0;23965;-23965
2024-06-29T11:15;2024-06-29T11:30;46;kWh;-8492;0;0;0;8492;-8492
2024-06-29T11:30;2024-06-29T11:45;47;kWh;-30137;0;0;0;30137;-30137
2024-06-29T11:45;2024-06-29T12:00;48;kWh;-24393;0;0;0;24393;-24393
2024-06-29T12:00;2024-06-29T12:15;49;kWh;-7299;0;0;0;7299;-7299
2024-06-29T12:15;2024-06-29T12:30;50;kWh;0;0;0;0;0;0
2024-06-29T12:30;2024-06-29T12:45;51;kWh;0;0;0;0;0;0
2024-06-29T12:45;2024-06-29T13:00;52;kWh;-1391;0;0;0;1391;-1391
2024-06-29T13:00;2024-06-29T13:15;53;kWh;-5276;0;0;0;5276;-5276
2024-06-29T13:15;2024-06-29T13:30;54;kWh;-4891;0;0;0;4891;-4891
2024-06-29T13:30;2024-06-29T13:45;55;kWh;-22472;0;0;0;22472;-22472
2024-06-29T13:45;2024-06-29T14:00;56;kWh;-30410;0;0;0;30410;-30410
2024-06-29T14:00;2024-06-29T14:15;57;kWh;-18885;0;0;0;18885;-18885
2024-06-29T14:15;2024-06-29T14:30;58;kWh;-2694;0;0;0;2694;-2694
2024-06-29T14:30;2024-06-29T14:45;59;kWh;0;0;0;0;0;0
2024-06-29T14:45;2024-06-29T15:00;60;kWh;-945;0;0;0;945;-945
2024-06-29T15:00;2024-06-29T15:15;61;kWh;-17717;0;0;0;17717;-17717
2024-06-29T15:15;2024-06-29T15:30;62;kWh;-21775;0;0;0;21775;-21775
2024-06-29T15:30;2024-06-29T15:45;63;kWh;-19883;0;0;0;19883;-19883
2024-06-29T15:45;2024-06-29T16:00;64;kWh;-11967;0;0;0;11967;-11967
2024-06-29T16:00;2024-06-29T16:15;65;kWh;-59209;0;0;0;59209;-59209
2024-06-29T16:15;2024-06-29T16:30;66;kWh;-28347;0;0;0;28347;-28347
2024-06-29T16:30;2024-06-29T16:45;67;kWh;-606;0;0;0;606;-606
2024-06-29T16:45;2024-06-29T17:00;68;kWh;0;0;0;0;0;0
2024-06-29T17:00;2024-06-29T17:15;69;kWh;-4778;0;0;0;4778;-4778
2024-06-29T17:15;2024-06-29T17:30;70;kWh;0;8;0;0;8;8
2024-06-29T17:30;2024-06-29T17:45;71;kWh;0;12997;0;0;12997;12997
2024-06-29T17:45;2024-06-29T18:00;72;kWh;0;77657;0;0;77657;77657
2024-06-29T18:00;2024-06-29T18:15;73;kWh;0;33167;0;0;33167;33167
2024-06-29T18:15;2024-06-29T18:30;74;kWh;0;47247;0;0;47247;47247
2024-06-29T18:30;2024-06-29T18:45;75;kWh;0;61529;0;0;61529;61529
2024-06-29T18:45;2024-06-29T19:00;76;kWh;0;95706;0;0;95706;95706
2024-06-29T19:00;2024-06-29T19:15;77;kWh;0;63346;0;0;63346;63346
2024-06-29T19:15;2024-06-29T19:30;78;kWh;0;25844;0;0;25844;25844
2024-06-29T19:30;2024-06-29T19:45;79;kWh;0;67943;0;0;67943;67943
2024-06-29T19:45;2024-06-29T20:00;80;kWh;0;81823;0;0;81823;81823
2024-06-29T20:00;2024-06-29T20:15;81;kWh;0;69334;0;0;69334;69334
2024-06-29T20:15;2024-06-29T20:30;82;kWh;-1092;8771;0;0;9863;7679
2024-06-29T20:30;2024-06-29T20:45;83;kWh;-6644;0;0;0;6644;-6644
2024-06-29T20:45;2024-06-29T21:00;84;kWh;-6942;531;0;0;7473;-6411
2024-06-29T21:00;2024-06-29T21:15;85;kWh;-104;11;0;0;115;-93
2024-06-29T21:15;2024-06-29T21:30;86;kWh;-14321;0;0;0;14321;-14321
2024-06-29T21:30;2024-06-29T21:45;87;kWh;-10107;0;0;0;10107;-10107
2024-06-29T21:45;2024-06-29T22:00;88;kWh;-99;22949;0;0;23048;22850
2024-06-29T22:00;2024-06-29T22:15;89;kWh;-15;16923;0;0;16938;16908
2024-06-29T22:15;2024-06-29T22:30;90;kWh;-291;2043;0;0;2334;1752
2024-06-29T22:30;2024-06-29T22:45;91;kWh;0;14065;0;0;14065;14065
2024-06-29T22:45;2024-06-29T23:00;92;kWh;-90;994;0;0;1084;904
2024-06-29T23:00;2024-06-29T23:15;93;kWh;-970;0;0;0;970;-970
2024-06-29T23:15;2024-06-29T23:30;94;kWh;0;12539;0;0;12539;12539
2024-06-29T23:30;2024-06-29T23:45;95;kWh;0;40427;0;0;40427;40427
2024-06-29T23:45;2024-06-30T00:00;96;kWh;0;70812;0;0;70812;70812
2024-06-30T00:00;2024-06-30T00:15;1;kWh;0;45001;0;0;45001;45001
2024-06-30T00:15;2024-06-30T00:30;2;kWh;0;93629;0;0;93629;93629
2024-06-30T00:30;2024-06-30T00:45;3;kWh;0;121648;0;0;121648;121648
2024-06-30T00:45;2024-06-30T01:00;4;kWh;0;95339;0;0;95339;95339
2024-06-30T01:00;2024-06-30T01:15;5;kWh;0;46950;0;0;46950;46950
2024-06-30T01:15;2024-06-30T01:30;6;kWh;0;45527;0;0;45527;45527
2024-06-30T01:30;2024-06-30T01:45;7;kWh;0;48001;0;0;48001;48001
2024-06-30T01:45;2024-06-30T02:00;8;kWh;0;59127;0;0;59127;59127
2024-06-30T02:00;2024-06-30T02:15;9;kWh;-857;2641;0;0;3498;1784
2024-06-30T02:15;2024-06-30T02:30;10;kWh;-5129;10;0;0;5139;-5119
2024-06-30T02:30;2024-06-30T02:45;11;kWh;0;12698;0;0;12698;12698
2024-06-30T02:45;2024-06-30T03:00;12;kWh;0;25901;0;0;25901;25901
2024-06-30T03:00;2024-06-30T03:15;13;kWh;0;26412;0;0;26412;26412
2024-06-30T03:15;2024-06-30T03:30;14;kWh;0;15039;0;0;15039;15039
2024-06-30T03:30;2024-06-30T03:45;15;kWh;0;200;0;0;200;200
2024-06-30T03:45;2024-06-30T04:00;16;kWh;0;16;0;0;16;16
2024-06-30T04:00;2024-06-30T04:15;17;kWh;0;1397;0;0;1397;1397
2024-06-30T04:15;2024-06-30T04:30;18;kWh;-28364;0;0;0;28364;-28364
2024-06-30T04:30;2024-06-30T04:45;19;kWh;-56559;0;0;0;56559;-56559
2024-06-30T04:45;2024-06-30T05:00;20;kWh;-47423;0;0;0;47423;-47423
2024-06-30T05:00;2024-06-30T05:15;21;kWh;-3756;0;0;0;3756;-3756
2024-06-30T05:15;2024-06-30T05:30;22;kWh;0;0;0;0;0;0
2024-06-30T05:30;2024-06-30T05:45;23;kWh;0;4207;0;0;4207;4207
2024-06-30T05:45;2024-06-30T06:00;24;kWh;0;1336;0;0;1336;1336
2024-06-30T06:00;2024-06-30T06:15;25;kWh;0;64002;0;0;64002;64002
2024-06-30T06:15;2024-06-30T06:30;26;kWh;0;69851;0;0;69851;69851
2024-06-30T06:30;2024-06-30T06:45;27;kWh;0;37746;0;0;37746;37746
2024-06-30T06:45;2024-06-30T07:00;28;kWh;0;16000;0;0;16000;16000
2024-06-30T07:00;2024-06-30T07:15;29;kWh;0;690;0;0;690;690
2024-06-30T07:15;2024-06-30T07:30;30;kWh;0;11902;0;0;11902;11902
2024-06-30T07:30;2024-06-30T07:45;31;kWh;0;9300;0;0;9300;9300
2024-06-30T07:45;2024-06-30T08:00;32;kWh;0;15298;0;0;15298;15298
2024-06-30T08:00;2024-06-30T08:15;33;kWh;0;37728;0;0;37728;37728
2024-06-30T08:15;2024-06-30T08:30;34;kWh;0;15433;0;0;15433;15433
2024-06-30T08:30;2024-06-30T08:45;35;kWh;0;28;0;0;28;28
2024-06-30T08:45;2024-06-30T09:00;36;kWh;-1216;0;0;0;1216;-1216
2024-06-30T09:00;2024-06-30T09:15;37;kWh;-248;0;0;0;248;-248
2024-06-30T09:15;2024-06-30T09:30;38;kWh;-7258;0;0;0;7258;-7258
2024-06-30T09:30;2024-06-30T09:45;39;kWh;-25130;0;0;0;25130;-25130
2024-06-30T09:45;2024-06-30T10:00;40;kWh;-56308;0;0;0;56308;-56308
2024-06-30T10:00;2024-06-30T10:15;41;kWh;-23811;0;0;0;23811;-23811
2024-06-30T10:15;2024-06-30T10:30;42;kWh;-35075;0;0;0;35075;-35075
2024-06-30T10:30;2024-06-30T10:45;43;kWh;-64894;0;0;0;64894;-64894
2024-06-30T10:45;2024-06-30T11:00;44;kWh;-63740;0;0;0;63740;-63740
2024-06-30T11:00;2024-06-30T11:15;45;kWh;-49342;0;0;0;49342;-49342
2024-06-30T11:15;2024-06-30T11:30;46;kWh;-50127;0;0;0;50127;-50127
2024-06-30T11:30;2024-06-30T11:45;47;kWh;-47589;0;0;0;47589;-47589
2024-06-30T11:45;2024-06-30T12:00;48;kWh;-43350;0;0;0;43350;-43350
2024-06-30T12:00;2024-06-30T12:15;49;kWh;-24865;0;0;0;24865;-24865
2024-06-30T12:15;2024-06-30T12:30;50;kWh;-7464;0;0;0;7464;-7464
2024-06-30T12:30;2024-06-30T12:45;51;kWh;-1674;0;0;0;1674;-1674
2024-06-30T12:45;2024-06-30T13:00;52;kWh;-10835;0;0;0;10835;-10835
2024-06-30T13:00;2024-06-30T13:15;53;kWh;-4912;0;0;0;4912;-4912
2024-06-30T13:15;2024-06-30T13:30;54;kWh;-939;0;0;0;939;-939
2024-06-30T13:30;2024-06-30T13:45;55;kWh;-37204;0;0;0;37204;-37204
2024-06-30T13:45;2024-06-30T14:00;56;kWh;-38089;0;0;0;38089;-38089
2024-06-30T14:00;2024-06-30T14:15;57;kWh;-38503;0;0;0;38503;-38503
2024-06-30T14:15;2024-06-30T14:30;58;kWh;-70534;0;0;0;70534;-70534
2024-06-30T14:30;2024-06-30T14:45;59;kWh;-61784;0;0;0;61784;-61784
2024-06-30T14:45;2024-06-30T15:00;60;kWh;-46739;0;0;0;46739;-46739
2024-06-30T15:00;2024-06-30T15:15;61;kWh;-24901;0;0;0;24901;-24901
2024-06-30T15:15;2024-06-30T15:30;62;kWh;-7844;0;0;0;7844;-7844
2024-06-30T15:30;2024-06-30T15:45;63;kWh;-950;2679;0;0;3629;1729
2024-06-30T15:45;2024-06-30T16:00;64;kWh;0;35546;0;0;35546;35546
2024-06-30T16:00;2024-06-30T16:15;65;kWh;0;23902;0;0;23902;23902
2024-06-30T16:15;2024-06-30T16:30;66;kWh;0;23523;0;0;23523;23523
2024-06-30T16:30;2024-06-30T16:45;67;kWh;0;26005;0;0;26005;26005
2024-06-30T16:45;2024-06-30T17:00;68;kWh;0;37580;0;0;37580;37580
2024-06-30T17:00;2024-06-30T17:15;69;kWh;-33883;2625;0;0;36508;-31258
2024-06-30T17:15;2024-06-30T17:30;70;kWh;-2713;0;0;0;2713;-2713
2024-06-30T17:30;2024-06-30T17:45;71;kWh;-15654;0;0;0;15654;-15654
2024-06-30T17:45;2024-06-30T18:00;72;kWh;-17407;0;0;0;17407;-17407
2024-06-30T18:00;2024-06-30T18:15;73;kWh;-229;1244;0;0;1473;1015
2024-06-30T18:15;2024-06-30T18:30;74;kWh;0;9799;0;0;9799;9799
2024-06-30T18:30;2024-06-30T18:45;75;kWh;0;23275;0;0;23275;23275
2024-06-30T18:45;2024-06-30T19:00;76;kWh;0;52972;0;0;52972;52972
2024-06-30T19:00;2024-06-30T19:15;77;kWh;0;32853;0;0;32853;32853
2024-06-30T19:15;2024-06-30T19:30;78;kWh;0;27676;0;0;27676;27676
2024-06-30T19:30;2024-06-30T19:45;79;kWh;0;11374;0;0;11374;11374
2024-06-30T19:45;2024-06-30T20:00;80;kWh;-8120;0;0;0;8120;-8120
2024-06-30T20:00;2024-06-30T20:15;81;kWh;-3570;0;0;0;3570;-3570
2024-06-30T20:15;2024-06-30T20:30;82;kWh;-2101;0;0;0;2101;-2101
2024-06-30T20:30;2024-06-30T20:45;83;kWh;-9543;0;0;0;9543;-9543
2024-06-30T20:45;2024-06-30T21:00;84;kWh;-4568;0;0;0;4568;-4568
2024-06-30T21:00;2024-06-30T21:15;85;kWh;-6541;0;0;0;6541;-6541
2024-06-30T21:15;2024-06-30T21:30;86;kWh;-752;0;0;0;752;-752
2024-06-30T21:30;2024-06-30T21:45;87;kWh;-465;0;0;0;465;-465
2024-06-30T21:45;2024-06-30T22:00;88;kWh;-6063;0;0;0;6063;-6063
2024-06-30T22:00;2024-06-30T22:15;89;kWh;-5865;0;0;0;5865;-5865
2024-06-30T22:15;2024-06-30T22:30;90;kWh;-32148;0;0;0;32148;-32148
2024-06-30T22:30;2024-06-30T22:45;91;kWh;-36333;0;0;0;36333;-36333
2024-06-30T22:45;2024-06-30T23:00;92;kWh;-69526;0;0;0;69526;-69526
2024-06-30T23:00;2024-06-30T23:15;93;kWh;-19552;0;0;0;19552;-19552
2024-06-30T23:15;2024-06-30T23:30;94;kWh;-34471;0;0;0;34471;-34471
2024-06-30T23:30;2024-06-30T23:45;95;kWh;-28743;0;0;0;28743;-28743
2024-06-30T23:45;2024-07-01T00:00;96;kWh;-44179;0;0;0;44179;-44179
2024-07-01T00:00;2024-07-01T00:15;1;kWh;-16504;5802;0;0;22306;-10702
2024-07-01T00:15;2024-07-01T00:30;2;kWh;0;1043;0;0;1043;1043
2024-07-01T00:30;2024-07-01T00:45;3;kWh;-65;76;0;0;141;11
2024-07-01T00:45;2024-07-01T01:00;4;kWh;-24013;0;0;0;24013;-24013
2024-07-01T01:00;2024-07-01T01:15;5;kWh;-8042;0;0;0;8042;-8042
2024-07-01T01:15;2024-07-01T01:30;6;kWh;-12193;0;0;0;12193;-12193
2024-07-01T01:30;2024-07-01T01:45;7;kWh;-7555;0;0;0;7555;-7555
2024-07-01T01:45;2024-07-01T02:00;8;kWh;-3822;0;0;0;3822;-3822
2024-07-01T02:00;2024-07-01T02:15;9;kWh;-433;1900;0;0;2333;1467
2024-07-01T02:15;2024-07-01T02:30;10;kWh;0;786;0;0;786;786
2024-07-01T02:30;2024-07-01T02:45;11;kWh;0;0;0;0;0;0
2024-07-01T02:45;2024-07-01T03:00;12;kWh;-26399;0;0;0;26399;-26399
2024-07-01T03:00;2024-07-01T03:15;13;kWh;-18881;0;0;0;18881;-18881
2024-07-01T03:15;2024-07-01T03:30;14;kWh;-21257;0;0;0;21257;-21257
2024-07-01T03:30;2024-07-01T03:45;15;kWh;-24247;0;0;0;24247;-24247
2024-07-01T03:45;2024-07-01T04:00;16;kWh;-36224;0;0;0;36224;-36224
2024-07-01T04:00;2024-07-01T04:15;17;kWh;-13197;0;0;0;13197;-13197
2024-07-01T04:15;2024-07-01T04:30;18;kWh;-140;0;0;0;140;-140
2024-07-01T04:30;2024-07-01T04:45;19;kWh;-13118;0;0;0;13118;-13118
2024-07-01T04:45;2024-07-01T05:00;20;kWh;-5921;0;0;0;5921;-5921
2024-07-01T05:00;2024-07-01T05:15;21;kWh;-1768;2731;0;0;4499;963
2024-07-01T05:15;2024-07-01T05:30;22;kWh;0;4084;0;0;4084;4084
2024-07-01T05:30;2024-07-01T05:45;23;kWh;0;22487;0;0;22487;22487
2024-07-01T05:45;2024-07-01T06:00;24;kWh;0;19232;0;0;19232;19232
2024-07-01T06:00;2024-07-01T06:15;25;kWh;-4680;1666;0;0;6346;-3014
2024-07-01T06:15;2024-07-01T06:30;26;kWh;0;18970;0;0;18970;18970
2024-07-01T06:30;2024-07-01T06:45;27;kWh;0;19102;0;0;19102;19102
2024-07-01T06:45;2024-07-01T07:00;28;kWh;0;2762;0;0;2762;2762
2024-07-01T07:00;2024-07-01T07:15;29;kWh;-9201;0;0;0;9201;-9201
2024-07-01T07:15;2024-07-01T07:30;30;kWh;-39316;0;0;0;39316;-39316
2024-07-01T07:30;2024-07-01T07:45;31;kWh;-68452;0;0;0;68452;-68452
2024-07-01T07:45;2024-07-01T08:00;32;kWh;-54215;0;0;0;54215;-54215
2024-07-01T08:00;2024-07-01T08:15;33;kWh;-5262;0;0;0;5262;-5262
2024-07-01T08:15;2024-07-01T08:30;34;kWh;-22797;0;0;0;22797;-22797
2024-07-01T08:30;2024-07-01T08:45;35;kWh;-6942;0;0;0;6942;-6942
2024-07-01T08:45;2024-07-01T09:00;36;kWh;-11752;0;0;0;11752;-11752
2024-07-01T09:00;2024-07-01T09:15;37;kWh;-20155;0;0;0;20155;-20155
2024-07-01T09:15;2024-07-01T09:30;38;kWh;-4877;0;0;0;4877;-4877
2024-07-01T09:30;2024-07-01T09:45;39;kWh;-1683;0;0;0;1683;-1683
2024-07-01T09:45;2024-07-01T10:00;40;kWh;-3072;0;0;0;3072;-3072
2024-07-01T10:00;2024-07-01T10:15;41;kWh;-252;0;0;0;252;-252
2024-07-01T10:15;2024-07-01T10:30;42;kWh;-386;0;0;0;386;-386
2024-07-01T10:30;2024-07-01T10:45;43;kWh;0;21151;0;0;21151;21151
2024-07-01T10:45;2024-07-01T11:00;44;kWh;0;30255;0;0;30255;30255
2024-07-01T11:00;2024-07-01T11:15;45;kWh;0;2582;0;0;2582;2582
2024-07-01T11:15;2024-07-01T11:30;46;kWh;0;0;0;0;0;0
2024-07-01T11:30;2024-07-01T11:45;47;kWh;-5823;0;0;0;5823;-5823
2024-07-01T11:45;2024-07-01T12:00;48;kWh;-27957;0;0;0;27957;-27957
2024-07-01T12:00;2024-07-01T12:15;49;kWh;-42982;0;0;0;42982;-42982
2024-07-01T12:15;2024-07-01T12:30;50;kWh;-28332;0;0;0;28332;-28332
2024-07-01T12:30;2024-07-01T12:45;51;kWh;-42536;59;0;0;42595;-42477
2024-07-01T12:45;2024-07-01T13:00;52;kWh;-26784;2995;0;0;29779;-23789
2024-07-01T13:00;2024-07-01T13:15;53;kWh;-14816;856;0;0;15672;-13960
2024-07-01T13:15;2024-07-01T13:30;54;kWh;-4815;0;0;0;4815;-4815
2024-07-01T13:30;2024-07-01T13:45;55;kWh;-15372;524;0;0;15896;-14848
2024-07-01T13:45;2024-07-01T14:00;56;kWh;-6311;653;0;0;6964;-5658
2024-07-01T14:00;2024-07-01T14:15;57;kWh;0;5880;0;0;5880;5880
2024-07-01T14:15;2024-07-01T14:30;58;kWh;0;8855;0;0;8855;8855
2024-07-01T14:30;2024-07-01T14:45;59;kWh;0;32012;0;0;32012;32012
2024-07-01T14:45;2024-07-01T15:00;60;kWh;0;69936;0;0;69936;69936
2024-07-01T15:00;2024-07-01T15:15;61;kWh;0;34458;0;0;34458;34458
2024-07-01T15:15;2024-07-01T15:30;62;kWh;0;36431;0;0;36431;36431
2024-07-01T15:30;2024-07-01T15:45;63;kWh;0;21481;0;0;21481;21481
2024-07-01T15:45;2024-07-01T16:00;64;kWh;0;7999;0;0;7999;7999
2024-07-01T16:00;2024-07-01T16:15;65;kWh;-768;506;0;0;1274;-262
2024-07-01T16:15;2024-07-01T16:30;66;kWh;-277;1297;0;0;1574;1020
2024-07-01T16:30;2024-07-01T16:45;67;kWh;-10224;3075;0;0;13299;-7149
2024-07-01T16:45;2024-07-01T17:00;68;kWh;-2740;157;0;0;2897;-2583
2024-07-01T17:00;2024-07-01T17:15;69;kWh;-12706;400;0;0;13106;-12306
2024-07-01T17:15;2024-07-01T17:30;70;kWh;-2024;2826;0;0;4850;802
2024-07-01T17:30;2024-07-01T17:45;71;kWh;-345;4405;0;0;4750;4060
2024-07-01T17:45;2024-07-01T18:00;72;kWh;-4520;0;0;0;4520;-4520
2024-07-01T18:00;2024-07-01T18:15;73;kWh;-23472;0;0;0;23472;-23472
2024-07-01T18:15;2024-07-01T18:30;74;kWh;-20180;0;0;0;20180;-20180
2024-07-01T18:30;2024-07-01T18:45;75;kWh;-12623;1155;0;0;13778;-11468
2024-07-01T18:45;2024-07-01T19:00;76;kWh;-8724;217;0;0;8941;-8507
2024-07-01T19:00;2024-07-01T19:15;77;kWh;-580;365;0;0;945;-215
2024-07-01T19:15;2024-07-01T19:30;78;kWh;-6411;0;0;0;6411;-6411
2024-07-01T19:30;2024-07-01T19:45;79;kWh;-13801;0;0;0;13801;-13801
2024-07-01T19:45;2024-07-01T20:00;80;kWh;-13341;0;0;0;13341;-13341
2024-07-01T20:00;2024-07-01T20:15;81;kWh;-33083;0;0;0;33083;-33083
2024-07-01T20:15;2024-07-01T20:30;82;kWh;-41619;0;0;0;41619;-41619
2024-07-01T20:30;2024-07-01T20:45;83;kWh;-20165;0;0;0;20165;-20165
2024-07-01T20:45;2024-07-01T21:00;84;kWh;-1642;0;0;0;1642;-1642
2024-07-01T21:00;2024-07-01T21:15;85;kWh;-82;0;0;0;82;-82
2024-07-01T21:15;2024-07-01T21:30;86;kWh;0;10523;0;0;10523;10523
2024-07-01T21:30;2024-07-01T21:45;87;kWh;0;30205;0;0;30205;30205
2024-07-01T21:45;2024-07-01T22:00;88;kWh;0;9849;0;0;9849;9849
2024-07-01T22:00;2024-07-01T22:15;89;kWh;0;1321;0;0;1321;1321
2024-07-01T22:15;2024-07-01T22:30;90;kWh;-1168;0;0;0;1168;-1168
2024-07-01T22:30;2024-07-01T22:45;91;kWh;-5962;0;0;0;5962;-5962
2024-07-01T22:45;2024-07-01T23:00;92;kWh;-1157;0;0;0;1157;-1157
2024-07-01T23:00;2024-07-01T23:15;93;kWh;-1880;0;0;0;1880;-1880
2024-07-01T23:15;2024-07-01T23:30;94;kWh;0;1534;0;0;1534;1534
2024-07-01T23:30;2024-07-01T23:45;95;kWh;0;18874;0;0;18874;18874
2024-07-01T23:45;2024-07-02T00:00;96;kWh;0;14981;0;0;14981;14981
2024-07-02T00:00;2024-07-02T00:15;1;kWh;0;19484;0;0;19484;19484
2024-07-02T00:15;2024-07-02T00:30;2;kWh;0;19918;0;0;19918;19918
2024-07-02T00:30;2024-07-02T00:45;3;kWh;-2396;0;0;0;2396;-2396
2024-07-02T00:45;2024-07-02T01:00;4;kWh;-43610;0;0;0;43610;-43610
2024-07-02T01:00;2024-07-02T01:15;5;kWh;-13358;0;0;0;13358;-13358
2024-07-02T01:15;2024-07-02T01:30;6;kWh;-8892;0;0;0;8892;-8892
2024-07-02T01:30;2024-07-02T01:45;7;kWh;-2156;548;0;0;2704;-1608
2024-07-02T01:45;2024-07-02T02:00;8;kWh;-70;0;0;0;70;-70
2024-07-02T02:00;2024-07-02T02:15;9;kWh;0;23796;0;0;23796;23796
2024-07-02T02:15;2024-07-02T02:30;10;kWh;0;1657;0;0;1657;1657
2024-07-02T02:30;2024-07-02T02:45;11;kWh;0;47;0;0;47;47
2024-07-02T02:45;2024-07-02T03:00;12;kWh;-28582;0;0;0;28582;-28582
2024-07-02T03:00;2024-07-02T03:15;13;kWh;-12958;0;0;0;12958;-12958
2024-07-02T03:15;2024-07-02T03:30;14;kWh;-353;0;0;0;353;-353
2024-07-02T03:30;2024-07-02T03:45;15;kWh;-103;0;0;0;103;-103
2024-07-02T03:45;2024-07-02T04:00;16;kWh;0;512;0;0;512;512
2024-07-02T04:00;2024-07-02T04:15;17;kWh;0;16116;0;0;16116;16116
2024-07-02T04:15;2024-07-02T04:30;18;kWh;0;20003;0;0;20003;20003
2024-07-02T04:30;2024-07-02T04:45;19;kWh;0;8724;0;0;8724;8724
2024-07-02T04:45;2024-07-02T05:00;20;kWh;0;40982;0;0;40982;40982
2024-07-02T05:00;2024-07-02T05:15;21;kWh;0;21533;0;0;21533;21533
2024-07-02T05:15;2024-07-02T05:30;22;kWh;0;4150;0;0;4150;4150
2024-07-02T05:30;2024-07-02T05:45;23;kWh;-705;0;0;0;705;-705
2024-07-02T05:45;2024-07-02T06:00;24;kWh;-4684;0;0;0;4684;-4684
2024-07-02T06:00;2024-07-02T06:15;25;kWh;-27054;563;0;0;27617;-26491
2024-07-02T06:15;2024-07-02T06:30;26;kWh;0;1913;0;0;1913;1913
2024-07-02T06:30;2024-07-02T06:45;27;kWh;0;131;0;0;131;131
2024-07-02T06:45;2024-07-02T07:00;28;kWh;-21;3957;0;0;3978;3936
2024-07-02T07:00;2024-07-02T07:15;29;kWh;-4277;32;0;0;4309;-4245
2024-07-02T07:15;2024-07-02T07:30;30;kWh;-840;0;0;0;840;-840
2024-07-02T07:30;2024-07-02T07:45;31;kWh;-496;0;0;0;496;-496
2024-07-02T07:45;2024-07-02T08:00;32;kWh;-102;0;0;0;102;-102
2024-07-02T08:00;2024-07-02T08:15;33;kWh;-14662;0;0;0;14662;-14662
2024-07-02T08:15;2024-07-02T08:30;34;kWh;-30500;0;0;0;30500;-30500
2024-07-02T08:30;2024-07-02T08:45;35;kWh;-35851;0;0;0;35851;-35851
2024-07-02T08:45;2024-07-02T09:00;36;kWh;-30176;0;0;0;30176;-30176
2024-07-02T09:00;2024-07-02T09:15;37;kWh;-17730;0;0;0;17730;-17730
2024-07-02T09:15;2024-07-02T09:30;38;kWh;-7112;0;0;0;7112;-7112
2024-07-02T09:30;2024-07-02T09:45;39;kWh;-4167;0;0;0;4167;-4167
2024-07-02T09:45;2024-07-02T10:00;40;kWh;-3781;0;0;0;3781;-3781
2024-07-02T10:00;2024-07-02T10:15;41;kWh;-6623;0;0;0;6623;-6623
2024-07-02T10:15;2024-07-02T10:30;42;kWh;-7469;0;0;0;7469;-7469
2024-07-02T10:30;2024-07-02T10:45;43;kWh;-25954;0;0;0;25954;-25954
2024-07-02T10:45;2024-07-02T11:00;44;kWh;-25233;0;0;0;25233;-25233
2024-07-02T11:00;2024-07-02T11:15;45;kWh;-5418;0;0;0;5418;-5418
2024-07-02T11:15;2024-07-02T11:30;46;kWh;-13615;0;0;0;13615;-13615
2024-07-02T11:30;2024-07-02T11:45;47;kWh;-16549;0;0;0;16549;-16549
2024-07-02T11:45;2024-07-02T12:00;48;kWh;-20275;0;0;0;20275;-20275
2024-07-02T12:00;2024-07-02T12:15;49;kWh;-19202;0;0;0;19202;-19202
2024-07-02T12:15;2024-07-02T12:30;50;kWh;-26794;0;0;0;26794;-26794
2024-07-02T12:30;2024-07-02T12:45;51;kWh;-19312;0;0;0;19312;-19312
2024-07-02T12:45;2024-07-02T13:00;52;kWh;-19567;1512;0;0;21079;-18055
2024-07-02T13:00;2024-07-02T13:15;53;kWh;-865;10535;0;0;11400;9670
2024-07-02T13:15;2024-07-02T13:30;54;kWh;-4134;0;0;0;4134;-4134
2024-07-02T13:30;2024-07-02T13:45;55;kWh;-11915;0;0;0;11915;-11915
2024-07-02T13:45;2024-07-02T14:00;56;kWh;-16113;0;0;0;16113;-16113
2024-07-02T14:00;2024-07-02T14:15;57;kWh;-94;27592;0;0;27686;27498
2024-07-02T14:15;2024-07-02T14:30;58;kWh;-12004;101;0;0;12105;-11903
2024-07-02T14:30;2024-07-02T14:45;59;kWh;-18636;272;0;0;18908;-18364
2024-07-02T14:45;2024-07-02T15:00;60;kWh;-25701;105;0;0;25806;-25596
2024-07-02T15:00;2024-07-02T15:15;61;kWh;-28099;254;0;0;28353;-27845
2024-07-02T15:15;2024-07-02T15:30;62;kWh;-43908;0;0;0;43908;-43908
2024-07-02T15:30;2024-07-02T15:45;63;kWh;-27314;0;0;0;27314;-27314
2024-07-02T15:45;2024-07-02T16:00;64;kWh;-40193;0;0;0;40193;-40193
2024-07-02T16:00;2024-07-02T16:15;65;kWh;-32476;0;0;0;32476;-32476
2024-07-02T16:15;2024-07-02T16:30;66;kWh;-29540;875;0;0;30415;-28665
2024-07-02T16:30;2024-07-02T16:45;67;kWh;-54477;738;0;0;55215;-53739
2024-07-02T16:45;2024-07-02T17:00;68;kWh;-25973;1551;0;0;27524;-24422
2024-07-02T17:00;2024-07-02T17:15;69;kWh;-17056;21577;0;0;38633;4521
2024-07-02T17:15;2024-07-02T17:30;70;kWh;-19481;1107;0;0;20588;-18374
2024-07-02T17:30;2024-07-02T17:45;71;kWh;-2109;0;0;0;2109;-2109
2024-07-02T17:45;2024-07-02T18:00;72;kWh;-379;0;0;0;379;-379
2024-07-02T18:00;2024-07-02T18:15;73;kWh;-41478;0;0;0;41478;-41478
2024-07-02T18:15;2024-07-02T18:30;74;kWh;-51244;0;0;0;51244;-51244
2024-07-02T18:30;2024-07-02T18:45;75;kWh;-25273;113;0;0;25386;-25160
2024-07-02T18:45;2024-07-02T19:00;76;kWh;-11306;86;0;0;11392;-11220
2024-07-02T19:00;2024-07-02T19:15;77;kWh;-15868;0;0;0;15868;-15868
2024-07-02T19:15;2024-07-02T19:30;78;kWh;-3391;0;0;0;3391;-3391
2024-07-02T19:30;2024-07-02T19:45;79;kWh;-27004;0;0;0;27004;-27004
2024-07-02T19:45;2024-07-02T20:00;80;kWh;-30237;0;0;0;30237;-30237
2024-07-02T20:00;2024-07-02T20:15;81;kWh;-58194;0;0;0;58194;-58194
2024-07-02T20:15;2024-07-02T20:30;82;kWh;-31748;0;0;0;31748;-31748
2024-07-02T20:30;2024-07-02T20:45;83;kWh;-362;0;0;0;362;-362
2024-07-02T20:45;2024-07-02T21:00;84;kWh;-26;0;0;0;26;-26
2024-07-02T21:00;2024-07-02T21:15;85;kWh;-3295;0;0;0;3295;-3295
2024-07-02T21:15;2024-07-02T21:30;86;kWh;-13;558;0;0;571;545
2024-07-02T21:30;2024-07-02T21:45;87;kWh;0;5393;0;0;5393;5393
2024-07-02T21:45;2024-07-02T22:00;88;kWh;0;13352;0;0;13352;13352
2024-07-02T22:00;2024-07-02T22:15;89;kWh;0;1927;0;0;1927;1927
2024-07-02T22:15;2024-07-02T22:30;90;kWh;0;3481;0;0;3481;3481
2024-07-02T22:30;2024-07-02T22:45;91;kWh;0;97;0;0;97;97
2024-07-02T22:45;2024-07-02T23:00;92;kWh;-20728;0;0;0;20728;-20728
2024-07-02T23:00;2024-07-02T23:15;93;kWh;-30025;0;0;0;30025;-30025
2024-07-02T23:15;2024-07-02T23:30;94;kWh;-5151;0;0;0;5151;-5151
2024-07-02T23:30;2024-07-02T23:45;95;kWh;-12895;0;0;0;12895;-12895
2024-07-02T23:45;2024-07-03T00:00;96;kWh;-22021;0;0;0;22021;-22021
2024-07-03T00:00;2024-07-03T00:15;1;kWh;-1140;22586;0;0;23726;21446
2024-07-03T00:15;2024-07-03T00:30;2;kWh;0;2981;0;0;2981;2981
2024-07-03T00:30;2024-07-03T00:45;3;kWh;-594;101;0;0;695;-493
2024-07-03T00:45;2024-07-03T01:00;4;kWh;-8;11730;0;0;11738;11722
2024-07-03T01:00;2024-07-03T01:15;5;kWh;0;13064;0;0;13064;13064
2024-07-03T01:15;2024-07-03T01:30;6;kWh;0;2346;0;0;2346;2346
2024-07-03T01:30;2024-07-03T01:45;7;kWh;0;1447;0;0;1447;1447
2024-07-03T01:45;2024-07-03T02:00;8;kWh;-84;3541;0;0;3625;3457
2024-07-03T02:00;2024-07-03T02:15;9;kWh;-316;0;0;0;316;-316
2024-07-03T02:15;2024-07-03T02:30;10;kWh;-4192;0;0;0;4192;-4192
2024-07-03T02:30;2024-07-03T02:45;11;kWh;-2227;0;0;0;2227;-2227
2024-07-03T02:45;2024-07-03T03:00;12;kWh;-9042;0;0;0;9042;-9042
2024-07-03T03:00;2024-07-03T03:15;13;kWh;-10957;0;0;0;10957;-10957
2024-07-03T03:15;2024-07-03T03:30;14;kWh;-9914;0;0;0;9914;-9914
2024-07-03T03:30;2024-07-03T03:45;15;kWh;-20617;0;0;0;20617;-20617
2024-07-03T03:45;2024-07-03T04:00;16;kWh;-49181;0;0;0;49181;-49181
2024-07-03T04:00;2024-07-03T04:15;17;kWh;-38130;0;0;0;38130;-38130
2024-07-03T04:15;2024-07-03T04:30;18;kWh;-45023;0;0;0;45023;-45023
2024-07-03T04:30;2024-07-03T04:45;19;kWh;-45220;0;0;0;45220;-45220
2024-07-03T04:45;2024-07-03T05:00;20;kWh;-35624;0;0;0;35624;-35624
2024-07-03T05:00;2024-07-03T05:15;21;kWh;-16172;0;0;0;16172;-16172
2024-07-03T05:15;2024-07-03T05:30;22;kWh;-16537;0;0;0;16537;-16537
2024-07-03T05:30;2024-07-03T05:45;23;kWh;-17426;0;0;0;17426;-17426
2024-07-03T05:45;2024-07-03T06:00;24;kWh;-55016;0;0;0;55016;-55016
2024-07-03T06:00;2024-07-03T06:15;25;kWh;-44799;0;0;0;44799;-44799
2024-07-03T06:15;2024-07-03T06:30;26;kWh;-57378;0;0;0;57378;-57378
2024-07-03T06:30;2024-07-03T06:45;27;kWh;-48638;934;0;0;49572;-47704
2024-07-03T06:45;2024-07-03T07:00;28;kWh;-41740;2892;0;0;44632;-38848
2024-07-03T07:00;2024-07-03T07:15;29;kWh;-47311;0;0;0;47311;-47311
2024-07-03T07:15;2024-07-03T07:30;30;kWh;-57520;0;0;0;57520;-57520
2024-07-03T07:30;2024-07-03T07:45;31;kWh;-57188;0;0;0;57188;-57188
2024-07-03T07:45;2024-07-03T08:00;32;kWh;-48604;0;0;0;48604;-48604
2024-07-03T08:00;2024-07-03T08:15;33;kWh;-12927;0;0;0;12927;-12927
2024-07-03T08:15;2024-07-03T08:30;34;kWh;-54325;0;0;0;54325;-54325
2024-07-03T08:30;2024-07-03T08:45;35;kWh;-43217;0;0;0;43217;-43217
2024-07-03T08:45;2024-07-03T09:00;36;kWh;-15932;0;0;0;15932;-15932
2024-07-03T09:00;2024-07-03T09:15;37;kWh;-34467;0;0;0;34467;-34467
2024-07-03T09:15;2024-07-03T09:30;38;kWh;-26770;0;0;0;26770;-26770
2024-07-03T09:30;2024-07-03T09:45;39;kWh;-47;2372;0;0;2419;2325
2024-07-03T09:45;2024-07-03T10:00;40;kWh;0;2948;0;0;2948;2948
2024-07-03T10:00;2024-07-03T10:15;41;kWh;-18068;0;0;0;18068;-18068
2024-07-03T10:15;2024-07-03T10:30;42;kWh;-25635;0;0;0;25635;-25635
2024-07-03T10:30;2024-07-03T10:45;43;kWh;-37669;0;0;0;37669;-37669
2024-07-03T10:45;2024-07-03T11:00;44;kWh;-30617;0;0;0;30617;-30617
2024-07-03T11:00;2024-07-03T11:15;45;kWh;-18083;0;0;0;18083;-18083
2024-07-03T11:15;2024-07-03T11:30;46;kWh;-9285;0;0;0;9285;-9285
2024-07-03T11:30;2024-07-03T11:45;47;kWh;-6282;205;0;0;6487;-6077
2024-07-03T11:45;2024-07-03T12:00;48;kWh;-6396;6886;0;0;13282;490
2024-07-03T12:00;2024-07-03T12:15;49;kWh;-13658;0;0;0;13658;-13658
2024-07-03T12:15;2024-07-03T12:30;50;kWh;-12881;0;0;0;12881;-12881
2024-07-03T12:30;2024-07-03T12:45;51;kWh;-52714;0;0;0;52714;-52714
2024-07-03T12:45;2024-07-03T13:00;52;kWh;-35392;0;0;0;35392;-35392
2024-07-03T13:00;2024-07-03T13:15;53;kWh;-25639;0;0;0;25639;-25639
2024-07-03T13:15;2024-07-03T13:30;54;kWh;-90785;0;0;0;90785;-90785
2024-07-03T13:30;2024-07-03T13:45;55;kWh;-94775;0;0;0;94775;-94775
2024-07-03T13:45;2024-07-03T14:00;56;kWh;-104177;0;0;0;104177;-104177
2024-07-03T14:00;2024-07-03T14:15;57;kWh;-67587;0;0;0;67587;-67587
2024-07-03T14:15;2024-07-03T14:30;58;kWh;-91479;0;0;0;91479;-91479
2024-07-03T14:30;2024-07-03T14:45;59;kWh;-161831;0;0;0;161831;-161831
2024-07-03T14:45;2024-07-03T15:00;60;kWh;-154010;0;0;0;154010;-154010
2024-07-03T15:00;2024-07-03T15:15;61;kWh;-33070;0;0;0;33070;-33070
2024-07-03T15:15;2024-07-03T15:30;62;kWh;-37265;0;0;0;37265;-37265
2024-07-03T15:30;2024-07-03T15:45;63;kWh;-8603;0;0;0;8603;-8603
2024-07-03T15:45;2024-07-03T16:00;64;kWh;-17489;0;0;0;17489;-17489
2024-07-03T16:00;2024-07-03T16:15;65;kWh;-1240;429;0;0;1669;-811
2024-07-03T16:15;2024-07-03T16:30;66;kWh;0;0;0;0;0;0
2024-07-03T16:30;2024-07-03T16:45;67;kWh;-8485;0;0;0;8485;-8485
2024-07-03T16:45;2024-07-03T17:00;68;kWh;-10749;0;0;0;10749;-10749
2024-07-03T17:00;2024-07-03T17:15;69;kWh;-46771;0;0;0;46771;-46771
2024-07-03T17:15;2024-07-03T17:30;70;kWh;-22242;0;0;0;22242;-22242
2024-07-03T17:30;2024-07-03T17:45;71;kWh;0;0;0;0;0;0
2024-07-03T17:45;2024-07-03T18:00;72;kWh;0;10394;0;0;10394;10394
2024-07-03T18:00;2024-07-03T18:15;73;kWh;0;5087;0;0;5087;5087
2024-07-03T18:15;2024-07-03T18:30;74;kWh;0;1246;0;0;1246;1246
2024-07-03T18:30;2024-07-03T18:45;75;kWh;0;0;0;0;0;0
2024-07-03T18:45;2024-07-03T19:00;76;kWh;0;21;0;0;21;21
2024-07-03T19:00;2024-07-03T19:15;77;kWh;0;1117;0;0;1117;1117
2024-07-03T19:15;2024-07-03T19:30;78;kWh;0;2349;0;0;2349;2349
2024-07-03T19:30;2024-07-03T19:45;79;kWh;0;8166;0;0;8166;8166
2024-07-03T19:45;2024-07-03T20:00;80;kWh;0;74385;0;0;74385;74385
2024-07-03T20:00;2024-07-03T20:15;81;kWh;0;14742;0;0;14742;14742
2024-07-03T20:15;2024-07-03T20:30;82;kWh;0;143;0;0;143;143
2024-07-03T20:30;2024-07-03T20:45;83;kWh;0;162;0;0;162;162
2024-07-03T20:45;2024-07-03T21:00;84;kWh;-460;0;0;0;460;-460
2024-07-03T21:00;2024-07-03T21:15;85;kWh;-14777;0;0;0;14777;-14777
2024-07-03T21:15;2024-07-03T21:30;86;kWh;-49884;0;0;0;49884;-49884
2024-07-03T21:30;2024-07-03T21:45;87;kWh;-17841;0;0;0;17841;-17841
2024-07-03T21:45;2024-07-03T22:00;88;kWh;-41154;0;0;0;41154;-41154
2024-07-03T22:00;2024-07-03T22:15;89;kWh;-24790;87;0;0;24877;-24703
2024-07-03T22:15;2024-07-03T22:30;90;kWh;-8359;2;0;0;8361;-8357
2024-07-03T22:30;2024-07-03T22:45;91;kWh;-6059;0;0;0;6059;-6059
2024-07-03T22:45;2024-07-03T23:00;92;kWh;-515;0;0;0;515;-515
2024-07-03T23:00;2024-07-03T23:15;93;kWh;-76;0;0;0;76;-76
2024-07-03T23:15;2024-07-03T23:30;94;kWh;-195;0;0;0;195;-195
2024-07-03T23:30;2024-07-03T23:45;95;kWh;-1342;0;0;0;1342;-1342
2024-07-03T23:45;2024-07-04T00:00;96;kWh;-39154;0;0;0;39154;-39154
2024-07-04T00:00;2024-07-04T00:15;1;kWh;-15413;23605;0;0;39018;8192
2024-07-04T00:15;2024-07-04T00:30;2;kWh;0;5708;0;0;5708;5708
2024-07-04T00:30;2024-07-04T00:45;3;kWh;0;52480;0;0;52480;52480
2024-07-04T00:45;2024-07-04T01:00;4;kWh;-80;28105;0;0;28185;28025
2024-07-04T01:00;2024-07-04T01:15;5;kWh;-1927;18856;0;0;20783;16929
2024-07-04T01:15;2024-07-04T01:30;6;kWh;0;24247;0;0;24247;24247
2024-07-04T01:30;2024-07-04T01:45;7;kWh;0;14475;0;0;14475;14475
2024-07-04T01:45;2024-07-04T02:00;8;kWh;-5290;966;0;0;6256;-4324
2024-07-04T02:00;2024-07-04T02:15;9;kWh;-10490;5548;0;0;16038;-4942
2024-07-04T02:15;2024-07-04T02:30;10;kWh;-12157;4495;0;0;16652;-7662
2024-07-04T02:30;2024-07-04T02:45;11;kWh;-8213;121;0;0;8334;-8092
2024-07-04T02:45;2024-07-04T03:00;12;kWh;-1536;1160;0;0;2696;-376
2024-07-04T03:00;2024-07-04T03:15;13;kWh;-726;1418;0;0;2144;692
2024-07-04T03:15;2024-07-04T03:30;14;kWh;-9432;1162;0;0;10594;-8270
2024-07-04T03:30;2024-07-04T03:45;15;kWh;-9253;675;0;0;9928;-8578
2024-07-04T03:45;2024-07-04T04:00;16;kWh;-9646;809;0;0;10455;-8837
2024-07-04T04:00;2024-07-04T04:15;17;kWh;-3202;3017;0;0;6219;-185
2024-07-04T04:15;2024-07-04T04:30;18;kWh;0;13316;0;0;13316;13316
2024-07-04T04:30;2024-07-04T04:45;19;kWh;0;45007;0;0;45007;45007
2024-07-04T04:45;2024-07-04T05:00;20;kWh;0;50179;0;0;50179;50179
2024-07-04T05:00;2024-07-04T05:15;21;kWh;-876;533;0;0;1409;-343
2024-07-04T05:15;2024-07-04T05:30;22;kWh;-7812;8349;0;0;16161;537
2024-07-04T05:30;2024-07-04T05:45;23;kWh;-18369;3824;0;0;22193;-14545
2024-07-04T05:45;2024-07-04T06:00;24;kWh;-57799;191;0;0;57990;-57608
2024-07-04T06:00;2024-07-04T06:15;25;kWh;-17991;12429;0;0;30420;-5562
2024-07-04T06:15;2024-07-04T06:30;26;kWh;-5463;17929;0;0;23392;12466
2024-07-04T06:30;2024-07-04T06:45;27;kWh;0;40931;0;0;40931;40931
2024-07-04T06:45;2024-07-04T07:00;28;kWh;0;22219;0;0;22219;22219
2024-07-04T07:00;2024-07-04T07:15;29;kWh;-15860;9683;0;0;25543;-6177
2024-07-04T07:15;2024-07-04T07:30;30;kWh;0;27448;0;0;27448;27448
2024-07-04T07:30;2024-07-04T07:45;31;kWh;-38367;2069;0;0;40436;-36298
2024-07-04T07:45;2024-07-04T08:00;32;kWh;-44467;265;0;0;44732;-44202
2024-07-04T08:00;2024-07-04T08:15;33;kWh;-35669;7870;0;0;43539;-27799
2024-07-04T08:15;2024-07-04T08:30;34;kWh;-31644;8985;0;0;40629;-22659
2024-07-04T08:30;2024-07-04T08:45;35;kWh;-26692;3480;0;0;30172;-23212
2024-07-04T08:45;2024-07-04T09:00;36;kWh;-48688;7370;0;0;56058;-41318
2024-07-04T09:00;2024-07-04T09:15;37;kWh;-23727;9319;0;0;33046;-14408
2024-07-04T09:15;2024-07-04T09:30;38;kWh;-16695;1086;0;0;17781;-15609
2024-07-04T09:30;2024-07-04T09:45;39;kWh;-26938;1127;0;0;28065;-25811
2024-07-04T09:45;2024-07-04T10:00;40;kWh;-35651;10674;0;0;46325;-24977
2024-07-04T10:00;2024-07-04T10:15;41;kWh;-1028;42330;0;0;43358;41302
2024-07-04T10:15;2024-07-04T10:30;42;kWh;-4555;4048;0;0;8603;-507
2024-07-04T10:30;2024-07-04T10:45;43;kWh;-29341;552;0;0;29893;-28789
2024-07-04T10:45;2024-07-04T11:00;44;kWh;-59535;3114;0;0;62649;-56421
2024-07-04T11:00;2024-07-04T11:15;45;kWh;-47691;3263;0;0;50954;-44428
2024-07-04T11:15;2024-07-04T11:30;46;kWh;-5781;4952;0;0;10733;-829
2024-07-04T11:30;2024-07-04T11:45;47;kWh;-1857;2125;0;0;3982;268
2024-07-04T11:45;2024-07-04T12:00;48;kWh;-5713;9389;0;0;15102;3676
2024-07-04T12:00;2024-07-04T12:15;49;kWh;-1746;23942;0;0;25688;22196
2024-07-04T12:15;2024-07-04T12:30;50;kWh;-11979;23041;0;0;35020;11062
2024-07-04T12:30;2024-07-04T12:45;51;kWh;-4226;2238;0;0;6464;-1988
2024-07-04T12:45;2024-07-04T13:00;52;kWh;-7904;0;0;0;7904;-7904
2024-07-04T13:00;2024-07-04T13:15;53;kWh;-9337;0;0;0;9337;-9337
2024-07-04T13:15;2024-07-04T13:30;54;kWh;-8563;0;0;0;8563;-8563
2024-07-04T13:30;2024-07-04T13:45;55;kWh;-28031;1063;0;0;29094;-26968
2024-07-04T13:45;2024-07-04T14:00;56;kWh;-58661;334;0;0;58995;-58327
2024-07-04T14:00;2024-07-04T14:15;57;kWh;-21883;0;0;0;21883;-21883
2024-07-04T14:15;2024-07-04T14:30;58;kWh;-35722;0;0;0;35722;-35722
2024-07-04T14:30;2024-07-04T14:45;59;kWh;-64719;0;0;0;64719;-64719
2024-07-04T14:45;2024-07-04T15:00;60;kWh;-29896;0;0;0;29896;-29896
2024-07-04T15:00;2024-07-04T15:15;61;kWh;-8893;0;0;0;8893;-8893
2024-07-04T15:15;2024-07-04T15:30;62;kWh;-11277;0;0;0;11277;-11277
2024-07-04T15:30;2024-07-04T15:45;63;kWh;-4409;0;0;0;4409;-4409
2024-07-04T15:45;2024-07-04T16:00;64;kWh;-17524;0;0;0;17524;-17524
2024-07-04T16:00;2024-07-04T16:15;65;kWh;-31067;0;0;0;31067;-31067
2024-07-04T16:15;2024-07-04T16:30;66;kWh;-19896;4466;0;0;24362;-15430
2024-07-04T16:30;2024-07-04T16:45;67;kWh;-24978;5869;0;0;30847;-19109
2024-07-04T16:45;2024-07-04T17:00;68;kWh;-24034;4663;0;0;28697;-19371
2024-07-04T17:00;2024-07-04T17:15;69;kWh;-19189;954;0;0;20143;-18235
2024-07-04T17:15;2024-07-04T17:30;70;kWh;-17446;8152;0;0;25598;-9294
2024-07-04T17:30;2024-07-04T17:45;71;kWh;-10882;1638;0;0;12520;-9244
2024-07-04T17:45;2024-07-04T18:00;72;kWh;-3610;278;0;0;3888;-3332
2024-07-04T18:00;2024-07-04T18:15;73;kWh;-30140;426;0;0;30566;-29714
2024-07-04T18:15;2024-07-04T18:30;74;kWh;-10471;3706;0;0;14177;-6765
2024-07-04T18:30;2024-07-04T18:45;75;kWh;-12009;921;0;0;12930;-11088
2024-07-04T18:45;2024-07-04T19:00;76;kWh;-826;5294;0;0;6120;4468
2024-07-04T19:00;2024-07-04T19:15;77;kWh;-78900;9;0;0;78909;-78891
2024-07-04T19:15;2024-07-04T19:30;78;kWh;-28431;5484;0;0;33915;-22947
2024-07-04T19:30;2024-07-04T19:45;79;kWh;-18104;2448;0;0;20552;-15656
2024-07-04T19:45;2024-07-04T20:00;80;kWh;-20504;217;0;0;20721;-20287
2024-07-04T20:00;2024-07-04T20:15;81;kWh;-7039;1029;0;0;8068;-6010
2024-07-04T20:15;2024-07-04T20:30;82;kWh;-11018;14511;0;0;25529;3493
2024-07-04T20:30;2024-07-04T20:45;83;kWh;-6302;10929;0;0;17231;4627
2024-07-04T20:45;2024-07-04T21:00;84;kWh;0;40454;0;0;40454;40454
2024-07-04T21:00;2024-07-04T21:15;85;kWh;0;14001;0;0;14001;14001
2024-07-04T21:15;2024-07-04T21:30;86;kWh;-1810;3253;0;0;5063;1443
2024-07-04T21:30;2024-07-04T21:45;87;kWh;-7207;7028;0;0;14235;-179
2024-07-04T21:45;2024-07-04T22:00;88;kWh;-7266;4599;0;0;11865;-2667
2024-07-04T22:00;2024-07-04T22:15;89;kWh;-12;12167;0;0;12179;12155
2024-07-04T22:15;2024-07-04T22:30;90;kWh;-6555;0;0;0;6555;-6555
2024-07-04T22:30;2024-07-04T22:45;91;kWh;-10492;2965;0;0;13457;-7527
2024-07-04T22:45;2024-07-04T23:00;92;kWh;-9855;1838;0;0;11693;-8017
2024-07-04T23:00;2024-07-04T23:15;93;kWh;-2595;1117;0;0;3712;-1478
2024-07-04T23:15;2024-07-04T23:30;94;kWh;-3408;1472;0;0;4880;-1936
2024-07-04T23:30;2024-07-04T23:45;95;kWh;-10496;4214;0;0;14710;-6282
2024-07-04T23:45;2024-07-05T00:00;96;kWh;-15585;11964;0;0;27549;-3621
2024-07-05T00:00;2024-07-05T00:15;1;kWh;-8366;21600;0;0;29966;13234
2024-07-05T00:15;2024-07-05T00:30;2;kWh;0;23516;0;0;23516;23516
2024-07-05T00:30;2024-07-05T00:45;3;kWh;0;5274;0;0;5274;5274
2024-07-05T00:45;2024-07-05T01:00;4;kWh;-1174;2873;0;0;4047;1699
2024-07-05T01:00;2024-07-05T01:15;5;kWh;-236;23444;0;0;23680;23208
2024-07-05T01:15;2024-07-05T01:30;6;kWh;0;4211;0;0;4211;4211
2024-07-05T01:30;2024-07-05T01:45;7;kWh;-3976;51;0;0;4027;-3925
2024-07-05T01:45;2024-07-05T02:00;8;kWh;-7178;1632;0;0;8810;-5546
2024-07-05T02:00;2024-07-05T02:15;9;kWh;-93;1210;0;0;1303;1117
2024-07-05T02:15;2024-07-05T02:30;10;kWh;-3150;2023;0;0;5173;-1127
2024-07-05T02:30;2024-07-05T02:45;11;kWh;-3204;0;0;0;3204;-3204
2024-07-05T02:45;2024-07-05T03:00;12;kWh;-13085;778;0;0;13863;-12307
2024-07-05T03:00;2024-07-05T03:15;13;kWh;-4911;382;0;0;5293;-4529
2024-07-05T03:15;2024-07-05T03:30;14;kWh;-2488;0;0;0;2488;-2488
2024-07-05T03:30;2024-07-05T03:45;15;kWh;-1421;0;0;0;1421;-1421
2024-07-05T03:45;2024-07-05T04:00;16;kWh;-28;0;0;0;28;-28
2024-07-05T04:00;2024-07-05T04:15;17;kWh;-1985;0;0;0;1985;-1985
2024-07-05T04:15;2024-07-05T04:30;18;kWh;-7718;0;0;0;7718;-7718
2024-07-05T04:30;2024-07-05T04:45;19;kWh;-10400;0;0;0;10400;-10400
2024-07-05T04:45;2024-07-05T05:00;20;kWh;-391;0;0;0;391;-391
2024-07-05T05:00;2024-07-05T05:15;21;kWh;-26109;0;0;0;26109;-26109
2024-07-05T05:15;2024-07-05T05:30;22;kWh;-24202;0;0;0;24202;-24202
2024-07-05T05:30;2024-07-05T05:45;23;kWh;-8802;0;0;0;8802;-8802
2024-07-05T05:45;2024-07-05T06:00;24;kWh;-6122;2952;0;0;9074;-3170
2024-07-05T06:00;2024-07-05T06:15;25;kWh;-707;7642;0;0;8349;6935
2024-07-05T06:15;2024-07-05T06:30;26;kWh;0;20134;0;0;20134;20134
2024-07-05T06:30;2024-07-05T06:45;27;kWh;0;40782;0;0;40782;40782
2024-07-05T06:45;2024-07-05T07:00;28;kWh;-47;21332;0;0;21379;21285
2024-07-05T07:00;2024-07-05T07:15;29;kWh;-5800;17936;0;0;23736;12136
2024-07-05T07:15;2024-07-05T07:30;30;kWh;-181;19614;0;0;19795;19433
2024-07-05T07:30;2024-07-05T07:45;31;kWh;-951;581;0;0;1532;-370
2024-07-05T07:45;2024-07-05T08:00;32;kWh;-795;3353;0;0;4148;2558
2024-07-05T08:00;2024-07-05T08:15;33;kWh;0;80096;0;0;80096;80096
2024-07-05T08:15;2024-07-05T08:30;34;kWh;0;61417;0;0;61417;61417
2024-07-05T08:30;2024-07-05T08:45;35;kWh;-7;27201;0;0;27208;27194
2024-07-05T08:45;2024-07-05T09:00;36;kWh;-5217;30209;0;0;35426;24992
2024-07-05T09:00;2024-07-05T09:15;37;kWh;0;40561;0;0;40561;40561
2024-07-05T09:15;2024-07-05T09:30;38;kWh;-7517;411;0;0;7928;-7106
2024-07-05T09:30;2024-07-05T09:45;39;kWh;-12653;0;0;0;12653;-12653
2024-07-05T09:45;2024-07-05T10:00;40;kWh;-23611;0;0;0;23611;-23611
2024-07-05T10:00;2024-07-05T10:15;41;kWh;-25133;2678;0;0;27811;-22455
2024-07-05T10:15;2024-07-05T10:30;42;kWh;-16724;1250;0;0;17974;-15474
2024-07-05T10:30;2024-07-05T10:45;43;kWh;-27261;1367;0;0;28628;-25894
2024-07-05T10:45;2024-07-05T11:00;44;kWh;-26198;0;0;0;26198;-26198
2024-07-05T11:00;2024-07-05T11:15;45;kWh;-23939;0;0;0;23939;-23939
2024-07-05T11:15;2024-07-05T11:30;46;kWh;-35977;0;0;0;35977;-35977
2024-07-05T11:30;2024-07-05T11:45;47;kWh;-37002;0;0;0;37002;-37002
2024-07-05T11:45;2024-07-05T12:00;48;kWh;-28777;0;0;0;28777;-28777
2024-07-05T12:00;2024-07-05T12:15;49;kWh;-37458;0;0;0;37458;-37458
2024-07-05T12:15;2024-07-05T12:30;50;kWh;-40827;0;0;0;40827;-40827
2024-07-05T12:30;2024-07-05T12:45;51;kWh;-13760;0;0;0;13760;-13760
2024-07-05T12:45;2024-07-05T13:00;52;kWh;-28150;0;0;0;28150;-28150
2024-07-05T13:00;2024-07-05T13:15;53;kWh;-14502;0;0;0;14502;-14502
2024-07-05T13:15;2024-07-05T13:30;54;kWh;-9683;0;0;0;9683;-9683
2024-07-05T13:30;2024-07-05T13:45;55;kWh;-2086;0;0;0;2086;-2086
2024-07-05T13:45;2024-07-05T14:00;56;kWh;-14189;0;0;0;14189;-14189
2024-07-05T14:00;2024-07-05T14:15;57;kWh;-40934;0;0;0;40934;-40934
2024-07-05T14:15;2024-07-05T14:30;58;kWh;-30578;0;0;0;30578;-30578
2024-07-05T14:30;2024-07-05T14:45;59;kWh;-18349;2974;0;0;21323;-15375
2024-07-05T14:45;2024-07-05T15:00;60;kWh;-14026;17;0;0;14043;-14009
2024-07-05T15:00;2024-07-05T15:15;61;kWh;-10606;2043;0;0;12649;-8563
2024-07-05T15:15;2024-07-05T15:30;62;kWh;-7563;4756;0;0;12319;-2807
2024-07-05T15:30;2024-07-05T15:45;63;kWh;-34675;5300;0;0;39975;-29375
2024-07-05T15:45;2024-07-05T16:00;64;kWh;-20034;7;0;0;20041;-20027
2024-07-05T16:00;2024-07-05T16:15;65;kWh;-35437;0;0;0;35437;-35437
2024-07-05T16:15;2024-07-05T16:30;66;kWh;-31954;392;0;0;32346;-31562
2024-07-05T16:30;2024-07-05T16:45;67;kWh;-1388;5022;0;0;6410;3634
2024-07-05T16:45;2024-07-05T17:00;68;kWh;0;33103;0;0;33103;33103
2024-07-05T17:00;2024-07-05T17:15;69;kWh;-12531;6053;0;0;18584;-6478
2024-07-05T17:15;2024-07-05T17:30;70;kWh;-70;6048;0;0;6118;5978
2024-07-05T17:30;2024-07-05T17:45;71;kWh;0;12529;0;0;12529;12529
2024-07-05T17:45;2024-07-05T18:00;72;kWh;0;1047;0;0;1047;1047
2024-07-05T18:00;2024-07-05T18:15;73;kWh;0;38692;0;0;38692;38692
2024-07-05T18:15;2024-07-05T18:30;74;kWh;-1336;652;0;0;1988;-684
2024-07-05T18:30;2024-07-05T18:45;75;kWh;-254;8876;0;0;9130;8622
2024-07-05T18:45;2024-07-05T19:00;76;kWh;-1146;116;0;0;1262;-1030
2024-07-05T19:00;2024-07-05T19:15;77;kWh;-18276;0;0;0;18276;-18276
2024-07-05T19:15;2024-07-05T19:30;78;kWh;-23052;0;0;0;23052;-23052
2024-07-05T19:30;2024-07-05T19:45;79;kWh;-17106;254;0;0;17360;-16852
2024-07-05T19:45;2024-07-05T20:00;80;kWh;-12884;0;0;0;12884;-12884
2024-07-05T20:00;2024-07-05T20:15;81;kWh;-781;0;0;0;781;-781
2024-07-05T20:15;2024-07-05T20:30;82;kWh;-5;221;0;0;226;216
2024-07-05T20:30;2024-07-05T20:45;83;kWh;-678;751;0;0;1429;73
2024-07-05T20:45;2024-07-05T21:00;84;kWh;0;2770;0;0;2770;2770
2024-07-05T21:00;2024-07-05T21:15;85;kWh;0;26277;0;0;26277;26277
2024-07-05T21:15;2024-07-05T21:30;86;kWh;0;51330;0;0;51330;51330
2024-07-05T21:30;2024-07-05T21:45;87;kWh;0;45442;0;0;45442;45442
2024-07-05T21:45;2024-07-05T22:00;88;kWh;0;66526;0;0;66526;66526
2024-07-05T22:00;2024-07-05T22:15;89;kWh;0;69866;0;0;69866;69866
2024-07-05T22:15;2024-07-05T22:30;90;kWh;0;66191;0;0;66191;66191
2024-07-05T22:30;2024-07-05T22:45;91;kWh;0;13403;0;0;13403;13403
2024-07-05T22:45;2024-07-05T23:00;92;kWh;-16809;0;0;0;16809;-16809
2024-07-05T23:00;2024-07-05T23:15;93;kWh;-10168;0;0;0;10168;-10168
2024-07-05T23:15;2024-07-05T23:30;94;kWh;-3305;0;0;0;3305;-3305
2024-07-05T23:30;2024-07-05T23:45;95;kWh;-11006;0;0;0;11006;-11006
2024-07-05T23:45;2024-07-06T00:00;96;kWh;-11664;0;0;0;11664;-11664
2024-07-06T00:00;2024-07-06T00:15;1;kWh;-7317;6444;0;0;13761;-873
2024-07-06T00:15;2024-07-06T00:30;2;kWh;-1909;15999;0;0;17908;14090
2024-07-06T00:30;2024-07-06T00:45;3;kWh;-526;16320;0;0;16846;15794
2024-07-06T00:45;2024-07-06T01:00;4;kWh;0;337;0;0;337;337
2024-07-06T01:00;2024-07-06T01:15;5;kWh;0;19295;0;0;19295;19295
2024-07-06T01:15;2024-07-06T01:30;6;kWh;0;49966;0;0;49966;49966
2024-07-06T01:30;2024-07-06T01:45;7;kWh;0;16776;0;0;16776;16776
2024-07-06T01:45;2024-07-06T02:00;8;kWh;0;261;0;0;261;261
2024-07-06T02:00;2024-07-06T02:15;9;kWh;0;16673;0;0;16673;16673
2024-07-06T02:15;2024-07-06T02:30;10;kWh;0;17765;0;0;17765;17765
2024-07-06T02:30;2024-07-06T02:45;11;kWh;0;26;0;0;26;26
2024-07-06T02:45;2024-07-06T03:00;12;kWh;0;2374;0;0;2374;2374
2024-07-06T03:00;2024-07-06T03:15;13;kWh;0;1501;0;0;1501;1501
2024-07-06T03:15;2024-07-06T03:30;14;kWh;-643;0;0;0;643;-643
2024-07-06T03:30;2024-07-06T03:45;15;kWh;-2625;136;0;0;2761;-2489
2024-07-06T03:45;2024-07-06T04:00;16;kWh;0;0;0;0;0;0
2024-07-06T04:00;2024-07-06T04:15;17;kWh;0;7991;0;0;7991;7991
2024-07-06T04:15;2024-07-06T04:30;18;kWh;0;7474;0;0;7474;7474
2024-07-06T04:30;2024-07-06T04:45;19;kWh;0;1456;0;0;1456;1456
2024-07-06T04:45;2024-07-06T05:00;20;kWh;0;1811;0;0;1811;1811
2024-07-06T05:00;2024-07-06T05:15;21;kWh;0;8230;0;0;8230;8230
2024-07-06T05:15;2024-07-06T05:30;22;kWh;0;40487;0;0;40487;40487
2024-07-06T05:30;2024-07-06T05:45;23;kWh;0;39727;0;0;39727;39727
2024-07-06T05:45;2024-07-06T06:00;24;kWh;0;13743;0;0;13743;13743
2024-07-06T06:00;2024-07-06T06:15;25;kWh;0;53247;0;0;53247;53247
2024-07-06T06:15;2024-07-06T06:30;26;kWh;0;4423;0;0;4423;4423
2024-07-06T06:30;2024-07-06T06:45;27;kWh;-1902;0;0;0;1902;-1902
2024-07-06T06:45;2024-07-06T07:00;28;kWh;-7324;0;0;0;7324;-7324
2024-07-06T07:00;2024-07-06T07:15;29;kWh;-2793;0;0;0;2793;-2793
2024-07-06T07:15;2024-07-06T07:30;30;kWh;-11829;0;0;0;11829;-11829
2024-07-06T07:30;2024-07-06T07:45;31;kWh;-5089;0;0;0;5089;-5089
2024-07-06T07:45;2024-07-06T08:00;32;kWh;-13132;0;0;0;13132;-13132
2024-07-06T08:00;2024-07-06T08:15;33;kWh;-3048;1828;0;0;4876;-1220
2024-07-06T08:15;2024-07-06T08:30;34;kWh;-1097;0;0;0;1097;-1097
2024-07-06T08:30;2024-07-06T08:45;35;kWh;-2151;0;0;0;2151;-2151
2024-07-06T08:45;2024-07-06T09:00;36;kWh;-1200;1683;0;0;2883;483
2024-07-06T09:00;2024-07-06T09:15;37;kWh;-2068;45624;0;0;47692;43556
2024-07-06T09:15;2024-07-06T09:30;38;kWh;0;51502;0;0;51502;51502
2024-07-06T09:30;2024-07-06T09:45;39;kWh;0;42555;0;0;42555;42555
2024-07-06T09:45;2024-07-06T10:00;40;kWh;0;10133;0;0;10133;10133
2024-07-06T10:00;2024-07-06T10:15;41;kWh;0;7586;0;0;7586;7586
2024-07-06T10:15;2024-07-06T10:30;42;kWh;0;826;0;0;826;826
2024-07-06T10:30;2024-07-06T10:45;43;kWh;-440;0;0;0;440;-440
2024-07-06T10:45;2024-07-06T11:00;44;kWh;-1373;0;0;0;1373;-1373
2024-07-06T11:00;2024-07-06T11:15;45;kWh;-1445;0;0;0;1445;-1445
2024-07-06T11:15;2024-07-06T11:30;46;kWh;-2246;0;0;0;2246;-2246
2024-07-06T11:30;2024-07-06T11:45;47;kWh;-1076;0;0;0;1076;-1076
2024-07-06T11:45;2024-07-06T12:00;48;kWh;-3724;0;0;0;3724;-3724
2024-07-06T12:00;2024-07-06T12:15;49;kWh;-3061;48577;0;0;51638;45516
2024-07-06T12:15;2024-07-06T12:30;50;kWh;-4934;28745;0;0;33679;23811
2024-07-06T12:30;2024-07-06T12:45;51;kWh;-33277;67176;0;0;100453;33899
2024-07-06T12:45;2024-07-06T13:00;52;kWh;-2597;17282;0;0;19879;14685
2024-07-06T13:00;2024-07-06T13:15;53;kWh;-1206;7606;0;0;8812;6400
2024-07-06T13:15;2024-07-06T13:30;54;kWh;-8309;997;0;0;9306;-7312
2024-07-06T13:30;2024-07-06T13:45;55;kWh;-14447;0;0;0;14447;-14447
2024-07-06T13:45;2024-07-06T14:00;56;kWh;-22843;0;0;0;22843;-22843
2024-07-06T14:00;2024-07-06T14:15;57;kWh;-532;0;0;0;532;-532
2024-07-06T14:15;2024-07-06T14:30;58;kWh;-389;0;0;0;389;-389
2024-07-06T14:30;2024-07-06T14:45;59;kWh;-961;0;0;0;961;-961
2024-07-06T14:45;2024-07-06T15:00;60;kWh;-1763;0;0;0;1763;-1763
2024-07-06T15:00;2024-07-06T15:15;61;kWh;-9733;0;0;0;9733;-9733
2024-07-06T15:15;2024-07-06T15:30;62;kWh;-34585;0;0;0;34585;-34585
2024-07-06T15:30;2024-07-06T15:45;63;kWh;-35129;0;0;0;35129;-35129
2024-07-06T15:45;2024-07-06T16:00;64;kWh;-37171;0;0;0;37171;-37171
2024-07-06T16:00;2024-07-06T16:15;65;kWh;-35330;0;0;0;35330;-35330
2024-07-06T16:15;2024-07-06T16:30;66;kWh;-5241;212;0;0;5453;-5029
2024-07-06T16:30;2024-07-06T16:45;67;kWh;-6215;7501;0;0;13716;1286
2024-07-06T16:45;2024-07-06T17:00;68;kWh;-9590;11705;0;0;21295;2115
2024-07-06T17:00;2024-07-06T17:15;69;kWh;-18080;6004;0;0;24084;-12076
2024-07-06T17:15;2024-07-06T17:30;70;kWh;-4293;12309;0;0;16602;8016
2024-07-06T17:30;2024-07-06T17:45;71;kWh;-2231;29660;0;0;31891;27429
2024-07-06T17:45;2024-07-06T18:00;72;kWh;-4273;24740;0;0;29013;20467
2024-07-06T18:00;2024-07-06T18:15;73;kWh;-19111;330;0;0;19441;-18781
2024-07-06T18:15;2024-07-06T18:30;74;kWh;-5588;5790;0;0;11378;202
2024-07-06T18:30;2024-07-06T18:45;75;kWh;-3817;12688;0;0;16505;8871
2024-07-06T18:45;2024-07-06T19:00;76;kWh;-1250;11717;0;0;12967;10467
2024-07-06T19:00;2024-07-06T19:15;77;kWh;-15772;0;0;0;15772;-15772
2024-07-06T19:15;2024-07-06T19:30;78;kWh;-20391;1020;0;0;21411;-19371
2024-07-06T19:30;2024-07-06T19:45;79;kWh;-19551;4643;0;0;24194;-14908
2024-07-06T19:45;2024-07-06T20:00;80;kWh;-1210;3764;0;0;4974;2554
2024-07-06T20:00;2024-07-06T20:15;81;kWh;-19903;6059;0;0;25962;-13844
2024-07-06T20:15;2024-07-06T20:30;82;kWh;-11571;9254;0;0;20825;-2317
2024-07-06T20:30;2024-07-06T20:45;83;kWh;0;14346;0;0;14346;14346
2024-07-06T20:45;2024-07-06T21:00;84;kWh;0;68915;0;0;68915;68915
2024-07-06T21:00;2024-07-06T21:15;85;kWh;-29650;1829;0;0;31479;-27821
2024-07-06T21:15;2024-07-06T21:30;86;kWh;-7654;11941;0;0;19595;4287
2024-07-06T21:30;2024-07-06T21:45;87;kWh;0;23556;0;0;23556;23556
2024-07-06T21:45;2024-07-06T22:00;88;kWh;0;32594;0;0;32594;32594
2024-07-06T22:00;2024-07-06T22:15;89;kWh;-8998;5029;0;0;14027;-3969
2024-07-06T22:15;2024-07-06T22:30;90;kWh;-8;9816;0;0;9824;9808
2024-07-06T22:30;2024-07-06T22:45;91;kWh;0;5531;0;0;5531;5531
2024-07-06T22:45;2024-07-06T23:00;92;kWh;0;27714;0;0;27714;27714
2024-07-06T23:00;2024-07-06T23:15;93;kWh;0;34834;0;0;34834;34834
2024-07-06T23:15;2024-07-06T23:30;94;kWh;-8862;13241;0;0;22103;4379
2024-07-06T23:30;2024-07-06T23:45;95;kWh;-10501;1399;0;0;11900;-9102
2024-07-06T23:45;2024-07-07T00:00;96;kWh;-6806;1681;0;0;8487;-5125
2024-07-07T00:00;2024-07-07T00:15;1;kWh;-12319;814;0;0;13133;-11505
2024-07-07T00:15;2024-07-07T00:30;2;kWh;-8882;712;0;0;9594;-8170
2024-07-07T00:30;2024-07-07T00:45;3;kWh;-3682;1180;0;0;4862;-2502
2024-07-07T00:45;2024-07-07T01:00;4;kWh;-9415;467;0;0;9882;-8948
2024-07-07T01:00;2024-07-07T01:15;5;kWh;-2378;3220;0;0;5598;842
2024-07-07T01:15;2024-07-07T01:30;6;kWh;-3632;1355;0;0;4987;-2277
2024-07-07T01:30;2024-07-07T01:45;7;kWh;-8765;682;0;0;9447;-8083
2024-07-07T01:45;2024-07-07T02:00;8;kWh;-13685;0;0;0;13685;-13685
2024-07-07T02:00;2024-07-07T02:15;9;kWh;-6456;0;0;0;6456;-6456
2024-07-07T02:15;2024-07-07T02:30;10;kWh;-5899;0;0;0;5899;-5899
2024-07-07T02:30;2024-07-07T02:45;11;kWh;-23212;0;0;0;23212;-23212
2024-07-07T02:45;2024-07-07T03:00;12;kWh;-22752;0;0;0;22752;-22752
2024-07-07T03:00;2024-07-07T03:15;13;kWh;-6499;0;0;0;6499;-6499
2024-07-07T03:15;2024-07-07T03:30;14;kWh;-2921;0;0;0;2921;-2921
2024-07-07T03:30;2024-07-07T03:45;15;kWh;-2363;0;0;0;2363;-2363
2024-07-07T03:45;2024-07-07T04:00;16;kWh;-3385;0;0;0;3385;-3385
2024-07-07T04:00;2024-07-07T04:15;17;kWh;-2889;0;0;0;2889;-2889
2024-07-07T04:15;2024-07-07T04:30;18;kWh;-2;0;0;0;2;-2
2024-07-07T04:30;2024-07-07T04:45;19;kWh;-418;0;0;0;418;-418
2024-07-07T04:45;2024-07-07T05:00;20;kWh;-21;1464;0;0;1485;1443
2024-07-07T05:00;2024-07-07T05:15;21;kWh;0;6328;0;0;6328;6328
2024-07-07T05:15;2024-07-07T05:30;22;kWh;0;362;0;0;362;362
2024-07-07T05:30;2024-07-07T05:45;23;kWh;-795;0;0;0;795;-795
2024-07-07T05:45;2024-07-07T06:00;24;kWh;-2886;0;0;0;2886;-2886
2024-07-07T06:00;2024-07-07T06:15;25;kWh;-972;0;0;0;972;-972
2024-07-07T06:15;2024-07-07T06:30;26;kWh;-1509;0;0;0;1509;-1509
2024-07-07T06:30;2024-07-07T06:45;27;kWh;-9073;0;0;0;9073;-9073
2024-07-07T06:45;2024-07-07T07:00;28;kWh;-19729;0;0;0;19729;-19729
2024-07-07T07:00;2024-07-07T07:15;29;kWh;-11374;0;0;0;11374;-11374
2024-07-07T07:15;2024-07-07T07:30;30;kWh;-9834;0;0;0;9834;-9834
2024-07-07T07:30;2024-07-07T07:45;31;kWh;-20091;0;0;0;20091;-20091
2024-07-07T07:45;2024-07-07T08:00;32;kWh;-27425;0;0;0;27425;-27425
2024-07-07T08:00;2024-07-07T08:15;33;kWh;-18603;29;0;0;18632;-18574
2024-07-07T08:15;2024-07-07T08:30;34;kWh;-31383;2832;0;0;34215;-28551
2024-07-07T08:30;2024-07-07T08:45;35;kWh;-18846;0;0;0;18846;-18846
2024-07-07T08:45;2024-07-07T09:00;36;kWh;-14712;0;0;0;14712;-14712
2024-07-07T09:00;2024-07-07T09:15;37;kWh;-17104;0;0;0;17104;-17104
2024-07-07T09:15;2024-07-07T09:30;38;kWh;-24709;0;0;0;24709;-24709
2024-07-07T09:30;2024-07-07T09:45;39;kWh;-28931;0;0;0;28931;-28931
2024-07-07T09:45;2024-07-07T10:00;40;kWh;-27821;0;0;0;27821;-27821
2024-07-07T10:00;2024-07-07T10:15;41;kWh;-2744;0;0;0;2744;-2744
2024-07-07T10:15;2024-07-07T10:30;42;kWh;-2948;0;0;0;2948;-2948
2024-07-07T10:30;2024-07-07T10:45;43;kWh;-6887;0;0;0;6887;-6887
2024-07-07T10:45;2024-07-07T11:00;44;kWh;-15854;0;0;0;15854;-15854
2024-07-07T11:00;2024-07-07T11:15;45;kWh;-31610;0;0;0;31610;-31610
2024-07-07T11:15;2024-07-07T11:30;46;kWh;-15315;0;0;0;15315;-15315
2024-07-07T11:30;2024-07-07T11:45;47;kWh;-9472;0;0;0;9472;-9472
2024-07-07T11:45;2024-07-07T12:00;48;kWh;-2204;0;0;0;2204;-2204
2024-07-07T12:00;2024-07-07T12:15;49;kWh;-9262;0;0;0;9262;-9262
2024-07-07T12:15;2024-07-07T12:30;50;kWh;-6037;0;0;0;6037;-6037
2024-07-07T12:30;2024-07-07T12:45;51;kWh;-3052;1349;0;0;4401;-1703
2024-07-07T12:45;2024-07-07T13:00;52;kWh;0;491;0;0;491;491
2024-07-07T13:00;2024-07-07T13:15;53;kWh;-637;0;0;0;637;-637
2024-07-07T13:15;2024-07-07T13:30;54;kWh;-154;0;0;0;154;-154
2024-07-07T13:30;2024-07-07T13:45;55;kWh;-1372;0;0;0;1372;-1372
2024-07-07T13:45;2024-07-07T14:00;56;kWh;-1651;735;0;0;2386;-916
2024-07-07T14:00;2024-07-07T14:15;57;kWh;0;7055;0;0;7055;7055
2024-07-07T14:15;2024-07-07T14:30;58;kWh;0;1035;0;0;1035;1035
2024-07-07T14:30;2024-07-07T14:45;59;kWh;-1499;0;0;0;1499;-1499
2024-07-07T14:45;2024-07-07T15:00;60;kWh;-1339;0;0;0;1339;-1339
2024-07-07T15:00;2024-07-07T15:15;61;kWh;-5667;0;0;0;5667;-5667
2024-07-07T15:15;2024-07-07T15:30;62;kWh;-27;0;0;0;27;-27
2024-07-07T15:30;2024-07-07T15:45;63;kWh;0;36898;0;0;36898;36898
2024-07-07T15:45;2024-07-07T16:00;64;kWh;0;54422;0;0;54422;54422
2024-07-07T16:00;2024-07-07T16:15;65;kWh;-128;396;0;0;524;268
2024-07-07T16:15;2024-07-07T16:30;66;kWh;-62;15634;0;0;15696;15572
2024-07-07T16:30;2024-07-07T16:45;67;kWh;0;88432;0;0;88432;88432
2024-07-07T16:45;2024-07-07T17:00;68;kWh;0;56911;0;0;56911;56911
2024-07-07T17:00;2024-07-07T17:15;69;kWh;-23589;1213;0;0;24802;-22376
2024-07-07T17:15;2024-07-07T17:30;70;kWh;-26525;249;0;0;26774;-26276
2024-07-07T17:30;2024-07-07T17:45;71;kWh;-13695;249;0;0;13944;-13446
2024-07-07T17:45;2024-07-07T18:00;72;kWh;-2634;249;0;0;2883;-2385
2024-07-07T18:00;2024-07-07T18:15;73;kWh;-21509;1770;0;0;23279;-19739
2024-07-07T18:15;2024-07-07T18:30;74;kWh;-16182;824;0;0;17006;-15358
2024-07-07T18:30;2024-07-07T18:45;75;kWh;0;1955;0;0;1955;1955
2024-07-07T18:45;2024-07-07T19:00;76;kWh;0;249;0;0;249;249
2024-07-07T19:00;2024-07-07T19:15;77;kWh;0;5119;0;0;5119;5119
2024-07-07T19:15;2024-07-07T19:30;78;kWh;0;10977;0;0;10977;10977
2024-07-07T19:30;2024-07-07T19:45;79;kWh;0;3870;0;0;3870;3870
2024-07-07T19:45;2024-07-07T20:00;80;kWh;0;12670;0;0;12670;12670
2024-07-07T20:00;2024-07-07T20:15;81;kWh;0;12645;0;0;12645;12645
2024-07-07T20:15;2024-07-07T20:30;82;kWh;0;11126;0;0;11126;11126
2024-07-07T20:30;2024-07-07T20:45;83;kWh;0;21961;0;0;21961;21961
2024-07-07T20:45;2024-07-07T21:00;84;kWh;0;41628;0;0;41628;41628
2024-07-07T21:00;2024-07-07T21:15;85;kWh;0;7496;0;0;7496;7496
2024-07-07T21:15;2024-07-07T21:30;86;kWh;0;10076;0;0;10076;10076
2024-07-07T21:30;2024-07-07T21:45;87;kWh;0;11569;0;0;11569;11569
2024-07-07T21:45;2024-07-07T22:00;88;kWh;0;44210;0;0;44210;44210
2024-07-07T22:00;2024-07-07T22:15;89;kWh;0;34098;0;0;34098;34098
2024-07-07T22:15;2024-07-07T22:30;90;kWh;-5162;317;0;0;5479;-4845
2024-07-07T22:30;2024-07-07T22:45;91;kWh;-16626;249;0;0;16875;-16377
2024-07-07T22:45;2024-07-07T23:00;92;kWh;-32387;249;0;0;32636;-32138
2024-07-07T23:00;2024-07-07T23:15;93;kWh;-6707;249;0;0;6956;-6458
2024-07-07T23:15;2024-07-07T23:30;94;kWh;-12472;249;0;0;12721;-12223
2024-07-07T23:30;2024-07-07T23:45;95;kWh;-8175;249;0;0;8424;-7926
2024-07-07T23:45;2024-07-08T00:00;96;kWh;-5471;249;0;0;5720;-5222
2024-07-08T00:00;2024-07-08T00:15;1;kWh;-4532;19052;0;0;23584;14520
2024-07-08T00:15;2024-07-08T00:30;2;kWh;-55;21810;0;0;21865;21755
2024-07-08T00:30;2024-07-08T00:45;3;kWh;-630;0;0;0;630;-630
2024-07-08T00:45;2024-07-08T01:00;4;kWh;-2582;0;0;0;2582;-2582
2024-07-08T01:00;2024-07-08T01:15;5;kWh;-2420;2943;0;0;5363;523
2024-07-08T01:15;2024-07-08T01:30;6;kWh;0;5291;0;0;5291;5291
2024-07-08T01:30;2024-07-08T01:45;7;kWh;0;2150;0;0;2150;2150
2024-07-08T01:45;2024-07-08T02:00;8;kWh;0;133;0;0;133;133
2024-07-08T02:00;2024-07-08T02:15;9;kWh;0;422;0;0;422;422
2024-07-08T02:15;2024-07-08T02:30;10;kWh;0;6968;0;0;6968;6968
2024-07-08T02:30;2024-07-08T02:45;11;kWh;0;7832;0;0;7832;7832
2024-07-08T02:45;2024-07-08T03:00;12;kWh;0;6839;0;0;6839;6839
2024-07-08T03:00;2024-07-08T03:15;13;kWh;0;59;0;0;59;59
2024-07-08T03:15;2024-07-08T03:30;14;kWh;0;9;0;0;9;9
2024-07-08T03:30;2024-07-08T03:45;15;kWh;0;0;0;0;0;0
2024-07-08T03:45;2024-07-08T04:00;16;kWh;0;1682;0;0;1682;1682
2024-07-08T04:00;2024-07-08T04:15;17;kWh;0;717;0;0;717;717
2024-07-08T04:15;2024-07-08T04:30;18;kWh;0;43;0;0;43;43
2024-07-08T04:30;2024-07-08T04:45;19;kWh;0;50;0;0;50;50
2024-07-08T04:45;2024-07-08T05:00;20;kWh;0;14227;0;0;14227;14227
2024-07-08T05:00;2024-07-08T05:15;21;kWh;-1259;445;0;0;1704;-814
2024-07-08T05:15;2024-07-08T05:30;22;kWh;-7947;0;0;0;7947;-7947
2024-07-08T05:30;2024-07-08T05:45;23;kWh;0;1316;0;0;1316;1316
2024-07-08T05:45;2024-07-08T06:00;24;kWh;0;1088;0;0;1088;1088
2024-07-08T06:00;2024-07-08T06:15;25;kWh;0;373;0;0;373;373
2024-07-08T06:15;2024-07-08T06:30;26;kWh;0;7864;0;0;7864;7864
2024-07-08T06:30;2024-07-08T06:45;27;kWh;0;5475;0;0;5475;5475
2024-07-08T06:45;2024-07-08T07:00;28;kWh;0;1682;0;0;1682;1682
2024-07-08T07:00;2024-07-08T07:15;29;kWh;0;21711;0;0;21711;21711
2024-07-08T07:15;2024-07-08T07:30;30;kWh;0;21254;0;0;21254;21254
2024-07-08T07:30;2024-07-08T07:45;31;kWh;0;27424;0;0;27424;27424
2024-07-08T07:45;2024-07-08T08:00;32;kWh;0;12197;0;0;12197;12197
2024-07-08T08:00;2024-07-08T08:15;33;kWh;0;17327;0;0;17327;17327
2024-07-08T08:15;2024-07-08T08:30;34;kWh;-3914;11648;0;0;15562;7734
2024-07-08T08:30;2024-07-08T08:45;35;kWh;-14753;0;0;0;14753;-14753
2024-07-08T08:45;2024-07-08T09:00;36;kWh;-7427;0;0;0;7427;-7427
2024-07-08T09:00;2024-07-08T09:15;37;kWh;-3383;0;0;0;3383;-3383
2024-07-08T09:15;2024-07-08T09:30;38;kWh;-8105;0;0;0;8105;-8105
2024-07-08T09:30;2024-07-08T09:45;39;kWh;-2997;0;0;0;2997;-2997
2024-07-08T09:45;2024-07-08T10:00;40;kWh;-8664;0;0;0;8664;-8664
2024-07-08T10:00;2024-07-08T10:15;41;kWh;-5611;0;0;0;5611;-5611
2024-07-08T10:15;2024-07-08T10:30;42;kWh;-6791;0;0;0;6791;-6791
2024-07-08T10:30;2024-07-08T10:45;43;kWh;-9197;552;0;0;9749;-8645
2024-07-08T10:45;2024-07-08T11:00;44;kWh;-19915;0;0;0;19915;-19915
2024-07-08T11:00;2024-07-08T11:15;45;kWh;-12113;0;0;0;12113;-12113
2024-07-08T11:15;2024-07-08T11:30;46;kWh;-20945;400;0;0;21345;-20545
2024-07-08T11:30;2024-07-08T11:45;47;kWh;-15068;90;0;0;15158;-14978
2024-07-08T11:45;2024-07-08T12:00;48;kWh;-16374;328;0;0;16702;-16046
2024-07-08T12:00;2024-07-08T12:15;49;kWh;-27051;1064;0;0;28115;-25987
2024-07-08T12:15;2024-07-08T12:30;50;kWh;-4208;0;0;0;4208;-4208
2024-07-08T12:30;2024-07-08T12:45;51;kWh;-6725;99;0;0;6824;-6626
2024-07-08T12:45;2024-07-08T13:00;52;kWh;-7657;3118;0;0;10775;-4539
2024-07-08T13:00;2024-07-08T13:15;53;kWh;-6048;2120;0;0;8168;-3928
2024-07-08T13:15;2024-07-08T13:30;54;kWh;0;1854;0;0;1854;1854
2024-07-08T13:30;2024-07-08T13:45;55;kWh;0;61;0;0;61;61
2024-07-08T13:45;2024-07-08T14:00;56;kWh;-4384;0;0;0;4384;-4384
2024-07-08T14:00;2024-07-08T14:15;57;kWh;-18116;4;0;0;18120;-18112
2024-07-08T14:15;2024-07-08T14:30;58;kWh;-12818;17;0;0;12835;-12801
2024-07-08T14:30;2024-07-08T14:45;59;kWh;-985;801;0;0;1786;-184
2024-07-08T14:45;2024-07-08T15:00;60;kWh;0;45108;0;0;45108;45108
2024-07-08T15:00;2024-07-08T15:15;61;kWh;-65864;1420;0;0;67284;-64444
2024-07-08T15:15;2024-07-08T15:30;62;kWh;-11779;493;0;0;12272;-11286
2024-07-08T15:30;2024-07-08T15:45;63;kWh;-15827;1122;0;0;16949;-14705
2024-07-08T15:45;2024-07-08T16:00;64;kWh;0;685;0;0;685;685
2024-07-08T16:00;2024-07-08T16:15;65;kWh;-30527;4481;0;0;35008;-26046
2024-07-08T16:15;2024-07-08T16:30;66;kWh;-18437;2824;0;0;21261;-15613
2024-07-08T16:30;2024-07-08T16:45;67;kWh;-8988;10818;0;0;19806;1830
2024-07-08T16:45;2024-07-08T17:00;68;kWh;-11726;3785;0;0;15511;-7941
2024-07-08T17:00;2024-07-08T17:15;69;kWh;0;30681;0;0;30681;30681
2024-07-08T17:15;2024-07-08T17:30;70;kWh;-606;4459;0;0;5065;3853
2024-07-08T17:30;2024-07-08T17:45;71;kWh;0;30071;0;0;30071;30071
2024-07-08T17:45;2024-07-08T18:00;72;kWh;-687;5729;0;0;6416;5042
2024-07-08T18:00;2024-07-08T18:15;73;kWh;0;8266;0;0;8266;8266
2024-07-08T18:15;2024-07-08T18:30;74;kWh;0;26331;0;0;26331;26331
2024-07-08T18:30;2024-07-08T18:45;75;kWh;0;31432;0;0;31432;31432
2024-07-08T18:45;2024-07-08T19:00;76;kWh;0;71766;0;0;71766;71766
2024-07-08T19:00;2024-07-08T19:15;77;kWh;0;26268;0;0;26268;26268
2024-07-08T19:15;2024-07-08T19:30;78;kWh;0;6719;0;0;6719;6719
2024-07-08T19:30;2024-07-08T19:45;79;kWh;0;5650;0;0;5650;5650
2024-07-08T19:45;2024-07-08T20:00;80;kWh;0;43918;0;0;43918;43918
2024-07-08T20:00;2024-07-08T20:15;81;kWh;0;12480;0;0;12480;12480
2024-07-08T20:15;2024-07-08T20:30;82;kWh;0;18342;0;0;18342;18342
2024-07-08T20:30;2024-07-08T20:45;83;kWh;0;41389;0;0;41389;41389
2024-07-08T20:45;2024-07-08T21:00;84;kWh;0;49717;0;0;49717;49717
2024-07-08T21:00;2024-07-08T21:15;85;kWh;0;48903;0;0;48903;48903
2024-07-08T21:15;2024-07-08T21:30;86;kWh;0;47009;0;0;47009;47009
2024-07-08T21:30;2024-07-08T21:45;87;kWh;0;18795;0;0;18795;18795
2024-07-08T21:45;2024-07-08T22:00;88;kWh;-371;143;0;0;514;-228
2024-07-08T22:00;2024-07-08T22:15;89;kWh;-855;7630;0;0;8485;6775
2024-07-08T22:15;2024-07-08T22:30;90;kWh;0;20817;0;0;20817;20817
2024-07-08T22:30;2024-07-08T22:45;91;kWh;-683;8379;0;0;9062;7696
2024-07-08T22:45;2024-07-08T23:00;92;kWh;-10095;0;0;0;10095;-10095
2024-07-08T23:00;2024-07-08T23:15;93;kWh;-1796;5604;0;0;7400;3808
2024-07-08T23:15;2024-07-08T23:30;94;kWh;-237;2871;0;0;3108;2634
2024-07-08T23:30;2024-07-08T23:45;95;kWh;-9163;0;0;0;9163;-9163
2024-07-08T23:45;2024-07-09T00:00;96;kWh;-24492;0;0;0;24492;-24492
2024-07-09T00:00;2024-07-09T00:15;1;kWh;-18301;0;0;0;18301;-18301
2024-07-09T00:15;2024-07-09T00:30;2;kWh;-1134;24;0;0;1158;-1110
2024-07-09T00:30;2024-07-09T00:45;3;kWh;-1537;1563;0;0;3100;26
2024-07-09T00:45;2024-07-09T01:00;4;kWh;-282;0;0;0;282;-282
2024-07-09T01:00;2024-07-09T01:15;5;kWh;-717;1165;0;0;1882;448
2024-07-09T01:15;2024-07-09T01:30;6;kWh;0;1830;0;0;1830;1830
2024-07-09T01:30;2024-07-09T01:45;7;kWh;0;19421;0;0;19421;19421
2024-07-09T01:45;2024-07-09T02:00;8;kWh;0;6556;0;0;6556;6556
2024-07-09T02:00;2024-07-09T02:15;9;kWh;0;903;0;0;903;903
2024-07-09T02:15;2024-07-09T02:30;10;kWh;0;43679;0;0;43679;43679
2024-07-09T02:30;2024-07-09T02:45;11;kWh;0;38880;0;0;38880;38880
2024-07-09T02:45;2024-07-09T03:00;12;kWh;0;43220;0;0;43220;43220
2024-07-09T03:00;2024-07-09T03:15;13;kWh;0;14279;0;0;14279;14279
2024-07-09T03:15;2024-07-09T03:30;14;kWh;0;7075;0;0;7075;7075
2024-07-09T03:30;2024-07-09T03:45;15;kWh;-2018;192;0;0;2210;-1826
2024-07-09T03:45;2024-07-09T04:00;16;kWh;-11547;0;0;0;11547;-11547
2024-07-09T04:00;2024-07-09T04:15;17;kWh;-12630;0;0;0;12630;-12630
2024-07-09T04:15;2024-07-09T04:30;18;kWh;-152;9629;0;0;9781;9477
2024-07-09T04:30;2024-07-09T04:45;19;kWh;0;30793;0;0;30793;30793
2024-07-09T04:45;2024-07-09T05:00;20;kWh;0;27758;0;0;27758;27758
2024-07-09T05:00;2024-07-09T05:15;21;kWh;0;1329;0;0;1329;1329
2024-07-09T05:15;2024-07-09T05:30;22;kWh;-3465;0;0;0;3465;-3465
2024-07-09T05:30;2024-07-09T05:45;23;kWh;-4842;0;0;0;4842;-4842
2024-07-09T05:45;2024-07-09T06:00;24;kWh;-20111;0;0;0;20111;-20111
2024-07-09T06:00;2024-07-09T06:15;25;kWh;-20795;0;0;0;20795;-20795
2024-07-09T06:15;2024-07-09T06:30;26;kWh;-1319;0;0;0;1319;-1319
2024-07-09T06:30;2024-07-09T06:45;27;kWh;-8124;0;0;0;8124;-8124
2024-07-09T06:45;2024-07-09T07:00;28;kWh;-10112;0;0;0;10112;-10112
2024-07-09T07:00;2024-07-09T07:15;29;kWh;-12775;0;0;0;12775;-12775
2024-07-09T07:15;2024-07-09T07:30;30;kWh;-19746;0;0;0;19746;-19746
2024-07-09T07:30;2024-07-09T07:45;31;kWh;-20059;0;0;0;20059;-20059
2024-07-09T07:45;2024-07-09T08:00;32;kWh;-38486;0;0;0;38486;-38486
2024-07-09T08:00;2024-07-09T08:15;33;kWh;-11009;0;0;0;11009;-11009
2024-07-09T08:15;2024-07-09T08:30;34;kWh;-8707;0;0;0;8707;-8707
2024-07-09T08:30;2024-07-09T08:45;35;kWh;-10210;0;0;0;10210;-10210
2024-07-09T08:45;2024-07-09T09:00;36;kWh;-15763;0;0;0;15763;-15763
2024-07-09T09:00;2024-07-09T09:15;37;kWh;-174;0;0;0;174;-174
2024-07-09T09:15;2024-07-09T09:30;38;kWh;-686;0;0;0;686;-686
2024-07-09T09:30;2024-07-09T09:45;39;kWh;-6234;0;0;0;6234;-6234
2024-07-09T09:45;2024-07-09T10:00;40;kWh;-1994;152;0;0;2146;-1842
2024-07-09T10:00;2024-07-09T10:15;41;kWh;-4942;0;0;0;4942;-4942
2024-07-09T10:15;2024-07-09T10:30;42;kWh;-748;0;0;0;748;-748
2024-07-09T10:30;2024-07-09T10:45;43;kWh;-5831;0;0;0;5831;-5831
2024-07-09T10:45;2024-07-09T11:00;44;kWh;-6663;0;0;0;6663;-6663
2024-07-09T11:00;2024-07-09T11:15;45;kWh;-2847;0;0;0;2847;-2847
2024-07-09T11:15;2024-07-09T11:30;46;kWh;-13255;0;0;0;13255;-13255
2024-07-09T11:30;2024-07-09T11:45;47;kWh;-25979;0;0;0;25979;-25979
2024-07-09T11:45;2024-07-09T12:00;48;kWh;-23863;0;0;0;23863;-23863
2024-07-09T12:00;2024-07-09T12:15;49;kWh;-10925;721;0;0;11646;-10204
2024-07-09T12:15;2024-07-09T12:30;50;kWh;-13245;436;0;0;13681;-12809
2024-07-09T12:30;2024-07-09T12:45;51;kWh;-2922;0;0;0;2922;-2922
2024-07-09T12:45;2024-07-09T13:00;52;kWh;-13312;0;0;0;13312;-13312
2024-07-09T13:00;2024-07-09T13:15;53;kWh;-6375;0;0;0;6375;-6375
2024-07-09T13:15;2024-07-09T13:30;54;kWh;-6724;204;0;0;6928;-6520
2024-07-09T13:30;2024-07-09T13:45;55;kWh;-10653;0;0;0;10653;-10653
2024-07-09T13:45;2024-07-09T14:00;56;kWh;-5868;0;0;0;5868;-5868
2024-07-09T14:00;2024-07-09T14:15;57;kWh;-31860;0;0;0;31860;-31860
2024-07-09T14:15;2024-07-09T14:30;58;kWh;-16463;0;0;0;16463;-16463
2024-07-09T14:30;2024-07-09T14:45;59;kWh;-9876;4;0;0;9880;-9872
2024-07-09T14:45;2024-07-09T15:00;60;kWh;-4240;34;0;0;4274;-4206
2024-07-09T15:00;2024-07-09T15:15;61;kWh;-9275;0;0;0;9275;-9275
2024-07-09T15:15;2024-07-09T15:30;62;kWh;-412;0;0;0;412;-412
2024-07-09T15:30;2024-07-09T15:45;63;kWh;0;5892;0;0;5892;5892
2024-07-09T15:45;2024-07-09T16:00;64;kWh;-392;4166;0;0;4558;3774
2024-07-09T16:00;2024-07-09T16:15;65;kWh;-3492;0;0;0;3492;-3492
2024-07-09T16:15;2024-07-09T16:30;66;kWh;-33175;0;0;0;33175;-33175
2024-07-09T16:30;2024-07-09T16:45;67;kWh;-20854;0;0;0;20854;-20854
2024-07-09T16:45;2024-07-09T17:00;68;kWh;-22536;3199;0;0;25735;-19337
2024-07-09T17:00;2024-07-09T17:15;69;kWh;-37368;11;0;0;37379;-37357
2024-07-09T17:15;2024-07-09T17:30;70;kWh;-8761;257;0;0;9018;-8504
2024-07-09T17:30;2024-07-09T17:45;71;kWh;0;8651;0;0;8651;8651
2024-07-09T17:45;2024-07-09T18:00;72;kWh;0;33710;0;0;33710;33710
2024-07-09T18:00;2024-07-09T18:15;73;kWh;0;66357;0;0;66357;66357
2024-07-09T18:15;2024-07-09T18:30;74;kWh;0;20476;0;0;20476;20476
2024-07-09T18:30;2024-07-09T18:45;75;kWh;0;7235;0;0;7235;7235
2024-07-09T18:45;2024-07-09T19:00;76;kWh;0;41412;0;0;41412;41412
2024-07-09T19:00;2024-07-09T19:15;77;kWh;0;107192;0;0;107192;107192
2024-07-09T19:15;2024-07-09T19:30;78;kWh;0;102598;0;0;102598;102598
2024-07-09T19:30;2024-07-09T19:45;79;kWh;0;101911;0;0;101911;101911
2024-07-09T19:45;2024-07-09T20:00;80;kWh;0;103157;0;0;103157;103157
2024-07-09T20:00;2024-07-09T20:15;81;kWh;0;80975;0;0;80975;80975
2024-07-09T20:15;2024-07-09T20:30;82;kWh;0;3407;0;0;3407;3407
2024-07-09T20:30;2024-07-09T20:45;83;kWh;0;849;0;0;849;849
2024-07-09T20:45;2024-07-09T21:00;84;kWh;-603;0;0;0;603;-603
2024-07-09T21:00;2024-07-09T21:15;85;kWh;-29062;14;0;0;29076;-29048
2024-07-09T21:15;2024-07-09T21:30;86;kWh;0;7797;0;0;7797;7797
2024-07-09T21:30;2024-07-09T21:45;87;kWh;0;45392;0;0;45392;45392
2024-07-09T21:45;2024-07-09T22:00;88;kWh;0;91190;0;0;91190;91190
2024-07-09T22:00;2024-07-09T22:15;89;kWh;0;109538;0;0;109538;109538
2024-07-09T22:15;2024-07-09T22:30;90;kWh;0;106513;0;0;106513;106513
2024-07-09T22:30;2024-07-09T22:45;91;kWh;0;59634;0;0;59634;59634
2024-07-09T22:45;2024-07-09T23:00;92;kWh;0;5028;0;0;5028;5028
2024-07-09T23:00;2024-07-09T23:15;93;kWh;0;40974;0;0;40974;40974
2024-07-09T23:15;2024-07-09T23:30;94;kWh;0;2538;0;0;2538;2538
2024-07-09T23:30;2024-07-09T23:45;95;kWh;0;33894;0;0;33894;33894
2024-07-09T23:45;2024-07-10T00:00;96;kWh;0;101830;0;0;101830;101830
2024-07-10T00:00;2024-07-10T00:15;1;kWh;0;31608;0;0;31608;31608
2024-07-10T00:15;2024-07-10T00:30;2;kWh;-83;20068;0;0;20151;19985
2024-07-10T00:30;2024-07-10T00:45;3;kWh;-447;18635;0;0;19082;18188
2024-07-10T00:45;2024-07-10T01:00;4;kWh;-156;9111;0;0;9267;8955
2024-07-10T01:00;2024-07-10T01:15;5;kWh;-5255;0;0;0;5255;-5255
2024-07-10T01:15;2024-07-10T01:30;6;kWh;-12678;0;0;0;12678;-12678
2024-07-10T01:30;2024-07-10T01:45;7;kWh;-16021;0;0;0;16021;-16021
2024-07-10T01:45;2024-07-10T02:00;8;kWh;-5527;0;0;0;5527;-5527
2024-07-10T02:00;2024-07-10T02:15;9;kWh;-3055;989;0;0;4044;-2066
2024-07-10T02:15;2024-07-10T02:30;10;kWh;0;5067;0;0;5067;5067
2024-07-10T02:30;2024-07-10T02:45;11;kWh;0;4953;0;0;4953;4953
2024-07-10T02:45;2024-07-10T03:00;12;kWh;-1707;85;0;0;1792;-1622
2024-07-10T03:00;2024-07-10T03:15;13;kWh;-446;1095;0;0;1541;649
2024-07-10T03:15;2024-07-10T03:30;14;kWh;0;12295;0;0;12295;12295
2024-07-10T03:30;2024-07-10T03:45;15;kWh;0;12462;0;0;12462;12462
2024-07-10T03:45;2024-07-10T04:00;16;kWh;0;1780;0;0;1780;1780
2024-07-10T04:00;2024-07-10T04:15;17;kWh;0;1142;0;0;1142;1142
2024-07-10T04:15;2024-07-10T04:30;18;kWh;0;14400;0;0;14400;14400
2024-07-10T04:30;2024-07-10T04:45;19;kWh;0;47307;0;0;47307;47307
2024-07-10T04:45;2024-07-10T05:00;20;kWh;0;12455;0;0;12455;12455
2024-07-10T05:00;2024-07-10T05:15;21;kWh;0;572;0;0;572;572
2024-07-10T05:15;2024-07-10T05:30;22;kWh;0;214;0;0;214;214
2024-07-10T05:30;2024-07-10T05:45;23;kWh;-3052;0;0;0;3052;-3052
2024-07-10T05:45;2024-07-10T06:00;24;kWh;-7347;0;0;0;7347;-7347
2024-07-10T06:00;2024-07-10T06:15;25;kWh;-18752;1595;0;0;20347;-17157
2024-07-10T06:15;2024-07-10T06:30;26;kWh;0;5677;0;0;5677;5677
2024-07-10T06:30;2024-07-10T06:45;27;kWh;0;1551;0;0;1551;1551
2024-07-10T06:45;2024-07-10T07:00;28;kWh;0;6606;0;0;6606;6606
2024-07-10T07:00;2024-07-10T07:15;29;kWh;0;34536;0;0;34536;34536
2024-07-10T07:15;2024-07-10T07:30;30;kWh;0;48723;0;0;48723;48723
2024-07-10T07:30;2024-07-10T07:45;31;kWh;0;55493;0;0;55493;55493
2024-07-10T07:45;2024-07-10T08:00;32;kWh;0;38360;0;0;38360;38360
2024-07-10T08:00;2024-07-10T08:15;33;kWh;0;3998;0;0;3998;3998
2024-07-10T08:15;2024-07-10T08:30;34;kWh;0;989;0;0;989;989
2024-07-10T08:30;2024-07-10T08:45;35;kWh;-19672;0;0;0;19672;-19672
2024-07-10T08:45;2024-07-10T09:00;36;kWh;-27554;2944;0;0;30498;-24610
2024-07-10T09:00;2024-07-10T09:15;37;kWh;-6330;393;0;0;6723;-5937
2024-07-10T09:15;2024-07-10T09:30;38;kWh;0;0;0;0;0;0
2024-07-10T09:30;2024-07-10T09:45;39;kWh;-920;0;0;0;920;-920
2024-07-10T09:45;2024-07-10T10:00;40;kWh;-780;0;0;0;780;-780
2024-07-10T10:00;2024-07-10T10:15;41;kWh;0;32893;0;0;32893;32893
2024-07-10T10:15;2024-07-10T10:30;42;kWh;0;48453;0;0;48453;48453
2024-07-10T10:30;2024-07-10T10:45;43;kWh;0;13806;0;0;13806;13806
2024-07-10T10:45;2024-07-10T11:00;44;kWh;-269;23;0;0;292;-246
2024-07-10T11:00;2024-07-10T11:15;45;kWh;-1584;0;0;0;1584;-1584
2024-07-10T11:15;2024-07-10T11:30;46;kWh;-16342;0;0;0;16342;-16342
2024-07-10T11:30;2024-07-10T11:45;47;kWh;-19010;707;0;0;19717;-18303
2024-07-10T11:45;2024-07-10T12:00;48;kWh;-2452;14555;0;0;17007;12103
2024-07-10T12:00;2024-07-10T12:15;49;kWh;0;38773;0;0;38773;38773
2024-07-10T12:15;2024-07-10T12:30;50;kWh;-8027;1370;0;0;9397;-6657
2024-07-10T12:30;2024-07-10T12:45;51;kWh;-5289;0;0;0;5289;-5289
2024-07-10T12:45;2024-07-10T13:00;52;kWh;-2086;0;0;0;2086;-2086
2024-07-10T13:00;2024-07-10T13:15;53;kWh;0;19459;0;0;19459;19459
2024-07-10T13:15;2024-07-10T13:30;54;kWh;-1021;1118;0;0;2139;97
2024-07-10T13:30;2024-07-10T13:45;55;kWh;-18762;40;0;0;18802;-18722
2024-07-10T13:45;2024-07-10T14:00;56;kWh;-23114;239;0;0;23353;-22875
2024-07-10T14:00;2024-07-10T14:15;57;kWh;-8246;1571;0;0;9817;-6675
2024-07-10T14:15;2024-07-10T14:30;58;kWh;-392;0;0;0;392;-392
2024-07-10T14:30;2024-07-10T14:45;59;kWh;-465;0;0;0;465;-465
2024-07-10T14:45;2024-07-10T15:00;60;kWh;-2290;0;0;0;2290;-2290
2024-07-10T15:00;2024-07-10T15:15;61;kWh;-6588;0;0;0;6588;-6588
2024-07-10T15:15;2024-07-10T15:30;62;kWh;-13740;0;0;0;13740;-13740
2024-07-10T15:30;2024-07-10T15:45;63;kWh;-7342;0;0;0;7342;-7342
2024-07-10T15:45;2024-07-10T16:00;64;kWh;-4017;0;0;0;4017;-4017
2024-07-10T16:00;2024-07-10T16:15;65;kWh;-2249;0;0;0;2249;-2249
2024-07-10T16:15;2024-07-10T16:30;66;kWh;-7448;0;0;0;7448;-7448
2024-07-10T16:30;2024-07-10T16:45;67;kWh;-7213;0;0;0;7213;-7213
2024-07-10T16:45;2024-07-10T17:00;68;kWh;-502;124;0;0;626;-378
2024-07-10T17:00;2024-07-10T17:15;69;kWh;0;2849;0;0;2849;2849
2024-07-10T17:15;2024-07-10T17:30;70;kWh;0;8854;0;0;8854;8854
2024-07-10T17:30;2024-07-10T17:45;71;kWh;0;4628;0;0;4628;4628
2024-07-10T17:45;2024-07-10T18:00;72;kWh;0;0;0;0;0;0
2024-07-10T18:00;2024-07-10T18:15;73;kWh;-13927;8474;0;0;22401;-5453
2024-07-10T18:15;2024-07-10T18:30;74;kWh;-7324;8787;0;0;16111;1463
2024-07-10T18:30;2024-07-10T18:45;75;kWh;-8785;1131;0;0;9916;-7654
2024-07-10T18:45;2024-07-10T19:00;76;kWh;-5815;3015;0;0;8830;-2800
2024-07-10T19:00;2024-07-10T19:15;77;kWh;-901;933;0;0;1834;32
2024-07-10T19:15;2024-07-10T19:30;78;kWh;-2685;0;0;0;2685;-2685
2024-07-10T19:30;2024-07-10T19:45;79;kWh;-13435;0;0;0;13435;-13435
2024-07-10T19:45;2024-07-10T20:00;80;kWh;0;8218;0;0;8218;8218
2024-07-10T20:00;2024-07-10T20:15;81;kWh;-27519;2771;0;0;30290;-24748
2024-07-10T20:15;2024-07-10T20:30;82;kWh;0;9042;0;0;9042;9042
2024-07-10T20:30;2024-07-10T20:45;83;kWh;0;14272;0;0;14272;14272
2024-07-10T20:45;2024-07-10T21:00;84;kWh;0;51284;0;0;51284;51284
2024-07-10T21:00;2024-07-10T21:15;85;kWh;0;30012;0;0;30012;30012
2024-07-10T21:15;2024-07-10T21:30;86;kWh;0;27397;0;0;27397;27397
2024-07-10T21:30;2024-07-10T21:45;87;kWh;0;20421;0;0;20421;20421
2024-07-10T21:45;2024-07-10T22:00;88;kWh;-791;13960;0;0;14751;13169
2024-07-10T22:00;2024-07-10T22:15;89;kWh;0;6850;0;0;6850;6850
2024-07-10T22:15;2024-07-10T22:30;90;kWh;-1948;0;0;0;1948;-1948
2024-07-10T22:30;2024-07-10T22:45;91;kWh;-2255;0;0;0;2255;-2255
2024-07-10T22:45;2024-07-10T23:00;92;kWh;-1427;0;0;0;1427;-1427
2024-07-10T23:00;2024-07-10T23:15;93;kWh;-9;36829;0;0;36838;36820
2024-07-10T23:15;2024-07-10T23:30;94;kWh;0;17227;0;0;17227;17227
2024-07-10T23:30;2024-07-10T23:45;95;kWh;0;11177;0;0;11177;11177
2024-07-10T23:45;2024-07-11T00:00;96;kWh;0;1320;0;0;1320;1320
2024-07-11T00:00;2024-07-11T00:15;1;kWh;0;36426;0;0;36426;36426
2024-07-11T00:15;2024-07-11T00:30;2;kWh;0;29448;0;0;29448;29448
2024-07-11T00:30;2024-07-11T00:45;3;kWh;0;33421;0;0;33421;33421
2024-07-11T00:45;2024-07-11T01:00;4;kWh;0;31610;0;0;31610;31610
2024-07-11T01:00;2024-07-11T01:15;5;kWh;0;17227;0;0;17227;17227
2024-07-11T01:15;2024-07-11T01:30;6;kWh;0;4007;0;0;4007;4007
2024-07-11T01:30;2024-07-11T01:45;7;kWh;0;1403;0;0;1403;1403
2024-07-11T01:45;2024-07-11T02:00;8;kWh;0;922;0;0;922;922
2024-07-11T02:00;2024-07-11T02:15;9;kWh;0;1264;0;0;1264;1264
2024-07-11T02:15;2024-07-11T02:30;10;kWh;-3067;53;0;0;3120;-3014
2024-07-11T02:30;2024-07-11T02:45;11;kWh;-786;0;0;0;786;-786
2024-07-11T02:45;2024-07-11T03:00;12;kWh;-234;0;0;0;234;-234
2024-07-11T03:00;2024-07-11T03:15;13;kWh;0;8262;0;0;8262;8262
2024-07-11T03:15;2024-07-11T03:30;14;kWh;0;872;0;0;872;872
2024-07-11T03:30;2024-07-11T03:45;15;kWh;-3095;0;0;0;3095;-3095
2024-07-11T03:45;2024-07-11T04:00;16;kWh;-2744;0;0;0;2744;-2744
2024-07-11T04:00;2024-07-11T04:15;17;kWh;-183;857;0;0;1040;674
2024-07-11T04:15;2024-07-11T04:30;18;kWh;0;14312;0;0;14312;14312
2024-07-11T04:30;2024-07-11T04:45;19;kWh;0;23957;0;0;23957;23957
2024-07-11T04:45;2024-07-11T05:00;20;kWh;0;15386;0;0;15386;15386
2024-07-11T05:00;2024-07-11T05:15;21;kWh;0;63218;0;0;63218;63218
2024-07-11T05:15;2024-07-11T05:30;22;kWh;0;14288;0;0;14288;14288
2024-07-11T05:30;2024-07-11T05:45;23;kWh;-238;0;0;0;238;-238
2024-07-11T05:45;2024-07-11T06:00;24;kWh;-1720;0;0;0;1720;-1720
2024-07-11T06:00;2024-07-11T06:15;25;kWh;-644;9512;0;0;10156;8868
2024-07-11T06:15;2024-07-11T06:30;26;kWh;0;43541;0;0;43541;43541
2024-07-11T06:30;2024-07-11T06:45;27;kWh;0;47034;0;0;47034;47034
2024-07-11T06:45;2024-07-11T07:00;28;kWh;0;30367;0;0;30367;30367
2024-07-11T07:00;2024-07-11T07:15;29;kWh;0;5473;0;0;5473;5473
2024-07-11T07:15;2024-07-11T07:30;30;kWh;0;5185;0;0;5185;5185
2024-07-11T07:30;2024-07-11T07:45;31;kWh;0;5052;0;0;5052;5052
2024-07-11T07:45;2024-07-11T08:00;32;kWh;0;8431;0;0;8431;8431
2024-07-11T08:00;2024-07-11T08:15;33;kWh;0;19;0;0;19;19
2024-07-11T08:15;2024-07-11T08:30;34;kWh;-23;0;0;0;23;-23
2024-07-11T08:30;2024-07-11T08:45;35;kWh;-301;0;0;0;301;-301
2024-07-11T08:45;2024-07-11T09:00;36;kWh;-403;590;0;0;993;187
2024-07-11T09:00;2024-07-11T09:15;37;kWh;-13702;0;0;0;13702;-13702
2024-07-11T09:15;2024-07-11T09:30;38;kWh;0;2648;0;0;2648;2648
2024-07-11T09:30;2024-07-11T09:45;39;kWh;0;1447;0;0;1447;1447
2024-07-11T09:45;2024-07-11T10:00;40;kWh;0;9324;0;0;9324;9324
2024-07-11T10:00;2024-07-11T10:15;41;kWh;0;42371;0;0;42371;42371
2024-07-11T10:15;2024-07-11T10:30;42;kWh;0;36445;0;0;36445;36445
2024-07-11T10:30;2024-07-11T10:45;43;kWh;0;26756;0;0;26756;26756
2024-07-11T10:45;2024-07-11T11:00;44;kWh;0;9024;0;0;9024;9024
2024-07-11T11:00;2024-07-11T11:15;45;kWh;0;1161;0;0;1161;1161
2024-07-11T11:15;2024-07-11T11:30;46;kWh;0;3186;0;0;3186;3186
2024-07-11T11:30;2024-07-11T11:45;47;kWh;0;28065;0;0;28065;28065
2024-07-11T11:45;2024-07-11T12:00;48;kWh;0;25401;0;0;25401;25401
2024-07-11T12:00;2024-07-11T12:15;49;kWh;0;61888;0;0;61888;61888
2024-07-11T12:15;2024-07-11T12:30;50;kWh;0;60577;0;0;60577;60577
2024-07-11T12:30;2024-07-11T12:45;51;kWh;0;13458;0;0;13458;13458
2024-07-11T12:45;2024-07-11T13:00;52;kWh;-2667;0;0;0;2667;-2667
2024-07-11T13:00;2024-07-11T13:15;53;kWh;-6770;0;0;0;6770;-6770
2024-07-11T13:15;2024-07-11T13:30;54;kWh;-2409;0;0;0;2409;-2409
2024-07-11T13:30;2024-07-11T13:45;55;kWh;-231;580;0;0;811;349
2024-07-11T13:45;2024-07-11T14:00;56;kWh;0;2208;0;0;2208;2208
2024-07-11T14:00;2024-07-11T14:15;57;kWh;0;9377;0;0;9377;9377
2024-07-11T14:15;2024-07-11T14:30;58;kWh;0;7332;0;0;7332;7332
2024-07-11T14:30;2024-07-11T14:45;59;kWh;-1474;0;0;0;1474;-1474
2024-07-11T14:45;2024-07-11T15:00;60;kWh;-4950;0;0;0;4950;-4950
2024-07-11T15:00;2024-07-11T15:15;61;kWh;-13084;0;0;0;13084;-13084
2024-07-11T15:15;2024-07-11T15:30;62;kWh;-8722;68;0;0;8790;-8654
2024-07-11T15:30;2024-07-11T15:45;63;kWh;-5564;0;0;0;5564;-5564
2024-07-11T15:45;2024-07-11T16:00;64;kWh;-3843;0;0;0;3843;-3843
2024-07-11T16:00;2024-07-11T16:15;65;kWh;-4529;1155;0;0;5684;-3374
2024-07-11T16:15;2024-07-11T16:30;66;kWh;-2764;63;0;0;2827;-2701
2024-07-11T16:30;2024-07-11T16:45;67;kWh;-252;1881;0;0;2133;1629
2024-07-11T16:45;2024-07-11T17:00;68;kWh;-249;12148;0;0;12397;11899
2024-07-11T17:00;2024-07-11T17:15;69;kWh;-249;3449;0;0;3698;3200
2024-07-11T17:15;2024-07-11T17:30;70;kWh;-249;16731;0;0;16980;16482
2024-07-11T17:30;2024-07-11T17:45;71;kWh;-249;15833;0;0;16082;15584
2024-07-11T17:45;2024-07-11T18:00;72;kWh;-249;361;0;0;610;112
2024-07-11T18:00;2024-07-11T18:15;73;kWh;-249;7854;0;0;8103;7605
2024-07-11T18:15;2024-07-11T18:30;74;kWh;-249;872;0;0;1121;623
2024-07-11T18:30;2024-07-11T18:45;75;kWh;-249;4201;0;0;4450;3952
2024-07-11T18:45;2024-07-11T19:00;76;kWh;-249;31055;0;0;31304;30806
2024-07-11T19:00;2024-07-11T19:15;77;kWh;-249;15106;0;0;15355;14857
2024-07-11T19:15;2024-07-11T19:30;78;kWh;-249;32723;0;0;32972;32474
2024-07-11T19:30;2024-07-11T19:45;79;kWh;-249;45257;0;0;45506;45008
2024-07-11T19:45;2024-07-11T20:00;80;kWh;-249;60340;0;0;60589;60091
2024-07-11T20:00;2024-07-11T20:15;81;kWh;-249;29975;0;0;30224;29726
2024-07-11T20:15;2024-07-11T20:30;82;kWh;-249;34438;0;0;34687;34189
2024-07-11T20:30;2024-07-11T20:45;83;kWh;-249;53949;0;0;54198;53700
2024-07-11T20:45;2024-07-11T21:00;84;kWh;-249;40305;0;0;40554;40056
2024-07-11T21:00;2024-07-11T21:15;85;kWh;-249;6508;0;0;6757;6259
2024-07-11T21:15;2024-07-11T21:30;86;kWh;-249;3168;0;0;3417;2919
2024-07-11T21:30;2024-07-11T21:45;87;kWh;-249;12059;0;0;12308;11810
2024-07-11T21:45;2024-07-11T22:00;88;kWh;-249;28551;0;0;28800;28302
2024-07-11T22:00;2024-07-11T22:15;89;kWh;-249;13429;0;0;13678;13180
2024-07-11T22:15;2024-07-11T22:30;90;kWh;-249;19965;0;0;20214;19716
2024-07-11T22:30;2024-07-11T22:45;91;kWh;-249;24009;0;0;24258;23760
2024-07-11T22:45;2024-07-11T23:00;92;kWh;-249;12699;0;0;12948;12450
2024-07-11T23:00;2024-07-11T23:15;93;kWh;-249;3962;0;0;4211;3713
2024-07-11T23:15;2024-07-11T23:30;94;kWh;-249;2827;0;0;3076;2578
2024-07-11T23:30;2024-07-11T23:45;95;kWh;-600;465;0;0;1065;-135
2024-07-11T23:45;2024-07-12T00:00;96;kWh;-1411;0;0;0;1411;-1411
2024-07-12T00:00;2024-07-12T00:15;1;kWh;-1462;0;0;0;1462;-1462
2024-07-12T00:15;2024-07-12T00:30;2;kWh;-416;0;0;0;416;-416
2024-07-12T00:30;2024-07-12T00:45;3;kWh;-19003;0;0;0;19003;-19003
2024-07-12T00:45;2024-07-12T01:00;4;kWh;-57035;0;0;0;57035;-57035
2024-07-12T01:00;2024-07-12T01:15;5;kWh;-32904;0;0;0;32904;-32904
2024-07-12T01:15;2024-07-12T01:30;6;kWh;-9117;0;0;0;9117;-9117
2024-07-12T01:30;2024-07-12T01:45;7;kWh;-14067;0;0;0;14067;-14067
2024-07-12T01:45;2024-07-12T02:00;8;kWh;-26444;0;0;0;26444;-26444
2024-07-12T02:00;2024-07-12T02:15;9;kWh;-6606;0;0;0;6606;-6606
2024-07-12T02:15;2024-07-12T02:30;10;kWh;-587;10;0;0;597;-577
2024-07-12T02:30;2024-07-12T02:45;11;kWh;-21859;0;0;0;21859;-21859
2024-07-12T02:45;2024-07-12T03:00;12;kWh;-41757;0;0;0;41757;-41757
2024-07-12T03:00;2024-07-12T03:15;13;kWh;-9612;9;0;0;9621;-9603
2024-07-12T03:15;2024-07-12T03:30;14;kWh;-653;0;0;0;653;-653
2024-07-12T03:30;2024-07-12T03:45;15;kWh;-11667;0;0;0;11667;-11667
2024-07-12T03:45;2024-07-12T04:00;16;kWh;-5420;0;0;0;5420;-5420
2024-07-12T04:00;2024-07-12T04:15;17;kWh;0;0;0;0;0;0
2024-07-12T04:15;2024-07-12T04:30;18;kWh;-14194;0;0;0;14194;-14194
2024-07-12T04:30;2024-07-12T04:45;19;kWh;-25840;0;0;0;25840;-25840
2024-07-12T04:45;2024-07-12T05:00;20;kWh;-15423;0;0;0;15423;-15423
2024-07-12T05:00;2024-07-12T05:15;21;kWh;-17519;0;0;0;17519;-17519
2024-07-12T05:15;2024-07-12T05:30;22;kWh;-15220;0;0;0;15220;-15220
2024-07-12T05:30;2024-07-12T05:45;23;kWh;-47723;0;0;0;47723;-47723
2024-07-12T05:45;2024-07-12T06:00;24;kWh;-40475;0;0;0;40475;-40475
2024-07-12T06:00;2024-07-12T06:15;25;kWh;-47326;0;0;0;47326;-47326
2024-07-12T06:15;2024-07-12T06:30;26;kWh;-24831;0;0;0;24831;-24831
2024-07-12T06:30;2024-07-12T06:45;27;kWh;-4340;0;0;0;4340;-4340
2024-07-12T06:45;2024-07-12T07:00;28;kWh;-1590;0;0;0;1590;-1590
2024-07-12T07:00;2024-07-12T07:15;29;kWh;-20679;0;0;0;20679;-20679
2024-07-12T07:15;2024-07-12T07:30;30;kWh;-592;0;0;0;592;-592
2024-07-12T07:30;2024-07-12T07:45;31;kWh;0;3234;0;0;3234;3234
2024-07-12T07:45;2024-07-12T08:00;32;kWh;0;25093;0;0;25093;25093
2024-07-12T08:00;2024-07-12T08:15;33;kWh;0;10508;0;0;10508;10508
2024-07-12T08:15;2024-07-12T08:30;34;kWh;0;27979;0;0;27979;27979
2024-07-12T08:30;2024-07-12T08:45;35;kWh;0;43877;0;0;43877;43877
2024-07-12T08:45;2024-07-12T09:00;36;kWh;0;18294;0;0;18294;18294
2024-07-12T09:00;2024-07-12T09:15;37;kWh;0;1898;0;0;1898;1898
2024-07-12T09:15;2024-07-12T09:30;38;kWh;0;0;0;0;0;0
2024-07-12T09:30;2024-07-12T09:45;39;kWh;0;0;0;0;0;0
2024-07-12T09:45;2024-07-12T10:00;40;kWh;0;34029;0;0;34029;34029
2024-07-12T10:00;2024-07-12T10:15;41;kWh;-7231;1501;0;0;8732;-5730
2024-07-12T10:15;2024-07-12T10:30;42;kWh;0;48669;0;0;48669;48669
2024-07-12T10:30;2024-07-12T10:45;43;kWh;0;48040;0;0;48040;48040
2024-07-12T10:45;2024-07-12T11:00;44;kWh;0;86295;0;0;86295;86295
2024-07-12T11:00;2024-07-12T11:15;45;kWh;0;51558;0;0;51558;51558
2024-07-12T11:15;2024-07-12T11:30;46;kWh;0;99599;0;0;99599;99599
2024-07-12T11:30;2024-07-12T11:45;47;kWh;0;53554;0;0;53554;53554
2024-07-12T11:45;2024-07-12T12:00;48;kWh;0;51246;0;0;51246;51246
2024-07-12T12:00;2024-07-12T12:15;49;kWh;-5621;7346;0;0;12967;1725
2024-07-12T12:15;2024-07-12T12:30;50;kWh;-1026;627;0;0;1653;-399
2024-07-12T12:30;2024-07-12T12:45;51;kWh;-10873;0;0;0;10873;-10873
2024-07-12T12:45;2024-07-12T13:00;52;kWh;-69869;0;0;0;69869;-69869
2024-07-12T13:00;2024-07-12T13:15;53;kWh;-37583;0;0;0;37583;-37583
2024-07-12T13:15;2024-07-12T13:30;54;kWh;-30662;0;0;0;30662;-30662
2024-07-12T13:30;2024-07-12T13:45;55;kWh;-53855;0;0;0;53855;-53855
2024-07-12T13:45;2024-07-12T14:00;56;kWh;-40659;208;0;0;40867;-40451
2024-07-12T14:00;2024-07-12T14:15;57;kWh;0;903;0;0;903;903
2024-07-12T14:15;2024-07-12T14:30;58;kWh;-3223;0;0;0;3223;-3223
2024-07-12T14:30;2024-07-12T14:45;59;kWh;-43292;0;0;0;43292;-43292
2024-07-12T14:45;2024-07-12T15:00;60;kWh;-86102;0;0;0;86102;-86102
2024-07-12T15:00;2024-07-12T15:15;61;kWh;-29992;0;0;0;29992;-29992
2024-07-12T15:15;2024-07-12T15:30;62;kWh;-10137;0;0;0;10137;-10137
2024-07-12T15:30;2024-07-12T15:45;63;kWh;-47288;0;0;0;47288;-47288
2024-07-12T15:45;2024-07-12T16:00;64;kWh;-61686;0;0;0;61686;-61686
2024-07-12T16:00;2024-07-12T16:15;65;kWh;-21858;0;0;0;21858;-21858
2024-07-12T16:15;2024-07-12T16:30;66;kWh;-37312;0;0;0;37312;-37312
2024-07-12T16:30;2024-07-12T16:45;67;kWh;-25725;1697;0;0;27422;-24028
2024-07-12T16:45;2024-07-12T17:00;68;kWh;-21964;444;0;0;22408;-21520
2024-07-12T17:00;2024-07-12T17:15;69;kWh;-40741;0;0;0;40741;-40741
2024-07-12T17:15;2024-07-12T17:30;70;kWh;-30116;0;0;0;30116;-30116
2024-07-12T17:30;2024-07-12T17:45;71;kWh;-17030;0;0;0;17030;-17030
2024-07-12T17:45;2024-07-12T18:00;72;kWh;-27618;0;0;0;27618;-27618
2024-07-12T18:00;2024-07-12T18:15;73;kWh;-53895;0;0;0;53895;-53895
2024-07-12T18:15;2024-07-12T18:30;74;kWh;-57796;0;0;0;57796;-57796
2024-07-12T18:30;2024-07-12T18:45;75;kWh;-55683;0;0;0;55683;-55683
2024-07-12T18:45;2024-07-12T19:00;76;kWh;-27753;0;0;0;27753;-27753
2024-07-12T19:00;2024-07-12T19:15;77;kWh;-34476;7121;0;0;41597;-27355
2024-07-12T19:15;2024-07-12T19:30;78;kWh;-31584;1751;0;0;33335;-29833
2024-07-12T19:30;2024-07-12T19:45;79;kWh;-38834;0;0;0;38834;-38834
2024-07-12T19:45;2024-07-12T20:00;80;kWh;-65616;0;0;0;65616;-65616
2024-07-12T20:00;2024-07-12T20:15;81;kWh;-63174;0;0;0;63174;-63174
2024-07-12T20:15;2024-07-12T20:30;82;kWh;-44515;0;0;0;44515;-44515
2024-07-12T20:30;2024-07-12T20:45;83;kWh;-41941;2;0;0;41943;-41939
2024-07-12T20:45;2024-07-12T21:00;84;kWh;-72949;0;0;0;72949;-72949
2024-07-12T21:00;2024-07-12T21:15;85;kWh;-50649;0;0;0;50649;-50649
2024-07-12T21:15;2024-07-12T21:30;86;kWh;-69096;0;0;0;69096;-69096
2024-07-12T21:30;2024-07-12T21:45;87;kWh;-53342;0;0;0;53342;-53342
2024-07-12T21:45;2024-07-12T22:00;88;kWh;-78708;0;0;0;78708;-78708
2024-07-12T22:00;2024-07-12T22:15;89;kWh;-31768;0;0;0;31768;-31768
2024-07-12T22:15;2024-07-12T22:30;90;kWh;-15550;0;0;0;15550;-15550
2024-07-12T22:30;2024-07-12T22:45;91;kWh;-8738;0;0;0;8738;-8738
2024-07-12T22:45;2024-07-12T23:00;92;kWh;-23011;0;0;0;23011;-23011
2024-07-12T23:00;2024-07-12T23:15;93;kWh;-11990;0;0;0;11990;-11990
2024-07-12T23:15;2024-07-12T23:30;94;kWh;-9003;0;0;0;9003;-9003
2024-07-12T23:30;2024-07-12T23:45;95;kWh;-30042;0;0;0;30042;-30042
2024-07-12T23:45;2024-07-13T00:00;96;kWh;-59644;0;0;0;59644;-59644
2024-07-13T00:00;2024-07-13T00:15;1;kWh;-10065;2791;0;0;12856;-7274
2024-07-13T00:15;2024-07-13T00:30;2;kWh;-40;31;0;0;71;-9
2024-07-13T00:30;2024-07-13T00:45;3;kWh;-2029;0;0;0;2029;-2029
2024-07-13T00:45;2024-07-13T01:00;4;kWh;-1212;21242;0;0;22454;20030
2024-07-13T01:00;2024-07-13T01:15;5;kWh;0;75074;0;0;75074;75074
2024-07-13T01:15;2024-07-13T01:30;6;kWh;0;76509;0;0;76509;76509
2024-07-13T01:30;2024-07-13T01:45;7;kWh;0;43491;0;0;43491;43491
2024-07-13T01:45;2024-07-13T02:00;8;kWh;0;39705;0;0;39705;39705
2024-07-13T02:00;2024-07-13T02:15;9;kWh;0;15725;0;0;15725;15725
2024-07-13T02:15;2024-07-13T02:30;10;kWh;0;30154;0;0;30154;30154
2024-07-13T02:30;2024-07-13T02:45;11;kWh;0;40237;0;0;40237;40237
2024-07-13T02:45;2024-07-13T03:00;12;kWh;0;44600;0;0;44600;44600
2024-07-13T03:00;2024-07-13T03:15;13;kWh;0;7792;0;0;7792;7792
2024-07-13T03:15;2024-07-13T03:30;14;kWh;0;13830;0;0;13830;13830
2024-07-13T03:30;2024-07-13T03:45;15;kWh;0;20660;0;0;20660;20660
2024-07-13T03:45;2024-07-13T04:00;16;kWh;0;11882;0;0;11882;11882
2024-07-13T04:00;2024-07-13T04:15;17;kWh;-908;29;0;0;937;-879
2024-07-13T04:15;2024-07-13T04:30;18;kWh;-6369;0;0;0;6369;-6369
2024-07-13T04:30;2024-07-13T04:45;19;kWh;-4743;0;0;0;4743;-4743
2024-07-13T04:45;2024-07-13T05:00;20;kWh;-4823;0;0;0;4823;-4823
2024-07-13T05:00;2024-07-13T05:15;21;kWh;-6936;0;0;0;6936;-6936
2024-07-13T05:15;2024-07-13T05:30;22;kWh;-2515;0;0;0;2515;-2515
2024-07-13T05:30;2024-07-13T05:45;23;kWh;-1622;0;0;0;1622;-1622
2024-07-13T05:45;2024-07-13T06:00;24;kWh;-2477;0;0;0;2477;-2477
2024-07-13T06:00;2024-07-13T06:15;25;kWh;-3454;0;0;0;3454;-3454
2024-07-13T06:15;2024-07-13T06:30;26;kWh;-2389;0;0;0;2389;-2389
2024-07-13T06:30;2024-07-13T06:45;27;kWh;-1862;0;0;0;1862;-1862
2024-07-13T06:45;2024-07-13T07:00;28;kWh;-6591;0;0;0;6591;-6591
2024-07-13T07:00;2024-07-13T07:15;29;kWh;-26353;0;0;0;26353;-26353
2024-07-13T07:15;2024-07-13T07:30;30;kWh;-15002;0;0;0;15002;-15002
2024-07-13T07:30;2024-07-13T07:45;31;kWh;-2453;0;0;0;2453;-2453
2024-07-13T07:45;2024-07-13T08:00;32;kWh;-13120;0;0;0;13120;-13120
2024-07-13T08:00;2024-07-13T08:15;33;kWh;-28181;0;0;0;28181;-28181
2024-07-13T08:15;2024-07-13T08:30;34;kWh;-19445;0;0;0;19445;-19445
2024-07-13T08:30;2024-07-13T08:45;35;kWh;-23083;0;0;0;23083;-23083
2024-07-13T08:45;2024-07-13T09:00;36;kWh;-38303;0;0;0;38303;-38303
2024-07-13T09:00;2024-07-13T09:15;37;kWh;-29449;0;0;0;29449;-29449
2024-07-13T09:15;2024-07-13T09:30;38;kWh;-12636;0;0;0;12636;-12636
2024-07-13T09:30;2024-07-13T09:45;39;kWh;-15237;0;0;0;15237;-15237
2024-07-13T09:45;2024-07-13T10:00;40;kWh;-31108;0;0;0;31108;-31108
2024-07-13T10:00;2024-07-13T10:15;41;kWh;-12590;0;0;0;12590;-12590
2024-07-13T10:15;2024-07-13T10:30;42;kWh;-20969;0;0;0;20969;-20969
2024-07-13T10:30;2024-07-13T10:45;43;kWh;-55782;0;0;0;55782;-55782
2024-07-13T10:45;2024-07-13T11:00;44;kWh;-48759;0;0;0;48759;-48759
2024-07-13T11:00;2024-07-13T11:15;45;kWh;-15939;0;0;0;15939;-15939
2024-07-13T11:15;2024-07-13T11:30;46;kWh;-25407;0;0;0;25407;-25407
2024-07-13T11:30;2024-07-13T11:45;47;kWh;-40349;0;0;0;40349;-40349
2024-07-13T11:45;2024-07-13T12:00;48;kWh;-52175;0;0;0;52175;-52175
2024-07-13T12:00;2024-07-13T12:15;49;kWh;-21097;378;0;0;21475;-20719
2024-07-13T12:15;2024-07-13T12:30;50;kWh;-41824;608;0;0;42432;-41216
2024-07-13T12:30;2024-07-13T12:45;51;kWh;-44958;1719;0;0;46677;-43239
2024-07-13T12:45;2024-07-13T13:00;52;kWh;-44548;4029;0;0;48577;-40519
2024-07-13T13:00;2024-07-13T13:15;53;kWh;-20880;2754;0;0;23634;-18126
2024-07-13T13:15;2024-07-13T13:30;54;kWh;-2460;921;0;0;3381;-1539
2024-07-13T13:30;2024-07-13T13:45;55;kWh;-30984;0;0;0;30984;-30984
2024-07-13T13:45;2024-07-13T14:00;56;kWh;-7031;0;0;0;7031;-7031
2024-07-13T14:00;2024-07-13T14:15;57;kWh;-134;1296;0;0;1430;1162
2024-07-13T14:15;2024-07-13T14:30;58;kWh;-8682;96;0;0;8778;-8586
2024-07-13T14:30;2024-07-13T14:45;59;kWh;-3787;2702;0;0;6489;-1085
2024-07-13T14:45;2024-07-13T15:00;60;kWh;-7379;0;0;0;7379;-7379
2024-07-13T15:00;2024-07-13T15:15;61;kWh;-10392;0;0;0;10392;-10392
2024-07-13T15:15;2024-07-13T15:30;62;kWh;-23620;0;0;0;23620;-23620
2024-07-13T15:30;2024-07-13T15:45;63;kWh;-13754;0;0;0;13754;-13754
2024-07-13T15:45;2024-07-13T16:00;64;kWh;-9511;0;0;0;9511;-9511
2024-07-13T16:00;2024-07-13T16:15;65;kWh;-11356;0;0;0;11356;-11356
2024-07-13T16:15;2024-07-13T16:30;66;kWh;-640;0;0;0;640;-640
2024-07-13T16:30;2024-07-13T16:45;67;kWh;-623;10340;0;0;10963;9717
2024-07-13T16:45;2024-07-13T17:00;68;kWh;0;16804;0;0;16804;16804
2024-07-13T17:00;2024-07-13T17:15;69;kWh;0;1398;0;0;1398;1398
2024-07-13T17:15;2024-07-13T17:30;70;kWh;0;4255;0;0;4255;4255
2024-07-13T17:30;2024-07-13T17:45;71;kWh;0;33214;0;0;33214;33214
2024-07-13T17:45;2024-07-13T18:00;72;kWh;-97;25724;0;0;25821;25627
2024-07-13T18:00;2024-07-13T18:15;73;kWh;-39003;154;0;0;39157;-38849
2024-07-13T18:15;2024-07-13T18:30;74;kWh;-27209;0;0;0;27209;-27209
2024-07-13T18:30;2024-07-13T18:45;75;kWh;-14118;0;0;0;14118;-14118
2024-07-13T18:45;2024-07-13T19:00;76;kWh;-51;99;0;0;150;48
2024-07-13T19:00;2024-07-13T19:15;77;kWh;-12667;820;0;0;13487;-11847
2024-07-13T19:15;2024-07-13T19:30;78;kWh;-11040;139;0;0;11179;-10901
2024-07-13T19:30;2024-07-13T19:45;79;kWh;-483;490;0;0;973;7
2024-07-13T19:45;2024-07-13T20:00;80;kWh;-6026;0;0;0;6026;-6026
2024-07-13T20:00;2024-07-13T20:15;81;kWh;-17128;54;0;0;17182;-17074
2024-07-13T20:15;2024-07-13T20:30;82;kWh;-7758;114;0;0;7872;-7644
2024-07-13T20:30;2024-07-13T20:45;83;kWh;-3468;0;0;0;3468;-3468
2024-07-13T20:45;2024-07-13T21:00;84;kWh;-1391;0;0;0;1391;-1391
2024-07-13T21:00;2024-07-13T21:15;85;kWh;-9848;0;0;0;9848;-9848
2024-07-13T21:15;2024-07-13T21:30;86;kWh;-968;0;0;0;968;-968
2024-07-13T21:30;2024-07-13T21:45;87;kWh;-371;0;0;0;371;-371
2024-07-13T21:45;2024-07-13T22:00;88;kWh;0;2227;0;0;2227;2227
2024-07-13T22:00;2024-07-13T22:15;89;kWh;0;5206;0;0;5206;5206
2024-07-13T22:15;2024-07-13T22:30;90;kWh;0;4603;0;0;4603;4603
2024-07-13T22:30;2024-07-13T22:45;91;kWh;0;9103;0;0;9103;9103
2024-07-13T22:45;2024-07-13T23:00;92;kWh;0;891;0;0;891;891
2024-07-13T23:00;2024-07-13T23:15;93;kWh;0;522;0;0;522;522
2024-07-13T23:15;2024-07-13T23:30;94;kWh;0;778;0;0;778;778
2024-07-13T23:30;2024-07-13T23:45;95;kWh;0;8349;0;0;8349;8349
2024-07-13T23:45;2024-07-14T00:00;96;kWh;0;2;0;0;2;2
2024-07-14T00:00;2024-07-14T00:15;1;kWh;0;1257;0;0;1257;1257
2024-07-14T00:15;2024-07-14T00:30;2;kWh;0;2347;0;0;2347;2347
2024-07-14T00:30;2024-07-14T00:45;3;kWh;0;2941;0;0;2941;2941
2024-07-14T00:45;2024-07-14T01:00;4;kWh;0;5056;0;0;5056;5056
2024-07-14T01:00;2024-07-14T01:15;5;kWh;0;593;0;0;593;593
2024-07-14T01:15;2024-07-14T01:30;6;kWh;0;635;0;0;635;635
2024-07-14T01:30;2024-07-14T01:45;7;kWh;-2570;70;0;0;2640;-2500
2024-07-14T01:45;2024-07-14T02:00;8;kWh;-4176;0;0;0;4176;-4176
2024-07-14T02:00;2024-07-14T02:15;9;kWh;0;183;0;0;183;183
2024-07-14T02:15;2024-07-14T02:30;10;kWh;0;181;0;0;181;181
2024-07-14T02:30;2024-07-14T02:45;11;kWh;0;3;0;0;3;3
2024-07-14T02:45;2024-07-14T03:00;12;kWh;-1603;0;0;0;1603;-1603
2024-07-14T03:00;2024-07-14T03:15;13;kWh;-642;0;0;0;642;-642
2024-07-14T03:15;2024-07-14T03:30;14;kWh;-1460;0;0;0;1460;-1460
2024-07-14T03:30;2024-07-14T03:45;15;kWh;-3117;3720;0;0;6837;603
2024-07-14T03:45;2024-07-14T04:00;16;kWh;0;1209;0;0;1209;1209
2024-07-14T04:00;2024-07-14T04:15;17;kWh;0;6413;0;0;6413;6413
2024-07-14T04:15;2024-07-14T04:30;18;kWh;0;23105;0;0;23105;23105
2024-07-14T04:30;2024-07-14T04:45;19;kWh;0;35780;0;0;35780;35780
2024-07-14T04:45;2024-07-14T05:00;20;kWh;0;32624;0;0;32624;32624
2024-07-14T05:00;2024-07-14T05:15;21;kWh;0;32776;0;0;32776;32776
2024-07-14T05:15;2024-07-14T05:30;22;kWh;0;28145;0;0;28145;28145
2024-07-14T05:30;2024-07-14T05:45;23;kWh;0;274;0;0;274;274
2024-07-14T05:45;2024-07-14T06:00;24;kWh;-191;0;0;0;191;-191
2024-07-14T06:00;2024-07-14T06:15;25;kWh;-23;25385;0;0;25408;25362
2024-07-14T06:15;2024-07-14T06:30;26;kWh;-625;8114;0;0;8739;7489
2024-07-14T06:30;2024-07-14T06:45;27;kWh;-4257;0;0;0;4257;-4257
2024-07-14T06:45;2024-07-14T07:00;28;kWh;-13773;0;0;0;13773;-13773
2024-07-14T07:00;2024-07-14T07:15;29;kWh;-1118;0;0;0;1118;-1118
2024-07-14T07:15;2024-07-14T07:30;30;kWh;0;10035;0;0;10035;10035
2024-07-14T07:30;2024-07-14T07:45;31;kWh;0;0;0;0;0;0
2024-07-14T07:45;2024-07-14T08:00;32;kWh;-4860;2;0;0;4862;-4858
2024-07-14T08:00;2024-07-14T08:15;33;kWh;-62;476;0;0;538;414
2024-07-14T08:15;2024-07-14T08:30;34;kWh;-2511;47;0;0;2558;-2464
2024-07-14T08:30;2024-07-14T08:45;35;kWh;-16446;0;0;0;16446;-16446
2024-07-14T08:45;2024-07-14T09:00;36;kWh;-13855;0;0;0;13855;-13855
2024-07-14T09:00;2024-07-14T09:15;37;kWh;-11037;973;0;0;12010;-10064
2024-07-14T09:15;2024-07-14T09:30;38;kWh;-30790;0;0;0;30790;-30790
2024-07-14T09:30;2024-07-14T09:45;39;kWh;-33192;0;0;0;33192;-33192
2024-07-14T09:45;2024-07-14T10:00;40;kWh;-51219;0;0;0;51219;-51219
2024-07-14T10:00;2024-07-14T10:15;41;kWh;-41817;0;0;0;41817;-41817
2024-07-14T10:15;2024-07-14T10:30;42;kWh;-33589;0;0;0;33589;-33589
2024-07-14T10:30;2024-07-14T10:45;43;kWh;-51179;0;0;0;51179;-51179
2024-07-14T10:45;2024-07-14T11:00;44;kWh;-59767;0;0;0;59767;-59767
2024-07-14T11:00;2024-07-14T11:15;45;kWh;-38568;0;0;0;38568;-38568
2024-07-14T11:15;2024-07-14T11:30;46;kWh;-37447;0;0;0;37447;-37447
2024-07-14T11:30;2024-07-14T11:45;47;kWh;-26642;0;0;0;26642;-26642
2024-07-14T11:45;2024-07-14T12:00;48;kWh;-44838;0;0;0;44838;-44838
2024-07-14T12:00;2024-07-14T12:15;49;kWh;-10117;0;0;0;10117;-10117
2024-07-14T12:15;2024-07-14T12:30;50;kWh;-1717;0;0;0;1717;-1717
2024-07-14T12:30;2024-07-14T12:45;51;kWh;-8248;0;0;0;8248;-8248
2024-07-14T12:45;2024-07-14T13:00;52;kWh;-18825;0;0;0;18825;-18825
2024-07-14T13:00;2024-07-14T13:15;53;kWh;-13221;0;0;0;13221;-13221
2024-07-14T13:15;2024-07-14T13:30;54;kWh;-29084;0;0;0;29084;-29084
2024-07-14T13:30;2024-07-14T13:45;55;kWh;-11793;0;0;0;11793;-11793
2024-07-14T13:45;2024-07-14T14:00;56;kWh;-11138;0;0;0;11138;-11138
2024-07-14T14:00;2024-07-14T14:15;57;kWh;-32016;0;0;0;32016;-32016
2024-07-14T14:15;2024-07-14T14:30;58;kWh;-18467;0;0;0;18467;-18467
2024-07-14T14:30;2024-07-14T14:45;59;kWh;-53812;0;0;0;53812;-53812
2024-07-14T14:45;2024-07-14T15:00;60;kWh;-38345;0;0;0;38345;-38345
2024-07-14T15:00;2024-07-14T15:15;61;kWh;-23330;0;0;0;23330;-23330
2024-07-14T15:15;2024-07-14T15:30;62;kWh;-16705;0;0;0;16705;-16705
2024-07-14T15:30;2024-07-14T15:45;63;kWh;-33584;0;0;0;33584;-33584
2024-07-14T15:45;2024-07-14T16:00;64;kWh;-6455;0;0;0;6455;-6455
2024-07-14T16:00;2024-07-14T16:15;65;kWh;-9355;25;0;0;9380;-9330
2024-07-14T16:15;2024-07-14T16:30;66;kWh;-1556;4775;0;0;6331;3219
2024-07-14T16:30;2024-07-14T16:45;67;kWh;-805;2500;0;0;3305;1695
2024-07-14T16:45;2024-07-14T17:00;68;kWh;-5513;18;0;0;5531;-5495
2024-07-14T17:00;2024-07-14T17:15;69;kWh;-27240;0;0;0;27240;-27240
2024-07-14T17:15;2024-07-14T17:30;70;kWh;-5622;4093;0;0;9715;-1529
2024-07-14T17:30;2024-07-14T17:45;71;kWh;-77;1909;0;0;1986;1832
2024-07-14T17:45;2024-07-14T18:00;72;kWh;0;143;0;0;143;143
2024-07-14T18:00;2024-07-14T18:15;73;kWh;-30948;2613;0;0;33561;-28335
2024-07-14T18:15;2024-07-14T18:30;74;kWh;-19544;1867;0;0;21411;-17677
2024-07-14T18:30;2024-07-14T18:45;75;kWh;-454;58;0;0;512;-396
2024-07-14T18:45;2024-07-14T19:00;76;kWh;-1181;0;0;0;1181;-1181
2024-07-14T19:00;2024-07-14T19:15;77;kWh;-14200;366;0;0;14566;-13834
2024-07-14T19:15;2024-07-14T19:30;78;kWh;-12995;4102;0;0;17097;-8893
2024-07-14T19:30;2024-07-14T19:45;79;kWh;-18640;887;0;0;19527;-17753
2024-07-14T19:45;2024-07-14T20:00;80;kWh;-557;0;0;0;557;-557
2024-07-14T20:00;2024-07-14T20:15;81;kWh;-16843;0;0;0;16843;-16843
2024-07-14T20:15;2024-07-14T20:30;82;kWh;-191;10874;0;0;11065;10683
2024-07-14T20:30;2024-07-14T20:45;83;kWh;0;27397;0;0;27397;27397
2024-07-14T20:45;2024-07-14T21:00;84;kWh;0;59080;0;0;59080;59080
2024-07-14T21:00;2024-07-14T21:15;85;kWh;0;36231;0;0;36231;36231
2024-07-14T21:15;2024-07-14T21:30;86;kWh;0;22173;0;0;22173;22173
2024-07-14T21:30;2024-07-14T21:45;87;kWh;0;30308;0;0;30308;30308
2024-07-14T21:45;2024-07-14T22:00;88;kWh;0;24158;0;0;24158;24158
2024-07-14T22:00;2024-07-14T22:15;89;kWh;0;5097;0;0;5097;5097
2024-07-14T22:15;2024-07-14T22:30;90;kWh;0;0;0;0;0;0
2024-07-14T22:30;2024-07-14T22:45;91;kWh;0;0;0;0;0;0
2024-07-14T22:45;2024-07-14T23:00;92;kWh;-7;0;0;0;7;-7
2024-07-14T23:00;2024-07-14T23:15;93;kWh;-141;0;0;0;141;-141
2024-07-14T23:15;2024-07-14T23:30;94;kWh;-2246;0;0;0;2246;-2246
2024-07-14T23:30;2024-07-14T23:45;95;kWh;-1507;0;0;0;1507;-1507
2024-07-14T23:45;2024-07-15T00:00;96;kWh;-4038;0;0;0;4038;-4038
2024-07-15T00:00;2024-07-15T00:15;1;kWh;-626;3826;0;0;4452;3200
2024-07-15T00:15;2024-07-15T00:30;2;kWh;0;15708;0;0;15708;15708
2024-07-15T00:30;2024-07-15T00:45;3;kWh;-1694;6099;0;0;7793;4405
2024-07-15T00:45;2024-07-15T01:00;4;kWh;-4418;302;0;0;4720;-4116
2024-07-15T01:00;2024-07-15T01:15;5;kWh;-134;12;0;0;146;-122
2024-07-15T01:15;2024-07-15T01:30;6;kWh;-4915;0;0;0;4915;-4915
2024-07-15T01:30;2024-07-15T01:45;7;kWh;-5843;0;0;0;5843;-5843
2024-07-15T01:45;2024-07-15T02:00;8;kWh;-102;409;0;0;511;307
2024-07-15T02:00;2024-07-15T02:15;9;kWh;0;44;0;0;44;44
2024-07-15T02:15;2024-07-15T02:30;10;kWh;-3217;0;0;0;3217;-3217
2024-07-15T02:30;2024-07-15T02:45;11;kWh;-2799;0;0;0;2799;-2799
2024-07-15T02:45;2024-07-15T03:00;12;kWh;-470;11458;0;0;11928;10988
2024-07-15T03:00;2024-07-15T03:15;13;kWh;0;38050;0;0;38050;38050
2024-07-15T03:15;2024-07-15T03:30;14;kWh;0;25005;0;0;25005;25005
2024-07-15T03:30;2024-07-15T03:45;15;kWh;0;2644;0;0;2644;2644
2024-07-15T03:45;2024-07-15T04:00;16;kWh;0;1192;0;0;1192;1192
2024-07-15T04:00;2024-07-15T04:15;17;kWh;0;23118;0;0;23118;23118
2024-07-15T04:15;2024-07-15T04:30;18;kWh;-171;2550;0;0;2721;2379
2024-07-15T04:30;2024-07-15T04:45;19;kWh;0;1238;0;0;1238;1238
2024-07-15T04:45;2024-07-15T05:00;20;kWh;-11517;0;0;0;11517;-11517
2024-07-15T05:00;2024-07-15T05:15;21;kWh;-24911;0;0;0;24911;-24911
2024-07-15T05:15;2024-07-15T05:30;22;kWh;-32752;0;0;0;32752;-32752
2024-07-15T05:30;2024-07-15T05:45;23;kWh;-16009;0;0;0;16009;-16009
2024-07-15T05:45;2024-07-15T06:00;24;kWh;-26171;0;0;0;26171;-26171
2024-07-15T06:00;2024-07-15T06:15;25;kWh;-2099;21140;0;0;23239;19041
2024-07-15T06:15;2024-07-15T06:30;26;kWh;0;40063;0;0;40063;40063
2024-07-15T06:30;2024-07-15T06:45;27;kWh;0;9920;0;0;9920;9920
2024-07-15T06:45;2024-07-15T07:00;28;kWh;0;2084;0;0;2084;2084
2024-07-15T07:00;2024-07-15T07:15;29;kWh;0;17040;0;0;17040;17040
2024-07-15T07:15;2024-07-15T07:30;30;kWh;0;4950;0;0;4950;4950
2024-07-15T07:30;2024-07-15T07:45;31;kWh;-467;0;0;0;467;-467
2024-07-15T07:45;2024-07-15T08:00;32;kWh;-399;0;0;0;399;-399
2024-07-15T08:00;2024-07-15T08:15;33;kWh;0;0;0;0;0;0
2024-07-15T08:15;2024-07-15T08:30;34;kWh;-4;0;0;0;4;-4
2024-07-15T08:30;2024-07-15T08:45;35;kWh;-4;0;0;0;4;-4
2024-07-15T08:45;2024-07-15T09:00;36;kWh;0;0;0;0;0;0
2024-07-15T09:00;2024-07-15T09:15;37;kWh;0;0;0;0;0;0
2024-07-15T09:15;2024-07-15T09:30;38;kWh;0;6348;0;0;6348;6348
2024-07-15T09:30;2024-07-15T09:45;39;kWh;-11003;0;0;0;11003;-11003
2024-07-15T09:45;2024-07-15T10:00;40;kWh;-8457;0;0;0;8457;-8457
2024-07-15T10:00;2024-07-15T10:15;41;kWh;-6465;0;0;0;6465;-6465
2024-07-15T10:15;2024-07-15T10:30;42;kWh;-8654;0;0;0;8654;-8654
2024-07-15T10:30;2024-07-15T10:45;43;kWh;-10863;0;0;0;10863;-10863
2024-07-15T10:45;2024-07-15T11:00;44;kWh;-9972;0;0;0;9972;-9972
2024-07-15T11:00;2024-07-15T11:15;45;kWh;-1006;0;0;0;1006;-1006
2024-07-15T11:15;2024-07-15T11:30;46;kWh;0;32;0;0;32;32
2024-07-15T11:30;2024-07-15T11:45;47;kWh;0;19320;0;0;19320;19320
2024-07-15T11:45;2024-07-15T12:00;48;kWh;0;50465;0;0;50465;50465
2024-07-15T12:00;2024-07-15T12:15;49;kWh;0;3832;0;0;3832;3832
2024-07-15T12:15;2024-07-15T12:30;50;kWh;-1083;636;0;0;1719;-447
2024-07-15T12:30;2024-07-15T12:45;51;kWh;0;56;0;0;56;56
2024-07-15T12:45;2024-07-15T13:00;52;kWh;-5518;503;0;0;6021;-5015
2024-07-15T13:00;2024-07-15T13:15;53;kWh;-8749;0;0;0;8749;-8749
2024-07-15T13:15;2024-07-15T13:30;54;kWh;-7733;0;0;0;7733;-7733
2024-07-15T13:30;2024-07-15T13:45;55;kWh;-14699;0;0;0;14699;-14699
2024-07-15T13:45;2024-07-15T14:00;56;kWh;-10698;0;0;0;10698;-10698
2024-07-15T14:00;2024-07-15T14:15;57;kWh;-5698;0;0;0;5698;-5698
2024-07-15T14:15;2024-07-15T14:30;58;kWh;-10631;0;0;0;10631;-10631
2024-07-15T14:30;2024-07-15T14:45;59;kWh;-4061;0;0;0;4061;-4061
2024-07-15T14:45;2024-07-15T15:00;60;kWh;-1529;0;0;0;1529;-1529
2024-07-15T15:00;2024-07-15T15:15;61;kWh;-6771;0;0;0;6771;-6771
2024-07-15T15:15;2024-07-15T15:30;62;kWh;-794;3803;0;0;4597;3009
2024-07-15T15:30;2024-07-15T15:45;63;kWh;0;11945;0;0;11945;11945
2024-07-15T15:45;2024-07-15T16:00;64;kWh;0;72286;0;0;72286;72286
2024-07-15T16:00;2024-07-15T16:15;65;kWh;-24614;25;0;0;24639;-24589
2024-07-15T16:15;2024-07-15T16:30;66;kWh;-9117;0;0;0;9117;-9117
2024-07-15T16:30;2024-07-15T16:45;67;kWh;0;0;0;0;0;0
2024-07-15T16:45;2024-07-15T17:00;68;kWh;0;0;0;0;0;0
2024-07-15T17:00;2024-07-15T17:15;69;kWh;-18166;206;0;0;18372;-17960
2024-07-15T17:15;2024-07-15T17:30;70;kWh;-9163;1199;0;0;10362;-7964
2024-07-15T17:30;2024-07-15T17:45;71;kWh;-34;1297;0;0;1331;1263
2024-07-15T17:45;2024-07-15T18:00;72;kWh;0;35455;0;0;35455;35455
2024-07-15T18:00;2024-07-15T18:15;73;kWh;0;96080;0;0;96080;96080
2024-07-15T18:15;2024-07-15T18:30;74;kWh;0;45740;0;0;45740;45740
2024-07-15T18:30;2024-07-15T18:45;75;kWh;0;91843;0;0;91843;91843
2024-07-15T18:45;2024-07-15T19:00;76;kWh;0;94017;0;0;94017;94017
2024-07-15T19:00;2024-07-15T19:15;77;kWh;0;93810;0;0;93810;93810
2024-07-15T19:15;2024-07-15T19:30;78;kWh;0;93974;0;0;93974;93974
2024-07-15T19:30;2024-07-15T19:45;79;kWh;0;94016;0;0;94016;94016
2024-07-15T19:45;2024-07-15T20:00;80;kWh;0;94017;0;0;94017;94017
2024-07-15T20:00;2024-07-15T20:15;81;kWh;0;93598;0;0;93598;93598
2024-07-15T20:15;2024-07-15T20:30;82;kWh;0;93516;0;0;93516;93516
2024-07-15T20:30;2024-07-15T20:45;83;kWh;0;43973;0;0;43973;43973
2024-07-15T20:45;2024-07-15T21:00;84;kWh;0;4871;0;0;4871;4871
2024-07-15T21:00;2024-07-15T21:15;85;kWh;0;2996;0;0;2996;2996
2024-07-15T21:15;2024-07-15T21:30;86;kWh;0;242;0;0;242;242
2024-07-15T21:30;2024-07-15T21:45;87;kWh;0;1460;0;0;1460;1460
2024-07-15T21:45;2024-07-15T22:00;88;kWh;0;30280;0;0;30280;30280
2024-07-15T22:00;2024-07-15T22:15;89;kWh;0;4329;0;0;4329;4329
2024-07-15T22:15;2024-07-15T22:30;90;kWh;0;5921;0;0;5921;5921
2024-07-15T22:30;2024-07-15T22:45;91;kWh;-21;4482;0;0;4503;4461
2024-07-15T22:45;2024-07-15T23:00;92;kWh;-19890;0;0;0;19890;-19890
2024-07-15T23:00;2024-07-15T23:15;93;kWh;-36331;0;0;0;36331;-36331
2024-07-15T23:15;2024-07-15T23:30;94;kWh;-29368;0;0;0;29368;-29368
2024-07-15T23:30;2024-07-15T23:45;95;kWh;-1087;21706;0;0;22793;20619
2024-07-15T23:45;2024-07-16T00:00;96;kWh;-344;7827;0;0;8171;7483
2024-07-16T00:00;2024-07-16T00:15;1;kWh;-17616;61;0;0;17677;-17555
2024-07-16T00:15;2024-07-16T00:30;2;kWh;-1116;0;0;0;1116;-1116
2024-07-16T00:30;2024-07-16T00:45;3;kWh;-96;0;0;0;96;-96
2024-07-16T00:45;2024-07-16T01:00;4;kWh;-15205;0;0;0;15205;-15205
2024-07-16T01:00;2024-07-16T01:15;5;kWh;-9746;383;0;0;10129;-9363
2024-07-16T01:15;2024-07-16T01:30;6;kWh;0;22783;0;0;22783;22783
2024-07-16T01:30;2024-07-16T01:45;7;kWh;-4645;2731;0;0;7376;-1914
2024-07-16T01:45;2024-07-16T02:00;8;kWh;-50488;0;0;0;50488;-50488
2024-07-16T02:00;2024-07-16T02:15;9;kWh;-6091;1548;0;0;7639;-4543
2024-07-16T02:15;2024-07-16T02:30;10;kWh;0;12572;0;0;12572;12572
2024-07-16T02:30;2024-07-16T02:45;11;kWh;0;37777;0;0;37777;37777
2024-07-16T02:45;2024-07-16T03:00;12;kWh;0;19784;0;0;19784;19784
2024-07-16T03:00;2024-07-16T03:15;13;kWh;0;68164;0;0;68164;68164
2024-07-16T03:15;2024-07-16T03:30;14;kWh;0;30488;0;0;30488;30488
2024-07-16T03:30;2024-07-16T03:45;15;kWh;-264;697;0;0;961;433
2024-07-16T03:45;2024-07-16T04:00;16;kWh;-3280;1828;0;0;5108;-1452
2024-07-16T04:00;2024-07-16T04:15;17;kWh;-8623;107;0;0;8730;-8516
2024-07-16T04:15;2024-07-16T04:30;18;kWh;-12611;0;0;0;12611;-12611
2024-07-16T04:30;2024-07-16T04:45;19;kWh;-1586;0;0;0;1586;-1586
2024-07-16T04:45;2024-07-16T05:00;20;kWh;-16239;0;0;0;16239;-16239
2024-07-16T05:00;2024-07-16T05:15;21;kWh;-5877;0;0;0;5877;-5877
2024-07-16T05:15;2024-07-16T05:30;22;kWh;-7328;167;0;0;7495;-7161
2024-07-16T05:30;2024-07-16T05:45;23;kWh;-5657;43;0;0;5700;-5614
2024-07-16T05:45;2024-07-16T06:00;24;kWh;-2751;0;0;0;2751;-2751
2024-07-16T06:00;2024-07-16T06:15;25;kWh;-1083;11121;0;0;12204;10038
2024-07-16T06:15;2024-07-16T06:30;26;kWh;0;38312;0;0;38312;38312
2024-07-16T06:30;2024-07-16T06:45;27;kWh;0;19671;0;0;19671;19671
2024-07-16T06:45;2024-07-16T07:00;28;kWh;0;14984;0;0;14984;14984
2024-07-16T07:00;2024-07-16T07:15;29;kWh;0;24230;0;0;24230;24230
2024-07-16T07:15;2024-07-16T07:30;30;kWh;0;42284;0;0;42284;42284
2024-07-16T07:30;2024-07-16T07:45;31;kWh;0;14372;0;0;14372;14372
2024-07-16T07:45;2024-07-16T08:00;32;kWh;0;13369;0;0;13369;13369
2024-07-16T08:00;2024-07-16T08:15;33;kWh;-885;1;0;0;886;-884
2024-07-16T08:15;2024-07-16T08:30;34;kWh;-7230;0;0;0;7230;-7230
2024-07-16T08:30;2024-07-16T08:45;35;kWh;-15022;0;0;0;15022;-15022
2024-07-16T08:45;2024-07-16T09:00;36;kWh;-13970;0;0;0;13970;-13970
2024-07-16T09:00;2024-07-16T09:15;37;kWh;-1957;18614;0;0;20571;16657
2024-07-16T09:15;2024-07-16T09:30;38;kWh;0;2336;0;0;2336;2336
2024-07-16T09:30;2024-07-16T09:45;39;kWh;-3680;17108;0;0;20788;13428
2024-07-16T09:45;2024-07-16T10:00;40;kWh;-3156;15314;0;0;18470;12158
2024-07-16T10:00;2024-07-16T10:15;41;kWh;-1095;9035;0;0;10130;7940
2024-07-16T10:15;2024-07-16T10:30;42;kWh;0;5547;0;0;5547;5547
2024-07-16T10:30;2024-07-16T10:45;43;kWh;-16718;321;0;0;17039;-16397
2024-07-16T10:45;2024-07-16T11:00;44;kWh;-15628;7828;0;0;23456;-7800
2024-07-16T11:00;2024-07-16T11:15;45;kWh;-18369;665;0;0;19034;-17704
2024-07-16T11:15;2024-07-16T11:30;46;kWh;-20228;0;0;0;20228;-20228
2024-07-16T11:30;2024-07-16T11:45;47;kWh;-21006;0;0;0;21006;-21006
2024-07-16T11:45;2024-07-16T12:00;48;kWh;-21835;260;0;0;22095;-21575
2024-07-16T12:00;2024-07-16T12:15;49;kWh;-1931;2321;0;0;4252;390
2024-07-16T12:15;2024-07-16T12:30;50;kWh;0;18593;0;0;18593;18593
2024-07-16T12:30;2024-07-16T12:45;51;kWh;-4456;16297;0;0;20753;11841
2024-07-16T12:45;2024-07-16T13:00;52;kWh;-4005;26175;0;0;30180;22170
2024-07-16T13:00;2024-07-16T13:15;53;kWh;-11254;0;0;0;11254;-11254
2024-07-16T13:15;2024-07-16T13:30;54;kWh;-11698;0;0;0;11698;-11698
2024-07-16T13:30;2024-07-16T13:45;55;kWh;-16792;0;0;0;16792;-16792
2024-07-16T13:45;2024-07-16T14:00;56;kWh;-10976;0;0;0;10976;-10976
2024-07-16T14:00;2024-07-16T14:15;57;kWh;-1006;610;0;0;1616;-396
2024-07-16T14:15;2024-07-16T14:30;58;kWh;-1181;12716;0;0;13897;11535
2024-07-16T14:30;2024-07-16T14:45;59;kWh;-7675;0;0;0;7675;-7675
2024-07-16T14:45;2024-07-16T15:00;60;kWh;-7159;0;0;0;7159;-7159
2024-07-16T15:00;2024-07-16T15:15;61;kWh;-5372;0;0;0;5372;-5372
2024-07-16T15:15;2024-07-16T15:30;62;kWh;-24605;0;0;0;24605;-24605
2024-07-16T15:30;2024-07-16T15:45;63;kWh;-62427;0;0;0;62427;-62427
2024-07-16T15:45;2024-07-16T16:00;64;kWh;-70202;0;0;0;70202;-70202
2024-07-16T16:00;2024-07-16T16:15;65;kWh;-50452;0;0;0;50452;-50452
2024-07-16T16:15;2024-07-16T16:30;66;kWh;-23937;0;0;0;23937;-23937
2024-07-16T16:30;2024-07-16T16:45;67;kWh;-10043;0;0;0;10043;-10043
2024-07-16T16:45;2024-07-16T17:00;68;kWh;-158;0;0;0;158;-158
2024-07-16T17:00;2024-07-16T17:15;69;kWh;-8780;6800;0;0;15580;-1980
2024-07-16T17:15;2024-07-16T17:30;70;kWh;0;6756;0;0;6756;6756
2024-07-16T17:30;2024-07-16T17:45;71;kWh;0;8246;0;0;8246;8246
2024-07-16T17:45;2024-07-16T18:00;72;kWh;-13786;22612;0;0;36398;8826
2024-07-16T18:00;2024-07-16T18:15;73;kWh;-44912;574;0;0;45486;-44338
2024-07-16T18:15;2024-07-16T18:30;74;kWh;-6317;1446;0;0;7763;-4871
2024-07-16T18:30;2024-07-16T18:45;75;kWh;-15001;1726;0;0;16727;-13275
2024-07-16T18:45;2024-07-16T19:00;76;kWh;0;8549;0;0;8549;8549
2024-07-16T19:00;2024-07-16T19:15;77;kWh;-18540;114;0;0;18654;-18426
2024-07-16T19:15;2024-07-16T19:30;78;kWh;-10677;0;0;0;10677;-10677
2024-07-16T19:30;2024-07-16T19:45;79;kWh;0;0;0;0;0;0
2024-07-16T19:45;2024-07-16T20:00;80;kWh;0;0;0;0;0;0
2024-07-16T20:00;2024-07-16T20:15;81;kWh;-28962;0;0;0;28962;-28962
2024-07-16T20:15;2024-07-16T20:30;82;kWh;-4590;0;0;0;4590;-4590
2024-07-16T20:30;2024-07-16T20:45;83;kWh;-4354;0;0;0;4354;-4354
2024-07-16T20:45;2024-07-16T21:00;84;kWh;-50;0;0;0;50;-50
2024-07-16T21:00;2024-07-16T21:15;85;kWh;-16982;0;0;0;16982;-16982
2024-07-16T21:15;2024-07-16T21:30;86;kWh;-46489;0;0;0;46489;-46489
2024-07-16T21:30;2024-07-16T21:45;87;kWh;-54352;0;0;0;54352;-54352
2024-07-16T21:45;2024-07-16T22:00;88;kWh;-76481;0;0;0;76481;-76481
2024-07-16T22:00;2024-07-16T22:15;89;kWh;-45154;0;0;0;45154;-45154
2024-07-16T22:15;2024-07-16T22:30;90;kWh;-45285;0;0;0;45285;-45285
2024-07-16T22:30;2024-07-16T22:45;91;kWh;-53437;0;0;0;53437;-53437
2024-07-16T22:45;2024-07-16T23:00;92;kWh;-70646;0;0;0;70646;-70646
2024-07-16T23:00;2024-07-16T23:15;93;kWh;-30126;0;0;0;30126;-30126
2024-07-16T23:15;2024-07-16T23:30;94;kWh;-17437;0;0;0;17437;-17437
2024-07-16T23:30;2024-07-16T23:45;95;kWh;-15784;0;0;0;15784;-15784
2024-07-16T23:45;2024-07-17T00:00;96;kWh;-23996;0;0;0;23996;-23996
2024-07-17T00:00;2024-07-17T00:15;1;kWh;-50974;0;0;0;50974;-50974
2024-07-17T00:15;2024-07-17T00:30;2;kWh;-20897;0;0;0;20897;-20897
2024-07-17T00:30;2024-07-17T00:45;3;kWh;-2607;0;0;0;2607;-2607
2024-07-17T00:45;2024-07-17T01:00;4;kWh;-22227;0;0;0;22227;-22227
2024-07-17T01:00;2024-07-17T01:15;5;kWh;-37224;0;0;0;37224;-37224
2024-07-17T01:15;2024-07-17T01:30;6;kWh;-9342;0;0;0;9342;-9342
2024-07-17T01:30;2024-07-17T01:45;7;kWh;-5541;0;0;0;5541;-5541
2024-07-17T01:45;2024-07-17T02:00;8;kWh;-1254;780;0;0;2034;-474
2024-07-17T02:00;2024-07-17T02:15;9;kWh;0;11047;0;0;11047;11047
2024-07-17T02:15;2024-07-17T02:30;10;kWh;0;28379;0;0;28379;28379
2024-07-17T02:30;2024-07-17T02:45;11;kWh;0;35882;0;0;35882;35882
2024-07-17T02:45;2024-07-17T03:00;12;kWh;0;32140;0;0;32140;32140
2024-07-17T03:00;2024-07-17T03:15;13;kWh;0;11464;0;0;11464;11464
2024-07-17T03:15;2024-07-17T03:30;14;kWh;-2515;0;0;0;2515;-2515
2024-07-17T03:30;2024-07-17T03:45;15;kWh;-2273;406;0;0;2679;-1867
2024-07-17T03:45;2024-07-17T04:00;16;kWh;-23569;0;0;0;23569;-23569
2024-07-17T04:00;2024-07-17T04:15;17;kWh;-9826;1108;0;0;10934;-8718
2024-07-17T04:15;2024-07-17T04:30;18;kWh;0;34694;0;0;34694;34694
2024-07-17T04:30;2024-07-17T04:45;19;kWh;0;44093;0;0;44093;44093
2024-07-17T04:45;2024-07-17T05:00;20;kWh;0;49528;0;0;49528;49528
2024-07-17T05:00;2024-07-17T05:15;21;kWh;-475;4631;0;0;5106;4156
2024-07-17T05:15;2024-07-17T05:30;22;kWh;-15996;0;0;0;15996;-15996
2024-07-17T05:30;2024-07-17T05:45;23;kWh;-12089;0;0;0;12089;-12089
2024-07-17T05:45;2024-07-17T06:00;24;kWh;-836;0;0;0;836;-836
2024-07-17T06:00;2024-07-17T06:15;25;kWh;-38822;0;0;0;38822;-38822
2024-07-17T06:15;2024-07-17T06:30;26;kWh;-8530;52;0;0;8582;-8478
2024-07-17T06:30;2024-07-17T06:45;27;kWh;0;0;0;0;0;0
2024-07-17T06:45;2024-07-17T07:00;28;kWh;-79;11012;0;0;11091;10933
2024-07-17T07:00;2024-07-17T07:15;29;kWh;0;10366;0;0;10366;10366
2024-07-17T07:15;2024-07-17T07:30;30;kWh;0;6096;0;0;6096;6096
2024-07-17T07:30;2024-07-17T07:45;31;kWh;0;8152;0;0;8152;8152
2024-07-17T07:45;2024-07-17T08:00;32;kWh;0;23647;0;0;23647;23647
2024-07-17T08:00;2024-07-17T08:15;33;kWh;0;26200;0;0;26200;26200
2024-07-17T08:15;2024-07-17T08:30;34;kWh;-478;4028;0;0;4506;3550
2024-07-17T08:30;2024-07-17T08:45;35;kWh;-2110;294;0;0;2404;-1816
2024-07-17T08:45;2024-07-17T09:00;36;kWh;-8050;0;0;0;8050;-8050
2024-07-17T09:00;2024-07-17T09:15;37;kWh;-1261;41239;0;0;42500;39978
2024-07-17T09:15;2024-07-17T09:30;38;kWh;-64;30658;0;0;30722;30594
2024-07-17T09:30;2024-07-17T09:45;39;kWh;-4380;327;0;0;4707;-4053
2024-07-17T09:45;2024-07-17T10:00;40;kWh;-39081;0;0;0;39081;-39081
2024-07-17T10:00;2024-07-17T10:15;41;kWh;-3297;5633;0;0;8930;2336
2024-07-17T10:15;2024-07-17T10:30;42;kWh;-362;19;0;0;381;-343
2024-07-17T10:30;2024-07-17T10:45;43;kWh;0;68;0;0;68;68
2024-07-17T10:45;2024-07-17T11:00;44;kWh;-35561;0;0;0;35561;-35561
2024-07-17T11:00;2024-07-17T11:15;45;kWh;-981;58764;0;0;59745;57783
2024-07-17T11:15;2024-07-17T11:30;46;kWh;-2848;3902;0;0;6750;1054
2024-07-17T11:30;2024-07-17T11:45;47;kWh;-46552;0;0;0;46552;-46552
2024-07-17T11:45;2024-07-17T12:00;48;kWh;-42867;4653;0;0;47520;-38214
2024-07-17T12:00;2024-07-17T12:15;49;kWh;-50;3844;0;0;3894;3794
2024-07-17T12:15;2024-07-17T12:30;50;kWh;-8286;66;0;0;8352;-8220
2024-07-17T12:30;2024-07-17T12:45;51;kWh;-58009;0;0;0;58009;-58009
2024-07-17T12:45;2024-07-17T13:00;52;kWh;-51193;34;0;0;51227;-51159
2024-07-17T13:00;2024-07-17T13:15;53;kWh;-46224;513;0;0;46737;-45711
2024-07-17T13:15;2024-07-17T13:30;54;kWh;-70836;0;0;0;70836;-70836
2024-07-17T13:30;2024-07-17T13:45;55;kWh;-66854;0;0;0;66854;-66854
2024-07-17T13:45;2024-07-17T14:00;56;kWh;-40980;322;0;0;41302;-40658
2024-07-17T14:00;2024-07-17T14:15;57;kWh;-11209;748;0;0;11957;-10461
2024-07-17T14:15;2024-07-17T14:30;58;kWh;-33552;27;0;0;33579;-33525
2024-07-17T14:30;2024-07-17T14:45;59;kWh;-24331;0;0;0;24331;-24331
2024-07-17T14:45;2024-07-17T15:00;60;kWh;-19531;0;0;0;19531;-19531
2024-07-17T15:00;2024-07-17T15:15;61;kWh;-28227;0;0;0;28227;-28227
2024-07-17T15:15;2024-07-17T15:30;62;kWh;-20930;0;0;0;20930;-20930
2024-07-17T15:30;2024-07-17T15:45;63;kWh;-30579;0;0;0;30579;-30579
2024-07-17T15:45;2024-07-17T16:00;64;kWh;-35125;0;0;0;35125;-35125
2024-07-17T16:00;2024-07-17T16:15;65;kWh;-67869;0;0;0;67869;-67869
2024-07-17T16:15;2024-07-17T16:30;66;kWh;-10323;0;0;0;10323;-10323
2024-07-17T16:30;2024-07-17T16:45;67;kWh;-5482;5;0;0;5487;-5477
2024-07-17T16:45;2024-07-17T17:00;68;kWh;-1662;1049;0;0;2711;-613
2024-07-17T17:00;2024-07-17T17:15;69;kWh;-50823;205;0;0;51028;-50618
2024-07-17T17:15;2024-07-17T17:30;70;kWh;-18135;1382;0;0;19517;-16753
2024-07-17T17:30;2024-07-17T17:45;71;kWh;-13573;6;0;0;13579;-13567
2024-07-17T17:45;2024-07-17T18:00;72;kWh;-17;39403;0;0;39420;39386
2024-07-17T18:00;2024-07-17T18:15;73;kWh;-24606;2937;0;0;27543;-21669
2024-07-17T18:15;2024-07-17T18:30;74;kWh;-25161;0;0;0;25161;-25161
2024-07-17T18:30;2024-07-17T18:45;75;kWh;-41067;0;0;0;41067;-41067
2024-07-17T18:45;2024-07-17T19:00;76;kWh;-71057;0;0;0;71057;-71057
2024-07-17T19:00;2024-07-17T19:15;77;kWh;-34116;0;0;0;34116;-34116
2024-07-17T19:15;2024-07-17T19:30;78;kWh;-18102;0;0;0;18102;-18102
2024-07-17T19:30;2024-07-17T19:45;79;kWh;-6096;324;0;0;6420;-5772
2024-07-17T19:45;2024-07-17T20:00;80;kWh;0;28642;0;0;28642;28642
2024-07-17T20:00;2024-07-17T20:15;81;kWh;0;6914;0;0;6914;6914
2024-07-17T20:15;2024-07-17T20:30;82;kWh;-719;311;0;0;1030;-408
2024-07-17T20:30;2024-07-17T20:45;83;kWh;0;21386;0;0;21386;21386
2024-07-17T20:45;2024-07-17T21:00;84;kWh;0;43373;0;0;43373;43373
2024-07-17T21:00;2024-07-17T21:15;85;kWh;0;32664;0;0;32664;32664
2024-07-17T21:15;2024-07-17T21:30;86;kWh;0;47631;0;0;47631;47631
2024-07-17T21:30;2024-07-17T21:45;87;kWh;0;36311;0;0;36311;36311
2024-07-17T21:45;2024-07-17T22:00;88;kWh;0;1652;0;0;1652;1652
2024-07-17T22:00;2024-07-17T22:15;89;kWh;0;0;0;0;0;0
2024-07-17T22:15;2024-07-17T22:30;90;kWh;0;345;0;0;345;345
2024-07-17T22:30;2024-07-17T22:45;91;kWh;0;3220;0;0;3220;3220
2024-07-17T22:45;2024-07-17T23:00;92;kWh;-14;247;0;0;261;233
2024-07-17T23:00;2024-07-17T23:15;93;kWh;-164;0;0;0;164;-164
2024-07-17T23:15;2024-07-17T23:30;94;kWh;-1151;0;0;0;1151;-1151
2024-07-17T23:30;2024-07-17T23:45;95;kWh;-941;0;0;0;941;-941
2024-07-17T23:45;2024-07-18T00:00;96;kWh;-441;0;0;0;441;-441
2024-07-18T00:00;2024-07-18T00:15;1;kWh;-150;1170;0;0;1320;1020
2024-07-18T00:15;2024-07-18T00:30;2;kWh;0;25754;0;0;25754;25754
2024-07-18T00:30;2024-07-18T00:45;3;kWh;0;19128;0;0;19128;19128
2024-07-18T00:45;2024-07-18T01:00;4;kWh;0;28247;0;0;28247;28247
2024-07-18T01:00;2024-07-18T01:15;5;kWh;0;3140;0;0;3140;3140
2024-07-18T01:15;2024-07-18T01:30;6;kWh;0;4740;0;0;4740;4740
2024-07-18T01:30;2024-07-18T01:45;7;kWh;-23;386;0;0;409;363
2024-07-18T01:45;2024-07-18T02:00;8;kWh;-1434;0;0;0;1434;-1434
2024-07-18T02:00;2024-07-18T02:15;9;kWh;-4323;0;0;0;4323;-4323
2024-07-18T02:15;2024-07-18T02:30;10;kWh;-3055;0;0;0;3055;-3055
2024-07-18T02:30;2024-07-18T02:45;11;kWh;-4952;0;0;0;4952;-4952
2024-07-18T02:45;2024-07-18T03:00;12;kWh;-3324;0;0;0;3324;-3324
2024-07-18T03:00;2024-07-18T03:15;13;kWh;-3123;0;0;0;3123;-3123
2024-07-18T03:15;2024-07-18T03:30;14;kWh;0;4444;0;0;4444;4444
2024-07-18T03:30;2024-07-18T03:45;15;kWh;0;1209;0;0;1209;1209
2024-07-18T03:45;2024-07-18T04:00;16;kWh;0;253;0;0;253;253
2024-07-18T04:00;2024-07-18T04:15;17;kWh;0;0;0;0;0;0
2024-07-18T04:15;2024-07-18T04:30;18;kWh;-1;0;0;0;1;-1
2024-07-18T04:30;2024-07-18T04:45;19;kWh;-1508;0;0;0;1508;-1508
2024-07-18T04:45;2024-07-18T05:00;20;kWh;-4333;0;0;0;4333;-4333
2024-07-18T05:00;2024-07-18T05:15;21;kWh;-28031;0;0;0;28031;-28031
2024-07-18T05:15;2024-07-18T05:30;22;kWh;-13939;0;0;0;13939;-13939
2024-07-18T05:30;2024-07-18T05:45;23;kWh;-6164;0;0;0;6164;-6164
2024-07-18T05:45;2024-07-18T06:00;24;kWh;-754;0;0;0;754;-754
2024-07-18T06:00;2024-07-18T06:15;25;kWh;-824;14994;0;0;15818;14170
2024-07-18T06:15;2024-07-18T06:30;26;kWh;0;5058;0;0;5058;5058
2024-07-18T06:30;2024-07-18T06:45;27;kWh;-3634;0;0;0;3634;-3634
2024-07-18T06:45;2024-07-18T07:00;28;kWh;-17075;0;0;0;17075;-17075
2024-07-18T07:00;2024-07-18T07:15;29;kWh;-6701;1329;0;0;8030;-5372
2024-07-18T07:15;2024-07-18T07:30;30;kWh;-18010;0;0;0;18010;-18010
2024-07-18T07:30;2024-07-18T07:45;31;kWh;-43577;0;0;0;43577;-43577
2024-07-18T07:45;2024-07-18T08:00;32;kWh;-69566;0;0;0;69566;-69566
2024-07-18T08:00;2024-07-18T08:15;33;kWh;-14572;0;0;0;14572;-14572
2024-07-18T08:15;2024-07-18T08:30;34;kWh;-1307;0;0;0;1307;-1307
2024-07-18T08:30;2024-07-18T08:45;35;kWh;-1500;0;0;0;1500;-1500
2024-07-18T08:45;2024-07-18T09:00;36;kWh;-1366;0;0;0;1366;-1366
2024-07-18T09:00;2024-07-18T09:15;37;kWh;-846;0;0;0;846;-846
2024-07-18T09:15;2024-07-18T09:30;38;kWh;-982;77;0;0;1059;-905
2024-07-18T09:30;2024-07-18T09:45;39;kWh;-6651;0;0;0;6651;-6651
2024-07-18T09:45;2024-07-18T10:00;40;kWh;-6755;0;0;0;6755;-6755
2024-07-18T10:00;2024-07-18T10:15;41;kWh;-3408;0;0;0;3408;-3408
2024-07-18T10:15;2024-07-18T10:30;42;kWh;-17933;0;0;0;17933;-17933
2024-07-18T10:30;2024-07-18T10:45;43;kWh;-32377;0;0;0;32377;-32377
2024-07-18T10:45;2024-07-18T11:00;44;kWh;-19468;0;0;0;19468;-19468
2024-07-18T11:00;2024-07-18T11:15;45;kWh;-24389;0;0;0;24389;-24389
2024-07-18T11:15;2024-07-18T11:30;46;kWh;-22002;0;0;0;22002;-22002
2024-07-18T11:30;2024-07-18T11:45;47;kWh;-22767;0;0;0;22767;-22767
2024-07-18T11:45;2024-07-18T12:00;48;kWh;-27500;0;0;0;27500;-27500
2024-07-18T12:00;2024-07-18T12:15;49;kWh;-25280;0;0;0;25280;-25280
2024-07-18T12:15;2024-07-18T12:30;50;kWh;-19432;0;0;0;19432;-19432
2024-07-18T12:30;2024-07-18T12:45;51;kWh;-22371;0;0;0;22371;-22371
2024-07-18T12:45;2024-07-18T13:00;52;kWh;-17905;0;0;0;17905;-17905
2024-07-18T13:00;2024-07-18T13:15;53;kWh;-9454;0;0;0;9454;-9454
2024-07-18T13:15;2024-07-18T13:30;54;kWh;-6165;0;0;0;6165;-6165
2024-07-18T13:30;2024-07-18T13:45;55;kWh;-1502;0;0;0;1502;-1502
2024-07-18T13:45;2024-07-18T14:00;56;kWh;-17676;0;0;0;17676;-17676
2024-07-18T14:00;2024-07-18T14:15;57;kWh;-7513;0;0;0;7513;-7513
2024-07-18T14:15;2024-07-18T14:30;58;kWh;-1954;0;0;0;1954;-1954
2024-07-18T14:30;2024-07-18T14:45;59;kWh;-5945;0;0;0;5945;-5945
2024-07-18T14:45;2024-07-18T15:00;60;kWh;-1064;0;0;0;1064;-1064
2024-07-18T15:00;2024-07-18T15:15;61;kWh;-30049;0;0;0;30049;-30049
2024-07-18T15:15;2024-07-18T15:30;62;kWh;-19464;0;0;0;19464;-19464
2024-07-18T15:30;2024-07-18T15:45;63;kWh;-22941;12;0;0;22953;-22929
2024-07-18T15:45;2024-07-18T16:00;64;kWh;-7232;8;0;0;7240;-7224
2024-07-18T16:00;2024-07-18T16:15;65;kWh;-25265;0;0;0;25265;-25265
2024-07-18T16:15;2024-07-18T16:30;66;kWh;-22817;0;0;0;22817;-22817
2024-07-18T16:30;2024-07-18T16:45;67;kWh;-20876;1037;0;0;21913;-19839
2024-07-18T16:45;2024-07-18T17:00;68;kWh;-35172;402;0;0;35574;-34770
2024-07-18T17:00;2024-07-18T17:15;69;kWh;-32197;0;0;0;32197;-32197
2024-07-18T17:15;2024-07-18T17:30;70;kWh;-40364;0;0;0;40364;-40364
2024-07-18T17:30;2024-07-18T17:45;71;kWh;-38975;1199;0;0;40174;-37776
2024-07-18T17:45;2024-07-18T18:00;72;kWh;-18138;1001;0;0;19139;-17137
2024-07-18T18:00;2024-07-18T18:15;73;kWh;-53967;0;0;0;53967;-53967
2024-07-18T18:15;2024-07-18T18:30;74;kWh;-46020;0;0;0;46020;-46020
2024-07-18T18:30;2024-07-18T18:45;75;kWh;-49713;0;0;0;49713;-49713
2024-07-18T18:45;2024-07-18T19:00;76;kWh;-5013;1034;0;0;6047;-3979
2024-07-18T19:00;2024-07-18T19:15;77;kWh;-61713;0;0;0;61713;-61713
2024-07-18T19:15;2024-07-18T19:30;78;kWh;-42506;0;0;0;42506;-42506
2024-07-18T19:30;2024-07-18T19:45;79;kWh;-2712;0;0;0;2712;-2712
2024-07-18T19:45;2024-07-18T20:00;80;kWh;-8;32956;0;0;32964;32948
2024-07-18T20:00;2024-07-18T20:15;81;kWh;0;9241;0;0;9241;9241
2024-07-18T20:15;2024-07-18T20:30;82;kWh;0;22163;0;0;22163;22163
2024-07-18T20:30;2024-07-18T20:45;83;kWh;0;44960;0;0;44960;44960
2024-07-18T20:45;2024-07-18T21:00;84;kWh;0;30410;0;0;30410;30410
2024-07-18T21:00;2024-07-18T21:15;85;kWh;0;38724;0;0;38724;38724
2024-07-18T21:15;2024-07-18T21:30;86;kWh;0;40023;0;0;40023;40023
2024-07-18T21:30;2024-07-18T21:45;87;kWh;0;41651;0;0;41651;41651
2024-07-18T21:45;2024-07-18T22:00;88;kWh;0;17036;0;0;17036;17036
2024-07-18T22:00;2024-07-18T22:15;89;kWh;0;21327;0;0;21327;21327
2024-07-18T22:15;2024-07-18T22:30;90;kWh;0;15176;0;0;15176;15176
2024-07-18T22:30;2024-07-18T22:45;91;kWh;0;1367;0;0;1367;1367
2024-07-18T22:45;2024-07-18T23:00;92;kWh;-2166;7;0;0;2173;-2159
2024-07-18T23:00;2024-07-18T23:15;93;kWh;-752;17686;0;0;18438;16934
2024-07-18T23:15;2024-07-18T23:30;94;kWh;0;28524;0;0;28524;28524
2024-07-18T23:30;2024-07-18T23:45;95;kWh;0;15931;0;0;15931;15931
2024-07-18T23:45;2024-07-19T00:00;96;kWh;-248;729;0;0;977;481
2024-07-19T00:00;2024-07-19T00:15;1;kWh;-5097;0;0;0;5097;-5097
2024-07-19T00:15;2024-07-19T00:30;2;kWh;-7369;0;0;0;7369;-7369
2024-07-19T00:30;2024-07-19T00:45;3;kWh;-17486;0;0;0;17486;-17486
2024-07-19T00:45;2024-07-19T01:00;4;kWh;-45471;0;0;0;45471;-45471
2024-07-19T01:00;2024-07-19T01:15;5;kWh;-1784;76;0;0;1860;-1708
2024-07-19T01:15;2024-07-19T01:30;6;kWh;-2103;0;0;0;2103;-2103
2024-07-19T01:30;2024-07-19T01:45;7;kWh;-6440;0;0;0;6440;-6440
2024-07-19T01:45;2024-07-19T02:00;8;kWh;-20587;0;0;0;20587;-20587
2024-07-19T02:00;2024-07-19T02:15;9;kWh;-7079;0;0;0;7079;-7079
2024-07-19T02:15;2024-07-19T02:30;10;kWh;-2309;0;0;0;2309;-2309
2024-07-19T02:30;2024-07-19T02:45;11;kWh;-18960;0;0;0;18960;-18960
2024-07-19T02:45;2024-07-19T03:00;12;kWh;-40857;0;0;0;40857;-40857
2024-07-19T03:00;2024-07-19T03:15;13;kWh;-13852;0;0;0;13852;-13852
2024-07-19T03:15;2024-07-19T03:30;14;kWh;-18166;0;0;0;18166;-18166
2024-07-19T03:30;2024-07-19T03:45;15;kWh;-27752;0;0;0;27752;-27752
2024-07-19T03:45;2024-07-19T04:00;16;kWh;-12393;0;0;0;12393;-12393
2024-07-19T04:00;2024-07-19T04:15;17;kWh;-5616;0;0;0;5616;-5616
2024-07-19T04:15;2024-07-19T04:30;18;kWh;-471;0;0;0;471;-471
2024-07-19T04:30;2024-07-19T04:45;19;kWh;-209;381;0;0;590;172
2024-07-19T04:45;2024-07-19T05:00;20;kWh;0;398;0;0;398;398
2024-07-19T05:00;2024-07-19T05:15;21;kWh;0;7253;0;0;7253;7253
2024-07-19T05:15;2024-07-19T05:30;22;kWh;0;12652;0;0;12652;12652
2024-07-19T05:30;2024-07-19T05:45;23;kWh;0;6624;0;0;6624;6624
2024-07-19T05:45;2024-07-19T06:00;24;kWh;-1218;1064;0;0;2282;-154
2024-07-19T06:00;2024-07-19T06:15;25;kWh;-2911;4234;0;0;7145;1323
2024-07-19T06:15;2024-07-19T06:30;26;kWh;0;16104;0;0;16104;16104
2024-07-19T06:30;2024-07-19T06:45;27;kWh;0;11006;0;0;11006;11006
2024-07-19T06:45;2024-07-19T07:00;28;kWh;0;11653;0;0;11653;11653
2024-07-19T07:00;2024-07-19T07:15;29;kWh;0;21364;0;0;21364;21364
2024-07-19T07:15;2024-07-19T07:30;30;kWh;0;11949;0;0;11949;11949
2024-07-19T07:30;2024-07-19T07:45;31;kWh;0;15478;0;0;15478;15478
2024-07-19T07:45;2024-07-19T08:00;32;kWh;0;34490;0;0;34490;34490
2024-07-19T08:00;2024-07-19T08:15;33;kWh;-5824;4610;0;0;10434;-1214
2024-07-19T08:15;2024-07-19T08:30;34;kWh;-21097;0;0;0;21097;-21097
2024-07-19T08:30;2024-07-19T08:45;35;kWh;-8403;1061;0;0;9464;-7342
2024-07-19T08:45;2024-07-19T09:00;36;kWh;0;39273;0;0;39273;39273
2024-07-19T09:00;2024-07-19T09:15;37;kWh;0;2824;0;0;2824;2824
2024-07-19T09:15;2024-07-19T09:30;38;kWh;0;28593;0;0;28593;28593
2024-07-19T09:30;2024-07-19T09:45;39;kWh;0;33784;0;0;33784;33784
2024-07-19T09:45;2024-07-19T10:00;40;kWh;-12809;386;0;0;13195;-12423
2024-07-19T10:00;2024-07-19T10:15;41;kWh;-12093;0;0;0;12093;-12093
2024-07-19T10:15;2024-07-19T10:30;42;kWh;-14076;148;0;0;14224;-13928
2024-07-19T10:30;2024-07-19T10:45;43;kWh;-6198;783;0;0;6981;-5415
2024-07-19T10:45;2024-07-19T11:00;44;kWh;-28767;0;0;0;28767;-28767
2024-07-19T11:00;2024-07-19T11:15;45;kWh;-5670;472;0;0;6142;-5198
2024-07-19T11:15;2024-07-19T11:30;46;kWh;-669;455;0;0;1124;-214
2024-07-19T11:30;2024-07-19T11:45;47;kWh;0;8272;0;0;8272;8272
2024-07-19T11:45;2024-07-19T12:00;48;kWh;0;3778;0;0;3778;3778
2024-07-19T12:00;2024-07-19T12:15;49;kWh;0;15894;0;0;15894;15894
2024-07-19T12:15;2024-07-19T12:30;50;kWh;0;1445;0;0;1445;1445
2024-07-19T12:30;2024-07-19T12:45;51;kWh;0;2670;0;0;2670;2670
2024-07-19T12:45;2024-07-19T13:00;52;kWh;-10543;0;0;0;10543;-10543
2024-07-19T13:00;2024-07-19T13:15;53;kWh;-18371;0;0;0;18371;-18371
2024-07-19T13:15;2024-07-19T13:30;54;kWh;-20727;0;0;0;20727;-20727
2024-07-19T13:30;2024-07-19T13:45;55;kWh;-13532;0;0;0;13532;-13532
2024-07-19T13:45;2024-07-19T14:00;56;kWh;-23229;0;0;0;23229;-23229
2024-07-19T14:00;2024-07-19T14:15;57;kWh;-4253;0;0;0;4253;-4253
2024-07-19T14:15;2024-07-19T14:30;58;kWh;-522;0;0;0;522;-522
2024-07-19T14:30;2024-07-19T14:45;59;kWh;0;0;0;0;0;0
2024-07-19T14:45;2024-07-19T15:00;60;kWh;0;0;0;0;0;0
2024-07-19T15:00;2024-07-19T15:15;61;kWh;0;2822;0;0;2822;2822
2024-07-19T15:15;2024-07-19T15:30;62;kWh;0;12913;0;0;12913;12913
2024-07-19T15:30;2024-07-19T15:45;63;kWh;0;3880;0;0;3880;3880
2024-07-19T15:45;2024-07-19T16:00;64;kWh;0;586;0;0;586;586
2024-07-19T16:00;2024-07-19T16:15;65;kWh;0;138;0;0;138;138
2024-07-19T16:15;2024-07-19T16:30;66;kWh;-172;0;0;0;172;-172
2024-07-19T16:30;2024-07-19T16:45;67;kWh;-18198;0;0;0;18198;-18198
2024-07-19T16:45;2024-07-19T17:00;68;kWh;-8228;0;0;0;8228;-8228
2024-07-19T17:00;2024-07-19T17:15;69;kWh;-22100;0;0;0;22100;-22100
2024-07-19T17:15;2024-07-19T17:30;70;kWh;-21617;0;0;0;21617;-21617
2024-07-19T17:30;2024-07-19T17:45;71;kWh;-32287;0;0;0;32287;-32287
2024-07-19T17:45;2024-07-19T18:00;72;kWh;-19107;0;0;0;19107;-19107
2024-07-19T18:00;2024-07-19T18:15;73;kWh;-27605;0;0;0;27605;-27605
2024-07-19T18:15;2024-07-19T18:30;74;kWh;-11227;0;0;0;11227;-11227
2024-07-19T18:30;2024-07-19T18:45;75;kWh;-26478;0;0;0;26478;-26478
2024-07-19T18:45;2024-07-19T19:00;76;kWh;-6197;0;0;0;6197;-6197
2024-07-19T19:00;2024-07-19T19:15;77;kWh;-32823;0;0;0;32823;-32823
2024-07-19T19:15;2024-07-19T19:30;78;kWh;-35104;0;0;0;35104;-35104
2024-07-19T19:30;2024-07-19T19:45;79;kWh;-581;0;0;0;581;-581
2024-07-19T19:45;2024-07-19T20:00;80;kWh;0;0;0;0;0;0
2024-07-19T20:00;2024-07-19T20:15;81;kWh;-19686;0;0;0;19686;-19686
2024-07-19T20:15;2024-07-19T20:30;82;kWh;-4701;398;0;0;5099;-4303
2024-07-19T20:30;2024-07-19T20:45;83;kWh;0;3247;0;0;3247;3247
2024-07-19T20:45;2024-07-19T21:00;84;kWh;0;9519;0;0;9519;9519
2024-07-19T21:00;2024-07-19T21:15;85;kWh;0;7475;0;0;7475;7475
2024-07-19T21:15;2024-07-19T21:30;86;kWh;0;0;0;0;0;0
2024-07-19T21:30;2024-07-19T21:45;87;kWh;-2226;65;0;0;2291;-2161
2024-07-19T21:45;2024-07-19T22:00;88;kWh;-12780;0;0;0;12780;-12780
2024-07-19T22:00;2024-07-19T22:15;89;kWh;-8610;0;0;0;8610;-8610
2024-07-19T22:15;2024-07-19T22:30;90;kWh;-13169;0;0;0;13169;-13169
2024-07-19T22:30;2024-07-19T22:45;91;kWh;-19414;0;0;0;19414;-19414
2024-07-19T22:45;2024-07-19T23:00;92;kWh;-23582;0;0;0;23582;-23582
2024-07-19T23:00;2024-07-19T23:15;93;kWh;-39463;0;0;0;39463;-39463
2024-07-19T23:15;2024-07-19T23:30;94;kWh;-32251;0;0;0;32251;-32251
2024-07-19T23:30;2024-07-19T23:45;95;kWh;-29490;0;0;0;29490;-29490
2024-07-19T23:45;2024-07-20T00:00;96;kWh;-17134;0;0;0;17134;-17134
2024-07-20T00:00;2024-07-20T00:15;1;kWh;-25672;0;0;0;25672;-25672
2024-07-20T00:15;2024-07-20T00:30;2;kWh;-31512;0;0;0;31512;-31512
2024-07-20T00:30;2024-07-20T00:45;3;kWh;-54789;0;0;0;54789;-54789
2024-07-20T00:45;2024-07-20T01:00;4;kWh;-38512;0;0;0;38512;-38512
2024-07-20T01:00;2024-07-20T01:15;5;kWh;-39876;0;0;0;39876;-39876
2024-07-20T01:15;2024-07-20T01:30;6;kWh;-71029;0;0;0;71029;-71029
2024-07-20T01:30;2024-07-20T01:45;7;kWh;-66496;0;0;0;66496;-66496
2024-07-20T01:45;2024-07-20T02:00;8;kWh;-68831;0;0;0;68831;-68831
2024-07-20T02:00;2024-07-20T02:15;9;kWh;-56000;0;0;0;56000;-56000
2024-07-20T02:15;2024-07-20T02:30;10;kWh;-34520;0;0;0;34520;-34520
2024-07-20T02:30;2024-07-20T02:45;11;kWh;-65495;0;0;0;65495;-65495
2024-07-20T02:45;2024-07-20T03:00;12;kWh;-35199;0;0;0;35199;-35199
2024-07-20T03:00;2024-07-20T03:15;13;kWh;-5787;268;0;0;6055;-5519
2024-07-20T03:15;2024-07-20T03:30;14;kWh;0;9984;0;0;9984;9984
2024-07-20T03:30;2024-07-20T03:45;15;kWh;0;13288;0;0;13288;13288
2024-07-20T03:45;2024-07-20T04:00;16;kWh;0;4482;0;0;4482;4482
2024-07-20T04:00;2024-07-20T04:15;17;kWh;0;8743;0;0;8743;8743
2024-07-20T04:15;2024-07-20T04:30;18;kWh;0;15199;0;0;15199;15199
2024-07-20T04:30;2024-07-20T04:45;19;kWh;0;10393;0;0;10393;10393
2024-07-20T04:45;2024-07-20T05:00;20;kWh;0;7234;0;0;7234;7234
2024-07-20T05:00;2024-07-20T05:15;21;kWh;0;1485;0;0;1485;1485
2024-07-20T05:15;2024-07-20T05:30;22;kWh;0;10212;0;0;10212;10212
2024-07-20T05:30;2024-07-20T05:45;23;kWh;0;3757;0;0;3757;3757
2024-07-20T05:45;2024-07-20T06:00;24;kWh;0;15703;0;0;15703;15703
2024-07-20T06:00;2024-07-20T06:15;25;kWh;0;61921;0;0;61921;61921
2024-07-20T06:15;2024-07-20T06:30;26;kWh;0;52078;0;0;52078;52078
2024-07-20T06:30;2024-07-20T06:45;27;kWh;0;5602;0;0;5602;5602
2024-07-20T06:45;2024-07-20T07:00;28;kWh;0;606;0;0;606;606
2024-07-20T07:00;2024-07-20T07:15;29;kWh;0;32732;0;0;32732;32732
2024-07-20T07:15;2024-07-20T07:30;30;kWh;0;26869;0;0;26869;26869
2024-07-20T07:30;2024-07-20T07:45;31;kWh;0;123;0;0;123;123
2024-07-20T07:45;2024-07-20T08:00;32;kWh;0;1456;0;0;1456;1456
2024-07-20T08:00;2024-07-20T08:15;33;kWh;0;32589;0;0;32589;32589
2024-07-20T08:15;2024-07-20T08:30;34;kWh;0;45508;0;0;45508;45508
2024-07-20T08:30;2024-07-20T08:45;35;kWh;0;22582;0;0;22582;22582
2024-07-20T08:45;2024-07-20T09:00;36;kWh;0;2272;0;0;2272;2272
2024-07-20T09:00;2024-07-20T09:15;37;kWh;0;1912;0;0;1912;1912
2024-07-20T09:15;2024-07-20T09:30;38;kWh;-2529;0;0;0;2529;-2529
2024-07-20T09:30;2024-07-20T09:45;39;kWh;-4325;0;0;0;4325;-4325
2024-07-20T09:45;2024-07-20T10:00;40;kWh;-13937;0;0;0;13937;-13937
2024-07-20T10:00;2024-07-20T10:15;41;kWh;-4438;0;0;0;4438;-4438
2024-07-20T10:15;2024-07-20T10:30;42;kWh;-5325;0;0;0;5325;-5325
2024-07-20T10:30;2024-07-20T10:45;43;kWh;-6044;0;0;0;6044;-6044
2024-07-20T10:45;2024-07-20T11:00;44;kWh;-7850;0;0;0;7850;-7850
2024-07-20T11:00;2024-07-20T11:15;45;kWh;-18663;0;0;0;18663;-18663
2024-07-20T11:15;2024-07-20T11:30;46;kWh;-19121;0;0;0;19121;-19121
2024-07-20T11:30;2024-07-20T11:45;47;kWh;-18056;0;0;0;18056;-18056
2024-07-20T11:45;2024-07-20T12:00;48;kWh;-15979;0;0;0;15979;-15979
2024-07-20T12:00;2024-07-20T12:15;49;kWh;-15907;0;0;0;15907;-15907
2024-07-20T12:15;2024-07-20T12:30;50;kWh;-15353;0;0;0;15353;-15353
2024-07-20T12:30;2024-07-20T12:45;51;kWh;-14173;0;0;0;14173;-14173
2024-07-20T12:45;2024-07-20T13:00;52;kWh;-19326;0;0;0;19326;-19326
2024-07-20T13:00;2024-07-20T13:15;53;kWh;-6531;0;0;0;6531;-6531
2024-07-20T13:15;2024-07-20T13:30;54;kWh;-7217;0;0;0;7217;-7217
2024-07-20T13:30;2024-07-20T13:45;55;kWh;-14998;0;0;0;14998;-14998
2024-07-20T13:45;2024-07-20T14:00;56;kWh;-11420;0;0;0;11420;-11420
2024-07-20T14:00;2024-07-20T14:15;57;kWh;-9233;33;0;0;9266;-9200
2024-07-20T14:15;2024-07-20T14:30;58;kWh;-11069;125;0;0;11194;-10944
2024-07-20T14:30;2024-07-20T14:45;59;kWh;-18832;0;0;0;18832;-18832
2024-07-20T14:45;2024-07-20T15:00;60;kWh;-9926;0;0;0;9926;-9926
2024-07-20T15:00;2024-07-20T15:15;61;kWh;-13634;0;0;0;13634;-13634
2024-07-20T15:15;2024-07-20T15:30;62;kWh;-13017;0;0;0;13017;-13017
2024-07-20T15:30;2024-07-20T15:45;63;kWh;-3191;0;0;0;3191;-3191
2024-07-20T15:45;2024-07-20T16:00;64;kWh;-3610;0;0;0;3610;-3610
2024-07-20T16:00;2024-07-20T16:15;65;kWh;-10146;0;0;0;10146;-10146
2024-07-20T16:15;2024-07-20T16:30;66;kWh;-10452;64;0;0;10516;-10388
2024-07-20T16:30;2024-07-20T16:45;67;kWh;0;727;0;0;727;727
2024-07-20T16:45;2024-07-20T17:00;68;kWh;-4280;0;0;0;4280;-4280
2024-07-20T17:00;2024-07-20T17:15;69;kWh;-21055;0;0;0;21055;-21055
2024-07-20T17:15;2024-07-20T17:30;70;kWh;-14906;0;0;0;14906;-14906
2024-07-20T17:30;2024-07-20T17:45;71;kWh;-7383;0;0;0;7383;-7383
2024-07-20T17:45;2024-07-20T18:00;72;kWh;0;0;0;0;0;0
2024-07-20T18:00;2024-07-20T18:15;73;kWh;-17754;0;0;0;17754;-17754
2024-07-20T18:15;2024-07-20T18:30;74;kWh;-27128;0;0;0;27128;-27128
2024-07-20T18:30;2024-07-20T18:45;75;kWh;-3514;0;0;0;3514;-3514
2024-07-20T18:45;2024-07-20T19:00;76;kWh;-317;0;0;0;317;-317
2024-07-20T19:00;2024-07-20T19:15;77;kWh;-1577;0;0;0;1577;-1577
2024-07-20T19:15;2024-07-20T19:30;78;kWh;-10199;0;0;0;10199;-10199
2024-07-20T19:30;2024-07-20T19:45;79;kWh;-1453;0;0;0;1453;-1453
2024-07-20T19:45;2024-07-20T20:00;80;kWh;-144;0;0;0;144;-144
2024-07-20T20:00;2024-07-20T20:15;81;kWh;-25788;0;0;0;25788;-25788
2024-07-20T20:15;2024-07-20T20:30;82;kWh;-9018;0;0;0;9018;-9018
2024-07-20T20:30;2024-07-20T20:45;83;kWh;-470;0;0;0;470;-470
2024-07-20T20:45;2024-07-20T21:00;84;kWh;0;0;0;0;0;0
2024-07-20T21:00;2024-07-20T21:15;85;kWh;-140;0;0;0;140;-140
2024-07-20T21:15;2024-07-20T21:30;86;kWh;-5885;0;0;0;5885;-5885
2024-07-20T21:30;2024-07-20T21:45;87;kWh;-2751;0;0;0;2751;-2751
2024-07-20T21:45;2024-07-20T22:00;88;kWh;0;10801;0;0;10801;10801
2024-07-20T22:00;2024-07-20T22:15;89;kWh;0;42280;0;0;42280;42280
2024-07-20T22:15;2024-07-20T22:30;90;kWh;0;5237;0;0;5237;5237
2024-07-20T22:30;2024-07-20T22:45;91;kWh;0;0;0;0;0;0
2024-07-20T22:45;2024-07-20T23:00;92;kWh;-10488;0;0;0;10488;-10488
2024-07-20T23:00;2024-07-20T23:15;93;kWh;-7457;0;0;0;7457;-7457
2024-07-20T23:15;2024-07-20T23:30;94;kWh;-15015;0;0;0;15015;-15015
2024-07-20T23:30;2024-07-20T23:45;95;kWh;-14422;0;0;0;14422;-14422
2024-07-20T23:45;2024-07-21T00:00;96;kWh;-27286;0;0;0;27286;-27286
2024-07-21T00:00;2024-07-21T00:15;1;kWh;-5329;3400;0;0;8729;-1929
2024-07-21T00:15;2024-07-21T00:30;2;kWh;0;7151;0;0;7151;7151
2024-07-21T00:30;2024-07-21T00:45;3;kWh;0;388;0;0;388;388
2024-07-21T00:45;2024-07-21T01:00;4;kWh;0;11246;0;0;11246;11246
2024-07-21T01:00;2024-07-21T01:15;5;kWh;0;28855;0;0;28855;28855
2024-07-21T01:15;2024-07-21T01:30;6;kWh;0;35381;0;0;35381;35381
2024-07-21T01:30;2024-07-21T01:45;7;kWh;0;36531;0;0;36531;36531
2024-07-21T01:45;2024-07-21T02:00;8;kWh;-12;28060;0;0;28072;28048
2024-07-21T02:00;2024-07-21T02:15;9;kWh;-539;967;0;0;1506;428
2024-07-21T02:15;2024-07-21T02:30;10;kWh;0;10678;0;0;10678;10678
2024-07-21T02:30;2024-07-21T02:45;11;kWh;0;4552;0;0;4552;4552
2024-07-21T02:45;2024-07-21T03:00;12;kWh;0;21297;0;0;21297;21297
2024-07-21T03:00;2024-07-21T03:15;13;kWh;0;8169;0;0;8169;8169
2024-07-21T03:15;2024-07-21T03:30;14;kWh;0;32357;0;0;32357;32357
2024-07-21T03:30;2024-07-21T03:45;15;kWh;0;47713;0;0;47713;47713
2024-07-21T03:45;2024-07-21T04:00;16;kWh;0;47835;0;0;47835;47835
2024-07-21T04:00;2024-07-21T04:15;17;kWh;0;49795;0;0;49795;49795
2024-07-21T04:15;2024-07-21T04:30;18;kWh;0;43681;0;0;43681;43681
2024-07-21T04:30;2024-07-21T04:45;19;kWh;0;17591;0;0;17591;17591
2024-07-21T04:45;2024-07-21T05:00;20;kWh;0;397;0;0;397;397
2024-07-21T05:00;2024-07-21T05:15;21;kWh;0;21168;0;0;21168;21168
2024-07-21T05:15;2024-07-21T05:30;22;kWh;0;41381;0;0;41381;41381
2024-07-21T05:30;2024-07-21T05:45;23;kWh;0;14348;0;0;14348;14348
2024-07-21T05:45;2024-07-21T06:00;24;kWh;0;52089;0;0;52089;52089
2024-07-21T06:00;2024-07-21T06:15;25;kWh;0;8061;0;0;8061;8061
2024-07-21T06:15;2024-07-21T06:30;26;kWh;-246;168;0;0;414;-78
2024-07-21T06:30;2024-07-21T06:45;27;kWh;-16988;0;0;0;16988;-16988
2024-07-21T06:45;2024-07-21T07:00;28;kWh;-28518;0;0;0;28518;-28518
2024-07-21T07:00;2024-07-21T07:15;29;kWh;-4050;0;0;0;4050;-4050
2024-07-21T07:15;2024-07-21T07:30;30;kWh;-4906;0;0;0;4906;-4906
2024-07-21T07:30;2024-07-21T07:45;31;kWh;-23233;0;0;0;23233;-23233
2024-07-21T07:45;2024-07-21T08:00;32;kWh;-36572;0;0;0;36572;-36572
2024-07-21T08:00;2024-07-21T08:15;33;kWh;-5635;0;0;0;5635;-5635
2024-07-21T08:15;2024-07-21T08:30;34;kWh;-4174;0;0;0;4174;-4174
2024-07-21T08:30;2024-07-21T08:45;35;kWh;-16635;0;0;0;16635;-16635
2024-07-21T08:45;2024-07-21T09:00;36;kWh;-20806;0;0;0;20806;-20806
2024-07-21T09:00;2024-07-21T09:15;37;kWh;-9878;0;0;0;9878;-9878
2024-07-21T09:15;2024-07-21T09:30;38;kWh;-663;13375;0;0;14038;12712
2024-07-21T09:30;2024-07-21T09:45;39;kWh;0;783;0;0;783;783
2024-07-21T09:45;2024-07-21T10:00;40;kWh;0;6510;0;0;6510;6510
2024-07-21T10:00;2024-07-21T10:15;41;kWh;0;91698;0;0;91698;91698
2024-07-21T10:15;2024-07-21T10:30;42;kWh;0;57116;0;0;57116;57116
2024-07-21T10:30;2024-07-21T10:45;43;kWh;0;3524;0;0;3524;3524
2024-07-21T10:45;2024-07-21T11:00;44;kWh;0;1393;0;0;1393;1393
2024-07-21T11:00;2024-07-21T11:15;45;kWh;-3410;0;0;0;3410;-3410
2024-07-21T11:15;2024-07-21T11:30;46;kWh;-1893;19709;0;0;21602;17816
2024-07-21T11:30;2024-07-21T11:45;47;kWh;0;74604;0;0;74604;74604
2024-07-21T11:45;2024-07-21T12:00;48;kWh;0;101479;0;0;101479;101479
2024-07-21T12:00;2024-07-21T12:15;49;kWh;0;106750;0;0;106750;106750
2024-07-21T12:15;2024-07-21T12:30;50;kWh;0;107001;0;0;107001;107001
2024-07-21T12:30;2024-07-21T12:45;51;kWh;0;106888;0;0;106888;106888
2024-07-21T12:45;2024-07-21T13:00;52;kWh;0;61155;0;0;61155;61155
2024-07-21T13:00;2024-07-21T13:15;53;kWh;0;13701;0;0;13701;13701
2024-07-21T13:15;2024-07-21T13:30;54;kWh;-7529;17405;0;0;24934;9876
2024-07-21T13:30;2024-07-21T13:45;55;kWh;-9322;27509;0;0;36831;18187
2024-07-21T13:45;2024-07-21T14:00;56;kWh;-7693;5866;0;0;13559;-1827
2024-07-21T14:00;2024-07-21T14:15;57;kWh;-16378;0;0;0;16378;-16378
2024-07-21T14:15;2024-07-21T14:30;58;kWh;0;0;0;0;0;0
2024-07-21T14:30;2024-07-21T14:45;59;kWh;0;0;0;0;0;0
2024-07-21T14:45;2024-07-21T15:00;60;kWh;0;1641;0;0;1641;1641
2024-07-21T15:00;2024-07-21T15:15;61;kWh;0;51772;0;0;51772;51772
2024-07-21T15:15;2024-07-21T15:30;62;kWh;0;22189;0;0;22189;22189
2024-07-21T15:30;2024-07-21T15:45;63;kWh;0;19170;0;0;19170;19170
2024-07-21T15:45;2024-07-21T16:00;64;kWh;0;23259;0;0;23259;23259
2024-07-21T16:00;2024-07-21T16:15;65;kWh;0;13268;0;0;13268;13268
2024-07-21T16:15;2024-07-21T16:30;66;kWh;0;45851;0;0;45851;45851
2024-07-21T16:30;2024-07-21T16:45;67;kWh;0;100199;0;0;100199;100199
2024-07-21T16:45;2024-07-21T17:00;68;kWh;0;100461;0;0;100461;100461
2024-07-21T17:00;2024-07-21T17:15;69;kWh;0;76430;0;0;76430;76430
2024-07-21T17:15;2024-07-21T17:30;70;kWh;0;7726;0;0;7726;7726
2024-07-21T17:30;2024-07-21T17:45;71;kWh;-540;3485;0;0;4025;2945
2024-07-21T17:45;2024-07-21T18:00;72;kWh;-238;0;0;0;238;-238
2024-07-21T18:00;2024-07-21T18:15;73;kWh;0;0;0;0;0;0
2024-07-21T18:15;2024-07-21T18:30;74;kWh;-1394;0;0;0;1394;-1394
2024-07-21T18:30;2024-07-21T18:45;75;kWh;-1055;0;0;0;1055;-1055
2024-07-21T18:45;2024-07-21T19:00;76;kWh;-680;0;0;0;680;-680
2024-07-21T19:00;2024-07-21T19:15;77;kWh;-32157;0;0;0;32157;-32157
2024-07-21T19:15;2024-07-21T19:30;78;kWh;-9167;0;0;0;9167;-9167
2024-07-21T19:30;2024-07-21T19:45;79;kWh;0;10658;0;0;10658;10658
2024-07-21T19:45;2024-07-21T20:00;80;kWh;0;33947;0;0;33947;33947
2024-07-21T20:00;2024-07-21T20:15;81;kWh;0;25151;0;0;25151;25151
2024-07-21T20:15;2024-07-21T20:30;82;kWh;0;45106;0;0;45106;45106
2024-07-21T20:30;2024-07-21T20:45;83;kWh;0;26296;0;0;26296;26296
2024-07-21T20:45;2024-07-21T21:00;84;kWh;0;11270;0;0;11270;11270
2024-07-21T21:00;2024-07-21T21:15;85;kWh;0;888;0;0;888;888
2024-07-21T21:15;2024-07-21T21:30;86;kWh;0;0;0;0;0;0
2024-07-21T21:30;2024-07-21T21:45;87;kWh;0;0;0;0;0;0
2024-07-21T21:45;2024-07-21T22:00;88;kWh;0;241;0;0;241;241
2024-07-21T22:00;2024-07-21T22:15;89;kWh;0;6565;0;0;6565;6565
2024-07-21T22:15;2024-07-21T22:30;90;kWh;0;2549;0;0;2549;2549
2024-07-21T22:30;2024-07-21T22:45;91;kWh;0;2207;0;0;2207;2207
2024-07-21T22:45;2024-07-21T23:00;92;kWh;-5087;243;0;0;5330;-4844
2024-07-21T23:00;2024-07-21T23:15;93;kWh;-11854;0;0;0;11854;-11854
2024-07-21T23:15;2024-07-21T23:30;94;kWh;-28351;0;0;0;28351;-28351
2024-07-21T23:30;2024-07-21T23:45;95;kWh;-10034;0;0;0;10034;-10034
2024-07-21T23:45;2024-07-22T00:00;96;kWh;-17484;0;0;0;17484;-17484
2024-07-22T00:00;2024-07-22T00:15;1;kWh;-1621;73;0;0;1694;-1548
2024-07-22T00:15;2024-07-22T00:30;2;kWh;0;5484;0;0;5484;5484
2024-07-22T00:30;2024-07-22T00:45;3;kWh;0;8331;0;0;8331;8331
2024-07-22T00:45;2024-07-22T01:00;4;kWh;0;7990;0;0;7990;7990
2024-07-22T01:00;2024-07-22T01:15;5;kWh;0;0;0;0;0;0
2024-07-22T01:15;2024-07-22T01:30;6;kWh;-92;0;0;0;92;-92
2024-07-22T01:30;2024-07-22T01:45;7;kWh;-580;0;0;0;580;-580
2024-07-22T01:45;2024-07-22T02:00;8;kWh;0;7109;0;0;7109;7109
2024-07-22T02:00;2024-07-22T02:15;9;kWh;0;9253;0;0;9253;9253
2024-07-22T02:15;2024-07-22T02:30;10;kWh;0;13824;0;0;13824;13824
2024-07-22T02:30;2024-07-22T02:45;11;kWh;0;13410;0;0;13410;13410
2024-07-22T02:45;2024-07-22T03:00;12;kWh;0;21150;0;0;21150;21150
2024-07-22T03:00;2024-07-22T03:15;13;kWh;0;16075;0;0;16075;16075
2024-07-22T03:15;2024-07-22T03:30;14;kWh;0;14128;0;0;14128;14128
2024-07-22T03:30;2024-07-22T03:45;15;kWh;0;36;0;0;36;36
2024-07-22T03:45;2024-07-22T04:00;16;kWh;0;2378;0;0;2378;2378
2024-07-22T04:00;2024-07-22T04:15;17;kWh;0;477;0;0;477;477
2024-07-22T04:15;2024-07-22T04:30;18;kWh;0;226;0;0;226;226
2024-07-22T04:30;2024-07-22T04:45;19;kWh;0;1501;0;0;1501;1501
2024-07-22T04:45;2024-07-22T05:00;20;kWh;0;638;0;0;638;638
2024-07-22T05:00;2024-07-22T05:15;21;kWh;-3469;0;0;0;3469;-3469
2024-07-22T05:15;2024-07-22T05:30;22;kWh;-6225;0;0;0;6225;-6225
2024-07-22T05:30;2024-07-22T05:45;23;kWh;-253;0;0;0;253;-253
2024-07-22T05:45;2024-07-22T06:00;24;kWh;0;471;0;0;471;471
2024-07-22T06:00;2024-07-22T06:15;25;kWh;-1657;3018;0;0;4675;1361
2024-07-22T06:15;2024-07-22T06:30;26;kWh;0;21471;0;0;21471;21471
2024-07-22T06:30;2024-07-22T06:45;27;kWh;0;725;0;0;725;725
2024-07-22T06:45;2024-07-22T07:00;28;kWh;0;0;0;0;0;0
2024-07-22T07:00;2024-07-22T07:15;29;kWh;-2137;1080;0;0;3217;-1057
2024-07-22T07:15;2024-07-22T07:30;30;kWh;-210;2457;0;0;2667;2247
2024-07-22T07:30;2024-07-22T07:45;31;kWh;-12565;0;0;0;12565;-12565
2024-07-22T07:45;2024-07-22T08:00;32;kWh;-15117;0;0;0;15117;-15117
2024-07-22T08:00;2024-07-22T08:15;33;kWh;-7315;0;0;0;7315;-7315
2024-07-22T08:15;2024-07-22T08:30;34;kWh;-9077;0;0;0;9077;-9077
2024-07-22T08:30;2024-07-22T08:45;35;kWh;-22116;0;0;0;22116;-22116
2024-07-22T08:45;2024-07-22T09:00;36;kWh;-49587;0;0;0;49587;-49587
2024-07-22T09:00;2024-07-22T09:15;37;kWh;-5799;16238;0;0;22037;10439
2024-07-22T09:15;2024-07-22T09:30;38;kWh;0;27331;0;0;27331;27331
2024-07-22T09:30;2024-07-22T09:45;39;kWh;-7;9963;0;0;9970;9956
2024-07-22T09:45;2024-07-22T10:00;40;kWh;-3276;0;0;0;3276;-3276
2024-07-22T10:00;2024-07-22T10:15;41;kWh;-1727;83;0;0;1810;-1644
2024-07-22T10:15;2024-07-22T10:30;42;kWh;0;54663;0;0;54663;54663
2024-07-22T10:30;2024-07-22T10:45;43;kWh;0;52382;0;0;52382;52382
2024-07-22T10:45;2024-07-22T11:00;44;kWh;0;4340;0;0;4340;4340
2024-07-22T11:00;2024-07-22T11:15;45;kWh;-319;454;0;0;773;135
2024-07-22T11:15;2024-07-22T11:30;46;kWh;-555;0;0;0;555;-555
2024-07-22T11:30;2024-07-22T11:45;47;kWh;-8;0;0;0;8;-8
2024-07-22T11:45;2024-07-22T12:00;48;kWh;-43;0;0;0;43;-43
2024-07-22T12:00;2024-07-22T12:15;49;kWh;-460;0;0;0;460;-460
2024-07-22T12:15;2024-07-22T12:30;50;kWh;0;2833;0;0;2833;2833
2024-07-22T12:30;2024-07-22T12:45;51;kWh;-2;0;0;0;2;-2
2024-07-22T12:45;2024-07-22T13:00;52;kWh;-952;0;0;0;952;-952
2024-07-22T13:00;2024-07-22T13:15;53;kWh;-7;12648;0;0;12655;12641
2024-07-22T13:15;2024-07-22T13:30;54;kWh;-59;16168;0;0;16227;16109
2024-07-22T13:30;2024-07-22T13:45;55;kWh;-8559;89;0;0;8648;-8470
2024-07-22T13:45;2024-07-22T14:00;56;kWh;-26474;0;0;0;26474;-26474
2024-07-22T14:00;2024-07-22T14:15;57;kWh;-14871;0;0;0;14871;-14871
2024-07-22T14:15;2024-07-22T14:30;58;kWh;-9941;0;0;0;9941;-9941
2024-07-22T14:30;2024-07-22T14:45;59;kWh;-21355;0;0;0;21355;-21355
2024-07-22T14:45;2024-07-22T15:00;60;kWh;-26298;0;0;0;26298;-26298
2024-07-22T15:00;2024-07-22T15:15;61;kWh;-47030;0;0;0;47030;-47030
2024-07-22T15:15;2024-07-22T15:30;62;kWh;-17127;0;0;0;17127;-17127
2024-07-22T15:30;2024-07-22T15:45;63;kWh;-15647;0;0;0;15647;-15647
2024-07-22T15:45;2024-07-22T16:00;64;kWh;-19455;0;0;0;19455;-19455
2024-07-22T16:00;2024-07-22T16:15;65;kWh;-5027;1296;0;0;6323;-3731
2024-07-22T16:15;2024-07-22T16:30;66;kWh;-9224;7252;0;0;16476;-1972
2024-07-22T16:30;2024-07-22T16:45;67;kWh;-4867;2020;0;0;6887;-2847
2024-07-22T16:45;2024-07-22T17:00;68;kWh;-485;2133;0;0;2618;1648
2024-07-22T17:00;2024-07-22T17:15;69;kWh;-11075;144;0;0;11219;-10931
2024-07-22T17:15;2024-07-22T17:30;70;kWh;-1775;312;0;0;2087;-1463
2024-07-22T17:30;2024-07-22T17:45;71;kWh;-1528;1250;0;0;2778;-278
2024-07-22T17:45;2024-07-22T18:00;72;kWh;0;6594;0;0;6594;6594
2024-07-22T18:00;2024-07-22T18:15;73;kWh;-3102;631;0;0;3733;-2471
2024-07-22T18:15;2024-07-22T18:30;74;kWh;-21925;3099;0;0;25024;-18826
2024-07-22T18:30;2024-07-22T18:45;75;kWh;-5283;9646;0;0;14929;4363
2024-07-22T18:45;2024-07-22T19:00;76;kWh;-7999;1;0;0;8000;-7998
2024-07-22T19:00;2024-07-22T19:15;77;kWh;0;52526;0;0;52526;52526
2024-07-22T19:15;2024-07-22T19:30;78;kWh;0;34087;0;0;34087;34087
2024-07-22T19:30;2024-07-22T19:45;79;kWh;0;34672;0;0;34672;34672
2024-07-22T19:45;2024-07-22T20:00;80;kWh;0;58014;0;0;58014;58014
2024-07-22T20:00;2024-07-22T20:15;81;kWh;0;47473;0;0;47473;47473
2024-07-22T20:15;2024-07-22T20:30;82;kWh;0;27900;0;0;27900;27900
2024-07-22T20:30;2024-07-22T20:45;83;kWh;0;49696;0;0;49696;49696
2024-07-22T20:45;2024-07-22T21:00;84;kWh;0;38864;0;0;38864;38864
2024-07-22T21:00;2024-07-22T21:15;85;kWh;0;11639;0;0;11639;11639
2024-07-22T21:15;2024-07-22T21:30;86;kWh;0;1452;0;0;1452;1452
2024-07-22T21:30;2024-07-22T21:45;87;kWh;0;5254;0;0;5254;5254
2024-07-22T21:45;2024-07-22T22:00;88;kWh;-14;837;0;0;851;823
2024-07-22T22:00;2024-07-22T22:15;89;kWh;-674;12755;0;0;13429;12081
2024-07-22T22:15;2024-07-22T22:30;90;kWh;0;19344;0;0;19344;19344
2024-07-22T22:30;2024-07-22T22:45;91;kWh;0;3321;0;0;3321;3321
2024-07-22T22:45;2024-07-22T23:00;92;kWh;0;23146;0;0;23146;23146
2024-07-22T23:00;2024-07-22T23:15;93;kWh;0;20036;0;0;20036;20036
2024-07-22T23:15;2024-07-22T23:30;94;kWh;0;24792;0;0;24792;24792
2024-07-22T23:30;2024-07-22T23:45;95;kWh;-14079;495;0;0;14574;-13584
2024-07-22T23:45;2024-07-23T00:00;96;kWh;-4682;18252;0;0;22934;13570
2024-07-23T00:00;2024-07-23T00:15;1;kWh;-414;1094;0;0;1508;680
2024-07-23T00:15;2024-07-23T00:30;2;kWh;-1123;0;0;0;1123;-1123
2024-07-23T00:30;2024-07-23T00:45;3;kWh;0;8567;0;0;8567;8567
2024-07-23T00:45;2024-07-23T01:00;4;kWh;0;20356;0;0;20356;20356
2024-07-23T01:00;2024-07-23T01:15;5;kWh;-1;453;0;0;454;452
2024-07-23T01:15;2024-07-23T01:30;6;kWh;-88;0;0;0;88;-88
2024-07-23T01:30;2024-07-23T01:45;7;kWh;-1145;0;0;0;1145;-1145
2024-07-23T01:45;2024-07-23T02:00;8;kWh;0;2217;0;0;2217;2217
2024-07-23T02:00;2024-07-23T02:15;9;kWh;-2;3;0;0;5;1
2024-07-23T02:15;2024-07-23T02:30;10;kWh;-1918;560;0;0;2478;-1358
2024-07-23T02:30;2024-07-23T02:45;11;kWh;0;36812;0;0;36812;36812
2024-07-23T02:45;2024-07-23T03:00;12;kWh;0;69369;0;0;69369;69369
2024-07-23T03:00;2024-07-23T03:15;13;kWh;0;37954;0;0;37954;37954
2024-07-23T03:15;2024-07-23T03:30;14;kWh;0;56126;0;0;56126;56126
2024-07-23T03:30;2024-07-23T03:45;15;kWh;0;63098;0;0;63098;63098
2024-07-23T03:45;2024-07-23T04:00;16;kWh;0;61424;0;0;61424;61424
2024-07-23T04:00;2024-07-23T04:15;17;kWh;0;10075;0;0;10075;10075
2024-07-23T04:15;2024-07-23T04:30;18;kWh;0;7221;0;0;7221;7221
2024-07-23T04:30;2024-07-23T04:45;19;kWh;0;14639;0;0;14639;14639
2024-07-23T04:45;2024-07-23T05:00;20;kWh;0;1231;0;0;1231;1231
2024-07-23T05:00;2024-07-23T05:15;21;kWh;-8151;7145;0;0;15296;-1006
2024-07-23T05:15;2024-07-23T05:30;22;kWh;-344;3548;0;0;3892;3204
2024-07-23T05:30;2024-07-23T05:45;23;kWh;-321;1271;0;0;1592;950
2024-07-23T05:45;2024-07-23T06:00;24;kWh;0;5198;0;0;5198;5198
2024-07-23T06:00;2024-07-23T06:15;25;kWh;0;16452;0;0;16452;16452
2024-07-23T06:15;2024-07-23T06:30;26;kWh;0;40800;0;0;40800;40800
2024-07-23T06:30;2024-07-23T06:45;27;kWh;0;39805;0;0;39805;39805
2024-07-23T06:45;2024-07-23T07:00;28;kWh;0;27199;0;0;27199;27199
2024-07-23T07:00;2024-07-23T07:15;29;kWh;-25499;560;0;0;26059;-24939
2024-07-23T07:15;2024-07-23T07:30;30;kWh;-22858;0;0;0;22858;-22858
2024-07-23T07:30;2024-07-23T07:45;31;kWh;-8386;0;0;0;8386;-8386
2024-07-23T07:45;2024-07-23T08:00;32;kWh;-1962;0;0;0;1962;-1962
2024-07-23T08:00;2024-07-23T08:15;33;kWh;-1082;0;0;0;1082;-1082
2024-07-23T08:15;2024-07-23T08:30;34;kWh;-6761;0;0;0;6761;-6761
2024-07-23T08:30;2024-07-23T08:45;35;kWh;-1941;1273;0;0;3214;-668
2024-07-23T08:45;2024-07-23T09:00;36;kWh;-69;1642;0;0;1711;1573
2024-07-23T09:00;2024-07-23T09:15;37;kWh;-418;1661;0;0;2079;1243
2024-07-23T09:15;2024-07-23T09:30;38;kWh;0;3892;0;0;3892;3892
2024-07-23T09:30;2024-07-23T09:45;39;kWh;-12752;0;0;0;12752;-12752
2024-07-23T09:45;2024-07-23T10:00;40;kWh;-5958;1258;0;0;7216;-4700
2024-07-23T10:00;2024-07-23T10:15;41;kWh;0;286;0;0;286;286
2024-07-23T10:15;2024-07-23T10:30;42;kWh;-5406;0;0;0;5406;-5406
2024-07-23T10:30;2024-07-23T10:45;43;kWh;-8810;53;0;0;8863;-8757
2024-07-23T10:45;2024-07-23T11:00;44;kWh;-626;16937;0;0;17563;16311
2024-07-23T11:00;2024-07-23T11:15;45;kWh;-4158;19777;0;0;23935;15619
2024-07-23T11:15;2024-07-23T11:30;46;kWh;0;36194;0;0;36194;36194
2024-07-23T11:30;2024-07-23T11:45;47;kWh;0;3527;0;0;3527;3527
2024-07-23T11:45;2024-07-23T12:00;48;kWh;-20103;97;0;0;20200;-20006
2024-07-23T12:00;2024-07-23T12:15;49;kWh;-4623;0;0;0;4623;-4623
2024-07-23T12:15;2024-07-23T12:30;50;kWh;-3777;0;0;0;3777;-3777
2024-07-23T12:30;2024-07-23T12:45;51;kWh;-14243;0;0;0;14243;-14243
2024-07-23T12:45;2024-07-23T13:00;52;kWh;-23297;0;0;0;23297;-23297
2024-07-23T13:00;2024-07-23T13:15;53;kWh;-1670;0;0;0;1670;-1670
2024-07-23T13:15;2024-07-23T13:30;54;kWh;-17098;0;0;0;17098;-17098
2024-07-23T13:30;2024-07-23T13:45;55;kWh;-23856;0;0;0;23856;-23856
2024-07-23T13:45;2024-07-23T14:00;56;kWh;-26248;0;0;0;26248;-26248
2024-07-23T14:00;2024-07-23T14:15;57;kWh;-8177;0;0;0;8177;-8177
2024-07-23T14:15;2024-07-23T14:30;58;kWh;-5382;0;0;0;5382;-5382
2024-07-23T14:30;2024-07-23T14:45;59;kWh;-5255;0;0;0;5255;-5255
2024-07-23T14:45;2024-07-23T15:00;60;kWh;0;16623;0;0;16623;16623
2024-07-23T15:00;2024-07-23T15:15;61;kWh;0;52380;0;0;52380;52380
2024-07-23T15:15;2024-07-23T15:30;62;kWh;0;41858;0;0;41858;41858
2024-07-23T15:30;2024-07-23T15:45;63;kWh;0;28580;0;0;28580;28580
2024-07-23T15:45;2024-07-23T16:00;64;kWh;0;10675;0;0;10675;10675
2024-07-23T16:00;2024-07-23T16:15;65;kWh;-9749;0;0;0;9749;-9749
2024-07-23T16:15;2024-07-23T16:30;66;kWh;-13621;0;0;0;13621;-13621
2024-07-23T16:30;2024-07-23T16:45;67;kWh;-13820;2136;0;0;15956;-11684
2024-07-23T16:45;2024-07-23T17:00;68;kWh;-22350;788;0;0;23138;-21562
2024-07-23T17:00;2024-07-23T17:15;69;kWh;0;21;0;0;21;21
2024-07-23T17:15;2024-07-23T17:30;70;kWh;-3976;0;0;0;3976;-3976
2024-07-23T17:30;2024-07-23T17:45;71;kWh;-4210;0;0;0;4210;-4210
2024-07-23T17:45;2024-07-23T18:00;72;kWh;-2454;0;0;0;2454;-2454
2024-07-23T18:00;2024-07-23T18:15;73;kWh;-2965;15593;0;0;18558;12628
2024-07-23T18:15;2024-07-23T18:30;74;kWh;-9967;468;0;0;10435;-9499
2024-07-23T18:30;2024-07-23T18:45;75;kWh;-8930;42;0;0;8972;-8888
2024-07-23T18:45;2024-07-23T19:00;76;kWh;-18217;125;0;0;18342;-18092
2024-07-23T19:00;2024-07-23T19:15;77;kWh;-20761;0;0;0;20761;-20761
2024-07-23T19:15;2024-07-23T19:30;78;kWh;-24559;0;0;0;24559;-24559
2024-07-23T19:30;2024-07-23T19:45;79;kWh;-7864;0;0;0;7864;-7864
2024-07-23T19:45;2024-07-23T20:00;80;kWh;0;947;0;0;947;947
2024-07-23T20:00;2024-07-23T20:15;81;kWh;-173;575;0;0;748;402
2024-07-23T20:15;2024-07-23T20:30;82;kWh;0;5403;0;0;5403;5403
2024-07-23T20:30;2024-07-23T20:45;83;kWh;0;48171;0;0;48171;48171
2024-07-23T20:45;2024-07-23T21:00;84;kWh;0;51147;0;0;51147;51147
2024-07-23T21:00;2024-07-23T21:15;85;kWh;-4;3303;0;0;3307;3299
2024-07-23T21:15;2024-07-23T21:30;86;kWh;-5228;0;0;0;5228;-5228
2024-07-23T21:30;2024-07-23T21:45;87;kWh;-4221;0;0;0;4221;-4221
2024-07-23T21:45;2024-07-23T22:00;88;kWh;-998;0;0;0;998;-998
2024-07-23T22:00;2024-07-23T22:15;89;kWh;-8011;0;0;0;8011;-8011
2024-07-23T22:15;2024-07-23T22:30;90;kWh;-6259;0;0;0;6259;-6259
2024-07-23T22:30;2024-07-23T22:45;91;kWh;-5915;0;0;0;5915;-5915
2024-07-23T22:45;2024-07-23T23:00;92;kWh;-1881;0;0;0;1881;-1881
2024-07-23T23:00;2024-07-23T23:15;93;kWh;-2175;0;0;0;2175;-2175
2024-07-23T23:15;2024-07-23T23:30;94;kWh;-12522;0;0;0;12522;-12522
2024-07-23T23:30;2024-07-23T23:45;95;kWh;-9380;0;0;0;9380;-9380
2024-07-23T23:45;2024-07-24T00:00;96;kWh;-14080;0;0;0;14080;-14080
2024-07-24T00:00;2024-07-24T00:15;1;kWh;-14419;6405;0;0;20824;-8014
2024-07-24T00:15;2024-07-24T00:30;2;kWh;-323;4332;0;0;4655;4009
2024-07-24T00:30;2024-07-24T00:45;3;kWh;-14998;9;0;0;15007;-14989
2024-07-24T00:45;2024-07-24T01:00;4;kWh;-14661;0;0;0;14661;-14661
2024-07-24T01:00;2024-07-24T01:15;5;kWh;-1482;0;0;0;1482;-1482
2024-07-24T01:15;2024-07-24T01:30;6;kWh;-5846;0;0;0;5846;-5846
2024-07-24T01:30;2024-07-24T01:45;7;kWh;-9898;0;0;0;9898;-9898
2024-07-24T01:45;2024-07-24T02:00;8;kWh;-3876;0;0;0;3876;-3876
2024-07-24T02:00;2024-07-24T02:15;9;kWh;-857;0;0;0;857;-857
2024-07-24T02:15;2024-07-24T02:30;10;kWh;-6961;0;0;0;6961;-6961
2024-07-24T02:30;2024-07-24T02:45;11;kWh;-10527;0;0;0;10527;-10527
2024-07-24T02:45;2024-07-24T03:00;12;kWh;-14191;0;0;0;14191;-14191
2024-07-24T03:00;2024-07-24T03:15;13;kWh;-11928;0;0;0;11928;-11928
2024-07-24T03:15;2024-07-24T03:30;14;kWh;-49;0;0;0;49;-49
2024-07-24T03:30;2024-07-24T03:45;15;kWh;-1255;0;0;0;1255;-1255
2024-07-24T03:45;2024-07-24T04:00;16;kWh;-554;0;0;0;554;-554
2024-07-24T04:00;2024-07-24T04:15;17;kWh;-36205;0;0;0;36205;-36205
2024-07-24T04:15;2024-07-24T04:30;18;kWh;-24464;0;0;0;24464;-24464
2024-07-24T04:30;2024-07-24T04:45;19;kWh;-7193;0;0;0;7193;-7193
2024-07-24T04:45;2024-07-24T05:00;20;kWh;-1563;704;0;0;2267;-859
2024-07-24T05:00;2024-07-24T05:15;21;kWh;-22436;1008;0;0;23444;-21428
2024-07-24T05:15;2024-07-24T05:30;22;kWh;-939;2007;0;0;2946;1068
2024-07-24T05:30;2024-07-24T05:45;23;kWh;-173;931;0;0;1104;758
2024-07-24T05:45;2024-07-24T06:00;24;kWh;0;421;0;0;421;421
2024-07-24T06:00;2024-07-24T06:15;25;kWh;0;14140;0;0;14140;14140
2024-07-24T06:15;2024-07-24T06:30;26;kWh;0;27791;0;0;27791;27791
2024-07-24T06:30;2024-07-24T06:45;27;kWh;0;18971;0;0;18971;18971
2024-07-24T06:45;2024-07-24T07:00;28;kWh;0;10561;0;0;10561;10561
2024-07-24T07:00;2024-07-24T07:15;29;kWh;0;4548;0;0;4548;4548
2024-07-24T07:15;2024-07-24T07:30;30;kWh;0;4756;0;0;4756;4756
2024-07-24T07:30;2024-07-24T07:45;31;kWh;-1209;0;0;0;1209;-1209
2024-07-24T07:45;2024-07-24T08:00;32;kWh;-17986;0;0;0;17986;-17986
2024-07-24T08:00;2024-07-24T08:15;33;kWh;-4196;0;0;0;4196;-4196
2024-07-24T08:15;2024-07-24T08:30;34;kWh;0;4457;0;0;4457;4457
2024-07-24T08:30;2024-07-24T08:45;35;kWh;-126;0;0;0;126;-126
2024-07-24T08:45;2024-07-24T09:00;36;kWh;-3221;0;0;0;3221;-3221
2024-07-24T09:00;2024-07-24T09:15;37;kWh;-531;23815;0;0;24346;23284
2024-07-24T09:15;2024-07-24T09:30;38;kWh;0;43084;0;0;43084;43084
2024-07-24T09:30;2024-07-24T09:45;39;kWh;0;6903;0;0;6903;6903
2024-07-24T09:45;2024-07-24T10:00;40;kWh;-11868;587;0;0;12455;-11281
2024-07-24T10:00;2024-07-24T10:15;41;kWh;0;9411;0;0;9411;9411
2024-07-24T10:15;2024-07-24T10:30;42;kWh;-282;0;0;0;282;-282
2024-07-24T10:30;2024-07-24T10:45;43;kWh;-2146;0;0;0;2146;-2146
2024-07-24T10:45;2024-07-24T11:00;44;kWh;-2075;0;0;0;2075;-2075
2024-07-24T11:00;2024-07-24T11:15;45;kWh;-835;521;0;0;1356;-314
2024-07-24T11:15;2024-07-24T11:30;46;kWh;0;331;0;0;331;331
2024-07-24T11:30;2024-07-24T11:45;47;kWh;-3419;0;0;0;3419;-3419
2024-07-24T11:45;2024-07-24T12:00;48;kWh;-7838;408;0;0;8246;-7430
2024-07-24T12:00;2024-07-24T12:15;49;kWh;-1261;45;0;0;1306;-1216
2024-07-24T12:15;2024-07-24T12:30;50;kWh;-792;0;0;0;792;-792
2024-07-24T12:30;2024-07-24T12:45;51;kWh;-4600;0;0;0;4600;-4600
2024-07-24T12:45;2024-07-24T13:00;52;kWh;-3833;0;0;0;3833;-3833
2024-07-24T13:00;2024-07-24T13:15;53;kWh;0;25165;0;0;25165;25165
2024-07-24T13:15;2024-07-24T13:30;54;kWh;0;16371;0;0;16371;16371
2024-07-24T13:30;2024-07-24T13:45;55;kWh;0;26140;0;0;26140;26140
2024-07-24T13:45;2024-07-24T14:00;56;kWh;0;850;0;0;850;850
2024-07-24T14:00;2024-07-24T14:15;57;kWh;0;2580;0;0;2580;2580
2024-07-24T14:15;2024-07-24T14:30;58;kWh;0;1353;0;0;1353;1353
2024-07-24T14:30;2024-07-24T14:45;59;kWh;-11078;0;0;0;11078;-11078
2024-07-24T14:45;2024-07-24T15:00;60;kWh;-6638;0;0;0;6638;-6638
2024-07-24T15:00;2024-07-24T15:15;61;kWh;-12670;0;0;0;12670;-12670
2024-07-24T15:15;2024-07-24T15:30;62;kWh;-11847;0;0;0;11847;-11847
2024-07-24T15:30;2024-07-24T15:45;63;kWh;-11519;0;0;0;11519;-11519
2024-07-24T15:45;2024-07-24T16:00;64;kWh;-7578;1359;0;0;8937;-6219
2024-07-24T16:00;2024-07-24T16:15;65;kWh;-4324;0;0;0;4324;-4324
2024-07-24T16:15;2024-07-24T16:30;66;kWh;-11831;0;0;0;11831;-11831
2024-07-24T16:30;2024-07-24T16:45;67;kWh;-16799;283;0;0;17082;-16516
2024-07-24T16:45;2024-07-24T17:00;68;kWh;-8489;440;0;0;8929;-8049
2024-07-24T17:00;2024-07-24T17:15;69;kWh;-34115;0;0;0;34115;-34115
2024-07-24T17:15;2024-07-24T17:30;70;kWh;-15749;116;0;0;15865;-15633
2024-07-24T17:30;2024-07-24T17:45;71;kWh;-20940;273;0;0;21213;-20667
2024-07-24T17:45;2024-07-24T18:00;72;kWh;-1819;0;0;0;1819;-1819
2024-07-24T18:00;2024-07-24T18:15;73;kWh;-18977;0;0;0;18977;-18977
2024-07-24T18:15;2024-07-24T18:30;74;kWh;-12920;0;0;0;12920;-12920
2024-07-24T18:30;2024-07-24T18:45;75;kWh;-8530;0;0;0;8530;-8530
2024-07-24T18:45;2024-07-24T19:00;76;kWh;0;0;0;0;0;0
2024-07-24T19:00;2024-07-24T19:15;77;kWh;0;0;0;0;0;0
2024-07-24T19:15;2024-07-24T19:30;78;kWh;-9306;25;0;0;9331;-9281
2024-07-24T19:30;2024-07-24T19:45;79;kWh;0;5718;0;0;5718;5718
2024-07-24T19:45;2024-07-24T20:00;80;kWh;0;13139;0;0;13139;13139
2024-07-24T20:00;2024-07-24T20:15;81;kWh;0;2292;0;0;2292;2292
2024-07-24T20:15;2024-07-24T20:30;82;kWh;0;14563;0;0;14563;14563
2024-07-24T20:30;2024-07-24T20:45;83;kWh;0;34494;0;0;34494;34494
2024-07-24T20:45;2024-07-24T21:00;84;kWh;0;42943;0;0;42943;42943
2024-07-24T21:00;2024-07-24T21:15;85;kWh;-2054;5001;0;0;7055;2947
2024-07-24T21:15;2024-07-24T21:30;86;kWh;-4158;0;0;0;4158;-4158
2024-07-24T21:30;2024-07-24T21:45;87;kWh;0;63;0;0;63;63
2024-07-24T21:45;2024-07-24T22:00;88;kWh;0;1259;0;0;1259;1259
2024-07-24T22:00;2024-07-24T22:15;89;kWh;0;1551;0;0;1551;1551
2024-07-24T22:15;2024-07-24T22:30;90;kWh;0;18;0;0;18;18
2024-07-24T22:30;2024-07-24T22:45;91;kWh;0;0;0;0;0;0
2024-07-24T22:45;2024-07-24T23:00;92;kWh;-96;0;0;0;96;-96
2024-07-24T23:00;2024-07-24T23:15;93;kWh;-5127;0;0;0;5127;-5127
2024-07-24T23:15;2024-07-24T23:30;94;kWh;-17398;0;0;0;17398;-17398
2024-07-24T23:30;2024-07-24T23:45;95;kWh;-5928;0;0;0;5928;-5928
2024-07-24T23:45;2024-07-25T00:00;96;kWh;0;0;0;0;0;0
2024-07-25T00:00;2024-07-25T00:15;1;kWh;0;28079;0;0;28079;28079
2024-07-25T00:15;2024-07-25T00:30;2;kWh;0;32670;0;0;32670;32670
2024-07-25T00:30;2024-07-25T00:45;3;kWh;0;16797;0;0;16797;16797
2024-07-25T00:45;2024-07-25T01:00;4;kWh;0;21320;0;0;21320;21320
2024-07-25T01:00;2024-07-25T01:15;5;kWh;0;27668;0;0;27668;27668
2024-07-25T01:15;2024-07-25T01:30;6;kWh;0;19155;0;0;19155;19155
2024-07-25T01:30;2024-07-25T01:45;7;kWh;0;1146;0;0;1146;1146
2024-07-25T01:45;2024-07-25T02:00;8;kWh;0;68;0;0;68;68
2024-07-25T02:00;2024-07-25T02:15;9;kWh;0;26840;0;0;26840;26840
2024-07-25T02:15;2024-07-25T02:30;10;kWh;0;38669;0;0;38669;38669
2024-07-25T02:30;2024-07-25T02:45;11;kWh;0;25156;0;0;25156;25156
2024-07-25T02:45;2024-07-25T03:00;12;kWh;0;32841;0;0;32841;32841
2024-07-25T03:00;2024-07-25T03:15;13;kWh;0;39586;0;0;39586;39586
2024-07-25T03:15;2024-07-25T03:30;14;kWh;0;8813;0;0;8813;8813
2024-07-25T03:30;2024-07-25T03:45;15;kWh;-2628;8606;0;0;11234;5978
2024-07-25T03:45;2024-07-25T04:00;16;kWh;-3904;208;0;0;4112;-3696
2024-07-25T04:00;2024-07-25T04:15;17;kWh;0;543;0;0;543;543
2024-07-25T04:15;2024-07-25T04:30;18;kWh;0;314;0;0;314;314
2024-07-25T04:30;2024-07-25T04:45;19;kWh;0;2688;0;0;2688;2688
2024-07-25T04:45;2024-07-25T05:00;20;kWh;0;1104;0;0;1104;1104
2024-07-25T05:00;2024-07-25T05:15;21;kWh;-5493;0;0;0;5493;-5493
2024-07-25T05:15;2024-07-25T05:30;22;kWh;-19244;0;0;0;19244;-19244
2024-07-25T05:30;2024-07-25T05:45;23;kWh;-24265;0;0;0;24265;-24265
2024-07-25T05:45;2024-07-25T06:00;24;kWh;-36288;0;0;0;36288;-36288
2024-07-25T06:00;2024-07-25T06:15;25;kWh;-15645;818;0;0;16463;-14827
2024-07-25T06:15;2024-07-25T06:30;26;kWh;-374;374;0;0;748;0
2024-07-25T06:30;2024-07-25T06:45;27;kWh;-4602;0;0;0;4602;-4602
2024-07-25T06:45;2024-07-25T07:00;28;kWh;-20033;0;0;0;20033;-20033
2024-07-25T07:00;2024-07-25T07:15;29;kWh;-4356;0;0;0;4356;-4356
2024-07-25T07:15;2024-07-25T07:30;30;kWh;-41;413;0;0;454;372
2024-07-25T07:30;2024-07-25T07:45;31;kWh;0;12663;0;0;12663;12663
2024-07-25T07:45;2024-07-25T08:00;32;kWh;0;18218;0;0;18218;18218
2024-07-25T08:00;2024-07-25T08:15;33;kWh;0;7404;0;0;7404;7404
2024-07-25T08:15;2024-07-25T08:30;34;kWh;0;7778;0;0;7778;7778
2024-07-25T08:30;2024-07-25T08:45;35;kWh;0;0;0;0;0;0
2024-07-25T08:45;2024-07-25T09:00;36;kWh;-248;948;0;0;1196;700
2024-07-25T09:00;2024-07-25T09:15;37;kWh;-4838;17;0;0;4855;-4821
2024-07-25T09:15;2024-07-25T09:30;38;kWh;-10059;0;0;0;10059;-10059
2024-07-25T09:30;2024-07-25T09:45;39;kWh;-23951;0;0;0;23951;-23951
2024-07-25T09:45;2024-07-25T10:00;40;kWh;-11519;0;0;0;11519;-11519
2024-07-25T10:00;2024-07-25T10:15;41;kWh;-11862;0;0;0;11862;-11862
2024-07-25T10:15;2024-07-25T10:30;42;kWh;-377;0;0;0;377;-377
2024-07-25T10:30;2024-07-25T10:45;43;kWh;-2224;0;0;0;2224;-2224
2024-07-25T10:45;2024-07-25T11:00;44;kWh;-3558;0;0;0;3558;-3558
2024-07-25T11:00;2024-07-25T11:15;45;kWh;-4662;0;0;0;4662;-4662
2024-07-25T11:15;2024-07-25T11:30;46;kWh;-20484;0;0;0;20484;-20484
2024-07-25T11:30;2024-07-25T11:45;47;kWh;-60657;0;0;0;60657;-60657
2024-07-25T11:45;2024-07-25T12:00;48;kWh;-46743;0;0;0;46743;-46743
2024-07-25T12:00;2024-07-25T12:15;49;kWh;-42067;0;0;0;42067;-42067
2024-07-25T12:15;2024-07-25T12:30;50;kWh;-53863;0;0;0;53863;-53863
2024-07-25T12:30;2024-07-25T12:45;51;kWh;-77095;0;0;0;77095;-77095
2024-07-25T12:45;2024-07-25T13:00;52;kWh;-64011;0;0;0;64011;-64011
2024-07-25T13:00;2024-07-25T13:15;53;kWh;-23319;0;0;0;23319;-23319
2024-07-25T13:15;2024-07-25T13:30;54;kWh;-22830;0;0;0;22830;-22830
2024-07-25T13:30;2024-07-25T13:45;55;kWh;-28188;0;0;0;28188;-28188
2024-07-25T13:45;2024-07-25T14:00;56;kWh;-27348;0;0;0;27348;-27348
2024-07-25T14:00;2024-07-25T14:15;57;kWh;-32543;0;0;0;32543;-32543
2024-07-25T14:15;2024-07-25T14:30;58;kWh;-13585;0;0;0;13585;-13585
2024-07-25T14:30;2024-07-25T14:45;59;kWh;-13577;0;0;0;13577;-13577
2024-07-25T14:45;2024-07-25T15:00;60;kWh;-1556;0;0;0;1556;-1556
2024-07-25T15:00;2024-07-25T15:15;61;kWh;-15912;0;0;0;15912;-15912
2024-07-25T15:15;2024-07-25T15:30;62;kWh;-1345;0;0;0;1345;-1345
2024-07-25T15:30;2024-07-25T15:45;63;kWh;-5546;0;0;0;5546;-5546
2024-07-25T15:45;2024-07-25T16:00;64;kWh;-6142;0;0;0;6142;-6142
2024-07-25T16:00;2024-07-25T16:15;65;kWh;-14244;0;0;0;14244;-14244
2024-07-25T16:15;2024-07-25T16:30;66;kWh;-823;1500;0;0;2323;677
2024-07-25T16:30;2024-07-25T16:45;67;kWh;-1113;10540;0;0;11653;9427
2024-07-25T16:45;2024-07-25T17:00;68;kWh;0;90258;0;0;90258;90258
2024-07-25T17:00;2024-07-25T17:15;69;kWh;0;59018;0;0;59018;59018
2024-07-25T17:15;2024-07-25T17:30;70;kWh;0;21468;0;0;21468;21468
2024-07-25T17:30;2024-07-25T17:45;71;kWh;0;27942;0;0;27942;27942
2024-07-25T17:45;2024-07-25T18:00;72;kWh;0;42352;0;0;42352;42352
2024-07-25T18:00;2024-07-25T18:15;73;kWh;-9466;323;0;0;9789;-9143
2024-07-25T18:15;2024-07-25T18:30;74;kWh;-2621;0;0;0;2621;-2621
2024-07-25T18:30;2024-07-25T18:45;75;kWh;-20775;0;0;0;20775;-20775
2024-07-25T18:45;2024-07-25T19:00;76;kWh;-3197;0;0;0;3197;-3197
2024-07-25T19:00;2024-07-25T19:15;77;kWh;-32681;0;0;0;32681;-32681
2024-07-25T19:15;2024-07-25T19:30;78;kWh;-34713;0;0;0;34713;-34713
2024-07-25T19:30;2024-07-25T19:45;79;kWh;-19794;0;0;0;19794;-19794
2024-07-25T19:45;2024-07-25T20:00;80;kWh;-1613;33;0;0;1646;-1580
2024-07-25T20:00;2024-07-25T20:15;81;kWh;0;3387;0;0;3387;3387
2024-07-25T20:15;2024-07-25T20:30;82;kWh;0;33464;0;0;33464;33464
2024-07-25T20:30;2024-07-25T20:45;83;kWh;0;46082;0;0;46082;46082
2024-07-25T20:45;2024-07-25T21:00;84;kWh;0;29915;0;0;29915;29915
2024-07-25T21:00;2024-07-25T21:15;85;kWh;0;75139;0;0;75139;75139
2024-07-25T21:15;2024-07-25T21:30;86;kWh;0;20725;0;0;20725;20725
2024-07-25T21:30;2024-07-25T21:45;87;kWh;0;20737;0;0;20737;20737
2024-07-25T21:45;2024-07-25T22:00;88;kWh;0;7264;0;0;7264;7264
2024-07-25T22:00;2024-07-25T22:15;89;kWh;-3;429;0;0;432;426
2024-07-25T22:15;2024-07-25T22:30;90;kWh;-24936;0;0;0;24936;-24936
2024-07-25T22:30;2024-07-25T22:45;91;kWh;-43358;0;0;0;43358;-43358
2024-07-25T22:45;2024-07-25T23:00;92;kWh;-25609;0;0;0;25609;-25609
2024-07-25T23:00;2024-07-25T23:15;93;kWh;-9434;1551;0;0;10985;-7883
2024-07-25T23:15;2024-07-25T23:30;94;kWh;-3930;206;0;0;4136;-3724
2024-07-25T23:30;2024-07-25T23:45;95;kWh;-17941;0;0;0;17941;-17941
2024-07-25T23:45;2024-07-26T00:00;96;kWh;-13564;2221;0;0;15785;-11343
2024-07-26T00:00;2024-07-26T00:15;1;kWh;-3095;2151;0;0;5246;-944
2024-07-26T00:15;2024-07-26T00:30;2;kWh;0;26026;0;0;26026;26026
2024-07-26T00:30;2024-07-26T00:45;3;kWh;0;72197;0;0;72197;72197
2024-07-26T00:45;2024-07-26T01:00;4;kWh;0;21750;0;0;21750;21750
2024-07-26T01:00;2024-07-26T01:15;5;kWh;0;9856;0;0;9856;9856
2024-07-26T01:15;2024-07-26T01:30;6;kWh;-2232;61;0;0;2293;-2171
2024-07-26T01:30;2024-07-26T01:45;7;kWh;-13916;0;0;0;13916;-13916
2024-07-26T01:45;2024-07-26T02:00;8;kWh;-25379;0;0;0;25379;-25379
2024-07-26T02:00;2024-07-26T02:15;9;kWh;-12399;0;0;0;12399;-12399
2024-07-26T02:15;2024-07-26T02:30;10;kWh;-4372;0;0;0;4372;-4372
2024-07-26T02:30;2024-07-26T02:45;11;kWh;-9367;0;0;0;9367;-9367
2024-07-26T02:45;2024-07-26T03:00;12;kWh;-207;0;0;0;207;-207
2024-07-26T03:00;2024-07-26T03:15;13;kWh;-4106;0;0;0;4106;-4106
2024-07-26T03:15;2024-07-26T03:30;14;kWh;-3655;0;0;0;3655;-3655
2024-07-26T03:30;2024-07-26T03:45;15;kWh;-25071;0;0;0;25071;-25071
2024-07-26T03:45;2024-07-26T04:00;16;kWh;-61723;0;0;0;61723;-61723
2024-07-26T04:00;2024-07-26T04:15;17;kWh;-63074;0;0;0;63074;-63074
2024-07-26T04:15;2024-07-26T04:30;18;kWh;-41179;0;0;0;41179;-41179
2024-07-26T04:30;2024-07-26T04:45;19;kWh;-8832;0;0;0;8832;-8832
2024-07-26T04:45;2024-07-26T05:00;20;kWh;-108;0;0;0;108;-108
2024-07-26T05:00;2024-07-26T05:15;21;kWh;-4784;0;0;0;4784;-4784
2024-07-26T05:15;2024-07-26T05:30;22;kWh;-1871;0;0;0;1871;-1871
2024-07-26T05:30;2024-07-26T05:45;23;kWh;-4167;0;0;0;4167;-4167
2024-07-26T05:45;2024-07-26T06:00;24;kWh;-14313;0;0;0;14313;-14313
2024-07-26T06:00;2024-07-26T06:15;25;kWh;-34950;0;0;0;34950;-34950
2024-07-26T06:15;2024-07-26T06:30;26;kWh;-1307;0;0;0;1307;-1307
2024-07-26T06:30;2024-07-26T06:45;27;kWh;-59;2075;0;0;2134;2016
2024-07-26T06:45;2024-07-26T07:00;28;kWh;-382;2478;0;0;2860;2096
2024-07-26T07:00;2024-07-26T07:15;29;kWh;-26963;0;0;0;26963;-26963
2024-07-26T07:15;2024-07-26T07:30;30;kWh;-30081;0;0;0;30081;-30081
2024-07-26T07:30;2024-07-26T07:45;31;kWh;-4922;0;0;0;4922;-4922
2024-07-26T07:45;2024-07-26T08:00;32;kWh;-11858;0;0;0;11858;-11858
2024-07-26T08:00;2024-07-26T08:15;33;kWh;-22948;0;0;0;22948;-22948
2024-07-26T08:15;2024-07-26T08:30;34;kWh;-20714;0;0;0;20714;-20714
2024-07-26T08:30;2024-07-26T08:45;35;kWh;-7127;0;0;0;7127;-7127
2024-07-26T08:45;2024-07-26T09:00;36;kWh;-5825;0;0;0;5825;-5825
2024-07-26T09:00;2024-07-26T09:15;37;kWh;-8959;37;0;0;8996;-8922
2024-07-26T09:15;2024-07-26T09:30;38;kWh;-750;5725;0;0;6475;4975
2024-07-26T09:30;2024-07-26T09:45;39;kWh;-1371;18641;0;0;20012;17270
2024-07-26T09:45;2024-07-26T10:00;40;kWh;-45486;0;0;0;45486;-45486
2024-07-26T10:00;2024-07-26T10:15;41;kWh;-32258;0;0;0;32258;-32258
2024-07-26T10:15;2024-07-26T10:30;42;kWh;-49088;867;0;0;49955;-48221
2024-07-26T10:30;2024-07-26T10:45;43;kWh;-41674;18895;0;0;60569;-22779
2024-07-26T10:45;2024-07-26T11:00;44;kWh;-12951;3002;0;0;15953;-9949
2024-07-26T11:00;2024-07-26T11:15;45;kWh;0;4688;0;0;4688;4688
2024-07-26T11:15;2024-07-26T11:30;46;kWh;-22084;90;0;0;22174;-21994
2024-07-26T11:30;2024-07-26T11:45;47;kWh;-19386;0;0;0;19386;-19386
2024-07-26T11:45;2024-07-26T12:00;48;kWh;-19180;405;0;0;19585;-18775
2024-07-26T12:00;2024-07-26T12:15;49;kWh;-32243;680;0;0;32923;-31563
2024-07-26T12:15;2024-07-26T12:30;50;kWh;-9953;0;0;0;9953;-9953
2024-07-26T12:30;2024-07-26T12:45;51;kWh;-17895;0;0;0;17895;-17895
2024-07-26T12:45;2024-07-26T13:00;52;kWh;-23179;856;0;0;24035;-22323
2024-07-26T13:00;2024-07-26T13:15;53;kWh;-21677;1482;0;0;23159;-20195
2024-07-26T13:15;2024-07-26T13:30;54;kWh;-28263;809;0;0;29072;-27454
2024-07-26T13:30;2024-07-26T13:45;55;kWh;-15379;39;0;0;15418;-15340
2024-07-26T13:45;2024-07-26T14:00;56;kWh;-19241;1243;0;0;20484;-17998
2024-07-26T14:00;2024-07-26T14:15;57;kWh;-9899;2534;0;0;12433;-7365
2024-07-26T14:15;2024-07-26T14:30;58;kWh;-14760;1;0;0;14761;-14759
2024-07-26T14:30;2024-07-26T14:45;59;kWh;-23136;13;0;0;23149;-23123
2024-07-26T14:45;2024-07-26T15:00;60;kWh;-11369;0;0;0;11369;-11369
2024-07-26T15:00;2024-07-26T15:15;61;kWh;-10397;745;0;0;11142;-9652
2024-07-26T15:15;2024-07-26T15:30;62;kWh;-9093;0;0;0;9093;-9093
2024-07-26T15:30;2024-07-26T15:45;63;kWh;-13760;0;0;0;13760;-13760
2024-07-26T15:45;2024-07-26T16:00;64;kWh;-2251;0;0;0;2251;-2251
2024-07-26T16:00;2024-07-26T16:15;65;kWh;-12284;0;0;0;12284;-12284
2024-07-26T16:15;2024-07-26T16:30;66;kWh;-9301;259;0;0;9560;-9042
2024-07-26T16:30;2024-07-26T16:45;67;kWh;-7023;8;0;0;7031;-7015
2024-07-26T16:45;2024-07-26T17:00;68;kWh;-11178;5142;0;0;16320;-6036
2024-07-26T17:00;2024-07-26T17:15;69;kWh;-18529;848;0;0;19377;-17681
2024-07-26T17:15;2024-07-26T17:30;70;kWh;-11939;865;0;0;12804;-11074
2024-07-26T17:30;2024-07-26T17:45;71;kWh;-32;5004;0;0;5036;4972
2024-07-26T17:45;2024-07-26T18:00;72;kWh;-329;0;0;0;329;-329
2024-07-26T18:00;2024-07-26T18:15;73;kWh;0;2725;0;0;2725;2725
2024-07-26T18:15;2024-07-26T18:30;74;kWh;0;4464;0;0;4464;4464
2024-07-26T18:30;2024-07-26T18:45;75;kWh;0;510;0;0;510;510
2024-07-26T18:45;2024-07-26T19:00;76;kWh;-2927;372;0;0;3299;-2555
2024-07-26T19:00;2024-07-26T19:15;77;kWh;-23529;0;0;0;23529;-23529
2024-07-26T19:15;2024-07-26T19:30;78;kWh;-7041;0;0;0;7041;-7041
2024-07-26T19:30;2024-07-26T19:45;79;kWh;-7681;0;0;0;7681;-7681
2024-07-26T19:45;2024-07-26T20:00;80;kWh;0;0;0;0;0;0
2024-07-26T20:00;2024-07-26T20:15;81;kWh;-1293;0;0;0;1293;-1293
2024-07-26T20:15;2024-07-26T20:30;82;kWh;-1227;0;0;0;1227;-1227
2024-07-26T20:30;2024-07-26T20:45;83;kWh;-1568;0;0;0;1568;-1568
2024-07-26T20:45;2024-07-26T21:00;84;kWh;-2531;0;0;0;2531;-2531
2024-07-26T21:00;2024-07-26T21:15;85;kWh;-6237;0;0;0;6237;-6237
2024-07-26T21:15;2024-07-26T21:30;86;kWh;-6916;0;0;0;6916;-6916
2024-07-26T21:30;2024-07-26T21:45;87;kWh;-8208;0;0;0;8208;-8208
2024-07-26T21:45;2024-07-26T22:00;88;kWh;-1989;858;0;0;2847;-1131
2024-07-26T22:00;2024-07-26T22:15;89;kWh;-5337;0;0;0;5337;-5337
2024-07-26T22:15;2024-07-26T22:30;90;kWh;-1374;1834;0;0;3208;460
2024-07-26T22:30;2024-07-26T22:45;91;kWh;-1330;358;0;0;1688;-972
2024-07-26T22:45;2024-07-26T23:00;92;kWh;-5270;0;0;0;5270;-5270
2024-07-26T23:00;2024-07-26T23:15;93;kWh;-3673;0;0;0;3673;-3673
2024-07-26T23:15;2024-07-26T23:30;94;kWh;-6874;0;0;0;6874;-6874
2024-07-26T23:30;2024-07-26T23:45;95;kWh;-6472;0;0;0;6472;-6472
2024-07-26T23:45;2024-07-27T00:00;96;kWh;0;2999;0;0;2999;2999
2024-07-27T00:00;2024-07-27T00:15;1;kWh;0;2694;0;0;2694;2694
2024-07-27T00:15;2024-07-27T00:30;2;kWh;0;3031;0;0;3031;3031
2024-07-27T00:30;2024-07-27T00:45;3;kWh;-123;16;0;0;139;-107
2024-07-27T00:45;2024-07-27T01:00;4;kWh;-1883;0;0;0;1883;-1883
2024-07-27T01:00;2024-07-27T01:15;5;kWh;-348;14205;0;0;14553;13857
2024-07-27T01:15;2024-07-27T01:30;6;kWh;0;33152;0;0;33152;33152
2024-07-27T01:30;2024-07-27T01:45;7;kWh;0;21576;0;0;21576;21576
2024-07-27T01:45;2024-07-27T02:00;8;kWh;-128;6798;0;0;6926;6670
2024-07-27T02:00;2024-07-27T02:15;9;kWh;-133;5591;0;0;5724;5458
2024-07-27T02:15;2024-07-27T02:30;10;kWh;0;3795;0;0;3795;3795
2024-07-27T02:30;2024-07-27T02:45;11;kWh;0;3266;0;0;3266;3266
2024-07-27T02:45;2024-07-27T03:00;12;kWh;0;1486;0;0;1486;1486
2024-07-27T03:00;2024-07-27T03:15;13;kWh;0;29651;0;0;29651;29651
2024-07-27T03:15;2024-07-27T03:30;14;kWh;0;1051;0;0;1051;1051
2024-07-27T03:30;2024-07-27T03:45;15;kWh;0;0;0;0;0;0
2024-07-27T03:45;2024-07-27T04:00;16;kWh;-189;0;0;0;189;-189
2024-07-27T04:00;2024-07-27T04:15;17;kWh;-375;0;0;0;375;-375
2024-07-27T04:15;2024-07-27T04:30;18;kWh;0;0;0;0;0;0
2024-07-27T04:30;2024-07-27T04:45;19;kWh;-2715;0;0;0;2715;-2715
2024-07-27T04:45;2024-07-27T05:00;20;kWh;-2467;0;0;0;2467;-2467
2024-07-27T05:00;2024-07-27T05:15;21;kWh;-5;0;0;0;5;-5
2024-07-27T05:15;2024-07-27T05:30;22;kWh;0;0;0;0;0;0
2024-07-27T05:30;2024-07-27T05:45;23;kWh;0;0;0;0;0;0
2024-07-27T05:45;2024-07-27T06:00;24;kWh;0;0;0;0;0;0
2024-07-27T06:00;2024-07-27T06:15;25;kWh;0;0;0;0;0;0
2024-07-27T06:15;2024-07-27T06:30;26;kWh;-104;0;0;0;104;-104
2024-07-27T06:30;2024-07-27T06:45;27;kWh;-1176;0;0;0;1176;-1176
2024-07-27T06:45;2024-07-27T07:00;28;kWh;-1000;0;0;0;1000;-1000
2024-07-27T07:00;2024-07-27T07:15;29;kWh;-3156;0;0;0;3156;-3156
2024-07-27T07:15;2024-07-27T07:30;30;kWh;-4355;0;0;0;4355;-4355
2024-07-27T07:30;2024-07-27T07:45;31;kWh;-11147;0;0;0;11147;-11147
2024-07-27T07:45;2024-07-27T08:00;32;kWh;-3860;0;0;0;3860;-3860
2024-07-27T08:00;2024-07-27T08:15;33;kWh;-8441;0;0;0;8441;-8441
2024-07-27T08:15;2024-07-27T08:30;34;kWh;-21174;0;0;0;21174;-21174
2024-07-27T08:30;2024-07-27T08:45;35;kWh;-54430;0;0;0;54430;-54430
2024-07-27T08:45;2024-07-27T09:00;36;kWh;-34042;0;0;0;34042;-34042
2024-07-27T09:00;2024-07-27T09:15;37;kWh;-2261;0;0;0;2261;-2261
2024-07-27T09:15;2024-07-27T09:30;38;kWh;-21579;0;0;0;21579;-21579
2024-07-27T09:30;2024-07-27T09:45;39;kWh;-53136;0;0;0;53136;-53136
2024-07-27T09:45;2024-07-27T10:00;40;kWh;-63521;0;0;0;63521;-63521
2024-07-27T10:00;2024-07-27T10:15;41;kWh;-28435;0;0;0;28435;-28435
2024-07-27T10:15;2024-07-27T10:30;42;kWh;-25262;0;0;0;25262;-25262
2024-07-27T10:30;2024-07-27T10:45;43;kWh;-42064;0;0;0;42064;-42064
2024-07-27T10:45;2024-07-27T11:00;44;kWh;-25345;0;0;0;25345;-25345
2024-07-27T11:00;2024-07-27T11:15;45;kWh;-26173;0;0;0;26173;-26173
2024-07-27T11:15;2024-07-27T11:30;46;kWh;-15579;0;0;0;15579;-15579
2024-07-27T11:30;2024-07-27T11:45;47;kWh;-16413;0;0;0;16413;-16413
2024-07-27T11:45;2024-07-27T12:00;48;kWh;-14352;0;0;0;14352;-14352
2024-07-27T12:00;2024-07-27T12:15;49;kWh;-4453;0;0;0;4453;-4453
2024-07-27T12:15;2024-07-27T12:30;50;kWh;-162;164;0;0;326;2
2024-07-27T12:30;2024-07-27T12:45;51;kWh;0;8854;0;0;8854;8854
2024-07-27T12:45;2024-07-27T13:00;52;kWh;-2304;5648;0;0;7952;3344
2024-07-27T13:00;2024-07-27T13:15;53;kWh;-7581;0;0;0;7581;-7581
2024-07-27T13:15;2024-07-27T13:30;54;kWh;-19242;0;0;0;19242;-19242
2024-07-27T13:30;2024-07-27T13:45;55;kWh;-17544;0;0;0;17544;-17544
2024-07-27T13:45;2024-07-27T14:00;56;kWh;-21008;0;0;0;21008;-21008
2024-07-27T14:00;2024-07-27T14:15;57;kWh;-10645;0;0;0;10645;-10645
2024-07-27T14:15;2024-07-27T14:30;58;kWh;-1161;0;0;0;1161;-1161
2024-07-27T14:30;2024-07-27T14:45;59;kWh;-11283;0;0;0;11283;-11283
2024-07-27T14:45;2024-07-27T15:00;60;kWh;-539;0;0;0;539;-539
2024-07-27T15:00;2024-07-27T15:15;61;kWh;-2485;0;0;0;2485;-2485
2024-07-27T15:15;2024-07-27T15:30;62;kWh;-114;0;0;0;114;-114
2024-07-27T15:30;2024-07-27T15:45;63;kWh;0;0;0;0;0;0
2024-07-27T15:45;2024-07-27T16:00;64;kWh;0;1069;0;0;1069;1069
2024-07-27T16:00;2024-07-27T16:15;65;kWh;0;11523;0;0;11523;11523
2024-07-27T16:15;2024-07-27T16:30;66;kWh;0;7604;0;0;7604;7604
2024-07-27T16:30;2024-07-27T16:45;67;kWh;-4440;0;0;0;4440;-4440
2024-07-27T16:45;2024-07-27T17:00;68;kWh;-21171;0;0;0;21171;-21171
2024-07-27T17:00;2024-07-27T17:15;69;kWh;-35637;0;0;0;35637;-35637
2024-07-27T17:15;2024-07-27T17:30;70;kWh;-34440;0;0;0;34440;-34440
2024-07-27T17:30;2024-07-27T17:45;71;kWh;-47695;0;0;0;47695;-47695
2024-07-27T17:45;2024-07-27T18:00;72;kWh;-36994;0;0;0;36994;-36994
2024-07-27T18:00;2024-07-27T18:15;73;kWh;-90;75;0;0;165;-15
2024-07-27T18:15;2024-07-27T18:30;74;kWh;0;2;0;0;2;2
2024-07-27T18:30;2024-07-27T18:45;75;kWh;0;0;0;0;0;0
2024-07-27T18:45;2024-07-27T19:00;76;kWh;0;0;0;0;0;0
2024-07-27T19:00;2024-07-27T19:15;77;kWh;-48316;313;0;0;48629;-48003
2024-07-27T19:15;2024-07-27T19:30;78;kWh;-67535;541;0;0;68076;-66994
2024-07-27T19:30;2024-07-27T19:45;79;kWh;-73082;0;0;0;73082;-73082
2024-07-27T19:45;2024-07-27T20:00;80;kWh;-37954;0;0;0;37954;-37954
2024-07-27T20:00;2024-07-27T20:15;81;kWh;-59220;0;0;0;59220;-59220
2024-07-27T20:15;2024-07-27T20:30;82;kWh;-27444;0;0;0;27444;-27444
2024-07-27T20:30;2024-07-27T20:45;83;kWh;-8629;0;0;0;8629;-8629
2024-07-27T20:45;2024-07-27T21:00;84;kWh;-207;2343;0;0;2550;2136
2024-07-27T21:00;2024-07-27T21:15;85;kWh;-649;667;0;0;1316;18
2024-07-27T21:15;2024-07-27T21:30;86;kWh;-383;1568;0;0;1951;1185
2024-07-27T21:30;2024-07-27T21:45;87;kWh;0;2737;0;0;2737;2737
2024-07-27T21:45;2024-07-27T22:00;88;kWh;0;765;0;0;765;765
2024-07-27T22:00;2024-07-27T22:15;89;kWh;-21408;0;0;0;21408;-21408
2024-07-27T22:15;2024-07-27T22:30;90;kWh;-35668;0;0;0;35668;-35668
2024-07-27T22:30;2024-07-27T22:45;91;kWh;-15193;0;0;0;15193;-15193
2024-07-27T22:45;2024-07-27T23:00;92;kWh;-3269;0;0;0;3269;-3269
2024-07-27T23:00;2024-07-27T23:15;93;kWh;-11288;0;0;0;11288;-11288
2024-07-27T23:15;2024-07-27T23:30;94;kWh;-3371;20;0;0;3391;-3351
2024-07-27T23:30;2024-07-27T23:45;95;kWh;0;20851;0;0;20851;20851
2024-07-27T23:45;2024-07-28T00:00;96;kWh;0;32820;0;0;32820;32820
2024-07-28T00:00;2024-07-28T00:15;1;kWh;0;3735;0;0;3735;3735
2024-07-28T00:15;2024-07-28T00:30;2;kWh;0;5578;0;0;5578;5578
2024-07-28T00:30;2024-07-28T00:45;3;kWh;-2997;188;0;0;3185;-2809
2024-07-28T00:45;2024-07-28T01:00;4;kWh;-1311;0;0;0;1311;-1311
2024-07-28T01:00;2024-07-28T01:15;5;kWh;-896;0;0;0;896;-896
2024-07-28T01:15;2024-07-28T01:30;6;kWh;-8;0;0;0;8;-8
2024-07-28T01:30;2024-07-28T01:45;7;kWh;-246;0;0;0;246;-246
2024-07-28T01:45;2024-07-28T02:00;8;kWh;0;2542;0;0;2542;2542
2024-07-28T02:00;2024-07-28T02:15;9;kWh;0;1264;0;0;1264;1264
2024-07-28T02:15;2024-07-28T02:30;10;kWh;0;3677;0;0;3677;3677
2024-07-28T02:30;2024-07-28T02:45;11;kWh;0;0;0;0;0;0
2024-07-28T02:45;2024-07-28T03:00;12;kWh;-3962;0;0;0;3962;-3962
2024-07-28T03:00;2024-07-28T03:15;13;kWh;-7560;267;0;0;7827;-7293
2024-07-28T03:15;2024-07-28T03:30;14;kWh;0;17435;0;0;17435;17435
2024-07-28T03:30;2024-07-28T03:45;15;kWh;0;13976;0;0;13976;13976
2024-07-28T03:45;2024-07-28T04:00;16;kWh;0;1821;0;0;1821;1821
2024-07-28T04:00;2024-07-28T04:15;17;kWh;0;3987;0;0;3987;3987
2024-07-28T04:15;2024-07-28T04:30;18;kWh;0;6181;0;0;6181;6181
2024-07-28T04:30;2024-07-28T04:45;19;kWh;0;3651;0;0;3651;3651
2024-07-28T04:45;2024-07-28T05:00;20;kWh;-1608;0;0;0;1608;-1608
2024-07-28T05:00;2024-07-28T05:15;21;kWh;-830;0;0;0;830;-830
2024-07-28T05:15;2024-07-28T05:30;22;kWh;-76;0;0;0;76;-76
2024-07-28T05:30;2024-07-28T05:45;23;kWh;-1496;0;0;0;1496;-1496
2024-07-28T05:45;2024-07-28T06:00;24;kWh;-1797;0;0;0;1797;-1797
2024-07-28T06:00;2024-07-28T06:15;25;kWh;-390;701;0;0;1091;311
2024-07-28T06:15;2024-07-28T06:30;26;kWh;0;3906;0;0;3906;3906
2024-07-28T06:30;2024-07-28T06:45;27;kWh;0;3963;0;0;3963;3963
2024-07-28T06:45;2024-07-28T07:00;28;kWh;-1563;0;0;0;1563;-1563
2024-07-28T07:00;2024-07-28T07:15;29;kWh;-38;40059;0;0;40097;40021
2024-07-28T07:15;2024-07-28T07:30;30;kWh;0;7287;0;0;7287;7287
2024-07-28T07:30;2024-07-28T07:45;31;kWh;-333;0;0;0;333;-333
2024-07-28T07:45;2024-07-28T08:00;32;kWh;-1579;0;0;0;1579;-1579
2024-07-28T08:00;2024-07-28T08:15;33;kWh;0;584;0;0;584;584
2024-07-28T08:15;2024-07-28T08:30;34;kWh;-33;814;0;0;847;781
2024-07-28T08:30;2024-07-28T08:45;35;kWh;-10793;0;0;0;10793;-10793
2024-07-28T08:45;2024-07-28T09:00;36;kWh;-7055;0;0;0;7055;-7055
2024-07-28T09:00;2024-07-28T09:15;37;kWh;-122;1817;0;0;1939;1695
2024-07-28T09:15;2024-07-28T09:30;38;kWh;0;10521;0;0;10521;10521
2024-07-28T09:30;2024-07-28T09:45;39;kWh;-6700;0;0;0;6700;-6700
2024-07-28T09:45;2024-07-28T10:00;40;kWh;-8523;0;0;0;8523;-8523
2024-07-28T10:00;2024-07-28T10:15;41;kWh;-86;0;0;0;86;-86
2024-07-28T10:15;2024-07-28T10:30;42;kWh;-5817;0;0;0;5817;-5817
2024-07-28T10:30;2024-07-28T10:45;43;kWh;-13837;0;0;0;13837;-13837
2024-07-28T10:45;2024-07-28T11:00;44;kWh;-11739;12;0;0;11751;-11727
2024-07-28T11:00;2024-07-28T11:15;45;kWh;-8146;1060;0;0;9206;-7086
2024-07-28T11:15;2024-07-28T11:30;46;kWh;-15887;0;0;0;15887;-15887
2024-07-28T11:30;2024-07-28T11:45;47;kWh;-20777;0;0;0;20777;-20777
2024-07-28T11:45;2024-07-28T12:00;48;kWh;-20541;0;0;0;20541;-20541
2024-07-28T12:00;2024-07-28T12:15;49;kWh;-12880;0;0;0;12880;-12880
2024-07-28T12:15;2024-07-28T12:30;50;kWh;-13026;0;0;0;13026;-13026
2024-07-28T12:30;2024-07-28T12:45;51;kWh;-16957;0;0;0;16957;-16957
2024-07-28T12:45;2024-07-28T13:00;52;kWh;-9210;0;0;0;9210;-9210
2024-07-28T13:00;2024-07-28T13:15;53;kWh;-13421;553;0;0;13974;-12868
2024-07-28T13:15;2024-07-28T13:30;54;kWh;-26194;180;0;0;26374;-26014
2024-07-28T13:30;2024-07-28T13:45;55;kWh;-21370;0;0;0;21370;-21370
2024-07-28T13:45;2024-07-28T14:00;56;kWh;-24286;0;0;0;24286;-24286
2024-07-28T14:00;2024-07-28T14:15;57;kWh;-36696;0;0;0;36696;-36696
2024-07-28T14:15;2024-07-28T14:30;58;kWh;-62509;0;0;0;62509;-62509
2024-07-28T14:30;2024-07-28T14:45;59;kWh;-42014;0;0;0;42014;-42014
2024-07-28T14:45;2024-07-28T15:00;60;kWh;-25905;0;0;0;25905;-25905
2024-07-28T15:00;2024-07-28T15:15;61;kWh;-22116;0;0;0;22116;-22116
2024-07-28T15:15;2024-07-28T15:30;62;kWh;-20058;0;0;0;20058;-20058
2024-07-28T15:30;2024-07-28T15:45;63;kWh;-20618;0;0;0;20618;-20618
2024-07-28T15:45;2024-07-28T16:00;64;kWh;-11634;0;0;0;11634;-11634
2024-07-28T16:00;2024-07-28T16:15;65;kWh;-34935;0;0;0;34935;-34935
2024-07-28T16:15;2024-07-28T16:30;66;kWh;-27627;0;0;0;27627;-27627
2024-07-28T16:30;2024-07-28T16:45;67;kWh;-22845;0;0;0;22845;-22845
2024-07-28T16:45;2024-07-28T17:00;68;kWh;-31216;31;0;0;31247;-31185
2024-07-28T17:00;2024-07-28T17:15;69;kWh;-56498;0;0;0;56498;-56498
2024-07-28T17:15;2024-07-28T17:30;70;kWh;-23787;0;0;0;23787;-23787
2024-07-28T17:30;2024-07-28T17:45;71;kWh;-19662;65;0;0;19727;-19597
2024-07-28T17:45;2024-07-28T18:00;72;kWh;-13479;331;0;0;13810;-13148
2024-07-28T18:00;2024-07-28T18:15;73;kWh;-24750;0;0;0;24750;-24750
2024-07-28T18:15;2024-07-28T18:30;74;kWh;-21291;305;0;0;21596;-20986
2024-07-28T18:30;2024-07-28T18:45;75;kWh;-2292;1193;0;0;3485;-1099
2024-07-28T18:45;2024-07-28T19:00;76;kWh;0;13361;0;0;13361;13361
2024-07-28T19:00;2024-07-28T19:15;77;kWh;0;5616;0;0;5616;5616
2024-07-28T19:15;2024-07-28T19:30;78;kWh;0;31467;0;0;31467;31467
2024-07-28T19:30;2024-07-28T19:45;79;kWh;0;19755;0;0;19755;19755
2024-07-28T19:45;2024-07-28T20:00;80;kWh;0;223;0;0;223;223
2024-07-28T20:00;2024-07-28T20:15;81;kWh;0;2997;0;0;2997;2997
2024-07-28T20:15;2024-07-28T20:30;82;kWh;0;1811;0;0;1811;1811
2024-07-28T20:30;2024-07-28T20:45;83;kWh;0;624;0;0;624;624
2024-07-28T20:45;2024-07-28T21:00;84;kWh;0;58;0;0;58;58
2024-07-28T21:00;2024-07-28T21:15;85;kWh;-2570;0;0;0;2570;-2570
2024-07-28T21:15;2024-07-28T21:30;86;kWh;-3711;0;0;0;3711;-3711
2024-07-28T21:30;2024-07-28T21:45;87;kWh;-117;0;0;0;117;-117
2024-07-28T21:45;2024-07-28T22:00;88;kWh;0;317;0;0;317;317
2024-07-28T22:00;2024-07-28T22:15;89;kWh;0;6751;0;0;6751;6751
2024-07-28T22:15;2024-07-28T22:30;90;kWh;0;4713;0;0;4713;4713
2024-07-28T22:30;2024-07-28T22:45;91;kWh;-179;376;0;0;555;197
2024-07-28T22:45;2024-07-28T23:00;92;kWh;-10321;0;0;0;10321;-10321
2024-07-28T23:00;2024-07-28T23:15;93;kWh;-9893;0;0;0;9893;-9893
2024-07-28T23:15;2024-07-28T23:30;94;kWh;-8417;0;0;0;8417;-8417
2024-07-28T23:30;2024-07-28T23:45;95;kWh;-18675;0;0;0;18675;-18675
2024-07-28T23:45;2024-07-29T00:00;96;kWh;-6932;0;0;0;6932;-6932
2024-07-29T00:00;2024-07-29T00:15;1;kWh;-2297;0;0;0;2297;-2297
2024-07-29T00:15;2024-07-29T00:30;2;kWh;0;217;0;0;217;217
2024-07-29T00:30;2024-07-29T00:45;3;kWh;0;2619;0;0;2619;2619
2024-07-29T00:45;2024-07-29T01:00;4;kWh;-142;3093;0;0;3235;2951
2024-07-29T01:00;2024-07-29T01:15;5;kWh;-13754;27;0;0;13781;-13727
2024-07-29T01:15;2024-07-29T01:30;6;kWh;-11273;0;0;0;11273;-11273
2024-07-29T01:30;2024-07-29T01:45;7;kWh;-31706;0;0;0;31706;-31706
2024-07-29T01:45;2024-07-29T02:00;8;kWh;-42301;0;0;0;42301;-42301
2024-07-29T02:00;2024-07-29T02:15;9;kWh;-12775;0;0;0;12775;-12775
2024-07-29T02:15;2024-07-29T02:30;10;kWh;-54432;0;0;0;54432;-54432
2024-07-29T02:30;2024-07-29T02:45;11;kWh;-60846;0;0;0;60846;-60846
2024-07-29T02:45;2024-07-29T03:00;12;kWh;-73171;0;0;0;73171;-73171
2024-07-29T03:00;2024-07-29T03:15;13;kWh;-46203;0;0;0;46203;-46203
2024-07-29T03:15;2024-07-29T03:30;14;kWh;-35086;0;0;0;35086;-35086
2024-07-29T03:30;2024-07-29T03:45;15;kWh;-32653;0;0;0;32653;-32653
2024-07-29T03:45;2024-07-29T04:00;16;kWh;-38170;0;0;0;38170;-38170
2024-07-29T04:00;2024-07-29T04:15;17;kWh;-30492;0;0;0;30492;-30492
2024-07-29T04:15;2024-07-29T04:30;18;kWh;-1214;0;0;0;1214;-1214
2024-07-29T04:30;2024-07-29T04:45;19;kWh;-1658;20998;0;0;22656;19340
2024-07-29T04:45;2024-07-29T05:00;20;kWh;-9706;13351;0;0;23057;3645
2024-07-29T05:00;2024-07-29T05:15;21;kWh;-2001;6077;0;0;8078;4076
2024-07-29T05:15;2024-07-29T05:30;22;kWh;0;11139;0;0;11139;11139
2024-07-29T05:30;2024-07-29T05:45;23;kWh;0;731;0;0;731;731
2024-07-29T05:45;2024-07-29T06:00;24;kWh;-16664;59;0;0;16723;-16605
2024-07-29T06:00;2024-07-29T06:15;25;kWh;-23029;0;0;0;23029;-23029
2024-07-29T06:15;2024-07-29T06:30;26;kWh;-1985;0;0;0;1985;-1985
2024-07-29T06:30;2024-07-29T06:45;27;kWh;-5516;0;0;0;5516;-5516
2024-07-29T06:45;2024-07-29T07:00;28;kWh;-33114;0;0;0;33114;-33114
2024-07-29T07:00;2024-07-29T07:15;29;kWh;-13741;0;0;0;13741;-13741
2024-07-29T07:15;2024-07-29T07:30;30;kWh;-10235;0;0;0;10235;-10235
2024-07-29T07:30;2024-07-29T07:45;31;kWh;-21590;0;0;0;21590;-21590
2024-07-29T07:45;2024-07-29T08:00;32;kWh;-30560;0;0;0;30560;-30560
2024-07-29T08:00;2024-07-29T08:15;33;kWh;-5680;1125;0;0;6805;-4555
2024-07-29T08:15;2024-07-29T08:30;34;kWh;0;3702;0;0;3702;3702
2024-07-29T08:30;2024-07-29T08:45;35;kWh;-11187;67;0;0;11254;-11120
2024-07-29T08:45;2024-07-29T09:00;36;kWh;-44357;0;0;0;44357;-44357
2024-07-29T09:00;2024-07-29T09:15;37;kWh;-12298;13913;0;0;26211;1615
2024-07-29T09:15;2024-07-29T09:30;38;kWh;-1211;9078;0;0;10289;7867
2024-07-29T09:30;2024-07-29T09:45;39;kWh;-4465;1315;0;0;5780;-3150
2024-07-29T09:45;2024-07-29T10:00;40;kWh;-26279;43;0;0;26322;-26236
2024-07-29T10:00;2024-07-29T10:15;41;kWh;-2811;136;0;0;2947;-2675
2024-07-29T10:15;2024-07-29T10:30;42;kWh;-8624;169;0;0;8793;-8455
2024-07-29T10:30;2024-07-29T10:45;43;kWh;-13664;435;0;0;14099;-13229
2024-07-29T10:45;2024-07-29T11:00;44;kWh;-7208;0;0;0;7208;-7208
2024-07-29T11:00;2024-07-29T11:15;45;kWh;-6696;0;0;0;6696;-6696
2024-07-29T11:15;2024-07-29T11:30;46;kWh;-15150;0;0;0;15150;-15150
2024-07-29T11:30;2024-07-29T11:45;47;kWh;-18932;0;0;0;18932;-18932
2024-07-29T11:45;2024-07-29T12:00;48;kWh;-19886;1006;0;0;20892;-18880
2024-07-29T12:00;2024-07-29T12:15;49;kWh;-9682;12;0;0;9694;-9670
2024-07-29T12:15;2024-07-29T12:30;50;kWh;-12787;1641;0;0;14428;-11146
2024-07-29T12:30;2024-07-29T12:45;51;kWh;-16675;4369;0;0;21044;-12306
2024-07-29T12:45;2024-07-29T13:00;52;kWh;-12092;126;0;0;12218;-11966
2024-07-29T13:00;2024-07-29T13:15;53;kWh;-13125;845;0;0;13970;-12280
2024-07-29T13:15;2024-07-29T13:30;54;kWh;-38897;243;0;0;39140;-38654
2024-07-29T13:30;2024-07-29T13:45;55;kWh;-17952;136;0;0;18088;-17816
2024-07-29T13:45;2024-07-29T14:00;56;kWh;-27754;845;0;0;28599;-26909
2024-07-29T14:00;2024-07-29T14:15;57;kWh;-25068;1253;0;0;26321;-23815
2024-07-29T14:15;2024-07-29T14:30;58;kWh;-17890;839;0;0;18729;-17051
2024-07-29T14:30;2024-07-29T14:45;59;kWh;-13429;0;0;0;13429;-13429
2024-07-29T14:45;2024-07-29T15:00;60;kWh;-8226;0;0;0;8226;-8226
2024-07-29T15:00;2024-07-29T15:15;61;kWh;-15877;0;0;0;15877;-15877
2024-07-29T15:15;2024-07-29T15:30;62;kWh;-17243;1127;0;0;18370;-16116
2024-07-29T15:30;2024-07-29T15:45;63;kWh;-16229;64;0;0;16293;-16165
2024-07-29T15:45;2024-07-29T16:00;64;kWh;-14300;0;0;0;14300;-14300
2024-07-29T16:00;2024-07-29T16:15;65;kWh;-36953;0;0;0;36953;-36953
2024-07-29T16:15;2024-07-29T16:30;66;kWh;-33774;0;0;0;33774;-33774
2024-07-29T16:30;2024-07-29T16:45;67;kWh;-9324;0;0;0;9324;-9324
2024-07-29T16:45;2024-07-29T17:00;68;kWh;-10735;0;0;0;10735;-10735
2024-07-29T17:00;2024-07-29T17:15;69;kWh;-20876;0;0;0;20876;-20876
2024-07-29T17:15;2024-07-29T17:30;70;kWh;-7820;0;0;0;7820;-7820
2024-07-29T17:30;2024-07-29T17:45;71;kWh;-2477;0;0;0;2477;-2477
2024-07-29T17:45;2024-07-29T18:00;72;kWh;-2273;0;0;0;2273;-2273
2024-07-29T18:00;2024-07-29T18:15;73;kWh;0;257;0;0;257;257
2024-07-29T18:15;2024-07-29T18:30;74;kWh;0;527;0;0;527;527
2024-07-29T18:30;2024-07-29T18:45;75;kWh;0;219;0;0;219;219
2024-07-29T18:45;2024-07-29T19:00;76;kWh;0;0;0;0;0;0
2024-07-29T19:00;2024-07-29T19:15;77;kWh;-735;0;0;0;735;-735
2024-07-29T19:15;2024-07-29T19:30;78;kWh;-1323;0;0;0;1323;-1323
2024-07-29T19:30;2024-07-29T19:45;79;kWh;-9;736;0;0;745;727
2024-07-29T19:45;2024-07-29T20:00;80;kWh;0;28184;0;0;28184;28184
2024-07-29T20:00;2024-07-29T20:15;81;kWh;0;4853;0;0;4853;4853
2024-07-29T20:15;2024-07-29T20:30;82;kWh;0;5077;0;0;5077;5077
2024-07-29T20:30;2024-07-29T20:45;83;kWh;0;38079;0;0;38079;38079
2024-07-29T20:45;2024-07-29T21:00;84;kWh;0;26861;0;0;26861;26861
2024-07-29T21:00;2024-07-29T21:15;85;kWh;0;10163;0;0;10163;10163
2024-07-29T21:15;2024-07-29T21:30;86;kWh;0;1874;0;0;1874;1874
2024-07-29T21:30;2024-07-29T21:45;87;kWh;0;7387;0;0;7387;7387
2024-07-29T21:45;2024-07-29T22:00;88;kWh;0;15707;0;0;15707;15707
2024-07-29T22:00;2024-07-29T22:15;89;kWh;0;21564;0;0;21564;21564
2024-07-29T22:15;2024-07-29T22:30;90;kWh;0;18343;0;0;18343;18343
2024-07-29T22:30;2024-07-29T22:45;91;kWh;0;500;0;0;500;500
2024-07-29T22:45;2024-07-29T23:00;92;kWh;-173;0;0;0;173;-173
2024-07-29T23:00;2024-07-29T23:15;93;kWh;-1251;0;0;0;1251;-1251
2024-07-29T23:15;2024-07-29T23:30;94;kWh;-29;0;0;0;29;-29
2024-07-29T23:30;2024-07-29T23:45;95;kWh;0;4225;0;0;4225;4225
2024-07-29T23:45;2024-07-30T00:00;96;kWh;-457;464;0;0;921;7
2024-07-30T00:00;2024-07-30T00:15;1;kWh;-3022;0;0;0;3022;-3022
2024-07-30T00:15;2024-07-30T00:30;2;kWh;-1304;0;0;0;1304;-1304
2024-07-30T00:30;2024-07-30T00:45;3;kWh;-5627;0;0;0;5627;-5627
2024-07-30T00:45;2024-07-30T01:00;4;kWh;-2957;0;0;0;2957;-2957
2024-07-30T01:00;2024-07-30T01:15;5;kWh;-1889;0;0;0;1889;-1889
2024-07-30T01:15;2024-07-30T01:30;6;kWh;-3213;0;0;0;3213;-3213
2024-07-30T01:30;2024-07-30T01:45;7;kWh;-4515;0;0;0;4515;-4515
2024-07-30T01:45;2024-07-30T02:00;8;kWh;-18152;0;0;0;18152;-18152
2024-07-30T02:00;2024-07-30T02:15;9;kWh;-4257;3255;0;0;7512;-1002
2024-07-30T02:15;2024-07-30T02:30;10;kWh;0;2915;0;0;2915;2915
2024-07-30T02:30;2024-07-30T02:45;11;kWh;0;15108;0;0;15108;15108
2024-07-30T02:45;2024-07-30T03:00;12;kWh;0;10663;0;0;10663;10663
2024-07-30T03:00;2024-07-30T03:15;13;kWh;0;16534;0;0;16534;16534
2024-07-30T03:15;2024-07-30T03:30;14;kWh;0;15397;0;0;15397;15397
2024-07-30T03:30;2024-07-30T03:45;15;kWh;0;3241;0;0;3241;3241
2024-07-30T03:45;2024-07-30T04:00;16;kWh;0;3123;0;0;3123;3123
2024-07-30T04:00;2024-07-30T04:15;17;kWh;0;1983;0;0;1983;1983
2024-07-30T04:15;2024-07-30T04:30;18;kWh;0;5028;0;0;5028;5028
2024-07-30T04:30;2024-07-30T04:45;19;kWh;0;29167;0;0;29167;29167
2024-07-30T04:45;2024-07-30T05:00;20;kWh;0;16675;0;0;16675;16675
2024-07-30T05:00;2024-07-30T05:15;21;kWh;0;1231;0;0;1231;1231
2024-07-30T05:15;2024-07-30T05:30;22;kWh;0;86;0;0;86;86
2024-07-30T05:30;2024-07-30T05:45;23;kWh;0;5138;0;0;5138;5138
2024-07-30T05:45;2024-07-30T06:00;24;kWh;0;2068;0;0;2068;2068
2024-07-30T06:00;2024-07-30T06:15;25;kWh;-69;1729;0;0;1798;1660
2024-07-30T06:15;2024-07-30T06:30;26;kWh;0;16178;0;0;16178;16178
2024-07-30T06:30;2024-07-30T06:45;27;kWh;0;11591;0;0;11591;11591
2024-07-30T06:45;2024-07-30T07:00;28;kWh;0;571;0;0;571;571
2024-07-30T07:00;2024-07-30T07:15;29;kWh;0;4896;0;0;4896;4896
2024-07-30T07:15;2024-07-30T07:30;30;kWh;0;4089;0;0;4089;4089
2024-07-30T07:30;2024-07-30T07:45;31;kWh;-2753;0;0;0;2753;-2753
2024-07-30T07:45;2024-07-30T08:00;32;kWh;-20305;0;0;0;20305;-20305
2024-07-30T08:00;2024-07-30T08:15;33;kWh;-10493;0;0;0;10493;-10493
2024-07-30T08:15;2024-07-30T08:30;34;kWh;-5538;88;0;0;5626;-5450
2024-07-30T08:30;2024-07-30T08:45;35;kWh;-13905;0;0;0;13905;-13905
2024-07-30T08:45;2024-07-30T09:00;36;kWh;-393;81;0;0;474;-312
2024-07-30T09:00;2024-07-30T09:15;37;kWh;-237;1587;0;0;1824;1350
2024-07-30T09:15;2024-07-30T09:30;38;kWh;-12;5292;0;0;5304;5280
2024-07-30T09:30;2024-07-30T09:45;39;kWh;-10070;2;0;0;10072;-10068
2024-07-30T09:45;2024-07-30T10:00;40;kWh;-22116;0;0;0;22116;-22116
2024-07-30T10:00;2024-07-30T10:15;41;kWh;-7341;1512;0;0;8853;-5829
2024-07-30T10:15;2024-07-30T10:30;42;kWh;-3850;363;0;0;4213;-3487
2024-07-30T10:30;2024-07-30T10:45;43;kWh;-10448;0;0;0;10448;-10448
2024-07-30T10:45;2024-07-30T11:00;44;kWh;-22749;0;0;0;22749;-22749
2024-07-30T11:00;2024-07-30T11:15;45;kWh;-5243;1950;0;0;7193;-3293
2024-07-30T11:15;2024-07-30T11:30;46;kWh;-129;401;0;0;530;272
2024-07-30T11:30;2024-07-30T11:45;47;kWh;-12654;0;0;0;12654;-12654
2024-07-30T11:45;2024-07-30T12:00;48;kWh;-4253;0;0;0;4253;-4253
2024-07-30T12:00;2024-07-30T12:15;49;kWh;-330;0;0;0;330;-330
2024-07-30T12:15;2024-07-30T12:30;50;kWh;-1928;0;0;0;1928;-1928
2024-07-30T12:30;2024-07-30T12:45;51;kWh;-831;0;0;0;831;-831
2024-07-30T12:45;2024-07-30T13:00;52;kWh;-23280;0;0;0;23280;-23280
2024-07-30T13:00;2024-07-30T13:15;53;kWh;-7576;0;0;0;7576;-7576
2024-07-30T13:15;2024-07-30T13:30;54;kWh;-1240;0;0;0;1240;-1240
2024-07-30T13:30;2024-07-30T13:45;55;kWh;-126;0;0;0;126;-126
2024-07-30T13:45;2024-07-30T14:00;56;kWh;-3734;0;0;0;3734;-3734
2024-07-30T14:00;2024-07-30T14:15;57;kWh;-16337;0;0;0;16337;-16337
2024-07-30T14:15;2024-07-30T14:30;58;kWh;-18309;0;0;0;18309;-18309
2024-07-30T14:30;2024-07-30T14:45;59;kWh;-4275;0;0;0;4275;-4275
2024-07-30T14:45;2024-07-30T15:00;60;kWh;-3350;0;0;0;3350;-3350
2024-07-30T15:00;2024-07-30T15:15;61;kWh;-14210;106;0;0;14316;-14104
2024-07-30T15:15;2024-07-30T15:30;62;kWh;-1224;126;0;0;1350;-1098
2024-07-30T15:30;2024-07-30T15:45;63;kWh;-601;0;0;0;601;-601
2024-07-30T15:45;2024-07-30T16:00;64;kWh;0;0;0;0;0;0
2024-07-30T16:00;2024-07-30T16:15;65;kWh;-385;0;0;0;385;-385
2024-07-30T16:15;2024-07-30T16:30;66;kWh;-7787;3368;0;0;11155;-4419
2024-07-30T16:30;2024-07-30T16:45;67;kWh;-218;213;0;0;431;-5
2024-07-30T16:45;2024-07-30T17:00;68;kWh;0;5149;0;0;5149;5149
2024-07-30T17:00;2024-07-30T17:15;69;kWh;0;3559;0;0;3559;3559
2024-07-30T17:15;2024-07-30T17:30;70;kWh;-1540;0;0;0;1540;-1540
2024-07-30T17:30;2024-07-30T17:45;71;kWh;-12013;0;0;0;12013;-12013
2024-07-30T17:45;2024-07-30T18:00;72;kWh;-10156;0;0;0;10156;-10156
2024-07-30T18:00;2024-07-30T18:15;73;kWh;-20289;0;0;0;20289;-20289
2024-07-30T18:15;2024-07-30T18:30;74;kWh;-10447;0;0;0;10447;-10447
2024-07-30T18:30;2024-07-30T18:45;75;kWh;-6;0;0;0;6;-6
2024-07-30T18:45;2024-07-30T19:00;76;kWh;-11;0;0;0;11;-11
2024-07-30T19:00;2024-07-30T19:15;77;kWh;-35021;667;0;0;35688;-34354
2024-07-30T19:15;2024-07-30T19:30;78;kWh;-1965;68;0;0;2033;-1897
2024-07-30T19:30;2024-07-30T19:45;79;kWh;0;2;0;0;2;2
2024-07-30T19:45;2024-07-30T20:00;80;kWh;0;43448;0;0;43448;43448
2024-07-30T20:00;2024-07-30T20:15;81;kWh;0;28499;0;0;28499;28499
2024-07-30T20:15;2024-07-30T20:30;82;kWh;0;46343;0;0;46343;46343
2024-07-30T20:30;2024-07-30T20:45;83;kWh;0;59138;0;0;59138;59138
2024-07-30T20:45;2024-07-30T21:00;84;kWh;0;45924;0;0;45924;45924
2024-07-30T21:00;2024-07-30T21:15;85;kWh;0;3540;0;0;3540;3540
2024-07-30T21:15;2024-07-30T21:30;86;kWh;-2387;0;0;0;2387;-2387
2024-07-30T21:30;2024-07-30T21:45;87;kWh;-2787;0;0;0;2787;-2787
2024-07-30T21:45;2024-07-30T22:00;88;kWh;-639;650;0;0;1289;11
2024-07-30T22:00;2024-07-30T22:15;89;kWh;0;24837;0;0;24837;24837
2024-07-30T22:15;2024-07-30T22:30;90;kWh;0;5142;0;0;5142;5142
2024-07-30T22:30;2024-07-30T22:45;91;kWh;0;321;0;0;321;321
2024-07-30T22:45;2024-07-30T23:00;92;kWh;0;0;0;0;0;0
2024-07-30T23:00;2024-07-30T23:15;93;kWh;0;0;0;0;0;0
2024-07-30T23:15;2024-07-30T23:30;94;kWh;-1772;0;0;0;1772;-1772
2024-07-30T23:30;2024-07-30T23:45;95;kWh;-6905;0;0;0;6905;-6905
2024-07-30T23:45;2024-07-31T00:00;96;kWh;-25500;0;0;0;25500;-25500
2024-07-31T00:00;2024-07-31T00:15;1;kWh;-19805;80;0;0;19885;-19725
2024-07-31T00:15;2024-07-31T00:30;2;kWh;-13726;185;0;0;13911;-13541
2024-07-31T00:30;2024-07-31T00:45;3;kWh;-11072;0;0;0;11072;-11072
2024-07-31T00:45;2024-07-31T01:00;4;kWh;-48;1842;0;0;1890;1794
2024-07-31T01:00;2024-07-31T01:15;5;kWh;0;63;0;0;63;63
2024-07-31T01:15;2024-07-31T01:30;6;kWh;0;682;0;0;682;682
2024-07-31T01:30;2024-07-31T01:45;7;kWh;0;6287;0;0;6287;6287
2024-07-31T01:45;2024-07-31T02:00;8;kWh;0;3357;0;0;3357;3357
2024-07-31T02:00;2024-07-31T02:15;9;kWh;0;14251;0;0;14251;14251
2024-07-31T02:15;2024-07-31T02:30;10;kWh;0;2992;0;0;2992;2992
2024-07-31T02:30;2024-07-31T02:45;11;kWh;0;899;0;0;899;899
2024-07-31T02:45;2024-07-31T03:00;12;kWh;0;20401;0;0;20401;20401
2024-07-31T03:00;2024-07-31T03:15;13;kWh;0;10700;0;0;10700;10700
2024-07-31T03:15;2024-07-31T03:30;14;kWh;0;25880;0;0;25880;25880
2024-07-31T03:30;2024-07-31T03:45;15;kWh;0;38125;0;0;38125;38125
2024-07-31T03:45;2024-07-31T04:00;16;kWh;0;20907;0;0;20907;20907
2024-07-31T04:00;2024-07-31T04:15;17;kWh;0;38069;0;0;38069;38069
2024-07-31T04:15;2024-07-31T04:30;18;kWh;0;29182;0;0;29182;29182
2024-07-31T04:30;2024-07-31T04:45;19;kWh;0;24546;0;0;24546;24546
2024-07-31T04:45;2024-07-31T05:00;20;kWh;0;16232;0;0;16232;16232
2024-07-31T05:00;2024-07-31T05:15;21;kWh;0;11290;0;0;11290;11290
2024-07-31T05:15;2024-07-31T05:30;22;kWh;0;5834;0;0;5834;5834
2024-07-31T05:30;2024-07-31T05:45;23;kWh;0;2379;0;0;2379;2379
2024-07-31T05:45;2024-07-31T06:00;24;kWh;-14;301;0;0;315;287
2024-07-31T06:00;2024-07-31T06:15;25;kWh;-5848;0;0;0;5848;-5848
2024-07-31T06:15;2024-07-31T06:30;26;kWh;-1000;0;0;0;1000;-1000
2024-07-31T06:30;2024-07-31T06:45;27;kWh;-1092;0;0;0;1092;-1092
2024-07-31T06:45;2024-07-31T07:00;28;kWh;-6251;0;0;0;6251;-6251
2024-07-31T07:00;2024-07-31T07:15;29;kWh;-22942;0;0;0;22942;-22942
2024-07-31T07:15;2024-07-31T07:30;30;kWh;-57955;0;0;0;57955;-57955
2024-07-31T07:30;2024-07-31T07:45;31;kWh;-60057;0;0;0;60057;-60057
2024-07-31T07:45;2024-07-31T08:00;32;kWh;-62160;0;0;0;62160;-62160
2024-07-31T08:00;2024-07-31T08:15;33;kWh;-3652;0;0;0;3652;-3652
2024-07-31T08:15;2024-07-31T08:30;34;kWh;-5904;0;0;0;5904;-5904
2024-07-31T08:30;2024-07-31T08:45;35;kWh;-21950;0;0;0;21950;-21950
2024-07-31T08:45;2024-07-31T09:00;36;kWh;-22726;0;0;0;22726;-22726
2024-07-31T09:00;2024-07-31T09:15;37;kWh;-12275;0;0;0;12275;-12275
2024-07-31T09:15;2024-07-31T09:30;38;kWh;-7412;0;0;0;7412;-7412
2024-07-31T09:30;2024-07-31T09:45;39;kWh;-27902;0;0;0;27902;-27902
2024-07-31T09:45;2024-07-31T10:00;40;kWh;-16355;0;0;0;16355;-16355
2024-07-31T10:00;2024-07-31T10:15;41;kWh;-1229;796;0;0;2025;-433
2024-07-31T10:15;2024-07-31T10:30;42;kWh;0;2856;0;0;2856;2856
2024-07-31T10:30;2024-07-31T10:45;43;kWh;0;648;0;0;648;648
2024-07-31T10:45;2024-07-31T11:00;44;kWh;0;1793;0;0;1793;1793
2024-07-31T11:00;2024-07-31T11:15;45;kWh;0;44988;0;0;44988;44988
2024-07-31T11:15;2024-07-31T11:30;46;kWh;-473;9491;0;0;9964;9018
2024-07-31T11:30;2024-07-31T11:45;47;kWh;-21410;0;0;0;21410;-21410
2024-07-31T11:45;2024-07-31T12:00;48;kWh;-8860;0;0;0;8860;-8860
2024-07-31T12:00;2024-07-31T12:15;49;kWh;-19473;0;0;0;19473;-19473
2024-07-31T12:15;2024-07-31T12:30;50;kWh;-2410;0;0;0;2410;-2410
2024-07-31T12:30;2024-07-31T12:45;51;kWh;0;18153;0;0;18153;18153
2024-07-31T12:45;2024-07-31T13:00;52;kWh;0;3385;0;0;3385;3385
2024-07-31T13:00;2024-07-31T13:15;53;kWh;0;28923;0;0;28923;28923
2024-07-31T13:15;2024-07-31T13:30;54;kWh;0;23599;0;0;23599;23599
2024-07-31T13:30;2024-07-31T13:45;55;kWh;0;4634;0;0;4634;4634
2024-07-31T13:45;2024-07-31T14:00;56;kWh;0;2080;0;0;2080;2080
2024-07-31T14:00;2024-07-31T14:15;57;kWh;0;31813;0;0;31813;31813
2024-07-31T14:15;2024-07-31T14:30;58;kWh;0;42146;0;0;42146;42146
2024-07-31T14:30;2024-07-31T14:45;59;kWh;0;20723;0;0;20723;20723
2024-07-31T14:45;2024-07-31T15:00;60;kWh;0;15177;0;0;15177;15177
2024-07-31T15:00;2024-07-31T15:15;61;kWh;-3196;606;0;0;3802;-2590
2024-07-31T15:15;2024-07-31T15:30;62;kWh;-24556;0;0;0;24556;-24556
2024-07-31T15:30;2024-07-31T15:45;63;kWh;-897;0;0;0;897;-897
2024-07-31T15:45;2024-07-31T16:00;64;kWh;-5439;0;0;0;5439;-5439
2024-07-31T16:00;2024-07-31T16:15;65;kWh;-9543;0;0;0;9543;-9543
2024-07-31T16:15;2024-07-31T16:30;66;kWh;-19422;0;0;0;19422;-19422
2024-07-31T16:30;2024-07-31T16:45;67;kWh;-5017;0;0;0;5017;-5017
2024-07-31T16:45;2024-07-31T17:00;68;kWh;-11643;0;0;0;11643;-11643
2024-07-31T17:00;2024-07-31T17:15;69;kWh;-27811;0;0;0;27811;-27811
2024-07-31T17:15;2024-07-31T17:30;70;kWh;-17910;0;0;0;17910;-17910
2024-07-31T17:30;2024-07-31T17:45;71;kWh;-40;0;0;0;40;-40
2024-07-31T17:45;2024-07-31T18:00;72;kWh;-6921;0;0;0;6921;-6921
2024-07-31T18:00;2024-07-31T18:15;73;kWh;-28378;0;0;0;28378;-28378
2024-07-31T18:15;2024-07-31T18:30;74;kWh;-39194;0;0;0;39194;-39194
2024-07-31T18:30;2024-07-31T18:45;75;kWh;-17039;0;0;0;17039;-17039
2024-07-31T18:45;2024-07-31T19:00;76;kWh;-721;0;0;0;721;-721
2024-07-31T19:00;2024-07-31T19:15;77;kWh;-270;3365;0;0;3635;3095
2024-07-31T19:15;2024-07-31T19:30;78;kWh;0;4112;0;0;4112;4112
2024-07-31T19:30;2024-07-31T19:45;79;kWh;0;1020;0;0;1020;1020
2024-07-31T19:45;2024-07-31T20:00;80;kWh;0;9586;0;0;9586;9586
2024-07-31T20:00;2024-07-31T20:15;81;kWh;0;8091;0;0;8091;8091
2024-07-31T20:15;2024-07-31T20:30;82;kWh;0;31094;0;0;31094;31094
2024-07-31T20:30;2024-07-31T20:45;83;kWh;0;39686;0;0;39686;39686
2024-07-31T20:45;2024-07-31T21:00;84;kWh;0;2348;0;0;2348;2348
2024-07-31T21:00;2024-07-31T21:15;85;kWh;0;19250;0;0;19250;19250
2024-07-31T21:15;2024-07-31T21:30;86;kWh;0;26998;0;0;26998;26998
2024-07-31T21:30;2024-07-31T21:45;87;kWh;0;37277;0;0;37277;37277
2024-07-31T21:45;2024-07-31T22:00;88;kWh;0;32945;0;0;32945;32945
2024-07-31T22:00;2024-07-31T22:15;89;kWh;0;5209;0;0;5209;5209
2024-07-31T22:15;2024-07-31T22:30;90;kWh;0;1026;0;0;1026;1026
2024-07-31T22:30;2024-07-31T22:45;91;kWh;0;2047;0;0;2047;2047
2024-07-31T22:45;2024-07-31T23:00;92;kWh;0;14967;0;0;14967;14967
2024-07-31T23:00;2024-07-31T23:15;93;kWh;0;221;0;0;221;221
2024-07-31T23:15;2024-07-31T23:30;94;kWh;0;24815;0;0;24815;24815
2024-07-31T23:30;2024-07-31T23:45;95;kWh;0;30523;0;0;30523;30523
2024-07-31T23:45;2024-08-01T00:00;96;kWh;-35;4907;0;0;4942;4872
2024-08-01T00:00;2024-08-01T00:15;1;kWh;-1400;0;0;0;1400;-1400
2024-08-01T00:15;2024-08-01T00:30;2;kWh;-9887;0;0;0;9887;-9887
2024-08-01T00:30;2024-08-01T00:45;3;kWh;-35410;0;0;0;35410;-35410
2024-08-01T00:45;2024-08-01T01:00;4;kWh;-34903;0;0;0;34903;-34903
2024-08-01T01:00;2024-08-01T01:15;5;kWh;-34865;0;0;0;34865;-34865
2024-08-01T01:15;2024-08-01T01:30;6;kWh;-20956;0;0;0;20956;-20956
2024-08-01T01:30;2024-08-01T01:45;7;kWh;-26890;0;0;0;26890;-26890
2024-08-01T01:45;2024-08-01T02:00;8;kWh;-29402;0;0;0;29402;-29402
2024-08-01T02:00;2024-08-01T02:15;9;kWh;-17264;0;0;0;17264;-17264
2024-08-01T02:15;2024-08-01T02:30;10;kWh;-4096;0;0;0;4096;-4096
2024-08-01T02:30;2024-08-01T02:45;11;kWh;-3417;0;0;0;3417;-3417
2024-08-01T02:45;2024-08-01T03:00;12;kWh;-3790;0;0;0;3790;-3790
2024-08-01T03:00;2024-08-01T03:15;13;kWh;-229;2197;0;0;2426;1968
2024-08-01T03:15;2024-08-01T03:30;14;kWh;-93;82;0;0;175;-11
2024-08-01T03:30;2024-08-01T03:45;15;kWh;-1005;0;0;0;1005;-1005
2024-08-01T03:45;2024-08-01T04:00;16;kWh;0;0;0;0;0;0
2024-08-01T04:00;2024-08-01T04:15;17;kWh;0;0;0;0;0;0
2024-08-01T04:15;2024-08-01T04:30;18;kWh;0;0;0;0;0;0
2024-08-01T04:30;2024-08-01T04:45;19;kWh;0;0;0;0;0;0
2024-08-01T04:45;2024-08-01T05:00;20;kWh;-4531;0;0;0;4531;-4531
2024-08-01T05:00;2024-08-01T05:15;21;kWh;-16306;0;0;0;16306;-16306
2024-08-01T05:15;2024-08-01T05:30;22;kWh;-26826;0;0;0;26826;-26826
2024-08-01T05:30;2024-08-01T05:45;23;kWh;-1529;656;0;0;2185;-873
2024-08-01T05:45;2024-08-01T06:00;24;kWh;0;1465;0;0;1465;1465
2024-08-01T06:00;2024-08-01T06:15;25;kWh;0;929;0;0;929;929
2024-08-01T06:15;2024-08-01T06:30;26;kWh;0;766;0;0;766;766
2024-08-01T06:30;2024-08-01T06:45;27;kWh;-9389;0;0;0;9389;-9389
2024-08-01T06:45;2024-08-01T07:00;28;kWh;-36999;0;0;0;36999;-36999
2024-08-01T07:00;2024-08-01T07:15;29;kWh;-9124;0;0;0;9124;-9124
2024-08-01T07:15;2024-08-01T07:30;30;kWh;-28325;0;0;0;28325;-28325
2024-08-01T07:30;2024-08-01T07:45;31;kWh;-14038;0;0;0;14038;-14038
2024-08-01T07:45;2024-08-01T08:00;32;kWh;-710;0;0;0;710;-710
2024-08-01T08:00;2024-08-01T08:15;33;kWh;-357;9231;0;0;9588;8874
2024-08-01T08:15;2024-08-01T08:30;34;kWh;0;42819;0;0;42819;42819
2024-08-01T08:30;2024-08-01T08:45;35;kWh;0;42609;0;0;42609;42609
2024-08-01T08:45;2024-08-01T09:00;36;kWh;0;27394;0;0;27394;27394
2024-08-01T09:00;2024-08-01T09:15;37;kWh;0;5707;0;0;5707;5707
2024-08-01T09:15;2024-08-01T09:30;38;kWh;0;0;0;0;0;0
2024-08-01T09:30;2024-08-01T09:45;39;kWh;0;0;0;0;0;0
2024-08-01T09:45;2024-08-01T10:00;40;kWh;0;0;0;0;0;0
2024-08-01T10:00;2024-08-01T10:15;41;kWh;-10376;0;0;0;10376;-10376
2024-08-01T10:15;2024-08-01T10:30;42;kWh;-9165;0;0;0;9165;-9165
2024-08-01T10:30;2024-08-01T10:45;43;kWh;-42376;0;0;0;42376;-42376
2024-08-01T10:45;2024-08-01T11:00;44;kWh;-45705;0;0;0;45705;-45705
2024-08-01T11:00;2024-08-01T11:15;45;kWh;-17549;0;0;0;17549;-17549
2024-08-01T11:15;2024-08-01T11:30;46;kWh;0;20433;0;0;20433;20433
2024-08-01T11:30;2024-08-01T11:45;47;kWh;0;30541;0;0;30541;30541
2024-08-01T11:45;2024-08-01T12:00;48;kWh;0;36885;0;0;36885;36885
2024-08-01T12:00;2024-08-01T12:15;49;kWh;0;3032;0;0;3032;3032
2024-08-01T12:15;2024-08-01T12:30;50;kWh;0;126;0;0;126;126
2024-08-01T12:30;2024-08-01T12:45;51;kWh;0;56;0;0;56;56
2024-08-01T12:45;2024-08-01T13:00;52;kWh;0;1372;0;0;1372;1372
2024-08-01T13:00;2024-08-01T13:15;53;kWh;0;10126;0;0;10126;10126
2024-08-01T13:15;2024-08-01T13:30;54;kWh;0;33534;0;0;33534;33534
2024-08-01T13:30;2024-08-01T13:45;55;kWh;0;35601;0;0;35601;35601
2024-08-01T13:45;2024-08-01T14:00;56;kWh;0;54757;0;0;54757;54757
2024-08-01T14:00;2024-08-01T14:15;57;kWh;0;57096;0;0;57096;57096
2024-08-01T14:15;2024-08-01T14:30;58;kWh;0;62177;0;0;62177;62177
2024-08-01T14:30;2024-08-01T14:45;59;kWh;0;118486;0;0;118486;118486
2024-08-01T14:45;2024-08-01T15:00;60;kWh;0;123314;0;0;123314;123314
2024-08-01T15:00;2024-08-01T15:15;61;kWh;0;130638;0;0;130638;130638
2024-08-01T15:15;2024-08-01T15:30;62;kWh;0;130248;0;0;130248;130248
2024-08-01T15:30;2024-08-01T15:45;63;kWh;0;129193;0;0;129193;129193
2024-08-01T15:45;2024-08-01T16:00;64;kWh;0;119402;0;0;119402;119402
2024-08-01T16:00;2024-08-01T16:15;65;kWh;-1110;3002;0;0;4112;1892
2024-08-01T16:15;2024-08-01T16:30;66;kWh;0;35291;0;0;35291;35291
2024-08-01T16:30;2024-08-01T16:45;67;kWh;0;17361;0;0;17361;17361
2024-08-01T16:45;2024-08-01T17:00;68;kWh;0;160;0;0;160;160
2024-08-01T17:00;2024-08-01T17:15;69;kWh;0;1607;0;0;1607;1607
2024-08-01T17:15;2024-08-01T17:30;70;kWh;-12450;349;0;0;12799;-12101
2024-08-01T17:30;2024-08-01T17:45;71;kWh;-13387;0;0;0;13387;-13387
2024-08-01T17:45;2024-08-01T18:00;72;kWh;-868;0;0;0;868;-868
2024-08-01T18:00;2024-08-01T18:15;73;kWh;0;2412;0;0;2412;2412
2024-08-01T18:15;2024-08-01T18:30;74;kWh;0;1088;0;0;1088;1088
2024-08-01T18:30;2024-08-01T18:45;75;kWh;0;0;0;0;0;0
2024-08-01T18:45;2024-08-01T19:00;76;kWh;0;0;0;0;0;0
2024-08-01T19:00;2024-08-01T19:15;77;kWh;-2295;0;0;0;2295;-2295
2024-08-01T19:15;2024-08-01T19:30;78;kWh;-3132;0;0;0;3132;-3132
2024-08-01T19:30;2024-08-01T19:45;79;kWh;-14455;0;0;0;14455;-14455
2024-08-01T19:45;2024-08-01T20:00;80;kWh;-88;0;0;0;88;-88
2024-08-01T20:00;2024-08-01T20:15;81;kWh;-7693;0;0;0;7693;-7693
2024-08-01T20:15;2024-08-01T20:30;82;kWh;-33030;0;0;0;33030;-33030
2024-08-01T20:30;2024-08-01T20:45;83;kWh;-34299;0;0;0;34299;-34299
2024-08-01T20:45;2024-08-01T21:00;84;kWh;-12192;0;0;0;12192;-12192
2024-08-01T21:00;2024-08-01T21:15;85;kWh;-4847;0;0;0;4847;-4847
2024-08-01T21:15;2024-08-01T21:30;86;kWh;-4706;0;0;0;4706;-4706
2024-08-01T21:30;2024-08-01T21:45;87;kWh;0;0;0;0;0;0
2024-08-01T21:45;2024-08-01T22:00;88;kWh;0;3850;0;0;3850;3850
2024-08-01T22:00;2024-08-01T22:15;89;kWh;0;18867;0;0;18867;18867
2024-08-01T22:15;2024-08-01T22:30;90;kWh;0;25740;0;0;25740;25740
2024-08-01T22:30;2024-08-01T22:45;91;kWh;0;5839;0;0;5839;5839
2024-08-01T22:45;2024-08-01T23:00;92;kWh;0;8503;0;0;8503;8503
2024-08-01T23:00;2024-08-01T23:15;93;kWh;-6;3477;0;0;3483;3471
2024-08-01T23:15;2024-08-01T23:30;94;kWh;0;1001;0;0;1001;1001
2024-08-01T23:30;2024-08-01T23:45;95;kWh;-2800;0;0;0;2800;-2800
2024-08-01T23:45;2024-08-02T00:00;96;kWh;-14187;0;0;0;14187;-14187
2024-08-02T00:00;2024-08-02T00:15;1;kWh;-17722;0;0;0;17722;-17722
2024-08-02T00:15;2024-08-02T00:30;2;kWh;-336;0;0;0;336;-336
2024-08-02T00:30;2024-08-02T00:45;3;kWh;-1113;949;0;0;2062;-164
2024-08-02T00:45;2024-08-02T01:00;4;kWh;0;5970;0;0;5970;5970
2024-08-02T01:00;2024-08-02T01:15;5;kWh;0;1159;0;0;1159;1159
2024-08-02T01:15;2024-08-02T01:30;6;kWh;-3;2623;0;0;2626;2620
2024-08-02T01:30;2024-08-02T01:45;7;kWh;-3870;0;0;0;3870;-3870
2024-08-02T01:45;2024-08-02T02:00;8;kWh;-10944;0;0;0;10944;-10944
2024-08-02T02:00;2024-08-02T02:15;9;kWh;-3047;0;0;0;3047;-3047
2024-08-02T02:15;2024-08-02T02:30;10;kWh;0;0;0;0;0;0
2024-08-02T02:30;2024-08-02T02:45;11;kWh;0;112;0;0;112;112
2024-08-02T02:45;2024-08-02T03:00;12;kWh;0;0;0;0;0;0
2024-08-02T03:00;2024-08-02T03:15;13;kWh;-45;0;0;0;45;-45
2024-08-02T03:15;2024-08-02T03:30;14;kWh;-429;0;0;0;429;-429
2024-08-02T03:30;2024-08-02T03:45;15;kWh;-598;0;0;0;598;-598
2024-08-02T03:45;2024-08-02T04:00;16;kWh;-4882;0;0;0;4882;-4882
2024-08-02T04:00;2024-08-02T04:15;17;kWh;-303;0;0;0;303;-303
2024-08-02T04:15;2024-08-02T04:30;18;kWh;0;540;0;0;540;540
2024-08-02T04:30;2024-08-02T04:45;19;kWh;0;1715;0;0;1715;1715
2024-08-02T04:45;2024-08-02T05:00;20;kWh;0;577;0;0;577;577
2024-08-02T05:00;2024-08-02T05:15;21;kWh;0;16;0;0;16;16
2024-08-02T05:15;2024-08-02T05:30;22;kWh;0;1456;0;0;1456;1456
2024-08-02T05:30;2024-08-02T05:45;23;kWh;0;13411;0;0;13411;13411
2024-08-02T05:45;2024-08-02T06:00;24;kWh;0;11940;0;0;11940;11940
2024-08-02T06:00;2024-08-02T06:15;25;kWh;0;2315;0;0;2315;2315
2024-08-02T06:15;2024-08-02T06:30;26;kWh;0;7388;0;0;7388;7388
2024-08-02T06:30;2024-08-02T06:45;27;kWh;0;5419;0;0;5419;5419
2024-08-02T06:45;2024-08-02T07:00;28;kWh;0;1625;0;0;1625;1625
2024-08-02T07:00;2024-08-02T07:15;29;kWh;0;16597;0;0;16597;16597
2024-08-02T07:15;2024-08-02T07:30;30;kWh;0;20401;0;0;20401;20401
2024-08-02T07:30;2024-08-02T07:45;31;kWh;0;3514;0;0;3514;3514
2024-08-02T07:45;2024-08-02T08:00;32;kWh;0;2486;0;0;2486;2486
2024-08-02T08:00;2024-08-02T08:15;33;kWh;-1041;0;0;0;1041;-1041
2024-08-02T08:15;2024-08-02T08:30;34;kWh;-7564;0;0;0;7564;-7564
2024-08-02T08:30;2024-08-02T08:45;35;kWh;-20484;0;0;0;20484;-20484
2024-08-02T08:45;2024-08-02T09:00;36;kWh;-33739;0;0;0;33739;-33739
2024-08-02T09:00;2024-08-02T09:15;37;kWh;-9552;0;0;0;9552;-9552
2024-08-02T09:15;2024-08-02T09:30;38;kWh;-331;0;0;0;331;-331
2024-08-02T09:30;2024-08-02T09:45;39;kWh;-5206;0;0;0;5206;-5206
2024-08-02T09:45;2024-08-02T10:00;40;kWh;-8853;0;0;0;8853;-8853
2024-08-02T10:00;2024-08-02T10:15;41;kWh;-15372;0;0;0;15372;-15372
2024-08-02T10:15;2024-08-02T10:30;42;kWh;-13370;0;0;0;13370;-13370
2024-08-02T10:30;2024-08-02T10:45;43;kWh;-15023;0;0;0;15023;-15023
2024-08-02T10:45;2024-08-02T11:00;44;kWh;-28973;0;0;0;28973;-28973
2024-08-02T11:00;2024-08-02T11:15;45;kWh;-30265;0;0;0;30265;-30265
2024-08-02T11:15;2024-08-02T11:30;46;kWh;-1486;1497;0;0;2983;11
2024-08-02T11:30;2024-08-02T11:45;47;kWh;0;2052;0;0;2052;2052
2024-08-02T11:45;2024-08-02T12:00;48;kWh;0;16108;0;0;16108;16108
2024-08-02T12:00;2024-08-02T12:15;49;kWh;0;38950;0;0;38950;38950
2024-08-02T12:15;2024-08-02T12:30;50;kWh;0;33725;0;0;33725;33725
2024-08-02T12:30;2024-08-02T12:45;51;kWh;-78;8532;0;0;8610;8454
2024-08-02T12:45;2024-08-02T13:00;52;kWh;-17567;0;0;0;17567;-17567
2024-08-02T13:00;2024-08-02T13:15;53;kWh;-27388;0;0;0;27388;-27388
2024-08-02T13:15;2024-08-02T13:30;54;kWh;-20900;615;0;0;21515;-20285
2024-08-02T13:30;2024-08-02T13:45;55;kWh;-12440;540;0;0;12980;-11900
2024-08-02T13:45;2024-08-02T14:00;56;kWh;-9963;0;0;0;9963;-9963
2024-08-02T14:00;2024-08-02T14:15;57;kWh;-827;40;0;0;867;-787
2024-08-02T14:15;2024-08-02T14:30;58;kWh;-3196;2;0;0;3198;-3194
2024-08-02T14:30;2024-08-02T14:45;59;kWh;-35;0;0;0;35;-35
2024-08-02T14:45;2024-08-02T15:00;60;kWh;0;4108;0;0;4108;4108
2024-08-02T15:00;2024-08-02T15:15;61;kWh;-18714;50;0;0;18764;-18664
2024-08-02T15:15;2024-08-02T15:30;62;kWh;-13606;0;0;0;13606;-13606
2024-08-02T15:30;2024-08-02T15:45;63;kWh;-6368;0;0;0;6368;-6368
2024-08-02T15:45;2024-08-02T16:00;64;kWh;-436;0;0;0;436;-436
2024-08-02T16:00;2024-08-02T16:15;65;kWh;-21270;0;0;0;21270;-21270
2024-08-02T16:15;2024-08-02T16:30;66;kWh;-1755;0;0;0;1755;-1755
2024-08-02T16:30;2024-08-02T16:45;67;kWh;-521;0;0;0;521;-521
2024-08-02T16:45;2024-08-02T17:00;68;kWh;-4538;0;0;0;4538;-4538
2024-08-02T17:00;2024-08-02T17:15;69;kWh;0;2984;0;0;2984;2984
2024-08-02T17:15;2024-08-02T17:30;70;kWh;0;17566;0;0;17566;17566
2024-08-02T17:30;2024-08-02T17:45;71;kWh;0;9334;0;0;9334;9334
2024-08-02T17:45;2024-08-02T18:00;72;kWh;-30;435;0;0;465;405
2024-08-02T18:00;2024-08-02T18:15;73;kWh;0;27312;0;0;27312;27312
2024-08-02T18:15;2024-08-02T18:30;74;kWh;-8791;1507;0;0;10298;-7284
2024-08-02T18:30;2024-08-02T18:45;75;kWh;-27381;0;0;0;27381;-27381
2024-08-02T18:45;2024-08-02T19:00;76;kWh;-2817;0;0;0;2817;-2817
2024-08-02T19:00;2024-08-02T19:15;77;kWh;-15750;0;0;0;15750;-15750
2024-08-02T19:15;2024-08-02T19:30;78;kWh;-2665;0;0;0;2665;-2665
2024-08-02T19:30;2024-08-02T19:45;79;kWh;-54;405;0;0;459;351
2024-08-02T19:45;2024-08-02T20:00;80;kWh;0;18341;0;0;18341;18341
2024-08-02T20:00;2024-08-02T20:15;81;kWh;-66;3388;0;0;3454;3322
2024-08-02T20:15;2024-08-02T20:30;82;kWh;0;7597;0;0;7597;7597
2024-08-02T20:30;2024-08-02T20:45;83;kWh;0;16353;0;0;16353;16353
2024-08-02T20:45;2024-08-02T21:00;84;kWh;0;1696;0;0;1696;1696
2024-08-02T21:00;2024-08-02T21:15;85;kWh;-3195;0;0;0;3195;-3195
2024-08-02T21:15;2024-08-02T21:30;86;kWh;-6294;0;0;0;6294;-6294
2024-08-02T21:30;2024-08-02T21:45;87;kWh;-5150;0;0;0;5150;-5150
2024-08-02T21:45;2024-08-02T22:00;88;kWh;-14941;0;0;0;14941;-14941
2024-08-02T22:00;2024-08-02T22:15;89;kWh;-4299;0;0;0;4299;-4299
2024-08-02T22:15;2024-08-02T22:30;90;kWh;0;0;0;0;0;0
2024-08-02T22:30;2024-08-02T22:45;91;kWh;0;0;0;0;0;0
2024-08-02T22:45;2024-08-02T23:00;92;kWh;-4665;0;0;0;4665;-4665
2024-08-02T23:00;2024-08-02T23:15;93;kWh;-16047;0;0;0;16047;-16047
2024-08-02T23:15;2024-08-02T23:30;94;kWh;-15124;0;0;0;15124;-15124
2024-08-02T23:30;2024-08-02T23:45;95;kWh;-2697;0;0;0;2697;-2697
2024-08-02T23:45;2024-08-03T00:00;96;kWh;-1844;0;0;0;1844;-1844
2024-08-03T00:00;2024-08-03T00:15;1;kWh;-4386;0;0;0;4386;-4386
2024-08-03T00:15;2024-08-03T00:30;2;kWh;-3231;0;0;0;3231;-3231
2024-08-03T00:30;2024-08-03T00:45;3;kWh;-1269;0;0;0;1269;-1269
2024-08-03T00:45;2024-08-03T01:00;4;kWh;-943;838;0;0;1781;-105
2024-08-03T01:00;2024-08-03T01:15;5;kWh;-21063;0;0;0;21063;-21063
2024-08-03T01:15;2024-08-03T01:30;6;kWh;-22549;0;0;0;22549;-22549
2024-08-03T01:30;2024-08-03T01:45;7;kWh;-6355;1573;0;0;7928;-4782
2024-08-03T01:45;2024-08-03T02:00;8;kWh;0;8138;0;0;8138;8138
2024-08-03T02:00;2024-08-03T02:15;9;kWh;0;374;0;0;374;374
2024-08-03T02:15;2024-08-03T02:30;10;kWh;0;1579;0;0;1579;1579
2024-08-03T02:30;2024-08-03T02:45;11;kWh;0;16311;0;0;16311;16311
2024-08-03T02:45;2024-08-03T03:00;12;kWh;0;12597;0;0;12597;12597
2024-08-03T03:00;2024-08-03T03:15;13;kWh;0;27850;0;0;27850;27850
2024-08-03T03:15;2024-08-03T03:30;14;kWh;0;50881;0;0;50881;50881
2024-08-03T03:30;2024-08-03T03:45;15;kWh;0;17888;0;0;17888;17888
2024-08-03T03:45;2024-08-03T04:00;16;kWh;0;10338;0;0;10338;10338
2024-08-03T04:00;2024-08-03T04:15;17;kWh;0;10716;0;0;10716;10716
2024-08-03T04:15;2024-08-03T04:30;18;kWh;0;5340;0;0;5340;5340
2024-08-03T04:30;2024-08-03T04:45;19;kWh;0;5022;0;0;5022;5022
2024-08-03T04:45;2024-08-03T05:00;20;kWh;0;10103;0;0;10103;10103
2024-08-03T05:00;2024-08-03T05:15;21;kWh;0;17479;0;0;17479;17479
2024-08-03T05:15;2024-08-03T05:30;22;kWh;0;37827;0;0;37827;37827
2024-08-03T05:30;2024-08-03T05:45;23;kWh;0;40310;0;0;40310;40310
2024-08-03T05:45;2024-08-03T06:00;24;kWh;0;20279;0;0;20279;20279
2024-08-03T06:00;2024-08-03T06:15;25;kWh;0;37191;0;0;37191;37191
2024-08-03T06:15;2024-08-03T06:30;26;kWh;0;20704;0;0;20704;20704
2024-08-03T06:30;2024-08-03T06:45;27;kWh;0;16216;0;0;16216;16216
2024-08-03T06:45;2024-08-03T07:00;28;kWh;0;570;0;0;570;570
2024-08-03T07:00;2024-08-03T07:15;29;kWh;0;6896;0;0;6896;6896
2024-08-03T07:15;2024-08-03T07:30;30;kWh;0;23598;0;0;23598;23598
2024-08-03T07:30;2024-08-03T07:45;31;kWh;0;19318;0;0;19318;19318
2024-08-03T07:45;2024-08-03T08:00;32;kWh;0;27013;0;0;27013;27013
2024-08-03T08:00;2024-08-03T08:15;33;kWh;0;52767;0;0;52767;52767
2024-08-03T08:15;2024-08-03T08:30;34;kWh;-4;5821;0;0;5825;5817
2024-08-03T08:30;2024-08-03T08:45;35;kWh;-606;0;0;0;606;-606
2024-08-03T08:45;2024-08-03T09:00;36;kWh;-15369;0;0;0;15369;-15369
2024-08-03T09:00;2024-08-03T09:15;37;kWh;-3800;0;0;0;3800;-3800
2024-08-03T09:15;2024-08-03T09:30;38;kWh;-9453;0;0;0;9453;-9453
2024-08-03T09:30;2024-08-03T09:45;39;kWh;-28368;0;0;0;28368;-28368
2024-08-03T09:45;2024-08-03T10:00;40;kWh;-30682;0;0;0;30682;-30682
2024-08-03T10:00;2024-08-03T10:15;41;kWh;-15774;0;0;0;15774;-15774
2024-08-03T10:15;2024-08-03T10:30;42;kWh;0;1070;0;0;1070;1070
2024-08-03T10:30;2024-08-03T10:45;43;kWh;-898;0;0;0;898;-898
2024-08-03T10:45;2024-08-03T11:00;44;kWh;-2145;0;0;0;2145;-2145
2024-08-03T11:00;2024-08-03T11:15;45;kWh;-97;2697;0;0;2794;2600
2024-08-03T11:15;2024-08-03T11:30;46;kWh;-4;0;0;0;4;-4
2024-08-03T11:30;2024-08-03T11:45;47;kWh;-12497;0;0;0;12497;-12497
2024-08-03T11:45;2024-08-03T12:00;48;kWh;-28406;0;0;0;28406;-28406
2024-08-03T12:00;2024-08-03T12:15;49;kWh;-10855;0;0;0;10855;-10855
2024-08-03T12:15;2024-08-03T12:30;50;kWh;-4913;0;0;0;4913;-4913
2024-08-03T12:30;2024-08-03T12:45;51;kWh;-5981;0;0;0;5981;-5981
2024-08-03T12:45;2024-08-03T13:00;52;kWh;-25582;0;0;0;25582;-25582
2024-08-03T13:00;2024-08-03T13:15;53;kWh;-10009;0;0;0;10009;-10009
2024-08-03T13:15;2024-08-03T13:30;54;kWh;-16803;0;0;0;16803;-16803
2024-08-03T13:30;2024-08-03T13:45;55;kWh;-40151;0;0;0;40151;-40151
2024-08-03T13:45;2024-08-03T14:00;56;kWh;-55944;0;0;0;55944;-55944
2024-08-03T14:00;2024-08-03T14:15;57;kWh;-29824;0;0;0;29824;-29824
2024-08-03T14:15;2024-08-03T14:30;58;kWh;-39794;0;0;0;39794;-39794
2024-08-03T14:30;2024-08-03T14:45;59;kWh;-30961;0;0;0;30961;-30961
2024-08-03T14:45;2024-08-03T15:00;60;kWh;-10162;0;0;0;10162;-10162
2024-08-03T15:00;2024-08-03T15:15;61;kWh;-6143;0;0;0;6143;-6143
2024-08-03T15:15;2024-08-03T15:30;62;kWh;-20053;317;0;0;20370;-19736
2024-08-03T15:30;2024-08-03T15:45;63;kWh;-23792;86;0;0;23878;-23706
2024-08-03T15:45;2024-08-03T16:00;64;kWh;-24385;50;0;0;24435;-24335
2024-08-03T16:00;2024-08-03T16:15;65;kWh;-6874;0;0;0;6874;-6874
2024-08-03T16:15;2024-08-03T16:30;66;kWh;-19275;0;0;0;19275;-19275
2024-08-03T16:30;2024-08-03T16:45;67;kWh;-16864;2074;0;0;18938;-14790
2024-08-03T16:45;2024-08-03T17:00;68;kWh;-531;1607;0;0;2138;1076
2024-08-03T17:00;2024-08-03T17:15;69;kWh;0;22618;0;0;22618;22618
2024-08-03T17:15;2024-08-03T17:30;70;kWh;0;33981;0;0;33981;33981
2024-08-03T17:30;2024-08-03T17:45;71;kWh;0;14107;0;0;14107;14107
2024-08-03T17:45;2024-08-03T18:00;72;kWh;0;13256;0;0;13256;13256
2024-08-03T18:00;2024-08-03T18:15;73;kWh;0;10106;0;0;10106;10106
2024-08-03T18:15;2024-08-03T18:30;74;kWh;0;1614;0;0;1614;1614
2024-08-03T18:30;2024-08-03T18:45;75;kWh;-11113;0;0;0;11113;-11113
2024-08-03T18:45;2024-08-03T19:00;76;kWh;-3041;0;0;0;3041;-3041
2024-08-03T19:00;2024-08-03T19:15;77;kWh;-33071;4314;0;0;37385;-28757
2024-08-03T19:15;2024-08-03T19:30;78;kWh;-29082;175;0;0;29257;-28907
2024-08-03T19:30;2024-08-03T19:45;79;kWh;-9216;420;0;0;9636;-8796
2024-08-03T19:45;2024-08-03T20:00;80;kWh;-33229;0;0;0;33229;-33229
2024-08-03T20:00;2024-08-03T20:15;81;kWh;-32414;0;0;0;32414;-32414
2024-08-03T20:15;2024-08-03T20:30;82;kWh;-34273;0;0;0;34273;-34273
2024-08-03T20:30;2024-08-03T20:45;83;kWh;-45442;0;0;0;45442;-45442
2024-08-03T20:45;2024-08-03T21:00;84;kWh;-28683;0;0;0;28683;-28683
2024-08-03T21:00;2024-08-03T21:15;85;kWh;-5084;0;0;0;5084;-5084
2024-08-03T21:15;2024-08-03T21:30;86;kWh;-2331;0;0;0;2331;-2331
2024-08-03T21:30;2024-08-03T21:45;87;kWh;-17;0;0;0;17;-17
2024-08-03T21:45;2024-08-03T22:00;88;kWh;0;841;0;0;841;841
2024-08-03T22:00;2024-08-03T22:15;89;kWh;0;4052;0;0;4052;4052
2024-08-03T22:15;2024-08-03T22:30;90;kWh;0;700;0;0;700;700
2024-08-03T22:30;2024-08-03T22:45;91;kWh;-12;2930;0;0;2942;2918
2024-08-03T22:45;2024-08-03T23:00;92;kWh;-13636;6;0;0;13642;-13630
2024-08-03T23:00;2024-08-03T23:15;93;kWh;-46027;0;0;0;46027;-46027
2024-08-03T23:15;2024-08-03T23:30;94;kWh;-32983;0;0;0;32983;-32983
2024-08-03T23:30;2024-08-03T23:45;95;kWh;-4825;3451;0;0;8276;-1374
2024-08-03T23:45;2024-08-04T00:00;96;kWh;0;10783;0;0;10783;10783
2024-08-04T00:00;2024-08-04T00:15;1;kWh;0;18852;0;0;18852;18852
2024-08-04T00:15;2024-08-04T00:30;2;kWh;0;22127;0;0;22127;22127
2024-08-04T00:30;2024-08-04T00:45;3;kWh;0;40475;0;0;40475;40475
2024-08-04T00:45;2024-08-04T01:00;4;kWh;0;30409;0;0;30409;30409
2024-08-04T01:00;2024-08-04T01:15;5;kWh;0;3517;0;0;3517;3517
2024-08-04T01:15;2024-08-04T01:30;6;kWh;0;2413;0;0;2413;2413
2024-08-04T01:30;2024-08-04T01:45;7;kWh;0;1412;0;0;1412;1412
2024-08-04T01:45;2024-08-04T02:00;8;kWh;-16599;0;0;0;16599;-16599
2024-08-04T02:00;2024-08-04T02:15;9;kWh;-6280;0;0;0;6280;-6280
2024-08-04T02:15;2024-08-04T02:30;10;kWh;-25739;0;0;0;25739;-25739
2024-08-04T02:30;2024-08-04T02:45;11;kWh;-30557;0;0;0;30557;-30557
2024-08-04T02:45;2024-08-04T03:00;12;kWh;-5050;0;0;0;5050;-5050
2024-08-04T03:00;2024-08-04T03:15;13;kWh;-19682;0;0;0;19682;-19682
2024-08-04T03:15;2024-08-04T03:30;14;kWh;-4460;0;0;0;4460;-4460
2024-08-04T03:30;2024-08-04T03:45;15;kWh;-23565;0;0;0;23565;-23565
2024-08-04T03:45;2024-08-04T04:00;16;kWh;-6177;0;0;0;6177;-6177
2024-08-04T04:00;2024-08-04T04:15;17;kWh;-6;0;0;0;6;-6
2024-08-04T04:15;2024-08-04T04:30;18;kWh;-1813;0;0;0;1813;-1813
2024-08-04T04:30;2024-08-04T04:45;19;kWh;-913;0;0;0;913;-913
2024-08-04T04:45;2024-08-04T05:00;20;kWh;0;0;0;0;0;0
2024-08-04T05:00;2024-08-04T05:15;21;kWh;0;0;0;0;0;0
2024-08-04T05:15;2024-08-04T05:30;22;kWh;0;0;0;0;0;0
2024-08-04T05:30;2024-08-04T05:45;23;kWh;0;2278;0;0;2278;2278
2024-08-04T05:45;2024-08-04T06:00;24;kWh;-460;857;0;0;1317;397
2024-08-04T06:00;2024-08-04T06:15;25;kWh;-1815;0;0;0;1815;-1815
2024-08-04T06:15;2024-08-04T06:30;26;kWh;-5175;0;0;0;5175;-5175
2024-08-04T06:30;2024-08-04T06:45;27;kWh;-31111;0;0;0;31111;-31111
2024-08-04T06:45;2024-08-04T07:00;28;kWh;-35907;0;0;0;35907;-35907
2024-08-04T07:00;2024-08-04T07:15;29;kWh;-2914;1243;0;0;4157;-1671
2024-08-04T07:15;2024-08-04T07:30;30;kWh;-6074;0;0;0;6074;-6074
2024-08-04T07:30;2024-08-04T07:45;31;kWh;-29031;0;0;0;29031;-29031
2024-08-04T07:45;2024-08-04T08:00;32;kWh;-40217;0;0;0;40217;-40217
2024-08-04T08:00;2024-08-04T08:15;33;kWh;-27429;0;0;0;27429;-27429
2024-08-04T08:15;2024-08-04T08:30;34;kWh;-28900;0;0;0;28900;-28900
2024-08-04T08:30;2024-08-04T08:45;35;kWh;-41914;0;0;0;41914;-41914
2024-08-04T08:45;2024-08-04T09:00;36;kWh;-55644;0;0;0;55644;-55644
2024-08-04T09:00;2024-08-04T09:15;37;kWh;-20373;0;0;0;20373;-20373
2024-08-04T09:15;2024-08-04T09:30;38;kWh;-28594;0;0;0;28594;-28594
2024-08-04T09:30;2024-08-04T09:45;39;kWh;-53903;0;0;0;53903;-53903
2024-08-04T09:45;2024-08-04T10:00;40;kWh;-52534;0;0;0;52534;-52534
2024-08-04T10:00;2024-08-04T10:15;41;kWh;-46770;0;0;0;46770;-46770
2024-08-04T10:15;2024-08-04T10:30;42;kWh;-34594;0;0;0;34594;-34594
2024-08-04T10:30;2024-08-04T10:45;43;kWh;-40928;0;0;0;40928;-40928
2024-08-04T10:45;2024-08-04T11:00;44;kWh;-38855;0;0;0;38855;-38855
2024-08-04T11:00;2024-08-04T11:15;45;kWh;-38371;0;0;0;38371;-38371
2024-08-04T11:15;2024-08-04T11:30;46;kWh;-36945;0;0;0;36945;-36945
2024-08-04T11:30;2024-08-04T11:45;47;kWh;-26353;0;0;0;26353;-26353
2024-08-04T11:45;2024-08-04T12:00;48;kWh;-18503;0;0;0;18503;-18503
2024-08-04T12:00;2024-08-04T12:15;49;kWh;-28874;0;0;0;28874;-28874
2024-08-04T12:15;2024-08-04T12:30;50;kWh;-19566;0;0;0;19566;-19566
2024-08-04T12:30;2024-08-04T12:45;51;kWh;-5610;0;0;0;5610;-5610
2024-08-04T12:45;2024-08-04T13:00;52;kWh;-15689;0;0;0;15689;-15689
2024-08-04T13:00;2024-08-04T13:15;53;kWh;-31;20193;0;0;20224;20162
2024-08-04T13:15;2024-08-04T13:30;54;kWh;0;5032;0;0;5032;5032
2024-08-04T13:30;2024-08-04T13:45;55;kWh;-15035;0;0;0;15035;-15035
2024-08-04T13:45;2024-08-04T14:00;56;kWh;-24690;0;0;0;24690;-24690
2024-08-04T14:00;2024-08-04T14:15;57;kWh;-19660;0;0;0;19660;-19660
2024-08-04T14:15;2024-08-04T14:30;58;kWh;-20787;0;0;0;20787;-20787
2024-08-04T14:30;2024-08-04T14:45;59;kWh;-33258;0;0;0;33258;-33258
2024-08-04T14:45;2024-08-04T15:00;60;kWh;-47765;0;0;0;47765;-47765
2024-08-04T15:00;2024-08-04T15:15;61;kWh;-18277;0;0;0;18277;-18277
2024-08-04T15:15;2024-08-04T15:30;62;kWh;-42652;0;0;0;42652;-42652
2024-08-04T15:30;2024-08-04T15:45;63;kWh;-39248;0;0;0;39248;-39248
2024-08-04T15:45;2024-08-04T16:00;64;kWh;-42040;0;0;0;42040;-42040
2024-08-04T16:00;2024-08-04T16:15;65;kWh;-38892;0;0;0;38892;-38892
2024-08-04T16:15;2024-08-04T16:30;66;kWh;-26154;0;0;0;26154;-26154
2024-08-04T16:30;2024-08-04T16:45;67;kWh;-15430;3;0;0;15433;-15427
2024-08-04T16:45;2024-08-04T17:00;68;kWh;-29;805;0;0;834;776
2024-08-04T17:00;2024-08-04T17:15;69;kWh;-18142;0;0;0;18142;-18142
2024-08-04T17:15;2024-08-04T17:30;70;kWh;-19800;0;0;0;19800;-19800
2024-08-04T17:30;2024-08-04T17:45;71;kWh;-12953;0;0;0;12953;-12953
2024-08-04T17:45;2024-08-04T18:00;72;kWh;-17453;0;0;0;17453;-17453
2024-08-04T18:00;2024-08-04T18:15;73;kWh;-35937;0;0;0;35937;-35937
2024-08-04T18:15;2024-08-04T18:30;74;kWh;-17023;0;0;0;17023;-17023
2024-08-04T18:30;2024-08-04T18:45;75;kWh;-24409;42;0;0;24451;-24367
2024-08-04T18:45;2024-08-04T19:00;76;kWh;-13271;218;0;0;13489;-13053
2024-08-04T19:00;2024-08-04T19:15;77;kWh;-22237;0;0;0;22237;-22237
2024-08-04T19:15;2024-08-04T19:30;78;kWh;-794;0;0;0;794;-794
2024-08-04T19:30;2024-08-04T19:45;79;kWh;0;1899;0;0;1899;1899
2024-08-04T19:45;2024-08-04T20:00;80;kWh;0;20364;0;0;20364;20364
2024-08-04T20:00;2024-08-04T20:15;81;kWh;0;6191;0;0;6191;6191
2024-08-04T20:15;2024-08-04T20:30;82;kWh;0;12587;0;0;12587;12587
2024-08-04T20:30;2024-08-04T20:45;83;kWh;0;38259;0;0;38259;38259
2024-08-04T20:45;2024-08-04T21:00;84;kWh;0;27406;0;0;27406;27406
2024-08-04T21:00;2024-08-04T21:15;85;kWh;0;3268;0;0;3268;3268
2024-08-04T21:15;2024-08-04T21:30;86;kWh;0;3753;0;0;3753;3753
2024-08-04T21:30;2024-08-04T21:45;87;kWh;0;12306;0;0;12306;12306
2024-08-04T21:45;2024-08-04T22:00;88;kWh;0;5059;0;0;5059;5059
2024-08-04T22:00;2024-08-04T22:15;89;kWh;-865;0;0;0;865;-865
2024-08-04T22:15;2024-08-04T22:30;90;kWh;-7720;0;0;0;7720;-7720
2024-08-04T22:30;2024-08-04T22:45;91;kWh;-10330;0;0;0;10330;-10330
2024-08-04T22:45;2024-08-04T23:00;92;kWh;-20382;0;0;0;20382;-20382
2024-08-04T23:00;2024-08-04T23:15;93;kWh;-8668;0;0;0;8668;-8668
2024-08-04T23:15;2024-08-04T23:30;94;kWh;-13356;0;0;0;13356;-13356
2024-08-04T23:30;2024-08-04T23:45;95;kWh;-23030;0;0;0;23030;-23030
2024-08-04T23:45;2024-08-05T00:00;96;kWh;-32099;0;0;0;32099;-32099
2024-08-05T00:00;2024-08-05T00:15;1;kWh;-5843;1372;0;0;7215;-4471
2024-08-05T00:15;2024-08-05T00:30;2;kWh;0;837;0;0;837;837
2024-08-05T00:30;2024-08-05T00:45;3;kWh;-197;0;0;0;197;-197
2024-08-05T00:45;2024-08-05T01:00;4;kWh;-122;85;0;0;207;-37
2024-08-05T01:00;2024-08-05T01:15;5;kWh;0;2423;0;0;2423;2423
2024-08-05T01:15;2024-08-05T01:30;6;kWh;-386;1426;0;0;1812;1040
2024-08-05T01:30;2024-08-05T01:45;7;kWh;-1177;651;0;0;1828;-526
2024-08-05T01:45;2024-08-05T02:00;8;kWh;0;4250;0;0;4250;4250
2024-08-05T02:00;2024-08-05T02:15;9;kWh;0;12;0;0;12;12
2024-08-05T02:15;2024-08-05T02:30;10;kWh;-24;0;0;0;24;-24
2024-08-05T02:30;2024-08-05T02:45;11;kWh;-764;0;0;0;764;-764
2024-08-05T02:45;2024-08-05T03:00;12;kWh;-3431;0;0;0;3431;-3431
2024-08-05T03:00;2024-08-05T03:15;13;kWh;-725;0;0;0;725;-725
2024-08-05T03:15;2024-08-05T03:30;14;kWh;-473;0;0;0;473;-473
2024-08-05T03:30;2024-08-05T03:45;15;kWh;-86;1467;0;0;1553;1381
2024-08-05T03:45;2024-08-05T04:00;16;kWh;0;1321;0;0;1321;1321
2024-08-05T04:00;2024-08-05T04:15;17;kWh;0;0;0;0;0;0
2024-08-05T04:15;2024-08-05T04:30;18;kWh;-1317;0;0;0;1317;-1317
2024-08-05T04:30;2024-08-05T04:45;19;kWh;-987;0;0;0;987;-987
2024-08-05T04:45;2024-08-05T05:00;20;kWh;-883;0;0;0;883;-883
2024-08-05T05:00;2024-08-05T05:15;21;kWh;0;24261;0;0;24261;24261
2024-08-05T05:15;2024-08-05T05:30;22;kWh;0;19144;0;0;19144;19144
2024-08-05T05:30;2024-08-05T05:45;23;kWh;-3061;0;0;0;3061;-3061
2024-08-05T05:45;2024-08-05T06:00;24;kWh;-9011;0;0;0;9011;-9011
2024-08-05T06:00;2024-08-05T06:15;25;kWh;-1152;11623;0;0;12775;10471
2024-08-05T06:15;2024-08-05T06:30;26;kWh;0;11554;0;0;11554;11554
2024-08-05T06:30;2024-08-05T06:45;27;kWh;0;4277;0;0;4277;4277
2024-08-05T06:45;2024-08-05T07:00;28;kWh;0;127;0;0;127;127
2024-08-05T07:00;2024-08-05T07:15;29;kWh;0;8606;0;0;8606;8606
2024-08-05T07:15;2024-08-05T07:30;30;kWh;0;2183;0;0;2183;2183
2024-08-05T07:30;2024-08-05T07:45;31;kWh;-6672;0;0;0;6672;-6672
2024-08-05T07:45;2024-08-05T08:00;32;kWh;-41412;0;0;0;41412;-41412
2024-08-05T08:00;2024-08-05T08:15;33;kWh;-34376;0;0;0;34376;-34376
2024-08-05T08:15;2024-08-05T08:30;34;kWh;-44353;0;0;0;44353;-44353
2024-08-05T08:30;2024-08-05T08:45;35;kWh;-47464;0;0;0;47464;-47464
2024-08-05T08:45;2024-08-05T09:00;36;kWh;-35822;0;0;0;35822;-35822
2024-08-05T09:00;2024-08-05T09:15;37;kWh;-10483;8200;0;0;18683;-2283
2024-08-05T09:15;2024-08-05T09:30;38;kWh;-541;199;0;0;740;-342
2024-08-05T09:30;2024-08-05T09:45;39;kWh;-18229;0;0;0;18229;-18229
2024-08-05T09:45;2024-08-05T10:00;40;kWh;-11077;0;0;0;11077;-11077
2024-08-05T10:00;2024-08-05T10:15;41;kWh;-7526;1066;0;0;8592;-6460
2024-08-05T10:15;2024-08-05T10:30;42;kWh;-252;2452;0;0;2704;2200
2024-08-05T10:30;2024-08-05T10:45;43;kWh;-9376;0;0;0;9376;-9376
2024-08-05T10:45;2024-08-05T11:00;44;kWh;-18199;0;0;0;18199;-18199
2024-08-05T11:00;2024-08-05T11:15;45;kWh;-18727;0;0;0;18727;-18727
2024-08-05T11:15;2024-08-05T11:30;46;kWh;-33061;0;0;0;33061;-33061
2024-08-05T11:30;2024-08-05T11:45;47;kWh;-32552;0;0;0;32552;-32552
2024-08-05T11:45;2024-08-05T12:00;48;kWh;-30432;689;0;0;31121;-29743
2024-08-05T12:00;2024-08-05T12:15;49;kWh;-79443;653;0;0;80096;-78790
2024-08-05T12:15;2024-08-05T12:30;50;kWh;-27248;755;0;0;28003;-26493
2024-08-05T12:30;2024-08-05T12:45;51;kWh;-51065;0;0;0;51065;-51065
2024-08-05T12:45;2024-08-05T13:00;52;kWh;-39320;0;0;0;39320;-39320
2024-08-05T13:00;2024-08-05T13:15;53;kWh;-23153;0;0;0;23153;-23153
2024-08-05T13:15;2024-08-05T13:30;54;kWh;-33364;0;0;0;33364;-33364
2024-08-05T13:30;2024-08-05T13:45;55;kWh;-33133;0;0;0;33133;-33133
2024-08-05T13:45;2024-08-05T14:00;56;kWh;-38322;0;0;0;38322;-38322
2024-08-05T14:00;2024-08-05T14:15;57;kWh;-42016;0;0;0;42016;-42016
2024-08-05T14:15;2024-08-05T14:30;58;kWh;-47578;0;0;0;47578;-47578
2024-08-05T14:30;2024-08-05T14:45;59;kWh;-56096;0;0;0;56096;-56096
2024-08-05T14:45;2024-08-05T15:00;60;kWh;-41141;0;0;0;41141;-41141
2024-08-05T15:00;2024-08-05T15:15;61;kWh;-30193;0;0;0;30193;-30193
2024-08-05T15:15;2024-08-05T15:30;62;kWh;-33338;0;0;0;33338;-33338
2024-08-05T15:30;2024-08-05T15:45;63;kWh;-21466;69;0;0;21535;-21397
2024-08-05T15:45;2024-08-05T16:00;64;kWh;-84284;163;0;0;84447;-84121
2024-08-05T16:00;2024-08-05T16:15;65;kWh;-26055;607;0;0;26662;-25448
2024-08-05T16:15;2024-08-05T16:30;66;kWh;-31868;0;0;0;31868;-31868
2024-08-05T16:30;2024-08-05T16:45;67;kWh;-25937;299;0;0;26236;-25638
2024-08-05T16:45;2024-08-05T17:00;68;kWh;-31721;1332;0;0;33053;-30389
2024-08-05T17:00;2024-08-05T17:15;69;kWh;-36607;29;0;0;36636;-36578
2024-08-05T17:15;2024-08-05T17:30;70;kWh;-25773;15;0;0;25788;-25758
2024-08-05T17:30;2024-08-05T17:45;71;kWh;-400;209;0;0;609;-191
2024-08-05T17:45;2024-08-05T18:00;72;kWh;-112;4;0;0;116;-108
2024-08-05T18:00;2024-08-05T18:15;73;kWh;-28769;2;0;0;28771;-28767
2024-08-05T18:15;2024-08-05T18:30;74;kWh;-28314;16;0;0;28330;-28298
2024-08-05T18:30;2024-08-05T18:45;75;kWh;-22;2154;0;0;2176;2132
2024-08-05T18:45;2024-08-05T19:00;76;kWh;0;2245;0;0;2245;2245
2024-08-05T19:00;2024-08-05T19:15;77;kWh;-30383;8;0;0;30391;-30375
2024-08-05T19:15;2024-08-05T19:30;78;kWh;-2316;1686;0;0;4002;-630
2024-08-05T19:30;2024-08-05T19:45;79;kWh;0;5452;0;0;5452;5452
2024-08-05T19:45;2024-08-05T20:00;80;kWh;0;36804;0;0;36804;36804
2024-08-05T20:00;2024-08-05T20:15;81;kWh;0;7147;0;0;7147;7147
2024-08-05T20:15;2024-08-05T20:30;82;kWh;0;4658;0;0;4658;4658
2024-08-05T20:30;2024-08-05T20:45;83;kWh;0;22382;0;0;22382;22382
2024-08-05T20:45;2024-08-05T21:00;84;kWh;0;35867;0;0;35867;35867
2024-08-05T21:00;2024-08-05T21:15;85;kWh;0;11931;0;0;11931;11931
2024-08-05T21:15;2024-08-05T21:30;86;kWh;0;10579;0;0;10579;10579
2024-08-05T21:30;2024-08-05T21:45;87;kWh;0;34411;0;0;34411;34411
2024-08-05T21:45;2024-08-05T22:00;88;kWh;0;30709;0;0;30709;30709
2024-08-05T22:00;2024-08-05T22:15;89;kWh;0;13145;0;0;13145;13145
2024-08-05T22:15;2024-08-05T22:30;90;kWh;0;12616;0;0;12616;12616
2024-08-05T22:30;2024-08-05T22:45;91;kWh;0;2916;0;0;2916;2916
2024-08-05T22:45;2024-08-05T23:00;92;kWh;-9613;329;0;0;9942;-9284
2024-08-05T23:00;2024-08-05T23:15;93;kWh;-13814;0;0;0;13814;-13814
2024-08-05T23:15;2024-08-05T23:30;94;kWh;0;23452;0;0;23452;23452
2024-08-05T23:30;2024-08-05T23:45;95;kWh;0;21373;0;0;21373;21373
2024-08-05T23:45;2024-08-06T00:00;96;kWh;-389;30912;0;0;31301;30523
2024-08-06T00:00;2024-08-06T00:15;1;kWh;-2863;0;0;0;2863;-2863
2024-08-06T00:15;2024-08-06T00:30;2;kWh;-206;0;0;0;206;-206
2024-08-06T00:30;2024-08-06T00:45;3;kWh;0;3950;0;0;3950;3950
2024-08-06T00:45;2024-08-06T01:00;4;kWh;0;1749;0;0;1749;1749
2024-08-06T01:00;2024-08-06T01:15;5;kWh;0;15334;0;0;15334;15334
2024-08-06T01:15;2024-08-06T01:30;6;kWh;0;16673;0;0;16673;16673
2024-08-06T01:30;2024-08-06T01:45;7;kWh;0;25282;0;0;25282;25282
2024-08-06T01:45;2024-08-06T02:00;8;kWh;0;17549;0;0;17549;17549
2024-08-06T02:00;2024-08-06T02:15;9;kWh;0;16667;0;0;16667;16667
2024-08-06T02:15;2024-08-06T02:30;10;kWh;0;831;0;0;831;831
2024-08-06T02:30;2024-08-06T02:45;11;kWh;-2946;0;0;0;2946;-2946
2024-08-06T02:45;2024-08-06T03:00;12;kWh;-7925;0;0;0;7925;-7925
2024-08-06T03:00;2024-08-06T03:15;13;kWh;-1661;0;0;0;1661;-1661
2024-08-06T03:15;2024-08-06T03:30;14;kWh;-321;0;0;0;321;-321
2024-08-06T03:30;2024-08-06T03:45;15;kWh;-388;0;0;0;388;-388
2024-08-06T03:45;2024-08-06T04:00;16;kWh;-8500;0;0;0;8500;-8500
2024-08-06T04:00;2024-08-06T04:15;17;kWh;-11903;0;0;0;11903;-11903
2024-08-06T04:15;2024-08-06T04:30;18;kWh;-17431;0;0;0;17431;-17431
2024-08-06T04:30;2024-08-06T04:45;19;kWh;-9052;0;0;0;9052;-9052
2024-08-06T04:45;2024-08-06T05:00;20;kWh;-10907;0;0;0;10907;-10907
2024-08-06T05:00;2024-08-06T05:15;21;kWh;-4801;9;0;0;4810;-4792
2024-08-06T05:15;2024-08-06T05:30;22;kWh;0;4248;0;0;4248;4248
2024-08-06T05:30;2024-08-06T05:45;23;kWh;0;11793;0;0;11793;11793
2024-08-06T05:45;2024-08-06T06:00;24;kWh;0;16773;0;0;16773;16773
2024-08-06T06:00;2024-08-06T06:15;25;kWh;0;17193;0;0;17193;17193
2024-08-06T06:15;2024-08-06T06:30;26;kWh;0;43933;0;0;43933;43933
2024-08-06T06:30;2024-08-06T06:45;27;kWh;0;30081;0;0;30081;30081
2024-08-06T06:45;2024-08-06T07:00;28;kWh;0;6239;0;0;6239;6239
2024-08-06T07:00;2024-08-06T07:15;29;kWh;0;2497;0;0;2497;2497
2024-08-06T07:15;2024-08-06T07:30;30;kWh;0;302;0;0;302;302
2024-08-06T07:30;2024-08-06T07:45;31;kWh;-8;247;0;0;255;239
2024-08-06T07:45;2024-08-06T08:00;32;kWh;-463;0;0;0;463;-463
2024-08-06T08:00;2024-08-06T08:15;33;kWh;-646;0;0;0;646;-646
2024-08-06T08:15;2024-08-06T08:30;34;kWh;-40;10517;0;0;10557;10477
2024-08-06T08:30;2024-08-06T08:45;35;kWh;-318;2;0;0;320;-316
2024-08-06T08:45;2024-08-06T09:00;36;kWh;0;2216;0;0;2216;2216
2024-08-06T09:00;2024-08-06T09:15;37;kWh;0;5088;0;0;5088;5088
2024-08-06T09:15;2024-08-06T09:30;38;kWh;0;22237;0;0;22237;22237
2024-08-06T09:30;2024-08-06T09:45;39;kWh;0;24733;0;0;24733;24733
2024-08-06T09:45;2024-08-06T10:00;40;kWh;0;6042;0;0;6042;6042
2024-08-06T10:00;2024-08-06T10:15;41;kWh;-12014;0;0;0;12014;-12014
2024-08-06T10:15;2024-08-06T10:30;42;kWh;-4707;316;0;0;5023;-4391
2024-08-06T10:30;2024-08-06T10:45;43;kWh;-1159;0;0;0;1159;-1159
2024-08-06T10:45;2024-08-06T11:00;44;kWh;-22244;0;0;0;22244;-22244
2024-08-06T11:00;2024-08-06T11:15;45;kWh;-2026;14218;0;0;16244;12192
2024-08-06T11:15;2024-08-06T11:30;46;kWh;0;25344;0;0;25344;25344
2024-08-06T11:30;2024-08-06T11:45;47;kWh;-1221;18;0;0;1239;-1203
2024-08-06T11:45;2024-08-06T12:00;48;kWh;-2035;13;0;0;2048;-2022
2024-08-06T12:00;2024-08-06T12:15;49;kWh;-1321;0;0;0;1321;-1321
2024-08-06T12:15;2024-08-06T12:30;50;kWh;-9549;0;0;0;9549;-9549
2024-08-06T12:30;2024-08-06T12:45;51;kWh;-11042;0;0;0;11042;-11042
2024-08-06T12:45;2024-08-06T13:00;52;kWh;-15379;0;0;0;15379;-15379
2024-08-06T13:00;2024-08-06T13:15;53;kWh;-5481;0;0;0;5481;-5481
2024-08-06T13:15;2024-08-06T13:30;54;kWh;-6317;0;0;0;6317;-6317
2024-08-06T13:30;2024-08-06T13:45;55;kWh;-8543;0;0;0;8543;-8543
2024-08-06T13:45;2024-08-06T14:00;56;kWh;-6939;0;0;0;6939;-6939
2024-08-06T14:00;2024-08-06T14:15;57;kWh;-2950;0;0;0;2950;-2950
2024-08-06T14:15;2024-08-06T14:30;58;kWh;-897;0;0;0;897;-897
2024-08-06T14:30;2024-08-06T14:45;59;kWh;-1287;490;0;0;1777;-797
2024-08-06T14:45;2024-08-06T15:00;60;kWh;0;343;0;0;343;343
2024-08-06T15:00;2024-08-06T15:15;61;kWh;-5728;0;0;0;5728;-5728
2024-08-06T15:15;2024-08-06T15:30;62;kWh;-6461;0;0;0;6461;-6461
2024-08-06T15:30;2024-08-06T15:45;63;kWh;-5543;476;0;0;6019;-5067
2024-08-06T15:45;2024-08-06T16:00;64;kWh;-6033;0;0;0;6033;-6033
2024-08-06T16:00;2024-08-06T16:15;65;kWh;-28640;0;0;0;28640;-28640
2024-08-06T16:15;2024-08-06T16:30;66;kWh;-17836;0;0;0;17836;-17836
2024-08-06T16:30;2024-08-06T16:45;67;kWh;-20100;4934;0;0;25034;-15166
2024-08-06T16:45;2024-08-06T17:00;68;kWh;-21195;1630;0;0;22825;-19565
2024-08-06T17:00;2024-08-06T17:15;69;kWh;-17708;0;0;0;17708;-17708
2024-08-06T17:15;2024-08-06T17:30;70;kWh;-1094;155;0;0;1249;-939
2024-08-06T17:30;2024-08-06T17:45;71;kWh;-6270;581;0;0;6851;-5689
2024-08-06T17:45;2024-08-06T18:00;72;kWh;-354;121;0;0;475;-233
2024-08-06T18:00;2024-08-06T18:15;73;kWh;0;6212;0;0;6212;6212
2024-08-06T18:15;2024-08-06T18:30;74;kWh;0;4602;0;0;4602;4602
2024-08-06T18:30;2024-08-06T18:45;75;kWh;-1633;1018;0;0;2651;-615
2024-08-06T18:45;2024-08-06T19:00;76;kWh;-2075;0;0;0;2075;-2075
2024-08-06T19:00;2024-08-06T19:15;77;kWh;-21139;0;0;0;21139;-21139
2024-08-06T19:15;2024-08-06T19:30;78;kWh;-7471;292;0;0;7763;-7179
2024-08-06T19:30;2024-08-06T19:45;79;kWh;0;1228;0;0;1228;1228
2024-08-06T19:45;2024-08-06T20:00;80;kWh;0;8479;0;0;8479;8479
2024-08-06T20:00;2024-08-06T20:15;81;kWh;-12056;1193;0;0;13249;-10863
2024-08-06T20:15;2024-08-06T20:30;82;kWh;-573;0;0;0;573;-573
2024-08-06T20:30;2024-08-06T20:45;83;kWh;-225;0;0;0;225;-225
2024-08-06T20:45;2024-08-06T21:00;84;kWh;-1262;0;0;0;1262;-1262
2024-08-06T21:00;2024-08-06T21:15;85;kWh;0;3215;0;0;3215;3215
2024-08-06T21:15;2024-08-06T21:30;86;kWh;0;5168;0;0;5168;5168
2024-08-06T21:30;2024-08-06T21:45;87;kWh;0;1333;0;0;1333;1333
2024-08-06T21:45;2024-08-06T22:00;88;kWh;0;0;0;0;0;0
2024-08-06T22:00;2024-08-06T22:15;89;kWh;0;3332;0;0;3332;3332
2024-08-06T22:15;2024-08-06T22:30;90;kWh;0;3652;0;0;3652;3652
2024-08-06T22:30;2024-08-06T22:45;91;kWh;0;1966;0;0;1966;1966
2024-08-06T22:45;2024-08-06T23:00;92;kWh;0;100;0;0;100;100
2024-08-06T23:00;2024-08-06T23:15;93;kWh;0;3359;0;0;3359;3359
2024-08-06T23:15;2024-08-06T23:30;94;kWh;0;139;0;0;139;139
2024-08-06T23:30;2024-08-06T23:45;95;kWh;0;730;0;0;730;730
2024-08-06T23:45;2024-08-07T00:00;96;kWh;0;2848;0;0;2848;2848
2024-08-07T00:00;2024-08-07T00:15;1;kWh;0;17;0;0;17;17
2024-08-07T00:15;2024-08-07T00:30;2;kWh;0;24587;0;0;24587;24587
2024-08-07T00:30;2024-08-07T00:45;3;kWh;0;32210;0;0;32210;32210
2024-08-07T00:45;2024-08-07T01:00;4;kWh;0;19543;0;0;19543;19543
2024-08-07T01:00;2024-08-07T01:15;5;kWh;0;23259;0;0;23259;23259
2024-08-07T01:15;2024-08-07T01:30;6;kWh;0;30555;0;0;30555;30555
2024-08-07T01:30;2024-08-07T01:45;7;kWh;0;4613;0;0;4613;4613
2024-08-07T01:45;2024-08-07T02:00;8;kWh;0;9358;0;0;9358;9358
2024-08-07T02:00;2024-08-07T02:15;9;kWh;0;8081;0;0;8081;8081
2024-08-07T02:15;2024-08-07T02:30;10;kWh;0;1674;0;0;1674;1674
2024-08-07T02:30;2024-08-07T02:45;11;kWh;-2698;0;0;0;2698;-2698
2024-08-07T02:45;2024-08-07T03:00;12;kWh;-7262;0;0;0;7262;-7262
2024-08-07T03:00;2024-08-07T03:15;13;kWh;-9661;0;0;0;9661;-9661
2024-08-07T03:15;2024-08-07T03:30;14;kWh;-511;0;0;0;511;-511
2024-08-07T03:30;2024-08-07T03:45;15;kWh;0;0;0;0;0;0
2024-08-07T03:45;2024-08-07T04:00;16;kWh;0;37;0;0;37;37
2024-08-07T04:00;2024-08-07T04:15;17;kWh;0;5254;0;0;5254;5254
2024-08-07T04:15;2024-08-07T04:30;18;kWh;0;21561;0;0;21561;21561
2024-08-07T04:30;2024-08-07T04:45;19;kWh;0;27555;0;0;27555;27555
2024-08-07T04:45;2024-08-07T05:00;20;kWh;-382;7401;0;0;7783;7019
2024-08-07T05:00;2024-08-07T05:15;21;kWh;-2285;5439;0;0;7724;3154
2024-08-07T05:15;2024-08-07T05:30;22;kWh;-13835;1615;0;0;15450;-12220
2024-08-07T05:30;2024-08-07T05:45;23;kWh;-1629;847;0;0;2476;-782
2024-08-07T05:45;2024-08-07T06:00;24;kWh;-29;5091;0;0;5120;5062
2024-08-07T06:00;2024-08-07T06:15;25;kWh;-1341;1360;0;0;2701;19
2024-08-07T06:15;2024-08-07T06:30;26;kWh;0;1849;0;0;1849;1849
2024-08-07T06:30;2024-08-07T06:45;27;kWh;0;2138;0;0;2138;2138
2024-08-07T06:45;2024-08-07T07:00;28;kWh;-1374;88;0;0;1462;-1286
2024-08-07T07:00;2024-08-07T07:15;29;kWh;-774;0;0;0;774;-774
2024-08-07T07:15;2024-08-07T07:30;30;kWh;-1607;0;0;0;1607;-1607
2024-08-07T07:30;2024-08-07T07:45;31;kWh;-1354;0;0;0;1354;-1354
2024-08-07T07:45;2024-08-07T08:00;32;kWh;-127;2107;0;0;2234;1980
2024-08-07T08:00;2024-08-07T08:15;33;kWh;-3959;43;0;0;4002;-3916
2024-08-07T08:15;2024-08-07T08:30;34;kWh;-3901;234;0;0;4135;-3667
2024-08-07T08:30;2024-08-07T08:45;35;kWh;-1531;0;0;0;1531;-1531
2024-08-07T08:45;2024-08-07T09:00;36;kWh;-2889;0;0;0;2889;-2889
2024-08-07T09:00;2024-08-07T09:15;37;kWh;-9581;0;0;0;9581;-9581
2024-08-07T09:15;2024-08-07T09:30;38;kWh;0;556;0;0;556;556
2024-08-07T09:30;2024-08-07T09:45;39;kWh;0;6049;0;0;6049;6049
2024-08-07T09:45;2024-08-07T10:00;40;kWh;0;25025;0;0;25025;25025
2024-08-07T10:00;2024-08-07T10:15;41;kWh;0;49370;0;0;49370;49370
2024-08-07T10:15;2024-08-07T10:30;42;kWh;0;26275;0;0;26275;26275
2024-08-07T10:30;2024-08-07T10:45;43;kWh;0;9489;0;0;9489;9489
2024-08-07T10:45;2024-08-07T11:00;44;kWh;0;4928;0;0;4928;4928
2024-08-07T11:00;2024-08-07T11:15;45;kWh;0;93393;0;0;93393;93393
2024-08-07T11:15;2024-08-07T11:30;46;kWh;0;82580;0;0;82580;82580
2024-08-07T11:30;2024-08-07T11:45;47;kWh;0;45245;0;0;45245;45245
2024-08-07T11:45;2024-08-07T12:00;48;kWh;-1509;18462;0;0;19971;16953
2024-08-07T12:00;2024-08-07T12:15;49;kWh;-3528;10732;0;0;14260;7204
2024-08-07T12:15;2024-08-07T12:30;50;kWh;-11537;2236;0;0;13773;-9301
2024-08-07T12:30;2024-08-07T12:45;51;kWh;-3211;16350;0;0;19561;13139
2024-08-07T12:45;2024-08-07T13:00;52;kWh;0;1848;0;0;1848;1848
2024-08-07T13:00;2024-08-07T13:15;53;kWh;0;21975;0;0;21975;21975
2024-08-07T13:15;2024-08-07T13:30;54;kWh;0;9302;0;0;9302;9302
2024-08-07T13:30;2024-08-07T13:45;55;kWh;-2;26361;0;0;26363;26359
2024-08-07T13:45;2024-08-07T14:00;56;kWh;-16704;76;0;0;16780;-16628
2024-08-07T14:00;2024-08-07T14:15;57;kWh;-1540;160;0;0;1700;-1380
2024-08-07T14:15;2024-08-07T14:30;58;kWh;-9075;0;0;0;9075;-9075
2024-08-07T14:30;2024-08-07T14:45;59;kWh;-6080;0;0;0;6080;-6080
2024-08-07T14:45;2024-08-07T15:00;60;kWh;-10484;0;0;0;10484;-10484
2024-08-07T15:00;2024-08-07T15:15;61;kWh;-25740;0;0;0;25740;-25740
2024-08-07T15:15;2024-08-07T15:30;62;kWh;-31047;7;0;0;31054;-31040
2024-08-07T15:30;2024-08-07T15:45;63;kWh;-31542;0;0;0;31542;-31542
2024-08-07T15:45;2024-08-07T16:00;64;kWh;-14247;0;0;0;14247;-14247
2024-08-07T16:00;2024-08-07T16:15;65;kWh;0;0;0;0;0;0
2024-08-07T16:15;2024-08-07T16:30;66;kWh;-7395;0;0;0;7395;-7395
2024-08-07T16:30;2024-08-07T16:45;67;kWh;-9276;93;0;0;9369;-9183
2024-08-07T16:45;2024-08-07T17:00;68;kWh;-6764;472;0;0;7236;-6292
2024-08-07T17:00;2024-08-07T17:15;69;kWh;-11266;387;0;0;11653;-10879
2024-08-07T17:15;2024-08-07T17:30;70;kWh;-317;753;0;0;1070;436
2024-08-07T17:30;2024-08-07T17:45;71;kWh;-4104;742;0;0;4846;-3362
2024-08-07T17:45;2024-08-07T18:00;72;kWh;0;0;0;0;0;0
2024-08-07T18:00;2024-08-07T18:15;73;kWh;-791;0;0;0;791;-791
2024-08-07T18:15;2024-08-07T18:30;74;kWh;-4094;517;0;0;4611;-3577
2024-08-07T18:30;2024-08-07T18:45;75;kWh;-4417;6012;0;0;10429;1595
2024-08-07T18:45;2024-08-07T19:00;76;kWh;-859;9807;0;0;10666;8948
2024-08-07T19:00;2024-08-07T19:15;77;kWh;-20755;0;0;0;20755;-20755
2024-08-07T19:15;2024-08-07T19:30;78;kWh;-20653;0;0;0;20653;-20653
2024-08-07T19:30;2024-08-07T19:45;79;kWh;-3574;1813;0;0;5387;-1761
2024-08-07T19:45;2024-08-07T20:00;80;kWh;0;17308;0;0;17308;17308
2024-08-07T20:00;2024-08-07T20:15;81;kWh;0;32674;0;0;32674;32674
2024-08-07T20:15;2024-08-07T20:30;82;kWh;0;57345;0;0;57345;57345
2024-08-07T20:30;2024-08-07T20:45;83;kWh;0;70113;0;0;70113;70113
2024-08-07T20:45;2024-08-07T21:00;84;kWh;0;74511;0;0;74511;74511
2024-08-07T21:00;2024-08-07T21:15;85;kWh;0;63486;0;0;63486;63486
2024-08-07T21:15;2024-08-07T21:30;86;kWh;0;45334;0;0;45334;45334
2024-08-07T21:30;2024-08-07T21:45;87;kWh;0;18985;0;0;18985;18985
2024-08-07T21:45;2024-08-07T22:00;88;kWh;-36;34620;0;0;34656;34584
2024-08-07T22:00;2024-08-07T22:15;89;kWh;-20873;21;0;0;20894;-20852
2024-08-07T22:15;2024-08-07T22:30;90;kWh;-31283;0;0;0;31283;-31283
2024-08-07T22:30;2024-08-07T22:45;91;kWh;-10553;0;0;0;10553;-10553
2024-08-07T22:45;2024-08-07T23:00;92;kWh;-4030;0;0;0;4030;-4030
2024-08-07T23:00;2024-08-07T23:15;93;kWh;-845;8188;0;0;9033;7343
2024-08-07T23:15;2024-08-07T23:30;94;kWh;0;1655;0;0;1655;1655
2024-08-07T23:30;2024-08-07T23:45;95;kWh;0;1115;0;0;1115;1115
2024-08-07T23:45;2024-08-08T00:00;96;kWh;0;20455;0;0;20455;20455
2024-08-08T00:00;2024-08-08T00:15;1;kWh;0;34952;0;0;34952;34952
2024-08-08T00:15;2024-08-08T00:30;2;kWh;0;24187;0;0;24187;24187
2024-08-08T00:30;2024-08-08T00:45;3;kWh;0;23093;0;0;23093;23093
2024-08-08T00:45;2024-08-08T01:00;4;kWh;0;28567;0;0;28567;28567
2024-08-08T01:00;2024-08-08T01:15;5;kWh;0;75967;0;0;75967;75967
2024-08-08T01:15;2024-08-08T01:30;6;kWh;0;39828;0;0;39828;39828
2024-08-08T01:30;2024-08-08T01:45;7;kWh;0;18657;0;0;18657;18657
2024-08-08T01:45;2024-08-08T02:00;8;kWh;0;39039;0;0;39039;39039
2024-08-08T02:00;2024-08-08T02:15;9;kWh;-12270;986;0;0;13256;-11284
2024-08-08T02:15;2024-08-08T02:30;10;kWh;-4939;0;0;0;4939;-4939
2024-08-08T02:30;2024-08-08T02:45;11;kWh;-2570;0;0;0;2570;-2570
2024-08-08T02:45;2024-08-08T03:00;12;kWh;-464;0;0;0;464;-464
2024-08-08T03:00;2024-08-08T03:15;13;kWh;-2188;0;0;0;2188;-2188
2024-08-08T03:15;2024-08-08T03:30;14;kWh;-19887;0;0;0;19887;-19887
2024-08-08T03:30;2024-08-08T03:45;15;kWh;-52120;0;0;0;52120;-52120
2024-08-08T03:45;2024-08-08T04:00;16;kWh;-78484;0;0;0;78484;-78484
2024-08-08T04:00;2024-08-08T04:15;17;kWh;-79147;0;0;0;79147;-79147
2024-08-08T04:15;2024-08-08T04:30;18;kWh;-74604;0;0;0;74604;-74604
2024-08-08T04:30;2024-08-08T04:45;19;kWh;-59680;0;0;0;59680;-59680
2024-08-08T04:45;2024-08-08T05:00;20;kWh;-55607;0;0;0;55607;-55607
2024-08-08T05:00;2024-08-08T05:15;21;kWh;-12553;824;0;0;13377;-11729
2024-08-08T05:15;2024-08-08T05:30;22;kWh;0;298;0;0;298;298
2024-08-08T05:30;2024-08-08T05:45;23;kWh;0;871;0;0;871;871
2024-08-08T05:45;2024-08-08T06:00;24;kWh;-1597;644;0;0;2241;-953
2024-08-08T06:00;2024-08-08T06:15;25;kWh;-2918;19;0;0;2937;-2899
2024-08-08T06:15;2024-08-08T06:30;26;kWh;0;894;0;0;894;894
2024-08-08T06:30;2024-08-08T06:45;27;kWh;0;8488;0;0;8488;8488
2024-08-08T06:45;2024-08-08T07:00;28;kWh;0;10059;0;0;10059;10059
2024-08-08T07:00;2024-08-08T07:15;29;kWh;0;5668;0;0;5668;5668
2024-08-08T07:15;2024-08-08T07:30;30;kWh;0;2979;0;0;2979;2979
2024-08-08T07:30;2024-08-08T07:45;31;kWh;-4998;0;0;0;4998;-4998
2024-08-08T07:45;2024-08-08T08:00;32;kWh;-6033;0;0;0;6033;-6033
2024-08-08T08:00;2024-08-08T08:15;33;kWh;-7532;0;0;0;7532;-7532
2024-08-08T08:15;2024-08-08T08:30;34;kWh;-29091;0;0;0;29091;-29091
2024-08-08T08:30;2024-08-08T08:45;35;kWh;-92826;0;0;0;92826;-92826
2024-08-08T08:45;2024-08-08T09:00;36;kWh;-69775;0;0;0;69775;-69775
2024-08-08T09:00;2024-08-08T09:15;37;kWh;-2560;0;0;0;2560;-2560
2024-08-08T09:15;2024-08-08T09:30;38;kWh;-53;0;0;0;53;-53
2024-08-08T09:30;2024-08-08T09:45;39;kWh;-8840;0;0;0;8840;-8840
2024-08-08T09:45;2024-08-08T10:00;40;kWh;-5850;3919;0;0;9769;-1931
2024-08-08T10:00;2024-08-08T10:15;41;kWh;-1219;835;0;0;2054;-384
2024-08-08T10:15;2024-08-08T10:30;42;kWh;-2558;29;0;0;2587;-2529
2024-08-08T10:30;2024-08-08T10:45;43;kWh;-604;0;0;0;604;-604
2024-08-08T10:45;2024-08-08T11:00;44;kWh;-1760;0;0;0;1760;-1760
2024-08-08T11:00;2024-08-08T11:15;45;kWh;-303;2435;0;0;2738;2132
2024-08-08T11:15;2024-08-08T11:30;46;kWh;0;580;0;0;580;580
2024-08-08T11:30;2024-08-08T11:45;47;kWh;0;238;0;0;238;238
2024-08-08T11:45;2024-08-08T12:00;48;kWh;-39;0;0;0;39;-39
2024-08-08T12:00;2024-08-08T12:15;49;kWh;-700;3798;0;0;4498;3098
2024-08-08T12:15;2024-08-08T12:30;50;kWh;0;56128;0;0;56128;56128
2024-08-08T12:30;2024-08-08T12:45;51;kWh;-2070;6469;0;0;8539;4399
2024-08-08T12:45;2024-08-08T13:00;52;kWh;-31080;2299;0;0;33379;-28781
2024-08-08T13:00;2024-08-08T13:15;53;kWh;-9826;4602;0;0;14428;-5224
2024-08-08T13:15;2024-08-08T13:30;54;kWh;-14523;0;0;0;14523;-14523
2024-08-08T13:30;2024-08-08T13:45;55;kWh;-1579;0;0;0;1579;-1579
2024-08-08T13:45;2024-08-08T14:00;56;kWh;-11030;0;0;0;11030;-11030
2024-08-08T14:00;2024-08-08T14:15;57;kWh;-13264;0;0;0;13264;-13264
2024-08-08T14:15;2024-08-08T14:30;58;kWh;-19217;0;0;0;19217;-19217
2024-08-08T14:30;2024-08-08T14:45;59;kWh;-17984;0;0;0;17984;-17984
2024-08-08T14:45;2024-08-08T15:00;60;kWh;-17332;0;0;0;17332;-17332
2024-08-08T15:00;2024-08-08T15:15;61;kWh;-11587;0;0;0;11587;-11587
2024-08-08T15:15;2024-08-08T15:30;62;kWh;-15681;0;0;0;15681;-15681
2024-08-08T15:30;2024-08-08T15:45;63;kWh;-17689;0;0;0;17689;-17689
2024-08-08T15:45;2024-08-08T16:00;64;kWh;-23923;0;0;0;23923;-23923
2024-08-08T16:00;2024-08-08T16:15;65;kWh;-16480;0;0;0;16480;-16480
2024-08-08T16:15;2024-08-08T16:30;66;kWh;-15676;742;0;0;16418;-14934
2024-08-08T16:30;2024-08-08T16:45;67;kWh;-187;81;0;0;268;-106
2024-08-08T16:45;2024-08-08T17:00;68;kWh;-1618;0;0;0;1618;-1618
2024-08-08T17:00;2024-08-08T17:15;69;kWh;0;11605;0;0;11605;11605
2024-08-08T17:15;2024-08-08T17:30;70;kWh;0;17290;0;0;17290;17290
2024-08-08T17:30;2024-08-08T17:45;71;kWh;0;4434;0;0;4434;4434
2024-08-08T17:45;2024-08-08T18:00;72;kWh;0;0;0;0;0;0
2024-08-08T18:00;2024-08-08T18:15;73;kWh;0;5797;0;0;5797;5797
2024-08-08T18:15;2024-08-08T18:30;74;kWh;0;2313;0;0;2313;2313
2024-08-08T18:30;2024-08-08T18:45;75;kWh;-594;0;0;0;594;-594
2024-08-08T18:45;2024-08-08T19:00;76;kWh;0;0;0;0;0;0
2024-08-08T19:00;2024-08-08T19:15;77;kWh;-9;1839;0;0;1848;1830
2024-08-08T19:15;2024-08-08T19:30;78;kWh;-20608;0;0;0;20608;-20608
2024-08-08T19:30;2024-08-08T19:45;79;kWh;-163;0;0;0;163;-163
2024-08-08T19:45;2024-08-08T20:00;80;kWh;0;18480;0;0;18480;18480
2024-08-08T20:00;2024-08-08T20:15;81;kWh;0;46369;0;0;46369;46369
2024-08-08T20:15;2024-08-08T20:30;82;kWh;0;54635;0;0;54635;54635
2024-08-08T20:30;2024-08-08T20:45;83;kWh;0;75265;0;0;75265;75265
2024-08-08T20:45;2024-08-08T21:00;84;kWh;0;91649;0;0;91649;91649
2024-08-08T21:00;2024-08-08T21:15;85;kWh;0;72239;0;0;72239;72239
2024-08-08T21:15;2024-08-08T21:30;86;kWh;-40;4929;0;0;4969;4889
2024-08-08T21:30;2024-08-08T21:45;87;kWh;-2562;0;0;0;2562;-2562
2024-08-08T21:45;2024-08-08T22:00;88;kWh;-60227;0;0;0;60227;-60227
2024-08-08T22:00;2024-08-08T22:15;89;kWh;-31461;0;0;0;31461;-31461
2024-08-08T22:15;2024-08-08T22:30;90;kWh;-44744;0;0;0;44744;-44744
2024-08-08T22:30;2024-08-08T22:45;91;kWh;-17779;0;0;0;17779;-17779
2024-08-08T22:45;2024-08-08T23:00;92;kWh;-32873;0;0;0;32873;-32873
2024-08-08T23:00;2024-08-08T23:15;93;kWh;-23312;13943;0;0;37255;-9369
2024-08-08T23:15;2024-08-08T23:30;94;kWh;-4578;1925;0;0;6503;-2653
2024-08-08T23:30;2024-08-08T23:45;95;kWh;-34632;0;0;0;34632;-34632
2024-08-08T23:45;2024-08-09T00:00;96;kWh;-30967;0;0;0;30967;-30967
2024-08-09T00:00;2024-08-09T00:15;1;kWh;-13944;0;0;0;13944;-13944
2024-08-09T00:15;2024-08-09T00:30;2;kWh;-6383;100;0;0;6483;-6283
2024-08-09T00:30;2024-08-09T00:45;3;kWh;-9787;0;0;0;9787;-9787
2024-08-09T00:45;2024-08-09T01:00;4;kWh;-2504;0;0;0;2504;-2504
2024-08-09T01:00;2024-08-09T01:15;5;kWh;-2191;0;0;0;2191;-2191
2024-08-09T01:15;2024-08-09T01:30;6;kWh;-16089;0;0;0;16089;-16089
2024-08-09T01:30;2024-08-09T01:45;7;kWh;-9825;0;0;0;9825;-9825
2024-08-09T01:45;2024-08-09T02:00;8;kWh;-10162;0;0;0;10162;-10162
2024-08-09T02:00;2024-08-09T02:15;9;kWh;-42;3008;0;0;3050;2966
2024-08-09T02:15;2024-08-09T02:30;10;kWh;0;24084;0;0;24084;24084
2024-08-09T02:30;2024-08-09T02:45;11;kWh;0;10411;0;0;10411;10411
2024-08-09T02:45;2024-08-09T03:00;12;kWh;-796;322;0;0;1118;-474
2024-08-09T03:00;2024-08-09T03:15;13;kWh;-409;26948;0;0;27357;26539
2024-08-09T03:15;2024-08-09T03:30;14;kWh;0;35885;0;0;35885;35885
2024-08-09T03:30;2024-08-09T03:45;15;kWh;-5692;3580;0;0;9272;-2112
2024-08-09T03:45;2024-08-09T04:00;16;kWh;-4116;516;0;0;4632;-3600
2024-08-09T04:00;2024-08-09T04:15;17;kWh;0;15786;0;0;15786;15786
2024-08-09T04:15;2024-08-09T04:30;18;kWh;0;2083;0;0;2083;2083
2024-08-09T04:30;2024-08-09T04:45;19;kWh;0;9256;0;0;9256;9256
2024-08-09T04:45;2024-08-09T05:00;20;kWh;0;16477;0;0;16477;16477
2024-08-09T05:00;2024-08-09T05:15;21;kWh;-14289;1064;0;0;15353;-13225
2024-08-09T05:15;2024-08-09T05:30;22;kWh;-7819;0;0;0;7819;-7819
2024-08-09T05:30;2024-08-09T05:45;23;kWh;-228;0;0;0;228;-228
2024-08-09T05:45;2024-08-09T06:00;24;kWh;-3047;0;0;0;3047;-3047
2024-08-09T06:00;2024-08-09T06:15;25;kWh;-2300;180;0;0;2480;-2120
2024-08-09T06:15;2024-08-09T06:30;26;kWh;0;600;0;0;600;600
2024-08-09T06:30;2024-08-09T06:45;27;kWh;0;176;0;0;176;176
2024-08-09T06:45;2024-08-09T07:00;28;kWh;0;0;0;0;0;0
2024-08-09T07:00;2024-08-09T07:15;29;kWh;0;570;0;0;570;570
2024-08-09T07:15;2024-08-09T07:30;30;kWh;0;8893;0;0;8893;8893
2024-08-09T07:30;2024-08-09T07:45;31;kWh;0;43316;0;0;43316;43316
2024-08-09T07:45;2024-08-09T08:00;32;kWh;-458;18046;0;0;18504;17588
2024-08-09T08:00;2024-08-09T08:15;33;kWh;-25527;1676;0;0;27203;-23851
2024-08-09T08:15;2024-08-09T08:30;34;kWh;-12105;0;0;0;12105;-12105
2024-08-09T08:30;2024-08-09T08:45;35;kWh;-6207;0;0;0;6207;-6207
2024-08-09T08:45;2024-08-09T09:00;36;kWh;-3903;0;0;0;3903;-3903
2024-08-09T09:00;2024-08-09T09:15;37;kWh;-4998;0;0;0;4998;-4998
2024-08-09T09:15;2024-08-09T09:30;38;kWh;-28414;0;0;0;28414;-28414
2024-08-09T09:30;2024-08-09T09:45;39;kWh;-38100;0;0;0;38100;-38100
2024-08-09T09:45;2024-08-09T10:00;40;kWh;-28695;0;0;0;28695;-28695
2024-08-09T10:00;2024-08-09T10:15;41;kWh;-3049;0;0;0;3049;-3049
2024-08-09T10:15;2024-08-09T10:30;42;kWh;0;0;0;0;0;0
2024-08-09T10:30;2024-08-09T10:45;43;kWh;-169;0;0;0;169;-169
2024-08-09T10:45;2024-08-09T11:00;44;kWh;-840;0;0;0;840;-840
2024-08-09T11:00;2024-08-09T11:15;45;kWh;0;0;0;0;0;0
2024-08-09T11:15;2024-08-09T11:30;46;kWh;0;0;0;0;0;0
2024-08-09T11:30;2024-08-09T11:45;47;kWh;-99;0;0;0;99;-99
2024-08-09T11:45;2024-08-09T12:00;48;kWh;-1887;0;0;0;1887;-1887
2024-08-09T12:00;2024-08-09T12:15;49;kWh;-40;1916;0;0;1956;1876
2024-08-09T12:15;2024-08-09T12:30;50;kWh;-19509;0;0;0;19509;-19509
2024-08-09T12:30;2024-08-09T12:45;51;kWh;-13665;0;0;0;13665;-13665
2024-08-09T12:45;2024-08-09T13:00;52;kWh;-10525;0;0;0;10525;-10525
2024-08-09T13:00;2024-08-09T13:15;53;kWh;-4808;0;0;0;4808;-4808
2024-08-09T13:15;2024-08-09T13:30;54;kWh;-4360;0;0;0;4360;-4360
2024-08-09T13:30;2024-08-09T13:45;55;kWh;-4909;0;0;0;4909;-4909
2024-08-09T13:45;2024-08-09T14:00;56;kWh;-2679;874;0;0;3553;-1805
2024-08-09T14:00;2024-08-09T14:15;57;kWh;-1;2530;0;0;2531;2529
2024-08-09T14:15;2024-08-09T14:30;58;kWh;-6839;0;0;0;6839;-6839
2024-08-09T14:30;2024-08-09T14:45;59;kWh;-28178;0;0;0;28178;-28178
2024-08-09T14:45;2024-08-09T15:00;60;kWh;-28267;0;0;0;28267;-28267
2024-08-09T15:00;2024-08-09T15:15;61;kWh;-1159;0;0;0;1159;-1159
2024-08-09T15:15;2024-08-09T15:30;62;kWh;-6734;0;0;0;6734;-6734
2024-08-09T15:30;2024-08-09T15:45;63;kWh;-19905;0;0;0;19905;-19905
2024-08-09T15:45;2024-08-09T16:00;64;kWh;-38775;0;0;0;38775;-38775
2024-08-09T16:00;2024-08-09T16:15;65;kWh;-18829;0;0;0;18829;-18829
2024-08-09T16:15;2024-08-09T16:30;66;kWh;-25580;0;0;0;25580;-25580
2024-08-09T16:30;2024-08-09T16:45;67;kWh;-17103;3393;0;0;20496;-13710
2024-08-09T16:45;2024-08-09T17:00;68;kWh;-6864;111;0;0;6975;-6753
2024-08-09T17:00;2024-08-09T17:15;69;kWh;-12058;0;0;0;12058;-12058
2024-08-09T17:15;2024-08-09T17:30;70;kWh;-17237;438;0;0;17675;-16799
2024-08-09T17:30;2024-08-09T17:45;71;kWh;-4232;2006;0;0;6238;-2226
2024-08-09T17:45;2024-08-09T18:00;72;kWh;-32;41711;0;0;41743;41679
2024-08-09T18:00;2024-08-09T18:15;73;kWh;-30244;208;0;0;30452;-30036
2024-08-09T18:15;2024-08-09T18:30;74;kWh;-13857;1615;0;0;15472;-12242
2024-08-09T18:30;2024-08-09T18:45;75;kWh;0;18611;0;0;18611;18611
2024-08-09T18:45;2024-08-09T19:00;76;kWh;0;18760;0;0;18760;18760
2024-08-09T19:00;2024-08-09T19:15;77;kWh;-31683;284;0;0;31967;-31399
2024-08-09T19:15;2024-08-09T19:30;78;kWh;-3295;1993;0;0;5288;-1302
2024-08-09T19:30;2024-08-09T19:45;79;kWh;0;13932;0;0;13932;13932
2024-08-09T19:45;2024-08-09T20:00;80;kWh;0;10946;0;0;10946;10946
2024-08-09T20:00;2024-08-09T20:15;81;kWh;0;27651;0;0;27651;27651
2024-08-09T20:15;2024-08-09T20:30;82;kWh;0;9850;0;0;9850;9850
2024-08-09T20:30;2024-08-09T20:45;83;kWh;0;21504;0;0;21504;21504
2024-08-09T20:45;2024-08-09T21:00;84;kWh;0;17751;0;0;17751;17751
2024-08-09T21:00;2024-08-09T21:15;85;kWh;0;12426;0;0;12426;12426
2024-08-09T21:15;2024-08-09T21:30;86;kWh;0;30175;0;0;30175;30175
2024-08-09T21:30;2024-08-09T21:45;87;kWh;0;37764;0;0;37764;37764
2024-08-09T21:45;2024-08-09T22:00;88;kWh;0;38543;0;0;38543;38543
2024-08-09T22:00;2024-08-09T22:15;89;kWh;0;20884;0;0;20884;20884
2024-08-09T22:15;2024-08-09T22:30;90;kWh;0;16516;0;0;16516;16516
2024-08-09T22:30;2024-08-09T22:45;91;kWh;0;6564;0;0;6564;6564
2024-08-09T22:45;2024-08-09T23:00;92;kWh;0;25732;0;0;25732;25732
2024-08-09T23:00;2024-08-09T23:15;93;kWh;0;30198;0;0;30198;30198
2024-08-09T23:15;2024-08-09T23:30;94;kWh;-861;2735;0;0;3596;1874
2024-08-09T23:30;2024-08-09T23:45;95;kWh;-2453;0;0;0;2453;-2453
2024-08-09T23:45;2024-08-10T00:00;96;kWh;-23543;0;0;0;23543;-23543
2024-08-10T00:00;2024-08-10T00:15;1;kWh;-24481;0;0;0;24481;-24481
2024-08-10T00:15;2024-08-10T00:30;2;kWh;-11092;0;0;0;11092;-11092
2024-08-10T00:30;2024-08-10T00:45;3;kWh;-39205;0;0;0;39205;-39205
2024-08-10T00:45;2024-08-10T01:00;4;kWh;-48477;0;0;0;48477;-48477
2024-08-10T01:00;2024-08-10T01:15;5;kWh;-5679;18986;0;0;24665;13307
2024-08-10T01:15;2024-08-10T01:30;6;kWh;0;20183;0;0;20183;20183
2024-08-10T01:30;2024-08-10T01:45;7;kWh;0;2498;0;0;2498;2498
2024-08-10T01:45;2024-08-10T02:00;8;kWh;0;33686;0;0;33686;33686
2024-08-10T02:00;2024-08-10T02:15;9;kWh;0;5379;0;0;5379;5379
2024-08-10T02:15;2024-08-10T02:30;10;kWh;0;30127;0;0;30127;30127
2024-08-10T02:30;2024-08-10T02:45;11;kWh;0;20138;0;0;20138;20138
2024-08-10T02:45;2024-08-10T03:00;12;kWh;0;7328;0;0;7328;7328
2024-08-10T03:00;2024-08-10T03:15;13;kWh;0;1633;0;0;1633;1633
2024-08-10T03:15;2024-08-10T03:30;14;kWh;0;1900;0;0;1900;1900
2024-08-10T03:30;2024-08-10T03:45;15;kWh;0;0;0;0;0;0
2024-08-10T03:45;2024-08-10T04:00;16;kWh;0;0;0;0;0;0
2024-08-10T04:00;2024-08-10T04:15;17;kWh;-1667;0;0;0;1667;-1667
2024-08-10T04:15;2024-08-10T04:30;18;kWh;-9365;0;0;0;9365;-9365
2024-08-10T04:30;2024-08-10T04:45;19;kWh;-30550;0;0;0;30550;-30550
2024-08-10T04:45;2024-08-10T05:00;20;kWh;-9763;0;0;0;9763;-9763
2024-08-10T05:00;2024-08-10T05:15;21;kWh;-18683;0;0;0;18683;-18683
2024-08-10T05:15;2024-08-10T05:30;22;kWh;-26231;0;0;0;26231;-26231
2024-08-10T05:30;2024-08-10T05:45;23;kWh;-3141;1015;0;0;4156;-2126
2024-08-10T05:45;2024-08-10T06:00;24;kWh;0;4865;0;0;4865;4865
2024-08-10T06:00;2024-08-10T06:15;25;kWh;0;10297;0;0;10297;10297
2024-08-10T06:15;2024-08-10T06:30;26;kWh;0;16625;0;0;16625;16625
2024-08-10T06:30;2024-08-10T06:45;27;kWh;0;16514;0;0;16514;16514
2024-08-10T06:45;2024-08-10T07:00;28;kWh;0;53999;0;0;53999;53999
2024-08-10T07:00;2024-08-10T07:15;29;kWh;0;84087;0;0;84087;84087
2024-08-10T07:15;2024-08-10T07:30;30;kWh;0;15071;0;0;15071;15071
2024-08-10T07:30;2024-08-10T07:45;31;kWh;0;13301;0;0;13301;13301
2024-08-10T07:45;2024-08-10T08:00;32;kWh;0;343;0;0;343;343
2024-08-10T08:00;2024-08-10T08:15;33;kWh;-133;0;0;0;133;-133
2024-08-10T08:15;2024-08-10T08:30;34;kWh;-10115;0;0;0;10115;-10115
2024-08-10T08:30;2024-08-10T08:45;35;kWh;-29582;0;0;0;29582;-29582
2024-08-10T08:45;2024-08-10T09:00;36;kWh;-41160;0;0;0;41160;-41160
2024-08-10T09:00;2024-08-10T09:15;37;kWh;-31139;0;0;0;31139;-31139
2024-08-10T09:15;2024-08-10T09:30;38;kWh;-42562;0;0;0;42562;-42562
2024-08-10T09:30;2024-08-10T09:45;39;kWh;-67221;0;0;0;67221;-67221
2024-08-10T09:45;2024-08-10T10:00;40;kWh;-84804;0;0;0;84804;-84804
2024-08-10T10:00;2024-08-10T10:15;41;kWh;-883;28473;0;0;29356;27590
2024-08-10T10:15;2024-08-10T10:30;42;kWh;-33909;655;0;0;34564;-33254
2024-08-10T10:30;2024-08-10T10:45;43;kWh;-15787;5330;0;0;21117;-10457
2024-08-10T10:45;2024-08-10T11:00;44;kWh;-33054;0;0;0;33054;-33054
2024-08-10T11:00;2024-08-10T11:15;45;kWh;-24938;31;0;0;24969;-24907
2024-08-10T11:15;2024-08-10T11:30;46;kWh;-29806;0;0;0;29806;-29806
2024-08-10T11:30;2024-08-10T11:45;47;kWh;-39427;0;0;0;39427;-39427
2024-08-10T11:45;2024-08-10T12:00;48;kWh;-45255;0;0;0;45255;-45255
2024-08-10T12:00;2024-08-10T12:15;49;kWh;-27980;0;0;0;27980;-27980
2024-08-10T12:15;2024-08-10T12:30;50;kWh;-38362;0;0;0;38362;-38362
2024-08-10T12:30;2024-08-10T12:45;51;kWh;-44309;0;0;0;44309;-44309
2024-08-10T12:45;2024-08-10T13:00;52;kWh;-51642;0;0;0;51642;-51642
2024-08-10T13:00;2024-08-10T13:15;53;kWh;-62429;0;0;0;62429;-62429
2024-08-10T13:15;2024-08-10T13:30;54;kWh;-74941;0;0;0;74941;-74941
2024-08-10T13:30;2024-08-10T13:45;55;kWh;-87994;0;0;0;87994;-87994
2024-08-10T13:45;2024-08-10T14:00;56;kWh;-93428;0;0;0;93428;-93428
2024-08-10T14:00;2024-08-10T14:15;57;kWh;-157827;0;0;0;157827;-157827
2024-08-10T14:15;2024-08-10T14:30;58;kWh;-154387;0;0;0;154387;-154387
2024-08-10T14:30;2024-08-10T14:45;59;kWh;-89667;0;0;0;89667;-89667
2024-08-10T14:45;2024-08-10T15:00;60;kWh;-66584;0;0;0;66584;-66584
2024-08-10T15:00;2024-08-10T15:15;61;kWh;-51671;0;0;0;51671;-51671
2024-08-10T15:15;2024-08-10T15:30;62;kWh;-40837;0;0;0;40837;-40837
2024-08-10T15:30;2024-08-10T15:45;63;kWh;-24780;0;0;0;24780;-24780
2024-08-10T15:45;2024-08-10T16:00;64;kWh;-13768;0;0;0;13768;-13768
2024-08-10T16:00;2024-08-10T16:15;65;kWh;-28346;0;0;0;28346;-28346
2024-08-10T16:15;2024-08-10T16:30;66;kWh;-21797;1252;0;0;23049;-20545
2024-08-10T16:30;2024-08-10T16:45;67;kWh;-2133;7073;0;0;9206;4940
2024-08-10T16:45;2024-08-10T17:00;68;kWh;-144;490;0;0;634;346
2024-08-10T17:00;2024-08-10T17:15;69;kWh;-2049;0;0;0;2049;-2049
2024-08-10T17:15;2024-08-10T17:30;70;kWh;-381;11145;0;0;11526;10764
2024-08-10T17:30;2024-08-10T17:45;71;kWh;0;30089;0;0;30089;30089
2024-08-10T17:45;2024-08-10T18:00;72;kWh;0;48138;0;0;48138;48138
2024-08-10T18:00;2024-08-10T18:15;73;kWh;0;4782;0;0;4782;4782
2024-08-10T18:15;2024-08-10T18:30;74;kWh;0;45356;0;0;45356;45356
2024-08-10T18:30;2024-08-10T18:45;75;kWh;0;79614;0;0;79614;79614
2024-08-10T18:45;2024-08-10T19:00;76;kWh;0;20997;0;0;20997;20997
2024-08-10T19:00;2024-08-10T19:15;77;kWh;-613;11752;0;0;12365;11139
2024-08-10T19:15;2024-08-10T19:30;78;kWh;0;391;0;0;391;391
2024-08-10T19:30;2024-08-10T19:45;79;kWh;0;528;0;0;528;528
2024-08-10T19:45;2024-08-10T20:00;80;kWh;-226;0;0;0;226;-226
2024-08-10T20:00;2024-08-10T20:15;81;kWh;-198;0;0;0;198;-198
2024-08-10T20:15;2024-08-10T20:30;82;kWh;0;9749;0;0;9749;9749
2024-08-10T20:30;2024-08-10T20:45;83;kWh;0;13031;0;0;13031;13031
2024-08-10T20:45;2024-08-10T21:00;84;kWh;-76;564;0;0;640;488
2024-08-10T21:00;2024-08-10T21:15;85;kWh;-109;0;0;0;109;-109
2024-08-10T21:15;2024-08-10T21:30;86;kWh;0;13076;0;0;13076;13076
2024-08-10T21:30;2024-08-10T21:45;87;kWh;0;19831;0;0;19831;19831
2024-08-10T21:45;2024-08-10T22:00;88;kWh;0;3217;0;0;3217;3217
2024-08-10T22:00;2024-08-10T22:15;89;kWh;0;2659;0;0;2659;2659
2024-08-10T22:15;2024-08-10T22:30;90;kWh;0;12663;0;0;12663;12663
2024-08-10T22:30;2024-08-10T22:45;91;kWh;0;11207;0;0;11207;11207
2024-08-10T22:45;2024-08-10T23:00;92;kWh;0;1437;0;0;1437;1437
2024-08-10T23:00;2024-08-10T23:15;93;kWh;-1404;0;0;0;1404;-1404
2024-08-10T23:15;2024-08-10T23:30;94;kWh;-1196;1982;0;0;3178;786
2024-08-10T23:30;2024-08-10T23:45;95;kWh;0;9876;0;0;9876;9876
2024-08-10T23:45;2024-08-11T00:00;96;kWh;0;2719;0;0;2719;2719
2024-08-11T00:00;2024-08-11T00:15;1;kWh;0;3999;0;0;3999;3999
2024-08-11T00:15;2024-08-11T00:30;2;kWh;0;14432;0;0;14432;14432
2024-08-11T00:30;2024-08-11T00:45;3;kWh;0;2424;0;0;2424;2424
2024-08-11T00:45;2024-08-11T01:00;4;kWh;0;18440;0;0;18440;18440
2024-08-11T01:00;2024-08-11T01:15;5;kWh;0;32872;0;0;32872;32872
2024-08-11T01:15;2024-08-11T01:30;6;kWh;0;10894;0;0;10894;10894
2024-08-11T01:30;2024-08-11T01:45;7;kWh;0;6041;0;0;6041;6041
2024-08-11T01:45;2024-08-11T02:00;8;kWh;0;4702;0;0;4702;4702
2024-08-11T02:00;2024-08-11T02:15;9;kWh;0;18942;0;0;18942;18942
2024-08-11T02:15;2024-08-11T02:30;10;kWh;0;5160;0;0;5160;5160
2024-08-11T02:30;2024-08-11T02:45;11;kWh;0;525;0;0;525;525
2024-08-11T02:45;2024-08-11T03:00;12;kWh;0;104;0;0;104;104
2024-08-11T03:00;2024-08-11T03:15;13;kWh;0;8583;0;0;8583;8583
2024-08-11T03:15;2024-08-11T03:30;14;kWh;0;5820;0;0;5820;5820
2024-08-11T03:30;2024-08-11T03:45;15;kWh;0;136;0;0;136;136
2024-08-11T03:45;2024-08-11T04:00;16;kWh;0;2944;0;0;2944;2944
2024-08-11T04:00;2024-08-11T04:15;17;kWh;0;5152;0;0;5152;5152
2024-08-11T04:15;2024-08-11T04:30;18;kWh;0;5890;0;0;5890;5890
2024-08-11T04:30;2024-08-11T04:45;19;kWh;0;9048;0;0;9048;9048
2024-08-11T04:45;2024-08-11T05:00;20;kWh;0;3824;0;0;3824;3824
2024-08-11T05:00;2024-08-11T05:15;21;kWh;-1482;0;0;0;1482;-1482
2024-08-11T05:15;2024-08-11T05:30;22;kWh;-494;0;0;0;494;-494
2024-08-11T05:30;2024-08-11T05:45;23;kWh;0;5180;0;0;5180;5180
2024-08-11T05:45;2024-08-11T06:00;24;kWh;0;8476;0;0;8476;8476
2024-08-11T06:00;2024-08-11T06:15;25;kWh;0;31953;0;0;31953;31953
2024-08-11T06:15;2024-08-11T06:30;26;kWh;0;32821;0;0;32821;32821
2024-08-11T06:30;2024-08-11T06:45;27;kWh;0;19502;0;0;19502;19502
2024-08-11T06:45;2024-08-11T07:00;28;kWh;0;24989;0;0;24989;24989
2024-08-11T07:00;2024-08-11T07:15;29;kWh;0;1023;0;0;1023;1023
2024-08-11T07:15;2024-08-11T07:30;30;kWh;0;8775;0;0;8775;8775
2024-08-11T07:30;2024-08-11T07:45;31;kWh;-1404;32;0;0;1436;-1372
2024-08-11T07:45;2024-08-11T08:00;32;kWh;-11747;0;0;0;11747;-11747
2024-08-11T08:00;2024-08-11T08:15;33;kWh;-557;7;0;0;564;-550
2024-08-11T08:15;2024-08-11T08:30;34;kWh;-4022;0;0;0;4022;-4022
2024-08-11T08:30;2024-08-11T08:45;35;kWh;-17394;0;0;0;17394;-17394
2024-08-11T08:45;2024-08-11T09:00;36;kWh;-32620;0;0;0;32620;-32620
2024-08-11T09:00;2024-08-11T09:15;37;kWh;-2400;349;0;0;2749;-2051
2024-08-11T09:15;2024-08-11T09:30;38;kWh;-933;0;0;0;933;-933
2024-08-11T09:30;2024-08-11T09:45;39;kWh;-22344;0;0;0;22344;-22344
2024-08-11T09:45;2024-08-11T10:00;40;kWh;-11835;0;0;0;11835;-11835
2024-08-11T10:00;2024-08-11T10:15;41;kWh;-198;682;0;0;880;484
2024-08-11T10:15;2024-08-11T10:30;42;kWh;-2416;2529;0;0;4945;113
2024-08-11T10:30;2024-08-11T10:45;43;kWh;-13381;0;0;0;13381;-13381
2024-08-11T10:45;2024-08-11T11:00;44;kWh;-6692;15;0;0;6707;-6677
2024-08-11T11:00;2024-08-11T11:15;45;kWh;-8721;451;0;0;9172;-8270
2024-08-11T11:15;2024-08-11T11:30;46;kWh;-15474;0;0;0;15474;-15474
2024-08-11T11:30;2024-08-11T11:45;47;kWh;-12260;0;0;0;12260;-12260
2024-08-11T11:45;2024-08-11T12:00;48;kWh;-13416;0;0;0;13416;-13416
2024-08-11T12:00;2024-08-11T12:15;49;kWh;-14272;0;0;0;14272;-14272
2024-08-11T12:15;2024-08-11T12:30;50;kWh;-21313;0;0;0;21313;-21313
2024-08-11T12:30;2024-08-11T12:45;51;kWh;-19795;0;0;0;19795;-19795
2024-08-11T12:45;2024-08-11T13:00;52;kWh;-8446;276;0;0;8722;-8170
2024-08-11T13:00;2024-08-11T13:15;53;kWh;-11308;0;0;0;11308;-11308
2024-08-11T13:15;2024-08-11T13:30;54;kWh;-14837;0;0;0;14837;-14837
2024-08-11T13:30;2024-08-11T13:45;55;kWh;-18739;0;0;0;18739;-18739
2024-08-11T13:45;2024-08-11T14:00;56;kWh;-17259;0;0;0;17259;-17259
2024-08-11T14:00;2024-08-11T14:15;57;kWh;-18132;0;0;0;18132;-18132
2024-08-11T14:15;2024-08-11T14:30;58;kWh;-13776;0;0;0;13776;-13776
2024-08-11T14:30;2024-08-11T14:45;59;kWh;-10869;0;0;0;10869;-10869
2024-08-11T14:45;2024-08-11T15:00;60;kWh;-9021;0;0;0;9021;-9021
2024-08-11T15:00;2024-08-11T15:15;61;kWh;-8462;0;0;0;8462;-8462
2024-08-11T15:15;2024-08-11T15:30;62;kWh;-17765;0;0;0;17765;-17765
2024-08-11T15:30;2024-08-11T15:45;63;kWh;-9181;22571;0;0;31752;13390
2024-08-11T15:45;2024-08-11T16:00;64;kWh;-6589;12095;0;0;18684;5506
2024-08-11T16:00;2024-08-11T16:15;65;kWh;-42945;0;0;0;42945;-42945
2024-08-11T16:15;2024-08-11T16:30;66;kWh;-24055;108;0;0;24163;-23947
2024-08-11T16:30;2024-08-11T16:45;67;kWh;-29705;417;0;0;30122;-29288
2024-08-11T16:45;2024-08-11T17:00;68;kWh;-14423;903;0;0;15326;-13520
2024-08-11T17:00;2024-08-11T17:15;69;kWh;-64630;0;0;0;64630;-64630
2024-08-11T17:15;2024-08-11T17:30;70;kWh;-33869;0;0;0;33869;-33869
2024-08-11T17:30;2024-08-11T17:45;71;kWh;-385;11;0;0;396;-374
2024-08-11T17:45;2024-08-11T18:00;72;kWh;0;0;0;0;0;0
2024-08-11T18:00;2024-08-11T18:15;73;kWh;0;5874;0;0;5874;5874
2024-08-11T18:15;2024-08-11T18:30;74;kWh;0;5125;0;0;5125;5125
2024-08-11T18:30;2024-08-11T18:45;75;kWh;0;8316;0;0;8316;8316
2024-08-11T18:45;2024-08-11T19:00;76;kWh;0;28884;0;0;28884;28884
2024-08-11T19:00;2024-08-11T19:15;77;kWh;0;63707;0;0;63707;63707
2024-08-11T19:15;2024-08-11T19:30;78;kWh;0;23352;0;0;23352;23352
2024-08-11T19:30;2024-08-11T19:45;79;kWh;0;22530;0;0;22530;22530
2024-08-11T19:45;2024-08-11T20:00;80;kWh;0;55250;0;0;55250;55250
2024-08-11T20:00;2024-08-11T20:15;81;kWh;0;7425;0;0;7425;7425
2024-08-11T20:15;2024-08-11T20:30;82;kWh;0;1782;0;0;1782;1782
2024-08-11T20:30;2024-08-11T20:45;83;kWh;0;10110;0;0;10110;10110
2024-08-11T20:45;2024-08-11T21:00;84;kWh;0;8663;0;0;8663;8663
2024-08-11T21:00;2024-08-11T21:15;85;kWh;0;8985;0;0;8985;8985
2024-08-11T21:15;2024-08-11T21:30;86;kWh;0;5240;0;0;5240;5240
2024-08-11T21:30;2024-08-11T21:45;87;kWh;0;23284;0;0;23284;23284
2024-08-11T21:45;2024-08-11T22:00;88;kWh;0;12041;0;0;12041;12041
2024-08-11T22:00;2024-08-11T22:15;89;kWh;0;781;0;0;781;781
2024-08-11T22:15;2024-08-11T22:30;90;kWh;0;14824;0;0;14824;14824
2024-08-11T22:30;2024-08-11T22:45;91;kWh;0;11480;0;0;11480;11480
2024-08-11T22:45;2024-08-11T23:00;92;kWh;0;637;0;0;637;637
2024-08-11T23:00;2024-08-11T23:15;93;kWh;-272;0;0;0;272;-272
2024-08-11T23:15;2024-08-11T23:30;94;kWh;-1098;0;0;0;1098;-1098
2024-08-11T23:30;2024-08-11T23:45;95;kWh;-2340;0;0;0;2340;-2340
2024-08-11T23:45;2024-08-12T00:00;96;kWh;-6784;0;0;0;6784;-6784
2024-08-12T00:00;2024-08-12T00:15;1;kWh;-12549;935;0;0;13484;-11614
2024-08-12T00:15;2024-08-12T00:30;2;kWh;0;13360;0;0;13360;13360
2024-08-12T00:30;2024-08-12T00:45;3;kWh;-6;13639;0;0;13645;13633
2024-08-12T00:45;2024-08-12T01:00;4;kWh;0;35608;0;0;35608;35608
2024-08-12T01:00;2024-08-12T01:15;5;kWh;-1968;128;0;0;2096;-1840
2024-08-12T01:15;2024-08-12T01:30;6;kWh;-3724;0;0;0;3724;-3724
2024-08-12T01:30;2024-08-12T01:45;7;kWh;-9960;0;0;0;9960;-9960
2024-08-12T01:45;2024-08-12T02:00;8;kWh;-18251;0;0;0;18251;-18251
2024-08-12T02:00;2024-08-12T02:15;9;kWh;-7392;0;0;0;7392;-7392
2024-08-12T02:15;2024-08-12T02:30;10;kWh;0;0;0;0;0;0
2024-08-12T02:30;2024-08-12T02:45;11;kWh;-332;0;0;0;332;-332
2024-08-12T02:45;2024-08-12T03:00;12;kWh;-2637;0;0;0;2637;-2637
2024-08-12T03:00;2024-08-12T03:15;13;kWh;-1190;0;0;0;1190;-1190
2024-08-12T03:15;2024-08-12T03:30;14;kWh;-949;0;0;0;949;-949
2024-08-12T03:30;2024-08-12T03:45;15;kWh;-4317;0;0;0;4317;-4317
2024-08-12T03:45;2024-08-12T04:00;16;kWh;-1195;0;0;0;1195;-1195
2024-08-12T04:00;2024-08-12T04:15;17;kWh;0;856;0;0;856;856
2024-08-12T04:15;2024-08-12T04:30;18;kWh;0;1217;0;0;1217;1217
2024-08-12T04:30;2024-08-12T04:45;19;kWh;0;1010;0;0;1010;1010
2024-08-12T04:45;2024-08-12T05:00;20;kWh;0;2987;0;0;2987;2987
2024-08-12T05:00;2024-08-12T05:15;21;kWh;-6662;0;0;0;6662;-6662
2024-08-12T05:15;2024-08-12T05:30;22;kWh;-23;0;0;0;23;-23
2024-08-12T05:30;2024-08-12T05:45;23;kWh;0;9399;0;0;9399;9399
2024-08-12T05:45;2024-08-12T06:00;24;kWh;0;23529;0;0;23529;23529
2024-08-12T06:00;2024-08-12T06:15;25;kWh;0;17151;0;0;17151;17151
2024-08-12T06:15;2024-08-12T06:30;26;kWh;0;18767;0;0;18767;18767
2024-08-12T06:30;2024-08-12T06:45;27;kWh;0;3529;0;0;3529;3529
2024-08-12T06:45;2024-08-12T07:00;28;kWh;0;9302;0;0;9302;9302
2024-08-12T07:00;2024-08-12T07:15;29;kWh;0;13961;0;0;13961;13961
2024-08-12T07:15;2024-08-12T07:30;30;kWh;-3203;6103;0;0;9306;2900
2024-08-12T07:30;2024-08-12T07:45;31;kWh;-4876;0;0;0;4876;-4876
2024-08-12T07:45;2024-08-12T08:00;32;kWh;-863;27575;0;0;28438;26712
2024-08-12T08:00;2024-08-12T08:15;33;kWh;0;50767;0;0;50767;50767
2024-08-12T08:15;2024-08-12T08:30;34;kWh;0;43324;0;0;43324;43324
2024-08-12T08:30;2024-08-12T08:45;35;kWh;0;25136;0;0;25136;25136
2024-08-12T08:45;2024-08-12T09:00;36;kWh;0;27946;0;0;27946;27946
2024-08-12T09:00;2024-08-12T09:15;37;kWh;0;197;0;0;197;197
2024-08-12T09:15;2024-08-12T09:30;38;kWh;0;0;0;0;0;0
2024-08-12T09:30;2024-08-12T09:45;39;kWh;-64;0;0;0;64;-64
2024-08-12T09:45;2024-08-12T10:00;40;kWh;-9058;0;0;0;9058;-9058
2024-08-12T10:00;2024-08-12T10:15;41;kWh;-7196;0;0;0;7196;-7196
2024-08-12T10:15;2024-08-12T10:30;42;kWh;-148;0;0;0;148;-148
2024-08-12T10:30;2024-08-12T10:45;43;kWh;-7027;0;0;0;7027;-7027
2024-08-12T10:45;2024-08-12T11:00;44;kWh;-14265;87;0;0;14352;-14178
2024-08-12T11:00;2024-08-12T11:15;45;kWh;-2834;0;0;0;2834;-2834
2024-08-12T11:15;2024-08-12T11:30;46;kWh;-8111;0;0;0;8111;-8111
2024-08-12T11:30;2024-08-12T11:45;47;kWh;-23283;0;0;0;23283;-23283
2024-08-12T11:45;2024-08-12T12:00;48;kWh;-6071;0;0;0;6071;-6071
2024-08-12T12:00;2024-08-12T12:15;49;kWh;-1677;0;0;0;1677;-1677
2024-08-12T12:15;2024-08-12T12:30;50;kWh;-3327;0;0;0;3327;-3327
2024-08-12T12:30;2024-08-12T12:45;51;kWh;-9369;4652;0;0;14021;-4717
2024-08-12T12:45;2024-08-12T13:00;52;kWh;-5550;0;0;0;5550;-5550
2024-08-12T13:00;2024-08-12T13:15;53;kWh;-8773;0;0;0;8773;-8773
2024-08-12T13:15;2024-08-12T13:30;54;kWh;-3641;0;0;0;3641;-3641
2024-08-12T13:30;2024-08-12T13:45;55;kWh;-7406;0;0;0;7406;-7406
2024-08-12T13:45;2024-08-12T14:00;56;kWh;-5851;0;0;0;5851;-5851
2024-08-12T14:00;2024-08-12T14:15;57;kWh;-15880;436;0;0;16316;-15444
2024-08-12T14:15;2024-08-12T14:30;58;kWh;-18343;0;0;0;18343;-18343
2024-08-12T14:30;2024-08-12T14:45;59;kWh;-21433;13215;0;0;34648;-8218
2024-08-12T14:45;2024-08-12T15:00;60;kWh;-21136;2731;0;0;23867;-18405
2024-08-12T15:00;2024-08-12T15:15;61;kWh;-43330;128;0;0;43458;-43202
2024-08-12T15:15;2024-08-12T15:30;62;kWh;-19124;1342;0;0;20466;-17782
2024-08-12T15:30;2024-08-12T15:45;63;kWh;-10639;0;0;0;10639;-10639
2024-08-12T15:45;2024-08-12T16:00;64;kWh;-6295;0;0;0;6295;-6295
2024-08-12T16:00;2024-08-12T16:15;65;kWh;-9516;3003;0;0;12519;-6513
2024-08-12T16:15;2024-08-12T16:30;66;kWh;-16286;3406;0;0;19692;-12880
2024-08-12T16:30;2024-08-12T16:45;67;kWh;-591;664;0;0;1255;73
2024-08-12T16:45;2024-08-12T17:00;68;kWh;-2603;0;0;0;2603;-2603
2024-08-12T17:00;2024-08-12T17:15;69;kWh;-14285;777;0;0;15062;-13508
2024-08-12T17:15;2024-08-12T17:30;70;kWh;-22981;13734;0;0;36715;-9247
2024-08-12T17:30;2024-08-12T17:45;71;kWh;-3318;12002;0;0;15320;8684
2024-08-12T17:45;2024-08-12T18:00;72;kWh;-16964;2290;0;0;19254;-14674
2024-08-12T18:00;2024-08-12T18:15;73;kWh;-37167;851;0;0;38018;-36316
2024-08-12T18:15;2024-08-12T18:30;74;kWh;-4783;15730;0;0;20513;10947
2024-08-12T18:30;2024-08-12T18:45;75;kWh;-501;43226;0;0;43727;42725
2024-08-12T18:45;2024-08-12T19:00;76;kWh;-501;53673;0;0;54174;53172
2024-08-12T19:00;2024-08-12T19:15;77;kWh;-501;15773;0;0;16274;15272
2024-08-12T19:15;2024-08-12T19:30;78;kWh;-501;29425;0;0;29926;28924
2024-08-12T19:30;2024-08-12T19:45;79;kWh;-501;87736;0;0;88237;87235
2024-08-12T19:45;2024-08-12T20:00;80;kWh;-501;93733;0;0;94234;93232
2024-08-12T20:00;2024-08-12T20:15;81;kWh;-26830;11970;0;0;38800;-14860
2024-08-12T20:15;2024-08-12T20:30;82;kWh;-928;46138;0;0;47066;45210
2024-08-12T20:30;2024-08-12T20:45;83;kWh;-596;32496;0;0;33092;31900
2024-08-12T20:45;2024-08-12T21:00;84;kWh;-4623;11122;0;0;15745;6499
2024-08-12T21:00;2024-08-12T21:15;85;kWh;-19538;4255;0;0;23793;-15283
2024-08-12T21:15;2024-08-12T21:30;86;kWh;-3465;4474;0;0;7939;1009
2024-08-12T21:30;2024-08-12T21:45;87;kWh;-6322;6421;0;0;12743;99
2024-08-12T21:45;2024-08-12T22:00;88;kWh;-46437;0;0;0;46437;-46437
2024-08-12T22:00;2024-08-12T22:15;89;kWh;-32836;6354;0;0;39190;-26482
2024-08-12T22:15;2024-08-12T22:30;90;kWh;-38155;0;0;0;38155;-38155
2024-08-12T22:30;2024-08-12T22:45;91;kWh;-44345;0;0;0;44345;-44345
2024-08-12T22:45;2024-08-12T23:00;92;kWh;-3522;21258;0;0;24780;17736
2024-08-12T23:00;2024-08-12T23:15;93;kWh;-501;8301;0;0;8802;7800
2024-08-12T23:15;2024-08-12T23:30;94;kWh;-501;29869;0;0;30370;29368
2024-08-12T23:30;2024-08-12T23:45;95;kWh;-501;14792;0;0;15293;14291
2024-08-12T23:45;2024-08-13T00:00;96;kWh;-501;38096;0;0;38597;37595
2024-08-13T00:00;2024-08-13T00:15;1;kWh;-41895;1367;0;0;43262;-40528
2024-08-13T00:15;2024-08-13T00:30;2;kWh;-47609;0;0;0;47609;-47609
2024-08-13T00:30;2024-08-13T00:45;3;kWh;-37322;0;0;0;37322;-37322
2024-08-13T00:45;2024-08-13T01:00;4;kWh;-25059;0;0;0;25059;-25059
2024-08-13T01:00;2024-08-13T01:15;5;kWh;-53757;0;0;0;53757;-53757
2024-08-13T01:15;2024-08-13T01:30;6;kWh;-58384;0;0;0;58384;-58384
2024-08-13T01:30;2024-08-13T01:45;7;kWh;-74581;0;0;0;74581;-74581
2024-08-13T01:45;2024-08-13T02:00;8;kWh;-67332;0;0;0;67332;-67332
2024-08-13T02:00;2024-08-13T02:15;9;kWh;-40144;0;0;0;40144;-40144
2024-08-13T02:15;2024-08-13T02:30;10;kWh;-7631;0;0;0;7631;-7631
2024-08-13T02:30;2024-08-13T02:45;11;kWh;-7562;0;0;0;7562;-7562
2024-08-13T02:45;2024-08-13T03:00;12;kWh;-2979;397;0;0;3376;-2582
2024-08-13T03:00;2024-08-13T03:15;13;kWh;-33400;12;0;0;33412;-33388
2024-08-13T03:15;2024-08-13T03:30;14;kWh;-30060;0;0;0;30060;-30060
2024-08-13T03:30;2024-08-13T03:45;15;kWh;-2365;310;0;0;2675;-2055
2024-08-13T03:45;2024-08-13T04:00;16;kWh;0;19532;0;0;19532;19532
2024-08-13T04:00;2024-08-13T04:15;17;kWh;0;36761;0;0;36761;36761
2024-08-13T04:15;2024-08-13T04:30;18;kWh;0;26134;0;0;26134;26134
2024-08-13T04:30;2024-08-13T04:45;19;kWh;0;27867;0;0;27867;27867
2024-08-13T04:45;2024-08-13T05:00;20;kWh;0;16996;0;0;16996;16996
2024-08-13T05:00;2024-08-13T05:15;21;kWh;0;74887;0;0;74887;74887
2024-08-13T05:15;2024-08-13T05:30;22;kWh;0;12730;0;0;12730;12730
2024-08-13T05:30;2024-08-13T05:45;23;kWh;-1040;1169;0;0;2209;129
2024-08-13T05:45;2024-08-13T06:00;24;kWh;-2932;0;0;0;2932;-2932
2024-08-13T06:00;2024-08-13T06:15;25;kWh;-6063;7188;0;0;13251;1125
2024-08-13T06:15;2024-08-13T06:30;26;kWh;0;31847;0;0;31847;31847
2024-08-13T06:30;2024-08-13T06:45;27;kWh;0;35459;0;0;35459;35459
2024-08-13T06:45;2024-08-13T07:00;28;kWh;0;40421;0;0;40421;40421
2024-08-13T07:00;2024-08-13T07:15;29;kWh;0;18962;0;0;18962;18962
2024-08-13T07:15;2024-08-13T07:30;30;kWh;-5821;1645;0;0;7466;-4176
2024-08-13T07:30;2024-08-13T07:45;31;kWh;-32831;0;0;0;32831;-32831
2024-08-13T07:45;2024-08-13T08:00;32;kWh;-28523;0;0;0;28523;-28523
2024-08-13T08:00;2024-08-13T08:15;33;kWh;-17981;0;0;0;17981;-17981
2024-08-13T08:15;2024-08-13T08:30;34;kWh;-22331;0;0;0;22331;-22331
2024-08-13T08:30;2024-08-13T08:45;35;kWh;-52123;0;0;0;52123;-52123
2024-08-13T08:45;2024-08-13T09:00;36;kWh;-14840;0;0;0;14840;-14840
2024-08-13T09:00;2024-08-13T09:15;37;kWh;-1410;0;0;0;1410;-1410
2024-08-13T09:15;2024-08-13T09:30;38;kWh;-2878;0;0;0;2878;-2878
2024-08-13T09:30;2024-08-13T09:45;39;kWh;-807;1960;0;0;2767;1153
2024-08-13T09:45;2024-08-13T10:00;40;kWh;0;17833;0;0;17833;17833
2024-08-13T10:00;2024-08-13T10:15;41;kWh;-63;104;0;0;167;41
2024-08-13T10:15;2024-08-13T10:30;42;kWh;-11578;0;0;0;11578;-11578
2024-08-13T10:30;2024-08-13T10:45;43;kWh;-21183;0;0;0;21183;-21183
2024-08-13T10:45;2024-08-13T11:00;44;kWh;-27265;0;0;0;27265;-27265
2024-08-13T11:00;2024-08-13T11:15;45;kWh;-17548;0;0;0;17548;-17548
2024-08-13T11:15;2024-08-13T11:30;46;kWh;-3064;543;0;0;3607;-2521
2024-08-13T11:30;2024-08-13T11:45;47;kWh;-18009;0;0;0;18009;-18009
2024-08-13T11:45;2024-08-13T12:00;48;kWh;-7948;0;0;0;7948;-7948
2024-08-13T12:00;2024-08-13T12:15;49;kWh;-1028;0;0;0;1028;-1028
2024-08-13T12:15;2024-08-13T12:30;50;kWh;0;0;0;0;0;0
2024-08-13T12:30;2024-08-13T12:45;51;kWh;-1931;0;0;0;1931;-1931
2024-08-13T12:45;2024-08-13T13:00;52;kWh;-36825;0;0;0;36825;-36825
2024-08-13T13:00;2024-08-13T13:15;53;kWh;-19382;0;0;0;19382;-19382
2024-08-13T13:15;2024-08-13T13:30;54;kWh;-1779;0;0;0;1779;-1779
2024-08-13T13:30;2024-08-13T13:45;55;kWh;-15347;0;0;0;15347;-15347
2024-08-13T13:45;2024-08-13T14:00;56;kWh;-24491;0;0;0;24491;-24491
2024-08-13T14:00;2024-08-13T14:15;57;kWh;-3257;2253;0;0;5510;-1004
2024-08-13T14:15;2024-08-13T14:30;58;kWh;0;726;0;0;726;726
2024-08-13T14:30;2024-08-13T14:45;59;kWh;0;0;0;0;0;0
2024-08-13T14:45;2024-08-13T15:00;60;kWh;0;3106;0;0;3106;3106
2024-08-13T15:00;2024-08-13T15:15;61;kWh;0;1507;0;0;1507;1507
2024-08-13T15:15;2024-08-13T15:30;62;kWh;-2679;0;0;0;2679;-2679
2024-08-13T15:30;2024-08-13T15:45;63;kWh;-6941;0;0;0;6941;-6941
2024-08-13T15:45;2024-08-13T16:00;64;kWh;-74;0;0;0;74;-74
2024-08-13T16:00;2024-08-13T16:15;65;kWh;-14104;0;0;0;14104;-14104
2024-08-13T16:15;2024-08-13T16:30;66;kWh;-21898;0;0;0;21898;-21898
2024-08-13T16:30;2024-08-13T16:45;67;kWh;-22967;0;0;0;22967;-22967
2024-08-13T16:45;2024-08-13T17:00;68;kWh;-20094;0;0;0;20094;-20094
2024-08-13T17:00;2024-08-13T17:15;69;kWh;-671;1401;0;0;2072;730
2024-08-13T17:15;2024-08-13T17:30;70;kWh;0;27878;0;0;27878;27878
2024-08-13T17:30;2024-08-13T17:45;71;kWh;0;34884;0;0;34884;34884
2024-08-13T17:45;2024-08-13T18:00;72;kWh;0;92;0;0;92;92
2024-08-13T18:00;2024-08-13T18:15;73;kWh;-25014;0;0;0;25014;-25014
2024-08-13T18:15;2024-08-13T18:30;74;kWh;-61162;0;0;0;61162;-61162
2024-08-13T18:30;2024-08-13T18:45;75;kWh;-33589;0;0;0;33589;-33589
2024-08-13T18:45;2024-08-13T19:00;76;kWh;-51889;0;0;0;51889;-51889
2024-08-13T19:00;2024-08-13T19:15;77;kWh;-48601;0;0;0;48601;-48601
2024-08-13T19:15;2024-08-13T19:30;78;kWh;-21127;0;0;0;21127;-21127
2024-08-13T19:30;2024-08-13T19:45;79;kWh;-280;0;0;0;280;-280
2024-08-13T19:45;2024-08-13T20:00;80;kWh;-2812;0;0;0;2812;-2812
2024-08-13T20:00;2024-08-13T20:15;81;kWh;-1935;0;0;0;1935;-1935
2024-08-13T20:15;2024-08-13T20:30;82;kWh;-1387;0;0;0;1387;-1387
2024-08-13T20:30;2024-08-13T20:45;83;kWh;-27404;0;0;0;27404;-27404
2024-08-13T20:45;2024-08-13T21:00;84;kWh;-31514;0;0;0;31514;-31514
2024-08-13T21:00;2024-08-13T21:15;85;kWh;-9010;0;0;0;9010;-9010
2024-08-13T21:15;2024-08-13T21:30;86;kWh;-11521;0;0;0;11521;-11521
2024-08-13T21:30;2024-08-13T21:45;87;kWh;-82;0;0;0;82;-82
2024-08-13T21:45;2024-08-13T22:00;88;kWh;-7250;0;0;0;7250;-7250
2024-08-13T22:00;2024-08-13T22:15;89;kWh;-73011;0;0;0;73011;-73011
2024-08-13T22:15;2024-08-13T22:30;90;kWh;-45022;0;0;0;45022;-45022
2024-08-13T22:30;2024-08-13T22:45;91;kWh;-43366;0;0;0;43366;-43366
2024-08-13T22:45;2024-08-13T23:00;92;kWh;-53242;0;0;0;53242;-53242
2024-08-13T23:00;2024-08-13T23:15;93;kWh;-67317;0;0;0;67317;-67317
2024-08-13T23:15;2024-08-13T23:30;94;kWh;-14405;0;0;0;14405;-14405
2024-08-13T23:30;2024-08-13T23:45;95;kWh;-28308;0;0;0;28308;-28308
2024-08-13T23:45;2024-08-14T00:00;96;kWh;-51676;0;0;0;51676;-51676
2024-08-14T00:00;2024-08-14T00:15;1;kWh;-22942;0;0;0;22942;-22942
2024-08-14T00:15;2024-08-14T00:30;2;kWh;0;0;0;0;0;0
2024-08-14T00:30;2024-08-14T00:45;3;kWh;0;72;0;0;72;72
2024-08-14T00:45;2024-08-14T01:00;4;kWh;0;6577;0;0;6577;6577
2024-08-14T01:00;2024-08-14T01:15;5;kWh;0;24243;0;0;24243;24243
2024-08-14T01:15;2024-08-14T01:30;6;kWh;0;37889;0;0;37889;37889
2024-08-14T01:30;2024-08-14T01:45;7;kWh;0;19892;0;0;19892;19892
2024-08-14T01:45;2024-08-14T02:00;8;kWh;0;8160;0;0;8160;8160
2024-08-14T02:00;2024-08-14T02:15;9;kWh;0;13548;0;0;13548;13548
2024-08-14T02:15;2024-08-14T02:30;10;kWh;0;996;0;0;996;996
2024-08-14T02:30;2024-08-14T02:45;11;kWh;0;2275;0;0;2275;2275
2024-08-14T02:45;2024-08-14T03:00;12;kWh;0;50973;0;0;50973;50973
2024-08-14T03:00;2024-08-14T03:15;13;kWh;0;43077;0;0;43077;43077
2024-08-14T03:15;2024-08-14T03:30;14;kWh;0;12573;0;0;12573;12573
2024-08-14T03:30;2024-08-14T03:45;15;kWh;0;435;0;0;435;435
2024-08-14T03:45;2024-08-14T04:00;16;kWh;0;1527;0;0;1527;1527
2024-08-14T04:00;2024-08-14T04:15;17;kWh;-10727;0;0;0;10727;-10727
2024-08-14T04:15;2024-08-14T04:30;18;kWh;-7988;0;0;0;7988;-7988
2024-08-14T04:30;2024-08-14T04:45;19;kWh;-2036;0;0;0;2036;-2036
2024-08-14T04:45;2024-08-14T05:00;20;kWh;-2378;0;0;0;2378;-2378
2024-08-14T05:00;2024-08-14T05:15;21;kWh;-97;4000;0;0;4097;3903
2024-08-14T05:15;2024-08-14T05:30;22;kWh;0;5337;0;0;5337;5337
2024-08-14T05:30;2024-08-14T05:45;23;kWh;0;2325;0;0;2325;2325
2024-08-14T05:45;2024-08-14T06:00;24;kWh;0;3462;0;0;3462;3462
2024-08-14T06:00;2024-08-14T06:15;25;kWh;-5163;4;0;0;5167;-5159
2024-08-14T06:15;2024-08-14T06:30;26;kWh;-20544;0;0;0;20544;-20544
2024-08-14T06:30;2024-08-14T06:45;27;kWh;-21326;0;0;0;21326;-21326
2024-08-14T06:45;2024-08-14T07:00;28;kWh;-10071;0;0;0;10071;-10071
2024-08-14T07:00;2024-08-14T07:15;29;kWh;-1686;0;0;0;1686;-1686
2024-08-14T07:15;2024-08-14T07:30;30;kWh;-611;0;0;0;611;-611
2024-08-14T07:30;2024-08-14T07:45;31;kWh;-27;0;0;0;27;-27
2024-08-14T07:45;2024-08-14T08:00;32;kWh;-3560;0;0;0;3560;-3560
2024-08-14T08:00;2024-08-14T08:15;33;kWh;-55968;0;0;0;55968;-55968
2024-08-14T08:15;2024-08-14T08:30;34;kWh;-96647;0;0;0;96647;-96647
2024-08-14T08:30;2024-08-14T08:45;35;kWh;-134445;0;0;0;134445;-134445
2024-08-14T08:45;2024-08-14T09:00;36;kWh;-130934;0;0;0;130934;-130934
2024-08-14T09:00;2024-08-14T09:15;37;kWh;-56607;0;0;0;56607;-56607
2024-08-14T09:15;2024-08-14T09:30;38;kWh;-80306;0;0;0;80306;-80306
2024-08-14T09:30;2024-08-14T09:45;39;kWh;-72485;0;0;0;72485;-72485
2024-08-14T09:45;2024-08-14T10:00;40;kWh;-27635;0;0;0;27635;-27635
2024-08-14T10:00;2024-08-14T10:15;41;kWh;-55831;0;0;0;55831;-55831
2024-08-14T10:15;2024-08-14T10:30;42;kWh;-31701;0;0;0;31701;-31701
2024-08-14T10:30;2024-08-14T10:45;43;kWh;-13312;0;0;0;13312;-13312
2024-08-14T10:45;2024-08-14T11:00;44;kWh;-2635;0;0;0;2635;-2635
2024-08-14T11:00;2024-08-14T11:15;45;kWh;-631;17220;0;0;17851;16589
2024-08-14T11:15;2024-08-14T11:30;46;kWh;0;42057;0;0;42057;42057
2024-08-14T11:30;2024-08-14T11:45;47;kWh;0;55008;0;0;55008;55008
2024-08-14T11:45;2024-08-14T12:00;48;kWh;-42;42264;0;0;42306;42222
2024-08-14T12:00;2024-08-14T12:15;49;kWh;-2114;0;0;0;2114;-2114
2024-08-14T12:15;2024-08-14T12:30;50;kWh;0;28582;0;0;28582;28582
2024-08-14T12:30;2024-08-14T12:45;51;kWh;0;66569;0;0;66569;66569
2024-08-14T12:45;2024-08-14T13:00;52;kWh;0;65190;0;0;65190;65190
2024-08-14T13:00;2024-08-14T13:15;53;kWh;0;21033;0;0;21033;21033
2024-08-14T13:15;2024-08-14T13:30;54;kWh;0;61890;0;0;61890;61890
2024-08-14T13:30;2024-08-14T13:45;55;kWh;0;76782;0;0;76782;76782
2024-08-14T13:45;2024-08-14T14:00;56;kWh;0;124926;0;0;124926;124926
2024-08-14T14:00;2024-08-14T14:15;57;kWh;0;121008;0;0;121008;121008
2024-08-14T14:15;2024-08-14T14:30;58;kWh;0;127709;0;0;127709;127709
2024-08-14T14:30;2024-08-14T14:45;59;kWh;0;67466;0;0;67466;67466
2024-08-14T14:45;2024-08-14T15:00;60;kWh;0;127337;0;0;127337;127337
2024-08-14T15:00;2024-08-14T15:15;61;kWh;0;62685;0;0;62685;62685
2024-08-14T15:15;2024-08-14T15:30;62;kWh;0;48324;0;0;48324;48324
2024-08-14T15:30;2024-08-14T15:45;63;kWh;0;34262;0;0;34262;34262
2024-08-14T15:45;2024-08-14T16:00;64;kWh;0;17192;0;0;17192;17192
2024-08-14T16:00;2024-08-14T16:15;65;kWh;0;5205;0;0;5205;5205
2024-08-14T16:15;2024-08-14T16:30;66;kWh;-705;921;0;0;1626;216
2024-08-14T16:30;2024-08-14T16:45;67;kWh;-2441;0;0;0;2441;-2441
2024-08-14T16:45;2024-08-14T17:00;68;kWh;-1595;173;0;0;1768;-1422
2024-08-14T17:00;2024-08-14T17:15;69;kWh;0;72284;0;0;72284;72284
2024-08-14T17:15;2024-08-14T17:30;70;kWh;0;53195;0;0;53195;53195
2024-08-14T17:30;2024-08-14T17:45;71;kWh;0;16117;0;0;16117;16117
2024-08-14T17:45;2024-08-14T18:00;72;kWh;0;16765;0;0;16765;16765
2024-08-14T18:00;2024-08-14T18:15;73;kWh;0;46184;0;0;46184;46184
2024-08-14T18:15;2024-08-14T18:30;74;kWh;0;15492;0;0;15492;15492
2024-08-14T18:30;2024-08-14T18:45;75;kWh;0;8785;0;0;8785;8785
2024-08-14T18:45;2024-08-14T19:00;76;kWh;0;45051;0;0;45051;45051
2024-08-14T19:00;2024-08-14T19:15;77;kWh;0;5898;0;0;5898;5898
2024-08-14T19:15;2024-08-14T19:30;78;kWh;0;3937;0;0;3937;3937
2024-08-14T19:30;2024-08-14T19:45;79;kWh;0;21031;0;0;21031;21031
2024-08-14T19:45;2024-08-14T20:00;80;kWh;0;31180;0;0;31180;31180
2024-08-14T20:00;2024-08-14T20:15;81;kWh;-455;6545;0;0;7000;6090
2024-08-14T20:15;2024-08-14T20:30;82;kWh;-59;144;0;0;203;85
2024-08-14T20:30;2024-08-14T20:45;83;kWh;0;15546;0;0;15546;15546
2024-08-14T20:45;2024-08-14T21:00;84;kWh;0;29059;0;0;29059;29059
2024-08-14T21:00;2024-08-14T21:15;85;kWh;0;34780;0;0;34780;34780
2024-08-14T21:15;2024-08-14T21:30;86;kWh;0;53481;0;0;53481;53481
2024-08-14T21:30;2024-08-14T21:45;87;kWh;0;45644;0;0;45644;45644
2024-08-14T21:45;2024-08-14T22:00;88;kWh;0;2335;0;0;2335;2335
2024-08-14T22:00;2024-08-14T22:15;89;kWh;-9125;0;0;0;9125;-9125
2024-08-14T22:15;2024-08-14T22:30;90;kWh;-12699;0;0;0;12699;-12699
2024-08-14T22:30;2024-08-14T22:45;91;kWh;-3085;0;0;0;3085;-3085
2024-08-14T22:45;2024-08-14T23:00;92;kWh;-937;126;0;0;1063;-811
2024-08-14T23:00;2024-08-14T23:15;93;kWh;0;4759;0;0;4759;4759
2024-08-14T23:15;2024-08-14T23:30;94;kWh;0;43925;0;0;43925;43925
2024-08-14T23:30;2024-08-14T23:45;95;kWh;0;37754;0;0;37754;37754
2024-08-14T23:45;2024-08-15T00:00;96;kWh;0;24318;0;0;24318;24318
2024-08-15T00:00;2024-08-15T00:15;1;kWh;0;37011;0;0;37011;37011
2024-08-15T00:15;2024-08-15T00:30;2;kWh;0;17798;0;0;17798;17798
2024-08-15T00:30;2024-08-15T00:45;3;kWh;0;1524;0;0;1524;1524
2024-08-15T00:45;2024-08-15T01:00;4;kWh;0;169;0;0;169;169
2024-08-15T01:00;2024-08-15T01:15;5;kWh;0;2973;0;0;2973;2973
2024-08-15T01:15;2024-08-15T01:30;6;kWh;0;25838;0;0;25838;25838
2024-08-15T01:30;2024-08-15T01:45;7;kWh;0;26205;0;0;26205;26205
2024-08-15T01:45;2024-08-15T02:00;8;kWh;0;30100;0;0;30100;30100
2024-08-15T02:00;2024-08-15T02:15;9;kWh;0;24001;0;0;24001;24001
2024-08-15T02:15;2024-08-15T02:30;10;kWh;0;37398;0;0;37398;37398
2024-08-15T02:30;2024-08-15T02:45;11;kWh;0;20991;0;0;20991;20991
2024-08-15T02:45;2024-08-15T03:00;12;kWh;0;7707;0;0;7707;7707
2024-08-15T03:00;2024-08-15T03:15;13;kWh;0;3695;0;0;3695;3695
2024-08-15T03:15;2024-08-15T03:30;14;kWh;0;3152;0;0;3152;3152
2024-08-15T03:30;2024-08-15T03:45;15;kWh;0;10353;0;0;10353;10353
2024-08-15T03:45;2024-08-15T04:00;16;kWh;0;17021;0;0;17021;17021
2024-08-15T04:00;2024-08-15T04:15;17;kWh;0;6717;0;0;6717;6717
2024-08-15T04:15;2024-08-15T04:30;18;kWh;0;1439;0;0;1439;1439
2024-08-15T04:30;2024-08-15T04:45;19;kWh;0;198;0;0;198;198
2024-08-15T04:45;2024-08-15T05:00;20;kWh;0;0;0;0;0;0
2024-08-15T05:00;2024-08-15T05:15;21;kWh;0;0;0;0;0;0
2024-08-15T05:15;2024-08-15T05:30;22;kWh;0;3536;0;0;3536;3536
2024-08-15T05:30;2024-08-15T05:45;23;kWh;0;21271;0;0;21271;21271
2024-08-15T05:45;2024-08-15T06:00;24;kWh;0;55276;0;0;55276;55276
2024-08-15T06:00;2024-08-15T06:15;25;kWh;0;73076;0;0;73076;73076
2024-08-15T06:15;2024-08-15T06:30;26;kWh;0;61796;0;0;61796;61796
2024-08-15T06:30;2024-08-15T06:45;27;kWh;0;46382;0;0;46382;46382
2024-08-15T06:45;2024-08-15T07:00;28;kWh;0;53917;0;0;53917;53917
2024-08-15T07:00;2024-08-15T07:15;29;kWh;0;16270;0;0;16270;16270
2024-08-15T07:15;2024-08-15T07:30;30;kWh;0;1768;0;0;1768;1768
2024-08-15T07:30;2024-08-15T07:45;31;kWh;0;7521;0;0;7521;7521
2024-08-15T07:45;2024-08-15T08:00;32;kWh;0;4120;0;0;4120;4120
2024-08-15T08:00;2024-08-15T08:15;33;kWh;0;30231;0;0;30231;30231
2024-08-15T08:15;2024-08-15T08:30;34;kWh;0;78100;0;0;78100;78100
2024-08-15T08:30;2024-08-15T08:45;35;kWh;0;49428;0;0;49428;49428
2024-08-15T08:45;2024-08-15T09:00;36;kWh;0;28388;0;0;28388;28388
2024-08-15T09:00;2024-08-15T09:15;37;kWh;0;8457;0;0;8457;8457
2024-08-15T09:15;2024-08-15T09:30;38;kWh;0;246;0;0;246;246
2024-08-15T09:30;2024-08-15T09:45;39;kWh;0;6494;0;0;6494;6494
2024-08-15T09:45;2024-08-15T10:00;40;kWh;-22053;0;0;0;22053;-22053
2024-08-15T10:00;2024-08-15T10:15;41;kWh;-1302;3143;0;0;4445;1841
2024-08-15T10:15;2024-08-15T10:30;42;kWh;-3822;19534;0;0;23356;15712
2024-08-15T10:30;2024-08-15T10:45;43;kWh;-10875;916;0;0;11791;-9959
2024-08-15T10:45;2024-08-15T11:00;44;kWh;-6831;2;0;0;6833;-6829
2024-08-15T11:00;2024-08-15T11:15;45;kWh;0;45125;0;0;45125;45125
2024-08-15T11:15;2024-08-15T11:30;46;kWh;0;35496;0;0;35496;35496
2024-08-15T11:30;2024-08-15T11:45;47;kWh;-18108;0;0;0;18108;-18108
2024-08-15T11:45;2024-08-15T12:00;48;kWh;-14768;0;0;0;14768;-14768
2024-08-15T12:00;2024-08-15T12:15;49;kWh;-22940;0;0;0;22940;-22940
2024-08-15T12:15;2024-08-15T12:30;50;kWh;-14898;0;0;0;14898;-14898
2024-08-15T12:30;2024-08-15T12:45;51;kWh;-22980;0;0;0;22980;-22980
2024-08-15T12:45;2024-08-15T13:00;52;kWh;-39758;0;0;0;39758;-39758
2024-08-15T13:00;2024-08-15T13:15;53;kWh;-1964;0;0;0;1964;-1964
2024-08-15T13:15;2024-08-15T13:30;54;kWh;-9613;0;0;0;9613;-9613
2024-08-15T13:30;2024-08-15T13:45;55;kWh;-20122;0;0;0;20122;-20122
2024-08-15T13:45;2024-08-15T14:00;56;kWh;-24172;1210;0;0;25382;-22962
2024-08-15T14:00;2024-08-15T14:15;57;kWh;-4200;2522;0;0;6722;-1678
2024-08-15T14:15;2024-08-15T14:30;58;kWh;-2975;0;0;0;2975;-2975
2024-08-15T14:30;2024-08-15T14:45;59;kWh;-11277;0;0;0;11277;-11277
2024-08-15T14:45;2024-08-15T15:00;60;kWh;-4224;61;0;0;4285;-4163
2024-08-15T15:00;2024-08-15T15:15;61;kWh;-19743;0;0;0;19743;-19743
2024-08-15T15:15;2024-08-15T15:30;62;kWh;-6911;78;0;0;6989;-6833
2024-08-15T15:30;2024-08-15T15:45;63;kWh;-16284;87;0;0;16371;-16197
2024-08-15T15:45;2024-08-15T16:00;64;kWh;-15786;0;0;0;15786;-15786
2024-08-15T16:00;2024-08-15T16:15;65;kWh;-29363;9523;0;0;38886;-19840
2024-08-15T16:15;2024-08-15T16:30;66;kWh;-38626;3605;0;0;42231;-35021
2024-08-15T16:30;2024-08-15T16:45;67;kWh;-32926;5591;0;0;38517;-27335
2024-08-15T16:45;2024-08-15T17:00;68;kWh;-27233;630;0;0;27863;-26603
2024-08-15T17:00;2024-08-15T17:15;69;kWh;-65009;433;0;0;65442;-64576
2024-08-15T17:15;2024-08-15T17:30;70;kWh;-51649;830;0;0;52479;-50819
2024-08-15T17:30;2024-08-15T17:45;71;kWh;-28880;8738;0;0;37618;-20142
2024-08-15T17:45;2024-08-15T18:00;72;kWh;-11410;8123;0;0;19533;-3287
2024-08-15T18:00;2024-08-15T18:15;73;kWh;-11596;1161;0;0;12757;-10435
2024-08-15T18:15;2024-08-15T18:30;74;kWh;-20621;7435;0;0;28056;-13186
2024-08-15T18:30;2024-08-15T18:45;75;kWh;-15531;4351;0;0;19882;-11180
2024-08-15T18:45;2024-08-15T19:00;76;kWh;-15529;11821;0;0;27350;-3708
2024-08-15T19:00;2024-08-15T19:15;77;kWh;-319;5722;0;0;6041;5403
2024-08-15T19:15;2024-08-15T19:30;78;kWh;-13890;2958;0;0;16848;-10932
2024-08-15T19:30;2024-08-15T19:45;79;kWh;0;21592;0;0;21592;21592
2024-08-15T19:45;2024-08-15T20:00;80;kWh;0;78926;0;0;78926;78926
2024-08-15T20:00;2024-08-15T20:15;81;kWh;-1983;11922;0;0;13905;9939
2024-08-15T20:15;2024-08-15T20:30;82;kWh;-230;24242;0;0;24472;24012
2024-08-15T20:30;2024-08-15T20:45;83;kWh;0;51305;0;0;51305;51305
2024-08-15T20:45;2024-08-15T21:00;84;kWh;0;42849;0;0;42849;42849
2024-08-15T21:00;2024-08-15T21:15;85;kWh;-12371;2260;0;0;14631;-10111
2024-08-15T21:15;2024-08-15T21:30;86;kWh;-32993;0;0;0;32993;-32993
2024-08-15T21:30;2024-08-15T21:45;87;kWh;-31610;0;0;0;31610;-31610
2024-08-15T21:45;2024-08-15T22:00;88;kWh;-44463;0;0;0;44463;-44463
2024-08-15T22:00;2024-08-15T22:15;89;kWh;-4548;759;0;0;5307;-3789
2024-08-15T22:15;2024-08-15T22:30;90;kWh;-11863;18;0;0;11881;-11845
2024-08-15T22:30;2024-08-15T22:45;91;kWh;-13444;0;0;0;13444;-13444
2024-08-15T22:45;2024-08-15T23:00;92;kWh;-19930;0;0;0;19930;-19930
2024-08-15T23:00;2024-08-15T23:15;93;kWh;-14559;5268;0;0;19827;-9291
2024-08-15T23:15;2024-08-15T23:30;94;kWh;0;10975;0;0;10975;10975
2024-08-15T23:30;2024-08-15T23:45;95;kWh;0;23631;0;0;23631;23631
2024-08-15T23:45;2024-08-16T00:00;96;kWh;-269;27557;0;0;27826;27288
2024-08-16T00:00;2024-08-16T00:15;1;kWh;-6430;2122;0;0;8552;-4308
2024-08-16T00:15;2024-08-16T00:30;2;kWh;0;34793;0;0;34793;34793
2024-08-16T00:30;2024-08-16T00:45;3;kWh;0;53765;0;0;53765;53765
2024-08-16T00:45;2024-08-16T01:00;4;kWh;0;60622;0;0;60622;60622
2024-08-16T01:00;2024-08-16T01:15;5;kWh;0;6476;0;0;6476;6476
2024-08-16T01:15;2024-08-16T01:30;6;kWh;0;10398;0;0;10398;10398
2024-08-16T01:30;2024-08-16T01:45;7;kWh;0;28205;0;0;28205;28205
2024-08-16T01:45;2024-08-16T02:00;8;kWh;0;46402;0;0;46402;46402
2024-08-16T02:00;2024-08-16T02:15;9;kWh;0;52946;0;0;52946;52946
2024-08-16T02:15;2024-08-16T02:30;10;kWh;0;62227;0;0;62227;62227
2024-08-16T02:30;2024-08-16T02:45;11;kWh;0;98748;0;0;98748;98748
2024-08-16T02:45;2024-08-16T03:00;12;kWh;0;95737;0;0;95737;95737
2024-08-16T03:00;2024-08-16T03:15;13;kWh;0;18627;0;0;18627;18627
2024-08-16T03:15;2024-08-16T03:30;14;kWh;0;10834;0;0;10834;10834
2024-08-16T03:30;2024-08-16T03:45;15;kWh;0;21327;0;0;21327;21327
2024-08-16T03:45;2024-08-16T04:00;16;kWh;0;28489;0;0;28489;28489
2024-08-16T04:00;2024-08-16T04:15;17;kWh;-653;180;0;0;833;-473
2024-08-16T04:15;2024-08-16T04:30;18;kWh;-3487;0;0;0;3487;-3487
2024-08-16T04:30;2024-08-16T04:45;19;kWh;-1803;0;0;0;1803;-1803
2024-08-16T04:45;2024-08-16T05:00;20;kWh;-14;0;0;0;14;-14
2024-08-16T05:00;2024-08-16T05:15;21;kWh;0;21203;0;0;21203;21203
2024-08-16T05:15;2024-08-16T05:30;22;kWh;0;24231;0;0;24231;24231
2024-08-16T05:30;2024-08-16T05:45;23;kWh;0;14791;0;0;14791;14791
2024-08-16T05:45;2024-08-16T06:00;24;kWh;0;5423;0;0;5423;5423
2024-08-16T06:00;2024-08-16T06:15;25;kWh;0;17677;0;0;17677;17677
2024-08-16T06:15;2024-08-16T06:30;26;kWh;0;17957;0;0;17957;17957
2024-08-16T06:30;2024-08-16T06:45;27;kWh;0;10491;0;0;10491;10491
2024-08-16T06:45;2024-08-16T07:00;28;kWh;0;37283;0;0;37283;37283
2024-08-16T07:00;2024-08-16T07:15;29;kWh;-10535;3003;0;0;13538;-7532
2024-08-16T07:15;2024-08-16T07:30;30;kWh;0;3247;0;0;3247;3247
2024-08-16T07:30;2024-08-16T07:45;31;kWh;0;20497;0;0;20497;20497
2024-08-16T07:45;2024-08-16T08:00;32;kWh;-1380;12821;0;0;14201;11441
2024-08-16T08:00;2024-08-16T08:15;33;kWh;-54011;10;0;0;54021;-54001
2024-08-16T08:15;2024-08-16T08:30;34;kWh;-72730;0;0;0;72730;-72730
2024-08-16T08:30;2024-08-16T08:45;35;kWh;-78067;0;0;0;78067;-78067
2024-08-16T08:45;2024-08-16T09:00;36;kWh;-80964;0;0;0;80964;-80964
2024-08-16T09:00;2024-08-16T09:15;37;kWh;-27876;0;0;0;27876;-27876
2024-08-16T09:15;2024-08-16T09:30;38;kWh;-21127;0;0;0;21127;-21127
2024-08-16T09:30;2024-08-16T09:45;39;kWh;-25660;0;0;0;25660;-25660
2024-08-16T09:45;2024-08-16T10:00;40;kWh;-65108;0;0;0;65108;-65108
2024-08-16T10:00;2024-08-16T10:15;41;kWh;-16255;0;0;0;16255;-16255
2024-08-16T10:15;2024-08-16T10:30;42;kWh;-33937;0;0;0;33937;-33937
2024-08-16T10:30;2024-08-16T10:45;43;kWh;-59911;0;0;0;59911;-59911
2024-08-16T10:45;2024-08-16T11:00;44;kWh;-32658;0;0;0;32658;-32658
2024-08-16T11:00;2024-08-16T11:15;45;kWh;-34730;0;0;0;34730;-34730
2024-08-16T11:15;2024-08-16T11:30;46;kWh;-11656;0;0;0;11656;-11656
2024-08-16T11:30;2024-08-16T11:45;47;kWh;-5019;0;0;0;5019;-5019
2024-08-16T11:45;2024-08-16T12:00;48;kWh;-1065;0;0;0;1065;-1065
2024-08-16T12:00;2024-08-16T12:15;49;kWh;0;3955;0;0;3955;3955
2024-08-16T12:15;2024-08-16T12:30;50;kWh;0;21054;0;0;21054;21054
2024-08-16T12:30;2024-08-16T12:45;51;kWh;0;40632;0;0;40632;40632
2024-08-16T12:45;2024-08-16T13:00;52;kWh;0;36356;0;0;36356;36356
2024-08-16T13:00;2024-08-16T13:15;53;kWh;0;73;0;0;73;73
2024-08-16T13:15;2024-08-16T13:30;54;kWh;-237;0;0;0;237;-237
2024-08-16T13:30;2024-08-16T13:45;55;kWh;-5967;0;0;0;5967;-5967
2024-08-16T13:45;2024-08-16T14:00;56;kWh;-2965;19;0;0;2984;-2946
2024-08-16T14:00;2024-08-16T14:15;57;kWh;-4645;47;0;0;4692;-4598
2024-08-16T14:15;2024-08-16T14:30;58;kWh;0;0;0;0;0;0
2024-08-16T14:30;2024-08-16T14:45;59;kWh;0;3581;0;0;3581;3581
2024-08-16T14:45;2024-08-16T15:00;60;kWh;0;3270;0;0;3270;3270
2024-08-16T15:00;2024-08-16T15:15;61;kWh;0;52925;0;0;52925;52925
2024-08-16T15:15;2024-08-16T15:30;62;kWh;0;47624;0;0;47624;47624
2024-08-16T15:30;2024-08-16T15:45;63;kWh;0;29029;0;0;29029;29029
2024-08-16T15:45;2024-08-16T16:00;64;kWh;0;33195;0;0;33195;33195
2024-08-16T16:00;2024-08-16T16:15;65;kWh;-1000;3775;0;0;4775;2775
2024-08-16T16:15;2024-08-16T16:30;66;kWh;0;3004;0;0;3004;3004
2024-08-16T16:30;2024-08-16T16:45;67;kWh;0;318;0;0;318;318
2024-08-16T16:45;2024-08-16T17:00;68;kWh;0;9047;0;0;9047;9047
2024-08-16T17:00;2024-08-16T17:15;69;kWh;0;82498;0;0;82498;82498
2024-08-16T17:15;2024-08-16T17:30;70;kWh;0;22784;0;0;22784;22784
2024-08-16T17:30;2024-08-16T17:45;71;kWh;0;14118;0;0;14118;14118
2024-08-16T17:45;2024-08-16T18:00;72;kWh;-260;0;0;0;260;-260
2024-08-16T18:00;2024-08-16T18:15;73;kWh;0;625;0;0;625;625
2024-08-16T18:15;2024-08-16T18:30;74;kWh;-833;0;0;0;833;-833
2024-08-16T18:30;2024-08-16T18:45;75;kWh;-1440;0;0;0;1440;-1440
2024-08-16T18:45;2024-08-16T19:00;76;kWh;-199;0;0;0;199;-199
2024-08-16T19:00;2024-08-16T19:15;77;kWh;0;12628;0;0;12628;12628
2024-08-16T19:15;2024-08-16T19:30;78;kWh;0;21714;0;0;21714;21714
2024-08-16T19:30;2024-08-16T19:45;79;kWh;0;31977;0;0;31977;31977
2024-08-16T19:45;2024-08-16T20:00;80;kWh;0;75204;0;0;75204;75204
2024-08-16T20:00;2024-08-16T20:15;81;kWh;0;17458;0;0;17458;17458
2024-08-16T20:15;2024-08-16T20:30;82;kWh;0;3746;0;0;3746;3746
2024-08-16T20:30;2024-08-16T20:45;83;kWh;0;8670;0;0;8670;8670
2024-08-16T20:45;2024-08-16T21:00;84;kWh;0;9992;0;0;9992;9992
2024-08-16T21:00;2024-08-16T21:15;85;kWh;0;22996;0;0;22996;22996
2024-08-16T21:15;2024-08-16T21:30;86;kWh;0;29815;0;0;29815;29815
2024-08-16T21:30;2024-08-16T21:45;87;kWh;-66;11538;0;0;11604;11472
2024-08-16T21:45;2024-08-16T22:00;88;kWh;-8998;0;0;0;8998;-8998
2024-08-16T22:00;2024-08-16T22:15;89;kWh;-6753;2163;0;0;8916;-4590
2024-08-16T22:15;2024-08-16T22:30;90;kWh;0;3591;0;0;3591;3591
2024-08-16T22:30;2024-08-16T22:45;91;kWh;0;286;0;0;286;286
2024-08-16T22:45;2024-08-16T23:00;92;kWh;-36;4;0;0;40;-32
2024-08-16T23:00;2024-08-16T23:15;93;kWh;0;16948;0;0;16948;16948
2024-08-16T23:15;2024-08-16T23:30;94;kWh;0;20597;0;0;20597;20597
2024-08-16T23:30;2024-08-16T23:45;95;kWh;0;1199;0;0;1199;1199
2024-08-16T23:45;2024-08-17T00:00;96;kWh;0;0;0;0;0;0
2024-08-17T00:00;2024-08-17T00:15;1;kWh;0;1359;0;0;1359;1359
2024-08-17T00:15;2024-08-17T00:30;2;kWh;0;2652;0;0;2652;2652
2024-08-17T00:30;2024-08-17T00:45;3;kWh;0;0;0;0;0;0
2024-08-17T00:45;2024-08-17T01:00;4;kWh;0;1209;0;0;1209;1209
2024-08-17T01:00;2024-08-17T01:15;5;kWh;0;56;0;0;56;56
2024-08-17T01:15;2024-08-17T01:30;6;kWh;0;0;0;0;0;0
2024-08-17T01:30;2024-08-17T01:45;7;kWh;0;0;0;0;0;0
2024-08-17T01:45;2024-08-17T02:00;8;kWh;0;1652;0;0;1652;1652
2024-08-17T02:00;2024-08-17T02:15;9;kWh;0;8618;0;0;8618;8618
2024-08-17T02:15;2024-08-17T02:30;10;kWh;0;6487;0;0;6487;6487
2024-08-17T02:30;2024-08-17T02:45;11;kWh;0;18522;0;0;18522;18522
2024-08-17T02:45;2024-08-17T03:00;12;kWh;0;1743;0;0;1743;1743
2024-08-17T03:00;2024-08-17T03:15;13;kWh;0;17039;0;0;17039;17039
2024-08-17T03:15;2024-08-17T03:30;14;kWh;0;23163;0;0;23163;23163
2024-08-17T03:30;2024-08-17T03:45;15;kWh;0;10982;0;0;10982;10982
2024-08-17T03:45;2024-08-17T04:00;16;kWh;0;7190;0;0;7190;7190
2024-08-17T04:00;2024-08-17T04:15;17;kWh;0;8818;0;0;8818;8818
2024-08-17T04:15;2024-08-17T04:30;18;kWh;0;20057;0;0;20057;20057
2024-08-17T04:30;2024-08-17T04:45;19;kWh;0;7898;0;0;7898;7898
2024-08-17T04:45;2024-08-17T05:00;20;kWh;0;7070;0;0;7070;7070
2024-08-17T05:00;2024-08-17T05:15;21;kWh;0;1631;0;0;1631;1631
2024-08-17T05:15;2024-08-17T05:30;22;kWh;0;13942;0;0;13942;13942
2024-08-17T05:30;2024-08-17T05:45;23;kWh;0;23427;0;0;23427;23427
2024-08-17T05:45;2024-08-17T06:00;24;kWh;0;4648;0;0;4648;4648
2024-08-17T06:00;2024-08-17T06:15;25;kWh;0;546;0;0;546;546
2024-08-17T06:15;2024-08-17T06:30;26;kWh;0;2055;0;0;2055;2055
2024-08-17T06:30;2024-08-17T06:45;27;kWh;0;877;0;0;877;877
2024-08-17T06:45;2024-08-17T07:00;28;kWh;-1340;0;0;0;1340;-1340
2024-08-17T07:00;2024-08-17T07:15;29;kWh;-2254;0;0;0;2254;-2254
2024-08-17T07:15;2024-08-17T07:30;30;kWh;-868;0;0;0;868;-868
2024-08-17T07:30;2024-08-17T07:45;31;kWh;-11903;0;0;0;11903;-11903
2024-08-17T07:45;2024-08-17T08:00;32;kWh;-21279;0;0;0;21279;-21279
2024-08-17T08:00;2024-08-17T08:15;33;kWh;-11129;38;0;0;11167;-11091
2024-08-17T08:15;2024-08-17T08:30;34;kWh;-14970;0;0;0;14970;-14970
2024-08-17T08:30;2024-08-17T08:45;35;kWh;-44728;0;0;0;44728;-44728
2024-08-17T08:45;2024-08-17T09:00;36;kWh;-43488;0;0;0;43488;-43488
2024-08-17T09:00;2024-08-17T09:15;37;kWh;-15272;0;0;0;15272;-15272
2024-08-17T09:15;2024-08-17T09:30;38;kWh;-19702;0;0;0;19702;-19702
2024-08-17T09:30;2024-08-17T09:45;39;kWh;-31670;0;0;0;31670;-31670
2024-08-17T09:45;2024-08-17T10:00;40;kWh;-55897;0;0;0;55897;-55897
2024-08-17T10:00;2024-08-17T10:15;41;kWh;-23837;0;0;0;23837;-23837
2024-08-17T10:15;2024-08-17T10:30;42;kWh;-15137;0;0;0;15137;-15137
2024-08-17T10:30;2024-08-17T10:45;43;kWh;-34769;0;0;0;34769;-34769
2024-08-17T10:45;2024-08-17T11:00;44;kWh;-34693;0;0;0;34693;-34693
2024-08-17T11:00;2024-08-17T11:15;45;kWh;-8493;1;0;0;8494;-8492
2024-08-17T11:15;2024-08-17T11:30;46;kWh;-4748;0;0;0;4748;-4748
2024-08-17T11:30;2024-08-17T11:45;47;kWh;-6884;0;0;0;6884;-6884
2024-08-17T11:45;2024-08-17T12:00;48;kWh;-17495;0;0;0;17495;-17495
2024-08-17T12:00;2024-08-17T12:15;49;kWh;-3318;0;0;0;3318;-3318
2024-08-17T12:15;2024-08-17T12:30;50;kWh;-285;0;0;0;285;-285
2024-08-17T12:30;2024-08-17T12:45;51;kWh;-1628;0;0;0;1628;-1628
2024-08-17T12:45;2024-08-17T13:00;52;kWh;-4250;0;0;0;4250;-4250
2024-08-17T13:00;2024-08-17T13:15;53;kWh;-9656;0;0;0;9656;-9656
2024-08-17T13:15;2024-08-17T13:30;54;kWh;-23074;0;0;0;23074;-23074
2024-08-17T13:30;2024-08-17T13:45;55;kWh;-29219;0;0;0;29219;-29219
2024-08-17T13:45;2024-08-17T14:00;56;kWh;-33184;0;0;0;33184;-33184
2024-08-17T14:00;2024-08-17T14:15;57;kWh;-22347;0;0;0;22347;-22347
2024-08-17T14:15;2024-08-17T14:30;58;kWh;-23727;0;0;0;23727;-23727
2024-08-17T14:30;2024-08-17T14:45;59;kWh;-29184;0;0;0;29184;-29184
2024-08-17T14:45;2024-08-17T15:00;60;kWh;-28530;0;0;0;28530;-28530
2024-08-17T15:00;2024-08-17T15:15;61;kWh;-23228;0;0;0;23228;-23228
2024-08-17T15:15;2024-08-17T15:30;62;kWh;-20015;0;0;0;20015;-20015
2024-08-17T15:30;2024-08-17T15:45;63;kWh;-11809;0;0;0;11809;-11809
2024-08-17T15:45;2024-08-17T16:00;64;kWh;-11673;0;0;0;11673;-11673
2024-08-17T16:00;2024-08-17T16:15;65;kWh;-34518;0;0;0;34518;-34518
2024-08-17T16:15;2024-08-17T16:30;66;kWh;-19669;0;0;0;19669;-19669
2024-08-17T16:30;2024-08-17T16:45;67;kWh;-400;0;0;0;400;-400
2024-08-17T16:45;2024-08-17T17:00;68;kWh;0;1764;0;0;1764;1764
2024-08-17T17:00;2024-08-17T17:15;69;kWh;-20515;246;0;0;20761;-20269
2024-08-17T17:15;2024-08-17T17:30;70;kWh;-27530;0;0;0;27530;-27530
2024-08-17T17:30;2024-08-17T17:45;71;kWh;-6123;0;0;0;6123;-6123
2024-08-17T17:45;2024-08-17T18:00;72;kWh;-164;0;0;0;164;-164
2024-08-17T18:00;2024-08-17T18:15;73;kWh;-7651;0;0;0;7651;-7651
2024-08-17T18:15;2024-08-17T18:30;74;kWh;-3735;0;0;0;3735;-3735
2024-08-17T18:30;2024-08-17T18:45;75;kWh;-10962;0;0;0;10962;-10962
2024-08-17T18:45;2024-08-17T19:00;76;kWh;-16;0;0;0;16;-16
2024-08-17T19:00;2024-08-17T19:15;77;kWh;-26879;0;0;0;26879;-26879
2024-08-17T19:15;2024-08-17T19:30;78;kWh;-27484;0;0;0;27484;-27484
2024-08-17T19:30;2024-08-17T19:45;79;kWh;-3533;0;0;0;3533;-3533
2024-08-17T19:45;2024-08-17T20:00;80;kWh;0;15;0;0;15;15
2024-08-17T20:00;2024-08-17T20:15;81;kWh;0;916;0;0;916;916
2024-08-17T20:15;2024-08-17T20:30;82;kWh;0;2013;0;0;2013;2013
2024-08-17T20:30;2024-08-17T20:45;83;kWh;0;13429;0;0;13429;13429
2024-08-17T20:45;2024-08-17T21:00;84;kWh;0;27099;0;0;27099;27099
2024-08-17T21:00;2024-08-17T21:15;85;kWh;0;31262;0;0;31262;31262
2024-08-17T21:15;2024-08-17T21:30;86;kWh;0;34820;0;0;34820;34820
2024-08-17T21:30;2024-08-17T21:45;87;kWh;0;14259;0;0;14259;14259
2024-08-17T21:45;2024-08-17T22:00;88;kWh;0;8172;0;0;8172;8172
2024-08-17T22:00;2024-08-17T22:15;89;kWh;0;26302;0;0;26302;26302
2024-08-17T22:15;2024-08-17T22:30;90;kWh;0;2912;0;0;2912;2912
2024-08-17T22:30;2024-08-17T22:45;91;kWh;0;1447;0;0;1447;1447
2024-08-17T22:45;2024-08-17T23:00;92;kWh;0;105;0;0;105;105
2024-08-17T23:00;2024-08-17T23:15;93;kWh;-74;0;0;0;74;-74
2024-08-17T23:15;2024-08-17T23:30;94;kWh;-1308;0;0;0;1308;-1308
2024-08-17T23:30;2024-08-17T23:45;95;kWh;-1490;0;0;0;1490;-1490
2024-08-17T23:45;2024-08-18T00:00;96;kWh;-249;601;0;0;850;352
2024-08-18T00:00;2024-08-18T00:15;1;kWh;-1030;0;0;0;1030;-1030
2024-08-18T00:15;2024-08-18T00:30;2;kWh;0;1404;0;0;1404;1404
2024-08-18T00:30;2024-08-18T00:45;3;kWh;0;3832;0;0;3832;3832
2024-08-18T00:45;2024-08-18T01:00;4;kWh;0;1151;0;0;1151;1151
2024-08-18T01:00;2024-08-18T01:15;5;kWh;0;1361;0;0;1361;1361
2024-08-18T01:15;2024-08-18T01:30;6;kWh;-968;0;0;0;968;-968
2024-08-18T01:30;2024-08-18T01:45;7;kWh;-4249;0;0;0;4249;-4249
2024-08-18T01:45;2024-08-18T02:00;8;kWh;-926;0;0;0;926;-926
2024-08-18T02:00;2024-08-18T02:15;9;kWh;0;2964;0;0;2964;2964
2024-08-18T02:15;2024-08-18T02:30;10;kWh;0;2885;0;0;2885;2885
2024-08-18T02:30;2024-08-18T02:45;11;kWh;0;772;0;0;772;772
2024-08-18T02:45;2024-08-18T03:00;12;kWh;0;10968;0;0;10968;10968
2024-08-18T03:00;2024-08-18T03:15;13;kWh;0;4130;0;0;4130;4130
2024-08-18T03:15;2024-08-18T03:30;14;kWh;0;9626;0;0;9626;9626
2024-08-18T03:30;2024-08-18T03:45;15;kWh;0;10927;0;0;10927;10927
2024-08-18T03:45;2024-08-18T04:00;16;kWh;0;10691;0;0;10691;10691
2024-08-18T04:00;2024-08-18T04:15;17;kWh;0;21093;0;0;21093;21093
2024-08-18T04:15;2024-08-18T04:30;18;kWh;0;23901;0;0;23901;23901
2024-08-18T04:30;2024-08-18T04:45;19;kWh;0;21482;0;0;21482;21482
2024-08-18T04:45;2024-08-18T05:00;20;kWh;0;14544;0;0;14544;14544
2024-08-18T05:00;2024-08-18T05:15;21;kWh;0;21444;0;0;21444;21444
2024-08-18T05:15;2024-08-18T05:30;22;kWh;0;34435;0;0;34435;34435
2024-08-18T05:30;2024-08-18T05:45;23;kWh;0;32180;0;0;32180;32180
2024-08-18T05:45;2024-08-18T06:00;24;kWh;0;17385;0;0;17385;17385
2024-08-18T06:00;2024-08-18T06:15;25;kWh;0;3964;0;0;3964;3964
2024-08-18T06:15;2024-08-18T06:30;26;kWh;0;29683;0;0;29683;29683
2024-08-18T06:30;2024-08-18T06:45;27;kWh;0;40628;0;0;40628;40628
2024-08-18T06:45;2024-08-18T07:00;28;kWh;0;59577;0;0;59577;59577
2024-08-18T07:00;2024-08-18T07:15;29;kWh;0;61719;0;0;61719;61719
2024-08-18T07:15;2024-08-18T07:30;30;kWh;0;39911;0;0;39911;39911
2024-08-18T07:30;2024-08-18T07:45;31;kWh;0;41290;0;0;41290;41290
2024-08-18T07:45;2024-08-18T08:00;32;kWh;0;13577;0;0;13577;13577
2024-08-18T08:00;2024-08-18T08:15;33;kWh;0;6680;0;0;6680;6680
2024-08-18T08:15;2024-08-18T08:30;34;kWh;-990;5029;0;0;6019;4039
2024-08-18T08:30;2024-08-18T08:45;35;kWh;-18806;0;0;0;18806;-18806
2024-08-18T08:45;2024-08-18T09:00;36;kWh;-27807;0;0;0;27807;-27807
2024-08-18T09:00;2024-08-18T09:15;37;kWh;-377;28844;0;0;29221;28467
2024-08-18T09:15;2024-08-18T09:30;38;kWh;-1913;1217;0;0;3130;-696
2024-08-18T09:30;2024-08-18T09:45;39;kWh;-18610;0;0;0;18610;-18610
2024-08-18T09:45;2024-08-18T10:00;40;kWh;-40428;19;0;0;40447;-40409
2024-08-18T10:00;2024-08-18T10:15;41;kWh;-590;59846;0;0;60436;59256
2024-08-18T10:15;2024-08-18T10:30;42;kWh;-3958;1059;0;0;5017;-2899
2024-08-18T10:30;2024-08-18T10:45;43;kWh;-1031;0;0;0;1031;-1031
2024-08-18T10:45;2024-08-18T11:00;44;kWh;-490;778;0;0;1268;288
2024-08-18T11:00;2024-08-18T11:15;45;kWh;0;31250;0;0;31250;31250
2024-08-18T11:15;2024-08-18T11:30;46;kWh;-4033;0;0;0;4033;-4033
2024-08-18T11:30;2024-08-18T11:45;47;kWh;-1653;0;0;0;1653;-1653
2024-08-18T11:45;2024-08-18T12:00;48;kWh;0;0;0;0;0;0
2024-08-18T12:00;2024-08-18T12:15;49;kWh;-3596;1155;0;0;4751;-2441
2024-08-18T12:15;2024-08-18T12:30;50;kWh;-2972;358;0;0;3330;-2614
2024-08-18T12:30;2024-08-18T12:45;51;kWh;-4;1330;0;0;1334;1326
2024-08-18T12:45;2024-08-18T13:00;52;kWh;0;164;0;0;164;164
2024-08-18T13:00;2024-08-18T13:15;53;kWh;0;21186;0;0;21186;21186
2024-08-18T13:15;2024-08-18T13:30;54;kWh;0;5709;0;0;5709;5709
2024-08-18T13:30;2024-08-18T13:45;55;kWh;-2952;2374;0;0;5326;-578
2024-08-18T13:45;2024-08-18T14:00;56;kWh;-6915;0;0;0;6915;-6915
2024-08-18T14:00;2024-08-18T14:15;57;kWh;-11588;303;0;0;11891;-11285
2024-08-18T14:15;2024-08-18T14:30;58;kWh;0;727;0;0;727;727
2024-08-18T14:30;2024-08-18T14:45;59;kWh;-1037;134;0;0;1171;-903
2024-08-18T14:45;2024-08-18T15:00;60;kWh;-8145;0;0;0;8145;-8145
2024-08-18T15:00;2024-08-18T15:15;61;kWh;-4023;0;0;0;4023;-4023
2024-08-18T15:15;2024-08-18T15:30;62;kWh;-215;1116;0;0;1331;901
2024-08-18T15:30;2024-08-18T15:45;63;kWh;0;5553;0;0;5553;5553
2024-08-18T15:45;2024-08-18T16:00;64;kWh;0;15134;0;0;15134;15134
2024-08-18T16:00;2024-08-18T16:15;65;kWh;-6557;2072;0;0;8629;-4485
2024-08-18T16:15;2024-08-18T16:30;66;kWh;0;2981;0;0;2981;2981
2024-08-18T16:30;2024-08-18T16:45;67;kWh;0;2987;0;0;2987;2987
2024-08-18T16:45;2024-08-18T17:00;68;kWh;-65;1322;0;0;1387;1257
2024-08-18T17:00;2024-08-18T17:15;69;kWh;-18102;140;0;0;18242;-17962
2024-08-18T17:15;2024-08-18T17:30;70;kWh;0;133;0;0;133;133
2024-08-18T17:30;2024-08-18T17:45;71;kWh;0;1113;0;0;1113;1113
2024-08-18T17:45;2024-08-18T18:00;72;kWh;0;17145;0;0;17145;17145
2024-08-18T18:00;2024-08-18T18:15;73;kWh;-17630;199;0;0;17829;-17431
2024-08-18T18:15;2024-08-18T18:30;74;kWh;-12463;408;0;0;12871;-12055
2024-08-18T18:30;2024-08-18T18:45;75;kWh;0;15729;0;0;15729;15729
2024-08-18T18:45;2024-08-18T19:00;76;kWh;0;37365;0;0;37365;37365
2024-08-18T19:00;2024-08-18T19:15;77;kWh;0;7225;0;0;7225;7225
2024-08-18T19:15;2024-08-18T19:30;78;kWh;0;25994;0;0;25994;25994
2024-08-18T19:30;2024-08-18T19:45;79;kWh;0;30219;0;0;30219;30219
2024-08-18T19:45;2024-08-18T20:00;80;kWh;0;50738;0;0;50738;50738
2024-08-18T20:00;2024-08-18T20:15;81;kWh;0;25714;0;0;25714;25714
2024-08-18T20:15;2024-08-18T20:30;82;kWh;0;21026;0;0;21026;21026
2024-08-18T20:30;2024-08-18T20:45;83;kWh;0;16945;0;0;16945;16945
2024-08-18T20:45;2024-08-18T21:00;84;kWh;0;20012;0;0;20012;20012
2024-08-18T21:00;2024-08-18T21:15;85;kWh;-10000;3046;0;0;13046;-6954
2024-08-18T21:15;2024-08-18T21:30;86;kWh;-155;8549;0;0;8704;8394
2024-08-18T21:30;2024-08-18T21:45;87;kWh;0;10659;0;0;10659;10659
2024-08-18T21:45;2024-08-18T22:00;88;kWh;-716;702;0;0;1418;-14
2024-08-18T22:00;2024-08-18T22:15;89;kWh;-374;6249;0;0;6623;5875
2024-08-18T22:15;2024-08-18T22:30;90;kWh;0;321;0;0;321;321
2024-08-18T22:30;2024-08-18T22:45;91;kWh;-1024;0;0;0;1024;-1024
2024-08-18T22:45;2024-08-18T23:00;92;kWh;-22675;0;0;0;22675;-22675
2024-08-18T23:00;2024-08-18T23:15;93;kWh;-10050;4654;0;0;14704;-5396
2024-08-18T23:15;2024-08-18T23:30;94;kWh;-5130;466;0;0;5596;-4664
2024-08-18T23:30;2024-08-18T23:45;95;kWh;-6752;0;0;0;6752;-6752
2024-08-18T23:45;2024-08-19T00:00;96;kWh;-6507;0;0;0;6507;-6507
2024-08-19T00:00;2024-08-19T00:15;1;kWh;-4411;25507;0;0;29918;21096
2024-08-19T00:15;2024-08-19T00:30;2;kWh;0;30415;0;0;30415;30415
2024-08-19T00:30;2024-08-19T00:45;3;kWh;-41;55;0;0;96;14
2024-08-19T00:45;2024-08-19T01:00;4;kWh;0;4;0;0;4;4
2024-08-19T01:00;2024-08-19T01:15;5;kWh;0;11337;0;0;11337;11337
2024-08-19T01:15;2024-08-19T01:30;6;kWh;0;6508;0;0;6508;6508
2024-08-19T01:30;2024-08-19T01:45;7;kWh;0;13;0;0;13;13
2024-08-19T01:45;2024-08-19T02:00;8;kWh;0;46;0;0;46;46
2024-08-19T02:00;2024-08-19T02:15;9;kWh;-313;0;0;0;313;-313
2024-08-19T02:15;2024-08-19T02:30;10;kWh;-3407;0;0;0;3407;-3407
2024-08-19T02:30;2024-08-19T02:45;11;kWh;-7268;0;0;0;7268;-7268
2024-08-19T02:45;2024-08-19T03:00;12;kWh;-25053;0;0;0;25053;-25053
2024-08-19T03:00;2024-08-19T03:15;13;kWh;-13897;0;0;0;13897;-13897
2024-08-19T03:15;2024-08-19T03:30;14;kWh;0;0;0;0;0;0
2024-08-19T03:30;2024-08-19T03:45;15;kWh;0;0;0;0;0;0
2024-08-19T03:45;2024-08-19T04:00;16;kWh;0;0;0;0;0;0
2024-08-19T04:00;2024-08-19T04:15;17;kWh;0;248;0;0;248;248
2024-08-19T04:15;2024-08-19T04:30;18;kWh;0;1023;0;0;1023;1023
2024-08-19T04:30;2024-08-19T04:45;19;kWh;0;590;0;0;590;590
2024-08-19T04:45;2024-08-19T05:00;20;kWh;0;1571;0;0;1571;1571
2024-08-19T05:00;2024-08-19T05:15;21;kWh;-629;23;0;0;652;-606
2024-08-19T05:15;2024-08-19T05:30;22;kWh;0;2724;0;0;2724;2724
2024-08-19T05:30;2024-08-19T05:45;23;kWh;0;1788;0;0;1788;1788
2024-08-19T05:45;2024-08-19T06:00;24;kWh;0;421;0;0;421;421
2024-08-19T06:00;2024-08-19T06:15;25;kWh;-22493;0;0;0;22493;-22493
2024-08-19T06:15;2024-08-19T06:30;26;kWh;-11889;0;0;0;11889;-11889
2024-08-19T06:30;2024-08-19T06:45;27;kWh;-2;0;0;0;2;-2
2024-08-19T06:45;2024-08-19T07:00;28;kWh;0;0;0;0;0;0
2024-08-19T07:00;2024-08-19T07:15;29;kWh;0;5478;0;0;5478;5478
2024-08-19T07:15;2024-08-19T07:30;30;kWh;0;9210;0;0;9210;9210
2024-08-19T07:30;2024-08-19T07:45;31;kWh;0;15891;0;0;15891;15891
2024-08-19T07:45;2024-08-19T08:00;32;kWh;-872;9196;0;0;10068;8324
2024-08-19T08:00;2024-08-19T08:15;33;kWh;-107;26596;0;0;26703;26489
2024-08-19T08:15;2024-08-19T08:30;34;kWh;0;15331;0;0;15331;15331
2024-08-19T08:30;2024-08-19T08:45;35;kWh;-14106;37;0;0;14143;-14069
2024-08-19T08:45;2024-08-19T09:00;36;kWh;-52749;0;0;0;52749;-52749
2024-08-19T09:00;2024-08-19T09:15;37;kWh;-5885;0;0;0;5885;-5885
2024-08-19T09:15;2024-08-19T09:30;38;kWh;-8402;0;0;0;8402;-8402
2024-08-19T09:30;2024-08-19T09:45;39;kWh;-27186;0;0;0;27186;-27186
2024-08-19T09:45;2024-08-19T10:00;40;kWh;-17552;0;0;0;17552;-17552
2024-08-19T10:00;2024-08-19T10:15;41;kWh;-37670;0;0;0;37670;-37670
2024-08-19T10:15;2024-08-19T10:30;42;kWh;-52630;0;0;0;52630;-52630
2024-08-19T10:30;2024-08-19T10:45;43;kWh;-35547;0;0;0;35547;-35547
2024-08-19T10:45;2024-08-19T11:00;44;kWh;-46459;0;0;0;46459;-46459
2024-08-19T11:00;2024-08-19T11:15;45;kWh;-37327;0;0;0;37327;-37327
2024-08-19T11:15;2024-08-19T11:30;46;kWh;-48360;0;0;0;48360;-48360
2024-08-19T11:30;2024-08-19T11:45;47;kWh;-54678;0;0;0;54678;-54678
2024-08-19T11:45;2024-08-19T12:00;48;kWh;-42523;0;0;0;42523;-42523
2024-08-19T12:00;2024-08-19T12:15;49;kWh;-24084;0;0;0;24084;-24084
2024-08-19T12:15;2024-08-19T12:30;50;kWh;-26438;0;0;0;26438;-26438
2024-08-19T12:30;2024-08-19T12:45;51;kWh;-27944;0;0;0;27944;-27944
2024-08-19T12:45;2024-08-19T13:00;52;kWh;-28129;0;0;0;28129;-28129
2024-08-19T13:00;2024-08-19T13:15;53;kWh;-27792;0;0;0;27792;-27792
2024-08-19T13:15;2024-08-19T13:30;54;kWh;-22546;0;0;0;22546;-22546
2024-08-19T13:30;2024-08-19T13:45;55;kWh;-24637;0;0;0;24637;-24637
2024-08-19T13:45;2024-08-19T14:00;56;kWh;-34762;0;0;0;34762;-34762
2024-08-19T14:00;2024-08-19T14:15;57;kWh;-23881;0;0;0;23881;-23881
2024-08-19T14:15;2024-08-19T14:30;58;kWh;-17437;0;0;0;17437;-17437
2024-08-19T14:30;2024-08-19T14:45;59;kWh;-21333;0;0;0;21333;-21333
2024-08-19T14:45;2024-08-19T15:00;60;kWh;-17911;0;0;0;17911;-17911
2024-08-19T15:00;2024-08-19T15:15;61;kWh;-19057;0;0;0;19057;-19057
2024-08-19T15:15;2024-08-19T15:30;62;kWh;-3588;0;0;0;3588;-3588
2024-08-19T15:30;2024-08-19T15:45;63;kWh;-4715;0;0;0;4715;-4715
2024-08-19T15:45;2024-08-19T16:00;64;kWh;0;169;0;0;169;169
2024-08-19T16:00;2024-08-19T16:15;65;kWh;-19337;0;0;0;19337;-19337
2024-08-19T16:15;2024-08-19T16:30;66;kWh;-19676;0;0;0;19676;-19676
2024-08-19T16:30;2024-08-19T16:45;67;kWh;-5751;0;0;0;5751;-5751
2024-08-19T16:45;2024-08-19T17:00;68;kWh;-109;0;0;0;109;-109
2024-08-19T17:00;2024-08-19T17:15;69;kWh;-1575;2;0;0;1577;-1573
2024-08-19T17:15;2024-08-19T17:30;70;kWh;0;28058;0;0;28058;28058
2024-08-19T17:30;2024-08-19T17:45;71;kWh;0;39016;0;0;39016;39016
2024-08-19T17:45;2024-08-19T18:00;72;kWh;0;23639;0;0;23639;23639
2024-08-19T18:00;2024-08-19T18:15;73;kWh;-730;75;0;0;805;-655
2024-08-19T18:15;2024-08-19T18:30;74;kWh;-206;2415;0;0;2621;2209
2024-08-19T18:30;2024-08-19T18:45;75;kWh;-3328;2344;0;0;5672;-984
2024-08-19T18:45;2024-08-19T19:00;76;kWh;-1084;0;0;0;1084;-1084
2024-08-19T19:00;2024-08-19T19:15;77;kWh;-16145;0;0;0;16145;-16145
2024-08-19T19:15;2024-08-19T19:30;78;kWh;-45924;0;0;0;45924;-45924
2024-08-19T19:30;2024-08-19T19:45;79;kWh;-26385;0;0;0;26385;-26385
2024-08-19T19:45;2024-08-19T20:00;80;kWh;-762;0;0;0;762;-762
2024-08-19T20:00;2024-08-19T20:15;81;kWh;-50292;0;0;0;50292;-50292
2024-08-19T20:15;2024-08-19T20:30;82;kWh;-19006;0;0;0;19006;-19006
2024-08-19T20:30;2024-08-19T20:45;83;kWh;-31757;0;0;0;31757;-31757
2024-08-19T20:45;2024-08-19T21:00;84;kWh;-66377;0;0;0;66377;-66377
2024-08-19T21:00;2024-08-19T21:15;85;kWh;-16116;0;0;0;16116;-16116
2024-08-19T21:15;2024-08-19T21:30;86;kWh;-14155;0;0;0;14155;-14155
2024-08-19T21:30;2024-08-19T21:45;87;kWh;-54619;0;0;0;54619;-54619
2024-08-19T21:45;2024-08-19T22:00;88;kWh;-37593;0;0;0;37593;-37593
2024-08-19T22:00;2024-08-19T22:15;89;kWh;-37883;0;0;0;37883;-37883
2024-08-19T22:15;2024-08-19T22:30;90;kWh;-4316;1362;0;0;5678;-2954
2024-08-19T22:30;2024-08-19T22:45;91;kWh;0;2360;0;0;2360;2360
2024-08-19T22:45;2024-08-19T23:00;92;kWh;-629;74;0;0;703;-555
2024-08-19T23:00;2024-08-19T23:15;93;kWh;-64645;0;0;0;64645;-64645
2024-08-19T23:15;2024-08-19T23:30;94;kWh;-68513;0;0;0;68513;-68513
2024-08-19T23:30;2024-08-19T23:45;95;kWh;-66626;0;0;0;66626;-66626
2024-08-19T23:45;2024-08-20T00:00;96;kWh;-57008;0;0;0;57008;-57008
2024-08-20T00:00;2024-08-20T00:15;1;kWh;-23787;0;0;0;23787;-23787
2024-08-20T00:15;2024-08-20T00:30;2;kWh;-7987;0;0;0;7987;-7987
2024-08-20T00:30;2024-08-20T00:45;3;kWh;-29924;0;0;0;29924;-29924
2024-08-20T00:45;2024-08-20T01:00;4;kWh;-22647;0;0;0;22647;-22647
2024-08-20T01:00;2024-08-20T01:15;5;kWh;-10749;0;0;0;10749;-10749
2024-08-20T01:15;2024-08-20T01:30;6;kWh;-2190;0;0;0;2190;-2190
2024-08-20T01:30;2024-08-20T01:45;7;kWh;-57;4564;0;0;4621;4507
2024-08-20T01:45;2024-08-20T02:00;8;kWh;0;33739;0;0;33739;33739
2024-08-20T02:00;2024-08-20T02:15;9;kWh;0;61550;0;0;61550;61550
2024-08-20T02:15;2024-08-20T02:30;10;kWh;0;46345;0;0;46345;46345
2024-08-20T02:30;2024-08-20T02:45;11;kWh;0;23503;0;0;23503;23503
2024-08-20T02:45;2024-08-20T03:00;12;kWh;0;8436;0;0;8436;8436
2024-08-20T03:00;2024-08-20T03:15;13;kWh;0;11514;0;0;11514;11514
2024-08-20T03:15;2024-08-20T03:30;14;kWh;0;3721;0;0;3721;3721
2024-08-20T03:30;2024-08-20T03:45;15;kWh;0;777;0;0;777;777
2024-08-20T03:45;2024-08-20T04:00;16;kWh;-11780;0;0;0;11780;-11780
2024-08-20T04:00;2024-08-20T04:15;17;kWh;-13326;0;0;0;13326;-13326
2024-08-20T04:15;2024-08-20T04:30;18;kWh;-17509;0;0;0;17509;-17509
2024-08-20T04:30;2024-08-20T04:45;19;kWh;-5488;0;0;0;5488;-5488
2024-08-20T04:45;2024-08-20T05:00;20;kWh;-1973;0;0;0;1973;-1973
2024-08-20T05:00;2024-08-20T05:15;21;kWh;-11359;0;0;0;11359;-11359
2024-08-20T05:15;2024-08-20T05:30;22;kWh;-14;0;0;0;14;-14
2024-08-20T05:30;2024-08-20T05:45;23;kWh;-2831;0;0;0;2831;-2831
2024-08-20T05:45;2024-08-20T06:00;24;kWh;-3742;0;0;0;3742;-3742
2024-08-20T06:00;2024-08-20T06:15;25;kWh;-12477;0;0;0;12477;-12477
2024-08-20T06:15;2024-08-20T06:30;26;kWh;-6602;0;0;0;6602;-6602
2024-08-20T06:30;2024-08-20T06:45;27;kWh;-6931;0;0;0;6931;-6931
2024-08-20T06:45;2024-08-20T07:00;28;kWh;0;977;0;0;977;977
2024-08-20T07:00;2024-08-20T07:15;29;kWh;0;7677;0;0;7677;7677
2024-08-20T07:15;2024-08-20T07:30;30;kWh;0;26147;0;0;26147;26147
2024-08-20T07:30;2024-08-20T07:45;31;kWh;0;36691;0;0;36691;36691
2024-08-20T07:45;2024-08-20T08:00;32;kWh;0;12145;0;0;12145;12145
2024-08-20T08:00;2024-08-20T08:15;33;kWh;0;5106;0;0;5106;5106
2024-08-20T08:15;2024-08-20T08:30;34;kWh;0;992;0;0;992;992
2024-08-20T08:30;2024-08-20T08:45;35;kWh;0;1405;0;0;1405;1405
2024-08-20T08:45;2024-08-20T09:00;36;kWh;0;3151;0;0;3151;3151
2024-08-20T09:00;2024-08-20T09:15;37;kWh;0;6156;0;0;6156;6156
2024-08-20T09:15;2024-08-20T09:30;38;kWh;0;30972;0;0;30972;30972
2024-08-20T09:30;2024-08-20T09:45;39;kWh;0;14238;0;0;14238;14238
2024-08-20T09:45;2024-08-20T10:00;40;kWh;0;16953;0;0;16953;16953
2024-08-20T10:00;2024-08-20T10:15;41;kWh;0;206;0;0;206;206
2024-08-20T10:15;2024-08-20T10:30;42;kWh;0;1050;0;0;1050;1050
2024-08-20T10:30;2024-08-20T10:45;43;kWh;0;2;0;0;2;2
2024-08-20T10:45;2024-08-20T11:00;44;kWh;-17296;0;0;0;17296;-17296
2024-08-20T11:00;2024-08-20T11:15;45;kWh;-13149;0;0;0;13149;-13149
2024-08-20T11:15;2024-08-20T11:30;46;kWh;-3075;0;0;0;3075;-3075
2024-08-20T11:30;2024-08-20T11:45;47;kWh;-20739;0;0;0;20739;-20739
2024-08-20T11:45;2024-08-20T12:00;48;kWh;-30707;0;0;0;30707;-30707
2024-08-20T12:00;2024-08-20T12:15;49;kWh;-7432;555;0;0;7987;-6877
2024-08-20T12:15;2024-08-20T12:30;50;kWh;-9348;0;0;0;9348;-9348
2024-08-20T12:30;2024-08-20T12:45;51;kWh;-7078;0;0;0;7078;-7078
2024-08-20T12:45;2024-08-20T13:00;52;kWh;-13564;0;0;0;13564;-13564
2024-08-20T13:00;2024-08-20T13:15;53;kWh;-1451;24;0;0;1475;-1427
2024-08-20T13:15;2024-08-20T13:30;54;kWh;-1543;0;0;0;1543;-1543
2024-08-20T13:30;2024-08-20T13:45;55;kWh;-15655;0;0;0;15655;-15655
2024-08-20T13:45;2024-08-20T14:00;56;kWh;-10782;619;0;0;11401;-10163
2024-08-20T14:00;2024-08-20T14:15;57;kWh;-23517;518;0;0;24035;-22999
2024-08-20T14:15;2024-08-20T14:30;58;kWh;-4935;0;0;0;4935;-4935
2024-08-20T14:30;2024-08-20T14:45;59;kWh;-1431;0;0;0;1431;-1431
2024-08-20T14:45;2024-08-20T15:00;60;kWh;-156;1622;0;0;1778;1466
2024-08-20T15:00;2024-08-20T15:15;61;kWh;0;665;0;0;665;665
2024-08-20T15:15;2024-08-20T15:30;62;kWh;0;15667;0;0;15667;15667
2024-08-20T15:30;2024-08-20T15:45;63;kWh;0;45932;0;0;45932;45932
2024-08-20T15:45;2024-08-20T16:00;64;kWh;0;62570;0;0;62570;62570
2024-08-20T16:00;2024-08-20T16:15;65;kWh;-2029;11630;0;0;13659;9601
2024-08-20T16:15;2024-08-20T16:30;66;kWh;-65;23885;0;0;23950;23820
2024-08-20T16:30;2024-08-20T16:45;67;kWh;-8292;304;0;0;8596;-7988
2024-08-20T16:45;2024-08-20T17:00;68;kWh;-1896;0;0;0;1896;-1896
2024-08-20T17:00;2024-08-20T17:15;69;kWh;-8793;0;0;0;8793;-8793
2024-08-20T17:15;2024-08-20T17:30;70;kWh;-17101;5335;0;0;22436;-11766
2024-08-20T17:30;2024-08-20T17:45;71;kWh;-9939;4943;0;0;14882;-4996
2024-08-20T17:45;2024-08-20T18:00;72;kWh;0;10749;0;0;10749;10749
2024-08-20T18:00;2024-08-20T18:15;73;kWh;0;621;0;0;621;621
2024-08-20T18:15;2024-08-20T18:30;74;kWh;0;0;0;0;0;0
2024-08-20T18:30;2024-08-20T18:45;75;kWh;-962;0;0;0;962;-962
2024-08-20T18:45;2024-08-20T19:00;76;kWh;-94;424;0;0;518;330
2024-08-20T19:00;2024-08-20T19:15;77;kWh;0;28554;0;0;28554;28554
2024-08-20T19:15;2024-08-20T19:30;78;kWh;0;20340;0;0;20340;20340
2024-08-20T19:30;2024-08-20T19:45;79;kWh;0;0;0;0;0;0
2024-08-20T19:45;2024-08-20T20:00;80;kWh;0;31672;0;0;31672;31672
2024-08-20T20:00;2024-08-20T20:15;81;kWh;0;45423;0;0;45423;45423
2024-08-20T20:15;2024-08-20T20:30;82;kWh;0;11773;0;0;11773;11773
2024-08-20T20:30;2024-08-20T20:45;83;kWh;-32;0;0;0;32;-32
2024-08-20T20:45;2024-08-20T21:00;84;kWh;-871;0;0;0;871;-871
2024-08-20T21:00;2024-08-20T21:15;85;kWh;-314;0;0;0;314;-314
2024-08-20T21:15;2024-08-20T21:30;86;kWh;-118;0;0;0;118;-118
2024-08-20T21:30;2024-08-20T21:45;87;kWh;-38935;0;0;0;38935;-38935
2024-08-20T21:45;2024-08-20T22:00;88;kWh;-15803;0;0;0;15803;-15803
2024-08-20T22:00;2024-08-20T22:15;89;kWh;-10844;0;0;0;10844;-10844
2024-08-20T22:15;2024-08-20T22:30;90;kWh;0;1126;0;0;1126;1126
2024-08-20T22:30;2024-08-20T22:45;91;kWh;0;3089;0;0;3089;3089
2024-08-20T22:45;2024-08-20T23:00;92;kWh;0;812;0;0;812;812
2024-08-20T23:00;2024-08-20T23:15;93;kWh;0;8190;0;0;8190;8190
2024-08-20T23:15;2024-08-20T23:30;94;kWh;0;25585;0;0;25585;25585
2024-08-20T23:30;2024-08-20T23:45;95;kWh;0;6077;0;0;6077;6077
2024-08-20T23:45;2024-08-21T00:00;96;kWh;0;648;0;0;648;648
2024-08-21T00:00;2024-08-21T00:15;1;kWh;0;23967;0;0;23967;23967
2024-08-21T00:15;2024-08-21T00:30;2;kWh;0;21617;0;0;21617;21617
2024-08-21T00:30;2024-08-21T00:45;3;kWh;0;1460;0;0;1460;1460
2024-08-21T00:45;2024-08-21T01:00;4;kWh;0;3016;0;0;3016;3016
2024-08-21T01:00;2024-08-21T01:15;5;kWh;0;69611;0;0;69611;69611
2024-08-21T01:15;2024-08-21T01:30;6;kWh;0;50240;0;0;50240;50240
2024-08-21T01:30;2024-08-21T01:45;7;kWh;-14412;1921;0;0;16333;-12491
2024-08-21T01:45;2024-08-21T02:00;8;kWh;-8931;1858;0;0;10789;-7073
2024-08-21T02:00;2024-08-21T02:15;9;kWh;-15605;362;0;0;15967;-15243
2024-08-21T02:15;2024-08-21T02:30;10;kWh;-11622;118;0;0;11740;-11504
2024-08-21T02:30;2024-08-21T02:45;11;kWh;-7480;524;0;0;8004;-6956
2024-08-21T02:45;2024-08-21T03:00;12;kWh;-8812;833;0;0;9645;-7979
2024-08-21T03:00;2024-08-21T03:15;13;kWh;-20725;367;0;0;21092;-20358
2024-08-21T03:15;2024-08-21T03:30;14;kWh;-24300;845;0;0;25145;-23455
2024-08-21T03:30;2024-08-21T03:45;15;kWh;-12463;2686;0;0;15149;-9777
2024-08-21T03:45;2024-08-21T04:00;16;kWh;-14027;1263;0;0;15290;-12764
2024-08-21T04:00;2024-08-21T04:15;17;kWh;-14074;118;0;0;14192;-13956
2024-08-21T04:15;2024-08-21T04:30;18;kWh;-9320;16;0;0;9336;-9304
2024-08-21T04:30;2024-08-21T04:45;19;kWh;-8319;2827;0;0;11146;-5492
2024-08-21T04:45;2024-08-21T05:00;20;kWh;-8046;2989;0;0;11035;-5057
2024-08-21T05:00;2024-08-21T05:15;21;kWh;0;4881;0;0;4881;4881
2024-08-21T05:15;2024-08-21T05:30;22;kWh;-8513;2898;0;0;11411;-5615
2024-08-21T05:30;2024-08-21T05:45;23;kWh;-11823;32;0;0;11855;-11791
2024-08-21T05:45;2024-08-21T06:00;24;kWh;-7840;929;0;0;8769;-6911
2024-08-21T06:00;2024-08-21T06:15;25;kWh;-911;752;0;0;1663;-159
2024-08-21T06:15;2024-08-21T06:30;26;kWh;-1435;2466;0;0;3901;1031
2024-08-21T06:30;2024-08-21T06:45;27;kWh;-3087;0;0;0;3087;-3087
2024-08-21T06:45;2024-08-21T07:00;28;kWh;-2595;0;0;0;2595;-2595
2024-08-21T07:00;2024-08-21T07:15;29;kWh;-2849;1972;0;0;4821;-877
2024-08-21T07:15;2024-08-21T07:30;30;kWh;-2634;4304;0;0;6938;1670
2024-08-21T07:30;2024-08-21T07:45;31;kWh;-13096;194;0;0;13290;-12902
2024-08-21T07:45;2024-08-21T08:00;32;kWh;-15168;33158;0;0;48326;17990
2024-08-21T08:00;2024-08-21T08:15;33;kWh;-27858;363;0;0;28221;-27495
2024-08-21T08:15;2024-08-21T08:30;34;kWh;-30359;60;0;0;30419;-30299
2024-08-21T08:30;2024-08-21T08:45;35;kWh;-39206;463;0;0;39669;-38743
2024-08-21T08:45;2024-08-21T09:00;36;kWh;-60765;1491;0;0;62256;-59274
2024-08-21T09:00;2024-08-21T09:15;37;kWh;-11046;7657;0;0;18703;-3389
2024-08-21T09:15;2024-08-21T09:30;38;kWh;-23986;0;0;0;23986;-23986
2024-08-21T09:30;2024-08-21T09:45;39;kWh;-40080;1079;0;0;41159;-39001
2024-08-21T09:45;2024-08-21T10:00;40;kWh;-26218;0;0;0;26218;-26218
2024-08-21T10:00;2024-08-21T10:15;41;kWh;-2919;19941;0;0;22860;17022
2024-08-21T10:15;2024-08-21T10:30;42;kWh;-4309;18991;0;0;23300;14682
2024-08-21T10:30;2024-08-21T10:45;43;kWh;-5548;3733;0;0;9281;-1815
2024-08-21T10:45;2024-08-21T11:00;44;kWh;-17454;1245;0;0;18699;-16209
2024-08-21T11:00;2024-08-21T11:15;45;kWh;-1633;13157;0;0;14790;11524
2024-08-21T11:15;2024-08-21T11:30;46;kWh;-4851;21957;0;0;26808;17106
2024-08-21T11:30;2024-08-21T11:45;47;kWh;-2871;0;0;0;2871;-2871
2024-08-21T11:45;2024-08-21T12:00;48;kWh;-7408;3598;0;0;11006;-3810
2024-08-21T12:00;2024-08-21T12:15;49;kWh;0;14714;0;0;14714;14714
2024-08-21T12:15;2024-08-21T12:30;50;kWh;0;11840;0;0;11840;11840
2024-08-21T12:30;2024-08-21T12:45;51;kWh;-1646;18487;0;0;20133;16841
2024-08-21T12:45;2024-08-21T13:00;52;kWh;-2268;20464;0;0;22732;18196
2024-08-21T13:00;2024-08-21T13:15;53;kWh;-6138;4702;0;0;10840;-1436
2024-08-21T13:15;2024-08-21T13:30;54;kWh;-33229;0;0;0;33229;-33229
2024-08-21T13:30;2024-08-21T13:45;55;kWh;-36645;0;0;0;36645;-36645
2024-08-21T13:45;2024-08-21T14:00;56;kWh;-16602;0;0;0;16602;-16602
2024-08-21T14:00;2024-08-21T14:15;57;kWh;-15714;0;0;0;15714;-15714
2024-08-21T14:15;2024-08-21T14:30;58;kWh;-18556;745;0;0;19301;-17811
2024-08-21T14:30;2024-08-21T14:45;59;kWh;-26278;200;0;0;26478;-26078
2024-08-21T14:45;2024-08-21T15:00;60;kWh;-10778;0;0;0;10778;-10778
2024-08-21T15:00;2024-08-21T15:15;61;kWh;-16770;2555;0;0;19325;-14215
2024-08-21T15:15;2024-08-21T15:30;62;kWh;-10827;1082;0;0;11909;-9745
2024-08-21T15:30;2024-08-21T15:45;63;kWh;-14566;362;0;0;14928;-14204
2024-08-21T15:45;2024-08-21T16:00;64;kWh;-3462;1090;0;0;4552;-2372
2024-08-21T16:00;2024-08-21T16:15;65;kWh;-39550;0;0;0;39550;-39550
2024-08-21T16:15;2024-08-21T16:30;66;kWh;-19683;957;0;0;20640;-18726
2024-08-21T16:30;2024-08-21T16:45;67;kWh;-7512;1640;0;0;9152;-5872
2024-08-21T16:45;2024-08-21T17:00;68;kWh;-12012;337;0;0;12349;-11675
2024-08-21T17:00;2024-08-21T17:15;69;kWh;-44343;0;0;0;44343;-44343
2024-08-21T17:15;2024-08-21T17:30;70;kWh;-26733;0;0;0;26733;-26733
2024-08-21T17:30;2024-08-21T17:45;71;kWh;-36796;5237;0;0;42033;-31559
2024-08-21T17:45;2024-08-21T18:00;72;kWh;-60861;199;0;0;61060;-60662
2024-08-21T18:00;2024-08-21T18:15;73;kWh;-95845;0;0;0;95845;-95845
2024-08-21T18:15;2024-08-21T18:30;74;kWh;-26648;2823;0;0;29471;-23825
2024-08-21T18:30;2024-08-21T18:45;75;kWh;-29699;460;0;0;30159;-29239
2024-08-21T18:45;2024-08-21T19:00;76;kWh;-9038;2342;0;0;11380;-6696
2024-08-21T19:00;2024-08-21T19:15;77;kWh;-20910;0;0;0;20910;-20910
2024-08-21T19:15;2024-08-21T19:30;78;kWh;-9723;7331;0;0;17054;-2392
2024-08-21T19:30;2024-08-21T19:45;79;kWh;0;24023;0;0;24023;24023
2024-08-21T19:45;2024-08-21T20:00;80;kWh;0;39951;0;0;39951;39951
2024-08-21T20:00;2024-08-21T20:15;81;kWh;-1285;5254;0;0;6539;3969
2024-08-21T20:15;2024-08-21T20:30;82;kWh;0;9917;0;0;9917;9917
2024-08-21T20:30;2024-08-21T20:45;83;kWh;0;13067;0;0;13067;13067
2024-08-21T20:45;2024-08-21T21:00;84;kWh;0;28113;0;0;28113;28113
2024-08-21T21:00;2024-08-21T21:15;85;kWh;0;27358;0;0;27358;27358
2024-08-21T21:15;2024-08-21T21:30;86;kWh;0;21642;0;0;21642;21642
2024-08-21T21:30;2024-08-21T21:45;87;kWh;-2298;462;0;0;2760;-1836
2024-08-21T21:45;2024-08-21T22:00;88;kWh;-13958;0;0;0;13958;-13958
2024-08-21T22:00;2024-08-21T22:15;89;kWh;-937;9696;0;0;10633;8759
2024-08-21T22:15;2024-08-21T22:30;90;kWh;0;3195;0;0;3195;3195
2024-08-21T22:30;2024-08-21T22:45;91;kWh;-649;0;0;0;649;-649
2024-08-21T22:45;2024-08-21T23:00;92;kWh;-23303;0;0;0;23303;-23303
2024-08-21T23:00;2024-08-21T23:15;93;kWh;-3948;1171;0;0;5119;-2777
2024-08-21T23:15;2024-08-21T23:30;94;kWh;-9525;0;0;0;9525;-9525
2024-08-21T23:30;2024-08-21T23:45;95;kWh;-23032;0;0;0;23032;-23032
2024-08-21T23:45;2024-08-22T00:00;96;kWh;-29609;0;0;0;29609;-29609
2024-08-22T00:00;2024-08-22T00:15;1;kWh;-20410;0;0;0;20410;-20410
2024-08-22T00:15;2024-08-22T00:30;2;kWh;-7680;0;0;0;7680;-7680
2024-08-22T00:30;2024-08-22T00:45;3;kWh;-10383;0;0;0;10383;-10383
2024-08-22T00:45;2024-08-22T01:00;4;kWh;-11543;0;0;0;11543;-11543
2024-08-22T01:00;2024-08-22T01:15;5;kWh;-5204;0;0;0;5204;-5204
2024-08-22T01:15;2024-08-22T01:30;6;kWh;-646;0;0;0;646;-646
2024-08-22T01:30;2024-08-22T01:45;7;kWh;-7;0;0;0;7;-7
2024-08-22T01:45;2024-08-22T02:00;8;kWh;-4238;0;0;0;4238;-4238
2024-08-22T02:00;2024-08-22T02:15;9;kWh;-1538;1171;0;0;2709;-367
2024-08-22T02:15;2024-08-22T02:30;10;kWh;-2;4420;0;0;4422;4418
2024-08-22T02:30;2024-08-22T02:45;11;kWh;-6648;64;0;0;6712;-6584
2024-08-22T02:45;2024-08-22T03:00;12;kWh;-6312;903;0;0;7215;-5409
2024-08-22T03:00;2024-08-22T03:15;13;kWh;-7020;2398;0;0;9418;-4622
2024-08-22T03:15;2024-08-22T03:30;14;kWh;-4155;14;0;0;4169;-4141
2024-08-22T03:30;2024-08-22T03:45;15;kWh;-8591;267;0;0;8858;-8324
2024-08-22T03:45;2024-08-22T04:00;16;kWh;-10618;0;0;0;10618;-10618
2024-08-22T04:00;2024-08-22T04:15;17;kWh;-2781;0;0;0;2781;-2781
2024-08-22T04:15;2024-08-22T04:30;18;kWh;-4753;0;0;0;4753;-4753
2024-08-22T04:30;2024-08-22T04:45;19;kWh;-4693;751;0;0;5444;-3942
2024-08-22T04:45;2024-08-22T05:00;20;kWh;-647;0;0;0;647;-647
2024-08-22T05:00;2024-08-22T05:15;21;kWh;-2039;5399;0;0;7438;3360
2024-08-22T05:15;2024-08-22T05:30;22;kWh;0;4846;0;0;4846;4846
2024-08-22T05:30;2024-08-22T05:45;23;kWh;-7;6325;0;0;6332;6318
2024-08-22T05:45;2024-08-22T06:00;24;kWh;-7467;22;0;0;7489;-7445
2024-08-22T06:00;2024-08-22T06:15;25;kWh;-3119;2094;0;0;5213;-1025
2024-08-22T06:15;2024-08-22T06:30;26;kWh;0;3090;0;0;3090;3090
2024-08-22T06:30;2024-08-22T06:45;27;kWh;0;3612;0;0;3612;3612
2024-08-22T06:45;2024-08-22T07:00;28;kWh;0;1464;0;0;1464;1464
2024-08-22T07:00;2024-08-22T07:15;29;kWh;-7495;3485;0;0;10980;-4010
2024-08-22T07:15;2024-08-22T07:30;30;kWh;-781;9863;0;0;10644;9082
2024-08-22T07:30;2024-08-22T07:45;31;kWh;-9404;1339;0;0;10743;-8065
2024-08-22T07:45;2024-08-22T08:00;32;kWh;-27214;702;0;0;27916;-26512
2024-08-22T08:00;2024-08-22T08:15;33;kWh;-5688;12362;0;0;18050;6674
2024-08-22T08:15;2024-08-22T08:30;34;kWh;-7651;1301;0;0;8952;-6350
2024-08-22T08:30;2024-08-22T08:45;35;kWh;-11998;1669;0;0;13667;-10329
2024-08-22T08:45;2024-08-22T09:00;36;kWh;-18363;889;0;0;19252;-17474
2024-08-22T09:00;2024-08-22T09:15;37;kWh;-8379;3998;0;0;12377;-4381
2024-08-22T09:15;2024-08-22T09:30;38;kWh;-19574;0;0;0;19574;-19574
2024-08-22T09:30;2024-08-22T09:45;39;kWh;-28758;11;0;0;28769;-28747
2024-08-22T09:45;2024-08-22T10:00;40;kWh;-103922;115;0;0;104037;-103807
2024-08-22T10:00;2024-08-22T10:15;41;kWh;-47747;4637;0;0;52384;-43110
2024-08-22T10:15;2024-08-22T10:30;42;kWh;-32269;0;0;0;32269;-32269
2024-08-22T10:30;2024-08-22T10:45;43;kWh;-54063;0;0;0;54063;-54063
2024-08-22T10:45;2024-08-22T11:00;44;kWh;-60466;55;0;0;60521;-60411
2024-08-22T11:00;2024-08-22T11:15;45;kWh;-47418;541;0;0;47959;-46877
2024-08-22T11:15;2024-08-22T11:30;46;kWh;-22125;0;0;0;22125;-22125
2024-08-22T11:30;2024-08-22T11:45;47;kWh;-5809;461;0;0;6270;-5348
2024-08-22T11:45;2024-08-22T12:00;48;kWh;-970;3736;0;0;4706;2766
2024-08-22T12:00;2024-08-22T12:15;49;kWh;-1858;15374;0;0;17232;13516
2024-08-22T12:15;2024-08-22T12:30;50;kWh;-913;1118;0;0;2031;205
2024-08-22T12:30;2024-08-22T12:45;51;kWh;-1018;1052;0;0;2070;34
2024-08-22T12:45;2024-08-22T13:00;52;kWh;-14045;0;0;0;14045;-14045
2024-08-22T13:00;2024-08-22T13:15;53;kWh;-51193;0;0;0;51193;-51193
2024-08-22T13:15;2024-08-22T13:30;54;kWh;-61409;0;0;0;61409;-61409
2024-08-22T13:30;2024-08-22T13:45;55;kWh;-43063;0;0;0;43063;-43063
2024-08-22T13:45;2024-08-22T14:00;56;kWh;-27261;0;0;0;27261;-27261
2024-08-22T14:00;2024-08-22T14:15;57;kWh;-76892;0;0;0;76892;-76892
2024-08-22T14:15;2024-08-22T14:30;58;kWh;-101680;0;0;0;101680;-101680
2024-08-22T14:30;2024-08-22T14:45;59;kWh;-83390;0;0;0;83390;-83390
2024-08-22T14:45;2024-08-22T15:00;60;kWh;-64745;0;0;0;64745;-64745
2024-08-22T15:00;2024-08-22T15:15;61;kWh;-64296;0;0;0;64296;-64296
2024-08-22T15:15;2024-08-22T15:30;62;kWh;-17586;3350;0;0;20936;-14236
2024-08-22T15:30;2024-08-22T15:45;63;kWh;-15712;1314;0;0;17026;-14398
2024-08-22T15:45;2024-08-22T16:00;64;kWh;-3314;9783;0;0;13097;6469
2024-08-22T16:00;2024-08-22T16:15;65;kWh;-234;11503;0;0;11737;11269
2024-08-22T16:15;2024-08-22T16:30;66;kWh;-1007;17680;0;0;18687;16673
2024-08-22T16:30;2024-08-22T16:45;67;kWh;-18692;15117;0;0;33809;-3575
2024-08-22T16:45;2024-08-22T17:00;68;kWh;-407;11267;0;0;11674;10860
2024-08-22T17:00;2024-08-22T17:15;69;kWh;-19074;11365;0;0;30439;-7709
2024-08-22T17:15;2024-08-22T17:30;70;kWh;-9565;4510;0;0;14075;-5055
2024-08-22T17:30;2024-08-22T17:45;71;kWh;0;28399;0;0;28399;28399
2024-08-22T17:45;2024-08-22T18:00;72;kWh;-11;20215;0;0;20226;20204
2024-08-22T18:00;2024-08-22T18:15;73;kWh;-196;36246;0;0;36442;36050
2024-08-22T18:15;2024-08-22T18:30;74;kWh;0;94341;0;0;94341;94341
2024-08-22T18:30;2024-08-22T18:45;75;kWh;0;93334;0;0;93334;93334
2024-08-22T18:45;2024-08-22T19:00;76;kWh;0;39253;0;0;39253;39253
2024-08-22T19:00;2024-08-22T19:15;77;kWh;-9129;1048;0;0;10177;-8081
2024-08-22T19:15;2024-08-22T19:30;78;kWh;-5606;0;0;0;5606;-5606
2024-08-22T19:30;2024-08-22T19:45;79;kWh;-444;0;0;0;444;-444
2024-08-22T19:45;2024-08-22T20:00;80;kWh;-83;0;0;0;83;-83
2024-08-22T20:00;2024-08-22T20:15;81;kWh;0;3503;0;0;3503;3503
2024-08-22T20:15;2024-08-22T20:30;82;kWh;0;25300;0;0;25300;25300
2024-08-22T20:30;2024-08-22T20:45;83;kWh;0;16440;0;0;16440;16440
2024-08-22T20:45;2024-08-22T21:00;84;kWh;0;6572;0;0;6572;6572
2024-08-22T21:00;2024-08-22T21:15;85;kWh;0;38073;0;0;38073;38073
2024-08-22T21:15;2024-08-22T21:30;86;kWh;0;1015;0;0;1015;1015
2024-08-22T21:30;2024-08-22T21:45;87;kWh;-1154;0;0;0;1154;-1154
2024-08-22T21:45;2024-08-22T22:00;88;kWh;-1548;0;0;0;1548;-1548
2024-08-22T22:00;2024-08-22T22:15;89;kWh;-369;34287;0;0;34656;33918
2024-08-22T22:15;2024-08-22T22:30;90;kWh;0;41273;0;0;41273;41273
2024-08-22T22:30;2024-08-22T22:45;91;kWh;-737;2325;0;0;3062;1588
2024-08-22T22:45;2024-08-22T23:00;92;kWh;-57;8350;0;0;8407;8293
2024-08-22T23:00;2024-08-22T23:15;93;kWh;0;28127;0;0;28127;28127
2024-08-22T23:15;2024-08-22T23:30;94;kWh;0;24183;0;0;24183;24183
2024-08-22T23:30;2024-08-22T23:45;95;kWh;0;24458;0;0;24458;24458
2024-08-22T23:45;2024-08-23T00:00;96;kWh;-396;3796;0;0;4192;3400
2024-08-23T00:00;2024-08-23T00:15;1;kWh;-1164;7609;0;0;8773;6445
2024-08-23T00:15;2024-08-23T00:30;2;kWh;0;23839;0;0;23839;23839
2024-08-23T00:30;2024-08-23T00:45;3;kWh;0;1651;0;0;1651;1651
2024-08-23T00:45;2024-08-23T01:00;4;kWh;-45;274;0;0;319;229
2024-08-23T01:00;2024-08-23T01:15;5;kWh;-221;0;0;0;221;-221
2024-08-23T01:15;2024-08-23T01:30;6;kWh;-113;556;0;0;669;443
2024-08-23T01:30;2024-08-23T01:45;7;kWh;-666;0;0;0;666;-666
2024-08-23T01:45;2024-08-23T02:00;8;kWh;-8298;0;0;0;8298;-8298
2024-08-23T02:00;2024-08-23T02:15;9;kWh;-4233;0;0;0;4233;-4233
2024-08-23T02:15;2024-08-23T02:30;10;kWh;-10802;0;0;0;10802;-10802
2024-08-23T02:30;2024-08-23T02:45;11;kWh;-17658;0;0;0;17658;-17658
2024-08-23T02:45;2024-08-23T03:00;12;kWh;-18032;0;0;0;18032;-18032
2024-08-23T03:00;2024-08-23T03:15;13;kWh;-19315;0;0;0;19315;-19315
2024-08-23T03:15;2024-08-23T03:30;14;kWh;-15016;0;0;0;15016;-15016
2024-08-23T03:30;2024-08-23T03:45;15;kWh;-12303;0;0;0;12303;-12303
2024-08-23T03:45;2024-08-23T04:00;16;kWh;-24685;0;0;0;24685;-24685
2024-08-23T04:00;2024-08-23T04:15;17;kWh;-24565;0;0;0;24565;-24565
2024-08-23T04:15;2024-08-23T04:30;18;kWh;-15563;0;0;0;15563;-15563
2024-08-23T04:30;2024-08-23T04:45;19;kWh;-16684;0;0;0;16684;-16684
2024-08-23T04:45;2024-08-23T05:00;20;kWh;-6941;0;0;0;6941;-6941
2024-08-23T05:00;2024-08-23T05:15;21;kWh;-7273;30;0;0;7303;-7243
2024-08-23T05:15;2024-08-23T05:30;22;kWh;-14485;3;0;0;14488;-14482
2024-08-23T05:30;2024-08-23T05:45;23;kWh;-9792;0;0;0;9792;-9792
2024-08-23T05:45;2024-08-23T06:00;24;kWh;-1520;0;0;0;1520;-1520
2024-08-23T06:00;2024-08-23T06:15;25;kWh;-14121;5195;0;0;19316;-8926
2024-08-23T06:15;2024-08-23T06:30;26;kWh;-34907;1831;0;0;36738;-33076
2024-08-23T06:30;2024-08-23T06:45;27;kWh;-10048;1120;0;0;11168;-8928
2024-08-23T06:45;2024-08-23T07:00;28;kWh;-1135;22;0;0;1157;-1113
2024-08-23T07:00;2024-08-23T07:15;29;kWh;-10681;4087;0;0;14768;-6594
2024-08-23T07:15;2024-08-23T07:30;30;kWh;-4131;457;0;0;4588;-3674
2024-08-23T07:30;2024-08-23T07:45;31;kWh;-10582;0;0;0;10582;-10582
2024-08-23T07:45;2024-08-23T08:00;32;kWh;-5516;283;0;0;5799;-5233
2024-08-23T08:00;2024-08-23T08:15;33;kWh;-1782;4908;0;0;6690;3126
2024-08-23T08:15;2024-08-23T08:30;34;kWh;-4331;0;0;0;4331;-4331
2024-08-23T08:30;2024-08-23T08:45;35;kWh;-13351;697;0;0;14048;-12654
2024-08-23T08:45;2024-08-23T09:00;36;kWh;-12537;0;0;0;12537;-12537
2024-08-23T09:00;2024-08-23T09:15;37;kWh;-27658;5660;0;0;33318;-21998
2024-08-23T09:15;2024-08-23T09:30;38;kWh;-26388;2052;0;0;28440;-24336
2024-08-23T09:30;2024-08-23T09:45;39;kWh;-49995;784;0;0;50779;-49211
2024-08-23T09:45;2024-08-23T10:00;40;kWh;-35043;1440;0;0;36483;-33603
2024-08-23T10:00;2024-08-23T10:15;41;kWh;-28562;6028;0;0;34590;-22534
2024-08-23T10:15;2024-08-23T10:30;42;kWh;-2561;87;0;0;2648;-2474
2024-08-23T10:30;2024-08-23T10:45;43;kWh;-5645;0;0;0;5645;-5645
2024-08-23T10:45;2024-08-23T11:00;44;kWh;-15423;0;0;0;15423;-15423
2024-08-23T11:00;2024-08-23T11:15;45;kWh;-17968;6389;0;0;24357;-11579
2024-08-23T11:15;2024-08-23T11:30;46;kWh;0;93;0;0;93;93
2024-08-23T11:30;2024-08-23T11:45;47;kWh;0;4904;0;0;4904;4904
2024-08-23T11:45;2024-08-23T12:00;48;kWh;0;53804;0;0;53804;53804
2024-08-23T12:00;2024-08-23T12:15;49;kWh;0;27500;0;0;27500;27500
2024-08-23T12:15;2024-08-23T12:30;50;kWh;0;38640;0;0;38640;38640
2024-08-23T12:30;2024-08-23T12:45;51;kWh;0;30303;0;0;30303;30303
2024-08-23T12:45;2024-08-23T13:00;52;kWh;-741;5720;0;0;6461;4979
2024-08-23T13:00;2024-08-23T13:15;53;kWh;-5889;29;0;0;5918;-5860
2024-08-23T13:15;2024-08-23T13:30;54;kWh;-10175;0;0;0;10175;-10175
2024-08-23T13:30;2024-08-23T13:45;55;kWh;-17776;0;0;0;17776;-17776
2024-08-23T13:45;2024-08-23T14:00;56;kWh;-71317;0;0;0;71317;-71317
2024-08-23T14:00;2024-08-23T14:15;57;kWh;-36464;0;0;0;36464;-36464
2024-08-23T14:15;2024-08-23T14:30;58;kWh;-16930;0;0;0;16930;-16930
2024-08-23T14:30;2024-08-23T14:45;59;kWh;-15464;0;0;0;15464;-15464
2024-08-23T14:45;2024-08-23T15:00;60;kWh;-32985;0;0;0;32985;-32985
2024-08-23T15:00;2024-08-23T15:15;61;kWh;-8529;3967;0;0;12496;-4562
2024-08-23T15:15;2024-08-23T15:30;62;kWh;-6178;1985;0;0;8163;-4193
2024-08-23T15:30;2024-08-23T15:45;63;kWh;-5440;108;0;0;5548;-5332
2024-08-23T15:45;2024-08-23T16:00;64;kWh;-17046;0;0;0;17046;-17046
2024-08-23T16:00;2024-08-23T16:15;65;kWh;-19825;0;0;0;19825;-19825
2024-08-23T16:15;2024-08-23T16:30;66;kWh;-23412;0;0;0;23412;-23412
2024-08-23T16:30;2024-08-23T16:45;67;kWh;-13106;272;0;0;13378;-12834
2024-08-23T16:45;2024-08-23T17:00;68;kWh;-15893;159;0;0;16052;-15734
2024-08-23T17:00;2024-08-23T17:15;69;kWh;-7660;0;0;0;7660;-7660
2024-08-23T17:15;2024-08-23T17:30;70;kWh;-37602;3693;0;0;41295;-33909
2024-08-23T17:30;2024-08-23T17:45;71;kWh;-31152;455;0;0;31607;-30697
2024-08-23T17:45;2024-08-23T18:00;72;kWh;-2034;0;0;0;2034;-2034
2024-08-23T18:00;2024-08-23T18:15;73;kWh;-20221;122;0;0;20343;-20099
2024-08-23T18:15;2024-08-23T18:30;74;kWh;-116;4255;0;0;4371;4139
2024-08-23T18:30;2024-08-23T18:45;75;kWh;0;51442;0;0;51442;51442
2024-08-23T18:45;2024-08-23T19:00;76;kWh;0;79893;0;0;79893;79893
2024-08-23T19:00;2024-08-23T19:15;77;kWh;-669;8615;0;0;9284;7946
2024-08-23T19:15;2024-08-23T19:30;78;kWh;0;22300;0;0;22300;22300
2024-08-23T19:30;2024-08-23T19:45;79;kWh;0;24650;0;0;24650;24650
2024-08-23T19:45;2024-08-23T20:00;80;kWh;0;26280;0;0;26280;26280
2024-08-23T20:00;2024-08-23T20:15;81;kWh;0;13637;0;0;13637;13637
2024-08-23T20:15;2024-08-23T20:30;82;kWh;-4223;0;0;0;4223;-4223
2024-08-23T20:30;2024-08-23T20:45;83;kWh;-10540;0;0;0;10540;-10540
2024-08-23T20:45;2024-08-23T21:00;84;kWh;-16090;0;0;0;16090;-16090
2024-08-23T21:00;2024-08-23T21:15;85;kWh;-2652;1468;0;0;4120;-1184
2024-08-23T21:15;2024-08-23T21:30;86;kWh;-155;1859;0;0;2014;1704
2024-08-23T21:30;2024-08-23T21:45;87;kWh;-1278;218;0;0;1496;-1060
2024-08-23T21:45;2024-08-23T22:00;88;kWh;0;15817;0;0;15817;15817
2024-08-23T22:00;2024-08-23T22:15;89;kWh;0;23883;0;0;23883;23883
2024-08-23T22:15;2024-08-23T22:30;90;kWh;0;53017;0;0;53017;53017
2024-08-23T22:30;2024-08-23T22:45;91;kWh;0;8632;0;0;8632;8632
2024-08-23T22:45;2024-08-23T23:00;92;kWh;-286;0;0;0;286;-286
2024-08-23T23:00;2024-08-23T23:15;93;kWh;-818;0;0;0;818;-818
2024-08-23T23:15;2024-08-23T23:30;94;kWh;-3528;0;0;0;3528;-3528
2024-08-23T23:30;2024-08-23T23:45;95;kWh;-5094;0;0;0;5094;-5094
2024-08-23T23:45;2024-08-24T00:00;96;kWh;-2645;0;0;0;2645;-2645
2024-08-24T00:00;2024-08-24T00:15;1;kWh;-6466;1647;0;0;8113;-4819
2024-08-24T00:15;2024-08-24T00:30;2;kWh;0;24419;0;0;24419;24419
2024-08-24T00:30;2024-08-24T00:45;3;kWh;0;37985;0;0;37985;37985
2024-08-24T00:45;2024-08-24T01:00;4;kWh;0;52475;0;0;52475;52475
2024-08-24T01:00;2024-08-24T01:15;5;kWh;0;62189;0;0;62189;62189
2024-08-24T01:15;2024-08-24T01:30;6;kWh;0;56939;0;0;56939;56939
2024-08-24T01:30;2024-08-24T01:45;7;kWh;0;38156;0;0;38156;38156
2024-08-24T01:45;2024-08-24T02:00;8;kWh;0;25015;0;0;25015;25015
2024-08-24T02:00;2024-08-24T02:15;9;kWh;0;43340;0;0;43340;43340
2024-08-24T02:15;2024-08-24T02:30;10;kWh;0;19452;0;0;19452;19452
2024-08-24T02:30;2024-08-24T02:45;11;kWh;-410;0;0;0;410;-410
2024-08-24T02:45;2024-08-24T03:00;12;kWh;-1984;0;0;0;1984;-1984
2024-08-24T03:00;2024-08-24T03:15;13;kWh;-8500;0;0;0;8500;-8500
2024-08-24T03:15;2024-08-24T03:30;14;kWh;-44522;0;0;0;44522;-44522
2024-08-24T03:30;2024-08-24T03:45;15;kWh;-30525;0;0;0;30525;-30525
2024-08-24T03:45;2024-08-24T04:00;16;kWh;-28862;0;0;0;28862;-28862
2024-08-24T04:00;2024-08-24T04:15;17;kWh;-25211;0;0;0;25211;-25211
2024-08-24T04:15;2024-08-24T04:30;18;kWh;-34576;0;0;0;34576;-34576
2024-08-24T04:30;2024-08-24T04:45;19;kWh;-12888;0;0;0;12888;-12888
2024-08-24T04:45;2024-08-24T05:00;20;kWh;-2510;0;0;0;2510;-2510
2024-08-24T05:00;2024-08-24T05:15;21;kWh;-3358;0;0;0;3358;-3358
2024-08-24T05:15;2024-08-24T05:30;22;kWh;0;0;0;0;0;0
2024-08-24T05:30;2024-08-24T05:45;23;kWh;0;0;0;0;0;0
2024-08-24T05:45;2024-08-24T06:00;24;kWh;-265;0;0;0;265;-265
2024-08-24T06:00;2024-08-24T06:15;25;kWh;0;0;0;0;0;0
2024-08-24T06:15;2024-08-24T06:30;26;kWh;0;7;0;0;7;7
2024-08-24T06:30;2024-08-24T06:45;27;kWh;0;931;0;0;931;931
2024-08-24T06:45;2024-08-24T07:00;28;kWh;-48;0;0;0;48;-48
2024-08-24T07:00;2024-08-24T07:15;29;kWh;-842;2813;0;0;3655;1971
2024-08-24T07:15;2024-08-24T07:30;30;kWh;0;40006;0;0;40006;40006
2024-08-24T07:30;2024-08-24T07:45;31;kWh;0;66130;0;0;66130;66130
2024-08-24T07:45;2024-08-24T08:00;32;kWh;0;50128;0;0;50128;50128
2024-08-24T08:00;2024-08-24T08:15;33;kWh;0;85545;0;0;85545;85545
2024-08-24T08:15;2024-08-24T08:30;34;kWh;0;115800;0;0;115800;115800
2024-08-24T08:30;2024-08-24T08:45;35;kWh;0;119578;0;0;119578;119578
2024-08-24T08:45;2024-08-24T09:00;36;kWh;0;83973;0;0;83973;83973
2024-08-24T09:00;2024-08-24T09:15;37;kWh;0;59587;0;0;59587;59587
2024-08-24T09:15;2024-08-24T09:30;38;kWh;0;68701;0;0;68701;68701
2024-08-24T09:30;2024-08-24T09:45;39;kWh;0;44412;0;0;44412;44412
2024-08-24T09:45;2024-08-24T10:00;40;kWh;-613;428;0;0;1041;-185
2024-08-24T10:00;2024-08-24T10:15;41;kWh;-72;46256;0;0;46328;46184
2024-08-24T10:15;2024-08-24T10:30;42;kWh;0;17897;0;0;17897;17897
2024-08-24T10:30;2024-08-24T10:45;43;kWh;0;69;0;0;69;69
2024-08-24T10:45;2024-08-24T11:00;44;kWh;-16;1108;0;0;1124;1092
2024-08-24T11:00;2024-08-24T11:15;45;kWh;0;100850;0;0;100850;100850
2024-08-24T11:15;2024-08-24T11:30;46;kWh;-110;70454;0;0;70564;70344
2024-08-24T11:30;2024-08-24T11:45;47;kWh;-413;28891;0;0;29304;28478
2024-08-24T11:45;2024-08-24T12:00;48;kWh;0;3208;0;0;3208;3208
2024-08-24T12:00;2024-08-24T12:15;49;kWh;-658;0;0;0;658;-658
2024-08-24T12:15;2024-08-24T12:30;50;kWh;-542;0;0;0;542;-542
2024-08-24T12:30;2024-08-24T12:45;51;kWh;-1057;68;0;0;1125;-989
2024-08-24T12:45;2024-08-24T13:00;52;kWh;-5701;0;0;0;5701;-5701
2024-08-24T13:00;2024-08-24T13:15;53;kWh;-3851;0;0;0;3851;-3851
2024-08-24T13:15;2024-08-24T13:30;54;kWh;-14882;0;0;0;14882;-14882
2024-08-24T13:30;2024-08-24T13:45;55;kWh;-22866;0;0;0;22866;-22866
2024-08-24T13:45;2024-08-24T14:00;56;kWh;-47511;0;0;0;47511;-47511
2024-08-24T14:00;2024-08-24T14:15;57;kWh;-10052;0;0;0;10052;-10052
2024-08-24T14:15;2024-08-24T14:30;58;kWh;-14514;0;0;0;14514;-14514
2024-08-24T14:30;2024-08-24T14:45;59;kWh;-11170;0;0;0;11170;-11170
2024-08-24T14:45;2024-08-24T15:00;60;kWh;-6942;1034;0;0;7976;-5908
2024-08-24T15:00;2024-08-24T15:15;61;kWh;-41156;133;0;0;41289;-41023
2024-08-24T15:15;2024-08-24T15:30;62;kWh;-12391;51544;0;0;63935;39153
2024-08-24T15:30;2024-08-24T15:45;63;kWh;0;24262;0;0;24262;24262
2024-08-24T15:45;2024-08-24T16:00;64;kWh;0;52203;0;0;52203;52203
2024-08-24T16:00;2024-08-24T16:15;65;kWh;0;10283;0;0;10283;10283
2024-08-24T16:15;2024-08-24T16:30;66;kWh;0;8176;0;0;8176;8176
2024-08-24T16:30;2024-08-24T16:45;67;kWh;-49;4664;0;0;4713;4615
2024-08-24T16:45;2024-08-24T17:00;68;kWh;-32;1495;0;0;1527;1463
2024-08-24T17:00;2024-08-24T17:15;69;kWh;-11360;0;0;0;11360;-11360
2024-08-24T17:15;2024-08-24T17:30;70;kWh;-922;6469;0;0;7391;5547
2024-08-24T17:30;2024-08-24T17:45;71;kWh;0;88924;0;0;88924;88924
2024-08-24T17:45;2024-08-24T18:00;72;kWh;0;104729;0;0;104729;104729
2024-08-24T18:00;2024-08-24T18:15;73;kWh;0;12758;0;0;12758;12758
2024-08-24T18:15;2024-08-24T18:30;74;kWh;0;9889;0;0;9889;9889
2024-08-24T18:30;2024-08-24T18:45;75;kWh;0;4392;0;0;4392;4392
2024-08-24T18:45;2024-08-24T19:00;76;kWh;0;85768;0;0;85768;85768
2024-08-24T19:00;2024-08-24T19:15;77;kWh;0;31962;0;0;31962;31962
2024-08-24T19:15;2024-08-24T19:30;78;kWh;-8166;2;0;0;8168;-8164
2024-08-24T19:30;2024-08-24T19:45;79;kWh;-25662;0;0;0;25662;-25662
2024-08-24T19:45;2024-08-24T20:00;80;kWh;-15071;0;0;0;15071;-15071
2024-08-24T20:00;2024-08-24T20:15;81;kWh;-22059;10448;0;0;32507;-11611
2024-08-24T20:15;2024-08-24T20:30;82;kWh;-49341;6179;0;0;55520;-43162
2024-08-24T20:30;2024-08-24T20:45;83;kWh;-23540;0;0;0;23540;-23540
2024-08-24T20:45;2024-08-24T21:00;84;kWh;-19106;0;0;0;19106;-19106
2024-08-24T21:00;2024-08-24T21:15;85;kWh;-8818;0;0;0;8818;-8818
2024-08-24T21:15;2024-08-24T21:30;86;kWh;-3458;0;0;0;3458;-3458
2024-08-24T21:30;2024-08-24T21:45;87;kWh;-13553;0;0;0;13553;-13553
2024-08-24T21:45;2024-08-24T22:00;88;kWh;-15354;0;0;0;15354;-15354
2024-08-24T22:00;2024-08-24T22:15;89;kWh;-7798;855;0;0;8653;-6943
2024-08-24T22:15;2024-08-24T22:30;90;kWh;-10919;0;0;0;10919;-10919
2024-08-24T22:30;2024-08-24T22:45;91;kWh;-7692;0;0;0;7692;-7692
2024-08-24T22:45;2024-08-24T23:00;92;kWh;-6377;0;0;0;6377;-6377
2024-08-24T23:00;2024-08-24T23:15;93;kWh;-198;0;0;0;198;-198
2024-08-24T23:15;2024-08-24T23:30;94;kWh;-283;57;0;0;340;-226
2024-08-24T23:30;2024-08-24T23:45;95;kWh;0;33861;0;0;33861;33861
2024-08-24T23:45;2024-08-25T00:00;96;kWh;-1104;775;0;0;1879;-329
2024-08-25T00:00;2024-08-25T00:15;1;kWh;-7342;2457;0;0;9799;-4885
2024-08-25T00:15;2024-08-25T00:30;2;kWh;-761;84;0;0;845;-677
2024-08-25T00:30;2024-08-25T00:45;3;kWh;-3219;0;0;0;3219;-3219
2024-08-25T00:45;2024-08-25T01:00;4;kWh;-5227;0;0;0;5227;-5227
2024-08-25T01:00;2024-08-25T01:15;5;kWh;-275;2158;0;0;2433;1883
2024-08-25T01:15;2024-08-25T01:30;6;kWh;-249;1477;0;0;1726;1228
2024-08-25T01:30;2024-08-25T01:45;7;kWh;-249;9;0;0;258;-240
2024-08-25T01:45;2024-08-25T02:00;8;kWh;-249;1761;0;0;2010;1512
2024-08-25T02:00;2024-08-25T02:15;9;kWh;-249;16148;0;0;16397;15899
2024-08-25T02:15;2024-08-25T02:30;10;kWh;-249;37331;0;0;37580;37082
2024-08-25T02:30;2024-08-25T02:45;11;kWh;-249;18436;0;0;18685;18187
2024-08-25T02:45;2024-08-25T03:00;12;kWh;-425;14741;0;0;15166;14316
2024-08-25T03:00;2024-08-25T03:15;13;kWh;-1524;0;0;0;1524;-1524
2024-08-25T03:15;2024-08-25T03:30;14;kWh;-8352;0;0;0;8352;-8352
2024-08-25T03:30;2024-08-25T03:45;15;kWh;-2279;827;0;0;3106;-1452
2024-08-25T03:45;2024-08-25T04:00;16;kWh;-923;78;0;0;1001;-845
2024-08-25T04:00;2024-08-25T04:15;17;kWh;-3168;0;0;0;3168;-3168
2024-08-25T04:15;2024-08-25T04:30;18;kWh;-3574;0;0;0;3574;-3574
2024-08-25T04:30;2024-08-25T04:45;19;kWh;-5726;0;0;0;5726;-5726
2024-08-25T04:45;2024-08-25T05:00;20;kWh;-5387;0;0;0;5387;-5387
2024-08-25T05:00;2024-08-25T05:15;21;kWh;-6632;0;0;0;6632;-6632
2024-08-25T05:15;2024-08-25T05:30;22;kWh;-7825;0;0;0;7825;-7825
2024-08-25T05:30;2024-08-25T05:45;23;kWh;-1548;0;0;0;1548;-1548
2024-08-25T05:45;2024-08-25T06:00;24;kWh;-295;0;0;0;295;-295
2024-08-25T06:00;2024-08-25T06:15;25;kWh;-249;12147;0;0;12396;11898
2024-08-25T06:15;2024-08-25T06:30;26;kWh;-2608;13;0;0;2621;-2595
2024-08-25T06:30;2024-08-25T06:45;27;kWh;-1152;1449;0;0;2601;297
2024-08-25T06:45;2024-08-25T07:00;28;kWh;-2485;883;0;0;3368;-1602
2024-08-25T07:00;2024-08-25T07:15;29;kWh;-310;25348;0;0;25658;25038
2024-08-25T07:15;2024-08-25T07:30;30;kWh;-5101;7761;0;0;12862;2660
2024-08-25T07:30;2024-08-25T07:45;31;kWh;-9345;0;0;0;9345;-9345
2024-08-25T07:45;2024-08-25T08:00;32;kWh;-20596;0;0;0;20596;-20596
2024-08-25T08:00;2024-08-25T08:15;33;kWh;-1362;2325;0;0;3687;963
2024-08-25T08:15;2024-08-25T08:30;34;kWh;-4191;0;0;0;4191;-4191
2024-08-25T08:30;2024-08-25T08:45;35;kWh;-17685;532;0;0;18217;-17153
2024-08-25T08:45;2024-08-25T09:00;36;kWh;-26135;71;0;0;26206;-26064
2024-08-25T09:00;2024-08-25T09:15;37;kWh;-11644;28396;0;0;40040;16752
2024-08-25T09:15;2024-08-25T09:30;38;kWh;-3705;3829;0;0;7534;124
2024-08-25T09:30;2024-08-25T09:45;39;kWh;-24499;3011;0;0;27510;-21488
2024-08-25T09:45;2024-08-25T10:00;40;kWh;-20953;2549;0;0;23502;-18404
2024-08-25T10:00;2024-08-25T10:15;41;kWh;-34308;1987;0;0;36295;-32321
2024-08-25T10:15;2024-08-25T10:30;42;kWh;-14716;0;0;0;14716;-14716
2024-08-25T10:30;2024-08-25T10:45;43;kWh;-14837;0;0;0;14837;-14837
2024-08-25T10:45;2024-08-25T11:00;44;kWh;-11025;0;0;0;11025;-11025
2024-08-25T11:00;2024-08-25T11:15;45;kWh;-15221;3115;0;0;18336;-12106
2024-08-25T11:15;2024-08-25T11:30;46;kWh;-3253;1446;0;0;4699;-1807
2024-08-25T11:30;2024-08-25T11:45;47;kWh;-15033;1431;0;0;16464;-13602
2024-08-25T11:45;2024-08-25T12:00;48;kWh;-14092;713;0;0;14805;-13379
2024-08-25T12:00;2024-08-25T12:15;49;kWh;-7720;0;0;0;7720;-7720
2024-08-25T12:15;2024-08-25T12:30;50;kWh;-8814;0;0;0;8814;-8814
2024-08-25T12:30;2024-08-25T12:45;51;kWh;-2891;97;0;0;2988;-2794
2024-08-25T12:45;2024-08-25T13:00;52;kWh;-4464;268;0;0;4732;-4196
2024-08-25T13:00;2024-08-25T13:15;53;kWh;-501;1404;0;0;1905;903
2024-08-25T13:15;2024-08-25T13:30;54;kWh;-249;1503;0;0;1752;1254
2024-08-25T13:30;2024-08-25T13:45;55;kWh;-662;42;0;0;704;-620
2024-08-25T13:45;2024-08-25T14:00;56;kWh;-9048;1626;0;0;10674;-7422
2024-08-25T14:00;2024-08-25T14:15;57;kWh;-3593;589;0;0;4182;-3004
2024-08-25T14:15;2024-08-25T14:30;58;kWh;-5991;0;0;0;5991;-5991
2024-08-25T14:30;2024-08-25T14:45;59;kWh;-10644;88;0;0;10732;-10556
2024-08-25T14:45;2024-08-25T15:00;60;kWh;-16829;0;0;0;16829;-16829
2024-08-25T15:00;2024-08-25T15:15;61;kWh;-10708;0;0;0;10708;-10708
2024-08-25T15:15;2024-08-25T15:30;62;kWh;-249;253;0;0;502;4
2024-08-25T15:30;2024-08-25T15:45;63;kWh;-249;1034;0;0;1283;785
2024-08-25T15:45;2024-08-25T16:00;64;kWh;-253;1562;0;0;1815;1309
2024-08-25T16:00;2024-08-25T16:15;65;kWh;-1662;952;0;0;2614;-710
2024-08-25T16:15;2024-08-25T16:30;66;kWh;-249;16700;0;0;16949;16451
2024-08-25T16:30;2024-08-25T16:45;67;kWh;-249;16904;0;0;17153;16655
2024-08-25T16:45;2024-08-25T17:00;68;kWh;-2320;448;0;0;2768;-1872
2024-08-25T17:00;2024-08-25T17:15;69;kWh;-3602;3;0;0;3605;-3599
2024-08-25T17:15;2024-08-25T17:30;70;kWh;-266;151;0;0;417;-115
2024-08-25T17:30;2024-08-25T17:45;71;kWh;-1778;4446;0;0;6224;2668
2024-08-25T17:45;2024-08-25T18:00;72;kWh;-249;10486;0;0;10735;10237
2024-08-25T18:00;2024-08-25T18:15;73;kWh;-15118;107;0;0;15225;-15011
2024-08-25T18:15;2024-08-25T18:30;74;kWh;-7601;3632;0;0;11233;-3969
2024-08-25T18:30;2024-08-25T18:45;75;kWh;-4891;3645;0;0;8536;-1246
2024-08-25T18:45;2024-08-25T19:00;76;kWh;-1794;0;0;0;1794;-1794
2024-08-25T19:00;2024-08-25T19:15;77;kWh;-263;3354;0;0;3617;3091
2024-08-25T19:15;2024-08-25T19:30;78;kWh;-249;30069;0;0;30318;29820
2024-08-25T19:30;2024-08-25T19:45;79;kWh;-249;29186;0;0;29435;28937
2024-08-25T19:45;2024-08-25T20:00;80;kWh;-249;57448;0;0;57697;57199
2024-08-25T20:00;2024-08-25T20:15;81;kWh;-249;51793;0;0;52042;51544
2024-08-25T20:15;2024-08-25T20:30;82;kWh;-249;15899;0;0;16148;15650
2024-08-25T20:30;2024-08-25T20:45;83;kWh;-249;3902;0;0;4151;3653
2024-08-25T20:45;2024-08-25T21:00;84;kWh;-2593;0;0;0;2593;-2593
2024-08-25T21:00;2024-08-25T21:15;85;kWh;-12885;0;0;0;12885;-12885
2024-08-25T21:15;2024-08-25T21:30;86;kWh;-2943;0;0;0;2943;-2943
2024-08-25T21:30;2024-08-25T21:45;87;kWh;-249;0;0;0;249;-249
2024-08-25T21:45;2024-08-25T22:00;88;kWh;-15661;0;0;0;15661;-15661
2024-08-25T22:00;2024-08-25T22:15;89;kWh;-1030;720;0;0;1750;-310
2024-08-25T22:15;2024-08-25T22:30;90;kWh;-249;26;0;0;275;-223
2024-08-25T22:30;2024-08-25T22:45;91;kWh;-630;0;0;0;630;-630
2024-08-25T22:45;2024-08-25T23:00;92;kWh;-11831;0;0;0;11831;-11831
2024-08-25T23:00;2024-08-25T23:15;93;kWh;-7539;0;0;0;7539;-7539
2024-08-25T23:15;2024-08-25T23:30;94;kWh;-12349;0;0;0;12349;-12349
2024-08-25T23:30;2024-08-25T23:45;95;kWh;-4692;0;0;0;4692;-4692
2024-08-25T23:45;2024-08-26T00:00;96;kWh;-13804;0;0;0;13804;-13804
2024-08-26T00:00;2024-08-26T00:15;1;kWh;0;6673;0;0;6673;6673
2024-08-26T00:15;2024-08-26T00:30;2;kWh;-131;3187;0;0;3318;3056
2024-08-26T00:30;2024-08-26T00:45;3;kWh;-6976;0;0;0;6976;-6976
2024-08-26T00:45;2024-08-26T01:00;4;kWh;-11200;0;0;0;11200;-11200
2024-08-26T01:00;2024-08-26T01:15;5;kWh;-13497;396;0;0;13893;-13101
2024-08-26T01:15;2024-08-26T01:30;6;kWh;-22973;0;0;0;22973;-22973
2024-08-26T01:30;2024-08-26T01:45;7;kWh;-13978;16;0;0;13994;-13962
2024-08-26T01:45;2024-08-26T02:00;8;kWh;-22862;0;0;0;22862;-22862
2024-08-26T02:00;2024-08-26T02:15;9;kWh;-9195;0;0;0;9195;-9195
2024-08-26T02:15;2024-08-26T02:30;10;kWh;-9672;0;0;0;9672;-9672
2024-08-26T02:30;2024-08-26T02:45;11;kWh;-10777;0;0;0;10777;-10777
2024-08-26T02:45;2024-08-26T03:00;12;kWh;-18947;0;0;0;18947;-18947
2024-08-26T03:00;2024-08-26T03:15;13;kWh;-6414;0;0;0;6414;-6414
2024-08-26T03:15;2024-08-26T03:30;14;kWh;-3751;0;0;0;3751;-3751
2024-08-26T03:30;2024-08-26T03:45;15;kWh;-524;24;0;0;548;-500
2024-08-26T03:45;2024-08-26T04:00;16;kWh;-6358;0;0;0;6358;-6358
2024-08-26T04:00;2024-08-26T04:15;17;kWh;-2535;0;0;0;2535;-2535
2024-08-26T04:15;2024-08-26T04:30;18;kWh;-1752;0;0;0;1752;-1752
2024-08-26T04:30;2024-08-26T04:45;19;kWh;-5225;210;0;0;5435;-5015
2024-08-26T04:45;2024-08-26T05:00;20;kWh;-789;70;0;0;859;-719
2024-08-26T05:00;2024-08-26T05:15;21;kWh;-8977;0;0;0;8977;-8977
2024-08-26T05:15;2024-08-26T05:30;22;kWh;-10642;0;0;0;10642;-10642
2024-08-26T05:30;2024-08-26T05:45;23;kWh;-1157;84;0;0;1241;-1073
2024-08-26T05:45;2024-08-26T06:00;24;kWh;-4254;2459;0;0;6713;-1795
2024-08-26T06:00;2024-08-26T06:15;25;kWh;-15110;17938;0;0;33048;2828
2024-08-26T06:15;2024-08-26T06:30;26;kWh;-605;17466;0;0;18071;16861
2024-08-26T06:30;2024-08-26T06:45;27;kWh;-1593;295;0;0;1888;-1298
2024-08-26T06:45;2024-08-26T07:00;28;kWh;0;2078;0;0;2078;2078
2024-08-26T07:00;2024-08-26T07:15;29;kWh;-1039;4305;0;0;5344;3266
2024-08-26T07:15;2024-08-26T07:30;30;kWh;0;10589;0;0;10589;10589
2024-08-26T07:30;2024-08-26T07:45;31;kWh;0;20801;0;0;20801;20801
2024-08-26T07:45;2024-08-26T08:00;32;kWh;-2329;7183;0;0;9512;4854
2024-08-26T08:00;2024-08-26T08:15;33;kWh;0;20363;0;0;20363;20363
2024-08-26T08:15;2024-08-26T08:30;34;kWh;-5671;489;0;0;6160;-5182
2024-08-26T08:30;2024-08-26T08:45;35;kWh;-17560;0;0;0;17560;-17560
2024-08-26T08:45;2024-08-26T09:00;36;kWh;-29573;0;0;0;29573;-29573
2024-08-26T09:00;2024-08-26T09:15;37;kWh;-21408;164;0;0;21572;-21244
2024-08-26T09:15;2024-08-26T09:30;38;kWh;-32677;0;0;0;32677;-32677
2024-08-26T09:30;2024-08-26T09:45;39;kWh;-24145;0;0;0;24145;-24145
2024-08-26T09:45;2024-08-26T10:00;40;kWh;-22995;18753;0;0;41748;-4242
2024-08-26T10:00;2024-08-26T10:15;41;kWh;-33259;2852;0;0;36111;-30407
2024-08-26T10:15;2024-08-26T10:30;42;kWh;-38016;484;0;0;38500;-37532
2024-08-26T10:30;2024-08-26T10:45;43;kWh;-39216;822;0;0;40038;-38394
2024-08-26T10:45;2024-08-26T11:00;44;kWh;-43383;1934;0;0;45317;-41449
2024-08-26T11:00;2024-08-26T11:15;45;kWh;-49372;320;0;0;49692;-49052
2024-08-26T11:15;2024-08-26T11:30;46;kWh;-42936;0;0;0;42936;-42936
2024-08-26T11:30;2024-08-26T11:45;47;kWh;-30000;0;0;0;30000;-30000
2024-08-26T11:45;2024-08-26T12:00;48;kWh;-39012;284;0;0;39296;-38728
2024-08-26T12:00;2024-08-26T12:15;49;kWh;-60;62999;0;0;63059;62939
2024-08-26T12:15;2024-08-26T12:30;50;kWh;-28343;6478;0;0;34821;-21865
2024-08-26T12:30;2024-08-26T12:45;51;kWh;-21941;2912;0;0;24853;-19029
2024-08-26T12:45;2024-08-26T13:00;52;kWh;-4293;899;0;0;5192;-3394
2024-08-26T13:00;2024-08-26T13:15;53;kWh;-976;4070;0;0;5046;3094
2024-08-26T13:15;2024-08-26T13:30;54;kWh;-21786;3105;0;0;24891;-18681
2024-08-26T13:30;2024-08-26T13:45;55;kWh;-8699;17811;0;0;26510;9112
2024-08-26T13:45;2024-08-26T14:00;56;kWh;-1939;11575;0;0;13514;9636
2024-08-26T14:00;2024-08-26T14:15;57;kWh;-12688;503;0;0;13191;-12185
2024-08-26T14:15;2024-08-26T14:30;58;kWh;-34;7118;0;0;7152;7084
2024-08-26T14:30;2024-08-26T14:45;59;kWh;-468;18445;0;0;18913;17977
2024-08-26T14:45;2024-08-26T15:00;60;kWh;-6950;1826;0;0;8776;-5124
2024-08-26T15:00;2024-08-26T15:15;61;kWh;-29572;0;0;0;29572;-29572
2024-08-26T15:15;2024-08-26T15:30;62;kWh;-16049;0;0;0;16049;-16049
2024-08-26T15:30;2024-08-26T15:45;63;kWh;-4057;0;0;0;4057;-4057
2024-08-26T15:45;2024-08-26T16:00;64;kWh;-3234;0;0;0;3234;-3234
2024-08-26T16:00;2024-08-26T16:15;65;kWh;-6703;0;0;0;6703;-6703
2024-08-26T16:15;2024-08-26T16:30;66;kWh;-481;285;0;0;766;-196
2024-08-26T16:30;2024-08-26T16:45;67;kWh;0;524;0;0;524;524
2024-08-26T16:45;2024-08-26T17:00;68;kWh;0;4;0;0;4;4
2024-08-26T17:00;2024-08-26T17:15;69;kWh;0;7987;0;0;7987;7987
2024-08-26T17:15;2024-08-26T17:30;70;kWh;0;10840;0;0;10840;10840
2024-08-26T17:30;2024-08-26T17:45;71;kWh;-572;82;0;0;654;-490
2024-08-26T17:45;2024-08-26T18:00;72;kWh;-740;0;0;0;740;-740
2024-08-26T18:00;2024-08-26T18:15;73;kWh;-5229;0;0;0;5229;-5229
2024-08-26T18:15;2024-08-26T18:30;74;kWh;-17191;6907;0;0;24098;-10284
2024-08-26T18:30;2024-08-26T18:45;75;kWh;-21278;2474;0;0;23752;-18804
2024-08-26T18:45;2024-08-26T19:00;76;kWh;-6411;0;0;0;6411;-6411
2024-08-26T19:00;2024-08-26T19:15;77;kWh;-27752;543;0;0;28295;-27209
2024-08-26T19:15;2024-08-26T19:30;78;kWh;0;11957;0;0;11957;11957
2024-08-26T19:30;2024-08-26T19:45;79;kWh;0;17193;0;0;17193;17193
2024-08-26T19:45;2024-08-26T20:00;80;kWh;0;88820;0;0;88820;88820
2024-08-26T20:00;2024-08-26T20:15;81;kWh;0;42381;0;0;42381;42381
2024-08-26T20:15;2024-08-26T20:30;82;kWh;0;27868;0;0;27868;27868
2024-08-26T20:30;2024-08-26T20:45;83;kWh;0;29873;0;0;29873;29873
2024-08-26T20:45;2024-08-26T21:00;84;kWh;0;50023;0;0;50023;50023
2024-08-26T21:00;2024-08-26T21:15;85;kWh;0;40144;0;0;40144;40144
2024-08-26T21:15;2024-08-26T21:30;86;kWh;0;3554;0;0;3554;3554
2024-08-26T21:30;2024-08-26T21:45;87;kWh;0;565;0;0;565;565
2024-08-26T21:45;2024-08-26T22:00;88;kWh;-42;73;0;0;115;31
2024-08-26T22:00;2024-08-26T22:15;89;kWh;-27787;0;0;0;27787;-27787
2024-08-26T22:15;2024-08-26T22:30;90;kWh;-38674;0;0;0;38674;-38674
2024-08-26T22:30;2024-08-26T22:45;91;kWh;-30549;0;0;0;30549;-30549
2024-08-26T22:45;2024-08-26T23:00;92;kWh;-59819;0;0;0;59819;-59819
2024-08-26T23:00;2024-08-26T23:15;93;kWh;-25409;0;0;0;25409;-25409
2024-08-26T23:15;2024-08-26T23:30;94;kWh;-14466;0;0;0;14466;-14466
2024-08-26T23:30;2024-08-26T23:45;95;kWh;-32859;0;0;0;32859;-32859
2024-08-26T23:45;2024-08-27T00:00;96;kWh;-43816;0;0;0;43816;-43816
2024-08-27T00:00;2024-08-27T00:15;1;kWh;-22170;0;0;0;22170;-22170
2024-08-27T00:15;2024-08-27T00:30;2;kWh;-7208;0;0;0;7208;-7208
2024-08-27T00:30;2024-08-27T00:45;3;kWh;-5633;0;0;0;5633;-5633
2024-08-27T00:45;2024-08-27T01:00;4;kWh;-11132;0;0;0;11132;-11132
2024-08-27T01:00;2024-08-27T01:15;5;kWh;-13195;0;0;0;13195;-13195
2024-08-27T01:15;2024-08-27T01:30;6;kWh;-7276;0;0;0;7276;-7276
2024-08-27T01:30;2024-08-27T01:45;7;kWh;-3793;0;0;0;3793;-3793
2024-08-27T01:45;2024-08-27T02:00;8;kWh;-16547;0;0;0;16547;-16547
2024-08-27T02:00;2024-08-27T02:15;9;kWh;-25181;0;0;0;25181;-25181
2024-08-27T02:15;2024-08-27T02:30;10;kWh;-23109;0;0;0;23109;-23109
2024-08-27T02:30;2024-08-27T02:45;11;kWh;-10267;0;0;0;10267;-10267
2024-08-27T02:45;2024-08-27T03:00;12;kWh;-11568;0;0;0;11568;-11568
2024-08-27T03:00;2024-08-27T03:15;13;kWh;-5558;0;0;0;5558;-5558
2024-08-27T03:15;2024-08-27T03:30;14;kWh;-1717;0;0;0;1717;-1717
2024-08-27T03:30;2024-08-27T03:45;15;kWh;0;0;0;0;0;0
2024-08-27T03:45;2024-08-27T04:00;16;kWh;0;0;0;0;0;0
2024-08-27T04:00;2024-08-27T04:15;17;kWh;0;3242;0;0;3242;3242
2024-08-27T04:15;2024-08-27T04:30;18;kWh;0;4348;0;0;4348;4348
2024-08-27T04:30;2024-08-27T04:45;19;kWh;0;3300;0;0;3300;3300
2024-08-27T04:45;2024-08-27T05:00;20;kWh;-110;1477;0;0;1587;1367
2024-08-27T05:00;2024-08-27T05:15;21;kWh;-2484;0;0;0;2484;-2484
2024-08-27T05:15;2024-08-27T05:30;22;kWh;-8431;0;0;0;8431;-8431
2024-08-27T05:30;2024-08-27T05:45;23;kWh;-26094;0;0;0;26094;-26094
2024-08-27T05:45;2024-08-27T06:00;24;kWh;-4591;0;0;0;4591;-4591
2024-08-27T06:00;2024-08-27T06:15;25;kWh;-9926;10529;0;0;20455;603
2024-08-27T06:15;2024-08-27T06:30;26;kWh;0;9335;0;0;9335;9335
2024-08-27T06:30;2024-08-27T06:45;27;kWh;0;884;0;0;884;884
2024-08-27T06:45;2024-08-27T07:00;28;kWh;0;4543;0;0;4543;4543
2024-08-27T07:00;2024-08-27T07:15;29;kWh;0;12605;0;0;12605;12605
2024-08-27T07:15;2024-08-27T07:30;30;kWh;0;30042;0;0;30042;30042
2024-08-27T07:30;2024-08-27T07:45;31;kWh;0;24248;0;0;24248;24248
2024-08-27T07:45;2024-08-27T08:00;32;kWh;0;24272;0;0;24272;24272
2024-08-27T08:00;2024-08-27T08:15;33;kWh;0;1061;0;0;1061;1061
2024-08-27T08:15;2024-08-27T08:30;34;kWh;-44;2538;0;0;2582;2494
2024-08-27T08:30;2024-08-27T08:45;35;kWh;-589;0;0;0;589;-589
2024-08-27T08:45;2024-08-27T09:00;36;kWh;-5189;0;0;0;5189;-5189
2024-08-27T09:00;2024-08-27T09:15;37;kWh;-23323;6392;0;0;29715;-16931
2024-08-27T09:15;2024-08-27T09:30;38;kWh;-11041;57;0;0;11098;-10984
2024-08-27T09:30;2024-08-27T09:45;39;kWh;-28417;0;0;0;28417;-28417
2024-08-27T09:45;2024-08-27T10:00;40;kWh;-10110;0;0;0;10110;-10110
2024-08-27T10:00;2024-08-27T10:15;41;kWh;-16135;0;0;0;16135;-16135
2024-08-27T10:15;2024-08-27T10:30;42;kWh;-498;2303;0;0;2801;1805
2024-08-27T10:30;2024-08-27T10:45;43;kWh;-706;398;0;0;1104;-308
2024-08-27T10:45;2024-08-27T11:00;44;kWh;-36389;0;0;0;36389;-36389
2024-08-27T11:00;2024-08-27T11:15;45;kWh;-4182;0;0;0;4182;-4182
2024-08-27T11:15;2024-08-27T11:30;46;kWh;-10545;0;0;0;10545;-10545
2024-08-27T11:30;2024-08-27T11:45;47;kWh;-22877;0;0;0;22877;-22877
2024-08-27T11:45;2024-08-27T12:00;48;kWh;-34131;0;0;0;34131;-34131
2024-08-27T12:00;2024-08-27T12:15;49;kWh;-24277;0;0;0;24277;-24277
2024-08-27T12:15;2024-08-27T12:30;50;kWh;-18856;0;0;0;18856;-18856
2024-08-27T12:30;2024-08-27T12:45;51;kWh;-9222;0;0;0;9222;-9222
2024-08-27T12:45;2024-08-27T13:00;52;kWh;-20843;0;0;0;20843;-20843
2024-08-27T13:00;2024-08-27T13:15;53;kWh;-6014;1740;0;0;7754;-4274
2024-08-27T13:15;2024-08-27T13:30;54;kWh;0;3714;0;0;3714;3714
2024-08-27T13:30;2024-08-27T13:45;55;kWh;0;5490;0;0;5490;5490
2024-08-27T13:45;2024-08-27T14:00;56;kWh;0;3481;0;0;3481;3481
2024-08-27T14:00;2024-08-27T14:15;57;kWh;0;210;0;0;210;210
2024-08-27T14:15;2024-08-27T14:30;58;kWh;-172;59;0;0;231;-113
2024-08-27T14:30;2024-08-27T14:45;59;kWh;0;2644;0;0;2644;2644
2024-08-27T14:45;2024-08-27T15:00;60;kWh;-120;64;0;0;184;-56
2024-08-27T15:00;2024-08-27T15:15;61;kWh;-12851;0;0;0;12851;-12851
2024-08-27T15:15;2024-08-27T15:30;62;kWh;-7753;0;0;0;7753;-7753
2024-08-27T15:30;2024-08-27T15:45;63;kWh;-9183;0;0;0;9183;-9183
2024-08-27T15:45;2024-08-27T16:00;64;kWh;-9956;966;0;0;10922;-8990
2024-08-27T16:00;2024-08-27T16:15;65;kWh;-29106;18;0;0;29124;-29088
2024-08-27T16:15;2024-08-27T16:30;66;kWh;-15054;0;0;0;15054;-15054
2024-08-27T16:30;2024-08-27T16:45;67;kWh;-11498;703;0;0;12201;-10795
2024-08-27T16:45;2024-08-27T17:00;68;kWh;-11126;879;0;0;12005;-10247
2024-08-27T17:00;2024-08-27T17:15;69;kWh;-6;1305;0;0;1311;1299
2024-08-27T17:15;2024-08-27T17:30;70;kWh;-13206;0;0;0;13206;-13206
2024-08-27T17:30;2024-08-27T17:45;71;kWh;-20037;39;0;0;20076;-19998
2024-08-27T17:45;2024-08-27T18:00;72;kWh;-4697;113;0;0;4810;-4584
2024-08-27T18:00;2024-08-27T18:15;73;kWh;-17643;0;0;0;17643;-17643
2024-08-27T18:15;2024-08-27T18:30;74;kWh;-27224;0;0;0;27224;-27224
2024-08-27T18:30;2024-08-27T18:45;75;kWh;-18127;0;0;0;18127;-18127
2024-08-27T18:45;2024-08-27T19:00;76;kWh;-1899;0;0;0;1899;-1899
2024-08-27T19:00;2024-08-27T19:15;77;kWh;-1152;1365;0;0;2517;213
2024-08-27T19:15;2024-08-27T19:30;78;kWh;0;13543;0;0;13543;13543
2024-08-27T19:30;2024-08-27T19:45;79;kWh;0;45636;0;0;45636;45636
2024-08-27T19:45;2024-08-27T20:00;80;kWh;0;75756;0;0;75756;75756
2024-08-27T20:00;2024-08-27T20:15;81;kWh;0;41680;0;0;41680;41680
2024-08-27T20:15;2024-08-27T20:30;82;kWh;0;15157;0;0;15157;15157
2024-08-27T20:30;2024-08-27T20:45;83;kWh;0;11135;0;0;11135;11135
2024-08-27T20:45;2024-08-27T21:00;84;kWh;0;27411;0;0;27411;27411
2024-08-27T21:00;2024-08-27T21:15;85;kWh;0;31570;0;0;31570;31570
2024-08-27T21:15;2024-08-27T21:30;86;kWh;0;1262;0;0;1262;1262
2024-08-27T21:30;2024-08-27T21:45;87;kWh;0;1624;0;0;1624;1624
2024-08-27T21:45;2024-08-27T22:00;88;kWh;0;46;0;0;46;46
2024-08-27T22:00;2024-08-27T22:15;89;kWh;0;1482;0;0;1482;1482
2024-08-27T22:15;2024-08-27T22:30;90;kWh;0;7024;0;0;7024;7024
2024-08-27T22:30;2024-08-27T22:45;91;kWh;0;1835;0;0;1835;1835
2024-08-27T22:45;2024-08-27T23:00;92;kWh;0;22559;0;0;22559;22559
2024-08-27T23:00;2024-08-27T23:15;93;kWh;0;3896;0;0;3896;3896
2024-08-27T23:15;2024-08-27T23:30;94;kWh;0;2192;0;0;2192;2192
2024-08-27T23:30;2024-08-27T23:45;95;kWh;0;6548;0;0;6548;6548
2024-08-27T23:45;2024-08-28T00:00;96;kWh;-4287;0;0;0;4287;-4287
2024-08-28T00:00;2024-08-28T00:15;1;kWh;-6094;0;0;0;6094;-6094
2024-08-28T00:15;2024-08-28T00:30;2;kWh;-12028;0;0;0;12028;-12028
2024-08-28T00:30;2024-08-28T00:45;3;kWh;-12870;0;0;0;12870;-12870
2024-08-28T00:45;2024-08-28T01:00;4;kWh;-19594;0;0;0;19594;-19594
2024-08-28T01:00;2024-08-28T01:15;5;kWh;-10492;0;0;0;10492;-10492
2024-08-28T01:15;2024-08-28T01:30;6;kWh;0;356;0;0;356;356
2024-08-28T01:30;2024-08-28T01:45;7;kWh;-850;0;0;0;850;-850
2024-08-28T01:45;2024-08-28T02:00;8;kWh;-10418;0;0;0;10418;-10418
2024-08-28T02:00;2024-08-28T02:15;9;kWh;-67;2947;0;0;3014;2880
2024-08-28T02:15;2024-08-28T02:30;10;kWh;0;1698;0;0;1698;1698
2024-08-28T02:30;2024-08-28T02:45;11;kWh;0;0;0;0;0;0
2024-08-28T02:45;2024-08-28T03:00;12;kWh;0;77;0;0;77;77
2024-08-28T03:00;2024-08-28T03:15;13;kWh;0;5;0;0;5;5
2024-08-28T03:15;2024-08-28T03:30;14;kWh;0;77;0;0;77;77
2024-08-28T03:30;2024-08-28T03:45;15;kWh;0;3744;0;0;3744;3744
2024-08-28T03:45;2024-08-28T04:00;16;kWh;0;19394;0;0;19394;19394
2024-08-28T04:00;2024-08-28T04:15;17;kWh;0;8568;0;0;8568;8568
2024-08-28T04:15;2024-08-28T04:30;18;kWh;0;9886;0;0;9886;9886
2024-08-28T04:30;2024-08-28T04:45;19;kWh;0;11549;0;0;11549;11549
2024-08-28T04:45;2024-08-28T05:00;20;kWh;0;4404;0;0;4404;4404
2024-08-28T05:00;2024-08-28T05:15;21;kWh;0;0;0;0;0;0
2024-08-28T05:15;2024-08-28T05:30;22;kWh;-2487;0;0;0;2487;-2487
2024-08-28T05:30;2024-08-28T05:45;23;kWh;-14106;0;0;0;14106;-14106
2024-08-28T05:45;2024-08-28T06:00;24;kWh;-2577;0;0;0;2577;-2577
2024-08-28T06:00;2024-08-28T06:15;25;kWh;-10680;0;0;0;10680;-10680
2024-08-28T06:15;2024-08-28T06:30;26;kWh;0;17036;0;0;17036;17036
2024-08-28T06:30;2024-08-28T06:45;27;kWh;0;36790;0;0;36790;36790
2024-08-28T06:45;2024-08-28T07:00;28;kWh;0;48193;0;0;48193;48193
2024-08-28T07:00;2024-08-28T07:15;29;kWh;0;57950;0;0;57950;57950
2024-08-28T07:15;2024-08-28T07:30;30;kWh;0;59022;0;0;59022;59022
2024-08-28T07:30;2024-08-28T07:45;31;kWh;0;58895;0;0;58895;58895
2024-08-28T07:45;2024-08-28T08:00;32;kWh;0;52990;0;0;52990;52990
2024-08-28T08:00;2024-08-28T08:15;33;kWh;0;32788;0;0;32788;32788
2024-08-28T08:15;2024-08-28T08:30;34;kWh;-35;258;0;0;293;223
2024-08-28T08:30;2024-08-28T08:45;35;kWh;-29147;0;0;0;29147;-29147
2024-08-28T08:45;2024-08-28T09:00;36;kWh;-40702;0;0;0;40702;-40702
2024-08-28T09:00;2024-08-28T09:15;37;kWh;-14909;0;0;0;14909;-14909
2024-08-28T09:15;2024-08-28T09:30;38;kWh;-22;7342;0;0;7364;7320
2024-08-28T09:30;2024-08-28T09:45;39;kWh;-43;3949;0;0;3992;3906
2024-08-28T09:45;2024-08-28T10:00;40;kWh;-2425;0;0;0;2425;-2425
2024-08-28T10:00;2024-08-28T10:15;41;kWh;-8744;0;0;0;8744;-8744
2024-08-28T10:15;2024-08-28T10:30;42;kWh;-576;1101;0;0;1677;525
2024-08-28T10:30;2024-08-28T10:45;43;kWh;-2461;0;0;0;2461;-2461
2024-08-28T10:45;2024-08-28T11:00;44;kWh;-804;0;0;0;804;-804
2024-08-28T11:00;2024-08-28T11:15;45;kWh;-280;4936;0;0;5216;4656
2024-08-28T11:15;2024-08-28T11:30;46;kWh;0;27;0;0;27;27
2024-08-28T11:30;2024-08-28T11:45;47;kWh;-23;9057;0;0;9080;9034
2024-08-28T11:45;2024-08-28T12:00;48;kWh;-5778;724;0;0;6502;-5054
2024-08-28T12:00;2024-08-28T12:15;49;kWh;-5569;4214;0;0;9783;-1355
2024-08-28T12:15;2024-08-28T12:30;50;kWh;-11060;261;0;0;11321;-10799
2024-08-28T12:30;2024-08-28T12:45;51;kWh;-2695;0;0;0;2695;-2695
2024-08-28T12:45;2024-08-28T13:00;52;kWh;-14673;0;0;0;14673;-14673
2024-08-28T13:00;2024-08-28T13:15;53;kWh;-6446;222;0;0;6668;-6224
2024-08-28T13:15;2024-08-28T13:30;54;kWh;-15653;0;0;0;15653;-15653
2024-08-28T13:30;2024-08-28T13:45;55;kWh;-18375;585;0;0;18960;-17790
2024-08-28T13:45;2024-08-28T14:00;56;kWh;-13475;0;0;0;13475;-13475
2024-08-28T14:00;2024-08-28T14:15;57;kWh;-6678;0;0;0;6678;-6678
2024-08-28T14:15;2024-08-28T14:30;58;kWh;-1935;0;0;0;1935;-1935
2024-08-28T14:30;2024-08-28T14:45;59;kWh;-2262;0;0;0;2262;-2262
2024-08-28T14:45;2024-08-28T15:00;60;kWh;-4027;0;0;0;4027;-4027
2024-08-28T15:00;2024-08-28T15:15;61;kWh;-4675;65;0;0;4740;-4610
2024-08-28T15:15;2024-08-28T15:30;62;kWh;0;3994;0;0;3994;3994
2024-08-28T15:30;2024-08-28T15:45;63;kWh;0;12689;0;0;12689;12689
2024-08-28T15:45;2024-08-28T16:00;64;kWh;0;16034;0;0;16034;16034
2024-08-28T16:00;2024-08-28T16:15;65;kWh;0;213;0;0;213;213
2024-08-28T16:15;2024-08-28T16:30;66;kWh;0;0;0;0;0;0
2024-08-28T16:30;2024-08-28T16:45;67;kWh;-966;284;0;0;1250;-682
2024-08-28T16:45;2024-08-28T17:00;68;kWh;-102;2846;0;0;2948;2744
2024-08-28T17:00;2024-08-28T17:15;69;kWh;-16532;0;0;0;16532;-16532
2024-08-28T17:15;2024-08-28T17:30;70;kWh;0;4;0;0;4;4
2024-08-28T17:30;2024-08-28T17:45;71;kWh;0;890;0;0;890;890
2024-08-28T17:45;2024-08-28T18:00;72;kWh;0;4071;0;0;4071;4071
2024-08-28T18:00;2024-08-28T18:15;73;kWh;-8575;15288;0;0;23863;6713
2024-08-28T18:15;2024-08-28T18:30;74;kWh;-45448;0;0;0;45448;-45448
2024-08-28T18:30;2024-08-28T18:45;75;kWh;-14396;0;0;0;14396;-14396
2024-08-28T18:45;2024-08-28T19:00;76;kWh;-2191;0;0;0;2191;-2191
2024-08-28T19:00;2024-08-28T19:15;77;kWh;-4772;1078;0;0;5850;-3694
2024-08-28T19:15;2024-08-28T19:30;78;kWh;0;22044;0;0;22044;22044
2024-08-28T19:30;2024-08-28T19:45;79;kWh;0;65546;0;0;65546;65546
2024-08-28T19:45;2024-08-28T20:00;80;kWh;0;91593;0;0;91593;91593
2024-08-28T20:00;2024-08-28T20:15;81;kWh;0;44357;0;0;44357;44357
2024-08-28T20:15;2024-08-28T20:30;82;kWh;0;5905;0;0;5905;5905
2024-08-28T20:30;2024-08-28T20:45;83;kWh;0;1797;0;0;1797;1797
2024-08-28T20:45;2024-08-28T21:00;84;kWh;0;6260;0;0;6260;6260
2024-08-28T21:00;2024-08-28T21:15;85;kWh;0;9501;0;0;9501;9501
2024-08-28T21:15;2024-08-28T21:30;86;kWh;0;12730;0;0;12730;12730
2024-08-28T21:30;2024-08-28T21:45;87;kWh;0;12;0;0;12;12
2024-08-28T21:45;2024-08-28T22:00;88;kWh;-4500;0;0;0;4500;-4500
2024-08-28T22:00;2024-08-28T22:15;89;kWh;-3424;0;0;0;3424;-3424
2024-08-28T22:15;2024-08-28T22:30;90;kWh;0;257;0;0;257;257
2024-08-28T22:30;2024-08-28T22:45;91;kWh;0;220;0;0;220;220
2024-08-28T22:45;2024-08-28T23:00;92;kWh;-17;10487;0;0;10504;10470
2024-08-28T23:00;2024-08-28T23:15;93;kWh;-57;4447;0;0;4504;4390
2024-08-28T23:15;2024-08-28T23:30;94;kWh;0;12604;0;0;12604;12604
2024-08-28T23:30;2024-08-28T23:45;95;kWh;0;8448;0;0;8448;8448
2024-08-28T23:45;2024-08-29T00:00;96;kWh;0;11564;0;0;11564;11564
2024-08-29T00:00;2024-08-29T00:15;1;kWh;0;978;0;0;978;978
2024-08-29T00:15;2024-08-29T00:30;2;kWh;-7918;0;0;0;7918;-7918
2024-08-29T00:30;2024-08-29T00:45;3;kWh;-6231;0;0;0;6231;-6231
2024-08-29T00:45;2024-08-29T01:00;4;kWh;-13181;0;0;0;13181;-13181
2024-08-29T01:00;2024-08-29T01:15;5;kWh;-7257;929;0;0;8186;-6328
2024-08-29T01:15;2024-08-29T01:30;6;kWh;0;1853;0;0;1853;1853
2024-08-29T01:30;2024-08-29T01:45;7;kWh;-4898;0;0;0;4898;-4898
2024-08-29T01:45;2024-08-29T02:00;8;kWh;-9139;0;0;0;9139;-9139
2024-08-29T02:00;2024-08-29T02:15;9;kWh;-4901;1598;0;0;6499;-3303
2024-08-29T02:15;2024-08-29T02:30;10;kWh;0;2475;0;0;2475;2475
2024-08-29T02:30;2024-08-29T02:45;11;kWh;0;4335;0;0;4335;4335
2024-08-29T02:45;2024-08-29T03:00;12;kWh;0;991;0;0;991;991
2024-08-29T03:00;2024-08-29T03:15;13;kWh;0;0;0;0;0;0
2024-08-29T03:15;2024-08-29T03:30;14;kWh;0;0;0;0;0;0
2024-08-29T03:30;2024-08-29T03:45;15;kWh;0;0;0;0;0;0
2024-08-29T03:45;2024-08-29T04:00;16;kWh;-17054;0;0;0;17054;-17054
2024-08-29T04:00;2024-08-29T04:15;17;kWh;-36103;0;0;0;36103;-36103
2024-08-29T04:15;2024-08-29T04:30;18;kWh;-26876;0;0;0;26876;-26876
2024-08-29T04:30;2024-08-29T04:45;19;kWh;-8134;0;0;0;8134;-8134
2024-08-29T04:45;2024-08-29T05:00;20;kWh;-1067;0;0;0;1067;-1067
2024-08-29T05:00;2024-08-29T05:15;21;kWh;-540;0;0;0;540;-540
2024-08-29T05:15;2024-08-29T05:30;22;kWh;0;934;0;0;934;934
2024-08-29T05:30;2024-08-29T05:45;23;kWh;0;17630;0;0;17630;17630
2024-08-29T05:45;2024-08-29T06:00;24;kWh;0;22050;0;0;22050;22050
2024-08-29T06:00;2024-08-29T06:15;25;kWh;0;22989;0;0;22989;22989
2024-08-29T06:15;2024-08-29T06:30;26;kWh;0;78107;0;0;78107;78107
2024-08-29T06:30;2024-08-29T06:45;27;kWh;0;63733;0;0;63733;63733
2024-08-29T06:45;2024-08-29T07:00;28;kWh;0;72335;0;0;72335;72335
2024-08-29T07:00;2024-08-29T07:15;29;kWh;0;84561;0;0;84561;84561
2024-08-29T07:15;2024-08-29T07:30;30;kWh;0;102840;0;0;102840;102840
2024-08-29T07:30;2024-08-29T07:45;31;kWh;0;67277;0;0;67277;67277
2024-08-29T07:45;2024-08-29T08:00;32;kWh;0;6790;0;0;6790;6790
2024-08-29T08:00;2024-08-29T08:15;33;kWh;0;10143;0;0;10143;10143
2024-08-29T08:15;2024-08-29T08:30;34;kWh;-2482;82;0;0;2564;-2400
2024-08-29T08:30;2024-08-29T08:45;35;kWh;-50270;0;0;0;50270;-50270
2024-08-29T08:45;2024-08-29T09:00;36;kWh;-32234;0;0;0;32234;-32234
2024-08-29T09:00;2024-08-29T09:15;37;kWh;-6265;19893;0;0;26158;13628
2024-08-29T09:15;2024-08-29T09:30;38;kWh;0;33754;0;0;33754;33754
2024-08-29T09:30;2024-08-29T09:45;39;kWh;-242;1908;0;0;2150;1666
2024-08-29T09:45;2024-08-29T10:00;40;kWh;-3467;0;0;0;3467;-3467
2024-08-29T10:00;2024-08-29T10:15;41;kWh;-814;661;0;0;1475;-153
2024-08-29T10:15;2024-08-29T10:30;42;kWh;0;3291;0;0;3291;3291
2024-08-29T10:30;2024-08-29T10:45;43;kWh;-1786;12;0;0;1798;-1774
2024-08-29T10:45;2024-08-29T11:00;44;kWh;-4095;0;0;0;4095;-4095
2024-08-29T11:00;2024-08-29T11:15;45;kWh;-15284;0;0;0;15284;-15284
2024-08-29T11:15;2024-08-29T11:30;46;kWh;-3403;29;0;0;3432;-3374
2024-08-29T11:30;2024-08-29T11:45;47;kWh;0;2042;0;0;2042;2042
2024-08-29T11:45;2024-08-29T12:00;48;kWh;0;2020;0;0;2020;2020
2024-08-29T12:00;2024-08-29T12:15;49;kWh;0;2450;0;0;2450;2450
2024-08-29T12:15;2024-08-29T12:30;50;kWh;0;1067;0;0;1067;1067
2024-08-29T12:30;2024-08-29T12:45;51;kWh;0;0;0;0;0;0
2024-08-29T12:45;2024-08-29T13:00;52;kWh;-4199;0;0;0;4199;-4199
2024-08-29T13:00;2024-08-29T13:15;53;kWh;-5183;0;0;0;5183;-5183
2024-08-29T13:15;2024-08-29T13:30;54;kWh;-3425;0;0;0;3425;-3425
2024-08-29T13:30;2024-08-29T13:45;55;kWh;-8123;0;0;0;8123;-8123
2024-08-29T13:45;2024-08-29T14:00;56;kWh;-10044;90;0;0;10134;-9954
2024-08-29T14:00;2024-08-29T14:15;57;kWh;-11095;178;0;0;11273;-10917
2024-08-29T14:15;2024-08-29T14:30;58;kWh;-1930;0;0;0;1930;-1930
2024-08-29T14:30;2024-08-29T14:45;59;kWh;-1757;5717;0;0;7474;3960
2024-08-29T14:45;2024-08-29T15:00;60;kWh;0;30857;0;0;30857;30857
2024-08-29T15:00;2024-08-29T15:15;61;kWh;0;96598;0;0;96598;96598
2024-08-29T15:15;2024-08-29T15:30;62;kWh;0;37499;0;0;37499;37499
2024-08-29T15:30;2024-08-29T15:45;63;kWh;0;46760;0;0;46760;46760
2024-08-29T15:45;2024-08-29T16:00;64;kWh;-271;26360;0;0;26631;26089
2024-08-29T16:00;2024-08-29T16:15;65;kWh;-35077;68;0;0;35145;-35009
2024-08-29T16:15;2024-08-29T16:30;66;kWh;-29065;188;0;0;29253;-28877
2024-08-29T16:30;2024-08-29T16:45;67;kWh;-31973;1021;0;0;32994;-30952
2024-08-29T16:45;2024-08-29T17:00;68;kWh;-26110;26;0;0;26136;-26084
2024-08-29T17:00;2024-08-29T17:15;69;kWh;-41287;871;0;0;42158;-40416
2024-08-29T17:15;2024-08-29T17:30;70;kWh;-25199;1456;0;0;26655;-23743
2024-08-29T17:30;2024-08-29T17:45;71;kWh;-34038;0;0;0;34038;-34038
2024-08-29T17:45;2024-08-29T18:00;72;kWh;-37217;0;0;0;37217;-37217
2024-08-29T18:00;2024-08-29T18:15;73;kWh;-13322;1835;0;0;15157;-11487
2024-08-29T18:15;2024-08-29T18:30;74;kWh;0;8824;0;0;8824;8824
2024-08-29T18:30;2024-08-29T18:45;75;kWh;-434;8007;0;0;8441;7573
2024-08-29T18:45;2024-08-29T19:00;76;kWh;0;6790;0;0;6790;6790
2024-08-29T19:00;2024-08-29T19:15;77;kWh;-13514;518;0;0;14032;-12996
2024-08-29T19:15;2024-08-29T19:30;78;kWh;-15582;0;0;0;15582;-15582
2024-08-29T19:30;2024-08-29T19:45;79;kWh;-541;0;0;0;541;-541
2024-08-29T19:45;2024-08-29T20:00;80;kWh;0;2303;0;0;2303;2303
2024-08-29T20:00;2024-08-29T20:15;81;kWh;0;38875;0;0;38875;38875
2024-08-29T20:15;2024-08-29T20:30;82;kWh;0;58615;0;0;58615;58615
2024-08-29T20:30;2024-08-29T20:45;83;kWh;0;66656;0;0;66656;66656
2024-08-29T20:45;2024-08-29T21:00;84;kWh;0;69101;0;0;69101;69101
2024-08-29T21:00;2024-08-29T21:15;85;kWh;0;44075;0;0;44075;44075
2024-08-29T21:15;2024-08-29T21:30;86;kWh;0;12612;0;0;12612;12612
2024-08-29T21:30;2024-08-29T21:45;87;kWh;0;37083;0;0;37083;37083
2024-08-29T21:45;2024-08-29T22:00;88;kWh;0;23380;0;0;23380;23380
2024-08-29T22:00;2024-08-29T22:15;89;kWh;-31;27163;0;0;27194;27132
2024-08-29T22:15;2024-08-29T22:30;90;kWh;0;36444;0;0;36444;36444
2024-08-29T22:30;2024-08-29T22:45;91;kWh;0;2112;0;0;2112;2112
2024-08-29T22:45;2024-08-29T23:00;92;kWh;0;51;0;0;51;51
2024-08-29T23:00;2024-08-29T23:15;93;kWh;0;52362;0;0;52362;52362
2024-08-29T23:15;2024-08-29T23:30;94;kWh;0;2695;0;0;2695;2695
2024-08-29T23:30;2024-08-29T23:45;95;kWh;-1539;0;0;0;1539;-1539
2024-08-29T23:45;2024-08-30T00:00;96;kWh;-2379;0;0;0;2379;-2379
2024-08-30T00:00;2024-08-30T00:15;1;kWh;-1;28322;0;0;28323;28321
2024-08-30T00:15;2024-08-30T00:30;2;kWh;0;24292;0;0;24292;24292
2024-08-30T00:30;2024-08-30T00:45;3;kWh;0;6451;0;0;6451;6451
2024-08-30T00:45;2024-08-30T01:00;4;kWh;0;14713;0;0;14713;14713
2024-08-30T01:00;2024-08-30T01:15;5;kWh;0;3145;0;0;3145;3145
2024-08-30T01:15;2024-08-30T01:30;6;kWh;0;96;0;0;96;96
2024-08-30T01:30;2024-08-30T01:45;7;kWh;-197;0;0;0;197;-197
2024-08-30T01:45;2024-08-30T02:00;8;kWh;-2699;0;0;0;2699;-2699
2024-08-30T02:00;2024-08-30T02:15;9;kWh;-3783;0;0;0;3783;-3783
2024-08-30T02:15;2024-08-30T02:30;10;kWh;-731;0;0;0;731;-731
2024-08-30T02:30;2024-08-30T02:45;11;kWh;-501;0;0;0;501;-501
2024-08-30T02:45;2024-08-30T03:00;12;kWh;-8;580;0;0;588;572
2024-08-30T03:00;2024-08-30T03:15;13;kWh;0;12698;0;0;12698;12698
2024-08-30T03:15;2024-08-30T03:30;14;kWh;0;21769;0;0;21769;21769
2024-08-30T03:30;2024-08-30T03:45;15;kWh;0;12363;0;0;12363;12363
2024-08-30T03:45;2024-08-30T04:00;16;kWh;0;8991;0;0;8991;8991
2024-08-30T04:00;2024-08-30T04:15;17;kWh;0;7744;0;0;7744;7744
2024-08-30T04:15;2024-08-30T04:30;18;kWh;0;5483;0;0;5483;5483
2024-08-30T04:30;2024-08-30T04:45;19;kWh;0;2949;0;0;2949;2949
2024-08-30T04:45;2024-08-30T05:00;20;kWh;-906;186;0;0;1092;-720
2024-08-30T05:00;2024-08-30T05:15;21;kWh;-24039;0;0;0;24039;-24039
2024-08-30T05:15;2024-08-30T05:30;22;kWh;-29476;0;0;0;29476;-29476
2024-08-30T05:30;2024-08-30T05:45;23;kWh;-8802;0;0;0;8802;-8802
2024-08-30T05:45;2024-08-30T06:00;24;kWh;-6272;0;0;0;6272;-6272
2024-08-30T06:00;2024-08-30T06:15;25;kWh;-22727;0;0;0;22727;-22727
2024-08-30T06:15;2024-08-30T06:30;26;kWh;-12449;72;0;0;12521;-12377
2024-08-30T06:30;2024-08-30T06:45;27;kWh;-7;23493;0;0;23500;23486
2024-08-30T06:45;2024-08-30T07:00;28;kWh;0;16084;0;0;16084;16084
2024-08-30T07:00;2024-08-30T07:15;29;kWh;-2099;123;0;0;2222;-1976
2024-08-30T07:15;2024-08-30T07:30;30;kWh;0;1897;0;0;1897;1897
2024-08-30T07:30;2024-08-30T07:45;31;kWh;-2852;25;0;0;2877;-2827
2024-08-30T07:45;2024-08-30T08:00;32;kWh;-12840;0;0;0;12840;-12840
2024-08-30T08:00;2024-08-30T08:15;33;kWh;-8490;969;0;0;9459;-7521
2024-08-30T08:15;2024-08-30T08:30;34;kWh;0;19774;0;0;19774;19774
2024-08-30T08:30;2024-08-30T08:45;35;kWh;0;25382;0;0;25382;25382
2024-08-30T08:45;2024-08-30T09:00;36;kWh;0;748;0;0;748;748
2024-08-30T09:00;2024-08-30T09:15;37;kWh;0;17151;0;0;17151;17151
2024-08-30T09:15;2024-08-30T09:30;38;kWh;0;1640;0;0;1640;1640
2024-08-30T09:30;2024-08-30T09:45;39;kWh;-2767;290;0;0;3057;-2477
2024-08-30T09:45;2024-08-30T10:00;40;kWh;-8785;0;0;0;8785;-8785
2024-08-30T10:00;2024-08-30T10:15;41;kWh;-219;26430;0;0;26649;26211
2024-08-30T10:15;2024-08-30T10:30;42;kWh;0;45041;0;0;45041;45041
2024-08-30T10:30;2024-08-30T10:45;43;kWh;0;7800;0;0;7800;7800
2024-08-30T10:45;2024-08-30T11:00;44;kWh;0;4512;0;0;4512;4512
2024-08-30T11:00;2024-08-30T11:15;45;kWh;0;1361;0;0;1361;1361
2024-08-30T11:15;2024-08-30T11:30;46;kWh;0;1004;0;0;1004;1004
2024-08-30T11:30;2024-08-30T11:45;47;kWh;0;2214;0;0;2214;2214
2024-08-30T11:45;2024-08-30T12:00;48;kWh;0;11413;0;0;11413;11413
2024-08-30T12:00;2024-08-30T12:15;49;kWh;0;456;0;0;456;456
2024-08-30T12:15;2024-08-30T12:30;50;kWh;0;23;0;0;23;23
2024-08-30T12:30;2024-08-30T12:45;51;kWh;0;14600;0;0;14600;14600
2024-08-30T12:45;2024-08-30T13:00;52;kWh;0;2180;0;0;2180;2180
2024-08-30T13:00;2024-08-30T13:15;53;kWh;0;22456;0;0;22456;22456
2024-08-30T13:15;2024-08-30T13:30;54;kWh;0;42310;0;0;42310;42310
2024-08-30T13:30;2024-08-30T13:45;55;kWh;0;20512;0;0;20512;20512
2024-08-30T13:45;2024-08-30T14:00;56;kWh;0;2704;0;0;2704;2704
2024-08-30T14:00;2024-08-30T14:15;57;kWh;-2004;0;0;0;2004;-2004
2024-08-30T14:15;2024-08-30T14:30;58;kWh;-6639;0;0;0;6639;-6639
2024-08-30T14:30;2024-08-30T14:45;59;kWh;-36130;0;0;0;36130;-36130
2024-08-30T14:45;2024-08-30T15:00;60;kWh;-77889;0;0;0;77889;-77889
2024-08-30T15:00;2024-08-30T15:15;61;kWh;-57872;0;0;0;57872;-57872
2024-08-30T15:15;2024-08-30T15:30;62;kWh;-35249;0;0;0;35249;-35249
2024-08-30T15:30;2024-08-30T15:45;63;kWh;-30290;0;0;0;30290;-30290
2024-08-30T15:45;2024-08-30T16:00;64;kWh;-69428;0;0;0;69428;-69428
2024-08-30T16:00;2024-08-30T16:15;65;kWh;-17295;4089;0;0;21384;-13206
2024-08-30T16:15;2024-08-30T16:30;66;kWh;0;4836;0;0;4836;4836
2024-08-30T16:30;2024-08-30T16:45;67;kWh;-7544;0;0;0;7544;-7544
2024-08-30T16:45;2024-08-30T17:00;68;kWh;-25929;0;0;0;25929;-25929
2024-08-30T17:00;2024-08-30T17:15;69;kWh;-57252;0;0;0;57252;-57252
2024-08-30T17:15;2024-08-30T17:30;70;kWh;-57537;0;0;0;57537;-57537
2024-08-30T17:30;2024-08-30T17:45;71;kWh;-51590;38;0;0;51628;-51552
2024-08-30T17:45;2024-08-30T18:00;72;kWh;-56338;54;0;0;56392;-56284
2024-08-30T18:00;2024-08-30T18:15;73;kWh;-151;9399;0;0;9550;9248
2024-08-30T18:15;2024-08-30T18:30;74;kWh;0;3479;0;0;3479;3479
2024-08-30T18:30;2024-08-30T18:45;75;kWh;-5623;234;0;0;5857;-5389
2024-08-30T18:45;2024-08-30T19:00;76;kWh;-28835;0;0;0;28835;-28835
2024-08-30T19:00;2024-08-30T19:15;77;kWh;-22122;0;0;0;22122;-22122
2024-08-30T19:15;2024-08-30T19:30;78;kWh;-11689;0;0;0;11689;-11689
2024-08-30T19:30;2024-08-30T19:45;79;kWh;-2521;0;0;0;2521;-2521
2024-08-30T19:45;2024-08-30T20:00;80;kWh;-61;0;0;0;61;-61
2024-08-30T20:00;2024-08-30T20:15;81;kWh;-9;0;0;0;9;-9
2024-08-30T20:15;2024-08-30T20:30;82;kWh;0;1878;0;0;1878;1878
2024-08-30T20:30;2024-08-30T20:45;83;kWh;0;12109;0;0;12109;12109
2024-08-30T20:45;2024-08-30T21:00;84;kWh;0;2337;0;0;2337;2337
2024-08-30T21:00;2024-08-30T21:15;85;kWh;0;3862;0;0;3862;3862
2024-08-30T21:15;2024-08-30T21:30;86;kWh;0;181;0;0;181;181
2024-08-30T21:30;2024-08-30T21:45;87;kWh;-768;0;0;0;768;-768
2024-08-30T21:45;2024-08-30T22:00;88;kWh;-8088;0;0;0;8088;-8088
2024-08-30T22:00;2024-08-30T22:15;89;kWh;-17756;88;0;0;17844;-17668
2024-08-30T22:15;2024-08-30T22:30;90;kWh;0;921;0;0;921;921
2024-08-30T22:30;2024-08-30T22:45;91;kWh;0;0;0;0;0;0
2024-08-30T22:45;2024-08-30T23:00;92;kWh;0;2;0;0;2;2
2024-08-30T23:00;2024-08-30T23:15;93;kWh;0;13255;0;0;13255;13255
2024-08-30T23:15;2024-08-30T23:30;94;kWh;0;8713;0;0;8713;8713
2024-08-30T23:30;2024-08-30T23:45;95;kWh;0;2915;0;0;2915;2915
2024-08-30T23:45;2024-08-31T00:00;96;kWh;0;16914;0;0;16914;16914
2024-08-31T00:00;2024-08-31T00:15;1;kWh;-631;1553;0;0;2184;922
2024-08-31T00:15;2024-08-31T00:30;2;kWh;-460;5777;0;0;6237;5317
2024-08-31T00:30;2024-08-31T00:45;3;kWh;-9804;0;0;0;9804;-9804
2024-08-31T00:45;2024-08-31T01:00;4;kWh;-8990;0;0;0;8990;-8990
2024-08-31T01:00;2024-08-31T01:15;5;kWh;-844;0;0;0;844;-844
2024-08-31T01:15;2024-08-31T01:30;6;kWh;-577;0;0;0;577;-577
2024-08-31T01:30;2024-08-31T01:45;7;kWh;0;0;0;0;0;0
2024-08-31T01:45;2024-08-31T02:00;8;kWh;-1186;0;0;0;1186;-1186
2024-08-31T02:00;2024-08-31T02:15;9;kWh;-16428;8008;0;0;24436;-8420
2024-08-31T02:15;2024-08-31T02:30;10;kWh;0;6542;0;0;6542;6542
2024-08-31T02:30;2024-08-31T02:45;11;kWh;0;246;0;0;246;246
2024-08-31T02:45;2024-08-31T03:00;12;kWh;0;0;0;0;0;0
2024-08-31T03:00;2024-08-31T03:15;13;kWh;-243;0;0;0;243;-243
2024-08-31T03:15;2024-08-31T03:30;14;kWh;-2054;284;0;0;2338;-1770
2024-08-31T03:30;2024-08-31T03:45;15;kWh;0;1281;0;0;1281;1281
2024-08-31T03:45;2024-08-31T04:00;16;kWh;0;481;0;0;481;481
2024-08-31T04:00;2024-08-31T04:15;17;kWh;0;16148;0;0;16148;16148
2024-08-31T04:15;2024-08-31T04:30;18;kWh;0;24530;0;0;24530;24530
2024-08-31T04:30;2024-08-31T04:45;19;kWh;0;18068;0;0;18068;18068
2024-08-31T04:45;2024-08-31T05:00;20;kWh;0;688;0;0;688;688
2024-08-31T05:00;2024-08-31T05:15;21;kWh;-3494;0;0;0;3494;-3494
2024-08-31T05:15;2024-08-31T05:30;22;kWh;-13523;0;0;0;13523;-13523
2024-08-31T05:30;2024-08-31T05:45;23;kWh;-12139;0;0;0;12139;-12139
2024-08-31T05:45;2024-08-31T06:00;24;kWh;-7789;0;0;0;7789;-7789
2024-08-31T06:00;2024-08-31T06:15;25;kWh;-10916;1143;0;0;12059;-9773
2024-08-31T06:15;2024-08-31T06:30;26;kWh;-5593;0;0;0;5593;-5593
2024-08-31T06:30;2024-08-31T06:45;27;kWh;-20844;0;0;0;20844;-20844
2024-08-31T06:45;2024-08-31T07:00;28;kWh;-18959;701;0;0;19660;-18258
2024-08-31T07:00;2024-08-31T07:15;29;kWh;-2379;9106;0;0;11485;6727
2024-08-31T07:15;2024-08-31T07:30;30;kWh;-4402;6406;0;0;10808;2004
2024-08-31T07:30;2024-08-31T07:45;31;kWh;-721;0;0;0;721;-721
2024-08-31T07:45;2024-08-31T08:00;32;kWh;-9809;0;0;0;9809;-9809
2024-08-31T08:00;2024-08-31T08:15;33;kWh;-841;1965;0;0;2806;1124
2024-08-31T08:15;2024-08-31T08:30;34;kWh;0;18194;0;0;18194;18194
2024-08-31T08:30;2024-08-31T08:45;35;kWh;0;46;0;0;46;46
2024-08-31T08:45;2024-08-31T09:00;36;kWh;-4274;157;0;0;4431;-4117
2024-08-31T09:00;2024-08-31T09:15;37;kWh;-3;40197;0;0;40200;40194
2024-08-31T09:15;2024-08-31T09:30;38;kWh;-6173;56;0;0;6229;-6117
2024-08-31T09:30;2024-08-31T09:45;39;kWh;-11773;4152;0;0;15925;-7621
2024-08-31T09:45;2024-08-31T10:00;40;kWh;-19232;422;0;0;19654;-18810
2024-08-31T10:00;2024-08-31T10:15;41;kWh;-42764;3908;0;0;46672;-38856
2024-08-31T10:15;2024-08-31T10:30;42;kWh;-35742;809;0;0;36551;-34933
2024-08-31T10:30;2024-08-31T10:45;43;kWh;-20831;0;0;0;20831;-20831
2024-08-31T10:45;2024-08-31T11:00;44;kWh;-17088;6;0;0;17094;-17082
2024-08-31T11:00;2024-08-31T11:15;45;kWh;-54653;63;0;0;54716;-54590
2024-08-31T11:15;2024-08-31T11:30;46;kWh;-15090;3331;0;0;18421;-11759
2024-08-31T11:30;2024-08-31T11:45;47;kWh;-36705;0;0;0;36705;-36705
2024-08-31T11:45;2024-08-31T12:00;48;kWh;-59928;0;0;0;59928;-59928
2024-08-31T12:00;2024-08-31T12:15;49;kWh;-49179;0;0;0;49179;-49179
2024-08-31T12:15;2024-08-31T12:30;50;kWh;-50605;0;0;0;50605;-50605
2024-08-31T12:30;2024-08-31T12:45;51;kWh;-44491;0;0;0;44491;-44491
2024-08-31T12:45;2024-08-31T13:00;52;kWh;-42390;0;0;0;42390;-42390
2024-08-31T13:00;2024-08-31T13:15;53;kWh;-17756;0;0;0;17756;-17756
2024-08-31T13:15;2024-08-31T13:30;54;kWh;-44364;0;0;0;44364;-44364
2024-08-31T13:30;2024-08-31T13:45;55;kWh;-37291;776;0;0;38067;-36515
2024-08-31T13:45;2024-08-31T14:00;56;kWh;-25772;0;0;0;25772;-25772
2024-08-31T14:00;2024-08-31T14:15;57;kWh;-29453;876;0;0;30329;-28577
2024-08-31T14:15;2024-08-31T14:30;58;kWh;-49651;209;0;0;49860;-49442
2024-08-31T14:30;2024-08-31T14:45;59;kWh;-27814;0;0;0;27814;-27814
2024-08-31T14:45;2024-08-31T15:00;60;kWh;-17121;0;0;0;17121;-17121
2024-08-31T15:00;2024-08-31T15:15;61;kWh;-35807;0;0;0;35807;-35807
2024-08-31T15:15;2024-08-31T15:30;62;kWh;-31073;0;0;0;31073;-31073
2024-08-31T15:30;2024-08-31T15:45;63;kWh;-19888;0;0;0;19888;-19888
2024-08-31T15:45;2024-08-31T16:00;64;kWh;-12589;0;0;0;12589;-12589
2024-08-31T16:00;2024-08-31T16:15;65;kWh;-12636;1020;0;0;13656;-11616
2024-08-31T16:15;2024-08-31T16:30;66;kWh;-479;1534;0;0;2013;1055
2024-08-31T16:30;2024-08-31T16:45;67;kWh;-2405;18446;0;0;20851;16041
2024-08-31T16:45;2024-08-31T17:00;68;kWh;-869;10492;0;0;11361;9623
2024-08-31T17:00;2024-08-31T17:15;69;kWh;-16357;0;0;0;16357;-16357
2024-08-31T17:15;2024-08-31T17:30;70;kWh;-1739;0;0;0;1739;-1739
2024-08-31T17:30;2024-08-31T17:45;71;kWh;0;1187;0;0;1187;1187
2024-08-31T17:45;2024-08-31T18:00;72;kWh;0;15383;0;0;15383;15383
2024-08-31T18:00;2024-08-31T18:15;73;kWh;0;4519;0;0;4519;4519
2024-08-31T18:15;2024-08-31T18:30;74;kWh;0;16149;0;0;16149;16149
2024-08-31T18:30;2024-08-31T18:45;75;kWh;0;21650;0;0;21650;21650
2024-08-31T18:45;2024-08-31T19:00;76;kWh;0;28181;0;0;28181;28181
2024-08-31T19:00;2024-08-31T19:15;77;kWh;0;19375;0;0;19375;19375
2024-08-31T19:15;2024-08-31T19:30;78;kWh;0;52663;0;0;52663;52663
2024-08-31T19:30;2024-08-31T19:45;79;kWh;0;7974;0;0;7974;7974
2024-08-31T19:45;2024-08-31T20:00;80;kWh;-5902;0;0;0;5902;-5902
2024-08-31T20:00;2024-08-31T20:15;81;kWh;-22425;0;0;0;22425;-22425
2024-08-31T20:15;2024-08-31T20:30;82;kWh;-17934;0;0;0;17934;-17934
2024-08-31T20:30;2024-08-31T20:45;83;kWh;-29665;0;0;0;29665;-29665
2024-08-31T20:45;2024-08-31T21:00;84;kWh;-18137;0;0;0;18137;-18137
2024-08-31T21:00;2024-08-31T21:15;85;kWh;-8669;0;0;0;8669;-8669
2024-08-31T21:15;2024-08-31T21:30;86;kWh;-13962;0;0;0;13962;-13962
2024-08-31T21:30;2024-08-31T21:45;87;kWh;-19940;0;0;0;19940;-19940
2024-08-31T21:45;2024-08-31T22:00;88;kWh;-31488;0;0;0;31488;-31488
2024-08-31T22:00;2024-08-31T22:15;89;kWh;-10555;0;0;0;10555;-10555
2024-08-31T22:15;2024-08-31T22:30;90;kWh;-24262;0;0;0;24262;-24262
2024-08-31T22:30;2024-08-31T22:45;91;kWh;-3834;0;0;0;3834;-3834
2024-08-31T22:45;2024-08-31T23:00;92;kWh;-656;0;0;0;656;-656
2024-08-31T23:00;2024-08-31T23:15;93;kWh;-19798;0;0;0;19798;-19798
2024-08-31T23:15;2024-08-31T23:30;94;kWh;-26136;0;0;0;26136;-26136
2024-08-31T23:30;2024-08-31T23:45;95;kWh;-15284;0;0;0;15284;-15284
2024-08-31T23:45;2024-09-01T00:00;96;kWh;0;0;0;0;0;0
2024-09-01T00:00;2024-09-01T00:15;1;kWh;-476;8042;0;0;8518;7566
2024-09-01T00:15;2024-09-01T00:30;2;kWh;-1570;8177;0;0;9747;6607
2024-09-01T00:30;2024-09-01T00:45;3;kWh;0;25205;0;0;25205;25205
2024-09-01T00:45;2024-09-01T01:00;4;kWh;-4643;6756;0;0;11399;2113
2024-09-01T01:00;2024-09-01T01:15;5;kWh;-16312;201;0;0;16513;-16111
2024-09-01T01:15;2024-09-01T01:30;6;kWh;-13990;11;0;0;14001;-13979
2024-09-01T01:30;2024-09-01T01:45;7;kWh;-16928;72;0;0;17000;-16856
2024-09-01T01:45;2024-09-01T02:00;8;kWh;-11015;1008;0;0;12023;-10007
2024-09-01T02:00;2024-09-01T02:15;9;kWh;-15093;1942;0;0;17035;-13151
2024-09-01T02:15;2024-09-01T02:30;10;kWh;-575;195;0;0;770;-380
2024-09-01T02:30;2024-09-01T02:45;11;kWh;-329;347;0;0;676;18
2024-09-01T02:45;2024-09-01T03:00;12;kWh;0;4373;0;0;4373;4373
2024-09-01T03:00;2024-09-01T03:15;13;kWh;0;7451;0;0;7451;7451
2024-09-01T03:15;2024-09-01T03:30;14;kWh;0;22837;0;0;22837;22837
2024-09-01T03:30;2024-09-01T03:45;15;kWh;0;39188;0;0;39188;39188
2024-09-01T03:45;2024-09-01T04:00;16;kWh;0;43614;0;0;43614;43614
2024-09-01T04:00;2024-09-01T04:15;17;kWh;0;53520;0;0;53520;53520
2024-09-01T04:15;2024-09-01T04:30;18;kWh;0;72127;0;0;72127;72127
2024-09-01T04:30;2024-09-01T04:45;19;kWh;0;62867;0;0;62867;62867
2024-09-01T04:45;2024-09-01T05:00;20;kWh;0;52657;0;0;52657;52657
2024-09-01T05:00;2024-09-01T05:15;21;kWh;0;13368;0;0;13368;13368
2024-09-01T05:15;2024-09-01T05:30;22;kWh;0;26806;0;0;26806;26806
2024-09-01T05:30;2024-09-01T05:45;23;kWh;0;27393;0;0;27393;27393
2024-09-01T05:45;2024-09-01T06:00;24;kWh;0;16318;0;0;16318;16318
2024-09-01T06:00;2024-09-01T06:15;25;kWh;0;37906;0;0;37906;37906
2024-09-01T06:15;2024-09-01T06:30;26;kWh;0;47918;0;0;47918;47918
2024-09-01T06:30;2024-09-01T06:45;27;kWh;0;31910;0;0;31910;31910
2024-09-01T06:45;2024-09-01T07:00;28;kWh;0;11385;0;0;11385;11385
2024-09-01T07:00;2024-09-01T07:15;29;kWh;0;43753;0;0;43753;43753
2024-09-01T07:15;2024-09-01T07:30;30;kWh;0;52014;0;0;52014;52014
2024-09-01T07:30;2024-09-01T07:45;31;kWh;0;62479;0;0;62479;62479
2024-09-01T07:45;2024-09-01T08:00;32;kWh;-4878;11575;0;0;16453;6697
2024-09-01T08:00;2024-09-01T08:15;33;kWh;-2345;30408;0;0;32753;28063
2024-09-01T08:15;2024-09-01T08:30;34;kWh;-3572;16562;0;0;20134;12990
2024-09-01T08:30;2024-09-01T08:45;35;kWh;-1756;1408;0;0;3164;-348
2024-09-01T08:45;2024-09-01T09:00;36;kWh;-2041;80;0;0;2121;-1961
2024-09-01T09:00;2024-09-01T09:15;37;kWh;0;35013;0;0;35013;35013
2024-09-01T09:15;2024-09-01T09:30;38;kWh;0;58554;0;0;58554;58554
2024-09-01T09:30;2024-09-01T09:45;39;kWh;-2737;11332;0;0;14069;8595
2024-09-01T09:45;2024-09-01T10:00;40;kWh;-17734;263;0;0;17997;-17471
2024-09-01T10:00;2024-09-01T10:15;41;kWh;-198;77332;0;0;77530;77134
2024-09-01T10:15;2024-09-01T10:30;42;kWh;0;32052;0;0;32052;32052
2024-09-01T10:30;2024-09-01T10:45;43;kWh;-15047;54;0;0;15101;-14993
2024-09-01T10:45;2024-09-01T11:00;44;kWh;-34852;0;0;0;34852;-34852
2024-09-01T11:00;2024-09-01T11:15;45;kWh;-2845;84;0;0;2929;-2761
2024-09-01T11:15;2024-09-01T11:30;46;kWh;-10189;0;0;0;10189;-10189
2024-09-01T11:30;2024-09-01T11:45;47;kWh;-20656;0;0;0;20656;-20656
2024-09-01T11:45;2024-09-01T12:00;48;kWh;-28494;0;0;0;28494;-28494
2024-09-01T12:00;2024-09-01T12:15;49;kWh;-9804;4266;0;0;14070;-5538
2024-09-01T12:15;2024-09-01T12:30;50;kWh;-19034;0;0;0;19034;-19034
2024-09-01T12:30;2024-09-01T12:45;51;kWh;-33856;0;0;0;33856;-33856
2024-09-01T12:45;2024-09-01T13:00;52;kWh;-36858;0;0;0;36858;-36858
2024-09-01T13:00;2024-09-01T13:15;53;kWh;-23305;0;0;0;23305;-23305
2024-09-01T13:15;2024-09-01T13:30;54;kWh;-39509;0;0;0;39509;-39509
2024-09-01T13:30;2024-09-01T13:45;55;kWh;-18882;0;0;0;18882;-18882
2024-09-01T13:45;2024-09-01T14:00;56;kWh;-18168;2015;0;0;20183;-16153
2024-09-01T14:00;2024-09-01T14:15;57;kWh;-5461;7531;0;0;12992;2070
2024-09-01T14:15;2024-09-01T14:30;58;kWh;-2675;11535;0;0;14210;8860
2024-09-01T14:30;2024-09-01T14:45;59;kWh;-497;15738;0;0;16235;15241
2024-09-01T14:45;2024-09-01T15:00;60;kWh;-5215;512;0;0;5727;-4703
2024-09-01T15:00;2024-09-01T15:15;61;kWh;-37280;3050;0;0;40330;-34230
2024-09-01T15:15;2024-09-01T15:30;62;kWh;-16327;2955;0;0;19282;-13372
2024-09-01T15:30;2024-09-01T15:45;63;kWh;-3971;8899;0;0;12870;4928
2024-09-01T15:45;2024-09-01T16:00;64;kWh;-462;19317;0;0;19779;18855
2024-09-01T16:00;2024-09-01T16:15;65;kWh;-23506;4996;0;0;28502;-18510
2024-09-01T16:15;2024-09-01T16:30;66;kWh;-4122;15684;0;0;19806;11562
2024-09-01T16:30;2024-09-01T16:45;67;kWh;0;49225;0;0;49225;49225
2024-09-01T16:45;2024-09-01T17:00;68;kWh;0;31729;0;0;31729;31729
2024-09-01T17:00;2024-09-01T17:15;69;kWh;-33912;5628;0;0;39540;-28284
2024-09-01T17:15;2024-09-01T17:30;70;kWh;-8338;11594;0;0;19932;3256
2024-09-01T17:30;2024-09-01T17:45;71;kWh;0;55415;0;0;55415;55415
2024-09-01T17:45;2024-09-01T18:00;72;kWh;-14732;11009;0;0;25741;-3723
2024-09-01T18:00;2024-09-01T18:15;73;kWh;-2357;18680;0;0;21037;16323
2024-09-01T18:15;2024-09-01T18:30;74;kWh;-1084;26304;0;0;27388;25220
2024-09-01T18:30;2024-09-01T18:45;75;kWh;-104;53923;0;0;54027;53819
2024-09-01T18:45;2024-09-01T19:00;76;kWh;0;81720;0;0;81720;81720
2024-09-01T19:00;2024-09-01T19:15;77;kWh;-46;21638;0;0;21684;21592
2024-09-01T19:15;2024-09-01T19:30;78;kWh;0;47031;0;0;47031;47031
2024-09-01T19:30;2024-09-01T19:45;79;kWh;0;78523;0;0;78523;78523
2024-09-01T19:45;2024-09-01T20:00;80;kWh;0;97022;0;0;97022;97022
2024-09-01T20:00;2024-09-01T20:15;81;kWh;-1314;24963;0;0;26277;23649
2024-09-01T20:15;2024-09-01T20:30;82;kWh;-16;10793;0;0;10809;10777
2024-09-01T20:30;2024-09-01T20:45;83;kWh;0;10202;0;0;10202;10202
2024-09-01T20:45;2024-09-01T21:00;84;kWh;0;1206;0;0;1206;1206
2024-09-01T21:00;2024-09-01T21:15;85;kWh;0;22844;0;0;22844;22844
2024-09-01T21:15;2024-09-01T21:30;86;kWh;-155;2320;0;0;2475;2165
2024-09-01T21:30;2024-09-01T21:45;87;kWh;-1142;3027;0;0;4169;1885
2024-09-01T21:45;2024-09-01T22:00;88;kWh;-2209;0;0;0;2209;-2209
2024-09-01T22:00;2024-09-01T22:15;89;kWh;-1360;6920;0;0;8280;5560
2024-09-01T22:15;2024-09-01T22:30;90;kWh;0;30111;0;0;30111;30111
2024-09-01T22:30;2024-09-01T22:45;91;kWh;0;37507;0;0;37507;37507
2024-09-01T22:45;2024-09-01T23:00;92;kWh;0;29161;0;0;29161;29161
2024-09-01T23:00;2024-09-01T23:15;93;kWh;-373;34010;0;0;34383;33637
2024-09-01T23:15;2024-09-01T23:30;94;kWh;0;36300;0;0;36300;36300
2024-09-01T23:30;2024-09-01T23:45;95;kWh;0;50198;0;0;50198;50198
2024-09-01T23:45;2024-09-02T00:00;96;kWh;0;51852;0;0;51852;51852
2024-09-02T00:00;2024-09-02T00:15;1;kWh;-20317;16454;0;0;36771;-3863
2024-09-02T00:15;2024-09-02T00:30;2;kWh;-16546;5640;0;0;22186;-10906
2024-09-02T00:30;2024-09-02T00:45;3;kWh;-26669;0;0;0;26669;-26669
2024-09-02T00:45;2024-09-02T01:00;4;kWh;-23624;251;0;0;23875;-23373
2024-09-02T01:00;2024-09-02T01:15;5;kWh;-13711;0;0;0;13711;-13711
2024-09-02T01:15;2024-09-02T01:30;6;kWh;-12102;0;0;0;12102;-12102
2024-09-02T01:30;2024-09-02T01:45;7;kWh;-22440;0;0;0;22440;-22440
2024-09-02T01:45;2024-09-02T02:00;8;kWh;-22627;0;0;0;22627;-22627
2024-09-02T02:00;2024-09-02T02:15;9;kWh;-209;0;0;0;209;-209
2024-09-02T02:15;2024-09-02T02:30;10;kWh;0;6403;0;0;6403;6403
2024-09-02T02:30;2024-09-02T02:45;11;kWh;-1047;340;0;0;1387;-707
2024-09-02T02:45;2024-09-02T03:00;12;kWh;-2771;0;0;0;2771;-2771
2024-09-02T03:00;2024-09-02T03:15;13;kWh;0;12256;0;0;12256;12256
2024-09-02T03:15;2024-09-02T03:30;14;kWh;0;14768;0;0;14768;14768
2024-09-02T03:30;2024-09-02T03:45;15;kWh;0;10623;0;0;10623;10623
2024-09-02T03:45;2024-09-02T04:00;16;kWh;0;9587;0;0;9587;9587
2024-09-02T04:00;2024-09-02T04:15;17;kWh;0;12882;0;0;12882;12882
2024-09-02T04:15;2024-09-02T04:30;18;kWh;0;2926;0;0;2926;2926
2024-09-02T04:30;2024-09-02T04:45;19;kWh;0;13;0;0;13;13
2024-09-02T04:45;2024-09-02T05:00;20;kWh;-1935;0;0;0;1935;-1935
2024-09-02T05:00;2024-09-02T05:15;21;kWh;-11089;0;0;0;11089;-11089
2024-09-02T05:15;2024-09-02T05:30;22;kWh;0;17529;0;0;17529;17529
2024-09-02T05:30;2024-09-02T05:45;23;kWh;0;36707;0;0;36707;36707
2024-09-02T05:45;2024-09-02T06:00;24;kWh;-1803;3360;0;0;5163;1557
2024-09-02T06:00;2024-09-02T06:15;25;kWh;-3449;15113;0;0;18562;11664
2024-09-02T06:15;2024-09-02T06:30;26;kWh;0;37817;0;0;37817;37817
2024-09-02T06:30;2024-09-02T06:45;27;kWh;0;49855;0;0;49855;49855
2024-09-02T06:45;2024-09-02T07:00;28;kWh;-17;38208;0;0;38225;38191
2024-09-02T07:00;2024-09-02T07:15;29;kWh;-34528;0;0;0;34528;-34528
2024-09-02T07:15;2024-09-02T07:30;30;kWh;-4404;0;0;0;4404;-4404
2024-09-02T07:30;2024-09-02T07:45;31;kWh;-383;7714;0;0;8097;7331
2024-09-02T07:45;2024-09-02T08:00;32;kWh;-3307;120;0;0;3427;-3187
2024-09-02T08:00;2024-09-02T08:15;33;kWh;-618;18429;0;0;19047;17811
2024-09-02T08:15;2024-09-02T08:30;34;kWh;-6896;2;0;0;6898;-6894
2024-09-02T08:30;2024-09-02T08:45;35;kWh;-25167;0;0;0;25167;-25167
2024-09-02T08:45;2024-09-02T09:00;36;kWh;-30992;0;0;0;30992;-30992
2024-09-02T09:00;2024-09-02T09:15;37;kWh;-6672;20938;0;0;27610;14266
2024-09-02T09:15;2024-09-02T09:30;38;kWh;0;28994;0;0;28994;28994
2024-09-02T09:30;2024-09-02T09:45;39;kWh;-4;4708;0;0;4712;4704
2024-09-02T09:45;2024-09-02T10:00;40;kWh;-16;4155;0;0;4171;4139
2024-09-02T10:00;2024-09-02T10:15;41;kWh;0;6978;0;0;6978;6978
2024-09-02T10:15;2024-09-02T10:30;42;kWh;0;2276;0;0;2276;2276
2024-09-02T10:30;2024-09-02T10:45;43;kWh;0;8919;0;0;8919;8919
2024-09-02T10:45;2024-09-02T11:00;44;kWh;0;33800;0;0;33800;33800
2024-09-02T11:00;2024-09-02T11:15;45;kWh;0;24783;0;0;24783;24783
2024-09-02T11:15;2024-09-02T11:30;46;kWh;-365;43469;0;0;43834;43104
2024-09-02T11:30;2024-09-02T11:45;47;kWh;-12677;763;0;0;13440;-11914
2024-09-02T11:45;2024-09-02T12:00;48;kWh;-21632;0;0;0;21632;-21632
2024-09-02T12:00;2024-09-02T12:15;49;kWh;-10790;0;0;0;10790;-10790
2024-09-02T12:15;2024-09-02T12:30;50;kWh;-20448;0;0;0;20448;-20448
2024-09-02T12:30;2024-09-02T12:45;51;kWh;-16764;0;0;0;16764;-16764
2024-09-02T12:45;2024-09-02T13:00;52;kWh;-13006;0;0;0;13006;-13006
2024-09-02T13:00;2024-09-02T13:15;53;kWh;-3174;0;0;0;3174;-3174
2024-09-02T13:15;2024-09-02T13:30;54;kWh;-11116;0;0;0;11116;-11116
2024-09-02T13:30;2024-09-02T13:45;55;kWh;-12919;242;0;0;13161;-12677
2024-09-02T13:45;2024-09-02T14:00;56;kWh;-16849;0;0;0;16849;-16849
2024-09-02T14:00;2024-09-02T14:15;57;kWh;-21312;0;0;0;21312;-21312
2024-09-02T14:15;2024-09-02T14:30;58;kWh;-10844;0;0;0;10844;-10844
2024-09-02T14:30;2024-09-02T14:45;59;kWh;-2082;0;0;0;2082;-2082
2024-09-02T14:45;2024-09-02T15:00;60;kWh;-352;0;0;0;352;-352
2024-09-02T15:00;2024-09-02T15:15;61;kWh;-4146;0;0;0;4146;-4146
2024-09-02T15:15;2024-09-02T15:30;62;kWh;-825;0;0;0;825;-825
2024-09-02T15:30;2024-09-02T15:45;63;kWh;0;5200;0;0;5200;5200
2024-09-02T15:45;2024-09-02T16:00;64;kWh;0;24668;0;0;24668;24668
2024-09-02T16:00;2024-09-02T16:15;65;kWh;0;11196;0;0;11196;11196
2024-09-02T16:15;2024-09-02T16:30;66;kWh;0;1526;0;0;1526;1526
2024-09-02T16:30;2024-09-02T16:45;67;kWh;0;13;0;0;13;13
2024-09-02T16:45;2024-09-02T17:00;68;kWh;-446;32;0;0;478;-414
2024-09-02T17:00;2024-09-02T17:15;69;kWh;-2616;7961;0;0;10577;5345
2024-09-02T17:15;2024-09-02T17:30;70;kWh;0;15761;0;0;15761;15761
2024-09-02T17:30;2024-09-02T17:45;71;kWh;0;7444;0;0;7444;7444
2024-09-02T17:45;2024-09-02T18:00;72;kWh;-99;0;0;0;99;-99
2024-09-02T18:00;2024-09-02T18:15;73;kWh;-41148;0;0;0;41148;-41148
2024-09-02T18:15;2024-09-02T18:30;74;kWh;-12422;0;0;0;12422;-12422
2024-09-02T18:30;2024-09-02T18:45;75;kWh;-3347;0;0;0;3347;-3347
2024-09-02T18:45;2024-09-02T19:00;76;kWh;0;0;0;0;0;0
2024-09-02T19:00;2024-09-02T19:15;77;kWh;-438;0;0;0;438;-438
2024-09-02T19:15;2024-09-02T19:30;78;kWh;0;18479;0;0;18479;18479
2024-09-02T19:30;2024-09-02T19:45;79;kWh;0;49502;0;0;49502;49502
2024-09-02T19:45;2024-09-02T20:00;80;kWh;0;49415;0;0;49415;49415
2024-09-02T20:00;2024-09-02T20:15;81;kWh;0;13408;0;0;13408;13408
2024-09-02T20:15;2024-09-02T20:30;82;kWh;0;10389;0;0;10389;10389
2024-09-02T20:30;2024-09-02T20:45;83;kWh;-1028;64;0;0;1092;-964
2024-09-02T20:45;2024-09-02T21:00;84;kWh;-41691;0;0;0;41691;-41691
2024-09-02T21:00;2024-09-02T21:15;85;kWh;-13737;0;0;0;13737;-13737
2024-09-02T21:15;2024-09-02T21:30;86;kWh;0;0;0;0;0;0
2024-09-02T21:30;2024-09-02T21:45;87;kWh;0;0;0;0;0;0
2024-09-02T21:45;2024-09-02T22:00;88;kWh;-16047;0;0;0;16047;-16047
2024-09-02T22:00;2024-09-02T22:15;89;kWh;-25756;0;0;0;25756;-25756
2024-09-02T22:15;2024-09-02T22:30;90;kWh;-537;0;0;0;537;-537
2024-09-02T22:30;2024-09-02T22:45;91;kWh;0;0;0;0;0;0
2024-09-02T22:45;2024-09-02T23:00;92;kWh;0;0;0;0;0;0
2024-09-02T23:00;2024-09-02T23:15;93;kWh;0;20063;0;0;20063;20063
2024-09-02T23:15;2024-09-02T23:30;94;kWh;0;10403;0;0;10403;10403
2024-09-02T23:30;2024-09-02T23:45;95;kWh;0;11500;0;0;11500;11500
2024-09-02T23:45;2024-09-03T00:00;96;kWh;0;32;0;0;32;32
2024-09-03T00:00;2024-09-03T00:15;1;kWh;0;746;0;0;746;746
2024-09-03T00:15;2024-09-03T00:30;2;kWh;0;82;0;0;82;82
2024-09-03T00:30;2024-09-03T00:45;3;kWh;0;0;0;0;0;0
2024-09-03T00:45;2024-09-03T01:00;4;kWh;0;172;0;0;172;172
2024-09-03T01:00;2024-09-03T01:15;5;kWh;0;6218;0;0;6218;6218
2024-09-03T01:15;2024-09-03T01:30;6;kWh;0;8865;0;0;8865;8865
2024-09-03T01:30;2024-09-03T01:45;7;kWh;0;1618;0;0;1618;1618
2024-09-03T01:45;2024-09-03T02:00;8;kWh;0;233;0;0;233;233
2024-09-03T02:00;2024-09-03T02:15;9;kWh;-162;0;0;0;162;-162
2024-09-03T02:15;2024-09-03T02:30;10;kWh;-27;0;0;0;27;-27
2024-09-03T02:30;2024-09-03T02:45;11;kWh;0;2466;0;0;2466;2466
2024-09-03T02:45;2024-09-03T03:00;12;kWh;0;2605;0;0;2605;2605
2024-09-03T03:00;2024-09-03T03:15;13;kWh;0;26300;0;0;26300;26300
2024-09-03T03:15;2024-09-03T03:30;14;kWh;0;5951;0;0;5951;5951
2024-09-03T03:30;2024-09-03T03:45;15;kWh;0;3072;0;0;3072;3072
2024-09-03T03:45;2024-09-03T04:00;16;kWh;-1997;15;0;0;2012;-1982
2024-09-03T04:00;2024-09-03T04:15;17;kWh;-16310;0;0;0;16310;-16310
2024-09-03T04:15;2024-09-03T04:30;18;kWh;-22076;0;0;0;22076;-22076
2024-09-03T04:30;2024-09-03T04:45;19;kWh;-15157;0;0;0;15157;-15157
2024-09-03T04:45;2024-09-03T05:00;20;kWh;-17579;0;0;0;17579;-17579
2024-09-03T05:00;2024-09-03T05:15;21;kWh;-1778;0;0;0;1778;-1778
2024-09-03T05:15;2024-09-03T05:30;22;kWh;0;5404;0;0;5404;5404
2024-09-03T05:30;2024-09-03T05:45;23;kWh;-180;8458;0;0;8638;8278
2024-09-03T05:45;2024-09-03T06:00;24;kWh;-12373;1027;0;0;13400;-11346
2024-09-03T06:00;2024-09-03T06:15;25;kWh;0;47094;0;0;47094;47094
2024-09-03T06:15;2024-09-03T06:30;26;kWh;0;91864;0;0;91864;91864
2024-09-03T06:30;2024-09-03T06:45;27;kWh;0;77630;0;0;77630;77630
2024-09-03T06:45;2024-09-03T07:00;28;kWh;0;74819;0;0;74819;74819
2024-09-03T07:00;2024-09-03T07:15;29;kWh;-8259;731;0;0;8990;-7528
2024-09-03T07:15;2024-09-03T07:30;30;kWh;-1;306;0;0;307;305
2024-09-03T07:30;2024-09-03T07:45;31;kWh;0;2168;0;0;2168;2168
2024-09-03T07:45;2024-09-03T08:00;32;kWh;-48;6;0;0;54;-42
2024-09-03T08:00;2024-09-03T08:15;33;kWh;-481;0;0;0;481;-481
2024-09-03T08:15;2024-09-03T08:30;34;kWh;-20273;0;0;0;20273;-20273
2024-09-03T08:30;2024-09-03T08:45;35;kWh;-31804;0;0;0;31804;-31804
2024-09-03T08:45;2024-09-03T09:00;36;kWh;-23813;0;0;0;23813;-23813
2024-09-03T09:00;2024-09-03T09:15;37;kWh;-6644;583;0;0;7227;-6061
2024-09-03T09:15;2024-09-03T09:30;38;kWh;-40532;0;0;0;40532;-40532
2024-09-03T09:30;2024-09-03T09:45;39;kWh;-28466;0;0;0;28466;-28466
2024-09-03T09:45;2024-09-03T10:00;40;kWh;-51875;0;0;0;51875;-51875
2024-09-03T10:00;2024-09-03T10:15;41;kWh;-64936;0;0;0;64936;-64936
2024-09-03T10:15;2024-09-03T10:30;42;kWh;-56164;0;0;0;56164;-56164
2024-09-03T10:30;2024-09-03T10:45;43;kWh;-51004;0;0;0;51004;-51004
2024-09-03T10:45;2024-09-03T11:00;44;kWh;-45180;0;0;0;45180;-45180
2024-09-03T11:00;2024-09-03T11:15;45;kWh;-38399;0;0;0;38399;-38399
2024-09-03T11:15;2024-09-03T11:30;46;kWh;-4655;0;0;0;4655;-4655
2024-09-03T11:30;2024-09-03T11:45;47;kWh;-16626;0;0;0;16626;-16626
2024-09-03T11:45;2024-09-03T12:00;48;kWh;-30894;0;0;0;30894;-30894
2024-09-03T12:00;2024-09-03T12:15;49;kWh;-39457;0;0;0;39457;-39457
2024-09-03T12:15;2024-09-03T12:30;50;kWh;-34661;0;0;0;34661;-34661
2024-09-03T12:30;2024-09-03T12:45;51;kWh;-46216;0;0;0;46216;-46216
2024-09-03T12:45;2024-09-03T13:00;52;kWh;-12558;0;0;0;12558;-12558
2024-09-03T13:00;2024-09-03T13:15;53;kWh;-1191;0;0;0;1191;-1191
2024-09-03T13:15;2024-09-03T13:30;54;kWh;-390;0;0;0;390;-390
2024-09-03T13:30;2024-09-03T13:45;55;kWh;0;1461;0;0;1461;1461
2024-09-03T13:45;2024-09-03T14:00;56;kWh;-6;651;0;0;657;645
2024-09-03T14:00;2024-09-03T14:15;57;kWh;-24826;0;0;0;24826;-24826
2024-09-03T14:15;2024-09-03T14:30;58;kWh;-1843;0;0;0;1843;-1843
2024-09-03T14:30;2024-09-03T14:45;59;kWh;-4478;0;0;0;4478;-4478
2024-09-03T14:45;2024-09-03T15:00;60;kWh;-886;0;0;0;886;-886
2024-09-03T15:00;2024-09-03T15:15;61;kWh;-17863;0;0;0;17863;-17863
2024-09-03T15:15;2024-09-03T15:30;62;kWh;-17248;0;0;0;17248;-17248
2024-09-03T15:30;2024-09-03T15:45;63;kWh;0;0;0;0;0;0
2024-09-03T15:45;2024-09-03T16:00;64;kWh;0;4682;0;0;4682;4682
2024-09-03T16:00;2024-09-03T16:15;65;kWh;0;3351;0;0;3351;3351
2024-09-03T16:15;2024-09-03T16:30;66;kWh;0;12346;0;0;12346;12346
2024-09-03T16:30;2024-09-03T16:45;67;kWh;0;9494;0;0;9494;9494
2024-09-03T16:45;2024-09-03T17:00;68;kWh;-26614;0;0;0;26614;-26614
2024-09-03T17:00;2024-09-03T17:15;69;kWh;-60269;0;0;0;60269;-60269
2024-09-03T17:15;2024-09-03T17:30;70;kWh;-58117;0;0;0;58117;-58117
2024-09-03T17:30;2024-09-03T17:45;71;kWh;-19520;0;0;0;19520;-19520
2024-09-03T17:45;2024-09-03T18:00;72;kWh;-1173;0;0;0;1173;-1173
2024-09-03T18:00;2024-09-03T18:15;73;kWh;-3296;6811;0;0;10107;3515
2024-09-03T18:15;2024-09-03T18:30;74;kWh;0;33383;0;0;33383;33383
2024-09-03T18:30;2024-09-03T18:45;75;kWh;0;51435;0;0;51435;51435
2024-09-03T18:45;2024-09-03T19:00;76;kWh;0;55700;0;0;55700;55700
2024-09-03T19:00;2024-09-03T19:15;77;kWh;0;20350;0;0;20350;20350
2024-09-03T19:15;2024-09-03T19:30;78;kWh;0;49024;0;0;49024;49024
2024-09-03T19:30;2024-09-03T19:45;79;kWh;0;65597;0;0;65597;65597
2024-09-03T19:45;2024-09-03T20:00;80;kWh;0;74475;0;0;74475;74475
2024-09-03T20:00;2024-09-03T20:15;81;kWh;-2917;5630;0;0;8547;2713
2024-09-03T20:15;2024-09-03T20:30;82;kWh;-7045;1149;0;0;8194;-5896
2024-09-03T20:30;2024-09-03T20:45;83;kWh;0;24259;0;0;24259;24259
2024-09-03T20:45;2024-09-03T21:00;84;kWh;0;1444;0;0;1444;1444
2024-09-03T21:00;2024-09-03T21:15;85;kWh;0;18482;0;0;18482;18482
2024-09-03T21:15;2024-09-03T21:30;86;kWh;-1208;668;0;0;1876;-540
2024-09-03T21:30;2024-09-03T21:45;87;kWh;-9721;14;0;0;9735;-9707
2024-09-03T21:45;2024-09-03T22:00;88;kWh;-30698;0;0;0;30698;-30698
2024-09-03T22:00;2024-09-03T22:15;89;kWh;-6294;2372;0;0;8666;-3922
2024-09-03T22:15;2024-09-03T22:30;90;kWh;0;3202;0;0;3202;3202
2024-09-03T22:30;2024-09-03T22:45;91;kWh;0;1398;0;0;1398;1398
2024-09-03T22:45;2024-09-03T23:00;92;kWh;-2231;0;0;0;2231;-2231
2024-09-03T23:00;2024-09-03T23:15;93;kWh;-1467;14386;0;0;15853;12919
2024-09-03T23:15;2024-09-03T23:30;94;kWh;0;15811;0;0;15811;15811
2024-09-03T23:30;2024-09-03T23:45;95;kWh;0;1560;0;0;1560;1560
2024-09-03T23:45;2024-09-04T00:00;96;kWh;0;772;0;0;772;772
2024-09-04T00:00;2024-09-04T00:15;1;kWh;0;7847;0;0;7847;7847
2024-09-04T00:15;2024-09-04T00:30;2;kWh;0;11812;0;0;11812;11812
2024-09-04T00:30;2024-09-04T00:45;3;kWh;0;1605;0;0;1605;1605
2024-09-04T00:45;2024-09-04T01:00;4;kWh;0;131;0;0;131;131
2024-09-04T01:00;2024-09-04T01:15;5;kWh;0;1125;0;0;1125;1125
2024-09-04T01:15;2024-09-04T01:30;6;kWh;-2107;0;0;0;2107;-2107
2024-09-04T01:30;2024-09-04T01:45;7;kWh;-8635;0;0;0;8635;-8635
2024-09-04T01:45;2024-09-04T02:00;8;kWh;-5826;0;0;0;5826;-5826
2024-09-04T02:00;2024-09-04T02:15;9;kWh;-2904;0;0;0;2904;-2904
2024-09-04T02:15;2024-09-04T02:30;10;kWh;-2407;0;0;0;2407;-2407
2024-09-04T02:30;2024-09-04T02:45;11;kWh;-2917;0;0;0;2917;-2917
2024-09-04T02:45;2024-09-04T03:00;12;kWh;-1383;0;0;0;1383;-1383
2024-09-04T03:00;2024-09-04T03:15;13;kWh;-713;0;0;0;713;-713
2024-09-04T03:15;2024-09-04T03:30;14;kWh;-246;0;0;0;246;-246
2024-09-04T03:30;2024-09-04T03:45;15;kWh;-432;0;0;0;432;-432
2024-09-04T03:45;2024-09-04T04:00;16;kWh;-21;0;0;0;21;-21
2024-09-04T04:00;2024-09-04T04:15;17;kWh;-5477;0;0;0;5477;-5477
2024-09-04T04:15;2024-09-04T04:30;18;kWh;-3579;0;0;0;3579;-3579
2024-09-04T04:30;2024-09-04T04:45;19;kWh;-2572;0;0;0;2572;-2572
2024-09-04T04:45;2024-09-04T05:00;20;kWh;-9504;0;0;0;9504;-9504
2024-09-04T05:00;2024-09-04T05:15;21;kWh;-29984;0;0;0;29984;-29984
2024-09-04T05:15;2024-09-04T05:30;22;kWh;-15698;0;0;0;15698;-15698
2024-09-04T05:30;2024-09-04T05:45;23;kWh;-22102;0;0;0;22102;-22102
2024-09-04T05:45;2024-09-04T06:00;24;kWh;-9663;0;0;0;9663;-9663
2024-09-04T06:00;2024-09-04T06:15;25;kWh;-27935;0;0;0;27935;-27935
2024-09-04T06:15;2024-09-04T06:30;26;kWh;-18635;0;0;0;18635;-18635
2024-09-04T06:30;2024-09-04T06:45;27;kWh;-1874;0;0;0;1874;-1874
2024-09-04T06:45;2024-09-04T07:00;28;kWh;0;0;0;0;0;0
2024-09-04T07:00;2024-09-04T07:15;29;kWh;-1728;0;0;0;1728;-1728
2024-09-04T07:15;2024-09-04T07:30;30;kWh;-763;0;0;0;763;-763
2024-09-04T07:30;2024-09-04T07:45;31;kWh;-710;0;0;0;710;-710
2024-09-04T07:45;2024-09-04T08:00;32;kWh;-800;0;0;0;800;-800
2024-09-04T08:00;2024-09-04T08:15;33;kWh;-3715;0;0;0;3715;-3715
2024-09-04T08:15;2024-09-04T08:30;34;kWh;-5087;0;0;0;5087;-5087
2024-09-04T08:30;2024-09-04T08:45;35;kWh;-6033;0;0;0;6033;-6033
2024-09-04T08:45;2024-09-04T09:00;36;kWh;-7975;8909;0;0;16884;934
2024-09-04T09:00;2024-09-04T09:15;37;kWh;0;19275;0;0;19275;19275
2024-09-04T09:15;2024-09-04T09:30;38;kWh;0;1920;0;0;1920;1920
2024-09-04T09:30;2024-09-04T09:45;39;kWh;0;3943;0;0;3943;3943
2024-09-04T09:45;2024-09-04T10:00;40;kWh;-11;532;0;0;543;521
2024-09-04T10:00;2024-09-04T10:15;41;kWh;-633;0;0;0;633;-633
2024-09-04T10:15;2024-09-04T10:30;42;kWh;-482;0;0;0;482;-482
2024-09-04T10:30;2024-09-04T10:45;43;kWh;-5521;0;0;0;5521;-5521
2024-09-04T10:45;2024-09-04T11:00;44;kWh;-3630;0;0;0;3630;-3630
2024-09-04T11:00;2024-09-04T11:15;45;kWh;-233;0;0;0;233;-233
2024-09-04T11:15;2024-09-04T11:30;46;kWh;0;16120;0;0;16120;16120
2024-09-04T11:30;2024-09-04T11:45;47;kWh;0;14191;0;0;14191;14191
2024-09-04T11:45;2024-09-04T12:00;48;kWh;0;3047;0;0;3047;3047
2024-09-04T12:00;2024-09-04T12:15;49;kWh;-1273;5693;0;0;6966;4420
2024-09-04T12:15;2024-09-04T12:30;50;kWh;-23841;0;0;0;23841;-23841
2024-09-04T12:30;2024-09-04T12:45;51;kWh;-17904;0;0;0;17904;-17904
2024-09-04T12:45;2024-09-04T13:00;52;kWh;-38457;0;0;0;38457;-38457
2024-09-04T13:00;2024-09-04T13:15;53;kWh;-25012;0;0;0;25012;-25012
2024-09-04T13:15;2024-09-04T13:30;54;kWh;-3631;0;0;0;3631;-3631
2024-09-04T13:30;2024-09-04T13:45;55;kWh;-4752;0;0;0;4752;-4752
2024-09-04T13:45;2024-09-04T14:00;56;kWh;-15574;0;0;0;15574;-15574
2024-09-04T14:00;2024-09-04T14:15;57;kWh;-562;18452;0;0;19014;17890
2024-09-04T14:15;2024-09-04T14:30;58;kWh;0;11072;0;0;11072;11072
2024-09-04T14:30;2024-09-04T14:45;59;kWh;0;3124;0;0;3124;3124
2024-09-04T14:45;2024-09-04T15:00;60;kWh;0;2304;0;0;2304;2304
2024-09-04T15:00;2024-09-04T15:15;61;kWh;-2531;0;0;0;2531;-2531
2024-09-04T15:15;2024-09-04T15:30;62;kWh;-12974;0;0;0;12974;-12974
2024-09-04T15:30;2024-09-04T15:45;63;kWh;0;0;0;0;0;0
2024-09-04T15:45;2024-09-04T16:00;64;kWh;0;2162;0;0;2162;2162
2024-09-04T16:00;2024-09-04T16:15;65;kWh;0;3050;0;0;3050;3050
2024-09-04T16:15;2024-09-04T16:30;66;kWh;0;7911;0;0;7911;7911
2024-09-04T16:30;2024-09-04T16:45;67;kWh;0;9481;0;0;9481;9481
2024-09-04T16:45;2024-09-04T17:00;68;kWh;0;2699;0;0;2699;2699
2024-09-04T17:00;2024-09-04T17:15;69;kWh;0;136;0;0;136;136
2024-09-04T17:15;2024-09-04T17:30;70;kWh;0;1671;0;0;1671;1671
2024-09-04T17:30;2024-09-04T17:45;71;kWh;0;2005;0;0;2005;2005
2024-09-04T17:45;2024-09-04T18:00;72;kWh;0;7266;0;0;7266;7266
2024-09-04T18:00;2024-09-04T18:15;73;kWh;0;1132;0;0;1132;1132
2024-09-04T18:15;2024-09-04T18:30;74;kWh;0;3;0;0;3;3
2024-09-04T18:30;2024-09-04T18:45;75;kWh;-19011;0;0;0;19011;-19011
2024-09-04T18:45;2024-09-04T19:00;76;kWh;-11777;0;0;0;11777;-11777
2024-09-04T19:00;2024-09-04T19:15;77;kWh;-33886;0;0;0;33886;-33886
2024-09-04T19:15;2024-09-04T19:30;78;kWh;-16316;0;0;0;16316;-16316
2024-09-04T19:30;2024-09-04T19:45;79;kWh;-4924;0;0;0;4924;-4924
2024-09-04T19:45;2024-09-04T20:00;80;kWh;-3845;0;0;0;3845;-3845
2024-09-04T20:00;2024-09-04T20:15;81;kWh;-92;10895;0;0;10987;10803
2024-09-04T20:15;2024-09-04T20:30;82;kWh;0;15590;0;0;15590;15590
2024-09-04T20:30;2024-09-04T20:45;83;kWh;0;17853;0;0;17853;17853
2024-09-04T20:45;2024-09-04T21:00;84;kWh;-42;0;0;0;42;-42
2024-09-04T21:00;2024-09-04T21:15;85;kWh;0;2437;0;0;2437;2437
2024-09-04T21:15;2024-09-04T21:30;86;kWh;0;0;0;0;0;0
2024-09-04T21:30;2024-09-04T21:45;87;kWh;-1028;0;0;0;1028;-1028
2024-09-04T21:45;2024-09-04T22:00;88;kWh;-16508;0;0;0;16508;-16508
2024-09-04T22:00;2024-09-04T22:15;89;kWh;-6714;184;0;0;6898;-6530
2024-09-04T22:15;2024-09-04T22:30;90;kWh;-6525;0;0;0;6525;-6525
2024-09-04T22:30;2024-09-04T22:45;91;kWh;0;616;0;0;616;616
2024-09-04T22:45;2024-09-04T23:00;92;kWh;-38;380;0;0;418;342
2024-09-04T23:00;2024-09-04T23:15;93;kWh;-1291;444;0;0;1735;-847
2024-09-04T23:15;2024-09-04T23:30;94;kWh;0;1181;0;0;1181;1181
2024-09-04T23:30;2024-09-04T23:45;95;kWh;0;16304;0;0;16304;16304
2024-09-04T23:45;2024-09-05T00:00;96;kWh;0;436;0;0;436;436
2024-09-05T00:00;2024-09-05T00:15;1;kWh;-1;0;0;0;1;-1
2024-09-05T00:15;2024-09-05T00:30;2;kWh;-15790;0;0;0;15790;-15790
2024-09-05T00:30;2024-09-05T00:45;3;kWh;-49184;0;0;0;49184;-49184
2024-09-05T00:45;2024-09-05T01:00;4;kWh;-67271;0;0;0;67271;-67271
2024-09-05T01:00;2024-09-05T01:15;5;kWh;-19591;0;0;0;19591;-19591
2024-09-05T01:15;2024-09-05T01:30;6;kWh;-34524;0;0;0;34524;-34524
2024-09-05T01:30;2024-09-05T01:45;7;kWh;-15733;0;0;0;15733;-15733
2024-09-05T01:45;2024-09-05T02:00;8;kWh;-24791;0;0;0;24791;-24791
2024-09-05T02:00;2024-09-05T02:15;9;kWh;-2148;668;0;0;2816;-1480
2024-09-05T02:15;2024-09-05T02:30;10;kWh;-1341;0;0;0;1341;-1341
2024-09-05T02:30;2024-09-05T02:45;11;kWh;-2704;0;0;0;2704;-2704
2024-09-05T02:45;2024-09-05T03:00;12;kWh;-9551;0;0;0;9551;-9551
2024-09-05T03:00;2024-09-05T03:15;13;kWh;-5721;0;0;0;5721;-5721
2024-09-05T03:15;2024-09-05T03:30;14;kWh;-7446;0;0;0;7446;-7446
2024-09-05T03:30;2024-09-05T03:45;15;kWh;-47225;0;0;0;47225;-47225
2024-09-05T03:45;2024-09-05T04:00;16;kWh;-49547;0;0;0;49547;-49547
2024-09-05T04:00;2024-09-05T04:15;17;kWh;-70793;0;0;0;70793;-70793
2024-09-05T04:15;2024-09-05T04:30;18;kWh;-61864;0;0;0;61864;-61864
2024-09-05T04:30;2024-09-05T04:45;19;kWh;-59670;0;0;0;59670;-59670
2024-09-05T04:45;2024-09-05T05:00;20;kWh;-46347;0;0;0;46347;-46347
2024-09-05T05:00;2024-09-05T05:15;21;kWh;-6943;14889;0;0;21832;7946
2024-09-05T05:15;2024-09-05T05:30;22;kWh;0;7613;0;0;7613;7613
2024-09-05T05:30;2024-09-05T05:45;23;kWh;0;13426;0;0;13426;13426
2024-09-05T05:45;2024-09-05T06:00;24;kWh;0;10279;0;0;10279;10279
2024-09-05T06:00;2024-09-05T06:15;25;kWh;-491;33724;0;0;34215;33233
2024-09-05T06:15;2024-09-05T06:30;26;kWh;-4415;9985;0;0;14400;5570
2024-09-05T06:30;2024-09-05T06:45;27;kWh;0;22315;0;0;22315;22315
2024-09-05T06:45;2024-09-05T07:00;28;kWh;-2037;5307;0;0;7344;3270
2024-09-05T07:00;2024-09-05T07:15;29;kWh;-24461;445;0;0;24906;-24016
2024-09-05T07:15;2024-09-05T07:30;30;kWh;-24712;125;0;0;24837;-24587
2024-09-05T07:30;2024-09-05T07:45;31;kWh;-13690;6344;0;0;20034;-7346
2024-09-05T07:45;2024-09-05T08:00;32;kWh;-9043;7296;0;0;16339;-1747
2024-09-05T08:00;2024-09-05T08:15;33;kWh;-22102;12881;0;0;34983;-9221
2024-09-05T08:15;2024-09-05T08:30;34;kWh;-37749;0;0;0;37749;-37749
2024-09-05T08:30;2024-09-05T08:45;35;kWh;-30467;138;0;0;30605;-30329
2024-09-05T08:45;2024-09-05T09:00;36;kWh;-38514;0;0;0;38514;-38514
2024-09-05T09:00;2024-09-05T09:15;37;kWh;-1889;26422;0;0;28311;24533
2024-09-05T09:15;2024-09-05T09:30;38;kWh;0;57872;0;0;57872;57872
2024-09-05T09:30;2024-09-05T09:45;39;kWh;0;40598;0;0;40598;40598
2024-09-05T09:45;2024-09-05T10:00;40;kWh;0;36218;0;0;36218;36218
2024-09-05T10:00;2024-09-05T10:15;41;kWh;0;20948;0;0;20948;20948
2024-09-05T10:15;2024-09-05T10:30;42;kWh;0;30939;0;0;30939;30939
2024-09-05T10:30;2024-09-05T10:45;43;kWh;-452;5010;0;0;5462;4558
2024-09-05T10:45;2024-09-05T11:00;44;kWh;-2694;14135;0;0;16829;11441
2024-09-05T11:00;2024-09-05T11:15;45;kWh;-3096;0;0;0;3096;-3096
2024-09-05T11:15;2024-09-05T11:30;46;kWh;-7256;0;0;0;7256;-7256
2024-09-05T11:30;2024-09-05T11:45;47;kWh;-16686;0;0;0;16686;-16686
2024-09-05T11:45;2024-09-05T12:00;48;kWh;-9082;578;0;0;9660;-8504
2024-09-05T12:00;2024-09-05T12:15;49;kWh;-53914;26484;0;0;80398;-27430
2024-09-05T12:15;2024-09-05T12:30;50;kWh;-83542;957;0;0;84499;-82585
2024-09-05T12:30;2024-09-05T12:45;51;kWh;-115867;1431;0;0;117298;-114436
2024-09-05T12:45;2024-09-05T13:00;52;kWh;-65477;0;0;0;65477;-65477
2024-09-05T13:00;2024-09-05T13:15;53;kWh;-64481;0;0;0;64481;-64481
2024-09-05T13:15;2024-09-05T13:30;54;kWh;-80526;0;0;0;80526;-80526
2024-09-05T13:30;2024-09-05T13:45;55;kWh;-60622;0;0;0;60622;-60622
2024-09-05T13:45;2024-09-05T14:00;56;kWh;-85743;0;0;0;85743;-85743
2024-09-05T14:00;2024-09-05T14:15;57;kWh;-37844;8722;0;0;46566;-29122
2024-09-05T14:15;2024-09-05T14:30;58;kWh;-40813;9981;0;0;50794;-30832
2024-09-05T14:30;2024-09-05T14:45;59;kWh;-34060;1867;0;0;35927;-32193
2024-09-05T14:45;2024-09-05T15:00;60;kWh;-30639;1293;0;0;31932;-29346
2024-09-05T15:00;2024-09-05T15:15;61;kWh;-31501;2823;0;0;34324;-28678
2024-09-05T15:15;2024-09-05T15:30;62;kWh;-23403;666;0;0;24069;-22737
2024-09-05T15:30;2024-09-05T15:45;63;kWh;-4143;7286;0;0;11429;3143
2024-09-05T15:45;2024-09-05T16:00;64;kWh;-3979;26772;0;0;30751;22793
2024-09-05T16:00;2024-09-05T16:15;65;kWh;-1937;4075;0;0;6012;2138
2024-09-05T16:15;2024-09-05T16:30;66;kWh;-635;19079;0;0;19714;18444
2024-09-05T16:30;2024-09-05T16:45;67;kWh;0;69283;0;0;69283;69283
2024-09-05T16:45;2024-09-05T17:00;68;kWh;0;96245;0;0;96245;96245
2024-09-05T17:00;2024-09-05T17:15;69;kWh;-21007;14627;0;0;35634;-6380
2024-09-05T17:15;2024-09-05T17:30;70;kWh;-14301;20924;0;0;35225;6623
2024-09-05T17:30;2024-09-05T17:45;71;kWh;-5276;19351;0;0;24627;14075
2024-09-05T17:45;2024-09-05T18:00;72;kWh;-8;74468;0;0;74476;74460
2024-09-05T18:00;2024-09-05T18:15;73;kWh;-59547;6294;0;0;65841;-53253
2024-09-05T18:15;2024-09-05T18:30;74;kWh;-10186;8024;0;0;18210;-2162
2024-09-05T18:30;2024-09-05T18:45;75;kWh;-6561;15149;0;0;21710;8588
2024-09-05T18:45;2024-09-05T19:00;76;kWh;0;25777;0;0;25777;25777
2024-09-05T19:00;2024-09-05T19:15;77;kWh;-6582;16101;0;0;22683;9519
2024-09-05T19:15;2024-09-05T19:30;78;kWh;0;32715;0;0;32715;32715
2024-09-05T19:30;2024-09-05T19:45;79;kWh;0;70529;0;0;70529;70529
2024-09-05T19:45;2024-09-05T20:00;80;kWh;0;81792;0;0;81792;81792
2024-09-05T20:00;2024-09-05T20:15;81;kWh;0;75636;0;0;75636;75636
2024-09-05T20:15;2024-09-05T20:30;82;kWh;0;104183;0;0;104183;104183
2024-09-05T20:30;2024-09-05T20:45;83;kWh;0;105791;0;0;105791;105791
2024-09-05T20:45;2024-09-05T21:00;84;kWh;0;82517;0;0;82517;82517
2024-09-05T21:00;2024-09-05T21:15;85;kWh;0;46533;0;0;46533;46533
2024-09-05T21:15;2024-09-05T21:30;86;kWh;0;54803;0;0;54803;54803
2024-09-05T21:30;2024-09-05T21:45;87;kWh;-699;4966;0;0;5665;4267
2024-09-05T21:45;2024-09-05T22:00;88;kWh;-576;2057;0;0;2633;1481
2024-09-05T22:00;2024-09-05T22:15;89;kWh;-191;40254;0;0;40445;40063
2024-09-05T22:15;2024-09-05T22:30;90;kWh;0;22622;0;0;22622;22622
2024-09-05T22:30;2024-09-05T22:45;91;kWh;-178;2338;0;0;2516;2160
2024-09-05T22:45;2024-09-05T23:00;92;kWh;-6836;461;0;0;7297;-6375
2024-09-05T23:00;2024-09-05T23:15;93;kWh;-108;79399;0;0;79507;79291
2024-09-05T23:15;2024-09-05T23:30;94;kWh;0;32111;0;0;32111;32111
2024-09-05T23:30;2024-09-05T23:45;95;kWh;-5587;221;0;0;5808;-5366
2024-09-05T23:45;2024-09-06T00:00;96;kWh;-8439;6068;0;0;14507;-2371
2024-09-06T00:00;2024-09-06T00:15;1;kWh;-14460;9717;0;0;24177;-4743
2024-09-06T00:15;2024-09-06T00:30;2;kWh;-755;5781;0;0;6536;5026
2024-09-06T00:30;2024-09-06T00:45;3;kWh;0;11486;0;0;11486;11486
2024-09-06T00:45;2024-09-06T01:00;4;kWh;-1290;12710;0;0;14000;11420
2024-09-06T01:00;2024-09-06T01:15;5;kWh;-749;42176;0;0;42925;41427
2024-09-06T01:15;2024-09-06T01:30;6;kWh;0;20471;0;0;20471;20471
2024-09-06T01:30;2024-09-06T01:45;7;kWh;0;20158;0;0;20158;20158
2024-09-06T01:45;2024-09-06T02:00;8;kWh;-66;9005;0;0;9071;8939
2024-09-06T02:00;2024-09-06T02:15;9;kWh;-161;8811;0;0;8972;8650
2024-09-06T02:15;2024-09-06T02:30;10;kWh;-6612;8;0;0;6620;-6604
2024-09-06T02:30;2024-09-06T02:45;11;kWh;-34864;365;0;0;35229;-34499
2024-09-06T02:45;2024-09-06T03:00;12;kWh;-38065;0;0;0;38065;-38065
2024-09-06T03:00;2024-09-06T03:15;13;kWh;-20791;640;0;0;21431;-20151
2024-09-06T03:15;2024-09-06T03:30;14;kWh;-22962;650;0;0;23612;-22312
2024-09-06T03:30;2024-09-06T03:45;15;kWh;-11681;357;0;0;12038;-11324
2024-09-06T03:45;2024-09-06T04:00;16;kWh;-9918;1960;0;0;11878;-7958
2024-09-06T04:00;2024-09-06T04:15;17;kWh;-8139;1728;0;0;9867;-6411
2024-09-06T04:15;2024-09-06T04:30;18;kWh;-5850;0;0;0;5850;-5850
2024-09-06T04:30;2024-09-06T04:45;19;kWh;-10527;0;0;0;10527;-10527
2024-09-06T04:45;2024-09-06T05:00;20;kWh;-6597;8;0;0;6605;-6589
2024-09-06T05:00;2024-09-06T05:15;21;kWh;0;7085;0;0;7085;7085
2024-09-06T05:15;2024-09-06T05:30;22;kWh;0;30631;0;0;30631;30631
2024-09-06T05:30;2024-09-06T05:45;23;kWh;0;52123;0;0;52123;52123
2024-09-06T05:45;2024-09-06T06:00;24;kWh;-186;50727;0;0;50913;50541
2024-09-06T06:00;2024-09-06T06:15;25;kWh;-13855;11024;0;0;24879;-2831
2024-09-06T06:15;2024-09-06T06:30;26;kWh;0;34887;0;0;34887;34887
2024-09-06T06:30;2024-09-06T06:45;27;kWh;0;40293;0;0;40293;40293
2024-09-06T06:45;2024-09-06T07:00;28;kWh;0;41273;0;0;41273;41273
2024-09-06T07:00;2024-09-06T07:15;29;kWh;-3791;9867;0;0;13658;6076
2024-09-06T07:15;2024-09-06T07:30;30;kWh;0;38981;0;0;38981;38981
2024-09-06T07:30;2024-09-06T07:45;31;kWh;0;55526;0;0;55526;55526
2024-09-06T07:45;2024-09-06T08:00;32;kWh;0;86987;0;0;86987;86987
2024-09-06T08:00;2024-09-06T08:15;33;kWh;0;84193;0;0;84193;84193
2024-09-06T08:15;2024-09-06T08:30;34;kWh;0;32757;0;0;32757;32757
2024-09-06T08:30;2024-09-06T08:45;35;kWh;0;33440;0;0;33440;33440
2024-09-06T08:45;2024-09-06T09:00;36;kWh;0;27336;0;0;27336;27336
2024-09-06T09:00;2024-09-06T09:15;37;kWh;-690;38684;0;0;39374;37994
2024-09-06T09:15;2024-09-06T09:30;38;kWh;-6033;49302;0;0;55335;43269
2024-09-06T09:30;2024-09-06T09:45;39;kWh;-6835;15092;0;0;21927;8257
2024-09-06T09:45;2024-09-06T10:00;40;kWh;-12561;24396;0;0;36957;11835
2024-09-06T10:00;2024-09-06T10:15;41;kWh;0;28341;0;0;28341;28341
2024-09-06T10:15;2024-09-06T10:30;42;kWh;0;49627;0;0;49627;49627
2024-09-06T10:30;2024-09-06T10:45;43;kWh;0;89230;0;0;89230;89230
2024-09-06T10:45;2024-09-06T11:00;44;kWh;0;61996;0;0;61996;61996
2024-09-06T11:00;2024-09-06T11:15;45;kWh;0;63622;0;0;63622;63622
2024-09-06T11:15;2024-09-06T11:30;46;kWh;0;67671;0;0;67671;67671
2024-09-06T11:30;2024-09-06T11:45;47;kWh;0;50457;0;0;50457;50457
2024-09-06T11:45;2024-09-06T12:00;48;kWh;0;48929;0;0;48929;48929
2024-09-06T12:00;2024-09-06T12:15;49;kWh;-11;3702;0;0;3713;3691
2024-09-06T12:15;2024-09-06T12:30;50;kWh;-3543;25459;0;0;29002;21916
2024-09-06T12:30;2024-09-06T12:45;51;kWh;-353;33090;0;0;33443;32737
2024-09-06T12:45;2024-09-06T13:00;52;kWh;-3607;13694;0;0;17301;10087
2024-09-06T13:00;2024-09-06T13:15;53;kWh;-29859;2022;0;0;31881;-27837
2024-09-06T13:15;2024-09-06T13:30;54;kWh;-20727;9835;0;0;30562;-10892
2024-09-06T13:30;2024-09-06T13:45;55;kWh;-12915;7114;0;0;20029;-5801
2024-09-06T13:45;2024-09-06T14:00;56;kWh;-4861;6709;0;0;11570;1848
2024-09-06T14:00;2024-09-06T14:15;57;kWh;-37650;1498;0;0;39148;-36152
2024-09-06T14:15;2024-09-06T14:30;58;kWh;-26839;459;0;0;27298;-26380
2024-09-06T14:30;2024-09-06T14:45;59;kWh;-18002;636;0;0;18638;-17366
2024-09-06T14:45;2024-09-06T15:00;60;kWh;-10103;1192;0;0;11295;-8911
2024-09-06T15:00;2024-09-06T15:15;61;kWh;-6560;2466;0;0;9026;-4094
2024-09-06T15:15;2024-09-06T15:30;62;kWh;-16;27974;0;0;27990;27958
2024-09-06T15:30;2024-09-06T15:45;63;kWh;-416;36109;0;0;36525;35693
2024-09-06T15:45;2024-09-06T16:00;64;kWh;-317;56650;0;0;56967;56333
2024-09-06T16:00;2024-09-06T16:15;65;kWh;-1963;12499;0;0;14462;10536
2024-09-06T16:15;2024-09-06T16:30;66;kWh;-140;18436;0;0;18576;18296
2024-09-06T16:30;2024-09-06T16:45;67;kWh;0;19466;0;0;19466;19466
2024-09-06T16:45;2024-09-06T17:00;68;kWh;-27311;6663;0;0;33974;-20648
2024-09-06T17:00;2024-09-06T17:15;69;kWh;-21876;400;0;0;22276;-21476
2024-09-06T17:15;2024-09-06T17:30;70;kWh;-18798;331;0;0;19129;-18467
2024-09-06T17:30;2024-09-06T17:45;71;kWh;-27576;486;0;0;28062;-27090
2024-09-06T17:45;2024-09-06T18:00;72;kWh;-10559;9758;0;0;20317;-801
2024-09-06T18:00;2024-09-06T18:15;73;kWh;-25477;249;0;0;25726;-25228
2024-09-06T18:15;2024-09-06T18:30;74;kWh;-68;3075;0;0;3143;3007
2024-09-06T18:30;2024-09-06T18:45;75;kWh;-1061;365;0;0;1426;-696
2024-09-06T18:45;2024-09-06T19:00;76;kWh;-19706;249;0;0;19955;-19457
2024-09-06T19:00;2024-09-06T19:15;77;kWh;-45643;249;0;0;45892;-45394
2024-09-06T19:15;2024-09-06T19:30;78;kWh;-33382;249;0;0;33631;-33133
2024-09-06T19:30;2024-09-06T19:45;79;kWh;-51915;249;0;0;52164;-51666
2024-09-06T19:45;2024-09-06T20:00;80;kWh;-76461;249;0;0;76710;-76212
2024-09-06T20:00;2024-09-06T20:15;81;kWh;-61074;249;0;0;61323;-60825
2024-09-06T20:15;2024-09-06T20:30;82;kWh;-46600;249;0;0;46849;-46351
2024-09-06T20:30;2024-09-06T20:45;83;kWh;-23330;249;0;0;23579;-23081
2024-09-06T20:45;2024-09-06T21:00;84;kWh;-23029;249;0;0;23278;-22780
2024-09-06T21:00;2024-09-06T21:15;85;kWh;-416;26747;0;0;27163;26331
2024-09-06T21:15;2024-09-06T21:30;86;kWh;0;13049;0;0;13049;13049
2024-09-06T21:30;2024-09-06T21:45;87;kWh;0;26658;0;0;26658;26658
2024-09-06T21:45;2024-09-06T22:00;88;kWh;0;15872;0;0;15872;15872
2024-09-06T22:00;2024-09-06T22:15;89;kWh;0;16438;0;0;16438;16438
2024-09-06T22:15;2024-09-06T22:30;90;kWh;0;6765;0;0;6765;6765
2024-09-06T22:30;2024-09-06T22:45;91;kWh;-1042;1967;0;0;3009;925
2024-09-06T22:45;2024-09-06T23:00;92;kWh;-2475;466;0;0;2941;-2009
2024-09-06T23:00;2024-09-06T23:15;93;kWh;-10956;8054;0;0;19010;-2902
2024-09-06T23:15;2024-09-06T23:30;94;kWh;0;26042;0;0;26042;26042
2024-09-06T23:30;2024-09-06T23:45;95;kWh;0;7869;0;0;7869;7869
2024-09-06T23:45;2024-09-07T00:00;96;kWh;-311;788;0;0;1099;477
2024-09-07T00:00;2024-09-07T00:15;1;kWh;0;6673;0;0;6673;6673
2024-09-07T00:15;2024-09-07T00:30;2;kWh;0;13273;0;0;13273;13273
2024-09-07T00:30;2024-09-07T00:45;3;kWh;0;19436;0;0;19436;19436
2024-09-07T00:45;2024-09-07T01:00;4;kWh;0;1371;0;0;1371;1371
2024-09-07T01:00;2024-09-07T01:15;5;kWh;0;34072;0;0;34072;34072
2024-09-07T01:15;2024-09-07T01:30;6;kWh;0;29144;0;0;29144;29144
2024-09-07T01:30;2024-09-07T01:45;7;kWh;0;26276;0;0;26276;26276
2024-09-07T01:45;2024-09-07T02:00;8;kWh;0;26128;0;0;26128;26128
2024-09-07T02:00;2024-09-07T02:15;9;kWh;0;29728;0;0;29728;29728
2024-09-07T02:15;2024-09-07T02:30;10;kWh;0;40729;0;0;40729;40729
2024-09-07T02:30;2024-09-07T02:45;11;kWh;0;28325;0;0;28325;28325
2024-09-07T02:45;2024-09-07T03:00;12;kWh;-113;6677;0;0;6790;6564
2024-09-07T03:00;2024-09-07T03:15;13;kWh;-17799;0;0;0;17799;-17799
2024-09-07T03:15;2024-09-07T03:30;14;kWh;-4449;0;0;0;4449;-4449
2024-09-07T03:30;2024-09-07T03:45;15;kWh;-7587;0;0;0;7587;-7587
2024-09-07T03:45;2024-09-07T04:00;16;kWh;-20816;0;0;0;20816;-20816
2024-09-07T04:00;2024-09-07T04:15;17;kWh;-34660;0;0;0;34660;-34660
2024-09-07T04:15;2024-09-07T04:30;18;kWh;-10254;0;0;0;10254;-10254
2024-09-07T04:30;2024-09-07T04:45;19;kWh;-13811;0;0;0;13811;-13811
2024-09-07T04:45;2024-09-07T05:00;20;kWh;-24268;0;0;0;24268;-24268
2024-09-07T05:00;2024-09-07T05:15;21;kWh;-10638;0;0;0;10638;-10638
2024-09-07T05:15;2024-09-07T05:30;22;kWh;-4573;0;0;0;4573;-4573
2024-09-07T05:30;2024-09-07T05:45;23;kWh;-7744;0;0;0;7744;-7744
2024-09-07T05:45;2024-09-07T06:00;24;kWh;-11084;0;0;0;11084;-11084
2024-09-07T06:00;2024-09-07T06:15;25;kWh;-33562;0;0;0;33562;-33562
2024-09-07T06:15;2024-09-07T06:30;26;kWh;-27847;0;0;0;27847;-27847
2024-09-07T06:30;2024-09-07T06:45;27;kWh;-25511;0;0;0;25511;-25511
2024-09-07T06:45;2024-09-07T07:00;28;kWh;-19311;0;0;0;19311;-19311
2024-09-07T07:00;2024-09-07T07:15;29;kWh;-25581;0;0;0;25581;-25581
2024-09-07T07:15;2024-09-07T07:30;30;kWh;-25647;0;0;0;25647;-25647
2024-09-07T07:30;2024-09-07T07:45;31;kWh;-41168;0;0;0;41168;-41168
2024-09-07T07:45;2024-09-07T08:00;32;kWh;-49600;0;0;0;49600;-49600
2024-09-07T08:00;2024-09-07T08:15;33;kWh;-11286;0;0;0;11286;-11286
2024-09-07T08:15;2024-09-07T08:30;34;kWh;-1686;0;0;0;1686;-1686
2024-09-07T08:30;2024-09-07T08:45;35;kWh;0;0;0;0;0;0
2024-09-07T08:45;2024-09-07T09:00;36;kWh;-1209;0;0;0;1209;-1209
2024-09-07T09:00;2024-09-07T09:15;37;kWh;-10713;18780;0;0;29493;8067
2024-09-07T09:15;2024-09-07T09:30;38;kWh;0;15284;0;0;15284;15284
2024-09-07T09:30;2024-09-07T09:45;39;kWh;0;2478;0;0;2478;2478
2024-09-07T09:45;2024-09-07T10:00;40;kWh;0;1031;0;0;1031;1031
2024-09-07T10:00;2024-09-07T10:15;41;kWh;0;9593;0;0;9593;9593
2024-09-07T10:15;2024-09-07T10:30;42;kWh;0;13399;0;0;13399;13399
2024-09-07T10:30;2024-09-07T10:45;43;kWh;-133;48;0;0;181;-85
2024-09-07T10:45;2024-09-07T11:00;44;kWh;-18715;0;0;0;18715;-18715
2024-09-07T11:00;2024-09-07T11:15;45;kWh;-31541;0;0;0;31541;-31541
2024-09-07T11:15;2024-09-07T11:30;46;kWh;-14462;0;0;0;14462;-14462
2024-09-07T11:30;2024-09-07T11:45;47;kWh;-28243;0;0;0;28243;-28243
2024-09-07T11:45;2024-09-07T12:00;48;kWh;-38788;0;0;0;38788;-38788
2024-09-07T12:00;2024-09-07T12:15;49;kWh;-33214;0;0;0;33214;-33214
2024-09-07T12:15;2024-09-07T12:30;50;kWh;-15098;0;0;0;15098;-15098
2024-09-07T12:30;2024-09-07T12:45;51;kWh;-12326;0;0;0;12326;-12326
2024-09-07T12:45;2024-09-07T13:00;52;kWh;-28780;0;0;0;28780;-28780
2024-09-07T13:00;2024-09-07T13:15;53;kWh;-2973;0;0;0;2973;-2973
2024-09-07T13:15;2024-09-07T13:30;54;kWh;0;1968;0;0;1968;1968
2024-09-07T13:30;2024-09-07T13:45;55;kWh;0;1618;0;0;1618;1618
2024-09-07T13:45;2024-09-07T14:00;56;kWh;0;592;0;0;592;592
2024-09-07T14:00;2024-09-07T14:15;57;kWh;0;0;0;0;0;0
2024-09-07T14:15;2024-09-07T14:30;58;kWh;0;165;0;0;165;165
2024-09-07T14:30;2024-09-07T14:45;59;kWh;0;1800;0;0;1800;1800
2024-09-07T14:45;2024-09-07T15:00;60;kWh;0;2359;0;0;2359;2359
2024-09-07T15:00;2024-09-07T15:15;61;kWh;-19342;14;0;0;19356;-19328
2024-09-07T15:15;2024-09-07T15:30;62;kWh;-35110;259;0;0;35369;-34851
2024-09-07T15:30;2024-09-07T15:45;63;kWh;-5770;0;0;0;5770;-5770
2024-09-07T15:45;2024-09-07T16:00;64;kWh;-1971;0;0;0;1971;-1971
2024-09-07T16:00;2024-09-07T16:15;65;kWh;-10962;0;0;0;10962;-10962
2024-09-07T16:15;2024-09-07T16:30;66;kWh;-12798;0;0;0;12798;-12798
2024-09-07T16:30;2024-09-07T16:45;67;kWh;-9288;318;0;0;9606;-8970
2024-09-07T16:45;2024-09-07T17:00;68;kWh;-9200;0;0;0;9200;-9200
2024-09-07T17:00;2024-09-07T17:15;69;kWh;-11281;88;0;0;11369;-11193
2024-09-07T17:15;2024-09-07T17:30;70;kWh;-2549;0;0;0;2549;-2549
2024-09-07T17:30;2024-09-07T17:45;71;kWh;-2753;0;0;0;2753;-2753
2024-09-07T17:45;2024-09-07T18:00;72;kWh;-4988;0;0;0;4988;-4988
2024-09-07T18:00;2024-09-07T18:15;73;kWh;-1450;647;0;0;2097;-803
2024-09-07T18:15;2024-09-07T18:30;74;kWh;-2349;128;0;0;2477;-2221
2024-09-07T18:30;2024-09-07T18:45;75;kWh;-2133;0;0;0;2133;-2133
2024-09-07T18:45;2024-09-07T19:00;76;kWh;-883;0;0;0;883;-883
2024-09-07T19:00;2024-09-07T19:15;77;kWh;-24578;0;0;0;24578;-24578
2024-09-07T19:15;2024-09-07T19:30;78;kWh;-12447;0;0;0;12447;-12447
2024-09-07T19:30;2024-09-07T19:45;79;kWh;-8775;0;0;0;8775;-8775
2024-09-07T19:45;2024-09-07T20:00;80;kWh;-23770;0;0;0;23770;-23770
2024-09-07T20:00;2024-09-07T20:15;81;kWh;-18;23601;0;0;23619;23583
2024-09-07T20:15;2024-09-07T20:30;82;kWh;0;40843;0;0;40843;40843
2024-09-07T20:30;2024-09-07T20:45;83;kWh;0;53003;0;0;53003;53003
2024-09-07T20:45;2024-09-07T21:00;84;kWh;0;45006;0;0;45006;45006
2024-09-07T21:00;2024-09-07T21:15;85;kWh;0;15299;0;0;15299;15299
2024-09-07T21:15;2024-09-07T21:30;86;kWh;0;416;0;0;416;416
2024-09-07T21:30;2024-09-07T21:45;87;kWh;-6235;1;0;0;6236;-6234
2024-09-07T21:45;2024-09-07T22:00;88;kWh;-71091;0;0;0;71091;-71091
2024-09-07T22:00;2024-09-07T22:15;89;kWh;-13124;0;0;0;13124;-13124
2024-09-07T22:15;2024-09-07T22:30;90;kWh;-18834;0;0;0;18834;-18834
2024-09-07T22:30;2024-09-07T22:45;91;kWh;-19579;0;0;0;19579;-19579
2024-09-07T22:45;2024-09-07T23:00;92;kWh;-13824;0;0;0;13824;-13824
2024-09-07T23:00;2024-09-07T23:15;93;kWh;-30053;0;0;0;30053;-30053
2024-09-07T23:15;2024-09-07T23:30;94;kWh;-1488;0;0;0;1488;-1488
2024-09-07T23:30;2024-09-07T23:45;95;kWh;0;0;0;0;0;0
2024-09-07T23:45;2024-09-08T00:00;96;kWh;-3226;0;0;0;3226;-3226
2024-09-08T00:00;2024-09-08T00:15;1;kWh;-3954;0;0;0;3954;-3954
2024-09-08T00:15;2024-09-08T00:30;2;kWh;-33189;0;0;0;33189;-33189
2024-09-08T00:30;2024-09-08T00:45;3;kWh;-45043;0;0;0;45043;-45043
2024-09-08T00:45;2024-09-08T01:00;4;kWh;-20181;0;0;0;20181;-20181
2024-09-08T01:00;2024-09-08T01:15;5;kWh;-6260;3021;0;0;9281;-3239
2024-09-08T01:15;2024-09-08T01:30;6;kWh;0;35569;0;0;35569;35569
2024-09-08T01:30;2024-09-08T01:45;7;kWh;0;106479;0;0;106479;106479
2024-09-08T01:45;2024-09-08T02:00;8;kWh;0;77429;0;0;77429;77429
2024-09-08T02:00;2024-09-08T02:15;9;kWh;0;92769;0;0;92769;92769
2024-09-08T02:15;2024-09-08T02:30;10;kWh;0;103614;0;0;103614;103614
2024-09-08T02:30;2024-09-08T02:45;11;kWh;0;116211;0;0;116211;116211
2024-09-08T02:45;2024-09-08T03:00;12;kWh;0;116276;0;0;116276;116276
2024-09-08T03:00;2024-09-08T03:15;13;kWh;0;20894;0;0;20894;20894
2024-09-08T03:15;2024-09-08T03:30;14;kWh;0;11524;0;0;11524;11524
2024-09-08T03:30;2024-09-08T03:45;15;kWh;0;39020;0;0;39020;39020
2024-09-08T03:45;2024-09-08T04:00;16;kWh;0;54488;0;0;54488;54488
2024-09-08T04:00;2024-09-08T04:15;17;kWh;-886;2570;0;0;3456;1684
2024-09-08T04:15;2024-09-08T04:30;18;kWh;-1332;0;0;0;1332;-1332
2024-09-08T04:30;2024-09-08T04:45;19;kWh;-17182;0;0;0;17182;-17182
2024-09-08T04:45;2024-09-08T05:00;20;kWh;-10137;0;0;0;10137;-10137
2024-09-08T05:00;2024-09-08T05:15;21;kWh;-18871;0;0;0;18871;-18871
2024-09-08T05:15;2024-09-08T05:30;22;kWh;-12590;0;0;0;12590;-12590
2024-09-08T05:30;2024-09-08T05:45;23;kWh;-2112;10969;0;0;13081;8857
2024-09-08T05:45;2024-09-08T06:00;24;kWh;0;39673;0;0;39673;39673
2024-09-08T06:00;2024-09-08T06:15;25;kWh;0;59398;0;0;59398;59398
2024-09-08T06:15;2024-09-08T06:30;26;kWh;0;54396;0;0;54396;54396
2024-09-08T06:30;2024-09-08T06:45;27;kWh;0;15976;0;0;15976;15976
2024-09-08T06:45;2024-09-08T07:00;28;kWh;-8793;0;0;0;8793;-8793
2024-09-08T07:00;2024-09-08T07:15;29;kWh;-10028;0;0;0;10028;-10028
2024-09-08T07:15;2024-09-08T07:30;30;kWh;-18948;0;0;0;18948;-18948
2024-09-08T07:30;2024-09-08T07:45;31;kWh;-2892;0;0;0;2892;-2892
2024-09-08T07:45;2024-09-08T08:00;32;kWh;-8533;0;0;0;8533;-8533
2024-09-08T08:00;2024-09-08T08:15;33;kWh;-5481;38288;0;0;43769;32807
2024-09-08T08:15;2024-09-08T08:30;34;kWh;0;23248;0;0;23248;23248
2024-09-08T08:30;2024-09-08T08:45;35;kWh;0;210;0;0;210;210
2024-09-08T08:45;2024-09-08T09:00;36;kWh;-3890;0;0;0;3890;-3890
2024-09-08T09:00;2024-09-08T09:15;37;kWh;-1172;9294;0;0;10466;8122
2024-09-08T09:15;2024-09-08T09:30;38;kWh;-5535;99;0;0;5634;-5436
2024-09-08T09:30;2024-09-08T09:45;39;kWh;-13927;0;0;0;13927;-13927
2024-09-08T09:45;2024-09-08T10:00;40;kWh;-18027;0;0;0;18027;-18027
2024-09-08T10:00;2024-09-08T10:15;41;kWh;-3654;0;0;0;3654;-3654
2024-09-08T10:15;2024-09-08T10:30;42;kWh;-1769;0;0;0;1769;-1769
2024-09-08T10:30;2024-09-08T10:45;43;kWh;-8242;0;0;0;8242;-8242
2024-09-08T10:45;2024-09-08T11:00;44;kWh;-19430;0;0;0;19430;-19430
2024-09-08T11:00;2024-09-08T11:15;45;kWh;-5798;0;0;0;5798;-5798
2024-09-08T11:15;2024-09-08T11:30;46;kWh;-935;0;0;0;935;-935
2024-09-08T11:30;2024-09-08T11:45;47;kWh;-12622;0;0;0;12622;-12622
2024-09-08T11:45;2024-09-08T12:00;48;kWh;-7636;0;0;0;7636;-7636
2024-09-08T12:00;2024-09-08T12:15;49;kWh;-2455;0;0;0;2455;-2455
2024-09-08T12:15;2024-09-08T12:30;50;kWh;-1863;0;0;0;1863;-1863
2024-09-08T12:30;2024-09-08T12:45;51;kWh;-2162;0;0;0;2162;-2162
2024-09-08T12:45;2024-09-08T13:00;52;kWh;-7333;0;0;0;7333;-7333
2024-09-08T13:00;2024-09-08T13:15;53;kWh;-4141;0;0;0;4141;-4141
2024-09-08T13:15;2024-09-08T13:30;54;kWh;-8786;0;0;0;8786;-8786
2024-09-08T13:30;2024-09-08T13:45;55;kWh;-23271;0;0;0;23271;-23271
2024-09-08T13:45;2024-09-08T14:00;56;kWh;-22575;0;0;0;22575;-22575
2024-09-08T14:00;2024-09-08T14:15;57;kWh;-19344;13;0;0;19357;-19331
2024-09-08T14:15;2024-09-08T14:30;58;kWh;-44500;24;0;0;44524;-44476
2024-09-08T14:30;2024-09-08T14:45;59;kWh;-15088;2905;0;0;17993;-12183
2024-09-08T14:45;2024-09-08T15:00;60;kWh;-16635;509;0;0;17144;-16126
2024-09-08T15:00;2024-09-08T15:15;61;kWh;-21912;0;0;0;21912;-21912
2024-09-08T15:15;2024-09-08T15:30;62;kWh;-11854;1102;0;0;12956;-10752
2024-09-08T15:30;2024-09-08T15:45;63;kWh;-4867;226;0;0;5093;-4641
2024-09-08T15:45;2024-09-08T16:00;64;kWh;-201;0;0;0;201;-201
2024-09-08T16:00;2024-09-08T16:15;65;kWh;-11538;68;0;0;11606;-11470
2024-09-08T16:15;2024-09-08T16:30;66;kWh;0;414;0;0;414;414
2024-09-08T16:30;2024-09-08T16:45;67;kWh;0;27107;0;0;27107;27107
2024-09-08T16:45;2024-09-08T17:00;68;kWh;0;49471;0;0;49471;49471
2024-09-08T17:00;2024-09-08T17:15;69;kWh;-1655;14150;0;0;15805;12495
2024-09-08T17:15;2024-09-08T17:30;70;kWh;-1983;1808;0;0;3791;-175
2024-09-08T17:30;2024-09-08T17:45;71;kWh;0;6461;0;0;6461;6461
2024-09-08T17:45;2024-09-08T18:00;72;kWh;-7233;0;0;0;7233;-7233
2024-09-08T18:00;2024-09-08T18:15;73;kWh;-32190;0;0;0;32190;-32190
2024-09-08T18:15;2024-09-08T18:30;74;kWh;-36779;0;0;0;36779;-36779
2024-09-08T18:30;2024-09-08T18:45;75;kWh;-9210;0;0;0;9210;-9210
2024-09-08T18:45;2024-09-08T19:00;76;kWh;-16946;395;0;0;17341;-16551
2024-09-08T19:00;2024-09-08T19:15;77;kWh;-34373;476;0;0;34849;-33897
2024-09-08T19:15;2024-09-08T19:30;78;kWh;-19285;0;0;0;19285;-19285
2024-09-08T19:30;2024-09-08T19:45;79;kWh;-498;0;0;0;498;-498
2024-09-08T19:45;2024-09-08T20:00;80;kWh;0;13745;0;0;13745;13745
2024-09-08T20:00;2024-09-08T20:15;81;kWh;-6097;7998;0;0;14095;1901
2024-09-08T20:15;2024-09-08T20:30;82;kWh;-5197;0;0;0;5197;-5197
2024-09-08T20:30;2024-09-08T20:45;83;kWh;-277;0;0;0;277;-277
2024-09-08T20:45;2024-09-08T21:00;84;kWh;-4798;0;0;0;4798;-4798
2024-09-08T21:00;2024-09-08T21:15;85;kWh;-18190;0;0;0;18190;-18190
2024-09-08T21:15;2024-09-08T21:30;86;kWh;-10573;0;0;0;10573;-10573
2024-09-08T21:30;2024-09-08T21:45;87;kWh;-6260;0;0;0;6260;-6260
2024-09-08T21:45;2024-09-08T22:00;88;kWh;-3403;0;0;0;3403;-3403
2024-09-08T22:00;2024-09-08T22:15;89;kWh;-903;1679;0;0;2582;776
2024-09-08T22:15;2024-09-08T22:30;90;kWh;0;1405;0;0;1405;1405
2024-09-08T22:30;2024-09-08T22:45;91;kWh;-217;110;0;0;327;-107
2024-09-08T22:45;2024-09-08T23:00;92;kWh;-6911;0;0;0;6911;-6911
2024-09-08T23:00;2024-09-08T23:15;93;kWh;-7905;0;0;0;7905;-7905
2024-09-08T23:15;2024-09-08T23:30;94;kWh;-1731;0;0;0;1731;-1731
2024-09-08T23:30;2024-09-08T23:45;95;kWh;-2356;0;0;0;2356;-2356
2024-09-08T23:45;2024-09-09T00:00;96;kWh;-2729;0;0;0;2729;-2729
2024-09-09T00:00;2024-09-09T00:15;1;kWh;-106;1309;0;0;1415;1203
2024-09-09T00:15;2024-09-09T00:30;2;kWh;0;3963;0;0;3963;3963
2024-09-09T00:30;2024-09-09T00:45;3;kWh;0;5775;0;0;5775;5775
2024-09-09T00:45;2024-09-09T01:00;4;kWh;0;24486;0;0;24486;24486
2024-09-09T01:00;2024-09-09T01:15;5;kWh;0;11291;0;0;11291;11291
2024-09-09T01:15;2024-09-09T01:30;6;kWh;0;0;0;0;0;0
2024-09-09T01:30;2024-09-09T01:45;7;kWh;-668;0;0;0;668;-668
2024-09-09T01:45;2024-09-09T02:00;8;kWh;-1707;0;0;0;1707;-1707
2024-09-09T02:00;2024-09-09T02:15;9;kWh;-964;816;0;0;1780;-148
2024-09-09T02:15;2024-09-09T02:30;10;kWh;0;5783;0;0;5783;5783
2024-09-09T02:30;2024-09-09T02:45;11;kWh;0;16022;0;0;16022;16022
2024-09-09T02:45;2024-09-09T03:00;12;kWh;0;699;0;0;699;699
2024-09-09T03:00;2024-09-09T03:15;13;kWh;0;13256;0;0;13256;13256
2024-09-09T03:15;2024-09-09T03:30;14;kWh;0;8190;0;0;8190;8190
2024-09-09T03:30;2024-09-09T03:45;15;kWh;0;0;0;0;0;0
2024-09-09T03:45;2024-09-09T04:00;16;kWh;-58;332;0;0;390;274
2024-09-09T04:00;2024-09-09T04:15;17;kWh;-5535;0;0;0;5535;-5535
2024-09-09T04:15;2024-09-09T04:30;18;kWh;-4598;0;0;0;4598;-4598
2024-09-09T04:30;2024-09-09T04:45;19;kWh;-2936;0;0;0;2936;-2936
2024-09-09T04:45;2024-09-09T05:00;20;kWh;-1773;0;0;0;1773;-1773
2024-09-09T05:00;2024-09-09T05:15;21;kWh;-728;0;0;0;728;-728
2024-09-09T05:15;2024-09-09T05:30;22;kWh;-852;0;0;0;852;-852
2024-09-09T05:30;2024-09-09T05:45;23;kWh;-682;0;0;0;682;-682
2024-09-09T05:45;2024-09-09T06:00;24;kWh;-18526;0;0;0;18526;-18526
2024-09-09T06:00;2024-09-09T06:15;25;kWh;-27392;0;0;0;27392;-27392
2024-09-09T06:15;2024-09-09T06:30;26;kWh;-579;0;0;0;579;-579
2024-09-09T06:30;2024-09-09T06:45;27;kWh;0;0;0;0;0;0
2024-09-09T06:45;2024-09-09T07:00;28;kWh;0;0;0;0;0;0
2024-09-09T07:00;2024-09-09T07:15;29;kWh;-20004;0;0;0;20004;-20004
2024-09-09T07:15;2024-09-09T07:30;30;kWh;-1868;0;0;0;1868;-1868
2024-09-09T07:30;2024-09-09T07:45;31;kWh;0;3075;0;0;3075;3075
2024-09-09T07:45;2024-09-09T08:00;32;kWh;0;7628;0;0;7628;7628
2024-09-09T08:00;2024-09-09T08:15;33;kWh;0;3274;0;0;3274;3274
2024-09-09T08:15;2024-09-09T08:30;34;kWh;0;133;0;0;133;133
2024-09-09T08:30;2024-09-09T08:45;35;kWh;-482;0;0;0;482;-482
2024-09-09T08:45;2024-09-09T09:00;36;kWh;-1385;0;0;0;1385;-1385
2024-09-09T09:00;2024-09-09T09:15;37;kWh;-897;0;0;0;897;-897
2024-09-09T09:15;2024-09-09T09:30;38;kWh;-2187;0;0;0;2187;-2187
2024-09-09T09:30;2024-09-09T09:45;39;kWh;-6253;0;0;0;6253;-6253
2024-09-09T09:45;2024-09-09T10:00;40;kWh;-6130;230;0;0;6360;-5900
2024-09-09T10:00;2024-09-09T10:15;41;kWh;-104;1653;0;0;1757;1549
2024-09-09T10:15;2024-09-09T10:30;42;kWh;-1122;0;0;0;1122;-1122
2024-09-09T10:30;2024-09-09T10:45;43;kWh;-8809;0;0;0;8809;-8809
2024-09-09T10:45;2024-09-09T11:00;44;kWh;-38089;0;0;0;38089;-38089
2024-09-09T11:00;2024-09-09T11:15;45;kWh;-31340;0;0;0;31340;-31340
2024-09-09T11:15;2024-09-09T11:30;46;kWh;-51474;0;0;0;51474;-51474
2024-09-09T11:30;2024-09-09T11:45;47;kWh;-49845;0;0;0;49845;-49845
2024-09-09T11:45;2024-09-09T12:00;48;kWh;-29739;0;0;0;29739;-29739
2024-09-09T12:00;2024-09-09T12:15;49;kWh;-30714;0;0;0;30714;-30714
2024-09-09T12:15;2024-09-09T12:30;50;kWh;-26408;0;0;0;26408;-26408
2024-09-09T12:30;2024-09-09T12:45;51;kWh;-10247;0;0;0;10247;-10247
2024-09-09T12:45;2024-09-09T13:00;52;kWh;-28;22;0;0;50;-6
2024-09-09T13:00;2024-09-09T13:15;53;kWh;0;30468;0;0;30468;30468
2024-09-09T13:15;2024-09-09T13:30;54;kWh;0;3629;0;0;3629;3629
2024-09-09T13:30;2024-09-09T13:45;55;kWh;-6;1897;0;0;1903;1891
2024-09-09T13:45;2024-09-09T14:00;56;kWh;-1782;35;0;0;1817;-1747
2024-09-09T14:00;2024-09-09T14:15;57;kWh;-1286;0;0;0;1286;-1286
2024-09-09T14:15;2024-09-09T14:30;58;kWh;-362;0;0;0;362;-362
2024-09-09T14:30;2024-09-09T14:45;59;kWh;-13152;0;0;0;13152;-13152
2024-09-09T14:45;2024-09-09T15:00;60;kWh;-23067;0;0;0;23067;-23067
2024-09-09T15:00;2024-09-09T15:15;61;kWh;-426;13786;0;0;14212;13360
2024-09-09T15:15;2024-09-09T15:30;62;kWh;0;69210;0;0;69210;69210
2024-09-09T15:30;2024-09-09T15:45;63;kWh;0;118145;0;0;118145;118145
2024-09-09T15:45;2024-09-09T16:00;64;kWh;0;39223;0;0;39223;39223
2024-09-09T16:00;2024-09-09T16:15;65;kWh;0;1131;0;0;1131;1131
2024-09-09T16:15;2024-09-09T16:30;66;kWh;-12781;0;0;0;12781;-12781
2024-09-09T16:30;2024-09-09T16:45;67;kWh;-34673;627;0;0;35300;-34046
2024-09-09T16:45;2024-09-09T17:00;68;kWh;-6084;172;0;0;6256;-5912
2024-09-09T17:00;2024-09-09T17:15;69;kWh;-6422;0;0;0;6422;-6422
2024-09-09T17:15;2024-09-09T17:30;70;kWh;-1523;0;0;0;1523;-1523
2024-09-09T17:30;2024-09-09T17:45;71;kWh;-4145;0;0;0;4145;-4145
2024-09-09T17:45;2024-09-09T18:00;72;kWh;-34176;28;0;0;34204;-34148
2024-09-09T18:00;2024-09-09T18:15;73;kWh;-33121;67;0;0;33188;-33054
2024-09-09T18:15;2024-09-09T18:30;74;kWh;-34731;0;0;0;34731;-34731
2024-09-09T18:30;2024-09-09T18:45;75;kWh;-38421;0;0;0;38421;-38421
2024-09-09T18:45;2024-09-09T19:00;76;kWh;-6765;0;0;0;6765;-6765
2024-09-09T19:00;2024-09-09T19:15;77;kWh;-42459;0;0;0;42459;-42459
2024-09-09T19:15;2024-09-09T19:30;78;kWh;-15595;0;0;0;15595;-15595
2024-09-09T19:30;2024-09-09T19:45;79;kWh;-17424;0;0;0;17424;-17424
2024-09-09T19:45;2024-09-09T20:00;80;kWh;-51510;0;0;0;51510;-51510
2024-09-09T20:00;2024-09-09T20:15;81;kWh;-32045;0;0;0;32045;-32045
2024-09-09T20:15;2024-09-09T20:30;82;kWh;-22306;0;0;0;22306;-22306
2024-09-09T20:30;2024-09-09T20:45;83;kWh;-24567;0;0;0;24567;-24567
2024-09-09T20:45;2024-09-09T21:00;84;kWh;-34882;0;0;0;34882;-34882
2024-09-09T21:00;2024-09-09T21:15;85;kWh;-40397;887;0;0;41284;-39510
2024-09-09T21:15;2024-09-09T21:30;86;kWh;-40114;0;0;0;40114;-40114
2024-09-09T21:30;2024-09-09T21:45;87;kWh;-38632;91;0;0;38723;-38541
2024-09-09T21:45;2024-09-09T22:00;88;kWh;-31994;168;0;0;32162;-31826
2024-09-09T22:00;2024-09-09T22:15;89;kWh;-47891;0;0;0;47891;-47891
2024-09-09T22:15;2024-09-09T22:30;90;kWh;-36180;0;0;0;36180;-36180
2024-09-09T22:30;2024-09-09T22:45;91;kWh;-25329;198;0;0;25527;-25131
2024-09-09T22:45;2024-09-09T23:00;92;kWh;-10836;4120;0;0;14956;-6716
2024-09-09T23:00;2024-09-09T23:15;93;kWh;-57005;11;0;0;57016;-56994
2024-09-09T23:15;2024-09-09T23:30;94;kWh;-39066;0;0;0;39066;-39066
2024-09-09T23:30;2024-09-09T23:45;95;kWh;-48186;0;0;0;48186;-48186
2024-09-09T23:45;2024-09-10T00:00;96;kWh;-38190;0;0;0;38190;-38190
2024-09-10T00:00;2024-09-10T00:15;1;kWh;-7665;0;0;0;7665;-7665
2024-09-10T00:15;2024-09-10T00:30;2;kWh;-196;4184;0;0;4380;3988
2024-09-10T00:30;2024-09-10T00:45;3;kWh;0;459;0;0;459;459
2024-09-10T00:45;2024-09-10T01:00;4;kWh;-63;3490;0;0;3553;3427
2024-09-10T01:00;2024-09-10T01:15;5;kWh;-680;36;0;0;716;-644
2024-09-10T01:15;2024-09-10T01:30;6;kWh;-24434;0;0;0;24434;-24434
2024-09-10T01:30;2024-09-10T01:45;7;kWh;-50099;0;0;0;50099;-50099
2024-09-10T01:45;2024-09-10T02:00;8;kWh;-38238;0;0;0;38238;-38238
2024-09-10T02:00;2024-09-10T02:15;9;kWh;-24478;61;0;0;24539;-24417
2024-09-10T02:15;2024-09-10T02:30;10;kWh;-30991;179;0;0;31170;-30812
2024-09-10T02:30;2024-09-10T02:45;11;kWh;-28023;0;0;0;28023;-28023
2024-09-10T02:45;2024-09-10T03:00;12;kWh;-17152;0;0;0;17152;-17152
2024-09-10T03:00;2024-09-10T03:15;13;kWh;-12189;0;0;0;12189;-12189
2024-09-10T03:15;2024-09-10T03:30;14;kWh;-32921;0;0;0;32921;-32921
2024-09-10T03:30;2024-09-10T03:45;15;kWh;-25430;0;0;0;25430;-25430
2024-09-10T03:45;2024-09-10T04:00;16;kWh;-21844;0;0;0;21844;-21844
2024-09-10T04:00;2024-09-10T04:15;17;kWh;-3791;0;0;0;3791;-3791
2024-09-10T04:15;2024-09-10T04:30;18;kWh;-12981;0;0;0;12981;-12981
2024-09-10T04:30;2024-09-10T04:45;19;kWh;-16642;0;0;0;16642;-16642
2024-09-10T04:45;2024-09-10T05:00;20;kWh;-29802;0;0;0;29802;-29802
2024-09-10T05:00;2024-09-10T05:15;21;kWh;-25694;0;0;0;25694;-25694
2024-09-10T05:15;2024-09-10T05:30;22;kWh;-20080;1472;0;0;21552;-18608
2024-09-10T05:30;2024-09-10T05:45;23;kWh;0;4794;0;0;4794;4794
2024-09-10T05:45;2024-09-10T06:00;24;kWh;0;7260;0;0;7260;7260
2024-09-10T06:00;2024-09-10T06:15;25;kWh;0;15137;0;0;15137;15137
2024-09-10T06:15;2024-09-10T06:30;26;kWh;-19748;175;0;0;19923;-19573
2024-09-10T06:30;2024-09-10T06:45;27;kWh;-7607;0;0;0;7607;-7607
2024-09-10T06:45;2024-09-10T07:00;28;kWh;-28528;0;0;0;28528;-28528
2024-09-10T07:00;2024-09-10T07:15;29;kWh;-30403;1516;0;0;31919;-28887
2024-09-10T07:15;2024-09-10T07:30;30;kWh;-29665;1095;0;0;30760;-28570
2024-09-10T07:30;2024-09-10T07:45;31;kWh;-12471;316;0;0;12787;-12155
2024-09-10T07:45;2024-09-10T08:00;32;kWh;-11239;1308;0;0;12547;-9931
2024-09-10T08:00;2024-09-10T08:15;33;kWh;-23247;183;0;0;23430;-23064
2024-09-10T08:15;2024-09-10T08:30;34;kWh;-18732;0;0;0;18732;-18732
2024-09-10T08:30;2024-09-10T08:45;35;kWh;-21351;0;0;0;21351;-21351
2024-09-10T08:45;2024-09-10T09:00;36;kWh;-22241;0;0;0;22241;-22241
2024-09-10T09:00;2024-09-10T09:15;37;kWh;-9091;17777;0;0;26868;8686
2024-09-10T09:15;2024-09-10T09:30;38;kWh;-26718;0;0;0;26718;-26718
2024-09-10T09:30;2024-09-10T09:45;39;kWh;-47865;0;0;0;47865;-47865
2024-09-10T09:45;2024-09-10T10:00;40;kWh;-58135;0;0;0;58135;-58135
2024-09-10T10:00;2024-09-10T10:15;41;kWh;-40686;0;0;0;40686;-40686
2024-09-10T10:15;2024-09-10T10:30;42;kWh;-64324;0;0;0;64324;-64324
2024-09-10T10:30;2024-09-10T10:45;43;kWh;-61000;0;0;0;61000;-61000
2024-09-10T10:45;2024-09-10T11:00;44;kWh;-54459;0;0;0;54459;-54459
2024-09-10T11:00;2024-09-10T11:15;45;kWh;-44599;13371;0;0;57970;-31228
2024-09-10T11:15;2024-09-10T11:30;46;kWh;-41480;884;0;0;42364;-40596
2024-09-10T11:30;2024-09-10T11:45;47;kWh;-43250;1685;0;0;44935;-41565
2024-09-10T11:45;2024-09-10T12:00;48;kWh;-14074;10862;0;0;24936;-3212
2024-09-10T12:00;2024-09-10T12:15;49;kWh;-4976;8637;0;0;13613;3661
2024-09-10T12:15;2024-09-10T12:30;50;kWh;0;60994;0;0;60994;60994
2024-09-10T12:30;2024-09-10T12:45;51;kWh;0;33647;0;0;33647;33647
2024-09-10T12:45;2024-09-10T13:00;52;kWh;0;93885;0;0;93885;93885
2024-09-10T13:00;2024-09-10T13:15;53;kWh;-3938;17631;0;0;21569;13693
2024-09-10T13:15;2024-09-10T13:30;54;kWh;0;42970;0;0;42970;42970
2024-09-10T13:30;2024-09-10T13:45;55;kWh;0;44844;0;0;44844;44844
2024-09-10T13:45;2024-09-10T14:00;56;kWh;0;59523;0;0;59523;59523
2024-09-10T14:00;2024-09-10T14:15;57;kWh;-21757;13093;0;0;34850;-8664
2024-09-10T14:15;2024-09-10T14:30;58;kWh;-9494;0;0;0;9494;-9494
2024-09-10T14:30;2024-09-10T14:45;59;kWh;-15467;2040;0;0;17507;-13427
2024-09-10T14:45;2024-09-10T15:00;60;kWh;-10489;1782;0;0;12271;-8707
2024-09-10T15:00;2024-09-10T15:15;61;kWh;-16805;170;0;0;16975;-16635
2024-09-10T15:15;2024-09-10T15:30;62;kWh;-27096;61;0;0;27157;-27035
2024-09-10T15:30;2024-09-10T15:45;63;kWh;-43592;723;0;0;44315;-42869
2024-09-10T15:45;2024-09-10T16:00;64;kWh;-28450;0;0;0;28450;-28450
2024-09-10T16:00;2024-09-10T16:15;65;kWh;-28755;188;0;0;28943;-28567
2024-09-10T16:15;2024-09-10T16:30;66;kWh;-13704;779;0;0;14483;-12925
2024-09-10T16:30;2024-09-10T16:45;67;kWh;-29561;1374;0;0;30935;-28187
2024-09-10T16:45;2024-09-10T17:00;68;kWh;-14386;882;0;0;15268;-13504
2024-09-10T17:00;2024-09-10T17:15;69;kWh;-21029;528;0;0;21557;-20501
2024-09-10T17:15;2024-09-10T17:30;70;kWh;0;8884;0;0;8884;8884
2024-09-10T17:30;2024-09-10T17:45;71;kWh;0;30095;0;0;30095;30095
2024-09-10T17:45;2024-09-10T18:00;72;kWh;-9263;3713;0;0;12976;-5550
2024-09-10T18:00;2024-09-10T18:15;73;kWh;-3745;9135;0;0;12880;5390
2024-09-10T18:15;2024-09-10T18:30;74;kWh;-19759;3;0;0;19762;-19756
2024-09-10T18:30;2024-09-10T18:45;75;kWh;-7635;170;0;0;7805;-7465
2024-09-10T18:45;2024-09-10T19:00;76;kWh;-23993;0;0;0;23993;-23993
2024-09-10T19:00;2024-09-10T19:15;77;kWh;-21203;4381;0;0;25584;-16822
2024-09-10T19:15;2024-09-10T19:30;78;kWh;-10936;8417;0;0;19353;-2519
2024-09-10T19:30;2024-09-10T19:45;79;kWh;-15716;4674;0;0;20390;-11042
2024-09-10T19:45;2024-09-10T20:00;80;kWh;-13484;2434;0;0;15918;-11050
2024-09-10T20:00;2024-09-10T20:15;81;kWh;-10648;0;0;0;10648;-10648
2024-09-10T20:15;2024-09-10T20:30;82;kWh;-18744;0;0;0;18744;-18744
2024-09-10T20:30;2024-09-10T20:45;83;kWh;-6824;211;0;0;7035;-6613
2024-09-10T20:45;2024-09-10T21:00;84;kWh;-66;33425;0;0;33491;33359
2024-09-10T21:00;2024-09-10T21:15;85;kWh;0;29618;0;0;29618;29618
2024-09-10T21:15;2024-09-10T21:30;86;kWh;-378;5170;0;0;5548;4792
2024-09-10T21:30;2024-09-10T21:45;87;kWh;-22806;3284;0;0;26090;-19522
2024-09-10T21:45;2024-09-10T22:00;88;kWh;-2721;14210;0;0;16931;11489
2024-09-10T22:00;2024-09-10T22:15;89;kWh;0;37834;0;0;37834;37834
2024-09-10T22:15;2024-09-10T22:30;90;kWh;0;51454;0;0;51454;51454
2024-09-10T22:30;2024-09-10T22:45;91;kWh;0;22036;0;0;22036;22036
2024-09-10T22:45;2024-09-10T23:00;92;kWh;-2208;13091;0;0;15299;10883
2024-09-10T23:00;2024-09-10T23:15;93;kWh;-7793;9874;0;0;17667;2081
2024-09-10T23:15;2024-09-10T23:30;94;kWh;0;16487;0;0;16487;16487
2024-09-10T23:30;2024-09-10T23:45;95;kWh;-4770;5895;0;0;10665;1125
2024-09-10T23:45;2024-09-11T00:00;96;kWh;0;2098;0;0;2098;2098
2024-09-11T00:00;2024-09-11T00:15;1;kWh;0;11213;0;0;11213;11213
2024-09-11T00:15;2024-09-11T00:30;2;kWh;0;28210;0;0;28210;28210
2024-09-11T00:30;2024-09-11T00:45;3;kWh;0;55362;0;0;55362;55362
2024-09-11T00:45;2024-09-11T01:00;4;kWh;0;111101;0;0;111101;111101
2024-09-11T01:00;2024-09-11T01:15;5;kWh;0;101433;0;0;101433;101433
2024-09-11T01:15;2024-09-11T01:30;6;kWh;0;87016;0;0;87016;87016
2024-09-11T01:30;2024-09-11T01:45;7;kWh;0;100281;0;0;100281;100281
2024-09-11T01:45;2024-09-11T02:00;8;kWh;0;49450;0;0;49450;49450
2024-09-11T02:00;2024-09-11T02:15;9;kWh;0;53549;0;0;53549;53549
2024-09-11T02:15;2024-09-11T02:30;10;kWh;0;8784;0;0;8784;8784
2024-09-11T02:30;2024-09-11T02:45;11;kWh;-3164;27103;0;0;30267;23939
2024-09-11T02:45;2024-09-11T03:00;12;kWh;0;31561;0;0;31561;31561
2024-09-11T03:00;2024-09-11T03:15;13;kWh;-6131;10154;0;0;16285;4023
2024-09-11T03:15;2024-09-11T03:30;14;kWh;-10571;5551;0;0;16122;-5020
2024-09-11T03:30;2024-09-11T03:45;15;kWh;-6445;1934;0;0;8379;-4511
2024-09-11T03:45;2024-09-11T04:00;16;kWh;-3646;609;0;0;4255;-3037
2024-09-11T04:00;2024-09-11T04:15;17;kWh;-5818;0;0;0;5818;-5818
2024-09-11T04:15;2024-09-11T04:30;18;kWh;-16223;0;0;0;16223;-16223
2024-09-11T04:30;2024-09-11T04:45;19;kWh;-20354;0;0;0;20354;-20354
2024-09-11T04:45;2024-09-11T05:00;20;kWh;-12226;0;0;0;12226;-12226
2024-09-11T05:00;2024-09-11T05:15;21;kWh;-22604;0;0;0;22604;-22604
2024-09-11T05:15;2024-09-11T05:30;22;kWh;-25882;0;0;0;25882;-25882
2024-09-11T05:30;2024-09-11T05:45;23;kWh;-28585;0;0;0;28585;-28585
2024-09-11T05:45;2024-09-11T06:00;24;kWh;-13272;0;0;0;13272;-13272
2024-09-11T06:00;2024-09-11T06:15;25;kWh;-4226;0;0;0;4226;-4226
2024-09-11T06:15;2024-09-11T06:30;26;kWh;-13504;218;0;0;13722;-13286
2024-09-11T06:30;2024-09-11T06:45;27;kWh;-19362;48;0;0;19410;-19314
2024-09-11T06:45;2024-09-11T07:00;28;kWh;-1667;668;0;0;2335;-999
2024-09-11T07:00;2024-09-11T07:15;29;kWh;-16140;2054;0;0;18194;-14086
2024-09-11T07:15;2024-09-11T07:30;30;kWh;-12058;385;0;0;12443;-11673
2024-09-11T07:30;2024-09-11T07:45;31;kWh;-18303;0;0;0;18303;-18303
2024-09-11T07:45;2024-09-11T08:00;32;kWh;-16895;0;0;0;16895;-16895
2024-09-11T08:00;2024-09-11T08:15;33;kWh;-330;2408;0;0;2738;2078
2024-09-11T08:15;2024-09-11T08:30;34;kWh;-1907;0;0;0;1907;-1907
2024-09-11T08:30;2024-09-11T08:45;35;kWh;-21320;0;0;0;21320;-21320
2024-09-11T08:45;2024-09-11T09:00;36;kWh;-20199;0;0;0;20199;-20199
2024-09-11T09:00;2024-09-11T09:15;37;kWh;-1409;4976;0;0;6385;3567
2024-09-11T09:15;2024-09-11T09:30;38;kWh;-14788;0;0;0;14788;-14788
2024-09-11T09:30;2024-09-11T09:45;39;kWh;-13158;0;0;0;13158;-13158
2024-09-11T09:45;2024-09-11T10:00;40;kWh;-20127;0;0;0;20127;-20127
2024-09-11T10:00;2024-09-11T10:15;41;kWh;-9867;17843;0;0;27710;7976
2024-09-11T10:15;2024-09-11T10:30;42;kWh;-4751;882;0;0;5633;-3869
2024-09-11T10:30;2024-09-11T10:45;43;kWh;-8013;12641;0;0;20654;4628
2024-09-11T10:45;2024-09-11T11:00;44;kWh;-16784;351;0;0;17135;-16433
2024-09-11T11:00;2024-09-11T11:15;45;kWh;0;449;0;0;449;449
2024-09-11T11:15;2024-09-11T11:30;46;kWh;-5412;2266;0;0;7678;-3146
2024-09-11T11:30;2024-09-11T11:45;47;kWh;-7741;568;0;0;8309;-7173
2024-09-11T11:45;2024-09-11T12:00;48;kWh;-13523;549;0;0;14072;-12974
2024-09-11T12:00;2024-09-11T12:15;49;kWh;-53163;3171;0;0;56334;-49992
2024-09-11T12:15;2024-09-11T12:30;50;kWh;-22778;3372;0;0;26150;-19406
2024-09-11T12:30;2024-09-11T12:45;51;kWh;-17179;543;0;0;17722;-16636
2024-09-11T12:45;2024-09-11T13:00;52;kWh;-21161;6274;0;0;27435;-14887
2024-09-11T13:00;2024-09-11T13:15;53;kWh;-1201;9703;0;0;10904;8502
2024-09-11T13:15;2024-09-11T13:30;54;kWh;0;44379;0;0;44379;44379
2024-09-11T13:30;2024-09-11T13:45;55;kWh;-12790;63152;0;0;75942;50362
2024-09-11T13:45;2024-09-11T14:00;56;kWh;-42371;3468;0;0;45839;-38903
2024-09-11T14:00;2024-09-11T14:15;57;kWh;-24707;5664;0;0;30371;-19043
2024-09-11T14:15;2024-09-11T14:30;58;kWh;-16939;3168;0;0;20107;-13771
2024-09-11T14:30;2024-09-11T14:45;59;kWh;-17010;2382;0;0;19392;-14628
2024-09-11T14:45;2024-09-11T15:00;60;kWh;-32123;4695;0;0;36818;-27428
2024-09-11T15:00;2024-09-11T15:15;61;kWh;-39681;2609;0;0;42290;-37072
2024-09-11T15:15;2024-09-11T15:30;62;kWh;-8506;15939;0;0;24445;7433
2024-09-11T15:30;2024-09-11T15:45;63;kWh;0;67082;0;0;67082;67082
2024-09-11T15:45;2024-09-11T16:00;64;kWh;0;94886;0;0;94886;94886
2024-09-11T16:00;2024-09-11T16:15;65;kWh;-910;6403;0;0;7313;5493
2024-09-11T16:15;2024-09-11T16:30;66;kWh;0;49291;0;0;49291;49291
2024-09-11T16:30;2024-09-11T16:45;67;kWh;0;17407;0;0;17407;17407
2024-09-11T16:45;2024-09-11T17:00;68;kWh;0;12561;0;0;12561;12561
2024-09-11T17:00;2024-09-11T17:15;69;kWh;-15115;4751;0;0;19866;-10364
2024-09-11T17:15;2024-09-11T17:30;70;kWh;-5712;4200;0;0;9912;-1512
2024-09-11T17:30;2024-09-11T17:45;71;kWh;0;2814;0;0;2814;2814
2024-09-11T17:45;2024-09-11T18:00;72;kWh;-460;0;0;0;460;-460
2024-09-11T18:00;2024-09-11T18:15;73;kWh;-340;0;0;0;340;-340
2024-09-11T18:15;2024-09-11T18:30;74;kWh;-28357;0;0;0;28357;-28357
2024-09-11T18:30;2024-09-11T18:45;75;kWh;-31552;0;0;0;31552;-31552
2024-09-11T18:45;2024-09-11T19:00;76;kWh;-955;0;0;0;955;-955
2024-09-11T19:00;2024-09-11T19:15;77;kWh;-3214;0;0;0;3214;-3214
2024-09-11T19:15;2024-09-11T19:30;78;kWh;-1446;0;0;0;1446;-1446
2024-09-11T19:30;2024-09-11T19:45;79;kWh;-569;0;0;0;569;-569
2024-09-11T19:45;2024-09-11T20:00;80;kWh;0;0;0;0;0;0
2024-09-11T20:00;2024-09-11T20:15;81;kWh;-3168;0;0;0;3168;-3168
2024-09-11T20:15;2024-09-11T20:30;82;kWh;-26836;0;0;0;26836;-26836
2024-09-11T20:30;2024-09-11T20:45;83;kWh;-50446;0;0;0;50446;-50446
2024-09-11T20:45;2024-09-11T21:00;84;kWh;-55819;0;0;0;55819;-55819
2024-09-11T21:00;2024-09-11T21:15;85;kWh;-58303;0;0;0;58303;-58303
2024-09-11T21:15;2024-09-11T21:30;86;kWh;-51482;0;0;0;51482;-51482
2024-09-11T21:30;2024-09-11T21:45;87;kWh;-72492;0;0;0;72492;-72492
2024-09-11T21:45;2024-09-11T22:00;88;kWh;-63924;0;0;0;63924;-63924
2024-09-11T22:00;2024-09-11T22:15;89;kWh;-37718;0;0;0;37718;-37718
2024-09-11T22:15;2024-09-11T22:30;90;kWh;-17631;0;0;0;17631;-17631
2024-09-11T22:30;2024-09-11T22:45;91;kWh;-7522;0;0;0;7522;-7522
2024-09-11T22:45;2024-09-11T23:00;92;kWh;-18459;0;0;0;18459;-18459
2024-09-11T23:00;2024-09-11T23:15;93;kWh;-14929;0;0;0;14929;-14929
2024-09-11T23:15;2024-09-11T23:30;94;kWh;-2286;0;0;0;2286;-2286
2024-09-11T23:30;2024-09-11T23:45;95;kWh;-3996;0;0;0;3996;-3996
2024-09-11T23:45;2024-09-12T00:00;96;kWh;-28109;0;0;0;28109;-28109
2024-09-12T00:00;2024-09-12T00:15;1;kWh;-38861;0;0;0;38861;-38861
2024-09-12T00:15;2024-09-12T00:30;2;kWh;-18578;0;0;0;18578;-18578
2024-09-12T00:30;2024-09-12T00:45;3;kWh;-66150;0;0;0;66150;-66150
2024-09-12T00:45;2024-09-12T01:00;4;kWh;-44868;0;0;0;44868;-44868
2024-09-12T01:00;2024-09-12T01:15;5;kWh;-33890;0;0;0;33890;-33890
2024-09-12T01:15;2024-09-12T01:30;6;kWh;-11161;0;0;0;11161;-11161
2024-09-12T01:30;2024-09-12T01:45;7;kWh;-21693;0;0;0;21693;-21693
2024-09-12T01:45;2024-09-12T02:00;8;kWh;-56862;0;0;0;56862;-56862
2024-09-12T02:00;2024-09-12T02:15;9;kWh;-34027;0;0;0;34027;-34027
2024-09-12T02:15;2024-09-12T02:30;10;kWh;-8427;0;0;0;8427;-8427
2024-09-12T02:30;2024-09-12T02:45;11;kWh;-79;0;0;0;79;-79
2024-09-12T02:45;2024-09-12T03:00;12;kWh;-43;0;0;0;43;-43
2024-09-12T03:00;2024-09-12T03:15;13;kWh;-14672;0;0;0;14672;-14672
2024-09-12T03:15;2024-09-12T03:30;14;kWh;-66067;0;0;0;66067;-66067
2024-09-12T03:30;2024-09-12T03:45;15;kWh;-64753;0;0;0;64753;-64753
2024-09-12T03:45;2024-09-12T04:00;16;kWh;-78110;0;0;0;78110;-78110
2024-09-12T04:00;2024-09-12T04:15;17;kWh;-65970;0;0;0;65970;-65970
2024-09-12T04:15;2024-09-12T04:30;18;kWh;-56550;0;0;0;56550;-56550
2024-09-12T04:30;2024-09-12T04:45;19;kWh;-9794;0;0;0;9794;-9794
2024-09-12T04:45;2024-09-12T05:00;20;kWh;-2632;0;0;0;2632;-2632
2024-09-12T05:00;2024-09-12T05:15;21;kWh;-1079;0;0;0;1079;-1079
2024-09-12T05:15;2024-09-12T05:30;22;kWh;0;53;0;0;53;53
2024-09-12T05:30;2024-09-12T05:45;23;kWh;0;7784;0;0;7784;7784
2024-09-12T05:45;2024-09-12T06:00;24;kWh;0;13070;0;0;13070;13070
2024-09-12T06:00;2024-09-12T06:15;25;kWh;0;0;0;0;0;0
2024-09-12T06:15;2024-09-12T06:30;26;kWh;-1292;48;0;0;1340;-1244
2024-09-12T06:30;2024-09-12T06:45;27;kWh;-538;287;0;0;825;-251
2024-09-12T06:45;2024-09-12T07:00;28;kWh;0;8341;0;0;8341;8341
2024-09-12T07:00;2024-09-12T07:15;29;kWh;-33857;1347;0;0;35204;-32510
2024-09-12T07:15;2024-09-12T07:30;30;kWh;-13529;0;0;0;13529;-13529
2024-09-12T07:30;2024-09-12T07:45;31;kWh;-1410;0;0;0;1410;-1410
2024-09-12T07:45;2024-09-12T08:00;32;kWh;-2342;0;0;0;2342;-2342
2024-09-12T08:00;2024-09-12T08:15;33;kWh;-13126;0;0;0;13126;-13126
2024-09-12T08:15;2024-09-12T08:30;34;kWh;-4472;0;0;0;4472;-4472
2024-09-12T08:30;2024-09-12T08:45;35;kWh;-10420;0;0;0;10420;-10420
2024-09-12T08:45;2024-09-12T09:00;36;kWh;-82086;0;0;0;82086;-82086
2024-09-12T09:00;2024-09-12T09:15;37;kWh;-14871;0;0;0;14871;-14871
2024-09-12T09:15;2024-09-12T09:30;38;kWh;-24019;0;0;0;24019;-24019
2024-09-12T09:30;2024-09-12T09:45;39;kWh;-29498;0;0;0;29498;-29498
2024-09-12T09:45;2024-09-12T10:00;40;kWh;-21786;0;0;0;21786;-21786
2024-09-12T10:00;2024-09-12T10:15;41;kWh;-34378;0;0;0;34378;-34378
2024-09-12T10:15;2024-09-12T10:30;42;kWh;-39249;0;0;0;39249;-39249
2024-09-12T10:30;2024-09-12T10:45;43;kWh;-39676;0;0;0;39676;-39676
2024-09-12T10:45;2024-09-12T11:00;44;kWh;-48789;0;0;0;48789;-48789
2024-09-12T11:00;2024-09-12T11:15;45;kWh;-45018;0;0;0;45018;-45018
2024-09-12T11:15;2024-09-12T11:30;46;kWh;-48202;0;0;0;48202;-48202
2024-09-12T11:30;2024-09-12T11:45;47;kWh;-21488;0;0;0;21488;-21488
2024-09-12T11:45;2024-09-12T12:00;48;kWh;-7400;0;0;0;7400;-7400
2024-09-12T12:00;2024-09-12T12:15;49;kWh;-67;1001;0;0;1068;934
2024-09-12T12:15;2024-09-12T12:30;50;kWh;0;6194;0;0;6194;6194
2024-09-12T12:30;2024-09-12T12:45;51;kWh;0;76603;0;0;76603;76603
2024-09-12T12:45;2024-09-12T13:00;52;kWh;0;38089;0;0;38089;38089
2024-09-12T13:00;2024-09-12T13:15;53;kWh;0;19028;0;0;19028;19028
2024-09-12T13:15;2024-09-12T13:30;54;kWh;0;2483;0;0;2483;2483
2024-09-12T13:30;2024-09-12T13:45;55;kWh;-33490;0;0;0;33490;-33490
2024-09-12T13:45;2024-09-12T14:00;56;kWh;-25995;0;0;0;25995;-25995
2024-09-12T14:00;2024-09-12T14:15;57;kWh;-31447;226;0;0;31673;-31221
2024-09-12T14:15;2024-09-12T14:30;58;kWh;-46636;510;0;0;47146;-46126
2024-09-12T14:30;2024-09-12T14:45;59;kWh;-74512;0;0;0;74512;-74512
2024-09-12T14:45;2024-09-12T15:00;60;kWh;-83965;0;0;0;83965;-83965
2024-09-12T15:00;2024-09-12T15:15;61;kWh;-72358;0;0;0;72358;-72358
2024-09-12T15:15;2024-09-12T15:30;62;kWh;-74437;0;0;0;74437;-74437
2024-09-12T15:30;2024-09-12T15:45;63;kWh;-85025;0;0;0;85025;-85025
2024-09-12T15:45;2024-09-12T16:00;64;kWh;-63672;0;0;0;63672;-63672
2024-09-12T16:00;2024-09-12T16:15;65;kWh;-14827;0;0;0;14827;-14827
2024-09-12T16:15;2024-09-12T16:30;66;kWh;-45433;0;0;0;45433;-45433
2024-09-12T16:30;2024-09-12T16:45;67;kWh;-66283;0;0;0;66283;-66283
2024-09-12T16:45;2024-09-12T17:00;68;kWh;-39847;0;0;0;39847;-39847
2024-09-12T17:00;2024-09-12T17:15;69;kWh;-55859;0;0;0;55859;-55859
2024-09-12T17:15;2024-09-12T17:30;70;kWh;-2464;0;0;0;2464;-2464
2024-09-12T17:30;2024-09-12T17:45;71;kWh;-33164;0;0;0;33164;-33164
2024-09-12T17:45;2024-09-12T18:00;72;kWh;-45577;0;0;0;45577;-45577
2024-09-12T18:00;2024-09-12T18:15;73;kWh;-76788;0;0;0;76788;-76788
2024-09-12T18:15;2024-09-12T18:30;74;kWh;-73852;0;0;0;73852;-73852
2024-09-12T18:30;2024-09-12T18:45;75;kWh;-43845;0;0;0;43845;-43845
2024-09-12T18:45;2024-09-12T19:00;76;kWh;-18403;0;0;0;18403;-18403
2024-09-12T19:00;2024-09-12T19:15;77;kWh;-24680;0;0;0;24680;-24680
2024-09-12T19:15;2024-09-12T19:30;78;kWh;-484;1032;0;0;1516;548
2024-09-12T19:30;2024-09-12T19:45;79;kWh;0;2757;0;0;2757;2757
2024-09-12T19:45;2024-09-12T20:00;80;kWh;0;6397;0;0;6397;6397
2024-09-12T20:00;2024-09-12T20:15;81;kWh;0;45532;0;0;45532;45532
2024-09-12T20:15;2024-09-12T20:30;82;kWh;0;19721;0;0;19721;19721
2024-09-12T20:30;2024-09-12T20:45;83;kWh;0;10182;0;0;10182;10182
2024-09-12T20:45;2024-09-12T21:00;84;kWh;0;18388;0;0;18388;18388
2024-09-12T21:00;2024-09-12T21:15;85;kWh;0;10417;0;0;10417;10417
2024-09-12T21:15;2024-09-12T21:30;86;kWh;-10229;1012;0;0;11241;-9217
2024-09-12T21:30;2024-09-12T21:45;87;kWh;-43312;0;0;0;43312;-43312
2024-09-12T21:45;2024-09-12T22:00;88;kWh;-86777;0;0;0;86777;-86777
2024-09-12T22:00;2024-09-12T22:15;89;kWh;-48418;27;0;0;48445;-48391
2024-09-12T22:15;2024-09-12T22:30;90;kWh;0;15820;0;0;15820;15820
2024-09-12T22:30;2024-09-12T22:45;91;kWh;0;264;0;0;264;264
2024-09-12T22:45;2024-09-12T23:00;92;kWh;0;5793;0;0;5793;5793
2024-09-12T23:00;2024-09-12T23:15;93;kWh;0;5526;0;0;5526;5526
2024-09-12T23:15;2024-09-12T23:30;94;kWh;-16145;0;0;0;16145;-16145
2024-09-12T23:30;2024-09-12T23:45;95;kWh;-15335;0;0;0;15335;-15335
2024-09-12T23:45;2024-09-13T00:00;96;kWh;-2470;0;0;0;2470;-2470
2024-09-13T00:00;2024-09-13T00:15;1;kWh;-6004;0;0;0;6004;-6004
2024-09-13T00:15;2024-09-13T00:30;2;kWh;-7630;0;0;0;7630;-7630
2024-09-13T00:30;2024-09-13T00:45;3;kWh;-2185;0;0;0;2185;-2185
2024-09-13T00:45;2024-09-13T01:00;4;kWh;-1165;0;0;0;1165;-1165
2024-09-13T01:00;2024-09-13T01:15;5;kWh;0;24846;0;0;24846;24846
2024-09-13T01:15;2024-09-13T01:30;6;kWh;0;7283;0;0;7283;7283
2024-09-13T01:30;2024-09-13T01:45;7;kWh;-11066;0;0;0;11066;-11066
2024-09-13T01:45;2024-09-13T02:00;8;kWh;-51148;0;0;0;51148;-51148
2024-09-13T02:00;2024-09-13T02:15;9;kWh;-8511;4609;0;0;13120;-3902
2024-09-13T02:15;2024-09-13T02:30;10;kWh;0;18652;0;0;18652;18652
2024-09-13T02:30;2024-09-13T02:45;11;kWh;0;30240;0;0;30240;30240
2024-09-13T02:45;2024-09-13T03:00;12;kWh;0;837;0;0;837;837
2024-09-13T03:00;2024-09-13T03:15;13;kWh;0;0;0;0;0;0
2024-09-13T03:15;2024-09-13T03:30;14;kWh;0;15014;0;0;15014;15014
2024-09-13T03:30;2024-09-13T03:45;15;kWh;0;42505;0;0;42505;42505
2024-09-13T03:45;2024-09-13T04:00;16;kWh;0;20129;0;0;20129;20129
2024-09-13T04:00;2024-09-13T04:15;17;kWh;0;9110;0;0;9110;9110
2024-09-13T04:15;2024-09-13T04:30;18;kWh;0;0;0;0;0;0
2024-09-13T04:30;2024-09-13T04:45;19;kWh;0;2141;0;0;2141;2141
2024-09-13T04:45;2024-09-13T05:00;20;kWh;0;430;0;0;430;430
2024-09-13T05:00;2024-09-13T05:15;21;kWh;0;0;0;0;0;0
2024-09-13T05:15;2024-09-13T05:30;22;kWh;0;11142;0;0;11142;11142
2024-09-13T05:30;2024-09-13T05:45;23;kWh;0;30224;0;0;30224;30224
2024-09-13T05:45;2024-09-13T06:00;24;kWh;0;5590;0;0;5590;5590
2024-09-13T06:00;2024-09-13T06:15;25;kWh;0;4243;0;0;4243;4243
2024-09-13T06:15;2024-09-13T06:30;26;kWh;0;10872;0;0;10872;10872
2024-09-13T06:30;2024-09-13T06:45;27;kWh;0;59846;0;0;59846;59846
2024-09-13T06:45;2024-09-13T07:00;28;kWh;0;43302;0;0;43302;43302
2024-09-13T07:00;2024-09-13T07:15;29;kWh;-1555;3063;0;0;4618;1508
2024-09-13T07:15;2024-09-13T07:30;30;kWh;-5;0;0;0;5;-5
2024-09-13T07:30;2024-09-13T07:45;31;kWh;0;0;0;0;0;0
2024-09-13T07:45;2024-09-13T08:00;32;kWh;0;16;0;0;16;16
2024-09-13T08:00;2024-09-13T08:15;33;kWh;0;8522;0;0;8522;8522
2024-09-13T08:15;2024-09-13T08:30;34;kWh;-1428;0;0;0;1428;-1428
2024-09-13T08:30;2024-09-13T08:45;35;kWh;-46340;0;0;0;46340;-46340
2024-09-13T08:45;2024-09-13T09:00;36;kWh;-22238;0;0;0;22238;-22238
2024-09-13T09:00;2024-09-13T09:15;37;kWh;-6270;0;0;0;6270;-6270
2024-09-13T09:15;2024-09-13T09:30;38;kWh;-24734;0;0;0;24734;-24734
2024-09-13T09:30;2024-09-13T09:45;39;kWh;-38895;0;0;0;38895;-38895
2024-09-13T09:45;2024-09-13T10:00;40;kWh;-39970;0;0;0;39970;-39970
2024-09-13T10:00;2024-09-13T10:15;41;kWh;-43365;567;0;0;43932;-42798
2024-09-13T10:15;2024-09-13T10:30;42;kWh;-19422;2;0;0;19424;-19420
2024-09-13T10:30;2024-09-13T10:45;43;kWh;-40396;0;0;0;40396;-40396
2024-09-13T10:45;2024-09-13T11:00;44;kWh;-34971;0;0;0;34971;-34971
2024-09-13T11:00;2024-09-13T11:15;45;kWh;-28263;886;0;0;29149;-27377
2024-09-13T11:15;2024-09-13T11:30;46;kWh;0;351;0;0;351;351
2024-09-13T11:30;2024-09-13T11:45;47;kWh;0;8523;0;0;8523;8523
2024-09-13T11:45;2024-09-13T12:00;48;kWh;0;21499;0;0;21499;21499
2024-09-13T12:00;2024-09-13T12:15;49;kWh;0;3022;0;0;3022;3022
2024-09-13T12:15;2024-09-13T12:30;50;kWh;0;1412;0;0;1412;1412
2024-09-13T12:30;2024-09-13T12:45;51;kWh;0;33106;0;0;33106;33106
2024-09-13T12:45;2024-09-13T13:00;52;kWh;0;19778;0;0;19778;19778
2024-09-13T13:00;2024-09-13T13:15;53;kWh;0;3536;0;0;3536;3536
2024-09-13T13:15;2024-09-13T13:30;54;kWh;0;10097;0;0;10097;10097
2024-09-13T13:30;2024-09-13T13:45;55;kWh;-10469;13;0;0;10482;-10456
2024-09-13T13:45;2024-09-13T14:00;56;kWh;-27717;0;0;0;27717;-27717
2024-09-13T14:00;2024-09-13T14:15;57;kWh;-8204;0;0;0;8204;-8204
2024-09-13T14:15;2024-09-13T14:30;58;kWh;-15902;0;0;0;15902;-15902
2024-09-13T14:30;2024-09-13T14:45;59;kWh;-10262;0;0;0;10262;-10262
2024-09-13T14:45;2024-09-13T15:00;60;kWh;-16827;0;0;0;16827;-16827
2024-09-13T15:00;2024-09-13T15:15;61;kWh;-21484;0;0;0;21484;-21484
2024-09-13T15:15;2024-09-13T15:30;62;kWh;-23928;0;0;0;23928;-23928
2024-09-13T15:30;2024-09-13T15:45;63;kWh;-22879;0;0;0;22879;-22879
2024-09-13T15:45;2024-09-13T16:00;64;kWh;-22465;4059;0;0;26524;-18406
2024-09-13T16:00;2024-09-13T16:15;65;kWh;-19390;255;0;0;19645;-19135
2024-09-13T16:15;2024-09-13T16:30;66;kWh;-11590;0;0;0;11590;-11590
2024-09-13T16:30;2024-09-13T16:45;67;kWh;-16149;0;0;0;16149;-16149
2024-09-13T16:45;2024-09-13T17:00;68;kWh;-876;0;0;0;876;-876
2024-09-13T17:00;2024-09-13T17:15;69;kWh;-2375;0;0;0;2375;-2375
2024-09-13T17:15;2024-09-13T17:30;70;kWh;-16941;0;0;0;16941;-16941
2024-09-13T17:30;2024-09-13T17:45;71;kWh;-14772;249;0;0;15021;-14523
2024-09-13T17:45;2024-09-13T18:00;72;kWh;-1198;0;0;0;1198;-1198
2024-09-13T18:00;2024-09-13T18:15;73;kWh;-238;0;0;0;238;-238
2024-09-13T18:15;2024-09-13T18:30;74;kWh;-4940;0;0;0;4940;-4940
2024-09-13T18:30;2024-09-13T18:45;75;kWh;-17428;0;0;0;17428;-17428
2024-09-13T18:45;2024-09-13T19:00;76;kWh;-13;0;0;0;13;-13
2024-09-13T19:00;2024-09-13T19:15;77;kWh;-441;0;0;0;441;-441
2024-09-13T19:15;2024-09-13T19:30;78;kWh;0;8920;0;0;8920;8920
2024-09-13T19:30;2024-09-13T19:45;79;kWh;0;7135;0;0;7135;7135
2024-09-13T19:45;2024-09-13T20:00;80;kWh;0;1525;0;0;1525;1525
2024-09-13T20:00;2024-09-13T20:15;81;kWh;0;2645;0;0;2645;2645
2024-09-13T20:15;2024-09-13T20:30;82;kWh;0;2004;0;0;2004;2004
2024-09-13T20:30;2024-09-13T20:45;83;kWh;0;3019;0;0;3019;3019
2024-09-13T20:45;2024-09-13T21:00;84;kWh;-741;4467;0;0;5208;3726
2024-09-13T21:00;2024-09-13T21:15;85;kWh;-1028;831;0;0;1859;-197
2024-09-13T21:15;2024-09-13T21:30;86;kWh;-12393;0;0;0;12393;-12393
2024-09-13T21:30;2024-09-13T21:45;87;kWh;-11798;0;0;0;11798;-11798
2024-09-13T21:45;2024-09-13T22:00;88;kWh;-2945;0;0;0;2945;-2945
2024-09-13T22:00;2024-09-13T22:15;89;kWh;-13806;0;0;0;13806;-13806
2024-09-13T22:15;2024-09-13T22:30;90;kWh;-16059;0;0;0;16059;-16059
2024-09-13T22:30;2024-09-13T22:45;91;kWh;-3594;1384;0;0;4978;-2210
2024-09-13T22:45;2024-09-13T23:00;92;kWh;-1;12661;0;0;12662;12660
2024-09-13T23:00;2024-09-13T23:15;93;kWh;-4597;0;0;0;4597;-4597
2024-09-13T23:15;2024-09-13T23:30;94;kWh;-1155;0;0;0;1155;-1155
2024-09-13T23:30;2024-09-13T23:45;95;kWh;-463;2195;0;0;2658;1732
2024-09-13T23:45;2024-09-14T00:00;96;kWh;-3262;3555;0;0;6817;293
2024-09-14T00:00;2024-09-14T00:15;1;kWh;-16968;0;0;0;16968;-16968
2024-09-14T00:15;2024-09-14T00:30;2;kWh;-7324;0;0;0;7324;-7324
2024-09-14T00:30;2024-09-14T00:45;3;kWh;-2380;0;0;0;2380;-2380
2024-09-14T00:45;2024-09-14T01:00;4;kWh;-1685;0;0;0;1685;-1685
2024-09-14T01:00;2024-09-14T01:15;5;kWh;0;19023;0;0;19023;19023
2024-09-14T01:15;2024-09-14T01:30;6;kWh;0;18514;0;0;18514;18514
2024-09-14T01:30;2024-09-14T01:45;7;kWh;0;14115;0;0;14115;14115
2024-09-14T01:45;2024-09-14T02:00;8;kWh;0;27200;0;0;27200;27200
2024-09-14T02:00;2024-09-14T02:15;9;kWh;0;20341;0;0;20341;20341
2024-09-14T02:15;2024-09-14T02:30;10;kWh;0;29381;0;0;29381;29381
2024-09-14T02:30;2024-09-14T02:45;11;kWh;0;37500;0;0;37500;37500
2024-09-14T02:45;2024-09-14T03:00;12;kWh;0;27337;0;0;27337;27337
2024-09-14T03:00;2024-09-14T03:15;13;kWh;0;5823;0;0;5823;5823
2024-09-14T03:15;2024-09-14T03:30;14;kWh;-18582;0;0;0;18582;-18582
2024-09-14T03:30;2024-09-14T03:45;15;kWh;-3409;0;0;0;3409;-3409
2024-09-14T03:45;2024-09-14T04:00;16;kWh;-11715;0;0;0;11715;-11715
2024-09-14T04:00;2024-09-14T04:15;17;kWh;-9853;0;0;0;9853;-9853
2024-09-14T04:15;2024-09-14T04:30;18;kWh;-1050;0;0;0;1050;-1050
2024-09-14T04:30;2024-09-14T04:45;19;kWh;-1658;0;0;0;1658;-1658
2024-09-14T04:45;2024-09-14T05:00;20;kWh;-996;0;0;0;996;-996
2024-09-14T05:00;2024-09-14T05:15;21;kWh;-1849;0;0;0;1849;-1849
2024-09-14T05:15;2024-09-14T05:30;22;kWh;0;3671;0;0;3671;3671
2024-09-14T05:30;2024-09-14T05:45;23;kWh;0;6701;0;0;6701;6701
2024-09-14T05:45;2024-09-14T06:00;24;kWh;0;1619;0;0;1619;1619
2024-09-14T06:00;2024-09-14T06:15;25;kWh;-1834;8570;0;0;10404;6736
2024-09-14T06:15;2024-09-14T06:30;26;kWh;0;30783;0;0;30783;30783
2024-09-14T06:30;2024-09-14T06:45;27;kWh;0;26415;0;0;26415;26415
2024-09-14T06:45;2024-09-14T07:00;28;kWh;0;6088;0;0;6088;6088
2024-09-14T07:00;2024-09-14T07:15;29;kWh;0;53839;0;0;53839;53839
2024-09-14T07:15;2024-09-14T07:30;30;kWh;0;27019;0;0;27019;27019
2024-09-14T07:30;2024-09-14T07:45;31;kWh;0;12259;0;0;12259;12259
2024-09-14T07:45;2024-09-14T08:00;32;kWh;-2606;318;0;0;2924;-2288
2024-09-14T08:00;2024-09-14T08:15;33;kWh;-1294;222;0;0;1516;-1072
2024-09-14T08:15;2024-09-14T08:30;34;kWh;-3392;0;0;0;3392;-3392
2024-09-14T08:30;2024-09-14T08:45;35;kWh;-19258;0;0;0;19258;-19258
2024-09-14T08:45;2024-09-14T09:00;36;kWh;-43021;0;0;0;43021;-43021
2024-09-14T09:00;2024-09-14T09:15;37;kWh;-10168;0;0;0;10168;-10168
2024-09-14T09:15;2024-09-14T09:30;38;kWh;-16542;0;0;0;16542;-16542
2024-09-14T09:30;2024-09-14T09:45;39;kWh;-42305;0;0;0;42305;-42305
2024-09-14T09:45;2024-09-14T10:00;40;kWh;-44324;0;0;0;44324;-44324
2024-09-14T10:00;2024-09-14T10:15;41;kWh;-22612;0;0;0;22612;-22612
2024-09-14T10:15;2024-09-14T10:30;42;kWh;-22884;0;0;0;22884;-22884
2024-09-14T10:30;2024-09-14T10:45;43;kWh;-44843;0;0;0;44843;-44843
2024-09-14T10:45;2024-09-14T11:00;44;kWh;-34654;0;0;0;34654;-34654
2024-09-14T11:00;2024-09-14T11:15;45;kWh;-26170;0;0;0;26170;-26170
2024-09-14T11:15;2024-09-14T11:30;46;kWh;-30958;0;0;0;30958;-30958
2024-09-14T11:30;2024-09-14T11:45;47;kWh;-26369;0;0;0;26369;-26369
2024-09-14T11:45;2024-09-14T12:00;48;kWh;-1568;0;0;0;1568;-1568
2024-09-14T12:00;2024-09-14T12:15;49;kWh;-141;0;0;0;141;-141
2024-09-14T12:15;2024-09-14T12:30;50;kWh;-110;0;0;0;110;-110
2024-09-14T12:30;2024-09-14T12:45;51;kWh;-3282;0;0;0;3282;-3282
2024-09-14T12:45;2024-09-14T13:00;52;kWh;-9203;0;0;0;9203;-9203
2024-09-14T13:00;2024-09-14T13:15;53;kWh;-15993;1097;0;0;17090;-14896
2024-09-14T13:15;2024-09-14T13:30;54;kWh;-16730;0;0;0;16730;-16730
2024-09-14T13:30;2024-09-14T13:45;55;kWh;-23757;0;0;0;23757;-23757
2024-09-14T13:45;2024-09-14T14:00;56;kWh;-15277;0;0;0;15277;-15277
2024-09-14T14:00;2024-09-14T14:15;57;kWh;-21025;0;0;0;21025;-21025
2024-09-14T14:15;2024-09-14T14:30;58;kWh;-17277;370;0;0;17647;-16907
2024-09-14T14:30;2024-09-14T14:45;59;kWh;-27284;683;0;0;27967;-26601
2024-09-14T14:45;2024-09-14T15:00;60;kWh;-30745;0;0;0;30745;-30745
2024-09-14T15:00;2024-09-14T15:15;61;kWh;-33224;0;0;0;33224;-33224
2024-09-14T15:15;2024-09-14T15:30;62;kWh;-29805;0;0;0;29805;-29805
2024-09-14T15:30;2024-09-14T15:45;63;kWh;-22827;28;0;0;22855;-22799
2024-09-14T15:45;2024-09-14T16:00;64;kWh;-29700;70;0;0;29770;-29630
2024-09-14T16:00;2024-09-14T16:15;65;kWh;-41613;0;0;0;41613;-41613
2024-09-14T16:15;2024-09-14T16:30;66;kWh;-31752;0;0;0;31752;-31752
2024-09-14T16:30;2024-09-14T16:45;67;kWh;-28696;0;0;0;28696;-28696
2024-09-14T16:45;2024-09-14T17:00;68;kWh;-25550;0;0;0;25550;-25550
2024-09-14T17:00;2024-09-14T17:15;69;kWh;-21312;0;0;0;21312;-21312
2024-09-14T17:15;2024-09-14T17:30;70;kWh;-26156;78;0;0;26234;-26078
2024-09-14T17:30;2024-09-14T17:45;71;kWh;-24980;303;0;0;25283;-24677
2024-09-14T17:45;2024-09-14T18:00;72;kWh;-11625;0;0;0;11625;-11625
2024-09-14T18:00;2024-09-14T18:15;73;kWh;-462;0;0;0;462;-462
2024-09-14T18:15;2024-09-14T18:30;74;kWh;-8781;0;0;0;8781;-8781
2024-09-14T18:30;2024-09-14T18:45;75;kWh;0;160;0;0;160;160
2024-09-14T18:45;2024-09-14T19:00;76;kWh;0;8452;0;0;8452;8452
2024-09-14T19:00;2024-09-14T19:15;77;kWh;0;7853;0;0;7853;7853
2024-09-14T19:15;2024-09-14T19:30;78;kWh;0;34213;0;0;34213;34213
2024-09-14T19:30;2024-09-14T19:45;79;kWh;0;23040;0;0;23040;23040
2024-09-14T19:45;2024-09-14T20:00;80;kWh;0;3060;0;0;3060;3060
2024-09-14T20:00;2024-09-14T20:15;81;kWh;0;7315;0;0;7315;7315
2024-09-14T20:15;2024-09-14T20:30;82;kWh;0;20150;0;0;20150;20150
2024-09-14T20:30;2024-09-14T20:45;83;kWh;-6;611;0;0;617;605
2024-09-14T20:45;2024-09-14T21:00;84;kWh;-12298;0;0;0;12298;-12298
2024-09-14T21:00;2024-09-14T21:15;85;kWh;-10781;0;0;0;10781;-10781
2024-09-14T21:15;2024-09-14T21:30;86;kWh;-20069;0;0;0;20069;-20069
2024-09-14T21:30;2024-09-14T21:45;87;kWh;-24759;0;0;0;24759;-24759
2024-09-14T21:45;2024-09-14T22:00;88;kWh;-44728;0;0;0;44728;-44728
2024-09-14T22:00;2024-09-14T22:15;89;kWh;-24926;0;0;0;24926;-24926
2024-09-14T22:15;2024-09-14T22:30;90;kWh;-2745;0;0;0;2745;-2745
2024-09-14T22:30;2024-09-14T22:45;91;kWh;-4964;0;0;0;4964;-4964
2024-09-14T22:45;2024-09-14T23:00;92;kWh;-8992;0;0;0;8992;-8992
2024-09-14T23:00;2024-09-14T23:15;93;kWh;-11598;0;0;0;11598;-11598
2024-09-14T23:15;2024-09-14T23:30;94;kWh;-4377;0;0;0;4377;-4377
2024-09-14T23:30;2024-09-14T23:45;95;kWh;-15665;0;0;0;15665;-15665
2024-09-14T23:45;2024-09-15T00:00;96;kWh;-6422;610;0;0;7032;-5812
2024-09-15T00:00;2024-09-15T00:15;1;kWh;-19790;3868;0;0;23658;-15922
2024-09-15T00:15;2024-09-15T00:30;2;kWh;-1599;5105;0;0;6704;3506
2024-09-15T00:30;2024-09-15T00:45;3;kWh;-14043;0;0;0;14043;-14043
2024-09-15T00:45;2024-09-15T01:00;4;kWh;-3839;0;0;0;3839;-3839
2024-09-15T01:00;2024-09-15T01:15;5;kWh;-11428;0;0;0;11428;-11428
2024-09-15T01:15;2024-09-15T01:30;6;kWh;-23985;0;0;0;23985;-23985
2024-09-15T01:30;2024-09-15T01:45;7;kWh;-26487;0;0;0;26487;-26487
2024-09-15T01:45;2024-09-15T02:00;8;kWh;-22134;0;0;0;22134;-22134
2024-09-15T02:00;2024-09-15T02:15;9;kWh;-8361;0;0;0;8361;-8361
2024-09-15T02:15;2024-09-15T02:30;10;kWh;0;0;0;0;0;0
2024-09-15T02:30;2024-09-15T02:45;11;kWh;0;0;0;0;0;0
2024-09-15T02:45;2024-09-15T03:00;12;kWh;-54;0;0;0;54;-54
2024-09-15T03:00;2024-09-15T03:15;13;kWh;-20;2303;0;0;2323;2283
2024-09-15T03:15;2024-09-15T03:30;14;kWh;0;4016;0;0;4016;4016
2024-09-15T03:30;2024-09-15T03:45;15;kWh;0;2438;0;0;2438;2438
2024-09-15T03:45;2024-09-15T04:00;16;kWh;0;376;0;0;376;376
2024-09-15T04:00;2024-09-15T04:15;17;kWh;0;0;0;0;0;0
2024-09-15T04:15;2024-09-15T04:30;18;kWh;0;0;0;0;0;0
2024-09-15T04:30;2024-09-15T04:45;19;kWh;0;0;0;0;0;0
2024-09-15T04:45;2024-09-15T05:00;20;kWh;0;0;0;0;0;0
2024-09-15T05:00;2024-09-15T05:15;21;kWh;0;0;0;0;0;0
2024-09-15T05:15;2024-09-15T05:30;22;kWh;-1461;0;0;0;1461;-1461
2024-09-15T05:30;2024-09-15T05:45;23;kWh;-5182;0;0;0;5182;-5182
2024-09-15T05:45;2024-09-15T06:00;24;kWh;-8170;0;0;0;8170;-8170
2024-09-15T06:00;2024-09-15T06:15;25;kWh;-1867;0;0;0;1867;-1867
2024-09-15T06:15;2024-09-15T06:30;26;kWh;-18;0;0;0;18;-18
2024-09-15T06:30;2024-09-15T06:45;27;kWh;0;2821;0;0;2821;2821
2024-09-15T06:45;2024-09-15T07:00;28;kWh;0;3787;0;0;3787;3787
2024-09-15T07:00;2024-09-15T07:15;29;kWh;0;2118;0;0;2118;2118
2024-09-15T07:15;2024-09-15T07:30;30;kWh;0;1243;0;0;1243;1243
2024-09-15T07:30;2024-09-15T07:45;31;kWh;0;0;0;0;0;0
2024-09-15T07:45;2024-09-15T08:00;32;kWh;-991;130;0;0;1121;-861
2024-09-15T08:00;2024-09-15T08:15;33;kWh;0;17076;0;0;17076;17076
2024-09-15T08:15;2024-09-15T08:30;34;kWh;-40;0;0;0;40;-40
2024-09-15T08:30;2024-09-15T08:45;35;kWh;-8914;0;0;0;8914;-8914
2024-09-15T08:45;2024-09-15T09:00;36;kWh;-12577;0;0;0;12577;-12577
2024-09-15T09:00;2024-09-15T09:15;37;kWh;-9717;2391;0;0;12108;-7326
2024-09-15T09:15;2024-09-15T09:30;38;kWh;-8091;0;0;0;8091;-8091
2024-09-15T09:30;2024-09-15T09:45;39;kWh;-15390;0;0;0;15390;-15390
2024-09-15T09:45;2024-09-15T10:00;40;kWh;-20006;0;0;0;20006;-20006
2024-09-15T10:00;2024-09-15T10:15;41;kWh;-7;0;0;0;7;-7
2024-09-15T10:15;2024-09-15T10:30;42;kWh;-2509;0;0;0;2509;-2509
2024-09-15T10:30;2024-09-15T10:45;43;kWh;-15990;0;0;0;15990;-15990
2024-09-15T10:45;2024-09-15T11:00;44;kWh;-32674;0;0;0;32674;-32674
2024-09-15T11:00;2024-09-15T11:15;45;kWh;-6488;0;0;0;6488;-6488
2024-09-15T11:15;2024-09-15T11:30;46;kWh;-3430;0;0;0;3430;-3430
2024-09-15T11:30;2024-09-15T11:45;47;kWh;-40009;0;0;0;40009;-40009
2024-09-15T11:45;2024-09-15T12:00;48;kWh;-33086;0;0;0;33086;-33086
2024-09-15T12:00;2024-09-15T12:15;49;kWh;-12720;0;0;0;12720;-12720
2024-09-15T12:15;2024-09-15T12:30;50;kWh;-8987;0;0;0;8987;-8987
2024-09-15T12:30;2024-09-15T12:45;51;kWh;-3717;0;0;0;3717;-3717
2024-09-15T12:45;2024-09-15T13:00;52;kWh;0;10177;0;0;10177;10177
2024-09-15T13:00;2024-09-15T13:15;53;kWh;0;64100;0;0;64100;64100
2024-09-15T13:15;2024-09-15T13:30;54;kWh;0;55120;0;0;55120;55120
2024-09-15T13:30;2024-09-15T13:45;55;kWh;0;6474;0;0;6474;6474
2024-09-15T13:45;2024-09-15T14:00;56;kWh;-8;0;0;0;8;-8
2024-09-15T14:00;2024-09-15T14:15;57;kWh;-5778;0;0;0;5778;-5778
2024-09-15T14:15;2024-09-15T14:30;58;kWh;-16348;0;0;0;16348;-16348
2024-09-15T14:30;2024-09-15T14:45;59;kWh;-9449;0;0;0;9449;-9449
2024-09-15T14:45;2024-09-15T15:00;60;kWh;-7937;0;0;0;7937;-7937
2024-09-15T15:00;2024-09-15T15:15;61;kWh;-20731;12;0;0;20743;-20719
2024-09-15T15:15;2024-09-15T15:30;62;kWh;-20840;41;0;0;20881;-20799
2024-09-15T15:30;2024-09-15T15:45;63;kWh;-4996;0;0;0;4996;-4996
2024-09-15T15:45;2024-09-15T16:00;64;kWh;0;10463;0;0;10463;10463
2024-09-15T16:00;2024-09-15T16:15;65;kWh;-150;2364;0;0;2514;2214
2024-09-15T16:15;2024-09-15T16:30;66;kWh;0;0;0;0;0;0
2024-09-15T16:30;2024-09-15T16:45;67;kWh;0;2273;0;0;2273;2273
2024-09-15T16:45;2024-09-15T17:00;68;kWh;0;7472;0;0;7472;7472
2024-09-15T17:00;2024-09-15T17:15;69;kWh;0;1433;0;0;1433;1433
2024-09-15T17:15;2024-09-15T17:30;70;kWh;0;0;0;0;0;0
2024-09-15T17:30;2024-09-15T17:45;71;kWh;-1990;0;0;0;1990;-1990
2024-09-15T17:45;2024-09-15T18:00;72;kWh;-21593;0;0;0;21593;-21593
2024-09-15T18:00;2024-09-15T18:15;73;kWh;-246;6750;0;0;6996;6504
2024-09-15T18:15;2024-09-15T18:30;74;kWh;0;6862;0;0;6862;6862
2024-09-15T18:30;2024-09-15T18:45;75;kWh;0;8806;0;0;8806;8806
2024-09-15T18:45;2024-09-15T19:00;76;kWh;0;28502;0;0;28502;28502
2024-09-15T19:00;2024-09-15T19:15;77;kWh;0;24576;0;0;24576;24576
2024-09-15T19:15;2024-09-15T19:30;78;kWh;0;41769;0;0;41769;41769
2024-09-15T19:30;2024-09-15T19:45;79;kWh;0;37568;0;0;37568;37568
2024-09-15T19:45;2024-09-15T20:00;80;kWh;0;57044;0;0;57044;57044
2024-09-15T20:00;2024-09-15T20:15;81;kWh;0;23239;0;0;23239;23239
2024-09-15T20:15;2024-09-15T20:30;82;kWh;0;18336;0;0;18336;18336
2024-09-15T20:30;2024-09-15T20:45;83;kWh;0;3699;0;0;3699;3699
2024-09-15T20:45;2024-09-15T21:00;84;kWh;-1642;0;0;0;1642;-1642
2024-09-15T21:00;2024-09-15T21:15;85;kWh;-6322;0;0;0;6322;-6322
2024-09-15T21:15;2024-09-15T21:30;86;kWh;-786;652;0;0;1438;-134
2024-09-15T21:30;2024-09-15T21:45;87;kWh;0;10165;0;0;10165;10165
2024-09-15T21:45;2024-09-15T22:00;88;kWh;-205;2743;0;0;2948;2538
2024-09-15T22:00;2024-09-15T22:15;89;kWh;-1332;2921;0;0;4253;1589
2024-09-15T22:15;2024-09-15T22:30;90;kWh;0;27808;0;0;27808;27808
2024-09-15T22:30;2024-09-15T22:45;91;kWh;0;8392;0;0;8392;8392
2024-09-15T22:45;2024-09-15T23:00;92;kWh;0;4425;0;0;4425;4425
2024-09-15T23:00;2024-09-15T23:15;93;kWh;-1637;7;0;0;1644;-1630
2024-09-15T23:15;2024-09-15T23:30;94;kWh;-5220;0;0;0;5220;-5220
2024-09-15T23:30;2024-09-15T23:45;95;kWh;0;5786;0;0;5786;5786
2024-09-15T23:45;2024-09-16T00:00;96;kWh;0;1020;0;0;1020;1020
2024-09-16T00:00;2024-09-16T00:15;1;kWh;0;1646;0;0;1646;1646
2024-09-16T00:15;2024-09-16T00:30;2;kWh;0;73;0;0;73;73
2024-09-16T00:30;2024-09-16T00:45;3;kWh;-6404;0;0;0;6404;-6404
2024-09-16T00:45;2024-09-16T01:00;4;kWh;-49134;0;0;0;49134;-49134
2024-09-16T01:00;2024-09-16T01:15;5;kWh;-3623;5982;0;0;9605;2359
2024-09-16T01:15;2024-09-16T01:30;6;kWh;-157;3;0;0;160;-154
2024-09-16T01:30;2024-09-16T01:45;7;kWh;-2321;0;0;0;2321;-2321
2024-09-16T01:45;2024-09-16T02:00;8;kWh;-6182;0;0;0;6182;-6182
2024-09-16T02:00;2024-09-16T02:15;9;kWh;-578;88;0;0;666;-490
2024-09-16T02:15;2024-09-16T02:30;10;kWh;0;2230;0;0;2230;2230
2024-09-16T02:30;2024-09-16T02:45;11;kWh;0;3481;0;0;3481;3481
2024-09-16T02:45;2024-09-16T03:00;12;kWh;0;603;0;0;603;603
2024-09-16T03:00;2024-09-16T03:15;13;kWh;-371;0;0;0;371;-371
2024-09-16T03:15;2024-09-16T03:30;14;kWh;-1274;0;0;0;1274;-1274
2024-09-16T03:30;2024-09-16T03:45;15;kWh;-6957;0;0;0;6957;-6957
2024-09-16T03:45;2024-09-16T04:00;16;kWh;-5527;0;0;0;5527;-5527
2024-09-16T04:00;2024-09-16T04:15;17;kWh;-236;3586;0;0;3822;3350
2024-09-16T04:15;2024-09-16T04:30;18;kWh;0;9308;0;0;9308;9308
2024-09-16T04:30;2024-09-16T04:45;19;kWh;0;3674;0;0;3674;3674
2024-09-16T04:45;2024-09-16T05:00;20;kWh;0;5368;0;0;5368;5368
2024-09-16T05:00;2024-09-16T05:15;21;kWh;0;4612;0;0;4612;4612
2024-09-16T05:15;2024-09-16T05:30;22;kWh;0;1486;0;0;1486;1486
2024-09-16T05:30;2024-09-16T05:45;23;kWh;0;1536;0;0;1536;1536
2024-09-16T05:45;2024-09-16T06:00;24;kWh;0;1077;0;0;1077;1077
2024-09-16T06:00;2024-09-16T06:15;25;kWh;-5569;0;0;0;5569;-5569
2024-09-16T06:15;2024-09-16T06:30;26;kWh;0;12171;0;0;12171;12171
2024-09-16T06:30;2024-09-16T06:45;27;kWh;0;55840;0;0;55840;55840
2024-09-16T06:45;2024-09-16T07:00;28;kWh;0;76893;0;0;76893;76893
2024-09-16T07:00;2024-09-16T07:15;29;kWh;0;52987;0;0;52987;52987
2024-09-16T07:15;2024-09-16T07:30;30;kWh;0;67121;0;0;67121;67121
2024-09-16T07:30;2024-09-16T07:45;31;kWh;0;60168;0;0;60168;60168
2024-09-16T07:45;2024-09-16T08:00;32;kWh;0;37027;0;0;37027;37027
2024-09-16T08:00;2024-09-16T08:15;33;kWh;0;2797;0;0;2797;2797
2024-09-16T08:15;2024-09-16T08:30;34;kWh;-1410;0;0;0;1410;-1410
2024-09-16T08:30;2024-09-16T08:45;35;kWh;-9251;0;0;0;9251;-9251
2024-09-16T08:45;2024-09-16T09:00;36;kWh;-1349;0;0;0;1349;-1349
2024-09-16T09:00;2024-09-16T09:15;37;kWh;-12;23315;0;0;23327;23303
2024-09-16T09:15;2024-09-16T09:30;38;kWh;0;28269;0;0;28269;28269
2024-09-16T09:30;2024-09-16T09:45;39;kWh;-1047;11704;0;0;12751;10657
2024-09-16T09:45;2024-09-16T10:00;40;kWh;-42018;0;0;0;42018;-42018
2024-09-16T10:00;2024-09-16T10:15;41;kWh;-16871;0;0;0;16871;-16871
2024-09-16T10:15;2024-09-16T10:30;42;kWh;-2873;0;0;0;2873;-2873
2024-09-16T10:30;2024-09-16T10:45;43;kWh;-13021;0;0;0;13021;-13021
2024-09-16T10:45;2024-09-16T11:00;44;kWh;0;23437;0;0;23437;23437
2024-09-16T11:00;2024-09-16T11:15;45;kWh;-1544;1092;0;0;2636;-452
2024-09-16T11:15;2024-09-16T11:30;46;kWh;-2343;20971;0;0;23314;18628
2024-09-16T11:30;2024-09-16T11:45;47;kWh;-9;19011;0;0;19020;19002
2024-09-16T11:45;2024-09-16T12:00;48;kWh;-4977;7;0;0;4984;-4970
2024-09-16T12:00;2024-09-16T12:15;49;kWh;-2711;117;0;0;2828;-2594
2024-09-16T12:15;2024-09-16T12:30;50;kWh;0;21645;0;0;21645;21645
2024-09-16T12:30;2024-09-16T12:45;51;kWh;0;4221;0;0;4221;4221
2024-09-16T12:45;2024-09-16T13:00;52;kWh;0;5976;0;0;5976;5976
2024-09-16T13:00;2024-09-16T13:15;53;kWh;0;43927;0;0;43927;43927
2024-09-16T13:15;2024-09-16T13:30;54;kWh;0;48582;0;0;48582;48582
2024-09-16T13:30;2024-09-16T13:45;55;kWh;0;25739;0;0;25739;25739
2024-09-16T13:45;2024-09-16T14:00;56;kWh;-2116;3046;0;0;5162;930
2024-09-16T14:00;2024-09-16T14:15;57;kWh;-8141;0;0;0;8141;-8141
2024-09-16T14:15;2024-09-16T14:30;58;kWh;-28974;0;0;0;28974;-28974
2024-09-16T14:30;2024-09-16T14:45;59;kWh;-16000;0;0;0;16000;-16000
2024-09-16T14:45;2024-09-16T15:00;60;kWh;-7051;0;0;0;7051;-7051
2024-09-16T15:00;2024-09-16T15:15;61;kWh;-13263;0;0;0;13263;-13263
2024-09-16T15:15;2024-09-16T15:30;62;kWh;-3286;108;0;0;3394;-3178
2024-09-16T15:30;2024-09-16T15:45;63;kWh;0;13392;0;0;13392;13392
2024-09-16T15:45;2024-09-16T16:00;64;kWh;0;32227;0;0;32227;32227
2024-09-16T16:00;2024-09-16T16:15;65;kWh;0;31741;0;0;31741;31741
2024-09-16T16:15;2024-09-16T16:30;66;kWh;0;75388;0;0;75388;75388
2024-09-16T16:30;2024-09-16T16:45;67;kWh;0;74235;0;0;74235;74235
2024-09-16T16:45;2024-09-16T17:00;68;kWh;0;71824;0;0;71824;71824
2024-09-16T17:00;2024-09-16T17:15;69;kWh;0;20293;0;0;20293;20293
2024-09-16T17:15;2024-09-16T17:30;70;kWh;0;50675;0;0;50675;50675
2024-09-16T17:30;2024-09-16T17:45;71;kWh;0;28941;0;0;28941;28941
2024-09-16T17:45;2024-09-16T18:00;72;kWh;0;5198;0;0;5198;5198
2024-09-16T18:00;2024-09-16T18:15;73;kWh;-21348;0;0;0;21348;-21348
2024-09-16T18:15;2024-09-16T18:30;74;kWh;-21718;0;0;0;21718;-21718
2024-09-16T18:30;2024-09-16T18:45;75;kWh;-10698;0;0;0;10698;-10698
2024-09-16T18:45;2024-09-16T19:00;76;kWh;-2926;0;0;0;2926;-2926
2024-09-16T19:00;2024-09-16T19:15;77;kWh;-24895;29;0;0;24924;-24866
2024-09-16T19:15;2024-09-16T19:30;78;kWh;0;1052;0;0;1052;1052
2024-09-16T19:30;2024-09-16T19:45;79;kWh;0;7868;0;0;7868;7868
2024-09-16T19:45;2024-09-16T20:00;80;kWh;0;26113;0;0;26113;26113
2024-09-16T20:00;2024-09-16T20:15;81;kWh;0;49246;0;0;49246;49246
2024-09-16T20:15;2024-09-16T20:30;82;kWh;0;46771;0;0;46771;46771
2024-09-16T20:30;2024-09-16T20:45;83;kWh;0;16463;0;0;16463;16463
2024-09-16T20:45;2024-09-16T21:00;84;kWh;0;37956;0;0;37956;37956
2024-09-16T21:00;2024-09-16T21:15;85;kWh;0;36556;0;0;36556;36556
2024-09-16T21:15;2024-09-16T21:30;86;kWh;0;10721;0;0;10721;10721
2024-09-16T21:30;2024-09-16T21:45;87;kWh;-9738;257;0;0;9995;-9481
2024-09-16T21:45;2024-09-16T22:00;88;kWh;-874;0;0;0;874;-874
2024-09-16T22:00;2024-09-16T22:15;89;kWh;0;443;0;0;443;443
2024-09-16T22:15;2024-09-16T22:30;90;kWh;0;11792;0;0;11792;11792
2024-09-16T22:30;2024-09-16T22:45;91;kWh;-127;76;0;0;203;-51
2024-09-16T22:45;2024-09-16T23:00;92;kWh;-21981;0;0;0;21981;-21981
2024-09-16T23:00;2024-09-16T23:15;93;kWh;-10733;4135;0;0;14868;-6598
2024-09-16T23:15;2024-09-16T23:30;94;kWh;0;1104;0;0;1104;1104
2024-09-16T23:30;2024-09-16T23:45;95;kWh;-2787;0;0;0;2787;-2787
2024-09-16T23:45;2024-09-17T00:00;96;kWh;-22030;0;0;0;22030;-22030
2024-09-17T00:00;2024-09-17T00:15;1;kWh;-5178;3030;0;0;8208;-2148
2024-09-17T00:15;2024-09-17T00:30;2;kWh;0;2804;0;0;2804;2804
2024-09-17T00:30;2024-09-17T00:45;3;kWh;-4769;0;0;0;4769;-4769
2024-09-17T00:45;2024-09-17T01:00;4;kWh;-11670;0;0;0;11670;-11670
2024-09-17T01:00;2024-09-17T01:15;5;kWh;-3898;0;0;0;3898;-3898
2024-09-17T01:15;2024-09-17T01:30;6;kWh;-8367;0;0;0;8367;-8367
2024-09-17T01:30;2024-09-17T01:45;7;kWh;-24453;0;0;0;24453;-24453
2024-09-17T01:45;2024-09-17T02:00;8;kWh;-29016;0;0;0;29016;-29016
2024-09-17T02:00;2024-09-17T02:15;9;kWh;-8126;0;0;0;8126;-8126
2024-09-17T02:15;2024-09-17T02:30;10;kWh;0;0;0;0;0;0
2024-09-17T02:30;2024-09-17T02:45;11;kWh;0;0;0;0;0;0
2024-09-17T02:45;2024-09-17T03:00;12;kWh;0;0;0;0;0;0
2024-09-17T03:00;2024-09-17T03:15;13;kWh;0;3171;0;0;3171;3171
2024-09-17T03:15;2024-09-17T03:30;14;kWh;0;14359;0;0;14359;14359
2024-09-17T03:30;2024-09-17T03:45;15;kWh;0;17128;0;0;17128;17128
2024-09-17T03:45;2024-09-17T04:00;16;kWh;0;2353;0;0;2353;2353
2024-09-17T04:00;2024-09-17T04:15;17;kWh;0;38;0;0;38;38
2024-09-17T04:15;2024-09-17T04:30;18;kWh;0;0;0;0;0;0
2024-09-17T04:30;2024-09-17T04:45;19;kWh;-434;0;0;0;434;-434
2024-09-17T04:45;2024-09-17T05:00;20;kWh;-3033;0;0;0;3033;-3033
2024-09-17T05:00;2024-09-17T05:15;21;kWh;-24026;0;0;0;24026;-24026
2024-09-17T05:15;2024-09-17T05:30;22;kWh;-1663;2557;0;0;4220;894
2024-09-17T05:30;2024-09-17T05:45;23;kWh;0;9397;0;0;9397;9397
2024-09-17T05:45;2024-09-17T06:00;24;kWh;-376;0;0;0;376;-376
2024-09-17T06:00;2024-09-17T06:15;25;kWh;0;47502;0;0;47502;47502
2024-09-17T06:15;2024-09-17T06:30;26;kWh;0;55415;0;0;55415;55415
2024-09-17T06:30;2024-09-17T06:45;27;kWh;0;42591;0;0;42591;42591
2024-09-17T06:45;2024-09-17T07:00;28;kWh;0;45673;0;0;45673;45673
2024-09-17T07:00;2024-09-17T07:15;29;kWh;0;20624;0;0;20624;20624
2024-09-17T07:15;2024-09-17T07:30;30;kWh;0;28938;0;0;28938;28938
2024-09-17T07:30;2024-09-17T07:45;31;kWh;0;57378;0;0;57378;57378
2024-09-17T07:45;2024-09-17T08:00;32;kWh;0;28975;0;0;28975;28975
2024-09-17T08:00;2024-09-17T08:15;33;kWh;0;15729;0;0;15729;15729
2024-09-17T08:15;2024-09-17T08:30;34;kWh;0;121;0;0;121;121
2024-09-17T08:30;2024-09-17T08:45;35;kWh;-1220;0;0;0;1220;-1220
2024-09-17T08:45;2024-09-17T09:00;36;kWh;-13713;0;0;0;13713;-13713
2024-09-17T09:00;2024-09-17T09:15;37;kWh;-11589;0;0;0;11589;-11589
2024-09-17T09:15;2024-09-17T09:30;38;kWh;-4210;0;0;0;4210;-4210
2024-09-17T09:30;2024-09-17T09:45;39;kWh;-10532;0;0;0;10532;-10532
2024-09-17T09:45;2024-09-17T10:00;40;kWh;-1608;0;0;0;1608;-1608
2024-09-17T10:00;2024-09-17T10:15;41;kWh;-8430;351;0;0;8781;-8079
2024-09-17T10:15;2024-09-17T10:30;42;kWh;0;8729;0;0;8729;8729
2024-09-17T10:30;2024-09-17T10:45;43;kWh;0;5861;0;0;5861;5861
2024-09-17T10:45;2024-09-17T11:00;44;kWh;0;21956;0;0;21956;21956
2024-09-17T11:00;2024-09-17T11:15;45;kWh;0;33608;0;0;33608;33608
2024-09-17T11:15;2024-09-17T11:30;46;kWh;0;17361;0;0;17361;17361
2024-09-17T11:30;2024-09-17T11:45;47;kWh;0;8118;0;0;8118;8118
2024-09-17T11:45;2024-09-17T12:00;48;kWh;-2;397;0;0;399;395
2024-09-17T12:00;2024-09-17T12:15;49;kWh;-1814;0;0;0;1814;-1814
2024-09-17T12:15;2024-09-17T12:30;50;kWh;-17810;0;0;0;17810;-17810
2024-09-17T12:30;2024-09-17T12:45;51;kWh;-19379;0;0;0;19379;-19379
2024-09-17T12:45;2024-09-17T13:00;52;kWh;-19790;0;0;0;19790;-19790
2024-09-17T13:00;2024-09-17T13:15;53;kWh;-7495;0;0;0;7495;-7495
2024-09-17T13:15;2024-09-17T13:30;54;kWh;-4534;0;0;0;4534;-4534
2024-09-17T13:30;2024-09-17T13:45;55;kWh;-10081;0;0;0;10081;-10081
2024-09-17T13:45;2024-09-17T14:00;56;kWh;-21287;0;0;0;21287;-21287
2024-09-17T14:00;2024-09-17T14:15;57;kWh;-1663;0;0;0;1663;-1663
2024-09-17T14:15;2024-09-17T14:30;58;kWh;-2960;0;0;0;2960;-2960
2024-09-17T14:30;2024-09-17T14:45;59;kWh;-3653;0;0;0;3653;-3653
2024-09-17T14:45;2024-09-17T15:00;60;kWh;-10841;0;0;0;10841;-10841
2024-09-17T15:00;2024-09-17T15:15;61;kWh;-19066;0;0;0;19066;-19066
2024-09-17T15:15;2024-09-17T15:30;62;kWh;-9983;0;0;0;9983;-9983
2024-09-17T15:30;2024-09-17T15:45;63;kWh;-2017;0;0;0;2017;-2017
2024-09-17T15:45;2024-09-17T16:00;64;kWh;-3976;0;0;0;3976;-3976
2024-09-17T16:00;2024-09-17T16:15;65;kWh;-13430;0;0;0;13430;-13430
2024-09-17T16:15;2024-09-17T16:30;66;kWh;-1234;0;0;0;1234;-1234
2024-09-17T16:30;2024-09-17T16:45;67;kWh;-10087;0;0;0;10087;-10087
2024-09-17T16:45;2024-09-17T17:00;68;kWh;-377;0;0;0;377;-377
2024-09-17T17:00;2024-09-17T17:15;69;kWh;-12459;131;0;0;12590;-12328
2024-09-17T17:15;2024-09-17T17:30;70;kWh;0;610;0;0;610;610
2024-09-17T17:30;2024-09-17T17:45;71;kWh;0;16283;0;0;16283;16283
2024-09-17T17:45;2024-09-17T18:00;72;kWh;0;16105;0;0;16105;16105
2024-09-17T18:00;2024-09-17T18:15;73;kWh;-14;3051;0;0;3065;3037
2024-09-17T18:15;2024-09-17T18:30;74;kWh;-24;2349;0;0;2373;2325
2024-09-17T18:30;2024-09-17T18:45;75;kWh;0;4069;0;0;4069;4069
2024-09-17T18:45;2024-09-17T19:00;76;kWh;0;21816;0;0;21816;21816
2024-09-17T19:00;2024-09-17T19:15;77;kWh;0;9413;0;0;9413;9413
2024-09-17T19:15;2024-09-17T19:30;78;kWh;0;23341;0;0;23341;23341
2024-09-17T19:30;2024-09-17T19:45;79;kWh;0;31659;0;0;31659;31659
2024-09-17T19:45;2024-09-17T20:00;80;kWh;0;49594;0;0;49594;49594
2024-09-17T20:00;2024-09-17T20:15;81;kWh;0;21837;0;0;21837;21837
2024-09-17T20:15;2024-09-17T20:30;82;kWh;0;6029;0;0;6029;6029
2024-09-17T20:30;2024-09-17T20:45;83;kWh;-995;0;0;0;995;-995
2024-09-17T20:45;2024-09-17T21:00;84;kWh;-18400;0;0;0;18400;-18400
2024-09-17T21:00;2024-09-17T21:15;85;kWh;-10268;0;0;0;10268;-10268
2024-09-17T21:15;2024-09-17T21:30;86;kWh;-130;0;0;0;130;-130
2024-09-17T21:30;2024-09-17T21:45;87;kWh;-6958;0;0;0;6958;-6958
2024-09-17T21:45;2024-09-17T22:00;88;kWh;-8046;0;0;0;8046;-8046
2024-09-17T22:00;2024-09-17T22:15;89;kWh;-11872;0;0;0;11872;-11872
2024-09-17T22:15;2024-09-17T22:30;90;kWh;-713;0;0;0;713;-713
2024-09-17T22:30;2024-09-17T22:45;91;kWh;-1582;0;0;0;1582;-1582
2024-09-17T22:45;2024-09-17T23:00;92;kWh;-374;0;0;0;374;-374
2024-09-17T23:00;2024-09-17T23:15;93;kWh;-310;0;0;0;310;-310
2024-09-17T23:15;2024-09-17T23:30;94;kWh;0;1827;0;0;1827;1827
2024-09-17T23:30;2024-09-17T23:45;95;kWh;0;7662;0;0;7662;7662
2024-09-17T23:45;2024-09-18T00:00;96;kWh;0;13300;0;0;13300;13300
2024-09-18T00:00;2024-09-18T00:15;1;kWh;0;5574;0;0;5574;5574
2024-09-18T00:15;2024-09-18T00:30;2;kWh;0;30256;0;0;30256;30256
2024-09-18T00:30;2024-09-18T00:45;3;kWh;0;17652;0;0;17652;17652
2024-09-18T00:45;2024-09-18T01:00;4;kWh;0;252;0;0;252;252
2024-09-18T01:00;2024-09-18T01:15;5;kWh;0;12233;0;0;12233;12233
2024-09-18T01:15;2024-09-18T01:30;6;kWh;0;12717;0;0;12717;12717
2024-09-18T01:30;2024-09-18T01:45;7;kWh;0;14647;0;0;14647;14647
2024-09-18T01:45;2024-09-18T02:00;8;kWh;0;24369;0;0;24369;24369
2024-09-18T02:00;2024-09-18T02:15;9;kWh;0;4797;0;0;4797;4797
2024-09-18T02:15;2024-09-18T02:30;10;kWh;-381;5893;0;0;6274;5512
2024-09-18T02:30;2024-09-18T02:45;11;kWh;-860;0;0;0;860;-860
2024-09-18T02:45;2024-09-18T03:00;12;kWh;-21;3827;0;0;3848;3806
2024-09-18T03:00;2024-09-18T03:15;13;kWh;0;1809;0;0;1809;1809
2024-09-18T03:15;2024-09-18T03:30;14;kWh;0;1373;0;0;1373;1373
2024-09-18T03:30;2024-09-18T03:45;15;kWh;0;76;0;0;76;76
2024-09-18T03:45;2024-09-18T04:00;16;kWh;-2;0;0;0;2;-2
2024-09-18T04:00;2024-09-18T04:15;17;kWh;-2535;0;0;0;2535;-2535
2024-09-18T04:15;2024-09-18T04:30;18;kWh;-126;0;0;0;126;-126
2024-09-18T04:30;2024-09-18T04:45;19;kWh;0;0;0;0;0;0
2024-09-18T04:45;2024-09-18T05:00;20;kWh;0;0;0;0;0;0
2024-09-18T05:00;2024-09-18T05:15;21;kWh;-915;0;0;0;915;-915
2024-09-18T05:15;2024-09-18T05:30;22;kWh;-17;3157;0;0;3174;3140
2024-09-18T05:30;2024-09-18T05:45;23;kWh;0;26770;0;0;26770;26770
2024-09-18T05:45;2024-09-18T06:00;24;kWh;0;16181;0;0;16181;16181
2024-09-18T06:00;2024-09-18T06:15;25;kWh;0;1969;0;0;1969;1969
2024-09-18T06:15;2024-09-18T06:30;26;kWh;0;8222;0;0;8222;8222
2024-09-18T06:30;2024-09-18T06:45;27;kWh;0;16639;0;0;16639;16639
2024-09-18T06:45;2024-09-18T07:00;28;kWh;0;35634;0;0;35634;35634
2024-09-18T07:00;2024-09-18T07:15;29;kWh;0;18166;0;0;18166;18166
2024-09-18T07:15;2024-09-18T07:30;30;kWh;0;30668;0;0;30668;30668
2024-09-18T07:30;2024-09-18T07:45;31;kWh;0;44897;0;0;44897;44897
2024-09-18T07:45;2024-09-18T08:00;32;kWh;0;61660;0;0;61660;61660
2024-09-18T08:00;2024-09-18T08:15;33;kWh;0;85447;0;0;85447;85447
2024-09-18T08:15;2024-09-18T08:30;34;kWh;0;61867;0;0;61867;61867
2024-09-18T08:30;2024-09-18T08:45;35;kWh;0;93665;0;0;93665;93665
2024-09-18T08:45;2024-09-18T09:00;36;kWh;0;76993;0;0;76993;76993
2024-09-18T09:00;2024-09-18T09:15;37;kWh;0;22467;0;0;22467;22467
2024-09-18T09:15;2024-09-18T09:30;38;kWh;0;74492;0;0;74492;74492
2024-09-18T09:30;2024-09-18T09:45;39;kWh;0;85524;0;0;85524;85524
2024-09-18T09:45;2024-09-18T10:00;40;kWh;0;64024;0;0;64024;64024
2024-09-18T10:00;2024-09-18T10:15;41;kWh;0;1546;0;0;1546;1546
2024-09-18T10:15;2024-09-18T10:30;42;kWh;0;3014;0;0;3014;3014
2024-09-18T10:30;2024-09-18T10:45;43;kWh;0;15163;0;0;15163;15163
2024-09-18T10:45;2024-09-18T11:00;44;kWh;-2175;3092;0;0;5267;917
2024-09-18T11:00;2024-09-18T11:15;45;kWh;-787;30765;0;0;31552;29978
2024-09-18T11:15;2024-09-18T11:30;46;kWh;-8271;2358;0;0;10629;-5913
2024-09-18T11:30;2024-09-18T11:45;47;kWh;-4134;10;0;0;4144;-4124
2024-09-18T11:45;2024-09-18T12:00;48;kWh;-7615;0;0;0;7615;-7615
2024-09-18T12:00;2024-09-18T12:15;49;kWh;-229;34591;0;0;34820;34362
2024-09-18T12:15;2024-09-18T12:30;50;kWh;-8245;0;0;0;8245;-8245
2024-09-18T12:30;2024-09-18T12:45;51;kWh;-14797;0;0;0;14797;-14797
2024-09-18T12:45;2024-09-18T13:00;52;kWh;-33586;0;0;0;33586;-33586
2024-09-18T13:00;2024-09-18T13:15;53;kWh;-17690;0;0;0;17690;-17690
2024-09-18T13:15;2024-09-18T13:30;54;kWh;-21622;0;0;0;21622;-21622
2024-09-18T13:30;2024-09-18T13:45;55;kWh;-41987;0;0;0;41987;-41987
2024-09-18T13:45;2024-09-18T14:00;56;kWh;-31060;0;0;0;31060;-31060
2024-09-18T14:00;2024-09-18T14:15;57;kWh;-11990;0;0;0;11990;-11990
2024-09-18T14:15;2024-09-18T14:30;58;kWh;-4480;0;0;0;4480;-4480
2024-09-18T14:30;2024-09-18T14:45;59;kWh;-13867;0;0;0;13867;-13867
2024-09-18T14:45;2024-09-18T15:00;60;kWh;-1351;0;0;0;1351;-1351
2024-09-18T15:00;2024-09-18T15:15;61;kWh;-8894;0;0;0;8894;-8894
2024-09-18T15:15;2024-09-18T15:30;62;kWh;-1665;16;0;0;1681;-1649
2024-09-18T15:30;2024-09-18T15:45;63;kWh;-1084;0;0;0;1084;-1084
2024-09-18T15:45;2024-09-18T16:00;64;kWh;-1002;0;0;0;1002;-1002
2024-09-18T16:00;2024-09-18T16:15;65;kWh;-9435;657;0;0;10092;-8778
2024-09-18T16:15;2024-09-18T16:30;66;kWh;0;3024;0;0;3024;3024
2024-09-18T16:30;2024-09-18T16:45;67;kWh;0;12354;0;0;12354;12354
2024-09-18T16:45;2024-09-18T17:00;68;kWh;0;59388;0;0;59388;59388
2024-09-18T17:00;2024-09-18T17:15;69;kWh;0;12157;0;0;12157;12157
2024-09-18T17:15;2024-09-18T17:30;70;kWh;0;1826;0;0;1826;1826
2024-09-18T17:30;2024-09-18T17:45;71;kWh;-145;11108;0;0;11253;10963
2024-09-18T17:45;2024-09-18T18:00;72;kWh;0;14670;0;0;14670;14670
2024-09-18T18:00;2024-09-18T18:15;73;kWh;-13079;0;0;0;13079;-13079
2024-09-18T18:15;2024-09-18T18:30;74;kWh;-3427;0;0;0;3427;-3427
2024-09-18T18:30;2024-09-18T18:45;75;kWh;-575;0;0;0;575;-575
2024-09-18T18:45;2024-09-18T19:00;76;kWh;0;801;0;0;801;801
2024-09-18T19:00;2024-09-18T19:15;77;kWh;-10274;321;0;0;10595;-9953
2024-09-18T19:15;2024-09-18T19:30;78;kWh;-17191;0;0;0;17191;-17191
2024-09-18T19:30;2024-09-18T19:45;79;kWh;-5935;0;0;0;5935;-5935
2024-09-18T19:45;2024-09-18T20:00;80;kWh;-733;0;0;0;733;-733
2024-09-18T20:00;2024-09-18T20:15;81;kWh;-345;0;0;0;345;-345
2024-09-18T20:15;2024-09-18T20:30;82;kWh;-3334;0;0;0;3334;-3334
2024-09-18T20:30;2024-09-18T20:45;83;kWh;-9870;0;0;0;9870;-9870
2024-09-18T20:45;2024-09-18T21:00;84;kWh;-30445;0;0;0;30445;-30445
2024-09-18T21:00;2024-09-18T21:15;85;kWh;-6690;0;0;0;6690;-6690
2024-09-18T21:15;2024-09-18T21:30;86;kWh;-10841;0;0;0;10841;-10841
2024-09-18T21:30;2024-09-18T21:45;87;kWh;-17333;0;0;0;17333;-17333
2024-09-18T21:45;2024-09-18T22:00;88;kWh;-7026;0;0;0;7026;-7026
2024-09-18T22:00;2024-09-18T22:15;89;kWh;-126;0;0;0;126;-126
2024-09-18T22:15;2024-09-18T22:30;90;kWh;-320;0;0;0;320;-320
2024-09-18T22:30;2024-09-18T22:45;91;kWh;-12866;0;0;0;12866;-12866
2024-09-18T22:45;2024-09-18T23:00;92;kWh;-12944;0;0;0;12944;-12944
2024-09-18T23:00;2024-09-18T23:15;93;kWh;-5737;0;0;0;5737;-5737
2024-09-18T23:15;2024-09-18T23:30;94;kWh;-10640;0;0;0;10640;-10640
2024-09-18T23:30;2024-09-18T23:45;95;kWh;-550;0;0;0;550;-550
2024-09-18T23:45;2024-09-19T00:00;96;kWh;-14667;0;0;0;14667;-14667
2024-09-19T00:00;2024-09-19T00:15;1;kWh;-15908;0;0;0;15908;-15908
2024-09-19T00:15;2024-09-19T00:30;2;kWh;-12178;0;0;0;12178;-12178
2024-09-19T00:30;2024-09-19T00:45;3;kWh;-5859;226;0;0;6085;-5633
2024-09-19T00:45;2024-09-19T01:00;4;kWh;-1359;137;0;0;1496;-1222
2024-09-19T01:00;2024-09-19T01:15;5;kWh;0;2083;0;0;2083;2083
2024-09-19T01:15;2024-09-19T01:30;6;kWh;0;8713;0;0;8713;8713
2024-09-19T01:30;2024-09-19T01:45;7;kWh;0;13280;0;0;13280;13280
2024-09-19T01:45;2024-09-19T02:00;8;kWh;0;5514;0;0;5514;5514
2024-09-19T02:00;2024-09-19T02:15;9;kWh;0;7547;0;0;7547;7547
2024-09-19T02:15;2024-09-19T02:30;10;kWh;0;10408;0;0;10408;10408
2024-09-19T02:30;2024-09-19T02:45;11;kWh;0;28617;0;0;28617;28617
2024-09-19T02:45;2024-09-19T03:00;12;kWh;0;30848;0;0;30848;30848
2024-09-19T03:00;2024-09-19T03:15;13;kWh;-6347;2281;0;0;8628;-4066
2024-09-19T03:15;2024-09-19T03:30;14;kWh;-206;38380;0;0;38586;38174
2024-09-19T03:30;2024-09-19T03:45;15;kWh;0;8669;0;0;8669;8669
2024-09-19T03:45;2024-09-19T04:00;16;kWh;-820;6086;0;0;6906;5266
2024-09-19T04:00;2024-09-19T04:15;17;kWh;-4703;11919;0;0;16622;7216
2024-09-19T04:15;2024-09-19T04:30;18;kWh;0;48004;0;0;48004;48004
2024-09-19T04:30;2024-09-19T04:45;19;kWh;0;16415;0;0;16415;16415
2024-09-19T04:45;2024-09-19T05:00;20;kWh;0;3403;0;0;3403;3403
2024-09-19T05:00;2024-09-19T05:15;21;kWh;0;7126;0;0;7126;7126
2024-09-19T05:15;2024-09-19T05:30;22;kWh;0;996;0;0;996;996
2024-09-19T05:30;2024-09-19T05:45;23;kWh;0;0;0;0;0;0
2024-09-19T05:45;2024-09-19T06:00;24;kWh;-72;0;0;0;72;-72
2024-09-19T06:00;2024-09-19T06:15;25;kWh;-1094;5777;0;0;6871;4683
2024-09-19T06:15;2024-09-19T06:30;26;kWh;0;18856;0;0;18856;18856
2024-09-19T06:30;2024-09-19T06:45;27;kWh;0;23709;0;0;23709;23709
2024-09-19T06:45;2024-09-19T07:00;28;kWh;0;52094;0;0;52094;52094
2024-09-19T07:00;2024-09-19T07:15;29;kWh;0;24301;0;0;24301;24301
2024-09-19T07:15;2024-09-19T07:30;30;kWh;0;44372;0;0;44372;44372
2024-09-19T07:30;2024-09-19T07:45;31;kWh;0;52412;0;0;52412;52412
2024-09-19T07:45;2024-09-19T08:00;32;kWh;0;37021;0;0;37021;37021
2024-09-19T08:00;2024-09-19T08:15;33;kWh;-41;901;0;0;942;860
2024-09-19T08:15;2024-09-19T08:30;34;kWh;-15562;0;0;0;15562;-15562
2024-09-19T08:30;2024-09-19T08:45;35;kWh;-16975;0;0;0;16975;-16975
2024-09-19T08:45;2024-09-19T09:00;36;kWh;-1096;337;0;0;1433;-759
2024-09-19T09:00;2024-09-19T09:15;37;kWh;0;246;0;0;246;246
2024-09-19T09:15;2024-09-19T09:30;38;kWh;0;27781;0;0;27781;27781
2024-09-19T09:30;2024-09-19T09:45;39;kWh;-1;12251;0;0;12252;12250
2024-09-19T09:45;2024-09-19T10:00;40;kWh;-8;14711;0;0;14719;14703
2024-09-19T10:00;2024-09-19T10:15;41;kWh;0;11514;0;0;11514;11514
2024-09-19T10:15;2024-09-19T10:30;42;kWh;0;42767;0;0;42767;42767
2024-09-19T10:30;2024-09-19T10:45;43;kWh;-34;13990;0;0;14024;13956
2024-09-19T10:45;2024-09-19T11:00;44;kWh;-6476;7;0;0;6483;-6469
2024-09-19T11:00;2024-09-19T11:15;45;kWh;-697;37896;0;0;38593;37199
2024-09-19T11:15;2024-09-19T11:30;46;kWh;-1101;1897;0;0;2998;796
2024-09-19T11:30;2024-09-19T11:45;47;kWh;-3560;3;0;0;3563;-3557
2024-09-19T11:45;2024-09-19T12:00;48;kWh;-6497;0;0;0;6497;-6497
2024-09-19T12:00;2024-09-19T12:15;49;kWh;-3066;9233;0;0;12299;6167
2024-09-19T12:15;2024-09-19T12:30;50;kWh;-5238;138;0;0;5376;-5100
2024-09-19T12:30;2024-09-19T12:45;51;kWh;-27057;0;0;0;27057;-27057
2024-09-19T12:45;2024-09-19T13:00;52;kWh;-37218;0;0;0;37218;-37218
2024-09-19T13:00;2024-09-19T13:15;53;kWh;-20486;0;0;0;20486;-20486
2024-09-19T13:15;2024-09-19T13:30;54;kWh;-13734;0;0;0;13734;-13734
2024-09-19T13:30;2024-09-19T13:45;55;kWh;-21800;0;0;0;21800;-21800
2024-09-19T13:45;2024-09-19T14:00;56;kWh;-18023;0;0;0;18023;-18023
2024-09-19T14:00;2024-09-19T14:15;57;kWh;-16005;0;0;0;16005;-16005
2024-09-19T14:15;2024-09-19T14:30;58;kWh;-9605;0;0;0;9605;-9605
2024-09-19T14:30;2024-09-19T14:45;59;kWh;-10338;0;0;0;10338;-10338
2024-09-19T14:45;2024-09-19T15:00;60;kWh;-7534;0;0;0;7534;-7534
2024-09-19T15:00;2024-09-19T15:15;61;kWh;-24558;0;0;0;24558;-24558
2024-09-19T15:15;2024-09-19T15:30;62;kWh;-8423;18;0;0;8441;-8405
2024-09-19T15:30;2024-09-19T15:45;63;kWh;0;203;0;0;203;203
2024-09-19T15:45;2024-09-19T16:00;64;kWh;0;12921;0;0;12921;12921
2024-09-19T16:00;2024-09-19T16:15;65;kWh;-7366;1297;0;0;8663;-6069
2024-09-19T16:15;2024-09-19T16:30;66;kWh;-35;12276;0;0;12311;12241
2024-09-19T16:30;2024-09-19T16:45;67;kWh;0;26794;0;0;26794;26794
2024-09-19T16:45;2024-09-19T17:00;68;kWh;0;41850;0;0;41850;41850
2024-09-19T17:00;2024-09-19T17:15;69;kWh;0;7562;0;0;7562;7562
2024-09-19T17:15;2024-09-19T17:30;70;kWh;-170;10247;0;0;10417;10077
2024-09-19T17:30;2024-09-19T17:45;71;kWh;0;11024;0;0;11024;11024
2024-09-19T17:45;2024-09-19T18:00;72;kWh;0;0;0;0;0;0
2024-09-19T18:00;2024-09-19T18:15;73;kWh;-2263;224;0;0;2487;-2039
2024-09-19T18:15;2024-09-19T18:30;74;kWh;0;8775;0;0;8775;8775
2024-09-19T18:30;2024-09-19T18:45;75;kWh;0;3158;0;0;3158;3158
2024-09-19T18:45;2024-09-19T19:00;76;kWh;0;30431;0;0;30431;30431
2024-09-19T19:00;2024-09-19T19:15;77;kWh;0;2836;0;0;2836;2836
2024-09-19T19:15;2024-09-19T19:30;78;kWh;-955;0;0;0;955;-955
2024-09-19T19:30;2024-09-19T19:45;79;kWh;-16871;0;0;0;16871;-16871
2024-09-19T19:45;2024-09-19T20:00;80;kWh;-5140;0;0;0;5140;-5140
2024-09-19T20:00;2024-09-19T20:15;81;kWh;-5505;4536;0;0;10041;-969
2024-09-19T20:15;2024-09-19T20:30;82;kWh;-18191;0;0;0;18191;-18191
2024-09-19T20:30;2024-09-19T20:45;83;kWh;-32719;0;0;0;32719;-32719
2024-09-19T20:45;2024-09-19T21:00;84;kWh;-48229;0;0;0;48229;-48229
2024-09-19T21:00;2024-09-19T21:15;85;kWh;-34761;0;0;0;34761;-34761
2024-09-19T21:15;2024-09-19T21:30;86;kWh;-32345;0;0;0;32345;-32345
2024-09-19T21:30;2024-09-19T21:45;87;kWh;-35767;0;0;0;35767;-35767
2024-09-19T21:45;2024-09-19T22:00;88;kWh;-33678;0;0;0;33678;-33678
2024-09-19T22:00;2024-09-19T22:15;89;kWh;-13621;0;0;0;13621;-13621
2024-09-19T22:15;2024-09-19T22:30;90;kWh;-11480;0;0;0;11480;-11480
2024-09-19T22:30;2024-09-19T22:45;91;kWh;-13214;0;0;0;13214;-13214
2024-09-19T22:45;2024-09-19T23:00;92;kWh;-3922;0;0;0;3922;-3922
2024-09-19T23:00;2024-09-19T23:15;93;kWh;-1058;8467;0;0;9525;7409
2024-09-19T23:15;2024-09-19T23:30;94;kWh;0;5568;0;0;5568;5568
2024-09-19T23:30;2024-09-19T23:45;95;kWh;0;9841;0;0;9841;9841
2024-09-19T23:45;2024-09-20T00:00;96;kWh;-23;1007;0;0;1030;984
2024-09-20T00:00;2024-09-20T00:15;1;kWh;-793;23336;0;0;24129;22543
2024-09-20T00:15;2024-09-20T00:30;2;kWh;0;30955;0;0;30955;30955
2024-09-20T00:30;2024-09-20T00:45;3;kWh;0;6207;0;0;6207;6207
2024-09-20T00:45;2024-09-20T01:00;4;kWh;0;10620;0;0;10620;10620
2024-09-20T01:00;2024-09-20T01:15;5;kWh;-5196;2493;0;0;7689;-2703
2024-09-20T01:15;2024-09-20T01:30;6;kWh;-17009;0;0;0;17009;-17009
2024-09-20T01:30;2024-09-20T01:45;7;kWh;-7927;582;0;0;8509;-7345
2024-09-20T01:45;2024-09-20T02:00;8;kWh;-4396;0;0;0;4396;-4396
2024-09-20T02:00;2024-09-20T02:15;9;kWh;-1056;0;0;0;1056;-1056
2024-09-20T02:15;2024-09-20T02:30;10;kWh;0;0;0;0;0;0
2024-09-20T02:30;2024-09-20T02:45;11;kWh;0;0;0;0;0;0
2024-09-20T02:45;2024-09-20T03:00;12;kWh;-10639;0;0;0;10639;-10639
2024-09-20T03:00;2024-09-20T03:15;13;kWh;-7273;332;0;0;7605;-6941
2024-09-20T03:15;2024-09-20T03:30;14;kWh;0;0;0;0;0;0
2024-09-20T03:30;2024-09-20T03:45;15;kWh;-3242;0;0;0;3242;-3242
2024-09-20T03:45;2024-09-20T04:00;16;kWh;-4253;0;0;0;4253;-4253
2024-09-20T04:00;2024-09-20T04:15;17;kWh;-242;918;0;0;1160;676
2024-09-20T04:15;2024-09-20T04:30;18;kWh;-9774;4;0;0;9778;-9770
2024-09-20T04:30;2024-09-20T04:45;19;kWh;-20951;0;0;0;20951;-20951
2024-09-20T04:45;2024-09-20T05:00;20;kWh;-3053;0;0;0;3053;-3053
2024-09-20T05:00;2024-09-20T05:15;21;kWh;-694;4314;0;0;5008;3620
2024-09-20T05:15;2024-09-20T05:30;22;kWh;-1586;6479;0;0;8065;4893
2024-09-20T05:30;2024-09-20T05:45;23;kWh;-2433;0;0;0;2433;-2433
2024-09-20T05:45;2024-09-20T06:00;24;kWh;-32249;0;0;0;32249;-32249
2024-09-20T06:00;2024-09-20T06:15;25;kWh;-874;25050;0;0;25924;24176
2024-09-20T06:15;2024-09-20T06:30;26;kWh;-16195;142;0;0;16337;-16053
2024-09-20T06:30;2024-09-20T06:45;27;kWh;-7810;1079;0;0;8889;-6731
2024-09-20T06:45;2024-09-20T07:00;28;kWh;-9617;65;0;0;9682;-9552
2024-09-20T07:00;2024-09-20T07:15;29;kWh;-26567;0;0;0;26567;-26567
2024-09-20T07:15;2024-09-20T07:30;30;kWh;-4706;0;0;0;4706;-4706
2024-09-20T07:30;2024-09-20T07:45;31;kWh;-3399;0;0;0;3399;-3399
2024-09-20T07:45;2024-09-20T08:00;32;kWh;0;20803;0;0;20803;20803
2024-09-20T08:00;2024-09-20T08:15;33;kWh;-591;14689;0;0;15280;14098
2024-09-20T08:15;2024-09-20T08:30;34;kWh;-1067;0;0;0;1067;-1067
2024-09-20T08:30;2024-09-20T08:45;35;kWh;-857;1037;0;0;1894;180
2024-09-20T08:45;2024-09-20T09:00;36;kWh;-25025;0;0;0;25025;-25025
2024-09-20T09:00;2024-09-20T09:15;37;kWh;-16568;17382;0;0;33950;814
2024-09-20T09:15;2024-09-20T09:30;38;kWh;-179;7879;0;0;8058;7700
2024-09-20T09:30;2024-09-20T09:45;39;kWh;-8356;0;0;0;8356;-8356
2024-09-20T09:45;2024-09-20T10:00;40;kWh;-11267;0;0;0;11267;-11267
2024-09-20T10:00;2024-09-20T10:15;41;kWh;-1870;0;0;0;1870;-1870
2024-09-20T10:15;2024-09-20T10:30;42;kWh;-13538;0;0;0;13538;-13538
2024-09-20T10:30;2024-09-20T10:45;43;kWh;-18452;0;0;0;18452;-18452
2024-09-20T10:45;2024-09-20T11:00;44;kWh;-27443;0;0;0;27443;-27443
2024-09-20T11:00;2024-09-20T11:15;45;kWh;-22725;0;0;0;22725;-22725
2024-09-20T11:15;2024-09-20T11:30;46;kWh;-9779;0;0;0;9779;-9779
2024-09-20T11:30;2024-09-20T11:45;47;kWh;-34101;0;0;0;34101;-34101
2024-09-20T11:45;2024-09-20T12:00;48;kWh;-20222;0;0;0;20222;-20222
2024-09-20T12:00;2024-09-20T12:15;49;kWh;-20579;0;0;0;20579;-20579
2024-09-20T12:15;2024-09-20T12:30;50;kWh;-31373;0;0;0;31373;-31373
2024-09-20T12:30;2024-09-20T12:45;51;kWh;-37777;0;0;0;37777;-37777
2024-09-20T12:45;2024-09-20T13:00;52;kWh;-24011;0;0;0;24011;-24011
2024-09-20T13:00;2024-09-20T13:15;53;kWh;-17346;0;0;0;17346;-17346
2024-09-20T13:15;2024-09-20T13:30;54;kWh;-33332;0;0;0;33332;-33332
2024-09-20T13:30;2024-09-20T13:45;55;kWh;-31189;0;0;0;31189;-31189
2024-09-20T13:45;2024-09-20T14:00;56;kWh;-18428;0;0;0;18428;-18428
2024-09-20T14:00;2024-09-20T14:15;57;kWh;-13661;557;0;0;14218;-13104
2024-09-20T14:15;2024-09-20T14:30;58;kWh;-15777;129;0;0;15906;-15648
2024-09-20T14:30;2024-09-20T14:45;59;kWh;-22004;512;0;0;22516;-21492
2024-09-20T14:45;2024-09-20T15:00;60;kWh;-18704;848;0;0;19552;-17856
2024-09-20T15:00;2024-09-20T15:15;61;kWh;-25054;0;0;0;25054;-25054
2024-09-20T15:15;2024-09-20T15:30;62;kWh;-13726;0;0;0;13726;-13726
2024-09-20T15:30;2024-09-20T15:45;63;kWh;-17613;0;0;0;17613;-17613
2024-09-20T15:45;2024-09-20T16:00;64;kWh;-3236;0;0;0;3236;-3236
2024-09-20T16:00;2024-09-20T16:15;65;kWh;-17089;928;0;0;18017;-16161
2024-09-20T16:15;2024-09-20T16:30;66;kWh;-24454;1517;0;0;25971;-22937
2024-09-20T16:30;2024-09-20T16:45;67;kWh;-16290;3041;0;0;19331;-13249
2024-09-20T16:45;2024-09-20T17:00;68;kWh;-1448;6808;0;0;8256;5360
2024-09-20T17:00;2024-09-20T17:15;69;kWh;-17088;4326;0;0;21414;-12762
2024-09-20T17:15;2024-09-20T17:30;70;kWh;-18496;4210;0;0;22706;-14286
2024-09-20T17:30;2024-09-20T17:45;71;kWh;0;1206;0;0;1206;1206
2024-09-20T17:45;2024-09-20T18:00;72;kWh;0;0;0;0;0;0
2024-09-20T18:00;2024-09-20T18:15;73;kWh;-473;0;0;0;473;-473
2024-09-20T18:15;2024-09-20T18:30;74;kWh;-4300;1471;0;0;5771;-2829
2024-09-20T18:30;2024-09-20T18:45;75;kWh;0;15458;0;0;15458;15458
2024-09-20T18:45;2024-09-20T19:00;76;kWh;0;54825;0;0;54825;54825
2024-09-20T19:00;2024-09-20T19:15;77;kWh;0;7522;0;0;7522;7522
2024-09-20T19:15;2024-09-20T19:30;78;kWh;0;823;0;0;823;823
2024-09-20T19:30;2024-09-20T19:45;79;kWh;0;388;0;0;388;388
2024-09-20T19:45;2024-09-20T20:00;80;kWh;0;0;0;0;0;0
2024-09-20T20:00;2024-09-20T20:15;81;kWh;-103;1331;0;0;1434;1228
2024-09-20T20:15;2024-09-20T20:30;82;kWh;-39300;0;0;0;39300;-39300
2024-09-20T20:30;2024-09-20T20:45;83;kWh;-47166;0;0;0;47166;-47166
2024-09-20T20:45;2024-09-20T21:00;84;kWh;-35051;0;0;0;35051;-35051
2024-09-20T21:00;2024-09-20T21:15;85;kWh;-33638;0;0;0;33638;-33638
2024-09-20T21:15;2024-09-20T21:30;86;kWh;-7797;0;0;0;7797;-7797
2024-09-20T21:30;2024-09-20T21:45;87;kWh;-12633;0;0;0;12633;-12633
2024-09-20T21:45;2024-09-20T22:00;88;kWh;-16680;0;0;0;16680;-16680
2024-09-20T22:00;2024-09-20T22:15;89;kWh;-9393;0;0;0;9393;-9393
2024-09-20T22:15;2024-09-20T22:30;90;kWh;-5427;0;0;0;5427;-5427
2024-09-20T22:30;2024-09-20T22:45;91;kWh;-7949;0;0;0;7949;-7949
2024-09-20T22:45;2024-09-20T23:00;92;kWh;-2958;0;0;0;2958;-2958
2024-09-20T23:00;2024-09-20T23:15;93;kWh;-1149;0;0;0;1149;-1149
2024-09-20T23:15;2024-09-20T23:30;94;kWh;-15306;0;0;0;15306;-15306
2024-09-20T23:30;2024-09-20T23:45;95;kWh;-12912;0;0;0;12912;-12912
2024-09-20T23:45;2024-09-21T00:00;96;kWh;-14290;0;0;0;14290;-14290
2024-09-21T00:00;2024-09-21T00:15;1;kWh;-24333;0;0;0;24333;-24333
2024-09-21T00:15;2024-09-21T00:30;2;kWh;-13371;1036;0;0;14407;-12335
2024-09-21T00:30;2024-09-21T00:45;3;kWh;0;114;0;0;114;114
2024-09-21T00:45;2024-09-21T01:00;4;kWh;-702;0;0;0;702;-702
2024-09-21T01:00;2024-09-21T01:15;5;kWh;-64;17186;0;0;17250;17122
2024-09-21T01:15;2024-09-21T01:30;6;kWh;0;22162;0;0;22162;22162
2024-09-21T01:30;2024-09-21T01:45;7;kWh;0;22868;0;0;22868;22868
2024-09-21T01:45;2024-09-21T02:00;8;kWh;0;36155;0;0;36155;36155
2024-09-21T02:00;2024-09-21T02:15;9;kWh;0;69468;0;0;69468;69468
2024-09-21T02:15;2024-09-21T02:30;10;kWh;0;50705;0;0;50705;50705
2024-09-21T02:30;2024-09-21T02:45;11;kWh;0;48781;0;0;48781;48781
2024-09-21T02:45;2024-09-21T03:00;12;kWh;0;28811;0;0;28811;28811
2024-09-21T03:00;2024-09-21T03:15;13;kWh;0;1910;0;0;1910;1910
2024-09-21T03:15;2024-09-21T03:30;14;kWh;0;3313;0;0;3313;3313
2024-09-21T03:30;2024-09-21T03:45;15;kWh;0;19700;0;0;19700;19700
2024-09-21T03:45;2024-09-21T04:00;16;kWh;0;34628;0;0;34628;34628
2024-09-21T04:00;2024-09-21T04:15;17;kWh;0;8555;0;0;8555;8555
2024-09-21T04:15;2024-09-21T04:30;18;kWh;0;6639;0;0;6639;6639
2024-09-21T04:30;2024-09-21T04:45;19;kWh;0;11103;0;0;11103;11103
2024-09-21T04:45;2024-09-21T05:00;20;kWh;0;2909;0;0;2909;2909
2024-09-21T05:00;2024-09-21T05:15;21;kWh;0;77;0;0;77;77
2024-09-21T05:15;2024-09-21T05:30;22;kWh;0;2629;0;0;2629;2629
2024-09-21T05:30;2024-09-21T05:45;23;kWh;0;2046;0;0;2046;2046
2024-09-21T05:45;2024-09-21T06:00;24;kWh;0;1054;0;0;1054;1054
2024-09-21T06:00;2024-09-21T06:15;25;kWh;0;4546;0;0;4546;4546
2024-09-21T06:15;2024-09-21T06:30;26;kWh;0;2853;0;0;2853;2853
2024-09-21T06:30;2024-09-21T06:45;27;kWh;0;18325;0;0;18325;18325
2024-09-21T06:45;2024-09-21T07:00;28;kWh;0;26779;0;0;26779;26779
2024-09-21T07:00;2024-09-21T07:15;29;kWh;0;21877;0;0;21877;21877
2024-09-21T07:15;2024-09-21T07:30;30;kWh;0;22848;0;0;22848;22848
2024-09-21T07:30;2024-09-21T07:45;31;kWh;-8;5004;0;0;5012;4996
2024-09-21T07:45;2024-09-21T08:00;32;kWh;-523;0;0;0;523;-523
2024-09-21T08:00;2024-09-21T08:15;33;kWh;-2788;0;0;0;2788;-2788
2024-09-21T08:15;2024-09-21T08:30;34;kWh;-1392;0;0;0;1392;-1392
2024-09-21T08:30;2024-09-21T08:45;35;kWh;-1644;0;0;0;1644;-1644
2024-09-21T08:45;2024-09-21T09:00;36;kWh;-816;0;0;0;816;-816
2024-09-21T09:00;2024-09-21T09:15;37;kWh;0;29943;0;0;29943;29943
2024-09-21T09:15;2024-09-21T09:30;38;kWh;0;18545;0;0;18545;18545
2024-09-21T09:30;2024-09-21T09:45;39;kWh;0;8818;0;0;8818;8818
2024-09-21T09:45;2024-09-21T10:00;40;kWh;-993;0;0;0;993;-993
2024-09-21T10:00;2024-09-21T10:15;41;kWh;-2205;12502;0;0;14707;10297
2024-09-21T10:15;2024-09-21T10:30;42;kWh;0;26539;0;0;26539;26539
2024-09-21T10:30;2024-09-21T10:45;43;kWh;-3260;0;0;0;3260;-3260
2024-09-21T10:45;2024-09-21T11:00;44;kWh;-12833;0;0;0;12833;-12833
2024-09-21T11:00;2024-09-21T11:15;45;kWh;0;49;0;0;49;49
2024-09-21T11:15;2024-09-21T11:30;46;kWh;0;1661;0;0;1661;1661
2024-09-21T11:30;2024-09-21T11:45;47;kWh;-3064;0;0;0;3064;-3064
2024-09-21T11:45;2024-09-21T12:00;48;kWh;-5253;0;0;0;5253;-5253
2024-09-21T12:00;2024-09-21T12:15;49;kWh;0;186;0;0;186;186
2024-09-21T12:15;2024-09-21T12:30;50;kWh;-2792;0;0;0;2792;-2792
2024-09-21T12:30;2024-09-21T12:45;51;kWh;-11232;0;0;0;11232;-11232
2024-09-21T12:45;2024-09-21T13:00;52;kWh;-12324;0;0;0;12324;-12324
2024-09-21T13:00;2024-09-21T13:15;53;kWh;-8332;234;0;0;8566;-8098
2024-09-21T13:15;2024-09-21T13:30;54;kWh;-9208;12;0;0;9220;-9196
2024-09-21T13:30;2024-09-21T13:45;55;kWh;-10653;0;0;0;10653;-10653
2024-09-21T13:45;2024-09-21T14:00;56;kWh;-11663;0;0;0;11663;-11663
2024-09-21T14:00;2024-09-21T14:15;57;kWh;-15505;0;0;0;15505;-15505
2024-09-21T14:15;2024-09-21T14:30;58;kWh;-16213;0;0;0;16213;-16213
2024-09-21T14:30;2024-09-21T14:45;59;kWh;-12938;0;0;0;12938;-12938
2024-09-21T14:45;2024-09-21T15:00;60;kWh;-8559;0;0;0;8559;-8559
2024-09-21T15:00;2024-09-21T15:15;61;kWh;-15362;0;0;0;15362;-15362
2024-09-21T15:15;2024-09-21T15:30;62;kWh;-2012;0;0;0;2012;-2012
2024-09-21T15:30;2024-09-21T15:45;63;kWh;-580;632;0;0;1212;52
2024-09-21T15:45;2024-09-21T16:00;64;kWh;-8;1306;0;0;1314;1298
2024-09-21T16:00;2024-09-21T16:15;65;kWh;-10462;148;0;0;10610;-10314
2024-09-21T16:15;2024-09-21T16:30;66;kWh;-737;765;0;0;1502;28
2024-09-21T16:30;2024-09-21T16:45;67;kWh;0;6765;0;0;6765;6765
2024-09-21T16:45;2024-09-21T17:00;68;kWh;0;30580;0;0;30580;30580
2024-09-21T17:00;2024-09-21T17:15;69;kWh;-4724;8405;0;0;13129;3681
2024-09-21T17:15;2024-09-21T17:30;70;kWh;-399;9717;0;0;10116;9318
2024-09-21T17:30;2024-09-21T17:45;71;kWh;-1240;4185;0;0;5425;2945
2024-09-21T17:45;2024-09-21T18:00;72;kWh;0;2702;0;0;2702;2702
2024-09-21T18:00;2024-09-21T18:15;73;kWh;-1673;29478;0;0;31151;27805
2024-09-21T18:15;2024-09-21T18:30;74;kWh;-3823;0;0;0;3823;-3823
2024-09-21T18:30;2024-09-21T18:45;75;kWh;-211;4817;0;0;5028;4606
2024-09-21T18:45;2024-09-21T19:00;76;kWh;0;27464;0;0;27464;27464
2024-09-21T19:00;2024-09-21T19:15;77;kWh;-401;2113;0;0;2514;1712
2024-09-21T19:15;2024-09-21T19:30;78;kWh;-386;0;0;0;386;-386
2024-09-21T19:30;2024-09-21T19:45;79;kWh;0;1861;0;0;1861;1861
2024-09-21T19:45;2024-09-21T20:00;80;kWh;0;24864;0;0;24864;24864
2024-09-21T20:00;2024-09-21T20:15;81;kWh;0;42777;0;0;42777;42777
2024-09-21T20:15;2024-09-21T20:30;82;kWh;-40;25206;0;0;25246;25166
2024-09-21T20:30;2024-09-21T20:45;83;kWh;-14494;87;0;0;14581;-14407
2024-09-21T20:45;2024-09-21T21:00;84;kWh;-27050;0;0;0;27050;-27050
2024-09-21T21:00;2024-09-21T21:15;85;kWh;-13213;0;0;0;13213;-13213
2024-09-21T21:15;2024-09-21T21:30;86;kWh;-16340;0;0;0;16340;-16340
2024-09-21T21:30;2024-09-21T21:45;87;kWh;-26350;0;0;0;26350;-26350
2024-09-21T21:45;2024-09-21T22:00;88;kWh;-14460;0;0;0;14460;-14460
2024-09-21T22:00;2024-09-21T22:15;89;kWh;-32345;0;0;0;32345;-32345
2024-09-21T22:15;2024-09-21T22:30;90;kWh;-16421;0;0;0;16421;-16421
2024-09-21T22:30;2024-09-21T22:45;91;kWh;-12604;0;0;0;12604;-12604
2024-09-21T22:45;2024-09-21T23:00;92;kWh;-8311;0;0;0;8311;-8311
2024-09-21T23:00;2024-09-21T23:15;93;kWh;-5817;283;0;0;6100;-5534
2024-09-21T23:15;2024-09-21T23:30;94;kWh;0;3292;0;0;3292;3292
2024-09-21T23:30;2024-09-21T23:45;95;kWh;0;3560;0;0;3560;3560
2024-09-21T23:45;2024-09-22T00:00;96;kWh;0;6166;0;0;6166;6166
2024-09-22T00:00;2024-09-22T00:15;1;kWh;-2593;374;0;0;2967;-2219
2024-09-22T00:15;2024-09-22T00:30;2;kWh;-4437;0;0;0;4437;-4437
2024-09-22T00:30;2024-09-22T00:45;3;kWh;-16415;0;0;0;16415;-16415
2024-09-22T00:45;2024-09-22T01:00;4;kWh;-9845;0;0;0;9845;-9845
2024-09-22T01:00;2024-09-22T01:15;5;kWh;-235;0;0;0;235;-235
2024-09-22T01:15;2024-09-22T01:30;6;kWh;0;501;0;0;501;501
2024-09-22T01:30;2024-09-22T01:45;7;kWh;0;378;0;0;378;378
2024-09-22T01:45;2024-09-22T02:00;8;kWh;0;9285;0;0;9285;9285
2024-09-22T02:00;2024-09-22T02:15;9;kWh;0;15195;0;0;15195;15195
2024-09-22T02:15;2024-09-22T02:30;10;kWh;0;14273;0;0;14273;14273
2024-09-22T02:30;2024-09-22T02:45;11;kWh;0;16018;0;0;16018;16018
2024-09-22T02:45;2024-09-22T03:00;12;kWh;0;6331;0;0;6331;6331
2024-09-22T03:00;2024-09-22T03:15;13;kWh;0;7796;0;0;7796;7796
2024-09-22T03:15;2024-09-22T03:30;14;kWh;0;12690;0;0;12690;12690
2024-09-22T03:30;2024-09-22T03:45;15;kWh;0;17709;0;0;17709;17709
2024-09-22T03:45;2024-09-22T04:00;16;kWh;0;6817;0;0;6817;6817
2024-09-22T04:00;2024-09-22T04:15;17;kWh;0;499;0;0;499;499
2024-09-22T04:15;2024-09-22T04:30;18;kWh;0;10459;0;0;10459;10459
2024-09-22T04:30;2024-09-22T04:45;19;kWh;0;14490;0;0;14490;14490
2024-09-22T04:45;2024-09-22T05:00;20;kWh;0;14397;0;0;14397;14397
2024-09-22T05:00;2024-09-22T05:15;21;kWh;0;3037;0;0;3037;3037
2024-09-22T05:15;2024-09-22T05:30;22;kWh;0;17046;0;0;17046;17046
2024-09-22T05:30;2024-09-22T05:45;23;kWh;0;27718;0;0;27718;27718
2024-09-22T05:45;2024-09-22T06:00;24;kWh;0;27322;0;0;27322;27322
2024-09-22T06:00;2024-09-22T06:15;25;kWh;0;3438;0;0;3438;3438
2024-09-22T06:15;2024-09-22T06:30;26;kWh;0;1491;0;0;1491;1491
2024-09-22T06:30;2024-09-22T06:45;27;kWh;0;4315;0;0;4315;4315
2024-09-22T06:45;2024-09-22T07:00;28;kWh;0;709;0;0;709;709
2024-09-22T07:00;2024-09-22T07:15;29;kWh;-4988;0;0;0;4988;-4988
2024-09-22T07:15;2024-09-22T07:30;30;kWh;-8751;0;0;0;8751;-8751
2024-09-22T07:30;2024-09-22T07:45;31;kWh;-8954;0;0;0;8954;-8954
2024-09-22T07:45;2024-09-22T08:00;32;kWh;-6941;0;0;0;6941;-6941
2024-09-22T08:00;2024-09-22T08:15;33;kWh;-32948;0;0;0;32948;-32948
2024-09-22T08:15;2024-09-22T08:30;34;kWh;-11077;0;0;0;11077;-11077
2024-09-22T08:30;2024-09-22T08:45;35;kWh;-32422;0;0;0;32422;-32422
2024-09-22T08:45;2024-09-22T09:00;36;kWh;-18642;0;0;0;18642;-18642
2024-09-22T09:00;2024-09-22T09:15;37;kWh;-19022;6972;0;0;25994;-12050
2024-09-22T09:15;2024-09-22T09:30;38;kWh;0;5010;0;0;5010;5010
2024-09-22T09:30;2024-09-22T09:45;39;kWh;0;0;0;0;0;0
2024-09-22T09:45;2024-09-22T10:00;40;kWh;0;0;0;0;0;0
2024-09-22T10:00;2024-09-22T10:15;41;kWh;0;5647;0;0;5647;5647
2024-09-22T10:15;2024-09-22T10:30;42;kWh;0;12772;0;0;12772;12772
2024-09-22T10:30;2024-09-22T10:45;43;kWh;-612;0;0;0;612;-612
2024-09-22T10:45;2024-09-22T11:00;44;kWh;-7010;0;0;0;7010;-7010
2024-09-22T11:00;2024-09-22T11:15;45;kWh;-5368;0;0;0;5368;-5368
2024-09-22T11:15;2024-09-22T11:30;46;kWh;-8527;0;0;0;8527;-8527
2024-09-22T11:30;2024-09-22T11:45;47;kWh;-12085;0;0;0;12085;-12085
2024-09-22T11:45;2024-09-22T12:00;48;kWh;-17943;0;0;0;17943;-17943
2024-09-22T12:00;2024-09-22T12:15;49;kWh;-15468;1134;0;0;16602;-14334
2024-09-22T12:15;2024-09-22T12:30;50;kWh;-23664;394;0;0;24058;-23270
2024-09-22T12:30;2024-09-22T12:45;51;kWh;-10315;453;0;0;10768;-9862
2024-09-22T12:45;2024-09-22T13:00;52;kWh;-4145;0;0;0;4145;-4145
2024-09-22T13:00;2024-09-22T13:15;53;kWh;-5764;0;0;0;5764;-5764
2024-09-22T13:15;2024-09-22T13:30;54;kWh;-2556;0;0;0;2556;-2556
2024-09-22T13:30;2024-09-22T13:45;55;kWh;-1919;0;0;0;1919;-1919
2024-09-22T13:45;2024-09-22T14:00;56;kWh;-6124;0;0;0;6124;-6124
2024-09-22T14:00;2024-09-22T14:15;57;kWh;-2110;0;0;0;2110;-2110
2024-09-22T14:15;2024-09-22T14:30;58;kWh;-427;0;0;0;427;-427
2024-09-22T14:30;2024-09-22T14:45;59;kWh;-2848;0;0;0;2848;-2848
2024-09-22T14:45;2024-09-22T15:00;60;kWh;0;11486;0;0;11486;11486
2024-09-22T15:00;2024-09-22T15:15;61;kWh;0;3980;0;0;3980;3980
2024-09-22T15:15;2024-09-22T15:30;62;kWh;0;20140;0;0;20140;20140
2024-09-22T15:30;2024-09-22T15:45;63;kWh;0;60661;0;0;60661;60661
2024-09-22T15:45;2024-09-22T16:00;64;kWh;-30;26672;0;0;26702;26642
2024-09-22T16:00;2024-09-22T16:15;65;kWh;-7410;0;0;0;7410;-7410
2024-09-22T16:15;2024-09-22T16:30;66;kWh;-80;288;0;0;368;208
2024-09-22T16:30;2024-09-22T16:45;67;kWh;0;950;0;0;950;950
2024-09-22T16:45;2024-09-22T17:00;68;kWh;-8967;0;0;0;8967;-8967
2024-09-22T17:00;2024-09-22T17:15;69;kWh;-3615;22332;0;0;25947;18717
2024-09-22T17:15;2024-09-22T17:30;70;kWh;-1396;1652;0;0;3048;256
2024-09-22T17:30;2024-09-22T17:45;71;kWh;-16904;0;0;0;16904;-16904
2024-09-22T17:45;2024-09-22T18:00;72;kWh;-552;69;0;0;621;-483
2024-09-22T18:00;2024-09-22T18:15;73;kWh;-3538;6181;0;0;9719;2643
2024-09-22T18:15;2024-09-22T18:30;74;kWh;-24285;0;0;0;24285;-24285
2024-09-22T18:30;2024-09-22T18:45;75;kWh;-27755;0;0;0;27755;-27755
2024-09-22T18:45;2024-09-22T19:00;76;kWh;-1300;0;0;0;1300;-1300
2024-09-22T19:00;2024-09-22T19:15;77;kWh;-18476;0;0;0;18476;-18476
2024-09-22T19:15;2024-09-22T19:30;78;kWh;-999;0;0;0;999;-999
2024-09-22T19:30;2024-09-22T19:45;79;kWh;0;50;0;0;50;50
2024-09-22T19:45;2024-09-22T20:00;80;kWh;0;14677;0;0;14677;14677
2024-09-22T20:00;2024-09-22T20:15;81;kWh;0;65266;0;0;65266;65266
2024-09-22T20:15;2024-09-22T20:30;82;kWh;0;24887;0;0;24887;24887
2024-09-22T20:30;2024-09-22T20:45;83;kWh;0;5007;0;0;5007;5007
2024-09-22T20:45;2024-09-22T21:00;84;kWh;0;2651;0;0;2651;2651
2024-09-22T21:00;2024-09-22T21:15;85;kWh;0;46665;0;0;46665;46665
2024-09-22T21:15;2024-09-22T21:30;86;kWh;0;30007;0;0;30007;30007
2024-09-22T21:30;2024-09-22T21:45;87;kWh;0;12891;0;0;12891;12891
2024-09-22T21:45;2024-09-22T22:00;88;kWh;0;3103;0;0;3103;3103
2024-09-22T22:00;2024-09-22T22:15;89;kWh;-7442;0;0;0;7442;-7442
2024-09-22T22:15;2024-09-22T22:30;90;kWh;-17971;0;0;0;17971;-17971
2024-09-22T22:30;2024-09-22T22:45;91;kWh;-26749;0;0;0;26749;-26749
2024-09-22T22:45;2024-09-22T23:00;92;kWh;-17369;0;0;0;17369;-17369
2024-09-22T23:00;2024-09-22T23:15;93;kWh;-23786;0;0;0;23786;-23786
2024-09-22T23:15;2024-09-22T23:30;94;kWh;-19372;0;0;0;19372;-19372
2024-09-22T23:30;2024-09-22T23:45;95;kWh;-11237;0;0;0;11237;-11237
2024-09-22T23:45;2024-09-23T00:00;96;kWh;-37021;0;0;0;37021;-37021
2024-09-23T00:00;2024-09-23T00:15;1;kWh;-29187;0;0;0;29187;-29187
2024-09-23T00:15;2024-09-23T00:30;2;kWh;-108143;0;0;0;108143;-108143
2024-09-23T00:30;2024-09-23T00:45;3;kWh;-87770;0;0;0;87770;-87770
2024-09-23T00:45;2024-09-23T01:00;4;kWh;-83757;0;0;0;83757;-83757
2024-09-23T01:00;2024-09-23T01:15;5;kWh;-47651;0;0;0;47651;-47651
2024-09-23T01:15;2024-09-23T01:30;6;kWh;-95258;0;0;0;95258;-95258
2024-09-23T01:30;2024-09-23T01:45;7;kWh;-27791;11;0;0;27802;-27780
2024-09-23T01:45;2024-09-23T02:00;8;kWh;0;4630;0;0;4630;4630
2024-09-23T02:00;2024-09-23T02:15;9;kWh;0;29991;0;0;29991;29991
2024-09-23T02:15;2024-09-23T02:30;10;kWh;0;3179;0;0;3179;3179
2024-09-23T02:30;2024-09-23T02:45;11;kWh;0;0;0;0;0;0
2024-09-23T02:45;2024-09-23T03:00;12;kWh;-533;0;0;0;533;-533
2024-09-23T03:00;2024-09-23T03:15;13;kWh;-2698;0;0;0;2698;-2698
2024-09-23T03:15;2024-09-23T03:30;14;kWh;-34820;0;0;0;34820;-34820
2024-09-23T03:30;2024-09-23T03:45;15;kWh;-95422;0;0;0;95422;-95422
2024-09-23T03:45;2024-09-23T04:00;16;kWh;-64115;0;0;0;64115;-64115
2024-09-23T04:00;2024-09-23T04:15;17;kWh;-58365;0;0;0;58365;-58365
2024-09-23T04:15;2024-09-23T04:30;18;kWh;-56685;0;0;0;56685;-56685
2024-09-23T04:30;2024-09-23T04:45;19;kWh;-44983;0;0;0;44983;-44983
2024-09-23T04:45;2024-09-23T05:00;20;kWh;-27504;0;0;0;27504;-27504
2024-09-23T05:00;2024-09-23T05:15;21;kWh;-46288;0;0;0;46288;-46288
2024-09-23T05:15;2024-09-23T05:30;22;kWh;-35094;0;0;0;35094;-35094
2024-09-23T05:30;2024-09-23T05:45;23;kWh;-67993;0;0;0;67993;-67993
2024-09-23T05:45;2024-09-23T06:00;24;kWh;-74255;0;0;0;74255;-74255
2024-09-23T06:00;2024-09-23T06:15;25;kWh;-26728;0;0;0;26728;-26728
2024-09-23T06:15;2024-09-23T06:30;26;kWh;-3921;0;0;0;3921;-3921
2024-09-23T06:30;2024-09-23T06:45;27;kWh;-6297;1156;0;0;7453;-5141
2024-09-23T06:45;2024-09-23T07:00;28;kWh;-358;3183;0;0;3541;2825
2024-09-23T07:00;2024-09-23T07:15;29;kWh;-48062;0;0;0;48062;-48062
2024-09-23T07:15;2024-09-23T07:30;30;kWh;-25438;0;0;0;25438;-25438
2024-09-23T07:30;2024-09-23T07:45;31;kWh;-29740;0;0;0;29740;-29740
2024-09-23T07:45;2024-09-23T08:00;32;kWh;-12410;0;0;0;12410;-12410
2024-09-23T08:00;2024-09-23T08:15;33;kWh;-28331;0;0;0;28331;-28331
2024-09-23T08:15;2024-09-23T08:30;34;kWh;-38777;0;0;0;38777;-38777
2024-09-23T08:30;2024-09-23T08:45;35;kWh;-62537;0;0;0;62537;-62537
2024-09-23T08:45;2024-09-23T09:00;36;kWh;-76887;0;0;0;76887;-76887
2024-09-23T09:00;2024-09-23T09:15;37;kWh;-26055;0;0;0;26055;-26055
2024-09-23T09:15;2024-09-23T09:30;38;kWh;-92104;0;0;0;92104;-92104
2024-09-23T09:30;2024-09-23T09:45;39;kWh;-125120;0;0;0;125120;-125120
2024-09-23T09:45;2024-09-23T10:00;40;kWh;-102208;0;0;0;102208;-102208
2024-09-23T10:00;2024-09-23T10:15;41;kWh;-55445;0;0;0;55445;-55445
2024-09-23T10:15;2024-09-23T10:30;42;kWh;-50947;0;0;0;50947;-50947
2024-09-23T10:30;2024-09-23T10:45;43;kWh;-82428;0;0;0;82428;-82428
2024-09-23T10:45;2024-09-23T11:00;44;kWh;-111014;0;0;0;111014;-111014
2024-09-23T11:00;2024-09-23T11:15;45;kWh;-91027;0;0;0;91027;-91027
2024-09-23T11:15;2024-09-23T11:30;46;kWh;-114210;0;0;0;114210;-114210
2024-09-23T11:30;2024-09-23T11:45;47;kWh;-75835;0;0;0;75835;-75835
2024-09-23T11:45;2024-09-23T12:00;48;kWh;-67961;0;0;0;67961;-67961
2024-09-23T12:00;2024-09-23T12:15;49;kWh;-11746;0;0;0;11746;-11746
2024-09-23T12:15;2024-09-23T12:30;50;kWh;-65990;0;0;0;65990;-65990
2024-09-23T12:30;2024-09-23T12:45;51;kWh;-23816;0;0;0;23816;-23816
2024-09-23T12:45;2024-09-23T13:00;52;kWh;-25400;0;0;0;25400;-25400
2024-09-23T13:00;2024-09-23T13:15;53;kWh;-6640;7072;0;0;13712;432
2024-09-23T13:15;2024-09-23T13:30;54;kWh;0;31678;0;0;31678;31678
2024-09-23T13:30;2024-09-23T13:45;55;kWh;0;63540;0;0;63540;63540
2024-09-23T13:45;2024-09-23T14:00;56;kWh;0;49540;0;0;49540;49540
2024-09-23T14:00;2024-09-23T14:15;57;kWh;-1447;5783;0;0;7230;4336
2024-09-23T14:15;2024-09-23T14:30;58;kWh;-36804;0;0;0;36804;-36804
2024-09-23T14:30;2024-09-23T14:45;59;kWh;-17311;0;0;0;17311;-17311
2024-09-23T14:45;2024-09-23T15:00;60;kWh;-60713;0;0;0;60713;-60713
2024-09-23T15:00;2024-09-23T15:15;61;kWh;-31745;0;0;0;31745;-31745
2024-09-23T15:15;2024-09-23T15:30;62;kWh;-37793;0;0;0;37793;-37793
2024-09-23T15:30;2024-09-23T15:45;63;kWh;-54508;0;0;0;54508;-54508
2024-09-23T15:45;2024-09-23T16:00;64;kWh;-81743;0;0;0;81743;-81743
2024-09-23T16:00;2024-09-23T16:15;65;kWh;-66139;0;0;0;66139;-66139
2024-09-23T16:15;2024-09-23T16:30;66;kWh;-14320;0;0;0;14320;-14320
2024-09-23T16:30;2024-09-23T16:45;67;kWh;0;0;0;0;0;0
2024-09-23T16:45;2024-09-23T17:00;68;kWh;-7950;0;0;0;7950;-7950
2024-09-23T17:00;2024-09-23T17:15;69;kWh;-37902;56;0;0;37958;-37846
2024-09-23T17:15;2024-09-23T17:30;70;kWh;-22887;80;0;0;22967;-22807
2024-09-23T17:30;2024-09-23T17:45;71;kWh;-16472;0;0;0;16472;-16472
2024-09-23T17:45;2024-09-23T18:00;72;kWh;-891;0;0;0;891;-891
2024-09-23T18:00;2024-09-23T18:15;73;kWh;-11815;0;0;0;11815;-11815
2024-09-23T18:15;2024-09-23T18:30;74;kWh;-8652;0;0;0;8652;-8652
2024-09-23T18:30;2024-09-23T18:45;75;kWh;-786;63;0;0;849;-723
2024-09-23T18:45;2024-09-23T19:00;76;kWh;0;24337;0;0;24337;24337
2024-09-23T19:00;2024-09-23T19:15;77;kWh;0;20082;0;0;20082;20082
2024-09-23T19:15;2024-09-23T19:30;78;kWh;0;27018;0;0;27018;27018
2024-09-23T19:30;2024-09-23T19:45;79;kWh;0;29877;0;0;29877;29877
2024-09-23T19:45;2024-09-23T20:00;80;kWh;0;35447;0;0;35447;35447
2024-09-23T20:00;2024-09-23T20:15;81;kWh;0;18657;0;0;18657;18657
2024-09-23T20:15;2024-09-23T20:30;82;kWh;0;735;0;0;735;735
2024-09-23T20:30;2024-09-23T20:45;83;kWh;-2514;0;0;0;2514;-2514
2024-09-23T20:45;2024-09-23T21:00;84;kWh;-5261;0;0;0;5261;-5261
2024-09-23T21:00;2024-09-23T21:15;85;kWh;-34444;0;0;0;34444;-34444
2024-09-23T21:15;2024-09-23T21:30;86;kWh;-26971;0;0;0;26971;-26971
2024-09-23T21:30;2024-09-23T21:45;87;kWh;-15812;0;0;0;15812;-15812
2024-09-23T21:45;2024-09-23T22:00;88;kWh;-15869;0;0;0;15869;-15869
2024-09-23T22:00;2024-09-23T22:15;89;kWh;-6793;7626;0;0;14419;833
2024-09-23T22:15;2024-09-23T22:30;90;kWh;0;29135;0;0;29135;29135
2024-09-23T22:30;2024-09-23T22:45;91;kWh;0;34684;0;0;34684;34684
2024-09-23T22:45;2024-09-23T23:00;92;kWh;0;35805;0;0;35805;35805
2024-09-23T23:00;2024-09-23T23:15;93;kWh;-2085;0;0;0;2085;-2085
2024-09-23T23:15;2024-09-23T23:30;94;kWh;-11756;0;0;0;11756;-11756
2024-09-23T23:30;2024-09-23T23:45;95;kWh;-13027;0;0;0;13027;-13027
2024-09-23T23:45;2024-09-24T00:00;96;kWh;-16623;0;0;0;16623;-16623
2024-09-24T00:00;2024-09-24T00:15;1;kWh;-6739;115;0;0;6854;-6624
2024-09-24T00:15;2024-09-24T00:30;2;kWh;0;11681;0;0;11681;11681
2024-09-24T00:30;2024-09-24T00:45;3;kWh;0;9005;0;0;9005;9005
2024-09-24T00:45;2024-09-24T01:00;4;kWh;0;3040;0;0;3040;3040
2024-09-24T01:00;2024-09-24T01:15;5;kWh;0;1196;0;0;1196;1196
2024-09-24T01:15;2024-09-24T01:30;6;kWh;0;11711;0;0;11711;11711
2024-09-24T01:30;2024-09-24T01:45;7;kWh;0;26864;0;0;26864;26864
2024-09-24T01:45;2024-09-24T02:00;8;kWh;0;31190;0;0;31190;31190
2024-09-24T02:00;2024-09-24T02:15;9;kWh;0;2342;0;0;2342;2342
2024-09-24T02:15;2024-09-24T02:30;10;kWh;0;433;0;0;433;433
2024-09-24T02:30;2024-09-24T02:45;11;kWh;0;3652;0;0;3652;3652
2024-09-24T02:45;2024-09-24T03:00;12;kWh;0;438;0;0;438;438
2024-09-24T03:00;2024-09-24T03:15;13;kWh;0;5111;0;0;5111;5111
2024-09-24T03:15;2024-09-24T03:30;14;kWh;0;13628;0;0;13628;13628
2024-09-24T03:30;2024-09-24T03:45;15;kWh;0;5212;0;0;5212;5212
2024-09-24T03:45;2024-09-24T04:00;16;kWh;-2264;0;0;0;2264;-2264
2024-09-24T04:00;2024-09-24T04:15;17;kWh;-242;4343;0;0;4585;4101
2024-09-24T04:15;2024-09-24T04:30;18;kWh;0;4431;0;0;4431;4431
2024-09-24T04:30;2024-09-24T04:45;19;kWh;-3478;0;0;0;3478;-3478
2024-09-24T04:45;2024-09-24T05:00;20;kWh;-3446;0;0;0;3446;-3446
2024-09-24T05:00;2024-09-24T05:15;21;kWh;-1350;0;0;0;1350;-1350
2024-09-24T05:15;2024-09-24T05:30;22;kWh;-195;0;0;0;195;-195
2024-09-24T05:30;2024-09-24T05:45;23;kWh;-513;0;0;0;513;-513
2024-09-24T05:45;2024-09-24T06:00;24;kWh;-21932;0;0;0;21932;-21932
2024-09-24T06:00;2024-09-24T06:15;25;kWh;-20769;0;0;0;20769;-20769
2024-09-24T06:15;2024-09-24T06:30;26;kWh;-1489;1244;0;0;2733;-245
2024-09-24T06:30;2024-09-24T06:45;27;kWh;0;15409;0;0;15409;15409
2024-09-24T06:45;2024-09-24T07:00;28;kWh;0;45388;0;0;45388;45388
2024-09-24T07:00;2024-09-24T07:15;29;kWh;-6312;1907;0;0;8219;-4405
2024-09-24T07:15;2024-09-24T07:30;30;kWh;0;982;0;0;982;982
2024-09-24T07:30;2024-09-24T07:45;31;kWh;0;854;0;0;854;854
2024-09-24T07:45;2024-09-24T08:00;32;kWh;0;662;0;0;662;662
2024-09-24T08:00;2024-09-24T08:15;33;kWh;0;2278;0;0;2278;2278
2024-09-24T08:15;2024-09-24T08:30;34;kWh;0;22735;0;0;22735;22735
2024-09-24T08:30;2024-09-24T08:45;35;kWh;0;12726;0;0;12726;12726
2024-09-24T08:45;2024-09-24T09:00;36;kWh;-480;6;0;0;486;-474
2024-09-24T09:00;2024-09-24T09:15;37;kWh;-634;0;0;0;634;-634
2024-09-24T09:15;2024-09-24T09:30;38;kWh;-3951;0;0;0;3951;-3951
2024-09-24T09:30;2024-09-24T09:45;39;kWh;-14376;0;0;0;14376;-14376
2024-09-24T09:45;2024-09-24T10:00;40;kWh;-16376;0;0;0;16376;-16376
2024-09-24T10:00;2024-09-24T10:15;41;kWh;-15651;0;0;0;15651;-15651
2024-09-24T10:15;2024-09-24T10:30;42;kWh;-10584;0;0;0;10584;-10584
2024-09-24T10:30;2024-09-24T10:45;43;kWh;-469;1167;0;0;1636;698
2024-09-24T10:45;2024-09-24T11:00;44;kWh;-1635;10133;0;0;11768;8498
2024-09-24T11:00;2024-09-24T11:15;45;kWh;0;5249;0;0;5249;5249
2024-09-24T11:15;2024-09-24T11:30;46;kWh;0;53361;0;0;53361;53361
2024-09-24T11:30;2024-09-24T11:45;47;kWh;0;45969;0;0;45969;45969
2024-09-24T11:45;2024-09-24T12:00;48;kWh;0;47806;0;0;47806;47806
2024-09-24T12:00;2024-09-24T12:15;49;kWh;0;74414;0;0;74414;74414
2024-09-24T12:15;2024-09-24T12:30;50;kWh;-440;7186;0;0;7626;6746
2024-09-24T12:30;2024-09-24T12:45;51;kWh;-1547;0;0;0;1547;-1547
2024-09-24T12:45;2024-09-24T13:00;52;kWh;-53652;0;0;0;53652;-53652
2024-09-24T13:00;2024-09-24T13:15;53;kWh;-66932;0;0;0;66932;-66932
2024-09-24T13:15;2024-09-24T13:30;54;kWh;-69484;0;0;0;69484;-69484
2024-09-24T13:30;2024-09-24T13:45;55;kWh;-90578;0;0;0;90578;-90578
2024-09-24T13:45;2024-09-24T14:00;56;kWh;-58784;0;0;0;58784;-58784
2024-09-24T14:00;2024-09-24T14:15;57;kWh;-35280;0;0;0;35280;-35280
2024-09-24T14:15;2024-09-24T14:30;58;kWh;-46650;113;0;0;46763;-46537
2024-09-24T14:30;2024-09-24T14:45;59;kWh;-45621;0;0;0;45621;-45621
2024-09-24T14:45;2024-09-24T15:00;60;kWh;-28178;0;0;0;28178;-28178
2024-09-24T15:00;2024-09-24T15:15;61;kWh;-26114;0;0;0;26114;-26114
2024-09-24T15:15;2024-09-24T15:30;62;kWh;-974;0;0;0;974;-974
2024-09-24T15:30;2024-09-24T15:45;63;kWh;0;5027;0;0;5027;5027
2024-09-24T15:45;2024-09-24T16:00;64;kWh;0;15224;0;0;15224;15224
2024-09-24T16:00;2024-09-24T16:15;65;kWh;0;10052;0;0;10052;10052
2024-09-24T16:15;2024-09-24T16:30;66;kWh;0;399;0;0;399;399
2024-09-24T16:30;2024-09-24T16:45;67;kWh;0;0;0;0;0;0
2024-09-24T16:45;2024-09-24T17:00;68;kWh;0;323;0;0;323;323
2024-09-24T17:00;2024-09-24T17:15;69;kWh;-4749;312;0;0;5061;-4437
2024-09-24T17:15;2024-09-24T17:30;70;kWh;-14204;21;0;0;14225;-14183
2024-09-24T17:30;2024-09-24T17:45;71;kWh;-19579;0;0;0;19579;-19579
2024-09-24T17:45;2024-09-24T18:00;72;kWh;-1024;0;0;0;1024;-1024
2024-09-24T18:00;2024-09-24T18:15;73;kWh;-671;0;0;0;671;-671
2024-09-24T18:15;2024-09-24T18:30;74;kWh;-4705;0;0;0;4705;-4705
2024-09-24T18:30;2024-09-24T18:45;75;kWh;-1083;0;0;0;1083;-1083
2024-09-24T18:45;2024-09-24T19:00;76;kWh;-208;0;0;0;208;-208
2024-09-24T19:00;2024-09-24T19:15;77;kWh;-233;0;0;0;233;-233
2024-09-24T19:15;2024-09-24T19:30;78;kWh;-134;0;0;0;134;-134
2024-09-24T19:30;2024-09-24T19:45;79;kWh;0;0;0;0;0;0
2024-09-24T19:45;2024-09-24T20:00;80;kWh;-12;0;0;0;12;-12
2024-09-24T20:00;2024-09-24T20:15;81;kWh;-2224;0;0;0;2224;-2224
2024-09-24T20:15;2024-09-24T20:30;82;kWh;-18326;0;0;0;18326;-18326
2024-09-24T20:30;2024-09-24T20:45;83;kWh;-24717;0;0;0;24717;-24717
2024-09-24T20:45;2024-09-24T21:00;84;kWh;-15667;0;0;0;15667;-15667
2024-09-24T21:00;2024-09-24T21:15;85;kWh;-8202;0;0;0;8202;-8202
2024-09-24T21:15;2024-09-24T21:30;86;kWh;0;6320;0;0;6320;6320
2024-09-24T21:30;2024-09-24T21:45;87;kWh;0;23618;0;0;23618;23618
2024-09-24T21:45;2024-09-24T22:00;88;kWh;0;42800;0;0;42800;42800
2024-09-24T22:00;2024-09-24T22:15;89;kWh;-30333;2330;0;0;32663;-28003
2024-09-24T22:15;2024-09-24T22:30;90;kWh;-61156;0;0;0;61156;-61156
2024-09-24T22:30;2024-09-24T22:45;91;kWh;-41051;0;0;0;41051;-41051
2024-09-24T22:45;2024-09-24T23:00;92;kWh;-44563;0;0;0;44563;-44563
2024-09-24T23:00;2024-09-24T23:15;93;kWh;-70215;0;0;0;70215;-70215
2024-09-24T23:15;2024-09-24T23:30;94;kWh;-60554;0;0;0;60554;-60554
2024-09-24T23:30;2024-09-24T23:45;95;kWh;-36161;0;0;0;36161;-36161
2024-09-24T23:45;2024-09-25T00:00;96;kWh;-78579;0;0;0;78579;-78579
2024-09-25T00:00;2024-09-25T00:15;1;kWh;-17843;16741;0;0;34584;-1102
2024-09-25T00:15;2024-09-25T00:30;2;kWh;-16320;15350;0;0;31670;-970
2024-09-25T00:30;2024-09-25T00:45;3;kWh;-15007;4207;0;0;19214;-10800
2024-09-25T00:45;2024-09-25T01:00;4;kWh;-18793;228;0;0;19021;-18565
2024-09-25T01:00;2024-09-25T01:15;5;kWh;-14090;0;0;0;14090;-14090
2024-09-25T01:15;2024-09-25T01:30;6;kWh;-12948;755;0;0;13703;-12193
2024-09-25T01:30;2024-09-25T01:45;7;kWh;-22907;42;0;0;22949;-22865
2024-09-25T01:45;2024-09-25T02:00;8;kWh;-37824;0;0;0;37824;-37824
2024-09-25T02:00;2024-09-25T02:15;9;kWh;-20054;0;0;0;20054;-20054
2024-09-25T02:15;2024-09-25T02:30;10;kWh;-30629;0;0;0;30629;-30629
2024-09-25T02:30;2024-09-25T02:45;11;kWh;-24695;0;0;0;24695;-24695
2024-09-25T02:45;2024-09-25T03:00;12;kWh;-12574;0;0;0;12574;-12574
2024-09-25T03:00;2024-09-25T03:15;13;kWh;-24312;26;0;0;24338;-24286
2024-09-25T03:15;2024-09-25T03:30;14;kWh;-5421;71;0;0;5492;-5350
2024-09-25T03:30;2024-09-25T03:45;15;kWh;-234;3131;0;0;3365;2897
2024-09-25T03:45;2024-09-25T04:00;16;kWh;-809;3676;0;0;4485;2867
2024-09-25T04:00;2024-09-25T04:15;17;kWh;0;44510;0;0;44510;44510
2024-09-25T04:15;2024-09-25T04:30;18;kWh;0;66072;0;0;66072;66072
2024-09-25T04:30;2024-09-25T04:45;19;kWh;0;58683;0;0;58683;58683
2024-09-25T04:45;2024-09-25T05:00;20;kWh;-154;34109;0;0;34263;33955
2024-09-25T05:00;2024-09-25T05:15;21;kWh;-33340;396;0;0;33736;-32944
2024-09-25T05:15;2024-09-25T05:30;22;kWh;-29202;1287;0;0;30489;-27915
2024-09-25T05:30;2024-09-25T05:45;23;kWh;-17293;0;0;0;17293;-17293
2024-09-25T05:45;2024-09-25T06:00;24;kWh;-26499;0;0;0;26499;-26499
2024-09-25T06:00;2024-09-25T06:15;25;kWh;-44707;0;0;0;44707;-44707
2024-09-25T06:15;2024-09-25T06:30;26;kWh;-37863;0;0;0;37863;-37863
2024-09-25T06:30;2024-09-25T06:45;27;kWh;-25787;0;0;0;25787;-25787
2024-09-25T06:45;2024-09-25T07:00;28;kWh;-37166;0;0;0;37166;-37166
2024-09-25T07:00;2024-09-25T07:15;29;kWh;-46917;0;0;0;46917;-46917
2024-09-25T07:15;2024-09-25T07:30;30;kWh;-49154;0;0;0;49154;-49154
2024-09-25T07:30;2024-09-25T07:45;31;kWh;-37424;0;0;0;37424;-37424
2024-09-25T07:45;2024-09-25T08:00;32;kWh;-58511;0;0;0;58511;-58511
2024-09-25T08:00;2024-09-25T08:15;33;kWh;-30316;0;0;0;30316;-30316
2024-09-25T08:15;2024-09-25T08:30;34;kWh;-42403;0;0;0;42403;-42403
2024-09-25T08:30;2024-09-25T08:45;35;kWh;-35034;0;0;0;35034;-35034
2024-09-25T08:45;2024-09-25T09:00;36;kWh;-30797;0;0;0;30797;-30797
2024-09-25T09:00;2024-09-25T09:15;37;kWh;-23220;365;0;0;23585;-22855
2024-09-25T09:15;2024-09-25T09:30;38;kWh;-51679;0;0;0;51679;-51679
2024-09-25T09:30;2024-09-25T09:45;39;kWh;-38631;0;0;0;38631;-38631
2024-09-25T09:45;2024-09-25T10:00;40;kWh;-54118;0;0;0;54118;-54118
2024-09-25T10:00;2024-09-25T10:15;41;kWh;-26597;0;0;0;26597;-26597
2024-09-25T10:15;2024-09-25T10:30;42;kWh;-26084;0;0;0;26084;-26084
2024-09-25T10:30;2024-09-25T10:45;43;kWh;-22812;0;0;0;22812;-22812
2024-09-25T10:45;2024-09-25T11:00;44;kWh;-42317;0;0;0;42317;-42317
2024-09-25T11:00;2024-09-25T11:15;45;kWh;-18973;0;0;0;18973;-18973
2024-09-25T11:15;2024-09-25T11:30;46;kWh;-29917;0;0;0;29917;-29917
2024-09-25T11:30;2024-09-25T11:45;47;kWh;-36203;0;0;0;36203;-36203
2024-09-25T11:45;2024-09-25T12:00;48;kWh;-2787;0;0;0;2787;-2787
2024-09-25T12:00;2024-09-25T12:15;49;kWh;-703;2280;0;0;2983;1577
2024-09-25T12:15;2024-09-25T12:30;50;kWh;-375;21517;0;0;21892;21142
2024-09-25T12:30;2024-09-25T12:45;51;kWh;-37883;0;0;0;37883;-37883
2024-09-25T12:45;2024-09-25T13:00;52;kWh;-57017;0;0;0;57017;-57017
2024-09-25T13:00;2024-09-25T13:15;53;kWh;-35033;0;0;0;35033;-35033
2024-09-25T13:15;2024-09-25T13:30;54;kWh;-38732;0;0;0;38732;-38732
2024-09-25T13:30;2024-09-25T13:45;55;kWh;-52839;0;0;0;52839;-52839
2024-09-25T13:45;2024-09-25T14:00;56;kWh;-71755;0;0;0;71755;-71755
2024-09-25T14:00;2024-09-25T14:15;57;kWh;-48894;0;0;0;48894;-48894
2024-09-25T14:15;2024-09-25T14:30;58;kWh;-26359;0;0;0;26359;-26359
2024-09-25T14:30;2024-09-25T14:45;59;kWh;-24066;0;0;0;24066;-24066
2024-09-25T14:45;2024-09-25T15:00;60;kWh;-520;0;0;0;520;-520
2024-09-25T15:00;2024-09-25T15:15;61;kWh;-38425;88;0;0;38513;-38337
2024-09-25T15:15;2024-09-25T15:30;62;kWh;-49403;184;0;0;49587;-49219
2024-09-25T15:30;2024-09-25T15:45;63;kWh;-55221;0;0;0;55221;-55221
2024-09-25T15:45;2024-09-25T16:00;64;kWh;-18473;0;0;0;18473;-18473
2024-09-25T16:00;2024-09-25T16:15;65;kWh;-10237;349;0;0;10586;-9888
2024-09-25T16:15;2024-09-25T16:30;66;kWh;0;178;0;0;178;178
2024-09-25T16:30;2024-09-25T16:45;67;kWh;0;730;0;0;730;730
2024-09-25T16:45;2024-09-25T17:00;68;kWh;0;2598;0;0;2598;2598
2024-09-25T17:00;2024-09-25T17:15;69;kWh;0;2918;0;0;2918;2918
2024-09-25T17:15;2024-09-25T17:30;70;kWh;0;22665;0;0;22665;22665
2024-09-25T17:30;2024-09-25T17:45;71;kWh;0;16336;0;0;16336;16336
2024-09-25T17:45;2024-09-25T18:00;72;kWh;0;19415;0;0;19415;19415
2024-09-25T18:00;2024-09-25T18:15;73;kWh;0;599;0;0;599;599
2024-09-25T18:15;2024-09-25T18:30;74;kWh;0;1488;0;0;1488;1488
2024-09-25T18:30;2024-09-25T18:45;75;kWh;-244;114;0;0;358;-130
2024-09-25T18:45;2024-09-25T19:00;76;kWh;0;26852;0;0;26852;26852
2024-09-25T19:00;2024-09-25T19:15;77;kWh;0;21441;0;0;21441;21441
2024-09-25T19:15;2024-09-25T19:30;78;kWh;0;56766;0;0;56766;56766
2024-09-25T19:30;2024-09-25T19:45;79;kWh;0;55224;0;0;55224;55224
2024-09-25T19:45;2024-09-25T20:00;80;kWh;0;59182;0;0;59182;59182
2024-09-25T20:00;2024-09-25T20:15;81;kWh;-897;32199;0;0;33096;31302
2024-09-25T20:15;2024-09-25T20:30;82;kWh;-8735;0;0;0;8735;-8735
2024-09-25T20:30;2024-09-25T20:45;83;kWh;-23212;0;0;0;23212;-23212
2024-09-25T20:45;2024-09-25T21:00;84;kWh;-63231;0;0;0;63231;-63231
2024-09-25T21:00;2024-09-25T21:15;85;kWh;-34553;0;0;0;34553;-34553
2024-09-25T21:15;2024-09-25T21:30;86;kWh;-44433;0;0;0;44433;-44433
2024-09-25T21:30;2024-09-25T21:45;87;kWh;-30184;0;0;0;30184;-30184
2024-09-25T21:45;2024-09-25T22:00;88;kWh;-47419;0;0;0;47419;-47419
2024-09-25T22:00;2024-09-25T22:15;89;kWh;-55778;0;0;0;55778;-55778
2024-09-25T22:15;2024-09-25T22:30;90;kWh;-2626;60;0;0;2686;-2566
2024-09-25T22:30;2024-09-25T22:45;91;kWh;-6466;0;0;0;6466;-6466
2024-09-25T22:45;2024-09-25T23:00;92;kWh;-46940;0;0;0;46940;-46940
2024-09-25T23:00;2024-09-25T23:15;93;kWh;-10851;0;0;0;10851;-10851
2024-09-25T23:15;2024-09-25T23:30;94;kWh;-6719;0;0;0;6719;-6719
2024-09-25T23:30;2024-09-25T23:45;95;kWh;-15892;0;0;0;15892;-15892
2024-09-25T23:45;2024-09-26T00:00;96;kWh;-13645;0;0;0;13645;-13645
2024-09-26T00:00;2024-09-26T00:15;1;kWh;-3502;7974;0;0;11476;4472
2024-09-26T00:15;2024-09-26T00:30;2;kWh;0;38595;0;0;38595;38595
2024-09-26T00:30;2024-09-26T00:45;3;kWh;0;45415;0;0;45415;45415
2024-09-26T00:45;2024-09-26T01:00;4;kWh;0;29505;0;0;29505;29505
2024-09-26T01:00;2024-09-26T01:15;5;kWh;0;46793;0;0;46793;46793
2024-09-26T01:15;2024-09-26T01:30;6;kWh;0;51706;0;0;51706;51706
2024-09-26T01:30;2024-09-26T01:45;7;kWh;0;67089;0;0;67089;67089
2024-09-26T01:45;2024-09-26T02:00;8;kWh;0;108116;0;0;108116;108116
2024-09-26T02:00;2024-09-26T02:15;9;kWh;0;105402;0;0;105402;105402
2024-09-26T02:15;2024-09-26T02:30;10;kWh;0;82853;0;0;82853;82853
2024-09-26T02:30;2024-09-26T02:45;11;kWh;0;93390;0;0;93390;93390
2024-09-26T02:45;2024-09-26T03:00;12;kWh;0;91870;0;0;91870;91870
2024-09-26T03:00;2024-09-26T03:15;13;kWh;0;18020;0;0;18020;18020
2024-09-26T03:15;2024-09-26T03:30;14;kWh;0;39728;0;0;39728;39728
2024-09-26T03:30;2024-09-26T03:45;15;kWh;0;34862;0;0;34862;34862
2024-09-26T03:45;2024-09-26T04:00;16;kWh;0;38409;0;0;38409;38409
2024-09-26T04:00;2024-09-26T04:15;17;kWh;0;31170;0;0;31170;31170
2024-09-26T04:15;2024-09-26T04:30;18;kWh;0;34142;0;0;34142;34142
2024-09-26T04:30;2024-09-26T04:45;19;kWh;0;22954;0;0;22954;22954
2024-09-26T04:45;2024-09-26T05:00;20;kWh;0;20068;0;0;20068;20068
2024-09-26T05:00;2024-09-26T05:15;21;kWh;0;25371;0;0;25371;25371
2024-09-26T05:15;2024-09-26T05:30;22;kWh;0;104982;0;0;104982;104982
2024-09-26T05:30;2024-09-26T05:45;23;kWh;0;108109;0;0;108109;108109
2024-09-26T05:45;2024-09-26T06:00;24;kWh;0;71461;0;0;71461;71461
2024-09-26T06:00;2024-09-26T06:15;25;kWh;-6083;15242;0;0;21325;9159
2024-09-26T06:15;2024-09-26T06:30;26;kWh;0;43102;0;0;43102;43102
2024-09-26T06:30;2024-09-26T06:45;27;kWh;-1070;4993;0;0;6063;3923
2024-09-26T06:45;2024-09-26T07:00;28;kWh;-185;0;0;0;185;-185
2024-09-26T07:00;2024-09-26T07:15;29;kWh;-18930;511;0;0;19441;-18419
2024-09-26T07:15;2024-09-26T07:30;30;kWh;-15101;242;0;0;15343;-14859
2024-09-26T07:30;2024-09-26T07:45;31;kWh;-29291;0;0;0;29291;-29291
2024-09-26T07:45;2024-09-26T08:00;32;kWh;-23711;0;0;0;23711;-23711
2024-09-26T08:00;2024-09-26T08:15;33;kWh;-13385;0;0;0;13385;-13385
2024-09-26T08:15;2024-09-26T08:30;34;kWh;-28565;0;0;0;28565;-28565
2024-09-26T08:30;2024-09-26T08:45;35;kWh;-11402;0;0;0;11402;-11402
2024-09-26T08:45;2024-09-26T09:00;36;kWh;-19189;0;0;0;19189;-19189
2024-09-26T09:00;2024-09-26T09:15;37;kWh;-549;10;0;0;559;-539
2024-09-26T09:15;2024-09-26T09:30;38;kWh;-15413;0;0;0;15413;-15413
2024-09-26T09:30;2024-09-26T09:45;39;kWh;-29187;870;0;0;30057;-28317
2024-09-26T09:45;2024-09-26T10:00;40;kWh;-43203;1569;0;0;44772;-41634
2024-09-26T10:00;2024-09-26T10:15;41;kWh;-12797;494;0;0;13291;-12303
2024-09-26T10:15;2024-09-26T10:30;42;kWh;-31041;0;0;0;31041;-31041
2024-09-26T10:30;2024-09-26T10:45;43;kWh;-42552;4496;0;0;47048;-38056
2024-09-26T10:45;2024-09-26T11:00;44;kWh;-32329;4283;0;0;36612;-28046
2024-09-26T11:00;2024-09-26T11:15;45;kWh;0;1588;0;0;1588;1588
2024-09-26T11:15;2024-09-26T11:30;46;kWh;0;22921;0;0;22921;22921
2024-09-26T11:30;2024-09-26T11:45;47;kWh;0;43797;0;0;43797;43797
2024-09-26T11:45;2024-09-26T12:00;48;kWh;-1572;4664;0;0;6236;3092
2024-09-26T12:00;2024-09-26T12:15;49;kWh;0;104526;0;0;104526;104526
2024-09-26T12:15;2024-09-26T12:30;50;kWh;-14051;4911;0;0;18962;-9140
2024-09-26T12:30;2024-09-26T12:45;51;kWh;-11826;5859;0;0;17685;-5967
2024-09-26T12:45;2024-09-26T13:00;52;kWh;-34978;72;0;0;35050;-34906
2024-09-26T13:00;2024-09-26T13:15;53;kWh;-27242;2960;0;0;30202;-24282
2024-09-26T13:15;2024-09-26T13:30;54;kWh;-31993;0;0;0;31993;-31993
2024-09-26T13:30;2024-09-26T13:45;55;kWh;-37229;0;0;0;37229;-37229
2024-09-26T13:45;2024-09-26T14:00;56;kWh;-41790;85;0;0;41875;-41705
2024-09-26T14:00;2024-09-26T14:15;57;kWh;-41797;14150;0;0;55947;-27647
2024-09-26T14:15;2024-09-26T14:30;58;kWh;-8177;6662;0;0;14839;-1515
2024-09-26T14:30;2024-09-26T14:45;59;kWh;0;35243;0;0;35243;35243
2024-09-26T14:45;2024-09-26T15:00;60;kWh;-1609;13125;0;0;14734;11516
2024-09-26T15:00;2024-09-26T15:15;61;kWh;-47036;3334;0;0;50370;-43702
2024-09-26T15:15;2024-09-26T15:30;62;kWh;-55411;5251;0;0;60662;-50160
2024-09-26T15:30;2024-09-26T15:45;63;kWh;-25385;21755;0;0;47140;-3630
2024-09-26T15:45;2024-09-26T16:00;64;kWh;0;41154;0;0;41154;41154
2024-09-26T16:00;2024-09-26T16:15;65;kWh;-11254;2033;0;0;13287;-9221
2024-09-26T16:15;2024-09-26T16:30;66;kWh;-22;27157;0;0;27179;27135
2024-09-26T16:30;2024-09-26T16:45;67;kWh;0;46620;0;0;46620;46620
2024-09-26T16:45;2024-09-26T17:00;68;kWh;0;111185;0;0;111185;111185
2024-09-26T17:00;2024-09-26T17:15;69;kWh;-4402;32733;0;0;37135;28331
2024-09-26T17:15;2024-09-26T17:30;70;kWh;0;120067;0;0;120067;120067
2024-09-26T17:30;2024-09-26T17:45;71;kWh;0;127825;0;0;127825;127825
2024-09-26T17:45;2024-09-26T18:00;72;kWh;0;130652;0;0;130652;130652
2024-09-26T18:00;2024-09-26T18:15;73;kWh;0;14393;0;0;14393;14393
2024-09-26T18:15;2024-09-26T18:30;74;kWh;0;1063;0;0;1063;1063
2024-09-26T18:30;2024-09-26T18:45;75;kWh;0;11764;0;0;11764;11764
2024-09-26T18:45;2024-09-26T19:00;76;kWh;-1437;9327;0;0;10764;7890
2024-09-26T19:00;2024-09-26T19:15;77;kWh;-11295;8405;0;0;19700;-2890
2024-09-26T19:15;2024-09-26T19:30;78;kWh;0;24563;0;0;24563;24563
2024-09-26T19:30;2024-09-26T19:45;79;kWh;0;15429;0;0;15429;15429
2024-09-26T19:45;2024-09-26T20:00;80;kWh;-27635;0;0;0;27635;-27635
2024-09-26T20:00;2024-09-26T20:15;81;kWh;-41330;0;0;0;41330;-41330
2024-09-26T20:15;2024-09-26T20:30;82;kWh;-36480;0;0;0;36480;-36480
2024-09-26T20:30;2024-09-26T20:45;83;kWh;-24800;0;0;0;24800;-24800
2024-09-26T20:45;2024-09-26T21:00;84;kWh;-31959;0;0;0;31959;-31959
2024-09-26T21:00;2024-09-26T21:15;85;kWh;-7064;0;0;0;7064;-7064
2024-09-26T21:15;2024-09-26T21:30;86;kWh;-4628;0;0;0;4628;-4628
2024-09-26T21:30;2024-09-26T21:45;87;kWh;-11642;0;0;0;11642;-11642
2024-09-26T21:45;2024-09-26T22:00;88;kWh;-33478;0;0;0;33478;-33478
2024-09-26T22:00;2024-09-26T22:15;89;kWh;-20078;0;0;0;20078;-20078
2024-09-26T22:15;2024-09-26T22:30;90;kWh;-20011;0;0;0;20011;-20011
2024-09-26T22:30;2024-09-26T22:45;91;kWh;-39052;0;0;0;39052;-39052
2024-09-26T22:45;2024-09-26T23:00;92;kWh;-31515;0;0;0;31515;-31515
2024-09-26T23:00;2024-09-26T23:15;93;kWh;-27963;0;0;0;27963;-27963
2024-09-26T23:15;2024-09-26T23:30;94;kWh;-36776;1815;0;0;38591;-34961
2024-09-26T23:30;2024-09-26T23:45;95;kWh;-45573;121;0;0;45694;-45452
2024-09-26T23:45;2024-09-27T00:00;96;kWh;-38878;0;0;0;38878;-38878
2024-09-27T00:00;2024-09-27T00:15;1;kWh;-9236;135;0;0;9371;-9101
2024-09-27T00:15;2024-09-27T00:30;2;kWh;-4309;338;0;0;4647;-3971
2024-09-27T00:30;2024-09-27T00:45;3;kWh;-8332;0;0;0;8332;-8332
2024-09-27T00:45;2024-09-27T01:00;4;kWh;-4932;0;0;0;4932;-4932
2024-09-27T01:00;2024-09-27T01:15;5;kWh;-12123;0;0;0;12123;-12123
2024-09-27T01:15;2024-09-27T01:30;6;kWh;-5263;0;0;0;5263;-5263
2024-09-27T01:30;2024-09-27T01:45;7;kWh;-15577;0;0;0;15577;-15577
2024-09-27T01:45;2024-09-27T02:00;8;kWh;-16336;0;0;0;16336;-16336
2024-09-27T02:00;2024-09-27T02:15;9;kWh;-2081;0;0;0;2081;-2081
2024-09-27T02:15;2024-09-27T02:30;10;kWh;-9800;43;0;0;9843;-9757
2024-09-27T02:30;2024-09-27T02:45;11;kWh;-19044;496;0;0;19540;-18548
2024-09-27T02:45;2024-09-27T03:00;12;kWh;-19137;394;0;0;19531;-18743
2024-09-27T03:00;2024-09-27T03:15;13;kWh;-25475;380;0;0;25855;-25095
2024-09-27T03:15;2024-09-27T03:30;14;kWh;-20902;1164;0;0;22066;-19738
2024-09-27T03:30;2024-09-27T03:45;15;kWh;-21582;1;0;0;21583;-21581
2024-09-27T03:45;2024-09-27T04:00;16;kWh;-13672;843;0;0;14515;-12829
2024-09-27T04:00;2024-09-27T04:15;17;kWh;-23539;5748;0;0;29287;-17791
2024-09-27T04:15;2024-09-27T04:30;18;kWh;-18326;179;0;0;18505;-18147
2024-09-27T04:30;2024-09-27T04:45;19;kWh;-16888;0;0;0;16888;-16888
2024-09-27T04:45;2024-09-27T05:00;20;kWh;-3915;0;0;0;3915;-3915
2024-09-27T05:00;2024-09-27T05:15;21;kWh;-13816;0;0;0;13816;-13816
2024-09-27T05:15;2024-09-27T05:30;22;kWh;-61541;59;0;0;61600;-61482
2024-09-27T05:30;2024-09-27T05:45;23;kWh;-14557;820;0;0;15377;-13737
2024-09-27T05:45;2024-09-27T06:00;24;kWh;-7260;2589;0;0;9849;-4671
2024-09-27T06:00;2024-09-27T06:15;25;kWh;-35788;2558;0;0;38346;-33230
2024-09-27T06:15;2024-09-27T06:30;26;kWh;-28888;667;0;0;29555;-28221
2024-09-27T06:30;2024-09-27T06:45;27;kWh;-15385;7729;0;0;23114;-7656
2024-09-27T06:45;2024-09-27T07:00;28;kWh;-800;10797;0;0;11597;9997
2024-09-27T07:00;2024-09-27T07:15;29;kWh;-20036;38;0;0;20074;-19998
2024-09-27T07:15;2024-09-27T07:30;30;kWh;-2090;331;0;0;2421;-1759
2024-09-27T07:30;2024-09-27T07:45;31;kWh;-1536;976;0;0;2512;-560
2024-09-27T07:45;2024-09-27T08:00;32;kWh;-3337;5951;0;0;9288;2614
2024-09-27T08:00;2024-09-27T08:15;33;kWh;-18;872;0;0;890;854
2024-09-27T08:15;2024-09-27T08:30;34;kWh;-5213;246;0;0;5459;-4967
2024-09-27T08:30;2024-09-27T08:45;35;kWh;-19638;579;0;0;20217;-19059
2024-09-27T08:45;2024-09-27T09:00;36;kWh;-25951;0;0;0;25951;-25951
2024-09-27T09:00;2024-09-27T09:15;37;kWh;-28917;0;0;0;28917;-28917
2024-09-27T09:15;2024-09-27T09:30;38;kWh;-37541;0;0;0;37541;-37541
2024-09-27T09:30;2024-09-27T09:45;39;kWh;-38286;0;0;0;38286;-38286
2024-09-27T09:45;2024-09-27T10:00;40;kWh;-44215;0;0;0;44215;-44215
2024-09-27T10:00;2024-09-27T10:15;41;kWh;-14153;0;0;0;14153;-14153
2024-09-27T10:15;2024-09-27T10:30;42;kWh;-16879;0;0;0;16879;-16879
2024-09-27T10:30;2024-09-27T10:45;43;kWh;-36980;0;0;0;36980;-36980
2024-09-27T10:45;2024-09-27T11:00;44;kWh;-33351;0;0;0;33351;-33351
2024-09-27T11:00;2024-09-27T11:15;45;kWh;-28428;0;0;0;28428;-28428
2024-09-27T11:15;2024-09-27T11:30;46;kWh;-48492;0;0;0;48492;-48492
2024-09-27T11:30;2024-09-27T11:45;47;kWh;-29948;0;0;0;29948;-29948
2024-09-27T11:45;2024-09-27T12:00;48;kWh;-13931;0;0;0;13931;-13931
2024-09-27T12:00;2024-09-27T12:15;49;kWh;-2446;0;0;0;2446;-2446
2024-09-27T12:15;2024-09-27T12:30;50;kWh;-10112;0;0;0;10112;-10112
2024-09-27T12:30;2024-09-27T12:45;51;kWh;-1696;0;0;0;1696;-1696
2024-09-27T12:45;2024-09-27T13:00;52;kWh;-2515;0;0;0;2515;-2515
2024-09-27T13:00;2024-09-27T13:15;53;kWh;-2163;0;0;0;2163;-2163
2024-09-27T13:15;2024-09-27T13:30;54;kWh;0;25770;0;0;25770;25770
2024-09-27T13:30;2024-09-27T13:45;55;kWh;0;47733;0;0;47733;47733
2024-09-27T13:45;2024-09-27T14:00;56;kWh;0;28016;0;0;28016;28016
2024-09-27T14:00;2024-09-27T14:15;57;kWh;0;6359;0;0;6359;6359
2024-09-27T14:15;2024-09-27T14:30;58;kWh;0;9485;0;0;9485;9485
2024-09-27T14:30;2024-09-27T14:45;59;kWh;-68;6415;0;0;6483;6347
2024-09-27T14:45;2024-09-27T15:00;60;kWh;-509;0;0;0;509;-509
2024-09-27T15:00;2024-09-27T15:15;61;kWh;-1305;0;0;0;1305;-1305
2024-09-27T15:15;2024-09-27T15:30;62;kWh;-37;0;0;0;37;-37
2024-09-27T15:30;2024-09-27T15:45;63;kWh;0;0;0;0;0;0
2024-09-27T15:45;2024-09-27T16:00;64;kWh;-6251;375;0;0;6626;-5876
2024-09-27T16:00;2024-09-27T16:15;65;kWh;-41265;3537;0;0;44802;-37728
2024-09-27T16:15;2024-09-27T16:30;66;kWh;-34824;0;0;0;34824;-34824
2024-09-27T16:30;2024-09-27T16:45;67;kWh;-21614;4724;0;0;26338;-16890
2024-09-27T16:45;2024-09-27T17:00;68;kWh;-20399;989;0;0;21388;-19410
2024-09-27T17:00;2024-09-27T17:15;69;kWh;-1353;1762;0;0;3115;409
2024-09-27T17:15;2024-09-27T17:30;70;kWh;-808;0;0;0;808;-808
2024-09-27T17:30;2024-09-27T17:45;71;kWh;-1024;0;0;0;1024;-1024
2024-09-27T17:45;2024-09-27T18:00;72;kWh;-496;0;0;0;496;-496
2024-09-27T18:00;2024-09-27T18:15;73;kWh;-1209;0;0;0;1209;-1209
2024-09-27T18:15;2024-09-27T18:30;74;kWh;-2035;0;0;0;2035;-2035
2024-09-27T18:30;2024-09-27T18:45;75;kWh;-393;0;0;0;393;-393
2024-09-27T18:45;2024-09-27T19:00;76;kWh;-32;0;0;0;32;-32
2024-09-27T19:00;2024-09-27T19:15;77;kWh;-2735;0;0;0;2735;-2735
2024-09-27T19:15;2024-09-27T19:30;78;kWh;-178;0;0;0;178;-178
2024-09-27T19:30;2024-09-27T19:45;79;kWh;0;0;0;0;0;0
2024-09-27T19:45;2024-09-27T20:00;80;kWh;-12;0;0;0;12;-12
2024-09-27T20:00;2024-09-27T20:15;81;kWh;-815;0;0;0;815;-815
2024-09-27T20:15;2024-09-27T20:30;82;kWh;-8256;3;0;0;8259;-8253
2024-09-27T20:30;2024-09-27T20:45;83;kWh;-15685;4516;0;0;20201;-11169
2024-09-27T20:45;2024-09-27T21:00;84;kWh;-17327;3567;0;0;20894;-13760
2024-09-27T21:00;2024-09-27T21:15;85;kWh;-193;364;0;0;557;171
2024-09-27T21:15;2024-09-27T21:30;86;kWh;-1112;0;0;0;1112;-1112
2024-09-27T21:30;2024-09-27T21:45;87;kWh;-6492;0;0;0;6492;-6492
2024-09-27T21:45;2024-09-27T22:00;88;kWh;-8616;2758;0;0;11374;-5858
2024-09-27T22:00;2024-09-27T22:15;89;kWh;-2229;0;0;0;2229;-2229
2024-09-27T22:15;2024-09-27T22:30;90;kWh;-14415;0;0;0;14415;-14415
2024-09-27T22:30;2024-09-27T22:45;91;kWh;-19081;1824;0;0;20905;-17257
2024-09-27T22:45;2024-09-27T23:00;92;kWh;-17574;2429;0;0;20003;-15145
2024-09-27T23:00;2024-09-27T23:15;93;kWh;-1093;1668;0;0;2761;575
2024-09-27T23:15;2024-09-27T23:30;94;kWh;-47;3318;0;0;3365;3271
2024-09-27T23:30;2024-09-27T23:45;95;kWh;-2639;0;0;0;2639;-2639
2024-09-27T23:45;2024-09-28T00:00;96;kWh;-6591;2384;0;0;8975;-4207
2024-09-28T00:00;2024-09-28T00:15;1;kWh;-3737;39690;0;0;43427;35953
2024-09-28T00:15;2024-09-28T00:30;2;kWh;-4;1668;0;0;1672;1664
2024-09-28T00:30;2024-09-28T00:45;3;kWh;-15066;0;0;0;15066;-15066
2024-09-28T00:45;2024-09-28T01:00;4;kWh;-25529;0;0;0;25529;-25529
2024-09-28T01:00;2024-09-28T01:15;5;kWh;-21187;0;0;0;21187;-21187
2024-09-28T01:15;2024-09-28T01:30;6;kWh;-10907;0;0;0;10907;-10907
2024-09-28T01:30;2024-09-28T01:45;7;kWh;-328;132;0;0;460;-196
2024-09-28T01:45;2024-09-28T02:00;8;kWh;-7374;0;0;0;7374;-7374
2024-09-28T02:00;2024-09-28T02:15;9;kWh;0;0;0;0;0;0
2024-09-28T02:15;2024-09-28T02:30;10;kWh;0;63;0;0;63;63
2024-09-28T02:30;2024-09-28T02:45;11;kWh;0;0;0;0;0;0
2024-09-28T02:45;2024-09-28T03:00;12;kWh;-3561;0;0;0;3561;-3561
2024-09-28T03:00;2024-09-28T03:15;13;kWh;-4424;0;0;0;4424;-4424
2024-09-28T03:15;2024-09-28T03:30;14;kWh;-6055;0;0;0;6055;-6055
2024-09-28T03:30;2024-09-28T03:45;15;kWh;-6702;0;0;0;6702;-6702
2024-09-28T03:45;2024-09-28T04:00;16;kWh;-15626;0;0;0;15626;-15626
2024-09-28T04:00;2024-09-28T04:15;17;kWh;-15288;0;0;0;15288;-15288
2024-09-28T04:15;2024-09-28T04:30;18;kWh;-6333;288;0;0;6621;-6045
2024-09-28T04:30;2024-09-28T04:45;19;kWh;0;2329;0;0;2329;2329
2024-09-28T04:45;2024-09-28T05:00;20;kWh;0;23;0;0;23;23
2024-09-28T05:00;2024-09-28T05:15;21;kWh;0;986;0;0;986;986
2024-09-28T05:15;2024-09-28T05:30;22;kWh;0;1993;0;0;1993;1993
2024-09-28T05:30;2024-09-28T05:45;23;kWh;-2068;0;0;0;2068;-2068
2024-09-28T05:45;2024-09-28T06:00;24;kWh;-3014;0;0;0;3014;-3014
2024-09-28T06:00;2024-09-28T06:15;25;kWh;-974;2663;0;0;3637;1689
2024-09-28T06:15;2024-09-28T06:30;26;kWh;-2936;2180;0;0;5116;-756
2024-09-28T06:30;2024-09-28T06:45;27;kWh;-2700;6616;0;0;9316;3916
2024-09-28T06:45;2024-09-28T07:00;28;kWh;0;60552;0;0;60552;60552
2024-09-28T07:00;2024-09-28T07:15;29;kWh;-1382;2048;0;0;3430;666
2024-09-28T07:15;2024-09-28T07:30;30;kWh;-481;1132;0;0;1613;651
2024-09-28T07:30;2024-09-28T07:45;31;kWh;-8948;688;0;0;9636;-8260
2024-09-28T07:45;2024-09-28T08:00;32;kWh;-1577;0;0;0;1577;-1577
2024-09-28T08:00;2024-09-28T08:15;33;kWh;-1683;0;0;0;1683;-1683
2024-09-28T08:15;2024-09-28T08:30;34;kWh;-3654;0;0;0;3654;-3654
2024-09-28T08:30;2024-09-28T08:45;35;kWh;-7492;1030;0;0;8522;-6462
2024-09-28T08:45;2024-09-28T09:00;36;kWh;-16170;100;0;0;16270;-16070
2024-09-28T09:00;2024-09-28T09:15;37;kWh;-8647;0;0;0;8647;-8647
2024-09-28T09:15;2024-09-28T09:30;38;kWh;-13383;21;0;0;13404;-13362
2024-09-28T09:30;2024-09-28T09:45;39;kWh;-45568;159;0;0;45727;-45409
2024-09-28T09:45;2024-09-28T10:00;40;kWh;-38973;0;0;0;38973;-38973
2024-09-28T10:00;2024-09-28T10:15;41;kWh;-15754;0;0;0;15754;-15754
2024-09-28T10:15;2024-09-28T10:30;42;kWh;-42765;0;0;0;42765;-42765
2024-09-28T10:30;2024-09-28T10:45;43;kWh;-41952;0;0;0;41952;-41952
2024-09-28T10:45;2024-09-28T11:00;44;kWh;-53456;0;0;0;53456;-53456
2024-09-28T11:00;2024-09-28T11:15;45;kWh;-29141;0;0;0;29141;-29141
2024-09-28T11:15;2024-09-28T11:30;46;kWh;-38768;0;0;0;38768;-38768
2024-09-28T11:30;2024-09-28T11:45;47;kWh;-37032;0;0;0;37032;-37032
2024-09-28T11:45;2024-09-28T12:00;48;kWh;-29405;13;0;0;29418;-29392
2024-09-28T12:00;2024-09-28T12:15;49;kWh;-21073;81;0;0;21154;-20992
2024-09-28T12:15;2024-09-28T12:30;50;kWh;-8247;0;0;0;8247;-8247
2024-09-28T12:30;2024-09-28T12:45;51;kWh;-11869;0;0;0;11869;-11869
2024-09-28T12:45;2024-09-28T13:00;52;kWh;-16071;0;0;0;16071;-16071
2024-09-28T13:00;2024-09-28T13:15;53;kWh;-45429;0;0;0;45429;-45429
2024-09-28T13:15;2024-09-28T13:30;54;kWh;-28912;0;0;0;28912;-28912
2024-09-28T13:30;2024-09-28T13:45;55;kWh;-46545;0;0;0;46545;-46545
2024-09-28T13:45;2024-09-28T14:00;56;kWh;-40939;0;0;0;40939;-40939
2024-09-28T14:00;2024-09-28T14:15;57;kWh;-50406;0;0;0;50406;-50406
2024-09-28T14:15;2024-09-28T14:30;58;kWh;-25893;0;0;0;25893;-25893
2024-09-28T14:30;2024-09-28T14:45;59;kWh;-18342;0;0;0;18342;-18342
2024-09-28T14:45;2024-09-28T15:00;60;kWh;-15233;0;0;0;15233;-15233
2024-09-28T15:00;2024-09-28T15:15;61;kWh;-45713;0;0;0;45713;-45713
2024-09-28T15:15;2024-09-28T15:30;62;kWh;-5624;0;0;0;5624;-5624
2024-09-28T15:30;2024-09-28T15:45;63;kWh;-1297;485;0;0;1782;-812
2024-09-28T15:45;2024-09-28T16:00;64;kWh;-3324;125;0;0;3449;-3199
2024-09-28T16:00;2024-09-28T16:15;65;kWh;-35186;0;0;0;35186;-35186
2024-09-28T16:15;2024-09-28T16:30;66;kWh;-12657;3440;0;0;16097;-9217
2024-09-28T16:30;2024-09-28T16:45;67;kWh;-13935;1795;0;0;15730;-12140
2024-09-28T16:45;2024-09-28T17:00;68;kWh;-13528;0;0;0;13528;-13528
2024-09-28T17:00;2024-09-28T17:15;69;kWh;-4974;571;0;0;5545;-4403
2024-09-28T17:15;2024-09-28T17:30;70;kWh;-11043;928;0;0;11971;-10115
2024-09-28T17:30;2024-09-28T17:45;71;kWh;-2748;0;0;0;2748;-2748
2024-09-28T17:45;2024-09-28T18:00;72;kWh;-715;498;0;0;1213;-217
2024-09-28T18:00;2024-09-28T18:15;73;kWh;0;1486;0;0;1486;1486
2024-09-28T18:15;2024-09-28T18:30;74;kWh;0;0;0;0;0;0
2024-09-28T18:30;2024-09-28T18:45;75;kWh;0;37;0;0;37;37
2024-09-28T18:45;2024-09-28T19:00;76;kWh;0;8419;0;0;8419;8419
2024-09-28T19:00;2024-09-28T19:15;77;kWh;-31264;2546;0;0;33810;-28718
2024-09-28T19:15;2024-09-28T19:30;78;kWh;-1332;4190;0;0;5522;2858
2024-09-28T19:30;2024-09-28T19:45;79;kWh;0;49208;0;0;49208;49208
2024-09-28T19:45;2024-09-28T20:00;80;kWh;0;37258;0;0;37258;37258
2024-09-28T20:00;2024-09-28T20:15;81;kWh;0;42179;0;0;42179;42179
2024-09-28T20:15;2024-09-28T20:30;82;kWh;-642;11280;0;0;11922;10638
2024-09-28T20:30;2024-09-28T20:45;83;kWh;-23891;0;0;0;23891;-23891
2024-09-28T20:45;2024-09-28T21:00;84;kWh;-7633;32;0;0;7665;-7601
2024-09-28T21:00;2024-09-28T21:15;85;kWh;-10715;0;0;0;10715;-10715
2024-09-28T21:15;2024-09-28T21:30;86;kWh;-18692;0;0;0;18692;-18692
2024-09-28T21:30;2024-09-28T21:45;87;kWh;-12706;685;0;0;13391;-12021
2024-09-28T21:45;2024-09-28T22:00;88;kWh;0;5792;0;0;5792;5792
2024-09-28T22:00;2024-09-28T22:15;89;kWh;-6;597;0;0;603;591
2024-09-28T22:15;2024-09-28T22:30;90;kWh;-443;0;0;0;443;-443
2024-09-28T22:30;2024-09-28T22:45;91;kWh;0;126;0;0;126;126
2024-09-28T22:45;2024-09-28T23:00;92;kWh;-879;0;0;0;879;-879
2024-09-28T23:00;2024-09-28T23:15;93;kWh;-5338;27405;0;0;32743;22067
2024-09-28T23:15;2024-09-28T23:30;94;kWh;0;64029;0;0;64029;64029
2024-09-28T23:30;2024-09-28T23:45;95;kWh;0;19421;0;0;19421;19421
2024-09-28T23:45;2024-09-29T00:00;96;kWh;-8883;808;0;0;9691;-8075
2024-09-29T00:00;2024-09-29T00:15;1;kWh;0;5293;0;0;5293;5293
2024-09-29T00:15;2024-09-29T00:30;2;kWh;0;4237;0;0;4237;4237
2024-09-29T00:30;2024-09-29T00:45;3;kWh;0;5298;0;0;5298;5298
2024-09-29T00:45;2024-09-29T01:00;4;kWh;0;576;0;0;576;576
2024-09-29T01:00;2024-09-29T01:15;5;kWh;0;8493;0;0;8493;8493
2024-09-29T01:15;2024-09-29T01:30;6;kWh;-1056;45;0;0;1101;-1011
2024-09-29T01:30;2024-09-29T01:45;7;kWh;-3709;0;0;0;3709;-3709
2024-09-29T01:45;2024-09-29T02:00;8;kWh;-10003;0;0;0;10003;-10003
2024-09-29T02:00;2024-09-29T02:15;9;kWh;-13835;0;0;0;13835;-13835
2024-09-29T02:15;2024-09-29T02:30;10;kWh;-23202;0;0;0;23202;-23202
2024-09-29T02:30;2024-09-29T02:45;11;kWh;-28828;0;0;0;28828;-28828
2024-09-29T02:45;2024-09-29T03:00;12;kWh;-36982;0;0;0;36982;-36982
2024-09-29T03:00;2024-09-29T03:15;13;kWh;-34749;0;0;0;34749;-34749
2024-09-29T03:15;2024-09-29T03:30;14;kWh;-36531;0;0;0;36531;-36531
2024-09-29T03:30;2024-09-29T03:45;15;kWh;-34595;0;0;0;34595;-34595
2024-09-29T03:45;2024-09-29T04:00;16;kWh;-32858;0;0;0;32858;-32858
2024-09-29T04:00;2024-09-29T04:15;17;kWh;-3679;620;0;0;4299;-3059
2024-09-29T04:15;2024-09-29T04:30;18;kWh;-217;6;0;0;223;-211
2024-09-29T04:30;2024-09-29T04:45;19;kWh;-2860;0;0;0;2860;-2860
2024-09-29T04:45;2024-09-29T05:00;20;kWh;-11324;0;0;0;11324;-11324
2024-09-29T05:00;2024-09-29T05:15;21;kWh;-31614;0;0;0;31614;-31614
2024-09-29T05:15;2024-09-29T05:30;22;kWh;-24371;0;0;0;24371;-24371
2024-09-29T05:30;2024-09-29T05:45;23;kWh;-29171;0;0;0;29171;-29171
2024-09-29T05:45;2024-09-29T06:00;24;kWh;-92;0;0;0;92;-92
2024-09-29T06:00;2024-09-29T06:15;25;kWh;-5545;0;0;0;5545;-5545
2024-09-29T06:15;2024-09-29T06:30;26;kWh;-3867;0;0;0;3867;-3867
2024-09-29T06:30;2024-09-29T06:45;27;kWh;-1490;0;0;0;1490;-1490
2024-09-29T06:45;2024-09-29T07:00;28;kWh;-71;0;0;0;71;-71
2024-09-29T07:00;2024-09-29T07:15;29;kWh;-225;3991;0;0;4216;3766
2024-09-29T07:15;2024-09-29T07:30;30;kWh;0;6075;0;0;6075;6075
2024-09-29T07:30;2024-09-29T07:45;31;kWh;0;116;0;0;116;116
2024-09-29T07:45;2024-09-29T08:00;32;kWh;-1230;0;0;0;1230;-1230
2024-09-29T08:00;2024-09-29T08:15;33;kWh;-385;19833;0;0;20218;19448
2024-09-29T08:15;2024-09-29T08:30;34;kWh;-513;8786;0;0;9299;8273
2024-09-29T08:30;2024-09-29T08:45;35;kWh;-28159;0;0;0;28159;-28159
2024-09-29T08:45;2024-09-29T09:00;36;kWh;-37120;0;0;0;37120;-37120
2024-09-29T09:00;2024-09-29T09:15;37;kWh;-12544;0;0;0;12544;-12544
2024-09-29T09:15;2024-09-29T09:30;38;kWh;-23043;0;0;0;23043;-23043
2024-09-29T09:30;2024-09-29T09:45;39;kWh;-40836;0;0;0;40836;-40836
2024-09-29T09:45;2024-09-29T10:00;40;kWh;-40089;0;0;0;40089;-40089
2024-09-29T10:00;2024-09-29T10:15;41;kWh;-17780;0;0;0;17780;-17780
2024-09-29T10:15;2024-09-29T10:30;42;kWh;-30851;0;0;0;30851;-30851
2024-09-29T10:30;2024-09-29T10:45;43;kWh;-24279;0;0;0;24279;-24279
2024-09-29T10:45;2024-09-29T11:00;44;kWh;-51208;0;0;0;51208;-51208
2024-09-29T11:00;2024-09-29T11:15;45;kWh;-33322;0;0;0;33322;-33322
2024-09-29T11:15;2024-09-29T11:30;46;kWh;-35775;0;0;0;35775;-35775
2024-09-29T11:30;2024-09-29T11:45;47;kWh;-22714;0;0;0;22714;-22714
2024-09-29T11:45;2024-09-29T12:00;48;kWh;-32942;0;0;0;32942;-32942
2024-09-29T12:00;2024-09-29T12:15;49;kWh;-5514;0;0;0;5514;-5514
2024-09-29T12:15;2024-09-29T12:30;50;kWh;-885;0;0;0;885;-885
2024-09-29T12:30;2024-09-29T12:45;51;kWh;0;0;0;0;0;0
2024-09-29T12:45;2024-09-29T13:00;52;kWh;-10676;0;0;0;10676;-10676
2024-09-29T13:00;2024-09-29T13:15;53;kWh;-23542;0;0;0;23542;-23542
2024-09-29T13:15;2024-09-29T13:30;54;kWh;-6368;0;0;0;6368;-6368
2024-09-29T13:30;2024-09-29T13:45;55;kWh;-5747;0;0;0;5747;-5747
2024-09-29T13:45;2024-09-29T14:00;56;kWh;-5657;0;0;0;5657;-5657
2024-09-29T14:00;2024-09-29T14:15;57;kWh;-5454;0;0;0;5454;-5454
2024-09-29T14:15;2024-09-29T14:30;58;kWh;0;0;0;0;0;0
2024-09-29T14:30;2024-09-29T14:45;59;kWh;-20;0;0;0;20;-20
2024-09-29T14:45;2024-09-29T15:00;60;kWh;0;1927;0;0;1927;1927
2024-09-29T15:00;2024-09-29T15:15;61;kWh;-18851;81;0;0;18932;-18770
2024-09-29T15:15;2024-09-29T15:30;62;kWh;-12210;0;0;0;12210;-12210
2024-09-29T15:30;2024-09-29T15:45;63;kWh;-268;0;0;0;268;-268
2024-09-29T15:45;2024-09-29T16:00;64;kWh;-1915;0;0;0;1915;-1915
2024-09-29T16:00;2024-09-29T16:15;65;kWh;-14500;1083;0;0;15583;-13417
2024-09-29T16:15;2024-09-29T16:30;66;kWh;-179;11380;0;0;11559;11201
2024-09-29T16:30;2024-09-29T16:45;67;kWh;0;34169;0;0;34169;34169
2024-09-29T16:45;2024-09-29T17:00;68;kWh;0;32997;0;0;32997;32997
2024-09-29T17:00;2024-09-29T17:15;69;kWh;0;51920;0;0;51920;51920
2024-09-29T17:15;2024-09-29T17:30;70;kWh;0;14386;0;0;14386;14386
2024-09-29T17:30;2024-09-29T17:45;71;kWh;0;8446;0;0;8446;8446
2024-09-29T17:45;2024-09-29T18:00;72;kWh;0;9;0;0;9;9
2024-09-29T18:00;2024-09-29T18:15;73;kWh;-2696;6;0;0;2702;-2690
2024-09-29T18:15;2024-09-29T18:30;74;kWh;-2304;0;0;0;2304;-2304
2024-09-29T18:30;2024-09-29T18:45;75;kWh;-1438;0;0;0;1438;-1438
2024-09-29T18:45;2024-09-29T19:00;76;kWh;-28;9;0;0;37;-19
2024-09-29T19:00;2024-09-29T19:15;77;kWh;-557;0;0;0;557;-557
2024-09-29T19:15;2024-09-29T19:30;78;kWh;-39;0;0;0;39;-39
2024-09-29T19:30;2024-09-29T19:45;79;kWh;-426;0;0;0;426;-426
2024-09-29T19:45;2024-09-29T20:00;80;kWh;-1329;0;0;0;1329;-1329
2024-09-29T20:00;2024-09-29T20:15;81;kWh;-7276;0;0;0;7276;-7276
2024-09-29T20:15;2024-09-29T20:30;82;kWh;-19397;0;0;0;19397;-19397
2024-09-29T20:30;2024-09-29T20:45;83;kWh;-31227;0;0;0;31227;-31227
2024-09-29T20:45;2024-09-29T21:00;84;kWh;-9850;5440;0;0;15290;-4410
2024-09-29T21:00;2024-09-29T21:15;85;kWh;-12881;19077;0;0;31958;6196
2024-09-29T21:15;2024-09-29T21:30;86;kWh;-2499;8333;0;0;10832;5834
2024-09-29T21:30;2024-09-29T21:45;87;kWh;-4866;0;0;0;4866;-4866
2024-09-29T21:45;2024-09-29T22:00;88;kWh;-13079;0;0;0;13079;-13079
2024-09-29T22:00;2024-09-29T22:15;89;kWh;-28346;0;0;0;28346;-28346
2024-09-29T22:15;2024-09-29T22:30;90;kWh;-8321;0;0;0;8321;-8321
2024-09-29T22:30;2024-09-29T22:45;91;kWh;-21091;0;0;0;21091;-21091
2024-09-29T22:45;2024-09-29T23:00;92;kWh;-19284;0;0;0;19284;-19284
2024-09-29T23:00;2024-09-29T23:15;93;kWh;-14232;0;0;0;14232;-14232
2024-09-29T23:15;2024-09-29T23:30;94;kWh;-23403;0;0;0;23403;-23403
2024-09-29T23:30;2024-09-29T23:45;95;kWh;-17528;0;0;0;17528;-17528
2024-09-29T23:45;2024-09-30T00:00;96;kWh;-31143;0;0;0;31143;-31143
2024-09-30T00:00;2024-09-30T00:15;1;kWh;-724;1368;0;0;2092;644
2024-09-30T00:15;2024-09-30T00:30;2;kWh;-6471;3;0;0;6474;-6468
2024-09-30T00:30;2024-09-30T00:45;3;kWh;-473;1191;0;0;1664;718
2024-09-30T00:45;2024-09-30T01:00;4;kWh;-9906;897;0;0;10803;-9009
2024-09-30T01:00;2024-09-30T01:15;5;kWh;-1385;0;0;0;1385;-1385
2024-09-30T01:15;2024-09-30T01:30;6;kWh;-4359;0;0;0;4359;-4359
2024-09-30T01:30;2024-09-30T01:45;7;kWh;-10857;0;0;0;10857;-10857
2024-09-30T01:45;2024-09-30T02:00;8;kWh;-13446;110;0;0;13556;-13336
2024-09-30T02:00;2024-09-30T02:15;9;kWh;-23352;3063;0;0;26415;-20289
2024-09-30T02:15;2024-09-30T02:30;10;kWh;-20837;0;0;0;20837;-20837
2024-09-30T02:30;2024-09-30T02:45;11;kWh;-13454;0;0;0;13454;-13454
2024-09-30T02:45;2024-09-30T03:00;12;kWh;-12064;536;0;0;12600;-11528
2024-09-30T03:00;2024-09-30T03:15;13;kWh;-2001;684;0;0;2685;-1317
2024-09-30T03:15;2024-09-30T03:30;14;kWh;-9471;0;0;0;9471;-9471
2024-09-30T03:30;2024-09-30T03:45;15;kWh;-7059;0;0;0;7059;-7059
2024-09-30T03:45;2024-09-30T04:00;16;kWh;-6814;0;0;0;6814;-6814
2024-09-30T04:00;2024-09-30T04:15;17;kWh;-6589;475;0;0;7064;-6114
2024-09-30T04:15;2024-09-30T04:30;18;kWh;-6913;271;0;0;7184;-6642
2024-09-30T04:30;2024-09-30T04:45;19;kWh;-2134;25;0;0;2159;-2109
2024-09-30T04:45;2024-09-30T05:00;20;kWh;-2688;1304;0;0;3992;-1384
2024-09-30T05:00;2024-09-30T05:15;21;kWh;-16581;0;0;0;16581;-16581
2024-09-30T05:15;2024-09-30T05:30;22;kWh;-50;148;0;0;198;98
2024-09-30T05:30;2024-09-30T05:45;23;kWh;0;2472;0;0;2472;2472
2024-09-30T05:45;2024-09-30T06:00;24;kWh;-291;1160;0;0;1451;869
2024-09-30T06:00;2024-09-30T06:15;25;kWh;-29327;7888;0;0;37215;-21439
2024-09-30T06:15;2024-09-30T06:30;26;kWh;0;5539;0;0;5539;5539
2024-09-30T06:30;2024-09-30T06:45;27;kWh;0;4709;0;0;4709;4709
2024-09-30T06:45;2024-09-30T07:00;28;kWh;0;13510;0;0;13510;13510
2024-09-30T07:00;2024-09-30T07:15;29;kWh;-6628;16594;0;0;23222;9966
2024-09-30T07:15;2024-09-30T07:30;30;kWh;0;21608;0;0;21608;21608
2024-09-30T07:30;2024-09-30T07:45;31;kWh;0;49967;0;0;49967;49967
2024-09-30T07:45;2024-09-30T08:00;32;kWh;0;56634;0;0;56634;56634
2024-09-30T08:00;2024-09-30T08:15;33;kWh;0;34096;0;0;34096;34096
2024-09-30T08:15;2024-09-30T08:30;34;kWh;0;49280;0;0;49280;49280
2024-09-30T08:30;2024-09-30T08:45;35;kWh;0;13792;0;0;13792;13792
2024-09-30T08:45;2024-09-30T09:00;36;kWh;-1457;3;0;0;1460;-1454
2024-09-30T09:00;2024-09-30T09:15;37;kWh;-2915;3887;0;0;6802;972
2024-09-30T09:15;2024-09-30T09:30;38;kWh;-2424;0;0;0;2424;-2424
2024-09-30T09:30;2024-09-30T09:45;39;kWh;-6845;0;0;0;6845;-6845
2024-09-30T09:45;2024-09-30T10:00;40;kWh;-40171;35;0;0;40206;-40136
2024-09-30T10:00;2024-09-30T10:15;41;kWh;-17582;8857;0;0;26439;-8725
2024-09-30T10:15;2024-09-30T10:30;42;kWh;-14616;460;0;0;15076;-14156
2024-09-30T10:30;2024-09-30T10:45;43;kWh;-9285;670;0;0;9955;-8615
2024-09-30T10:45;2024-09-30T11:00;44;kWh;-7387;5647;0;0;13034;-1740
2024-09-30T11:00;2024-09-30T11:15;45;kWh;0;2897;0;0;2897;2897
2024-09-30T11:15;2024-09-30T11:30;46;kWh;0;15650;0;0;15650;15650
2024-09-30T11:30;2024-09-30T11:45;47;kWh;0;17393;0;0;17393;17393
2024-09-30T11:45;2024-09-30T12:00;48;kWh;0;10875;0;0;10875;10875
2024-09-30T12:00;2024-09-30T12:15;49;kWh;0;1571;0;0;1571;1571
2024-09-30T12:15;2024-09-30T12:30;50;kWh;-48;11556;0;0;11604;11508
2024-09-30T12:30;2024-09-30T12:45;51;kWh;-1321;5409;0;0;6730;4088
2024-09-30T12:45;2024-09-30T13:00;52;kWh;-5220;2039;0;0;7259;-3181
2024-09-30T13:00;2024-09-30T13:15;53;kWh;-26361;0;0;0;26361;-26361
2024-09-30T13:15;2024-09-30T13:30;54;kWh;-18250;0;0;0;18250;-18250
2024-09-30T13:30;2024-09-30T13:45;55;kWh;-22488;923;0;0;23411;-21565
2024-09-30T13:45;2024-09-30T14:00;56;kWh;-34186;2260;0;0;36446;-31926
2024-09-30T14:00;2024-09-30T14:15;57;kWh;-33983;2514;0;0;36497;-31469
2024-09-30T14:15;2024-09-30T14:30;58;kWh;-11787;1074;0;0;12861;-10713
2024-09-30T14:30;2024-09-30T14:45;59;kWh;0;40;0;0;40;40
2024-09-30T14:45;2024-09-30T15:00;60;kWh;-8389;9095;0;0;17484;706
2024-09-30T15:00;2024-09-30T15:15;61;kWh;0;8127;0;0;8127;8127
2024-09-30T15:15;2024-09-30T15:30;62;kWh;-5571;0;0;0;5571;-5571
2024-09-30T15:30;2024-09-30T15:45;63;kWh;-7834;7136;0;0;14970;-698
2024-09-30T15:45;2024-09-30T16:00;64;kWh;0;13526;0;0;13526;13526
2024-09-30T16:00;2024-09-30T16:15;65;kWh;0;11435;0;0;11435;11435
2024-09-30T16:15;2024-09-30T16:30;66;kWh;-125;15272;0;0;15397;15147
2024-09-30T16:30;2024-09-30T16:45;67;kWh;0;26443;0;0;26443;26443
2024-09-30T16:45;2024-09-30T17:00;68;kWh;0;41597;0;0;41597;41597
2024-09-30T17:00;2024-09-30T17:15;69;kWh;0;27523;0;0;27523;27523
2024-09-30T17:15;2024-09-30T17:30;70;kWh;0;45980;0;0;45980;45980
2024-09-30T17:30;2024-09-30T17:45;71;kWh;0;63509;0;0;63509;63509
2024-09-30T17:45;2024-09-30T18:00;72;kWh;0;61269;0;0;61269;61269
2024-09-30T18:00;2024-09-30T18:15;73;kWh;0;22885;0;0;22885;22885
2024-09-30T18:15;2024-09-30T18:30;74;kWh;0;7388;0;0;7388;7388
2024-09-30T18:30;2024-09-30T18:45;75;kWh;0;13802;0;0;13802;13802
2024-09-30T18:45;2024-09-30T19:00;76;kWh;0;14233;0;0;14233;14233
2024-09-30T19:00;2024-09-30T19:15;77;kWh;0;306;0;0;306;306
2024-09-30T19:15;2024-09-30T19:30;78;kWh;0;3224;0;0;3224;3224
2024-09-30T19:30;2024-09-30T19:45;79;kWh;0;5726;0;0;5726;5726
2024-09-30T19:45;2024-09-30T20:00;80;kWh;-205;395;0;0;600;190
2024-09-30T20:00;2024-09-30T20:15;81;kWh;-7567;11825;0;0;19392;4258
2024-09-30T20:15;2024-09-30T20:30;82;kWh;-10715;12314;0;0;23029;1599
2024-09-30T20:30;2024-09-30T20:45;83;kWh;-42369;11837;0;0;54206;-30532
2024-09-30T20:45;2024-09-30T21:00;84;kWh;-21253;9556;0;0;30809;-11697
2024-09-30T21:00;2024-09-30T21:15;85;kWh;-14667;9468;0;0;24135;-5199
2024-09-30T21:15;2024-09-30T21:30;86;kWh;-8796;8856;0;0;17652;60
2024-09-30T21:30;2024-09-30T21:45;87;kWh;-1437;6882;0;0;8319;5445
2024-09-30T21:45;2024-09-30T22:00;88;kWh;-7970;2580;0;0;10550;-5390
2024-09-30T22:00;2024-09-30T22:15;89;kWh;0;85176;0;0;85176;85176
2024-09-30T22:15;2024-09-30T22:30;90;kWh;0;5865;0;0;5865;5865
2024-09-30T22:30;2024-09-30T22:45;91;kWh;0;9505;0;0;9505;9505
2024-09-30T22:45;2024-09-30T23:00;92;kWh;-3903;2354;0;0;6257;-1549
2024-09-30T23:00;2024-09-30T23:15;93;kWh;0;60056;0;0;60056;60056
2024-09-30T23:15;2024-09-30T23:30;94;kWh;-33;7566;0;0;7599;7533
2024-09-30T23:30;2024-09-30T23:45;95;kWh;0;10643;0;0;10643;10643
2024-09-30T23:45;2024-10-01T00:00;96;kWh;-840;5254;0;0;6094;4414
2024-10-01T00:00;2024-10-01T00:15;1;kWh;-400;9789;0;0;10189;9389
2024-10-01T00:15;2024-10-01T00:30;2;kWh;-480;23193;0;0;23673;22713
2024-10-01T00:30;2024-10-01T00:45;3;kWh;0;16424;0;0;16424;16424
2024-10-01T00:45;2024-10-01T01:00;4;kWh;0;12194;0;0;12194;12194
2024-10-01T01:00;2024-10-01T01:15;5;kWh;0;27798;0;0;27798;27798
2024-10-01T01:15;2024-10-01T01:30;6;kWh;0;45476;0;0;45476;45476
2024-10-01T01:30;2024-10-01T01:45;7;kWh;-835;8663;0;0;9498;7828
2024-10-01T01:45;2024-10-01T02:00;8;kWh;-6473;5612;0;0;12085;-861
2024-10-01T02:00;2024-10-01T02:15;9;kWh;-6171;17824;0;0;23995;11653
2024-10-01T02:15;2024-10-01T02:30;10;kWh;-134;9775;0;0;9909;9641
2024-10-01T02:30;2024-10-01T02:45;11;kWh;-301;10029;0;0;10330;9728
2024-10-01T02:45;2024-10-01T03:00;12;kWh;-2162;1702;0;0;3864;-460
2024-10-01T03:00;2024-10-01T03:15;13;kWh;-4387;598;0;0;4985;-3789
2024-10-01T03:15;2024-10-01T03:30;14;kWh;-449;117;0;0;566;-332
2024-10-01T03:30;2024-10-01T03:45;15;kWh;-1829;0;0;0;1829;-1829
2024-10-01T03:45;2024-10-01T04:00;16;kWh;-1476;0;0;0;1476;-1476
2024-10-01T04:00;2024-10-01T04:15;17;kWh;0;0;0;0;0;0
2024-10-01T04:15;2024-10-01T04:30;18;kWh;0;0;0;0;0;0
2024-10-01T04:30;2024-10-01T04:45;19;kWh;0;3152;0;0;3152;3152
2024-10-01T04:45;2024-10-01T05:00;20;kWh;0;2691;0;0;2691;2691
2024-10-01T05:00;2024-10-01T05:15;21;kWh;-4152;566;0;0;4718;-3586
2024-10-01T05:15;2024-10-01T05:30;22;kWh;0;7206;0;0;7206;7206
2024-10-01T05:30;2024-10-01T05:45;23;kWh;0;26596;0;0;26596;26596
2024-10-01T05:45;2024-10-01T06:00;24;kWh;-699;7091;0;0;7790;6392
2024-10-01T06:00;2024-10-01T06:15;25;kWh;-9518;1638;0;0;11156;-7880
2024-10-01T06:15;2024-10-01T06:30;26;kWh;0;7023;0;0;7023;7023
2024-10-01T06:30;2024-10-01T06:45;27;kWh;0;18657;0;0;18657;18657
2024-10-01T06:45;2024-10-01T07:00;28;kWh;0;15803;0;0;15803;15803
2024-10-01T07:00;2024-10-01T07:15;29;kWh;0;36237;0;0;36237;36237
2024-10-01T07:15;2024-10-01T07:30;30;kWh;0;55235;0;0;55235;55235
2024-10-01T07:30;2024-10-01T07:45;31;kWh;0;32405;0;0;32405;32405
2024-10-01T07:45;2024-10-01T08:00;32;kWh;0;4914;0;0;4914;4914
2024-10-01T08:00;2024-10-01T08:15;33;kWh;0;5386;0;0;5386;5386
2024-10-01T08:15;2024-10-01T08:30;34;kWh;0;13208;0;0;13208;13208
2024-10-01T08:30;2024-10-01T08:45;35;kWh;0;9494;0;0;9494;9494
2024-10-01T08:45;2024-10-01T09:00;36;kWh;0;31254;0;0;31254;31254
2024-10-01T09:00;2024-10-01T09:15;37;kWh;0;38703;0;0;38703;38703
2024-10-01T09:15;2024-10-01T09:30;38;kWh;0;39167;0;0;39167;39167
2024-10-01T09:30;2024-10-01T09:45;39;kWh;0;25976;0;0;25976;25976
2024-10-01T09:45;2024-10-01T10:00;40;kWh;0;35667;0;0;35667;35667
2024-10-01T10:00;2024-10-01T10:15;41;kWh;0;14606;0;0;14606;14606
2024-10-01T10:15;2024-10-01T10:30;42;kWh;0;25;0;0;25;25
2024-10-01T10:30;2024-10-01T10:45;43;kWh;0;0;0;0;0;0
2024-10-01T10:45;2024-10-01T11:00;44;kWh;-583;0;0;0;583;-583
2024-10-01T11:00;2024-10-01T11:15;45;kWh;-2202;39;0;0;2241;-2163
2024-10-01T11:15;2024-10-01T11:30;46;kWh;0;15558;0;0;15558;15558
2024-10-01T11:30;2024-10-01T11:45;47;kWh;0;9486;0;0;9486;9486
2024-10-01T11:45;2024-10-01T12:00;48;kWh;0;6580;0;0;6580;6580
2024-10-01T12:00;2024-10-01T12:15;49;kWh;0;3640;0;0;3640;3640
2024-10-01T12:15;2024-10-01T12:30;50;kWh;0;28360;0;0;28360;28360
2024-10-01T12:30;2024-10-01T12:45;51;kWh;0;1611;0;0;1611;1611
2024-10-01T12:45;2024-10-01T13:00;52;kWh;0;1220;0;0;1220;1220
2024-10-01T13:00;2024-10-01T13:15;53;kWh;0;16828;0;0;16828;16828
2024-10-01T13:15;2024-10-01T13:30;54;kWh;0;30169;0;0;30169;30169
2024-10-01T13:30;2024-10-01T13:45;55;kWh;0;2357;0;0;2357;2357
2024-10-01T13:45;2024-10-01T14:00;56;kWh;0;386;0;0;386;386
2024-10-01T14:00;2024-10-01T14:15;57;kWh;0;11938;0;0;11938;11938
2024-10-01T14:15;2024-10-01T14:30;58;kWh;0;11786;0;0;11786;11786
2024-10-01T14:30;2024-10-01T14:45;59;kWh;0;2304;0;0;2304;2304
2024-10-01T14:45;2024-10-01T15:00;60;kWh;0;17175;0;0;17175;17175
2024-10-01T15:00;2024-10-01T15:15;61;kWh;0;4279;0;0;4279;4279
2024-10-01T15:15;2024-10-01T15:30;62;kWh;0;1347;0;0;1347;1347
2024-10-01T15:30;2024-10-01T15:45;63;kWh;0;1276;0;0;1276;1276
2024-10-01T15:45;2024-10-01T16:00;64;kWh;0;2950;0;0;2950;2950
2024-10-01T16:00;2024-10-01T16:15;65;kWh;0;32592;0;0;32592;32592
2024-10-01T16:15;2024-10-01T16:30;66;kWh;0;14107;0;0;14107;14107
2024-10-01T16:30;2024-10-01T16:45;67;kWh;0;6356;0;0;6356;6356
2024-10-01T16:45;2024-10-01T17:00;68;kWh;0;1007;0;0;1007;1007
2024-10-01T17:00;2024-10-01T17:15;69;kWh;0;26097;0;0;26097;26097
2024-10-01T17:15;2024-10-01T17:30;70;kWh;0;10154;0;0;10154;10154
2024-10-01T17:30;2024-10-01T17:45;71;kWh;0;3985;0;0;3985;3985
2024-10-01T17:45;2024-10-01T18:00;72;kWh;0;6456;0;0;6456;6456
2024-10-01T18:00;2024-10-01T18:15;73;kWh;-26600;1183;0;0;27783;-25417
2024-10-01T18:15;2024-10-01T18:30;74;kWh;-2853;0;0;0;2853;-2853
2024-10-01T18:30;2024-10-01T18:45;75;kWh;-461;0;0;0;461;-461
2024-10-01T18:45;2024-10-01T19:00;76;kWh;0;27791;0;0;27791;27791
2024-10-01T19:00;2024-10-01T19:15;77;kWh;0;28621;0;0;28621;28621
2024-10-01T19:15;2024-10-01T19:30;78;kWh;0;29707;0;0;29707;29707
2024-10-01T19:30;2024-10-01T19:45;79;kWh;0;66359;0;0;66359;66359
2024-10-01T19:45;2024-10-01T20:00;80;kWh;0;69262;0;0;69262;69262
2024-10-01T20:00;2024-10-01T20:15;81;kWh;0;7096;0;0;7096;7096
2024-10-01T20:15;2024-10-01T20:30;82;kWh;-23;0;0;0;23;-23
2024-10-01T20:30;2024-10-01T20:45;83;kWh;-2595;0;0;0;2595;-2595
2024-10-01T20:45;2024-10-01T21:00;84;kWh;-247;1554;0;0;1801;1307
2024-10-01T21:00;2024-10-01T21:15;85;kWh;0;2615;0;0;2615;2615
2024-10-01T21:15;2024-10-01T21:30;86;kWh;-422;3148;0;0;3570;2726
2024-10-01T21:30;2024-10-01T21:45;87;kWh;-3632;0;0;0;3632;-3632
2024-10-01T21:45;2024-10-01T22:00;88;kWh;-5178;0;0;0;5178;-5178
2024-10-01T22:00;2024-10-01T22:15;89;kWh;0;19820;0;0;19820;19820
2024-10-01T22:15;2024-10-01T22:30;90;kWh;0;27947;0;0;27947;27947
2024-10-01T22:30;2024-10-01T22:45;91;kWh;0;12671;0;0;12671;12671
2024-10-01T22:45;2024-10-01T23:00;92;kWh;0;16944;0;0;16944;16944
2024-10-01T23:00;2024-10-01T23:15;93;kWh;0;37276;0;0;37276;37276
2024-10-01T23:15;2024-10-01T23:30;94;kWh;0;51802;0;0;51802;51802
2024-10-01T23:30;2024-10-01T23:45;95;kWh;0;42610;0;0;42610;42610
2024-10-01T23:45;2024-10-02T00:00;96;kWh;-1;36415;0;0;36416;36414
2024-10-02T00:00;2024-10-02T00:15;1;kWh;-26222;2474;0;0;28696;-23748
2024-10-02T00:15;2024-10-02T00:30;2;kWh;-249;8151;0;0;8400;7902
2024-10-02T00:30;2024-10-02T00:45;3;kWh;-249;11437;0;0;11686;11188
2024-10-02T00:45;2024-10-02T01:00;4;kWh;-249;19834;0;0;20083;19585
2024-10-02T01:00;2024-10-02T01:15;5;kWh;-3720;2624;0;0;6344;-1096
2024-10-02T01:15;2024-10-02T01:30;6;kWh;-4529;0;0;0;4529;-4529
2024-10-02T01:30;2024-10-02T01:45;7;kWh;-11333;0;0;0;11333;-11333
2024-10-02T01:45;2024-10-02T02:00;8;kWh;-5620;0;0;0;5620;-5620
2024-10-02T02:00;2024-10-02T02:15;9;kWh;-434;28737;0;0;29171;28303
2024-10-02T02:15;2024-10-02T02:30;10;kWh;-3317;300;0;0;3617;-3017
2024-10-02T02:30;2024-10-02T02:45;11;kWh;-348;10971;0;0;11319;10623
2024-10-02T02:45;2024-10-02T03:00;12;kWh;-2367;43;0;0;2410;-2324
2024-10-02T03:00;2024-10-02T03:15;13;kWh;-1338;21350;0;0;22688;20012
2024-10-02T03:15;2024-10-02T03:30;14;kWh;-314;14884;0;0;15198;14570
2024-10-02T03:30;2024-10-02T03:45;15;kWh;-13074;10;0;0;13084;-13064
2024-10-02T03:45;2024-10-02T04:00;16;kWh;-10254;0;0;0;10254;-10254
2024-10-02T04:00;2024-10-02T04:15;17;kWh;-13881;2903;0;0;16784;-10978
2024-10-02T04:15;2024-10-02T04:30;18;kWh;-15901;57;0;0;15958;-15844
2024-10-02T04:30;2024-10-02T04:45;19;kWh;-57668;0;0;0;57668;-57668
2024-10-02T04:45;2024-10-02T05:00;20;kWh;-48136;0;0;0;48136;-48136
2024-10-02T05:00;2024-10-02T05:15;21;kWh;-32683;0;0;0;32683;-32683
2024-10-02T05:15;2024-10-02T05:30;22;kWh;-4932;0;0;0;4932;-4932
2024-10-02T05:30;2024-10-02T05:45;23;kWh;-16242;0;0;0;16242;-16242
2024-10-02T05:45;2024-10-02T06:00;24;kWh;-34781;0;0;0;34781;-34781
2024-10-02T06:00;2024-10-02T06:15;25;kWh;-2330;41967;0;0;44297;39637
2024-10-02T06:15;2024-10-02T06:30;26;kWh;-39380;785;0;0;40165;-38595
2024-10-02T06:30;2024-10-02T06:45;27;kWh;-32304;2036;0;0;34340;-30268
2024-10-02T06:45;2024-10-02T07:00;28;kWh;-52532;0;0;0;52532;-52532
2024-10-02T07:00;2024-10-02T07:15;29;kWh;-56271;0;0;0;56271;-56271
2024-10-02T07:15;2024-10-02T07:30;30;kWh;-41050;2085;0;0;43135;-38965
2024-10-02T07:30;2024-10-02T07:45;31;kWh;-1267;27894;0;0;29161;26627
2024-10-02T07:45;2024-10-02T08:00;32;kWh;-316;9660;0;0;9976;9344
2024-10-02T08:00;2024-10-02T08:15;33;kWh;-249;53501;0;0;53750;53252
2024-10-02T08:15;2024-10-02T08:30;34;kWh;-249;57157;0;0;57406;56908
2024-10-02T08:30;2024-10-02T08:45;35;kWh;-249;47305;0;0;47554;47056
2024-10-02T08:45;2024-10-02T09:00;36;kWh;-257;46894;0;0;47151;46637
2024-10-02T09:00;2024-10-02T09:15;37;kWh;-645;20780;0;0;21425;20135
2024-10-02T09:15;2024-10-02T09:30;38;kWh;-249;42511;0;0;42760;42262
2024-10-02T09:30;2024-10-02T09:45;39;kWh;-512;3927;0;0;4439;3415
2024-10-02T09:45;2024-10-02T10:00;40;kWh;-249;6423;0;0;6672;6174
2024-10-02T10:00;2024-10-02T10:15;41;kWh;-249;30191;0;0;30440;29942
2024-10-02T10:15;2024-10-02T10:30;42;kWh;-249;59192;0;0;59441;58943
2024-10-02T10:30;2024-10-02T10:45;43;kWh;-779;10542;0;0;11321;9763
2024-10-02T10:45;2024-10-02T11:00;44;kWh;-25900;6;0;0;25906;-25894
2024-10-02T11:00;2024-10-02T11:15;45;kWh;-17062;0;0;0;17062;-17062
2024-10-02T11:15;2024-10-02T11:30;46;kWh;-5454;0;0;0;5454;-5454
2024-10-02T11:30;2024-10-02T11:45;47;kWh;-530;217;0;0;747;-313
2024-10-02T11:45;2024-10-02T12:00;48;kWh;-249;10075;0;0;10324;9826
2024-10-02T12:00;2024-10-02T12:15;49;kWh;-249;83226;0;0;83475;82977
2024-10-02T12:15;2024-10-02T12:30;50;kWh;-249;100063;0;0;100312;99814
2024-10-02T12:30;2024-10-02T12:45;51;kWh;-249;93908;0;0;94157;93659
2024-10-02T12:45;2024-10-02T13:00;52;kWh;-249;79166;0;0;79415;78917
2024-10-02T13:00;2024-10-02T13:15;53;kWh;-249;114568;0;0;114817;114319
2024-10-02T13:15;2024-10-02T13:30;54;kWh;-249;108377;0;0;108626;108128
2024-10-02T13:30;2024-10-02T13:45;55;kWh;-249;117699;0;0;117948;117450
2024-10-02T13:45;2024-10-02T14:00;56;kWh;-249;131754;0;0;132003;131505
2024-10-02T14:00;2024-10-02T14:15;57;kWh;-952;28360;0;0;29312;27408
2024-10-02T14:15;2024-10-02T14:30;58;kWh;-249;19288;0;0;19537;19039
2024-10-02T14:30;2024-10-02T14:45;59;kWh;-249;15219;0;0;15468;14970
2024-10-02T14:45;2024-10-02T15:00;60;kWh;-249;2471;0;0;2720;2222
2024-10-02T15:00;2024-10-02T15:15;61;kWh;-15531;0;0;0;15531;-15531
2024-10-02T15:15;2024-10-02T15:30;62;kWh;-23032;0;0;0;23032;-23032
2024-10-02T15:30;2024-10-02T15:45;63;kWh;-16675;0;0;0;16675;-16675
2024-10-02T15:45;2024-10-02T16:00;64;kWh;-43904;0;0;0;43904;-43904
2024-10-02T16:00;2024-10-02T16:15;65;kWh;-53661;0;0;0;53661;-53661
2024-10-02T16:15;2024-10-02T16:30;66;kWh;-15327;131;0;0;15458;-15196
2024-10-02T16:30;2024-10-02T16:45;67;kWh;-259;6891;0;0;7150;6632
2024-10-02T16:45;2024-10-02T17:00;68;kWh;-249;3002;0;0;3251;2753
2024-10-02T17:00;2024-10-02T17:15;69;kWh;-249;63129;0;0;63378;62880
2024-10-02T17:15;2024-10-02T17:30;70;kWh;-249;63689;0;0;63938;63440
2024-10-02T17:30;2024-10-02T17:45;71;kWh;-249;25737;0;0;25986;25488
2024-10-02T17:45;2024-10-02T18:00;72;kWh;-249;7539;0;0;7788;7290
2024-10-02T18:00;2024-10-02T18:15;73;kWh;-249;19028;0;0;19277;18779
2024-10-02T18:15;2024-10-02T18:30;74;kWh;-1556;305;0;0;1861;-1251
2024-10-02T18:30;2024-10-02T18:45;75;kWh;-1796;1019;0;0;2815;-777
2024-10-02T18:45;2024-10-02T19:00;76;kWh;-249;24270;0;0;24519;24021
2024-10-02T19:00;2024-10-02T19:15;77;kWh;-348;12310;0;0;12658;11962
2024-10-02T19:15;2024-10-02T19:30;78;kWh;-249;31207;0;0;31456;30958
2024-10-02T19:30;2024-10-02T19:45;79;kWh;-249;36397;0;0;36646;36148
2024-10-02T19:45;2024-10-02T20:00;80;kWh;-1025;5785;0;0;6810;4760
2024-10-02T20:00;2024-10-02T20:15;81;kWh;-1708;1862;0;0;3570;154
2024-10-02T20:15;2024-10-02T20:30;82;kWh;-249;1438;0;0;1687;1189
2024-10-02T20:30;2024-10-02T20:45;83;kWh;-12116;0;0;0;12116;-12116
2024-10-02T20:45;2024-10-02T21:00;84;kWh;-67786;0;0;0;67786;-67786
2024-10-02T21:00;2024-10-02T21:15;85;kWh;-50231;17506;0;0;67737;-32725
2024-10-02T21:15;2024-10-02T21:30;86;kWh;-5626;5162;0;0;10788;-464
2024-10-02T21:30;2024-10-02T21:45;87;kWh;-20467;0;0;0;20467;-20467
2024-10-02T21:45;2024-10-02T22:00;88;kWh;-27285;0;0;0;27285;-27285
2024-10-02T22:00;2024-10-02T22:15;89;kWh;-62516;0;0;0;62516;-62516
2024-10-02T22:15;2024-10-02T22:30;90;kWh;-20132;0;0;0;20132;-20132
2024-10-02T22:30;2024-10-02T22:45;91;kWh;-14670;0;0;0;14670;-14670
2024-10-02T22:45;2024-10-02T23:00;92;kWh;-6358;0;0;0;6358;-6358
2024-10-02T23:00;2024-10-02T23:15;93;kWh;-7542;983;0;0;8525;-6559
2024-10-02T23:15;2024-10-02T23:30;94;kWh;-1371;14;0;0;1385;-1357
2024-10-02T23:30;2024-10-02T23:45;95;kWh;-22235;0;0;0;22235;-22235
2024-10-02T23:45;2024-10-03T00:00;96;kWh;-31657;0;0;0;31657;-31657
2024-10-03T00:00;2024-10-03T00:15;1;kWh;-12245;0;0;0;12245;-12245
2024-10-03T00:15;2024-10-03T00:30;2;kWh;-8661;0;0;0;8661;-8661
2024-10-03T00:30;2024-10-03T00:45;3;kWh;-12803;0;0;0;12803;-12803
2024-10-03T00:45;2024-10-03T01:00;4;kWh;-11876;0;0;0;11876;-11876
2024-10-03T01:00;2024-10-03T01:15;5;kWh;-3027;0;0;0;3027;-3027
2024-10-03T01:15;2024-10-03T01:30;6;kWh;-7390;0;0;0;7390;-7390
2024-10-03T01:30;2024-10-03T01:45;7;kWh;-24456;0;0;0;24456;-24456
2024-10-03T01:45;2024-10-03T02:00;8;kWh;-33615;0;0;0;33615;-33615
2024-10-03T02:00;2024-10-03T02:15;9;kWh;-10237;0;0;0;10237;-10237
2024-10-03T02:15;2024-10-03T02:30;10;kWh;-26902;0;0;0;26902;-26902
2024-10-03T02:30;2024-10-03T02:45;11;kWh;-40631;0;0;0;40631;-40631
2024-10-03T02:45;2024-10-03T03:00;12;kWh;-33204;0;0;0;33204;-33204
2024-10-03T03:00;2024-10-03T03:15;13;kWh;-2596;0;0;0;2596;-2596
2024-10-03T03:15;2024-10-03T03:30;14;kWh;-3248;0;0;0;3248;-3248
2024-10-03T03:30;2024-10-03T03:45;15;kWh;-10845;0;0;0;10845;-10845
2024-10-03T03:45;2024-10-03T04:00;16;kWh;-28498;0;0;0;28498;-28498
2024-10-03T04:00;2024-10-03T04:15;17;kWh;-23384;0;0;0;23384;-23384
2024-10-03T04:15;2024-10-03T04:30;18;kWh;-17747;0;0;0;17747;-17747
2024-10-03T04:30;2024-10-03T04:45;19;kWh;-20001;0;0;0;20001;-20001
2024-10-03T04:45;2024-10-03T05:00;20;kWh;-12911;0;0;0;12911;-12911
2024-10-03T05:00;2024-10-03T05:15;21;kWh;-20458;0;0;0;20458;-20458
2024-10-03T05:15;2024-10-03T05:30;22;kWh;-1831;0;0;0;1831;-1831
2024-10-03T05:30;2024-10-03T05:45;23;kWh;-153;0;0;0;153;-153
2024-10-03T05:45;2024-10-03T06:00;24;kWh;0;4;0;0;4;4
2024-10-03T06:00;2024-10-03T06:15;25;kWh;-152;26;0;0;178;-126
2024-10-03T06:15;2024-10-03T06:30;26;kWh;0;5136;0;0;5136;5136
2024-10-03T06:30;2024-10-03T06:45;27;kWh;0;29482;0;0;29482;29482
2024-10-03T06:45;2024-10-03T07:00;28;kWh;-1565;19706;0;0;21271;18141
2024-10-03T07:00;2024-10-03T07:15;29;kWh;-49781;2117;0;0;51898;-47664
2024-10-03T07:15;2024-10-03T07:30;30;kWh;-1409;3196;0;0;4605;1787
2024-10-03T07:30;2024-10-03T07:45;31;kWh;-723;0;0;0;723;-723
2024-10-03T07:45;2024-10-03T08:00;32;kWh;0;2571;0;0;2571;2571
2024-10-03T08:00;2024-10-03T08:15;33;kWh;0;22120;0;0;22120;22120
2024-10-03T08:15;2024-10-03T08:30;34;kWh;0;24509;0;0;24509;24509
2024-10-03T08:30;2024-10-03T08:45;35;kWh;-27;1089;0;0;1116;1062
2024-10-03T08:45;2024-10-03T09:00;36;kWh;-16815;0;0;0;16815;-16815
2024-10-03T09:00;2024-10-03T09:15;37;kWh;-6429;217;0;0;6646;-6212
2024-10-03T09:15;2024-10-03T09:30;38;kWh;-3436;0;0;0;3436;-3436
2024-10-03T09:30;2024-10-03T09:45;39;kWh;-21808;0;0;0;21808;-21808
2024-10-03T09:45;2024-10-03T10:00;40;kWh;-26008;0;0;0;26008;-26008
2024-10-03T10:00;2024-10-03T10:15;41;kWh;-9567;0;0;0;9567;-9567
2024-10-03T10:15;2024-10-03T10:30;42;kWh;-23435;0;0;0;23435;-23435
2024-10-03T10:30;2024-10-03T10:45;43;kWh;-17926;0;0;0;17926;-17926
2024-10-03T10:45;2024-10-03T11:00;44;kWh;-25134;0;0;0;25134;-25134
2024-10-03T11:00;2024-10-03T11:15;45;kWh;-28133;0;0;0;28133;-28133
2024-10-03T11:15;2024-10-03T11:30;46;kWh;-38663;0;0;0;38663;-38663
2024-10-03T11:30;2024-10-03T11:45;47;kWh;-46901;0;0;0;46901;-46901
2024-10-03T11:45;2024-10-03T12:00;48;kWh;-38582;0;0;0;38582;-38582
2024-10-03T12:00;2024-10-03T12:15;49;kWh;-12521;0;0;0;12521;-12521
2024-10-03T12:15;2024-10-03T12:30;50;kWh;-12156;0;0;0;12156;-12156
2024-10-03T12:30;2024-10-03T12:45;51;kWh;-11654;0;0;0;11654;-11654
2024-10-03T12:45;2024-10-03T13:00;52;kWh;-10584;0;0;0;10584;-10584
2024-10-03T13:00;2024-10-03T13:15;53;kWh;-18456;0;0;0;18456;-18456
2024-10-03T13:15;2024-10-03T13:30;54;kWh;-23047;1387;0;0;24434;-21660
2024-10-03T13:30;2024-10-03T13:45;55;kWh;-35899;9198;0;0;45097;-26701
2024-10-03T13:45;2024-10-03T14:00;56;kWh;-80549;24926;0;0;105475;-55623
2024-10-03T14:00;2024-10-03T14:15;57;kWh;-116006;186;0;0;116192;-115820
2024-10-03T14:15;2024-10-03T14:30;58;kWh;-93813;259;0;0;94072;-93554
2024-10-03T14:30;2024-10-03T14:45;59;kWh;-52083;7256;0;0;59339;-44827
2024-10-03T14:45;2024-10-03T15:00;60;kWh;-55617;4273;0;0;59890;-51344
2024-10-03T15:00;2024-10-03T15:15;61;kWh;-44762;90;0;0;44852;-44672
2024-10-03T15:15;2024-10-03T15:30;62;kWh;-41418;2418;0;0;43836;-39000
2024-10-03T15:30;2024-10-03T15:45;63;kWh;-31617;2283;0;0;33900;-29334
2024-10-03T15:45;2024-10-03T16:00;64;kWh;-12019;2;0;0;12021;-12017
2024-10-03T16:00;2024-10-03T16:15;65;kWh;-4275;0;0;0;4275;-4275
2024-10-03T16:15;2024-10-03T16:30;66;kWh;-10497;0;0;0;10497;-10497
2024-10-03T16:30;2024-10-03T16:45;67;kWh;-9503;0;0;0;9503;-9503
2024-10-03T16:45;2024-10-03T17:00;68;kWh;0;0;0;0;0;0
2024-10-03T17:00;2024-10-03T17:15;69;kWh;0;0;0;0;0;0
2024-10-03T17:15;2024-10-03T17:30;70;kWh;-589;0;0;0;589;-589
2024-10-03T17:30;2024-10-03T17:45;71;kWh;-143;0;0;0;143;-143
2024-10-03T17:45;2024-10-03T18:00;72;kWh;-2365;0;0;0;2365;-2365
2024-10-03T18:00;2024-10-03T18:15;73;kWh;-16658;0;0;0;16658;-16658
2024-10-03T18:15;2024-10-03T18:30;74;kWh;-73;19255;0;0;19328;19182
2024-10-03T18:30;2024-10-03T18:45;75;kWh;0;37377;0;0;37377;37377
2024-10-03T18:45;2024-10-03T19:00;76;kWh;0;25008;0;0;25008;25008
2024-10-03T19:00;2024-10-03T19:15;77;kWh;-99;643;0;0;742;544
2024-10-03T19:15;2024-10-03T19:30;78;kWh;-40;0;0;0;40;-40
2024-10-03T19:30;2024-10-03T19:45;79;kWh;-4079;0;0;0;4079;-4079
2024-10-03T19:45;2024-10-03T20:00;80;kWh;-3386;0;0;0;3386;-3386
2024-10-03T20:00;2024-10-03T20:15;81;kWh;-566;256;0;0;822;-310
2024-10-03T20:15;2024-10-03T20:30;82;kWh;0;478;0;0;478;478
2024-10-03T20:30;2024-10-03T20:45;83;kWh;-2817;0;0;0;2817;-2817
2024-10-03T20:45;2024-10-03T21:00;84;kWh;-14631;0;0;0;14631;-14631
2024-10-03T21:00;2024-10-03T21:15;85;kWh;-8791;0;0;0;8791;-8791
2024-10-03T21:15;2024-10-03T21:30;86;kWh;-3214;0;0;0;3214;-3214
2024-10-03T21:30;2024-10-03T21:45;87;kWh;-13069;0;0;0;13069;-13069
2024-10-03T21:45;2024-10-03T22:00;88;kWh;-13252;0;0;0;13252;-13252
2024-10-03T22:00;2024-10-03T22:15;89;kWh;-26347;4394;0;0;30741;-21953
2024-10-03T22:15;2024-10-03T22:30;90;kWh;0;185;0;0;185;185
2024-10-03T22:30;2024-10-03T22:45;91;kWh;-222;0;0;0;222;-222
2024-10-03T22:45;2024-10-03T23:00;92;kWh;-727;0;0;0;727;-727
2024-10-03T23:00;2024-10-03T23:15;93;kWh;-1357;0;0;0;1357;-1357
2024-10-03T23:15;2024-10-03T23:30;94;kWh;-5278;0;0;0;5278;-5278
2024-10-03T23:30;2024-10-03T23:45;95;kWh;-18546;0;0;0;18546;-18546
2024-10-03T23:45;2024-10-04T00:00;96;kWh;-24543;0;0;0;24543;-24543
2024-10-04T00:00;2024-10-04T00:15;1;kWh;-801;15440;0;0;16241;14639
2024-10-04T00:15;2024-10-04T00:30;2;kWh;0;16770;0;0;16770;16770
2024-10-04T00:30;2024-10-04T00:45;3;kWh;0;942;0;0;942;942
2024-10-04T00:45;2024-10-04T01:00;4;kWh;0;224;0;0;224;224
2024-10-04T01:00;2024-10-04T01:15;5;kWh;0;1301;0;0;1301;1301
2024-10-04T01:15;2024-10-04T01:30;6;kWh;-3578;0;0;0;3578;-3578
2024-10-04T01:30;2024-10-04T01:45;7;kWh;-6210;0;0;0;6210;-6210
2024-10-04T01:45;2024-10-04T02:00;8;kWh;-3006;0;0;0;3006;-3006
2024-10-04T02:00;2024-10-04T02:15;9;kWh;-2235;0;0;0;2235;-2235
2024-10-04T02:15;2024-10-04T02:30;10;kWh;-1527;0;0;0;1527;-1527
2024-10-04T02:30;2024-10-04T02:45;11;kWh;-2448;352;0;0;2800;-2096
2024-10-04T02:45;2024-10-04T03:00;12;kWh;0;1898;0;0;1898;1898
2024-10-04T03:00;2024-10-04T03:15;13;kWh;0;22296;0;0;22296;22296
2024-10-04T03:15;2024-10-04T03:30;14;kWh;0;36569;0;0;36569;36569
2024-10-04T03:30;2024-10-04T03:45;15;kWh;0;25414;0;0;25414;25414
2024-10-04T03:45;2024-10-04T04:00;16;kWh;0;8077;0;0;8077;8077
2024-10-04T04:00;2024-10-04T04:15;17;kWh;0;26751;0;0;26751;26751
2024-10-04T04:15;2024-10-04T04:30;18;kWh;0;26249;0;0;26249;26249
2024-10-04T04:30;2024-10-04T04:45;19;kWh;0;14544;0;0;14544;14544
2024-10-04T04:45;2024-10-04T05:00;20;kWh;0;31571;0;0;31571;31571
2024-10-04T05:00;2024-10-04T05:15;21;kWh;-3167;2243;0;0;5410;-924
2024-10-04T05:15;2024-10-04T05:30;22;kWh;-5;6060;0;0;6065;6055
2024-10-04T05:30;2024-10-04T05:45;23;kWh;0;3655;0;0;3655;3655
2024-10-04T05:45;2024-10-04T06:00;24;kWh;0;56;0;0;56;56
2024-10-04T06:00;2024-10-04T06:15;25;kWh;-2379;123;0;0;2502;-2256
2024-10-04T06:15;2024-10-04T06:30;26;kWh;-2665;0;0;0;2665;-2665
2024-10-04T06:30;2024-10-04T06:45;27;kWh;-498;0;0;0;498;-498
2024-10-04T06:45;2024-10-04T07:00;28;kWh;-318;0;0;0;318;-318
2024-10-04T07:00;2024-10-04T07:15;29;kWh;-26390;400;0;0;26790;-25990
2024-10-04T07:15;2024-10-04T07:30;30;kWh;-35;12231;0;0;12266;12196
2024-10-04T07:30;2024-10-04T07:45;31;kWh;0;37586;0;0;37586;37586
2024-10-04T07:45;2024-10-04T08:00;32;kWh;0;45516;0;0;45516;45516
2024-10-04T08:00;2024-10-04T08:15;33;kWh;0;62826;0;0;62826;62826
2024-10-04T08:15;2024-10-04T08:30;34;kWh;0;34964;0;0;34964;34964
2024-10-04T08:30;2024-10-04T08:45;35;kWh;-2595;12991;0;0;15586;10396
2024-10-04T08:45;2024-10-04T09:00;36;kWh;-45130;0;0;0;45130;-45130
2024-10-04T09:00;2024-10-04T09:15;37;kWh;-8707;46777;0;0;55484;38070
2024-10-04T09:15;2024-10-04T09:30;38;kWh;-11418;3759;0;0;15177;-7659
2024-10-04T09:30;2024-10-04T09:45;39;kWh;-39171;0;0;0;39171;-39171
2024-10-04T09:45;2024-10-04T10:00;40;kWh;-50677;3318;0;0;53995;-47359
2024-10-04T10:00;2024-10-04T10:15;41;kWh;-5304;2068;0;0;7372;-3236
2024-10-04T10:15;2024-10-04T10:30;42;kWh;-8054;0;0;0;8054;-8054
2024-10-04T10:30;2024-10-04T10:45;43;kWh;-12939;0;0;0;12939;-12939
2024-10-04T10:45;2024-10-04T11:00;44;kWh;-20641;0;0;0;20641;-20641
2024-10-04T11:00;2024-10-04T11:15;45;kWh;-27478;216;0;0;27694;-27262
2024-10-04T11:15;2024-10-04T11:30;46;kWh;-7821;49;0;0;7870;-7772
2024-10-04T11:30;2024-10-04T11:45;47;kWh;-29818;0;0;0;29818;-29818
2024-10-04T11:45;2024-10-04T12:00;48;kWh;-48141;0;0;0;48141;-48141
2024-10-04T12:00;2024-10-04T12:15;49;kWh;-19170;0;0;0;19170;-19170
2024-10-04T12:15;2024-10-04T12:30;50;kWh;-16825;0;0;0;16825;-16825
2024-10-04T12:30;2024-10-04T12:45;51;kWh;-27489;0;0;0;27489;-27489
2024-10-04T12:45;2024-10-04T13:00;52;kWh;-32070;590;0;0;32660;-31480
2024-10-04T13:00;2024-10-04T13:15;53;kWh;-29504;3605;0;0;33109;-25899
2024-10-04T13:15;2024-10-04T13:30;54;kWh;-15804;19225;0;0;35029;3421
2024-10-04T13:30;2024-10-04T13:45;55;kWh;-30586;117;0;0;30703;-30469
2024-10-04T13:45;2024-10-04T14:00;56;kWh;-225;447;0;0;672;222
2024-10-04T14:00;2024-10-04T14:15;57;kWh;-36021;2589;0;0;38610;-33432
2024-10-04T14:15;2024-10-04T14:30;58;kWh;-8536;10346;0;0;18882;1810
2024-10-04T14:30;2024-10-04T14:45;59;kWh;-180;1290;0;0;1470;1110
2024-10-04T14:45;2024-10-04T15:00;60;kWh;-8;6683;0;0;6691;6675
2024-10-04T15:00;2024-10-04T15:15;61;kWh;-34087;239;0;0;34326;-33848
2024-10-04T15:15;2024-10-04T15:30;62;kWh;-121;1679;0;0;1800;1558
2024-10-04T15:30;2024-10-04T15:45;63;kWh;0;1099;0;0;1099;1099
2024-10-04T15:45;2024-10-04T16:00;64;kWh;0;625;0;0;625;625
2024-10-04T16:00;2024-10-04T16:15;65;kWh;-5972;0;0;0;5972;-5972
2024-10-04T16:15;2024-10-04T16:30;66;kWh;-531;0;0;0;531;-531
2024-10-04T16:30;2024-10-04T16:45;67;kWh;-14;0;0;0;14;-14
2024-10-04T16:45;2024-10-04T17:00;68;kWh;-5461;0;0;0;5461;-5461
2024-10-04T17:00;2024-10-04T17:15;69;kWh;-72336;459;0;0;72795;-71877
2024-10-04T17:15;2024-10-04T17:30;70;kWh;-9462;350;0;0;9812;-9112
2024-10-04T17:30;2024-10-04T17:45;71;kWh;-28491;0;0;0;28491;-28491
2024-10-04T17:45;2024-10-04T18:00;72;kWh;-471;10062;0;0;10533;9591
2024-10-04T18:00;2024-10-04T18:15;73;kWh;-20989;4006;0;0;24995;-16983
2024-10-04T18:15;2024-10-04T18:30;74;kWh;-3838;968;0;0;4806;-2870
2024-10-04T18:30;2024-10-04T18:45;75;kWh;0;17937;0;0;17937;17937
2024-10-04T18:45;2024-10-04T19:00;76;kWh;0;54106;0;0;54106;54106
2024-10-04T19:00;2024-10-04T19:15;77;kWh;0;41187;0;0;41187;41187
2024-10-04T19:15;2024-10-04T19:30;78;kWh;0;58105;0;0;58105;58105
2024-10-04T19:30;2024-10-04T19:45;79;kWh;0;50791;0;0;50791;50791
2024-10-04T19:45;2024-10-04T20:00;80;kWh;0;28454;0;0;28454;28454
2024-10-04T20:00;2024-10-04T20:15;81;kWh;0;4022;0;0;4022;4022
2024-10-04T20:15;2024-10-04T20:30;82;kWh;0;56;0;0;56;56
2024-10-04T20:30;2024-10-04T20:45;83;kWh;-7961;0;0;0;7961;-7961
2024-10-04T20:45;2024-10-04T21:00;84;kWh;-20362;0;0;0;20362;-20362
2024-10-04T21:00;2024-10-04T21:15;85;kWh;-5549;15684;0;0;21233;10135
2024-10-04T21:15;2024-10-04T21:30;86;kWh;0;14742;0;0;14742;14742
2024-10-04T21:30;2024-10-04T21:45;87;kWh;0;13426;0;0;13426;13426
2024-10-04T21:45;2024-10-04T22:00;88;kWh;-121;76;0;0;197;-45
2024-10-04T22:00;2024-10-04T22:15;89;kWh;-293;9460;0;0;9753;9167
2024-10-04T22:15;2024-10-04T22:30;90;kWh;0;2030;0;0;2030;2030
2024-10-04T22:30;2024-10-04T22:45;91;kWh;0;6216;0;0;6216;6216
2024-10-04T22:45;2024-10-04T23:00;92;kWh;-11;1357;0;0;1368;1346
2024-10-04T23:00;2024-10-04T23:15;93;kWh;-47;11613;0;0;11660;11566
2024-10-04T23:15;2024-10-04T23:30;94;kWh;0;3889;0;0;3889;3889
2024-10-04T23:30;2024-10-04T23:45;95;kWh;0;2261;0;0;2261;2261
2024-10-04T23:45;2024-10-05T00:00;96;kWh;-1359;33;0;0;1392;-1326
2024-10-05T00:00;2024-10-05T00:15;1;kWh;-1161;0;0;0;1161;-1161
2024-10-05T00:15;2024-10-05T00:30;2;kWh;0;0;0;0;0;0
2024-10-05T00:30;2024-10-05T00:45;3;kWh;-5;1709;0;0;1714;1704
2024-10-05T00:45;2024-10-05T01:00;4;kWh;-3776;0;0;0;3776;-3776
2024-10-05T01:00;2024-10-05T01:15;5;kWh;-2925;1843;0;0;4768;-1082
2024-10-05T01:15;2024-10-05T01:30;6;kWh;0;941;0;0;941;941
2024-10-05T01:30;2024-10-05T01:45;7;kWh;0;0;0;0;0;0
2024-10-05T01:45;2024-10-05T02:00;8;kWh;-103;0;0;0;103;-103
2024-10-05T02:00;2024-10-05T02:15;9;kWh;-2876;0;0;0;2876;-2876
2024-10-05T02:15;2024-10-05T02:30;10;kWh;-8604;0;0;0;8604;-8604
2024-10-05T02:30;2024-10-05T02:45;11;kWh;-1010;0;0;0;1010;-1010
2024-10-05T02:45;2024-10-05T03:00;12;kWh;0;1787;0;0;1787;1787
2024-10-05T03:00;2024-10-05T03:15;13;kWh;0;7498;0;0;7498;7498
2024-10-05T03:15;2024-10-05T03:30;14;kWh;0;7020;0;0;7020;7020
2024-10-05T03:30;2024-10-05T03:45;15;kWh;0;12280;0;0;12280;12280
2024-10-05T03:45;2024-10-05T04:00;16;kWh;0;10748;0;0;10748;10748
2024-10-05T04:00;2024-10-05T04:15;17;kWh;0;0;0;0;0;0
2024-10-05T04:15;2024-10-05T04:30;18;kWh;0;6584;0;0;6584;6584
2024-10-05T04:30;2024-10-05T04:45;19;kWh;0;1673;0;0;1673;1673
2024-10-05T04:45;2024-10-05T05:00;20;kWh;0;11851;0;0;11851;11851
2024-10-05T05:00;2024-10-05T05:15;21;kWh;-441;17458;0;0;17899;17017
2024-10-05T05:15;2024-10-05T05:30;22;kWh;0;1748;0;0;1748;1748
2024-10-05T05:30;2024-10-05T05:45;23;kWh;0;1050;0;0;1050;1050
2024-10-05T05:45;2024-10-05T06:00;24;kWh;-343;2478;0;0;2821;2135
2024-10-05T06:00;2024-10-05T06:15;25;kWh;-5967;0;0;0;5967;-5967
2024-10-05T06:15;2024-10-05T06:30;26;kWh;-3;0;0;0;3;-3
2024-10-05T06:30;2024-10-05T06:45;27;kWh;0;1131;0;0;1131;1131
2024-10-05T06:45;2024-10-05T07:00;28;kWh;0;21601;0;0;21601;21601
2024-10-05T07:00;2024-10-05T07:15;29;kWh;-424;1871;0;0;2295;1447
2024-10-05T07:15;2024-10-05T07:30;30;kWh;-149;91;0;0;240;-58
2024-10-05T07:30;2024-10-05T07:45;31;kWh;0;2951;0;0;2951;2951
2024-10-05T07:45;2024-10-05T08:00;32;kWh;0;4569;0;0;4569;4569
2024-10-05T08:00;2024-10-05T08:15;33;kWh;0;34892;0;0;34892;34892
2024-10-05T08:15;2024-10-05T08:30;34;kWh;0;36963;0;0;36963;36963
2024-10-05T08:30;2024-10-05T08:45;35;kWh;0;17517;0;0;17517;17517
2024-10-05T08:45;2024-10-05T09:00;36;kWh;-6545;3;0;0;6548;-6542
2024-10-05T09:00;2024-10-05T09:15;37;kWh;-3605;595;0;0;4200;-3010
2024-10-05T09:15;2024-10-05T09:30;38;kWh;-5608;0;0;0;5608;-5608
2024-10-05T09:30;2024-10-05T09:45;39;kWh;-20946;0;0;0;20946;-20946
2024-10-05T09:45;2024-10-05T10:00;40;kWh;-32511;877;0;0;33388;-31634
2024-10-05T10:00;2024-10-05T10:15;41;kWh;-3794;43;0;0;3837;-3751
2024-10-05T10:15;2024-10-05T10:30;42;kWh;-2193;0;0;0;2193;-2193
2024-10-05T10:30;2024-10-05T10:45;43;kWh;-15585;0;0;0;15585;-15585
2024-10-05T10:45;2024-10-05T11:00;44;kWh;-11797;0;0;0;11797;-11797
2024-10-05T11:00;2024-10-05T11:15;45;kWh;-6276;0;0;0;6276;-6276
2024-10-05T11:15;2024-10-05T11:30;46;kWh;-4105;434;0;0;4539;-3671
2024-10-05T11:30;2024-10-05T11:45;47;kWh;-1091;0;0;0;1091;-1091
2024-10-05T11:45;2024-10-05T12:00;48;kWh;-11380;0;0;0;11380;-11380
2024-10-05T12:00;2024-10-05T12:15;49;kWh;-2711;0;0;0;2711;-2711
2024-10-05T12:15;2024-10-05T12:30;50;kWh;0;0;0;0;0;0
2024-10-05T12:30;2024-10-05T12:45;51;kWh;-53;0;0;0;53;-53
2024-10-05T12:45;2024-10-05T13:00;52;kWh;-1200;0;0;0;1200;-1200
2024-10-05T13:00;2024-10-05T13:15;53;kWh;-17196;1140;0;0;18336;-16056
2024-10-05T13:15;2024-10-05T13:30;54;kWh;-18634;188;0;0;18822;-18446
2024-10-05T13:30;2024-10-05T13:45;55;kWh;-12215;89;0;0;12304;-12126
2024-10-05T13:45;2024-10-05T14:00;56;kWh;-16712;0;0;0;16712;-16712
2024-10-05T14:00;2024-10-05T14:15;57;kWh;-21100;377;0;0;21477;-20723
2024-10-05T14:15;2024-10-05T14:30;58;kWh;-16929;0;0;0;16929;-16929
2024-10-05T14:30;2024-10-05T14:45;59;kWh;-18571;14;0;0;18585;-18557
2024-10-05T14:45;2024-10-05T15:00;60;kWh;-18881;27;0;0;18908;-18854
2024-10-05T15:00;2024-10-05T15:15;61;kWh;-36143;0;0;0;36143;-36143
2024-10-05T15:15;2024-10-05T15:30;62;kWh;-31365;0;0;0;31365;-31365
2024-10-05T15:30;2024-10-05T15:45;63;kWh;-15676;666;0;0;16342;-15010
2024-10-05T15:45;2024-10-05T16:00;64;kWh;-26402;672;0;0;27074;-25730
2024-10-05T16:00;2024-10-05T16:15;65;kWh;-40389;1;0;0;40390;-40388
2024-10-05T16:15;2024-10-05T16:30;66;kWh;-10741;3;0;0;10744;-10738
2024-10-05T16:30;2024-10-05T16:45;67;kWh;-11668;95;0;0;11763;-11573
2024-10-05T16:45;2024-10-05T17:00;68;kWh;-87;868;0;0;955;781
2024-10-05T17:00;2024-10-05T17:15;69;kWh;-12988;0;0;0;12988;-12988
2024-10-05T17:15;2024-10-05T17:30;70;kWh;-6514;0;0;0;6514;-6514
2024-10-05T17:30;2024-10-05T17:45;71;kWh;-9463;0;0;0;9463;-9463
2024-10-05T17:45;2024-10-05T18:00;72;kWh;0;1101;0;0;1101;1101
2024-10-05T18:00;2024-10-05T18:15;73;kWh;-1869;977;0;0;2846;-892
2024-10-05T18:15;2024-10-05T18:30;74;kWh;0;305;0;0;305;305
2024-10-05T18:30;2024-10-05T18:45;75;kWh;-33;0;0;0;33;-33
2024-10-05T18:45;2024-10-05T19:00;76;kWh;-438;0;0;0;438;-438
2024-10-05T19:00;2024-10-05T19:15;77;kWh;-140;0;0;0;140;-140
2024-10-05T19:15;2024-10-05T19:30;78;kWh;-1196;0;0;0;1196;-1196
2024-10-05T19:30;2024-10-05T19:45;79;kWh;-18170;0;0;0;18170;-18170
2024-10-05T19:45;2024-10-05T20:00;80;kWh;-51373;0;0;0;51373;-51373
2024-10-05T20:00;2024-10-05T20:15;81;kWh;-17046;87;0;0;17133;-16959
2024-10-05T20:15;2024-10-05T20:30;82;kWh;-36981;0;0;0;36981;-36981
2024-10-05T20:30;2024-10-05T20:45;83;kWh;-32316;0;0;0;32316;-32316
2024-10-05T20:45;2024-10-05T21:00;84;kWh;-15456;30;0;0;15486;-15426
2024-10-05T21:00;2024-10-05T21:15;85;kWh;-12284;0;0;0;12284;-12284
2024-10-05T21:15;2024-10-05T21:30;86;kWh;-4644;0;0;0;4644;-4644
2024-10-05T21:30;2024-10-05T21:45;87;kWh;0;1117;0;0;1117;1117
2024-10-05T21:45;2024-10-05T22:00;88;kWh;-760;4789;0;0;5549;4029
2024-10-05T22:00;2024-10-05T22:15;89;kWh;-44256;0;0;0;44256;-44256
2024-10-05T22:15;2024-10-05T22:30;90;kWh;-24425;0;0;0;24425;-24425
2024-10-05T22:30;2024-10-05T22:45;91;kWh;-6335;0;0;0;6335;-6335
2024-10-05T22:45;2024-10-05T23:00;92;kWh;-12456;0;0;0;12456;-12456
2024-10-05T23:00;2024-10-05T23:15;93;kWh;-10176;0;0;0;10176;-10176
2024-10-05T23:15;2024-10-05T23:30;94;kWh;-14626;0;0;0;14626;-14626
2024-10-05T23:30;2024-10-05T23:45;95;kWh;-1569;0;0;0;1569;-1569
2024-10-05T23:45;2024-10-06T00:00;96;kWh;-14864;0;0;0;14864;-14864
2024-10-06T00:00;2024-10-06T00:15;1;kWh;-1521;8285;0;0;9806;6764
2024-10-06T00:15;2024-10-06T00:30;2;kWh;-5816;0;0;0;5816;-5816
2024-10-06T00:30;2024-10-06T00:45;3;kWh;-7767;0;0;0;7767;-7767
2024-10-06T00:45;2024-10-06T01:00;4;kWh;-5996;0;0;0;5996;-5996
2024-10-06T01:00;2024-10-06T01:15;5;kWh;-1290;0;0;0;1290;-1290
2024-10-06T01:15;2024-10-06T01:30;6;kWh;-763;0;0;0;763;-763
2024-10-06T01:30;2024-10-06T01:45;7;kWh;-415;0;0;0;415;-415
2024-10-06T01:45;2024-10-06T02:00;8;kWh;-4285;0;0;0;4285;-4285
2024-10-06T02:00;2024-10-06T02:15;9;kWh;-1132;0;0;0;1132;-1132
2024-10-06T02:15;2024-10-06T02:30;10;kWh;0;659;0;0;659;659
2024-10-06T02:30;2024-10-06T02:45;11;kWh;0;10535;0;0;10535;10535
2024-10-06T02:45;2024-10-06T03:00;12;kWh;0;1032;0;0;1032;1032
2024-10-06T03:00;2024-10-06T03:15;13;kWh;0;25457;0;0;25457;25457
2024-10-06T03:15;2024-10-06T03:30;14;kWh;0;33477;0;0;33477;33477
2024-10-06T03:30;2024-10-06T03:45;15;kWh;0;15776;0;0;15776;15776
2024-10-06T03:45;2024-10-06T04:00;16;kWh;0;2853;0;0;2853;2853
2024-10-06T04:00;2024-10-06T04:15;17;kWh;0;0;0;0;0;0
2024-10-06T04:15;2024-10-06T04:30;18;kWh;0;0;0;0;0;0
2024-10-06T04:30;2024-10-06T04:45;19;kWh;-373;0;0;0;373;-373
2024-10-06T04:45;2024-10-06T05:00;20;kWh;-2039;0;0;0;2039;-2039
2024-10-06T05:00;2024-10-06T05:15;21;kWh;-6392;0;0;0;6392;-6392
2024-10-06T05:15;2024-10-06T05:30;22;kWh;-15607;0;0;0;15607;-15607
2024-10-06T05:30;2024-10-06T05:45;23;kWh;-13415;0;0;0;13415;-13415
2024-10-06T05:45;2024-10-06T06:00;24;kWh;-14463;0;0;0;14463;-14463
2024-10-06T06:00;2024-10-06T06:15;25;kWh;-3548;0;0;0;3548;-3548
2024-10-06T06:15;2024-10-06T06:30;26;kWh;-2311;0;0;0;2311;-2311
2024-10-06T06:30;2024-10-06T06:45;27;kWh;-510;0;0;0;510;-510
2024-10-06T06:45;2024-10-06T07:00;28;kWh;0;2578;0;0;2578;2578
2024-10-06T07:00;2024-10-06T07:15;29;kWh;0;11051;0;0;11051;11051
2024-10-06T07:15;2024-10-06T07:30;30;kWh;0;40025;0;0;40025;40025
2024-10-06T07:30;2024-10-06T07:45;31;kWh;0;45235;0;0;45235;45235
2024-10-06T07:45;2024-10-06T08:00;32;kWh;0;13528;0;0;13528;13528
2024-10-06T08:00;2024-10-06T08:15;33;kWh;-2231;0;0;0;2231;-2231
2024-10-06T08:15;2024-10-06T08:30;34;kWh;-329;1997;0;0;2326;1668
2024-10-06T08:30;2024-10-06T08:45;35;kWh;0;240;0;0;240;240
2024-10-06T08:45;2024-10-06T09:00;36;kWh;-482;0;0;0;482;-482
2024-10-06T09:00;2024-10-06T09:15;37;kWh;-942;0;0;0;942;-942
2024-10-06T09:15;2024-10-06T09:30;38;kWh;-151;0;0;0;151;-151
2024-10-06T09:30;2024-10-06T09:45;39;kWh;-2683;0;0;0;2683;-2683
2024-10-06T09:45;2024-10-06T10:00;40;kWh;-1952;0;0;0;1952;-1952
2024-10-06T10:00;2024-10-06T10:15;41;kWh;-480;0;0;0;480;-480
2024-10-06T10:15;2024-10-06T10:30;42;kWh;-212;0;0;0;212;-212
2024-10-06T10:30;2024-10-06T10:45;43;kWh;-1371;0;0;0;1371;-1371
2024-10-06T10:45;2024-10-06T11:00;44;kWh;-11354;0;0;0;11354;-11354
2024-10-06T11:00;2024-10-06T11:15;45;kWh;-9863;0;0;0;9863;-9863
2024-10-06T11:15;2024-10-06T11:30;46;kWh;-2894;0;0;0;2894;-2894
2024-10-06T11:30;2024-10-06T11:45;47;kWh;-4424;0;0;0;4424;-4424
2024-10-06T11:45;2024-10-06T12:00;48;kWh;-3556;0;0;0;3556;-3556
2024-10-06T12:00;2024-10-06T12:15;49;kWh;-8;17937;0;0;17945;17929
2024-10-06T12:15;2024-10-06T12:30;50;kWh;0;4531;0;0;4531;4531
2024-10-06T12:30;2024-10-06T12:45;51;kWh;0;3807;0;0;3807;3807
2024-10-06T12:45;2024-10-06T13:00;52;kWh;-8216;0;0;0;8216;-8216
2024-10-06T13:00;2024-10-06T13:15;53;kWh;-7133;0;0;0;7133;-7133
2024-10-06T13:15;2024-10-06T13:30;54;kWh;-52778;0;0;0;52778;-52778
2024-10-06T13:30;2024-10-06T13:45;55;kWh;-76479;0;0;0;76479;-76479
2024-10-06T13:45;2024-10-06T14:00;56;kWh;-71304;0;0;0;71304;-71304
2024-10-06T14:00;2024-10-06T14:15;57;kWh;-69274;0;0;0;69274;-69274
2024-10-06T14:15;2024-10-06T14:30;58;kWh;-49748;0;0;0;49748;-49748
2024-10-06T14:30;2024-10-06T14:45;59;kWh;-51461;0;0;0;51461;-51461
2024-10-06T14:45;2024-10-06T15:00;60;kWh;-45066;0;0;0;45066;-45066
2024-10-06T15:00;2024-10-06T15:15;61;kWh;-63743;0;0;0;63743;-63743
2024-10-06T15:15;2024-10-06T15:30;62;kWh;-44146;0;0;0;44146;-44146
2024-10-06T15:30;2024-10-06T15:45;63;kWh;-45729;5425;0;0;51154;-40304
2024-10-06T15:45;2024-10-06T16:00;64;kWh;-60125;3950;0;0;64075;-56175
2024-10-06T16:00;2024-10-06T16:15;65;kWh;-21006;0;0;0;21006;-21006
2024-10-06T16:15;2024-10-06T16:30;66;kWh;-32112;0;0;0;32112;-32112
2024-10-06T16:30;2024-10-06T16:45;67;kWh;-19687;0;0;0;19687;-19687
2024-10-06T16:45;2024-10-06T17:00;68;kWh;-13092;0;0;0;13092;-13092
2024-10-06T17:00;2024-10-06T17:15;69;kWh;-38491;4235;0;0;42726;-34256
2024-10-06T17:15;2024-10-06T17:30;70;kWh;-3830;10842;0;0;14672;7012
2024-10-06T17:30;2024-10-06T17:45;71;kWh;-220;1490;0;0;1710;1270
2024-10-06T17:45;2024-10-06T18:00;72;kWh;0;15703;0;0;15703;15703
2024-10-06T18:00;2024-10-06T18:15;73;kWh;-1200;6026;0;0;7226;4826
2024-10-06T18:15;2024-10-06T18:30;74;kWh;-395;1659;0;0;2054;1264
2024-10-06T18:30;2024-10-06T18:45;75;kWh;0;4514;0;0;4514;4514
2024-10-06T18:45;2024-10-06T19:00;76;kWh;0;0;0;0;0;0
2024-10-06T19:00;2024-10-06T19:15;77;kWh;-8617;0;0;0;8617;-8617
2024-10-06T19:15;2024-10-06T19:30;78;kWh;0;1704;0;0;1704;1704
2024-10-06T19:30;2024-10-06T19:45;79;kWh;0;600;0;0;600;600
2024-10-06T19:45;2024-10-06T20:00;80;kWh;-1256;0;0;0;1256;-1256
2024-10-06T20:00;2024-10-06T20:15;81;kWh;-17628;0;0;0;17628;-17628
2024-10-06T20:15;2024-10-06T20:30;82;kWh;-20074;0;0;0;20074;-20074
2024-10-06T20:30;2024-10-06T20:45;83;kWh;-17558;0;0;0;17558;-17558
2024-10-06T20:45;2024-10-06T21:00;84;kWh;-10986;0;0;0;10986;-10986
2024-10-06T21:00;2024-10-06T21:15;85;kWh;-2085;205;0;0;2290;-1880
2024-10-06T21:15;2024-10-06T21:30;86;kWh;0;2444;0;0;2444;2444
2024-10-06T21:30;2024-10-06T21:45;87;kWh;0;1564;0;0;1564;1564
2024-10-06T21:45;2024-10-06T22:00;88;kWh;0;3188;0;0;3188;3188
2024-10-06T22:00;2024-10-06T22:15;89;kWh;0;16543;0;0;16543;16543
2024-10-06T22:15;2024-10-06T22:30;90;kWh;0;48050;0;0;48050;48050
2024-10-06T22:30;2024-10-06T22:45;91;kWh;0;17212;0;0;17212;17212
2024-10-06T22:45;2024-10-06T23:00;92;kWh;0;346;0;0;346;346
2024-10-06T23:00;2024-10-06T23:15;93;kWh;0;39624;0;0;39624;39624
2024-10-06T23:15;2024-10-06T23:30;94;kWh;0;47151;0;0;47151;47151
2024-10-06T23:30;2024-10-06T23:45;95;kWh;-1311;14951;0;0;16262;13640
2024-10-06T23:45;2024-10-07T00:00;96;kWh;-495;10633;0;0;11128;10138
2024-10-07T00:00;2024-10-07T00:15;1;kWh;0;71589;0;0;71589;71589
2024-10-07T00:15;2024-10-07T00:30;2;kWh;0;38214;0;0;38214;38214
2024-10-07T00:30;2024-10-07T00:45;3;kWh;0;0;0;0;0;0
2024-10-07T00:45;2024-10-07T01:00;4;kWh;0;0;0;0;0;0
2024-10-07T01:00;2024-10-07T01:15;5;kWh;0;5106;0;0;5106;5106
2024-10-07T01:15;2024-10-07T01:30;6;kWh;0;3772;0;0;3772;3772
2024-10-07T01:30;2024-10-07T01:45;7;kWh;0;3502;0;0;3502;3502
2024-10-07T01:45;2024-10-07T02:00;8;kWh;0;428;0;0;428;428
2024-10-07T02:00;2024-10-07T02:15;9;kWh;-2049;0;0;0;2049;-2049
2024-10-07T02:15;2024-10-07T02:30;10;kWh;-3832;0;0;0;3832;-3832
2024-10-07T02:30;2024-10-07T02:45;11;kWh;-5975;0;0;0;5975;-5975
2024-10-07T02:45;2024-10-07T03:00;12;kWh;-3325;0;0;0;3325;-3325
2024-10-07T03:00;2024-10-07T03:15;13;kWh;-3028;0;0;0;3028;-3028
2024-10-07T03:15;2024-10-07T03:30;14;kWh;-639;0;0;0;639;-639
2024-10-07T03:30;2024-10-07T03:45;15;kWh;-360;0;0;0;360;-360
2024-10-07T03:45;2024-10-07T04:00;16;kWh;-3240;0;0;0;3240;-3240
2024-10-07T04:00;2024-10-07T04:15;17;kWh;-4441;857;0;0;5298;-3584
2024-10-07T04:15;2024-10-07T04:30;18;kWh;0;16930;0;0;16930;16930
2024-10-07T04:30;2024-10-07T04:45;19;kWh;0;0;0;0;0;0
2024-10-07T04:45;2024-10-07T05:00;20;kWh;-3465;0;0;0;3465;-3465
2024-10-07T05:00;2024-10-07T05:15;21;kWh;-29737;0;0;0;29737;-29737
2024-10-07T05:15;2024-10-07T05:30;22;kWh;-15571;0;0;0;15571;-15571
2024-10-07T05:30;2024-10-07T05:45;23;kWh;-4738;0;0;0;4738;-4738
2024-10-07T05:45;2024-10-07T06:00;24;kWh;-2;6;0;0;8;4
2024-10-07T06:00;2024-10-07T06:15;25;kWh;-20497;370;0;0;20867;-20127
2024-10-07T06:15;2024-10-07T06:30;26;kWh;0;0;0;0;0;0
2024-10-07T06:30;2024-10-07T06:45;27;kWh;0;0;0;0;0;0
2024-10-07T06:45;2024-10-07T07:00;28;kWh;0;1516;0;0;1516;1516
2024-10-07T07:00;2024-10-07T07:15;29;kWh;-43606;5139;0;0;48745;-38467
2024-10-07T07:15;2024-10-07T07:30;30;kWh;-48029;15352;0;0;63381;-32677
2024-10-07T07:30;2024-10-07T07:45;31;kWh;-24874;0;0;0;24874;-24874
2024-10-07T07:45;2024-10-07T08:00;32;kWh;-24485;0;0;0;24485;-24485
2024-10-07T08:00;2024-10-07T08:15;33;kWh;-34442;3320;0;0;37762;-31122
2024-10-07T08:15;2024-10-07T08:30;34;kWh;-464;10436;0;0;10900;9972
2024-10-07T08:30;2024-10-07T08:45;35;kWh;0;0;0;0;0;0
2024-10-07T08:45;2024-10-07T09:00;36;kWh;-1002;0;0;0;1002;-1002
2024-10-07T09:00;2024-10-07T09:15;37;kWh;-99;24612;0;0;24711;24513
2024-10-07T09:15;2024-10-07T09:30;38;kWh;-6342;1597;0;0;7939;-4745
2024-10-07T09:30;2024-10-07T09:45;39;kWh;-28593;0;0;0;28593;-28593
2024-10-07T09:45;2024-10-07T10:00;40;kWh;-40059;172;0;0;40231;-39887
2024-10-07T10:00;2024-10-07T10:15;41;kWh;-6202;925;0;0;7127;-5277
2024-10-07T10:15;2024-10-07T10:30;42;kWh;-19663;0;0;0;19663;-19663
2024-10-07T10:30;2024-10-07T10:45;43;kWh;-37873;0;0;0;37873;-37873
2024-10-07T10:45;2024-10-07T11:00;44;kWh;-54157;0;0;0;54157;-54157
2024-10-07T11:00;2024-10-07T11:15;45;kWh;-21481;220;0;0;21701;-21261
2024-10-07T11:15;2024-10-07T11:30;46;kWh;-28506;0;0;0;28506;-28506
2024-10-07T11:30;2024-10-07T11:45;47;kWh;-55280;0;0;0;55280;-55280
2024-10-07T11:45;2024-10-07T12:00;48;kWh;-51516;0;0;0;51516;-51516
2024-10-07T12:00;2024-10-07T12:15;49;kWh;-15719;100;0;0;15819;-15619
2024-10-07T12:15;2024-10-07T12:30;50;kWh;-23532;15;0;0;23547;-23517
2024-10-07T12:30;2024-10-07T12:45;51;kWh;-7606;0;0;0;7606;-7606
2024-10-07T12:45;2024-10-07T13:00;52;kWh;-176;0;0;0;176;-176
2024-10-07T13:00;2024-10-07T13:15;53;kWh;-5368;8563;0;0;13931;3195
2024-10-07T13:15;2024-10-07T13:30;54;kWh;0;64393;0;0;64393;64393
2024-10-07T13:30;2024-10-07T13:45;55;kWh;-28539;52832;0;0;81371;24293
2024-10-07T13:45;2024-10-07T14:00;56;kWh;-10982;64;0;0;11046;-10918
2024-10-07T14:00;2024-10-07T14:15;57;kWh;-47865;120;0;0;47985;-47745
2024-10-07T14:15;2024-10-07T14:30;58;kWh;-9855;429;0;0;10284;-9426
2024-10-07T14:30;2024-10-07T14:45;59;kWh;-2778;15453;0;0;18231;12675
2024-10-07T14:45;2024-10-07T15:00;60;kWh;-936;43012;0;0;43948;42076
2024-10-07T15:00;2024-10-07T15:15;61;kWh;-64524;602;0;0;65126;-63922
2024-10-07T15:15;2024-10-07T15:30;62;kWh;-61918;92;0;0;62010;-61826
2024-10-07T15:30;2024-10-07T15:45;63;kWh;-41209;486;0;0;41695;-40723
2024-10-07T15:45;2024-10-07T16:00;64;kWh;-47233;407;0;0;47640;-46826
2024-10-07T16:00;2024-10-07T16:15;65;kWh;-26002;308;0;0;26310;-25694
2024-10-07T16:15;2024-10-07T16:30;66;kWh;-1382;43;0;0;1425;-1339
2024-10-07T16:30;2024-10-07T16:45;67;kWh;0;0;0;0;0;0
2024-10-07T16:45;2024-10-07T17:00;68;kWh;-77;0;0;0;77;-77
2024-10-07T17:00;2024-10-07T17:15;69;kWh;-1640;3;0;0;1643;-1637
2024-10-07T17:15;2024-10-07T17:30;70;kWh;0;10316;0;0;10316;10316
2024-10-07T17:30;2024-10-07T17:45;71;kWh;0;28442;0;0;28442;28442
2024-10-07T17:45;2024-10-07T18:00;72;kWh;0;18993;0;0;18993;18993
2024-10-07T18:00;2024-10-07T18:15;73;kWh;-66991;189;0;0;67180;-66802
2024-10-07T18:15;2024-10-07T18:30;74;kWh;-62949;0;0;0;62949;-62949
2024-10-07T18:30;2024-10-07T18:45;75;kWh;-679;1335;0;0;2014;656
2024-10-07T18:45;2024-10-07T19:00;76;kWh;0;530;0;0;530;530
2024-10-07T19:00;2024-10-07T19:15;77;kWh;-10413;2;0;0;10415;-10411
2024-10-07T19:15;2024-10-07T19:30;78;kWh;-14365;0;0;0;14365;-14365
2024-10-07T19:30;2024-10-07T19:45;79;kWh;-53640;0;0;0;53640;-53640
2024-10-07T19:45;2024-10-07T20:00;80;kWh;-70750;0;0;0;70750;-70750
2024-10-07T20:00;2024-10-07T20:15;81;kWh;-1973;829;0;0;2802;-1144
2024-10-07T20:15;2024-10-07T20:30;82;kWh;-1571;8650;0;0;10221;7079
2024-10-07T20:30;2024-10-07T20:45;83;kWh;-5938;0;0;0;5938;-5938
2024-10-07T20:45;2024-10-07T21:00;84;kWh;-19171;0;0;0;19171;-19171
2024-10-07T21:00;2024-10-07T21:15;85;kWh;-10199;9239;0;0;19438;-960
2024-10-07T21:15;2024-10-07T21:30;86;kWh;0;12512;0;0;12512;12512
2024-10-07T21:30;2024-10-07T21:45;87;kWh;0;1951;0;0;1951;1951
2024-10-07T21:45;2024-10-07T22:00;88;kWh;-3;2885;0;0;2888;2882
2024-10-07T22:00;2024-10-07T22:15;89;kWh;-1637;161;0;0;1798;-1476
2024-10-07T22:15;2024-10-07T22:30;90;kWh;0;31925;0;0;31925;31925
2024-10-07T22:30;2024-10-07T22:45;91;kWh;0;24141;0;0;24141;24141
2024-10-07T22:45;2024-10-07T23:00;92;kWh;-116;3937;0;0;4053;3821
2024-10-07T23:00;2024-10-07T23:15;93;kWh;-1104;8;0;0;1112;-1096
2024-10-07T23:15;2024-10-07T23:30;94;kWh;-7166;0;0;0;7166;-7166
2024-10-07T23:30;2024-10-07T23:45;95;kWh;-17816;0;0;0;17816;-17816
2024-10-07T23:45;2024-10-08T00:00;96;kWh;-17312;141;0;0;17453;-17171
2024-10-08T00:00;2024-10-08T00:15;1;kWh;-1060;10142;0;0;11202;9082
2024-10-08T00:15;2024-10-08T00:30;2;kWh;0;14782;0;0;14782;14782
2024-10-08T00:30;2024-10-08T00:45;3;kWh;0;13459;0;0;13459;13459
2024-10-08T00:45;2024-10-08T01:00;4;kWh;0;23650;0;0;23650;23650
2024-10-08T01:00;2024-10-08T01:15;5;kWh;0;1378;0;0;1378;1378
2024-10-08T01:15;2024-10-08T01:30;6;kWh;-3718;171;0;0;3889;-3547
2024-10-08T01:30;2024-10-08T01:45;7;kWh;-6669;0;0;0;6669;-6669
2024-10-08T01:45;2024-10-08T02:00;8;kWh;-4099;0;0;0;4099;-4099
2024-10-08T02:00;2024-10-08T02:15;9;kWh;-1073;0;0;0;1073;-1073
2024-10-08T02:15;2024-10-08T02:30;10;kWh;0;0;0;0;0;0
2024-10-08T02:30;2024-10-08T02:45;11;kWh;-820;0;0;0;820;-820
2024-10-08T02:45;2024-10-08T03:00;12;kWh;-839;0;0;0;839;-839
2024-10-08T03:00;2024-10-08T03:15;13;kWh;0;0;0;0;0;0
2024-10-08T03:15;2024-10-08T03:30;14;kWh;0;0;0;0;0;0
2024-10-08T03:30;2024-10-08T03:45;15;kWh;-4187;0;0;0;4187;-4187
2024-10-08T03:45;2024-10-08T04:00;16;kWh;-13230;0;0;0;13230;-13230
2024-10-08T04:00;2024-10-08T04:15;17;kWh;-6017;0;0;0;6017;-6017
2024-10-08T04:15;2024-10-08T04:30;18;kWh;-4634;0;0;0;4634;-4634
2024-10-08T04:30;2024-10-08T04:45;19;kWh;-4531;0;0;0;4531;-4531
2024-10-08T04:45;2024-10-08T05:00;20;kWh;-1906;1152;0;0;3058;-754
2024-10-08T05:00;2024-10-08T05:15;21;kWh;0;1693;0;0;1693;1693
2024-10-08T05:15;2024-10-08T05:30;22;kWh;-15521;0;0;0;15521;-15521
2024-10-08T05:30;2024-10-08T05:45;23;kWh;-10321;0;0;0;10321;-10321
2024-10-08T05:45;2024-10-08T06:00;24;kWh;-26484;0;0;0;26484;-26484
2024-10-08T06:00;2024-10-08T06:15;25;kWh;-507;0;0;0;507;-507
2024-10-08T06:15;2024-10-08T06:30;26;kWh;-6768;0;0;0;6768;-6768
2024-10-08T06:30;2024-10-08T06:45;27;kWh;-6348;0;0;0;6348;-6348
2024-10-08T06:45;2024-10-08T07:00;28;kWh;-474;0;0;0;474;-474
2024-10-08T07:00;2024-10-08T07:15;29;kWh;-33189;213;0;0;33402;-32976
2024-10-08T07:15;2024-10-08T07:30;30;kWh;-37629;2;0;0;37631;-37627
2024-10-08T07:30;2024-10-08T07:45;31;kWh;-25951;21;0;0;25972;-25930
2024-10-08T07:45;2024-10-08T08:00;32;kWh;-23315;0;0;0;23315;-23315
2024-10-08T08:00;2024-10-08T08:15;33;kWh;-18119;0;0;0;18119;-18119
2024-10-08T08:15;2024-10-08T08:30;34;kWh;-8840;0;0;0;8840;-8840
2024-10-08T08:30;2024-10-08T08:45;35;kWh;-38422;0;0;0;38422;-38422
2024-10-08T08:45;2024-10-08T09:00;36;kWh;-40115;0;0;0;40115;-40115
2024-10-08T09:00;2024-10-08T09:15;37;kWh;-27965;0;0;0;27965;-27965
2024-10-08T09:15;2024-10-08T09:30;38;kWh;-32500;0;0;0;32500;-32500
2024-10-08T09:30;2024-10-08T09:45;39;kWh;-23882;0;0;0;23882;-23882
2024-10-08T09:45;2024-10-08T10:00;40;kWh;-41554;0;0;0;41554;-41554
2024-10-08T10:00;2024-10-08T10:15;41;kWh;-14424;0;0;0;14424;-14424
2024-10-08T10:15;2024-10-08T10:30;42;kWh;-26494;0;0;0;26494;-26494
2024-10-08T10:30;2024-10-08T10:45;43;kWh;-56259;0;0;0;56259;-56259
2024-10-08T10:45;2024-10-08T11:00;44;kWh;-57889;0;0;0;57889;-57889
2024-10-08T11:00;2024-10-08T11:15;45;kWh;-26672;0;0;0;26672;-26672
2024-10-08T11:15;2024-10-08T11:30;46;kWh;-67009;0;0;0;67009;-67009
2024-10-08T11:30;2024-10-08T11:45;47;kWh;-70899;0;0;0;70899;-70899
2024-10-08T11:45;2024-10-08T12:00;48;kWh;-77756;0;0;0;77756;-77756
2024-10-08T12:00;2024-10-08T12:15;49;kWh;-22304;0;0;0;22304;-22304
2024-10-08T12:15;2024-10-08T12:30;50;kWh;-59804;2;0;0;59806;-59802
2024-10-08T12:30;2024-10-08T12:45;51;kWh;-108684;64;0;0;108748;-108620
2024-10-08T12:45;2024-10-08T13:00;52;kWh;-59216;690;0;0;59906;-58526
2024-10-08T13:00;2024-10-08T13:15;53;kWh;-78077;9617;0;0;87694;-68460
2024-10-08T13:15;2024-10-08T13:30;54;kWh;-45922;2890;0;0;48812;-43032
2024-10-08T13:30;2024-10-08T13:45;55;kWh;-17219;39;0;0;17258;-17180
2024-10-08T13:45;2024-10-08T14:00;56;kWh;-22139;0;0;0;22139;-22139
2024-10-08T14:00;2024-10-08T14:15;57;kWh;-40976;0;0;0;40976;-40976
2024-10-08T14:15;2024-10-08T14:30;58;kWh;-29130;2239;0;0;31369;-26891
2024-10-08T14:30;2024-10-08T14:45;59;kWh;-19281;7;0;0;19288;-19274
2024-10-08T14:45;2024-10-08T15:00;60;kWh;-27972;0;0;0;27972;-27972
2024-10-08T15:00;2024-10-08T15:15;61;kWh;-13014;56;0;0;13070;-12958
2024-10-08T15:15;2024-10-08T15:30;62;kWh;-4161;37;0;0;4198;-4124
2024-10-08T15:30;2024-10-08T15:45;63;kWh;-1234;0;0;0;1234;-1234
2024-10-08T15:45;2024-10-08T16:00;64;kWh;-22408;0;0;0;22408;-22408
2024-10-08T16:00;2024-10-08T16:15;65;kWh;-18566;221;0;0;18787;-18345
2024-10-08T16:15;2024-10-08T16:30;66;kWh;-3632;626;0;0;4258;-3006
2024-10-08T16:30;2024-10-08T16:45;67;kWh;-1592;0;0;0;1592;-1592
2024-10-08T16:45;2024-10-08T17:00;68;kWh;-14;0;0;0;14;-14
2024-10-08T17:00;2024-10-08T17:15;69;kWh;-18270;0;0;0;18270;-18270
2024-10-08T17:15;2024-10-08T17:30;70;kWh;-4470;0;0;0;4470;-4470
2024-10-08T17:30;2024-10-08T17:45;71;kWh;-18611;0;0;0;18611;-18611
2024-10-08T17:45;2024-10-08T18:00;72;kWh;-4766;0;0;0;4766;-4766
2024-10-08T18:00;2024-10-08T18:15;73;kWh;-34190;3152;0;0;37342;-31038
2024-10-08T18:15;2024-10-08T18:30;74;kWh;0;6850;0;0;6850;6850
2024-10-08T18:30;2024-10-08T18:45;75;kWh;0;38;0;0;38;38
2024-10-08T18:45;2024-10-08T19:00;76;kWh;0;1677;0;0;1677;1677
2024-10-08T19:00;2024-10-08T19:15;77;kWh;0;29669;0;0;29669;29669
2024-10-08T19:15;2024-10-08T19:30;78;kWh;0;60419;0;0;60419;60419
2024-10-08T19:30;2024-10-08T19:45;79;kWh;0;47764;0;0;47764;47764
2024-10-08T19:45;2024-10-08T20:00;80;kWh;-326;25423;0;0;25749;25097
2024-10-08T20:00;2024-10-08T20:15;81;kWh;-1184;651;0;0;1835;-533
2024-10-08T20:15;2024-10-08T20:30;82;kWh;-6220;36;0;0;6256;-6184
2024-10-08T20:30;2024-10-08T20:45;83;kWh;-39539;0;0;0;39539;-39539
2024-10-08T20:45;2024-10-08T21:00;84;kWh;-39965;346;0;0;40311;-39619
2024-10-08T21:00;2024-10-08T21:15;85;kWh;-29898;0;0;0;29898;-29898
2024-10-08T21:15;2024-10-08T21:30;86;kWh;-28586;70;0;0;28656;-28516
2024-10-08T21:30;2024-10-08T21:45;87;kWh;-38906;0;0;0;38906;-38906
2024-10-08T21:45;2024-10-08T22:00;88;kWh;-23670;0;0;0;23670;-23670
2024-10-08T22:00;2024-10-08T22:15;89;kWh;-12577;3051;0;0;15628;-9526
2024-10-08T22:15;2024-10-08T22:30;90;kWh;-397;390;0;0;787;-7
2024-10-08T22:30;2024-10-08T22:45;91;kWh;-5103;0;0;0;5103;-5103
2024-10-08T22:45;2024-10-08T23:00;92;kWh;-9228;979;0;0;10207;-8249
2024-10-08T23:00;2024-10-08T23:15;93;kWh;-855;0;0;0;855;-855
2024-10-08T23:15;2024-10-08T23:30;94;kWh;-1375;0;0;0;1375;-1375
2024-10-08T23:30;2024-10-08T23:45;95;kWh;-5668;0;0;0;5668;-5668
2024-10-08T23:45;2024-10-09T00:00;96;kWh;-9013;0;0;0;9013;-9013
2024-10-09T00:00;2024-10-09T00:15;1;kWh;-3177;0;0;0;3177;-3177
2024-10-09T00:15;2024-10-09T00:30;2;kWh;-6345;0;0;0;6345;-6345
2024-10-09T00:30;2024-10-09T00:45;3;kWh;-1642;0;0;0;1642;-1642
2024-10-09T00:45;2024-10-09T01:00;4;kWh;-90;0;0;0;90;-90
2024-10-09T01:00;2024-10-09T01:15;5;kWh;-5;10277;0;0;10282;10272
2024-10-09T01:15;2024-10-09T01:30;6;kWh;0;3355;0;0;3355;3355
2024-10-09T01:30;2024-10-09T01:45;7;kWh;0;0;0;0;0;0
2024-10-09T01:45;2024-10-09T02:00;8;kWh;-327;0;0;0;327;-327
2024-10-09T02:00;2024-10-09T02:15;9;kWh;-1376;0;0;0;1376;-1376
2024-10-09T02:15;2024-10-09T02:30;10;kWh;-61;0;0;0;61;-61
2024-10-09T02:30;2024-10-09T02:45;11;kWh;-307;0;0;0;307;-307
2024-10-09T02:45;2024-10-09T03:00;12;kWh;-851;0;0;0;851;-851
2024-10-09T03:00;2024-10-09T03:15;13;kWh;-5194;0;0;0;5194;-5194
2024-10-09T03:15;2024-10-09T03:30;14;kWh;-12273;0;0;0;12273;-12273
2024-10-09T03:30;2024-10-09T03:45;15;kWh;-18197;0;0;0;18197;-18197
2024-10-09T03:45;2024-10-09T04:00;16;kWh;-20372;0;0;0;20372;-20372
2024-10-09T04:00;2024-10-09T04:15;17;kWh;-9436;1045;0;0;10481;-8391
2024-10-09T04:15;2024-10-09T04:30;18;kWh;-9411;8;0;0;9419;-9403
2024-10-09T04:30;2024-10-09T04:45;19;kWh;-5552;0;0;0;5552;-5552
2024-10-09T04:45;2024-10-09T05:00;20;kWh;-7116;0;0;0;7116;-7116
2024-10-09T05:00;2024-10-09T05:15;21;kWh;-8607;0;0;0;8607;-8607
2024-10-09T05:15;2024-10-09T05:30;22;kWh;0;0;0;0;0;0
2024-10-09T05:30;2024-10-09T05:45;23;kWh;-1675;0;0;0;1675;-1675
2024-10-09T05:45;2024-10-09T06:00;24;kWh;-2380;0;0;0;2380;-2380
2024-10-09T06:00;2024-10-09T06:15;25;kWh;-32396;1174;0;0;33570;-31222
2024-10-09T06:15;2024-10-09T06:30;26;kWh;-19948;521;0;0;20469;-19427
2024-10-09T06:30;2024-10-09T06:45;27;kWh;-117;1381;0;0;1498;1264
2024-10-09T06:45;2024-10-09T07:00;28;kWh;0;1752;0;0;1752;1752
2024-10-09T07:00;2024-10-09T07:15;29;kWh;-12321;146;0;0;12467;-12175
2024-10-09T07:15;2024-10-09T07:30;30;kWh;-2;883;0;0;885;881
2024-10-09T07:30;2024-10-09T07:45;31;kWh;0;8448;0;0;8448;8448
2024-10-09T07:45;2024-10-09T08:00;32;kWh;0;12739;0;0;12739;12739
2024-10-09T08:00;2024-10-09T08:15;33;kWh;0;8302;0;0;8302;8302
2024-10-09T08:15;2024-10-09T08:30;34;kWh;0;4271;0;0;4271;4271
2024-10-09T08:30;2024-10-09T08:45;35;kWh;0;0;0;0;0;0
2024-10-09T08:45;2024-10-09T09:00;36;kWh;-4273;0;0;0;4273;-4273
2024-10-09T09:00;2024-10-09T09:15;37;kWh;-4145;0;0;0;4145;-4145
2024-10-09T09:15;2024-10-09T09:30;38;kWh;-10400;0;0;0;10400;-10400
2024-10-09T09:30;2024-10-09T09:45;39;kWh;-16578;276;0;0;16854;-16302
2024-10-09T09:45;2024-10-09T10:00;40;kWh;-31577;0;0;0;31577;-31577
2024-10-09T10:00;2024-10-09T10:15;41;kWh;-4404;0;0;0;4404;-4404
2024-10-09T10:15;2024-10-09T10:30;42;kWh;-22264;0;0;0;22264;-22264
2024-10-09T10:30;2024-10-09T10:45;43;kWh;-32480;0;0;0;32480;-32480
2024-10-09T10:45;2024-10-09T11:00;44;kWh;-9242;0;0;0;9242;-9242
2024-10-09T11:00;2024-10-09T11:15;45;kWh;-10829;0;0;0;10829;-10829
2024-10-09T11:15;2024-10-09T11:30;46;kWh;-9844;571;0;0;10415;-9273
2024-10-09T11:30;2024-10-09T11:45;47;kWh;-1094;5212;0;0;6306;4118
2024-10-09T11:45;2024-10-09T12:00;48;kWh;-440;0;0;0;440;-440
2024-10-09T12:00;2024-10-09T12:15;49;kWh;0;3567;0;0;3567;3567
2024-10-09T12:15;2024-10-09T12:30;50;kWh;0;16439;0;0;16439;16439
2024-10-09T12:30;2024-10-09T12:45;51;kWh;0;42635;0;0;42635;42635
2024-10-09T12:45;2024-10-09T13:00;52;kWh;0;53616;0;0;53616;53616
2024-10-09T13:00;2024-10-09T13:15;53;kWh;-3020;5701;0;0;8721;2681
2024-10-09T13:15;2024-10-09T13:30;54;kWh;-5931;6;0;0;5937;-5925
2024-10-09T13:30;2024-10-09T13:45;55;kWh;0;0;0;0;0;0
2024-10-09T13:45;2024-10-09T14:00;56;kWh;0;3574;0;0;3574;3574
2024-10-09T14:00;2024-10-09T14:15;57;kWh;-14544;619;0;0;15163;-13925
2024-10-09T14:15;2024-10-09T14:30;58;kWh;-997;489;0;0;1486;-508
2024-10-09T14:30;2024-10-09T14:45;59;kWh;-1311;0;0;0;1311;-1311
2024-10-09T14:45;2024-10-09T15:00;60;kWh;-9043;602;0;0;9645;-8441
2024-10-09T15:00;2024-10-09T15:15;61;kWh;-8642;649;0;0;9291;-7993
2024-10-09T15:15;2024-10-09T15:30;62;kWh;-6797;631;0;0;7428;-6166
2024-10-09T15:30;2024-10-09T15:45;63;kWh;0;0;0;0;0;0
2024-10-09T15:45;2024-10-09T16:00;64;kWh;0;1120;0;0;1120;1120
2024-10-09T16:00;2024-10-09T16:15;65;kWh;0;43656;0;0;43656;43656
2024-10-09T16:15;2024-10-09T16:30;66;kWh;-140;26356;0;0;26496;26216
2024-10-09T16:30;2024-10-09T16:45;67;kWh;-391;0;0;0;391;-391
2024-10-09T16:45;2024-10-09T17:00;68;kWh;-447;0;0;0;447;-447
2024-10-09T17:00;2024-10-09T17:15;69;kWh;-27728;0;0;0;27728;-27728
2024-10-09T17:15;2024-10-09T17:30;70;kWh;-14259;0;0;0;14259;-14259
2024-10-09T17:30;2024-10-09T17:45;71;kWh;-9027;0;0;0;9027;-9027
2024-10-09T17:45;2024-10-09T18:00;72;kWh;-40;0;0;0;40;-40
2024-10-09T18:00;2024-10-09T18:15;73;kWh;-4843;0;0;0;4843;-4843
2024-10-09T18:15;2024-10-09T18:30;74;kWh;-25032;0;0;0;25032;-25032
2024-10-09T18:30;2024-10-09T18:45;75;kWh;-513;1794;0;0;2307;1281
2024-10-09T18:45;2024-10-09T19:00;76;kWh;0;1873;0;0;1873;1873
2024-10-09T19:00;2024-10-09T19:15;77;kWh;0;690;0;0;690;690
2024-10-09T19:15;2024-10-09T19:30;78;kWh;0;3753;0;0;3753;3753
2024-10-09T19:30;2024-10-09T19:45;79;kWh;-4162;892;0;0;5054;-3270
2024-10-09T19:45;2024-10-09T20:00;80;kWh;-26780;0;0;0;26780;-26780
2024-10-09T20:00;2024-10-09T20:15;81;kWh;-13279;963;0;0;14242;-12316
2024-10-09T20:15;2024-10-09T20:30;82;kWh;-1893;0;0;0;1893;-1893
2024-10-09T20:30;2024-10-09T20:45;83;kWh;-17695;0;0;0;17695;-17695
2024-10-09T20:45;2024-10-09T21:00;84;kWh;-27655;0;0;0;27655;-27655
2024-10-09T21:00;2024-10-09T21:15;85;kWh;-10835;1131;0;0;11966;-9704
2024-10-09T21:15;2024-10-09T21:30;86;kWh;-6753;0;0;0;6753;-6753
2024-10-09T21:30;2024-10-09T21:45;87;kWh;-5026;2071;0;0;7097;-2955
2024-10-09T21:45;2024-10-09T22:00;88;kWh;-470;6402;0;0;6872;5932
2024-10-09T22:00;2024-10-09T22:15;89;kWh;-1414;12823;0;0;14237;11409
2024-10-09T22:15;2024-10-09T22:30;90;kWh;-249;54366;0;0;54615;54117
2024-10-09T22:30;2024-10-09T22:45;91;kWh;-249;36117;0;0;36366;35868
2024-10-09T22:45;2024-10-09T23:00;92;kWh;-644;14832;0;0;15476;14188
2024-10-09T23:00;2024-10-09T23:15;93;kWh;-7830;4387;0;0;12217;-3443
2024-10-09T23:15;2024-10-09T23:30;94;kWh;-2957;8424;0;0;11381;5467
2024-10-09T23:30;2024-10-09T23:45;95;kWh;-26371;0;0;0;26371;-26371
2024-10-09T23:45;2024-10-10T00:00;96;kWh;-37161;0;0;0;37161;-37161
2024-10-10T00:00;2024-10-10T00:15;1;kWh;-10751;0;0;0;10751;-10751
2024-10-10T00:15;2024-10-10T00:30;2;kWh;-6866;0;0;0;6866;-6866
2024-10-10T00:30;2024-10-10T00:45;3;kWh;-2172;0;0;0;2172;-2172
2024-10-10T00:45;2024-10-10T01:00;4;kWh;-4028;0;0;0;4028;-4028
2024-10-10T01:00;2024-10-10T01:15;5;kWh;-786;21438;0;0;22224;20652
2024-10-10T01:15;2024-10-10T01:30;6;kWh;0;4725;0;0;4725;4725
2024-10-10T01:30;2024-10-10T01:45;7;kWh;0;15044;0;0;15044;15044
2024-10-10T01:45;2024-10-10T02:00;8;kWh;0;249;0;0;249;249
2024-10-10T02:00;2024-10-10T02:15;9;kWh;0;23497;0;0;23497;23497
2024-10-10T02:15;2024-10-10T02:30;10;kWh;0;6478;0;0;6478;6478
2024-10-10T02:30;2024-10-10T02:45;11;kWh;0;3642;0;0;3642;3642
2024-10-10T02:45;2024-10-10T03:00;12;kWh;0;15404;0;0;15404;15404
2024-10-10T03:00;2024-10-10T03:15;13;kWh;-371;68180;0;0;68551;67809
2024-10-10T03:15;2024-10-10T03:30;14;kWh;-18934;775;0;0;19709;-18159
2024-10-10T03:30;2024-10-10T03:45;15;kWh;-28586;0;0;0;28586;-28586
2024-10-10T03:45;2024-10-10T04:00;16;kWh;-18487;0;0;0;18487;-18487
2024-10-10T04:00;2024-10-10T04:15;17;kWh;-6962;0;0;0;6962;-6962
2024-10-10T04:15;2024-10-10T04:30;18;kWh;-13034;0;0;0;13034;-13034
2024-10-10T04:30;2024-10-10T04:45;19;kWh;-12341;0;0;0;12341;-12341
2024-10-10T04:45;2024-10-10T05:00;20;kWh;-32767;0;0;0;32767;-32767
2024-10-10T05:00;2024-10-10T05:15;21;kWh;-61660;0;0;0;61660;-61660
2024-10-10T05:15;2024-10-10T05:30;22;kWh;-54085;0;0;0;54085;-54085
2024-10-10T05:30;2024-10-10T05:45;23;kWh;-26626;0;0;0;26626;-26626
2024-10-10T05:45;2024-10-10T06:00;24;kWh;-456;0;0;0;456;-456
2024-10-10T06:00;2024-10-10T06:15;25;kWh;-1938;0;0;0;1938;-1938
2024-10-10T06:15;2024-10-10T06:30;26;kWh;-544;0;0;0;544;-544
2024-10-10T06:30;2024-10-10T06:45;27;kWh;-1096;0;0;0;1096;-1096
2024-10-10T06:45;2024-10-10T07:00;28;kWh;0;4408;0;0;4408;4408
2024-10-10T07:00;2024-10-10T07:15;29;kWh;0;8724;0;0;8724;8724
2024-10-10T07:15;2024-10-10T07:30;30;kWh;0;9908;0;0;9908;9908
2024-10-10T07:30;2024-10-10T07:45;31;kWh;0;26624;0;0;26624;26624
2024-10-10T07:45;2024-10-10T08:00;32;kWh;0;24856;0;0;24856;24856
2024-10-10T08:00;2024-10-10T08:15;33;kWh;0;2284;0;0;2284;2284
2024-10-10T08:15;2024-10-10T08:30;34;kWh;-3171;0;0;0;3171;-3171
2024-10-10T08:30;2024-10-10T08:45;35;kWh;-62;0;0;0;62;-62
2024-10-10T08:45;2024-10-10T09:00;36;kWh;-2643;0;0;0;2643;-2643
2024-10-10T09:00;2024-10-10T09:15;37;kWh;-7528;35;0;0;7563;-7493
2024-10-10T09:15;2024-10-10T09:30;38;kWh;-8084;3519;0;0;11603;-4565
2024-10-10T09:30;2024-10-10T09:45;39;kWh;-15759;315;0;0;16074;-15444
2024-10-10T09:45;2024-10-10T10:00;40;kWh;-13953;0;0;0;13953;-13953
2024-10-10T10:00;2024-10-10T10:15;41;kWh;-7050;6;0;0;7056;-7044
2024-10-10T10:15;2024-10-10T10:30;42;kWh;-34561;0;0;0;34561;-34561
2024-10-10T10:30;2024-10-10T10:45;43;kWh;-42762;0;0;0;42762;-42762
2024-10-10T10:45;2024-10-10T11:00;44;kWh;-33952;0;0;0;33952;-33952
2024-10-10T11:00;2024-10-10T11:15;45;kWh;-52715;0;0;0;52715;-52715
2024-10-10T11:15;2024-10-10T11:30;46;kWh;-56696;0;0;0;56696;-56696
2024-10-10T11:30;2024-10-10T11:45;47;kWh;-40966;0;0;0;40966;-40966
2024-10-10T11:45;2024-10-10T12:00;48;kWh;-24239;229;0;0;24468;-24010
2024-10-10T12:00;2024-10-10T12:15;49;kWh;-21933;1645;0;0;23578;-20288
2024-10-10T12:15;2024-10-10T12:30;50;kWh;-53311;3000;0;0;56311;-50311
2024-10-10T12:30;2024-10-10T12:45;51;kWh;-28837;2425;0;0;31262;-26412
2024-10-10T12:45;2024-10-10T13:00;52;kWh;-34082;0;0;0;34082;-34082
2024-10-10T13:00;2024-10-10T13:15;53;kWh;-15338;0;0;0;15338;-15338
2024-10-10T13:15;2024-10-10T13:30;54;kWh;-18769;124;0;0;18893;-18645
2024-10-10T13:30;2024-10-10T13:45;55;kWh;-33836;350;0;0;34186;-33486
2024-10-10T13:45;2024-10-10T14:00;56;kWh;-23846;384;0;0;24230;-23462
2024-10-10T14:00;2024-10-10T14:15;57;kWh;-8020;2409;0;0;10429;-5611
2024-10-10T14:15;2024-10-10T14:30;58;kWh;-2074;2013;0;0;4087;-61
2024-10-10T14:30;2024-10-10T14:45;59;kWh;-1829;914;0;0;2743;-915
2024-10-10T14:45;2024-10-10T15:00;60;kWh;-7;29231;0;0;29238;29224
2024-10-10T15:00;2024-10-10T15:15;61;kWh;-97;10027;0;0;10124;9930
2024-10-10T15:15;2024-10-10T15:30;62;kWh;0;22470;0;0;22470;22470
2024-10-10T15:30;2024-10-10T15:45;63;kWh;-2;50282;0;0;50284;50280
2024-10-10T15:45;2024-10-10T16:00;64;kWh;-1007;9914;0;0;10921;8907
2024-10-10T16:00;2024-10-10T16:15;65;kWh;-24146;3703;0;0;27849;-20443
2024-10-10T16:15;2024-10-10T16:30;66;kWh;-56000;12026;0;0;68026;-43974
2024-10-10T16:30;2024-10-10T16:45;67;kWh;-30761;20478;0;0;51239;-10283
2024-10-10T16:45;2024-10-10T17:00;68;kWh;-102;27053;0;0;27155;26951
2024-10-10T17:00;2024-10-10T17:15;69;kWh;-1500;23679;0;0;25179;22179
2024-10-10T17:15;2024-10-10T17:30;70;kWh;0;15645;0;0;15645;15645
2024-10-10T17:30;2024-10-10T17:45;71;kWh;0;13766;0;0;13766;13766
2024-10-10T17:45;2024-10-10T18:00;72;kWh;0;54431;0;0;54431;54431
2024-10-10T18:00;2024-10-10T18:15;73;kWh;0;23894;0;0;23894;23894
2024-10-10T18:15;2024-10-10T18:30;74;kWh;0;19138;0;0;19138;19138
2024-10-10T18:30;2024-10-10T18:45;75;kWh;0;51436;0;0;51436;51436
2024-10-10T18:45;2024-10-10T19:00;76;kWh;0;68281;0;0;68281;68281
2024-10-10T19:00;2024-10-10T19:15;77;kWh;0;37688;0;0;37688;37688
2024-10-10T19:15;2024-10-10T19:30;78;kWh;0;29238;0;0;29238;29238
2024-10-10T19:30;2024-10-10T19:45;79;kWh;0;26231;0;0;26231;26231
2024-10-10T19:45;2024-10-10T20:00;80;kWh;0;13157;0;0;13157;13157
2024-10-10T20:00;2024-10-10T20:15;81;kWh;0;39107;0;0;39107;39107
2024-10-10T20:15;2024-10-10T20:30;82;kWh;-10416;15081;0;0;25497;4665
2024-10-10T20:30;2024-10-10T20:45;83;kWh;-11449;13964;0;0;25413;2515
2024-10-10T20:45;2024-10-10T21:00;84;kWh;-21925;0;0;0;21925;-21925
2024-10-10T21:00;2024-10-10T21:15;85;kWh;-35509;12340;0;0;47849;-23169
2024-10-10T21:15;2024-10-10T21:30;86;kWh;-5768;1635;0;0;7403;-4133
2024-10-10T21:30;2024-10-10T21:45;87;kWh;-5506;0;0;0;5506;-5506
2024-10-10T21:45;2024-10-10T22:00;88;kWh;-13459;0;0;0;13459;-13459
2024-10-10T22:00;2024-10-10T22:15;89;kWh;-5743;8462;0;0;14205;2719
2024-10-10T22:15;2024-10-10T22:30;90;kWh;0;12854;0;0;12854;12854
2024-10-10T22:30;2024-10-10T22:45;91;kWh;-11;1538;0;0;1549;1527
2024-10-10T22:45;2024-10-10T23:00;92;kWh;-13687;0;0;0;13687;-13687
2024-10-10T23:00;2024-10-10T23:15;93;kWh;-29024;490;0;0;29514;-28534
2024-10-10T23:15;2024-10-10T23:30;94;kWh;-6283;12001;0;0;18284;5718
2024-10-10T23:30;2024-10-10T23:45;95;kWh;-10459;406;0;0;10865;-10053
2024-10-10T23:45;2024-10-11T00:00;96;kWh;-17990;4974;0;0;22964;-13016
2024-10-11T00:00;2024-10-11T00:15;1;kWh;-28175;808;0;0;28983;-27367
2024-10-11T00:15;2024-10-11T00:30;2;kWh;-31103;0;0;0;31103;-31103
2024-10-11T00:30;2024-10-11T00:45;3;kWh;-14983;2484;0;0;17467;-12499
2024-10-11T00:45;2024-10-11T01:00;4;kWh;-41533;516;0;0;42049;-41017
2024-10-11T01:00;2024-10-11T01:15;5;kWh;-2291;1921;0;0;4212;-370
2024-10-11T01:15;2024-10-11T01:30;6;kWh;-31306;0;0;0;31306;-31306
2024-10-11T01:30;2024-10-11T01:45;7;kWh;-43308;0;0;0;43308;-43308
2024-10-11T01:45;2024-10-11T02:00;8;kWh;-52613;8;0;0;52621;-52605
2024-10-11T02:00;2024-10-11T02:15;9;kWh;-54056;31;0;0;54087;-54025
2024-10-11T02:15;2024-10-11T02:30;10;kWh;-31841;580;0;0;32421;-31261
2024-10-11T02:30;2024-10-11T02:45;11;kWh;-21;6363;0;0;6384;6342
2024-10-11T02:45;2024-10-11T03:00;12;kWh;-32388;91;0;0;32479;-32297
2024-10-11T03:00;2024-10-11T03:15;13;kWh;-39106;13249;0;0;52355;-25857
2024-10-11T03:15;2024-10-11T03:30;14;kWh;-1880;7527;0;0;9407;5647
2024-10-11T03:30;2024-10-11T03:45;15;kWh;0;45186;0;0;45186;45186
2024-10-11T03:45;2024-10-11T04:00;16;kWh;0;12436;0;0;12436;12436
2024-10-11T04:00;2024-10-11T04:15;17;kWh;0;17659;0;0;17659;17659
2024-10-11T04:15;2024-10-11T04:30;18;kWh;0;8915;0;0;8915;8915
2024-10-11T04:30;2024-10-11T04:45;19;kWh;-132;1667;0;0;1799;1535
2024-10-11T04:45;2024-10-11T05:00;20;kWh;-18326;0;0;0;18326;-18326
2024-10-11T05:00;2024-10-11T05:15;21;kWh;-43078;0;0;0;43078;-43078
2024-10-11T05:15;2024-10-11T05:30;22;kWh;-49143;105;0;0;49248;-49038
2024-10-11T05:30;2024-10-11T05:45;23;kWh;-26220;643;0;0;26863;-25577
2024-10-11T05:45;2024-10-11T06:00;24;kWh;-53352;0;0;0;53352;-53352
2024-10-11T06:00;2024-10-11T06:15;25;kWh;-37223;0;0;0;37223;-37223
2024-10-11T06:15;2024-10-11T06:30;26;kWh;-34421;547;0;0;34968;-33874
2024-10-11T06:30;2024-10-11T06:45;27;kWh;-294;0;0;0;294;-294
2024-10-11T06:45;2024-10-11T07:00;28;kWh;-3354;0;0;0;3354;-3354
2024-10-11T07:00;2024-10-11T07:15;29;kWh;-26780;0;0;0;26780;-26780
2024-10-11T07:15;2024-10-11T07:30;30;kWh;-17036;877;0;0;17913;-16159
2024-10-11T07:30;2024-10-11T07:45;31;kWh;0;19759;0;0;19759;19759
2024-10-11T07:45;2024-10-11T08:00;32;kWh;0;25056;0;0;25056;25056
2024-10-11T08:00;2024-10-11T08:15;33;kWh;0;17162;0;0;17162;17162
2024-10-11T08:15;2024-10-11T08:30;34;kWh;-218;825;0;0;1043;607
2024-10-11T08:30;2024-10-11T08:45;35;kWh;-1020;0;0;0;1020;-1020
2024-10-11T08:45;2024-10-11T09:00;36;kWh;-8150;0;0;0;8150;-8150
2024-10-11T09:00;2024-10-11T09:15;37;kWh;-745;0;0;0;745;-745
2024-10-11T09:15;2024-10-11T09:30;38;kWh;-21157;0;0;0;21157;-21157
2024-10-11T09:30;2024-10-11T09:45;39;kWh;-56753;0;0;0;56753;-56753
2024-10-11T09:45;2024-10-11T10:00;40;kWh;-35739;0;0;0;35739;-35739
2024-10-11T10:00;2024-10-11T10:15;41;kWh;-20916;4696;0;0;25612;-16220
2024-10-11T10:15;2024-10-11T10:30;42;kWh;-292;2689;0;0;2981;2397
2024-10-11T10:30;2024-10-11T10:45;43;kWh;-15972;0;0;0;15972;-15972
2024-10-11T10:45;2024-10-11T11:00;44;kWh;-25605;0;0;0;25605;-25605
2024-10-11T11:00;2024-10-11T11:15;45;kWh;-18966;796;0;0;19762;-18170
2024-10-11T11:15;2024-10-11T11:30;46;kWh;-45895;6273;0;0;52168;-39622
2024-10-11T11:30;2024-10-11T11:45;47;kWh;-53343;1095;0;0;54438;-52248
2024-10-11T11:45;2024-10-11T12:00;48;kWh;-43776;4018;0;0;47794;-39758
2024-10-11T12:00;2024-10-11T12:15;49;kWh;-52618;2944;0;0;55562;-49674
2024-10-11T12:15;2024-10-11T12:30;50;kWh;-54851;5774;0;0;60625;-49077
2024-10-11T12:30;2024-10-11T12:45;51;kWh;-24630;3245;0;0;27875;-21385
2024-10-11T12:45;2024-10-11T13:00;52;kWh;0;41857;0;0;41857;41857
2024-10-11T13:00;2024-10-11T13:15;53;kWh;0;68468;0;0;68468;68468
2024-10-11T13:15;2024-10-11T13:30;54;kWh;0;23262;0;0;23262;23262
2024-10-11T13:30;2024-10-11T13:45;55;kWh;0;51085;0;0;51085;51085
2024-10-11T13:45;2024-10-11T14:00;56;kWh;0;74021;0;0;74021;74021
2024-10-11T14:00;2024-10-11T14:15;57;kWh;0;22856;0;0;22856;22856
2024-10-11T14:15;2024-10-11T14:30;58;kWh;-339;22610;0;0;22949;22271
2024-10-11T14:30;2024-10-11T14:45;59;kWh;-16545;0;0;0;16545;-16545
2024-10-11T14:45;2024-10-11T15:00;60;kWh;-18792;0;0;0;18792;-18792
2024-10-11T15:00;2024-10-11T15:15;61;kWh;-48210;5045;0;0;53255;-43165
2024-10-11T15:15;2024-10-11T15:30;62;kWh;-56813;8871;0;0;65684;-47942
2024-10-11T15:30;2024-10-11T15:45;63;kWh;-59230;2280;0;0;61510;-56950
2024-10-11T15:45;2024-10-11T16:00;64;kWh;-44989;806;0;0;45795;-44183
2024-10-11T16:00;2024-10-11T16:15;65;kWh;-69109;0;0;0;69109;-69109
2024-10-11T16:15;2024-10-11T16:30;66;kWh;-55591;0;0;0;55591;-55591
2024-10-11T16:30;2024-10-11T16:45;67;kWh;-54030;0;0;0;54030;-54030
2024-10-11T16:45;2024-10-11T17:00;68;kWh;-46661;0;0;0;46661;-46661
2024-10-11T17:00;2024-10-11T17:15;69;kWh;-60542;0;0;0;60542;-60542
2024-10-11T17:15;2024-10-11T17:30;70;kWh;-34487;0;0;0;34487;-34487
2024-10-11T17:30;2024-10-11T17:45;71;kWh;-974;0;0;0;974;-974
2024-10-11T17:45;2024-10-11T18:00;72;kWh;-2;1597;0;0;1599;1595
2024-10-11T18:00;2024-10-11T18:15;73;kWh;0;3401;0;0;3401;3401
2024-10-11T18:15;2024-10-11T18:30;74;kWh;0;1138;0;0;1138;1138
2024-10-11T18:30;2024-10-11T18:45;75;kWh;0;10441;0;0;10441;10441
2024-10-11T18:45;2024-10-11T19:00;76;kWh;0;21709;0;0;21709;21709
2024-10-11T19:00;2024-10-11T19:15;77;kWh;0;7154;0;0;7154;7154
2024-10-11T19:15;2024-10-11T19:30;78;kWh;0;834;0;0;834;834
2024-10-11T19:30;2024-10-11T19:45;79;kWh;0;23;0;0;23;23
2024-10-11T19:45;2024-10-11T20:00;80;kWh;0;9;0;0;9;9
2024-10-11T20:00;2024-10-11T20:15;81;kWh;0;19978;0;0;19978;19978
2024-10-11T20:15;2024-10-11T20:30;82;kWh;0;24813;0;0;24813;24813
2024-10-11T20:30;2024-10-11T20:45;83;kWh;0;22702;0;0;22702;22702
2024-10-11T20:45;2024-10-11T21:00;84;kWh;0;3510;0;0;3510;3510
2024-10-11T21:00;2024-10-11T21:15;85;kWh;0;10182;0;0;10182;10182
2024-10-11T21:15;2024-10-11T21:30;86;kWh;0;35938;0;0;35938;35938
2024-10-11T21:30;2024-10-11T21:45;87;kWh;0;21310;0;0;21310;21310
2024-10-11T21:45;2024-10-11T22:00;88;kWh;0;23198;0;0;23198;23198
2024-10-11T22:00;2024-10-11T22:15;89;kWh;0;9822;0;0;9822;9822
2024-10-11T22:15;2024-10-11T22:30;90;kWh;0;22851;0;0;22851;22851
2024-10-11T22:30;2024-10-11T22:45;91;kWh;0;29791;0;0;29791;29791
2024-10-11T22:45;2024-10-11T23:00;92;kWh;0;28810;0;0;28810;28810
2024-10-11T23:00;2024-10-11T23:15;93;kWh;0;4336;0;0;4336;4336
2024-10-11T23:15;2024-10-11T23:30;94;kWh;0;4335;0;0;4335;4335
2024-10-11T23:30;2024-10-11T23:45;95;kWh;-177;3652;0;0;3829;3475
2024-10-11T23:45;2024-10-12T00:00;96;kWh;-755;4099;0;0;4854;3344
2024-10-12T00:00;2024-10-12T00:15;1;kWh;-20974;10949;0;0;31923;-10025
2024-10-12T00:15;2024-10-12T00:30;2;kWh;-744;6869;0;0;7613;6125
2024-10-12T00:30;2024-10-12T00:45;3;kWh;-1059;383;0;0;1442;-676
2024-10-12T00:45;2024-10-12T01:00;4;kWh;0;4311;0;0;4311;4311
2024-10-12T01:00;2024-10-12T01:15;5;kWh;0;3378;0;0;3378;3378
2024-10-12T01:15;2024-10-12T01:30;6;kWh;0;463;0;0;463;463
2024-10-12T01:30;2024-10-12T01:45;7;kWh;0;0;0;0;0;0
2024-10-12T01:45;2024-10-12T02:00;8;kWh;0;995;0;0;995;995
2024-10-12T02:00;2024-10-12T02:15;9;kWh;0;35476;0;0;35476;35476
2024-10-12T02:15;2024-10-12T02:30;10;kWh;0;8023;0;0;8023;8023
2024-10-12T02:30;2024-10-12T02:45;11;kWh;0;26006;0;0;26006;26006
2024-10-12T02:45;2024-10-12T03:00;12;kWh;0;28691;0;0;28691;28691
2024-10-12T03:00;2024-10-12T03:15;13;kWh;0;10933;0;0;10933;10933
2024-10-12T03:15;2024-10-12T03:30;14;kWh;0;566;0;0;566;566
2024-10-12T03:30;2024-10-12T03:45;15;kWh;0;903;0;0;903;903
2024-10-12T03:45;2024-10-12T04:00;16;kWh;-2810;0;0;0;2810;-2810
2024-10-12T04:00;2024-10-12T04:15;17;kWh;-1473;14353;0;0;15826;12880
2024-10-12T04:15;2024-10-12T04:30;18;kWh;0;23044;0;0;23044;23044
2024-10-12T04:30;2024-10-12T04:45;19;kWh;0;14832;0;0;14832;14832
2024-10-12T04:45;2024-10-12T05:00;20;kWh;-142;16;0;0;158;-126
2024-10-12T05:00;2024-10-12T05:15;21;kWh;-7730;0;0;0;7730;-7730
2024-10-12T05:15;2024-10-12T05:30;22;kWh;-6541;0;0;0;6541;-6541
2024-10-12T05:30;2024-10-12T05:45;23;kWh;-10552;67;0;0;10619;-10485
2024-10-12T05:45;2024-10-12T06:00;24;kWh;0;994;0;0;994;994
2024-10-12T06:00;2024-10-12T06:15;25;kWh;-9179;654;0;0;9833;-8525
2024-10-12T06:15;2024-10-12T06:30;26;kWh;0;272;0;0;272;272
2024-10-12T06:30;2024-10-12T06:45;27;kWh;0;852;0;0;852;852
2024-10-12T06:45;2024-10-12T07:00;28;kWh;0;3633;0;0;3633;3633
2024-10-12T07:00;2024-10-12T07:15;29;kWh;-682;8981;0;0;9663;8299
2024-10-12T07:15;2024-10-12T07:30;30;kWh;-5160;0;0;0;5160;-5160
2024-10-12T07:30;2024-10-12T07:45;31;kWh;-4636;0;0;0;4636;-4636
2024-10-12T07:45;2024-10-12T08:00;32;kWh;-2728;0;0;0;2728;-2728
2024-10-12T08:00;2024-10-12T08:15;33;kWh;-3008;0;0;0;3008;-3008
2024-10-12T08:15;2024-10-12T08:30;34;kWh;-5766;0;0;0;5766;-5766
2024-10-12T08:30;2024-10-12T08:45;35;kWh;-6128;0;0;0;6128;-6128
2024-10-12T08:45;2024-10-12T09:00;36;kWh;-12099;0;0;0;12099;-12099
2024-10-12T09:00;2024-10-12T09:15;37;kWh;-4572;0;0;0;4572;-4572
2024-10-12T09:15;2024-10-12T09:30;38;kWh;-6954;0;0;0;6954;-6954
2024-10-12T09:30;2024-10-12T09:45;39;kWh;-12980;0;0;0;12980;-12980
2024-10-12T09:45;2024-10-12T10:00;40;kWh;-27334;0;0;0;27334;-27334
2024-10-12T10:00;2024-10-12T10:15;41;kWh;-7407;11539;0;0;18946;4132
2024-10-12T10:15;2024-10-12T10:30;42;kWh;-25;5390;0;0;5415;5365
2024-10-12T10:30;2024-10-12T10:45;43;kWh;-1317;600;0;0;1917;-717
2024-10-12T10:45;2024-10-12T11:00;44;kWh;-6701;0;0;0;6701;-6701
2024-10-12T11:00;2024-10-12T11:15;45;kWh;-18066;472;0;0;18538;-17594
2024-10-12T11:15;2024-10-12T11:30;46;kWh;-22069;0;0;0;22069;-22069
2024-10-12T11:30;2024-10-12T11:45;47;kWh;-37632;0;0;0;37632;-37632
2024-10-12T11:45;2024-10-12T12:00;48;kWh;-33416;0;0;0;33416;-33416
2024-10-12T12:00;2024-10-12T12:15;49;kWh;-12935;3;0;0;12938;-12932
2024-10-12T12:15;2024-10-12T12:30;50;kWh;-29;76;0;0;105;47
2024-10-12T12:30;2024-10-12T12:45;51;kWh;-4137;0;0;0;4137;-4137
2024-10-12T12:45;2024-10-12T13:00;52;kWh;-15599;0;0;0;15599;-15599
2024-10-12T13:00;2024-10-12T13:15;53;kWh;-3049;5259;0;0;8308;2210
2024-10-12T13:15;2024-10-12T13:30;54;kWh;0;8367;0;0;8367;8367
2024-10-12T13:30;2024-10-12T13:45;55;kWh;-436;217;0;0;653;-219
2024-10-12T13:45;2024-10-12T14:00;56;kWh;-12;10583;0;0;10595;10571
2024-10-12T14:00;2024-10-12T14:15;57;kWh;-709;9205;0;0;9914;8496
2024-10-12T14:15;2024-10-12T14:30;58;kWh;-2647;0;0;0;2647;-2647
2024-10-12T14:30;2024-10-12T14:45;59;kWh;0;7772;0;0;7772;7772
2024-10-12T14:45;2024-10-12T15:00;60;kWh;0;12668;0;0;12668;12668
2024-10-12T15:00;2024-10-12T15:15;61;kWh;0;19;0;0;19;19
2024-10-12T15:15;2024-10-12T15:30;62;kWh;-9746;0;0;0;9746;-9746
2024-10-12T15:30;2024-10-12T15:45;63;kWh;-18920;58;0;0;18978;-18862
2024-10-12T15:45;2024-10-12T16:00;64;kWh;0;37;0;0;37;37
2024-10-12T16:00;2024-10-12T16:15;65;kWh;-7555;0;0;0;7555;-7555
2024-10-12T16:15;2024-10-12T16:30;66;kWh;0;0;0;0;0;0
2024-10-12T16:30;2024-10-12T16:45;67;kWh;0;21807;0;0;21807;21807
2024-10-12T16:45;2024-10-12T17:00;68;kWh;-2;50967;0;0;50969;50965
2024-10-12T17:00;2024-10-12T17:15;69;kWh;-204;10241;0;0;10445;10037
2024-10-12T17:15;2024-10-12T17:30;70;kWh;0;54878;0;0;54878;54878
2024-10-12T17:30;2024-10-12T17:45;71;kWh;0;64103;0;0;64103;64103
2024-10-12T17:45;2024-10-12T18:00;72;kWh;0;57930;0;0;57930;57930
2024-10-12T18:00;2024-10-12T18:15;73;kWh;-31969;6963;0;0;38932;-25006
2024-10-12T18:15;2024-10-12T18:30;74;kWh;-3898;3399;0;0;7297;-499
2024-10-12T18:30;2024-10-12T18:45;75;kWh;-31897;0;0;0;31897;-31897
2024-10-12T18:45;2024-10-12T19:00;76;kWh;-474;0;0;0;474;-474
2024-10-12T19:00;2024-10-12T19:15;77;kWh;-28985;5634;0;0;34619;-23351
2024-10-12T19:15;2024-10-12T19:30;78;kWh;-26808;1467;0;0;28275;-25341
2024-10-12T19:30;2024-10-12T19:45;79;kWh;-24229;6;0;0;24235;-24223
2024-10-12T19:45;2024-10-12T20:00;80;kWh;-21995;35;0;0;22030;-21960
2024-10-12T20:00;2024-10-12T20:15;81;kWh;-43421;4738;0;0;48159;-38683
2024-10-12T20:15;2024-10-12T20:30;82;kWh;-40011;6168;0;0;46179;-33843
2024-10-12T20:30;2024-10-12T20:45;83;kWh;-21035;344;0;0;21379;-20691
2024-10-12T20:45;2024-10-12T21:00;84;kWh;-22808;0;0;0;22808;-22808
2024-10-12T21:00;2024-10-12T21:15;85;kWh;-2044;312;0;0;2356;-1732
2024-10-12T21:15;2024-10-12T21:30;86;kWh;-17;22273;0;0;22290;22256
2024-10-12T21:30;2024-10-12T21:45;87;kWh;0;2431;0;0;2431;2431
2024-10-12T21:45;2024-10-12T22:00;88;kWh;0;464;0;0;464;464
2024-10-12T22:00;2024-10-12T22:15;89;kWh;0;73009;0;0;73009;73009
2024-10-12T22:15;2024-10-12T22:30;90;kWh;-1351;22985;0;0;24336;21634
2024-10-12T22:30;2024-10-12T22:45;91;kWh;-2785;0;0;0;2785;-2785
2024-10-12T22:45;2024-10-12T23:00;92;kWh;-1496;0;0;0;1496;-1496
2024-10-12T23:00;2024-10-12T23:15;93;kWh;-21433;12786;0;0;34219;-8647
2024-10-12T23:15;2024-10-12T23:30;94;kWh;0;14148;0;0;14148;14148
2024-10-12T23:30;2024-10-12T23:45;95;kWh;0;1552;0;0;1552;1552
2024-10-12T23:45;2024-10-13T00:00;96;kWh;-22067;0;0;0;22067;-22067
2024-10-13T00:00;2024-10-13T00:15;1;kWh;-3532;10744;0;0;14276;7212
2024-10-13T00:15;2024-10-13T00:30;2;kWh;0;46028;0;0;46028;46028
2024-10-13T00:30;2024-10-13T00:45;3;kWh;0;58453;0;0;58453;58453
2024-10-13T00:45;2024-10-13T01:00;4;kWh;0;45547;0;0;45547;45547
2024-10-13T01:00;2024-10-13T01:15;5;kWh;0;78712;0;0;78712;78712
2024-10-13T01:15;2024-10-13T01:30;6;kWh;0;34422;0;0;34422;34422
2024-10-13T01:30;2024-10-13T01:45;7;kWh;-221;3137;0;0;3358;2916
2024-10-13T01:45;2024-10-13T02:00;8;kWh;-10943;7430;0;0;18373;-3513
2024-10-13T02:00;2024-10-13T02:15;9;kWh;-17769;1871;0;0;19640;-15898
2024-10-13T02:15;2024-10-13T02:30;10;kWh;-18030;8;0;0;18038;-18022
2024-10-13T02:30;2024-10-13T02:45;11;kWh;-29836;0;0;0;29836;-29836
2024-10-13T02:45;2024-10-13T03:00;12;kWh;-67608;353;0;0;67961;-67255
2024-10-13T03:00;2024-10-13T03:15;13;kWh;-48581;8848;0;0;57429;-39733
2024-10-13T03:15;2024-10-13T03:30;14;kWh;-24679;372;0;0;25051;-24307
2024-10-13T03:30;2024-10-13T03:45;15;kWh;-17183;2749;0;0;19932;-14434
2024-10-13T03:45;2024-10-13T04:00;16;kWh;-42191;5028;0;0;47219;-37163
2024-10-13T04:00;2024-10-13T04:15;17;kWh;-11290;9402;0;0;20692;-1888
2024-10-13T04:15;2024-10-13T04:30;18;kWh;-14789;246;0;0;15035;-14543
2024-10-13T04:30;2024-10-13T04:45;19;kWh;-16576;2551;0;0;19127;-14025
2024-10-13T04:45;2024-10-13T05:00;20;kWh;-35304;6937;0;0;42241;-28367
2024-10-13T05:00;2024-10-13T05:15;21;kWh;-22364;0;0;0;22364;-22364
2024-10-13T05:15;2024-10-13T05:30;22;kWh;-6126;0;0;0;6126;-6126
2024-10-13T05:30;2024-10-13T05:45;23;kWh;-8645;4;0;0;8649;-8641
2024-10-13T05:45;2024-10-13T06:00;24;kWh;-9053;981;0;0;10034;-8072
2024-10-13T06:00;2024-10-13T06:15;25;kWh;-12302;4899;0;0;17201;-7403
2024-10-13T06:15;2024-10-13T06:30;26;kWh;-1888;1514;0;0;3402;-374
2024-10-13T06:30;2024-10-13T06:45;27;kWh;-5714;1664;0;0;7378;-4050
2024-10-13T06:45;2024-10-13T07:00;28;kWh;-3565;4537;0;0;8102;972
2024-10-13T07:00;2024-10-13T07:15;29;kWh;-60965;1810;0;0;62775;-59155
2024-10-13T07:15;2024-10-13T07:30;30;kWh;-20334;1553;0;0;21887;-18781
2024-10-13T07:30;2024-10-13T07:45;31;kWh;-13409;1135;0;0;14544;-12274
2024-10-13T07:45;2024-10-13T08:00;32;kWh;-7931;76;0;0;8007;-7855
2024-10-13T08:00;2024-10-13T08:15;33;kWh;-3807;0;0;0;3807;-3807
2024-10-13T08:15;2024-10-13T08:30;34;kWh;-568;0;0;0;568;-568
2024-10-13T08:30;2024-10-13T08:45;35;kWh;-2;0;0;0;2;-2
2024-10-13T08:45;2024-10-13T09:00;36;kWh;0;2477;0;0;2477;2477
2024-10-13T09:00;2024-10-13T09:15;37;kWh;-27;5475;0;0;5502;5448
2024-10-13T09:15;2024-10-13T09:30;38;kWh;-5070;30;0;0;5100;-5040
2024-10-13T09:30;2024-10-13T09:45;39;kWh;-26045;3656;0;0;29701;-22389
2024-10-13T09:45;2024-10-13T10:00;40;kWh;-15620;3237;0;0;18857;-12383
2024-10-13T10:00;2024-10-13T10:15;41;kWh;-51;13610;0;0;13661;13559
2024-10-13T10:15;2024-10-13T10:30;42;kWh;-2526;21235;0;0;23761;18709
2024-10-13T10:30;2024-10-13T10:45;43;kWh;-21860;1375;0;0;23235;-20485
2024-10-13T10:45;2024-10-13T11:00;44;kWh;-43089;4247;0;0;47336;-38842
2024-10-13T11:00;2024-10-13T11:15;45;kWh;-15704;936;0;0;16640;-14768
2024-10-13T11:15;2024-10-13T11:30;46;kWh;-17394;0;0;0;17394;-17394
2024-10-13T11:30;2024-10-13T11:45;47;kWh;-27632;0;0;0;27632;-27632
2024-10-13T11:45;2024-10-13T12:00;48;kWh;-59203;0;0;0;59203;-59203
2024-10-13T12:00;2024-10-13T12:15;49;kWh;-52908;2531;0;0;55439;-50377
2024-10-13T12:15;2024-10-13T12:30;50;kWh;-44989;20766;0;0;65755;-24223
2024-10-13T12:30;2024-10-13T12:45;51;kWh;-715;6565;0;0;7280;5850
2024-10-13T12:45;2024-10-13T13:00;52;kWh;-1222;1074;0;0;2296;-148
2024-10-13T13:00;2024-10-13T13:15;53;kWh;-464;4876;0;0;5340;4412
2024-10-13T13:15;2024-10-13T13:30;54;kWh;-12600;993;0;0;13593;-11607
2024-10-13T13:30;2024-10-13T13:45;55;kWh;-23036;5862;0;0;28898;-17174
2024-10-13T13:45;2024-10-13T14:00;56;kWh;-3830;7961;0;0;11791;4131
2024-10-13T14:00;2024-10-13T14:15;57;kWh;-12252;34296;0;0;46548;22044
2024-10-13T14:15;2024-10-13T14:30;58;kWh;-17857;2892;0;0;20749;-14965
2024-10-13T14:30;2024-10-13T14:45;59;kWh;-3307;22606;0;0;25913;19299
2024-10-13T14:45;2024-10-13T15:00;60;kWh;-9388;26530;0;0;35918;17142
2024-10-13T15:00;2024-10-13T15:15;61;kWh;-18737;27682;0;0;46419;8945
2024-10-13T15:15;2024-10-13T15:30;62;kWh;-2213;12023;0;0;14236;9810
2024-10-13T15:30;2024-10-13T15:45;63;kWh;-2372;498;0;0;2870;-1874
2024-10-13T15:45;2024-10-13T16:00;64;kWh;-15855;498;0;0;16353;-15357
2024-10-13T16:00;2024-10-13T16:15;65;kWh;-50423;8946;0;0;59369;-41477
2024-10-13T16:15;2024-10-13T16:30;66;kWh;-62261;5050;0;0;67311;-57211
2024-10-13T16:30;2024-10-13T16:45;67;kWh;-49794;445;0;0;50239;-49349
2024-10-13T16:45;2024-10-13T17:00;68;kWh;-493;1664;0;0;2157;1171
2024-10-13T17:00;2024-10-13T17:15;69;kWh;0;4687;0;0;4687;4687
2024-10-13T17:15;2024-10-13T17:30;70;kWh;-678;1371;0;0;2049;693
2024-10-13T17:30;2024-10-13T17:45;71;kWh;0;42115;0;0;42115;42115
2024-10-13T17:45;2024-10-13T18:00;72;kWh;0;38418;0;0;38418;38418
2024-10-13T18:00;2024-10-13T18:15;73;kWh;-5157;0;0;0;5157;-5157
2024-10-13T18:15;2024-10-13T18:30;74;kWh;-503;10705;0;0;11208;10202
2024-10-13T18:30;2024-10-13T18:45;75;kWh;-734;16063;0;0;16797;15329
2024-10-13T18:45;2024-10-13T19:00;76;kWh;-785;8739;0;0;9524;7954
2024-10-13T19:00;2024-10-13T19:15;77;kWh;-11694;11862;0;0;23556;168
2024-10-13T19:15;2024-10-13T19:30;78;kWh;-39189;0;0;0;39189;-39189
2024-10-13T19:30;2024-10-13T19:45;79;kWh;-49165;0;0;0;49165;-49165
2024-10-13T19:45;2024-10-13T20:00;80;kWh;-58621;0;0;0;58621;-58621
2024-10-13T20:00;2024-10-13T20:15;81;kWh;-8546;95;0;0;8641;-8451
2024-10-13T20:15;2024-10-13T20:30;82;kWh;-11902;0;0;0;11902;-11902
2024-10-13T20:30;2024-10-13T20:45;83;kWh;-14824;0;0;0;14824;-14824
2024-10-13T20:45;2024-10-13T21:00;84;kWh;-13886;0;0;0;13886;-13886
2024-10-13T21:00;2024-10-13T21:15;85;kWh;-8301;0;0;0;8301;-8301
2024-10-13T21:15;2024-10-13T21:30;86;kWh;-14263;240;0;0;14503;-14023
2024-10-13T21:30;2024-10-13T21:45;87;kWh;-35;16992;0;0;17027;16957
2024-10-13T21:45;2024-10-13T22:00;88;kWh;-8667;196;0;0;8863;-8471
2024-10-13T22:00;2024-10-13T22:15;89;kWh;-5048;138;0;0;5186;-4910
2024-10-13T22:15;2024-10-13T22:30;90;kWh;0;13255;0;0;13255;13255
2024-10-13T22:30;2024-10-13T22:45;91;kWh;-4323;7211;0;0;11534;2888
2024-10-13T22:45;2024-10-13T23:00;92;kWh;-34588;0;0;0;34588;-34588
2024-10-13T23:00;2024-10-13T23:15;93;kWh;-38335;0;0;0;38335;-38335
2024-10-13T23:15;2024-10-13T23:30;94;kWh;-42344;11;0;0;42355;-42333
2024-10-13T23:30;2024-10-13T23:45;95;kWh;-28628;554;0;0;29182;-28074
2024-10-13T23:45;2024-10-14T00:00;96;kWh;-22560;0;0;0;22560;-22560
2024-10-14T00:00;2024-10-14T00:15;1;kWh;-26773;103;0;0;26876;-26670
2024-10-14T00:15;2024-10-14T00:30;2;kWh;-8784;105;0;0;8889;-8679
2024-10-14T00:30;2024-10-14T00:45;3;kWh;-17067;0;0;0;17067;-17067
2024-10-14T00:45;2024-10-14T01:00;4;kWh;-6395;0;0;0;6395;-6395
2024-10-14T01:00;2024-10-14T01:15;5;kWh;-4580;0;0;0;4580;-4580
2024-10-14T01:15;2024-10-14T01:30;6;kWh;-4053;0;0;0;4053;-4053
2024-10-14T01:30;2024-10-14T01:45;7;kWh;-12428;0;0;0;12428;-12428
2024-10-14T01:45;2024-10-14T02:00;8;kWh;-52549;0;0;0;52549;-52549
2024-10-14T02:00;2024-10-14T02:15;9;kWh;-12118;5706;0;0;17824;-6412
2024-10-14T02:15;2024-10-14T02:30;10;kWh;-324;6362;0;0;6686;6038
2024-10-14T02:30;2024-10-14T02:45;11;kWh;-2056;238;0;0;2294;-1818
2024-10-14T02:45;2024-10-14T03:00;12;kWh;-16375;0;0;0;16375;-16375
2024-10-14T03:00;2024-10-14T03:15;13;kWh;-1059;12567;0;0;13626;11508
2024-10-14T03:15;2024-10-14T03:30;14;kWh;0;32801;0;0;32801;32801
2024-10-14T03:30;2024-10-14T03:45;15;kWh;0;30781;0;0;30781;30781
2024-10-14T03:45;2024-10-14T04:00;16;kWh;-3;19467;0;0;19470;19464
2024-10-14T04:00;2024-10-14T04:15;17;kWh;-66;225;0;0;291;159
2024-10-14T04:15;2024-10-14T04:30;18;kWh;-1378;0;0;0;1378;-1378
2024-10-14T04:30;2024-10-14T04:45;19;kWh;-1850;0;0;0;1850;-1850
2024-10-14T04:45;2024-10-14T05:00;20;kWh;-4417;0;0;0;4417;-4417
2024-10-14T05:00;2024-10-14T05:15;21;kWh;-73981;0;0;0;73981;-73981
2024-10-14T05:15;2024-10-14T05:30;22;kWh;-34964;0;0;0;34964;-34964
2024-10-14T05:30;2024-10-14T05:45;23;kWh;-36932;0;0;0;36932;-36932
2024-10-14T05:45;2024-10-14T06:00;24;kWh;-1872;0;0;0;1872;-1872
2024-10-14T06:00;2024-10-14T06:15;25;kWh;-42343;0;0;0;42343;-42343
2024-10-14T06:15;2024-10-14T06:30;26;kWh;-279;3361;0;0;3640;3082
2024-10-14T06:30;2024-10-14T06:45;27;kWh;0;3438;0;0;3438;3438
2024-10-14T06:45;2024-10-14T07:00;28;kWh;0;12095;0;0;12095;12095
2024-10-14T07:00;2024-10-14T07:15;29;kWh;0;14905;0;0;14905;14905
2024-10-14T07:15;2024-10-14T07:30;30;kWh;0;21470;0;0;21470;21470
2024-10-14T07:30;2024-10-14T07:45;31;kWh;0;64812;0;0;64812;64812
2024-10-14T07:45;2024-10-14T08:00;32;kWh;0;83100;0;0;83100;83100
2024-10-14T08:00;2024-10-14T08:15;33;kWh;-10;17264;0;0;17274;17254
2024-10-14T08:15;2024-10-14T08:30;34;kWh;0;10968;0;0;10968;10968
2024-10-14T08:30;2024-10-14T08:45;35;kWh;0;4010;0;0;4010;4010
2024-10-14T08:45;2024-10-14T09:00;36;kWh;-2934;0;0;0;2934;-2934
2024-10-14T09:00;2024-10-14T09:15;37;kWh;-3276;0;0;0;3276;-3276
2024-10-14T09:15;2024-10-14T09:30;38;kWh;-2523;0;0;0;2523;-2523
2024-10-14T09:30;2024-10-14T09:45;39;kWh;-3268;0;0;0;3268;-3268
2024-10-14T09:45;2024-10-14T10:00;40;kWh;-3771;0;0;0;3771;-3771
2024-10-14T10:00;2024-10-14T10:15;41;kWh;-3292;0;0;0;3292;-3292
2024-10-14T10:15;2024-10-14T10:30;42;kWh;-8495;0;0;0;8495;-8495
2024-10-14T10:30;2024-10-14T10:45;43;kWh;-4010;0;0;0;4010;-4010
2024-10-14T10:45;2024-10-14T11:00;44;kWh;-9838;0;0;0;9838;-9838
2024-10-14T11:00;2024-10-14T11:15;45;kWh;-8400;0;0;0;8400;-8400
2024-10-14T11:15;2024-10-14T11:30;46;kWh;-7432;0;0;0;7432;-7432
2024-10-14T11:30;2024-10-14T11:45;47;kWh;-7053;0;0;0;7053;-7053
2024-10-14T11:45;2024-10-14T12:00;48;kWh;-23337;0;0;0;23337;-23337
2024-10-14T12:00;2024-10-14T12:15;49;kWh;-36204;0;0;0;36204;-36204
2024-10-14T12:15;2024-10-14T12:30;50;kWh;-13080;0;0;0;13080;-13080
2024-10-14T12:30;2024-10-14T12:45;51;kWh;-28104;0;0;0;28104;-28104
2024-10-14T12:45;2024-10-14T13:00;52;kWh;-75824;0;0;0;75824;-75824
2024-10-14T13:00;2024-10-14T13:15;53;kWh;-11131;0;0;0;11131;-11131
2024-10-14T13:15;2024-10-14T13:30;54;kWh;-11212;0;0;0;11212;-11212
2024-10-14T13:30;2024-10-14T13:45;55;kWh;-11661;0;0;0;11661;-11661
2024-10-14T13:45;2024-10-14T14:00;56;kWh;-16991;0;0;0;16991;-16991
2024-10-14T14:00;2024-10-14T14:15;57;kWh;-26990;499;0;0;27489;-26491
2024-10-14T14:15;2024-10-14T14:30;58;kWh;0;5728;0;0;5728;5728
2024-10-14T14:30;2024-10-14T14:45;59;kWh;-300;0;0;0;300;-300
2024-10-14T14:45;2024-10-14T15:00;60;kWh;-37648;0;0;0;37648;-37648
2024-10-14T15:00;2024-10-14T15:15;61;kWh;-39760;0;0;0;39760;-39760
2024-10-14T15:15;2024-10-14T15:30;62;kWh;-81883;0;0;0;81883;-81883
2024-10-14T15:30;2024-10-14T15:45;63;kWh;-101098;0;0;0;101098;-101098
2024-10-14T15:45;2024-10-14T16:00;64;kWh;-103612;0;0;0;103612;-103612
2024-10-14T16:00;2024-10-14T16:15;65;kWh;-27507;423;0;0;27930;-27084
2024-10-14T16:15;2024-10-14T16:30;66;kWh;-92846;0;0;0;92846;-92846
2024-10-14T16:30;2024-10-14T16:45;67;kWh;-81102;0;0;0;81102;-81102
2024-10-14T16:45;2024-10-14T17:00;68;kWh;-4896;10;0;0;4906;-4886
2024-10-14T17:00;2024-10-14T17:15;69;kWh;-5735;0;0;0;5735;-5735
2024-10-14T17:15;2024-10-14T17:30;70;kWh;-18;14432;0;0;14450;14414
2024-10-14T17:30;2024-10-14T17:45;71;kWh;0;52755;0;0;52755;52755
2024-10-14T17:45;2024-10-14T18:00;72;kWh;0;91506;0;0;91506;91506
2024-10-14T18:00;2024-10-14T18:15;73;kWh;0;100500;0;0;100500;100500
2024-10-14T18:15;2024-10-14T18:30;74;kWh;0;87062;0;84732;171794;171794
2024-10-14T18:30;2024-10-14T18:45;75;kWh;0;87305;0;84852;172157;172157
2024-10-14T18:45;2024-10-14T19:00;76;kWh;0;90194;0;84852;175046;175046
2024-10-14T19:00;2024-10-14T19:15;77;kWh;0;100407;0;84852;185259;185259
2024-10-14T19:15;2024-10-14T19:30;78;kWh;0;100500;0;76324;176824;176824
2024-10-14T19:30;2024-10-14T19:45;79;kWh;0;97214;0;126161;223375;223375
2024-10-14T19:45;2024-10-14T20:00;80;kWh;0;55578;0;128253;183831;183831
2024-10-14T20:00;2024-10-14T20:15;81;kWh;0;29426;0;128253;157679;157679
2024-10-14T20:15;2024-10-14T20:30;82;kWh;-321;2745;0;80083;83149;82507
2024-10-14T20:30;2024-10-14T20:45;83;kWh;-1049;9404;0;0;10453;8355
2024-10-14T20:45;2024-10-14T21:00;84;kWh;-9616;0;0;0;9616;-9616
2024-10-14T21:00;2024-10-14T21:15;85;kWh;-6029;0;0;0;6029;-6029
2024-10-14T21:15;2024-10-14T21:30;86;kWh;-997;0;0;0;997;-997
2024-10-14T21:30;2024-10-14T21:45;87;kWh;-10040;0;0;0;10040;-10040
2024-10-14T21:45;2024-10-14T22:00;88;kWh;-19502;0;0;0;19502;-19502
2024-10-14T22:00;2024-10-14T22:15;89;kWh;-7354;73;0;0;7427;-7281
2024-10-14T22:15;2024-10-14T22:30;90;kWh;-528;812;0;0;1340;284
2024-10-14T22:30;2024-10-14T22:45;91;kWh;0;10023;0;0;10023;10023
2024-10-14T22:45;2024-10-14T23:00;92;kWh;-2;9382;0;0;9384;9380
2024-10-14T23:00;2024-10-14T23:15;93;kWh;-100;0;0;0;100;-100
2024-10-14T23:15;2024-10-14T23:30;94;kWh;0;2273;0;0;2273;2273
2024-10-14T23:30;2024-10-14T23:45;95;kWh;-23;7220;0;0;7243;7197
2024-10-14T23:45;2024-10-15T00:00;96;kWh;-9223;0;0;0;9223;-9223
2024-10-15T00:00;2024-10-15T00:15;1;kWh;-21764;75;0;0;21839;-21689
2024-10-15T00:15;2024-10-15T00:30;2;kWh;-7621;0;0;0;7621;-7621
2024-10-15T00:30;2024-10-15T00:45;3;kWh;-15513;0;0;0;15513;-15513
2024-10-15T00:45;2024-10-15T01:00;4;kWh;-10160;0;0;0;10160;-10160
2024-10-15T01:00;2024-10-15T01:15;5;kWh;-26441;0;0;0;26441;-26441
2024-10-15T01:15;2024-10-15T01:30;6;kWh;-8670;0;0;0;8670;-8670
2024-10-15T01:30;2024-10-15T01:45;7;kWh;-20375;0;0;0;20375;-20375
2024-10-15T01:45;2024-10-15T02:00;8;kWh;-47955;0;0;0;47955;-47955
2024-10-15T02:00;2024-10-15T02:15;9;kWh;-36431;0;0;0;36431;-36431
2024-10-15T02:15;2024-10-15T02:30;10;kWh;-55543;0;0;0;55543;-55543
2024-10-15T02:30;2024-10-15T02:45;11;kWh;-49281;0;0;0;49281;-49281
2024-10-15T02:45;2024-10-15T03:00;12;kWh;-47983;0;0;0;47983;-47983
2024-10-15T03:00;2024-10-15T03:15;13;kWh;-1972;480;0;0;2452;-1492
2024-10-15T03:15;2024-10-15T03:30;14;kWh;-3845;0;0;0;3845;-3845
2024-10-15T03:30;2024-10-15T03:45;15;kWh;-8296;0;0;0;8296;-8296
2024-10-15T03:45;2024-10-15T04:00;16;kWh;-4223;0;0;0;4223;-4223
2024-10-15T04:00;2024-10-15T04:15;17;kWh;-2447;0;0;0;2447;-2447
2024-10-15T04:15;2024-10-15T04:30;18;kWh;-31576;0;0;0;31576;-31576
2024-10-15T04:30;2024-10-15T04:45;19;kWh;-21896;0;0;0;21896;-21896
2024-10-15T04:45;2024-10-15T05:00;20;kWh;-697;0;0;0;697;-697
2024-10-15T05:00;2024-10-15T05:15;21;kWh;-59921;723;0;0;60644;-59198
2024-10-15T05:15;2024-10-15T05:30;22;kWh;-111;781;0;0;892;670
2024-10-15T05:30;2024-10-15T05:45;23;kWh;-15938;0;0;0;15938;-15938
2024-10-15T05:45;2024-10-15T06:00;24;kWh;-21610;0;0;0;21610;-21610
2024-10-15T06:00;2024-10-15T06:15;25;kWh;-58948;0;0;0;58948;-58948
2024-10-15T06:15;2024-10-15T06:30;26;kWh;-37718;0;0;0;37718;-37718
2024-10-15T06:30;2024-10-15T06:45;27;kWh;-2812;0;0;0;2812;-2812
2024-10-15T06:45;2024-10-15T07:00;28;kWh;-7747;0;0;0;7747;-7747
2024-10-15T07:00;2024-10-15T07:15;29;kWh;-17981;0;0;0;17981;-17981
2024-10-15T07:15;2024-10-15T07:30;30;kWh;-19;0;0;0;19;-19
2024-10-15T07:30;2024-10-15T07:45;31;kWh;0;15336;0;0;15336;15336
2024-10-15T07:45;2024-10-15T08:00;32;kWh;0;8960;0;0;8960;8960
2024-10-15T08:00;2024-10-15T08:15;33;kWh;0;37387;0;0;37387;37387
2024-10-15T08:15;2024-10-15T08:30;34;kWh;0;14624;0;0;14624;14624
2024-10-15T08:30;2024-10-15T08:45;35;kWh;-1570;0;0;0;1570;-1570
2024-10-15T08:45;2024-10-15T09:00;36;kWh;-9057;0;0;0;9057;-9057
2024-10-15T09:00;2024-10-15T09:15;37;kWh;-11714;0;0;0;11714;-11714
2024-10-15T09:15;2024-10-15T09:30;38;kWh;-49664;0;0;0;49664;-49664
2024-10-15T09:30;2024-10-15T09:45;39;kWh;-48153;0;0;0;48153;-48153
2024-10-15T09:45;2024-10-15T10:00;40;kWh;-53653;230;0;0;53883;-53423
2024-10-15T10:00;2024-10-15T10:15;41;kWh;-1393;23814;0;0;25207;22421
2024-10-15T10:15;2024-10-15T10:30;42;kWh;-4933;157;0;0;5090;-4776
2024-10-15T10:30;2024-10-15T10:45;43;kWh;0;38211;0;0;38211;38211
2024-10-15T10:45;2024-10-15T11:00;44;kWh;-3019;1659;0;0;4678;-1360
2024-10-15T11:00;2024-10-15T11:15;45;kWh;-2842;0;0;0;2842;-2842
2024-10-15T11:15;2024-10-15T11:30;46;kWh;-6334;0;0;0;6334;-6334
2024-10-15T11:30;2024-10-15T11:45;47;kWh;-9121;0;0;0;9121;-9121
2024-10-15T11:45;2024-10-15T12:00;48;kWh;-35645;266;0;0;35911;-35379
2024-10-15T12:00;2024-10-15T12:15;49;kWh;0;152;0;0;152;152
2024-10-15T12:15;2024-10-15T12:30;50;kWh;-9870;0;0;0;9870;-9870
2024-10-15T12:30;2024-10-15T12:45;51;kWh;-13017;0;0;0;13017;-13017
2024-10-15T12:45;2024-10-15T13:00;52;kWh;-25631;468;0;0;26099;-25163
2024-10-15T13:00;2024-10-15T13:15;53;kWh;0;482;0;0;482;482
2024-10-15T13:15;2024-10-15T13:30;54;kWh;-5578;0;0;0;5578;-5578
2024-10-15T13:30;2024-10-15T13:45;55;kWh;-10065;0;0;0;10065;-10065
2024-10-15T13:45;2024-10-15T14:00;56;kWh;-25140;0;0;0;25140;-25140
2024-10-15T14:00;2024-10-15T14:15;57;kWh;-15041;0;0;0;15041;-15041
2024-10-15T14:15;2024-10-15T14:30;58;kWh;-6624;0;0;0;6624;-6624
2024-10-15T14:30;2024-10-15T14:45;59;kWh;-37614;0;0;0;37614;-37614
2024-10-15T14:45;2024-10-15T15:00;60;kWh;-9084;0;0;0;9084;-9084
2024-10-15T15:00;2024-10-15T15:15;61;kWh;-42603;0;0;0;42603;-42603
2024-10-15T15:15;2024-10-15T15:30;62;kWh;-12065;0;0;0;12065;-12065
2024-10-15T15:30;2024-10-15T15:45;63;kWh;-17071;2898;0;0;19969;-14173
2024-10-15T15:45;2024-10-15T16:00;64;kWh;-651;19518;0;0;20169;18867
2024-10-15T16:00;2024-10-15T16:15;65;kWh;-14920;0;0;0;14920;-14920
2024-10-15T16:15;2024-10-15T16:30;66;kWh;-6;5388;0;0;5394;5382
2024-10-15T16:30;2024-10-15T16:45;67;kWh;0;21689;0;0;21689;21689
2024-10-15T16:45;2024-10-15T17:00;68;kWh;0;57106;0;0;57106;57106
2024-10-15T17:00;2024-10-15T17:15;69;kWh;-2930;16827;0;0;19757;13897
2024-10-15T17:15;2024-10-15T17:30;70;kWh;0;13859;0;0;13859;13859
2024-10-15T17:30;2024-10-15T17:45;71;kWh;0;36373;0;0;36373;36373
2024-10-15T17:45;2024-10-15T18:00;72;kWh;-1004;54660;0;0;55664;53656
2024-10-15T18:00;2024-10-15T18:15;73;kWh;-35706;0;0;0;35706;-35706
2024-10-15T18:15;2024-10-15T18:30;74;kWh;-66040;0;0;0;66040;-66040
2024-10-15T18:30;2024-10-15T18:45;75;kWh;-59170;1643;0;0;60813;-57527
2024-10-15T18:45;2024-10-15T19:00;76;kWh;-73197;15290;0;0;88487;-57907
2024-10-15T19:00;2024-10-15T19:15;77;kWh;-62930;0;0;0;62930;-62930
2024-10-15T19:15;2024-10-15T19:30;78;kWh;-34405;0;0;0;34405;-34405
2024-10-15T19:30;2024-10-15T19:45;79;kWh;-45832;0;0;0;45832;-45832
2024-10-15T19:45;2024-10-15T20:00;80;kWh;-32888;464;0;0;33352;-32424
2024-10-15T20:00;2024-10-15T20:15;81;kWh;-71292;11;0;0;71303;-71281
2024-10-15T20:15;2024-10-15T20:30;82;kWh;-13232;9586;0;0;22818;-3646
2024-10-15T20:30;2024-10-15T20:45;83;kWh;-6440;1624;0;0;8064;-4816
2024-10-15T20:45;2024-10-15T21:00;84;kWh;-10913;424;0;0;11337;-10489
2024-10-15T21:00;2024-10-15T21:15;85;kWh;0;31801;0;0;31801;31801
2024-10-15T21:15;2024-10-15T21:30;86;kWh;-579;3719;0;0;4298;3140
2024-10-15T21:30;2024-10-15T21:45;87;kWh;-21536;0;0;0;21536;-21536
2024-10-15T21:45;2024-10-15T22:00;88;kWh;-23168;0;0;0;23168;-23168
2024-10-15T22:00;2024-10-15T22:15;89;kWh;-12651;0;0;0;12651;-12651
2024-10-15T22:15;2024-10-15T22:30;90;kWh;-13495;0;0;0;13495;-13495
2024-10-15T22:30;2024-10-15T22:45;91;kWh;-10990;0;0;0;10990;-10990
2024-10-15T22:45;2024-10-15T23:00;92;kWh;-21031;0;0;0;21031;-21031
2024-10-15T23:00;2024-10-15T23:15;93;kWh;-18858;1893;0;0;20751;-16965
2024-10-15T23:15;2024-10-15T23:30;94;kWh;-14614;0;0;0;14614;-14614
2024-10-15T23:30;2024-10-15T23:45;95;kWh;-31762;0;0;0;31762;-31762
2024-10-15T23:45;2024-10-16T00:00;96;kWh;-59025;0;0;0;59025;-59025
2024-10-16T00:00;2024-10-16T00:15;1;kWh;-23477;22730;0;0;46207;-747
2024-10-16T00:15;2024-10-16T00:30;2;kWh;-1529;776;0;0;2305;-753
2024-10-16T00:30;2024-10-16T00:45;3;kWh;-4003;0;0;0;4003;-4003
2024-10-16T00:45;2024-10-16T01:00;4;kWh;-3942;0;0;0;3942;-3942
2024-10-16T01:00;2024-10-16T01:15;5;kWh;-12;2160;0;0;2172;2148
2024-10-16T01:15;2024-10-16T01:30;6;kWh;-65;156;0;0;221;91
2024-10-16T01:30;2024-10-16T01:45;7;kWh;-3205;0;0;0;3205;-3205
2024-10-16T01:45;2024-10-16T02:00;8;kWh;-1103;0;0;0;1103;-1103
2024-10-16T02:00;2024-10-16T02:15;9;kWh;-1416;0;0;0;1416;-1416
2024-10-16T02:15;2024-10-16T02:30;10;kWh;-1079;0;0;0;1079;-1079
2024-10-16T02:30;2024-10-16T02:45;11;kWh;-3621;0;0;0;3621;-3621
2024-10-16T02:45;2024-10-16T03:00;12;kWh;-9690;0;0;0;9690;-9690
2024-10-16T03:00;2024-10-16T03:15;13;kWh;-10727;1550;0;0;12277;-9177
2024-10-16T03:15;2024-10-16T03:30;14;kWh;-15681;56;0;0;15737;-15625
2024-10-16T03:30;2024-10-16T03:45;15;kWh;-21510;0;0;0;21510;-21510
2024-10-16T03:45;2024-10-16T04:00;16;kWh;-15369;1;0;0;15370;-15368
2024-10-16T04:00;2024-10-16T04:15;17;kWh;-33922;195;0;0;34117;-33727
2024-10-16T04:15;2024-10-16T04:30;18;kWh;-35868;0;0;0;35868;-35868
2024-10-16T04:30;2024-10-16T04:45;19;kWh;-33694;57;0;0;33751;-33637
2024-10-16T04:45;2024-10-16T05:00;20;kWh;-25229;0;0;0;25229;-25229
2024-10-16T05:00;2024-10-16T05:15;21;kWh;-5211;0;0;0;5211;-5211
2024-10-16T05:15;2024-10-16T05:30;22;kWh;-19257;13;0;0;19270;-19244
2024-10-16T05:30;2024-10-16T05:45;23;kWh;-158;153;0;0;311;-5
2024-10-16T05:45;2024-10-16T06:00;24;kWh;-1928;0;0;0;1928;-1928
2024-10-16T06:00;2024-10-16T06:15;25;kWh;-16284;6622;0;0;22906;-9662
2024-10-16T06:15;2024-10-16T06:30;26;kWh;-784;5885;0;0;6669;5101
2024-10-16T06:30;2024-10-16T06:45;27;kWh;-232;7933;0;0;8165;7701
2024-10-16T06:45;2024-10-16T07:00;28;kWh;-285;10500;0;0;10785;10215
2024-10-16T07:00;2024-10-16T07:15;29;kWh;-10466;14950;0;0;25416;4484
2024-10-16T07:15;2024-10-16T07:30;30;kWh;-2376;2808;0;0;5184;432
2024-10-16T07:30;2024-10-16T07:45;31;kWh;0;43700;0;0;43700;43700
2024-10-16T07:45;2024-10-16T08:00;32;kWh;0;53697;0;0;53697;53697
2024-10-16T08:00;2024-10-16T08:15;33;kWh;-564;5411;0;0;5975;4847
2024-10-16T08:15;2024-10-16T08:30;34;kWh;0;1626;0;0;1626;1626
2024-10-16T08:30;2024-10-16T08:45;35;kWh;0;8962;0;0;8962;8962
2024-10-16T08:45;2024-10-16T09:00;36;kWh;0;4601;0;0;4601;4601
2024-10-16T09:00;2024-10-16T09:15;37;kWh;0;3394;0;0;3394;3394
2024-10-16T09:15;2024-10-16T09:30;38;kWh;-1894;262;0;0;2156;-1632
2024-10-16T09:30;2024-10-16T09:45;39;kWh;-23228;439;0;0;23667;-22789
2024-10-16T09:45;2024-10-16T10:00;40;kWh;-10570;7796;0;0;18366;-2774
2024-10-16T10:00;2024-10-16T10:15;41;kWh;-4954;56692;0;0;61646;51738
2024-10-16T10:15;2024-10-16T10:30;42;kWh;-23054;31897;0;0;54951;8843
2024-10-16T10:30;2024-10-16T10:45;43;kWh;-15454;4318;0;0;19772;-11136
2024-10-16T10:45;2024-10-16T11:00;44;kWh;-11739;2797;0;0;14536;-8942
2024-10-16T11:00;2024-10-16T11:15;45;kWh;0;80955;0;0;80955;80955
2024-10-16T11:15;2024-10-16T11:30;46;kWh;-1141;41835;0;0;42976;40694
2024-10-16T11:30;2024-10-16T11:45;47;kWh;0;67208;0;0;67208;67208
2024-10-16T11:45;2024-10-16T12:00;48;kWh;-1716;5047;0;0;6763;3331
2024-10-16T12:00;2024-10-16T12:15;49;kWh;0;62135;0;0;62135;62135
2024-10-16T12:15;2024-10-16T12:30;50;kWh;0;60584;0;0;60584;60584
2024-10-16T12:30;2024-10-16T12:45;51;kWh;0;66089;0;0;66089;66089
2024-10-16T12:45;2024-10-16T13:00;52;kWh;0;31099;0;0;31099;31099
2024-10-16T13:00;2024-10-16T13:15;53;kWh;-1252;18942;0;0;20194;17690
2024-10-16T13:15;2024-10-16T13:30;54;kWh;0;55531;0;0;55531;55531
2024-10-16T13:30;2024-10-16T13:45;55;kWh;0;51732;0;0;51732;51732
2024-10-16T13:45;2024-10-16T14:00;56;kWh;-20720;4123;0;0;24843;-16597
2024-10-16T14:00;2024-10-16T14:15;57;kWh;-47780;1231;0;0;49011;-46549
2024-10-16T14:15;2024-10-16T14:30;58;kWh;-65814;1836;0;0;67650;-63978
2024-10-16T14:30;2024-10-16T14:45;59;kWh;-33051;117;0;0;33168;-32934
2024-10-16T14:45;2024-10-16T15:00;60;kWh;-6050;457;0;0;6507;-5593
2024-10-16T15:00;2024-10-16T15:15;61;kWh;-65635;2633;0;0;68268;-63002
2024-10-16T15:15;2024-10-16T15:30;62;kWh;-30339;6851;0;0;37190;-23488
2024-10-16T15:30;2024-10-16T15:45;63;kWh;-8646;1773;0;0;10419;-6873
2024-10-16T15:45;2024-10-16T16:00;64;kWh;0;15829;0;0;15829;15829
2024-10-16T16:00;2024-10-16T16:15;65;kWh;-10214;11454;0;0;21668;1240
2024-10-16T16:15;2024-10-16T16:30;66;kWh;-27910;41266;0;0;69176;13356
2024-10-16T16:30;2024-10-16T16:45;67;kWh;-7725;19498;0;0;27223;11773
2024-10-16T16:45;2024-10-16T17:00;68;kWh;0;37888;0;0;37888;37888
2024-10-16T17:00;2024-10-16T17:15;69;kWh;-11735;9709;0;0;21444;-2026
2024-10-16T17:15;2024-10-16T17:30;70;kWh;-3393;13529;0;0;16922;10136
2024-10-16T17:30;2024-10-16T17:45;71;kWh;-17524;8312;0;0;25836;-9212
2024-10-16T17:45;2024-10-16T18:00;72;kWh;-3287;8995;0;0;12282;5708
2024-10-16T18:00;2024-10-16T18:15;73;kWh;-24420;592;0;0;25012;-23828
2024-10-16T18:15;2024-10-16T18:30;74;kWh;-21308;214;0;0;21522;-21094
2024-10-16T18:30;2024-10-16T18:45;75;kWh;-40063;110;0;0;40173;-39953
2024-10-16T18:45;2024-10-16T19:00;76;kWh;-26998;6898;0;0;33896;-20100
2024-10-16T19:00;2024-10-16T19:15;77;kWh;0;17719;0;0;17719;17719
2024-10-16T19:15;2024-10-16T19:30;78;kWh;-16275;394;0;0;16669;-15881
2024-10-16T19:30;2024-10-16T19:45;79;kWh;-18891;1558;0;0;20449;-17333
2024-10-16T19:45;2024-10-16T20:00;80;kWh;-22513;303;0;0;22816;-22210
2024-10-16T20:00;2024-10-16T20:15;81;kWh;-27752;3429;0;0;31181;-24323
2024-10-16T20:15;2024-10-16T20:30;82;kWh;-11319;13107;0;0;24426;1788
2024-10-16T20:30;2024-10-16T20:45;83;kWh;-4734;7259;0;0;11993;2525
2024-10-16T20:45;2024-10-16T21:00;84;kWh;-8413;10808;0;0;19221;2395
2024-10-16T21:00;2024-10-16T21:15;85;kWh;-879;196;0;0;1075;-683
2024-10-16T21:15;2024-10-16T21:30;86;kWh;-4557;3196;0;0;7753;-1361
2024-10-16T21:30;2024-10-16T21:45;87;kWh;-5988;4167;0;0;10155;-1821
2024-10-16T21:45;2024-10-16T22:00;88;kWh;-20484;14;0;0;20498;-20470
2024-10-16T22:00;2024-10-16T22:15;89;kWh;-1677;320;0;0;1997;-1357
2024-10-16T22:15;2024-10-16T22:30;90;kWh;-8415;167;0;0;8582;-8248
2024-10-16T22:30;2024-10-16T22:45;91;kWh;-15066;7719;0;0;22785;-7347
2024-10-16T22:45;2024-10-16T23:00;92;kWh;-21706;2158;0;0;23864;-19548
2024-10-16T23:00;2024-10-16T23:15;93;kWh;-296;7074;0;0;7370;6778
2024-10-16T23:15;2024-10-16T23:30;94;kWh;-2802;976;0;0;3778;-1826
2024-10-16T23:30;2024-10-16T23:45;95;kWh;-26439;0;0;0;26439;-26439
2024-10-16T23:45;2024-10-17T00:00;96;kWh;-37730;48;0;0;37778;-37682
2024-10-17T00:00;2024-10-17T00:15;1;kWh;-18242;0;0;0;18242;-18242
2024-10-17T00:15;2024-10-17T00:30;2;kWh;0;0;0;0;0;0
2024-10-17T00:30;2024-10-17T00:45;3;kWh;0;0;0;0;0;0
2024-10-17T00:45;2024-10-17T01:00;4;kWh;-2413;0;0;0;2413;-2413
2024-10-17T01:00;2024-10-17T01:15;5;kWh;-5940;0;0;0;5940;-5940
2024-10-17T01:15;2024-10-17T01:30;6;kWh;-5533;0;0;0;5533;-5533
2024-10-17T01:30;2024-10-17T01:45;7;kWh;-3467;0;0;0;3467;-3467
2024-10-17T01:45;2024-10-17T02:00;8;kWh;-156;0;0;0;156;-156
2024-10-17T02:00;2024-10-17T02:15;9;kWh;-312;0;0;0;312;-312
2024-10-17T02:15;2024-10-17T02:30;10;kWh;-984;0;0;0;984;-984
2024-10-17T02:30;2024-10-17T02:45;11;kWh;-1778;0;0;0;1778;-1778
2024-10-17T02:45;2024-10-17T03:00;12;kWh;-1529;0;0;0;1529;-1529
2024-10-17T03:00;2024-10-17T03:15;13;kWh;0;0;0;0;0;0
2024-10-17T03:15;2024-10-17T03:30;14;kWh;-1244;0;0;0;1244;-1244
2024-10-17T03:30;2024-10-17T03:45;15;kWh;-1376;0;0;0;1376;-1376
2024-10-17T03:45;2024-10-17T04:00;16;kWh;-2519;0;0;0;2519;-2519
2024-10-17T04:00;2024-10-17T04:15;17;kWh;-3730;0;0;0;3730;-3730
2024-10-17T04:15;2024-10-17T04:30;18;kWh;-845;0;0;0;845;-845
2024-10-17T04:30;2024-10-17T04:45;19;kWh;-857;0;0;0;857;-857
2024-10-17T04:45;2024-10-17T05:00;20;kWh;-6908;0;0;0;6908;-6908
2024-10-17T05:00;2024-10-17T05:15;21;kWh;-15684;0;0;0;15684;-15684
2024-10-17T05:15;2024-10-17T05:30;22;kWh;-15590;0;0;0;15590;-15590
2024-10-17T05:30;2024-10-17T05:45;23;kWh;-33043;4;0;0;33047;-33039
2024-10-17T05:45;2024-10-17T06:00;24;kWh;-32238;0;0;0;32238;-32238
2024-10-17T06:00;2024-10-17T06:15;25;kWh;-39436;6630;0;0;46066;-32806
2024-10-17T06:15;2024-10-17T06:30;26;kWh;-79484;8347;0;0;87831;-71137
2024-10-17T06:30;2024-10-17T06:45;27;kWh;-29909;969;0;0;30878;-28940
2024-10-17T06:45;2024-10-17T07:00;28;kWh;-44509;8365;0;0;52874;-36144
2024-10-17T07:00;2024-10-17T07:15;29;kWh;-39988;0;0;0;39988;-39988
2024-10-17T07:15;2024-10-17T07:30;30;kWh;-23530;1502;0;0;25032;-22028
2024-10-17T07:30;2024-10-17T07:45;31;kWh;0;35467;0;0;35467;35467
2024-10-17T07:45;2024-10-17T08:00;32;kWh;0;36968;0;0;36968;36968
2024-10-17T08:00;2024-10-17T08:15;33;kWh;-11335;621;0;0;11956;-10714
2024-10-17T08:15;2024-10-17T08:30;34;kWh;-10035;0;0;0;10035;-10035
2024-10-17T08:30;2024-10-17T08:45;35;kWh;-484;0;0;0;484;-484
2024-10-17T08:45;2024-10-17T09:00;36;kWh;-195;15814;0;0;16009;15619
2024-10-17T09:00;2024-10-17T09:15;37;kWh;0;48110;0;0;48110;48110
2024-10-17T09:15;2024-10-17T09:30;38;kWh;0;32583;0;0;32583;32583
2024-10-17T09:30;2024-10-17T09:45;39;kWh;0;37025;0;0;37025;37025
2024-10-17T09:45;2024-10-17T10:00;40;kWh;0;23513;0;0;23513;23513
2024-10-17T10:00;2024-10-17T10:15;41;kWh;-25133;1187;0;0;26320;-23946
2024-10-17T10:15;2024-10-17T10:30;42;kWh;-27232;10708;0;0;37940;-16524
2024-10-17T10:30;2024-10-17T10:45;43;kWh;-12372;2;0;0;12374;-12370
2024-10-17T10:45;2024-10-17T11:00;44;kWh;-45238;519;0;0;45757;-44719
2024-10-17T11:00;2024-10-17T11:15;45;kWh;-5745;1;0;0;5746;-5744
2024-10-17T11:15;2024-10-17T11:30;46;kWh;-2044;0;0;0;2044;-2044
2024-10-17T11:30;2024-10-17T11:45;47;kWh;-12752;0;0;0;12752;-12752
2024-10-17T11:45;2024-10-17T12:00;48;kWh;-19087;0;0;0;19087;-19087
2024-10-17T12:00;2024-10-17T12:15;49;kWh;-10052;0;0;0;10052;-10052
2024-10-17T12:15;2024-10-17T12:30;50;kWh;-5213;0;0;0;5213;-5213
2024-10-17T12:30;2024-10-17T12:45;51;kWh;-17805;4805;0;0;22610;-13000
2024-10-17T12:45;2024-10-17T13:00;52;kWh;-3527;2957;0;0;6484;-570
2024-10-17T13:00;2024-10-17T13:15;53;kWh;-3372;26235;0;0;29607;22863
2024-10-17T13:15;2024-10-17T13:30;54;kWh;0;61665;0;0;61665;61665
2024-10-17T13:30;2024-10-17T13:45;55;kWh;0;56732;0;0;56732;56732
2024-10-17T13:45;2024-10-17T14:00;56;kWh;0;80846;0;0;80846;80846
2024-10-17T14:00;2024-10-17T14:15;57;kWh;0;27880;0;0;27880;27880
2024-10-17T14:15;2024-10-17T14:30;58;kWh;0;16657;0;0;16657;16657
2024-10-17T14:30;2024-10-17T14:45;59;kWh;0;15087;0;0;15087;15087
2024-10-17T14:45;2024-10-17T15:00;60;kWh;0;32368;0;0;32368;32368
2024-10-17T15:00;2024-10-17T15:15;61;kWh;-264;3112;0;0;3376;2848
2024-10-17T15:15;2024-10-17T15:30;62;kWh;-33594;0;0;0;33594;-33594
2024-10-17T15:30;2024-10-17T15:45;63;kWh;-23;372;0;0;395;349
2024-10-17T15:45;2024-10-17T16:00;64;kWh;0;1036;0;0;1036;1036
2024-10-17T16:00;2024-10-17T16:15;65;kWh;-3157;41329;0;0;44486;38172
2024-10-17T16:15;2024-10-17T16:30;66;kWh;-32730;30424;0;0;63154;-2306
2024-10-17T16:30;2024-10-17T16:45;67;kWh;-14725;15416;0;0;30141;691
2024-10-17T16:45;2024-10-17T17:00;68;kWh;-20276;12027;0;0;32303;-8249
2024-10-17T17:00;2024-10-17T17:15;69;kWh;-44999;0;0;0;44999;-44999
2024-10-17T17:15;2024-10-17T17:30;70;kWh;-44085;0;0;0;44085;-44085
2024-10-17T17:30;2024-10-17T17:45;71;kWh;-17154;99;0;0;17253;-17055
2024-10-17T17:45;2024-10-17T18:00;72;kWh;-336;3267;0;0;3603;2931
2024-10-17T18:00;2024-10-17T18:15;73;kWh;-21636;313;0;0;21949;-21323
2024-10-17T18:15;2024-10-17T18:30;74;kWh;-40862;0;0;0;40862;-40862
2024-10-17T18:30;2024-10-17T18:45;75;kWh;-35200;0;0;0;35200;-35200
2024-10-17T18:45;2024-10-17T19:00;76;kWh;-23456;0;0;0;23456;-23456
2024-10-17T19:00;2024-10-17T19:15;77;kWh;-23186;10028;0;0;33214;-13158
2024-10-17T19:15;2024-10-17T19:30;78;kWh;-214;3676;0;0;3890;3462
2024-10-17T19:30;2024-10-17T19:45;79;kWh;-4020;0;0;0;4020;-4020
2024-10-17T19:45;2024-10-17T20:00;80;kWh;-25937;0;0;0;25937;-25937
2024-10-17T20:00;2024-10-17T20:15;81;kWh;-14587;5833;0;0;20420;-8754
2024-10-17T20:15;2024-10-17T20:30;82;kWh;-409;45;0;0;454;-364
2024-10-17T20:30;2024-10-17T20:45;83;kWh;-808;98;0;0;906;-710
2024-10-17T20:45;2024-10-17T21:00;84;kWh;-1486;8587;0;0;10073;7101
2024-10-17T21:00;2024-10-17T21:15;85;kWh;-3603;48002;0;0;51605;44399
2024-10-17T21:15;2024-10-17T21:30;86;kWh;0;67333;0;0;67333;67333
2024-10-17T21:30;2024-10-17T21:45;87;kWh;0;8813;0;0;8813;8813
2024-10-17T21:45;2024-10-17T22:00;88;kWh;0;40903;0;0;40903;40903
2024-10-17T22:00;2024-10-17T22:15;89;kWh;-9730;14857;0;0;24587;5127
2024-10-17T22:15;2024-10-17T22:30;90;kWh;-633;55672;0;0;56305;55039
2024-10-17T22:30;2024-10-17T22:45;91;kWh;-142;15428;0;0;15570;15286
2024-10-17T22:45;2024-10-17T23:00;92;kWh;0;27101;0;0;27101;27101
2024-10-17T23:00;2024-10-17T23:15;93;kWh;-30982;9998;0;0;40980;-20984
2024-10-17T23:15;2024-10-17T23:30;94;kWh;-19967;43909;0;0;63876;23942
2024-10-17T23:30;2024-10-17T23:45;95;kWh;-27577;241;0;0;27818;-27336
2024-10-17T23:45;2024-10-18T00:00;96;kWh;-32522;0;0;0;32522;-32522
2024-10-18T00:00;2024-10-18T00:15;1;kWh;-1438;82761;0;0;84199;81323
2024-10-18T00:15;2024-10-18T00:30;2;kWh;0;58040;0;0;58040;58040
2024-10-18T00:30;2024-10-18T00:45;3;kWh;0;50922;0;0;50922;50922
2024-10-18T00:45;2024-10-18T01:00;4;kWh;-2492;30110;0;0;32602;27618
2024-10-18T01:00;2024-10-18T01:15;5;kWh;-212;52159;0;0;52371;51947
2024-10-18T01:15;2024-10-18T01:30;6;kWh;0;36650;0;0;36650;36650
2024-10-18T01:30;2024-10-18T01:45;7;kWh;-5;30196;0;0;30201;30191
2024-10-18T01:45;2024-10-18T02:00;8;kWh;0;36063;0;0;36063;36063
2024-10-18T02:00;2024-10-18T02:15;9;kWh;0;28895;0;0;28895;28895
2024-10-18T02:15;2024-10-18T02:30;10;kWh;-57;1963;0;0;2020;1906
2024-10-18T02:30;2024-10-18T02:45;11;kWh;-3217;49;0;0;3266;-3168
2024-10-18T02:45;2024-10-18T03:00;12;kWh;0;26603;0;0;26603;26603
2024-10-18T03:00;2024-10-18T03:15;13;kWh;0;56792;0;0;56792;56792
2024-10-18T03:15;2024-10-18T03:30;14;kWh;0;65013;0;0;65013;65013
2024-10-18T03:30;2024-10-18T03:45;15;kWh;0;49569;0;0;49569;49569
2024-10-18T03:45;2024-10-18T04:00;16;kWh;0;61909;0;0;61909;61909
2024-10-18T04:00;2024-10-18T04:15;17;kWh;0;21257;0;0;21257;21257
2024-10-18T04:15;2024-10-18T04:30;18;kWh;0;59320;0;0;59320;59320
2024-10-18T04:30;2024-10-18T04:45;19;kWh;0;49490;0;0;49490;49490
2024-10-18T04:45;2024-10-18T05:00;20;kWh;0;45070;0;0;45070;45070
2024-10-18T05:00;2024-10-18T05:15;21;kWh;0;6479;0;0;6479;6479
2024-10-18T05:15;2024-10-18T05:30;22;kWh;0;1535;0;0;1535;1535
2024-10-18T05:30;2024-10-18T05:45;23;kWh;0;4041;0;0;4041;4041
2024-10-18T05:45;2024-10-18T06:00;24;kWh;-9651;4575;0;0;14226;-5076
2024-10-18T06:00;2024-10-18T06:15;25;kWh;-20385;8490;0;0;28875;-11895
2024-10-18T06:15;2024-10-18T06:30;26;kWh;-822;33811;0;0;34633;32989
2024-10-18T06:30;2024-10-18T06:45;27;kWh;-153;24608;0;0;24761;24455
2024-10-18T06:45;2024-10-18T07:00;28;kWh;0;32507;0;0;32507;32507
2024-10-18T07:00;2024-10-18T07:15;29;kWh;-23968;6403;0;0;30371;-17565
2024-10-18T07:15;2024-10-18T07:30;30;kWh;-732;7481;0;0;8213;6749
2024-10-18T07:30;2024-10-18T07:45;31;kWh;0;27899;0;0;27899;27899
2024-10-18T07:45;2024-10-18T08:00;32;kWh;0;30941;0;0;30941;30941
2024-10-18T08:00;2024-10-18T08:15;33;kWh;0;5247;0;0;5247;5247
2024-10-18T08:15;2024-10-18T08:30;34;kWh;-1295;0;0;0;1295;-1295
2024-10-18T08:30;2024-10-18T08:45;35;kWh;-372;9319;0;0;9691;8947
2024-10-18T08:45;2024-10-18T09:00;36;kWh;0;20470;0;0;20470;20470
2024-10-18T09:00;2024-10-18T09:15;37;kWh;0;2531;0;0;2531;2531
2024-10-18T09:15;2024-10-18T09:30;38;kWh;-94;0;0;0;94;-94
2024-10-18T09:30;2024-10-18T09:45;39;kWh;-2702;0;0;0;2702;-2702
2024-10-18T09:45;2024-10-18T10:00;40;kWh;-7469;0;0;0;7469;-7469
2024-10-18T10:00;2024-10-18T10:15;41;kWh;-9167;208;0;0;9375;-8959
2024-10-18T10:15;2024-10-18T10:30;42;kWh;-2758;25325;0;0;28083;22567
2024-10-18T10:30;2024-10-18T10:45;43;kWh;-24700;84;0;0;24784;-24616
2024-10-18T10:45;2024-10-18T11:00;44;kWh;-5655;12048;0;0;17703;6393
2024-10-18T11:00;2024-10-18T11:15;45;kWh;-569;3567;0;0;4136;2998
2024-10-18T11:15;2024-10-18T11:30;46;kWh;0;6133;0;0;6133;6133
2024-10-18T11:30;2024-10-18T11:45;47;kWh;-11021;387;0;0;11408;-10634
2024-10-18T11:45;2024-10-18T12:00;48;kWh;-65025;0;0;0;65025;-65025
2024-10-18T12:00;2024-10-18T12:15;49;kWh;-22035;371;0;0;22406;-21664
2024-10-18T12:15;2024-10-18T12:30;50;kWh;-56249;0;0;0;56249;-56249
2024-10-18T12:30;2024-10-18T12:45;51;kWh;-107545;0;0;0;107545;-107545
2024-10-18T12:45;2024-10-18T13:00;52;kWh;-110707;0;0;0;110707;-110707
2024-10-18T13:00;2024-10-18T13:15;53;kWh;-83372;0;0;0;83372;-83372
2024-10-18T13:15;2024-10-18T13:30;54;kWh;-79229;0;0;0;79229;-79229
2024-10-18T13:30;2024-10-18T13:45;55;kWh;-49471;0;0;0;49471;-49471
2024-10-18T13:45;2024-10-18T14:00;56;kWh;-11998;33545;0;0;45543;21547
2024-10-18T14:00;2024-10-18T14:15;57;kWh;0;58763;0;0;58763;58763
2024-10-18T14:15;2024-10-18T14:30;58;kWh;0;24631;0;0;24631;24631
2024-10-18T14:30;2024-10-18T14:45;59;kWh;-1919;393;0;0;2312;-1526
2024-10-18T14:45;2024-10-18T15:00;60;kWh;-375;1554;0;0;1929;1179
2024-10-18T15:00;2024-10-18T15:15;61;kWh;-55391;2114;0;0;57505;-53277
2024-10-18T15:15;2024-10-18T15:30;62;kWh;-266;10621;0;0;10887;10355
2024-10-18T15:30;2024-10-18T15:45;63;kWh;0;9554;0;0;9554;9554
2024-10-18T15:45;2024-10-18T16:00;64;kWh;0;27254;0;0;27254;27254
2024-10-18T16:00;2024-10-18T16:15;65;kWh;0;87404;0;0;87404;87404
2024-10-18T16:15;2024-10-18T16:30;66;kWh;0;39391;0;0;39391;39391
2024-10-18T16:30;2024-10-18T16:45;67;kWh;-1558;10436;0;0;11994;8878
2024-10-18T16:45;2024-10-18T17:00;68;kWh;0;3852;0;0;3852;3852
2024-10-18T17:00;2024-10-18T17:15;69;kWh;-30;3754;0;0;3784;3724
2024-10-18T17:15;2024-10-18T17:30;70;kWh;-1372;2710;0;0;4082;1338
2024-10-18T17:30;2024-10-18T17:45;71;kWh;0;560;0;0;560;560
2024-10-18T17:45;2024-10-18T18:00;72;kWh;0;6524;0;0;6524;6524
2024-10-18T18:00;2024-10-18T18:15;73;kWh;-227;4678;0;0;4905;4451
2024-10-18T18:15;2024-10-18T18:30;74;kWh;0;57081;0;0;57081;57081
2024-10-18T18:30;2024-10-18T18:45;75;kWh;0;41609;0;0;41609;41609
2024-10-18T18:45;2024-10-18T19:00;76;kWh;0;63498;0;0;63498;63498
2024-10-18T19:00;2024-10-18T19:15;77;kWh;-103;11477;0;0;11580;11374
2024-10-18T19:15;2024-10-18T19:30;78;kWh;-5332;613;0;0;5945;-4719
2024-10-18T19:30;2024-10-18T19:45;79;kWh;-42979;0;0;0;42979;-42979
2024-10-18T19:45;2024-10-18T20:00;80;kWh;-44448;0;0;0;44448;-44448
2024-10-18T20:00;2024-10-18T20:15;81;kWh;-17008;0;0;0;17008;-17008
2024-10-18T20:15;2024-10-18T20:30;82;kWh;-26355;2381;0;0;28736;-23974
2024-10-18T20:30;2024-10-18T20:45;83;kWh;-22714;561;0;0;23275;-22153
2024-10-18T20:45;2024-10-18T21:00;84;kWh;-17109;35;0;0;17144;-17074
2024-10-18T21:00;2024-10-18T21:15;85;kWh;-36981;0;0;0;36981;-36981
2024-10-18T21:15;2024-10-18T21:30;86;kWh;-3643;0;0;0;3643;-3643
2024-10-18T21:30;2024-10-18T21:45;87;kWh;-7816;16989;0;0;24805;9173
2024-10-18T21:45;2024-10-18T22:00;88;kWh;0;32468;0;0;32468;32468
2024-10-18T22:00;2024-10-18T22:15;89;kWh;0;18283;0;0;18283;18283
2024-10-18T22:15;2024-10-18T22:30;90;kWh;-760;1773;0;0;2533;1013
2024-10-18T22:30;2024-10-18T22:45;91;kWh;-1277;359;0;0;1636;-918
2024-10-18T22:45;2024-10-18T23:00;92;kWh;-841;33769;0;0;34610;32928
2024-10-18T23:00;2024-10-18T23:15;93;kWh;-635;2023;0;0;2658;1388
2024-10-18T23:15;2024-10-18T23:30;94;kWh;-533;23291;0;0;23824;22758
2024-10-18T23:30;2024-10-18T23:45;95;kWh;-1753;4791;0;0;6544;3038
2024-10-18T23:45;2024-10-19T00:00;96;kWh;-3302;1476;0;0;4778;-1826
2024-10-19T00:00;2024-10-19T00:15;1;kWh;-1521;2363;0;0;3884;842
2024-10-19T00:15;2024-10-19T00:30;2;kWh;0;34232;0;0;34232;34232
2024-10-19T00:30;2024-10-19T00:45;3;kWh;0;36618;0;0;36618;36618
2024-10-19T00:45;2024-10-19T01:00;4;kWh;0;33518;0;0;33518;33518
2024-10-19T01:00;2024-10-19T01:15;5;kWh;0;29429;0;0;29429;29429
2024-10-19T01:15;2024-10-19T01:30;6;kWh;0;29861;0;0;29861;29861
2024-10-19T01:30;2024-10-19T01:45;7;kWh;0;12491;0;0;12491;12491
2024-10-19T01:45;2024-10-19T02:00;8;kWh;-9912;0;0;0;9912;-9912
2024-10-19T02:00;2024-10-19T02:15;9;kWh;-1903;17427;0;0;19330;15524
2024-10-19T02:15;2024-10-19T02:30;10;kWh;0;28823;0;0;28823;28823
2024-10-19T02:30;2024-10-19T02:45;11;kWh;0;24343;0;0;24343;24343
2024-10-19T02:45;2024-10-19T03:00;12;kWh;0;488;0;0;488;488
2024-10-19T03:00;2024-10-19T03:15;13;kWh;0;23363;0;0;23363;23363
2024-10-19T03:15;2024-10-19T03:30;14;kWh;0;31487;0;0;31487;31487
2024-10-19T03:30;2024-10-19T03:45;15;kWh;0;17534;0;0;17534;17534
2024-10-19T03:45;2024-10-19T04:00;16;kWh;0;9029;0;0;9029;9029
2024-10-19T04:00;2024-10-19T04:15;17;kWh;0;1966;0;0;1966;1966
2024-10-19T04:15;2024-10-19T04:30;18;kWh;0;19019;0;0;19019;19019
2024-10-19T04:30;2024-10-19T04:45;19;kWh;0;952;0;0;952;952
2024-10-19T04:45;2024-10-19T05:00;20;kWh;-6114;0;0;0;6114;-6114
2024-10-19T05:00;2024-10-19T05:15;21;kWh;-2649;0;0;0;2649;-2649
2024-10-19T05:15;2024-10-19T05:30;22;kWh;0;471;0;0;471;471
2024-10-19T05:30;2024-10-19T05:45;23;kWh;-443;183;0;0;626;-260
2024-10-19T05:45;2024-10-19T06:00;24;kWh;0;1963;0;0;1963;1963
2024-10-19T06:00;2024-10-19T06:15;25;kWh;0;16134;0;0;16134;16134
2024-10-19T06:15;2024-10-19T06:30;26;kWh;0;23906;0;0;23906;23906
2024-10-19T06:30;2024-10-19T06:45;27;kWh;0;5552;0;0;5552;5552
2024-10-19T06:45;2024-10-19T07:00;28;kWh;-23;889;0;0;912;866
2024-10-19T07:00;2024-10-19T07:15;29;kWh;-423;9630;0;0;10053;9207
2024-10-19T07:15;2024-10-19T07:30;30;kWh;-1828;30511;0;0;32339;28683
2024-10-19T07:30;2024-10-19T07:45;31;kWh;-2874;292;0;0;3166;-2582
2024-10-19T07:45;2024-10-19T08:00;32;kWh;0;2789;0;0;2789;2789
2024-10-19T08:00;2024-10-19T08:15;33;kWh;-6451;0;0;0;6451;-6451
2024-10-19T08:15;2024-10-19T08:30;34;kWh;-6303;0;0;0;6303;-6303
2024-10-19T08:30;2024-10-19T08:45;35;kWh;0;7450;0;0;7450;7450
2024-10-19T08:45;2024-10-19T09:00;36;kWh;0;38632;0;0;38632;38632
2024-10-19T09:00;2024-10-19T09:15;37;kWh;0;39264;0;0;39264;39264
2024-10-19T09:15;2024-10-19T09:30;38;kWh;0;44870;0;0;44870;44870
2024-10-19T09:30;2024-10-19T09:45;39;kWh;0;33760;0;0;33760;33760
2024-10-19T09:45;2024-10-19T10:00;40;kWh;0;14915;0;0;14915;14915
2024-10-19T10:00;2024-10-19T10:15;41;kWh;0;22958;0;0;22958;22958
2024-10-19T10:15;2024-10-19T10:30;42;kWh;0;26606;0;0;26606;26606
2024-10-19T10:30;2024-10-19T10:45;43;kWh;-351;31172;0;0;31523;30821
2024-10-19T10:45;2024-10-19T11:00;44;kWh;-1811;264;0;0;2075;-1547
2024-10-19T11:00;2024-10-19T11:15;45;kWh;-27;3910;0;0;3937;3883
2024-10-19T11:15;2024-10-19T11:30;46;kWh;-2;549;0;0;551;547
2024-10-19T11:30;2024-10-19T11:45;47;kWh;-16421;0;0;0;16421;-16421
2024-10-19T11:45;2024-10-19T12:00;48;kWh;-32548;0;0;0;32548;-32548
2024-10-19T12:00;2024-10-19T12:15;49;kWh;-6613;13005;0;0;19618;6392
2024-10-19T12:15;2024-10-19T12:30;50;kWh;0;18071;0;0;18071;18071
2024-10-19T12:30;2024-10-19T12:45;51;kWh;0;11128;0;0;11128;11128
2024-10-19T12:45;2024-10-19T13:00;52;kWh;0;19689;0;0;19689;19689
2024-10-19T13:00;2024-10-19T13:15;53;kWh;0;50234;0;0;50234;50234
2024-10-19T13:15;2024-10-19T13:30;54;kWh;-2;32633;0;0;32635;32631
2024-10-19T13:30;2024-10-19T13:45;55;kWh;0;53234;0;0;53234;53234
2024-10-19T13:45;2024-10-19T14:00;56;kWh;0;40441;0;0;40441;40441
2024-10-19T14:00;2024-10-19T14:15;57;kWh;0;16025;0;0;16025;16025
2024-10-19T14:15;2024-10-19T14:30;58;kWh;0;30397;0;0;30397;30397
2024-10-19T14:30;2024-10-19T14:45;59;kWh;0;16811;0;0;16811;16811
2024-10-19T14:45;2024-10-19T15:00;60;kWh;0;2580;0;0;2580;2580
2024-10-19T15:00;2024-10-19T15:15;61;kWh;0;2776;0;0;2776;2776
2024-10-19T15:15;2024-10-19T15:30;62;kWh;0;6637;0;0;6637;6637
2024-10-19T15:30;2024-10-19T15:45;63;kWh;-1143;6001;0;0;7144;4858
2024-10-19T15:45;2024-10-19T16:00;64;kWh;-24554;232;0;0;24786;-24322
2024-10-19T16:00;2024-10-19T16:15;65;kWh;-29289;11295;0;0;40584;-17994
2024-10-19T16:15;2024-10-19T16:30;66;kWh;0;19400;0;0;19400;19400
2024-10-19T16:30;2024-10-19T16:45;67;kWh;0;12424;0;0;12424;12424
2024-10-19T16:45;2024-10-19T17:00;68;kWh;0;23556;0;0;23556;23556
2024-10-19T17:00;2024-10-19T17:15;69;kWh;0;37265;0;0;37265;37265
2024-10-19T17:15;2024-10-19T17:30;70;kWh;0;26044;0;0;26044;26044
2024-10-19T17:30;2024-10-19T17:45;71;kWh;-130;10074;0;0;10204;9944
2024-10-19T17:45;2024-10-19T18:00;72;kWh;-37;0;0;0;37;-37
2024-10-19T18:00;2024-10-19T18:15;73;kWh;0;0;0;0;0;0
2024-10-19T18:15;2024-10-19T18:30;74;kWh;0;0;0;0;0;0
2024-10-19T18:30;2024-10-19T18:45;75;kWh;0;0;0;0;0;0
2024-10-19T18:45;2024-10-19T19:00;76;kWh;-2687;1147;0;0;3834;-1540
2024-10-19T19:00;2024-10-19T19:15;77;kWh;-5871;0;0;0;5871;-5871
2024-10-19T19:15;2024-10-19T19:30;78;kWh;0;7528;0;0;7528;7528
2024-10-19T19:30;2024-10-19T19:45;79;kWh;-1139;0;0;0;1139;-1139
2024-10-19T19:45;2024-10-19T20:00;80;kWh;-33970;0;0;0;33970;-33970
2024-10-19T20:00;2024-10-19T20:15;81;kWh;-16417;81;0;0;16498;-16336
2024-10-19T20:15;2024-10-19T20:30;82;kWh;-2094;4971;0;0;7065;2877
2024-10-19T20:30;2024-10-19T20:45;83;kWh;-2803;767;0;0;3570;-2036
2024-10-19T20:45;2024-10-19T21:00;84;kWh;0;737;0;0;737;737
2024-10-19T21:00;2024-10-19T21:15;85;kWh;0;25105;0;0;25105;25105
2024-10-19T21:15;2024-10-19T21:30;86;kWh;-390;39958;0;0;40348;39568
2024-10-19T21:30;2024-10-19T21:45;87;kWh;-5986;256;0;0;6242;-5730
2024-10-19T21:45;2024-10-19T22:00;88;kWh;-19695;0;0;0;19695;-19695
2024-10-19T22:00;2024-10-19T22:15;89;kWh;-17687;29;0;0;17716;-17658
2024-10-19T22:15;2024-10-19T22:30;90;kWh;-31557;0;0;0;31557;-31557
2024-10-19T22:30;2024-10-19T22:45;91;kWh;-421;5205;0;0;5626;4784
2024-10-19T22:45;2024-10-19T23:00;92;kWh;0;22346;0;0;22346;22346
2024-10-19T23:00;2024-10-19T23:15;93;kWh;-14814;2162;0;0;16976;-12652
2024-10-19T23:15;2024-10-19T23:30;94;kWh;-5115;1482;0;0;6597;-3633
2024-10-19T23:30;2024-10-19T23:45;95;kWh;0;15375;0;0;15375;15375
2024-10-19T23:45;2024-10-20T00:00;96;kWh;-107;33534;0;0;33641;33427
2024-10-20T00:00;2024-10-20T00:15;1;kWh;-74453;4124;0;0;78577;-70329
2024-10-20T00:15;2024-10-20T00:30;2;kWh;-55834;16298;0;0;72132;-39536
2024-10-20T00:30;2024-10-20T00:45;3;kWh;-36899;8542;0;0;45441;-28357
2024-10-20T00:45;2024-10-20T01:00;4;kWh;-6151;915;0;0;7066;-5236
2024-10-20T01:00;2024-10-20T01:15;5;kWh;-22826;242;0;0;23068;-22584
2024-10-20T01:15;2024-10-20T01:30;6;kWh;-14237;1310;0;0;15547;-12927
2024-10-20T01:30;2024-10-20T01:45;7;kWh;-498;4640;0;0;5138;4142
2024-10-20T01:45;2024-10-20T02:00;8;kWh;-498;1387;0;0;1885;889
2024-10-20T02:00;2024-10-20T02:15;9;kWh;-498;23575;0;0;24073;23077
2024-10-20T02:15;2024-10-20T02:30;10;kWh;-498;41857;0;0;42355;41359
2024-10-20T02:30;2024-10-20T02:45;11;kWh;-498;48398;0;0;48896;47900
2024-10-20T02:45;2024-10-20T03:00;12;kWh;-498;67004;0;0;67502;66506
2024-10-20T03:00;2024-10-20T03:15;13;kWh;-498;39074;0;0;39572;38576
2024-10-20T03:15;2024-10-20T03:30;14;kWh;-498;33402;0;0;33900;32904
2024-10-20T03:30;2024-10-20T03:45;15;kWh;-498;45905;0;0;46403;45407
2024-10-20T03:45;2024-10-20T04:00;16;kWh;-498;36894;0;0;37392;36396
2024-10-20T04:00;2024-10-20T04:15;17;kWh;-846;5093;0;0;5939;4247
2024-10-20T04:15;2024-10-20T04:30;18;kWh;-1186;0;0;0;1186;-1186
2024-10-20T04:30;2024-10-20T04:45;19;kWh;-498;0;0;0;498;-498
2024-10-20T04:45;2024-10-20T05:00;20;kWh;-7149;0;0;0;7149;-7149
2024-10-20T05:00;2024-10-20T05:15;21;kWh;-680;8612;0;0;9292;7932
2024-10-20T05:15;2024-10-20T05:30;22;kWh;-6960;0;0;0;6960;-6960
2024-10-20T05:30;2024-10-20T05:45;23;kWh;-6777;0;0;0;6777;-6777
2024-10-20T05:45;2024-10-20T06:00;24;kWh;-5007;0;0;0;5007;-5007
2024-10-20T06:00;2024-10-20T06:15;25;kWh;-1751;3528;0;0;5279;1777
2024-10-20T06:15;2024-10-20T06:30;26;kWh;-498;21019;0;0;21517;20521
2024-10-20T06:30;2024-10-20T06:45;27;kWh;-498;18658;0;0;19156;18160
2024-10-20T06:45;2024-10-20T07:00;28;kWh;-498;7092;0;0;7590;6594
2024-10-20T07:00;2024-10-20T07:15;29;kWh;-498;1991;0;0;2489;1493
2024-10-20T07:15;2024-10-20T07:30;30;kWh;-498;1719;0;0;2217;1221
2024-10-20T07:30;2024-10-20T07:45;31;kWh;-1934;450;0;0;2384;-1484
2024-10-20T07:45;2024-10-20T08:00;32;kWh;-498;12488;0;0;12986;11990
2024-10-20T08:00;2024-10-20T08:15;33;kWh;-6504;3132;0;0;9636;-3372
2024-10-20T08:15;2024-10-20T08:30;34;kWh;-16207;0;0;0;16207;-16207
2024-10-20T08:30;2024-10-20T08:45;35;kWh;-1695;0;0;0;1695;-1695
2024-10-20T08:45;2024-10-20T09:00;36;kWh;-498;6564;0;0;7062;6066
2024-10-20T09:00;2024-10-20T09:15;37;kWh;-4776;0;0;0;4776;-4776
2024-10-20T09:15;2024-10-20T09:30;38;kWh;-20302;0;0;0;20302;-20302
2024-10-20T09:30;2024-10-20T09:45;39;kWh;-11291;0;0;0;11291;-11291
2024-10-20T09:45;2024-10-20T10:00;40;kWh;-9720;0;0;0;9720;-9720
2024-10-20T10:00;2024-10-20T10:15;41;kWh;-982;1477;0;0;2459;495
2024-10-20T10:15;2024-10-20T10:30;42;kWh;-4715;0;0;0;4715;-4715
2024-10-20T10:30;2024-10-20T10:45;43;kWh;-13587;0;0;0;13587;-13587
2024-10-20T10:45;2024-10-20T11:00;44;kWh;-34323;0;0;0;34323;-34323
2024-10-20T11:00;2024-10-20T11:15;45;kWh;-8397;55795;0;0;64192;47398
2024-10-20T11:15;2024-10-20T11:30;46;kWh;-6230;23469;0;0;29699;17239
2024-10-20T11:30;2024-10-20T11:45;47;kWh;-31790;0;0;0;31790;-31790
2024-10-20T11:45;2024-10-20T12:00;48;kWh;-75492;0;0;0;75492;-75492
2024-10-20T12:00;2024-10-20T12:15;49;kWh;-21051;4140;0;0;25191;-16911
2024-10-20T12:15;2024-10-20T12:30;50;kWh;-29776;0;0;0;29776;-29776
2024-10-20T12:30;2024-10-20T12:45;51;kWh;-48449;0;0;0;48449;-48449
2024-10-20T12:45;2024-10-20T13:00;52;kWh;-58393;0;0;0;58393;-58393
2024-10-20T13:00;2024-10-20T13:15;53;kWh;-62370;0;0;0;62370;-62370
2024-10-20T13:15;2024-10-20T13:30;54;kWh;-87136;0;0;0;87136;-87136
2024-10-20T13:30;2024-10-20T13:45;55;kWh;-85485;0;0;0;85485;-85485
2024-10-20T13:45;2024-10-20T14:00;56;kWh;-64567;0;0;0;64567;-64567
2024-10-20T14:00;2024-10-20T14:15;57;kWh;-48124;1346;0;0;49470;-46778
2024-10-20T14:15;2024-10-20T14:30;58;kWh;-81868;1315;0;0;83183;-80553
2024-10-20T14:30;2024-10-20T14:45;59;kWh;-24018;0;0;0;24018;-24018
2024-10-20T14:45;2024-10-20T15:00;60;kWh;-16558;8;0;0;16566;-16550
2024-10-20T15:00;2024-10-20T15:15;61;kWh;-71879;69;0;0;71948;-71810
2024-10-20T15:15;2024-10-20T15:30;62;kWh;-28366;147;0;0;28513;-28219
2024-10-20T15:30;2024-10-20T15:45;63;kWh;-28751;5260;0;0;34011;-23491
2024-10-20T15:45;2024-10-20T16:00;64;kWh;-2023;14728;0;0;16751;12705
2024-10-20T16:00;2024-10-20T16:15;65;kWh;-73005;30;0;0;73035;-72975
2024-10-20T16:15;2024-10-20T16:30;66;kWh;-33410;387;0;0;33797;-33023
2024-10-20T16:30;2024-10-20T16:45;67;kWh;-16028;7370;0;0;23398;-8658
2024-10-20T16:45;2024-10-20T17:00;68;kWh;-8211;7551;0;0;15762;-660
2024-10-20T17:00;2024-10-20T17:15;69;kWh;-65713;1174;0;0;66887;-64539
2024-10-20T17:15;2024-10-20T17:30;70;kWh;-15027;812;0;0;15839;-14215
2024-10-20T17:30;2024-10-20T17:45;71;kWh;-10929;3038;0;0;13967;-7891
2024-10-20T17:45;2024-10-20T18:00;72;kWh;-3890;3363;0;0;7253;-527
2024-10-20T18:00;2024-10-20T18:15;73;kWh;-44508;1755;0;0;46263;-42753
2024-10-20T18:15;2024-10-20T18:30;74;kWh;-15384;12;0;0;15396;-15372
2024-10-20T18:30;2024-10-20T18:45;75;kWh;-28225;429;0;0;28654;-27796
2024-10-20T18:45;2024-10-20T19:00;76;kWh;-23098;763;0;0;23861;-22335
2024-10-20T19:00;2024-10-20T19:15;77;kWh;-21242;7649;0;0;28891;-13593
2024-10-20T19:15;2024-10-20T19:30;78;kWh;-13424;862;0;0;14286;-12562
2024-10-20T19:30;2024-10-20T19:45;79;kWh;-9192;0;0;0;9192;-9192
2024-10-20T19:45;2024-10-20T20:00;80;kWh;-12827;10;0;0;12837;-12817
2024-10-20T20:00;2024-10-20T20:15;81;kWh;-1810;3103;0;0;4913;1293
2024-10-20T20:15;2024-10-20T20:30;82;kWh;-3927;249;0;0;4176;-3678
2024-10-20T20:30;2024-10-20T20:45;83;kWh;-19364;910;0;0;20274;-18454
2024-10-20T20:45;2024-10-20T21:00;84;kWh;-23800;1201;0;0;25001;-22599
2024-10-20T21:00;2024-10-20T21:15;85;kWh;-4186;79151;0;0;83337;74965
2024-10-20T21:15;2024-10-20T21:30;86;kWh;-498;43675;0;0;44173;43177
2024-10-20T21:30;2024-10-20T21:45;87;kWh;-498;38150;0;0;38648;37652
2024-10-20T21:45;2024-10-20T22:00;88;kWh;-498;39818;0;0;40316;39320
2024-10-20T22:00;2024-10-20T22:15;89;kWh;-498;30104;0;0;30602;29606
2024-10-20T22:15;2024-10-20T22:30;90;kWh;-14174;2183;0;0;16357;-11991
2024-10-20T22:30;2024-10-20T22:45;91;kWh;-18915;330;0;0;19245;-18585
2024-10-20T22:45;2024-10-20T23:00;92;kWh;-43176;258;0;0;43434;-42918
2024-10-20T23:00;2024-10-20T23:15;93;kWh;-53686;9961;0;0;63647;-43725
2024-10-20T23:15;2024-10-20T23:30;94;kWh;-38214;2963;0;0;41177;-35251
2024-10-20T23:30;2024-10-20T23:45;95;kWh;-43772;0;0;0;43772;-43772
2024-10-20T23:45;2024-10-21T00:00;96;kWh;-51179;0;0;0;51179;-51179
2024-10-21T00:00;2024-10-21T00:15;1;kWh;-49417;0;0;0;49417;-49417
2024-10-21T00:15;2024-10-21T00:30;2;kWh;-40689;0;0;0;40689;-40689
2024-10-21T00:30;2024-10-21T00:45;3;kWh;-59423;0;0;0;59423;-59423
2024-10-21T00:45;2024-10-21T01:00;4;kWh;-44874;0;0;0;44874;-44874
2024-10-21T01:00;2024-10-21T01:15;5;kWh;-15213;0;0;0;15213;-15213
2024-10-21T01:15;2024-10-21T01:30;6;kWh;-29354;0;0;0;29354;-29354
2024-10-21T01:30;2024-10-21T01:45;7;kWh;-22029;0;0;0;22029;-22029
2024-10-21T01:45;2024-10-21T02:00;8;kWh;-31314;0;0;0;31314;-31314
2024-10-21T02:00;2024-10-21T02:15;9;kWh;-40386;779;0;0;41165;-39607
2024-10-21T02:15;2024-10-21T02:30;10;kWh;-28843;0;0;0;28843;-28843
2024-10-21T02:30;2024-10-21T02:45;11;kWh;-19459;145;0;0;19604;-19314
2024-10-21T02:45;2024-10-21T03:00;12;kWh;-37980;928;0;0;38908;-37052
2024-10-21T03:00;2024-10-21T03:15;13;kWh;-37283;0;0;0;37283;-37283
2024-10-21T03:15;2024-10-21T03:30;14;kWh;-26195;0;0;0;26195;-26195
2024-10-21T03:30;2024-10-21T03:45;15;kWh;-27270;0;0;0;27270;-27270
2024-10-21T03:45;2024-10-21T04:00;16;kWh;-29140;0;0;0;29140;-29140
2024-10-21T04:00;2024-10-21T04:15;17;kWh;-30792;0;0;0;30792;-30792
2024-10-21T04:15;2024-10-21T04:30;18;kWh;-21990;0;0;0;21990;-21990
2024-10-21T04:30;2024-10-21T04:45;19;kWh;-14636;2541;0;0;17177;-12095
2024-10-21T04:45;2024-10-21T05:00;20;kWh;-1337;4965;0;0;6302;3628
2024-10-21T05:00;2024-10-21T05:15;21;kWh;-50951;0;0;0;50951;-50951
2024-10-21T05:15;2024-10-21T05:30;22;kWh;-37222;0;0;0;37222;-37222
2024-10-21T05:30;2024-10-21T05:45;23;kWh;-1774;191;0;0;1965;-1583
2024-10-21T05:45;2024-10-21T06:00;24;kWh;-8256;0;0;0;8256;-8256
2024-10-21T06:00;2024-10-21T06:15;25;kWh;-48744;8539;0;0;57283;-40205
2024-10-21T06:15;2024-10-21T06:30;26;kWh;-12430;10003;0;0;22433;-2427
2024-10-21T06:30;2024-10-21T06:45;27;kWh;-1918;5590;0;0;7508;3672
2024-10-21T06:45;2024-10-21T07:00;28;kWh;-25;13581;0;0;13606;13556
2024-10-21T07:00;2024-10-21T07:15;29;kWh;-42042;1534;0;0;43576;-40508
2024-10-21T07:15;2024-10-21T07:30;30;kWh;-224;10284;0;0;10508;10060
2024-10-21T07:30;2024-10-21T07:45;31;kWh;0;4075;0;0;4075;4075
2024-10-21T07:45;2024-10-21T08:00;32;kWh;-34299;739;0;0;35038;-33560
2024-10-21T08:00;2024-10-21T08:15;33;kWh;-68445;1;0;0;68446;-68444
2024-10-21T08:15;2024-10-21T08:30;34;kWh;-45511;63;0;0;45574;-45448
2024-10-21T08:30;2024-10-21T08:45;35;kWh;-26517;0;0;0;26517;-26517
2024-10-21T08:45;2024-10-21T09:00;36;kWh;-33174;0;0;0;33174;-33174
2024-10-21T09:00;2024-10-21T09:15;37;kWh;-75991;7902;0;0;83893;-68089
2024-10-21T09:15;2024-10-21T09:30;38;kWh;-10585;3963;0;0;14548;-6622
2024-10-21T09:30;2024-10-21T09:45;39;kWh;-19595;0;0;0;19595;-19595
2024-10-21T09:45;2024-10-21T10:00;40;kWh;-33985;0;0;0;33985;-33985
2024-10-21T10:00;2024-10-21T10:15;41;kWh;-76979;768;0;0;77747;-76211
2024-10-21T10:15;2024-10-21T10:30;42;kWh;-52248;6;0;0;52254;-52242
2024-10-21T10:30;2024-10-21T10:45;43;kWh;-94332;0;0;0;94332;-94332
2024-10-21T10:45;2024-10-21T11:00;44;kWh;-51220;0;0;0;51220;-51220
2024-10-21T11:00;2024-10-21T11:15;45;kWh;-38641;0;0;0;38641;-38641
2024-10-21T11:15;2024-10-21T11:30;46;kWh;-75777;0;0;0;75777;-75777
2024-10-21T11:30;2024-10-21T11:45;47;kWh;-79472;0;0;0;79472;-79472
2024-10-21T11:45;2024-10-21T12:00;48;kWh;-32306;0;0;0;32306;-32306
2024-10-21T12:00;2024-10-21T12:15;49;kWh;-84549;0;0;0;84549;-84549
2024-10-21T12:15;2024-10-21T12:30;50;kWh;-51152;0;0;0;51152;-51152
2024-10-21T12:30;2024-10-21T12:45;51;kWh;-104635;0;0;0;104635;-104635
2024-10-21T12:45;2024-10-21T13:00;52;kWh;-127506;0;0;0;127506;-127506
2024-10-21T13:00;2024-10-21T13:15;53;kWh;-102957;384;0;0;103341;-102573
2024-10-21T13:15;2024-10-21T13:30;54;kWh;-83599;11;0;0;83610;-83588
2024-10-21T13:30;2024-10-21T13:45;55;kWh;-107486;0;0;0;107486;-107486
2024-10-21T13:45;2024-10-21T14:00;56;kWh;-109530;0;0;0;109530;-109530
2024-10-21T14:00;2024-10-21T14:15;57;kWh;-78826;0;0;0;78826;-78826
2024-10-21T14:15;2024-10-21T14:30;58;kWh;-103604;0;0;0;103604;-103604
2024-10-21T14:30;2024-10-21T14:45;59;kWh;-84035;187;0;0;84222;-83848
2024-10-21T14:45;2024-10-21T15:00;60;kWh;-66507;869;0;0;67376;-65638
2024-10-21T15:00;2024-10-21T15:15;61;kWh;-12923;26160;0;0;39083;13237
2024-10-21T15:15;2024-10-21T15:30;62;kWh;-24889;431;0;0;25320;-24458
2024-10-21T15:30;2024-10-21T15:45;63;kWh;-31506;2525;0;0;34031;-28981
2024-10-21T15:45;2024-10-21T16:00;64;kWh;-27211;3012;0;0;30223;-24199
2024-10-21T16:00;2024-10-21T16:15;65;kWh;-13533;14055;0;0;27588;522
2024-10-21T16:15;2024-10-21T16:30;66;kWh;-31640;0;0;0;31640;-31640
2024-10-21T16:30;2024-10-21T16:45;67;kWh;-12482;0;0;0;12482;-12482
2024-10-21T16:45;2024-10-21T17:00;68;kWh;-949;3057;0;0;4006;2108
2024-10-21T17:00;2024-10-21T17:15;69;kWh;0;38421;0;0;38421;38421
2024-10-21T17:15;2024-10-21T17:30;70;kWh;0;37377;0;0;37377;37377
2024-10-21T17:30;2024-10-21T17:45;71;kWh;0;40451;0;0;40451;40451
2024-10-21T17:45;2024-10-21T18:00;72;kWh;0;56253;0;0;56253;56253
2024-10-21T18:00;2024-10-21T18:15;73;kWh;0;23366;0;0;23366;23366
2024-10-21T18:15;2024-10-21T18:30;74;kWh;0;31626;0;0;31626;31626
2024-10-21T18:30;2024-10-21T18:45;75;kWh;0;40163;0;0;40163;40163
2024-10-21T18:45;2024-10-21T19:00;76;kWh;0;54004;0;0;54004;54004
2024-10-21T19:00;2024-10-21T19:15;77;kWh;0;73246;0;0;73246;73246
2024-10-21T19:15;2024-10-21T19:30;78;kWh;0;26423;0;0;26423;26423
2024-10-21T19:30;2024-10-21T19:45;79;kWh;-269;866;0;0;1135;597
2024-10-21T19:45;2024-10-21T20:00;80;kWh;-5364;0;0;0;5364;-5364
2024-10-21T20:00;2024-10-21T20:15;81;kWh;-543;66056;0;0;66599;65513
2024-10-21T20:15;2024-10-21T20:30;82;kWh;-145;14554;0;0;14699;14409
2024-10-21T20:30;2024-10-21T20:45;83;kWh;-2626;14994;0;0;17620;12368
2024-10-21T20:45;2024-10-21T21:00;84;kWh;-33404;0;0;0;33404;-33404
2024-10-21T21:00;2024-10-21T21:15;85;kWh;-33647;1127;0;0;34774;-32520
2024-10-21T21:15;2024-10-21T21:30;86;kWh;-6994;653;0;0;7647;-6341
2024-10-21T21:30;2024-10-21T21:45;87;kWh;-20146;0;0;0;20146;-20146
2024-10-21T21:45;2024-10-21T22:00;88;kWh;-16662;34881;0;0;51543;18219
2024-10-21T22:00;2024-10-21T22:15;89;kWh;-28044;1935;0;0;29979;-26109
2024-10-21T22:15;2024-10-21T22:30;90;kWh;0;25902;0;0;25902;25902
2024-10-21T22:30;2024-10-21T22:45;91;kWh;-25;10253;0;0;10278;10228
2024-10-21T22:45;2024-10-21T23:00;92;kWh;-26951;70;0;0;27021;-26881
2024-10-21T23:00;2024-10-21T23:15;93;kWh;-11902;24;0;0;11926;-11878
2024-10-21T23:15;2024-10-21T23:30;94;kWh;-4270;10392;0;0;14662;6122
2024-10-21T23:30;2024-10-21T23:45;95;kWh;-11197;2152;0;0;13349;-9045
2024-10-21T23:45;2024-10-22T00:00;96;kWh;-32028;0;0;0;32028;-32028
2024-10-22T00:00;2024-10-22T00:15;1;kWh;-15461;0;0;0;15461;-15461
2024-10-22T00:15;2024-10-22T00:30;2;kWh;-39834;0;0;0;39834;-39834
2024-10-22T00:30;2024-10-22T00:45;3;kWh;-32491;0;0;0;32491;-32491
2024-10-22T00:45;2024-10-22T01:00;4;kWh;-6007;10308;0;0;16315;4301
2024-10-22T01:00;2024-10-22T01:15;5;kWh;-56;414;0;0;470;358
2024-10-22T01:15;2024-10-22T01:30;6;kWh;-91;0;0;0;91;-91
2024-10-22T01:30;2024-10-22T01:45;7;kWh;0;0;0;0;0;0
2024-10-22T01:45;2024-10-22T02:00;8;kWh;0;14136;0;0;14136;14136
2024-10-22T02:00;2024-10-22T02:15;9;kWh;0;19992;0;0;19992;19992
2024-10-22T02:15;2024-10-22T02:30;10;kWh;0;67272;0;0;67272;67272
2024-10-22T02:30;2024-10-22T02:45;11;kWh;0;74528;0;0;74528;74528
2024-10-22T02:45;2024-10-22T03:00;12;kWh;0;17415;0;0;17415;17415
2024-10-22T03:00;2024-10-22T03:15;13;kWh;-13236;3921;0;0;17157;-9315
2024-10-22T03:15;2024-10-22T03:30;14;kWh;-1187;6035;0;0;7222;4848
2024-10-22T03:30;2024-10-22T03:45;15;kWh;-579;54;0;0;633;-525
2024-10-22T03:45;2024-10-22T04:00;16;kWh;-1648;0;0;0;1648;-1648
2024-10-22T04:00;2024-10-22T04:15;17;kWh;0;16870;0;0;16870;16870
2024-10-22T04:15;2024-10-22T04:30;18;kWh;0;21091;0;0;21091;21091
2024-10-22T04:30;2024-10-22T04:45;19;kWh;-24940;223;0;0;25163;-24717
2024-10-22T04:45;2024-10-22T05:00;20;kWh;-50512;0;0;0;50512;-50512
2024-10-22T05:00;2024-10-22T05:15;21;kWh;-9077;24059;0;0;33136;14982
2024-10-22T05:15;2024-10-22T05:30;22;kWh;0;24682;0;0;24682;24682
2024-10-22T05:30;2024-10-22T05:45;23;kWh;0;23912;0;0;23912;23912
2024-10-22T05:45;2024-10-22T06:00;24;kWh;-43404;673;0;0;44077;-42731
2024-10-22T06:00;2024-10-22T06:15;25;kWh;-9892;35686;0;0;45578;25794
2024-10-22T06:15;2024-10-22T06:30;26;kWh;-35925;360;0;0;36285;-35565
2024-10-22T06:30;2024-10-22T06:45;27;kWh;-51079;0;0;0;51079;-51079
2024-10-22T06:45;2024-10-22T07:00;28;kWh;-64677;0;0;0;64677;-64677
2024-10-22T07:00;2024-10-22T07:15;29;kWh;-59805;0;0;0;59805;-59805
2024-10-22T07:15;2024-10-22T07:30;30;kWh;-33174;0;0;0;33174;-33174
2024-10-22T07:30;2024-10-22T07:45;31;kWh;-17;1755;0;0;1772;1738
2024-10-22T07:45;2024-10-22T08:00;32;kWh;-29;14798;0;0;14827;14769
2024-10-22T08:00;2024-10-22T08:15;33;kWh;-18014;688;0;0;18702;-17326
2024-10-22T08:15;2024-10-22T08:30;34;kWh;-16102;0;0;0;16102;-16102
2024-10-22T08:30;2024-10-22T08:45;35;kWh;-23017;0;0;0;23017;-23017
2024-10-22T08:45;2024-10-22T09:00;36;kWh;-24410;0;0;0;24410;-24410
2024-10-22T09:00;2024-10-22T09:15;37;kWh;-14206;123;0;0;14329;-14083
2024-10-22T09:15;2024-10-22T09:30;38;kWh;-1675;2661;0;0;4336;986
2024-10-22T09:30;2024-10-22T09:45;39;kWh;-5560;0;0;0;5560;-5560
2024-10-22T09:45;2024-10-22T10:00;40;kWh;-11643;0;0;0;11643;-11643
2024-10-22T10:00;2024-10-22T10:15;41;kWh;-22855;499;0;0;23354;-22356
2024-10-22T10:15;2024-10-22T10:30;42;kWh;-30256;0;0;0;30256;-30256
2024-10-22T10:30;2024-10-22T10:45;43;kWh;-29723;13;0;0;29736;-29710
2024-10-22T10:45;2024-10-22T11:00;44;kWh;-12336;0;0;0;12336;-12336
2024-10-22T11:00;2024-10-22T11:15;45;kWh;-23115;0;0;0;23115;-23115
2024-10-22T11:15;2024-10-22T11:30;46;kWh;-4511;3792;0;0;8303;-719
2024-10-22T11:30;2024-10-22T11:45;47;kWh;-7943;11586;0;0;19529;3643
2024-10-22T11:45;2024-10-22T12:00;48;kWh;-6262;3687;0;0;9949;-2575
2024-10-22T12:00;2024-10-22T12:15;49;kWh;-19588;0;0;0;19588;-19588
2024-10-22T12:15;2024-10-22T12:30;50;kWh;-32915;0;0;0;32915;-32915
2024-10-22T12:30;2024-10-22T12:45;51;kWh;-39277;0;0;0;39277;-39277
2024-10-22T12:45;2024-10-22T13:00;52;kWh;-56205;0;0;0;56205;-56205
2024-10-22T13:00;2024-10-22T13:15;53;kWh;-41251;46;0;0;41297;-41205
2024-10-22T13:15;2024-10-22T13:30;54;kWh;-47884;764;0;0;48648;-47120
2024-10-22T13:30;2024-10-22T13:45;55;kWh;-71721;1813;0;0;73534;-69908
2024-10-22T13:45;2024-10-22T14:00;56;kWh;-104805;455;0;0;105260;-104350
2024-10-22T14:00;2024-10-22T14:15;57;kWh;-51175;0;0;0;51175;-51175
2024-10-22T14:15;2024-10-22T14:30;58;kWh;-41916;64;0;0;41980;-41852
2024-10-22T14:30;2024-10-22T14:45;59;kWh;-49003;629;0;0;49632;-48374
2024-10-22T14:45;2024-10-22T15:00;60;kWh;-35893;0;0;0;35893;-35893
2024-10-22T15:00;2024-10-22T15:15;61;kWh;-16281;0;0;0;16281;-16281
2024-10-22T15:15;2024-10-22T15:30;62;kWh;-15189;0;0;0;15189;-15189
2024-10-22T15:30;2024-10-22T15:45;63;kWh;-24640;1121;0;0;25761;-23519
2024-10-22T15:45;2024-10-22T16:00;64;kWh;-20289;5773;0;0;26062;-14516
2024-10-22T16:00;2024-10-22T16:15;65;kWh;-4607;589;0;0;5196;-4018
2024-10-22T16:15;2024-10-22T16:30;66;kWh;-48218;0;0;0;48218;-48218
2024-10-22T16:30;2024-10-22T16:45;67;kWh;-67409;0;0;0;67409;-67409
2024-10-22T16:45;2024-10-22T17:00;68;kWh;-53536;0;0;0;53536;-53536
2024-10-22T17:00;2024-10-22T17:15;69;kWh;-82763;24;0;0;82787;-82739
2024-10-22T17:15;2024-10-22T17:30;70;kWh;-64535;472;0;0;65007;-64063
2024-10-22T17:30;2024-10-22T17:45;71;kWh;-58809;0;0;0;58809;-58809
2024-10-22T17:45;2024-10-22T18:00;72;kWh;-3664;2007;0;0;5671;-1657
2024-10-22T18:00;2024-10-22T18:15;73;kWh;-39380;4536;0;0;43916;-34844
2024-10-22T18:15;2024-10-22T18:30;74;kWh;-9323;12626;0;0;21949;3303
2024-10-22T18:30;2024-10-22T18:45;75;kWh;-20790;0;0;0;20790;-20790
2024-10-22T18:45;2024-10-22T19:00;76;kWh;-5488;0;0;0;5488;-5488
2024-10-22T19:00;2024-10-22T19:15;77;kWh;-67993;0;0;0;67993;-67993
2024-10-22T19:15;2024-10-22T19:30;78;kWh;-72671;0;0;0;72671;-72671
2024-10-22T19:30;2024-10-22T19:45;79;kWh;-69483;0;0;0;69483;-69483
2024-10-22T19:45;2024-10-22T20:00;80;kWh;-68665;0;0;0;68665;-68665
2024-10-22T20:00;2024-10-22T20:15;81;kWh;-16939;15218;0;0;32157;-1721
2024-10-22T20:15;2024-10-22T20:30;82;kWh;0;6818;0;0;6818;6818
2024-10-22T20:30;2024-10-22T20:45;83;kWh;-14523;7825;0;0;22348;-6698
2024-10-22T20:45;2024-10-22T21:00;84;kWh;-32719;0;0;0;32719;-32719
2024-10-22T21:00;2024-10-22T21:15;85;kWh;-22572;0;0;0;22572;-22572
2024-10-22T21:15;2024-10-22T21:30;86;kWh;-698;7875;0;0;8573;7177
2024-10-22T21:30;2024-10-22T21:45;87;kWh;0;35220;0;0;35220;35220
2024-10-22T21:45;2024-10-22T22:00;88;kWh;0;27252;0;0;27252;27252
2024-10-22T22:00;2024-10-22T22:15;89;kWh;-12080;2076;0;0;14156;-10004
2024-10-22T22:15;2024-10-22T22:30;90;kWh;-45066;0;0;0;45066;-45066
2024-10-22T22:30;2024-10-22T22:45;91;kWh;-30467;0;0;0;30467;-30467
2024-10-22T22:45;2024-10-22T23:00;92;kWh;-16472;0;0;0;16472;-16472
2024-10-22T23:00;2024-10-22T23:15;93;kWh;-13019;1774;0;0;14793;-11245
2024-10-22T23:15;2024-10-22T23:30;94;kWh;-1292;3112;0;0;4404;1820
2024-10-22T23:30;2024-10-22T23:45;95;kWh;-4259;17629;0;0;21888;13370
2024-10-22T23:45;2024-10-23T00:00;96;kWh;-1583;910;0;0;2493;-673
2024-10-23T00:00;2024-10-23T00:15;1;kWh;-1667;695;0;0;2362;-972
2024-10-23T00:15;2024-10-23T00:30;2;kWh;0;17059;0;0;17059;17059
2024-10-23T00:30;2024-10-23T00:45;3;kWh;0;3747;0;0;3747;3747
2024-10-23T00:45;2024-10-23T01:00;4;kWh;0;1768;0;0;1768;1768
2024-10-23T01:00;2024-10-23T01:15;5;kWh;-328;7;0;0;335;-321
2024-10-23T01:15;2024-10-23T01:30;6;kWh;0;2402;0;0;2402;2402
2024-10-23T01:30;2024-10-23T01:45;7;kWh;0;1229;0;0;1229;1229
2024-10-23T01:45;2024-10-23T02:00;8;kWh;-25;96;0;0;121;71
2024-10-23T02:00;2024-10-23T02:15;9;kWh;-60;14356;0;0;14416;14296
2024-10-23T02:15;2024-10-23T02:30;10;kWh;0;6943;0;0;6943;6943
2024-10-23T02:30;2024-10-23T02:45;11;kWh;0;4422;0;0;4422;4422
2024-10-23T02:45;2024-10-23T03:00;12;kWh;0;26514;0;0;26514;26514
2024-10-23T03:00;2024-10-23T03:15;13;kWh;0;29121;0;0;29121;29121
2024-10-23T03:15;2024-10-23T03:30;14;kWh;0;30084;0;0;30084;30084
2024-10-23T03:30;2024-10-23T03:45;15;kWh;0;49677;0;0;49677;49677
2024-10-23T03:45;2024-10-23T04:00;16;kWh;0;48654;0;0;48654;48654
2024-10-23T04:00;2024-10-23T04:15;17;kWh;0;66152;0;0;66152;66152
2024-10-23T04:15;2024-10-23T04:30;18;kWh;0;46795;0;0;46795;46795
2024-10-23T04:30;2024-10-23T04:45;19;kWh;-46;12708;0;0;12754;12662
2024-10-23T04:45;2024-10-23T05:00;20;kWh;-45517;0;0;0;45517;-45517
2024-10-23T05:00;2024-10-23T05:15;21;kWh;-35430;1863;0;0;37293;-33567
2024-10-23T05:15;2024-10-23T05:30;22;kWh;0;9101;0;0;9101;9101
2024-10-23T05:30;2024-10-23T05:45;23;kWh;0;9584;0;0;9584;9584
2024-10-23T05:45;2024-10-23T06:00;24;kWh;-4392;3550;0;0;7942;-842
2024-10-23T06:00;2024-10-23T06:15;25;kWh;-274;1545;0;0;1819;1271
2024-10-23T06:15;2024-10-23T06:30;26;kWh;-17063;2069;0;0;19132;-14994
2024-10-23T06:30;2024-10-23T06:45;27;kWh;-3938;2438;0;0;6376;-1500
2024-10-23T06:45;2024-10-23T07:00;28;kWh;-28583;199;0;0;28782;-28384
2024-10-23T07:00;2024-10-23T07:15;29;kWh;-54875;0;0;0;54875;-54875
2024-10-23T07:15;2024-10-23T07:30;30;kWh;-25845;0;0;0;25845;-25845
2024-10-23T07:30;2024-10-23T07:45;31;kWh;-4487;0;0;0;4487;-4487
2024-10-23T07:45;2024-10-23T08:00;32;kWh;0;43308;0;0;43308;43308
2024-10-23T08:00;2024-10-23T08:15;33;kWh;0;35297;0;0;35297;35297
2024-10-23T08:15;2024-10-23T08:30;34;kWh;0;18906;0;0;18906;18906
2024-10-23T08:30;2024-10-23T08:45;35;kWh;-172;30010;0;0;30182;29838
2024-10-23T08:45;2024-10-23T09:00;36;kWh;-750;28258;0;0;29008;27508
2024-10-23T09:00;2024-10-23T09:15;37;kWh;-1107;977;0;0;2084;-130
2024-10-23T09:15;2024-10-23T09:30;38;kWh;-46964;0;0;0;46964;-46964
2024-10-23T09:30;2024-10-23T09:45;39;kWh;-85971;0;0;0;85971;-85971
2024-10-23T09:45;2024-10-23T10:00;40;kWh;-56733;0;0;0;56733;-56733
2024-10-23T10:00;2024-10-23T10:15;41;kWh;-17497;5202;0;0;22699;-12295
2024-10-23T10:15;2024-10-23T10:30;42;kWh;0;46799;0;0;46799;46799
2024-10-23T10:30;2024-10-23T10:45;43;kWh;0;73543;0;0;73543;73543
2024-10-23T10:45;2024-10-23T11:00;44;kWh;0;68054;0;0;68054;68054
2024-10-23T11:00;2024-10-23T11:15;45;kWh;0;36251;0;0;36251;36251
2024-10-23T11:15;2024-10-23T11:30;46;kWh;-16;34880;0;0;34896;34864
2024-10-23T11:30;2024-10-23T11:45;47;kWh;-108;5339;0;0;5447;5231
2024-10-23T11:45;2024-10-23T12:00;48;kWh;-1319;12905;0;0;14224;11586
2024-10-23T12:00;2024-10-23T12:15;49;kWh;-129;3150;0;0;3279;3021
2024-10-23T12:15;2024-10-23T12:30;50;kWh;0;11173;0;0;11173;11173
2024-10-23T12:30;2024-10-23T12:45;51;kWh;0;57566;0;0;57566;57566
2024-10-23T12:45;2024-10-23T13:00;52;kWh;0;45296;0;0;45296;45296
2024-10-23T13:00;2024-10-23T13:15;53;kWh;0;22161;0;0;22161;22161
2024-10-23T13:15;2024-10-23T13:30;54;kWh;-10033;2520;0;0;12553;-7513
2024-10-23T13:30;2024-10-23T13:45;55;kWh;-19827;0;0;0;19827;-19827
2024-10-23T13:45;2024-10-23T14:00;56;kWh;-2220;0;0;0;2220;-2220
2024-10-23T14:00;2024-10-23T14:15;57;kWh;-931;17852;0;0;18783;16921
2024-10-23T14:15;2024-10-23T14:30;58;kWh;0;40238;0;0;40238;40238
2024-10-23T14:30;2024-10-23T14:45;59;kWh;0;32647;0;0;32647;32647
2024-10-23T14:45;2024-10-23T15:00;60;kWh;0;53998;0;0;53998;53998
2024-10-23T15:00;2024-10-23T15:15;61;kWh;0;52743;0;0;52743;52743
2024-10-23T15:15;2024-10-23T15:30;62;kWh;0;23154;0;0;23154;23154
2024-10-23T15:30;2024-10-23T15:45;63;kWh;0;16702;0;0;16702;16702
2024-10-23T15:45;2024-10-23T16:00;64;kWh;0;8974;0;0;8974;8974
2024-10-23T16:00;2024-10-23T16:15;65;kWh;0;14923;0;0;14923;14923
2024-10-23T16:15;2024-10-23T16:30;66;kWh;0;36566;0;0;36566;36566
2024-10-23T16:30;2024-10-23T16:45;67;kWh;-258;25438;0;0;25696;25180
2024-10-23T16:45;2024-10-23T17:00;68;kWh;-1469;654;0;0;2123;-815
2024-10-23T17:00;2024-10-23T17:15;69;kWh;-12346;1055;0;0;13401;-11291
2024-10-23T17:15;2024-10-23T17:30;70;kWh;-7239;5230;0;0;12469;-2009
2024-10-23T17:30;2024-10-23T17:45;71;kWh;0;50898;0;0;50898;50898
2024-10-23T17:45;2024-10-23T18:00;72;kWh;0;87105;0;0;87105;87105
2024-10-23T18:00;2024-10-23T18:15;73;kWh;0;31844;0;0;31844;31844
2024-10-23T18:15;2024-10-23T18:30;74;kWh;0;32059;0;0;32059;32059
2024-10-23T18:30;2024-10-23T18:45;75;kWh;0;59578;0;0;59578;59578
2024-10-23T18:45;2024-10-23T19:00;76;kWh;0;63984;0;0;63984;63984
2024-10-23T19:00;2024-10-23T19:15;77;kWh;-88;9002;0;0;9090;8914
2024-10-23T19:15;2024-10-23T19:30;78;kWh;-3127;0;0;0;3127;-3127
2024-10-23T19:30;2024-10-23T19:45;79;kWh;-6713;0;0;0;6713;-6713
2024-10-23T19:45;2024-10-23T20:00;80;kWh;-9488;167;0;0;9655;-9321
2024-10-23T20:00;2024-10-23T20:15;81;kWh;-971;63029;0;0;64000;62058
2024-10-23T20:15;2024-10-23T20:30;82;kWh;-3805;598;0;0;4403;-3207
2024-10-23T20:30;2024-10-23T20:45;83;kWh;-3178;0;0;0;3178;-3178
2024-10-23T20:45;2024-10-23T21:00;84;kWh;-8155;0;0;0;8155;-8155
2024-10-23T21:00;2024-10-23T21:15;85;kWh;-5631;0;0;0;5631;-5631
2024-10-23T21:15;2024-10-23T21:30;86;kWh;-1053;42945;0;0;43998;41892
2024-10-23T21:30;2024-10-23T21:45;87;kWh;0;45734;0;0;45734;45734
2024-10-23T21:45;2024-10-23T22:00;88;kWh;0;44350;0;0;44350;44350
2024-10-23T22:00;2024-10-23T22:15;89;kWh;0;46798;0;0;46798;46798
2024-10-23T22:15;2024-10-23T22:30;90;kWh;-11;73747;0;0;73758;73736
2024-10-23T22:30;2024-10-23T22:45;91;kWh;-264;18384;0;0;18648;18120
2024-10-23T22:45;2024-10-23T23:00;92;kWh;-458;6734;0;0;7192;6276
2024-10-23T23:00;2024-10-23T23:15;93;kWh;-928;192;0;0;1120;-736
2024-10-23T23:15;2024-10-23T23:30;94;kWh;-1682;0;0;0;1682;-1682
2024-10-23T23:30;2024-10-23T23:45;95;kWh;-1657;0;0;0;1657;-1657
2024-10-23T23:45;2024-10-24T00:00;96;kWh;-3222;0;0;0;3222;-3222
2024-10-24T00:00;2024-10-24T00:15;1;kWh;-28016;0;0;0;28016;-28016
2024-10-24T00:15;2024-10-24T00:30;2;kWh;-14045;0;0;0;14045;-14045
2024-10-24T00:30;2024-10-24T00:45;3;kWh;-9721;0;0;0;9721;-9721
2024-10-24T00:45;2024-10-24T01:00;4;kWh;-2144;0;0;0;2144;-2144
2024-10-24T01:00;2024-10-24T01:15;5;kWh;-379;5;0;0;384;-374
2024-10-24T01:15;2024-10-24T01:30;6;kWh;0;663;0;0;663;663
2024-10-24T01:30;2024-10-24T01:45;7;kWh;0;1613;0;0;1613;1613
2024-10-24T01:45;2024-10-24T02:00;8;kWh;0;2903;0;0;2903;2903
2024-10-24T02:00;2024-10-24T02:15;9;kWh;0;845;0;0;845;845
2024-10-24T02:15;2024-10-24T02:30;10;kWh;0;806;0;0;806;806
2024-10-24T02:30;2024-10-24T02:45;11;kWh;0;2;0;0;2;2
2024-10-24T02:45;2024-10-24T03:00;12;kWh;-8680;0;0;0;8680;-8680
2024-10-24T03:00;2024-10-24T03:15;13;kWh;-12419;103;0;0;12522;-12316
2024-10-24T03:15;2024-10-24T03:30;14;kWh;-1034;0;0;0;1034;-1034
2024-10-24T03:30;2024-10-24T03:45;15;kWh;-786;0;0;0;786;-786
2024-10-24T03:45;2024-10-24T04:00;16;kWh;-1747;0;0;0;1747;-1747
2024-10-24T04:00;2024-10-24T04:15;17;kWh;-2817;0;0;0;2817;-2817
2024-10-24T04:15;2024-10-24T04:30;18;kWh;-606;219;0;0;825;-387
2024-10-24T04:30;2024-10-24T04:45;19;kWh;0;21575;0;0;21575;21575
2024-10-24T04:45;2024-10-24T05:00;20;kWh;0;31340;0;0;31340;31340
2024-10-24T05:00;2024-10-24T05:15;21;kWh;0;31401;0;0;31401;31401
2024-10-24T05:15;2024-10-24T05:30;22;kWh;0;29611;0;0;29611;29611
2024-10-24T05:30;2024-10-24T05:45;23;kWh;0;34034;0;0;34034;34034
2024-10-24T05:45;2024-10-24T06:00;24;kWh;-197;15631;0;0;15828;15434
2024-10-24T06:00;2024-10-24T06:15;25;kWh;-3747;106;0;0;3853;-3641
2024-10-24T06:15;2024-10-24T06:30;26;kWh;-14078;1380;0;0;15458;-12698
2024-10-24T06:30;2024-10-24T06:45;27;kWh;-268;9590;0;0;9858;9322
2024-10-24T06:45;2024-10-24T07:00;28;kWh;-21750;4247;0;0;25997;-17503
2024-10-24T07:00;2024-10-24T07:15;29;kWh;-37592;525;0;0;38117;-37067
2024-10-24T07:15;2024-10-24T07:30;30;kWh;-2;5026;0;0;5028;5024
2024-10-24T07:30;2024-10-24T07:45;31;kWh;0;49417;0;0;49417;49417
2024-10-24T07:45;2024-10-24T08:00;32;kWh;0;46047;0;0;46047;46047
2024-10-24T08:00;2024-10-24T08:15;33;kWh;-31;14764;0;0;14795;14733
2024-10-24T08:15;2024-10-24T08:30;34;kWh;0;47269;0;0;47269;47269
2024-10-24T08:30;2024-10-24T08:45;35;kWh;0;60892;0;0;60892;60892
2024-10-24T08:45;2024-10-24T09:00;36;kWh;0;41901;0;0;41901;41901
2024-10-24T09:00;2024-10-24T09:15;37;kWh;-8425;10529;0;0;18954;2104
2024-10-24T09:15;2024-10-24T09:30;38;kWh;-47068;0;0;0;47068;-47068
2024-10-24T09:30;2024-10-24T09:45;39;kWh;-67561;0;0;0;67561;-67561
2024-10-24T09:45;2024-10-24T10:00;40;kWh;-28711;189;0;0;28900;-28522
2024-10-24T10:00;2024-10-24T10:15;41;kWh;0;39528;0;0;39528;39528
2024-10-24T10:15;2024-10-24T10:30;42;kWh;0;10313;0;0;10313;10313
2024-10-24T10:30;2024-10-24T10:45;43;kWh;-455;2889;0;0;3344;2434
2024-10-24T10:45;2024-10-24T11:00;44;kWh;0;619;0;0;619;619
2024-10-24T11:00;2024-10-24T11:15;45;kWh;0;3448;0;0;3448;3448
2024-10-24T11:15;2024-10-24T11:30;46;kWh;-1406;10470;0;0;11876;9064
2024-10-24T11:30;2024-10-24T11:45;47;kWh;-9599;0;0;0;9599;-9599
2024-10-24T11:45;2024-10-24T12:00;48;kWh;-24347;0;0;0;24347;-24347
2024-10-24T12:00;2024-10-24T12:15;49;kWh;-1256;1033;0;0;2289;-223
2024-10-24T12:15;2024-10-24T12:30;50;kWh;-35;15329;0;0;15364;15294
2024-10-24T12:30;2024-10-24T12:45;51;kWh;-1159;125;0;0;1284;-1034
2024-10-24T12:45;2024-10-24T13:00;52;kWh;-225;0;0;0;225;-225
2024-10-24T13:00;2024-10-24T13:15;53;kWh;-1049;2673;0;0;3722;1624
2024-10-24T13:15;2024-10-24T13:30;54;kWh;0;13143;0;0;13143;13143
2024-10-24T13:30;2024-10-24T13:45;55;kWh;0;13792;0;0;13792;13792
2024-10-24T13:45;2024-10-24T14:00;56;kWh;0;7377;0;0;7377;7377
2024-10-24T14:00;2024-10-24T14:15;57;kWh;-7476;222;0;0;7698;-7254
2024-10-24T14:15;2024-10-24T14:30;58;kWh;-2197;0;0;0;2197;-2197
2024-10-24T14:30;2024-10-24T14:45;59;kWh;-3625;0;0;0;3625;-3625
2024-10-24T14:45;2024-10-24T15:00;60;kWh;-1550;0;0;0;1550;-1550
2024-10-24T15:00;2024-10-24T15:15;61;kWh;-26076;0;0;0;26076;-26076
2024-10-24T15:15;2024-10-24T15:30;62;kWh;-3225;0;0;0;3225;-3225
2024-10-24T15:30;2024-10-24T15:45;63;kWh;-730;185;0;0;915;-545
2024-10-24T15:45;2024-10-24T16:00;64;kWh;0;297;0;0;297;297
2024-10-24T16:00;2024-10-24T16:15;65;kWh;0;0;0;0;0;0
2024-10-24T16:15;2024-10-24T16:30;66;kWh;-8;5756;0;0;5764;5748
2024-10-24T16:30;2024-10-24T16:45;67;kWh;0;20835;0;0;20835;20835
2024-10-24T16:45;2024-10-24T17:00;68;kWh;0;14343;0;0;14343;14343
2024-10-24T17:00;2024-10-24T17:15;69;kWh;-704;5380;0;0;6084;4676
2024-10-24T17:15;2024-10-24T17:30;70;kWh;-1236;8430;0;0;9666;7194
2024-10-24T17:30;2024-10-24T17:45;71;kWh;-5316;7942;0;0;13258;2626
2024-10-24T17:45;2024-10-24T18:00;72;kWh;-40;14469;0;0;14509;14429
2024-10-24T18:00;2024-10-24T18:15;73;kWh;-80596;235;0;0;80831;-80361
2024-10-24T18:15;2024-10-24T18:30;74;kWh;-41591;0;0;0;41591;-41591
2024-10-24T18:30;2024-10-24T18:45;75;kWh;-33387;0;0;0;33387;-33387
2024-10-24T18:45;2024-10-24T19:00;76;kWh;-62014;0;0;0;62014;-62014
2024-10-24T19:00;2024-10-24T19:15;77;kWh;-35634;11351;0;0;46985;-24283
2024-10-24T19:15;2024-10-24T19:30;78;kWh;-19449;1579;0;0;21028;-17870
2024-10-24T19:30;2024-10-24T19:45;79;kWh;-62957;0;0;0;62957;-62957
2024-10-24T19:45;2024-10-24T20:00;80;kWh;-64936;0;0;0;64936;-64936
2024-10-24T20:00;2024-10-24T20:15;81;kWh;-78242;0;0;0;78242;-78242
2024-10-24T20:15;2024-10-24T20:30;82;kWh;-40033;2843;0;0;42876;-37190
2024-10-24T20:30;2024-10-24T20:45;83;kWh;-39487;20;0;0;39507;-39467
2024-10-24T20:45;2024-10-24T21:00;84;kWh;-11698;0;0;0;11698;-11698
2024-10-24T21:00;2024-10-24T21:15;85;kWh;-1607;7693;0;0;9300;6086
2024-10-24T21:15;2024-10-24T21:30;86;kWh;0;34052;0;0;34052;34052
2024-10-24T21:30;2024-10-24T21:45;87;kWh;0;38508;0;0;38508;38508
2024-10-24T21:45;2024-10-24T22:00;88;kWh;0;44731;0;0;44731;44731
2024-10-24T22:00;2024-10-24T22:15;89;kWh;0;35845;0;0;35845;35845
2024-10-24T22:15;2024-10-24T22:30;90;kWh;0;44931;0;0;44931;44931
2024-10-24T22:30;2024-10-24T22:45;91;kWh;0;35545;0;0;35545;35545
2024-10-24T22:45;2024-10-24T23:00;92;kWh;0;9653;0;0;9653;9653
2024-10-24T23:00;2024-10-24T23:15;93;kWh;0;46951;0;0;46951;46951
2024-10-24T23:15;2024-10-24T23:30;94;kWh;0;52882;0;0;52882;52882
2024-10-24T23:30;2024-10-24T23:45;95;kWh;0;45012;0;0;45012;45012
2024-10-24T23:45;2024-10-25T00:00;96;kWh;0;7864;0;0;7864;7864
2024-10-25T00:00;2024-10-25T00:15;1;kWh;0;18582;0;0;18582;18582
2024-10-25T00:15;2024-10-25T00:30;2;kWh;0;23222;0;0;23222;23222
2024-10-25T00:30;2024-10-25T00:45;3;kWh;0;16593;0;0;16593;16593
2024-10-25T00:45;2024-10-25T01:00;4;kWh;0;189;0;0;189;189
2024-10-25T01:00;2024-10-25T01:15;5;kWh;0;26896;0;0;26896;26896
2024-10-25T01:15;2024-10-25T01:30;6;kWh;0;12110;0;0;12110;12110
2024-10-25T01:30;2024-10-25T01:45;7;kWh;0;4077;0;0;4077;4077
2024-10-25T01:45;2024-10-25T02:00;8;kWh;-3;4515;0;0;4518;4512
2024-10-25T02:00;2024-10-25T02:15;9;kWh;-283;0;0;0;283;-283
2024-10-25T02:15;2024-10-25T02:30;10;kWh;0;1580;0;0;1580;1580
2024-10-25T02:30;2024-10-25T02:45;11;kWh;0;3522;0;0;3522;3522
2024-10-25T02:45;2024-10-25T03:00;12;kWh;-8305;478;0;0;8783;-7827
2024-10-25T03:00;2024-10-25T03:15;13;kWh;-45867;0;0;0;45867;-45867
2024-10-25T03:15;2024-10-25T03:30;14;kWh;-34180;0;0;0;34180;-34180
2024-10-25T03:30;2024-10-25T03:45;15;kWh;-6734;0;0;0;6734;-6734
2024-10-25T03:45;2024-10-25T04:00;16;kWh;0;5863;0;0;5863;5863
2024-10-25T04:00;2024-10-25T04:15;17;kWh;0;53235;0;0;53235;53235
2024-10-25T04:15;2024-10-25T04:30;18;kWh;0;75480;0;0;75480;75480
2024-10-25T04:30;2024-10-25T04:45;19;kWh;0;53091;0;0;53091;53091
2024-10-25T04:45;2024-10-25T05:00;20;kWh;0;50824;0;0;50824;50824
2024-10-25T05:00;2024-10-25T05:15;21;kWh;0;3890;0;0;3890;3890
2024-10-25T05:15;2024-10-25T05:30;22;kWh;0;3383;0;0;3383;3383
2024-10-25T05:30;2024-10-25T05:45;23;kWh;0;2524;0;0;2524;2524
2024-10-25T05:45;2024-10-25T06:00;24;kWh;-2768;2023;0;0;4791;-745
2024-10-25T06:00;2024-10-25T06:15;25;kWh;-24548;1243;0;0;25791;-23305
2024-10-25T06:15;2024-10-25T06:30;26;kWh;-18343;912;0;0;19255;-17431
2024-10-25T06:30;2024-10-25T06:45;27;kWh;-11541;1239;0;0;12780;-10302
2024-10-25T06:45;2024-10-25T07:00;28;kWh;0;3640;0;0;3640;3640
2024-10-25T07:00;2024-10-25T07:15;29;kWh;-36045;49;0;0;36094;-35996
2024-10-25T07:15;2024-10-25T07:30;30;kWh;-26055;0;0;0;26055;-26055
2024-10-25T07:30;2024-10-25T07:45;31;kWh;0;3517;0;0;3517;3517
2024-10-25T07:45;2024-10-25T08:00;32;kWh;0;28012;0;0;28012;28012
2024-10-25T08:00;2024-10-25T08:15;33;kWh;0;24099;0;0;24099;24099
2024-10-25T08:15;2024-10-25T08:30;34;kWh;-154;2912;0;0;3066;2758
2024-10-25T08:30;2024-10-25T08:45;35;kWh;-409;7852;0;0;8261;7443
2024-10-25T08:45;2024-10-25T09:00;36;kWh;-5219;0;0;0;5219;-5219
2024-10-25T09:00;2024-10-25T09:15;37;kWh;-1240;0;0;0;1240;-1240
2024-10-25T09:15;2024-10-25T09:30;38;kWh;-2423;10368;0;0;12791;7945
2024-10-25T09:30;2024-10-25T09:45;39;kWh;-4641;22547;0;0;27188;17906
2024-10-25T09:45;2024-10-25T10:00;40;kWh;0;113;0;0;113;113
2024-10-25T10:00;2024-10-25T10:15;41;kWh;0;21237;0;0;21237;21237
2024-10-25T10:15;2024-10-25T10:30;42;kWh;-528;3868;0;0;4396;3340
2024-10-25T10:30;2024-10-25T10:45;43;kWh;-518;16393;0;0;16911;15875
2024-10-25T10:45;2024-10-25T11:00;44;kWh;0;25235;0;0;25235;25235
2024-10-25T11:00;2024-10-25T11:15;45;kWh;0;20464;0;0;20464;20464
2024-10-25T11:15;2024-10-25T11:30;46;kWh;-6790;10908;0;0;17698;4118
2024-10-25T11:30;2024-10-25T11:45;47;kWh;-32166;0;0;0;32166;-32166
2024-10-25T11:45;2024-10-25T12:00;48;kWh;-16499;0;0;0;16499;-16499
2024-10-25T12:00;2024-10-25T12:15;49;kWh;-12718;24682;0;0;37400;11964
2024-10-25T12:15;2024-10-25T12:30;50;kWh;-50;16467;0;0;16517;16417
2024-10-25T12:30;2024-10-25T12:45;51;kWh;-1643;68;0;0;1711;-1575
2024-10-25T12:45;2024-10-25T13:00;52;kWh;-33582;0;0;0;33582;-33582
2024-10-25T13:00;2024-10-25T13:15;53;kWh;-36060;0;0;0;36060;-36060
2024-10-25T13:15;2024-10-25T13:30;54;kWh;-7611;0;0;0;7611;-7611
2024-10-25T13:30;2024-10-25T13:45;55;kWh;-28630;0;0;0;28630;-28630
2024-10-25T13:45;2024-10-25T14:00;56;kWh;-30201;0;0;0;30201;-30201
2024-10-25T14:00;2024-10-25T14:15;57;kWh;-23303;0;0;0;23303;-23303
2024-10-25T14:15;2024-10-25T14:30;58;kWh;0;0;0;0;0;0
2024-10-25T14:30;2024-10-25T14:45;59;kWh;0;14;0;0;14;14
2024-10-25T14:45;2024-10-25T15:00;60;kWh;0;1129;0;0;1129;1129
2024-10-25T15:00;2024-10-25T15:15;61;kWh;-23788;7;0;0;23795;-23781
2024-10-25T15:15;2024-10-25T15:30;62;kWh;-2924;0;0;0;2924;-2924
2024-10-25T15:30;2024-10-25T15:45;63;kWh;-575;0;0;0;575;-575
2024-10-25T15:45;2024-10-25T16:00;64;kWh;-13128;0;0;0;13128;-13128
2024-10-25T16:00;2024-10-25T16:15;65;kWh;-68629;13;0;0;68642;-68616
2024-10-25T16:15;2024-10-25T16:30;66;kWh;-11937;1110;0;0;13047;-10827
2024-10-25T16:30;2024-10-25T16:45;67;kWh;-3117;19471;0;0;22588;16354
2024-10-25T16:45;2024-10-25T17:00;68;kWh;-258;23333;0;0;23591;23075
2024-10-25T17:00;2024-10-25T17:15;69;kWh;-64324;1431;0;0;65755;-62893
2024-10-25T17:15;2024-10-25T17:30;70;kWh;-2953;15286;0;0;18239;12333
2024-10-25T17:30;2024-10-25T17:45;71;kWh;0;21612;0;0;21612;21612
2024-10-25T17:45;2024-10-25T18:00;72;kWh;0;41825;0;0;41825;41825
2024-10-25T18:00;2024-10-25T18:15;73;kWh;-25007;14226;0;0;39233;-10781
2024-10-25T18:15;2024-10-25T18:30;74;kWh;-13107;1166;0;0;14273;-11941
2024-10-25T18:30;2024-10-25T18:45;75;kWh;0;19542;0;0;19542;19542
2024-10-25T18:45;2024-10-25T19:00;76;kWh;0;9833;0;0;9833;9833
2024-10-25T19:00;2024-10-25T19:15;77;kWh;0;14083;0;0;14083;14083
2024-10-25T19:15;2024-10-25T19:30;78;kWh;-3224;350;0;0;3574;-2874
2024-10-25T19:30;2024-10-25T19:45;79;kWh;-15396;0;0;0;15396;-15396
2024-10-25T19:45;2024-10-25T20:00;80;kWh;-29176;386;0;0;29562;-28790
2024-10-25T20:00;2024-10-25T20:15;81;kWh;-406;43419;0;0;43825;43013
2024-10-25T20:15;2024-10-25T20:30;82;kWh;-369;10613;0;0;10982;10244
2024-10-25T20:30;2024-10-25T20:45;83;kWh;-1810;5835;0;0;7645;4025
2024-10-25T20:45;2024-10-25T21:00;84;kWh;-47795;0;0;0;47795;-47795
2024-10-25T21:00;2024-10-25T21:15;85;kWh;-33585;4;0;0;33589;-33581
2024-10-25T21:15;2024-10-25T21:30;86;kWh;-9522;0;0;0;9522;-9522
2024-10-25T21:30;2024-10-25T21:45;87;kWh;-3394;9369;0;0;12763;5975
2024-10-25T21:45;2024-10-25T22:00;88;kWh;-5611;0;0;0;5611;-5611
2024-10-25T22:00;2024-10-25T22:15;89;kWh;-9163;0;0;0;9163;-9163
2024-10-25T22:15;2024-10-25T22:30;90;kWh;-10373;978;0;0;11351;-9395
2024-10-25T22:30;2024-10-25T22:45;91;kWh;0;9234;0;0;9234;9234
2024-10-25T22:45;2024-10-25T23:00;92;kWh;0;12638;0;0;12638;12638
2024-10-25T23:00;2024-10-25T23:15;93;kWh;-4;4338;0;0;4342;4334
2024-10-25T23:15;2024-10-25T23:30;94;kWh;-964;1768;0;0;2732;804
2024-10-25T23:30;2024-10-25T23:45;95;kWh;-3737;163;0;0;3900;-3574
2024-10-25T23:45;2024-10-26T00:00;96;kWh;-1633;0;0;0;1633;-1633
2024-10-26T00:00;2024-10-26T00:15;1;kWh;-573;22050;0;0;22623;21477
2024-10-26T00:15;2024-10-26T00:30;2;kWh;0;53009;0;0;53009;53009
2024-10-26T00:30;2024-10-26T00:45;3;kWh;0;44107;0;0;44107;44107
2024-10-26T00:45;2024-10-26T01:00;4;kWh;0;18431;0;0;18431;18431
2024-10-26T01:00;2024-10-26T01:15;5;kWh;0;40969;0;0;40969;40969
2024-10-26T01:15;2024-10-26T01:30;6;kWh;0;57156;0;0;57156;57156
2024-10-26T01:30;2024-10-26T01:45;7;kWh;0;31130;0;0;31130;31130
2024-10-26T01:45;2024-10-26T02:00;8;kWh;-151;1740;0;0;1891;1589
2024-10-26T02:00;2024-10-26T02:15;9;kWh;-492;25975;0;0;26467;25483
2024-10-26T02:15;2024-10-26T02:30;10;kWh;0;32448;0;0;32448;32448
2024-10-26T02:30;2024-10-26T02:45;11;kWh;0;31353;0;0;31353;31353
2024-10-26T02:45;2024-10-26T03:00;12;kWh;0;34587;0;0;34587;34587
2024-10-26T03:00;2024-10-26T03:15;13;kWh;0;57400;0;0;57400;57400
2024-10-26T03:15;2024-10-26T03:30;14;kWh;0;84388;0;0;84388;84388
2024-10-26T03:30;2024-10-26T03:45;15;kWh;0;72729;0;0;72729;72729
2024-10-26T03:45;2024-10-26T04:00;16;kWh;0;39305;0;0;39305;39305
2024-10-26T04:00;2024-10-26T04:15;17;kWh;0;25515;0;0;25515;25515
2024-10-26T04:15;2024-10-26T04:30;18;kWh;0;15359;0;0;15359;15359
2024-10-26T04:30;2024-10-26T04:45;19;kWh;0;33352;0;0;33352;33352
2024-10-26T04:45;2024-10-26T05:00;20;kWh;0;26367;0;0;26367;26367
2024-10-26T05:00;2024-10-26T05:15;21;kWh;0;18594;0;0;18594;18594
2024-10-26T05:15;2024-10-26T05:30;22;kWh;0;14988;0;0;14988;14988
2024-10-26T05:30;2024-10-26T05:45;23;kWh;0;15774;0;0;15774;15774
2024-10-26T05:45;2024-10-26T06:00;24;kWh;-158;10233;0;0;10391;10075
2024-10-26T06:00;2024-10-26T06:15;25;kWh;-1627;43;0;0;1670;-1584
2024-10-26T06:15;2024-10-26T06:30;26;kWh;0;26704;0;0;26704;26704
2024-10-26T06:30;2024-10-26T06:45;27;kWh;0;42617;0;0;42617;42617
2024-10-26T06:45;2024-10-26T07:00;28;kWh;-823;22529;0;0;23352;21706
2024-10-26T07:00;2024-10-26T07:15;29;kWh;-3103;3361;0;0;6464;258
2024-10-26T07:15;2024-10-26T07:30;30;kWh;0;26371;0;0;26371;26371
2024-10-26T07:30;2024-10-26T07:45;31;kWh;0;29675;0;0;29675;29675
2024-10-26T07:45;2024-10-26T08:00;32;kWh;0;40441;0;0;40441;40441
2024-10-26T08:00;2024-10-26T08:15;33;kWh;0;6524;0;0;6524;6524
2024-10-26T08:15;2024-10-26T08:30;34;kWh;0;4744;0;0;4744;4744
2024-10-26T08:30;2024-10-26T08:45;35;kWh;0;3216;0;0;3216;3216
2024-10-26T08:45;2024-10-26T09:00;36;kWh;0;858;0;0;858;858
2024-10-26T09:00;2024-10-26T09:15;37;kWh;0;9516;0;0;9516;9516
2024-10-26T09:15;2024-10-26T09:30;38;kWh;0;26984;0;0;26984;26984
2024-10-26T09:30;2024-10-26T09:45;39;kWh;-1152;40;0;0;1192;-1112
2024-10-26T09:45;2024-10-26T10:00;40;kWh;-2354;217;0;0;2571;-2137
2024-10-26T10:00;2024-10-26T10:15;41;kWh;-339;25043;0;0;25382;24704
2024-10-26T10:15;2024-10-26T10:30;42;kWh;0;810;0;0;810;810
2024-10-26T10:30;2024-10-26T10:45;43;kWh;-51;0;0;0;51;-51
2024-10-26T10:45;2024-10-26T11:00;44;kWh;-22268;0;0;0;22268;-22268
2024-10-26T11:00;2024-10-26T11:15;45;kWh;-32820;0;0;0;32820;-32820
2024-10-26T11:15;2024-10-26T11:30;46;kWh;-1602;0;0;0;1602;-1602
2024-10-26T11:30;2024-10-26T11:45;47;kWh;-1297;0;0;0;1297;-1297
2024-10-26T11:45;2024-10-26T12:00;48;kWh;-2165;0;0;0;2165;-2165
2024-10-26T12:00;2024-10-26T12:15;49;kWh;-43;4579;0;0;4622;4536
2024-10-26T12:15;2024-10-26T12:30;50;kWh;0;16343;0;0;16343;16343
2024-10-26T12:30;2024-10-26T12:45;51;kWh;-954;90;0;0;1044;-864
2024-10-26T12:45;2024-10-26T13:00;52;kWh;-35250;0;0;0;35250;-35250
2024-10-26T13:00;2024-10-26T13:15;53;kWh;-15570;13;0;0;15583;-15557
2024-10-26T13:15;2024-10-26T13:30;54;kWh;-830;509;0;0;1339;-321
2024-10-26T13:30;2024-10-26T13:45;55;kWh;-5179;0;0;0;5179;-5179
2024-10-26T13:45;2024-10-26T14:00;56;kWh;-13072;0;0;0;13072;-13072
2024-10-26T14:00;2024-10-26T14:15;57;kWh;-25497;0;0;0;25497;-25497
2024-10-26T14:15;2024-10-26T14:30;58;kWh;-275;169;0;0;444;-106
2024-10-26T14:30;2024-10-26T14:45;59;kWh;0;350;0;0;350;350
2024-10-26T14:45;2024-10-26T15:00;60;kWh;0;10695;0;0;10695;10695
2024-10-26T15:00;2024-10-26T15:15;61;kWh;-241;4544;0;0;4785;4303
2024-10-26T15:15;2024-10-26T15:30;62;kWh;0;26215;0;0;26215;26215
2024-10-26T15:30;2024-10-26T15:45;63;kWh;0;45874;0;0;45874;45874
2024-10-26T15:45;2024-10-26T16:00;64;kWh;0;42014;0;0;42014;42014
2024-10-26T16:00;2024-10-26T16:15;65;kWh;0;19737;0;0;19737;19737
2024-10-26T16:15;2024-10-26T16:30;66;kWh;0;33614;0;0;33614;33614
2024-10-26T16:30;2024-10-26T16:45;67;kWh;0;47667;0;0;47667;47667
2024-10-26T16:45;2024-10-26T17:00;68;kWh;0;47991;0;0;47991;47991
2024-10-26T17:00;2024-10-26T17:15;69;kWh;-1637;14524;0;0;16161;12887
2024-10-26T17:15;2024-10-26T17:30;70;kWh;0;28911;0;0;28911;28911
2024-10-26T17:30;2024-10-26T17:45;71;kWh;0;28347;0;0;28347;28347
2024-10-26T17:45;2024-10-26T18:00;72;kWh;0;35220;0;0;35220;35220
2024-10-26T18:00;2024-10-26T18:15;73;kWh;0;16762;0;0;16762;16762
2024-10-26T18:15;2024-10-26T18:30;74;kWh;0;57186;0;0;57186;57186
2024-10-26T18:30;2024-10-26T18:45;75;kWh;0;39198;0;0;39198;39198
2024-10-26T18:45;2024-10-26T19:00;76;kWh;0;14835;0;0;14835;14835
2024-10-26T19:00;2024-10-26T19:15;77;kWh;0;1317;0;0;1317;1317
2024-10-26T19:15;2024-10-26T19:30;78;kWh;-18;35626;0;0;35644;35608
2024-10-26T19:30;2024-10-26T19:45;79;kWh;-18631;426;0;0;19057;-18205
2024-10-26T19:45;2024-10-26T20:00;80;kWh;-47720;0;0;0;47720;-47720
2024-10-26T20:00;2024-10-26T20:15;81;kWh;-18397;16108;0;0;34505;-2289
2024-10-26T20:15;2024-10-26T20:30;82;kWh;-2250;3483;0;0;5733;1233
2024-10-26T20:30;2024-10-26T20:45;83;kWh;-17973;0;0;0;17973;-17973
2024-10-26T20:45;2024-10-26T21:00;84;kWh;-58160;0;0;0;58160;-58160
2024-10-26T21:00;2024-10-26T21:15;85;kWh;-18801;13462;0;0;32263;-5339
2024-10-26T21:15;2024-10-26T21:30;86;kWh;-4100;471;0;0;4571;-3629
2024-10-26T21:30;2024-10-26T21:45;87;kWh;-10826;0;0;0;10826;-10826
2024-10-26T21:45;2024-10-26T22:00;88;kWh;-29545;0;0;0;29545;-29545
2024-10-26T22:00;2024-10-26T22:15;89;kWh;-15624;36626;0;0;52250;21002
2024-10-26T22:15;2024-10-26T22:30;90;kWh;0;52834;0;0;52834;52834
2024-10-26T22:30;2024-10-26T22:45;91;kWh;0;54510;0;0;54510;54510
2024-10-26T22:45;2024-10-26T23:00;92;kWh;0;43924;0;0;43924;43924
2024-10-26T23:00;2024-10-26T23:15;93;kWh;0;10118;0;0;10118;10118
2024-10-26T23:15;2024-10-26T23:30;94;kWh;0;20505;0;0;20505;20505
2024-10-26T23:30;2024-10-26T23:45;95;kWh;0;7146;0;0;7146;7146
2024-10-26T23:45;2024-10-27T00:00;96;kWh;0;4117;0;0;4117;4117
2024-10-27T00:00;2024-10-27T00:15;1;kWh;0;17838;0;0;17838;17838
2024-10-27T00:15;2024-10-27T00:30;2;kWh;0;15330;0;0;15330;15330
2024-10-27T00:30;2024-10-27T00:45;3;kWh;-9891;0;0;0;9891;-9891
2024-10-27T00:45;2024-10-27T01:00;4;kWh;-20729;0;0;0;20729;-20729
2024-10-27T01:00;2024-10-27T01:15;5;kWh;-39469;0;0;0;39469;-39469
2024-10-27T01:15;2024-10-27T01:30;6;kWh;-38789;0;0;0;38789;-38789
2024-10-27T01:30;2024-10-27T01:45;7;kWh;-22857;0;0;0;22857;-22857
2024-10-27T01:45;2024-10-27T02:00;8;kWh;-86;6463;0;0;6549;6377
2024-10-27T02:00;2024-10-27T02:15;9;kWh;0;21728;0;0;21728;21728
2024-10-27T02:00;2024-10-27T02:15;13;kWh;0;19375;0;0;19375;19375
2024-10-27T02:15;2024-10-27T02:30;10;kWh;-49;5465;0;0;5514;5416
2024-10-27T02:15;2024-10-27T02:30;14;kWh;0;8769;0;0;8769;8769
2024-10-27T02:30;2024-10-27T02:45;11;kWh;-187;1026;0;0;1213;839
2024-10-27T02:30;2024-10-27T02:45;15;kWh;0;13271;0;0;13271;13271
2024-10-27T02:45;2024-10-27T03:00;12;kWh;0;11294;0;0;11294;11294
2024-10-27T02:45;2024-10-27T03:00;16;kWh;0;15045;0;0;15045;15045
2024-10-27T03:00;2024-10-27T03:15;17;kWh;-260;0;0;0;260;-260
2024-10-27T03:15;2024-10-27T03:30;18;kWh;-4672;0;0;0;4672;-4672
2024-10-27T03:30;2024-10-27T03:45;19;kWh;-541;0;0;0;541;-541
2024-10-27T03:45;2024-10-27T04:00;20;kWh;-1211;0;0;0;1211;-1211
2024-10-27T04:00;2024-10-27T04:15;21;kWh;-1395;0;0;0;1395;-1395
2024-10-27T04:15;2024-10-27T04:30;22;kWh;-115;0;0;0;115;-115
2024-10-27T04:30;2024-10-27T04:45;23;kWh;-2240;0;0;0;2240;-2240
2024-10-27T04:45;2024-10-27T05:00;24;kWh;-376;0;0;0;376;-376
2024-10-27T05:00;2024-10-27T05:15;25;kWh;-2072;0;0;0;2072;-2072
2024-10-27T05:15;2024-10-27T05:30;26;kWh;-687;0;0;0;687;-687
2024-10-27T05:30;2024-10-27T05:45;27;kWh;-9432;0;0;0;9432;-9432
2024-10-27T05:45;2024-10-27T06:00;28;kWh;-5767;685;0;0;6452;-5082
2024-10-27T06:00;2024-10-27T06:15;29;kWh;-378;21513;0;0;21891;21135
2024-10-27T06:15;2024-10-27T06:30;30;kWh;0;44734;0;0;44734;44734
2024-10-27T06:30;2024-10-27T06:45;31;kWh;0;59034;0;0;59034;59034
2024-10-27T06:45;2024-10-27T07:00;32;kWh;0;70489;0;0;70489;70489
2024-10-27T07:00;2024-10-27T07:15;33;kWh;0;30000;0;0;30000;30000
2024-10-27T07:15;2024-10-27T07:30;34;kWh;0;4624;0;0;4624;4624
2024-10-27T07:30;2024-10-27T07:45;35;kWh;0;26552;0;0;26552;26552
2024-10-27T07:45;2024-10-27T08:00;36;kWh;0;39804;0;0;39804;39804
2024-10-27T08:00;2024-10-27T08:15;37;kWh;0;48707;0;0;48707;48707
2024-10-27T08:15;2024-10-27T08:30;38;kWh;0;7865;0;0;7865;7865
2024-10-27T08:30;2024-10-27T08:45;39;kWh;-841;987;0;0;1828;146
2024-10-27T08:45;2024-10-27T09:00;40;kWh;-8612;0;0;0;8612;-8612
2024-10-27T09:00;2024-10-27T09:15;41;kWh;-21183;0;0;0;21183;-21183
2024-10-27T09:15;2024-10-27T09:30;42;kWh;-10816;0;0;0;10816;-10816
2024-10-27T09:30;2024-10-27T09:45;43;kWh;-37570;0;0;0;37570;-37570
2024-10-27T09:45;2024-10-27T10:00;44;kWh;-54381;0;0;0;54381;-54381
2024-10-27T10:00;2024-10-27T10:15;45;kWh;-17032;966;0;0;17998;-16066
2024-10-27T10:15;2024-10-27T10:30;46;kWh;-37809;0;0;0;37809;-37809
2024-10-27T10:30;2024-10-27T10:45;47;kWh;-61460;0;0;0;61460;-61460
2024-10-27T10:45;2024-10-27T11:00;48;kWh;-29692;0;0;0;29692;-29692
2024-10-27T11:00;2024-10-27T11:15;49;kWh;-1553;0;0;0;1553;-1553
2024-10-27T11:15;2024-10-27T11:30;50;kWh;-2606;0;0;0;2606;-2606
2024-10-27T11:30;2024-10-27T11:45;51;kWh;-680;0;0;0;680;-680
2024-10-27T11:45;2024-10-27T12:00;52;kWh;-11;25;0;0;36;14
2024-10-27T12:00;2024-10-27T12:15;53;kWh;0;43282;0;0;43282;43282
2024-10-27T12:15;2024-10-27T12:30;54;kWh;0;71506;0;0;71506;71506
2024-10-27T12:30;2024-10-27T12:45;55;kWh;0;36772;0;0;36772;36772
2024-10-27T12:45;2024-10-27T13:00;56;kWh;0;47557;0;0;47557;47557
2024-10-27T13:00;2024-10-27T13:15;57;kWh;-39099;8540;0;0;47639;-30559
2024-10-27T13:15;2024-10-27T13:30;58;kWh;-4430;0;0;0;4430;-4430
2024-10-27T13:30;2024-10-27T13:45;59;kWh;-1759;0;0;0;1759;-1759
2024-10-27T13:45;2024-10-27T14:00;60;kWh;-3;13295;0;0;13298;13292
2024-10-27T14:00;2024-10-27T14:15;61;kWh;0;4221;0;0;4221;4221
2024-10-27T14:15;2024-10-27T14:30;62;kWh;0;4219;0;0;4219;4219
2024-10-27T14:30;2024-10-27T14:45;63;kWh;0;18499;0;0;18499;18499
2024-10-27T14:45;2024-10-27T15:00;64;kWh;0;10294;0;0;10294;10294
2024-10-27T15:00;2024-10-27T15:15;65;kWh;-8775;3513;0;0;12288;-5262
2024-10-27T15:15;2024-10-27T15:30;66;kWh;0;26195;0;0;26195;26195
2024-10-27T15:30;2024-10-27T15:45;67;kWh;0;57037;0;0;57037;57037
2024-10-27T15:45;2024-10-27T16:00;68;kWh;0;76927;0;0;76927;76927
2024-10-27T16:00;2024-10-27T16:15;69;kWh;0;69477;0;0;69477;69477
2024-10-27T16:15;2024-10-27T16:30;70;kWh;0;70876;0;0;70876;70876
2024-10-27T16:30;2024-10-27T16:45;71;kWh;0;65852;0;0;65852;65852
2024-10-27T16:45;2024-10-27T17:00;72;kWh;-3838;18318;0;0;22156;14480
2024-10-27T17:00;2024-10-27T17:15;73;kWh;-34;28504;0;0;28538;28470
2024-10-27T17:15;2024-10-27T17:30;74;kWh;0;84311;0;0;84311;84311
2024-10-27T17:30;2024-10-27T17:45;75;kWh;0;93507;0;0;93507;93507
2024-10-27T17:45;2024-10-27T18:00;76;kWh;0;95487;0;0;95487;95487
2024-10-27T18:00;2024-10-27T18:15;77;kWh;0;80781;0;0;80781;80781
2024-10-27T18:15;2024-10-27T18:30;78;kWh;0;75460;0;0;75460;75460
2024-10-27T18:30;2024-10-27T18:45;79;kWh;0;39849;0;0;39849;39849
2024-10-27T18:45;2024-10-27T19:00;80;kWh;-32;3302;0;0;3334;3270
2024-10-27T19:00;2024-10-27T19:15;81;kWh;-255;1525;0;0;1780;1270
2024-10-27T19:15;2024-10-27T19:30;82;kWh;-3695;59;0;0;3754;-3636
2024-10-27T19:30;2024-10-27T19:45;83;kWh;-1236;10366;0;0;11602;9130
2024-10-27T19:45;2024-10-27T20:00;84;kWh;0;36947;0;0;36947;36947
2024-10-27T20:00;2024-10-27T20:15;85;kWh;0;66339;0;0;66339;66339
2024-10-27T20:15;2024-10-27T20:30;86;kWh;-18;66597;0;0;66615;66579
2024-10-27T20:30;2024-10-27T20:45;87;kWh;-350;3723;0;0;4073;3373
2024-10-27T20:45;2024-10-27T21:00;88;kWh;-27953;6;0;0;27959;-27947
2024-10-27T21:00;2024-10-27T21:15;89;kWh;-22743;13369;0;0;36112;-9374
2024-10-27T21:15;2024-10-27T21:30;90;kWh;-25153;394;0;0;25547;-24759
2024-10-27T21:30;2024-10-27T21:45;91;kWh;-23211;1038;0;0;24249;-22173
2024-10-27T21:45;2024-10-27T22:00;92;kWh;-34442;40;0;0;34482;-34402
2024-10-27T22:00;2024-10-27T22:15;93;kWh;-37816;0;0;0;37816;-37816
2024-10-27T22:15;2024-10-27T22:30;94;kWh;-36528;0;0;0;36528;-36528
2024-10-27T22:30;2024-10-27T22:45;95;kWh;-41927;0;0;0;41927;-41927
2024-10-27T22:45;2024-10-27T23:00;96;kWh;-22470;0;0;0;22470;-22470
2024-10-27T23:00;2024-10-27T23:15;97;kWh;-38466;0;0;0;38466;-38466
2024-10-27T23:15;2024-10-27T23:30;98;kWh;-6827;7608;0;0;14435;781
2024-10-27T23:30;2024-10-27T23:45;99;kWh;-1417;1720;0;0;3137;303
2024-10-27T23:45;2024-10-28T00:00;100;kWh;-8256;8;0;0;8264;-8248
2024-10-28T00:00;2024-10-28T00:15;1;kWh;-6733;0;0;0;6733;-6733
2024-10-28T00:15;2024-10-28T00:30;2;kWh;-32660;0;0;0;32660;-32660
2024-10-28T00:30;2024-10-28T00:45;3;kWh;-63530;0;0;0;63530;-63530
2024-10-28T00:45;2024-10-28T01:00;4;kWh;-68877;0;0;0;68877;-68877
2024-10-28T01:00;2024-10-28T01:15;5;kWh;-20887;739;0;0;21626;-20148
2024-10-28T01:15;2024-10-28T01:30;6;kWh;-51468;0;0;0;51468;-51468
2024-10-28T01:30;2024-10-28T01:45;7;kWh;-71501;0;0;0;71501;-71501
2024-10-28T01:45;2024-10-28T02:00;8;kWh;-61861;0;0;0;61861;-61861
2024-10-28T02:00;2024-10-28T02:15;9;kWh;-57771;0;0;0;57771;-57771
2024-10-28T02:15;2024-10-28T02:30;10;kWh;-64993;0;0;0;64993;-64993
2024-10-28T02:30;2024-10-28T02:45;11;kWh;-68485;0;0;0;68485;-68485
2024-10-28T02:45;2024-10-28T03:00;12;kWh;-70721;0;0;0;70721;-70721
2024-10-28T03:00;2024-10-28T03:15;13;kWh;-46176;0;0;0;46176;-46176
2024-10-28T03:15;2024-10-28T03:30;14;kWh;-42503;0;0;0;42503;-42503
2024-10-28T03:30;2024-10-28T03:45;15;kWh;-46179;0;0;0;46179;-46179
2024-10-28T03:45;2024-10-28T04:00;16;kWh;-63486;0;0;0;63486;-63486
2024-10-28T04:00;2024-10-28T04:15;17;kWh;-20322;0;0;0;20322;-20322
2024-10-28T04:15;2024-10-28T04:30;18;kWh;-20093;0;0;0;20093;-20093
2024-10-28T04:30;2024-10-28T04:45;19;kWh;-54102;0;0;0;54102;-54102
2024-10-28T04:45;2024-10-28T05:00;20;kWh;-49069;0;0;0;49069;-49069
2024-10-28T05:00;2024-10-28T05:15;21;kWh;-61433;0;0;0;61433;-61433
2024-10-28T05:15;2024-10-28T05:30;22;kWh;-48890;0;0;0;48890;-48890
2024-10-28T05:30;2024-10-28T05:45;23;kWh;-47162;0;0;0;47162;-47162
2024-10-28T05:45;2024-10-28T06:00;24;kWh;-48130;0;0;0;48130;-48130
2024-10-28T06:00;2024-10-28T06:15;25;kWh;-70376;0;0;0;70376;-70376
2024-10-28T06:15;2024-10-28T06:30;26;kWh;-53031;0;0;0;53031;-53031
2024-10-28T06:30;2024-10-28T06:45;27;kWh;-23714;0;0;0;23714;-23714
2024-10-28T06:45;2024-10-28T07:00;28;kWh;-19974;0;0;0;19974;-19974
2024-10-28T07:00;2024-10-28T07:15;29;kWh;-69030;0;0;0;69030;-69030
2024-10-28T07:15;2024-10-28T07:30;30;kWh;-19172;0;0;0;19172;-19172
2024-10-28T07:30;2024-10-28T07:45;31;kWh;-21558;0;0;0;21558;-21558
2024-10-28T07:45;2024-10-28T08:00;32;kWh;-15278;0;0;0;15278;-15278
2024-10-28T08:00;2024-10-28T08:15;33;kWh;-2451;39;0;0;2490;-2412
2024-10-28T08:15;2024-10-28T08:30;34;kWh;-10811;196;0;0;11007;-10615
2024-10-28T08:30;2024-10-28T08:45;35;kWh;-21817;0;0;0;21817;-21817
2024-10-28T08:45;2024-10-28T09:00;36;kWh;-43493;0;0;0;43493;-43493
2024-10-28T09:00;2024-10-28T09:15;37;kWh;-24176;0;0;0;24176;-24176
2024-10-28T09:15;2024-10-28T09:30;38;kWh;-31972;363;0;0;32335;-31609
2024-10-28T09:30;2024-10-28T09:45;39;kWh;-11136;0;0;0;11136;-11136
2024-10-28T09:45;2024-10-28T10:00;40;kWh;-19515;0;0;0;19515;-19515
2024-10-28T10:00;2024-10-28T10:15;41;kWh;-22301;0;0;0;22301;-22301
2024-10-28T10:15;2024-10-28T10:30;42;kWh;-14927;8;0;0;14935;-14919
2024-10-28T10:30;2024-10-28T10:45;43;kWh;-1107;0;0;0;1107;-1107
2024-10-28T10:45;2024-10-28T11:00;44;kWh;-371;0;0;0;371;-371
2024-10-28T11:00;2024-10-28T11:15;45;kWh;0;2110;0;0;2110;2110
2024-10-28T11:15;2024-10-28T11:30;46;kWh;-2008;1058;0;0;3066;-950
2024-10-28T11:30;2024-10-28T11:45;47;kWh;-499;28000;0;0;28499;27501
2024-10-28T11:45;2024-10-28T12:00;48;kWh;0;23602;0;0;23602;23602
2024-10-28T12:00;2024-10-28T12:15;49;kWh;-3820;317;0;0;4137;-3503
2024-10-28T12:15;2024-10-28T12:30;50;kWh;-15241;0;0;0;15241;-15241
2024-10-28T12:30;2024-10-28T12:45;51;kWh;-11574;0;0;0;11574;-11574
2024-10-28T12:45;2024-10-28T13:00;52;kWh;-19904;0;0;0;19904;-19904
2024-10-28T13:00;2024-10-28T13:15;53;kWh;-10491;0;0;0;10491;-10491
2024-10-28T13:15;2024-10-28T13:30;54;kWh;-2386;0;0;0;2386;-2386
2024-10-28T13:30;2024-10-28T13:45;55;kWh;-2990;0;0;0;2990;-2990
2024-10-28T13:45;2024-10-28T14:00;56;kWh;-1586;0;0;0;1586;-1586
2024-10-28T14:00;2024-10-28T14:15;57;kWh;0;0;0;0;0;0
2024-10-28T14:15;2024-10-28T14:30;58;kWh;-15896;0;0;0;15896;-15896
2024-10-28T14:30;2024-10-28T14:45;59;kWh;-23;0;0;0;23;-23
2024-10-28T14:45;2024-10-28T15:00;60;kWh;-734;0;0;0;734;-734
2024-10-28T15:00;2024-10-28T15:15;61;kWh;-7500;0;0;0;7500;-7500
2024-10-28T15:15;2024-10-28T15:30;62;kWh;-50742;0;0;0;50742;-50742
2024-10-28T15:30;2024-10-28T15:45;63;kWh;-60792;0;0;0;60792;-60792
2024-10-28T15:45;2024-10-28T16:00;64;kWh;-79136;0;0;0;79136;-79136
2024-10-28T16:00;2024-10-28T16:15;65;kWh;-51646;0;0;0;51646;-51646
2024-10-28T16:15;2024-10-28T16:30;66;kWh;-51595;0;0;0;51595;-51595
2024-10-28T16:30;2024-10-28T16:45;67;kWh;-34454;0;0;0;34454;-34454
2024-10-28T16:45;2024-10-28T17:00;68;kWh;-15725;0;0;0;15725;-15725
2024-10-28T17:00;2024-10-28T17:15;69;kWh;-72232;6614;0;0;78846;-65618
2024-10-28T17:15;2024-10-28T17:30;70;kWh;-119;24449;0;0;24568;24330
2024-10-28T17:30;2024-10-28T17:45;71;kWh;0;33579;0;0;33579;33579
2024-10-28T17:45;2024-10-28T18:00;72;kWh;0;50669;0;0;50669;50669
2024-10-28T18:00;2024-10-28T18:15;73;kWh;-7098;9322;0;0;16420;2224
2024-10-28T18:15;2024-10-28T18:30;74;kWh;-19354;0;0;0;19354;-19354
2024-10-28T18:30;2024-10-28T18:45;75;kWh;-33611;0;0;0;33611;-33611
2024-10-28T18:45;2024-10-28T19:00;76;kWh;-40613;0;0;0;40613;-40613
2024-10-28T19:00;2024-10-28T19:15;77;kWh;-13323;1103;0;0;14426;-12220
2024-10-28T19:15;2024-10-28T19:30;78;kWh;-3509;0;0;0;3509;-3509
2024-10-28T19:30;2024-10-28T19:45;79;kWh;-28157;0;0;0;28157;-28157
2024-10-28T19:45;2024-10-28T20:00;80;kWh;-36524;0;0;0;36524;-36524
2024-10-28T20:00;2024-10-28T20:15;81;kWh;-10384;8022;0;0;18406;-2362
2024-10-28T20:15;2024-10-28T20:30;82;kWh;-2448;1422;0;0;3870;-1026
2024-10-28T20:30;2024-10-28T20:45;83;kWh;-14024;0;0;0;14024;-14024
2024-10-28T20:45;2024-10-28T21:00;84;kWh;-9963;0;0;0;9963;-9963
2024-10-28T21:00;2024-10-28T21:15;85;kWh;-33675;0;0;0;33675;-33675
2024-10-28T21:15;2024-10-28T21:30;86;kWh;-26878;0;0;0;26878;-26878
2024-10-28T21:30;2024-10-28T21:45;87;kWh;-24628;0;0;0;24628;-24628
2024-10-28T21:45;2024-10-28T22:00;88;kWh;-5173;9613;0;0;14786;4440
2024-10-28T22:00;2024-10-28T22:15;89;kWh;-1818;6508;0;0;8326;4690
2024-10-28T22:15;2024-10-28T22:30;90;kWh;-1938;0;0;0;1938;-1938
2024-10-28T22:30;2024-10-28T22:45;91;kWh;-3438;0;0;0;3438;-3438
2024-10-28T22:45;2024-10-28T23:00;92;kWh;-1362;119;0;0;1481;-1243
2024-10-28T23:00;2024-10-28T23:15;93;kWh;-1333;27060;0;0;28393;25727
2024-10-28T23:15;2024-10-28T23:30;94;kWh;0;4754;0;0;4754;4754
2024-10-28T23:30;2024-10-28T23:45;95;kWh;0;562;0;0;562;562
2024-10-28T23:45;2024-10-29T00:00;96;kWh;-4704;52;0;0;4756;-4652
2024-10-29T00:00;2024-10-29T00:15;1;kWh;-28813;0;0;0;28813;-28813
2024-10-29T00:15;2024-10-29T00:30;2;kWh;-22792;0;0;0;22792;-22792
2024-10-29T00:30;2024-10-29T00:45;3;kWh;-15077;0;0;0;15077;-15077
2024-10-29T00:45;2024-10-29T01:00;4;kWh;-1895;8094;0;0;9989;6199
2024-10-29T01:00;2024-10-29T01:15;5;kWh;0;46032;0;0;46032;46032
2024-10-29T01:15;2024-10-29T01:30;6;kWh;0;51111;0;0;51111;51111
2024-10-29T01:30;2024-10-29T01:45;7;kWh;0;52787;0;0;52787;52787
2024-10-29T01:45;2024-10-29T02:00;8;kWh;0;48273;0;0;48273;48273
2024-10-29T02:00;2024-10-29T02:15;9;kWh;0;29119;0;0;29119;29119
2024-10-29T02:15;2024-10-29T02:30;10;kWh;-64;4499;0;0;4563;4435
2024-10-29T02:30;2024-10-29T02:45;11;kWh;0;32636;0;0;32636;32636
2024-10-29T02:45;2024-10-29T03:00;12;kWh;0;17200;0;0;17200;17200
2024-10-29T03:00;2024-10-29T03:15;13;kWh;0;5607;0;0;5607;5607
2024-10-29T03:15;2024-10-29T03:30;14;kWh;0;17274;0;0;17274;17274
2024-10-29T03:30;2024-10-29T03:45;15;kWh;0;8027;0;0;8027;8027
2024-10-29T03:45;2024-10-29T04:00;16;kWh;-1288;1927;0;0;3215;639
2024-10-29T04:00;2024-10-29T04:15;17;kWh;-60559;0;0;0;60559;-60559
2024-10-29T04:15;2024-10-29T04:30;18;kWh;-3403;0;0;0;3403;-3403
2024-10-29T04:30;2024-10-29T04:45;19;kWh;-14381;0;0;0;14381;-14381
2024-10-29T04:45;2024-10-29T05:00;20;kWh;-5303;0;0;0;5303;-5303
2024-10-29T05:00;2024-10-29T05:15;21;kWh;-14806;0;0;0;14806;-14806
2024-10-29T05:15;2024-10-29T05:30;22;kWh;-1310;5503;0;0;6813;4193
2024-10-29T05:30;2024-10-29T05:45;23;kWh;0;8415;0;0;8415;8415
2024-10-29T05:45;2024-10-29T06:00;24;kWh;-1318;0;0;0;1318;-1318
2024-10-29T06:00;2024-10-29T06:15;25;kWh;-40119;3724;0;0;43843;-36395
2024-10-29T06:15;2024-10-29T06:30;26;kWh;-6604;6643;0;0;13247;39
2024-10-29T06:30;2024-10-29T06:45;27;kWh;-201;1069;0;0;1270;868
2024-10-29T06:45;2024-10-29T07:00;28;kWh;0;12244;0;0;12244;12244
2024-10-29T07:00;2024-10-29T07:15;29;kWh;-21634;5765;0;0;27399;-15869
2024-10-29T07:15;2024-10-29T07:30;30;kWh;-2336;533;0;0;2869;-1803
2024-10-29T07:30;2024-10-29T07:45;31;kWh;-8272;0;0;0;8272;-8272
2024-10-29T07:45;2024-10-29T08:00;32;kWh;-19080;0;0;0;19080;-19080
2024-10-29T08:00;2024-10-29T08:15;33;kWh;-3756;310;0;0;4066;-3446
2024-10-29T08:15;2024-10-29T08:30;34;kWh;0;782;0;0;782;782
2024-10-29T08:30;2024-10-29T08:45;35;kWh;0;4816;0;0;4816;4816
2024-10-29T08:45;2024-10-29T09:00;36;kWh;-1983;191;0;0;2174;-1792
2024-10-29T09:00;2024-10-29T09:15;37;kWh;0;32872;0;0;32872;32872
2024-10-29T09:15;2024-10-29T09:30;38;kWh;0;39113;0;0;39113;39113
2024-10-29T09:30;2024-10-29T09:45;39;kWh;-24;1838;0;0;1862;1814
2024-10-29T09:45;2024-10-29T10:00;40;kWh;-35182;19;0;0;35201;-35163
2024-10-29T10:00;2024-10-29T10:15;41;kWh;-20474;33;0;0;20507;-20441
2024-10-29T10:15;2024-10-29T10:30;42;kWh;-6812;0;0;0;6812;-6812
2024-10-29T10:30;2024-10-29T10:45;43;kWh;-9982;0;0;0;9982;-9982
2024-10-29T10:45;2024-10-29T11:00;44;kWh;-31303;0;0;0;31303;-31303
2024-10-29T11:00;2024-10-29T11:15;45;kWh;-34183;896;0;0;35079;-33287
2024-10-29T11:15;2024-10-29T11:30;46;kWh;-1102;112;0;0;1214;-990
2024-10-29T11:30;2024-10-29T11:45;47;kWh;-11520;0;0;0;11520;-11520
2024-10-29T11:45;2024-10-29T12:00;48;kWh;-2674;5240;0;0;7914;2566
2024-10-29T12:00;2024-10-29T12:15;49;kWh;-3129;0;0;0;3129;-3129
2024-10-29T12:15;2024-10-29T12:30;50;kWh;-6403;0;0;0;6403;-6403
2024-10-29T12:30;2024-10-29T12:45;51;kWh;-26526;0;0;0;26526;-26526
2024-10-29T12:45;2024-10-29T13:00;52;kWh;-2125;0;0;0;2125;-2125
2024-10-29T13:00;2024-10-29T13:15;53;kWh;-7405;0;0;0;7405;-7405
2024-10-29T13:15;2024-10-29T13:30;54;kWh;-271;0;0;0;271;-271
2024-10-29T13:30;2024-10-29T13:45;55;kWh;-3059;0;0;0;3059;-3059
2024-10-29T13:45;2024-10-29T14:00;56;kWh;-101;2308;0;0;2409;2207
2024-10-29T14:00;2024-10-29T14:15;57;kWh;-5309;1571;0;0;6880;-3738
2024-10-29T14:15;2024-10-29T14:30;58;kWh;0;21809;0;0;21809;21809
2024-10-29T14:30;2024-10-29T14:45;59;kWh;0;29242;0;0;29242;29242
2024-10-29T14:45;2024-10-29T15:00;60;kWh;0;17205;0;0;17205;17205
2024-10-29T15:00;2024-10-29T15:15;61;kWh;-22632;3575;0;0;26207;-19057
2024-10-29T15:15;2024-10-29T15:30;62;kWh;-34885;0;0;0;34885;-34885
2024-10-29T15:30;2024-10-29T15:45;63;kWh;-5395;260;0;0;5655;-5135
2024-10-29T15:45;2024-10-29T16:00;64;kWh;0;9374;0;0;9374;9374
2024-10-29T16:00;2024-10-29T16:15;65;kWh;-288;2587;0;0;2875;2299
2024-10-29T16:15;2024-10-29T16:30;66;kWh;0;14030;0;0;14030;14030
2024-10-29T16:30;2024-10-29T16:45;67;kWh;0;56033;0;0;56033;56033
2024-10-29T16:45;2024-10-29T17:00;68;kWh;0;57323;0;0;57323;57323
2024-10-29T17:00;2024-10-29T17:15;69;kWh;-29262;15494;0;0;44756;-13768
2024-10-29T17:15;2024-10-29T17:30;70;kWh;-1250;35541;0;0;36791;34291
2024-10-29T17:30;2024-10-29T17:45;71;kWh;0;92668;0;0;92668;92668
2024-10-29T17:45;2024-10-29T18:00;72;kWh;0;73399;0;0;73399;73399
2024-10-29T18:00;2024-10-29T18:15;73;kWh;0;55740;0;0;55740;55740
2024-10-29T18:15;2024-10-29T18:30;74;kWh;0;6951;0;0;6951;6951
2024-10-29T18:30;2024-10-29T18:45;75;kWh;0;0;0;0;0;0
2024-10-29T18:45;2024-10-29T19:00;76;kWh;-851;0;0;0;851;-851
2024-10-29T19:00;2024-10-29T19:15;77;kWh;-176;1952;0;0;2128;1776
2024-10-29T19:15;2024-10-29T19:30;78;kWh;-147;944;0;0;1091;797
2024-10-29T19:30;2024-10-29T19:45;79;kWh;-6579;0;0;0;6579;-6579
2024-10-29T19:45;2024-10-29T20:00;80;kWh;-12231;0;0;0;12231;-12231
2024-10-29T20:00;2024-10-29T20:15;81;kWh;-3804;17354;0;0;21158;13550
2024-10-29T20:15;2024-10-29T20:30;82;kWh;-453;466;0;0;919;13
2024-10-29T20:30;2024-10-29T20:45;83;kWh;-9399;0;0;0;9399;-9399
2024-10-29T20:45;2024-10-29T21:00;84;kWh;-8765;1205;0;0;9970;-7560
2024-10-29T21:00;2024-10-29T21:15;85;kWh;0;9157;0;0;9157;9157
2024-10-29T21:15;2024-10-29T21:30;86;kWh;0;27411;0;0;27411;27411
2024-10-29T21:30;2024-10-29T21:45;87;kWh;-210;9440;0;0;9650;9230
2024-10-29T21:45;2024-10-29T22:00;88;kWh;-15128;0;0;0;15128;-15128
2024-10-29T22:00;2024-10-29T22:15;89;kWh;-13037;0;0;0;13037;-13037
2024-10-29T22:15;2024-10-29T22:30;90;kWh;0;1257;0;0;1257;1257
2024-10-29T22:30;2024-10-29T22:45;91;kWh;-4781;1653;0;0;6434;-3128
2024-10-29T22:45;2024-10-29T23:00;92;kWh;-4643;12379;0;0;17022;7736
2024-10-29T23:00;2024-10-29T23:15;93;kWh;-4895;335;0;0;5230;-4560
2024-10-29T23:15;2024-10-29T23:30;94;kWh;0;68;0;0;68;68
2024-10-29T23:30;2024-10-29T23:45;95;kWh;0;7956;0;0;7956;7956
2024-10-29T23:45;2024-10-30T00:00;96;kWh;-37;32;0;0;69;-5
2024-10-30T00:00;2024-10-30T00:15;1;kWh;-73;48587;0;0;48660;48514
2024-10-30T00:15;2024-10-30T00:30;2;kWh;0;38874;0;0;38874;38874
2024-10-30T00:30;2024-10-30T00:45;3;kWh;0;6016;0;0;6016;6016
2024-10-30T00:45;2024-10-30T01:00;4;kWh;-785;59;0;0;844;-726
2024-10-30T01:00;2024-10-30T01:15;5;kWh;-6737;226;0;0;6963;-6511
2024-10-30T01:15;2024-10-30T01:30;6;kWh;-16692;0;0;0;16692;-16692
2024-10-30T01:30;2024-10-30T01:45;7;kWh;-17936;4;0;0;17940;-17932
2024-10-30T01:45;2024-10-30T02:00;8;kWh;-14137;0;0;0;14137;-14137
2024-10-30T02:00;2024-10-30T02:15;9;kWh;0;4385;0;0;4385;4385
2024-10-30T02:15;2024-10-30T02:30;10;kWh;0;2718;0;0;2718;2718
2024-10-30T02:30;2024-10-30T02:45;11;kWh;0;0;0;0;0;0
2024-10-30T02:45;2024-10-30T03:00;12;kWh;-1951;0;0;0;1951;-1951
2024-10-30T03:00;2024-10-30T03:15;13;kWh;-1116;5671;0;0;6787;4555
2024-10-30T03:15;2024-10-30T03:30;14;kWh;0;5661;0;0;5661;5661
2024-10-30T03:30;2024-10-30T03:45;15;kWh;0;341;0;0;341;341
2024-10-30T03:45;2024-10-30T04:00;16;kWh;-2308;189;0;0;2497;-2119
2024-10-30T04:00;2024-10-30T04:15;17;kWh;-21484;0;0;0;21484;-21484
2024-10-30T04:15;2024-10-30T04:30;18;kWh;-21295;0;0;0;21295;-21295
2024-10-30T04:30;2024-10-30T04:45;19;kWh;-9647;0;0;0;9647;-9647
2024-10-30T04:45;2024-10-30T05:00;20;kWh;-929;0;0;0;929;-929
2024-10-30T05:00;2024-10-30T05:15;21;kWh;-470;5;0;0;475;-465
2024-10-30T05:15;2024-10-30T05:30;22;kWh;0;11888;0;0;11888;11888
2024-10-30T05:30;2024-10-30T05:45;23;kWh;-3725;2964;0;0;6689;-761
2024-10-30T05:45;2024-10-30T06:00;24;kWh;-4708;4909;0;0;9617;201
2024-10-30T06:00;2024-10-30T06:15;25;kWh;-18153;2829;0;0;20982;-15324
2024-10-30T06:15;2024-10-30T06:30;26;kWh;-442;4802;0;0;5244;4360
2024-10-30T06:30;2024-10-30T06:45;27;kWh;-84;5629;0;0;5713;5545
2024-10-30T06:45;2024-10-30T07:00;28;kWh;0;36804;0;0;36804;36804
2024-10-30T07:00;2024-10-30T07:15;29;kWh;0;8191;0;0;8191;8191
2024-10-30T07:15;2024-10-30T07:30;30;kWh;0;8549;0;0;8549;8549
2024-10-30T07:30;2024-10-30T07:45;31;kWh;0;4223;0;0;4223;4223
2024-10-30T07:45;2024-10-30T08:00;32;kWh;-1036;950;0;0;1986;-86
2024-10-30T08:00;2024-10-30T08:15;33;kWh;-7685;0;0;0;7685;-7685
2024-10-30T08:15;2024-10-30T08:30;34;kWh;-1207;1371;0;0;2578;164
2024-10-30T08:30;2024-10-30T08:45;35;kWh;-49;2301;0;0;2350;2252
2024-10-30T08:45;2024-10-30T09:00;36;kWh;-2823;0;0;0;2823;-2823
2024-10-30T09:00;2024-10-30T09:15;37;kWh;-1223;13306;0;0;14529;12083
2024-10-30T09:15;2024-10-30T09:30;38;kWh;0;8460;0;0;8460;8460
2024-10-30T09:30;2024-10-30T09:45;39;kWh;-3797;12;0;0;3809;-3785
2024-10-30T09:45;2024-10-30T10:00;40;kWh;-13689;0;0;0;13689;-13689
2024-10-30T10:00;2024-10-30T10:15;41;kWh;-1122;32085;0;0;33207;30963
2024-10-30T10:15;2024-10-30T10:30;42;kWh;-4095;1241;0;0;5336;-2854
2024-10-30T10:30;2024-10-30T10:45;43;kWh;0;5647;0;0;5647;5647
2024-10-30T10:45;2024-10-30T11:00;44;kWh;0;0;0;0;0;0
2024-10-30T11:00;2024-10-30T11:15;45;kWh;0;1071;0;0;1071;1071
2024-10-30T11:15;2024-10-30T11:30;46;kWh;0;5312;0;0;5312;5312
2024-10-30T11:30;2024-10-30T11:45;47;kWh;0;20037;0;0;20037;20037
2024-10-30T11:45;2024-10-30T12:00;48;kWh;0;20649;0;0;20649;20649
2024-10-30T12:00;2024-10-30T12:15;49;kWh;0;44988;0;0;44988;44988
2024-10-30T12:15;2024-10-30T12:30;50;kWh;0;33826;0;0;33826;33826
2024-10-30T12:30;2024-10-30T12:45;51;kWh;0;49005;0;0;49005;49005
2024-10-30T12:45;2024-10-30T13:00;52;kWh;0;60205;0;0;60205;60205
2024-10-30T13:00;2024-10-30T13:15;53;kWh;0;59867;0;0;59867;59867
2024-10-30T13:15;2024-10-30T13:30;54;kWh;0;73444;0;0;73444;73444
2024-10-30T13:30;2024-10-30T13:45;55;kWh;0;73129;0;0;73129;73129
2024-10-30T13:45;2024-10-30T14:00;56;kWh;0;73674;0;0;73674;73674
2024-10-30T14:00;2024-10-30T14:15;57;kWh;0;58509;0;0;58509;58509
2024-10-30T14:15;2024-10-30T14:30;58;kWh;0;47513;0;0;47513;47513
2024-10-30T14:30;2024-10-30T14:45;59;kWh;0;61570;0;0;61570;61570
2024-10-30T14:45;2024-10-30T15:00;60;kWh;0;54102;0;0;54102;54102
2024-10-30T15:00;2024-10-30T15:15;61;kWh;-4655;9804;0;0;14459;5149
2024-10-30T15:15;2024-10-30T15:30;62;kWh;-36;1482;0;0;1518;1446
2024-10-30T15:30;2024-10-30T15:45;63;kWh;0;12828;0;0;12828;12828
2024-10-30T15:45;2024-10-30T16:00;64;kWh;0;34005;0;0;34005;34005
2024-10-30T16:00;2024-10-30T16:15;65;kWh;-40408;3461;0;0;43869;-36947
2024-10-30T16:15;2024-10-30T16:30;66;kWh;-16173;0;0;0;16173;-16173
2024-10-30T16:30;2024-10-30T16:45;67;kWh;-13430;509;0;0;13939;-12921
2024-10-30T16:45;2024-10-30T17:00;68;kWh;-184;5776;0;0;5960;5592
2024-10-30T17:00;2024-10-30T17:15;69;kWh;-46803;44;0;0;46847;-46759
2024-10-30T17:15;2024-10-30T17:30;70;kWh;-1612;369;0;0;1981;-1243
2024-10-30T17:30;2024-10-30T17:45;71;kWh;0;3204;0;0;3204;3204
2024-10-30T17:45;2024-10-30T18:00;72;kWh;0;7870;0;0;7870;7870
2024-10-30T18:00;2024-10-30T18:15;73;kWh;-1279;18195;0;0;19474;16916
2024-10-30T18:15;2024-10-30T18:30;74;kWh;-11020;0;0;0;11020;-11020
2024-10-30T18:30;2024-10-30T18:45;75;kWh;-17197;0;0;0;17197;-17197
2024-10-30T18:45;2024-10-30T19:00;76;kWh;-24829;0;0;0;24829;-24829
2024-10-30T19:00;2024-10-30T19:15;77;kWh;-4770;49906;0;0;54676;45136
2024-10-30T19:15;2024-10-30T19:30;78;kWh;0;30705;0;0;30705;30705
2024-10-30T19:30;2024-10-30T19:45;79;kWh;-5892;3277;0;0;9169;-2615
2024-10-30T19:45;2024-10-30T20:00;80;kWh;-1188;6506;0;0;7694;5318
2024-10-30T20:00;2024-10-30T20:15;81;kWh;0;31448;0;0;31448;31448
2024-10-30T20:15;2024-10-30T20:30;82;kWh;0;32580;0;0;32580;32580
2024-10-30T20:30;2024-10-30T20:45;83;kWh;0;26657;0;0;26657;26657
2024-10-30T20:45;2024-10-30T21:00;84;kWh;0;18277;0;0;18277;18277
2024-10-30T21:00;2024-10-30T21:15;85;kWh;0;15556;0;0;15556;15556
2024-10-30T21:15;2024-10-30T21:30;86;kWh;0;6854;0;0;6854;6854
2024-10-30T21:30;2024-10-30T21:45;87;kWh;0;227;0;0;227;227
2024-10-30T21:45;2024-10-30T22:00;88;kWh;-104;648;0;0;752;544
2024-10-30T22:00;2024-10-30T22:15;89;kWh;-7811;0;0;0;7811;-7811
2024-10-30T22:15;2024-10-30T22:30;90;kWh;-7881;17;0;0;7898;-7864
2024-10-30T22:30;2024-10-30T22:45;91;kWh;0;25808;0;0;25808;25808
2024-10-30T22:45;2024-10-30T23:00;92;kWh;-332;7599;0;0;7931;7267
2024-10-30T23:00;2024-10-30T23:15;93;kWh;-168;11782;0;0;11950;11614
2024-10-30T23:15;2024-10-30T23:30;94;kWh;0;38827;0;0;38827;38827
2024-10-30T23:30;2024-10-30T23:45;95;kWh;0;40940;0;0;40940;40940
2024-10-30T23:45;2024-10-31T00:00;96;kWh;0;16615;0;0;16615;16615
2024-10-31T00:00;2024-10-31T00:15;1;kWh;-2512;1553;0;0;4065;-959
2024-10-31T00:15;2024-10-31T00:30;2;kWh;0;9050;0;0;9050;9050
2024-10-31T00:30;2024-10-31T00:45;3;kWh;0;2587;0;0;2587;2587
2024-10-31T00:45;2024-10-31T01:00;4;kWh;0;2216;0;0;2216;2216
2024-10-31T01:00;2024-10-31T01:15;5;kWh;0;20495;0;0;20495;20495
2024-10-31T01:15;2024-10-31T01:30;6;kWh;-129;3585;0;0;3714;3456
2024-10-31T01:30;2024-10-31T01:45;7;kWh;-549;1415;0;0;1964;866
2024-10-31T01:45;2024-10-31T02:00;8;kWh;-2932;519;0;0;3451;-2413
2024-10-31T02:00;2024-10-31T02:15;9;kWh;-287;26157;0;0;26444;25870
2024-10-31T02:15;2024-10-31T02:30;10;kWh;-165;12276;0;0;12441;12111
2024-10-31T02:30;2024-10-31T02:45;11;kWh;-207;2923;0;0;3130;2716
2024-10-31T02:45;2024-10-31T03:00;12;kWh;-10258;5025;0;0;15283;-5233
2024-10-31T03:00;2024-10-31T03:15;13;kWh;-41552;0;0;0;41552;-41552
2024-10-31T03:15;2024-10-31T03:30;14;kWh;-12279;0;0;0;12279;-12279
2024-10-31T03:30;2024-10-31T03:45;15;kWh;-59841;0;0;0;59841;-59841
2024-10-31T03:45;2024-10-31T04:00;16;kWh;-86870;0;0;0;86870;-86870
2024-10-31T04:00;2024-10-31T04:15;17;kWh;-68237;0;0;0;68237;-68237
2024-10-31T04:15;2024-10-31T04:30;18;kWh;-31450;0;0;0;31450;-31450
2024-10-31T04:30;2024-10-31T04:45;19;kWh;-19240;0;0;0;19240;-19240
2024-10-31T04:45;2024-10-31T05:00;20;kWh;-55070;0;0;0;55070;-55070
2024-10-31T05:00;2024-10-31T05:15;21;kWh;-22284;0;0;0;22284;-22284
2024-10-31T05:15;2024-10-31T05:30;22;kWh;-29197;0;0;0;29197;-29197
2024-10-31T05:30;2024-10-31T05:45;23;kWh;-4818;5665;0;0;10483;847
2024-10-31T05:45;2024-10-31T06:00;24;kWh;-35;5258;0;0;5293;5223
2024-10-31T06:00;2024-10-31T06:15;25;kWh;-22264;1167;0;0;23431;-21097
2024-10-31T06:15;2024-10-31T06:30;26;kWh;0;19715;0;0;19715;19715
2024-10-31T06:30;2024-10-31T06:45;27;kWh;0;29383;0;0;29383;29383
2024-10-31T06:45;2024-10-31T07:00;28;kWh;0;30120;0;0;30120;30120
2024-10-31T07:00;2024-10-31T07:15;29;kWh;-76318;1068;0;0;77386;-75250
2024-10-31T07:15;2024-10-31T07:30;30;kWh;-55165;0;0;0;55165;-55165
2024-10-31T07:30;2024-10-31T07:45;31;kWh;-5205;0;0;0;5205;-5205
2024-10-31T07:45;2024-10-31T08:00;32;kWh;-495;0;0;0;495;-495
2024-10-31T08:00;2024-10-31T08:15;33;kWh;-196;13962;0;0;14158;13766
2024-10-31T08:15;2024-10-31T08:30;34;kWh;0;37653;0;0;37653;37653
2024-10-31T08:30;2024-10-31T08:45;35;kWh;0;20403;0;0;20403;20403
2024-10-31T08:45;2024-10-31T09:00;36;kWh;0;46990;0;0;46990;46990
2024-10-31T09:00;2024-10-31T09:15;37;kWh;0;58100;0;0;58100;58100
2024-10-31T09:15;2024-10-31T09:30;38;kWh;-233;14582;0;0;14815;14349
2024-10-31T09:30;2024-10-31T09:45;39;kWh;-611;30335;0;0;30946;29724
2024-10-31T09:45;2024-10-31T10:00;40;kWh;0;47031;0;0;47031;47031
2024-10-31T10:00;2024-10-31T10:15;41;kWh;0;4712;0;0;4712;4712
2024-10-31T10:15;2024-10-31T10:30;42;kWh;-1;1546;0;0;1547;1545
2024-10-31T10:30;2024-10-31T10:45;43;kWh;-538;4655;0;0;5193;4117
2024-10-31T10:45;2024-10-31T11:00;44;kWh;0;1937;0;0;1937;1937
2024-10-31T11:00;2024-10-31T11:15;45;kWh;0;14018;0;0;14018;14018
2024-10-31T11:15;2024-10-31T11:30;46;kWh;0;32966;0;0;32966;32966
2024-10-31T11:30;2024-10-31T11:45;47;kWh;0;6944;0;0;6944;6944
2024-10-31T11:45;2024-10-31T12:00;48;kWh;0;26862;0;0;26862;26862
2024-10-31T12:00;2024-10-31T12:15;49;kWh;0;48870;0;0;48870;48870
2024-10-31T12:15;2024-10-31T12:30;50;kWh;0;30187;0;0;30187;30187
2024-10-31T12:30;2024-10-31T12:45;51;kWh;0;52021;0;0;52021;52021
2024-10-31T12:45;2024-10-31T13:00;52;kWh;0;70001;0;0;70001;70001
2024-10-31T13:00;2024-10-31T13:15;53;kWh;0;35808;0;0;35808;35808
2024-10-31T13:15;2024-10-31T13:30;54;kWh;0;58371;0;0;58371;58371
2024-10-31T13:30;2024-10-31T13:45;55;kWh;0;76461;0;0;76461;76461
2024-10-31T13:45;2024-10-31T14:00;56;kWh;0;57911;0;0;57911;57911
2024-10-31T14:00;2024-10-31T14:15;57;kWh;-28505;7130;0;0;35635;-21375
2024-10-31T14:15;2024-10-31T14:30;58;kWh;-679;8368;0;0;9047;7689
2024-10-31T14:30;2024-10-31T14:45;59;kWh;-2;6443;0;0;6445;6441
2024-10-31T14:45;2024-10-31T15:00;60;kWh;-322;20166;0;0;20488;19844
2024-10-31T15:00;2024-10-31T15:15;61;kWh;-65226;664;0;0;65890;-64562
2024-10-31T15:15;2024-10-31T15:30;62;kWh;-21435;0;0;0;21435;-21435
2024-10-31T15:30;2024-10-31T15:45;63;kWh;-34876;0;0;0;34876;-34876
2024-10-31T15:45;2024-10-31T16:00;64;kWh;-27815;0;0;0;27815;-27815
2024-10-31T16:00;2024-10-31T16:15;65;kWh;-57151;0;0;0;57151;-57151
2024-10-31T16:15;2024-10-31T16:30;66;kWh;-66862;0;0;0;66862;-66862
2024-10-31T16:30;2024-10-31T16:45;67;kWh;-52805;0;0;0;52805;-52805
2024-10-31T16:45;2024-10-31T17:00;68;kWh;-7123;4195;0;0;11318;-2928
2024-10-31T17:00;2024-10-31T17:15;69;kWh;-62428;1871;0;0;64299;-60557
2024-10-31T17:15;2024-10-31T17:30;70;kWh;-17275;0;0;0;17275;-17275
2024-10-31T17:30;2024-10-31T17:45;71;kWh;-21431;0;0;0;21431;-21431
2024-10-31T17:45;2024-10-31T18:00;72;kWh;-20264;0;0;0;20264;-20264
2024-10-31T18:00;2024-10-31T18:15;73;kWh;-2457;25324;0;0;27781;22867
2024-10-31T18:15;2024-10-31T18:30;74;kWh;-8023;1693;0;0;9716;-6330
2024-10-31T18:30;2024-10-31T18:45;75;kWh;-17850;0;0;0;17850;-17850
2024-10-31T18:45;2024-10-31T19:00;76;kWh;-31945;0;0;0;31945;-31945
2024-10-31T19:00;2024-10-31T19:15;77;kWh;-3184;3209;0;0;6393;25
2024-10-31T19:15;2024-10-31T19:30;78;kWh;-770;550;0;0;1320;-220
2024-10-31T19:30;2024-10-31T19:45;79;kWh;-4837;0;0;0;4837;-4837
2024-10-31T19:45;2024-10-31T20:00;80;kWh;-3832;0;0;0;3832;-3832
2024-10-31T20:00;2024-10-31T20:15;81;kWh;-2846;1109;0;0;3955;-1737
2024-10-31T20:15;2024-10-31T20:30;82;kWh;0;37406;0;0;37406;37406
2024-10-31T20:30;2024-10-31T20:45;83;kWh;0;48818;0;0;48818;48818
2024-10-31T20:45;2024-10-31T21:00;84;kWh;0;25523;0;0;25523;25523
2024-10-31T21:00;2024-10-31T21:15;85;kWh;0;53204;0;0;53204;53204
2024-10-31T21:15;2024-10-31T21:30;86;kWh;0;42696;0;0;42696;42696
2024-10-31T21:30;2024-10-31T21:45;87;kWh;0;27167;0;0;27167;27167
2024-10-31T21:45;2024-10-31T22:00;88;kWh;0;7832;0;0;7832;7832
2024-10-31T22:00;2024-10-31T22:15;89;kWh;0;27071;0;0;27071;27071
2024-10-31T22:15;2024-10-31T22:30;90;kWh;0;43492;0;0;43492;43492
2024-10-31T22:30;2024-10-31T22:45;91;kWh;-2702;12573;0;0;15275;9871
2024-10-31T22:45;2024-10-31T23:00;92;kWh;-7047;80;0;0;7127;-6967
2024-10-31T23:00;2024-10-31T23:15;93;kWh;-11565;217;0;0;11782;-11348
2024-10-31T23:15;2024-10-31T23:30;94;kWh;-6100;458;0;0;6558;-5642
2024-10-31T23:30;2024-10-31T23:45;95;kWh;-11308;482;0;0;11790;-10826
2024-10-31T23:45;2024-11-01T00:00;96;kWh;-6836;700;0;0;7536;-6136
2024-11-01T00:00;2024-11-01T00:15;1;kWh;-330;2838;0;0;3168;2508
2024-11-01T00:15;2024-11-01T00:30;2;kWh;-13575;0;0;0;13575;-13575
2024-11-01T00:30;2024-11-01T00:45;3;kWh;-64469;0;0;0;64469;-64469
2024-11-01T00:45;2024-11-01T01:00;4;kWh;-62134;0;0;0;62134;-62134
2024-11-01T01:00;2024-11-01T01:15;5;kWh;-11859;1370;0;0;13229;-10489
2024-11-01T01:15;2024-11-01T01:30;6;kWh;-19016;0;0;0;19016;-19016
2024-11-01T01:30;2024-11-01T01:45;7;kWh;-21597;0;0;0;21597;-21597
2024-11-01T01:45;2024-11-01T02:00;8;kWh;-64756;0;0;0;64756;-64756
2024-11-01T02:00;2024-11-01T02:15;9;kWh;-17311;11220;0;0;28531;-6091
2024-11-01T02:15;2024-11-01T02:30;10;kWh;0;8438;0;0;8438;8438
2024-11-01T02:30;2024-11-01T02:45;11;kWh;0;1111;0;0;1111;1111
2024-11-01T02:45;2024-11-01T03:00;12;kWh;-13465;0;0;0;13465;-13465
2024-11-01T03:00;2024-11-01T03:15;13;kWh;-8737;0;0;0;8737;-8737
2024-11-01T03:15;2024-11-01T03:30;14;kWh;0;0;0;0;0;0
2024-11-01T03:30;2024-11-01T03:45;15;kWh;0;0;0;0;0;0
2024-11-01T03:45;2024-11-01T04:00;16;kWh;-71;1841;0;0;1912;1770
2024-11-01T04:00;2024-11-01T04:15;17;kWh;-34842;43;0;0;34885;-34799
2024-11-01T04:15;2024-11-01T04:30;18;kWh;-42908;0;0;0;42908;-42908
2024-11-01T04:30;2024-11-01T04:45;19;kWh;-15636;0;0;0;15636;-15636
2024-11-01T04:45;2024-11-01T05:00;20;kWh;-4331;0;0;0;4331;-4331
2024-11-01T05:00;2024-11-01T05:15;21;kWh;-1593;0;0;0;1593;-1593
2024-11-01T05:15;2024-11-01T05:30;22;kWh;0;1232;0;0;1232;1232
2024-11-01T05:30;2024-11-01T05:45;23;kWh;0;961;0;0;961;961
2024-11-01T05:45;2024-11-01T06:00;24;kWh;0;482;0;0;482;482
2024-11-01T06:00;2024-11-01T06:15;25;kWh;-15746;0;0;0;15746;-15746
2024-11-01T06:15;2024-11-01T06:30;26;kWh;-29432;0;0;0;29432;-29432
2024-11-01T06:30;2024-11-01T06:45;27;kWh;-22514;0;0;0;22514;-22514
2024-11-01T06:45;2024-11-01T07:00;28;kWh;-24248;0;0;0;24248;-24248
2024-11-01T07:00;2024-11-01T07:15;29;kWh;-72082;0;0;0;72082;-72082
2024-11-01T07:15;2024-11-01T07:30;30;kWh;-35534;0;0;0;35534;-35534
2024-11-01T07:30;2024-11-01T07:45;31;kWh;-8117;0;0;0;8117;-8117
2024-11-01T07:45;2024-11-01T08:00;32;kWh;0;1289;0;0;1289;1289
2024-11-01T08:00;2024-11-01T08:15;33;kWh;-4088;997;0;0;5085;-3091
2024-11-01T08:15;2024-11-01T08:30;34;kWh;-1155;1559;0;0;2714;404
2024-11-01T08:30;2024-11-01T08:45;35;kWh;-29;6015;0;0;6044;5986
2024-11-01T08:45;2024-11-01T09:00;36;kWh;-56;10191;0;0;10247;10135
2024-11-01T09:00;2024-11-01T09:15;37;kWh;0;41169;0;0;41169;41169
2024-11-01T09:15;2024-11-01T09:30;38;kWh;0;19819;0;0;19819;19819
2024-11-01T09:30;2024-11-01T09:45;39;kWh;0;47182;0;0;47182;47182
2024-11-01T09:45;2024-11-01T10:00;40;kWh;0;42248;0;0;42248;42248
2024-11-01T10:00;2024-11-01T10:15;41;kWh;0;8302;0;0;8302;8302
2024-11-01T10:15;2024-11-01T10:30;42;kWh;0;2549;0;0;2549;2549
2024-11-01T10:30;2024-11-01T10:45;43;kWh;0;15616;0;0;15616;15616
2024-11-01T10:45;2024-11-01T11:00;44;kWh;0;25750;0;0;25750;25750
2024-11-01T11:00;2024-11-01T11:15;45;kWh;0;11279;0;0;11279;11279
2024-11-01T11:15;2024-11-01T11:30;46;kWh;0;16248;0;0;16248;16248
2024-11-01T11:30;2024-11-01T11:45;47;kWh;-6567;127;0;0;6694;-6440
2024-11-01T11:45;2024-11-01T12:00;48;kWh;-18266;0;0;0;18266;-18266
2024-11-01T12:00;2024-11-01T12:15;49;kWh;-57866;9137;0;0;67003;-48729
2024-11-01T12:15;2024-11-01T12:30;50;kWh;-59204;5944;0;0;65148;-53260
2024-11-01T12:30;2024-11-01T12:45;51;kWh;-42479;0;0;0;42479;-42479
2024-11-01T12:45;2024-11-01T13:00;52;kWh;-27590;0;0;0;27590;-27590
2024-11-01T13:00;2024-11-01T13:15;53;kWh;-5249;9418;0;0;14667;4169
2024-11-01T13:15;2024-11-01T13:30;54;kWh;0;3660;0;0;3660;3660
2024-11-01T13:30;2024-11-01T13:45;55;kWh;-230;2632;0;0;2862;2402
2024-11-01T13:45;2024-11-01T14:00;56;kWh;0;9814;0;0;9814;9814
2024-11-01T14:00;2024-11-01T14:15;57;kWh;0;5539;0;0;5539;5539
2024-11-01T14:15;2024-11-01T14:30;58;kWh;0;32264;0;0;32264;32264
2024-11-01T14:30;2024-11-01T14:45;59;kWh;0;34702;0;0;34702;34702
2024-11-01T14:45;2024-11-01T15:00;60;kWh;0;47429;0;0;47429;47429
2024-11-01T15:00;2024-11-01T15:15;61;kWh;-118;20519;0;0;20637;20401
2024-11-01T15:15;2024-11-01T15:30;62;kWh;0;12615;0;0;12615;12615
2024-11-01T15:30;2024-11-01T15:45;63;kWh;0;7917;0;0;7917;7917
2024-11-01T15:45;2024-11-01T16:00;64;kWh;0;18246;0;0;18246;18246
2024-11-01T16:00;2024-11-01T16:15;65;kWh;-11617;531;0;0;12148;-11086
2024-11-01T16:15;2024-11-01T16:30;66;kWh;-9894;528;0;0;10422;-9366
2024-11-01T16:30;2024-11-01T16:45;67;kWh;-1074;5276;0;0;6350;4202
2024-11-01T16:45;2024-11-01T17:00;68;kWh;0;10439;0;0;10439;10439
2024-11-01T17:00;2024-11-01T17:15;69;kWh;-805;171;0;0;976;-634
2024-11-01T17:15;2024-11-01T17:30;70;kWh;0;11058;0;0;11058;11058
2024-11-01T17:30;2024-11-01T17:45;71;kWh;0;51852;0;0;51852;51852
2024-11-01T17:45;2024-11-01T18:00;72;kWh;0;68864;0;0;68864;68864
2024-11-01T18:00;2024-11-01T18:15;73;kWh;0;58392;0;0;58392;58392
2024-11-01T18:15;2024-11-01T18:30;74;kWh;0;54061;0;0;54061;54061
2024-11-01T18:30;2024-11-01T18:45;75;kWh;0;40200;0;0;40200;40200
2024-11-01T18:45;2024-11-01T19:00;76;kWh;0;28352;0;0;28352;28352
2024-11-01T19:00;2024-11-01T19:15;77;kWh;-1808;8409;0;0;10217;6601
2024-11-01T19:15;2024-11-01T19:30;78;kWh;-39933;0;0;0;39933;-39933
2024-11-01T19:30;2024-11-01T19:45;79;kWh;-64291;0;0;0;64291;-64291
2024-11-01T19:45;2024-11-01T20:00;80;kWh;-63746;0;0;0;63746;-63746
2024-11-01T20:00;2024-11-01T20:15;81;kWh;-52941;0;0;0;52941;-52941
2024-11-01T20:15;2024-11-01T20:30;82;kWh;-53066;301;0;0;53367;-52765
2024-11-01T20:30;2024-11-01T20:45;83;kWh;-632;28355;0;0;28987;27723
2024-11-01T20:45;2024-11-01T21:00;84;kWh;0;67;0;0;67;67
2024-11-01T21:00;2024-11-01T21:15;85;kWh;-214;2052;0;0;2266;1838
2024-11-01T21:15;2024-11-01T21:30;86;kWh;0;10776;0;0;10776;10776
2024-11-01T21:30;2024-11-01T21:45;87;kWh;0;5637;0;0;5637;5637
2024-11-01T21:45;2024-11-01T22:00;88;kWh;0;1830;0;0;1830;1830
2024-11-01T22:00;2024-11-01T22:15;89;kWh;0;44353;0;0;44353;44353
2024-11-01T22:15;2024-11-01T22:30;90;kWh;0;13244;0;0;13244;13244
2024-11-01T22:30;2024-11-01T22:45;91;kWh;0;653;0;0;653;653
2024-11-01T22:45;2024-11-01T23:00;92;kWh;-3696;2809;0;0;6505;-887
2024-11-01T23:00;2024-11-01T23:15;93;kWh;-597;38142;0;0;38739;37545
2024-11-01T23:15;2024-11-01T23:30;94;kWh;0;47783;0;0;47783;47783
2024-11-01T23:30;2024-11-01T23:45;95;kWh;0;48857;0;0;48857;48857
2024-11-01T23:45;2024-11-02T00:00;96;kWh;-401;7528;0;0;7929;7127
2024-11-02T00:00;2024-11-02T00:15;1;kWh;-6110;0;0;0;6110;-6110
2024-11-02T00:15;2024-11-02T00:30;2;kWh;-1321;8100;0;0;9421;6779
2024-11-02T00:30;2024-11-02T00:45;3;kWh;0;6496;0;0;6496;6496
2024-11-02T00:45;2024-11-02T01:00;4;kWh;0;6910;0;0;6910;6910
2024-11-02T01:00;2024-11-02T01:15;5;kWh;0;6583;0;0;6583;6583
2024-11-02T01:15;2024-11-02T01:30;6;kWh;-7005;196;0;0;7201;-6809
2024-11-02T01:30;2024-11-02T01:45;7;kWh;-49192;0;0;0;49192;-49192
2024-11-02T01:45;2024-11-02T02:00;8;kWh;-53995;0;0;0;53995;-53995
2024-11-02T02:00;2024-11-02T02:15;9;kWh;-55810;0;0;0;55810;-55810
2024-11-02T02:15;2024-11-02T02:30;10;kWh;-36051;0;0;0;36051;-36051
2024-11-02T02:30;2024-11-02T02:45;11;kWh;-71219;0;0;0;71219;-71219
2024-11-02T02:45;2024-11-02T03:00;12;kWh;-82087;0;0;0;82087;-82087
2024-11-02T03:00;2024-11-02T03:15;13;kWh;-18115;9299;0;0;27414;-8816
2024-11-02T03:15;2024-11-02T03:30;14;kWh;0;4787;0;0;4787;4787
2024-11-02T03:30;2024-11-02T03:45;15;kWh;-13211;908;0;0;14119;-12303
2024-11-02T03:45;2024-11-02T04:00;16;kWh;-21243;0;0;0;21243;-21243
2024-11-02T04:00;2024-11-02T04:15;17;kWh;-4489;9965;0;0;14454;5476
2024-11-02T04:15;2024-11-02T04:30;18;kWh;-87;3861;0;0;3948;3774
2024-11-02T04:30;2024-11-02T04:45;19;kWh;0;14407;0;0;14407;14407
2024-11-02T04:45;2024-11-02T05:00;20;kWh;0;28815;0;0;28815;28815
2024-11-02T05:00;2024-11-02T05:15;21;kWh;-3093;7548;0;0;10641;4455
2024-11-02T05:15;2024-11-02T05:30;22;kWh;-513;0;0;0;513;-513
2024-11-02T05:30;2024-11-02T05:45;23;kWh;-314;1789;0;0;2103;1475
2024-11-02T05:45;2024-11-02T06:00;24;kWh;0;10151;0;0;10151;10151
2024-11-02T06:00;2024-11-02T06:15;25;kWh;-13686;8348;0;0;22034;-5338
2024-11-02T06:15;2024-11-02T06:30;26;kWh;0;29671;0;0;29671;29671
2024-11-02T06:30;2024-11-02T06:45;27;kWh;-116;4799;0;0;4915;4683
2024-11-02T06:45;2024-11-02T07:00;28;kWh;-3517;6717;0;0;10234;3200
2024-11-02T07:00;2024-11-02T07:15;29;kWh;-76881;0;0;0;76881;-76881
2024-11-02T07:15;2024-11-02T07:30;30;kWh;-63890;0;0;0;63890;-63890
2024-11-02T07:30;2024-11-02T07:45;31;kWh;-56700;0;0;0;56700;-56700
2024-11-02T07:45;2024-11-02T08:00;32;kWh;-73112;0;0;0;73112;-73112
2024-11-02T08:00;2024-11-02T08:15;33;kWh;-29182;0;0;0;29182;-29182
2024-11-02T08:15;2024-11-02T08:30;34;kWh;-30435;0;0;0;30435;-30435
2024-11-02T08:30;2024-11-02T08:45;35;kWh;-77789;0;0;0;77789;-77789
2024-11-02T08:45;2024-11-02T09:00;36;kWh;-96441;0;0;0;96441;-96441
2024-11-02T09:00;2024-11-02T09:15;37;kWh;-35464;513;0;0;35977;-34951
2024-11-02T09:15;2024-11-02T09:30;38;kWh;-32045;0;0;0;32045;-32045
2024-11-02T09:30;2024-11-02T09:45;39;kWh;-66891;0;0;0;66891;-66891
2024-11-02T09:45;2024-11-02T10:00;40;kWh;-67902;0;0;0;67902;-67902
2024-11-02T10:00;2024-11-02T10:15;41;kWh;-32517;5;0;0;32522;-32512
2024-11-02T10:15;2024-11-02T10:30;42;kWh;-14772;0;0;0;14772;-14772
2024-11-02T10:30;2024-11-02T10:45;43;kWh;-50959;0;0;0;50959;-50959
2024-11-02T10:45;2024-11-02T11:00;44;kWh;-24980;0;0;0;24980;-24980
2024-11-02T11:00;2024-11-02T11:15;45;kWh;-5873;1009;0;0;6882;-4864
2024-11-02T11:15;2024-11-02T11:30;46;kWh;0;1251;0;0;1251;1251
2024-11-02T11:30;2024-11-02T11:45;47;kWh;0;12711;0;0;12711;12711
2024-11-02T11:45;2024-11-02T12:00;48;kWh;0;75607;0;0;75607;75607
2024-11-02T12:00;2024-11-02T12:15;49;kWh;0;45906;0;0;45906;45906
2024-11-02T12:15;2024-11-02T12:30;50;kWh;0;50571;0;0;50571;50571
2024-11-02T12:30;2024-11-02T12:45;51;kWh;0;71514;0;0;71514;71514
2024-11-02T12:45;2024-11-02T13:00;52;kWh;0;57829;0;0;57829;57829
2024-11-02T13:00;2024-11-02T13:15;53;kWh;-920;157;0;0;1077;-763
2024-11-02T13:15;2024-11-02T13:30;54;kWh;0;17;0;0;17;17
2024-11-02T13:30;2024-11-02T13:45;55;kWh;0;215;0;0;215;215
2024-11-02T13:45;2024-11-02T14:00;56;kWh;0;4220;0;0;4220;4220
2024-11-02T14:00;2024-11-02T14:15;57;kWh;-1178;403;0;0;1581;-775
2024-11-02T14:15;2024-11-02T14:30;58;kWh;0;8798;0;0;8798;8798
2024-11-02T14:30;2024-11-02T14:45;59;kWh;0;45447;0;0;45447;45447
2024-11-02T14:45;2024-11-02T15:00;60;kWh;0;23739;0;0;23739;23739
2024-11-02T15:00;2024-11-02T15:15;61;kWh;-30144;423;0;0;30567;-29721
2024-11-02T15:15;2024-11-02T15:30;62;kWh;-2754;2935;0;0;5689;181
2024-11-02T15:30;2024-11-02T15:45;63;kWh;0;39202;0;0;39202;39202
2024-11-02T15:45;2024-11-02T16:00;64;kWh;0;50585;0;0;50585;50585
2024-11-02T16:00;2024-11-02T16:15;65;kWh;-11893;397;0;0;12290;-11496
2024-11-02T16:15;2024-11-02T16:30;66;kWh;0;18408;0;0;18408;18408
2024-11-02T16:30;2024-11-02T16:45;67;kWh;-35;19804;0;0;19839;19769
2024-11-02T16:45;2024-11-02T17:00;68;kWh;0;38703;0;0;38703;38703
2024-11-02T17:00;2024-11-02T17:15;69;kWh;-11824;11104;0;0;22928;-720
2024-11-02T17:15;2024-11-02T17:30;70;kWh;-52;35253;0;0;35305;35201
2024-11-02T17:30;2024-11-02T17:45;71;kWh;0;61909;0;0;61909;61909
2024-11-02T17:45;2024-11-02T18:00;72;kWh;0;39894;0;0;39894;39894
2024-11-02T18:00;2024-11-02T18:15;73;kWh;0;22823;0;0;22823;22823
2024-11-02T18:15;2024-11-02T18:30;74;kWh;0;19868;0;0;19868;19868
2024-11-02T18:30;2024-11-02T18:45;75;kWh;-2265;993;0;0;3258;-1272
2024-11-02T18:45;2024-11-02T19:00;76;kWh;-53719;0;0;0;53719;-53719
2024-11-02T19:00;2024-11-02T19:15;77;kWh;-23423;0;0;0;23423;-23423
2024-11-02T19:15;2024-11-02T19:30;78;kWh;-9090;13;0;0;9103;-9077
2024-11-02T19:30;2024-11-02T19:45;79;kWh;-5065;0;0;0;5065;-5065
2024-11-02T19:45;2024-11-02T20:00;80;kWh;-22459;0;0;0;22459;-22459
2024-11-02T20:00;2024-11-02T20:15;81;kWh;-4594;17037;0;0;21631;12443
2024-11-02T20:15;2024-11-02T20:30;82;kWh;-833;2025;0;0;2858;1192
2024-11-02T20:30;2024-11-02T20:45;83;kWh;-9611;0;0;0;9611;-9611
2024-11-02T20:45;2024-11-02T21:00;84;kWh;-8861;0;0;0;8861;-8861
2024-11-02T21:00;2024-11-02T21:15;85;kWh;-2;16232;0;0;16234;16230
2024-11-02T21:15;2024-11-02T21:30;86;kWh;-222;1996;0;0;2218;1774
2024-11-02T21:30;2024-11-02T21:45;87;kWh;0;38911;0;0;38911;38911
2024-11-02T21:45;2024-11-02T22:00;88;kWh;-1887;27554;0;0;29441;25667
2024-11-02T22:00;2024-11-02T22:15;89;kWh;-1623;5465;0;0;7088;3842
2024-11-02T22:15;2024-11-02T22:30;90;kWh;0;3777;0;0;3777;3777
2024-11-02T22:30;2024-11-02T22:45;91;kWh;0;27128;0;0;27128;27128
2024-11-02T22:45;2024-11-02T23:00;92;kWh;0;39050;0;0;39050;39050
2024-11-02T23:00;2024-11-02T23:15;93;kWh;0;22899;0;0;22899;22899
2024-11-02T23:15;2024-11-02T23:30;94;kWh;-96;14445;0;0;14541;14349
2024-11-02T23:30;2024-11-02T23:45;95;kWh;-21;12945;0;0;12966;12924
2024-11-02T23:45;2024-11-03T00:00;96;kWh;0;64376;0;0;64376;64376
2024-11-03T00:00;2024-11-03T00:15;1;kWh;-20636;2544;0;0;23180;-18092
2024-11-03T00:15;2024-11-03T00:30;2;kWh;0;2414;0;0;2414;2414
2024-11-03T00:30;2024-11-03T00:45;3;kWh;0;4933;0;0;4933;4933
2024-11-03T00:45;2024-11-03T01:00;4;kWh;0;429;0;0;429;429
2024-11-03T01:00;2024-11-03T01:15;5;kWh;0;18187;0;0;18187;18187
2024-11-03T01:15;2024-11-03T01:30;6;kWh;0;10663;0;0;10663;10663
2024-11-03T01:30;2024-11-03T01:45;7;kWh;0;6738;0;0;6738;6738
2024-11-03T01:45;2024-11-03T02:00;8;kWh;0;5425;0;0;5425;5425
2024-11-03T02:00;2024-11-03T02:15;9;kWh;0;27413;0;0;27413;27413
2024-11-03T02:15;2024-11-03T02:30;10;kWh;0;13208;0;0;13208;13208
2024-11-03T02:30;2024-11-03T02:45;11;kWh;0;12351;0;0;12351;12351
2024-11-03T02:45;2024-11-03T03:00;12;kWh;0;2970;0;0;2970;2970
2024-11-03T03:00;2024-11-03T03:15;13;kWh;0;1112;0;0;1112;1112
2024-11-03T03:15;2024-11-03T03:30;14;kWh;0;5047;0;0;5047;5047
2024-11-03T03:30;2024-11-03T03:45;15;kWh;0;2778;0;0;2778;2778
2024-11-03T03:45;2024-11-03T04:00;16;kWh;0;3176;0;0;3176;3176
2024-11-03T04:00;2024-11-03T04:15;17;kWh;0;5533;0;0;5533;5533
2024-11-03T04:15;2024-11-03T04:30;18;kWh;0;3266;0;0;3266;3266
2024-11-03T04:30;2024-11-03T04:45;19;kWh;0;4027;0;0;4027;4027
2024-11-03T04:45;2024-11-03T05:00;20;kWh;-886;69;0;0;955;-817
2024-11-03T05:00;2024-11-03T05:15;21;kWh;-825;0;0;0;825;-825
2024-11-03T05:15;2024-11-03T05:30;22;kWh;0;12;0;0;12;12
2024-11-03T05:30;2024-11-03T05:45;23;kWh;0;1189;0;0;1189;1189
2024-11-03T05:45;2024-11-03T06:00;24;kWh;-84;6802;0;0;6886;6718
2024-11-03T06:00;2024-11-03T06:15;25;kWh;-1159;15564;0;0;16723;14405
2024-11-03T06:15;2024-11-03T06:30;26;kWh;-432;11814;0;0;12246;11382
2024-11-03T06:30;2024-11-03T06:45;27;kWh;0;0;0;0;0;0
2024-11-03T06:45;2024-11-03T07:00;28;kWh;0;0;0;0;0;0
2024-11-03T07:00;2024-11-03T07:15;29;kWh;0;35314;0;0;35314;35314
2024-11-03T07:15;2024-11-03T07:30;30;kWh;0;34232;0;0;34232;34232
2024-11-03T07:30;2024-11-03T07:45;31;kWh;0;28086;0;0;28086;28086
2024-11-03T07:45;2024-11-03T08:00;32;kWh;0;24714;0;0;24714;24714
2024-11-03T08:00;2024-11-03T08:15;33;kWh;0;48637;0;0;48637;48637
2024-11-03T08:15;2024-11-03T08:30;34;kWh;-1702;14622;0;0;16324;12920
2024-11-03T08:30;2024-11-03T08:45;35;kWh;-24829;0;0;0;24829;-24829
2024-11-03T08:45;2024-11-03T09:00;36;kWh;-44624;0;0;0;44624;-44624
2024-11-03T09:00;2024-11-03T09:15;37;kWh;-12855;5634;0;0;18489;-7221
2024-11-03T09:15;2024-11-03T09:30;38;kWh;-15359;41;0;0;15400;-15318
2024-11-03T09:30;2024-11-03T09:45;39;kWh;-41857;0;0;0;41857;-41857
2024-11-03T09:45;2024-11-03T10:00;40;kWh;-33209;0;0;0;33209;-33209
2024-11-03T10:00;2024-11-03T10:15;41;kWh;-27457;3952;0;0;31409;-23505
2024-11-03T10:15;2024-11-03T10:30;42;kWh;0;27582;0;0;27582;27582
2024-11-03T10:30;2024-11-03T10:45;43;kWh;0;19540;0;0;19540;19540
2024-11-03T10:45;2024-11-03T11:00;44;kWh;0;10129;0;0;10129;10129
2024-11-03T11:00;2024-11-03T11:15;45;kWh;0;31419;0;0;31419;31419
2024-11-03T11:15;2024-11-03T11:30;46;kWh;0;631;0;0;631;631
2024-11-03T11:30;2024-11-03T11:45;47;kWh;0;867;0;0;867;867
2024-11-03T11:45;2024-11-03T12:00;48;kWh;0;2228;0;0;2228;2228
2024-11-03T12:00;2024-11-03T12:15;49;kWh;0;2465;0;0;2465;2465
2024-11-03T12:15;2024-11-03T12:30;50;kWh;0;1022;0;0;1022;1022
2024-11-03T12:30;2024-11-03T12:45;51;kWh;-396;207;0;0;603;-189
2024-11-03T12:45;2024-11-03T13:00;52;kWh;0;11888;0;0;11888;11888
2024-11-03T13:00;2024-11-03T13:15;53;kWh;-653;1157;0;0;1810;504
2024-11-03T13:15;2024-11-03T13:30;54;kWh;-11640;0;0;0;11640;-11640
2024-11-03T13:30;2024-11-03T13:45;55;kWh;-1273;0;0;0;1273;-1273
2024-11-03T13:45;2024-11-03T14:00;56;kWh;0;17656;0;0;17656;17656
2024-11-03T14:00;2024-11-03T14:15;57;kWh;-28693;2473;0;0;31166;-26220
2024-11-03T14:15;2024-11-03T14:30;58;kWh;-440;164;0;0;604;-276
2024-11-03T14:30;2024-11-03T14:45;59;kWh;0;9150;0;0;9150;9150
2024-11-03T14:45;2024-11-03T15:00;60;kWh;0;32523;0;0;32523;32523
2024-11-03T15:00;2024-11-03T15:15;61;kWh;-565;3713;0;0;4278;3148
2024-11-03T15:15;2024-11-03T15:30;62;kWh;0;22070;0;0;22070;22070
2024-11-03T15:30;2024-11-03T15:45;63;kWh;0;34351;0;0;34351;34351
2024-11-03T15:45;2024-11-03T16:00;64;kWh;0;34824;0;0;34824;34824
2024-11-03T16:00;2024-11-03T16:15;65;kWh;-1114;1993;0;0;3107;879
2024-11-03T16:15;2024-11-03T16:30;66;kWh;0;18919;0;0;18919;18919
2024-11-03T16:30;2024-11-03T16:45;67;kWh;0;32225;0;0;32225;32225
2024-11-03T16:45;2024-11-03T17:00;68;kWh;0;58449;0;0;58449;58449
2024-11-03T17:00;2024-11-03T17:15;69;kWh;0;19816;0;0;19816;19816
2024-11-03T17:15;2024-11-03T17:30;70;kWh;0;54743;0;0;54743;54743
2024-11-03T17:30;2024-11-03T17:45;71;kWh;0;81194;0;0;81194;81194
2024-11-03T17:45;2024-11-03T18:00;72;kWh;0;80776;0;0;80776;80776
2024-11-03T18:00;2024-11-03T18:15;73;kWh;0;50958;0;0;50958;50958
2024-11-03T18:15;2024-11-03T18:30;74;kWh;0;26190;0;0;26190;26190
2024-11-03T18:30;2024-11-03T18:45;75;kWh;-4744;2099;0;0;6843;-2645
2024-11-03T18:45;2024-11-03T19:00;76;kWh;-2429;357;0;0;2786;-2072
2024-11-03T19:00;2024-11-03T19:15;77;kWh;-131;42952;0;0;43083;42821
2024-11-03T19:15;2024-11-03T19:30;78;kWh;0;74627;0;0;74627;74627
2024-11-03T19:30;2024-11-03T19:45;79;kWh;0;15290;0;0;15290;15290
2024-11-03T19:45;2024-11-03T20:00;80;kWh;0;32209;0;0;32209;32209
2024-11-03T20:00;2024-11-03T20:15;81;kWh;-4201;2102;0;0;6303;-2099
2024-11-03T20:15;2024-11-03T20:30;82;kWh;-478;4562;0;0;5040;4084
2024-11-03T20:30;2024-11-03T20:45;83;kWh;-1107;1278;0;0;2385;171
2024-11-03T20:45;2024-11-03T21:00;84;kWh;-287;11132;0;0;11419;10845
2024-11-03T21:00;2024-11-03T21:15;85;kWh;0;28559;0;0;28559;28559
2024-11-03T21:15;2024-11-03T21:30;86;kWh;0;38612;0;0;38612;38612
2024-11-03T21:30;2024-11-03T21:45;87;kWh;0;50479;0;0;50479;50479
2024-11-03T21:45;2024-11-03T22:00;88;kWh;0;40516;0;0;40516;40516
2024-11-03T22:00;2024-11-03T22:15;89;kWh;0;22940;0;0;22940;22940
2024-11-03T22:15;2024-11-03T22:30;90;kWh;0;26232;0;0;26232;26232
2024-11-03T22:30;2024-11-03T22:45;91;kWh;0;11947;0;0;11947;11947
2024-11-03T22:45;2024-11-03T23:00;92;kWh;-606;4808;0;0;5414;4202
2024-11-03T23:00;2024-11-03T23:15;93;kWh;-1182;5229;0;0;6411;4047
2024-11-03T23:15;2024-11-03T23:30;94;kWh;-207;46123;0;0;46330;45916
2024-11-03T23:30;2024-11-03T23:45;95;kWh;-266;17275;0;0;17541;17009
2024-11-03T23:45;2024-11-04T00:00;96;kWh;-9041;339;0;0;9380;-8702
2024-11-04T00:00;2024-11-04T00:15;1;kWh;-3523;12184;0;0;15707;8661
2024-11-04T00:15;2024-11-04T00:30;2;kWh;0;12747;0;0;12747;12747
2024-11-04T00:30;2024-11-04T00:45;3;kWh;0;27148;0;0;27148;27148
2024-11-04T00:45;2024-11-04T01:00;4;kWh;0;2971;0;0;2971;2971
2024-11-04T01:00;2024-11-04T01:15;5;kWh;-3718;853;0;0;4571;-2865
2024-11-04T01:15;2024-11-04T01:30;6;kWh;-7846;160;0;0;8006;-7686
2024-11-04T01:30;2024-11-04T01:45;7;kWh;-1044;26758;0;0;27802;25714
2024-11-04T01:45;2024-11-04T02:00;8;kWh;0;49044;0;0;49044;49044
2024-11-04T02:00;2024-11-04T02:15;9;kWh;-250;51023;0;0;51273;50773
2024-11-04T02:15;2024-11-04T02:30;10;kWh;-68;32260;0;0;32328;32192
2024-11-04T02:30;2024-11-04T02:45;11;kWh;0;19427;0;0;19427;19427
2024-11-04T02:45;2024-11-04T03:00;12;kWh;0;2695;0;0;2695;2695
2024-11-04T03:00;2024-11-04T03:15;13;kWh;0;754;0;0;754;754
2024-11-04T03:15;2024-11-04T03:30;14;kWh;0;507;0;0;507;507
2024-11-04T03:30;2024-11-04T03:45;15;kWh;-1819;0;0;0;1819;-1819
2024-11-04T03:45;2024-11-04T04:00;16;kWh;-1299;0;0;0;1299;-1299
2024-11-04T04:00;2024-11-04T04:15;17;kWh;-1098;360;0;0;1458;-738
2024-11-04T04:15;2024-11-04T04:30;18;kWh;0;45;0;0;45;45
2024-11-04T04:30;2024-11-04T04:45;19;kWh;0;2893;0;0;2893;2893
2024-11-04T04:45;2024-11-04T05:00;20;kWh;0;2390;0;0;2390;2390
2024-11-04T05:00;2024-11-04T05:15;21;kWh;0;1644;0;0;1644;1644
2024-11-04T05:15;2024-11-04T05:30;22;kWh;-2840;147;0;0;2987;-2693
2024-11-04T05:30;2024-11-04T05:45;23;kWh;-281;2865;0;0;3146;2584
2024-11-04T05:45;2024-11-04T06:00;24;kWh;-3;5469;0;0;5472;5466
2024-11-04T06:00;2024-11-04T06:15;25;kWh;-11156;1004;0;0;12160;-10152
2024-11-04T06:15;2024-11-04T06:30;26;kWh;0;4223;0;0;4223;4223
2024-11-04T06:30;2024-11-04T06:45;27;kWh;0;22276;0;0;22276;22276
2024-11-04T06:45;2024-11-04T07:00;28;kWh;0;49093;0;0;49093;49093
2024-11-04T07:00;2024-11-04T07:15;29;kWh;0;17530;0;0;17530;17530
2024-11-04T07:15;2024-11-04T07:30;30;kWh;0;52977;0;0;52977;52977
2024-11-04T07:30;2024-11-04T07:45;31;kWh;0;35324;0;0;35324;35324
2024-11-04T07:45;2024-11-04T08:00;32;kWh;0;28434;0;0;28434;28434
2024-11-04T08:00;2024-11-04T08:15;33;kWh;-15;30212;0;0;30227;30197
2024-11-04T08:15;2024-11-04T08:30;34;kWh;-197;0;0;0;197;-197
2024-11-04T08:30;2024-11-04T08:45;35;kWh;-4735;202;0;0;4937;-4533
2024-11-04T08:45;2024-11-04T09:00;36;kWh;-5348;0;0;0;5348;-5348
2024-11-04T09:00;2024-11-04T09:15;37;kWh;0;26620;0;0;26620;26620
2024-11-04T09:15;2024-11-04T09:30;38;kWh;0;22464;0;0;22464;22464
2024-11-04T09:30;2024-11-04T09:45;39;kWh;-109;1217;0;0;1326;1108
2024-11-04T09:45;2024-11-04T10:00;40;kWh;-38950;0;0;0;38950;-38950
2024-11-04T10:00;2024-11-04T10:15;41;kWh;-20186;36732;0;0;56918;16546
2024-11-04T10:15;2024-11-04T10:30;42;kWh;0;25567;0;0;25567;25567
2024-11-04T10:30;2024-11-04T10:45;43;kWh;-4896;10138;0;0;15034;5242
2024-11-04T10:45;2024-11-04T11:00;44;kWh;-18213;13;0;0;18226;-18200
2024-11-04T11:00;2024-11-04T11:15;45;kWh;-1056;24719;0;0;25775;23663
2024-11-04T11:15;2024-11-04T11:30;46;kWh;-1071;11133;0;0;12204;10062
2024-11-04T11:30;2024-11-04T11:45;47;kWh;-29119;0;0;0;29119;-29119
2024-11-04T11:45;2024-11-04T12:00;48;kWh;-31424;0;0;0;31424;-31424
2024-11-04T12:00;2024-11-04T12:15;49;kWh;-39594;0;0;0;39594;-39594
2024-11-04T12:15;2024-11-04T12:30;50;kWh;-16788;0;0;0;16788;-16788
2024-11-04T12:30;2024-11-04T12:45;51;kWh;-15008;0;0;0;15008;-15008
2024-11-04T12:45;2024-11-04T13:00;52;kWh;-17331;0;0;0;17331;-17331
2024-11-04T13:00;2024-11-04T13:15;53;kWh;-20386;0;0;0;20386;-20386
2024-11-04T13:15;2024-11-04T13:30;54;kWh;-7036;27;0;0;7063;-7009
2024-11-04T13:30;2024-11-04T13:45;55;kWh;0;1145;0;0;1145;1145
2024-11-04T13:45;2024-11-04T14:00;56;kWh;0;6074;0;0;6074;6074
2024-11-04T14:00;2024-11-04T14:15;57;kWh;-3406;30;0;0;3436;-3376
2024-11-04T14:15;2024-11-04T14:30;58;kWh;-1478;7989;0;0;9467;6511
2024-11-04T14:30;2024-11-04T14:45;59;kWh;0;52323;0;0;52323;52323
2024-11-04T14:45;2024-11-04T15:00;60;kWh;0;59862;0;0;59862;59862
2024-11-04T15:00;2024-11-04T15:15;61;kWh;-24887;6615;0;0;31502;-18272
2024-11-04T15:15;2024-11-04T15:30;62;kWh;-270;6708;0;0;6978;6438
2024-11-04T15:30;2024-11-04T15:45;63;kWh;0;30980;0;0;30980;30980
2024-11-04T15:45;2024-11-04T16:00;64;kWh;0;49203;0;0;49203;49203
2024-11-04T16:00;2024-11-04T16:15;65;kWh;-11251;18530;0;0;29781;7279
2024-11-04T16:15;2024-11-04T16:30;66;kWh;-9352;4715;0;0;14067;-4637
2024-11-04T16:30;2024-11-04T16:45;67;kWh;0;16565;0;0;16565;16565
2024-11-04T16:45;2024-11-04T17:00;68;kWh;0;14268;0;0;14268;14268
2024-11-04T17:00;2024-11-04T17:15;69;kWh;-1545;285;0;0;1830;-1260
2024-11-04T17:15;2024-11-04T17:30;70;kWh;-3;15406;0;0;15409;15403
2024-11-04T17:30;2024-11-04T17:45;71;kWh;0;20117;0;0;20117;20117
2024-11-04T17:45;2024-11-04T18:00;72;kWh;0;5599;0;0;5599;5599
2024-11-04T18:00;2024-11-04T18:15;73;kWh;0;1932;0;0;1932;1932
2024-11-04T18:15;2024-11-04T18:30;74;kWh;0;14358;0;0;14358;14358
2024-11-04T18:30;2024-11-04T18:45;75;kWh;0;90;0;0;90;90
2024-11-04T18:45;2024-11-04T19:00;76;kWh;-9584;0;0;0;9584;-9584
2024-11-04T19:00;2024-11-04T19:15;77;kWh;-2384;39471;0;0;41855;37087
2024-11-04T19:15;2024-11-04T19:30;78;kWh;-310;15817;0;0;16127;15507
2024-11-04T19:30;2024-11-04T19:45;79;kWh;-487;11775;0;0;12262;11288
2024-11-04T19:45;2024-11-04T20:00;80;kWh;-276;5289;0;0;5565;5013
2024-11-04T20:00;2024-11-04T20:15;81;kWh;0;17950;0;0;17950;17950
2024-11-04T20:15;2024-11-04T20:30;82;kWh;0;26293;0;0;26293;26293
2024-11-04T20:30;2024-11-04T20:45;83;kWh;-15;34809;0;0;34824;34794
2024-11-04T20:45;2024-11-04T21:00;84;kWh;-1646;67;0;0;1713;-1579
2024-11-04T21:00;2024-11-04T21:15;85;kWh;-1250;19378;0;0;20628;18128
2024-11-04T21:15;2024-11-04T21:30;86;kWh;-127;30265;0;0;30392;30138
2024-11-04T21:30;2024-11-04T21:45;87;kWh;-5849;114;0;0;5963;-5735
2024-11-04T21:45;2024-11-04T22:00;88;kWh;-3180;0;0;0;3180;-3180
2024-11-04T22:00;2024-11-04T22:15;89;kWh;-19534;0;0;0;19534;-19534
2024-11-04T22:15;2024-11-04T22:30;90;kWh;-19102;0;0;0;19102;-19102
2024-11-04T22:30;2024-11-04T22:45;91;kWh;-22372;0;0;0;22372;-22372
2024-11-04T22:45;2024-11-04T23:00;92;kWh;-26984;0;0;0;26984;-26984
2024-11-04T23:00;2024-11-04T23:15;93;kWh;-3852;0;0;0;3852;-3852
2024-11-04T23:15;2024-11-04T23:30;94;kWh;-11617;0;0;0;11617;-11617
2024-11-04T23:30;2024-11-04T23:45;95;kWh;-24368;0;0;0;24368;-24368
2024-11-04T23:45;2024-11-05T00:00;96;kWh;-29411;0;0;0;29411;-29411
2024-11-05T00:00;2024-11-05T00:15;1;kWh;-45881;0;0;0;45881;-45881
2024-11-05T00:15;2024-11-05T00:30;2;kWh;-33188;0;0;0;33188;-33188
2024-11-05T00:30;2024-11-05T00:45;3;kWh;-30187;0;0;0;30187;-30187
2024-11-05T00:45;2024-11-05T01:00;4;kWh;-40111;0;0;0;40111;-40111
2024-11-05T01:00;2024-11-05T01:15;5;kWh;-23535;0;0;0;23535;-23535
2024-11-05T01:15;2024-11-05T01:30;6;kWh;-44470;0;0;0;44470;-44470
2024-11-05T01:30;2024-11-05T01:45;7;kWh;-50782;0;0;0;50782;-50782
2024-11-05T01:45;2024-11-05T02:00;8;kWh;-55044;0;0;0;55044;-55044
2024-11-05T02:00;2024-11-05T02:15;9;kWh;-48911;0;0;0;48911;-48911
2024-11-05T02:15;2024-11-05T02:30;10;kWh;-31161;0;0;0;31161;-31161
2024-11-05T02:30;2024-11-05T02:45;11;kWh;-6778;0;0;0;6778;-6778
2024-11-05T02:45;2024-11-05T03:00;12;kWh;-70;1276;0;0;1346;1206
2024-11-05T03:00;2024-11-05T03:15;13;kWh;-42933;0;0;0;42933;-42933
2024-11-05T03:15;2024-11-05T03:30;14;kWh;-19402;0;0;0;19402;-19402
2024-11-05T03:30;2024-11-05T03:45;15;kWh;-2933;0;0;0;2933;-2933
2024-11-05T03:45;2024-11-05T04:00;16;kWh;-23073;0;0;0;23073;-23073
2024-11-05T04:00;2024-11-05T04:15;17;kWh;-26924;0;0;0;26924;-26924
2024-11-05T04:15;2024-11-05T04:30;18;kWh;-775;0;0;0;775;-775
2024-11-05T04:30;2024-11-05T04:45;19;kWh;-7553;1284;0;0;8837;-6269
2024-11-05T04:45;2024-11-05T05:00;20;kWh;-171;1719;0;0;1890;1548
2024-11-05T05:00;2024-11-05T05:15;21;kWh;-10758;230;0;0;10988;-10528
2024-11-05T05:15;2024-11-05T05:30;22;kWh;-238;2185;0;0;2423;1947
2024-11-05T05:30;2024-11-05T05:45;23;kWh;0;15476;0;0;15476;15476
2024-11-05T05:45;2024-11-05T06:00;24;kWh;-3716;4539;0;0;8255;823
2024-11-05T06:00;2024-11-05T06:15;25;kWh;-32729;0;0;0;32729;-32729
2024-11-05T06:15;2024-11-05T06:30;26;kWh;-13579;0;0;0;13579;-13579
2024-11-05T06:30;2024-11-05T06:45;27;kWh;-7269;4889;0;0;12158;-2380
2024-11-05T06:45;2024-11-05T07:00;28;kWh;-1;29764;0;0;29765;29763
2024-11-05T07:00;2024-11-05T07:15;29;kWh;-39411;2588;0;0;41999;-36823
2024-11-05T07:15;2024-11-05T07:30;30;kWh;-1500;1263;0;0;2763;-237
2024-11-05T07:30;2024-11-05T07:45;31;kWh;-1278;1549;0;0;2827;271
2024-11-05T07:45;2024-11-05T08:00;32;kWh;-249;8880;0;0;9129;8631
2024-11-05T08:00;2024-11-05T08:15;33;kWh;-249;19151;0;0;19400;18902
2024-11-05T08:15;2024-11-05T08:30;34;kWh;-249;13505;0;0;13754;13256
2024-11-05T08:30;2024-11-05T08:45;35;kWh;-249;5688;0;0;5937;5439
2024-11-05T08:45;2024-11-05T09:00;36;kWh;-249;2392;0;0;2641;2143
2024-11-05T09:00;2024-11-05T09:15;37;kWh;-677;25320;0;0;25997;24643
2024-11-05T09:15;2024-11-05T09:30;38;kWh;-921;60;0;0;981;-861
2024-11-05T09:30;2024-11-05T09:45;39;kWh;-249;1673;0;0;1922;1424
2024-11-05T09:45;2024-11-05T10:00;40;kWh;-1032;0;0;0;1032;-1032
2024-11-05T10:00;2024-11-05T10:15;41;kWh;-283;46686;0;0;46969;46403
2024-11-05T10:15;2024-11-05T10:30;42;kWh;-249;46866;0;0;47115;46617
2024-11-05T10:30;2024-11-05T10:45;43;kWh;-5299;6360;0;0;11659;1061
2024-11-05T10:45;2024-11-05T11:00;44;kWh;-29116;0;0;0;29116;-29116
2024-11-05T11:00;2024-11-05T11:15;45;kWh;-5252;21048;0;0;26300;15796
2024-11-05T11:15;2024-11-05T11:30;46;kWh;-364;3884;0;0;4248;3520
2024-11-05T11:30;2024-11-05T11:45;47;kWh;-3873;1656;0;0;5529;-2217
2024-11-05T11:45;2024-11-05T12:00;48;kWh;-15171;0;0;0;15171;-15171
2024-11-05T12:00;2024-11-05T12:15;49;kWh;-1166;20167;0;0;21333;19001
2024-11-05T12:15;2024-11-05T12:30;50;kWh;-2895;42;0;0;2937;-2853
2024-11-05T12:30;2024-11-05T12:45;51;kWh;-333;0;0;0;333;-333
2024-11-05T12:45;2024-11-05T13:00;52;kWh;-809;224;0;0;1033;-585
2024-11-05T13:00;2024-11-05T13:15;53;kWh;-19647;0;0;0;19647;-19647
2024-11-05T13:15;2024-11-05T13:30;54;kWh;-1736;3845;0;0;5581;2109
2024-11-05T13:30;2024-11-05T13:45;55;kWh;-249;34897;0;0;35146;34648
2024-11-05T13:45;2024-11-05T14:00;56;kWh;-1095;19237;0;0;20332;18142
2024-11-05T14:00;2024-11-05T14:15;57;kWh;-11105;0;0;0;11105;-11105
2024-11-05T14:15;2024-11-05T14:30;58;kWh;-1575;2950;0;0;4525;1375
2024-11-05T14:30;2024-11-05T14:45;59;kWh;-249;30160;0;0;30409;29911
2024-11-05T14:45;2024-11-05T15:00;60;kWh;-249;40969;0;0;41218;40720
2024-11-05T15:00;2024-11-05T15:15;61;kWh;-25223;4797;0;0;30020;-20426
2024-11-05T15:15;2024-11-05T15:30;62;kWh;-2746;16754;0;0;19500;14008
2024-11-05T15:30;2024-11-05T15:45;63;kWh;-249;63155;0;0;63404;62906
2024-11-05T15:45;2024-11-05T16:00;64;kWh;-249;37780;0;0;38029;37531
2024-11-05T16:00;2024-11-05T16:15;65;kWh;-249;6451;0;0;6700;6202
2024-11-05T16:15;2024-11-05T16:30;66;kWh;-438;22503;0;0;22941;22065
2024-11-05T16:30;2024-11-05T16:45;67;kWh;-249;51740;0;0;51989;51491
2024-11-05T16:45;2024-11-05T17:00;68;kWh;-249;71759;0;0;72008;71510
2024-11-05T17:00;2024-11-05T17:15;69;kWh;-249;54649;0;0;54898;54400
2024-11-05T17:15;2024-11-05T17:30;70;kWh;-249;75735;0;0;75984;75486
2024-11-05T17:30;2024-11-05T17:45;71;kWh;-249;79834;0;0;80083;79585
2024-11-05T17:45;2024-11-05T18:00;72;kWh;-249;78963;0;0;79212;78714
2024-11-05T18:00;2024-11-05T18:15;73;kWh;-249;79368;0;0;79617;79119
2024-11-05T18:15;2024-11-05T18:30;74;kWh;-249;60020;0;0;60269;59771
2024-11-05T18:30;2024-11-05T18:45;75;kWh;-249;44791;0;0;45040;44542
2024-11-05T18:45;2024-11-05T19:00;76;kWh;-249;62507;0;0;62756;62258
2024-11-05T19:00;2024-11-05T19:15;77;kWh;-249;38287;0;0;38536;38038
2024-11-05T19:15;2024-11-05T19:30;78;kWh;-249;50524;0;0;50773;50275
2024-11-05T19:30;2024-11-05T19:45;79;kWh;-249;42508;0;0;42757;42259
2024-11-05T19:45;2024-11-05T20:00;80;kWh;-531;21202;0;0;21733;20671
2024-11-05T20:00;2024-11-05T20:15;81;kWh;-694;35334;0;0;36028;34640
2024-11-05T20:15;2024-11-05T20:30;82;kWh;-249;53353;0;0;53602;53104
2024-11-05T20:30;2024-11-05T20:45;83;kWh;-249;44714;0;0;44963;44465
2024-11-05T20:45;2024-11-05T21:00;84;kWh;-249;22949;0;0;23198;22700
2024-11-05T21:00;2024-11-05T21:15;85;kWh;-261;31051;0;0;31312;30790
2024-11-05T21:15;2024-11-05T21:30;86;kWh;-249;30945;0;0;31194;30696
2024-11-05T21:30;2024-11-05T21:45;87;kWh;-249;27627;0;0;27876;27378
2024-11-05T21:45;2024-11-05T22:00;88;kWh;-500;117;0;0;617;-383
2024-11-05T22:00;2024-11-05T22:15;89;kWh;-296;11710;0;0;12006;11414
2024-11-05T22:15;2024-11-05T22:30;90;kWh;-249;21441;0;0;21690;21192
2024-11-05T22:30;2024-11-05T22:45;91;kWh;-954;10695;0;0;11649;9741
2024-11-05T22:45;2024-11-05T23:00;92;kWh;-1383;982;0;0;2365;-401
2024-11-05T23:00;2024-11-05T23:15;93;kWh;-249;18585;0;0;18834;18336
2024-11-05T23:15;2024-11-05T23:30;94;kWh;-249;6443;0;0;6692;6194
2024-11-05T23:30;2024-11-05T23:45;95;kWh;-546;707;0;0;1253;161
2024-11-05T23:45;2024-11-06T00:00;96;kWh;-1195;0;0;0;1195;-1195
2024-11-06T00:00;2024-11-06T00:15;1;kWh;-413;24258;0;0;24671;23845
2024-11-06T00:15;2024-11-06T00:30;2;kWh;-339;31935;0;0;32274;31596
2024-11-06T00:30;2024-11-06T00:45;3;kWh;-515;16700;0;0;17215;16185
2024-11-06T00:45;2024-11-06T01:00;4;kWh;0;25172;0;0;25172;25172
2024-11-06T01:00;2024-11-06T01:15;5;kWh;0;20228;0;0;20228;20228
2024-11-06T01:15;2024-11-06T01:30;6;kWh;-217;18995;0;0;19212;18778
2024-11-06T01:30;2024-11-06T01:45;7;kWh;-561;13712;0;0;14273;13151
2024-11-06T01:45;2024-11-06T02:00;8;kWh;-508;2418;0;0;2926;1910
2024-11-06T02:00;2024-11-06T02:15;9;kWh;0;2717;0;0;2717;2717
2024-11-06T02:15;2024-11-06T02:30;10;kWh;-127;13122;0;0;13249;12995
2024-11-06T02:30;2024-11-06T02:45;11;kWh;-204;16836;0;0;17040;16632
2024-11-06T02:45;2024-11-06T03:00;12;kWh;-1577;11471;0;0;13048;9894
2024-11-06T03:00;2024-11-06T03:15;13;kWh;-5112;392;0;0;5504;-4720
2024-11-06T03:15;2024-11-06T03:30;14;kWh;0;4374;0;0;4374;4374
2024-11-06T03:30;2024-11-06T03:45;15;kWh;-43;2648;0;0;2691;2605
2024-11-06T03:45;2024-11-06T04:00;16;kWh;-1539;0;0;0;1539;-1539
2024-11-06T04:00;2024-11-06T04:15;17;kWh;-1628;8547;0;0;10175;6919
2024-11-06T04:15;2024-11-06T04:30;18;kWh;0;23842;0;0;23842;23842
2024-11-06T04:30;2024-11-06T04:45;19;kWh;0;20741;0;0;20741;20741
2024-11-06T04:45;2024-11-06T05:00;20;kWh;-52;21457;0;0;21509;21405
2024-11-06T05:00;2024-11-06T05:15;21;kWh;-30672;526;0;0;31198;-30146
2024-11-06T05:15;2024-11-06T05:30;22;kWh;-21112;0;0;0;21112;-21112
2024-11-06T05:30;2024-11-06T05:45;23;kWh;-24;9851;0;0;9875;9827
2024-11-06T05:45;2024-11-06T06:00;24;kWh;-11;7758;0;0;7769;7747
2024-11-06T06:00;2024-11-06T06:15;25;kWh;-16410;64;0;0;16474;-16346
2024-11-06T06:15;2024-11-06T06:30;26;kWh;0;4920;0;0;4920;4920
2024-11-06T06:30;2024-11-06T06:45;27;kWh;0;36570;0;0;36570;36570
2024-11-06T06:45;2024-11-06T07:00;28;kWh;0;49430;0;0;49430;49430
2024-11-06T07:00;2024-11-06T07:15;29;kWh;-7594;2354;0;0;9948;-5240
2024-11-06T07:15;2024-11-06T07:30;30;kWh;-3;33137;0;0;33140;33134
2024-11-06T07:30;2024-11-06T07:45;31;kWh;0;50235;0;0;50235;50235
2024-11-06T07:45;2024-11-06T08:00;32;kWh;0;53957;0;0;53957;53957
2024-11-06T08:00;2024-11-06T08:15;33;kWh;0;20328;0;0;20328;20328
2024-11-06T08:15;2024-11-06T08:30;34;kWh;0;5097;0;0;5097;5097
2024-11-06T08:30;2024-11-06T08:45;35;kWh;0;5657;0;0;5657;5657
2024-11-06T08:45;2024-11-06T09:00;36;kWh;0;14116;0;0;14116;14116
2024-11-06T09:00;2024-11-06T09:15;37;kWh;0;41138;0;0;41138;41138
2024-11-06T09:15;2024-11-06T09:30;38;kWh;0;48753;0;0;48753;48753
2024-11-06T09:30;2024-11-06T09:45;39;kWh;0;48696;0;0;48696;48696
2024-11-06T09:45;2024-11-06T10:00;40;kWh;0;42592;0;0;42592;42592
2024-11-06T10:00;2024-11-06T10:15;41;kWh;0;56849;0;0;56849;56849
2024-11-06T10:15;2024-11-06T10:30;42;kWh;0;66476;0;0;66476;66476
2024-11-06T10:30;2024-11-06T10:45;43;kWh;0;69738;0;0;69738;69738
2024-11-06T10:45;2024-11-06T11:00;44;kWh;0;67712;0;0;67712;67712
2024-11-06T11:00;2024-11-06T11:15;45;kWh;0;50700;0;0;50700;50700
2024-11-06T11:15;2024-11-06T11:30;46;kWh;0;60342;0;0;60342;60342
2024-11-06T11:30;2024-11-06T11:45;47;kWh;0;59376;0;0;59376;59376
2024-11-06T11:45;2024-11-06T12:00;48;kWh;0;34756;0;0;34756;34756
2024-11-06T12:00;2024-11-06T12:15;49;kWh;0;23902;0;0;23902;23902
2024-11-06T12:15;2024-11-06T12:30;50;kWh;0;32262;0;0;32262;32262
2024-11-06T12:30;2024-11-06T12:45;51;kWh;0;33974;0;0;33974;33974
2024-11-06T12:45;2024-11-06T13:00;52;kWh;0;30151;0;0;30151;30151
2024-11-06T13:00;2024-11-06T13:15;53;kWh;0;42976;0;0;42976;42976
2024-11-06T13:15;2024-11-06T13:30;54;kWh;0;33108;0;0;33108;33108
2024-11-06T13:30;2024-11-06T13:45;55;kWh;0;27313;0;0;27313;27313
2024-11-06T13:45;2024-11-06T14:00;56;kWh;0;52144;0;0;52144;52144
2024-11-06T14:00;2024-11-06T14:15;57;kWh;0;30263;0;0;30263;30263
2024-11-06T14:15;2024-11-06T14:30;58;kWh;0;35403;0;0;35403;35403
2024-11-06T14:30;2024-11-06T14:45;59;kWh;0;35305;0;0;35305;35305
2024-11-06T14:45;2024-11-06T15:00;60;kWh;0;29358;0;0;29358;29358
2024-11-06T15:00;2024-11-06T15:15;61;kWh;0;9585;0;0;9585;9585
2024-11-06T15:15;2024-11-06T15:30;62;kWh;0;34129;0;0;34129;34129
2024-11-06T15:30;2024-11-06T15:45;63;kWh;0;17685;0;0;17685;17685
2024-11-06T15:45;2024-11-06T16:00;64;kWh;0;48150;0;0;48150;48150
2024-11-06T16:00;2024-11-06T16:15;65;kWh;0;27392;0;0;27392;27392
2024-11-06T16:15;2024-11-06T16:30;66;kWh;0;52500;0;0;52500;52500
2024-11-06T16:30;2024-11-06T16:45;67;kWh;0;61637;0;0;61637;61637
2024-11-06T16:45;2024-11-06T17:00;68;kWh;0;68859;0;0;68859;68859
2024-11-06T17:00;2024-11-06T17:15;69;kWh;0;69028;0;0;69028;69028
2024-11-06T17:15;2024-11-06T17:30;70;kWh;0;82075;0;0;82075;82075
2024-11-06T17:30;2024-11-06T17:45;71;kWh;0;80526;0;0;80526;80526
2024-11-06T17:45;2024-11-06T18:00;72;kWh;0;74770;0;0;74770;74770
2024-11-06T18:00;2024-11-06T18:15;73;kWh;0;68112;0;0;68112;68112
2024-11-06T18:15;2024-11-06T18:30;74;kWh;0;51140;0;0;51140;51140
2024-11-06T18:30;2024-11-06T18:45;75;kWh;0;22023;0;0;22023;22023
2024-11-06T18:45;2024-11-06T19:00;76;kWh;0;3404;0;0;3404;3404
2024-11-06T19:00;2024-11-06T19:15;77;kWh;0;7649;0;0;7649;7649
2024-11-06T19:15;2024-11-06T19:30;78;kWh;-4;8055;0;0;8059;8051
2024-11-06T19:30;2024-11-06T19:45;79;kWh;-1969;0;0;0;1969;-1969
2024-11-06T19:45;2024-11-06T20:00;80;kWh;-21148;0;0;0;21148;-21148
2024-11-06T20:00;2024-11-06T20:15;81;kWh;-7783;22654;0;0;30437;14871
2024-11-06T20:15;2024-11-06T20:30;82;kWh;-70;16769;0;0;16839;16699
2024-11-06T20:30;2024-11-06T20:45;83;kWh;-1684;188;0;0;1872;-1496
2024-11-06T20:45;2024-11-06T21:00;84;kWh;-5708;1298;0;0;7006;-4410
2024-11-06T21:00;2024-11-06T21:15;85;kWh;-200;44089;0;0;44289;43889
2024-11-06T21:15;2024-11-06T21:30;86;kWh;0;59644;0;0;59644;59644
2024-11-06T21:30;2024-11-06T21:45;87;kWh;-15;29631;0;0;29646;29616
2024-11-06T21:45;2024-11-06T22:00;88;kWh;-197;16458;0;0;16655;16261
2024-11-06T22:00;2024-11-06T22:15;89;kWh;-101;31571;0;0;31672;31470
2024-11-06T22:15;2024-11-06T22:30;90;kWh;0;50000;0;0;50000;50000
2024-11-06T22:30;2024-11-06T22:45;91;kWh;-10;13858;0;0;13868;13848
2024-11-06T22:45;2024-11-06T23:00;92;kWh;-41;1412;0;0;1453;1371
2024-11-06T23:00;2024-11-06T23:15;93;kWh;-47;18950;0;0;18997;18903
2024-11-06T23:15;2024-11-06T23:30;94;kWh;0;29452;0;0;29452;29452
2024-11-06T23:30;2024-11-06T23:45;95;kWh;-483;17134;0;0;17617;16651
2024-11-06T23:45;2024-11-07T00:00;96;kWh;-5992;0;0;0;5992;-5992
2024-11-07T00:00;2024-11-07T00:15;1;kWh;-356;29831;0;0;30187;29475
2024-11-07T00:15;2024-11-07T00:30;2;kWh;0;35253;0;0;35253;35253
2024-11-07T00:30;2024-11-07T00:45;3;kWh;-53;841;0;0;894;788
2024-11-07T00:45;2024-11-07T01:00;4;kWh;0;167;0;0;167;167
2024-11-07T01:00;2024-11-07T01:15;5;kWh;0;29293;0;0;29293;29293
2024-11-07T01:15;2024-11-07T01:30;6;kWh;-48;18741;0;0;18789;18693
2024-11-07T01:30;2024-11-07T01:45;7;kWh;-312;57;0;0;369;-255
2024-11-07T01:45;2024-11-07T02:00;8;kWh;-1964;376;0;0;2340;-1588
2024-11-07T02:00;2024-11-07T02:15;9;kWh;-1263;14617;0;0;15880;13354
2024-11-07T02:15;2024-11-07T02:30;10;kWh;-24;287;0;0;311;263
2024-11-07T02:30;2024-11-07T02:45;11;kWh;-10;1373;0;0;1383;1363
2024-11-07T02:45;2024-11-07T03:00;12;kWh;0;0;0;0;0;0
2024-11-07T03:00;2024-11-07T03:15;13;kWh;-237;4361;0;0;4598;4124
2024-11-07T03:15;2024-11-07T03:30;14;kWh;-10;13488;0;0;13498;13478
2024-11-07T03:30;2024-11-07T03:45;15;kWh;-874;0;0;0;874;-874
2024-11-07T03:45;2024-11-07T04:00;16;kWh;-60;0;0;0;60;-60
2024-11-07T04:00;2024-11-07T04:15;17;kWh;-4307;0;0;0;4307;-4307
2024-11-07T04:15;2024-11-07T04:30;18;kWh;-318;1631;0;0;1949;1313
2024-11-07T04:30;2024-11-07T04:45;19;kWh;0;6379;0;0;6379;6379
2024-11-07T04:45;2024-11-07T05:00;20;kWh;-85;13650;0;0;13735;13565
2024-11-07T05:00;2024-11-07T05:15;21;kWh;-998;6;0;0;1004;-992
2024-11-07T05:15;2024-11-07T05:30;22;kWh;0;4600;0;0;4600;4600
2024-11-07T05:30;2024-11-07T05:45;23;kWh;0;27823;0;0;27823;27823
2024-11-07T05:45;2024-11-07T06:00;24;kWh;0;26666;0;0;26666;26666
2024-11-07T06:00;2024-11-07T06:15;25;kWh;-29300;2557;0;0;31857;-26743
2024-11-07T06:15;2024-11-07T06:30;26;kWh;-16314;0;0;0;16314;-16314
2024-11-07T06:30;2024-11-07T06:45;27;kWh;0;231;0;0;231;231
2024-11-07T06:45;2024-11-07T07:00;28;kWh;-163;17418;0;0;17581;17255
2024-11-07T07:00;2024-11-07T07:15;29;kWh;-2551;5883;0;0;8434;3332
2024-11-07T07:15;2024-11-07T07:30;30;kWh;0;42876;0;0;42876;42876
2024-11-07T07:30;2024-11-07T07:45;31;kWh;0;56663;0;0;56663;56663
2024-11-07T07:45;2024-11-07T08:00;32;kWh;0;59957;0;0;59957;59957
2024-11-07T08:00;2024-11-07T08:15;33;kWh;0;33928;0;0;33928;33928
2024-11-07T08:15;2024-11-07T08:30;34;kWh;0;29519;0;0;29519;29519
2024-11-07T08:30;2024-11-07T08:45;35;kWh;0;69432;0;0;69432;69432
2024-11-07T08:45;2024-11-07T09:00;36;kWh;0;66083;0;0;66083;66083
2024-11-07T09:00;2024-11-07T09:15;37;kWh;0;48005;0;0;48005;48005
2024-11-07T09:15;2024-11-07T09:30;38;kWh;0;60376;0;0;60376;60376
2024-11-07T09:30;2024-11-07T09:45;39;kWh;0;52834;0;0;52834;52834
2024-11-07T09:45;2024-11-07T10:00;40;kWh;0;47902;0;0;47902;47902
2024-11-07T10:00;2024-11-07T10:15;41;kWh;0;67601;0;0;67601;67601
2024-11-07T10:15;2024-11-07T10:30;42;kWh;0;71516;0;0;71516;71516
2024-11-07T10:30;2024-11-07T10:45;43;kWh;0;74822;0;0;74822;74822
2024-11-07T10:45;2024-11-07T11:00;44;kWh;0;66217;0;0;66217;66217
2024-11-07T11:00;2024-11-07T11:15;45;kWh;0;64969;0;0;64969;64969
2024-11-07T11:15;2024-11-07T11:30;46;kWh;0;83304;0;0;83304;83304
2024-11-07T11:30;2024-11-07T11:45;47;kWh;0;81788;0;0;81788;81788
2024-11-07T11:45;2024-11-07T12:00;48;kWh;0;46228;0;0;46228;46228
2024-11-07T12:00;2024-11-07T12:15;49;kWh;0;57078;0;0;57078;57078
2024-11-07T12:15;2024-11-07T12:30;50;kWh;0;58725;0;0;58725;58725
2024-11-07T12:30;2024-11-07T12:45;51;kWh;0;65435;0;0;65435;65435
2024-11-07T12:45;2024-11-07T13:00;52;kWh;0;83284;0;0;83284;83284
2024-11-07T13:00;2024-11-07T13:15;53;kWh;0;88178;0;0;88178;88178
2024-11-07T13:15;2024-11-07T13:30;54;kWh;0;92001;0;0;92001;92001
2024-11-07T13:30;2024-11-07T13:45;55;kWh;0;94686;0;0;94686;94686
2024-11-07T13:45;2024-11-07T14:00;56;kWh;0;89502;0;0;89502;89502
2024-11-07T14:00;2024-11-07T14:15;57;kWh;0;26258;0;0;26258;26258
2024-11-07T14:15;2024-11-07T14:30;58;kWh;0;43232;0;0;43232;43232
2024-11-07T14:30;2024-11-07T14:45;59;kWh;0;45829;0;0;45829;45829
2024-11-07T14:45;2024-11-07T15:00;60;kWh;0;32126;0;0;32126;32126
2024-11-07T15:00;2024-11-07T15:15;61;kWh;0;18940;0;0;18940;18940
2024-11-07T15:15;2024-11-07T15:30;62;kWh;0;50713;0;0;50713;50713
2024-11-07T15:30;2024-11-07T15:45;63;kWh;0;56367;0;0;56367;56367
2024-11-07T15:45;2024-11-07T16:00;64;kWh;0;53271;0;0;53271;53271
2024-11-07T16:00;2024-11-07T16:15;65;kWh;0;11193;0;0;11193;11193
2024-11-07T16:15;2024-11-07T16:30;66;kWh;0;14607;0;0;14607;14607
2024-11-07T16:30;2024-11-07T16:45;67;kWh;0;3975;0;0;3975;3975
2024-11-07T16:45;2024-11-07T17:00;68;kWh;0;6101;0;0;6101;6101
2024-11-07T17:00;2024-11-07T17:15;69;kWh;0;49424;0;0;49424;49424
2024-11-07T17:15;2024-11-07T17:30;70;kWh;0;80424;0;0;80424;80424
2024-11-07T17:30;2024-11-07T17:45;71;kWh;0;60839;0;0;60839;60839
2024-11-07T17:45;2024-11-07T18:00;72;kWh;0;56908;0;0;56908;56908
2024-11-07T18:00;2024-11-07T18:15;73;kWh;0;63647;0;0;63647;63647
2024-11-07T18:15;2024-11-07T18:30;74;kWh;0;64435;0;0;64435;64435
2024-11-07T18:30;2024-11-07T18:45;75;kWh;0;9062;0;0;9062;9062
2024-11-07T18:45;2024-11-07T19:00;76;kWh;0;24550;0;0;24550;24550
2024-11-07T19:00;2024-11-07T19:15;77;kWh;0;55623;0;0;55623;55623
2024-11-07T19:15;2024-11-07T19:30;78;kWh;0;77005;0;0;77005;77005
2024-11-07T19:30;2024-11-07T19:45;79;kWh;0;65268;0;0;65268;65268
2024-11-07T19:45;2024-11-07T20:00;80;kWh;0;32485;0;0;32485;32485
2024-11-07T20:00;2024-11-07T20:15;81;kWh;0;41802;0;0;41802;41802
2024-11-07T20:15;2024-11-07T20:30;82;kWh;0;32684;0;0;32684;32684
2024-11-07T20:30;2024-11-07T20:45;83;kWh;0;24308;0;0;24308;24308
2024-11-07T20:45;2024-11-07T21:00;84;kWh;0;4054;0;0;4054;4054
2024-11-07T21:00;2024-11-07T21:15;85;kWh;0;36715;0;0;36715;36715
2024-11-07T21:15;2024-11-07T21:30;86;kWh;-366;7214;0;0;7580;6848
2024-11-07T21:30;2024-11-07T21:45;87;kWh;-1606;0;0;0;1606;-1606
2024-11-07T21:45;2024-11-07T22:00;88;kWh;-10377;0;0;0;10377;-10377
2024-11-07T22:00;2024-11-07T22:15;89;kWh;-767;19698;0;0;20465;18931
2024-11-07T22:15;2024-11-07T22:30;90;kWh;0;1722;0;0;1722;1722
2024-11-07T22:30;2024-11-07T22:45;91;kWh;0;17452;0;0;17452;17452
2024-11-07T22:45;2024-11-07T23:00;92;kWh;-958;0;0;0;958;-958
2024-11-07T23:00;2024-11-07T23:15;93;kWh;-621;30706;0;0;31327;30085
2024-11-07T23:15;2024-11-07T23:30;94;kWh;0;11751;0;0;11751;11751
2024-11-07T23:30;2024-11-07T23:45;95;kWh;-408;7962;0;0;8370;7554
2024-11-07T23:45;2024-11-08T00:00;96;kWh;-10194;0;0;0;10194;-10194
2024-11-08T00:00;2024-11-08T00:15;1;kWh;-5823;1538;0;0;7361;-4285
2024-11-08T00:15;2024-11-08T00:30;2;kWh;0;1101;0;0;1101;1101
2024-11-08T00:30;2024-11-08T00:45;3;kWh;0;0;0;0;0;0
2024-11-08T00:45;2024-11-08T01:00;4;kWh;0;14;0;0;14;14
2024-11-08T01:00;2024-11-08T01:15;5;kWh;0;48168;0;0;48168;48168
2024-11-08T01:15;2024-11-08T01:30;6;kWh;0;27701;0;0;27701;27701
2024-11-08T01:30;2024-11-08T01:45;7;kWh;0;17496;0;0;17496;17496
2024-11-08T01:45;2024-11-08T02:00;8;kWh;0;486;0;0;486;486
2024-11-08T02:00;2024-11-08T02:15;9;kWh;0;13431;0;0;13431;13431
2024-11-08T02:15;2024-11-08T02:30;10;kWh;0;20391;0;0;20391;20391
2024-11-08T02:30;2024-11-08T02:45;11;kWh;0;5970;0;0;5970;5970
2024-11-08T02:45;2024-11-08T03:00;12;kWh;0;4618;0;0;4618;4618
2024-11-08T03:00;2024-11-08T03:15;13;kWh;0;35135;0;0;35135;35135
2024-11-08T03:15;2024-11-08T03:30;14;kWh;0;9655;0;0;9655;9655
2024-11-08T03:30;2024-11-08T03:45;15;kWh;0;9936;0;0;9936;9936
2024-11-08T03:45;2024-11-08T04:00;16;kWh;0;5413;0;0;5413;5413
2024-11-08T04:00;2024-11-08T04:15;17;kWh;0;8744;0;0;8744;8744
2024-11-08T04:15;2024-11-08T04:30;18;kWh;0;12166;0;0;12166;12166
2024-11-08T04:30;2024-11-08T04:45;19;kWh;0;35985;0;0;35985;35985
2024-11-08T04:45;2024-11-08T05:00;20;kWh;0;39759;0;0;39759;39759
2024-11-08T05:00;2024-11-08T05:15;21;kWh;-18;4415;0;0;4433;4397
2024-11-08T05:15;2024-11-08T05:30;22;kWh;0;7428;0;0;7428;7428
2024-11-08T05:30;2024-11-08T05:45;23;kWh;0;4442;0;0;4442;4442
2024-11-08T05:45;2024-11-08T06:00;24;kWh;0;4856;0;0;4856;4856
2024-11-08T06:00;2024-11-08T06:15;25;kWh;-4480;1094;0;0;5574;-3386
2024-11-08T06:15;2024-11-08T06:30;26;kWh;0;12266;0;0;12266;12266
2024-11-08T06:30;2024-11-08T06:45;27;kWh;0;22075;0;0;22075;22075
2024-11-08T06:45;2024-11-08T07:00;28;kWh;0;75954;0;0;75954;75954
2024-11-08T07:00;2024-11-08T07:15;29;kWh;-1;29351;0;0;29352;29350
2024-11-08T07:15;2024-11-08T07:30;30;kWh;0;23357;0;0;23357;23357
2024-11-08T07:30;2024-11-08T07:45;31;kWh;0;53757;0;0;53757;53757
2024-11-08T07:45;2024-11-08T08:00;32;kWh;0;80766;0;0;80766;80766
2024-11-08T08:00;2024-11-08T08:15;33;kWh;0;41677;0;0;41677;41677
2024-11-08T08:15;2024-11-08T08:30;34;kWh;0;64197;0;0;64197;64197
2024-11-08T08:30;2024-11-08T08:45;35;kWh;0;65820;0;0;65820;65820
2024-11-08T08:45;2024-11-08T09:00;36;kWh;0;85939;0;0;85939;85939
2024-11-08T09:00;2024-11-08T09:15;37;kWh;0;107422;0;0;107422;107422
2024-11-08T09:15;2024-11-08T09:30;38;kWh;0;86614;0;0;86614;86614
2024-11-08T09:30;2024-11-08T09:45;39;kWh;0;77066;0;0;77066;77066
2024-11-08T09:45;2024-11-08T10:00;40;kWh;0;93278;0;0;93278;93278
2024-11-08T10:00;2024-11-08T10:15;41;kWh;0;126842;0;148031;274873;274873
2024-11-08T10:15;2024-11-08T10:30;42;kWh;0;127018;0;235108;362126;362126
2024-11-08T10:30;2024-11-08T10:45;43;kWh;0;135085;0;235227;370312;370312
2024-11-08T10:45;2024-11-08T11:00;44;kWh;0;135280;0;235227;370507;370507
2024-11-08T11:00;2024-11-08T11:15;45;kWh;0;114835;0;235227;350062;350062
2024-11-08T11:15;2024-11-08T11:30;46;kWh;0;125873;0;233806;359679;359679
2024-11-08T11:30;2024-11-08T11:45;47;kWh;0;131871;0;230964;362835;362835
2024-11-08T11:45;2024-11-08T12:00;48;kWh;0;128022;0;230964;358986;358986
2024-11-08T12:00;2024-11-08T12:15;49;kWh;0;106544;0;230964;337508;337508
2024-11-08T12:15;2024-11-08T12:30;50;kWh;0;108701;0;230964;339665;339665
2024-11-08T12:30;2024-11-08T12:45;51;kWh;0;97051;0;230964;328015;328015
2024-11-08T12:45;2024-11-08T13:00;52;kWh;0;48845;0;230964;279809;279809
2024-11-08T13:00;2024-11-08T13:15;53;kWh;0;55482;0;142304;197786;197786
2024-11-08T13:15;2024-11-08T13:30;54;kWh;0;87182;0;80568;167750;167750
2024-11-08T13:30;2024-11-08T13:45;55;kWh;0;87316;0;80568;167884;167884
2024-11-08T13:45;2024-11-08T14:00;56;kWh;0;76731;0;80568;157299;157299
2024-11-08T14:00;2024-11-08T14:15;57;kWh;-2922;13644;0;76211;92777;86933
2024-11-08T14:15;2024-11-08T14:30;58;kWh;0;25345;0;22499;47844;47844
2024-11-08T14:30;2024-11-08T14:45;59;kWh;0;29096;0;0;29096;29096
2024-11-08T14:45;2024-11-08T15:00;60;kWh;0;16986;0;0;16986;16986
2024-11-08T15:00;2024-11-08T15:15;61;kWh;0;14;0;0;14;14
2024-11-08T15:15;2024-11-08T15:30;62;kWh;0;3002;0;0;3002;3002
2024-11-08T15:30;2024-11-08T15:45;63;kWh;0;42143;0;0;42143;42143
2024-11-08T15:45;2024-11-08T16:00;64;kWh;0;17404;0;0;17404;17404
2024-11-08T16:00;2024-11-08T16:15;65;kWh;0;33640;0;0;33640;33640
2024-11-08T16:15;2024-11-08T16:30;66;kWh;0;36603;0;0;36603;36603
2024-11-08T16:30;2024-11-08T16:45;67;kWh;0;8828;0;0;8828;8828
2024-11-08T16:45;2024-11-08T17:00;68;kWh;0;22068;0;0;22068;22068
2024-11-08T17:00;2024-11-08T17:15;69;kWh;-464;5750;0;0;6214;5286
2024-11-08T17:15;2024-11-08T17:30;70;kWh;0;20409;0;0;20409;20409
2024-11-08T17:30;2024-11-08T17:45;71;kWh;-2853;6815;0;0;9668;3962
2024-11-08T17:45;2024-11-08T18:00;72;kWh;-16967;0;0;0;16967;-16967
2024-11-08T18:00;2024-11-08T18:15;73;kWh;-563;625;0;0;1188;62
2024-11-08T18:15;2024-11-08T18:30;74;kWh;0;812;0;0;812;812
2024-11-08T18:30;2024-11-08T18:45;75;kWh;0;561;0;0;561;561
2024-11-08T18:45;2024-11-08T19:00;76;kWh;0;412;0;0;412;412
2024-11-08T19:00;2024-11-08T19:15;77;kWh;0;50821;0;0;50821;50821
2024-11-08T19:15;2024-11-08T19:30;78;kWh;0;20611;0;0;20611;20611
2024-11-08T19:30;2024-11-08T19:45;79;kWh;0;13014;0;0;13014;13014
2024-11-08T19:45;2024-11-08T20:00;80;kWh;0;20916;0;0;20916;20916
2024-11-08T20:00;2024-11-08T20:15;81;kWh;0;42706;0;0;42706;42706
2024-11-08T20:15;2024-11-08T20:30;82;kWh;0;45999;0;0;45999;45999
2024-11-08T20:30;2024-11-08T20:45;83;kWh;0;10145;0;0;10145;10145
2024-11-08T20:45;2024-11-08T21:00;84;kWh;0;678;0;0;678;678
2024-11-08T21:00;2024-11-08T21:15;85;kWh;0;35848;0;0;35848;35848
2024-11-08T21:15;2024-11-08T21:30;86;kWh;0;38179;0;0;38179;38179
2024-11-08T21:30;2024-11-08T21:45;87;kWh;0;29951;0;0;29951;29951
2024-11-08T21:45;2024-11-08T22:00;88;kWh;0;13928;0;0;13928;13928
2024-11-08T22:00;2024-11-08T22:15;89;kWh;0;13059;0;0;13059;13059
2024-11-08T22:15;2024-11-08T22:30;90;kWh;0;2755;0;0;2755;2755
2024-11-08T22:30;2024-11-08T22:45;91;kWh;-381;5637;0;0;6018;5256
2024-11-08T22:45;2024-11-08T23:00;92;kWh;-1211;0;0;0;1211;-1211
2024-11-08T23:00;2024-11-08T23:15;93;kWh;-280;8913;0;0;9193;8633
2024-11-08T23:15;2024-11-08T23:30;94;kWh;-27;63;0;0;90;36
2024-11-08T23:30;2024-11-08T23:45;95;kWh;-239;19630;0;0;19869;19391
2024-11-08T23:45;2024-11-09T00:00;96;kWh;-3809;6693;0;0;10502;2884
2024-11-09T00:00;2024-11-09T00:15;1;kWh;-3493;25859;0;0;29352;22366
2024-11-09T00:15;2024-11-09T00:30;2;kWh;0;53454;0;0;53454;53454
2024-11-09T00:30;2024-11-09T00:45;3;kWh;0;74050;0;0;74050;74050
2024-11-09T00:45;2024-11-09T01:00;4;kWh;0;48592;0;0;48592;48592
2024-11-09T01:00;2024-11-09T01:15;5;kWh;-41;2398;0;0;2439;2357
2024-11-09T01:15;2024-11-09T01:30;6;kWh;0;23910;0;0;23910;23910
2024-11-09T01:30;2024-11-09T01:45;7;kWh;0;10968;0;0;10968;10968
2024-11-09T01:45;2024-11-09T02:00;8;kWh;0;1222;0;0;1222;1222
2024-11-09T02:00;2024-11-09T02:15;9;kWh;0;34833;0;0;34833;34833
2024-11-09T02:15;2024-11-09T02:30;10;kWh;0;36814;0;0;36814;36814
2024-11-09T02:30;2024-11-09T02:45;11;kWh;0;5541;0;0;5541;5541
2024-11-09T02:45;2024-11-09T03:00;12;kWh;0;13775;0;0;13775;13775
2024-11-09T03:00;2024-11-09T03:15;13;kWh;0;30098;0;0;30098;30098
2024-11-09T03:15;2024-11-09T03:30;14;kWh;0;24513;0;0;24513;24513
2024-11-09T03:30;2024-11-09T03:45;15;kWh;0;20669;0;0;20669;20669
2024-11-09T03:45;2024-11-09T04:00;16;kWh;0;5819;0;0;5819;5819
2024-11-09T04:00;2024-11-09T04:15;17;kWh;0;4719;0;0;4719;4719
2024-11-09T04:15;2024-11-09T04:30;18;kWh;0;11557;0;0;11557;11557
2024-11-09T04:30;2024-11-09T04:45;19;kWh;0;4443;0;0;4443;4443
2024-11-09T04:45;2024-11-09T05:00;20;kWh;0;4092;0;0;4092;4092
2024-11-09T05:00;2024-11-09T05:15;21;kWh;-137;9382;0;0;9519;9245
2024-11-09T05:15;2024-11-09T05:30;22;kWh;0;22553;0;0;22553;22553
2024-11-09T05:30;2024-11-09T05:45;23;kWh;0;5682;0;0;5682;5682
2024-11-09T05:45;2024-11-09T06:00;24;kWh;0;2680;0;0;2680;2680
2024-11-09T06:00;2024-11-09T06:15;25;kWh;-2304;154;0;0;2458;-2150
2024-11-09T06:15;2024-11-09T06:30;26;kWh;-229;3308;0;0;3537;3079
2024-11-09T06:30;2024-11-09T06:45;27;kWh;0;15335;0;0;15335;15335
2024-11-09T06:45;2024-11-09T07:00;28;kWh;0;17506;0;0;17506;17506
2024-11-09T07:00;2024-11-09T07:15;29;kWh;0;10577;0;0;10577;10577
2024-11-09T07:15;2024-11-09T07:30;30;kWh;0;54534;0;0;54534;54534
2024-11-09T07:30;2024-11-09T07:45;31;kWh;0;33494;0;0;33494;33494
2024-11-09T07:45;2024-11-09T08:00;32;kWh;0;17346;0;0;17346;17346
2024-11-09T08:00;2024-11-09T08:15;33;kWh;0;14653;0;0;14653;14653
2024-11-09T08:15;2024-11-09T08:30;34;kWh;0;18761;0;0;18761;18761
2024-11-09T08:30;2024-11-09T08:45;35;kWh;0;15003;0;0;15003;15003
2024-11-09T08:45;2024-11-09T09:00;36;kWh;0;41615;0;0;41615;41615
2024-11-09T09:00;2024-11-09T09:15;37;kWh;0;8153;0;0;8153;8153
2024-11-09T09:15;2024-11-09T09:30;38;kWh;0;4182;0;0;4182;4182
2024-11-09T09:30;2024-11-09T09:45;39;kWh;0;35545;0;0;35545;35545
2024-11-09T09:45;2024-11-09T10:00;40;kWh;0;29302;0;0;29302;29302
2024-11-09T10:00;2024-11-09T10:15;41;kWh;0;50797;0;0;50797;50797
2024-11-09T10:15;2024-11-09T10:30;42;kWh;0;60719;0;0;60719;60719
2024-11-09T10:30;2024-11-09T10:45;43;kWh;0;67903;0;0;67903;67903
2024-11-09T10:45;2024-11-09T11:00;44;kWh;0;55186;0;0;55186;55186
2024-11-09T11:00;2024-11-09T11:15;45;kWh;0;39498;0;0;39498;39498
2024-11-09T11:15;2024-11-09T11:30;46;kWh;0;32814;0;0;32814;32814
2024-11-09T11:30;2024-11-09T11:45;47;kWh;0;57869;0;0;57869;57869
2024-11-09T11:45;2024-11-09T12:00;48;kWh;0;35787;0;0;35787;35787
2024-11-09T12:00;2024-11-09T12:15;49;kWh;0;6533;0;0;6533;6533
2024-11-09T12:15;2024-11-09T12:30;50;kWh;0;43389;0;0;43389;43389
2024-11-09T12:30;2024-11-09T12:45;51;kWh;0;32790;0;0;32790;32790
2024-11-09T12:45;2024-11-09T13:00;52;kWh;0;42057;0;0;42057;42057
2024-11-09T13:00;2024-11-09T13:15;53;kWh;0;5078;0;0;5078;5078
2024-11-09T13:15;2024-11-09T13:30;54;kWh;0;56008;0;0;56008;56008
2024-11-09T13:30;2024-11-09T13:45;55;kWh;0;47654;0;0;47654;47654
2024-11-09T13:45;2024-11-09T14:00;56;kWh;0;55310;0;0;55310;55310
2024-11-09T14:00;2024-11-09T14:15;57;kWh;0;9530;0;0;9530;9530
2024-11-09T14:15;2024-11-09T14:30;58;kWh;0;3961;0;0;3961;3961
2024-11-09T14:30;2024-11-09T14:45;59;kWh;-812;462;0;0;1274;-350
2024-11-09T14:45;2024-11-09T15:00;60;kWh;-4144;443;0;0;4587;-3701
2024-11-09T15:00;2024-11-09T15:15;61;kWh;0;13162;0;0;13162;13162
2024-11-09T15:15;2024-11-09T15:30;62;kWh;0;11676;0;0;11676;11676
2024-11-09T15:30;2024-11-09T15:45;63;kWh;0;21302;0;0;21302;21302
2024-11-09T15:45;2024-11-09T16:00;64;kWh;0;36070;0;0;36070;36070
2024-11-09T16:00;2024-11-09T16:15;65;kWh;0;55388;0;0;55388;55388
2024-11-09T16:15;2024-11-09T16:30;66;kWh;0;54125;0;0;54125;54125
2024-11-09T16:30;2024-11-09T16:45;67;kWh;0;44047;0;0;44047;44047
2024-11-09T16:45;2024-11-09T17:00;68;kWh;0;37599;0;0;37599;37599
2024-11-09T17:00;2024-11-09T17:15;69;kWh;0;9370;0;0;9370;9370
2024-11-09T17:15;2024-11-09T17:30;70;kWh;0;10075;0;0;10075;10075
2024-11-09T17:30;2024-11-09T17:45;71;kWh;0;5343;0;0;5343;5343
2024-11-09T17:45;2024-11-09T18:00;72;kWh;0;4116;0;0;4116;4116
2024-11-09T18:00;2024-11-09T18:15;73;kWh;0;5089;0;0;5089;5089
2024-11-09T18:15;2024-11-09T18:30;74;kWh;0;4254;0;0;4254;4254
2024-11-09T18:30;2024-11-09T18:45;75;kWh;-63;1383;0;0;1446;1320
2024-11-09T18:45;2024-11-09T19:00;76;kWh;-1755;0;0;0;1755;-1755
2024-11-09T19:00;2024-11-09T19:15;77;kWh;-944;715;0;0;1659;-229
2024-11-09T19:15;2024-11-09T19:30;78;kWh;0;2933;0;0;2933;2933
2024-11-09T19:30;2024-11-09T19:45;79;kWh;-7427;25;0;0;7452;-7402
2024-11-09T19:45;2024-11-09T20:00;80;kWh;-23544;0;0;0;23544;-23544
2024-11-09T20:00;2024-11-09T20:15;81;kWh;-1352;3526;0;0;4878;2174
2024-11-09T20:15;2024-11-09T20:30;82;kWh;0;32556;0;0;32556;32556
2024-11-09T20:30;2024-11-09T20:45;83;kWh;0;28760;0;0;28760;28760
2024-11-09T20:45;2024-11-09T21:00;84;kWh;0;4571;0;0;4571;4571
2024-11-09T21:00;2024-11-09T21:15;85;kWh;0;34156;0;0;34156;34156
2024-11-09T21:15;2024-11-09T21:30;86;kWh;0;45854;0;0;45854;45854
2024-11-09T21:30;2024-11-09T21:45;87;kWh;0;18524;0;0;18524;18524
2024-11-09T21:45;2024-11-09T22:00;88;kWh;-23;440;0;0;463;417
2024-11-09T22:00;2024-11-09T22:15;89;kWh;-344;7066;0;0;7410;6722
2024-11-09T22:15;2024-11-09T22:30;90;kWh;-1923;708;0;0;2631;-1215
2024-11-09T22:30;2024-11-09T22:45;91;kWh;-2217;993;0;0;3210;-1224
2024-11-09T22:45;2024-11-09T23:00;92;kWh;0;17199;0;0;17199;17199
2024-11-09T23:00;2024-11-09T23:15;93;kWh;0;6375;0;0;6375;6375
2024-11-09T23:15;2024-11-09T23:30;94;kWh;0;37694;0;0;37694;37694
2024-11-09T23:30;2024-11-09T23:45;95;kWh;0;50679;0;0;50679;50679
2024-11-09T23:45;2024-11-10T00:00;96;kWh;0;3292;0;0;3292;3292
2024-11-10T00:00;2024-11-10T00:15;1;kWh;0;7700;0;0;7700;7700
2024-11-10T00:15;2024-11-10T00:30;2;kWh;0;17457;0;0;17457;17457
2024-11-10T00:30;2024-11-10T00:45;3;kWh;-537;4403;0;0;4940;3866
2024-11-10T00:45;2024-11-10T01:00;4;kWh;-3145;0;0;0;3145;-3145
2024-11-10T01:00;2024-11-10T01:15;5;kWh;-972;2085;0;0;3057;1113
2024-11-10T01:15;2024-11-10T01:30;6;kWh;0;2073;0;0;2073;2073
2024-11-10T01:30;2024-11-10T01:45;7;kWh;0;4637;0;0;4637;4637
2024-11-10T01:45;2024-11-10T02:00;8;kWh;-1891;0;0;0;1891;-1891
2024-11-10T02:00;2024-11-10T02:15;9;kWh;-387;2906;0;0;3293;2519
2024-11-10T02:15;2024-11-10T02:30;10;kWh;-1496;77;0;0;1573;-1419
2024-11-10T02:30;2024-11-10T02:45;11;kWh;-1643;0;0;0;1643;-1643
2024-11-10T02:45;2024-11-10T03:00;12;kWh;-5424;0;0;0;5424;-5424
2024-11-10T03:00;2024-11-10T03:15;13;kWh;-549;1576;0;0;2125;1027
2024-11-10T03:15;2024-11-10T03:30;14;kWh;-1083;930;0;0;2013;-153
2024-11-10T03:30;2024-11-10T03:45;15;kWh;0;1159;0;0;1159;1159
2024-11-10T03:45;2024-11-10T04:00;16;kWh;0;18195;0;0;18195;18195
2024-11-10T04:00;2024-11-10T04:15;17;kWh;0;11636;0;0;11636;11636
2024-11-10T04:15;2024-11-10T04:30;18;kWh;-4316;0;0;0;4316;-4316
2024-11-10T04:30;2024-11-10T04:45;19;kWh;-9491;0;0;0;9491;-9491
2024-11-10T04:45;2024-11-10T05:00;20;kWh;-844;0;0;0;844;-844
2024-11-10T05:00;2024-11-10T05:15;21;kWh;0;1176;0;0;1176;1176
2024-11-10T05:15;2024-11-10T05:30;22;kWh;0;7181;0;0;7181;7181
2024-11-10T05:30;2024-11-10T05:45;23;kWh;0;7616;0;0;7616;7616
2024-11-10T05:45;2024-11-10T06:00;24;kWh;0;20109;0;0;20109;20109
2024-11-10T06:00;2024-11-10T06:15;25;kWh;-7261;3909;0;0;11170;-3352
2024-11-10T06:15;2024-11-10T06:30;26;kWh;-114;0;0;0;114;-114
2024-11-10T06:30;2024-11-10T06:45;27;kWh;-17669;0;0;0;17669;-17669
2024-11-10T06:45;2024-11-10T07:00;28;kWh;-15827;0;0;0;15827;-15827
2024-11-10T07:00;2024-11-10T07:15;29;kWh;-6406;117;0;0;6523;-6289
2024-11-10T07:15;2024-11-10T07:30;30;kWh;-1088;109;0;0;1197;-979
2024-11-10T07:30;2024-11-10T07:45;31;kWh;0;3114;0;0;3114;3114
2024-11-10T07:45;2024-11-10T08:00;32;kWh;0;1303;0;0;1303;1303
2024-11-10T08:00;2024-11-10T08:15;33;kWh;0;854;0;0;854;854
2024-11-10T08:15;2024-11-10T08:30;34;kWh;0;3627;0;0;3627;3627
2024-11-10T08:30;2024-11-10T08:45;35;kWh;0;3725;0;0;3725;3725
2024-11-10T08:45;2024-11-10T09:00;36;kWh;0;3209;0;0;3209;3209
2024-11-10T09:00;2024-11-10T09:15;37;kWh;-7258;122;0;0;7380;-7136
2024-11-10T09:15;2024-11-10T09:30;38;kWh;-2126;0;0;0;2126;-2126
2024-11-10T09:30;2024-11-10T09:45;39;kWh;-2454;0;0;0;2454;-2454
2024-11-10T09:45;2024-11-10T10:00;40;kWh;-4;2706;0;0;2710;2702
2024-11-10T10:00;2024-11-10T10:15;41;kWh;-5273;132;0;0;5405;-5141
2024-11-10T10:15;2024-11-10T10:30;42;kWh;-1092;0;0;0;1092;-1092
2024-11-10T10:30;2024-11-10T10:45;43;kWh;-4325;0;0;0;4325;-4325
2024-11-10T10:45;2024-11-10T11:00;44;kWh;-1303;0;0;0;1303;-1303
2024-11-10T11:00;2024-11-10T11:15;45;kWh;0;29183;0;0;29183;29183
2024-11-10T11:15;2024-11-10T11:30;46;kWh;0;33725;0;0;33725;33725
2024-11-10T11:30;2024-11-10T11:45;47;kWh;0;1973;0;0;1973;1973
2024-11-10T11:45;2024-11-10T12:00;48;kWh;0;8131;0;0;8131;8131
2024-11-10T12:00;2024-11-10T12:15;49;kWh;0;34968;0;0;34968;34968
2024-11-10T12:15;2024-11-10T12:30;50;kWh;0;46771;0;0;46771;46771
2024-11-10T12:30;2024-11-10T12:45;51;kWh;0;63671;0;0;63671;63671
2024-11-10T12:45;2024-11-10T13:00;52;kWh;0;58650;0;0;58650;58650
2024-11-10T13:00;2024-11-10T13:15;53;kWh;0;40350;0;0;40350;40350
2024-11-10T13:15;2024-11-10T13:30;54;kWh;0;41335;0;0;41335;41335
2024-11-10T13:30;2024-11-10T13:45;55;kWh;0;22165;0;0;22165;22165
2024-11-10T13:45;2024-11-10T14:00;56;kWh;0;5020;0;0;5020;5020
2024-11-10T14:00;2024-11-10T14:15;57;kWh;-21370;170;0;0;21540;-21200
2024-11-10T14:15;2024-11-10T14:30;58;kWh;-8935;916;0;0;9851;-8019
2024-11-10T14:30;2024-11-10T14:45;59;kWh;-28757;26;0;0;28783;-28731
2024-11-10T14:45;2024-11-10T15:00;60;kWh;-38316;0;0;0;38316;-38316
2024-11-10T15:00;2024-11-10T15:15;61;kWh;-24062;0;0;0;24062;-24062
2024-11-10T15:15;2024-11-10T15:30;62;kWh;-38742;0;0;0;38742;-38742
2024-11-10T15:30;2024-11-10T15:45;63;kWh;-22146;0;0;0;22146;-22146
2024-11-10T15:45;2024-11-10T16:00;64;kWh;-1452;5761;0;0;7213;4309
2024-11-10T16:00;2024-11-10T16:15;65;kWh;-7798;40525;0;0;48323;32727
2024-11-10T16:15;2024-11-10T16:30;66;kWh;-17105;1792;0;0;18897;-15313
2024-11-10T16:30;2024-11-10T16:45;67;kWh;-11508;1724;0;0;13232;-9784
2024-11-10T16:45;2024-11-10T17:00;68;kWh;0;16984;0;0;16984;16984
2024-11-10T17:00;2024-11-10T17:15;69;kWh;-145;9759;0;0;9904;9614
2024-11-10T17:15;2024-11-10T17:30;70;kWh;0;38889;0;0;38889;38889
2024-11-10T17:30;2024-11-10T17:45;71;kWh;0;51308;0;0;51308;51308
2024-11-10T17:45;2024-11-10T18:00;72;kWh;0;57305;0;0;57305;57305
2024-11-10T18:00;2024-11-10T18:15;73;kWh;0;68795;0;0;68795;68795
2024-11-10T18:15;2024-11-10T18:30;74;kWh;0;37192;0;0;37192;37192
2024-11-10T18:30;2024-11-10T18:45;75;kWh;0;14047;0;0;14047;14047
2024-11-10T18:45;2024-11-10T19:00;76;kWh;-6912;2363;0;0;9275;-4549
2024-11-10T19:00;2024-11-10T19:15;77;kWh;-10174;0;0;0;10174;-10174
2024-11-10T19:15;2024-11-10T19:30;78;kWh;-15688;0;0;0;15688;-15688
2024-11-10T19:30;2024-11-10T19:45;79;kWh;-22328;0;0;0;22328;-22328
2024-11-10T19:45;2024-11-10T20:00;80;kWh;-36189;0;0;0;36189;-36189
2024-11-10T20:00;2024-11-10T20:15;81;kWh;-14801;3254;0;0;18055;-11547
2024-11-10T20:15;2024-11-10T20:30;82;kWh;-16709;0;0;0;16709;-16709
2024-11-10T20:30;2024-11-10T20:45;83;kWh;-7969;0;0;0;7969;-7969
2024-11-10T20:45;2024-11-10T21:00;84;kWh;-3233;74;0;0;3307;-3159
2024-11-10T21:00;2024-11-10T21:15;85;kWh;-1582;10521;0;0;12103;8939
2024-11-10T21:15;2024-11-10T21:30;86;kWh;0;25084;0;0;25084;25084
2024-11-10T21:30;2024-11-10T21:45;87;kWh;0;20908;0;0;20908;20908
2024-11-10T21:45;2024-11-10T22:00;88;kWh;-301;11561;0;0;11862;11260
2024-11-10T22:00;2024-11-10T22:15;89;kWh;-16316;59;0;0;16375;-16257
2024-11-10T22:15;2024-11-10T22:30;90;kWh;-24325;0;0;0;24325;-24325
2024-11-10T22:30;2024-11-10T22:45;91;kWh;-28392;0;0;0;28392;-28392
2024-11-10T22:45;2024-11-10T23:00;92;kWh;-1154;17590;0;0;18744;16436
2024-11-10T23:00;2024-11-10T23:15;93;kWh;-52304;16;0;0;52320;-52288
2024-11-10T23:15;2024-11-10T23:30;94;kWh;-34925;0;0;0;34925;-34925
2024-11-10T23:30;2024-11-10T23:45;95;kWh;-36562;0;0;0;36562;-36562
2024-11-10T23:45;2024-11-11T00:00;96;kWh;-34475;0;0;0;34475;-34475
2024-11-11T00:00;2024-11-11T00:15;1;kWh;-48299;0;0;0;48299;-48299
2024-11-11T00:15;2024-11-11T00:30;2;kWh;-12635;0;0;0;12635;-12635
2024-11-11T00:30;2024-11-11T00:45;3;kWh;-9392;106;0;0;9498;-9286
2024-11-11T00:45;2024-11-11T01:00;4;kWh;-28261;0;0;0;28261;-28261
2024-11-11T01:00;2024-11-11T01:15;5;kWh;-22080;657;0;0;22737;-21423
2024-11-11T01:15;2024-11-11T01:30;6;kWh;-4773;0;0;0;4773;-4773
2024-11-11T01:30;2024-11-11T01:45;7;kWh;-15879;0;0;0;15879;-15879
2024-11-11T01:45;2024-11-11T02:00;8;kWh;-58854;0;0;0;58854;-58854
2024-11-11T02:00;2024-11-11T02:15;9;kWh;-10274;38545;0;0;48819;28271
2024-11-11T02:15;2024-11-11T02:30;10;kWh;0;28318;0;0;28318;28318
2024-11-11T02:30;2024-11-11T02:45;11;kWh;0;22392;0;0;22392;22392
2024-11-11T02:45;2024-11-11T03:00;12;kWh;0;9642;0;0;9642;9642
2024-11-11T03:00;2024-11-11T03:15;13;kWh;0;39363;0;0;39363;39363
2024-11-11T03:15;2024-11-11T03:30;14;kWh;0;72064;0;0;72064;72064
2024-11-11T03:30;2024-11-11T03:45;15;kWh;0;84560;0;0;84560;84560
2024-11-11T03:45;2024-11-11T04:00;16;kWh;0;70349;0;0;70349;70349
2024-11-11T04:00;2024-11-11T04:15;17;kWh;0;44796;0;0;44796;44796
2024-11-11T04:15;2024-11-11T04:30;18;kWh;-4;35639;0;0;35643;35635
2024-11-11T04:30;2024-11-11T04:45;19;kWh;-19421;513;0;0;19934;-18908
2024-11-11T04:45;2024-11-11T05:00;20;kWh;-51240;92;0;0;51332;-51148
2024-11-11T05:00;2024-11-11T05:15;21;kWh;-20962;0;0;0;20962;-20962
2024-11-11T05:15;2024-11-11T05:30;22;kWh;-26901;0;0;0;26901;-26901
2024-11-11T05:30;2024-11-11T05:45;23;kWh;-18648;0;0;0;18648;-18648
2024-11-11T05:45;2024-11-11T06:00;24;kWh;-33742;243;0;0;33985;-33499
2024-11-11T06:00;2024-11-11T06:15;25;kWh;-62;64494;0;0;64556;64432
2024-11-11T06:15;2024-11-11T06:30;26;kWh;-112;28275;0;0;28387;28163
2024-11-11T06:30;2024-11-11T06:45;27;kWh;0;60750;0;0;60750;60750
2024-11-11T06:45;2024-11-11T07:00;28;kWh;0;37338;0;0;37338;37338
2024-11-11T07:00;2024-11-11T07:15;29;kWh;-620;20684;0;0;21304;20064
2024-11-11T07:15;2024-11-11T07:30;30;kWh;0;57466;0;0;57466;57466
2024-11-11T07:30;2024-11-11T07:45;31;kWh;0;90155;0;0;90155;90155
2024-11-11T07:45;2024-11-11T08:00;32;kWh;0;47885;0;0;47885;47885
2024-11-11T08:00;2024-11-11T08:15;33;kWh;0;31985;0;0;31985;31985
2024-11-11T08:15;2024-11-11T08:30;34;kWh;0;40271;0;0;40271;40271
2024-11-11T08:30;2024-11-11T08:45;35;kWh;0;42887;0;0;42887;42887
2024-11-11T08:45;2024-11-11T09:00;36;kWh;-404;23096;0;0;23500;22692
2024-11-11T09:00;2024-11-11T09:15;37;kWh;-19475;6238;0;0;25713;-13237
2024-11-11T09:15;2024-11-11T09:30;38;kWh;-65386;0;0;0;65386;-65386
2024-11-11T09:30;2024-11-11T09:45;39;kWh;-67442;0;0;0;67442;-67442
2024-11-11T09:45;2024-11-11T10:00;40;kWh;-60587;1899;0;0;62486;-58688
2024-11-11T10:00;2024-11-11T10:15;41;kWh;-34596;5204;0;0;39800;-29392
2024-11-11T10:15;2024-11-11T10:30;42;kWh;-20452;3082;0;0;23534;-17370
2024-11-11T10:30;2024-11-11T10:45;43;kWh;-54382;0;0;0;54382;-54382
2024-11-11T10:45;2024-11-11T11:00;44;kWh;-39651;0;0;0;39651;-39651
2024-11-11T11:00;2024-11-11T11:15;45;kWh;-12309;17540;0;0;29849;5231
2024-11-11T11:15;2024-11-11T11:30;46;kWh;0;48601;0;0;48601;48601
2024-11-11T11:30;2024-11-11T11:45;47;kWh;-10707;5457;0;0;16164;-5250
2024-11-11T11:45;2024-11-11T12:00;48;kWh;-3747;309;0;0;4056;-3438
2024-11-11T12:00;2024-11-11T12:15;49;kWh;-53195;0;0;0;53195;-53195
2024-11-11T12:15;2024-11-11T12:30;50;kWh;-68196;0;0;0;68196;-68196
2024-11-11T12:30;2024-11-11T12:45;51;kWh;-67681;932;0;0;68613;-66749
2024-11-11T12:45;2024-11-11T13:00;52;kWh;-66462;3501;0;0;69963;-62961
2024-11-11T13:00;2024-11-11T13:15;53;kWh;-83525;594;0;0;84119;-82931
2024-11-11T13:15;2024-11-11T13:30;54;kWh;-2301;23354;0;0;25655;21053
2024-11-11T13:30;2024-11-11T13:45;55;kWh;0;20805;0;0;20805;20805
2024-11-11T13:45;2024-11-11T14:00;56;kWh;-5839;7261;0;0;13100;1422
2024-11-11T14:00;2024-11-11T14:15;57;kWh;-83960;0;0;0;83960;-83960
2024-11-11T14:15;2024-11-11T14:30;58;kWh;-35623;0;0;0;35623;-35623
2024-11-11T14:30;2024-11-11T14:45;59;kWh;-253;27945;0;0;28198;27692
2024-11-11T14:45;2024-11-11T15:00;60;kWh;-78;25948;0;0;26026;25870
2024-11-11T15:00;2024-11-11T15:15;61;kWh;-28685;116;0;0;28801;-28569
2024-11-11T15:15;2024-11-11T15:30;62;kWh;-186;0;0;0;186;-186
2024-11-11T15:30;2024-11-11T15:45;63;kWh;0;21005;0;0;21005;21005
2024-11-11T15:45;2024-11-11T16:00;64;kWh;0;110127;0;0;110127;110127
2024-11-11T16:00;2024-11-11T16:15;65;kWh;-183;54985;0;0;55168;54802
2024-11-11T16:15;2024-11-11T16:30;66;kWh;0;91054;0;0;91054;91054
2024-11-11T16:30;2024-11-11T16:45;67;kWh;0;82682;0;0;82682;82682
2024-11-11T16:45;2024-11-11T17:00;68;kWh;0;70591;0;0;70591;70591
2024-11-11T17:00;2024-11-11T17:15;69;kWh;-19673;20128;0;0;39801;455
2024-11-11T17:15;2024-11-11T17:30;70;kWh;-1044;2482;0;0;3526;1438
2024-11-11T17:30;2024-11-11T17:45;71;kWh;-1268;473;0;0;1741;-795
2024-11-11T17:45;2024-11-11T18:00;72;kWh;-21373;0;0;0;21373;-21373
2024-11-11T18:00;2024-11-11T18:15;73;kWh;-26511;0;0;0;26511;-26511
2024-11-11T18:15;2024-11-11T18:30;74;kWh;-55895;0;0;0;55895;-55895
2024-11-11T18:30;2024-11-11T18:45;75;kWh;-75659;0;0;0;75659;-75659
2024-11-11T18:45;2024-11-11T19:00;76;kWh;-63254;0;0;0;63254;-63254
2024-11-11T19:00;2024-11-11T19:15;77;kWh;-29843;0;0;0;29843;-29843
2024-11-11T19:15;2024-11-11T19:30;78;kWh;-44373;2587;0;0;46960;-41786
2024-11-11T19:30;2024-11-11T19:45;79;kWh;-7935;346;0;0;8281;-7589
2024-11-11T19:45;2024-11-11T20:00;80;kWh;-3524;77;0;0;3601;-3447
2024-11-11T20:00;2024-11-11T20:15;81;kWh;-74;46291;0;0;46365;46217
2024-11-11T20:15;2024-11-11T20:30;82;kWh;0;47013;0;0;47013;47013
2024-11-11T20:30;2024-11-11T20:45;83;kWh;0;52387;0;0;52387;52387
2024-11-11T20:45;2024-11-11T21:00;84;kWh;0;41654;0;0;41654;41654
2024-11-11T21:00;2024-11-11T21:15;85;kWh;-7007;4418;0;0;11425;-2589
2024-11-11T21:15;2024-11-11T21:30;86;kWh;-3769;17130;0;0;20899;13361
2024-11-11T21:30;2024-11-11T21:45;87;kWh;0;40444;0;0;40444;40444
2024-11-11T21:45;2024-11-11T22:00;88;kWh;-775;5135;0;0;5910;4360
2024-11-11T22:00;2024-11-11T22:15;89;kWh;-17605;0;0;0;17605;-17605
2024-11-11T22:15;2024-11-11T22:30;90;kWh;-2761;3256;0;0;6017;495
2024-11-11T22:30;2024-11-11T22:45;91;kWh;0;15447;0;0;15447;15447
2024-11-11T22:45;2024-11-11T23:00;92;kWh;0;27426;0;0;27426;27426
2024-11-11T23:00;2024-11-11T23:15;93;kWh;0;65415;0;0;65415;65415
2024-11-11T23:15;2024-11-11T23:30;94;kWh;0;31665;0;0;31665;31665
2024-11-11T23:30;2024-11-11T23:45;95;kWh;0;16171;0;0;16171;16171
2024-11-11T23:45;2024-11-12T00:00;96;kWh;0;15494;0;0;15494;15494
2024-11-12T00:00;2024-11-12T00:15;1;kWh;0;40981;0;0;40981;40981
2024-11-12T00:15;2024-11-12T00:30;2;kWh;0;54345;0;0;54345;54345
2024-11-12T00:30;2024-11-12T00:45;3;kWh;0;30961;0;0;30961;30961
2024-11-12T00:45;2024-11-12T01:00;4;kWh;0;32472;0;0;32472;32472
2024-11-12T01:00;2024-11-12T01:15;5;kWh;0;29305;0;0;29305;29305
2024-11-12T01:15;2024-11-12T01:30;6;kWh;0;38435;0;0;38435;38435
2024-11-12T01:30;2024-11-12T01:45;7;kWh;0;42041;0;0;42041;42041
2024-11-12T01:45;2024-11-12T02:00;8;kWh;0;30619;0;0;30619;30619
2024-11-12T02:00;2024-11-12T02:15;9;kWh;0;1782;0;0;1782;1782
2024-11-12T02:15;2024-11-12T02:30;10;kWh;-491;0;0;0;491;-491
2024-11-12T02:30;2024-11-12T02:45;11;kWh;0;5711;0;0;5711;5711
2024-11-12T02:45;2024-11-12T03:00;12;kWh;0;11837;0;0;11837;11837
2024-11-12T03:00;2024-11-12T03:15;13;kWh;-4764;2584;0;0;7348;-2180
2024-11-12T03:15;2024-11-12T03:30;14;kWh;-1482;357;0;0;1839;-1125
2024-11-12T03:30;2024-11-12T03:45;15;kWh;-7;13066;0;0;13073;13059
2024-11-12T03:45;2024-11-12T04:00;16;kWh;-2283;433;0;0;2716;-1850
2024-11-12T04:00;2024-11-12T04:15;17;kWh;-24242;0;0;0;24242;-24242
2024-11-12T04:15;2024-11-12T04:30;18;kWh;-31204;0;0;0;31204;-31204
2024-11-12T04:30;2024-11-12T04:45;19;kWh;-32812;0;0;0;32812;-32812
2024-11-12T04:45;2024-11-12T05:00;20;kWh;-18840;0;0;0;18840;-18840
2024-11-12T05:00;2024-11-12T05:15;21;kWh;-35840;0;0;0;35840;-35840
2024-11-12T05:15;2024-11-12T05:30;22;kWh;-56801;146;0;0;56947;-56655
2024-11-12T05:30;2024-11-12T05:45;23;kWh;-15072;1;0;0;15073;-15071
2024-11-12T05:45;2024-11-12T06:00;24;kWh;-47184;0;0;0;47184;-47184
2024-11-12T06:00;2024-11-12T06:15;25;kWh;-49762;0;0;0;49762;-49762
2024-11-12T06:15;2024-11-12T06:30;26;kWh;-15054;123;0;0;15177;-14931
2024-11-12T06:30;2024-11-12T06:45;27;kWh;-194;41839;0;0;42033;41645
2024-11-12T06:45;2024-11-12T07:00;28;kWh;-63;28135;0;0;28198;28072
2024-11-12T07:00;2024-11-12T07:15;29;kWh;-57019;2556;0;0;59575;-54463
2024-11-12T07:15;2024-11-12T07:30;30;kWh;-1743;5457;0;0;7200;3714
2024-11-12T07:30;2024-11-12T07:45;31;kWh;0;14168;0;0;14168;14168
2024-11-12T07:45;2024-11-12T08:00;32;kWh;-16578;2409;0;0;18987;-14169
2024-11-12T08:00;2024-11-12T08:15;33;kWh;-90050;0;0;0;90050;-90050
2024-11-12T08:15;2024-11-12T08:30;34;kWh;-57180;0;0;0;57180;-57180
2024-11-12T08:30;2024-11-12T08:45;35;kWh;-11430;29515;0;0;40945;18085
2024-11-12T08:45;2024-11-12T09:00;36;kWh;-6721;37806;0;0;44527;31085
2024-11-12T09:00;2024-11-12T09:15;37;kWh;-14025;1570;0;0;15595;-12455
2024-11-12T09:15;2024-11-12T09:30;38;kWh;-3062;3100;0;0;6162;38
2024-11-12T09:30;2024-11-12T09:45;39;kWh;-2573;1707;0;0;4280;-866
2024-11-12T09:45;2024-11-12T10:00;40;kWh;-26525;0;0;0;26525;-26525
2024-11-12T10:00;2024-11-12T10:15;41;kWh;-793;13145;0;0;13938;12352
2024-11-12T10:15;2024-11-12T10:30;42;kWh;-111;27469;0;0;27580;27358
2024-11-12T10:30;2024-11-12T10:45;43;kWh;-6571;249;0;0;6820;-6322
2024-11-12T10:45;2024-11-12T11:00;44;kWh;-48773;0;0;0;48773;-48773
2024-11-12T11:00;2024-11-12T11:15;45;kWh;-102386;0;0;0;102386;-102386
2024-11-12T11:15;2024-11-12T11:30;46;kWh;-127239;0;0;0;127239;-127239
2024-11-12T11:30;2024-11-12T11:45;47;kWh;-124523;0;0;0;124523;-124523
2024-11-12T11:45;2024-11-12T12:00;48;kWh;-70623;0;0;0;70623;-70623
2024-11-12T12:00;2024-11-12T12:15;49;kWh;-7066;33040;0;0;40106;25974
2024-11-12T12:15;2024-11-12T12:30;50;kWh;0;57565;0;0;57565;57565
2024-11-12T12:30;2024-11-12T12:45;51;kWh;-818;23444;0;0;24262;22626
2024-11-12T12:45;2024-11-12T13:00;52;kWh;-45;34768;0;0;34813;34723
2024-11-12T13:00;2024-11-12T13:15;53;kWh;0;52797;0;0;52797;52797
2024-11-12T13:15;2024-11-12T13:30;54;kWh;0;73454;0;0;73454;73454
2024-11-12T13:30;2024-11-12T13:45;55;kWh;0;43408;0;0;43408;43408
2024-11-12T13:45;2024-11-12T14:00;56;kWh;-52;29716;0;0;29768;29664
2024-11-12T14:00;2024-11-12T14:15;57;kWh;-52867;438;0;0;53305;-52429
2024-11-12T14:15;2024-11-12T14:30;58;kWh;-3681;0;0;0;3681;-3681
2024-11-12T14:30;2024-11-12T14:45;59;kWh;-26366;0;0;0;26366;-26366
2024-11-12T14:45;2024-11-12T15:00;60;kWh;-3980;185;0;0;4165;-3795
2024-11-12T15:00;2024-11-12T15:15;61;kWh;-96672;0;0;0;96672;-96672
2024-11-12T15:15;2024-11-12T15:30;62;kWh;-37714;0;0;0;37714;-37714
2024-11-12T15:30;2024-11-12T15:45;63;kWh;-37979;0;0;0;37979;-37979
2024-11-12T15:45;2024-11-12T16:00;64;kWh;-5456;414;0;0;5870;-5042
2024-11-12T16:00;2024-11-12T16:15;65;kWh;-11238;108;0;0;11346;-11130
2024-11-12T16:15;2024-11-12T16:30;66;kWh;-6374;1414;0;0;7788;-4960
2024-11-12T16:30;2024-11-12T16:45;67;kWh;0;5295;0;0;5295;5295
2024-11-12T16:45;2024-11-12T17:00;68;kWh;0;34474;0;0;34474;34474
2024-11-12T17:00;2024-11-12T17:15;69;kWh;0;80672;0;0;80672;80672
2024-11-12T17:15;2024-11-12T17:30;70;kWh;0;58837;0;0;58837;58837
2024-11-12T17:30;2024-11-12T17:45;71;kWh;-263;6344;0;0;6607;6081
2024-11-12T17:45;2024-11-12T18:00;72;kWh;-1495;0;0;0;1495;-1495
2024-11-12T18:00;2024-11-12T18:15;73;kWh;-830;3503;0;0;4333;2673
2024-11-12T18:15;2024-11-12T18:30;74;kWh;0;1892;0;0;1892;1892
2024-11-12T18:30;2024-11-12T18:45;75;kWh;0;3054;0;0;3054;3054
2024-11-12T18:45;2024-11-12T19:00;76;kWh;-132;8152;0;0;8284;8020
2024-11-12T19:00;2024-11-12T19:15;77;kWh;-130;34337;0;0;34467;34207
2024-11-12T19:15;2024-11-12T19:30;78;kWh;0;35356;0;0;35356;35356
2024-11-12T19:30;2024-11-12T19:45;79;kWh;-184;8106;0;0;8290;7922
2024-11-12T19:45;2024-11-12T20:00;80;kWh;-165;3994;0;0;4159;3829
2024-11-12T20:00;2024-11-12T20:15;81;kWh;0;48006;0;0;48006;48006
2024-11-12T20:15;2024-11-12T20:30;82;kWh;-14;34050;0;0;34064;34036
2024-11-12T20:30;2024-11-12T20:45;83;kWh;0;40085;0;0;40085;40085
2024-11-12T20:45;2024-11-12T21:00;84;kWh;0;28041;0;0;28041;28041
2024-11-12T21:00;2024-11-12T21:15;85;kWh;0;8305;0;0;8305;8305
2024-11-12T21:15;2024-11-12T21:30;86;kWh;0;27889;0;0;27889;27889
2024-11-12T21:30;2024-11-12T21:45;87;kWh;-36;2659;0;0;2695;2623
2024-11-12T21:45;2024-11-12T22:00;88;kWh;-5886;0;0;0;5886;-5886
2024-11-12T22:00;2024-11-12T22:15;89;kWh;-5365;0;0;0;5365;-5365
2024-11-12T22:15;2024-11-12T22:30;90;kWh;-3227;0;0;0;3227;-3227
2024-11-12T22:30;2024-11-12T22:45;91;kWh;-8925;0;0;0;8925;-8925
2024-11-12T22:45;2024-11-12T23:00;92;kWh;-9150;0;0;0;9150;-9150
2024-11-12T23:00;2024-11-12T23:15;93;kWh;-5225;714;0;0;5939;-4511
2024-11-12T23:15;2024-11-12T23:30;94;kWh;-5041;0;0;0;5041;-5041
2024-11-12T23:30;2024-11-12T23:45;95;kWh;-15641;0;0;0;15641;-15641
2024-11-12T23:45;2024-11-13T00:00;96;kWh;-37495;0;0;0;37495;-37495
2024-11-13T00:00;2024-11-13T00:15;1;kWh;-9427;10899;0;0;20326;1472
2024-11-13T00:15;2024-11-13T00:30;2;kWh;0;11194;0;0;11194;11194
2024-11-13T00:30;2024-11-13T00:45;3;kWh;-368;10338;0;0;10706;9970
2024-11-13T00:45;2024-11-13T01:00;4;kWh;-2421;0;0;0;2421;-2421
2024-11-13T01:00;2024-11-13T01:15;5;kWh;-4631;0;0;0;4631;-4631
2024-11-13T01:15;2024-11-13T01:30;6;kWh;-12043;0;0;0;12043;-12043
2024-11-13T01:30;2024-11-13T01:45;7;kWh;-15936;0;0;0;15936;-15936
2024-11-13T01:45;2024-11-13T02:00;8;kWh;-21311;0;0;0;21311;-21311
2024-11-13T02:00;2024-11-13T02:15;9;kWh;-24469;0;0;0;24469;-24469
2024-11-13T02:15;2024-11-13T02:30;10;kWh;-23864;0;0;0;23864;-23864
2024-11-13T02:30;2024-11-13T02:45;11;kWh;-22259;0;0;0;22259;-22259
2024-11-13T02:45;2024-11-13T03:00;12;kWh;-29681;0;0;0;29681;-29681
2024-11-13T03:00;2024-11-13T03:15;13;kWh;-8496;1176;0;0;9672;-7320
2024-11-13T03:15;2024-11-13T03:30;14;kWh;0;5425;0;0;5425;5425
2024-11-13T03:30;2024-11-13T03:45;15;kWh;0;1749;0;0;1749;1749
2024-11-13T03:45;2024-11-13T04:00;16;kWh;0;5020;0;0;5020;5020
2024-11-13T04:00;2024-11-13T04:15;17;kWh;-1296;313;0;0;1609;-983
2024-11-13T04:15;2024-11-13T04:30;18;kWh;-611;0;0;0;611;-611
2024-11-13T04:30;2024-11-13T04:45;19;kWh;-489;1506;0;0;1995;1017
2024-11-13T04:45;2024-11-13T05:00;20;kWh;0;9495;0;0;9495;9495
2024-11-13T05:00;2024-11-13T05:15;21;kWh;-2767;1736;0;0;4503;-1031
2024-11-13T05:15;2024-11-13T05:30;22;kWh;-350;0;0;0;350;-350
2024-11-13T05:30;2024-11-13T05:45;23;kWh;0;12003;0;0;12003;12003
2024-11-13T05:45;2024-11-13T06:00;24;kWh;-7;9380;0;0;9387;9373
2024-11-13T06:00;2024-11-13T06:15;25;kWh;-6631;7060;0;0;13691;429
2024-11-13T06:15;2024-11-13T06:30;26;kWh;-262;18132;0;0;18394;17870
2024-11-13T06:30;2024-11-13T06:45;27;kWh;0;34089;0;0;34089;34089
2024-11-13T06:45;2024-11-13T07:00;28;kWh;0;65638;0;0;65638;65638
2024-11-13T07:00;2024-11-13T07:15;29;kWh;-5577;10731;0;0;16308;5154
2024-11-13T07:15;2024-11-13T07:30;30;kWh;-19;12579;0;0;12598;12560
2024-11-13T07:30;2024-11-13T07:45;31;kWh;0;23599;0;0;23599;23599
2024-11-13T07:45;2024-11-13T08:00;32;kWh;0;6927;0;0;6927;6927
2024-11-13T08:00;2024-11-13T08:15;33;kWh;-7079;2198;0;0;9277;-4881
2024-11-13T08:15;2024-11-13T08:30;34;kWh;-4940;0;0;0;4940;-4940
2024-11-13T08:30;2024-11-13T08:45;35;kWh;-818;2061;0;0;2879;1243
2024-11-13T08:45;2024-11-13T09:00;36;kWh;0;10718;0;0;10718;10718
2024-11-13T09:00;2024-11-13T09:15;37;kWh;0;5125;0;0;5125;5125
2024-11-13T09:15;2024-11-13T09:30;38;kWh;0;0;0;0;0;0
2024-11-13T09:30;2024-11-13T09:45;39;kWh;0;0;0;0;0;0
2024-11-13T09:45;2024-11-13T10:00;40;kWh;0;4298;0;0;4298;4298
2024-11-13T10:00;2024-11-13T10:15;41;kWh;0;40985;0;0;40985;40985
2024-11-13T10:15;2024-11-13T10:30;42;kWh;0;30629;0;0;30629;30629
2024-11-13T10:30;2024-11-13T10:45;43;kWh;0;36933;0;0;36933;36933
2024-11-13T10:45;2024-11-13T11:00;44;kWh;0;37782;0;0;37782;37782
2024-11-13T11:00;2024-11-13T11:15;45;kWh;0;52894;0;0;52894;52894
2024-11-13T11:15;2024-11-13T11:30;46;kWh;-82;12556;0;0;12638;12474
2024-11-13T11:30;2024-11-13T11:45;47;kWh;0;30297;0;0;30297;30297
2024-11-13T11:45;2024-11-13T12:00;48;kWh;-3928;5552;0;0;9480;1624
2024-11-13T12:00;2024-11-13T12:15;49;kWh;-5579;6170;0;0;11749;591
2024-11-13T12:15;2024-11-13T12:30;50;kWh;-101;15556;0;0;15657;15455
2024-11-13T12:30;2024-11-13T12:45;51;kWh;-7071;4;0;0;7075;-7067
2024-11-13T12:45;2024-11-13T13:00;52;kWh;-17086;0;0;0;17086;-17086
2024-11-13T13:00;2024-11-13T13:15;53;kWh;-7465;0;0;0;7465;-7465
2024-11-13T13:15;2024-11-13T13:30;54;kWh;-2933;0;0;0;2933;-2933
2024-11-13T13:30;2024-11-13T13:45;55;kWh;-14479;0;0;0;14479;-14479
2024-11-13T13:45;2024-11-13T14:00;56;kWh;-11613;0;0;0;11613;-11613
2024-11-13T14:00;2024-11-13T14:15;57;kWh;-15515;0;0;0;15515;-15515
2024-11-13T14:15;2024-11-13T14:30;58;kWh;-2908;0;0;0;2908;-2908
2024-11-13T14:30;2024-11-13T14:45;59;kWh;0;267;0;0;267;267
2024-11-13T14:45;2024-11-13T15:00;60;kWh;0;8227;0;0;8227;8227
2024-11-13T15:00;2024-11-13T15:15;61;kWh;-31766;0;0;0;31766;-31766
2024-11-13T15:15;2024-11-13T15:30;62;kWh;-3171;4425;0;0;7596;1254
2024-11-13T15:30;2024-11-13T15:45;63;kWh;0;13091;0;0;13091;13091
2024-11-13T15:45;2024-11-13T16:00;64;kWh;0;27335;0;0;27335;27335
2024-11-13T16:00;2024-11-13T16:15;65;kWh;-5543;1905;0;0;7448;-3638
2024-11-13T16:15;2024-11-13T16:30;66;kWh;-594;0;0;0;594;-594
2024-11-13T16:30;2024-11-13T16:45;67;kWh;0;9640;0;0;9640;9640
2024-11-13T16:45;2024-11-13T17:00;68;kWh;0;22138;0;0;22138;22138
2024-11-13T17:00;2024-11-13T17:15;69;kWh;0;20603;0;0;20603;20603
2024-11-13T17:15;2024-11-13T17:30;70;kWh;0;7504;0;0;7504;7504
2024-11-13T17:30;2024-11-13T17:45;71;kWh;-13726;15;0;0;13741;-13711
2024-11-13T17:45;2024-11-13T18:00;72;kWh;-44807;13;0;0;44820;-44794
2024-11-13T18:00;2024-11-13T18:15;73;kWh;-1360;32033;0;0;33393;30673
2024-11-13T18:15;2024-11-13T18:30;74;kWh;-856;14527;0;0;15383;13671
2024-11-13T18:30;2024-11-13T18:45;75;kWh;-463;11590;0;0;12053;11127
2024-11-13T18:45;2024-11-13T19:00;76;kWh;-20737;0;0;0;20737;-20737
2024-11-13T19:00;2024-11-13T19:15;77;kWh;-5987;24975;0;0;30962;18988
2024-11-13T19:15;2024-11-13T19:30;78;kWh;0;26143;0;0;26143;26143
2024-11-13T19:30;2024-11-13T19:45;79;kWh;-8616;943;0;0;9559;-7673
2024-11-13T19:45;2024-11-13T20:00;80;kWh;-14730;0;0;0;14730;-14730
2024-11-13T20:00;2024-11-13T20:15;81;kWh;-71;20469;0;0;20540;20398
2024-11-13T20:15;2024-11-13T20:30;82;kWh;-131;31033;0;0;31164;30902
2024-11-13T20:30;2024-11-13T20:45;83;kWh;-234;34167;0;0;34401;33933
2024-11-13T20:45;2024-11-13T21:00;84;kWh;-1909;3392;0;0;5301;1483
2024-11-13T21:00;2024-11-13T21:15;85;kWh;-287;11140;0;0;11427;10853
2024-11-13T21:15;2024-11-13T21:30;86;kWh;-1073;24144;0;0;25217;23071
2024-11-13T21:30;2024-11-13T21:45;87;kWh;-330;0;0;0;330;-330
2024-11-13T21:45;2024-11-13T22:00;88;kWh;-49;1606;0;0;1655;1557
2024-11-13T22:00;2024-11-13T22:15;89;kWh;-4010;208;0;0;4218;-3802
2024-11-13T22:15;2024-11-13T22:30;90;kWh;-10;18690;0;0;18700;18680
2024-11-13T22:30;2024-11-13T22:45;91;kWh;-876;859;0;0;1735;-17
2024-11-13T22:45;2024-11-13T23:00;92;kWh;-662;1690;0;0;2352;1028
2024-11-13T23:00;2024-11-13T23:15;93;kWh;-494;824;0;0;1318;330
2024-11-13T23:15;2024-11-13T23:30;94;kWh;-5646;11830;0;0;17476;6184
2024-11-13T23:30;2024-11-13T23:45;95;kWh;-9668;0;0;0;9668;-9668
2024-11-13T23:45;2024-11-14T00:00;96;kWh;-8556;0;0;0;8556;-8556
2024-11-14T00:00;2024-11-14T00:15;1;kWh;-4842;720;0;0;5562;-4122
2024-11-14T00:15;2024-11-14T00:30;2;kWh;0;40844;0;0;40844;40844
2024-11-14T00:30;2024-11-14T00:45;3;kWh;0;43904;0;0;43904;43904
2024-11-14T00:45;2024-11-14T01:00;4;kWh;0;41131;0;0;41131;41131
2024-11-14T01:00;2024-11-14T01:15;5;kWh;0;26640;0;0;26640;26640
2024-11-14T01:15;2024-11-14T01:30;6;kWh;0;37626;0;0;37626;37626
2024-11-14T01:30;2024-11-14T01:45;7;kWh;0;33082;0;0;33082;33082
2024-11-14T01:45;2024-11-14T02:00;8;kWh;-2;29815;0;0;29817;29813
2024-11-14T02:00;2024-11-14T02:15;9;kWh;-10014;359;0;0;10373;-9655
2024-11-14T02:15;2024-11-14T02:30;10;kWh;-6682;0;0;0;6682;-6682
2024-11-14T02:30;2024-11-14T02:45;11;kWh;-8706;203;0;0;8909;-8503
2024-11-14T02:45;2024-11-14T03:00;12;kWh;-29771;0;0;0;29771;-29771
2024-11-14T03:00;2024-11-14T03:15;13;kWh;-197;0;0;0;197;-197
2024-11-14T03:15;2024-11-14T03:30;14;kWh;-22319;0;0;0;22319;-22319
2024-11-14T03:30;2024-11-14T03:45;15;kWh;-29947;0;0;0;29947;-29947
2024-11-14T03:45;2024-11-14T04:00;16;kWh;-41058;0;0;0;41058;-41058
2024-11-14T04:00;2024-11-14T04:15;17;kWh;-11363;29372;0;0;40735;18009
2024-11-14T04:15;2024-11-14T04:30;18;kWh;-721;10912;0;0;11633;10191
2024-11-14T04:30;2024-11-14T04:45;19;kWh;-1351;1339;0;0;2690;-12
2024-11-14T04:45;2024-11-14T05:00;20;kWh;-1075;454;0;0;1529;-621
2024-11-14T05:00;2024-11-14T05:15;21;kWh;-51198;1;0;0;51199;-51197
2024-11-14T05:15;2024-11-14T05:30;22;kWh;-70359;0;0;0;70359;-70359
2024-11-14T05:30;2024-11-14T05:45;23;kWh;-39768;293;0;0;40061;-39475
2024-11-14T05:45;2024-11-14T06:00;24;kWh;-50745;585;0;0;51330;-50160
2024-11-14T06:00;2024-11-14T06:15;25;kWh;-84410;3;0;0;84413;-84407
2024-11-14T06:15;2024-11-14T06:30;26;kWh;-5028;330;0;0;5358;-4698
2024-11-14T06:30;2024-11-14T06:45;27;kWh;-1377;3;0;0;1380;-1374
2024-11-14T06:45;2024-11-14T07:00;28;kWh;-700;634;0;0;1334;-66
2024-11-14T07:00;2024-11-14T07:15;29;kWh;-63594;0;0;0;63594;-63594
2024-11-14T07:15;2024-11-14T07:30;30;kWh;-56609;0;0;0;56609;-56609
2024-11-14T07:30;2024-11-14T07:45;31;kWh;-44752;0;0;0;44752;-44752
2024-11-14T07:45;2024-11-14T08:00;32;kWh;-10017;0;0;0;10017;-10017
2024-11-14T08:00;2024-11-14T08:15;33;kWh;-6059;0;0;0;6059;-6059
2024-11-14T08:15;2024-11-14T08:30;34;kWh;-3593;0;0;0;3593;-3593
2024-11-14T08:30;2024-11-14T08:45;35;kWh;0;72;0;0;72;72
2024-11-14T08:45;2024-11-14T09:00;36;kWh;0;2889;0;0;2889;2889
2024-11-14T09:00;2024-11-14T09:15;37;kWh;0;1539;0;0;1539;1539
2024-11-14T09:15;2024-11-14T09:30;38;kWh;0;1261;0;0;1261;1261
2024-11-14T09:30;2024-11-14T09:45;39;kWh;-487;16;0;0;503;-471
2024-11-14T09:45;2024-11-14T10:00;40;kWh;-41;0;0;0;41;-41
2024-11-14T10:00;2024-11-14T10:15;41;kWh;0;3988;0;0;3988;3988
2024-11-14T10:15;2024-11-14T10:30;42;kWh;0;6137;0;0;6137;6137
2024-11-14T10:30;2024-11-14T10:45;43;kWh;0;27750;0;0;27750;27750
2024-11-14T10:45;2024-11-14T11:00;44;kWh;-6860;12826;0;0;19686;5966
2024-11-14T11:00;2024-11-14T11:15;45;kWh;-1545;187;0;0;1732;-1358
2024-11-14T11:15;2024-11-14T11:30;46;kWh;0;16525;0;0;16525;16525
2024-11-14T11:30;2024-11-14T11:45;47;kWh;0;4324;0;0;4324;4324
2024-11-14T11:45;2024-11-14T12:00;48;kWh;0;21852;0;0;21852;21852
2024-11-14T12:00;2024-11-14T12:15;49;kWh;-79;21940;0;0;22019;21861
2024-11-14T12:15;2024-11-14T12:30;50;kWh;-2712;6598;0;0;9310;3886
2024-11-14T12:30;2024-11-14T12:45;51;kWh;-28;891;0;0;919;863
2024-11-14T12:45;2024-11-14T13:00;52;kWh;0;7258;0;0;7258;7258
2024-11-14T13:00;2024-11-14T13:15;53;kWh;0;3112;0;0;3112;3112
2024-11-14T13:15;2024-11-14T13:30;54;kWh;0;4578;0;0;4578;4578
2024-11-14T13:30;2024-11-14T13:45;55;kWh;-2224;557;0;0;2781;-1667
2024-11-14T13:45;2024-11-14T14:00;56;kWh;-1386;0;0;0;1386;-1386
2024-11-14T14:00;2024-11-14T14:15;57;kWh;-8283;3852;0;0;12135;-4431
2024-11-14T14:15;2024-11-14T14:30;58;kWh;0;6787;0;0;6787;6787
2024-11-14T14:30;2024-11-14T14:45;59;kWh;0;5182;0;0;5182;5182
2024-11-14T14:45;2024-11-14T15:00;60;kWh;0;2383;0;0;2383;2383
2024-11-14T15:00;2024-11-14T15:15;61;kWh;0;1283;0;0;1283;1283
2024-11-14T15:15;2024-11-14T15:30;62;kWh;0;26955;0;0;26955;26955
2024-11-14T15:30;2024-11-14T15:45;63;kWh;0;34225;0;0;34225;34225
2024-11-14T15:45;2024-11-14T16:00;64;kWh;0;30407;0;0;30407;30407
2024-11-14T16:00;2024-11-14T16:15;65;kWh;-23083;3481;0;0;26564;-19602
2024-11-14T16:15;2024-11-14T16:30;66;kWh;-22468;2579;0;0;25047;-19889
2024-11-14T16:30;2024-11-14T16:45;67;kWh;0;20064;0;0;20064;20064
2024-11-14T16:45;2024-11-14T17:00;68;kWh;-3337;15281;0;0;18618;11944
2024-11-14T17:00;2024-11-14T17:15;69;kWh;-472;39485;0;0;39957;39013
2024-11-14T17:15;2024-11-14T17:30;70;kWh;-29958;214;0;0;30172;-29744
2024-11-14T17:30;2024-11-14T17:45;71;kWh;-48213;0;0;0;48213;-48213
2024-11-14T17:45;2024-11-14T18:00;72;kWh;-12176;0;0;0;12176;-12176
2024-11-14T18:00;2024-11-14T18:15;73;kWh;-11721;407;0;0;12128;-11314
2024-11-14T18:15;2024-11-14T18:30;74;kWh;-4883;11102;0;0;15985;6219
2024-11-14T18:30;2024-11-14T18:45;75;kWh;0;35721;0;0;35721;35721
2024-11-14T18:45;2024-11-14T19:00;76;kWh;0;28771;0;0;28771;28771
2024-11-14T19:00;2024-11-14T19:15;77;kWh;0;54503;0;0;54503;54503
2024-11-14T19:15;2024-11-14T19:30;78;kWh;-36;35677;0;0;35713;35641
2024-11-14T19:30;2024-11-14T19:45;79;kWh;-423;14811;0;0;15234;14388
2024-11-14T19:45;2024-11-14T20:00;80;kWh;-2;21459;0;0;21461;21457
2024-11-14T20:00;2024-11-14T20:15;81;kWh;-33;24238;0;0;24271;24205
2024-11-14T20:15;2024-11-14T20:30;82;kWh;0;33154;0;0;33154;33154
2024-11-14T20:30;2024-11-14T20:45;83;kWh;0;44725;0;0;44725;44725
2024-11-14T20:45;2024-11-14T21:00;84;kWh;0;30382;0;0;30382;30382
2024-11-14T21:00;2024-11-14T21:15;85;kWh;0;3050;0;0;3050;3050
2024-11-14T21:15;2024-11-14T21:30;86;kWh;-43;28353;0;0;28396;28310
2024-11-14T21:30;2024-11-14T21:45;87;kWh;-235;1627;0;0;1862;1392
2024-11-14T21:45;2024-11-14T22:00;88;kWh;0;4191;0;0;4191;4191
2024-11-14T22:00;2024-11-14T22:15;89;kWh;0;48653;0;0;48653;48653
2024-11-14T22:15;2024-11-14T22:30;90;kWh;0;66693;0;0;66693;66693
2024-11-14T22:30;2024-11-14T22:45;91;kWh;0;53192;0;0;53192;53192
2024-11-14T22:45;2024-11-14T23:00;92;kWh;-1335;1475;0;0;2810;140
2024-11-14T23:00;2024-11-14T23:15;93;kWh;-219;14441;0;0;14660;14222
2024-11-14T23:15;2024-11-14T23:30;94;kWh;0;16282;0;0;16282;16282
2024-11-14T23:30;2024-11-14T23:45;95;kWh;0;46892;0;0;46892;46892
2024-11-14T23:45;2024-11-15T00:00;96;kWh;0;89041;0;0;89041;89041
2024-11-15T00:00;2024-11-15T00:15;1;kWh;-1293;11679;0;0;12972;10386
2024-11-15T00:15;2024-11-15T00:30;2;kWh;0;1020;0;0;1020;1020
2024-11-15T00:30;2024-11-15T00:45;3;kWh;0;22147;0;0;22147;22147
2024-11-15T00:45;2024-11-15T01:00;4;kWh;0;30547;0;0;30547;30547
2024-11-15T01:00;2024-11-15T01:15;5;kWh;0;46993;0;0;46993;46993
2024-11-15T01:15;2024-11-15T01:30;6;kWh;0;47171;0;0;47171;47171
2024-11-15T01:30;2024-11-15T01:45;7;kWh;0;14883;0;0;14883;14883
2024-11-15T01:45;2024-11-15T02:00;8;kWh;0;41945;0;0;41945;41945
2024-11-15T02:00;2024-11-15T02:15;9;kWh;0;45622;0;0;45622;45622
2024-11-15T02:15;2024-11-15T02:30;10;kWh;0;26046;0;0;26046;26046
2024-11-15T02:30;2024-11-15T02:45;11;kWh;0;14058;0;0;14058;14058
2024-11-15T02:45;2024-11-15T03:00;12;kWh;-5;4977;0;0;4982;4972
2024-11-15T03:00;2024-11-15T03:15;13;kWh;-878;0;0;0;878;-878
2024-11-15T03:15;2024-11-15T03:30;14;kWh;-3959;0;0;0;3959;-3959
2024-11-15T03:30;2024-11-15T03:45;15;kWh;-8356;0;0;0;8356;-8356
2024-11-15T03:45;2024-11-15T04:00;16;kWh;-9845;0;0;0;9845;-9845
2024-11-15T04:00;2024-11-15T04:15;17;kWh;-9750;1230;0;0;10980;-8520
2024-11-15T04:15;2024-11-15T04:30;18;kWh;0;5652;0;0;5652;5652
2024-11-15T04:30;2024-11-15T04:45;19;kWh;0;23154;0;0;23154;23154
2024-11-15T04:45;2024-11-15T05:00;20;kWh;0;28161;0;0;28161;28161
2024-11-15T05:00;2024-11-15T05:15;21;kWh;0;39125;0;0;39125;39125
2024-11-15T05:15;2024-11-15T05:30;22;kWh;0;62854;0;0;62854;62854
2024-11-15T05:30;2024-11-15T05:45;23;kWh;0;55978;0;0;55978;55978
2024-11-15T05:45;2024-11-15T06:00;24;kWh;-32;53433;0;0;53465;53401
2024-11-15T06:00;2024-11-15T06:15;25;kWh;-25253;9068;0;0;34321;-16185
2024-11-15T06:15;2024-11-15T06:30;26;kWh;0;25246;0;0;25246;25246
2024-11-15T06:30;2024-11-15T06:45;27;kWh;0;28907;0;0;28907;28907
2024-11-15T06:45;2024-11-15T07:00;28;kWh;0;33835;0;0;33835;33835
2024-11-15T07:00;2024-11-15T07:15;29;kWh;-8445;3096;0;0;11541;-5349
2024-11-15T07:15;2024-11-15T07:30;30;kWh;-2110;28;0;0;2138;-2082
2024-11-15T07:30;2024-11-15T07:45;31;kWh;0;17371;0;0;17371;17371
2024-11-15T07:45;2024-11-15T08:00;32;kWh;0;33468;0;0;33468;33468
2024-11-15T08:00;2024-11-15T08:15;33;kWh;0;8119;0;0;8119;8119
2024-11-15T08:15;2024-11-15T08:30;34;kWh;0;35177;0;0;35177;35177
2024-11-15T08:30;2024-11-15T08:45;35;kWh;0;44103;0;0;44103;44103
2024-11-15T08:45;2024-11-15T09:00;36;kWh;0;32440;0;0;32440;32440
2024-11-15T09:00;2024-11-15T09:15;37;kWh;0;31629;0;0;31629;31629
2024-11-15T09:15;2024-11-15T09:30;38;kWh;0;10938;0;0;10938;10938
2024-11-15T09:30;2024-11-15T09:45;39;kWh;0;23785;0;0;23785;23785
2024-11-15T09:45;2024-11-15T10:00;40;kWh;-10544;8255;0;0;18799;-2289
2024-11-15T10:00;2024-11-15T10:15;41;kWh;-6351;227;0;0;6578;-6124
2024-11-15T10:15;2024-11-15T10:30;42;kWh;-9182;0;0;0;9182;-9182
2024-11-15T10:30;2024-11-15T10:45;43;kWh;-24814;0;0;0;24814;-24814
2024-11-15T10:45;2024-11-15T11:00;44;kWh;-18236;0;0;0;18236;-18236
2024-11-15T11:00;2024-11-15T11:15;45;kWh;-4063;16904;0;0;20967;12841
2024-11-15T11:15;2024-11-15T11:30;46;kWh;0;33063;0;0;33063;33063
2024-11-15T11:30;2024-11-15T11:45;47;kWh;0;29233;0;0;29233;29233
2024-11-15T11:45;2024-11-15T12:00;48;kWh;0;41186;0;0;41186;41186
2024-11-15T12:00;2024-11-15T12:15;49;kWh;0;47530;0;0;47530;47530
2024-11-15T12:15;2024-11-15T12:30;50;kWh;0;58828;0;0;58828;58828
2024-11-15T12:30;2024-11-15T12:45;51;kWh;0;56119;0;0;56119;56119
2024-11-15T12:45;2024-11-15T13:00;52;kWh;0;55474;0;0;55474;55474
2024-11-15T13:00;2024-11-15T13:15;53;kWh;0;28638;0;0;28638;28638
2024-11-15T13:15;2024-11-15T13:30;54;kWh;0;36620;0;0;36620;36620
2024-11-15T13:30;2024-11-15T13:45;55;kWh;0;45659;0;0;45659;45659
2024-11-15T13:45;2024-11-15T14:00;56;kWh;-97;15693;0;0;15790;15596
2024-11-15T14:00;2024-11-15T14:15;57;kWh;-13861;0;0;0;13861;-13861
2024-11-15T14:15;2024-11-15T14:30;58;kWh;0;32318;0;0;32318;32318
2024-11-15T14:30;2024-11-15T14:45;59;kWh;0;51860;0;0;51860;51860
2024-11-15T14:45;2024-11-15T15:00;60;kWh;0;57690;0;0;57690;57690
2024-11-15T15:00;2024-11-15T15:15;61;kWh;-1563;6482;0;0;8045;4919
2024-11-15T15:15;2024-11-15T15:30;62;kWh;0;9403;0;0;9403;9403
2024-11-15T15:30;2024-11-15T15:45;63;kWh;0;33401;0;0;33401;33401
2024-11-15T15:45;2024-11-15T16:00;64;kWh;0;32198;0;0;32198;32198
2024-11-15T16:00;2024-11-15T16:15;65;kWh;-3221;379;0;0;3600;-2842
2024-11-15T16:15;2024-11-15T16:30;66;kWh;0;564;0;0;564;564
2024-11-15T16:30;2024-11-15T16:45;67;kWh;0;996;0;0;996;996
2024-11-15T16:45;2024-11-15T17:00;68;kWh;0;2984;0;0;2984;2984
2024-11-15T17:00;2024-11-15T17:15;69;kWh;0;5011;0;0;5011;5011
2024-11-15T17:15;2024-11-15T17:30;70;kWh;0;2693;0;0;2693;2693
2024-11-15T17:30;2024-11-15T17:45;71;kWh;-2761;30;0;0;2791;-2731
2024-11-15T17:45;2024-11-15T18:00;72;kWh;-870;3855;0;0;4725;2985
2024-11-15T18:00;2024-11-15T18:15;73;kWh;-5458;0;0;0;5458;-5458
2024-11-15T18:15;2024-11-15T18:30;74;kWh;-5407;0;0;0;5407;-5407
2024-11-15T18:30;2024-11-15T18:45;75;kWh;-9988;0;0;0;9988;-9988
2024-11-15T18:45;2024-11-15T19:00;76;kWh;-51528;0;0;0;51528;-51528
2024-11-15T19:00;2024-11-15T19:15;77;kWh;-27977;0;0;0;27977;-27977
2024-11-15T19:15;2024-11-15T19:30;78;kWh;-1928;1244;0;0;3172;-684
2024-11-15T19:30;2024-11-15T19:45;79;kWh;-3482;0;0;0;3482;-3482
2024-11-15T19:45;2024-11-15T20:00;80;kWh;-11429;0;0;0;11429;-11429
2024-11-15T20:00;2024-11-15T20:15;81;kWh;-3263;11040;0;0;14303;7777
2024-11-15T20:15;2024-11-15T20:30;82;kWh;-16182;0;0;0;16182;-16182
2024-11-15T20:30;2024-11-15T20:45;83;kWh;-14158;0;0;0;14158;-14158
2024-11-15T20:45;2024-11-15T21:00;84;kWh;-17459;0;0;0;17459;-17459
2024-11-15T21:00;2024-11-15T21:15;85;kWh;-5132;16059;0;0;21191;10927
2024-11-15T21:15;2024-11-15T21:30;86;kWh;0;38236;0;0;38236;38236
2024-11-15T21:30;2024-11-15T21:45;87;kWh;0;25319;0;0;25319;25319
2024-11-15T21:45;2024-11-15T22:00;88;kWh;-434;4849;0;0;5283;4415
2024-11-15T22:00;2024-11-15T22:15;89;kWh;-416;568;0;0;984;152
2024-11-15T22:15;2024-11-15T22:30;90;kWh;-48;4964;0;0;5012;4916
2024-11-15T22:30;2024-11-15T22:45;91;kWh;-6014;0;0;0;6014;-6014
2024-11-15T22:45;2024-11-15T23:00;92;kWh;-33783;0;0;0;33783;-33783
2024-11-15T23:00;2024-11-15T23:15;93;kWh;-37557;0;0;0;37557;-37557
2024-11-15T23:15;2024-11-15T23:30;94;kWh;-12660;0;0;0;12660;-12660
2024-11-15T23:30;2024-11-15T23:45;95;kWh;-14535;0;0;0;14535;-14535
2024-11-15T23:45;2024-11-16T00:00;96;kWh;-48712;0;0;0;48712;-48712
2024-11-16T00:00;2024-11-16T00:15;1;kWh;-33231;22042;0;0;55273;-11189
2024-11-16T00:15;2024-11-16T00:30;2;kWh;0;15605;0;0;15605;15605
2024-11-16T00:30;2024-11-16T00:45;3;kWh;-3;0;0;0;3;-3
2024-11-16T00:45;2024-11-16T01:00;4;kWh;-18387;0;0;0;18387;-18387
2024-11-16T01:00;2024-11-16T01:15;5;kWh;-4222;1845;0;0;6067;-2377
2024-11-16T01:15;2024-11-16T01:30;6;kWh;-10949;9;0;0;10958;-10940
2024-11-16T01:30;2024-11-16T01:45;7;kWh;-36677;0;0;0;36677;-36677
2024-11-16T01:45;2024-11-16T02:00;8;kWh;-44743;0;0;0;44743;-44743
2024-11-16T02:00;2024-11-16T02:15;9;kWh;-14638;789;0;0;15427;-13849
2024-11-16T02:15;2024-11-16T02:30;10;kWh;-23599;0;0;0;23599;-23599
2024-11-16T02:30;2024-11-16T02:45;11;kWh;-21175;0;0;0;21175;-21175
2024-11-16T02:45;2024-11-16T03:00;12;kWh;-5742;0;0;0;5742;-5742
2024-11-16T03:00;2024-11-16T03:15;13;kWh;-4983;14077;0;0;19060;9094
2024-11-16T03:15;2024-11-16T03:30;14;kWh;0;46211;0;0;46211;46211
2024-11-16T03:30;2024-11-16T03:45;15;kWh;-1212;28836;0;0;30048;27624
2024-11-16T03:45;2024-11-16T04:00;16;kWh;-8137;0;0;0;8137;-8137
2024-11-16T04:00;2024-11-16T04:15;17;kWh;-37054;0;0;0;37054;-37054
2024-11-16T04:15;2024-11-16T04:30;18;kWh;-47164;0;0;0;47164;-47164
2024-11-16T04:30;2024-11-16T04:45;19;kWh;-39359;0;0;0;39359;-39359
2024-11-16T04:45;2024-11-16T05:00;20;kWh;-30293;0;0;0;30293;-30293
2024-11-16T05:00;2024-11-16T05:15;21;kWh;-31384;0;0;0;31384;-31384
2024-11-16T05:15;2024-11-16T05:30;22;kWh;-17943;0;0;0;17943;-17943
2024-11-16T05:30;2024-11-16T05:45;23;kWh;-3847;0;0;0;3847;-3847
2024-11-16T05:45;2024-11-16T06:00;24;kWh;-33461;0;0;0;33461;-33461
2024-11-16T06:00;2024-11-16T06:15;25;kWh;-32397;0;0;0;32397;-32397
2024-11-16T06:15;2024-11-16T06:30;26;kWh;-25069;0;0;0;25069;-25069
2024-11-16T06:30;2024-11-16T06:45;27;kWh;-31961;0;0;0;31961;-31961
2024-11-16T06:45;2024-11-16T07:00;28;kWh;-16029;0;0;0;16029;-16029
2024-11-16T07:00;2024-11-16T07:15;29;kWh;-18827;6150;0;0;24977;-12677
2024-11-16T07:15;2024-11-16T07:30;30;kWh;-11648;3144;0;0;14792;-8504
2024-11-16T07:30;2024-11-16T07:45;31;kWh;-23031;0;0;0;23031;-23031
2024-11-16T07:45;2024-11-16T08:00;32;kWh;-12385;0;0;0;12385;-12385
2024-11-16T08:00;2024-11-16T08:15;33;kWh;-34441;3175;0;0;37616;-31266
2024-11-16T08:15;2024-11-16T08:30;34;kWh;-3529;7129;0;0;10658;3600
2024-11-16T08:30;2024-11-16T08:45;35;kWh;-1348;3327;0;0;4675;1979
2024-11-16T08:45;2024-11-16T09:00;36;kWh;0;22008;0;0;22008;22008
2024-11-16T09:00;2024-11-16T09:15;37;kWh;-10716;1225;0;0;11941;-9491
2024-11-16T09:15;2024-11-16T09:30;38;kWh;-18653;0;0;0;18653;-18653
2024-11-16T09:30;2024-11-16T09:45;39;kWh;-9763;0;0;0;9763;-9763
2024-11-16T09:45;2024-11-16T10:00;40;kWh;-30;16599;0;0;16629;16569
2024-11-16T10:00;2024-11-16T10:15;41;kWh;0;49417;0;0;49417;49417
2024-11-16T10:15;2024-11-16T10:30;42;kWh;0;56491;0;0;56491;56491
2024-11-16T10:30;2024-11-16T10:45;43;kWh;0;44397;0;0;44397;44397
2024-11-16T10:45;2024-11-16T11:00;44;kWh;0;44251;0;0;44251;44251
2024-11-16T11:00;2024-11-16T11:15;45;kWh;-10106;4273;0;0;14379;-5833
2024-11-16T11:15;2024-11-16T11:30;46;kWh;-9418;0;0;0;9418;-9418
2024-11-16T11:30;2024-11-16T11:45;47;kWh;-5966;0;0;0;5966;-5966
2024-11-16T11:45;2024-11-16T12:00;48;kWh;-22256;0;0;0;22256;-22256
2024-11-16T12:00;2024-11-16T12:15;49;kWh;-1991;23447;0;0;25438;21456
2024-11-16T12:15;2024-11-16T12:30;50;kWh;-4676;9645;0;0;14321;4969
2024-11-16T12:30;2024-11-16T12:45;51;kWh;-36473;0;0;0;36473;-36473
2024-11-16T12:45;2024-11-16T13:00;52;kWh;-36303;0;0;0;36303;-36303
2024-11-16T13:00;2024-11-16T13:15;53;kWh;-26077;3215;0;0;29292;-22862
2024-11-16T13:15;2024-11-16T13:30;54;kWh;-3041;5375;0;0;8416;2334
2024-11-16T13:30;2024-11-16T13:45;55;kWh;-5194;2118;0;0;7312;-3076
2024-11-16T13:45;2024-11-16T14:00;56;kWh;0;16956;0;0;16956;16956
2024-11-16T14:00;2024-11-16T14:15;57;kWh;-2450;3532;0;0;5982;1082
2024-11-16T14:15;2024-11-16T14:30;58;kWh;-9767;2960;0;0;12727;-6807
2024-11-16T14:30;2024-11-16T14:45;59;kWh;0;11436;0;0;11436;11436
2024-11-16T14:45;2024-11-16T15:00;60;kWh;0;4927;0;0;4927;4927
2024-11-16T15:00;2024-11-16T15:15;61;kWh;-3808;207;0;0;4015;-3601
2024-11-16T15:15;2024-11-16T15:30;62;kWh;0;4420;0;0;4420;4420
2024-11-16T15:30;2024-11-16T15:45;63;kWh;-7677;373;0;0;8050;-7304
2024-11-16T15:45;2024-11-16T16:00;64;kWh;-31691;0;0;0;31691;-31691
2024-11-16T16:00;2024-11-16T16:15;65;kWh;-41348;14;0;0;41362;-41334
2024-11-16T16:15;2024-11-16T16:30;66;kWh;-18116;89;0;0;18205;-18027
2024-11-16T16:30;2024-11-16T16:45;67;kWh;-25735;453;0;0;26188;-25282
2024-11-16T16:45;2024-11-16T17:00;68;kWh;-21126;768;0;0;21894;-20358
2024-11-16T17:00;2024-11-16T17:15;69;kWh;-4939;0;0;0;4939;-4939
2024-11-16T17:15;2024-11-16T17:30;70;kWh;-14169;0;0;0;14169;-14169
2024-11-16T17:30;2024-11-16T17:45;71;kWh;-4548;0;0;0;4548;-4548
2024-11-16T17:45;2024-11-16T18:00;72;kWh;-4411;0;0;0;4411;-4411
2024-11-16T18:00;2024-11-16T18:15;73;kWh;-1285;13645;0;0;14930;12360
2024-11-16T18:15;2024-11-16T18:30;74;kWh;-5035;12909;0;0;17944;7874
2024-11-16T18:30;2024-11-16T18:45;75;kWh;-18004;0;0;0;18004;-18004
2024-11-16T18:45;2024-11-16T19:00;76;kWh;-27423;0;0;0;27423;-27423
2024-11-16T19:00;2024-11-16T19:15;77;kWh;-20685;177;0;0;20862;-20508
2024-11-16T19:15;2024-11-16T19:30;78;kWh;-20988;0;0;0;20988;-20988
2024-11-16T19:30;2024-11-16T19:45;79;kWh;-19760;161;0;0;19921;-19599
2024-11-16T19:45;2024-11-16T20:00;80;kWh;-42548;9;0;0;42557;-42539
2024-11-16T20:00;2024-11-16T20:15;81;kWh;-2653;259;0;0;2912;-2394
2024-11-16T20:15;2024-11-16T20:30;82;kWh;-12555;0;0;0;12555;-12555
2024-11-16T20:30;2024-11-16T20:45;83;kWh;-14402;478;0;0;14880;-13924
2024-11-16T20:45;2024-11-16T21:00;84;kWh;-1247;44459;0;0;45706;43212
2024-11-16T21:00;2024-11-16T21:15;85;kWh;0;55478;0;0;55478;55478
2024-11-16T21:15;2024-11-16T21:30;86;kWh;0;63566;0;0;63566;63566
2024-11-16T21:30;2024-11-16T21:45;87;kWh;0;75718;0;0;75718;75718
2024-11-16T21:45;2024-11-16T22:00;88;kWh;0;103770;0;0;103770;103770
2024-11-16T22:00;2024-11-16T22:15;89;kWh;0;78457;0;0;78457;78457
2024-11-16T22:15;2024-11-16T22:30;90;kWh;0;56395;0;0;56395;56395
2024-11-16T22:30;2024-11-16T22:45;91;kWh;0;69241;0;0;69241;69241
2024-11-16T22:45;2024-11-16T23:00;92;kWh;0;62096;0;0;62096;62096
2024-11-16T23:00;2024-11-16T23:15;93;kWh;-8500;10717;0;0;19217;2217
2024-11-16T23:15;2024-11-16T23:30;94;kWh;0;14824;0;0;14824;14824
2024-11-16T23:30;2024-11-16T23:45;95;kWh;0;26488;0;0;26488;26488
2024-11-16T23:45;2024-11-17T00:00;96;kWh;-1189;18621;0;0;19810;17432
2024-11-17T00:00;2024-11-17T00:15;1;kWh;-7668;4103;0;0;11771;-3565
2024-11-17T00:15;2024-11-17T00:30;2;kWh;-249;27478;0;0;27727;27229
2024-11-17T00:30;2024-11-17T00:45;3;kWh;-435;4402;0;0;4837;3967
2024-11-17T00:45;2024-11-17T01:00;4;kWh;-2111;449;0;0;2560;-1662
2024-11-17T01:00;2024-11-17T01:15;5;kWh;-2435;11249;0;0;13684;8814
2024-11-17T01:15;2024-11-17T01:30;6;kWh;-18806;0;0;0;18806;-18806
2024-11-17T01:30;2024-11-17T01:45;7;kWh;-11243;1551;0;0;12794;-9692
2024-11-17T01:45;2024-11-17T02:00;8;kWh;-29182;9;0;0;29191;-29173
2024-11-17T02:00;2024-11-17T02:15;9;kWh;-20135;0;0;0;20135;-20135
2024-11-17T02:15;2024-11-17T02:30;10;kWh;-38464;0;0;0;38464;-38464
2024-11-17T02:30;2024-11-17T02:45;11;kWh;-26026;0;0;0;26026;-26026
2024-11-17T02:45;2024-11-17T03:00;12;kWh;-36379;0;0;0;36379;-36379
2024-11-17T03:00;2024-11-17T03:15;13;kWh;-6459;17331;0;0;23790;10872
2024-11-17T03:15;2024-11-17T03:30;14;kWh;-7891;85;0;0;7976;-7806
2024-11-17T03:30;2024-11-17T03:45;15;kWh;-606;6526;0;0;7132;5920
2024-11-17T03:45;2024-11-17T04:00;16;kWh;-4062;7998;0;0;12060;3936
2024-11-17T04:00;2024-11-17T04:15;17;kWh;-2668;10535;0;0;13203;7867
2024-11-17T04:15;2024-11-17T04:30;18;kWh;-6184;8829;0;0;15013;2645
2024-11-17T04:30;2024-11-17T04:45;19;kWh;-23548;0;0;0;23548;-23548
2024-11-17T04:45;2024-11-17T05:00;20;kWh;-1019;0;0;0;1019;-1019
2024-11-17T05:00;2024-11-17T05:15;21;kWh;-868;0;0;0;868;-868
2024-11-17T05:15;2024-11-17T05:30;22;kWh;-3714;0;0;0;3714;-3714
2024-11-17T05:30;2024-11-17T05:45;23;kWh;-381;2261;0;0;2642;1880
2024-11-17T05:45;2024-11-17T06:00;24;kWh;-15844;3;0;0;15847;-15841
2024-11-17T06:00;2024-11-17T06:15;25;kWh;-5202;0;0;0;5202;-5202
2024-11-17T06:15;2024-11-17T06:30;26;kWh;-249;2455;0;0;2704;2206
2024-11-17T06:30;2024-11-17T06:45;27;kWh;-7360;190;0;0;7550;-7170
2024-11-17T06:45;2024-11-17T07:00;28;kWh;-274;5790;0;0;6064;5516
2024-11-17T07:00;2024-11-17T07:15;29;kWh;-5316;15455;0;0;20771;10139
2024-11-17T07:15;2024-11-17T07:30;30;kWh;-7458;22913;0;0;30371;15455
2024-11-17T07:30;2024-11-17T07:45;31;kWh;-7436;1580;0;0;9016;-5856
2024-11-17T07:45;2024-11-17T08:00;32;kWh;-1835;16013;0;0;17848;14178
2024-11-17T08:00;2024-11-17T08:15;33;kWh;-249;69940;0;0;70189;69691
2024-11-17T08:15;2024-11-17T08:30;34;kWh;-249;56214;0;0;56463;55965
2024-11-17T08:30;2024-11-17T08:45;35;kWh;-249;31788;0;0;32037;31539
2024-11-17T08:45;2024-11-17T09:00;36;kWh;-6057;926;0;0;6983;-5131
2024-11-17T09:00;2024-11-17T09:15;37;kWh;-4328;10708;0;0;15036;6380
2024-11-17T09:15;2024-11-17T09:30;38;kWh;-6159;8514;0;0;14673;2355
2024-11-17T09:30;2024-11-17T09:45;39;kWh;-16061;5066;0;0;21127;-10995
2024-11-17T09:45;2024-11-17T10:00;40;kWh;-7464;22833;0;0;30297;15369
2024-11-17T10:00;2024-11-17T10:15;41;kWh;-249;25882;0;0;26131;25633
2024-11-17T10:15;2024-11-17T10:30;42;kWh;-30647;1341;0;0;31988;-29306
2024-11-17T10:30;2024-11-17T10:45;43;kWh;-38489;0;0;0;38489;-38489
2024-11-17T10:45;2024-11-17T11:00;44;kWh;-11798;401;0;0;12199;-11397
2024-11-17T11:00;2024-11-17T11:15;45;kWh;-28253;0;0;0;28253;-28253
2024-11-17T11:15;2024-11-17T11:30;46;kWh;-37820;0;0;0;37820;-37820
2024-11-17T11:30;2024-11-17T11:45;47;kWh;-45570;1642;0;0;47212;-43928
2024-11-17T11:45;2024-11-17T12:00;48;kWh;-74606;9622;0;0;84228;-64984
2024-11-17T12:00;2024-11-17T12:15;49;kWh;-57787;8910;0;0;66697;-48877
2024-11-17T12:15;2024-11-17T12:30;50;kWh;-44798;0;0;0;44798;-44798
2024-11-17T12:30;2024-11-17T12:45;51;kWh;-33072;0;0;0;33072;-33072
2024-11-17T12:45;2024-11-17T13:00;52;kWh;-33774;22;0;0;33796;-33752
2024-11-17T13:00;2024-11-17T13:15;53;kWh;-30435;8318;0;0;38753;-22117
2024-11-17T13:15;2024-11-17T13:30;54;kWh;-3587;22288;0;0;25875;18701
2024-11-17T13:30;2024-11-17T13:45;55;kWh;-20729;4673;0;0;25402;-16056
2024-11-17T13:45;2024-11-17T14:00;56;kWh;-1756;6929;0;0;8685;5173
2024-11-17T14:00;2024-11-17T14:15;57;kWh;-14790;6806;0;0;21596;-7984
2024-11-17T14:15;2024-11-17T14:30;58;kWh;-4043;7107;0;0;11150;3064
2024-11-17T14:30;2024-11-17T14:45;59;kWh;-275;7716;0;0;7991;7441
2024-11-17T14:45;2024-11-17T15:00;60;kWh;-4896;54489;0;0;59385;49593
2024-11-17T15:00;2024-11-17T15:15;61;kWh;-53056;603;0;0;53659;-52453
2024-11-17T15:15;2024-11-17T15:30;62;kWh;-47988;15976;0;0;63964;-32012
2024-11-17T15:30;2024-11-17T15:45;63;kWh;-249;46367;0;0;46616;46118
2024-11-17T15:45;2024-11-17T16:00;64;kWh;-249;67258;0;0;67507;67009
2024-11-17T16:00;2024-11-17T16:15;65;kWh;-24084;16074;0;0;40158;-8010
2024-11-17T16:15;2024-11-17T16:30;66;kWh;-22866;0;0;0;22866;-22866
2024-11-17T16:30;2024-11-17T16:45;67;kWh;-28660;2497;0;0;31157;-26163
2024-11-17T16:45;2024-11-17T17:00;68;kWh;-26024;1834;0;0;27858;-24190
2024-11-17T17:00;2024-11-17T17:15;69;kWh;-47149;0;0;0;47149;-47149
2024-11-17T17:15;2024-11-17T17:30;70;kWh;-2089;403;0;0;2492;-1686
2024-11-17T17:30;2024-11-17T17:45;71;kWh;-249;27373;0;0;27622;27124
2024-11-17T17:45;2024-11-17T18:00;72;kWh;-252;14305;0;0;14557;14053
2024-11-17T18:00;2024-11-17T18:15;73;kWh;-1096;0;0;0;1096;-1096
2024-11-17T18:15;2024-11-17T18:30;74;kWh;-249;19152;0;0;19401;18903
2024-11-17T18:30;2024-11-17T18:45;75;kWh;-3234;33785;0;0;37019;30551
2024-11-17T18:45;2024-11-17T19:00;76;kWh;-12884;17393;0;0;30277;4509
2024-11-17T19:00;2024-11-17T19:15;77;kWh;-249;43914;0;0;44163;43665
2024-11-17T19:15;2024-11-17T19:30;78;kWh;-249;81710;0;0;81959;81461
2024-11-17T19:30;2024-11-17T19:45;79;kWh;-249;30061;0;0;30310;29812
2024-11-17T19:45;2024-11-17T20:00;80;kWh;-249;15811;0;0;16060;15562
2024-11-17T20:00;2024-11-17T20:15;81;kWh;-249;12225;0;0;12474;11976
2024-11-17T20:15;2024-11-17T20:30;82;kWh;-249;40149;0;0;40398;39900
2024-11-17T20:30;2024-11-17T20:45;83;kWh;-249;48349;0;0;48598;48100
2024-11-17T20:45;2024-11-17T21:00;84;kWh;-902;1289;0;0;2191;387
2024-11-17T21:00;2024-11-17T21:15;85;kWh;-13741;27146;0;0;40887;13405
2024-11-17T21:15;2024-11-17T21:30;86;kWh;-249;63387;0;0;63636;63138
2024-11-17T21:30;2024-11-17T21:45;87;kWh;-4637;46153;0;0;50790;41516
2024-11-17T21:45;2024-11-17T22:00;88;kWh;-2358;52289;0;0;54647;49931
2024-11-17T22:00;2024-11-17T22:15;89;kWh;-249;93778;0;0;94027;93529
2024-11-17T22:15;2024-11-17T22:30;90;kWh;-249;93747;0;10961;104957;104459
2024-11-17T22:30;2024-11-17T22:45;91;kWh;-249;93744;0;32902;126895;126397
2024-11-17T22:45;2024-11-17T23:00;92;kWh;-249;96101;0;32940;129290;128792
2024-11-17T23:00;2024-11-17T23:15;93;kWh;-249;94724;0;38786;133759;133261
2024-11-17T23:15;2024-11-17T23:30;94;kWh;-482;59856;0;78186;138524;137560
2024-11-17T23:30;2024-11-17T23:45;95;kWh;-2251;971;0;78219;81441;76939
2024-11-17T23:45;2024-11-18T00:00;96;kWh;-11151;0;0;52146;63297;40995
2024-11-18T00:00;2024-11-18T00:15;1;kWh;-49963;7950;0;0;57913;-42013
2024-11-18T00:15;2024-11-18T00:30;2;kWh;-21556;6692;0;0;28248;-14864
2024-11-18T00:30;2024-11-18T00:45;3;kWh;-38874;0;0;0;38874;-38874
2024-11-18T00:45;2024-11-18T01:00;4;kWh;-40371;0;0;0;40371;-40371
2024-11-18T01:00;2024-11-18T01:15;5;kWh;-12014;1598;0;0;13612;-10416
2024-11-18T01:15;2024-11-18T01:30;6;kWh;-9941;630;0;0;10571;-9311
2024-11-18T01:30;2024-11-18T01:45;7;kWh;-42211;0;0;0;42211;-42211
2024-11-18T01:45;2024-11-18T02:00;8;kWh;-54134;0;0;0;54134;-54134
2024-11-18T02:00;2024-11-18T02:15;9;kWh;-25057;0;0;0;25057;-25057
2024-11-18T02:15;2024-11-18T02:30;10;kWh;-42456;0;0;0;42456;-42456
2024-11-18T02:30;2024-11-18T02:45;11;kWh;-31776;0;0;0;31776;-31776
2024-11-18T02:45;2024-11-18T03:00;12;kWh;-26985;0;0;0;26985;-26985
2024-11-18T03:00;2024-11-18T03:15;13;kWh;-18254;3076;0;0;21330;-15178
2024-11-18T03:15;2024-11-18T03:30;14;kWh;-4090;2188;0;0;6278;-1902
2024-11-18T03:30;2024-11-18T03:45;15;kWh;-23760;0;0;0;23760;-23760
2024-11-18T03:45;2024-11-18T04:00;16;kWh;-43998;0;0;0;43998;-43998
2024-11-18T04:00;2024-11-18T04:15;17;kWh;-10534;0;0;0;10534;-10534
2024-11-18T04:15;2024-11-18T04:30;18;kWh;-3132;0;0;0;3132;-3132
2024-11-18T04:30;2024-11-18T04:45;19;kWh;-308;11314;0;0;11622;11006
2024-11-18T04:45;2024-11-18T05:00;20;kWh;0;50021;0;0;50021;50021
2024-11-18T05:00;2024-11-18T05:15;21;kWh;0;39948;0;0;39948;39948
2024-11-18T05:15;2024-11-18T05:30;22;kWh;-76;12088;0;0;12164;12012
2024-11-18T05:30;2024-11-18T05:45;23;kWh;0;0;0;0;0;0
2024-11-18T05:45;2024-11-18T06:00;24;kWh;-18833;0;0;0;18833;-18833
2024-11-18T06:00;2024-11-18T06:15;25;kWh;-55565;222;0;0;55787;-55343
2024-11-18T06:15;2024-11-18T06:30;26;kWh;-626;402;0;0;1028;-224
2024-11-18T06:30;2024-11-18T06:45;27;kWh;-3405;0;0;0;3405;-3405
2024-11-18T06:45;2024-11-18T07:00;28;kWh;-53;166;0;0;219;113
2024-11-18T07:00;2024-11-18T07:15;29;kWh;-34440;336;0;0;34776;-34104
2024-11-18T07:15;2024-11-18T07:30;30;kWh;-6718;42;0;0;6760;-6676
2024-11-18T07:30;2024-11-18T07:45;31;kWh;0;8067;0;0;8067;8067
2024-11-18T07:45;2024-11-18T08:00;32;kWh;0;32126;0;0;32126;32126
2024-11-18T08:00;2024-11-18T08:15;33;kWh;0;42302;0;0;42302;42302
2024-11-18T08:15;2024-11-18T08:30;34;kWh;0;33221;0;0;33221;33221
2024-11-18T08:30;2024-11-18T08:45;35;kWh;0;47855;0;0;47855;47855
2024-11-18T08:45;2024-11-18T09:00;36;kWh;0;62625;0;0;62625;62625
2024-11-18T09:00;2024-11-18T09:15;37;kWh;-2292;51928;0;0;54220;49636
2024-11-18T09:15;2024-11-18T09:30;38;kWh;-7298;15640;0;0;22938;8342
2024-11-18T09:30;2024-11-18T09:45;39;kWh;-30975;842;0;0;31817;-30133
2024-11-18T09:45;2024-11-18T10:00;40;kWh;-94673;0;0;0;94673;-94673
2024-11-18T10:00;2024-11-18T10:15;41;kWh;-43827;2707;0;0;46534;-41120
2024-11-18T10:15;2024-11-18T10:30;42;kWh;-94021;0;0;0;94021;-94021
2024-11-18T10:30;2024-11-18T10:45;43;kWh;-108797;0;0;0;108797;-108797
2024-11-18T10:45;2024-11-18T11:00;44;kWh;-61938;49;0;0;61987;-61889
2024-11-18T11:00;2024-11-18T11:15;45;kWh;-50150;0;0;0;50150;-50150
2024-11-18T11:15;2024-11-18T11:30;46;kWh;-74956;0;0;0;74956;-74956
2024-11-18T11:30;2024-11-18T11:45;47;kWh;-85667;0;0;0;85667;-85667
2024-11-18T11:45;2024-11-18T12:00;48;kWh;-47869;0;0;0;47869;-47869
2024-11-18T12:00;2024-11-18T12:15;49;kWh;-31549;0;0;0;31549;-31549
2024-11-18T12:15;2024-11-18T12:30;50;kWh;-3443;2988;0;0;6431;-455
2024-11-18T12:30;2024-11-18T12:45;51;kWh;-3079;34636;0;0;37715;31557
2024-11-18T12:45;2024-11-18T13:00;52;kWh;-1442;32063;0;0;33505;30621
2024-11-18T13:00;2024-11-18T13:15;53;kWh;-50210;7587;0;0;57797;-42623
2024-11-18T13:15;2024-11-18T13:30;54;kWh;-236;5430;0;0;5666;5194
2024-11-18T13:30;2024-11-18T13:45;55;kWh;0;50298;0;0;50298;50298
2024-11-18T13:45;2024-11-18T14:00;56;kWh;0;71443;0;0;71443;71443
2024-11-18T14:00;2024-11-18T14:15;57;kWh;-43097;13235;0;0;56332;-29862
2024-11-18T14:15;2024-11-18T14:30;58;kWh;-37098;7319;0;0;44417;-29779
2024-11-18T14:30;2024-11-18T14:45;59;kWh;-34430;24663;0;0;59093;-9767
2024-11-18T14:45;2024-11-18T15:00;60;kWh;-17808;12873;0;0;30681;-4935
2024-11-18T15:00;2024-11-18T15:15;61;kWh;-36738;874;0;0;37612;-35864
2024-11-18T15:15;2024-11-18T15:30;62;kWh;-43491;0;0;0;43491;-43491
2024-11-18T15:30;2024-11-18T15:45;63;kWh;-27498;0;0;0;27498;-27498
2024-11-18T15:45;2024-11-18T16:00;64;kWh;-43737;0;0;0;43737;-43737
2024-11-18T16:00;2024-11-18T16:15;65;kWh;-83243;0;0;0;83243;-83243
2024-11-18T16:15;2024-11-18T16:30;66;kWh;-59428;0;0;0;59428;-59428
2024-11-18T16:30;2024-11-18T16:45;67;kWh;-55170;0;0;0;55170;-55170
2024-11-18T16:45;2024-11-18T17:00;68;kWh;-4674;18635;0;0;23309;13961
2024-11-18T17:00;2024-11-18T17:15;69;kWh;-10537;5381;0;0;15918;-5156
2024-11-18T17:15;2024-11-18T17:30;70;kWh;-1028;10373;0;0;11401;9345
2024-11-18T17:30;2024-11-18T17:45;71;kWh;-16405;0;0;0;16405;-16405
2024-11-18T17:45;2024-11-18T18:00;72;kWh;-38047;0;0;0;38047;-38047
2024-11-18T18:00;2024-11-18T18:15;73;kWh;-51888;0;0;0;51888;-51888
2024-11-18T18:15;2024-11-18T18:30;74;kWh;-17136;1362;0;0;18498;-15774
2024-11-18T18:30;2024-11-18T18:45;75;kWh;-17654;0;0;0;17654;-17654
2024-11-18T18:45;2024-11-18T19:00;76;kWh;-13938;0;0;0;13938;-13938
2024-11-18T19:00;2024-11-18T19:15;77;kWh;-5139;2334;0;0;7473;-2805
2024-11-18T19:15;2024-11-18T19:30;78;kWh;-56;22069;0;0;22125;22013
2024-11-18T19:30;2024-11-18T19:45;79;kWh;-6808;2026;0;0;8834;-4782
2024-11-18T19:45;2024-11-18T20:00;80;kWh;-44100;0;0;0;44100;-44100
2024-11-18T20:00;2024-11-18T20:15;81;kWh;-21397;505;0;0;21902;-20892
2024-11-18T20:15;2024-11-18T20:30;82;kWh;-1261;18521;0;0;19782;17260
2024-11-18T20:30;2024-11-18T20:45;83;kWh;-2613;0;0;0;2613;-2613
2024-11-18T20:45;2024-11-18T21:00;84;kWh;-3266;0;0;0;3266;-3266
2024-11-18T21:00;2024-11-18T21:15;85;kWh;-2908;15723;0;0;18631;12815
2024-11-18T21:15;2024-11-18T21:30;86;kWh;-1220;24146;0;0;25366;22926
2024-11-18T21:30;2024-11-18T21:45;87;kWh;-10332;0;0;0;10332;-10332
2024-11-18T21:45;2024-11-18T22:00;88;kWh;-1798;8037;0;0;9835;6239
2024-11-18T22:00;2024-11-18T22:15;89;kWh;-13226;0;0;0;13226;-13226
2024-11-18T22:15;2024-11-18T22:30;90;kWh;-30273;0;0;0;30273;-30273
2024-11-18T22:30;2024-11-18T22:45;91;kWh;-49403;0;0;0;49403;-49403
2024-11-18T22:45;2024-11-18T23:00;92;kWh;-31746;0;0;0;31746;-31746
2024-11-18T23:00;2024-11-18T23:15;93;kWh;-22617;15568;0;0;38185;-7049
2024-11-18T23:15;2024-11-18T23:30;94;kWh;0;28791;0;0;28791;28791
2024-11-18T23:30;2024-11-18T23:45;95;kWh;0;15467;0;0;15467;15467
2024-11-18T23:45;2024-11-19T00:00;96;kWh;-2056;1024;0;0;3080;-1032
2024-11-19T00:00;2024-11-19T00:15;1;kWh;-5179;5473;0;0;10652;294
2024-11-19T00:15;2024-11-19T00:30;2;kWh;0;7232;0;0;7232;7232
2024-11-19T00:30;2024-11-19T00:45;3;kWh;-11043;59;0;0;11102;-10984
2024-11-19T00:45;2024-11-19T01:00;4;kWh;-44736;0;0;0;44736;-44736
2024-11-19T01:00;2024-11-19T01:15;5;kWh;-19646;236;0;0;19882;-19410
2024-11-19T01:15;2024-11-19T01:30;6;kWh;-37750;0;0;0;37750;-37750
2024-11-19T01:30;2024-11-19T01:45;7;kWh;-46708;0;0;0;46708;-46708
2024-11-19T01:45;2024-11-19T02:00;8;kWh;-58597;0;0;0;58597;-58597
2024-11-19T02:00;2024-11-19T02:15;9;kWh;-10412;16292;0;0;26704;5880
2024-11-19T02:15;2024-11-19T02:30;10;kWh;0;24320;0;0;24320;24320
2024-11-19T02:30;2024-11-19T02:45;11;kWh;0;10229;0;0;10229;10229
2024-11-19T02:45;2024-11-19T03:00;12;kWh;0;5521;0;0;5521;5521
2024-11-19T03:00;2024-11-19T03:15;13;kWh;0;13583;0;0;13583;13583
2024-11-19T03:15;2024-11-19T03:30;14;kWh;0;1766;0;0;1766;1766
2024-11-19T03:30;2024-11-19T03:45;15;kWh;-16329;0;0;0;16329;-16329
2024-11-19T03:45;2024-11-19T04:00;16;kWh;-43597;0;0;0;43597;-43597
2024-11-19T04:00;2024-11-19T04:15;17;kWh;-3236;2876;0;0;6112;-360
2024-11-19T04:15;2024-11-19T04:30;18;kWh;-243;2631;0;0;2874;2388
2024-11-19T04:30;2024-11-19T04:45;19;kWh;-6127;0;0;0;6127;-6127
2024-11-19T04:45;2024-11-19T05:00;20;kWh;-29003;0;0;0;29003;-29003
2024-11-19T05:00;2024-11-19T05:15;21;kWh;-33741;0;0;0;33741;-33741
2024-11-19T05:15;2024-11-19T05:30;22;kWh;-38501;0;0;0;38501;-38501
2024-11-19T05:30;2024-11-19T05:45;23;kWh;-45118;0;0;0;45118;-45118
2024-11-19T05:45;2024-11-19T06:00;24;kWh;-46656;0;0;0;46656;-46656
2024-11-19T06:00;2024-11-19T06:15;25;kWh;-25900;35;0;0;25935;-25865
2024-11-19T06:15;2024-11-19T06:30;26;kWh;-40329;71;0;0;40400;-40258
2024-11-19T06:30;2024-11-19T06:45;27;kWh;-26439;0;0;0;26439;-26439
2024-11-19T06:45;2024-11-19T07:00;28;kWh;-18798;0;0;0;18798;-18798
2024-11-19T07:00;2024-11-19T07:15;29;kWh;-65934;2777;0;0;68711;-63157
2024-11-19T07:15;2024-11-19T07:30;30;kWh;-23804;3997;0;0;27801;-19807
2024-11-19T07:30;2024-11-19T07:45;31;kWh;-4094;0;0;0;4094;-4094
2024-11-19T07:45;2024-11-19T08:00;32;kWh;-53;1262;0;0;1315;1209
2024-11-19T08:00;2024-11-19T08:15;33;kWh;-52262;0;0;0;52262;-52262
2024-11-19T08:15;2024-11-19T08:30;34;kWh;-72369;0;0;0;72369;-72369
2024-11-19T08:30;2024-11-19T08:45;35;kWh;-65863;0;0;0;65863;-65863
2024-11-19T08:45;2024-11-19T09:00;36;kWh;-21440;0;0;0;21440;-21440
2024-11-19T09:00;2024-11-19T09:15;37;kWh;-7179;0;0;0;7179;-7179
2024-11-19T09:15;2024-11-19T09:30;38;kWh;0;1292;0;0;1292;1292
2024-11-19T09:30;2024-11-19T09:45;39;kWh;-11;3487;0;0;3498;3476
2024-11-19T09:45;2024-11-19T10:00;40;kWh;-93;18698;0;0;18791;18605
2024-11-19T10:00;2024-11-19T10:15;41;kWh;-8141;29062;0;0;37203;20921
2024-11-19T10:15;2024-11-19T10:30;42;kWh;-13129;1860;0;0;14989;-11269
2024-11-19T10:30;2024-11-19T10:45;43;kWh;0;17489;0;0;17489;17489
2024-11-19T10:45;2024-11-19T11:00;44;kWh;-194;1677;0;0;1871;1483
2024-11-19T11:00;2024-11-19T11:15;45;kWh;-9223;0;0;0;9223;-9223
2024-11-19T11:15;2024-11-19T11:30;46;kWh;-14116;0;0;0;14116;-14116
2024-11-19T11:30;2024-11-19T11:45;47;kWh;-2235;0;0;0;2235;-2235
2024-11-19T11:45;2024-11-19T12:00;48;kWh;-17186;0;0;0;17186;-17186
2024-11-19T12:00;2024-11-19T12:15;49;kWh;-9335;0;0;0;9335;-9335
2024-11-19T12:15;2024-11-19T12:30;50;kWh;0;2113;0;0;2113;2113
2024-11-19T12:30;2024-11-19T12:45;51;kWh;0;20617;0;0;20617;20617
2024-11-19T12:45;2024-11-19T13:00;52;kWh;0;7847;0;0;7847;7847
2024-11-19T13:00;2024-11-19T13:15;53;kWh;0;32771;0;0;32771;32771
2024-11-19T13:15;2024-11-19T13:30;54;kWh;0;10650;0;0;10650;10650
2024-11-19T13:30;2024-11-19T13:45;55;kWh;0;3123;0;0;3123;3123
2024-11-19T13:45;2024-11-19T14:00;56;kWh;-12512;0;0;0;12512;-12512
2024-11-19T14:00;2024-11-19T14:15;57;kWh;-7178;6339;0;0;13517;-839
2024-11-19T14:15;2024-11-19T14:30;58;kWh;0;956;0;0;956;956
2024-11-19T14:30;2024-11-19T14:45;59;kWh;-4641;0;0;0;4641;-4641
2024-11-19T14:45;2024-11-19T15:00;60;kWh;-57861;0;0;0;57861;-57861
2024-11-19T15:00;2024-11-19T15:15;61;kWh;-78068;43;0;0;78111;-78025
2024-11-19T15:15;2024-11-19T15:30;62;kWh;-25069;0;0;0;25069;-25069
2024-11-19T15:30;2024-11-19T15:45;63;kWh;-58567;7;0;0;58574;-58560
2024-11-19T15:45;2024-11-19T16:00;64;kWh;-25630;623;0;0;26253;-25007
2024-11-19T16:00;2024-11-19T16:15;65;kWh;-51256;0;0;0;51256;-51256
2024-11-19T16:15;2024-11-19T16:30;66;kWh;-18331;0;0;0;18331;-18331
2024-11-19T16:30;2024-11-19T16:45;67;kWh;-30;0;0;0;30;-30
2024-11-19T16:45;2024-11-19T17:00;68;kWh;-13633;0;0;0;13633;-13633
2024-11-19T17:00;2024-11-19T17:15;69;kWh;-53405;1299;0;0;54704;-52106
2024-11-19T17:15;2024-11-19T17:30;70;kWh;-10019;7282;0;0;17301;-2737
2024-11-19T17:30;2024-11-19T17:45;71;kWh;-4905;0;0;0;4905;-4905
2024-11-19T17:45;2024-11-19T18:00;72;kWh;-2340;0;0;0;2340;-2340
2024-11-19T18:00;2024-11-19T18:15;73;kWh;-24;17449;0;0;17473;17425
2024-11-19T18:15;2024-11-19T18:30;74;kWh;0;17052;0;0;17052;17052
2024-11-19T18:30;2024-11-19T18:45;75;kWh;0;30421;0;0;30421;30421
2024-11-19T18:45;2024-11-19T19:00;76;kWh;0;25984;0;0;25984;25984
2024-11-19T19:00;2024-11-19T19:15;77;kWh;0;36719;0;0;36719;36719
2024-11-19T19:15;2024-11-19T19:30;78;kWh;0;44774;0;0;44774;44774
2024-11-19T19:30;2024-11-19T19:45;79;kWh;-11;24648;0;0;24659;24637
2024-11-19T19:45;2024-11-19T20:00;80;kWh;-3147;292;0;0;3439;-2855
2024-11-19T20:00;2024-11-19T20:15;81;kWh;-30894;0;0;0;30894;-30894
2024-11-19T20:15;2024-11-19T20:30;82;kWh;-27687;0;0;0;27687;-27687
2024-11-19T20:30;2024-11-19T20:45;83;kWh;-217;559;0;0;776;342
2024-11-19T20:45;2024-11-19T21:00;84;kWh;-255;13307;0;0;13562;13052
2024-11-19T21:00;2024-11-19T21:15;85;kWh;-4557;0;0;0;4557;-4557
2024-11-19T21:15;2024-11-19T21:30;86;kWh;0;12406;0;0;12406;12406
2024-11-19T21:30;2024-11-19T21:45;87;kWh;0;15955;0;0;15955;15955
2024-11-19T21:45;2024-11-19T22:00;88;kWh;-22709;0;0;0;22709;-22709
2024-11-19T22:00;2024-11-19T22:15;89;kWh;-18954;5247;0;0;24201;-13707
2024-11-19T22:15;2024-11-19T22:30;90;kWh;0;1506;0;0;1506;1506
2024-11-19T22:30;2024-11-19T22:45;91;kWh;-10928;0;0;0;10928;-10928
2024-11-19T22:45;2024-11-19T23:00;92;kWh;-4020;0;0;0;4020;-4020
2024-11-19T23:00;2024-11-19T23:15;93;kWh;-1401;1965;0;0;3366;564
2024-11-19T23:15;2024-11-19T23:30;94;kWh;-6951;3632;0;0;10583;-3319
2024-11-19T23:30;2024-11-19T23:45;95;kWh;-30283;0;0;0;30283;-30283
2024-11-19T23:45;2024-11-20T00:00;96;kWh;-3418;0;0;0;3418;-3418
2024-11-20T00:00;2024-11-20T00:15;1;kWh;-2732;0;0;0;2732;-2732
2024-11-20T00:15;2024-11-20T00:30;2;kWh;-4154;0;0;0;4154;-4154
2024-11-20T00:30;2024-11-20T00:45;3;kWh;-19942;0;0;0;19942;-19942
2024-11-20T00:45;2024-11-20T01:00;4;kWh;-11014;0;0;0;11014;-11014
2024-11-20T01:00;2024-11-20T01:15;5;kWh;-270;23748;0;0;24018;23478
2024-11-20T01:15;2024-11-20T01:30;6;kWh;0;30952;0;0;30952;30952
2024-11-20T01:30;2024-11-20T01:45;7;kWh;0;43023;0;0;43023;43023
2024-11-20T01:45;2024-11-20T02:00;8;kWh;0;6742;0;0;6742;6742
2024-11-20T02:00;2024-11-20T02:15;9;kWh;0;16487;0;0;16487;16487
2024-11-20T02:15;2024-11-20T02:30;10;kWh;-4078;53;0;0;4131;-4025
2024-11-20T02:30;2024-11-20T02:45;11;kWh;-22676;0;0;0;22676;-22676
2024-11-20T02:45;2024-11-20T03:00;12;kWh;-25787;0;0;0;25787;-25787
2024-11-20T03:00;2024-11-20T03:15;13;kWh;-6643;11687;0;0;18330;5044
2024-11-20T03:15;2024-11-20T03:30;14;kWh;0;28519;0;0;28519;28519
2024-11-20T03:30;2024-11-20T03:45;15;kWh;0;41184;0;0;41184;41184
2024-11-20T03:45;2024-11-20T04:00;16;kWh;-11085;1681;0;0;12766;-9404
2024-11-20T04:00;2024-11-20T04:15;17;kWh;-536;2771;0;0;3307;2235
2024-11-20T04:15;2024-11-20T04:30;18;kWh;0;3211;0;0;3211;3211
2024-11-20T04:30;2024-11-20T04:45;19;kWh;-338;1058;0;0;1396;720
2024-11-20T04:45;2024-11-20T05:00;20;kWh;0;32645;0;0;32645;32645
2024-11-20T05:00;2024-11-20T05:15;21;kWh;-4415;36159;0;0;40574;31744
2024-11-20T05:15;2024-11-20T05:30;22;kWh;-20307;40249;0;0;60556;19942
2024-11-20T05:30;2024-11-20T05:45;23;kWh;0;59237;0;0;59237;59237
2024-11-20T05:45;2024-11-20T06:00;24;kWh;0;61568;0;0;61568;61568
2024-11-20T06:00;2024-11-20T06:15;25;kWh;0;75084;0;0;75084;75084
2024-11-20T06:15;2024-11-20T06:30;26;kWh;0;46397;0;0;46397;46397
2024-11-20T06:30;2024-11-20T06:45;27;kWh;0;73355;0;0;73355;73355
2024-11-20T06:45;2024-11-20T07:00;28;kWh;-10254;15074;0;0;25328;4820
2024-11-20T07:00;2024-11-20T07:15;29;kWh;-991;30747;0;0;31738;29756
2024-11-20T07:15;2024-11-20T07:30;30;kWh;0;80921;0;0;80921;80921
2024-11-20T07:30;2024-11-20T07:45;31;kWh;0;51752;0;0;51752;51752
2024-11-20T07:45;2024-11-20T08:00;32;kWh;0;65916;0;0;65916;65916
2024-11-20T08:00;2024-11-20T08:15;33;kWh;-64734;4337;0;0;69071;-60397
2024-11-20T08:15;2024-11-20T08:30;34;kWh;-33977;0;0;0;33977;-33977
2024-11-20T08:30;2024-11-20T08:45;35;kWh;-24251;0;0;0;24251;-24251
2024-11-20T08:45;2024-11-20T09:00;36;kWh;-247;8374;0;0;8621;8127
2024-11-20T09:00;2024-11-20T09:15;37;kWh;-14061;137;0;0;14198;-13924
2024-11-20T09:15;2024-11-20T09:30;38;kWh;-5906;7207;0;0;13113;1301
2024-11-20T09:30;2024-11-20T09:45;39;kWh;-3150;38133;0;0;41283;34983
2024-11-20T09:45;2024-11-20T10:00;40;kWh;-18849;0;0;0;18849;-18849
2024-11-20T10:00;2024-11-20T10:15;41;kWh;-6842;73566;0;0;80408;66724
2024-11-20T10:15;2024-11-20T10:30;42;kWh;0;99997;0;0;99997;99997
2024-11-20T10:30;2024-11-20T10:45;43;kWh;0;81193;0;0;81193;81193
2024-11-20T10:45;2024-11-20T11:00;44;kWh;0;81589;0;0;81589;81589
2024-11-20T11:00;2024-11-20T11:15;45;kWh;0;46488;0;0;46488;46488
2024-11-20T11:15;2024-11-20T11:30;46;kWh;0;77859;0;0;77859;77859
2024-11-20T11:30;2024-11-20T11:45;47;kWh;0;65524;0;0;65524;65524
2024-11-20T11:45;2024-11-20T12:00;48;kWh;-1200;32079;0;0;33279;30879
2024-11-20T12:00;2024-11-20T12:15;49;kWh;-68;18372;0;0;18440;18304
2024-11-20T12:15;2024-11-20T12:30;50;kWh;0;37790;0;0;37790;37790
2024-11-20T12:30;2024-11-20T12:45;51;kWh;-814;162;0;0;976;-652
2024-11-20T12:45;2024-11-20T13:00;52;kWh;-1708;0;0;0;1708;-1708
2024-11-20T13:00;2024-11-20T13:15;53;kWh;-416;17128;0;0;17544;16712
2024-11-20T13:15;2024-11-20T13:30;54;kWh;-994;13716;0;0;14710;12722
2024-11-20T13:30;2024-11-20T13:45;55;kWh;-2182;0;0;0;2182;-2182
2024-11-20T13:45;2024-11-20T14:00;56;kWh;-24896;0;0;0;24896;-24896
2024-11-20T14:00;2024-11-20T14:15;57;kWh;-56902;0;0;0;56902;-56902
2024-11-20T14:15;2024-11-20T14:30;58;kWh;-25561;0;0;0;25561;-25561
2024-11-20T14:30;2024-11-20T14:45;59;kWh;-41788;0;0;0;41788;-41788
2024-11-20T14:45;2024-11-20T15:00;60;kWh;-35479;34;0;0;35513;-35445
2024-11-20T15:00;2024-11-20T15:15;61;kWh;-62521;111;0;0;62632;-62410
2024-11-20T15:15;2024-11-20T15:30;62;kWh;-70536;207;0;0;70743;-70329
2024-11-20T15:30;2024-11-20T15:45;63;kWh;-254;3292;0;0;3546;3038
2024-11-20T15:45;2024-11-20T16:00;64;kWh;-29596;328;0;0;29924;-29268
2024-11-20T16:00;2024-11-20T16:15;65;kWh;-95582;573;0;0;96155;-95009
2024-11-20T16:15;2024-11-20T16:30;66;kWh;-61638;170;0;0;61808;-61468
2024-11-20T16:30;2024-11-20T16:45;67;kWh;-80232;951;0;0;81183;-79281
2024-11-20T16:45;2024-11-20T17:00;68;kWh;-16203;323;0;0;16526;-15880
2024-11-20T17:00;2024-11-20T17:15;69;kWh;-54743;0;0;0;54743;-54743
2024-11-20T17:15;2024-11-20T17:30;70;kWh;-83100;6780;0;0;89880;-76320
2024-11-20T17:30;2024-11-20T17:45;71;kWh;-94260;7376;0;0;101636;-86884
2024-11-20T17:45;2024-11-20T18:00;72;kWh;-67634;0;0;0;67634;-67634
2024-11-20T18:00;2024-11-20T18:15;73;kWh;-20286;812;0;0;21098;-19474
2024-11-20T18:15;2024-11-20T18:30;74;kWh;-18722;1363;0;0;20085;-17359
2024-11-20T18:30;2024-11-20T18:45;75;kWh;-19735;4379;0;0;24114;-15356
2024-11-20T18:45;2024-11-20T19:00;76;kWh;-9810;0;0;0;9810;-9810
2024-11-20T19:00;2024-11-20T19:15;77;kWh;0;16198;0;0;16198;16198
2024-11-20T19:15;2024-11-20T19:30;78;kWh;0;6293;0;0;6293;6293
2024-11-20T19:30;2024-11-20T19:45;79;kWh;0;17979;0;0;17979;17979
2024-11-20T19:45;2024-11-20T20:00;80;kWh;0;33679;0;0;33679;33679
2024-11-20T20:00;2024-11-20T20:15;81;kWh;0;41593;0;0;41593;41593
2024-11-20T20:15;2024-11-20T20:30;82;kWh;0;42879;0;0;42879;42879
2024-11-20T20:30;2024-11-20T20:45;83;kWh;0;79309;0;0;79309;79309
2024-11-20T20:45;2024-11-20T21:00;84;kWh;0;16563;0;0;16563;16563
2024-11-20T21:00;2024-11-20T21:15;85;kWh;0;9060;0;0;9060;9060
2024-11-20T21:15;2024-11-20T21:30;86;kWh;0;13549;0;0;13549;13549
2024-11-20T21:30;2024-11-20T21:45;87;kWh;-50;5256;0;0;5306;5206
2024-11-20T21:45;2024-11-20T22:00;88;kWh;0;425;0;0;425;425
2024-11-20T22:00;2024-11-20T22:15;89;kWh;0;2984;0;0;2984;2984
2024-11-20T22:15;2024-11-20T22:30;90;kWh;0;17578;0;0;17578;17578
2024-11-20T22:30;2024-11-20T22:45;91;kWh;0;53551;0;0;53551;53551
2024-11-20T22:45;2024-11-20T23:00;92;kWh;0;32345;0;0;32345;32345
2024-11-20T23:00;2024-11-20T23:15;93;kWh;-8;7771;0;0;7779;7763
2024-11-20T23:15;2024-11-20T23:30;94;kWh;-11969;41;0;0;12010;-11928
2024-11-20T23:30;2024-11-20T23:45;95;kWh;-25198;596;0;0;25794;-24602
2024-11-20T23:45;2024-11-21T00:00;96;kWh;-42182;0;0;0;42182;-42182
2024-11-21T00:00;2024-11-21T00:15;1;kWh;-6178;995;0;0;7173;-5183
2024-11-21T00:15;2024-11-21T00:30;2;kWh;0;12161;0;0;12161;12161
2024-11-21T00:30;2024-11-21T00:45;3;kWh;0;4731;0;0;4731;4731
2024-11-21T00:45;2024-11-21T01:00;4;kWh;0;27590;0;0;27590;27590
2024-11-21T01:00;2024-11-21T01:15;5;kWh;0;28138;0;0;28138;28138
2024-11-21T01:15;2024-11-21T01:30;6;kWh;-11624;6870;0;0;18494;-4754
2024-11-21T01:30;2024-11-21T01:45;7;kWh;-11826;157;0;0;11983;-11669
2024-11-21T01:45;2024-11-21T02:00;8;kWh;-219;9463;0;0;9682;9244
2024-11-21T02:00;2024-11-21T02:15;9;kWh;0;6124;0;0;6124;6124
2024-11-21T02:15;2024-11-21T02:30;10;kWh;0;39886;0;0;39886;39886
2024-11-21T02:30;2024-11-21T02:45;11;kWh;-581;24002;0;0;24583;23421
2024-11-21T02:45;2024-11-21T03:00;12;kWh;-30766;0;0;0;30766;-30766
2024-11-21T03:00;2024-11-21T03:15;13;kWh;-26277;442;0;0;26719;-25835
2024-11-21T03:15;2024-11-21T03:30;14;kWh;-1004;0;0;0;1004;-1004
2024-11-21T03:30;2024-11-21T03:45;15;kWh;-11518;0;0;0;11518;-11518
2024-11-21T03:45;2024-11-21T04:00;16;kWh;0;9749;0;0;9749;9749
2024-11-21T04:00;2024-11-21T04:15;17;kWh;-30082;447;0;0;30529;-29635
2024-11-21T04:15;2024-11-21T04:30;18;kWh;-33137;406;0;0;33543;-32731
2024-11-21T04:30;2024-11-21T04:45;19;kWh;0;52047;0;0;52047;52047
2024-11-21T04:45;2024-11-21T05:00;20;kWh;0;61126;0;0;61126;61126
2024-11-21T05:00;2024-11-21T05:15;21;kWh;-9759;9896;0;0;19655;137
2024-11-21T05:15;2024-11-21T05:30;22;kWh;-17865;0;0;0;17865;-17865
2024-11-21T05:30;2024-11-21T05:45;23;kWh;-19446;0;0;0;19446;-19446
2024-11-21T05:45;2024-11-21T06:00;24;kWh;-40988;0;0;0;40988;-40988
2024-11-21T06:00;2024-11-21T06:15;25;kWh;-61433;0;0;0;61433;-61433
2024-11-21T06:15;2024-11-21T06:30;26;kWh;-31047;34;0;0;31081;-31013
2024-11-21T06:30;2024-11-21T06:45;27;kWh;-56601;399;0;0;57000;-56202
2024-11-21T06:45;2024-11-21T07:00;28;kWh;-60703;0;0;0;60703;-60703
2024-11-21T07:00;2024-11-21T07:15;29;kWh;-12343;7003;0;0;19346;-5340
2024-11-21T07:15;2024-11-21T07:30;30;kWh;-11282;7036;0;0;18318;-4246
2024-11-21T07:30;2024-11-21T07:45;31;kWh;-6583;9223;0;0;15806;2640
2024-11-21T07:45;2024-11-21T08:00;32;kWh;0;33218;0;0;33218;33218
2024-11-21T08:00;2024-11-21T08:15;33;kWh;-24793;2736;0;0;27529;-22057
2024-11-21T08:15;2024-11-21T08:30;34;kWh;-42135;0;0;0;42135;-42135
2024-11-21T08:30;2024-11-21T08:45;35;kWh;-42391;0;0;0;42391;-42391
2024-11-21T08:45;2024-11-21T09:00;36;kWh;-15611;0;0;0;15611;-15611
2024-11-21T09:00;2024-11-21T09:15;37;kWh;-5847;4322;0;0;10169;-1525
2024-11-21T09:15;2024-11-21T09:30;38;kWh;0;45764;0;0;45764;45764
2024-11-21T09:30;2024-11-21T09:45;39;kWh;-12587;39081;0;0;51668;26494
2024-11-21T09:45;2024-11-21T10:00;40;kWh;-4659;27533;0;0;32192;22874
2024-11-21T10:00;2024-11-21T10:15;41;kWh;-3809;57348;0;0;61157;53539
2024-11-21T10:15;2024-11-21T10:30;42;kWh;-21997;46735;0;0;68732;24738
2024-11-21T10:30;2024-11-21T10:45;43;kWh;-4243;73725;0;0;77968;69482
2024-11-21T10:45;2024-11-21T11:00;44;kWh;-5568;37036;0;0;42604;31468
2024-11-21T11:00;2024-11-21T11:15;45;kWh;-6;34551;0;0;34557;34545
2024-11-21T11:15;2024-11-21T11:30;46;kWh;-4615;6882;0;0;11497;2267
2024-11-21T11:30;2024-11-21T11:45;47;kWh;0;61299;0;0;61299;61299
2024-11-21T11:45;2024-11-21T12:00;48;kWh;0;74901;0;0;74901;74901
2024-11-21T12:00;2024-11-21T12:15;49;kWh;0;44811;0;0;44811;44811
2024-11-21T12:15;2024-11-21T12:30;50;kWh;0;77661;0;0;77661;77661
2024-11-21T12:30;2024-11-21T12:45;51;kWh;0;76689;0;0;76689;76689
2024-11-21T12:45;2024-11-21T13:00;52;kWh;0;75183;0;0;75183;75183
2024-11-21T13:00;2024-11-21T13:15;53;kWh;-9151;20038;0;0;29189;10887
2024-11-21T13:15;2024-11-21T13:30;54;kWh;0;39897;0;0;39897;39897
2024-11-21T13:30;2024-11-21T13:45;55;kWh;0;19296;0;0;19296;19296
2024-11-21T13:45;2024-11-21T14:00;56;kWh;0;53960;0;0;53960;53960
2024-11-21T14:00;2024-11-21T14:15;57;kWh;0;14551;0;0;14551;14551
2024-11-21T14:15;2024-11-21T14:30;58;kWh;0;28123;0;0;28123;28123
2024-11-21T14:30;2024-11-21T14:45;59;kWh;0;37807;0;0;37807;37807
2024-11-21T14:45;2024-11-21T15:00;60;kWh;0;44668;0;0;44668;44668
2024-11-21T15:00;2024-11-21T15:15;61;kWh;-19317;4978;0;0;24295;-14339
2024-11-21T15:15;2024-11-21T15:30;62;kWh;-1114;4030;0;0;5144;2916
2024-11-21T15:30;2024-11-21T15:45;63;kWh;0;27868;0;0;27868;27868
2024-11-21T15:45;2024-11-21T16:00;64;kWh;0;18969;0;0;18969;18969
2024-11-21T16:00;2024-11-21T16:15;65;kWh;-6189;6061;0;0;12250;-128
2024-11-21T16:15;2024-11-21T16:30;66;kWh;-10;6352;0;0;6362;6342
2024-11-21T16:30;2024-11-21T16:45;67;kWh;-482;5501;0;0;5983;5019
2024-11-21T16:45;2024-11-21T17:00;68;kWh;-21351;0;0;0;21351;-21351
2024-11-21T17:00;2024-11-21T17:15;69;kWh;-84070;0;0;0;84070;-84070
2024-11-21T17:15;2024-11-21T17:30;70;kWh;-8909;166;0;0;9075;-8743
2024-11-21T17:30;2024-11-21T17:45;71;kWh;-12116;118;0;0;12234;-11998
2024-11-21T17:45;2024-11-21T18:00;72;kWh;-27771;0;0;0;27771;-27771
2024-11-21T18:00;2024-11-21T18:15;73;kWh;-14083;664;0;0;14747;-13419
2024-11-21T18:15;2024-11-21T18:30;74;kWh;0;28711;0;0;28711;28711
2024-11-21T18:30;2024-11-21T18:45;75;kWh;0;7455;0;0;7455;7455
2024-11-21T18:45;2024-11-21T19:00;76;kWh;0;2785;0;0;2785;2785
2024-11-21T19:00;2024-11-21T19:15;77;kWh;-14;97;0;0;111;83
2024-11-21T19:15;2024-11-21T19:30;78;kWh;-295;4359;0;0;4654;4064
2024-11-21T19:30;2024-11-21T19:45;79;kWh;-13;12630;0;0;12643;12617
2024-11-21T19:45;2024-11-21T20:00;80;kWh;-135;926;0;0;1061;791
2024-11-21T20:00;2024-11-21T20:15;81;kWh;0;43033;0;0;43033;43033
2024-11-21T20:15;2024-11-21T20:30;82;kWh;0;45113;0;0;45113;45113
2024-11-21T20:30;2024-11-21T20:45;83;kWh;0;26976;0;0;26976;26976
2024-11-21T20:45;2024-11-21T21:00;84;kWh;0;21070;0;0;21070;21070
2024-11-21T21:00;2024-11-21T21:15;85;kWh;0;25295;0;0;25295;25295
2024-11-21T21:15;2024-11-21T21:30;86;kWh;0;39636;0;0;39636;39636
2024-11-21T21:30;2024-11-21T21:45;87;kWh;0;27366;0;0;27366;27366
2024-11-21T21:45;2024-11-21T22:00;88;kWh;-65;12836;0;0;12901;12771
2024-11-21T22:00;2024-11-21T22:15;89;kWh;-281;20949;0;0;21230;20668
2024-11-21T22:15;2024-11-21T22:30;90;kWh;-1028;142;0;0;1170;-886
2024-11-21T22:30;2024-11-21T22:45;91;kWh;-2;19510;0;0;19512;19508
2024-11-21T22:45;2024-11-21T23:00;92;kWh;0;19449;0;0;19449;19449
2024-11-21T23:00;2024-11-21T23:15;93;kWh;-60;11915;0;0;11975;11855
2024-11-21T23:15;2024-11-21T23:30;94;kWh;-15414;0;0;0;15414;-15414
2024-11-21T23:30;2024-11-21T23:45;95;kWh;-24070;0;0;0;24070;-24070
2024-11-21T23:45;2024-11-22T00:00;96;kWh;-31556;0;0;0;31556;-31556
2024-11-22T00:00;2024-11-22T00:15;1;kWh;-16405;42;0;0;16447;-16363
2024-11-22T00:15;2024-11-22T00:30;2;kWh;-7731;0;0;0;7731;-7731
2024-11-22T00:30;2024-11-22T00:45;3;kWh;-19225;0;0;0;19225;-19225
2024-11-22T00:45;2024-11-22T01:00;4;kWh;-12898;8048;0;0;20946;-4850
2024-11-22T01:00;2024-11-22T01:15;5;kWh;-6;51617;0;0;51623;51611
2024-11-22T01:15;2024-11-22T01:30;6;kWh;0;64435;0;0;64435;64435
2024-11-22T01:30;2024-11-22T01:45;7;kWh;0;32576;0;0;32576;32576
2024-11-22T01:45;2024-11-22T02:00;8;kWh;-338;3840;0;0;4178;3502
2024-11-22T02:00;2024-11-22T02:15;9;kWh;-4637;0;0;0;4637;-4637
2024-11-22T02:15;2024-11-22T02:30;10;kWh;-8555;0;0;0;8555;-8555
2024-11-22T02:30;2024-11-22T02:45;11;kWh;-5860;0;0;0;5860;-5860
2024-11-22T02:45;2024-11-22T03:00;12;kWh;-5433;0;0;0;5433;-5433
2024-11-22T03:00;2024-11-22T03:15;13;kWh;-1089;42475;0;0;43564;41386
2024-11-22T03:15;2024-11-22T03:30;14;kWh;0;80964;0;0;80964;80964
2024-11-22T03:30;2024-11-22T03:45;15;kWh;0;68593;0;0;68593;68593
2024-11-22T03:45;2024-11-22T04:00;16;kWh;-357;40448;0;0;40805;40091
2024-11-22T04:00;2024-11-22T04:15;17;kWh;-11564;0;0;0;11564;-11564
2024-11-22T04:15;2024-11-22T04:30;18;kWh;-6616;0;0;0;6616;-6616
2024-11-22T04:30;2024-11-22T04:45;19;kWh;-3044;0;0;0;3044;-3044
2024-11-22T04:45;2024-11-22T05:00;20;kWh;-2768;736;0;0;3504;-2032
2024-11-22T05:00;2024-11-22T05:15;21;kWh;-25534;0;0;0;25534;-25534
2024-11-22T05:15;2024-11-22T05:30;22;kWh;-15713;0;0;0;15713;-15713
2024-11-22T05:30;2024-11-22T05:45;23;kWh;-3022;2801;0;0;5823;-221
2024-11-22T05:45;2024-11-22T06:00;24;kWh;0;47927;0;0;47927;47927
2024-11-22T06:00;2024-11-22T06:15;25;kWh;-3012;12114;0;0;15126;9102
2024-11-22T06:15;2024-11-22T06:30;26;kWh;-16293;5;0;0;16298;-16288
2024-11-22T06:30;2024-11-22T06:45;27;kWh;-25264;1046;0;0;26310;-24218
2024-11-22T06:45;2024-11-22T07:00;28;kWh;-18;3139;0;0;3157;3121
2024-11-22T07:00;2024-11-22T07:15;29;kWh;-35338;0;0;0;35338;-35338
2024-11-22T07:15;2024-11-22T07:30;30;kWh;-22552;0;0;0;22552;-22552
2024-11-22T07:30;2024-11-22T07:45;31;kWh;-37;0;0;0;37;-37
2024-11-22T07:45;2024-11-22T08:00;32;kWh;0;1189;0;0;1189;1189
2024-11-22T08:00;2024-11-22T08:15;33;kWh;-71621;0;0;0;71621;-71621
2024-11-22T08:15;2024-11-22T08:30;34;kWh;-103112;0;0;0;103112;-103112
2024-11-22T08:30;2024-11-22T08:45;35;kWh;-57106;82;0;0;57188;-57024
2024-11-22T08:45;2024-11-22T09:00;36;kWh;-23257;17700;0;0;40957;-5557
2024-11-22T09:00;2024-11-22T09:15;37;kWh;0;36462;0;0;36462;36462
2024-11-22T09:15;2024-11-22T09:30;38;kWh;-681;25318;0;0;25999;24637
2024-11-22T09:30;2024-11-22T09:45;39;kWh;-5917;80;0;0;5997;-5837
2024-11-22T09:45;2024-11-22T10:00;40;kWh;-13361;4;0;0;13365;-13357
2024-11-22T10:00;2024-11-22T10:15;41;kWh;-3923;0;0;0;3923;-3923
2024-11-22T10:15;2024-11-22T10:30;42;kWh;-47234;0;0;0;47234;-47234
2024-11-22T10:30;2024-11-22T10:45;43;kWh;-32569;474;0;0;33043;-32095
2024-11-22T10:45;2024-11-22T11:00;44;kWh;-74497;0;0;0;74497;-74497
2024-11-22T11:00;2024-11-22T11:15;45;kWh;-31737;60;0;0;31797;-31677
2024-11-22T11:15;2024-11-22T11:30;46;kWh;-16640;6;0;0;16646;-16634
2024-11-22T11:30;2024-11-22T11:45;47;kWh;-2975;10066;0;0;13041;7091
2024-11-22T11:45;2024-11-22T12:00;48;kWh;-27231;0;0;0;27231;-27231
2024-11-22T12:00;2024-11-22T12:15;49;kWh;-24595;0;0;0;24595;-24595
2024-11-22T12:15;2024-11-22T12:30;50;kWh;-17862;0;0;0;17862;-17862
2024-11-22T12:30;2024-11-22T12:45;51;kWh;-15041;0;0;0;15041;-15041
2024-11-22T12:45;2024-11-22T13:00;52;kWh;-2695;1028;0;0;3723;-1667
2024-11-22T13:00;2024-11-22T13:15;53;kWh;0;37791;0;0;37791;37791
2024-11-22T13:15;2024-11-22T13:30;54;kWh;0;69466;0;0;69466;69466
2024-11-22T13:30;2024-11-22T13:45;55;kWh;-9;51190;0;0;51199;51181
2024-11-22T13:45;2024-11-22T14:00;56;kWh;-1198;1764;0;0;2962;566
2024-11-22T14:00;2024-11-22T14:15;57;kWh;-40056;5;0;0;40061;-40051
2024-11-22T14:15;2024-11-22T14:30;58;kWh;-48270;0;0;0;48270;-48270
2024-11-22T14:30;2024-11-22T14:45;59;kWh;-1791;0;0;0;1791;-1791
2024-11-22T14:45;2024-11-22T15:00;60;kWh;-2547;0;0;0;2547;-2547
2024-11-22T15:00;2024-11-22T15:15;61;kWh;-13806;0;0;0;13806;-13806
2024-11-22T15:15;2024-11-22T15:30;62;kWh;-12454;0;0;0;12454;-12454
2024-11-22T15:30;2024-11-22T15:45;63;kWh;-50899;0;0;0;50899;-50899
2024-11-22T15:45;2024-11-22T16:00;64;kWh;-35098;0;0;0;35098;-35098
2024-11-22T16:00;2024-11-22T16:15;65;kWh;-24410;0;0;0;24410;-24410
2024-11-22T16:15;2024-11-22T16:30;66;kWh;-447;0;0;0;447;-447
2024-11-22T16:30;2024-11-22T16:45;67;kWh;-46331;0;0;0;46331;-46331
2024-11-22T16:45;2024-11-22T17:00;68;kWh;-26460;0;0;0;26460;-26460
2024-11-22T17:00;2024-11-22T17:15;69;kWh;-20226;0;0;0;20226;-20226
2024-11-22T17:15;2024-11-22T17:30;70;kWh;-7943;0;0;0;7943;-7943
2024-11-22T17:30;2024-11-22T17:45;71;kWh;-6664;0;0;0;6664;-6664
2024-11-22T17:45;2024-11-22T18:00;72;kWh;0;14027;0;0;14027;14027
2024-11-22T18:00;2024-11-22T18:15;73;kWh;-17723;7719;0;0;25442;-10004
2024-11-22T18:15;2024-11-22T18:30;74;kWh;-48614;0;0;0;48614;-48614
2024-11-22T18:30;2024-11-22T18:45;75;kWh;-19958;0;0;0;19958;-19958
2024-11-22T18:45;2024-11-22T19:00;76;kWh;-28236;0;0;0;28236;-28236
2024-11-22T19:00;2024-11-22T19:15;77;kWh;-60034;0;0;0;60034;-60034
2024-11-22T19:15;2024-11-22T19:30;78;kWh;-5933;16271;0;0;22204;10338
2024-11-22T19:30;2024-11-22T19:45;79;kWh;0;57440;0;0;57440;57440
2024-11-22T19:45;2024-11-22T20:00;80;kWh;0;59753;0;0;59753;59753
2024-11-22T20:00;2024-11-22T20:15;81;kWh;-1127;18032;0;0;19159;16905
2024-11-22T20:15;2024-11-22T20:30;82;kWh;-6819;4709;0;0;11528;-2110
2024-11-22T20:30;2024-11-22T20:45;83;kWh;-37585;0;0;0;37585;-37585
2024-11-22T20:45;2024-11-22T21:00;84;kWh;-45657;0;0;0;45657;-45657
2024-11-22T21:00;2024-11-22T21:15;85;kWh;-57676;0;0;0;57676;-57676
2024-11-22T21:15;2024-11-22T21:30;86;kWh;-51543;0;0;0;51543;-51543
2024-11-22T21:30;2024-11-22T21:45;87;kWh;-62137;0;0;0;62137;-62137
2024-11-22T21:45;2024-11-22T22:00;88;kWh;-68660;0;0;0;68660;-68660
2024-11-22T22:00;2024-11-22T22:15;89;kWh;-43070;3;0;0;43073;-43067
2024-11-22T22:15;2024-11-22T22:30;90;kWh;-63513;0;0;0;63513;-63513
2024-11-22T22:30;2024-11-22T22:45;91;kWh;-89466;0;0;0;89466;-89466
2024-11-22T22:45;2024-11-22T23:00;92;kWh;-85329;0;0;0;85329;-85329
2024-11-22T23:00;2024-11-22T23:15;93;kWh;-48413;19983;0;0;68396;-28430
2024-11-22T23:15;2024-11-22T23:30;94;kWh;-41789;0;0;0;41789;-41789
2024-11-22T23:30;2024-11-22T23:45;95;kWh;-60776;0;0;0;60776;-60776
2024-11-22T23:45;2024-11-23T00:00;96;kWh;-58651;711;0;0;59362;-57940
2024-11-23T00:00;2024-11-23T00:15;1;kWh;-51;91890;0;0;91941;91839
2024-11-23T00:15;2024-11-23T00:30;2;kWh;0;55848;0;0;55848;55848
2024-11-23T00:30;2024-11-23T00:45;3;kWh;0;52302;0;0;52302;52302
2024-11-23T00:45;2024-11-23T01:00;4;kWh;0;55529;0;0;55529;55529
2024-11-23T01:00;2024-11-23T01:15;5;kWh;0;65630;0;0;65630;65630
2024-11-23T01:15;2024-11-23T01:30;6;kWh;0;76008;0;0;76008;76008
2024-11-23T01:30;2024-11-23T01:45;7;kWh;0;28884;0;0;28884;28884
2024-11-23T01:45;2024-11-23T02:00;8;kWh;0;4355;0;0;4355;4355
2024-11-23T02:00;2024-11-23T02:15;9;kWh;-19462;5069;0;0;24531;-14393
2024-11-23T02:15;2024-11-23T02:30;10;kWh;-19561;11805;0;0;31366;-7756
2024-11-23T02:30;2024-11-23T02:45;11;kWh;-22058;0;0;0;22058;-22058
2024-11-23T02:45;2024-11-23T03:00;12;kWh;-1540;7820;0;0;9360;6280
2024-11-23T03:00;2024-11-23T03:15;13;kWh;0;22475;0;0;22475;22475
2024-11-23T03:15;2024-11-23T03:30;14;kWh;-3548;8589;0;0;12137;5041
2024-11-23T03:30;2024-11-23T03:45;15;kWh;-10920;168;0;0;11088;-10752
2024-11-23T03:45;2024-11-23T04:00;16;kWh;-19224;6553;0;0;25777;-12671
2024-11-23T04:00;2024-11-23T04:15;17;kWh;-23601;18567;0;0;42168;-5034
2024-11-23T04:15;2024-11-23T04:30;18;kWh;-31237;18518;0;0;49755;-12719
2024-11-23T04:30;2024-11-23T04:45;19;kWh;-1852;5350;0;0;7202;3498
2024-11-23T04:45;2024-11-23T05:00;20;kWh;-3184;2991;0;0;6175;-193
2024-11-23T05:00;2024-11-23T05:15;21;kWh;-10781;1507;0;0;12288;-9274
2024-11-23T05:15;2024-11-23T05:30;22;kWh;-6025;0;0;0;6025;-6025
2024-11-23T05:30;2024-11-23T05:45;23;kWh;-4594;0;0;0;4594;-4594
2024-11-23T05:45;2024-11-23T06:00;24;kWh;-869;18811;0;0;19680;17942
2024-11-23T06:00;2024-11-23T06:15;25;kWh;-18;10923;0;0;10941;10905
2024-11-23T06:15;2024-11-23T06:30;26;kWh;0;8460;0;0;8460;8460
2024-11-23T06:30;2024-11-23T06:45;27;kWh;-11593;2101;0;0;13694;-9492
2024-11-23T06:45;2024-11-23T07:00;28;kWh;-9692;848;0;0;10540;-8844
2024-11-23T07:00;2024-11-23T07:15;29;kWh;-9697;12987;0;0;22684;3290
2024-11-23T07:15;2024-11-23T07:30;30;kWh;0;5307;0;0;5307;5307
2024-11-23T07:30;2024-11-23T07:45;31;kWh;0;8077;0;0;8077;8077
2024-11-23T07:45;2024-11-23T08:00;32;kWh;0;3371;0;0;3371;3371
2024-11-23T08:00;2024-11-23T08:15;33;kWh;-29;2587;0;0;2616;2558
2024-11-23T08:15;2024-11-23T08:30;34;kWh;0;2772;0;0;2772;2772
2024-11-23T08:30;2024-11-23T08:45;35;kWh;0;10024;0;0;10024;10024
2024-11-23T08:45;2024-11-23T09:00;36;kWh;-3273;4855;0;0;8128;1582
2024-11-23T09:00;2024-11-23T09:15;37;kWh;-30203;0;0;0;30203;-30203
2024-11-23T09:15;2024-11-23T09:30;38;kWh;-20040;0;0;0;20040;-20040
2024-11-23T09:30;2024-11-23T09:45;39;kWh;-39165;0;0;0;39165;-39165
2024-11-23T09:45;2024-11-23T10:00;40;kWh;-37592;0;0;0;37592;-37592
2024-11-23T10:00;2024-11-23T10:15;41;kWh;-23078;497;0;0;23575;-22581
2024-11-23T10:15;2024-11-23T10:30;42;kWh;-11651;0;0;0;11651;-11651
2024-11-23T10:30;2024-11-23T10:45;43;kWh;-27438;0;0;0;27438;-27438
2024-11-23T10:45;2024-11-23T11:00;44;kWh;-16404;0;0;0;16404;-16404
2024-11-23T11:00;2024-11-23T11:15;45;kWh;0;25540;0;0;25540;25540
2024-11-23T11:15;2024-11-23T11:30;46;kWh;-4;2576;0;0;2580;2572
2024-11-23T11:30;2024-11-23T11:45;47;kWh;-3511;0;0;0;3511;-3511
2024-11-23T11:45;2024-11-23T12:00;48;kWh;-9790;0;0;0;9790;-9790
2024-11-23T12:00;2024-11-23T12:15;49;kWh;-1743;15660;0;0;17403;13917
2024-11-23T12:15;2024-11-23T12:30;50;kWh;-14656;187;0;0;14843;-14469
2024-11-23T12:30;2024-11-23T12:45;51;kWh;-16091;0;0;0;16091;-16091
2024-11-23T12:45;2024-11-23T13:00;52;kWh;-44336;0;0;0;44336;-44336
2024-11-23T13:00;2024-11-23T13:15;53;kWh;-9984;0;0;0;9984;-9984
2024-11-23T13:15;2024-11-23T13:30;54;kWh;-18579;0;0;0;18579;-18579
2024-11-23T13:30;2024-11-23T13:45;55;kWh;-3116;3127;0;0;6243;11
2024-11-23T13:45;2024-11-23T14:00;56;kWh;-346;4809;0;0;5155;4463
2024-11-23T14:00;2024-11-23T14:15;57;kWh;-460;26724;0;0;27184;26264
2024-11-23T14:15;2024-11-23T14:30;58;kWh;-2259;2067;0;0;4326;-192
2024-11-23T14:30;2024-11-23T14:45;59;kWh;0;20082;0;0;20082;20082
2024-11-23T14:45;2024-11-23T15:00;60;kWh;0;32807;0;0;32807;32807
2024-11-23T15:00;2024-11-23T15:15;61;kWh;-22827;3484;0;0;26311;-19343
2024-11-23T15:15;2024-11-23T15:30;62;kWh;-9802;1123;0;0;10925;-8679
2024-11-23T15:30;2024-11-23T15:45;63;kWh;0;1073;0;0;1073;1073
2024-11-23T15:45;2024-11-23T16:00;64;kWh;-857;1953;0;0;2810;1096
2024-11-23T16:00;2024-11-23T16:15;65;kWh;-13948;12;0;0;13960;-13936
2024-11-23T16:15;2024-11-23T16:30;66;kWh;0;1;0;0;1;1
2024-11-23T16:30;2024-11-23T16:45;67;kWh;0;134;0;0;134;134
2024-11-23T16:45;2024-11-23T17:00;68;kWh;0;9283;0;0;9283;9283
2024-11-23T17:00;2024-11-23T17:15;69;kWh;-12744;3574;0;0;16318;-9170
2024-11-23T17:15;2024-11-23T17:30;70;kWh;-3730;28;0;0;3758;-3702
2024-11-23T17:30;2024-11-23T17:45;71;kWh;-13505;0;0;0;13505;-13505
2024-11-23T17:45;2024-11-23T18:00;72;kWh;-14557;0;0;0;14557;-14557
2024-11-23T18:00;2024-11-23T18:15;73;kWh;-10216;307;0;0;10523;-9909
2024-11-23T18:15;2024-11-23T18:30;74;kWh;-9361;323;0;0;9684;-9038
2024-11-23T18:30;2024-11-23T18:45;75;kWh;-16933;59;0;0;16992;-16874
2024-11-23T18:45;2024-11-23T19:00;76;kWh;-23511;1799;0;0;25310;-21712
2024-11-23T19:00;2024-11-23T19:15;77;kWh;-17088;14132;0;0;31220;-2956
2024-11-23T19:15;2024-11-23T19:30;78;kWh;-8590;9686;0;0;18276;1096
2024-11-23T19:30;2024-11-23T19:45;79;kWh;-7122;6166;0;0;13288;-956
2024-11-23T19:45;2024-11-23T20:00;80;kWh;-2426;230;0;0;2656;-2196
2024-11-23T20:00;2024-11-23T20:15;81;kWh;-841;5039;0;0;5880;4198
2024-11-23T20:15;2024-11-23T20:30;82;kWh;-8566;0;0;0;8566;-8566
2024-11-23T20:30;2024-11-23T20:45;83;kWh;-16866;561;0;0;17427;-16305
2024-11-23T20:45;2024-11-23T21:00;84;kWh;-6576;915;0;0;7491;-5661
2024-11-23T21:00;2024-11-23T21:15;85;kWh;-1;29789;0;0;29790;29788
2024-11-23T21:15;2024-11-23T21:30;86;kWh;-1770;15308;0;0;17078;13538
2024-11-23T21:30;2024-11-23T21:45;87;kWh;-8746;5149;0;0;13895;-3597
2024-11-23T21:45;2024-11-23T22:00;88;kWh;-8036;8472;0;0;16508;436
2024-11-23T22:00;2024-11-23T22:15;89;kWh;-405;13027;0;0;13432;12622
2024-11-23T22:15;2024-11-23T22:30;90;kWh;0;15346;0;0;15346;15346
2024-11-23T22:30;2024-11-23T22:45;91;kWh;-4348;0;0;0;4348;-4348
2024-11-23T22:45;2024-11-23T23:00;92;kWh;-15733;0;0;0;15733;-15733
2024-11-23T23:00;2024-11-23T23:15;93;kWh;-10111;0;0;0;10111;-10111
2024-11-23T23:15;2024-11-23T23:30;94;kWh;-20265;1651;0;0;21916;-18614
2024-11-23T23:30;2024-11-23T23:45;95;kWh;-32897;537;0;0;33434;-32360
2024-11-23T23:45;2024-11-24T00:00;96;kWh;-34516;815;0;0;35331;-33701
2024-11-24T00:00;2024-11-24T00:15;1;kWh;-331;12516;0;0;12847;12185
2024-11-24T00:15;2024-11-24T00:30;2;kWh;-2721;12046;0;0;14767;9325
2024-11-24T00:30;2024-11-24T00:45;3;kWh;-6472;13286;0;0;19758;6814
2024-11-24T00:45;2024-11-24T01:00;4;kWh;0;794;0;0;794;794
2024-11-24T01:00;2024-11-24T01:15;5;kWh;0;13567;0;0;13567;13567
2024-11-24T01:15;2024-11-24T01:30;6;kWh;-2937;20056;0;0;22993;17119
2024-11-24T01:30;2024-11-24T01:45;7;kWh;-2570;2258;0;0;4828;-312
2024-11-24T01:45;2024-11-24T02:00;8;kWh;-6854;5538;0;0;12392;-1316
2024-11-24T02:00;2024-11-24T02:15;9;kWh;-9067;29560;0;0;38627;20493
2024-11-24T02:15;2024-11-24T02:30;10;kWh;-2880;484;0;0;3364;-2396
2024-11-24T02:30;2024-11-24T02:45;11;kWh;-5369;0;0;0;5369;-5369
2024-11-24T02:45;2024-11-24T03:00;12;kWh;-7428;0;0;0;7428;-7428
2024-11-24T03:00;2024-11-24T03:15;13;kWh;-1829;390;0;0;2219;-1439
2024-11-24T03:15;2024-11-24T03:30;14;kWh;-4583;0;0;0;4583;-4583
2024-11-24T03:30;2024-11-24T03:45;15;kWh;-1262;0;0;0;1262;-1262
2024-11-24T03:45;2024-11-24T04:00;16;kWh;-4543;0;0;0;4543;-4543
2024-11-24T04:00;2024-11-24T04:15;17;kWh;-1551;0;0;0;1551;-1551
2024-11-24T04:15;2024-11-24T04:30;18;kWh;-2264;0;0;0;2264;-2264
2024-11-24T04:30;2024-11-24T04:45;19;kWh;-3893;0;0;0;3893;-3893
2024-11-24T04:45;2024-11-24T05:00;20;kWh;-774;101;0;0;875;-673
2024-11-24T05:00;2024-11-24T05:15;21;kWh;0;1280;0;0;1280;1280
2024-11-24T05:15;2024-11-24T05:30;22;kWh;-2526;794;0;0;3320;-1732
2024-11-24T05:30;2024-11-24T05:45;23;kWh;0;322;0;0;322;322
2024-11-24T05:45;2024-11-24T06:00;24;kWh;-3366;0;0;0;3366;-3366
2024-11-24T06:00;2024-11-24T06:15;25;kWh;-1529;1019;0;0;2548;-510
2024-11-24T06:15;2024-11-24T06:30;26;kWh;-1694;1332;0;0;3026;-362
2024-11-24T06:30;2024-11-24T06:45;27;kWh;-2847;1;0;0;2848;-2846
2024-11-24T06:45;2024-11-24T07:00;28;kWh;-588;428;0;0;1016;-160
2024-11-24T07:00;2024-11-24T07:15;29;kWh;-12310;0;0;0;12310;-12310
2024-11-24T07:15;2024-11-24T07:30;30;kWh;-3494;0;0;0;3494;-3494
2024-11-24T07:30;2024-11-24T07:45;31;kWh;-2178;0;0;0;2178;-2178
2024-11-24T07:45;2024-11-24T08:00;32;kWh;-2326;0;0;0;2326;-2326
2024-11-24T08:00;2024-11-24T08:15;33;kWh;-5038;0;0;0;5038;-5038
2024-11-24T08:15;2024-11-24T08:30;34;kWh;-13955;0;0;0;13955;-13955
2024-11-24T08:30;2024-11-24T08:45;35;kWh;-4221;0;0;0;4221;-4221
2024-11-24T08:45;2024-11-24T09:00;36;kWh;-1836;25;0;0;1861;-1811
2024-11-24T09:00;2024-11-24T09:15;37;kWh;0;1832;0;0;1832;1832
2024-11-24T09:15;2024-11-24T09:30;38;kWh;0;2967;0;0;2967;2967
2024-11-24T09:30;2024-11-24T09:45;39;kWh;-4841;1874;0;0;6715;-2967
2024-11-24T09:45;2024-11-24T10:00;40;kWh;-3094;611;0;0;3705;-2483
2024-11-24T10:00;2024-11-24T10:15;41;kWh;0;12899;0;0;12899;12899
2024-11-24T10:15;2024-11-24T10:30;42;kWh;0;1992;0;0;1992;1992
2024-11-24T10:30;2024-11-24T10:45;43;kWh;-19151;1046;0;0;20197;-18105
2024-11-24T10:45;2024-11-24T11:00;44;kWh;-27056;0;0;0;27056;-27056
2024-11-24T11:00;2024-11-24T11:15;45;kWh;-23096;0;0;0;23096;-23096
2024-11-24T11:15;2024-11-24T11:30;46;kWh;-24764;0;0;0;24764;-24764
2024-11-24T11:30;2024-11-24T11:45;47;kWh;-17977;0;0;0;17977;-17977
2024-11-24T11:45;2024-11-24T12:00;48;kWh;-18103;0;0;0;18103;-18103
2024-11-24T12:00;2024-11-24T12:15;49;kWh;-7217;0;0;0;7217;-7217
2024-11-24T12:15;2024-11-24T12:30;50;kWh;-4606;0;0;0;4606;-4606
2024-11-24T12:30;2024-11-24T12:45;51;kWh;-23625;0;0;0;23625;-23625
2024-11-24T12:45;2024-11-24T13:00;52;kWh;-13985;0;0;0;13985;-13985
2024-11-24T13:00;2024-11-24T13:15;53;kWh;-21416;319;0;0;21735;-21097
2024-11-24T13:15;2024-11-24T13:30;54;kWh;-26068;155;0;0;26223;-25913
2024-11-24T13:30;2024-11-24T13:45;55;kWh;-1082;9082;0;0;10164;8000
2024-11-24T13:45;2024-11-24T14:00;56;kWh;0;10067;0;0;10067;10067
2024-11-24T14:00;2024-11-24T14:15;57;kWh;0;7057;0;0;7057;7057
2024-11-24T14:15;2024-11-24T14:30;58;kWh;0;29996;0;0;29996;29996
2024-11-24T14:30;2024-11-24T14:45;59;kWh;0;24229;0;0;24229;24229
2024-11-24T14:45;2024-11-24T15:00;60;kWh;0;19209;0;0;19209;19209
2024-11-24T15:00;2024-11-24T15:15;61;kWh;-15686;0;0;0;15686;-15686
2024-11-24T15:15;2024-11-24T15:30;62;kWh;-180;52;0;0;232;-128
2024-11-24T15:30;2024-11-24T15:45;63;kWh;0;0;0;0;0;0
2024-11-24T15:45;2024-11-24T16:00;64;kWh;-532;0;0;0;532;-532
2024-11-24T16:00;2024-11-24T16:15;65;kWh;-35512;1653;0;0;37165;-33859
2024-11-24T16:15;2024-11-24T16:30;66;kWh;-11792;9290;0;0;21082;-2502
2024-11-24T16:30;2024-11-24T16:45;67;kWh;-10883;180;0;0;11063;-10703
2024-11-24T16:45;2024-11-24T17:00;68;kWh;-2638;9;0;0;2647;-2629
2024-11-24T17:00;2024-11-24T17:15;69;kWh;-14857;17712;0;0;32569;2855
2024-11-24T17:15;2024-11-24T17:30;70;kWh;-11550;18966;0;0;30516;7416
2024-11-24T17:30;2024-11-24T17:45;71;kWh;-14729;11081;0;0;25810;-3648
2024-11-24T17:45;2024-11-24T18:00;72;kWh;-5313;1557;0;0;6870;-3756
2024-11-24T18:00;2024-11-24T18:15;73;kWh;-133;3547;0;0;3680;3414
2024-11-24T18:15;2024-11-24T18:30;74;kWh;-3181;0;0;0;3181;-3181
2024-11-24T18:30;2024-11-24T18:45;75;kWh;-10441;0;0;0;10441;-10441
2024-11-24T18:45;2024-11-24T19:00;76;kWh;-4030;0;0;0;4030;-4030
2024-11-24T19:00;2024-11-24T19:15;77;kWh;-14234;0;0;0;14234;-14234
2024-11-24T19:15;2024-11-24T19:30;78;kWh;-11675;6791;0;0;18466;-4884
2024-11-24T19:30;2024-11-24T19:45;79;kWh;-11211;3660;0;0;14871;-7551
2024-11-24T19:45;2024-11-24T20:00;80;kWh;-13700;0;0;0;13700;-13700
2024-11-24T20:00;2024-11-24T20:15;81;kWh;-8377;53;0;0;8430;-8324
2024-11-24T20:15;2024-11-24T20:30;82;kWh;-13930;232;0;0;14162;-13698
2024-11-24T20:30;2024-11-24T20:45;83;kWh;-16339;357;0;0;16696;-15982
2024-11-24T20:45;2024-11-24T21:00;84;kWh;-15528;14592;0;0;30120;-936
2024-11-24T21:00;2024-11-24T21:15;85;kWh;-13856;28789;0;0;42645;14933
2024-11-24T21:15;2024-11-24T21:30;86;kWh;-5701;1733;0;0;7434;-3968
2024-11-24T21:30;2024-11-24T21:45;87;kWh;-33315;0;0;0;33315;-33315
2024-11-24T21:45;2024-11-24T22:00;88;kWh;-40501;0;0;0;40501;-40501
2024-11-24T22:00;2024-11-24T22:15;89;kWh;-12795;0;0;0;12795;-12795
2024-11-24T22:15;2024-11-24T22:30;90;kWh;-9629;0;0;0;9629;-9629
2024-11-24T22:30;2024-11-24T22:45;91;kWh;-20834;123;0;0;20957;-20711
2024-11-24T22:45;2024-11-24T23:00;92;kWh;-34163;0;0;0;34163;-34163
2024-11-24T23:00;2024-11-24T23:15;93;kWh;-21983;0;0;0;21983;-21983
2024-11-24T23:15;2024-11-24T23:30;94;kWh;-20646;0;0;0;20646;-20646
2024-11-24T23:30;2024-11-24T23:45;95;kWh;-39209;0;0;0;39209;-39209
2024-11-24T23:45;2024-11-25T00:00;96;kWh;-33204;0;0;0;33204;-33204
2024-11-25T00:00;2024-11-25T00:15;1;kWh;-7288;8329;0;0;15617;1041
2024-11-25T00:15;2024-11-25T00:30;2;kWh;-2690;25;0;0;2715;-2665
2024-11-25T00:30;2024-11-25T00:45;3;kWh;-14128;0;0;0;14128;-14128
2024-11-25T00:45;2024-11-25T01:00;4;kWh;-25226;0;0;0;25226;-25226
2024-11-25T01:00;2024-11-25T01:15;5;kWh;-6892;6930;0;0;13822;38
2024-11-25T01:15;2024-11-25T01:30;6;kWh;-24087;0;0;0;24087;-24087
2024-11-25T01:30;2024-11-25T01:45;7;kWh;-32161;0;0;0;32161;-32161
2024-11-25T01:45;2024-11-25T02:00;8;kWh;-41778;0;0;0;41778;-41778
2024-11-25T02:00;2024-11-25T02:15;9;kWh;-24767;2530;0;0;27297;-22237
2024-11-25T02:15;2024-11-25T02:30;10;kWh;-14348;922;0;0;15270;-13426
2024-11-25T02:30;2024-11-25T02:45;11;kWh;-18070;0;0;0;18070;-18070
2024-11-25T02:45;2024-11-25T03:00;12;kWh;-28075;0;0;0;28075;-28075
2024-11-25T03:00;2024-11-25T03:15;13;kWh;-5528;0;0;0;5528;-5528
2024-11-25T03:15;2024-11-25T03:30;14;kWh;-22931;509;0;0;23440;-22422
2024-11-25T03:30;2024-11-25T03:45;15;kWh;-24223;0;0;0;24223;-24223
2024-11-25T03:45;2024-11-25T04:00;16;kWh;-1237;553;0;0;1790;-684
2024-11-25T04:00;2024-11-25T04:15;17;kWh;-34526;0;0;0;34526;-34526
2024-11-25T04:15;2024-11-25T04:30;18;kWh;-16223;0;0;0;16223;-16223
2024-11-25T04:30;2024-11-25T04:45;19;kWh;-3695;78;0;0;3773;-3617
2024-11-25T04:45;2024-11-25T05:00;20;kWh;-5889;369;0;0;6258;-5520
2024-11-25T05:00;2024-11-25T05:15;21;kWh;-16236;0;0;0;16236;-16236
2024-11-25T05:15;2024-11-25T05:30;22;kWh;-10037;0;0;0;10037;-10037
2024-11-25T05:30;2024-11-25T05:45;23;kWh;-383;0;0;0;383;-383
2024-11-25T05:45;2024-11-25T06:00;24;kWh;-82;6777;0;0;6859;6695
2024-11-25T06:00;2024-11-25T06:15;25;kWh;-20361;26;0;0;20387;-20335
2024-11-25T06:15;2024-11-25T06:30;26;kWh;-769;18093;0;0;18862;17324
2024-11-25T06:30;2024-11-25T06:45;27;kWh;0;38256;0;0;38256;38256
2024-11-25T06:45;2024-11-25T07:00;28;kWh;0;47494;0;0;47494;47494
2024-11-25T07:00;2024-11-25T07:15;29;kWh;-62887;2696;0;0;65583;-60191
2024-11-25T07:15;2024-11-25T07:30;30;kWh;-16170;975;0;0;17145;-15195
2024-11-25T07:30;2024-11-25T07:45;31;kWh;-388;16975;0;0;17363;16587
2024-11-25T07:45;2024-11-25T08:00;32;kWh;0;50937;0;0;50937;50937
2024-11-25T08:00;2024-11-25T08:15;33;kWh;-11796;11687;0;0;23483;-109
2024-11-25T08:15;2024-11-25T08:30;34;kWh;-8610;9413;0;0;18023;803
2024-11-25T08:30;2024-11-25T08:45;35;kWh;0;68699;0;0;68699;68699
2024-11-25T08:45;2024-11-25T09:00;36;kWh;0;40398;0;0;40398;40398
2024-11-25T09:00;2024-11-25T09:15;37;kWh;-5407;50633;0;0;56040;45226
2024-11-25T09:15;2024-11-25T09:30;38;kWh;-2049;66557;0;0;68606;64508
2024-11-25T09:30;2024-11-25T09:45;39;kWh;-10520;62007;0;0;72527;51487
2024-11-25T09:45;2024-11-25T10:00;40;kWh;-16385;43824;0;0;60209;27439
2024-11-25T10:00;2024-11-25T10:15;41;kWh;-67377;8441;0;0;75818;-58936
2024-11-25T10:15;2024-11-25T10:30;42;kWh;-75022;0;0;0;75022;-75022
2024-11-25T10:30;2024-11-25T10:45;43;kWh;-38605;0;0;0;38605;-38605
2024-11-25T10:45;2024-11-25T11:00;44;kWh;-69963;0;0;0;69963;-69963
2024-11-25T11:00;2024-11-25T11:15;45;kWh;-111284;0;0;0;111284;-111284
2024-11-25T11:15;2024-11-25T11:30;46;kWh;-63198;0;0;0;63198;-63198
2024-11-25T11:30;2024-11-25T11:45;47;kWh;-69586;0;0;0;69586;-69586
2024-11-25T11:45;2024-11-25T12:00;48;kWh;-112915;0;0;0;112915;-112915
2024-11-25T12:00;2024-11-25T12:15;49;kWh;-74116;0;0;0;74116;-74116
2024-11-25T12:15;2024-11-25T12:30;50;kWh;-48052;0;0;0;48052;-48052
2024-11-25T12:30;2024-11-25T12:45;51;kWh;-6694;302;0;0;6996;-6392
2024-11-25T12:45;2024-11-25T13:00;52;kWh;-37371;0;0;0;37371;-37371
2024-11-25T13:00;2024-11-25T13:15;53;kWh;-12842;6029;0;0;18871;-6813
2024-11-25T13:15;2024-11-25T13:30;54;kWh;-21611;82;0;0;21693;-21529
2024-11-25T13:30;2024-11-25T13:45;55;kWh;-61631;0;0;0;61631;-61631
2024-11-25T13:45;2024-11-25T14:00;56;kWh;-81266;0;0;0;81266;-81266
2024-11-25T14:00;2024-11-25T14:15;57;kWh;-15177;19214;0;0;34391;4037
2024-11-25T14:15;2024-11-25T14:30;58;kWh;-10556;3132;0;0;13688;-7424
2024-11-25T14:30;2024-11-25T14:45;59;kWh;-28256;0;0;0;28256;-28256
2024-11-25T14:45;2024-11-25T15:00;60;kWh;-21245;0;0;0;21245;-21245
2024-11-25T15:00;2024-11-25T15:15;61;kWh;-18030;0;0;0;18030;-18030
2024-11-25T15:15;2024-11-25T15:30;62;kWh;-20383;0;0;0;20383;-20383
2024-11-25T15:30;2024-11-25T15:45;63;kWh;-28898;0;0;0;28898;-28898
2024-11-25T15:45;2024-11-25T16:00;64;kWh;-44592;0;0;0;44592;-44592
2024-11-25T16:00;2024-11-25T16:15;65;kWh;-84235;0;0;0;84235;-84235
2024-11-25T16:15;2024-11-25T16:30;66;kWh;-84843;0;0;0;84843;-84843
2024-11-25T16:30;2024-11-25T16:45;67;kWh;-88150;0;0;0;88150;-88150
2024-11-25T16:45;2024-11-25T17:00;68;kWh;-40620;0;0;0;40620;-40620
2024-11-25T17:00;2024-11-25T17:15;69;kWh;-15684;32;0;0;15716;-15652
2024-11-25T17:15;2024-11-25T17:30;70;kWh;-29609;0;0;0;29609;-29609
2024-11-25T17:30;2024-11-25T17:45;71;kWh;-27733;0;0;0;27733;-27733
2024-11-25T17:45;2024-11-25T18:00;72;kWh;-33040;0;0;0;33040;-33040
2024-11-25T18:00;2024-11-25T18:15;73;kWh;-16252;1328;0;0;17580;-14924
2024-11-25T18:15;2024-11-25T18:30;74;kWh;-940;2023;0;0;2963;1083
2024-11-25T18:30;2024-11-25T18:45;75;kWh;-4868;0;0;0;4868;-4868
2024-11-25T18:45;2024-11-25T19:00;76;kWh;-4302;0;0;0;4302;-4302
2024-11-25T19:00;2024-11-25T19:15;77;kWh;-860;9619;0;0;10479;8759
2024-11-25T19:15;2024-11-25T19:30;78;kWh;0;3556;0;0;3556;3556
2024-11-25T19:30;2024-11-25T19:45;79;kWh;-2049;1180;0;0;3229;-869
2024-11-25T19:45;2024-11-25T20:00;80;kWh;-2672;156;0;0;2828;-2516
2024-11-25T20:00;2024-11-25T20:15;81;kWh;0;13514;0;0;13514;13514
2024-11-25T20:15;2024-11-25T20:30;82;kWh;0;38732;0;0;38732;38732
2024-11-25T20:30;2024-11-25T20:45;83;kWh;0;35144;0;0;35144;35144
2024-11-25T20:45;2024-11-25T21:00;84;kWh;0;49651;0;0;49651;49651
2024-11-25T21:00;2024-11-25T21:15;85;kWh;-888;7793;0;0;8681;6905
2024-11-25T21:15;2024-11-25T21:30;86;kWh;-45;37036;0;0;37081;36991
2024-11-25T21:30;2024-11-25T21:45;87;kWh;0;26632;0;0;26632;26632
2024-11-25T21:45;2024-11-25T22:00;88;kWh;-393;3489;0;0;3882;3096
2024-11-25T22:00;2024-11-25T22:15;89;kWh;0;27703;0;0;27703;27703
2024-11-25T22:15;2024-11-25T22:30;90;kWh;0;42798;0;0;42798;42798
2024-11-25T22:30;2024-11-25T22:45;91;kWh;0;39535;0;0;39535;39535
2024-11-25T22:45;2024-11-25T23:00;92;kWh;-4298;6230;0;0;10528;1932
2024-11-25T23:00;2024-11-25T23:15;93;kWh;-7661;14392;0;0;22053;6731
2024-11-25T23:15;2024-11-25T23:30;94;kWh;-778;9579;0;0;10357;8801
2024-11-25T23:30;2024-11-25T23:45;95;kWh;-1185;5419;0;0;6604;4234
2024-11-25T23:45;2024-11-26T00:00;96;kWh;-7355;3823;0;0;11178;-3532
2024-11-26T00:00;2024-11-26T00:15;1;kWh;-6717;16131;0;0;22848;9414
2024-11-26T00:15;2024-11-26T00:30;2;kWh;0;15145;0;0;15145;15145
2024-11-26T00:30;2024-11-26T00:45;3;kWh;0;815;0;0;815;815
2024-11-26T00:45;2024-11-26T01:00;4;kWh;0;5436;0;0;5436;5436
2024-11-26T01:00;2024-11-26T01:15;5;kWh;-257;668;0;0;925;411
2024-11-26T01:15;2024-11-26T01:30;6;kWh;-4662;0;0;0;4662;-4662
2024-11-26T01:30;2024-11-26T01:45;7;kWh;-1823;0;0;0;1823;-1823
2024-11-26T01:45;2024-11-26T02:00;8;kWh;-1574;4;0;0;1578;-1570
2024-11-26T02:00;2024-11-26T02:15;9;kWh;0;34082;0;0;34082;34082
2024-11-26T02:15;2024-11-26T02:30;10;kWh;0;23223;0;0;23223;23223
2024-11-26T02:30;2024-11-26T02:45;11;kWh;-2595;2490;0;0;5085;-105
2024-11-26T02:45;2024-11-26T03:00;12;kWh;-619;14956;0;0;15575;14337
2024-11-26T03:00;2024-11-26T03:15;13;kWh;0;52422;0;0;52422;52422
2024-11-26T03:15;2024-11-26T03:30;14;kWh;0;73304;0;0;73304;73304
2024-11-26T03:30;2024-11-26T03:45;15;kWh;0;76368;0;0;76368;76368
2024-11-26T03:45;2024-11-26T04:00;16;kWh;0;76294;0;0;76294;76294
2024-11-26T04:00;2024-11-26T04:15;17;kWh;0;76627;0;0;76627;76627
2024-11-26T04:15;2024-11-26T04:30;18;kWh;0;57367;0;0;57367;57367
2024-11-26T04:30;2024-11-26T04:45;19;kWh;0;22575;0;0;22575;22575
2024-11-26T04:45;2024-11-26T05:00;20;kWh;0;60692;0;0;60692;60692
2024-11-26T05:00;2024-11-26T05:15;21;kWh;0;10380;0;0;10380;10380
2024-11-26T05:15;2024-11-26T05:30;22;kWh;0;46013;0;0;46013;46013
2024-11-26T05:30;2024-11-26T05:45;23;kWh;0;73032;0;0;73032;73032
2024-11-26T05:45;2024-11-26T06:00;24;kWh;0;63959;0;0;63959;63959
2024-11-26T06:00;2024-11-26T06:15;25;kWh;-377;10896;0;0;11273;10519
2024-11-26T06:15;2024-11-26T06:30;26;kWh;0;40470;0;0;40470;40470
2024-11-26T06:30;2024-11-26T06:45;27;kWh;0;62819;0;0;62819;62819
2024-11-26T06:45;2024-11-26T07:00;28;kWh;0;54025;0;0;54025;54025
2024-11-26T07:00;2024-11-26T07:15;29;kWh;-19351;4211;0;0;23562;-15140
2024-11-26T07:15;2024-11-26T07:30;30;kWh;-14638;397;0;0;15035;-14241
2024-11-26T07:30;2024-11-26T07:45;31;kWh;-582;5579;0;0;6161;4997
2024-11-26T07:45;2024-11-26T08:00;32;kWh;-6447;4785;0;0;11232;-1662
2024-11-26T08:00;2024-11-26T08:15;33;kWh;-56918;2715;0;0;59633;-54203
2024-11-26T08:15;2024-11-26T08:30;34;kWh;-61044;42;0;0;61086;-61002
2024-11-26T08:30;2024-11-26T08:45;35;kWh;-70433;0;0;0;70433;-70433
2024-11-26T08:45;2024-11-26T09:00;36;kWh;-63455;0;0;0;63455;-63455
2024-11-26T09:00;2024-11-26T09:15;37;kWh;-57793;2647;0;0;60440;-55146
2024-11-26T09:15;2024-11-26T09:30;38;kWh;-72711;0;0;0;72711;-72711
2024-11-26T09:30;2024-11-26T09:45;39;kWh;-114418;0;0;0;114418;-114418
2024-11-26T09:45;2024-11-26T10:00;40;kWh;-96060;0;0;0;96060;-96060
2024-11-26T10:00;2024-11-26T10:15;41;kWh;-88084;0;0;0;88084;-88084
2024-11-26T10:15;2024-11-26T10:30;42;kWh;-74692;0;0;0;74692;-74692
2024-11-26T10:30;2024-11-26T10:45;43;kWh;-92545;269;0;0;92814;-92276
2024-11-26T10:45;2024-11-26T11:00;44;kWh;-66218;0;0;0;66218;-66218
2024-11-26T11:00;2024-11-26T11:15;45;kWh;-46968;0;0;0;46968;-46968
2024-11-26T11:15;2024-11-26T11:30;46;kWh;-36394;0;0;0;36394;-36394
2024-11-26T11:30;2024-11-26T11:45;47;kWh;-70699;808;0;0;71507;-69891
2024-11-26T11:45;2024-11-26T12:00;48;kWh;-97903;4031;0;0;101934;-93872
2024-11-26T12:00;2024-11-26T12:15;49;kWh;-65137;4153;0;0;69290;-60984
2024-11-26T12:15;2024-11-26T12:30;50;kWh;-24556;174;0;0;24730;-24382
2024-11-26T12:30;2024-11-26T12:45;51;kWh;-39538;0;0;0;39538;-39538
2024-11-26T12:45;2024-11-26T13:00;52;kWh;-31446;631;0;0;32077;-30815
2024-11-26T13:00;2024-11-26T13:15;53;kWh;-3011;44187;0;0;47198;41176
2024-11-26T13:15;2024-11-26T13:30;54;kWh;-38147;456;0;0;38603;-37691
2024-11-26T13:30;2024-11-26T13:45;55;kWh;-3005;3081;0;0;6086;76
2024-11-26T13:45;2024-11-26T14:00;56;kWh;-135;21535;0;0;21670;21400
2024-11-26T14:00;2024-11-26T14:15;57;kWh;0;30212;0;0;30212;30212
2024-11-26T14:15;2024-11-26T14:30;58;kWh;0;33088;0;0;33088;33088
2024-11-26T14:30;2024-11-26T14:45;59;kWh;0;42445;0;0;42445;42445
2024-11-26T14:45;2024-11-26T15:00;60;kWh;0;32957;0;0;32957;32957
2024-11-26T15:00;2024-11-26T15:15;61;kWh;-33764;131;0;0;33895;-33633
2024-11-26T15:15;2024-11-26T15:30;62;kWh;-52925;0;0;0;52925;-52925
2024-11-26T15:30;2024-11-26T15:45;63;kWh;-24443;0;0;0;24443;-24443
2024-11-26T15:45;2024-11-26T16:00;64;kWh;-55499;0;0;0;55499;-55499
2024-11-26T16:00;2024-11-26T16:15;65;kWh;-103747;250;0;0;103997;-103497
2024-11-26T16:15;2024-11-26T16:30;66;kWh;-21341;16747;0;0;38088;-4594
2024-11-26T16:30;2024-11-26T16:45;67;kWh;-52428;690;0;0;53118;-51738
2024-11-26T16:45;2024-11-26T17:00;68;kWh;-894;5353;0;0;6247;4459
2024-11-26T17:00;2024-11-26T17:15;69;kWh;-1350;1180;0;0;2530;-170
2024-11-26T17:15;2024-11-26T17:30;70;kWh;-70;3738;0;0;3808;3668
2024-11-26T17:30;2024-11-26T17:45;71;kWh;0;3626;0;0;3626;3626
2024-11-26T17:45;2024-11-26T18:00;72;kWh;0;16984;0;0;16984;16984
2024-11-26T18:00;2024-11-26T18:15;73;kWh;0;44916;0;0;44916;44916
2024-11-26T18:15;2024-11-26T18:30;74;kWh;0;49570;0;0;49570;49570
2024-11-26T18:30;2024-11-26T18:45;75;kWh;0;10030;0;0;10030;10030
2024-11-26T18:45;2024-11-26T19:00;76;kWh;0;6431;0;0;6431;6431
2024-11-26T19:00;2024-11-26T19:15;77;kWh;0;57492;0;0;57492;57492
2024-11-26T19:15;2024-11-26T19:30;78;kWh;0;37726;0;0;37726;37726
2024-11-26T19:30;2024-11-26T19:45;79;kWh;-106;1553;0;0;1659;1447
2024-11-26T19:45;2024-11-26T20:00;80;kWh;0;9739;0;0;9739;9739
2024-11-26T20:00;2024-11-26T20:15;81;kWh;0;13439;0;0;13439;13439
2024-11-26T20:15;2024-11-26T20:30;82;kWh;0;31497;0;0;31497;31497
2024-11-26T20:30;2024-11-26T20:45;83;kWh;-3717;2667;0;0;6384;-1050
2024-11-26T20:45;2024-11-26T21:00;84;kWh;-2786;21828;0;0;24614;19042
2024-11-26T21:00;2024-11-26T21:15;85;kWh;-4;41765;0;0;41769;41761
2024-11-26T21:15;2024-11-26T21:30;86;kWh;0;39289;0;0;39289;39289
2024-11-26T21:30;2024-11-26T21:45;87;kWh;0;40989;0;0;40989;40989
2024-11-26T21:45;2024-11-26T22:00;88;kWh;0;26566;0;0;26566;26566
2024-11-26T22:00;2024-11-26T22:15;89;kWh;-722;12707;0;0;13429;11985
2024-11-26T22:15;2024-11-26T22:30;90;kWh;-1855;16031;0;0;17886;14176
2024-11-26T22:30;2024-11-26T22:45;91;kWh;-9591;0;0;0;9591;-9591
2024-11-26T22:45;2024-11-26T23:00;92;kWh;-414;19;0;0;433;-395
2024-11-26T23:00;2024-11-26T23:15;93;kWh;0;50875;0;0;50875;50875
2024-11-26T23:15;2024-11-26T23:30;94;kWh;0;63819;0;0;63819;63819
2024-11-26T23:30;2024-11-26T23:45;95;kWh;-351;17750;0;0;18101;17399
2024-11-26T23:45;2024-11-27T00:00;96;kWh;-1198;1336;0;0;2534;138
2024-11-27T00:00;2024-11-27T00:15;1;kWh;0;2416;0;0;2416;2416
2024-11-27T00:15;2024-11-27T00:30;2;kWh;0;7468;0;0;7468;7468
2024-11-27T00:30;2024-11-27T00:45;3;kWh;-2493;13;0;0;2506;-2480
2024-11-27T00:45;2024-11-27T01:00;4;kWh;-42519;0;0;0;42519;-42519
2024-11-27T01:00;2024-11-27T01:15;5;kWh;-15896;616;0;0;16512;-15280
2024-11-27T01:15;2024-11-27T01:30;6;kWh;0;565;0;0;565;565
2024-11-27T01:30;2024-11-27T01:45;7;kWh;0;26100;0;0;26100;26100
2024-11-27T01:45;2024-11-27T02:00;8;kWh;0;33595;0;0;33595;33595
2024-11-27T02:00;2024-11-27T02:15;9;kWh;0;50640;0;0;50640;50640
2024-11-27T02:15;2024-11-27T02:30;10;kWh;0;55083;0;0;55083;55083
2024-11-27T02:30;2024-11-27T02:45;11;kWh;0;68356;0;0;68356;68356
2024-11-27T02:45;2024-11-27T03:00;12;kWh;0;61905;0;0;61905;61905
2024-11-27T03:00;2024-11-27T03:15;13;kWh;-8037;12235;0;0;20272;4198
2024-11-27T03:15;2024-11-27T03:30;14;kWh;-926;8959;0;0;9885;8033
2024-11-27T03:30;2024-11-27T03:45;15;kWh;0;30909;0;0;30909;30909
2024-11-27T03:45;2024-11-27T04:00;16;kWh;0;10881;0;0;10881;10881
2024-11-27T04:00;2024-11-27T04:15;17;kWh;-12104;5727;0;0;17831;-6377
2024-11-27T04:15;2024-11-27T04:30;18;kWh;-15323;0;0;0;15323;-15323
2024-11-27T04:30;2024-11-27T04:45;19;kWh;-39081;0;0;0;39081;-39081
2024-11-27T04:45;2024-11-27T05:00;20;kWh;-32821;0;0;0;32821;-32821
2024-11-27T05:00;2024-11-27T05:15;21;kWh;-9587;12572;0;0;22159;2985
2024-11-27T05:15;2024-11-27T05:30;22;kWh;0;10016;0;0;10016;10016
2024-11-27T05:30;2024-11-27T05:45;23;kWh;-2046;3230;0;0;5276;1184
2024-11-27T05:45;2024-11-27T06:00;24;kWh;-29376;0;0;0;29376;-29376
2024-11-27T06:00;2024-11-27T06:15;25;kWh;-13076;2032;0;0;15108;-11044
2024-11-27T06:15;2024-11-27T06:30;26;kWh;-314;9328;0;0;9642;9014
2024-11-27T06:30;2024-11-27T06:45;27;kWh;-465;16417;0;0;16882;15952
2024-11-27T06:45;2024-11-27T07:00;28;kWh;0;23635;0;0;23635;23635
2024-11-27T07:00;2024-11-27T07:15;29;kWh;-18282;3035;0;0;21317;-15247
2024-11-27T07:15;2024-11-27T07:30;30;kWh;-36258;0;0;0;36258;-36258
2024-11-27T07:30;2024-11-27T07:45;31;kWh;-8751;348;0;0;9099;-8403
2024-11-27T07:45;2024-11-27T08:00;32;kWh;0;3071;0;0;3071;3071
2024-11-27T08:00;2024-11-27T08:15;33;kWh;-22560;0;0;0;22560;-22560
2024-11-27T08:15;2024-11-27T08:30;34;kWh;-49094;0;0;0;49094;-49094
2024-11-27T08:30;2024-11-27T08:45;35;kWh;-61849;0;0;0;61849;-61849
2024-11-27T08:45;2024-11-27T09:00;36;kWh;-49497;0;0;0;49497;-49497
2024-11-27T09:00;2024-11-27T09:15;37;kWh;-7973;156;0;0;8129;-7817
2024-11-27T09:15;2024-11-27T09:30;38;kWh;-48640;0;0;0;48640;-48640
2024-11-27T09:30;2024-11-27T09:45;39;kWh;-41597;0;0;0;41597;-41597
2024-11-27T09:45;2024-11-27T10:00;40;kWh;-45284;0;0;0;45284;-45284
2024-11-27T10:00;2024-11-27T10:15;41;kWh;-23740;373;0;0;24113;-23367
2024-11-27T10:15;2024-11-27T10:30;42;kWh;-67;1626;0;0;1693;1559
2024-11-27T10:30;2024-11-27T10:45;43;kWh;-7157;561;0;0;7718;-6596
2024-11-27T10:45;2024-11-27T11:00;44;kWh;-50345;0;0;0;50345;-50345
2024-11-27T11:00;2024-11-27T11:15;45;kWh;-72113;0;0;0;72113;-72113
2024-11-27T11:15;2024-11-27T11:30;46;kWh;-76248;0;0;0;76248;-76248
2024-11-27T11:30;2024-11-27T11:45;47;kWh;-99656;0;0;0;99656;-99656
2024-11-27T11:45;2024-11-27T12:00;48;kWh;-86042;0;0;0;86042;-86042
2024-11-27T12:00;2024-11-27T12:15;49;kWh;-37534;147;0;0;37681;-37387
2024-11-27T12:15;2024-11-27T12:30;50;kWh;-13516;0;0;0;13516;-13516
2024-11-27T12:30;2024-11-27T12:45;51;kWh;-49073;0;0;0;49073;-49073
2024-11-27T12:45;2024-11-27T13:00;52;kWh;-70063;0;0;0;70063;-70063
2024-11-27T13:00;2024-11-27T13:15;53;kWh;-65005;0;0;0;65005;-65005
2024-11-27T13:15;2024-11-27T13:30;54;kWh;-4160;8380;0;0;12540;4220
2024-11-27T13:30;2024-11-27T13:45;55;kWh;-2381;392;0;0;2773;-1989
2024-11-27T13:45;2024-11-27T14:00;56;kWh;-1766;2257;0;0;4023;491
2024-11-27T14:00;2024-11-27T14:15;57;kWh;-24773;0;0;0;24773;-24773
2024-11-27T14:15;2024-11-27T14:30;58;kWh;-13860;0;0;0;13860;-13860
2024-11-27T14:30;2024-11-27T14:45;59;kWh;-6759;5179;0;0;11938;-1580
2024-11-27T14:45;2024-11-27T15:00;60;kWh;0;43753;0;0;43753;43753
2024-11-27T15:00;2024-11-27T15:15;61;kWh;-26353;17082;0;0;43435;-9271
2024-11-27T15:15;2024-11-27T15:30;62;kWh;-31550;0;0;0;31550;-31550
2024-11-27T15:30;2024-11-27T15:45;63;kWh;-16814;0;0;0;16814;-16814
2024-11-27T15:45;2024-11-27T16:00;64;kWh;-5486;734;0;0;6220;-4752
2024-11-27T16:00;2024-11-27T16:15;65;kWh;-61052;0;0;0;61052;-61052
2024-11-27T16:15;2024-11-27T16:30;66;kWh;-48781;0;0;0;48781;-48781
2024-11-27T16:30;2024-11-27T16:45;67;kWh;-42179;849;0;0;43028;-41330
2024-11-27T16:45;2024-11-27T17:00;68;kWh;-24228;7484;0;0;31712;-16744
2024-11-27T17:00;2024-11-27T17:15;69;kWh;-33863;712;0;0;34575;-33151
2024-11-27T17:15;2024-11-27T17:30;70;kWh;-106;40385;0;0;40491;40279
2024-11-27T17:30;2024-11-27T17:45;71;kWh;0;17036;0;0;17036;17036
2024-11-27T17:45;2024-11-27T18:00;72;kWh;0;13639;0;0;13639;13639
2024-11-27T18:00;2024-11-27T18:15;73;kWh;0;23117;0;0;23117;23117
2024-11-27T18:15;2024-11-27T18:30;74;kWh;-13823;9;0;0;13832;-13814
2024-11-27T18:30;2024-11-27T18:45;75;kWh;-6152;371;0;0;6523;-5781
2024-11-27T18:45;2024-11-27T19:00;76;kWh;0;13313;0;0;13313;13313
2024-11-27T19:00;2024-11-27T19:15;77;kWh;0;29369;0;0;29369;29369
2024-11-27T19:15;2024-11-27T19:30;78;kWh;0;70671;0;0;70671;70671
2024-11-27T19:30;2024-11-27T19:45;79;kWh;0;94920;0;0;94920;94920
2024-11-27T19:45;2024-11-27T20:00;80;kWh;0;72073;0;0;72073;72073
2024-11-27T20:00;2024-11-27T20:15;81;kWh;-9622;7984;0;0;17606;-1638
2024-11-27T20:15;2024-11-27T20:30;82;kWh;-204;50708;0;0;50912;50504
2024-11-27T20:30;2024-11-27T20:45;83;kWh;0;27317;0;0;27317;27317
2024-11-27T20:45;2024-11-27T21:00;84;kWh;-263;4251;0;0;4514;3988
2024-11-27T21:00;2024-11-27T21:15;85;kWh;-15375;5870;0;0;21245;-9505
2024-11-27T21:15;2024-11-27T21:30;86;kWh;-17692;1562;0;0;19254;-16130
2024-11-27T21:30;2024-11-27T21:45;87;kWh;-35345;0;0;0;35345;-35345
2024-11-27T21:45;2024-11-27T22:00;88;kWh;-31025;1626;0;0;32651;-29399
2024-11-27T22:00;2024-11-27T22:15;89;kWh;-33681;18093;0;0;51774;-15588
2024-11-27T22:15;2024-11-27T22:30;90;kWh;-42588;1256;0;0;43844;-41332
2024-11-27T22:30;2024-11-27T22:45;91;kWh;-41152;1993;0;0;43145;-39159
2024-11-27T22:45;2024-11-27T23:00;92;kWh;-14572;0;0;0;14572;-14572
2024-11-27T23:00;2024-11-27T23:15;93;kWh;-6191;3695;0;0;9886;-2496
2024-11-27T23:15;2024-11-27T23:30;94;kWh;-9208;121;0;0;9329;-9087
2024-11-27T23:30;2024-11-27T23:45;95;kWh;-29917;0;0;0;29917;-29917
2024-11-27T23:45;2024-11-28T00:00;96;kWh;-30679;337;0;0;31016;-30342
2024-11-28T00:00;2024-11-28T00:15;1;kWh;-1743;663;0;0;2406;-1080
2024-11-28T00:15;2024-11-28T00:30;2;kWh;-172;6873;0;0;7045;6701
2024-11-28T00:30;2024-11-28T00:45;3;kWh;-155;14766;0;0;14921;14611
2024-11-28T00:45;2024-11-28T01:00;4;kWh;-1342;2299;0;0;3641;957
2024-11-28T01:00;2024-11-28T01:15;5;kWh;-2541;13189;0;0;15730;10648
2024-11-28T01:15;2024-11-28T01:30;6;kWh;0;15829;0;0;15829;15829
2024-11-28T01:30;2024-11-28T01:45;7;kWh;0;463;0;0;463;463
2024-11-28T01:45;2024-11-28T02:00;8;kWh;-1145;0;0;0;1145;-1145
2024-11-28T02:00;2024-11-28T02:15;9;kWh;-616;37;0;0;653;-579
2024-11-28T02:15;2024-11-28T02:30;10;kWh;-6657;1;0;0;6658;-6656
2024-11-28T02:30;2024-11-28T02:45;11;kWh;-1845;1408;0;0;3253;-437
2024-11-28T02:45;2024-11-28T03:00;12;kWh;-7044;291;0;0;7335;-6753
2024-11-28T03:00;2024-11-28T03:15;13;kWh;-7016;1050;0;0;8066;-5966
2024-11-28T03:15;2024-11-28T03:30;14;kWh;-12439;100;0;0;12539;-12339
2024-11-28T03:30;2024-11-28T03:45;15;kWh;-16678;0;0;0;16678;-16678
2024-11-28T03:45;2024-11-28T04:00;16;kWh;-20189;0;0;0;20189;-20189
2024-11-28T04:00;2024-11-28T04:15;17;kWh;-24300;0;0;0;24300;-24300
2024-11-28T04:15;2024-11-28T04:30;18;kWh;-13559;0;0;0;13559;-13559
2024-11-28T04:30;2024-11-28T04:45;19;kWh;-16777;0;0;0;16777;-16777
2024-11-28T04:45;2024-11-28T05:00;20;kWh;-23720;432;0;0;24152;-23288
2024-11-28T05:00;2024-11-28T05:15;21;kWh;-1;20275;0;0;20276;20274
2024-11-28T05:15;2024-11-28T05:30;22;kWh;0;22543;0;0;22543;22543
2024-11-28T05:30;2024-11-28T05:45;23;kWh;0;24963;0;0;24963;24963
2024-11-28T05:45;2024-11-28T06:00;24;kWh;-166;21116;0;0;21282;20950
2024-11-28T06:00;2024-11-28T06:15;25;kWh;-29084;8144;0;0;37228;-20940
2024-11-28T06:15;2024-11-28T06:30;26;kWh;-39127;5974;0;0;45101;-33153
2024-11-28T06:30;2024-11-28T06:45;27;kWh;-9857;2224;0;0;12081;-7633
2024-11-28T06:45;2024-11-28T07:00;28;kWh;-530;7308;0;0;7838;6778
2024-11-28T07:00;2024-11-28T07:15;29;kWh;-10711;6609;0;0;17320;-4102
2024-11-28T07:15;2024-11-28T07:30;30;kWh;-60259;1486;0;0;61745;-58773
2024-11-28T07:30;2024-11-28T07:45;31;kWh;-54547;26080;0;0;80627;-28467
2024-11-28T07:45;2024-11-28T08:00;32;kWh;-18518;14157;0;0;32675;-4361
2024-11-28T08:00;2024-11-28T08:15;33;kWh;-16494;5870;0;0;22364;-10624
2024-11-28T08:15;2024-11-28T08:30;34;kWh;-6453;0;0;0;6453;-6453
2024-11-28T08:30;2024-11-28T08:45;35;kWh;-207;3348;0;0;3555;3141
2024-11-28T08:45;2024-11-28T09:00;36;kWh;-646;7430;0;0;8076;6784
2024-11-28T09:00;2024-11-28T09:15;37;kWh;-8595;296;0;0;8891;-8299
2024-11-28T09:15;2024-11-28T09:30;38;kWh;-27880;753;0;0;28633;-27127
2024-11-28T09:30;2024-11-28T09:45;39;kWh;-48908;0;0;0;48908;-48908
2024-11-28T09:45;2024-11-28T10:00;40;kWh;-104157;0;0;0;104157;-104157
2024-11-28T10:00;2024-11-28T10:15;41;kWh;-24589;45881;0;0;70470;21292
2024-11-28T10:15;2024-11-28T10:30;42;kWh;-50491;2966;0;0;53457;-47525
2024-11-28T10:30;2024-11-28T10:45;43;kWh;-92651;0;0;0;92651;-92651
2024-11-28T10:45;2024-11-28T11:00;44;kWh;-72300;0;0;0;72300;-72300
2024-11-28T11:00;2024-11-28T11:15;45;kWh;-47052;397;0;0;47449;-46655
2024-11-28T11:15;2024-11-28T11:30;46;kWh;-39123;315;0;0;39438;-38808
2024-11-28T11:30;2024-11-28T11:45;47;kWh;-46190;0;0;0;46190;-46190
2024-11-28T11:45;2024-11-28T12:00;48;kWh;-41025;0;0;0;41025;-41025
2024-11-28T12:00;2024-11-28T12:15;49;kWh;-24702;3145;0;0;27847;-21557
2024-11-28T12:15;2024-11-28T12:30;50;kWh;-27256;9603;0;0;36859;-17653
2024-11-28T12:30;2024-11-28T12:45;51;kWh;-26260;4719;0;0;30979;-21541
2024-11-28T12:45;2024-11-28T13:00;52;kWh;0;23801;0;0;23801;23801
2024-11-28T13:00;2024-11-28T13:15;53;kWh;-2318;8647;0;0;10965;6329
2024-11-28T13:15;2024-11-28T13:30;54;kWh;-14783;0;0;0;14783;-14783
2024-11-28T13:30;2024-11-28T13:45;55;kWh;0;68;0;0;68;68
2024-11-28T13:45;2024-11-28T14:00;56;kWh;0;5731;0;0;5731;5731
2024-11-28T14:00;2024-11-28T14:15;57;kWh;-3270;1143;0;0;4413;-2127
2024-11-28T14:15;2024-11-28T14:30;58;kWh;-41706;0;0;0;41706;-41706
2024-11-28T14:30;2024-11-28T14:45;59;kWh;-35562;0;0;0;35562;-35562
2024-11-28T14:45;2024-11-28T15:00;60;kWh;-883;12755;0;0;13638;11872
2024-11-28T15:00;2024-11-28T15:15;61;kWh;-60750;203;0;0;60953;-60547
2024-11-28T15:15;2024-11-28T15:30;62;kWh;-43830;0;0;0;43830;-43830
2024-11-28T15:30;2024-11-28T15:45;63;kWh;-45026;0;0;0;45026;-45026
2024-11-28T15:45;2024-11-28T16:00;64;kWh;-25777;17;0;0;25794;-25760
2024-11-28T16:00;2024-11-28T16:15;65;kWh;-487;14072;0;0;14559;13585
2024-11-28T16:15;2024-11-28T16:30;66;kWh;0;42531;0;0;42531;42531
2024-11-28T16:30;2024-11-28T16:45;67;kWh;0;33173;0;0;33173;33173
2024-11-28T16:45;2024-11-28T17:00;68;kWh;0;61074;0;0;61074;61074
2024-11-28T17:00;2024-11-28T17:15;69;kWh;0;39579;0;0;39579;39579
2024-11-28T17:15;2024-11-28T17:30;70;kWh;0;57348;0;0;57348;57348
2024-11-28T17:30;2024-11-28T17:45;71;kWh;0;36994;0;0;36994;36994
2024-11-28T17:45;2024-11-28T18:00;72;kWh;0;31507;0;0;31507;31507
2024-11-28T18:00;2024-11-28T18:15;73;kWh;-4874;2779;0;0;7653;-2095
2024-11-28T18:15;2024-11-28T18:30;74;kWh;-17954;0;0;0;17954;-17954
2024-11-28T18:30;2024-11-28T18:45;75;kWh;0;9080;0;0;9080;9080
2024-11-28T18:45;2024-11-28T19:00;76;kWh;0;27855;0;0;27855;27855
2024-11-28T19:00;2024-11-28T19:15;77;kWh;-35;21065;0;0;21100;21030
2024-11-28T19:15;2024-11-28T19:30;78;kWh;-196;7364;0;0;7560;7168
2024-11-28T19:30;2024-11-28T19:45;79;kWh;0;1920;0;0;1920;1920
2024-11-28T19:45;2024-11-28T20:00;80;kWh;-51;14455;0;0;14506;14404
2024-11-28T20:00;2024-11-28T20:15;81;kWh;-196;19881;0;0;20077;19685
2024-11-28T20:15;2024-11-28T20:30;82;kWh;0;5467;0;0;5467;5467
2024-11-28T20:30;2024-11-28T20:45;83;kWh;0;10919;0;0;10919;10919
2024-11-28T20:45;2024-11-28T21:00;84;kWh;0;11604;0;0;11604;11604
2024-11-28T21:00;2024-11-28T21:15;85;kWh;0;30400;0;0;30400;30400
2024-11-28T21:15;2024-11-28T21:30;86;kWh;0;29203;0;0;29203;29203
2024-11-28T21:30;2024-11-28T21:45;87;kWh;0;17987;0;0;17987;17987
2024-11-28T21:45;2024-11-28T22:00;88;kWh;0;219;0;0;219;219
2024-11-28T22:00;2024-11-28T22:15;89;kWh;0;6504;0;0;6504;6504
2024-11-28T22:15;2024-11-28T22:30;90;kWh;0;36438;0;0;36438;36438
2024-11-28T22:30;2024-11-28T22:45;91;kWh;0;30581;0;0;30581;30581
2024-11-28T22:45;2024-11-28T23:00;92;kWh;-102;13162;0;0;13264;13060
2024-11-28T23:00;2024-11-28T23:15;93;kWh;-285;40478;0;0;40763;40193
2024-11-28T23:15;2024-11-28T23:30;94;kWh;0;35299;0;0;35299;35299
2024-11-28T23:30;2024-11-28T23:45;95;kWh;0;21865;0;0;21865;21865
2024-11-28T23:45;2024-11-29T00:00;96;kWh;0;11031;0;0;11031;11031
2024-11-29T00:00;2024-11-29T00:15;1;kWh;0;28802;0;0;28802;28802
2024-11-29T00:15;2024-11-29T00:30;2;kWh;0;40586;0;0;40586;40586
2024-11-29T00:30;2024-11-29T00:45;3;kWh;0;3463;0;0;3463;3463
2024-11-29T00:45;2024-11-29T01:00;4;kWh;0;1525;0;0;1525;1525
2024-11-29T01:00;2024-11-29T01:15;5;kWh;0;32354;0;0;32354;32354
2024-11-29T01:15;2024-11-29T01:30;6;kWh;0;50687;0;0;50687;50687
2024-11-29T01:30;2024-11-29T01:45;7;kWh;0;15917;0;0;15917;15917
2024-11-29T01:45;2024-11-29T02:00;8;kWh;0;2336;0;0;2336;2336
2024-11-29T02:00;2024-11-29T02:15;9;kWh;-596;9496;0;0;10092;8900
2024-11-29T02:15;2024-11-29T02:30;10;kWh;0;20637;0;0;20637;20637
2024-11-29T02:30;2024-11-29T02:45;11;kWh;0;37377;0;0;37377;37377
2024-11-29T02:45;2024-11-29T03:00;12;kWh;-12;10248;0;0;10260;10236
2024-11-29T03:00;2024-11-29T03:15;13;kWh;-8351;0;0;0;8351;-8351
2024-11-29T03:15;2024-11-29T03:30;14;kWh;-461;0;0;0;461;-461
2024-11-29T03:30;2024-11-29T03:45;15;kWh;-2291;0;0;0;2291;-2291
2024-11-29T03:45;2024-11-29T04:00;16;kWh;-12566;0;0;0;12566;-12566
2024-11-29T04:00;2024-11-29T04:15;17;kWh;-12522;0;0;0;12522;-12522
2024-11-29T04:15;2024-11-29T04:30;18;kWh;-2566;0;0;0;2566;-2566
2024-11-29T04:30;2024-11-29T04:45;19;kWh;-1170;0;0;0;1170;-1170
2024-11-29T04:45;2024-11-29T05:00;20;kWh;-6777;0;0;0;6777;-6777
2024-11-29T05:00;2024-11-29T05:15;21;kWh;-23759;0;0;0;23759;-23759
2024-11-29T05:15;2024-11-29T05:30;22;kWh;-13227;0;0;0;13227;-13227
2024-11-29T05:30;2024-11-29T05:45;23;kWh;-18361;129;0;0;18490;-18232
2024-11-29T05:45;2024-11-29T06:00;24;kWh;-9530;532;0;0;10062;-8998
2024-11-29T06:00;2024-11-29T06:15;25;kWh;-44964;857;0;0;45821;-44107
2024-11-29T06:15;2024-11-29T06:30;26;kWh;-3;2173;0;0;2176;2170
2024-11-29T06:30;2024-11-29T06:45;27;kWh;0;690;0;0;690;690
2024-11-29T06:45;2024-11-29T07:00;28;kWh;0;3763;0;0;3763;3763
2024-11-29T07:00;2024-11-29T07:15;29;kWh;-19210;179;0;0;19389;-19031
2024-11-29T07:15;2024-11-29T07:30;30;kWh;-1148;7239;0;0;8387;6091
2024-11-29T07:30;2024-11-29T07:45;31;kWh;0;27254;0;0;27254;27254
2024-11-29T07:45;2024-11-29T08:00;32;kWh;0;44505;0;0;44505;44505
2024-11-29T08:00;2024-11-29T08:15;33;kWh;-134;9061;0;0;9195;8927
2024-11-29T08:15;2024-11-29T08:30;34;kWh;0;10022;0;0;10022;10022
2024-11-29T08:30;2024-11-29T08:45;35;kWh;0;14937;0;0;14937;14937
2024-11-29T08:45;2024-11-29T09:00;36;kWh;-2993;40;0;0;3033;-2953
2024-11-29T09:00;2024-11-29T09:15;37;kWh;-4295;17557;0;0;21852;13262
2024-11-29T09:15;2024-11-29T09:30;38;kWh;-23569;1418;0;0;24987;-22151
2024-11-29T09:30;2024-11-29T09:45;39;kWh;-57179;0;0;0;57179;-57179
2024-11-29T09:45;2024-11-29T10:00;40;kWh;-99611;0;0;0;99611;-99611
2024-11-29T10:00;2024-11-29T10:15;41;kWh;-50291;0;0;0;50291;-50291
2024-11-29T10:15;2024-11-29T10:30;42;kWh;-64097;0;0;0;64097;-64097
2024-11-29T10:30;2024-11-29T10:45;43;kWh;-99566;0;0;0;99566;-99566
2024-11-29T10:45;2024-11-29T11:00;44;kWh;-97137;0;0;0;97137;-97137
2024-11-29T11:00;2024-11-29T11:15;45;kWh;-38001;0;0;0;38001;-38001
2024-11-29T11:15;2024-11-29T11:30;46;kWh;-6025;0;0;0;6025;-6025
2024-11-29T11:30;2024-11-29T11:45;47;kWh;-2144;0;0;0;2144;-2144
2024-11-29T11:45;2024-11-29T12:00;48;kWh;-33116;0;0;0;33116;-33116
2024-11-29T12:00;2024-11-29T12:15;49;kWh;-16870;11434;0;0;28304;-5436
2024-11-29T12:15;2024-11-29T12:30;50;kWh;-4221;953;0;0;5174;-3268
2024-11-29T12:30;2024-11-29T12:45;51;kWh;-32257;0;0;0;32257;-32257
2024-11-29T12:45;2024-11-29T13:00;52;kWh;-41657;0;0;0;41657;-41657
2024-11-29T13:00;2024-11-29T13:15;53;kWh;-66957;0;0;0;66957;-66957
2024-11-29T13:15;2024-11-29T13:30;54;kWh;-50219;0;0;0;50219;-50219
2024-11-29T13:30;2024-11-29T13:45;55;kWh;-50138;0;0;0;50138;-50138
2024-11-29T13:45;2024-11-29T14:00;56;kWh;-38759;0;0;0;38759;-38759
2024-11-29T14:00;2024-11-29T14:15;57;kWh;-96083;0;0;0;96083;-96083
2024-11-29T14:15;2024-11-29T14:30;58;kWh;-49749;28;0;0;49777;-49721
2024-11-29T14:30;2024-11-29T14:45;59;kWh;-40015;0;0;0;40015;-40015
2024-11-29T14:45;2024-11-29T15:00;60;kWh;-837;0;0;0;837;-837
2024-11-29T15:00;2024-11-29T15:15;61;kWh;-54492;0;0;0;54492;-54492
2024-11-29T15:15;2024-11-29T15:30;62;kWh;-3317;8725;0;0;12042;5408
2024-11-29T15:30;2024-11-29T15:45;63;kWh;0;26877;0;0;26877;26877
2024-11-29T15:45;2024-11-29T16:00;64;kWh;0;44357;0;0;44357;44357
2024-11-29T16:00;2024-11-29T16:15;65;kWh;-9121;17926;0;0;27047;8805
2024-11-29T16:15;2024-11-29T16:30;66;kWh;-16489;0;0;0;16489;-16489
2024-11-29T16:30;2024-11-29T16:45;67;kWh;-30681;0;0;0;30681;-30681
2024-11-29T16:45;2024-11-29T17:00;68;kWh;-62456;0;0;0;62456;-62456
2024-11-29T17:00;2024-11-29T17:15;69;kWh;-81296;0;0;0;81296;-81296
2024-11-29T17:15;2024-11-29T17:30;70;kWh;-120600;0;0;0;120600;-120600
2024-11-29T17:30;2024-11-29T17:45;71;kWh;-112301;0;0;0;112301;-112301
2024-11-29T17:45;2024-11-29T18:00;72;kWh;-114607;0;0;0;114607;-114607
2024-11-29T18:00;2024-11-29T18:15;73;kWh;-63052;0;0;0;63052;-63052
2024-11-29T18:15;2024-11-29T18:30;74;kWh;-79517;0;0;0;79517;-79517
2024-11-29T18:30;2024-11-29T18:45;75;kWh;-93070;0;0;0;93070;-93070
2024-11-29T18:45;2024-11-29T19:00;76;kWh;-111526;0;0;0;111526;-111526
2024-11-29T19:00;2024-11-29T19:15;77;kWh;-69075;0;0;0;69075;-69075
2024-11-29T19:15;2024-11-29T19:30;78;kWh;-47245;0;0;0;47245;-47245
2024-11-29T19:30;2024-11-29T19:45;79;kWh;-65648;0;0;0;65648;-65648
2024-11-29T19:45;2024-11-29T20:00;80;kWh;-67905;0;0;0;67905;-67905
2024-11-29T20:00;2024-11-29T20:15;81;kWh;-35837;0;0;0;35837;-35837
2024-11-29T20:15;2024-11-29T20:30;82;kWh;-5177;685;0;0;5862;-4492
2024-11-29T20:30;2024-11-29T20:45;83;kWh;-5883;0;0;0;5883;-5883
2024-11-29T20:45;2024-11-29T21:00;84;kWh;-15386;654;0;0;16040;-14732
2024-11-29T21:00;2024-11-29T21:15;85;kWh;-13136;1716;0;0;14852;-11420
2024-11-29T21:15;2024-11-29T21:30;86;kWh;-11554;0;0;0;11554;-11554
2024-11-29T21:30;2024-11-29T21:45;87;kWh;-59820;0;0;0;59820;-59820
2024-11-29T21:45;2024-11-29T22:00;88;kWh;-47594;0;0;0;47594;-47594
2024-11-29T22:00;2024-11-29T22:15;89;kWh;-61235;0;0;0;61235;-61235
2024-11-29T22:15;2024-11-29T22:30;90;kWh;-26167;195;0;0;26362;-25972
2024-11-29T22:30;2024-11-29T22:45;91;kWh;-52;1558;0;0;1610;1506
2024-11-29T22:45;2024-11-29T23:00;92;kWh;-31954;0;0;0;31954;-31954
2024-11-29T23:00;2024-11-29T23:15;93;kWh;-30522;79;0;0;30601;-30443
2024-11-29T23:15;2024-11-29T23:30;94;kWh;-12493;53;0;0;12546;-12440
2024-11-29T23:30;2024-11-29T23:45;95;kWh;-26602;0;0;0;26602;-26602
2024-11-29T23:45;2024-11-30T00:00;96;kWh;-40126;0;0;0;40126;-40126
2024-11-30T00:00;2024-11-30T00:15;1;kWh;-30769;15796;0;0;46565;-14973
2024-11-30T00:15;2024-11-30T00:30;2;kWh;-3190;26123;0;0;29313;22933
2024-11-30T00:30;2024-11-30T00:45;3;kWh;-29118;0;0;0;29118;-29118
2024-11-30T00:45;2024-11-30T01:00;4;kWh;-39813;0;0;0;39813;-39813
2024-11-30T01:00;2024-11-30T01:15;5;kWh;-2317;16543;0;0;18860;14226
2024-11-30T01:15;2024-11-30T01:30;6;kWh;0;11251;0;0;11251;11251
2024-11-30T01:30;2024-11-30T01:45;7;kWh;0;3472;0;0;3472;3472
2024-11-30T01:45;2024-11-30T02:00;8;kWh;0;392;0;0;392;392
2024-11-30T02:00;2024-11-30T02:15;9;kWh;-658;898;0;0;1556;240
2024-11-30T02:15;2024-11-30T02:30;10;kWh;-3805;289;0;0;4094;-3516
2024-11-30T02:30;2024-11-30T02:45;11;kWh;-14863;0;0;0;14863;-14863
2024-11-30T02:45;2024-11-30T03:00;12;kWh;-20723;0;0;0;20723;-20723
2024-11-30T03:00;2024-11-30T03:15;13;kWh;-10395;0;0;0;10395;-10395
2024-11-30T03:15;2024-11-30T03:30;14;kWh;-3784;0;0;0;3784;-3784
2024-11-30T03:30;2024-11-30T03:45;15;kWh;-4169;0;0;0;4169;-4169
2024-11-30T03:45;2024-11-30T04:00;16;kWh;-17147;106;0;0;17253;-17041
2024-11-30T04:00;2024-11-30T04:15;17;kWh;0;24101;0;0;24101;24101
2024-11-30T04:15;2024-11-30T04:30;18;kWh;-734;11192;0;0;11926;10458
2024-11-30T04:30;2024-11-30T04:45;19;kWh;-6363;0;0;0;6363;-6363
2024-11-30T04:45;2024-11-30T05:00;20;kWh;-23335;0;0;0;23335;-23335
2024-11-30T05:00;2024-11-30T05:15;21;kWh;-45420;0;0;0;45420;-45420
2024-11-30T05:15;2024-11-30T05:30;22;kWh;-54009;0;0;0;54009;-54009
2024-11-30T05:30;2024-11-30T05:45;23;kWh;-9943;617;0;0;10560;-9326
2024-11-30T05:45;2024-11-30T06:00;24;kWh;-126;2425;0;0;2551;2299
2024-11-30T06:00;2024-11-30T06:15;25;kWh;-22043;513;0;0;22556;-21530
2024-11-30T06:15;2024-11-30T06:30;26;kWh;-31502;0;0;0;31502;-31502
2024-11-30T06:30;2024-11-30T06:45;27;kWh;-7286;0;0;0;7286;-7286
2024-11-30T06:45;2024-11-30T07:00;28;kWh;-809;4907;0;0;5716;4098
2024-11-30T07:00;2024-11-30T07:15;29;kWh;-22072;640;0;0;22712;-21432
2024-11-30T07:15;2024-11-30T07:30;30;kWh;-7252;1996;0;0;9248;-5256
2024-11-30T07:30;2024-11-30T07:45;31;kWh;0;28805;0;0;28805;28805
2024-11-30T07:45;2024-11-30T08:00;32;kWh;0;27263;0;0;27263;27263
2024-11-30T08:00;2024-11-30T08:15;33;kWh;-43043;2420;0;0;45463;-40623
2024-11-30T08:15;2024-11-30T08:30;34;kWh;-28002;0;0;0;28002;-28002
2024-11-30T08:30;2024-11-30T08:45;35;kWh;-9758;2230;0;0;11988;-7528
2024-11-30T08:45;2024-11-30T09:00;36;kWh;-43;11702;0;0;11745;11659
2024-11-30T09:00;2024-11-30T09:15;37;kWh;-1;10547;0;0;10548;10546
2024-11-30T09:15;2024-11-30T09:30;38;kWh;-22043;119;0;0;22162;-21924
2024-11-30T09:30;2024-11-30T09:45;39;kWh;-50728;0;0;0;50728;-50728
2024-11-30T09:45;2024-11-30T10:00;40;kWh;-63474;0;0;0;63474;-63474
2024-11-30T10:00;2024-11-30T10:15;41;kWh;-14173;56079;0;0;70252;41906
2024-11-30T10:15;2024-11-30T10:30;42;kWh;-28709;3933;0;0;32642;-24776
2024-11-30T10:30;2024-11-30T10:45;43;kWh;-66367;0;0;0;66367;-66367
2024-11-30T10:45;2024-11-30T11:00;44;kWh;-82552;0;0;0;82552;-82552
2024-11-30T11:00;2024-11-30T11:15;45;kWh;-29139;0;0;0;29139;-29139
2024-11-30T11:15;2024-11-30T11:30;46;kWh;-9860;0;0;0;9860;-9860
2024-11-30T11:30;2024-11-30T11:45;47;kWh;-53575;0;0;0;53575;-53575
2024-11-30T11:45;2024-11-30T12:00;48;kWh;-71970;0;0;0;71970;-71970
2024-11-30T12:00;2024-11-30T12:15;49;kWh;-80224;0;0;0;80224;-80224
2024-11-30T12:15;2024-11-30T12:30;50;kWh;-50388;0;0;0;50388;-50388
2024-11-30T12:30;2024-11-30T12:45;51;kWh;-28464;0;0;0;28464;-28464
2024-11-30T12:45;2024-11-30T13:00;52;kWh;-12897;0;0;0;12897;-12897
2024-11-30T13:00;2024-11-30T13:15;53;kWh;-39562;12;0;0;39574;-39550
2024-11-30T13:15;2024-11-30T13:30;54;kWh;-1633;276;0;0;1909;-1357
2024-11-30T13:30;2024-11-30T13:45;55;kWh;0;21761;0;0;21761;21761
2024-11-30T13:45;2024-11-30T14:00;56;kWh;0;20164;0;0;20164;20164
2024-11-30T14:00;2024-11-30T14:15;57;kWh;-2221;12868;0;0;15089;10647
2024-11-30T14:15;2024-11-30T14:30;58;kWh;-240;18225;0;0;18465;17985
2024-11-30T14:30;2024-11-30T14:45;59;kWh;0;49567;0;0;49567;49567
2024-11-30T14:45;2024-11-30T15:00;60;kWh;-27;41520;0;0;41547;41493
2024-11-30T15:00;2024-11-30T15:15;61;kWh;-4490;1101;0;0;5591;-3389
2024-11-30T15:15;2024-11-30T15:30;62;kWh;0;26649;0;0;26649;26649
2024-11-30T15:30;2024-11-30T15:45;63;kWh;0;18180;0;0;18180;18180
2024-11-30T15:45;2024-11-30T16:00;64;kWh;0;43210;0;0;43210;43210
2024-11-30T16:00;2024-11-30T16:15;65;kWh;-15100;20099;0;0;35199;4999
2024-11-30T16:15;2024-11-30T16:30;66;kWh;-19415;249;0;0;19664;-19166
2024-11-30T16:30;2024-11-30T16:45;67;kWh;-30274;249;0;0;30523;-30025
2024-11-30T16:45;2024-11-30T17:00;68;kWh;-1056;3548;0;0;4604;2492
2024-11-30T17:00;2024-11-30T17:15;69;kWh;-30817;5311;0;0;36128;-25506
2024-11-30T17:15;2024-11-30T17:30;70;kWh;-59177;249;0;0;59426;-58928
2024-11-30T17:30;2024-11-30T17:45;71;kWh;-48415;249;0;0;48664;-48166
2024-11-30T17:45;2024-11-30T18:00;72;kWh;-42792;249;0;0;43041;-42543
2024-11-30T18:00;2024-11-30T18:15;73;kWh;-4837;283;0;0;5120;-4554
2024-11-30T18:15;2024-11-30T18:30;74;kWh;-28967;249;0;0;29216;-28718
2024-11-30T18:30;2024-11-30T18:45;75;kWh;-61775;249;0;0;62024;-61526
2024-11-30T18:45;2024-11-30T19:00;76;kWh;-45293;249;0;0;45542;-45044
2024-11-30T19:00;2024-11-30T19:15;77;kWh;-18158;22667;0;0;40825;4509
2024-11-30T19:15;2024-11-30T19:30;78;kWh;-974;9099;0;0;10073;8125
2024-11-30T19:30;2024-11-30T19:45;79;kWh;-3667;930;0;0;4597;-2737
2024-11-30T19:45;2024-11-30T20:00;80;kWh;-5205;649;0;0;5854;-4556
2024-11-30T20:00;2024-11-30T20:15;81;kWh;-1027;32678;0;0;33705;31651
2024-11-30T20:15;2024-11-30T20:30;82;kWh;0;25653;0;0;25653;25653
2024-11-30T20:30;2024-11-30T20:45;83;kWh;-512;8925;0;0;9437;8413
2024-11-30T20:45;2024-11-30T21:00;84;kWh;-1588;17034;0;0;18622;15446
2024-11-30T21:00;2024-11-30T21:15;85;kWh;-657;26977;0;0;27634;26320
2024-11-30T21:15;2024-11-30T21:30;86;kWh;-354;3470;0;0;3824;3116
2024-11-30T21:30;2024-11-30T21:45;87;kWh;0;1558;0;0;1558;1558
2024-11-30T21:45;2024-11-30T22:00;88;kWh;0;1309;0;0;1309;1309
2024-11-30T22:00;2024-11-30T22:15;89;kWh;0;6177;0;0;6177;6177
2024-11-30T22:15;2024-11-30T22:30;90;kWh;0;5868;0;0;5868;5868
2024-11-30T22:30;2024-11-30T22:45;91;kWh;0;57755;0;0;57755;57755
2024-11-30T22:45;2024-11-30T23:00;92;kWh;0;83702;0;0;83702;83702
2024-11-30T23:00;2024-11-30T23:15;93;kWh;0;58681;0;0;58681;58681
2024-11-30T23:15;2024-11-30T23:30;94;kWh;-392;5089;0;0;5481;4697
2024-11-30T23:30;2024-11-30T23:45;95;kWh;-225;618;0;0;843;393
2024-11-30T23:45;2024-12-01T00:00;96;kWh;-2846;249;0;0;3095;-2597
2024-12-01T00:00;2024-12-01T00:15;1;kWh;-31723;0;0;0;31723;-31723
2024-12-01T00:15;2024-12-01T00:30;2;kWh;-188;194;0;0;382;6
2024-12-01T00:30;2024-12-01T00:45;3;kWh;-102;0;0;0;102;-102
2024-12-01T00:45;2024-12-01T01:00;4;kWh;-1291;0;0;0;1291;-1291
2024-12-01T01:00;2024-12-01T01:15;5;kWh;-880;10204;0;0;11084;9324
2024-12-01T01:15;2024-12-01T01:30;6;kWh;-3878;558;0;0;4436;-3320
2024-12-01T01:30;2024-12-01T01:45;7;kWh;-3231;0;0;0;3231;-3231
2024-12-01T01:45;2024-12-01T02:00;8;kWh;-6657;0;0;0;6657;-6657
2024-12-01T02:00;2024-12-01T02:15;9;kWh;-2335;11776;0;0;14111;9441
2024-12-01T02:15;2024-12-01T02:30;10;kWh;-640;16335;0;0;16975;15695
2024-12-01T02:30;2024-12-01T02:45;11;kWh;-3223;0;0;0;3223;-3223
2024-12-01T02:45;2024-12-01T03:00;12;kWh;-2100;0;0;0;2100;-2100
2024-12-01T03:00;2024-12-01T03:15;13;kWh;-440;10580;0;0;11020;10140
2024-12-01T03:15;2024-12-01T03:30;14;kWh;0;2193;0;0;2193;2193
2024-12-01T03:30;2024-12-01T03:45;15;kWh;-2385;0;0;0;2385;-2385
2024-12-01T03:45;2024-12-01T04:00;16;kWh;-18719;0;0;0;18719;-18719
2024-12-01T04:00;2024-12-01T04:15;17;kWh;-6442;3739;0;0;10181;-2703
2024-12-01T04:15;2024-12-01T04:30;18;kWh;-2586;1983;0;0;4569;-603
2024-12-01T04:30;2024-12-01T04:45;19;kWh;-2071;3164;0;0;5235;1093
2024-12-01T04:45;2024-12-01T05:00;20;kWh;0;2827;0;0;2827;2827
2024-12-01T05:00;2024-12-01T05:15;21;kWh;0;35186;0;0;35186;35186
2024-12-01T05:15;2024-12-01T05:30;22;kWh;0;49753;0;0;49753;49753
2024-12-01T05:30;2024-12-01T05:45;23;kWh;0;54534;0;0;54534;54534
2024-12-01T05:45;2024-12-01T06:00;24;kWh;0;64798;0;0;64798;64798
2024-12-01T06:00;2024-12-01T06:15;25;kWh;0;50122;0;0;50122;50122
2024-12-01T06:15;2024-12-01T06:30;26;kWh;0;36613;0;0;36613;36613
2024-12-01T06:30;2024-12-01T06:45;27;kWh;0;23606;0;0;23606;23606
2024-12-01T06:45;2024-12-01T07:00;28;kWh;0;18333;0;0;18333;18333
2024-12-01T07:00;2024-12-01T07:15;29;kWh;-13615;2017;0;0;15632;-11598
2024-12-01T07:15;2024-12-01T07:30;30;kWh;-629;10926;0;0;11555;10297
2024-12-01T07:30;2024-12-01T07:45;31;kWh;0;14440;0;0;14440;14440
2024-12-01T07:45;2024-12-01T08:00;32;kWh;0;25693;0;0;25693;25693
2024-12-01T08:00;2024-12-01T08:15;33;kWh;0;18872;0;0;18872;18872
2024-12-01T08:15;2024-12-01T08:30;34;kWh;0;22384;0;0;22384;22384
2024-12-01T08:30;2024-12-01T08:45;35;kWh;0;19168;0;0;19168;19168
2024-12-01T08:45;2024-12-01T09:00;36;kWh;0;1036;0;0;1036;1036
2024-12-01T09:00;2024-12-01T09:15;37;kWh;0;65160;0;0;65160;65160
2024-12-01T09:15;2024-12-01T09:30;38;kWh;0;57511;0;0;57511;57511
2024-12-01T09:30;2024-12-01T09:45;39;kWh;-397;12761;0;0;13158;12364
2024-12-01T09:45;2024-12-01T10:00;40;kWh;-16054;129;0;0;16183;-15925
2024-12-01T10:00;2024-12-01T10:15;41;kWh;-686;63030;0;0;63716;62344
2024-12-01T10:15;2024-12-01T10:30;42;kWh;0;39183;0;0;39183;39183
2024-12-01T10:30;2024-12-01T10:45;43;kWh;0;32295;0;0;32295;32295
2024-12-01T10:45;2024-12-01T11:00;44;kWh;-9605;9473;0;0;19078;-132
2024-12-01T11:00;2024-12-01T11:15;45;kWh;-5744;39790;0;0;45534;34046
2024-12-01T11:15;2024-12-01T11:30;46;kWh;0;47654;0;0;47654;47654
2024-12-01T11:30;2024-12-01T11:45;47;kWh;-337;2599;0;0;2936;2262
2024-12-01T11:45;2024-12-01T12:00;48;kWh;-4935;0;0;0;4935;-4935
2024-12-01T12:00;2024-12-01T12:15;49;kWh;-34233;0;0;0;34233;-34233
2024-12-01T12:15;2024-12-01T12:30;50;kWh;-15104;0;0;0;15104;-15104
2024-12-01T12:30;2024-12-01T12:45;51;kWh;-4346;0;0;0;4346;-4346
2024-12-01T12:45;2024-12-01T13:00;52;kWh;-11063;0;0;0;11063;-11063
2024-12-01T13:00;2024-12-01T13:15;53;kWh;-69604;0;0;0;69604;-69604
2024-12-01T13:15;2024-12-01T13:30;54;kWh;-40783;0;0;0;40783;-40783
2024-12-01T13:30;2024-12-01T13:45;55;kWh;-38930;0;0;0;38930;-38930
2024-12-01T13:45;2024-12-01T14:00;56;kWh;-28839;0;0;0;28839;-28839
2024-12-01T14:00;2024-12-01T14:15;57;kWh;-23398;0;0;0;23398;-23398
2024-12-01T14:15;2024-12-01T14:30;58;kWh;-305;25003;0;0;25308;24698
2024-12-01T14:30;2024-12-01T14:45;59;kWh;0;81102;0;0;81102;81102
2024-12-01T14:45;2024-12-01T15:00;60;kWh;0;79786;0;0;79786;79786
2024-12-01T15:00;2024-12-01T15:15;61;kWh;0;49917;0;0;49917;49917
2024-12-01T15:15;2024-12-01T15:30;62;kWh;0;82412;0;0;82412;82412
2024-12-01T15:30;2024-12-01T15:45;63;kWh;0;47502;0;0;47502;47502
2024-12-01T15:45;2024-12-01T16:00;64;kWh;-13406;1693;0;0;15099;-11713
2024-12-01T16:00;2024-12-01T16:15;65;kWh;-48164;0;0;0;48164;-48164
2024-12-01T16:15;2024-12-01T16:30;66;kWh;-51459;0;0;0;51459;-51459
2024-12-01T16:30;2024-12-01T16:45;67;kWh;-50717;0;0;0;50717;-50717
2024-12-01T16:45;2024-12-01T17:00;68;kWh;-40832;0;0;0;40832;-40832
2024-12-01T17:00;2024-12-01T17:15;69;kWh;-76133;0;0;0;76133;-76133
2024-12-01T17:15;2024-12-01T17:30;70;kWh;-65942;59;0;0;66001;-65883
2024-12-01T17:30;2024-12-01T17:45;71;kWh;-87562;0;0;0;87562;-87562
2024-12-01T17:45;2024-12-01T18:00;72;kWh;-79201;0;0;0;79201;-79201
2024-12-01T18:00;2024-12-01T18:15;73;kWh;-52307;0;0;0;52307;-52307
2024-12-01T18:15;2024-12-01T18:30;74;kWh;-86441;0;0;0;86441;-86441
2024-12-01T18:30;2024-12-01T18:45;75;kWh;-94785;0;0;0;94785;-94785
2024-12-01T18:45;2024-12-01T19:00;76;kWh;-93526;0;0;0;93526;-93526
2024-12-01T19:00;2024-12-01T19:15;77;kWh;-72536;0;0;0;72536;-72536
2024-12-01T19:15;2024-12-01T19:30;78;kWh;-27526;0;0;0;27526;-27526
2024-12-01T19:30;2024-12-01T19:45;79;kWh;-15255;0;0;0;15255;-15255
2024-12-01T19:45;2024-12-01T20:00;80;kWh;-34991;0;0;0;34991;-34991
2024-12-01T20:00;2024-12-01T20:15;81;kWh;-30829;0;0;0;30829;-30829
2024-12-01T20:15;2024-12-01T20:30;82;kWh;-10166;0;0;0;10166;-10166
2024-12-01T20:30;2024-12-01T20:45;83;kWh;-3553;0;0;0;3553;-3553
2024-12-01T20:45;2024-12-01T21:00;84;kWh;-22477;0;0;0;22477;-22477
2024-12-01T21:00;2024-12-01T21:15;85;kWh;-20184;0;0;0;20184;-20184
2024-12-01T21:15;2024-12-01T21:30;86;kWh;-9188;0;0;0;9188;-9188
2024-12-01T21:30;2024-12-01T21:45;87;kWh;-22421;0;0;0;22421;-22421
2024-12-01T21:45;2024-12-01T22:00;88;kWh;-33283;0;0;0;33283;-33283
2024-12-01T22:00;2024-12-01T22:15;89;kWh;-14580;1675;0;0;16255;-12905
2024-12-01T22:15;2024-12-01T22:30;90;kWh;0;2881;0;0;2881;2881
2024-12-01T22:30;2024-12-01T22:45;91;kWh;-2604;1351;0;0;3955;-1253
2024-12-01T22:45;2024-12-01T23:00;92;kWh;-16372;0;0;0;16372;-16372
2024-12-01T23:00;2024-12-01T23:15;93;kWh;-17530;0;0;0;17530;-17530
2024-12-01T23:15;2024-12-01T23:30;94;kWh;-903;633;0;0;1536;-270
2024-12-01T23:30;2024-12-01T23:45;95;kWh;-37849;0;0;0;37849;-37849
2024-12-01T23:45;2024-12-02T00:00;96;kWh;-54059;0;0;0;54059;-54059
2024-12-02T00:00;2024-12-02T00:15;1;kWh;-63202;0;0;0;63202;-63202
2024-12-02T00:15;2024-12-02T00:30;2;kWh;-38880;0;0;0;38880;-38880
2024-12-02T00:30;2024-12-02T00:45;3;kWh;-42282;0;0;0;42282;-42282
2024-12-02T00:45;2024-12-02T01:00;4;kWh;-45664;0;0;0;45664;-45664
2024-12-02T01:00;2024-12-02T01:15;5;kWh;-27929;0;0;0;27929;-27929
2024-12-02T01:15;2024-12-02T01:30;6;kWh;-9420;0;0;0;9420;-9420
2024-12-02T01:30;2024-12-02T01:45;7;kWh;-24185;0;0;0;24185;-24185
2024-12-02T01:45;2024-12-02T02:00;8;kWh;-21944;0;0;0;21944;-21944
2024-12-02T02:00;2024-12-02T02:15;9;kWh;-21424;0;0;0;21424;-21424
2024-12-02T02:15;2024-12-02T02:30;10;kWh;-26066;0;0;0;26066;-26066
2024-12-02T02:30;2024-12-02T02:45;11;kWh;-43797;0;0;0;43797;-43797
2024-12-02T02:45;2024-12-02T03:00;12;kWh;-54622;0;0;0;54622;-54622
2024-12-02T03:00;2024-12-02T03:15;13;kWh;-42632;0;0;0;42632;-42632
2024-12-02T03:15;2024-12-02T03:30;14;kWh;-30973;0;0;0;30973;-30973
2024-12-02T03:30;2024-12-02T03:45;15;kWh;-29515;0;0;0;29515;-29515
2024-12-02T03:45;2024-12-02T04:00;16;kWh;-45694;0;0;0;45694;-45694
2024-12-02T04:00;2024-12-02T04:15;17;kWh;-63488;0;0;0;63488;-63488
2024-12-02T04:15;2024-12-02T04:30;18;kWh;-38741;0;0;0;38741;-38741
2024-12-02T04:30;2024-12-02T04:45;19;kWh;-41947;0;0;0;41947;-41947
2024-12-02T04:45;2024-12-02T05:00;20;kWh;-49380;0;0;0;49380;-49380
2024-12-02T05:00;2024-12-02T05:15;21;kWh;-21823;512;0;0;22335;-21311
2024-12-02T05:15;2024-12-02T05:30;22;kWh;-306;393;0;0;699;87
2024-12-02T05:30;2024-12-02T05:45;23;kWh;-249;5550;0;0;5799;5301
2024-12-02T05:45;2024-12-02T06:00;24;kWh;-249;10473;0;0;10722;10224
2024-12-02T06:00;2024-12-02T06:15;25;kWh;-1048;6849;0;0;7897;5801
2024-12-02T06:15;2024-12-02T06:30;26;kWh;-249;27284;0;0;27533;27035
2024-12-02T06:30;2024-12-02T06:45;27;kWh;-249;27851;0;0;28100;27602
2024-12-02T06:45;2024-12-02T07:00;28;kWh;-249;39141;0;0;39390;38892
2024-12-02T07:00;2024-12-02T07:15;29;kWh;-109061;8952;0;0;118013;-100109
2024-12-02T07:15;2024-12-02T07:30;30;kWh;-61085;10195;0;0;71280;-50890
2024-12-02T07:30;2024-12-02T07:45;31;kWh;-41446;2042;0;0;43488;-39404
2024-12-02T07:45;2024-12-02T08:00;32;kWh;-13250;467;0;0;13717;-12783
2024-12-02T08:00;2024-12-02T08:15;33;kWh;-89102;0;0;0;89102;-89102
2024-12-02T08:15;2024-12-02T08:30;34;kWh;-63142;0;0;0;63142;-63142
2024-12-02T08:30;2024-12-02T08:45;35;kWh;-74875;9;0;0;74884;-74866
2024-12-02T08:45;2024-12-02T09:00;36;kWh;-31540;306;0;0;31846;-31234
2024-12-02T09:00;2024-12-02T09:15;37;kWh;-49848;0;0;0;49848;-49848
2024-12-02T09:15;2024-12-02T09:30;38;kWh;-50479;0;0;0;50479;-50479
2024-12-02T09:30;2024-12-02T09:45;39;kWh;-15632;0;0;0;15632;-15632
2024-12-02T09:45;2024-12-02T10:00;40;kWh;-692;8748;0;0;9440;8056
2024-12-02T10:00;2024-12-02T10:15;41;kWh;-267;4678;0;0;4945;4411
2024-12-02T10:15;2024-12-02T10:30;42;kWh;-388;23139;0;0;23527;22751
2024-12-02T10:30;2024-12-02T10:45;43;kWh;-3323;270;0;0;3593;-3053
2024-12-02T10:45;2024-12-02T11:00;44;kWh;-11595;154;0;0;11749;-11441
2024-12-02T11:00;2024-12-02T11:15;45;kWh;-19653;399;0;0;20052;-19254
2024-12-02T11:15;2024-12-02T11:30;46;kWh;-3665;36;0;0;3701;-3629
2024-12-02T11:30;2024-12-02T11:45;47;kWh;-2380;112;0;0;2492;-2268
2024-12-02T11:45;2024-12-02T12:00;48;kWh;-11225;0;0;0;11225;-11225
2024-12-02T12:00;2024-12-02T12:15;49;kWh;-4942;29031;0;0;33973;24089
2024-12-02T12:15;2024-12-02T12:30;50;kWh;-8043;867;0;0;8910;-7176
2024-12-02T12:30;2024-12-02T12:45;51;kWh;-473;30734;0;0;31207;30261
2024-12-02T12:45;2024-12-02T13:00;52;kWh;-360;12111;0;0;12471;11751
2024-12-02T13:00;2024-12-02T13:15;53;kWh;-346;5826;0;0;6172;5480
2024-12-02T13:15;2024-12-02T13:30;54;kWh;-249;29227;0;0;29476;28978
2024-12-02T13:30;2024-12-02T13:45;55;kWh;-249;22047;0;0;22296;21798
2024-12-02T13:45;2024-12-02T14:00;56;kWh;-976;4404;0;0;5380;3428
2024-12-02T14:00;2024-12-02T14:15;57;kWh;-50386;0;0;0;50386;-50386
2024-12-02T14:15;2024-12-02T14:30;58;kWh;-40254;0;0;0;40254;-40254
2024-12-02T14:30;2024-12-02T14:45;59;kWh;-70458;38;0;0;70496;-70420
2024-12-02T14:45;2024-12-02T15:00;60;kWh;-51682;0;0;0;51682;-51682
2024-12-02T15:00;2024-12-02T15:15;61;kWh;-48054;0;0;0;48054;-48054
2024-12-02T15:15;2024-12-02T15:30;62;kWh;-122008;0;0;0;122008;-122008
2024-12-02T15:30;2024-12-02T15:45;63;kWh;-112675;0;0;0;112675;-112675
2024-12-02T15:45;2024-12-02T16:00;64;kWh;-8601;25560;0;0;34161;16959
2024-12-02T16:00;2024-12-02T16:15;65;kWh;-44682;3508;0;0;48190;-41174
2024-12-02T16:15;2024-12-02T16:30;66;kWh;-33715;0;0;0;33715;-33715
2024-12-02T16:30;2024-12-02T16:45;67;kWh;-56184;0;0;0;56184;-56184
2024-12-02T16:45;2024-12-02T17:00;68;kWh;-62210;0;0;0;62210;-62210
2024-12-02T17:00;2024-12-02T17:15;69;kWh;-79471;60;0;0;79531;-79411
2024-12-02T17:15;2024-12-02T17:30;70;kWh;-857;17916;0;0;18773;17059
2024-12-02T17:30;2024-12-02T17:45;71;kWh;-52821;0;0;0;52821;-52821
2024-12-02T17:45;2024-12-02T18:00;72;kWh;-45382;0;0;0;45382;-45382
2024-12-02T18:00;2024-12-02T18:15;73;kWh;-26830;0;0;0;26830;-26830
2024-12-02T18:15;2024-12-02T18:30;74;kWh;-61100;0;0;0;61100;-61100
2024-12-02T18:30;2024-12-02T18:45;75;kWh;-71873;0;0;0;71873;-71873
2024-12-02T18:45;2024-12-02T19:00;76;kWh;-79715;0;0;0;79715;-79715
2024-12-02T19:00;2024-12-02T19:15;77;kWh;-14433;28025;0;0;42458;13592
2024-12-02T19:15;2024-12-02T19:30;78;kWh;-965;10906;0;0;11871;9941
2024-12-02T19:30;2024-12-02T19:45;79;kWh;-9682;158;0;0;9840;-9524
2024-12-02T19:45;2024-12-02T20:00;80;kWh;-33730;0;0;0;33730;-33730
2024-12-02T20:00;2024-12-02T20:15;81;kWh;-9899;27514;0;0;37413;17615
2024-12-02T20:15;2024-12-02T20:30;82;kWh;-249;63339;0;0;63588;63090
2024-12-02T20:30;2024-12-02T20:45;83;kWh;-249;45845;0;0;46094;45596
2024-12-02T20:45;2024-12-02T21:00;84;kWh;-249;2372;0;0;2621;2123
2024-12-02T21:00;2024-12-02T21:15;85;kWh;-249;10956;0;0;11205;10707
2024-12-02T21:15;2024-12-02T21:30;86;kWh;-668;792;0;0;1460;124
2024-12-02T21:30;2024-12-02T21:45;87;kWh;-249;3369;0;0;3618;3120
2024-12-02T21:45;2024-12-02T22:00;88;kWh;-6604;1692;0;0;8296;-4912
2024-12-02T22:00;2024-12-02T22:15;89;kWh;-12168;1426;0;0;13594;-10742
2024-12-02T22:15;2024-12-02T22:30;90;kWh;-3540;1389;0;0;4929;-2151
2024-12-02T22:30;2024-12-02T22:45;91;kWh;-29604;0;0;0;29604;-29604
2024-12-02T22:45;2024-12-02T23:00;92;kWh;-41582;0;0;0;41582;-41582
2024-12-02T23:00;2024-12-02T23:15;93;kWh;-41743;0;0;0;41743;-41743
2024-12-02T23:15;2024-12-02T23:30;94;kWh;-9004;0;0;0;9004;-9004
2024-12-02T23:30;2024-12-02T23:45;95;kWh;-46909;0;0;0;46909;-46909
2024-12-02T23:45;2024-12-03T00:00;96;kWh;-89042;0;0;0;89042;-89042
2024-12-03T00:00;2024-12-03T00:15;1;kWh;-37227;0;0;0;37227;-37227
2024-12-03T00:15;2024-12-03T00:30;2;kWh;-4313;0;0;0;4313;-4313
2024-12-03T00:30;2024-12-03T00:45;3;kWh;-47348;0;0;0;47348;-47348
2024-12-03T00:45;2024-12-03T01:00;4;kWh;-95503;0;0;0;95503;-95503
2024-12-03T01:00;2024-12-03T01:15;5;kWh;-93890;0;0;0;93890;-93890
2024-12-03T01:15;2024-12-03T01:30;6;kWh;-118352;0;0;0;118352;-118352
2024-12-03T01:30;2024-12-03T01:45;7;kWh;-110209;0;0;0;110209;-110209
2024-12-03T01:45;2024-12-03T02:00;8;kWh;-78831;0;0;0;78831;-78831
2024-12-03T02:00;2024-12-03T02:15;9;kWh;-27371;0;0;0;27371;-27371
2024-12-03T02:15;2024-12-03T02:30;10;kWh;-36431;0;0;0;36431;-36431
2024-12-03T02:30;2024-12-03T02:45;11;kWh;-39374;0;0;0;39374;-39374
2024-12-03T02:45;2024-12-03T03:00;12;kWh;-42100;0;0;0;42100;-42100
2024-12-03T03:00;2024-12-03T03:15;13;kWh;-6038;2434;0;0;8472;-3604
2024-12-03T03:15;2024-12-03T03:30;14;kWh;-6540;0;0;0;6540;-6540
2024-12-03T03:30;2024-12-03T03:45;15;kWh;-9728;0;0;0;9728;-9728
2024-12-03T03:45;2024-12-03T04:00;16;kWh;-2069;0;0;0;2069;-2069
2024-12-03T04:00;2024-12-03T04:15;17;kWh;-4;0;0;0;4;-4
2024-12-03T04:15;2024-12-03T04:30;18;kWh;-38893;0;0;0;38893;-38893
2024-12-03T04:30;2024-12-03T04:45;19;kWh;-6898;4304;0;0;11202;-2594
2024-12-03T04:45;2024-12-03T05:00;20;kWh;0;16723;0;0;16723;16723
2024-12-03T05:00;2024-12-03T05:15;21;kWh;-42625;1303;0;0;43928;-41322
2024-12-03T05:15;2024-12-03T05:30;22;kWh;-43657;0;0;0;43657;-43657
2024-12-03T05:30;2024-12-03T05:45;23;kWh;-35220;27;0;0;35247;-35193
2024-12-03T05:45;2024-12-03T06:00;24;kWh;-605;7754;0;0;8359;7149
2024-12-03T06:00;2024-12-03T06:15;25;kWh;-64882;129;0;0;65011;-64753
2024-12-03T06:15;2024-12-03T06:30;26;kWh;-71526;0;0;0;71526;-71526
2024-12-03T06:30;2024-12-03T06:45;27;kWh;-6781;24555;0;0;31336;17774
2024-12-03T06:45;2024-12-03T07:00;28;kWh;0;50177;0;0;50177;50177
2024-12-03T07:00;2024-12-03T07:15;29;kWh;-2941;12606;0;0;15547;9665
2024-12-03T07:15;2024-12-03T07:30;30;kWh;0;16466;0;0;16466;16466
2024-12-03T07:30;2024-12-03T07:45;31;kWh;0;23304;0;0;23304;23304
2024-12-03T07:45;2024-12-03T08:00;32;kWh;0;11883;0;0;11883;11883
2024-12-03T08:00;2024-12-03T08:15;33;kWh;-9461;3283;0;0;12744;-6178
2024-12-03T08:15;2024-12-03T08:30;34;kWh;-9490;5948;0;0;15438;-3542
2024-12-03T08:30;2024-12-03T08:45;35;kWh;0;26121;0;0;26121;26121
2024-12-03T08:45;2024-12-03T09:00;36;kWh;-31482;2599;0;0;34081;-28883
2024-12-03T09:00;2024-12-03T09:15;37;kWh;-85525;0;0;0;85525;-85525
2024-12-03T09:15;2024-12-03T09:30;38;kWh;-68977;0;0;0;68977;-68977
2024-12-03T09:30;2024-12-03T09:45;39;kWh;-90971;0;0;0;90971;-90971
2024-12-03T09:45;2024-12-03T10:00;40;kWh;-90269;0;0;0;90269;-90269
2024-12-03T10:00;2024-12-03T10:15;41;kWh;-28560;9824;0;0;38384;-18736
2024-12-03T10:15;2024-12-03T10:30;42;kWh;-598;656;0;0;1254;58
2024-12-03T10:30;2024-12-03T10:45;43;kWh;-2031;1795;0;0;3826;-236
2024-12-03T10:45;2024-12-03T11:00;44;kWh;-17147;0;0;0;17147;-17147
2024-12-03T11:00;2024-12-03T11:15;45;kWh;0;15558;0;0;15558;15558
2024-12-03T11:15;2024-12-03T11:30;46;kWh;0;13989;0;0;13989;13989
2024-12-03T11:30;2024-12-03T11:45;47;kWh;0;290;0;0;290;290
2024-12-03T11:45;2024-12-03T12:00;48;kWh;0;14823;0;0;14823;14823
2024-12-03T12:00;2024-12-03T12:15;49;kWh;0;19123;0;0;19123;19123
2024-12-03T12:15;2024-12-03T12:30;50;kWh;-1869;18076;0;0;19945;16207
2024-12-03T12:30;2024-12-03T12:45;51;kWh;-2989;4369;0;0;7358;1380
2024-12-03T12:45;2024-12-03T13:00;52;kWh;0;45225;0;0;45225;45225
2024-12-03T13:00;2024-12-03T13:15;53;kWh;-9496;2065;0;0;11561;-7431
2024-12-03T13:15;2024-12-03T13:30;54;kWh;-7989;0;0;0;7989;-7989
2024-12-03T13:30;2024-12-03T13:45;55;kWh;-472;10229;0;0;10701;9757
2024-12-03T13:45;2024-12-03T14:00;56;kWh;-102;11739;0;0;11841;11637
2024-12-03T14:00;2024-12-03T14:15;57;kWh;-13031;80;0;0;13111;-12951
2024-12-03T14:15;2024-12-03T14:30;58;kWh;-850;293;0;0;1143;-557
2024-12-03T14:30;2024-12-03T14:45;59;kWh;0;31483;0;0;31483;31483
2024-12-03T14:45;2024-12-03T15:00;60;kWh;-760;16772;0;0;17532;16012
2024-12-03T15:00;2024-12-03T15:15;61;kWh;-12611;0;0;0;12611;-12611
2024-12-03T15:15;2024-12-03T15:30;62;kWh;-36101;0;0;0;36101;-36101
2024-12-03T15:30;2024-12-03T15:45;63;kWh;-39191;0;0;0;39191;-39191
2024-12-03T15:45;2024-12-03T16:00;64;kWh;-10364;9264;0;0;19628;-1100
2024-12-03T16:00;2024-12-03T16:15;65;kWh;-1969;1351;0;0;3320;-618
2024-12-03T16:15;2024-12-03T16:30;66;kWh;-27;7087;0;0;7114;7060
2024-12-03T16:30;2024-12-03T16:45;67;kWh;0;30923;0;0;30923;30923
2024-12-03T16:45;2024-12-03T17:00;68;kWh;0;65385;0;0;65385;65385
2024-12-03T17:00;2024-12-03T17:15;69;kWh;-835;23057;0;0;23892;22222
2024-12-03T17:15;2024-12-03T17:30;70;kWh;-18222;0;0;0;18222;-18222
2024-12-03T17:30;2024-12-03T17:45;71;kWh;-24532;0;0;0;24532;-24532
2024-12-03T17:45;2024-12-03T18:00;72;kWh;-37263;0;0;0;37263;-37263
2024-12-03T18:00;2024-12-03T18:15;73;kWh;-100193;0;0;0;100193;-100193
2024-12-03T18:15;2024-12-03T18:30;74;kWh;-90394;0;0;0;90394;-90394
2024-12-03T18:30;2024-12-03T18:45;75;kWh;-117196;0;0;0;117196;-117196
2024-12-03T18:45;2024-12-03T19:00;76;kWh;-158272;0;0;0;158272;-158272
2024-12-03T19:00;2024-12-03T19:15;77;kWh;-41282;9827;0;0;51109;-31455
2024-12-03T19:15;2024-12-03T19:30;78;kWh;-3299;1694;0;0;4993;-1605
2024-12-03T19:30;2024-12-03T19:45;79;kWh;-7569;694;0;0;8263;-6875
2024-12-03T19:45;2024-12-03T20:00;80;kWh;-37804;0;0;0;37804;-37804
2024-12-03T20:00;2024-12-03T20:15;81;kWh;-14327;18913;0;0;33240;4586
2024-12-03T20:15;2024-12-03T20:30;82;kWh;-918;32462;0;0;33380;31544
2024-12-03T20:30;2024-12-03T20:45;83;kWh;-66194;58;0;0;66252;-66136
2024-12-03T20:45;2024-12-03T21:00;84;kWh;-118005;0;0;0;118005;-118005
2024-12-03T21:00;2024-12-03T21:15;85;kWh;-41848;23170;0;0;65018;-18678
2024-12-03T21:15;2024-12-03T21:30;86;kWh;-38769;14636;0;0;53405;-24133
2024-12-03T21:30;2024-12-03T21:45;87;kWh;-92175;0;0;0;92175;-92175
2024-12-03T21:45;2024-12-03T22:00;88;kWh;-116457;0;0;0;116457;-116457
2024-12-03T22:00;2024-12-03T22:15;89;kWh;-115874;0;0;0;115874;-115874
2024-12-03T22:15;2024-12-03T22:30;90;kWh;-61327;0;0;0;61327;-61327
2024-12-03T22:30;2024-12-03T22:45;91;kWh;-33449;72;0;0;33521;-33377
2024-12-03T22:45;2024-12-03T23:00;92;kWh;-67122;0;0;0;67122;-67122
2024-12-03T23:00;2024-12-03T23:15;93;kWh;-80729;0;0;0;80729;-80729
2024-12-03T23:15;2024-12-03T23:30;94;kWh;-48934;0;0;0;48934;-48934
2024-12-03T23:30;2024-12-03T23:45;95;kWh;-39642;0;0;0;39642;-39642
2024-12-03T23:45;2024-12-04T00:00;96;kWh;-8609;0;0;0;8609;-8609
2024-12-04T00:00;2024-12-04T00:15;1;kWh;-164;504;0;0;668;340
2024-12-04T00:15;2024-12-04T00:30;2;kWh;-42;1928;0;0;1970;1886
2024-12-04T00:30;2024-12-04T00:45;3;kWh;0;3203;0;0;3203;3203
2024-12-04T00:45;2024-12-04T01:00;4;kWh;-307;7250;0;0;7557;6943
2024-12-04T01:00;2024-12-04T01:15;5;kWh;-934;12143;0;0;13077;11209
2024-12-04T01:15;2024-12-04T01:30;6;kWh;-3537;1863;0;0;5400;-1674
2024-12-04T01:30;2024-12-04T01:45;7;kWh;-4810;0;0;0;4810;-4810
2024-12-04T01:45;2024-12-04T02:00;8;kWh;-15303;0;0;0;15303;-15303
2024-12-04T02:00;2024-12-04T02:15;9;kWh;-24500;0;0;0;24500;-24500
2024-12-04T02:15;2024-12-04T02:30;10;kWh;-32941;0;0;0;32941;-32941
2024-12-04T02:30;2024-12-04T02:45;11;kWh;-76562;0;0;0;76562;-76562
2024-12-04T02:45;2024-12-04T03:00;12;kWh;-136328;0;0;0;136328;-136328
2024-12-04T03:00;2024-12-04T03:15;13;kWh;-120227;0;0;0;120227;-120227
2024-12-04T03:15;2024-12-04T03:30;14;kWh;-78087;0;0;0;78087;-78087
2024-12-04T03:30;2024-12-04T03:45;15;kWh;-50435;0;0;0;50435;-50435
2024-12-04T03:45;2024-12-04T04:00;16;kWh;-86189;0;0;0;86189;-86189
2024-12-04T04:00;2024-12-04T04:15;17;kWh;-87017;0;0;0;87017;-87017
2024-12-04T04:15;2024-12-04T04:30;18;kWh;-87271;0;0;0;87271;-87271
2024-12-04T04:30;2024-12-04T04:45;19;kWh;-104152;0;0;0;104152;-104152
2024-12-04T04:45;2024-12-04T05:00;20;kWh;-91224;0;0;0;91224;-91224
2024-12-04T05:00;2024-12-04T05:15;21;kWh;-120526;0;0;0;120526;-120526
2024-12-04T05:15;2024-12-04T05:30;22;kWh;-75015;0;0;0;75015;-75015
2024-12-04T05:30;2024-12-04T05:45;23;kWh;-14920;2797;0;0;17717;-12123
2024-12-04T05:45;2024-12-04T06:00;24;kWh;-245;4054;0;0;4299;3809
2024-12-04T06:00;2024-12-04T06:15;25;kWh;-70977;22;0;0;70999;-70955
2024-12-04T06:15;2024-12-04T06:30;26;kWh;-2113;359;0;0;2472;-1754
2024-12-04T06:30;2024-12-04T06:45;27;kWh;-62536;0;0;0;62536;-62536
2024-12-04T06:45;2024-12-04T07:00;28;kWh;-65341;0;0;0;65341;-65341
2024-12-04T07:00;2024-12-04T07:15;29;kWh;-144566;0;0;0;144566;-144566
2024-12-04T07:15;2024-12-04T07:30;30;kWh;-24795;331;0;0;25126;-24464
2024-12-04T07:30;2024-12-04T07:45;31;kWh;-8690;17532;0;0;26222;8842
2024-12-04T07:45;2024-12-04T08:00;32;kWh;-4860;18125;0;0;22985;13265
2024-12-04T08:00;2024-12-04T08:15;33;kWh;-86754;0;0;0;86754;-86754
2024-12-04T08:15;2024-12-04T08:30;34;kWh;-56538;0;0;0;56538;-56538
2024-12-04T08:30;2024-12-04T08:45;35;kWh;-16683;6033;0;0;22716;-10650
2024-12-04T08:45;2024-12-04T09:00;36;kWh;0;22056;0;0;22056;22056
2024-12-04T09:00;2024-12-04T09:15;37;kWh;-9104;1321;0;0;10425;-7783
2024-12-04T09:15;2024-12-04T09:30;38;kWh;-21751;37;0;0;21788;-21714
2024-12-04T09:30;2024-12-04T09:45;39;kWh;-1141;4888;0;0;6029;3747
2024-12-04T09:45;2024-12-04T10:00;40;kWh;-10103;57;0;0;10160;-10046
2024-12-04T10:00;2024-12-04T10:15;41;kWh;-3904;25617;0;0;29521;21713
2024-12-04T10:15;2024-12-04T10:30;42;kWh;-6562;2930;0;0;9492;-3632
2024-12-04T10:30;2024-12-04T10:45;43;kWh;-19698;0;0;0;19698;-19698
2024-12-04T10:45;2024-12-04T11:00;44;kWh;-35053;0;0;0;35053;-35053
2024-12-04T11:00;2024-12-04T11:15;45;kWh;-2836;59210;0;0;62046;56374
2024-12-04T11:15;2024-12-04T11:30;46;kWh;0;48291;0;0;48291;48291
2024-12-04T11:30;2024-12-04T11:45;47;kWh;0;31291;0;0;31291;31291
2024-12-04T11:45;2024-12-04T12:00;48;kWh;0;52047;0;0;52047;52047
2024-12-04T12:00;2024-12-04T12:15;49;kWh;0;70553;0;0;70553;70553
2024-12-04T12:15;2024-12-04T12:30;50;kWh;-1290;8519;0;0;9809;7229
2024-12-04T12:30;2024-12-04T12:45;51;kWh;0;45222;0;0;45222;45222
2024-12-04T12:45;2024-12-04T13:00;52;kWh;0;23876;0;0;23876;23876
2024-12-04T13:00;2024-12-04T13:15;53;kWh;0;27563;0;0;27563;27563
2024-12-04T13:15;2024-12-04T13:30;54;kWh;0;43530;0;0;43530;43530
2024-12-04T13:30;2024-12-04T13:45;55;kWh;0;25708;0;0;25708;25708
2024-12-04T13:45;2024-12-04T14:00;56;kWh;-918;16285;0;0;17203;15367
2024-12-04T14:00;2024-12-04T14:15;57;kWh;-26562;9;0;0;26571;-26553
2024-12-04T14:15;2024-12-04T14:30;58;kWh;-10148;0;0;0;10148;-10148
2024-12-04T14:30;2024-12-04T14:45;59;kWh;-661;5518;0;0;6179;4857
2024-12-04T14:45;2024-12-04T15:00;60;kWh;0;29236;0;0;29236;29236
2024-12-04T15:00;2024-12-04T15:15;61;kWh;-97867;5286;0;0;103153;-92581
2024-12-04T15:15;2024-12-04T15:30;62;kWh;-25672;2320;0;0;27992;-23352
2024-12-04T15:30;2024-12-04T15:45;63;kWh;0;1068;0;0;1068;1068
2024-12-04T15:45;2024-12-04T16:00;64;kWh;0;13587;0;0;13587;13587
2024-12-04T16:00;2024-12-04T16:15;65;kWh;-121137;5083;0;0;126220;-116054
2024-12-04T16:15;2024-12-04T16:30;66;kWh;-75600;0;0;0;75600;-75600
2024-12-04T16:30;2024-12-04T16:45;67;kWh;-31872;0;0;0;31872;-31872
2024-12-04T16:45;2024-12-04T17:00;68;kWh;-2704;11775;0;0;14479;9071
2024-12-04T17:00;2024-12-04T17:15;69;kWh;-1052;6672;0;0;7724;5620
2024-12-04T17:15;2024-12-04T17:30;70;kWh;-3972;90;0;0;4062;-3882
2024-12-04T17:30;2024-12-04T17:45;71;kWh;-94;0;0;0;94;-94
2024-12-04T17:45;2024-12-04T18:00;72;kWh;-14695;0;0;0;14695;-14695
2024-12-04T18:00;2024-12-04T18:15;73;kWh;-17098;7464;0;0;24562;-9634
2024-12-04T18:15;2024-12-04T18:30;74;kWh;-43799;3123;0;0;46922;-40676
2024-12-04T18:30;2024-12-04T18:45;75;kWh;-80590;0;0;0;80590;-80590
2024-12-04T18:45;2024-12-04T19:00;76;kWh;-101704;0;0;0;101704;-101704
2024-12-04T19:00;2024-12-04T19:15;77;kWh;-37013;818;0;0;37831;-36195
2024-12-04T19:15;2024-12-04T19:30;78;kWh;-59381;0;0;0;59381;-59381
2024-12-04T19:30;2024-12-04T19:45;79;kWh;-94241;0;0;0;94241;-94241
2024-12-04T19:45;2024-12-04T20:00;80;kWh;-107871;0;0;0;107871;-107871
2024-12-04T20:00;2024-12-04T20:15;81;kWh;-38182;2858;0;0;41040;-35324
2024-12-04T20:15;2024-12-04T20:30;82;kWh;-50998;0;0;0;50998;-50998
2024-12-04T20:30;2024-12-04T20:45;83;kWh;-88078;0;0;0;88078;-88078
2024-12-04T20:45;2024-12-04T21:00;84;kWh;-91948;0;0;0;91948;-91948
2024-12-04T21:00;2024-12-04T21:15;85;kWh;-16087;1221;0;0;17308;-14866
2024-12-04T21:15;2024-12-04T21:30;86;kWh;-2115;5376;0;0;7491;3261
2024-12-04T21:30;2024-12-04T21:45;87;kWh;-22333;0;0;0;22333;-22333
2024-12-04T21:45;2024-12-04T22:00;88;kWh;-42148;0;0;0;42148;-42148
2024-12-04T22:00;2024-12-04T22:15;89;kWh;-57184;0;0;0;57184;-57184
2024-12-04T22:15;2024-12-04T22:30;90;kWh;-9587;718;0;0;10305;-8869
2024-12-04T22:30;2024-12-04T22:45;91;kWh;-6657;0;0;0;6657;-6657
2024-12-04T22:45;2024-12-04T23:00;92;kWh;-6078;0;0;0;6078;-6078
2024-12-04T23:00;2024-12-04T23:15;93;kWh;-8781;0;0;0;8781;-8781
2024-12-04T23:15;2024-12-04T23:30;94;kWh;-2980;0;0;0;2980;-2980
2024-12-04T23:30;2024-12-04T23:45;95;kWh;-3028;3257;0;0;6285;229
2024-12-04T23:45;2024-12-05T00:00;96;kWh;-47701;0;0;0;47701;-47701
2024-12-05T00:00;2024-12-05T00:15;1;kWh;-34509;33796;0;0;68305;-713
2024-12-05T00:15;2024-12-05T00:30;2;kWh;-492;100612;0;0;101104;100120
2024-12-05T00:30;2024-12-05T00:45;3;kWh;-5470;320;0;0;5790;-5150
2024-12-05T00:45;2024-12-05T01:00;4;kWh;0;21451;0;0;21451;21451
2024-12-05T01:00;2024-12-05T01:15;5;kWh;0;66308;0;0;66308;66308
2024-12-05T01:15;2024-12-05T01:30;6;kWh;-888;36915;0;0;37803;36027
2024-12-05T01:30;2024-12-05T01:45;7;kWh;-15672;0;0;0;15672;-15672
2024-12-05T01:45;2024-12-05T02:00;8;kWh;-37019;0;0;0;37019;-37019
2024-12-05T02:00;2024-12-05T02:15;9;kWh;-31207;0;0;0;31207;-31207
2024-12-05T02:15;2024-12-05T02:30;10;kWh;-39543;0;0;0;39543;-39543
2024-12-05T02:30;2024-12-05T02:45;11;kWh;-39986;0;0;0;39986;-39986
2024-12-05T02:45;2024-12-05T03:00;12;kWh;-55268;0;0;0;55268;-55268
2024-12-05T03:00;2024-12-05T03:15;13;kWh;-15333;28032;0;0;43365;12699
2024-12-05T03:15;2024-12-05T03:30;14;kWh;-1787;13207;0;0;14994;11420
2024-12-05T03:30;2024-12-05T03:45;15;kWh;-4579;192;0;0;4771;-4387
2024-12-05T03:45;2024-12-05T04:00;16;kWh;-21374;0;0;0;21374;-21374
2024-12-05T04:00;2024-12-05T04:15;17;kWh;-5065;28450;0;0;33515;23385
2024-12-05T04:15;2024-12-05T04:30;18;kWh;-415;25545;0;0;25960;25130
2024-12-05T04:30;2024-12-05T04:45;19;kWh;-3527;0;0;0;3527;-3527
2024-12-05T04:45;2024-12-05T05:00;20;kWh;-15279;0;0;0;15279;-15279
2024-12-05T05:00;2024-12-05T05:15;21;kWh;-3986;0;0;0;3986;-3986
2024-12-05T05:15;2024-12-05T05:30;22;kWh;0;6181;0;0;6181;6181
2024-12-05T05:30;2024-12-05T05:45;23;kWh;0;31015;0;0;31015;31015
2024-12-05T05:45;2024-12-05T06:00;24;kWh;0;48838;0;0;48838;48838
2024-12-05T06:00;2024-12-05T06:15;25;kWh;0;32063;0;0;32063;32063
2024-12-05T06:15;2024-12-05T06:30;26;kWh;0;46969;0;0;46969;46969
2024-12-05T06:30;2024-12-05T06:45;27;kWh;0;59486;0;0;59486;59486
2024-12-05T06:45;2024-12-05T07:00;28;kWh;0;57427;0;0;57427;57427
2024-12-05T07:00;2024-12-05T07:15;29;kWh;-4083;18963;0;0;23046;14880
2024-12-05T07:15;2024-12-05T07:30;30;kWh;0;69540;0;0;69540;69540
2024-12-05T07:30;2024-12-05T07:45;31;kWh;0;80066;0;0;80066;80066
2024-12-05T07:45;2024-12-05T08:00;32;kWh;0;74146;0;0;74146;74146
2024-12-05T08:00;2024-12-05T08:15;33;kWh;0;49299;0;0;49299;49299
2024-12-05T08:15;2024-12-05T08:30;34;kWh;0;75830;0;0;75830;75830
2024-12-05T08:30;2024-12-05T08:45;35;kWh;0;41131;0;0;41131;41131
2024-12-05T08:45;2024-12-05T09:00;36;kWh;-63;9316;0;0;9379;9253
2024-12-05T09:00;2024-12-05T09:15;37;kWh;-13784;0;0;0;13784;-13784
2024-12-05T09:15;2024-12-05T09:30;38;kWh;-31110;0;0;0;31110;-31110
2024-12-05T09:30;2024-12-05T09:45;39;kWh;-19040;0;0;0;19040;-19040
2024-12-05T09:45;2024-12-05T10:00;40;kWh;-11833;742;0;0;12575;-11091
2024-12-05T10:00;2024-12-05T10:15;41;kWh;-637;0;0;0;637;-637
2024-12-05T10:15;2024-12-05T10:30;42;kWh;-1400;0;0;0;1400;-1400
2024-12-05T10:30;2024-12-05T10:45;43;kWh;-374;0;0;0;374;-374
2024-12-05T10:45;2024-12-05T11:00;44;kWh;-131;2766;0;0;2897;2635
2024-12-05T11:00;2024-12-05T11:15;45;kWh;-1577;3886;0;0;5463;2309
2024-12-05T11:15;2024-12-05T11:30;46;kWh;0;20055;0;0;20055;20055
2024-12-05T11:30;2024-12-05T11:45;47;kWh;0;45660;0;0;45660;45660
2024-12-05T11:45;2024-12-05T12:00;48;kWh;0;46816;0;0;46816;46816
2024-12-05T12:00;2024-12-05T12:15;49;kWh;0;36730;0;0;36730;36730
2024-12-05T12:15;2024-12-05T12:30;50;kWh;0;13205;0;0;13205;13205
2024-12-05T12:30;2024-12-05T12:45;51;kWh;0;3672;0;0;3672;3672
2024-12-05T12:45;2024-12-05T13:00;52;kWh;0;3453;0;0;3453;3453
2024-12-05T13:00;2024-12-05T13:15;53;kWh;0;1793;0;0;1793;1793
2024-12-05T13:15;2024-12-05T13:30;54;kWh;0;6127;0;0;6127;6127
2024-12-05T13:30;2024-12-05T13:45;55;kWh;0;6235;0;0;6235;6235
2024-12-05T13:45;2024-12-05T14:00;56;kWh;-784;543;0;0;1327;-241
2024-12-05T14:00;2024-12-05T14:15;57;kWh;-1051;9040;0;0;10091;7989
2024-12-05T14:15;2024-12-05T14:30;58;kWh;0;4019;0;0;4019;4019
2024-12-05T14:30;2024-12-05T14:45;59;kWh;0;28093;0;0;28093;28093
2024-12-05T14:45;2024-12-05T15:00;60;kWh;-499;12337;0;0;12836;11838
2024-12-05T15:00;2024-12-05T15:15;61;kWh;-9973;0;0;0;9973;-9973
2024-12-05T15:15;2024-12-05T15:30;62;kWh;-17221;0;0;0;17221;-17221
2024-12-05T15:30;2024-12-05T15:45;63;kWh;-28126;0;0;0;28126;-28126
2024-12-05T15:45;2024-12-05T16:00;64;kWh;-31133;0;0;0;31133;-31133
2024-12-05T16:00;2024-12-05T16:15;65;kWh;-39693;0;0;0;39693;-39693
2024-12-05T16:15;2024-12-05T16:30;66;kWh;-22268;0;0;0;22268;-22268
2024-12-05T16:30;2024-12-05T16:45;67;kWh;-36065;330;0;0;36395;-35735
2024-12-05T16:45;2024-12-05T17:00;68;kWh;-5531;5918;0;0;11449;387
2024-12-05T17:00;2024-12-05T17:15;69;kWh;-61533;2;0;0;61535;-61531
2024-12-05T17:15;2024-12-05T17:30;70;kWh;-4227;45438;0;0;49665;41211
2024-12-05T17:30;2024-12-05T17:45;71;kWh;-54706;2855;0;0;57561;-51851
2024-12-05T17:45;2024-12-05T18:00;72;kWh;-21878;3276;0;0;25154;-18602
2024-12-05T18:00;2024-12-05T18:15;73;kWh;-9422;44919;0;0;54341;35497
2024-12-05T18:15;2024-12-05T18:30;74;kWh;-1453;7478;0;0;8931;6025
2024-12-05T18:30;2024-12-05T18:45;75;kWh;-4097;2932;0;0;7029;-1165
2024-12-05T18:45;2024-12-05T19:00;76;kWh;-61913;0;0;0;61913;-61913
2024-12-05T19:00;2024-12-05T19:15;77;kWh;-27974;0;0;0;27974;-27974
2024-12-05T19:15;2024-12-05T19:30;78;kWh;-26251;1744;0;0;27995;-24507
2024-12-05T19:30;2024-12-05T19:45;79;kWh;-8452;0;0;0;8452;-8452
2024-12-05T19:45;2024-12-05T20:00;80;kWh;-17843;0;0;0;17843;-17843
2024-12-05T20:00;2024-12-05T20:15;81;kWh;-77027;0;0;0;77027;-77027
2024-12-05T20:15;2024-12-05T20:30;82;kWh;-9551;3778;0;0;13329;-5773
2024-12-05T20:30;2024-12-05T20:45;83;kWh;-44883;0;0;0;44883;-44883
2024-12-05T20:45;2024-12-05T21:00;84;kWh;-28441;0;0;0;28441;-28441
2024-12-05T21:00;2024-12-05T21:15;85;kWh;-37989;10;0;0;37999;-37979
2024-12-05T21:15;2024-12-05T21:30;86;kWh;-952;13528;0;0;14480;12576
2024-12-05T21:30;2024-12-05T21:45;87;kWh;-5806;5715;0;0;11521;-91
2024-12-05T21:45;2024-12-05T22:00;88;kWh;0;6564;0;0;6564;6564
2024-12-05T22:00;2024-12-05T22:15;89;kWh;0;55239;0;0;55239;55239
2024-12-05T22:15;2024-12-05T22:30;90;kWh;0;48342;0;0;48342;48342
2024-12-05T22:30;2024-12-05T22:45;91;kWh;-1155;1659;0;0;2814;504
2024-12-05T22:45;2024-12-05T23:00;92;kWh;-20460;0;0;0;20460;-20460
2024-12-05T23:00;2024-12-05T23:15;93;kWh;-13987;27501;0;0;41488;13514
2024-12-05T23:15;2024-12-05T23:30;94;kWh;-15644;35713;0;0;51357;20069
2024-12-05T23:30;2024-12-05T23:45;95;kWh;-21741;8688;0;0;30429;-13053
2024-12-05T23:45;2024-12-06T00:00;96;kWh;-52520;3424;0;0;55944;-49096
2024-12-06T00:00;2024-12-06T00:15;1;kWh;-36091;30232;0;0;66323;-5859
2024-12-06T00:15;2024-12-06T00:30;2;kWh;-19361;20580;0;0;39941;1219
2024-12-06T00:30;2024-12-06T00:45;3;kWh;-50635;0;0;0;50635;-50635
2024-12-06T00:45;2024-12-06T01:00;4;kWh;-34181;322;0;0;34503;-33859
2024-12-06T01:00;2024-12-06T01:15;5;kWh;0;28167;0;0;28167;28167
2024-12-06T01:15;2024-12-06T01:30;6;kWh;-1302;5306;0;0;6608;4004
2024-12-06T01:30;2024-12-06T01:45;7;kWh;-2518;0;0;0;2518;-2518
2024-12-06T01:45;2024-12-06T02:00;8;kWh;-21855;0;0;0;21855;-21855
2024-12-06T02:00;2024-12-06T02:15;9;kWh;-7832;25952;0;0;33784;18120
2024-12-06T02:15;2024-12-06T02:30;10;kWh;-8990;1048;0;0;10038;-7942
2024-12-06T02:30;2024-12-06T02:45;11;kWh;-6383;0;0;0;6383;-6383
2024-12-06T02:45;2024-12-06T03:00;12;kWh;-5500;0;0;0;5500;-5500
2024-12-06T03:00;2024-12-06T03:15;13;kWh;-14809;0;0;0;14809;-14809
2024-12-06T03:15;2024-12-06T03:30;14;kWh;-1890;0;0;0;1890;-1890
2024-12-06T03:30;2024-12-06T03:45;15;kWh;-5466;0;0;0;5466;-5466
2024-12-06T03:45;2024-12-06T04:00;16;kWh;-11623;0;0;0;11623;-11623
2024-12-06T04:00;2024-12-06T04:15;17;kWh;-17144;3553;0;0;20697;-13591
2024-12-06T04:15;2024-12-06T04:30;18;kWh;-7649;3067;0;0;10716;-4582
2024-12-06T04:30;2024-12-06T04:45;19;kWh;-6581;0;0;0;6581;-6581
2024-12-06T04:45;2024-12-06T05:00;20;kWh;-20420;0;0;0;20420;-20420
2024-12-06T05:00;2024-12-06T05:15;21;kWh;-48282;0;0;0;48282;-48282
2024-12-06T05:15;2024-12-06T05:30;22;kWh;-26883;0;0;0;26883;-26883
2024-12-06T05:30;2024-12-06T05:45;23;kWh;-16046;0;0;0;16046;-16046
2024-12-06T05:45;2024-12-06T06:00;24;kWh;-6854;0;0;0;6854;-6854
2024-12-06T06:00;2024-12-06T06:15;25;kWh;-60821;0;0;0;60821;-60821
2024-12-06T06:15;2024-12-06T06:30;26;kWh;-4451;1421;0;0;5872;-3030
2024-12-06T06:30;2024-12-06T06:45;27;kWh;-8220;9892;0;0;18112;1672
2024-12-06T06:45;2024-12-06T07:00;28;kWh;0;54381;0;0;54381;54381
2024-12-06T07:00;2024-12-06T07:15;29;kWh;-30969;6078;0;0;37047;-24891
2024-12-06T07:15;2024-12-06T07:30;30;kWh;-1889;51785;0;0;53674;49896
2024-12-06T07:30;2024-12-06T07:45;31;kWh;0;71805;0;0;71805;71805
2024-12-06T07:45;2024-12-06T08:00;32;kWh;0;82223;0;0;82223;82223
2024-12-06T08:00;2024-12-06T08:15;33;kWh;0;67021;0;0;67021;67021
2024-12-06T08:15;2024-12-06T08:30;34;kWh;0;80108;0;0;80108;80108
2024-12-06T08:30;2024-12-06T08:45;35;kWh;0;19891;0;0;19891;19891
2024-12-06T08:45;2024-12-06T09:00;36;kWh;0;39237;0;0;39237;39237
2024-12-06T09:00;2024-12-06T09:15;37;kWh;0;73650;0;0;73650;73650
2024-12-06T09:15;2024-12-06T09:30;38;kWh;0;82070;0;0;82070;82070
2024-12-06T09:30;2024-12-06T09:45;39;kWh;0;74925;0;0;74925;74925
2024-12-06T09:45;2024-12-06T10:00;40;kWh;0;21743;0;0;21743;21743
2024-12-06T10:00;2024-12-06T10:15;41;kWh;0;46765;0;0;46765;46765
2024-12-06T10:15;2024-12-06T10:30;42;kWh;-3241;4139;0;0;7380;898
2024-12-06T10:30;2024-12-06T10:45;43;kWh;-963;39995;0;0;40958;39032
2024-12-06T10:45;2024-12-06T11:00;44;kWh;0;16276;0;0;16276;16276
2024-12-06T11:00;2024-12-06T11:15;45;kWh;-2697;60;0;0;2757;-2637
2024-12-06T11:15;2024-12-06T11:30;46;kWh;-558;1868;0;0;2426;1310
2024-12-06T11:30;2024-12-06T11:45;47;kWh;-7865;0;0;0;7865;-7865
2024-12-06T11:45;2024-12-06T12:00;48;kWh;-34854;0;0;0;34854;-34854
2024-12-06T12:00;2024-12-06T12:15;49;kWh;-9829;592;0;0;10421;-9237
2024-12-06T12:15;2024-12-06T12:30;50;kWh;-8492;28;0;0;8520;-8464
2024-12-06T12:30;2024-12-06T12:45;51;kWh;-15376;0;0;0;15376;-15376
2024-12-06T12:45;2024-12-06T13:00;52;kWh;-23958;0;0;0;23958;-23958
2024-12-06T13:00;2024-12-06T13:15;53;kWh;-7097;6887;0;0;13984;-210
2024-12-06T13:15;2024-12-06T13:30;54;kWh;-42;11115;0;0;11157;11073
2024-12-06T13:30;2024-12-06T13:45;55;kWh;-554;0;0;0;554;-554
2024-12-06T13:45;2024-12-06T14:00;56;kWh;-5525;0;0;0;5525;-5525
2024-12-06T14:00;2024-12-06T14:15;57;kWh;-8317;9455;0;0;17772;1138
2024-12-06T14:15;2024-12-06T14:30;58;kWh;0;69094;0;0;69094;69094
2024-12-06T14:30;2024-12-06T14:45;59;kWh;0;54333;0;0;54333;54333
2024-12-06T14:45;2024-12-06T15:00;60;kWh;0;56415;0;0;56415;56415
2024-12-06T15:00;2024-12-06T15:15;61;kWh;0;61089;0;0;61089;61089
2024-12-06T15:15;2024-12-06T15:30;62;kWh;0;62897;0;0;62897;62897
2024-12-06T15:30;2024-12-06T15:45;63;kWh;0;63327;0;0;63327;63327
2024-12-06T15:45;2024-12-06T16:00;64;kWh;0;79778;0;0;79778;79778
2024-12-06T16:00;2024-12-06T16:15;65;kWh;0;48981;0;0;48981;48981
2024-12-06T16:15;2024-12-06T16:30;66;kWh;0;37474;0;0;37474;37474
2024-12-06T16:30;2024-12-06T16:45;67;kWh;0;45985;0;0;45985;45985
2024-12-06T16:45;2024-12-06T17:00;68;kWh;0;55489;0;0;55489;55489
2024-12-06T17:00;2024-12-06T17:15;69;kWh;-22;16042;0;0;16064;16020
2024-12-06T17:15;2024-12-06T17:30;70;kWh;0;27885;0;0;27885;27885
2024-12-06T17:30;2024-12-06T17:45;71;kWh;0;20948;0;0;20948;20948
2024-12-06T17:45;2024-12-06T18:00;72;kWh;0;14013;0;0;14013;14013
2024-12-06T18:00;2024-12-06T18:15;73;kWh;-86;188;0;0;274;102
2024-12-06T18:15;2024-12-06T18:30;74;kWh;0;8104;0;0;8104;8104
2024-12-06T18:30;2024-12-06T18:45;75;kWh;-4035;564;0;0;4599;-3471
2024-12-06T18:45;2024-12-06T19:00;76;kWh;-35336;0;0;0;35336;-35336
2024-12-06T19:00;2024-12-06T19:15;77;kWh;-41324;0;0;0;41324;-41324
2024-12-06T19:15;2024-12-06T19:30;78;kWh;-22825;0;0;0;22825;-22825
2024-12-06T19:30;2024-12-06T19:45;79;kWh;-12429;0;0;0;12429;-12429
2024-12-06T19:45;2024-12-06T20:00;80;kWh;-20255;0;0;0;20255;-20255
2024-12-06T20:00;2024-12-06T20:15;81;kWh;-33548;0;0;0;33548;-33548
2024-12-06T20:15;2024-12-06T20:30;82;kWh;-35950;0;0;0;35950;-35950
2024-12-06T20:30;2024-12-06T20:45;83;kWh;-69144;0;0;0;69144;-69144
2024-12-06T20:45;2024-12-06T21:00;84;kWh;-51183;0;0;0;51183;-51183
2024-12-06T21:00;2024-12-06T21:15;85;kWh;-13735;484;0;0;14219;-13251
2024-12-06T21:15;2024-12-06T21:30;86;kWh;-870;1448;0;0;2318;578
2024-12-06T21:30;2024-12-06T21:45;87;kWh;-2503;1016;0;0;3519;-1487
2024-12-06T21:45;2024-12-06T22:00;88;kWh;-2618;2525;0;0;5143;-93
2024-12-06T22:00;2024-12-06T22:15;89;kWh;-42;51998;0;0;52040;51956
2024-12-06T22:15;2024-12-06T22:30;90;kWh;-14;12720;0;0;12734;12706
2024-12-06T22:30;2024-12-06T22:45;91;kWh;0;7486;0;0;7486;7486
2024-12-06T22:45;2024-12-06T23:00;92;kWh;0;46305;0;0;46305;46305
2024-12-06T23:00;2024-12-06T23:15;93;kWh;-2635;12358;0;0;14993;9723
2024-12-06T23:15;2024-12-06T23:30;94;kWh;-9389;2454;0;0;11843;-6935
2024-12-06T23:30;2024-12-06T23:45;95;kWh;-8919;922;0;0;9841;-7997
2024-12-06T23:45;2024-12-07T00:00;96;kWh;-13623;0;0;0;13623;-13623
2024-12-07T00:00;2024-12-07T00:15;1;kWh;-23745;259;0;0;24004;-23486
2024-12-07T00:15;2024-12-07T00:30;2;kWh;-3244;27729;0;0;30973;24485
2024-12-07T00:30;2024-12-07T00:45;3;kWh;-17900;0;0;0;17900;-17900
2024-12-07T00:45;2024-12-07T01:00;4;kWh;-47533;0;0;0;47533;-47533
2024-12-07T01:00;2024-12-07T01:15;5;kWh;-6607;17616;0;0;24223;11009
2024-12-07T01:15;2024-12-07T01:30;6;kWh;-7117;245;0;0;7362;-6872
2024-12-07T01:30;2024-12-07T01:45;7;kWh;-6306;9173;0;0;15479;2867
2024-12-07T01:45;2024-12-07T02:00;8;kWh;-14966;0;0;0;14966;-14966
2024-12-07T02:00;2024-12-07T02:15;9;kWh;-11583;0;0;0;11583;-11583
2024-12-07T02:15;2024-12-07T02:30;10;kWh;-2017;49;0;0;2066;-1968
2024-12-07T02:30;2024-12-07T02:45;11;kWh;-2653;0;0;0;2653;-2653
2024-12-07T02:45;2024-12-07T03:00;12;kWh;-1533;0;0;0;1533;-1533
2024-12-07T03:00;2024-12-07T03:15;13;kWh;-2548;2357;0;0;4905;-191
2024-12-07T03:15;2024-12-07T03:30;14;kWh;-2278;7563;0;0;9841;5285
2024-12-07T03:30;2024-12-07T03:45;15;kWh;-19930;0;0;0;19930;-19930
2024-12-07T03:45;2024-12-07T04:00;16;kWh;-30707;0;0;0;30707;-30707
2024-12-07T04:00;2024-12-07T04:15;17;kWh;-6155;12872;0;0;19027;6717
2024-12-07T04:15;2024-12-07T04:30;18;kWh;0;10529;0;0;10529;10529
2024-12-07T04:30;2024-12-07T04:45;19;kWh;0;1311;0;0;1311;1311
2024-12-07T04:45;2024-12-07T05:00;20;kWh;0;4973;0;0;4973;4973
2024-12-07T05:00;2024-12-07T05:15;21;kWh;0;13786;0;0;13786;13786
2024-12-07T05:15;2024-12-07T05:30;22;kWh;0;13302;0;0;13302;13302
2024-12-07T05:30;2024-12-07T05:45;23;kWh;0;1417;0;0;1417;1417
2024-12-07T05:45;2024-12-07T06:00;24;kWh;-96;30;0;0;126;-66
2024-12-07T06:00;2024-12-07T06:15;25;kWh;-9865;0;0;0;9865;-9865
2024-12-07T06:15;2024-12-07T06:30;26;kWh;-6847;0;0;0;6847;-6847
2024-12-07T06:30;2024-12-07T06:45;27;kWh;-543;13899;0;0;14442;13356
2024-12-07T06:45;2024-12-07T07:00;28;kWh;0;2289;0;0;2289;2289
2024-12-07T07:00;2024-12-07T07:15;29;kWh;-34452;0;0;0;34452;-34452
2024-12-07T07:15;2024-12-07T07:30;30;kWh;-2628;438;0;0;3066;-2190
2024-12-07T07:30;2024-12-07T07:45;31;kWh;-401;68;0;0;469;-333
2024-12-07T07:45;2024-12-07T08:00;32;kWh;0;4624;0;0;4624;4624
2024-12-07T08:00;2024-12-07T08:15;33;kWh;-33320;1628;0;0;34948;-31692
2024-12-07T08:15;2024-12-07T08:30;34;kWh;-7632;0;0;0;7632;-7632
2024-12-07T08:30;2024-12-07T08:45;35;kWh;-6194;1311;0;0;7505;-4883
2024-12-07T08:45;2024-12-07T09:00;36;kWh;0;9915;0;0;9915;9915
2024-12-07T09:00;2024-12-07T09:15;37;kWh;-20388;3350;0;0;23738;-17038
2024-12-07T09:15;2024-12-07T09:30;38;kWh;-6898;3;0;0;6901;-6895
2024-12-07T09:30;2024-12-07T09:45;39;kWh;-20610;0;0;0;20610;-20610
2024-12-07T09:45;2024-12-07T10:00;40;kWh;-34674;0;0;0;34674;-34674
2024-12-07T10:00;2024-12-07T10:15;41;kWh;-24186;427;0;0;24613;-23759
2024-12-07T10:15;2024-12-07T10:30;42;kWh;-88985;0;0;0;88985;-88985
2024-12-07T10:30;2024-12-07T10:45;43;kWh;-9753;82;0;0;9835;-9671
2024-12-07T10:45;2024-12-07T11:00;44;kWh;-42665;0;0;0;42665;-42665
2024-12-07T11:00;2024-12-07T11:15;45;kWh;-56306;65;0;0;56371;-56241
2024-12-07T11:15;2024-12-07T11:30;46;kWh;-47328;0;0;0;47328;-47328
2024-12-07T11:30;2024-12-07T11:45;47;kWh;-14513;0;0;0;14513;-14513
2024-12-07T11:45;2024-12-07T12:00;48;kWh;-3902;27840;0;0;31742;23938
2024-12-07T12:00;2024-12-07T12:15;49;kWh;-6459;16913;0;0;23372;10454
2024-12-07T12:15;2024-12-07T12:30;50;kWh;-23805;1985;0;0;25790;-21820
2024-12-07T12:30;2024-12-07T12:45;51;kWh;-24358;3216;0;0;27574;-21142
2024-12-07T12:45;2024-12-07T13:00;52;kWh;-49537;986;0;0;50523;-48551
2024-12-07T13:00;2024-12-07T13:15;53;kWh;-62660;3997;0;0;66657;-58663
2024-12-07T13:15;2024-12-07T13:30;54;kWh;-121616;0;0;0;121616;-121616
2024-12-07T13:30;2024-12-07T13:45;55;kWh;-42582;9351;0;0;51933;-33231
2024-12-07T13:45;2024-12-07T14:00;56;kWh;-27267;29767;0;0;57034;2500
2024-12-07T14:00;2024-12-07T14:15;57;kWh;-62061;189;0;0;62250;-61872
2024-12-07T14:15;2024-12-07T14:30;58;kWh;-6272;638;0;0;6910;-5634
2024-12-07T14:30;2024-12-07T14:45;59;kWh;-9631;0;0;0;9631;-9631
2024-12-07T14:45;2024-12-07T15:00;60;kWh;-4286;703;0;0;4989;-3583
2024-12-07T15:00;2024-12-07T15:15;61;kWh;-12889;1609;0;0;14498;-11280
2024-12-07T15:15;2024-12-07T15:30;62;kWh;-10759;161;0;0;10920;-10598
2024-12-07T15:30;2024-12-07T15:45;63;kWh;-9759;0;0;0;9759;-9759
2024-12-07T15:45;2024-12-07T16:00;64;kWh;-1568;0;0;0;1568;-1568
2024-12-07T16:00;2024-12-07T16:15;65;kWh;-10951;0;0;0;10951;-10951
2024-12-07T16:15;2024-12-07T16:30;66;kWh;-27252;0;0;0;27252;-27252
2024-12-07T16:30;2024-12-07T16:45;67;kWh;-19053;0;0;0;19053;-19053
2024-12-07T16:45;2024-12-07T17:00;68;kWh;-978;4213;0;0;5191;3235
2024-12-07T17:00;2024-12-07T17:15;69;kWh;-33118;0;0;0;33118;-33118
2024-12-07T17:15;2024-12-07T17:30;70;kWh;-12684;1850;0;0;14534;-10834
2024-12-07T17:30;2024-12-07T17:45;71;kWh;0;3333;0;0;3333;3333
2024-12-07T17:45;2024-12-07T18:00;72;kWh;-6929;127;0;0;7056;-6802
2024-12-07T18:00;2024-12-07T18:15;73;kWh;-7332;0;0;0;7332;-7332
2024-12-07T18:15;2024-12-07T18:30;74;kWh;-12262;2960;0;0;15222;-9302
2024-12-07T18:30;2024-12-07T18:45;75;kWh;0;9029;0;0;9029;9029
2024-12-07T18:45;2024-12-07T19:00;76;kWh;-611;4027;0;0;4638;3416
2024-12-07T19:00;2024-12-07T19:15;77;kWh;-9;46319;0;0;46328;46310
2024-12-07T19:15;2024-12-07T19:30;78;kWh;-1651;2633;0;0;4284;982
2024-12-07T19:30;2024-12-07T19:45;79;kWh;-436;9094;0;0;9530;8658
2024-12-07T19:45;2024-12-07T20:00;80;kWh;-808;385;0;0;1193;-423
2024-12-07T20:00;2024-12-07T20:15;81;kWh;-667;0;0;0;667;-667
2024-12-07T20:15;2024-12-07T20:30;82;kWh;-2442;0;0;0;2442;-2442
2024-12-07T20:30;2024-12-07T20:45;83;kWh;-2494;0;0;0;2494;-2494
2024-12-07T20:45;2024-12-07T21:00;84;kWh;-616;1948;0;0;2564;1332
2024-12-07T21:00;2024-12-07T21:15;85;kWh;0;2890;0;0;2890;2890
2024-12-07T21:15;2024-12-07T21:30;86;kWh;0;26187;0;0;26187;26187
2024-12-07T21:30;2024-12-07T21:45;87;kWh;-404;2406;0;0;2810;2002
2024-12-07T21:45;2024-12-07T22:00;88;kWh;-22729;0;0;0;22729;-22729
2024-12-07T22:00;2024-12-07T22:15;89;kWh;-4;15793;0;0;15797;15789
2024-12-07T22:15;2024-12-07T22:30;90;kWh;0;9976;0;0;9976;9976
2024-12-07T22:30;2024-12-07T22:45;91;kWh;0;1926;0;0;1926;1926
2024-12-07T22:45;2024-12-07T23:00;92;kWh;0;2280;0;0;2280;2280
2024-12-07T23:00;2024-12-07T23:15;93;kWh;0;44335;0;0;44335;44335
2024-12-07T23:15;2024-12-07T23:30;94;kWh;0;31779;0;0;31779;31779
2024-12-07T23:30;2024-12-07T23:45;95;kWh;-528;3841;0;0;4369;3313
2024-12-07T23:45;2024-12-08T00:00;96;kWh;-30652;7;0;0;30659;-30645
2024-12-08T00:00;2024-12-08T00:15;1;kWh;-16954;21702;0;0;38656;4748
2024-12-08T00:15;2024-12-08T00:30;2;kWh;-272;28257;0;0;28529;27985
2024-12-08T00:30;2024-12-08T00:45;3;kWh;-13548;8;0;0;13556;-13540
2024-12-08T00:45;2024-12-08T01:00;4;kWh;-25891;0;0;0;25891;-25891
2024-12-08T01:00;2024-12-08T01:15;5;kWh;-23793;0;0;0;23793;-23793
2024-12-08T01:15;2024-12-08T01:30;6;kWh;-25157;0;0;0;25157;-25157
2024-12-08T01:30;2024-12-08T01:45;7;kWh;-27466;0;0;0;27466;-27466
2024-12-08T01:45;2024-12-08T02:00;8;kWh;-28022;0;0;0;28022;-28022
2024-12-08T02:00;2024-12-08T02:15;9;kWh;-8674;358;0;0;9032;-8316
2024-12-08T02:15;2024-12-08T02:30;10;kWh;-5245;0;0;0;5245;-5245
2024-12-08T02:30;2024-12-08T02:45;11;kWh;-12082;0;0;0;12082;-12082
2024-12-08T02:45;2024-12-08T03:00;12;kWh;-23018;0;0;0;23018;-23018
2024-12-08T03:00;2024-12-08T03:15;13;kWh;-27713;0;0;0;27713;-27713
2024-12-08T03:15;2024-12-08T03:30;14;kWh;-30269;0;0;0;30269;-30269
2024-12-08T03:30;2024-12-08T03:45;15;kWh;-34010;0;0;0;34010;-34010
2024-12-08T03:45;2024-12-08T04:00;16;kWh;-46584;0;0;0;46584;-46584
2024-12-08T04:00;2024-12-08T04:15;17;kWh;-15976;0;0;0;15976;-15976
2024-12-08T04:15;2024-12-08T04:30;18;kWh;-18644;0;0;0;18644;-18644
2024-12-08T04:30;2024-12-08T04:45;19;kWh;-59460;0;0;0;59460;-59460
2024-12-08T04:45;2024-12-08T05:00;20;kWh;-26888;0;0;0;26888;-26888
2024-12-08T05:00;2024-12-08T05:15;21;kWh;-24532;0;0;0;24532;-24532
2024-12-08T05:15;2024-12-08T05:30;22;kWh;-22906;0;0;0;22906;-22906
2024-12-08T05:30;2024-12-08T05:45;23;kWh;-33113;0;0;0;33113;-33113
2024-12-08T05:45;2024-12-08T06:00;24;kWh;-15656;0;0;0;15656;-15656
2024-12-08T06:00;2024-12-08T06:15;25;kWh;-7542;2745;0;0;10287;-4797
2024-12-08T06:15;2024-12-08T06:30;26;kWh;0;2785;0;0;2785;2785
2024-12-08T06:30;2024-12-08T06:45;27;kWh;-1858;52;0;0;1910;-1806
2024-12-08T06:45;2024-12-08T07:00;28;kWh;-6379;38;0;0;6417;-6341
2024-12-08T07:00;2024-12-08T07:15;29;kWh;0;15185;0;0;15185;15185
2024-12-08T07:15;2024-12-08T07:30;30;kWh;0;11895;0;0;11895;11895
2024-12-08T07:30;2024-12-08T07:45;31;kWh;0;39183;0;0;39183;39183
2024-12-08T07:45;2024-12-08T08:00;32;kWh;0;53737;0;0;53737;53737
2024-12-08T08:00;2024-12-08T08:15;33;kWh;-15;5729;0;0;5744;5714
2024-12-08T08:15;2024-12-08T08:30;34;kWh;0;11235;0;0;11235;11235
2024-12-08T08:30;2024-12-08T08:45;35;kWh;0;35341;0;0;35341;35341
2024-12-08T08:45;2024-12-08T09:00;36;kWh;0;17703;0;0;17703;17703
2024-12-08T09:00;2024-12-08T09:15;37;kWh;-752;8292;0;0;9044;7540
2024-12-08T09:15;2024-12-08T09:30;38;kWh;0;9008;0;0;9008;9008
2024-12-08T09:30;2024-12-08T09:45;39;kWh;-257;851;0;0;1108;594
2024-12-08T09:45;2024-12-08T10:00;40;kWh;-3370;0;0;0;3370;-3370
2024-12-08T10:00;2024-12-08T10:15;41;kWh;-1921;0;0;0;1921;-1921
2024-12-08T10:15;2024-12-08T10:30;42;kWh;-2518;0;0;0;2518;-2518
2024-12-08T10:30;2024-12-08T10:45;43;kWh;-3570;0;0;0;3570;-3570
2024-12-08T10:45;2024-12-08T11:00;44;kWh;-4783;0;0;0;4783;-4783
2024-12-08T11:00;2024-12-08T11:15;45;kWh;-33;0;0;0;33;-33
2024-12-08T11:15;2024-12-08T11:30;46;kWh;-5370;0;0;0;5370;-5370
2024-12-08T11:30;2024-12-08T11:45;47;kWh;-55;0;0;0;55;-55
2024-12-08T11:45;2024-12-08T12:00;48;kWh;0;661;0;0;661;661
2024-12-08T12:00;2024-12-08T12:15;49;kWh;0;56482;0;0;56482;56482
2024-12-08T12:15;2024-12-08T12:30;50;kWh;0;72716;0;0;72716;72716
2024-12-08T12:30;2024-12-08T12:45;51;kWh;0;84172;0;0;84172;84172
2024-12-08T12:45;2024-12-08T13:00;52;kWh;0;49284;0;0;49284;49284
2024-12-08T13:00;2024-12-08T13:15;53;kWh;0;33395;0;0;33395;33395
2024-12-08T13:15;2024-12-08T13:30;54;kWh;-167;11069;0;0;11236;10902
2024-12-08T13:30;2024-12-08T13:45;55;kWh;0;13603;0;0;13603;13603
2024-12-08T13:45;2024-12-08T14:00;56;kWh;0;8867;0;0;8867;8867
2024-12-08T14:00;2024-12-08T14:15;57;kWh;-3741;2850;0;0;6591;-891
2024-12-08T14:15;2024-12-08T14:30;58;kWh;-7281;0;0;0;7281;-7281
2024-12-08T14:30;2024-12-08T14:45;59;kWh;-7005;0;0;0;7005;-7005
2024-12-08T14:45;2024-12-08T15:00;60;kWh;0;228;0;0;228;228
2024-12-08T15:00;2024-12-08T15:15;61;kWh;0;193;0;0;193;193
2024-12-08T15:15;2024-12-08T15:30;62;kWh;0;1881;0;0;1881;1881
2024-12-08T15:30;2024-12-08T15:45;63;kWh;-162;360;0;0;522;198
2024-12-08T15:45;2024-12-08T16:00;64;kWh;-5341;0;0;0;5341;-5341
2024-12-08T16:00;2024-12-08T16:15;65;kWh;-21020;0;0;0;21020;-21020
2024-12-08T16:15;2024-12-08T16:30;66;kWh;-7931;0;0;0;7931;-7931
2024-12-08T16:30;2024-12-08T16:45;67;kWh;-19452;1;0;0;19453;-19451
2024-12-08T16:45;2024-12-08T17:00;68;kWh;-2083;5775;0;0;7858;3692
2024-12-08T17:00;2024-12-08T17:15;69;kWh;-271;1753;0;0;2024;1482
2024-12-08T17:15;2024-12-08T17:30;70;kWh;0;11711;0;0;11711;11711
2024-12-08T17:30;2024-12-08T17:45;71;kWh;0;5524;0;0;5524;5524
2024-12-08T17:45;2024-12-08T18:00;72;kWh;0;8430;0;0;8430;8430
2024-12-08T18:00;2024-12-08T18:15;73;kWh;0;34411;0;0;34411;34411
2024-12-08T18:15;2024-12-08T18:30;74;kWh;0;31521;0;0;31521;31521
2024-12-08T18:30;2024-12-08T18:45;75;kWh;0;2926;0;0;2926;2926
2024-12-08T18:45;2024-12-08T19:00;76;kWh;-10128;923;0;0;11051;-9205
2024-12-08T19:00;2024-12-08T19:15;77;kWh;-11586;4172;0;0;15758;-7414
2024-12-08T19:15;2024-12-08T19:30;78;kWh;-218;12681;0;0;12899;12463
2024-12-08T19:30;2024-12-08T19:45;79;kWh;-1753;11965;0;0;13718;10212
2024-12-08T19:45;2024-12-08T20:00;80;kWh;-5593;12129;0;0;17722;6536
2024-12-08T20:00;2024-12-08T20:15;81;kWh;0;33801;0;0;33801;33801
2024-12-08T20:15;2024-12-08T20:30;82;kWh;-557;14947;0;0;15504;14390
2024-12-08T20:30;2024-12-08T20:45;83;kWh;0;4861;0;0;4861;4861
2024-12-08T20:45;2024-12-08T21:00;84;kWh;-20612;0;0;0;20612;-20612
2024-12-08T21:00;2024-12-08T21:15;85;kWh;-13860;173;0;0;14033;-13687
2024-12-08T21:15;2024-12-08T21:30;86;kWh;-25578;0;0;0;25578;-25578
2024-12-08T21:30;2024-12-08T21:45;87;kWh;-14696;0;0;0;14696;-14696
2024-12-08T21:45;2024-12-08T22:00;88;kWh;-10386;0;0;0;10386;-10386
2024-12-08T22:00;2024-12-08T22:15;89;kWh;-929;23280;0;0;24209;22351
2024-12-08T22:15;2024-12-08T22:30;90;kWh;0;6475;0;0;6475;6475
2024-12-08T22:30;2024-12-08T22:45;91;kWh;-6470;57;0;0;6527;-6413
2024-12-08T22:45;2024-12-08T23:00;92;kWh;-19716;0;0;0;19716;-19716
2024-12-08T23:00;2024-12-08T23:15;93;kWh;-9905;0;0;0;9905;-9905
2024-12-08T23:15;2024-12-08T23:30;94;kWh;-20376;0;0;0;20376;-20376
2024-12-08T23:30;2024-12-08T23:45;95;kWh;-36664;0;0;0;36664;-36664
2024-12-08T23:45;2024-12-09T00:00;96;kWh;-22542;0;0;0;22542;-22542
2024-12-09T00:00;2024-12-09T00:15;1;kWh;-32931;951;0;0;33882;-31980
2024-12-09T00:15;2024-12-09T00:30;2;kWh;-468;22354;0;0;22822;21886
2024-12-09T00:30;2024-12-09T00:45;3;kWh;-36734;8;0;0;36742;-36726
2024-12-09T00:45;2024-12-09T01:00;4;kWh;-27224;0;0;0;27224;-27224
2024-12-09T01:00;2024-12-09T01:15;5;kWh;-8337;26290;0;0;34627;17953
2024-12-09T01:15;2024-12-09T01:30;6;kWh;-13315;1293;0;0;14608;-12022
2024-12-09T01:30;2024-12-09T01:45;7;kWh;-3929;10526;0;0;14455;6597
2024-12-09T01:45;2024-12-09T02:00;8;kWh;-21341;0;0;0;21341;-21341
2024-12-09T02:00;2024-12-09T02:15;9;kWh;-5875;230;0;0;6105;-5645
2024-12-09T02:15;2024-12-09T02:30;10;kWh;-39025;0;0;0;39025;-39025
2024-12-09T02:30;2024-12-09T02:45;11;kWh;-8239;0;0;0;8239;-8239
2024-12-09T02:45;2024-12-09T03:00;12;kWh;-8410;0;0;0;8410;-8410
2024-12-09T03:00;2024-12-09T03:15;13;kWh;-3577;18030;0;0;21607;14453
2024-12-09T03:15;2024-12-09T03:30;14;kWh;0;4655;0;0;4655;4655
2024-12-09T03:30;2024-12-09T03:45;15;kWh;-5156;70;0;0;5226;-5086
2024-12-09T03:45;2024-12-09T04:00;16;kWh;-4411;0;0;0;4411;-4411
2024-12-09T04:00;2024-12-09T04:15;17;kWh;-8248;294;0;0;8542;-7954
2024-12-09T04:15;2024-12-09T04:30;18;kWh;-4619;1;0;0;4620;-4618
2024-12-09T04:30;2024-12-09T04:45;19;kWh;-1497;1626;0;0;3123;129
2024-12-09T04:45;2024-12-09T05:00;20;kWh;-6518;89;0;0;6607;-6429
2024-12-09T05:00;2024-12-09T05:15;21;kWh;-20684;0;0;0;20684;-20684
2024-12-09T05:15;2024-12-09T05:30;22;kWh;-3529;6543;0;0;10072;3014
2024-12-09T05:30;2024-12-09T05:45;23;kWh;0;10366;0;0;10366;10366
2024-12-09T05:45;2024-12-09T06:00;24;kWh;0;5872;0;0;5872;5872
2024-12-09T06:00;2024-12-09T06:15;25;kWh;-27370;4576;0;0;31946;-22794
2024-12-09T06:15;2024-12-09T06:30;26;kWh;-33064;0;0;0;33064;-33064
2024-12-09T06:30;2024-12-09T06:45;27;kWh;-376;1443;0;0;1819;1067
2024-12-09T06:45;2024-12-09T07:00;28;kWh;-1560;8030;0;0;9590;6470
2024-12-09T07:00;2024-12-09T07:15;29;kWh;-56872;0;0;0;56872;-56872
2024-12-09T07:15;2024-12-09T07:30;30;kWh;-10095;13667;0;0;23762;3572
2024-12-09T07:30;2024-12-09T07:45;31;kWh;-54385;13188;0;0;67573;-41197
2024-12-09T07:45;2024-12-09T08:00;32;kWh;-6506;51621;0;0;58127;45115
2024-12-09T08:00;2024-12-09T08:15;33;kWh;-12811;16166;0;0;28977;3355
2024-12-09T08:15;2024-12-09T08:30;34;kWh;0;50713;0;0;50713;50713
2024-12-09T08:30;2024-12-09T08:45;35;kWh;0;48170;0;0;48170;48170
2024-12-09T08:45;2024-12-09T09:00;36;kWh;-8144;7599;0;0;15743;-545
2024-12-09T09:00;2024-12-09T09:15;37;kWh;-2242;21096;0;0;23338;18854
2024-12-09T09:15;2024-12-09T09:30;38;kWh;0;41927;0;0;41927;41927
2024-12-09T09:30;2024-12-09T09:45;39;kWh;0;37789;0;0;37789;37789
2024-12-09T09:45;2024-12-09T10:00;40;kWh;0;20132;0;0;20132;20132
2024-12-09T10:00;2024-12-09T10:15;41;kWh;0;31153;0;0;31153;31153
2024-12-09T10:15;2024-12-09T10:30;42;kWh;0;8208;0;0;8208;8208
2024-12-09T10:30;2024-12-09T10:45;43;kWh;-1877;12231;0;0;14108;10354
2024-12-09T10:45;2024-12-09T11:00;44;kWh;-52787;0;0;0;52787;-52787
2024-12-09T11:00;2024-12-09T11:15;45;kWh;-25649;0;0;0;25649;-25649
2024-12-09T11:15;2024-12-09T11:30;46;kWh;-29055;0;0;0;29055;-29055
2024-12-09T11:30;2024-12-09T11:45;47;kWh;-10745;4051;0;0;14796;-6694
2024-12-09T11:45;2024-12-09T12:00;48;kWh;-3133;8649;0;0;11782;5516
2024-12-09T12:00;2024-12-09T12:15;49;kWh;-12880;741;0;0;13621;-12139
2024-12-09T12:15;2024-12-09T12:30;50;kWh;0;12596;0;0;12596;12596
2024-12-09T12:30;2024-12-09T12:45;51;kWh;-9752;209;0;0;9961;-9543
2024-12-09T12:45;2024-12-09T13:00;52;kWh;-26869;0;0;0;26869;-26869
2024-12-09T13:00;2024-12-09T13:15;53;kWh;-29704;659;0;0;30363;-29045
2024-12-09T13:15;2024-12-09T13:30;54;kWh;0;7125;0;0;7125;7125
2024-12-09T13:30;2024-12-09T13:45;55;kWh;0;123;0;0;123;123
2024-12-09T13:45;2024-12-09T14:00;56;kWh;-94;217;0;0;311;123
2024-12-09T14:00;2024-12-09T14:15;57;kWh;-539;3237;0;0;3776;2698
2024-12-09T14:15;2024-12-09T14:30;58;kWh;0;15444;0;0;15444;15444
2024-12-09T14:30;2024-12-09T14:45;59;kWh;-3874;3101;0;0;6975;-773
2024-12-09T14:45;2024-12-09T15:00;60;kWh;-4662;0;0;0;4662;-4662
2024-12-09T15:00;2024-12-09T15:15;61;kWh;-30987;0;0;0;30987;-30987
2024-12-09T15:15;2024-12-09T15:30;62;kWh;-2932;13219;0;0;16151;10287
2024-12-09T15:30;2024-12-09T15:45;63;kWh;0;25408;0;0;25408;25408
2024-12-09T15:45;2024-12-09T16:00;64;kWh;0;28215;0;0;28215;28215
2024-12-09T16:00;2024-12-09T16:15;65;kWh;-655;9432;0;0;10087;8777
2024-12-09T16:15;2024-12-09T16:30;66;kWh;0;16010;0;0;16010;16010
2024-12-09T16:30;2024-12-09T16:45;67;kWh;0;33479;0;0;33479;33479
2024-12-09T16:45;2024-12-09T17:00;68;kWh;0;67200;0;0;67200;67200
2024-12-09T17:00;2024-12-09T17:15;69;kWh;-8120;16130;0;0;24250;8010
2024-12-09T17:15;2024-12-09T17:30;70;kWh;-1071;6098;0;0;7169;5027
2024-12-09T17:30;2024-12-09T17:45;71;kWh;0;8129;0;0;8129;8129
2024-12-09T17:45;2024-12-09T18:00;72;kWh;0;13809;0;0;13809;13809
2024-12-09T18:00;2024-12-09T18:15;73;kWh;0;5400;0;0;5400;5400
2024-12-09T18:15;2024-12-09T18:30;74;kWh;0;6551;0;0;6551;6551
2024-12-09T18:30;2024-12-09T18:45;75;kWh;0;26503;0;0;26503;26503
2024-12-09T18:45;2024-12-09T19:00;76;kWh;0;6696;0;0;6696;6696
2024-12-09T19:00;2024-12-09T19:15;77;kWh;0;56959;0;0;56959;56959
2024-12-09T19:15;2024-12-09T19:30;78;kWh;0;28066;0;0;28066;28066
2024-12-09T19:30;2024-12-09T19:45;79;kWh;0;16124;0;0;16124;16124
2024-12-09T19:45;2024-12-09T20:00;80;kWh;0;2690;0;0;2690;2690
2024-12-09T20:00;2024-12-09T20:15;81;kWh;-13936;0;0;0;13936;-13936
2024-12-09T20:15;2024-12-09T20:30;82;kWh;-33641;0;0;0;33641;-33641
2024-12-09T20:30;2024-12-09T20:45;83;kWh;-26757;0;0;0;26757;-26757
2024-12-09T20:45;2024-12-09T21:00;84;kWh;-9093;0;0;0;9093;-9093
2024-12-09T21:00;2024-12-09T21:15;85;kWh;-13168;8377;0;0;21545;-4791
2024-12-09T21:15;2024-12-09T21:30;86;kWh;-113;22650;0;0;22763;22537
2024-12-09T21:30;2024-12-09T21:45;87;kWh;-293;2595;0;0;2888;2302
2024-12-09T21:45;2024-12-09T22:00;88;kWh;-8216;0;0;0;8216;-8216
2024-12-09T22:00;2024-12-09T22:15;89;kWh;-6037;0;0;0;6037;-6037
2024-12-09T22:15;2024-12-09T22:30;90;kWh;-3933;1791;0;0;5724;-2142
2024-12-09T22:30;2024-12-09T22:45;91;kWh;-3967;0;0;0;3967;-3967
2024-12-09T22:45;2024-12-09T23:00;92;kWh;-11624;0;0;0;11624;-11624
2024-12-09T23:00;2024-12-09T23:15;93;kWh;-2584;2510;0;0;5094;-74
2024-12-09T23:15;2024-12-09T23:30;94;kWh;-46;869;0;0;915;823
2024-12-09T23:30;2024-12-09T23:45;95;kWh;-3649;0;0;0;3649;-3649
2024-12-09T23:45;2024-12-10T00:00;96;kWh;-14264;0;0;0;14264;-14264
2024-12-10T00:00;2024-12-10T00:15;1;kWh;-6765;13639;0;0;20404;6874
2024-12-10T00:15;2024-12-10T00:30;2;kWh;-7409;9229;0;0;16638;1820
2024-12-10T00:30;2024-12-10T00:45;3;kWh;-28493;0;0;0;28493;-28493
2024-12-10T00:45;2024-12-10T01:00;4;kWh;-6722;0;0;0;6722;-6722
2024-12-10T01:00;2024-12-10T01:15;5;kWh;-5392;0;0;0;5392;-5392
2024-12-10T01:15;2024-12-10T01:30;6;kWh;-2918;0;0;0;2918;-2918
2024-12-10T01:30;2024-12-10T01:45;7;kWh;-841;1945;0;0;2786;1104
2024-12-10T01:45;2024-12-10T02:00;8;kWh;-7441;855;0;0;8296;-6586
2024-12-10T02:00;2024-12-10T02:15;9;kWh;-4308;514;0;0;4822;-3794
2024-12-10T02:15;2024-12-10T02:30;10;kWh;0;82;0;0;82;82
2024-12-10T02:30;2024-12-10T02:45;11;kWh;-1467;5;0;0;1472;-1462
2024-12-10T02:45;2024-12-10T03:00;12;kWh;-7769;0;0;0;7769;-7769
2024-12-10T03:00;2024-12-10T03:15;13;kWh;-2717;0;0;0;2717;-2717
2024-12-10T03:15;2024-12-10T03:30;14;kWh;-7252;0;0;0;7252;-7252
2024-12-10T03:30;2024-12-10T03:45;15;kWh;-10004;0;0;0;10004;-10004
2024-12-10T03:45;2024-12-10T04:00;16;kWh;-15551;0;0;0;15551;-15551
2024-12-10T04:00;2024-12-10T04:15;17;kWh;-37836;0;0;0;37836;-37836
2024-12-10T04:15;2024-12-10T04:30;18;kWh;-47207;0;0;0;47207;-47207
2024-12-10T04:30;2024-12-10T04:45;19;kWh;-30884;0;0;0;30884;-30884
2024-12-10T04:45;2024-12-10T05:00;20;kWh;-15923;0;0;0;15923;-15923
2024-12-10T05:00;2024-12-10T05:15;21;kWh;-16479;0;0;0;16479;-16479
2024-12-10T05:15;2024-12-10T05:30;22;kWh;-10689;0;0;0;10689;-10689
2024-12-10T05:30;2024-12-10T05:45;23;kWh;-1278;12947;0;0;14225;11669
2024-12-10T05:45;2024-12-10T06:00;24;kWh;-18;14066;0;0;14084;14048
2024-12-10T06:00;2024-12-10T06:15;25;kWh;-30356;1504;0;0;31860;-28852
2024-12-10T06:15;2024-12-10T06:30;26;kWh;-346;11758;0;0;12104;11412
2024-12-10T06:30;2024-12-10T06:45;27;kWh;-728;11220;0;0;11948;10492
2024-12-10T06:45;2024-12-10T07:00;28;kWh;0;67355;0;0;67355;67355
2024-12-10T07:00;2024-12-10T07:15;29;kWh;-59436;8614;0;0;68050;-50822
2024-12-10T07:15;2024-12-10T07:30;30;kWh;-18130;886;0;0;19016;-17244
2024-12-10T07:30;2024-12-10T07:45;31;kWh;-4971;324;0;0;5295;-4647
2024-12-10T07:45;2024-12-10T08:00;32;kWh;-3710;40;0;0;3750;-3670
2024-12-10T08:00;2024-12-10T08:15;33;kWh;-45407;0;0;0;45407;-45407
2024-12-10T08:15;2024-12-10T08:30;34;kWh;-51082;0;0;0;51082;-51082
2024-12-10T08:30;2024-12-10T08:45;35;kWh;-33432;0;0;0;33432;-33432
2024-12-10T08:45;2024-12-10T09:00;36;kWh;-3231;14447;0;0;17678;11216
2024-12-10T09:00;2024-12-10T09:15;37;kWh;0;31484;0;0;31484;31484
2024-12-10T09:15;2024-12-10T09:30;38;kWh;0;16589;0;0;16589;16589
2024-12-10T09:30;2024-12-10T09:45;39;kWh;0;27010;0;0;27010;27010
2024-12-10T09:45;2024-12-10T10:00;40;kWh;-12;5532;0;0;5544;5520
2024-12-10T10:00;2024-12-10T10:15;41;kWh;-150;36960;0;0;37110;36810
2024-12-10T10:15;2024-12-10T10:30;42;kWh;0;76105;0;0;76105;76105
2024-12-10T10:30;2024-12-10T10:45;43;kWh;0;49420;0;0;49420;49420
2024-12-10T10:45;2024-12-10T11:00;44;kWh;0;42143;0;0;42143;42143
2024-12-10T11:00;2024-12-10T11:15;45;kWh;0;71306;0;0;71306;71306
2024-12-10T11:15;2024-12-10T11:30;46;kWh;0;50263;0;0;50263;50263
2024-12-10T11:30;2024-12-10T11:45;47;kWh;0;40654;0;0;40654;40654
2024-12-10T11:45;2024-12-10T12:00;48;kWh;0;88572;0;0;88572;88572
2024-12-10T12:00;2024-12-10T12:15;49;kWh;0;79920;0;0;79920;79920
2024-12-10T12:15;2024-12-10T12:30;50;kWh;0;86018;0;0;86018;86018
2024-12-10T12:30;2024-12-10T12:45;51;kWh;0;73663;0;0;73663;73663
2024-12-10T12:45;2024-12-10T13:00;52;kWh;0;37403;0;0;37403;37403
2024-12-10T13:00;2024-12-10T13:15;53;kWh;0;72528;0;0;72528;72528
2024-12-10T13:15;2024-12-10T13:30;54;kWh;0;71400;0;0;71400;71400
2024-12-10T13:30;2024-12-10T13:45;55;kWh;0;40417;0;0;40417;40417
2024-12-10T13:45;2024-12-10T14:00;56;kWh;0;22381;0;0;22381;22381
2024-12-10T14:00;2024-12-10T14:15;57;kWh;0;2184;0;0;2184;2184
2024-12-10T14:15;2024-12-10T14:30;58;kWh;-26975;1724;0;0;28699;-25251
2024-12-10T14:30;2024-12-10T14:45;59;kWh;-14232;7480;0;0;21712;-6752
2024-12-10T14:45;2024-12-10T15:00;60;kWh;0;21465;0;0;21465;21465
2024-12-10T15:00;2024-12-10T15:15;61;kWh;-38822;2599;0;0;41421;-36223
2024-12-10T15:15;2024-12-10T15:30;62;kWh;-56354;0;0;0;56354;-56354
2024-12-10T15:30;2024-12-10T15:45;63;kWh;-16255;0;0;0;16255;-16255
2024-12-10T15:45;2024-12-10T16:00;64;kWh;-16834;0;0;0;16834;-16834
2024-12-10T16:00;2024-12-10T16:15;65;kWh;-29696;0;0;0;29696;-29696
2024-12-10T16:15;2024-12-10T16:30;66;kWh;-18243;8;0;0;18251;-18235
2024-12-10T16:30;2024-12-10T16:45;67;kWh;0;15836;0;0;15836;15836
2024-12-10T16:45;2024-12-10T17:00;68;kWh;0;60512;0;0;60512;60512
2024-12-10T17:00;2024-12-10T17:15;69;kWh;0;75894;0;0;75894;75894
2024-12-10T17:15;2024-12-10T17:30;70;kWh;0;41418;0;0;41418;41418
2024-12-10T17:30;2024-12-10T17:45;71;kWh;0;78977;0;0;78977;78977
2024-12-10T17:45;2024-12-10T18:00;72;kWh;0;80028;0;0;80028;80028
2024-12-10T18:00;2024-12-10T18:15;73;kWh;0;71169;0;0;71169;71169
2024-12-10T18:15;2024-12-10T18:30;74;kWh;0;37123;0;0;37123;37123
2024-12-10T18:30;2024-12-10T18:45;75;kWh;-6361;4880;0;0;11241;-1481
2024-12-10T18:45;2024-12-10T19:00;76;kWh;-463;18240;0;0;18703;17777
2024-12-10T19:00;2024-12-10T19:15;77;kWh;-867;26303;0;0;27170;25436
2024-12-10T19:15;2024-12-10T19:30;78;kWh;0;40692;0;0;40692;40692
2024-12-10T19:30;2024-12-10T19:45;79;kWh;0;21023;0;0;21023;21023
2024-12-10T19:45;2024-12-10T20:00;80;kWh;0;5563;0;0;5563;5563
2024-12-10T20:00;2024-12-10T20:15;81;kWh;0;49611;0;0;49611;49611
2024-12-10T20:15;2024-12-10T20:30;82;kWh;0;41455;0;0;41455;41455
2024-12-10T20:30;2024-12-10T20:45;83;kWh;0;38372;0;0;38372;38372
2024-12-10T20:45;2024-12-10T21:00;84;kWh;0;26008;0;0;26008;26008
2024-12-10T21:00;2024-12-10T21:15;85;kWh;-1632;10966;0;0;12598;9334
2024-12-10T21:15;2024-12-10T21:30;86;kWh;-239;9182;0;0;9421;8943
2024-12-10T21:30;2024-12-10T21:45;87;kWh;0;509;0;0;509;509
2024-12-10T21:45;2024-12-10T22:00;88;kWh;0;140;0;0;140;140
2024-12-10T22:00;2024-12-10T22:15;89;kWh;0;11025;0;0;11025;11025
2024-12-10T22:15;2024-12-10T22:30;90;kWh;0;24675;0;0;24675;24675
2024-12-10T22:30;2024-12-10T22:45;91;kWh;-4409;4321;0;0;8730;-88
2024-12-10T22:45;2024-12-10T23:00;92;kWh;-31968;0;0;0;31968;-31968
2024-12-10T23:00;2024-12-10T23:15;93;kWh;-21347;20946;0;0;42293;-401
2024-12-10T23:15;2024-12-10T23:30;94;kWh;-454;27730;0;0;28184;27276
2024-12-10T23:30;2024-12-10T23:45;95;kWh;-7672;3;0;0;7675;-7669
2024-12-10T23:45;2024-12-11T00:00;96;kWh;-26805;0;0;0;26805;-26805
2024-12-11T00:00;2024-12-11T00:15;1;kWh;-26928;8663;0;0;35591;-18265
2024-12-11T00:15;2024-12-11T00:30;2;kWh;0;32070;0;0;32070;32070
2024-12-11T00:30;2024-12-11T00:45;3;kWh;-616;16471;0;0;17087;15855
2024-12-11T00:45;2024-12-11T01:00;4;kWh;-28644;0;0;0;28644;-28644
2024-12-11T01:00;2024-12-11T01:15;5;kWh;-6827;11265;0;0;18092;4438
2024-12-11T01:15;2024-12-11T01:30;6;kWh;0;1631;0;0;1631;1631
2024-12-11T01:30;2024-12-11T01:45;7;kWh;-1421;0;0;0;1421;-1421
2024-12-11T01:45;2024-12-11T02:00;8;kWh;-13128;0;0;0;13128;-13128
2024-12-11T02:00;2024-12-11T02:15;9;kWh;-4873;0;0;0;4873;-4873
2024-12-11T02:15;2024-12-11T02:30;10;kWh;-9408;0;0;0;9408;-9408
2024-12-11T02:30;2024-12-11T02:45;11;kWh;-5617;0;0;0;5617;-5617
2024-12-11T02:45;2024-12-11T03:00;12;kWh;-10262;0;0;0;10262;-10262
2024-12-11T03:00;2024-12-11T03:15;13;kWh;-6265;0;0;0;6265;-6265
2024-12-11T03:15;2024-12-11T03:30;14;kWh;-12586;0;0;0;12586;-12586
2024-12-11T03:30;2024-12-11T03:45;15;kWh;-10215;0;0;0;10215;-10215
2024-12-11T03:45;2024-12-11T04:00;16;kWh;-32155;0;0;0;32155;-32155
2024-12-11T04:00;2024-12-11T04:15;17;kWh;-48744;0;0;0;48744;-48744
2024-12-11T04:15;2024-12-11T04:30;18;kWh;-38648;0;0;0;38648;-38648
2024-12-11T04:30;2024-12-11T04:45;19;kWh;-1456;2752;0;0;4208;1296
2024-12-11T04:45;2024-12-11T05:00;20;kWh;-21139;130;0;0;21269;-21009
2024-12-11T05:00;2024-12-11T05:15;21;kWh;-84789;0;0;0;84789;-84789
2024-12-11T05:15;2024-12-11T05:30;22;kWh;-16824;0;0;0;16824;-16824
2024-12-11T05:30;2024-12-11T05:45;23;kWh;-17646;0;0;0;17646;-17646
2024-12-11T05:45;2024-12-11T06:00;24;kWh;-6214;0;0;0;6214;-6214
2024-12-11T06:00;2024-12-11T06:15;25;kWh;-78506;0;0;0;78506;-78506
2024-12-11T06:15;2024-12-11T06:30;26;kWh;-63092;0;0;0;63092;-63092
2024-12-11T06:30;2024-12-11T06:45;27;kWh;-48314;0;0;0;48314;-48314
2024-12-11T06:45;2024-12-11T07:00;28;kWh;-830;5708;0;0;6538;4878
2024-12-11T07:00;2024-12-11T07:15;29;kWh;-95573;625;0;0;96198;-94948
2024-12-11T07:15;2024-12-11T07:30;30;kWh;-22090;278;0;0;22368;-21812
2024-12-11T07:30;2024-12-11T07:45;31;kWh;-2444;403;0;0;2847;-2041
2024-12-11T07:45;2024-12-11T08:00;32;kWh;-111;23471;0;0;23582;23360
2024-12-11T08:00;2024-12-11T08:15;33;kWh;-235;6870;0;0;7105;6635
2024-12-11T08:15;2024-12-11T08:30;34;kWh;0;54985;0;0;54985;54985
2024-12-11T08:30;2024-12-11T08:45;35;kWh;0;42013;0;0;42013;42013
2024-12-11T08:45;2024-12-11T09:00;36;kWh;0;95744;0;0;95744;95744
2024-12-11T09:00;2024-12-11T09:15;37;kWh;0;69723;0;0;69723;69723
2024-12-11T09:15;2024-12-11T09:30;38;kWh;0;66901;0;0;66901;66901
2024-12-11T09:30;2024-12-11T09:45;39;kWh;0;76137;0;0;76137;76137
2024-12-11T09:45;2024-12-11T10:00;40;kWh;0;77562;0;0;77562;77562
2024-12-11T10:00;2024-12-11T10:15;41;kWh;0;68944;0;0;68944;68944
2024-12-11T10:15;2024-12-11T10:30;42;kWh;0;69417;0;0;69417;69417
2024-12-11T10:30;2024-12-11T10:45;43;kWh;0;64288;0;0;64288;64288
2024-12-11T10:45;2024-12-11T11:00;44;kWh;0;60732;0;0;60732;60732
2024-12-11T11:00;2024-12-11T11:15;45;kWh;0;89706;0;0;89706;89706
2024-12-11T11:15;2024-12-11T11:30;46;kWh;0;92060;0;0;92060;92060
2024-12-11T11:30;2024-12-11T11:45;47;kWh;0;94847;0;0;94847;94847
2024-12-11T11:45;2024-12-11T12:00;48;kWh;0;93725;0;0;93725;93725
2024-12-11T12:00;2024-12-11T12:15;49;kWh;0;96239;0;0;96239;96239
2024-12-11T12:15;2024-12-11T12:30;50;kWh;0;96257;0;12096;108353;108353
2024-12-11T12:30;2024-12-11T12:45;51;kWh;0;95613;0;40644;136257;136257
2024-12-11T12:45;2024-12-11T13:00;52;kWh;0;93357;0;43182;136539;136539
2024-12-11T13:00;2024-12-11T13:15;53;kWh;0;92814;0;43182;135996;135996
2024-12-11T13:15;2024-12-11T13:30;54;kWh;0;92939;0;43182;136121;136121
2024-12-11T13:30;2024-12-11T13:45;55;kWh;0;77212;0;32646;109858;109858
2024-12-11T13:45;2024-12-11T14:00;56;kWh;0;84079;0;0;84079;84079
2024-12-11T14:00;2024-12-11T14:15;57;kWh;0;55184;0;0;55184;55184
2024-12-11T14:15;2024-12-11T14:30;58;kWh;0;49310;0;0;49310;49310
2024-12-11T14:30;2024-12-11T14:45;59;kWh;0;82373;0;0;82373;82373
2024-12-11T14:45;2024-12-11T15:00;60;kWh;0;81407;0;0;81407;81407
2024-12-11T15:00;2024-12-11T15:15;61;kWh;0;77324;0;0;77324;77324
2024-12-11T15:15;2024-12-11T15:30;62;kWh;0;74667;0;0;74667;74667
2024-12-11T15:30;2024-12-11T15:45;63;kWh;0;81306;0;0;81306;81306
2024-12-11T15:45;2024-12-11T16:00;64;kWh;0;94332;0;0;94332;94332
2024-12-11T16:00;2024-12-11T16:15;65;kWh;-4296;40505;0;0;44801;36209
2024-12-11T16:15;2024-12-11T16:30;66;kWh;-3055;24637;0;0;27692;21582
2024-12-11T16:30;2024-12-11T16:45;67;kWh;0;84239;0;0;84239;84239
2024-12-11T16:45;2024-12-11T17:00;68;kWh;0;89619;0;0;89619;89619
2024-12-11T17:00;2024-12-11T17:15;69;kWh;0;93772;0;0;93772;93772
2024-12-11T17:15;2024-12-11T17:30;70;kWh;0;92374;0;0;92374;92374
2024-12-11T17:30;2024-12-11T17:45;71;kWh;0;89355;0;0;89355;89355
2024-12-11T17:45;2024-12-11T18:00;72;kWh;0;29217;0;0;29217;29217
2024-12-11T18:00;2024-12-11T18:15;73;kWh;0;81217;0;0;81217;81217
2024-12-11T18:15;2024-12-11T18:30;74;kWh;0;91503;0;75476;166979;166979
2024-12-11T18:30;2024-12-11T18:45;75;kWh;0;88409;0;77055;165464;165464
2024-12-11T18:45;2024-12-11T19:00;76;kWh;0;80752;0;77055;157807;157807
2024-12-11T19:00;2024-12-11T19:15;77;kWh;0;71057;0;77055;148112;148112
2024-12-11T19:15;2024-12-11T19:30;78;kWh;0;54088;0;72389;126477;126477
2024-12-11T19:30;2024-12-11T19:45;79;kWh;0;35919;0;42038;77957;77957
2024-12-11T19:45;2024-12-11T20:00;80;kWh;0;30153;0;0;30153;30153
2024-12-11T20:00;2024-12-11T20:15;81;kWh;0;46255;0;0;46255;46255
2024-12-11T20:15;2024-12-11T20:30;82;kWh;-706;27521;0;0;28227;26815
2024-12-11T20:30;2024-12-11T20:45;83;kWh;-3908;1699;0;0;5607;-2209
2024-12-11T20:45;2024-12-11T21:00;84;kWh;-7761;10261;0;0;18022;2500
2024-12-11T21:00;2024-12-11T21:15;85;kWh;-5704;28416;0;0;34120;22712
2024-12-11T21:15;2024-12-11T21:30;86;kWh;-5972;9240;0;0;15212;3268
2024-12-11T21:30;2024-12-11T21:45;87;kWh;-24783;0;0;0;24783;-24783
2024-12-11T21:45;2024-12-11T22:00;88;kWh;-21220;1227;0;0;22447;-19993
2024-12-11T22:00;2024-12-11T22:15;89;kWh;0;53319;0;0;53319;53319
2024-12-11T22:15;2024-12-11T22:30;90;kWh;0;33236;0;0;33236;33236
2024-12-11T22:30;2024-12-11T22:45;91;kWh;0;39976;0;0;39976;39976
2024-12-11T22:45;2024-12-11T23:00;92;kWh;-274;4601;0;0;4875;4327
2024-12-11T23:00;2024-12-11T23:15;93;kWh;-9832;0;0;0;9832;-9832
2024-12-11T23:15;2024-12-11T23:30;94;kWh;-4417;7237;0;0;11654;2820
2024-12-11T23:30;2024-12-11T23:45;95;kWh;-6401;9360;0;0;15761;2959
2024-12-11T23:45;2024-12-12T00:00;96;kWh;-26439;0;0;0;26439;-26439
2024-12-12T00:00;2024-12-12T00:15;1;kWh;-12061;12878;0;0;24939;817
2024-12-12T00:15;2024-12-12T00:30;2;kWh;0;23356;0;0;23356;23356
2024-12-12T00:30;2024-12-12T00:45;3;kWh;0;29754;0;0;29754;29754
2024-12-12T00:45;2024-12-12T01:00;4;kWh;-19134;1195;0;0;20329;-17939
2024-12-12T01:00;2024-12-12T01:15;5;kWh;-13636;2570;0;0;16206;-11066
2024-12-12T01:15;2024-12-12T01:30;6;kWh;0;3355;0;0;3355;3355
2024-12-12T01:30;2024-12-12T01:45;7;kWh;0;11300;0;0;11300;11300
2024-12-12T01:45;2024-12-12T02:00;8;kWh;-4071;2406;0;0;6477;-1665
2024-12-12T02:00;2024-12-12T02:15;9;kWh;-1252;14132;0;0;15384;12880
2024-12-12T02:15;2024-12-12T02:30;10;kWh;0;32307;0;0;32307;32307
2024-12-12T02:30;2024-12-12T02:45;11;kWh;0;26493;0;0;26493;26493
2024-12-12T02:45;2024-12-12T03:00;12;kWh;-106;4421;0;0;4527;4315
2024-12-12T03:00;2024-12-12T03:15;13;kWh;0;10594;0;0;10594;10594
2024-12-12T03:15;2024-12-12T03:30;14;kWh;0;8736;0;0;8736;8736
2024-12-12T03:30;2024-12-12T03:45;15;kWh;-379;4761;0;0;5140;4382
2024-12-12T03:45;2024-12-12T04:00;16;kWh;-5041;0;0;0;5041;-5041
2024-12-12T04:00;2024-12-12T04:15;17;kWh;-24676;0;0;0;24676;-24676
2024-12-12T04:15;2024-12-12T04:30;18;kWh;-10997;0;0;0;10997;-10997
2024-12-12T04:30;2024-12-12T04:45;19;kWh;-9520;0;0;0;9520;-9520
2024-12-12T04:45;2024-12-12T05:00;20;kWh;-24705;0;0;0;24705;-24705
2024-12-12T05:00;2024-12-12T05:15;21;kWh;-62335;0;0;0;62335;-62335
2024-12-12T05:15;2024-12-12T05:30;22;kWh;-22559;1;0;0;22560;-22558
2024-12-12T05:30;2024-12-12T05:45;23;kWh;-6968;656;0;0;7624;-6312
2024-12-12T05:45;2024-12-12T06:00;24;kWh;-1000;1693;0;0;2693;693
2024-12-12T06:00;2024-12-12T06:15;25;kWh;-61266;239;0;0;61505;-61027
2024-12-12T06:15;2024-12-12T06:30;26;kWh;-22272;605;0;0;22877;-21667
2024-12-12T06:30;2024-12-12T06:45;27;kWh;-229;7900;0;0;8129;7671
2024-12-12T06:45;2024-12-12T07:00;28;kWh;0;33506;0;0;33506;33506
2024-12-12T07:00;2024-12-12T07:15;29;kWh;-16767;4268;0;0;21035;-12499
2024-12-12T07:15;2024-12-12T07:30;30;kWh;-251;12888;0;0;13139;12637
2024-12-12T07:30;2024-12-12T07:45;31;kWh;0;45796;0;0;45796;45796
2024-12-12T07:45;2024-12-12T08:00;32;kWh;0;98428;0;0;98428;98428
2024-12-12T08:00;2024-12-12T08:15;33;kWh;-688;17833;0;0;18521;17145
2024-12-12T08:15;2024-12-12T08:30;34;kWh;0;34376;0;0;34376;34376
2024-12-12T08:30;2024-12-12T08:45;35;kWh;0;54599;0;0;54599;54599
2024-12-12T08:45;2024-12-12T09:00;36;kWh;0;88967;0;0;88967;88967
2024-12-12T09:00;2024-12-12T09:15;37;kWh;0;58535;0;0;58535;58535
2024-12-12T09:15;2024-12-12T09:30;38;kWh;0;15137;0;0;15137;15137
2024-12-12T09:30;2024-12-12T09:45;39;kWh;0;48662;0;0;48662;48662
2024-12-12T09:45;2024-12-12T10:00;40;kWh;0;8869;0;0;8869;8869
2024-12-12T10:00;2024-12-12T10:15;41;kWh;0;48073;0;0;48073;48073
2024-12-12T10:15;2024-12-12T10:30;42;kWh;-1284;10542;0;0;11826;9258
2024-12-12T10:30;2024-12-12T10:45;43;kWh;-10782;0;0;0;10782;-10782
2024-12-12T10:45;2024-12-12T11:00;44;kWh;-5873;180;0;0;6053;-5693
2024-12-12T11:00;2024-12-12T11:15;45;kWh;-4308;7383;0;0;11691;3075
2024-12-12T11:15;2024-12-12T11:30;46;kWh;-3989;1895;0;0;5884;-2094
2024-12-12T11:30;2024-12-12T11:45;47;kWh;-828;25976;0;0;26804;25148
2024-12-12T11:45;2024-12-12T12:00;48;kWh;-1013;52349;0;0;53362;51336
2024-12-12T12:00;2024-12-12T12:15;49;kWh;-3297;31401;0;0;34698;28104
2024-12-12T12:15;2024-12-12T12:30;50;kWh;-136;22217;0;0;22353;22081
2024-12-12T12:30;2024-12-12T12:45;51;kWh;-585;23968;0;0;24553;23383
2024-12-12T12:45;2024-12-12T13:00;52;kWh;0;33151;0;0;33151;33151
2024-12-12T13:00;2024-12-12T13:15;53;kWh;-1285;8662;0;0;9947;7377
2024-12-12T13:15;2024-12-12T13:30;54;kWh;-712;394;0;0;1106;-318
2024-12-12T13:30;2024-12-12T13:45;55;kWh;0;22559;0;0;22559;22559
2024-12-12T13:45;2024-12-12T14:00;56;kWh;0;7523;0;0;7523;7523
2024-12-12T14:00;2024-12-12T14:15;57;kWh;0;7874;0;0;7874;7874
2024-12-12T14:15;2024-12-12T14:30;58;kWh;0;42875;0;0;42875;42875
2024-12-12T14:30;2024-12-12T14:45;59;kWh;0;39105;0;0;39105;39105
2024-12-12T14:45;2024-12-12T15:00;60;kWh;0;44378;0;0;44378;44378
2024-12-12T15:00;2024-12-12T15:15;61;kWh;0;19131;0;0;19131;19131
2024-12-12T15:15;2024-12-12T15:30;62;kWh;0;58870;0;0;58870;58870
2024-12-12T15:30;2024-12-12T15:45;63;kWh;0;22189;0;0;22189;22189
2024-12-12T15:45;2024-12-12T16:00;64;kWh;0;16109;0;0;16109;16109
2024-12-12T16:00;2024-12-12T16:15;65;kWh;-3677;92;0;0;3769;-3585
2024-12-12T16:15;2024-12-12T16:30;66;kWh;-3;7410;0;0;7413;7407
2024-12-12T16:30;2024-12-12T16:45;67;kWh;0;35964;0;0;35964;35964
2024-12-12T16:45;2024-12-12T17:00;68;kWh;0;36145;0;0;36145;36145
2024-12-12T17:00;2024-12-12T17:15;69;kWh;-3862;15841;0;0;19703;11979
2024-12-12T17:15;2024-12-12T17:30;70;kWh;-12249;251;0;0;12500;-11998
2024-12-12T17:30;2024-12-12T17:45;71;kWh;0;3458;0;0;3458;3458
2024-12-12T17:45;2024-12-12T18:00;72;kWh;0;9020;0;0;9020;9020
2024-12-12T18:00;2024-12-12T18:15;73;kWh;0;16450;0;0;16450;16450
2024-12-12T18:15;2024-12-12T18:30;74;kWh;-908;5481;0;0;6389;4573
2024-12-12T18:30;2024-12-12T18:45;75;kWh;-860;207;0;0;1067;-653
2024-12-12T18:45;2024-12-12T19:00;76;kWh;0;1753;0;0;1753;1753
2024-12-12T19:00;2024-12-12T19:15;77;kWh;0;33636;0;0;33636;33636
2024-12-12T19:15;2024-12-12T19:30;78;kWh;0;35893;0;0;35893;35893
2024-12-12T19:30;2024-12-12T19:45;79;kWh;0;40463;0;0;40463;40463
2024-12-12T19:45;2024-12-12T20:00;80;kWh;0;55335;0;0;55335;55335
2024-12-12T20:00;2024-12-12T20:15;81;kWh;0;52725;0;0;52725;52725
2024-12-12T20:15;2024-12-12T20:30;82;kWh;0;59132;0;0;59132;59132
2024-12-12T20:30;2024-12-12T20:45;83;kWh;-23;37208;0;0;37231;37185
2024-12-12T20:45;2024-12-12T21:00;84;kWh;-332;12611;0;0;12943;12279
2024-12-12T21:00;2024-12-12T21:15;85;kWh;-801;20516;0;0;21317;19715
2024-12-12T21:15;2024-12-12T21:30;86;kWh;-840;13594;0;0;14434;12754
2024-12-12T21:30;2024-12-12T21:45;87;kWh;-11567;1;0;0;11568;-11566
2024-12-12T21:45;2024-12-12T22:00;88;kWh;-44772;0;0;0;44772;-44772
2024-12-12T22:00;2024-12-12T22:15;89;kWh;-27072;8077;0;0;35149;-18995
2024-12-12T22:15;2024-12-12T22:30;90;kWh;-403;2774;0;0;3177;2371
2024-12-12T22:30;2024-12-12T22:45;91;kWh;-1482;3119;0;0;4601;1637
2024-12-12T22:45;2024-12-12T23:00;92;kWh;-30762;0;0;0;30762;-30762
2024-12-12T23:00;2024-12-12T23:15;93;kWh;-16487;7037;0;0;23524;-9450
2024-12-12T23:15;2024-12-12T23:30;94;kWh;-392;2614;0;0;3006;2222
2024-12-12T23:30;2024-12-12T23:45;95;kWh;-18086;0;0;0;18086;-18086
2024-12-12T23:45;2024-12-13T00:00;96;kWh;-43338;0;0;0;43338;-43338
2024-12-13T00:00;2024-12-13T00:15;1;kWh;-75506;0;0;0;75506;-75506
2024-12-13T00:15;2024-12-13T00:30;2;kWh;-80950;0;0;0;80950;-80950
2024-12-13T00:30;2024-12-13T00:45;3;kWh;-68799;0;0;0;68799;-68799
2024-12-13T00:45;2024-12-13T01:00;4;kWh;-61070;0;0;0;61070;-61070
2024-12-13T01:00;2024-12-13T01:15;5;kWh;-30696;0;0;0;30696;-30696
2024-12-13T01:15;2024-12-13T01:30;6;kWh;-26305;0;0;0;26305;-26305
2024-12-13T01:30;2024-12-13T01:45;7;kWh;-30276;0;0;0;30276;-30276
2024-12-13T01:45;2024-12-13T02:00;8;kWh;-40600;0;0;0;40600;-40600
2024-12-13T02:00;2024-12-13T02:15;9;kWh;-22325;695;0;0;23020;-21630
2024-12-13T02:15;2024-12-13T02:30;10;kWh;-23;1151;0;0;1174;1128
2024-12-13T02:30;2024-12-13T02:45;11;kWh;-446;0;0;0;446;-446
2024-12-13T02:45;2024-12-13T03:00;12;kWh;-26784;0;0;0;26784;-26784
2024-12-13T03:00;2024-12-13T03:15;13;kWh;-23802;16;0;0;23818;-23786
2024-12-13T03:15;2024-12-13T03:30;14;kWh;-10321;0;0;0;10321;-10321
2024-12-13T03:30;2024-12-13T03:45;15;kWh;-53255;0;0;0;53255;-53255
2024-12-13T03:45;2024-12-13T04:00;16;kWh;-67850;0;0;0;67850;-67850
2024-12-13T04:00;2024-12-13T04:15;17;kWh;-51513;0;0;0;51513;-51513
2024-12-13T04:15;2024-12-13T04:30;18;kWh;-34899;0;0;0;34899;-34899
2024-12-13T04:30;2024-12-13T04:45;19;kWh;-24474;0;0;0;24474;-24474
2024-12-13T04:45;2024-12-13T05:00;20;kWh;-16588;0;0;0;16588;-16588
2024-12-13T05:00;2024-12-13T05:15;21;kWh;-29763;0;0;0;29763;-29763
2024-12-13T05:15;2024-12-13T05:30;22;kWh;-25821;0;0;0;25821;-25821
2024-12-13T05:30;2024-12-13T05:45;23;kWh;-46553;0;0;0;46553;-46553
2024-12-13T05:45;2024-12-13T06:00;24;kWh;-25505;0;0;0;25505;-25505
2024-12-13T06:00;2024-12-13T06:15;25;kWh;-54503;0;0;0;54503;-54503
2024-12-13T06:15;2024-12-13T06:30;26;kWh;-1570;115;0;0;1685;-1455
2024-12-13T06:30;2024-12-13T06:45;27;kWh;0;18470;0;0;18470;18470
2024-12-13T06:45;2024-12-13T07:00;28;kWh;0;46477;0;0;46477;46477
2024-12-13T07:00;2024-12-13T07:15;29;kWh;-48652;6837;0;0;55489;-41815
2024-12-13T07:15;2024-12-13T07:30;30;kWh;-45665;0;0;0;45665;-45665
2024-12-13T07:30;2024-12-13T07:45;31;kWh;-5299;6838;0;0;12137;1539
2024-12-13T07:45;2024-12-13T08:00;32;kWh;0;38393;0;0;38393;38393
2024-12-13T08:00;2024-12-13T08:15;33;kWh;-29516;6454;0;0;35970;-23062
2024-12-13T08:15;2024-12-13T08:30;34;kWh;-12270;786;0;0;13056;-11484
2024-12-13T08:30;2024-12-13T08:45;35;kWh;0;18196;0;0;18196;18196
2024-12-13T08:45;2024-12-13T09:00;36;kWh;0;51360;0;0;51360;51360
2024-12-13T09:00;2024-12-13T09:15;37;kWh;0;59096;0;0;59096;59096
2024-12-13T09:15;2024-12-13T09:30;38;kWh;0;24906;0;0;24906;24906
2024-12-13T09:30;2024-12-13T09:45;39;kWh;0;76747;0;0;76747;76747
2024-12-13T09:45;2024-12-13T10:00;40;kWh;0;76576;0;0;76576;76576
2024-12-13T10:00;2024-12-13T10:15;41;kWh;0;105488;0;0;105488;105488
2024-12-13T10:15;2024-12-13T10:30;42;kWh;0;96489;0;0;96489;96489
2024-12-13T10:30;2024-12-13T10:45;43;kWh;0;100062;0;0;100062;100062
2024-12-13T10:45;2024-12-13T11:00;44;kWh;0;94352;0;0;94352;94352
2024-12-13T11:00;2024-12-13T11:15;45;kWh;0;102333;0;0;102333;102333
2024-12-13T11:15;2024-12-13T11:30;46;kWh;0;103137;0;0;103137;103137
2024-12-13T11:30;2024-12-13T11:45;47;kWh;0;64343;0;0;64343;64343
2024-12-13T11:45;2024-12-13T12:00;48;kWh;0;55425;0;0;55425;55425
2024-12-13T12:00;2024-12-13T12:15;49;kWh;0;81992;0;0;81992;81992
2024-12-13T12:15;2024-12-13T12:30;50;kWh;0;104215;0;0;104215;104215
2024-12-13T12:30;2024-12-13T12:45;51;kWh;0;104002;0;0;104002;104002
2024-12-13T12:45;2024-12-13T13:00;52;kWh;0;101931;0;0;101931;101931
2024-12-13T13:00;2024-12-13T13:15;53;kWh;0;85755;0;0;85755;85755
2024-12-13T13:15;2024-12-13T13:30;54;kWh;0;29177;0;0;29177;29177
2024-12-13T13:30;2024-12-13T13:45;55;kWh;0;81794;0;0;81794;81794
2024-12-13T13:45;2024-12-13T14:00;56;kWh;0;86688;0;0;86688;86688
2024-12-13T14:00;2024-12-13T14:15;57;kWh;0;38666;0;0;38666;38666
2024-12-13T14:15;2024-12-13T14:30;58;kWh;0;65271;0;0;65271;65271
2024-12-13T14:30;2024-12-13T14:45;59;kWh;0;73673;0;0;73673;73673
2024-12-13T14:45;2024-12-13T15:00;60;kWh;0;27516;0;0;27516;27516
2024-12-13T15:00;2024-12-13T15:15;61;kWh;-316;8926;0;0;9242;8610
2024-12-13T15:15;2024-12-13T15:30;62;kWh;0;20903;0;0;20903;20903
2024-12-13T15:30;2024-12-13T15:45;63;kWh;0;49334;0;0;49334;49334
2024-12-13T15:45;2024-12-13T16:00;64;kWh;-293;3663;0;0;3956;3370
2024-12-13T16:00;2024-12-13T16:15;65;kWh;-775;49313;0;0;50088;48538
2024-12-13T16:15;2024-12-13T16:30;66;kWh;0;28519;0;0;28519;28519
2024-12-13T16:30;2024-12-13T16:45;67;kWh;0;12344;0;0;12344;12344
2024-12-13T16:45;2024-12-13T17:00;68;kWh;0;34765;0;0;34765;34765
2024-12-13T17:00;2024-12-13T17:15;69;kWh;-1845;63;0;0;1908;-1782
2024-12-13T17:15;2024-12-13T17:30;70;kWh;0;1899;0;0;1899;1899
2024-12-13T17:30;2024-12-13T17:45;71;kWh;-21805;1;0;0;21806;-21804
2024-12-13T17:45;2024-12-13T18:00;72;kWh;-22902;0;0;0;22902;-22902
2024-12-13T18:00;2024-12-13T18:15;73;kWh;-25100;0;0;0;25100;-25100
2024-12-13T18:15;2024-12-13T18:30;74;kWh;-14137;0;0;0;14137;-14137
2024-12-13T18:30;2024-12-13T18:45;75;kWh;-14073;0;0;0;14073;-14073
2024-12-13T18:45;2024-12-13T19:00;76;kWh;-13121;0;0;0;13121;-13121
2024-12-13T19:00;2024-12-13T19:15;77;kWh;-746;22351;0;0;23097;21605
2024-12-13T19:15;2024-12-13T19:30;78;kWh;0;2404;0;0;2404;2404
2024-12-13T19:30;2024-12-13T19:45;79;kWh;0;26986;0;0;26986;26986
2024-12-13T19:45;2024-12-13T20:00;80;kWh;-12442;806;0;0;13248;-11636
2024-12-13T20:00;2024-12-13T20:15;81;kWh;-6434;32014;0;0;38448;25580
2024-12-13T20:15;2024-12-13T20:30;82;kWh;0;19893;0;0;19893;19893
2024-12-13T20:30;2024-12-13T20:45;83;kWh;0;28771;0;0;28771;28771
2024-12-13T20:45;2024-12-13T21:00;84;kWh;-11083;1827;0;0;12910;-9256
2024-12-13T21:00;2024-12-13T21:15;85;kWh;-4989;15373;0;0;20362;10384
2024-12-13T21:15;2024-12-13T21:30;86;kWh;0;18914;0;0;18914;18914
2024-12-13T21:30;2024-12-13T21:45;87;kWh;-5127;1323;0;0;6450;-3804
2024-12-13T21:45;2024-12-13T22:00;88;kWh;-26558;0;0;0;26558;-26558
2024-12-13T22:00;2024-12-13T22:15;89;kWh;-10763;3248;0;0;14011;-7515
2024-12-13T22:15;2024-12-13T22:30;90;kWh;-362;1543;0;0;1905;1181
2024-12-13T22:30;2024-12-13T22:45;91;kWh;-12356;0;0;0;12356;-12356
2024-12-13T22:45;2024-12-13T23:00;92;kWh;-12808;0;0;0;12808;-12808
2024-12-13T23:00;2024-12-13T23:15;93;kWh;-4870;24774;0;0;29644;19904
2024-12-13T23:15;2024-12-13T23:30;94;kWh;0;40918;0;0;40918;40918
2024-12-13T23:30;2024-12-13T23:45;95;kWh;-12131;232;0;0;12363;-11899
2024-12-13T23:45;2024-12-14T00:00;96;kWh;-15825;0;0;0;15825;-15825
2024-12-14T00:00;2024-12-14T00:15;1;kWh;-811;21210;0;0;22021;20399
2024-12-14T00:15;2024-12-14T00:30;2;kWh;0;66410;0;0;66410;66410
2024-12-14T00:30;2024-12-14T00:45;3;kWh;-12798;3704;0;0;16502;-9094
2024-12-14T00:45;2024-12-14T01:00;4;kWh;-50450;0;0;0;50450;-50450
2024-12-14T01:00;2024-12-14T01:15;5;kWh;-9620;0;0;0;9620;-9620
2024-12-14T01:15;2024-12-14T01:30;6;kWh;-58713;0;0;0;58713;-58713
2024-12-14T01:30;2024-12-14T01:45;7;kWh;-59628;0;0;0;59628;-59628
2024-12-14T01:45;2024-12-14T02:00;8;kWh;-58985;0;0;0;58985;-58985
2024-12-14T02:00;2024-12-14T02:15;9;kWh;-17885;0;0;0;17885;-17885
2024-12-14T02:15;2024-12-14T02:30;10;kWh;-19189;0;0;0;19189;-19189
2024-12-14T02:30;2024-12-14T02:45;11;kWh;-34605;0;0;0;34605;-34605
2024-12-14T02:45;2024-12-14T03:00;12;kWh;-30684;0;0;0;30684;-30684
2024-12-14T03:00;2024-12-14T03:15;13;kWh;-38474;0;0;0;38474;-38474
2024-12-14T03:15;2024-12-14T03:30;14;kWh;-39600;0;0;0;39600;-39600
2024-12-14T03:30;2024-12-14T03:45;15;kWh;-42024;0;0;0;42024;-42024
2024-12-14T03:45;2024-12-14T04:00;16;kWh;-25167;0;0;0;25167;-25167
2024-12-14T04:00;2024-12-14T04:15;17;kWh;-25140;1684;0;0;26824;-23456
2024-12-14T04:15;2024-12-14T04:30;18;kWh;-516;3078;0;0;3594;2562
2024-12-14T04:30;2024-12-14T04:45;19;kWh;-12532;42;0;0;12574;-12490
2024-12-14T04:45;2024-12-14T05:00;20;kWh;-34505;0;0;0;34505;-34505
2024-12-14T05:00;2024-12-14T05:15;21;kWh;-47932;0;0;0;47932;-47932
2024-12-14T05:15;2024-12-14T05:30;22;kWh;-23168;0;0;0;23168;-23168
2024-12-14T05:30;2024-12-14T05:45;23;kWh;-14040;0;0;0;14040;-14040
2024-12-14T05:45;2024-12-14T06:00;24;kWh;0;2620;0;0;2620;2620
2024-12-14T06:00;2024-12-14T06:15;25;kWh;0;19659;0;0;19659;19659
2024-12-14T06:15;2024-12-14T06:30;26;kWh;0;62880;0;0;62880;62880
2024-12-14T06:30;2024-12-14T06:45;27;kWh;0;65529;0;0;65529;65529
2024-12-14T06:45;2024-12-14T07:00;28;kWh;-1988;18799;0;0;20787;16811
2024-12-14T07:00;2024-12-14T07:15;29;kWh;-7592;0;0;0;7592;-7592
2024-12-14T07:15;2024-12-14T07:30;30;kWh;-531;0;0;0;531;-531
2024-12-14T07:30;2024-12-14T07:45;31;kWh;-1965;0;0;0;1965;-1965
2024-12-14T07:45;2024-12-14T08:00;32;kWh;-9647;0;0;0;9647;-9647
2024-12-14T08:00;2024-12-14T08:15;33;kWh;-38248;0;0;0;38248;-38248
2024-12-14T08:15;2024-12-14T08:30;34;kWh;-15944;0;0;0;15944;-15944
2024-12-14T08:30;2024-12-14T08:45;35;kWh;-7;10824;0;0;10831;10817
2024-12-14T08:45;2024-12-14T09:00;36;kWh;0;58975;0;0;58975;58975
2024-12-14T09:00;2024-12-14T09:15;37;kWh;-9526;28046;0;0;37572;18520
2024-12-14T09:15;2024-12-14T09:30;38;kWh;-26485;0;0;0;26485;-26485
2024-12-14T09:30;2024-12-14T09:45;39;kWh;-527;14280;0;0;14807;13753
2024-12-14T09:45;2024-12-14T10:00;40;kWh;-6916;5457;0;0;12373;-1459
2024-12-14T10:00;2024-12-14T10:15;41;kWh;-55506;0;0;0;55506;-55506
2024-12-14T10:15;2024-12-14T10:30;42;kWh;-69626;0;0;0;69626;-69626
2024-12-14T10:30;2024-12-14T10:45;43;kWh;-105936;0;0;0;105936;-105936
2024-12-14T10:45;2024-12-14T11:00;44;kWh;-107754;0;0;0;107754;-107754
2024-12-14T11:00;2024-12-14T11:15;45;kWh;-56432;15053;0;0;71485;-41379
2024-12-14T11:15;2024-12-14T11:30;46;kWh;0;34166;0;0;34166;34166
2024-12-14T11:30;2024-12-14T11:45;47;kWh;-630;1039;0;0;1669;409
2024-12-14T11:45;2024-12-14T12:00;48;kWh;-1199;12450;0;0;13649;11251
2024-12-14T12:00;2024-12-14T12:15;49;kWh;0;16608;0;0;16608;16608
2024-12-14T12:15;2024-12-14T12:30;50;kWh;-498;360;0;0;858;-138
2024-12-14T12:30;2024-12-14T12:45;51;kWh;-719;0;0;0;719;-719
2024-12-14T12:45;2024-12-14T13:00;52;kWh;-18;837;0;0;855;819
2024-12-14T13:00;2024-12-14T13:15;53;kWh;-45612;38;0;0;45650;-45574
2024-12-14T13:15;2024-12-14T13:30;54;kWh;-18638;0;0;0;18638;-18638
2024-12-14T13:30;2024-12-14T13:45;55;kWh;-13969;5119;0;0;19088;-8850
2024-12-14T13:45;2024-12-14T14:00;56;kWh;-4380;1740;0;0;6120;-2640
2024-12-14T14:00;2024-12-14T14:15;57;kWh;-33116;0;0;0;33116;-33116
2024-12-14T14:15;2024-12-14T14:30;58;kWh;-18871;133;0;0;19004;-18738
2024-12-14T14:30;2024-12-14T14:45;59;kWh;-5666;6497;0;0;12163;831
2024-12-14T14:45;2024-12-14T15:00;60;kWh;-30196;697;0;0;30893;-29499
2024-12-14T15:00;2024-12-14T15:15;61;kWh;0;39366;0;0;39366;39366
2024-12-14T15:15;2024-12-14T15:30;62;kWh;0;67151;0;0;67151;67151
2024-12-14T15:30;2024-12-14T15:45;63;kWh;0;77123;0;0;77123;77123
2024-12-14T15:45;2024-12-14T16:00;64;kWh;-8464;9076;0;0;17540;612
2024-12-14T16:00;2024-12-14T16:15;65;kWh;-14817;0;0;0;14817;-14817
2024-12-14T16:15;2024-12-14T16:30;66;kWh;-41914;0;0;0;41914;-41914
2024-12-14T16:30;2024-12-14T16:45;67;kWh;-2268;0;0;0;2268;-2268
2024-12-14T16:45;2024-12-14T17:00;68;kWh;-9612;0;0;0;9612;-9612
2024-12-14T17:00;2024-12-14T17:15;69;kWh;-19780;7548;0;0;27328;-12232
2024-12-14T17:15;2024-12-14T17:30;70;kWh;0;103354;0;0;103354;103354
2024-12-14T17:30;2024-12-14T17:45;71;kWh;0;143353;0;0;143353;143353
2024-12-14T17:45;2024-12-14T18:00;72;kWh;0;71524;0;0;71524;71524
2024-12-14T18:00;2024-12-14T18:15;73;kWh;0;16044;0;0;16044;16044
2024-12-14T18:15;2024-12-14T18:30;74;kWh;-10301;594;0;0;10895;-9707
2024-12-14T18:30;2024-12-14T18:45;75;kWh;-56488;0;0;0;56488;-56488
2024-12-14T18:45;2024-12-14T19:00;76;kWh;-46257;0;0;0;46257;-46257
2024-12-14T19:00;2024-12-14T19:15;77;kWh;-53405;5478;0;0;58883;-47927
2024-12-14T19:15;2024-12-14T19:30;78;kWh;0;61420;0;0;61420;61420
2024-12-14T19:30;2024-12-14T19:45;79;kWh;-80;671;0;0;751;591
2024-12-14T19:45;2024-12-14T20:00;80;kWh;-17069;0;0;0;17069;-17069
2024-12-14T20:00;2024-12-14T20:15;81;kWh;-12862;0;0;0;12862;-12862
2024-12-14T20:15;2024-12-14T20:30;82;kWh;-22679;0;0;0;22679;-22679
2024-12-14T20:30;2024-12-14T20:45;83;kWh;-31990;0;0;0;31990;-31990
2024-12-14T20:45;2024-12-14T21:00;84;kWh;-62166;0;0;0;62166;-62166
2024-12-14T21:00;2024-12-14T21:15;85;kWh;-3531;25697;0;0;29228;22166
2024-12-14T21:15;2024-12-14T21:30;86;kWh;-15268;216;0;0;15484;-15052
2024-12-14T21:30;2024-12-14T21:45;87;kWh;-21851;0;0;0;21851;-21851
2024-12-14T21:45;2024-12-14T22:00;88;kWh;-6106;29814;0;0;35920;23708
2024-12-14T22:00;2024-12-14T22:15;89;kWh;0;33417;0;0;33417;33417
2024-12-14T22:15;2024-12-14T22:30;90;kWh;0;29456;0;0;29456;29456
2024-12-14T22:30;2024-12-14T22:45;91;kWh;-12513;6965;0;0;19478;-5548
2024-12-14T22:45;2024-12-14T23:00;92;kWh;-12299;5046;0;0;17345;-7253
2024-12-14T23:00;2024-12-14T23:15;93;kWh;0;39822;0;0;39822;39822
2024-12-14T23:15;2024-12-14T23:30;94;kWh;0;48057;0;0;48057;48057
2024-12-14T23:30;2024-12-14T23:45;95;kWh;-4381;20146;0;0;24527;15765
2024-12-14T23:45;2024-12-15T00:00;96;kWh;-15970;0;0;0;15970;-15970
2024-12-15T00:00;2024-12-15T00:15;1;kWh;-727;22445;0;0;23172;21718
2024-12-15T00:15;2024-12-15T00:30;2;kWh;0;28606;0;0;28606;28606
2024-12-15T00:30;2024-12-15T00:45;3;kWh;-160;15158;0;0;15318;14998
2024-12-15T00:45;2024-12-15T01:00;4;kWh;-3284;73;0;0;3357;-3211
2024-12-15T01:00;2024-12-15T01:15;5;kWh;-19133;0;0;0;19133;-19133
2024-12-15T01:15;2024-12-15T01:30;6;kWh;-37385;0;0;0;37385;-37385
2024-12-15T01:30;2024-12-15T01:45;7;kWh;-60034;0;0;0;60034;-60034
2024-12-15T01:45;2024-12-15T02:00;8;kWh;-36130;644;0;0;36774;-35486
2024-12-15T02:00;2024-12-15T02:15;9;kWh;-20229;0;0;0;20229;-20229
2024-12-15T02:15;2024-12-15T02:30;10;kWh;-11564;0;0;0;11564;-11564
2024-12-15T02:30;2024-12-15T02:45;11;kWh;-14222;0;0;0;14222;-14222
2024-12-15T02:45;2024-12-15T03:00;12;kWh;-52809;0;0;0;52809;-52809
2024-12-15T03:00;2024-12-15T03:15;13;kWh;-2813;18055;0;0;20868;15242
2024-12-15T03:15;2024-12-15T03:30;14;kWh;-4;6994;0;0;6998;6990
2024-12-15T03:30;2024-12-15T03:45;15;kWh;-1118;3137;0;0;4255;2019
2024-12-15T03:45;2024-12-15T04:00;16;kWh;-254;1993;0;0;2247;1739
2024-12-15T04:00;2024-12-15T04:15;17;kWh;-1121;25587;0;0;26708;24466
2024-12-15T04:15;2024-12-15T04:30;18;kWh;-2688;23314;0;0;26002;20626
2024-12-15T04:30;2024-12-15T04:45;19;kWh;-21958;0;0;0;21958;-21958
2024-12-15T04:45;2024-12-15T05:00;20;kWh;-43193;0;0;0;43193;-43193
2024-12-15T05:00;2024-12-15T05:15;21;kWh;-53671;2203;0;0;55874;-51468
2024-12-15T05:15;2024-12-15T05:30;22;kWh;-11954;16565;0;0;28519;4611
2024-12-15T05:30;2024-12-15T05:45;23;kWh;-26318;0;0;0;26318;-26318
2024-12-15T05:45;2024-12-15T06:00;24;kWh;-3224;2897;0;0;6121;-327
2024-12-15T06:00;2024-12-15T06:15;25;kWh;-5833;2947;0;0;8780;-2886
2024-12-15T06:15;2024-12-15T06:30;26;kWh;-7658;0;0;0;7658;-7658
2024-12-15T06:30;2024-12-15T06:45;27;kWh;-4631;0;0;0;4631;-4631
2024-12-15T06:45;2024-12-15T07:00;28;kWh;-14025;0;0;0;14025;-14025
2024-12-15T07:00;2024-12-15T07:15;29;kWh;-39848;0;0;0;39848;-39848
2024-12-15T07:15;2024-12-15T07:30;30;kWh;-3726;280;0;0;4006;-3446
2024-12-15T07:30;2024-12-15T07:45;31;kWh;-11944;1506;0;0;13450;-10438
2024-12-15T07:45;2024-12-15T08:00;32;kWh;0;12352;0;0;12352;12352
2024-12-15T08:00;2024-12-15T08:15;33;kWh;0;26343;0;0;26343;26343
2024-12-15T08:15;2024-12-15T08:30;34;kWh;0;20647;0;0;20647;20647
2024-12-15T08:30;2024-12-15T08:45;35;kWh;-8286;2352;0;0;10638;-5934
2024-12-15T08:45;2024-12-15T09:00;36;kWh;-9400;0;0;0;9400;-9400
2024-12-15T09:00;2024-12-15T09:15;37;kWh;-17812;0;0;0;17812;-17812
2024-12-15T09:15;2024-12-15T09:30;38;kWh;-14311;0;0;0;14311;-14311
2024-12-15T09:30;2024-12-15T09:45;39;kWh;-6356;0;0;0;6356;-6356
2024-12-15T09:45;2024-12-15T10:00;40;kWh;-6245;0;0;0;6245;-6245
2024-12-15T10:00;2024-12-15T10:15;41;kWh;-8489;7195;0;0;15684;-1294
2024-12-15T10:15;2024-12-15T10:30;42;kWh;-1608;14088;0;0;15696;12480
2024-12-15T10:30;2024-12-15T10:45;43;kWh;-8788;2533;0;0;11321;-6255
2024-12-15T10:45;2024-12-15T11:00;44;kWh;-3430;4986;0;0;8416;1556
2024-12-15T11:00;2024-12-15T11:15;45;kWh;-12310;2823;0;0;15133;-9487
2024-12-15T11:15;2024-12-15T11:30;46;kWh;-5882;25170;0;0;31052;19288
2024-12-15T11:30;2024-12-15T11:45;47;kWh;-51391;661;0;0;52052;-50730
2024-12-15T11:45;2024-12-15T12:00;48;kWh;-4645;20198;0;0;24843;15553
2024-12-15T12:00;2024-12-15T12:15;49;kWh;-30168;5760;0;0;35928;-24408
2024-12-15T12:15;2024-12-15T12:30;50;kWh;-5857;30639;0;0;36496;24782
2024-12-15T12:30;2024-12-15T12:45;51;kWh;-16868;15945;0;0;32813;-923
2024-12-15T12:45;2024-12-15T13:00;52;kWh;0;42491;0;0;42491;42491
2024-12-15T13:00;2024-12-15T13:15;53;kWh;0;23368;0;0;23368;23368
2024-12-15T13:15;2024-12-15T13:30;54;kWh;-2;19951;0;0;19953;19949
2024-12-15T13:30;2024-12-15T13:45;55;kWh;-14961;615;0;0;15576;-14346
2024-12-15T13:45;2024-12-15T14:00;56;kWh;-4684;376;0;0;5060;-4308
2024-12-15T14:00;2024-12-15T14:15;57;kWh;-15887;2862;0;0;18749;-13025
2024-12-15T14:15;2024-12-15T14:30;58;kWh;-5445;31402;0;0;36847;25957
2024-12-15T14:30;2024-12-15T14:45;59;kWh;-21136;12231;0;0;33367;-8905
2024-12-15T14:45;2024-12-15T15:00;60;kWh;-5684;15890;0;0;21574;10206
2024-12-15T15:00;2024-12-15T15:15;61;kWh;-9841;6578;0;0;16419;-3263
2024-12-15T15:15;2024-12-15T15:30;62;kWh;-11299;11435;0;0;22734;136
2024-12-15T15:30;2024-12-15T15:45;63;kWh;-11255;502;0;0;11757;-10753
2024-12-15T15:45;2024-12-15T16:00;64;kWh;-59;3063;0;0;3122;3004
2024-12-15T16:00;2024-12-15T16:15;65;kWh;-18557;0;0;0;18557;-18557
2024-12-15T16:15;2024-12-15T16:30;66;kWh;-2227;4275;0;0;6502;2048
2024-12-15T16:30;2024-12-15T16:45;67;kWh;-9157;7218;0;0;16375;-1939
2024-12-15T16:45;2024-12-15T17:00;68;kWh;0;35804;0;0;35804;35804
2024-12-15T17:00;2024-12-15T17:15;69;kWh;-44151;873;0;0;45024;-43278
2024-12-15T17:15;2024-12-15T17:30;70;kWh;-7223;90;0;0;7313;-7133
2024-12-15T17:30;2024-12-15T17:45;71;kWh;-6586;11885;0;0;18471;5299
2024-12-15T17:45;2024-12-15T18:00;72;kWh;-18526;5634;0;0;24160;-12892
2024-12-15T18:00;2024-12-15T18:15;73;kWh;-28284;0;0;0;28284;-28284
2024-12-15T18:15;2024-12-15T18:30;74;kWh;-13624;0;0;0;13624;-13624
2024-12-15T18:30;2024-12-15T18:45;75;kWh;-42871;0;0;0;42871;-42871
2024-12-15T18:45;2024-12-15T19:00;76;kWh;-46100;0;0;0;46100;-46100
2024-12-15T19:00;2024-12-15T19:15;77;kWh;-8747;2836;0;0;11583;-5911
2024-12-15T19:15;2024-12-15T19:30;78;kWh;-22655;212;0;0;22867;-22443
2024-12-15T19:30;2024-12-15T19:45;79;kWh;-34057;0;0;0;34057;-34057
2024-12-15T19:45;2024-12-15T20:00;80;kWh;-32580;0;0;0;32580;-32580
2024-12-15T20:00;2024-12-15T20:15;81;kWh;-6222;1512;0;0;7734;-4710
2024-12-15T20:15;2024-12-15T20:30;82;kWh;-8863;1198;0;0;10061;-7665
2024-12-15T20:30;2024-12-15T20:45;83;kWh;-21839;0;0;0;21839;-21839
2024-12-15T20:45;2024-12-15T21:00;84;kWh;-15430;0;0;0;15430;-15430
2024-12-15T21:00;2024-12-15T21:15;85;kWh;-12444;708;0;0;13152;-11736
2024-12-15T21:15;2024-12-15T21:30;86;kWh;-935;12192;0;0;13127;11257
2024-12-15T21:30;2024-12-15T21:45;87;kWh;-7047;0;0;0;7047;-7047
2024-12-15T21:45;2024-12-15T22:00;88;kWh;-6669;369;0;0;7038;-6300
2024-12-15T22:00;2024-12-15T22:15;89;kWh;-743;17080;0;0;17823;16337
2024-12-15T22:15;2024-12-15T22:30;90;kWh;-4286;3330;0;0;7616;-956
2024-12-15T22:30;2024-12-15T22:45;91;kWh;-995;11434;0;0;12429;10439
2024-12-15T22:45;2024-12-15T23:00;92;kWh;-19412;0;0;0;19412;-19412
2024-12-15T23:00;2024-12-15T23:15;93;kWh;-345;16201;0;0;16546;15856
2024-12-15T23:15;2024-12-15T23:30;94;kWh;-34808;252;0;0;35060;-34556
2024-12-15T23:30;2024-12-15T23:45;95;kWh;-29042;0;0;0;29042;-29042
2024-12-15T23:45;2024-12-16T00:00;96;kWh;-49692;0;0;0;49692;-49692
2024-12-16T00:00;2024-12-16T00:15;1;kWh;-18676;4785;0;0;23461;-13891
2024-12-16T00:15;2024-12-16T00:30;2;kWh;-19949;4439;0;0;24388;-15510
2024-12-16T00:30;2024-12-16T00:45;3;kWh;-10537;8564;0;0;19101;-1973
2024-12-16T00:45;2024-12-16T01:00;4;kWh;-31761;1896;0;0;33657;-29865
2024-12-16T01:00;2024-12-16T01:15;5;kWh;-17232;23212;0;0;40444;5980
2024-12-16T01:15;2024-12-16T01:30;6;kWh;-42;28430;0;0;28472;28388
2024-12-16T01:30;2024-12-16T01:45;7;kWh;-24617;243;0;0;24860;-24374
2024-12-16T01:45;2024-12-16T02:00;8;kWh;-18372;1465;0;0;19837;-16907
2024-12-16T02:00;2024-12-16T02:15;9;kWh;-28656;7069;0;0;35725;-21587
2024-12-16T02:15;2024-12-16T02:30;10;kWh;-20242;8198;0;0;28440;-12044
2024-12-16T02:30;2024-12-16T02:45;11;kWh;-20408;314;0;0;20722;-20094
2024-12-16T02:45;2024-12-16T03:00;12;kWh;-23899;381;0;0;24280;-23518
2024-12-16T03:00;2024-12-16T03:15;13;kWh;-32394;34;0;0;32428;-32360
2024-12-16T03:15;2024-12-16T03:30;14;kWh;-8560;3128;0;0;11688;-5432
2024-12-16T03:30;2024-12-16T03:45;15;kWh;-51081;0;0;0;51081;-51081
2024-12-16T03:45;2024-12-16T04:00;16;kWh;-32643;0;0;0;32643;-32643
2024-12-16T04:00;2024-12-16T04:15;17;kWh;-19784;0;0;0;19784;-19784
2024-12-16T04:15;2024-12-16T04:30;18;kWh;-14235;101;0;0;14336;-14134
2024-12-16T04:30;2024-12-16T04:45;19;kWh;-392;1297;0;0;1689;905
2024-12-16T04:45;2024-12-16T05:00;20;kWh;-6861;0;0;0;6861;-6861
2024-12-16T05:00;2024-12-16T05:15;21;kWh;-22319;0;0;0;22319;-22319
2024-12-16T05:15;2024-12-16T05:30;22;kWh;-6503;0;0;0;6503;-6503
2024-12-16T05:30;2024-12-16T05:45;23;kWh;-378;0;0;0;378;-378
2024-12-16T05:45;2024-12-16T06:00;24;kWh;-1087;18019;0;0;19106;16932
2024-12-16T06:00;2024-12-16T06:15;25;kWh;-38442;3652;0;0;42094;-34790
2024-12-16T06:15;2024-12-16T06:30;26;kWh;-2252;14090;0;0;16342;11838
2024-12-16T06:30;2024-12-16T06:45;27;kWh;-42;14691;0;0;14733;14649
2024-12-16T06:45;2024-12-16T07:00;28;kWh;-321;28105;0;0;28426;27784
2024-12-16T07:00;2024-12-16T07:15;29;kWh;-52918;112;0;0;53030;-52806
2024-12-16T07:15;2024-12-16T07:30;30;kWh;-10498;0;0;0;10498;-10498
2024-12-16T07:30;2024-12-16T07:45;31;kWh;-6695;10711;0;0;17406;4016
2024-12-16T07:45;2024-12-16T08:00;32;kWh;-91;47751;0;0;47842;47660
2024-12-16T08:00;2024-12-16T08:15;33;kWh;-197;8498;0;0;8695;8301
2024-12-16T08:15;2024-12-16T08:30;34;kWh;-640;5334;0;0;5974;4694
2024-12-16T08:30;2024-12-16T08:45;35;kWh;-602;7999;0;0;8601;7397
2024-12-16T08:45;2024-12-16T09:00;36;kWh;0;4741;0;0;4741;4741
2024-12-16T09:00;2024-12-16T09:15;37;kWh;-522;7286;0;0;7808;6764
2024-12-16T09:15;2024-12-16T09:30;38;kWh;-4829;5529;0;0;10358;700
2024-12-16T09:30;2024-12-16T09:45;39;kWh;0;7470;0;0;7470;7470
2024-12-16T09:45;2024-12-16T10:00;40;kWh;-232;0;0;0;232;-232
2024-12-16T10:00;2024-12-16T10:15;41;kWh;-59;32438;0;0;32497;32379
2024-12-16T10:15;2024-12-16T10:30;42;kWh;0;31431;0;0;31431;31431
2024-12-16T10:30;2024-12-16T10:45;43;kWh;0;13601;0;0;13601;13601
2024-12-16T10:45;2024-12-16T11:00;44;kWh;0;478;0;0;478;478
2024-12-16T11:00;2024-12-16T11:15;45;kWh;0;26677;0;0;26677;26677
2024-12-16T11:15;2024-12-16T11:30;46;kWh;0;15056;0;0;15056;15056
2024-12-16T11:30;2024-12-16T11:45;47;kWh;0;42670;0;0;42670;42670
2024-12-16T11:45;2024-12-16T12:00;48;kWh;0;35743;0;0;35743;35743
2024-12-16T12:00;2024-12-16T12:15;49;kWh;0;59874;0;0;59874;59874
2024-12-16T12:15;2024-12-16T12:30;50;kWh;0;8075;0;0;8075;8075
2024-12-16T12:30;2024-12-16T12:45;51;kWh;0;0;0;0;0;0
2024-12-16T12:45;2024-12-16T13:00;52;kWh;0;0;0;0;0;0
2024-12-16T13:00;2024-12-16T13:15;53;kWh;-535;0;0;0;535;-535
2024-12-16T13:15;2024-12-16T13:30;54;kWh;0;0;0;0;0;0
2024-12-16T13:30;2024-12-16T13:45;55;kWh;0;27163;0;0;27163;27163
2024-12-16T13:45;2024-12-16T14:00;56;kWh;0;24047;0;0;24047;24047
2024-12-16T14:00;2024-12-16T14:15;57;kWh;-6750;580;0;0;7330;-6170
2024-12-16T14:15;2024-12-16T14:30;58;kWh;-2551;0;0;0;2551;-2551
2024-12-16T14:30;2024-12-16T14:45;59;kWh;-6426;46;0;0;6472;-6380
2024-12-16T14:45;2024-12-16T15:00;60;kWh;-2213;4;0;0;2217;-2209
2024-12-16T15:00;2024-12-16T15:15;61;kWh;-39145;0;0;0;39145;-39145
2024-12-16T15:15;2024-12-16T15:30;62;kWh;-6061;392;0;0;6453;-5669
2024-12-16T15:30;2024-12-16T15:45;63;kWh;-22351;8073;0;0;30424;-14278
2024-12-16T15:45;2024-12-16T16:00;64;kWh;-10376;22764;0;0;33140;12388
2024-12-16T16:00;2024-12-16T16:15;65;kWh;-22776;1331;0;0;24107;-21445
2024-12-16T16:15;2024-12-16T16:30;66;kWh;0;18502;0;0;18502;18502
2024-12-16T16:30;2024-12-16T16:45;67;kWh;0;17442;0;0;17442;17442
2024-12-16T16:45;2024-12-16T17:00;68;kWh;0;51570;0;0;51570;51570
2024-12-16T17:00;2024-12-16T17:15;69;kWh;-10847;16020;0;0;26867;5173
2024-12-16T17:15;2024-12-16T17:30;70;kWh;-1371;17988;0;0;19359;16617
2024-12-16T17:30;2024-12-16T17:45;71;kWh;0;20156;0;0;20156;20156
2024-12-16T17:45;2024-12-16T18:00;72;kWh;0;8029;0;0;8029;8029
2024-12-16T18:00;2024-12-16T18:15;73;kWh;-516;8253;0;0;8769;7737
2024-12-16T18:15;2024-12-16T18:30;74;kWh;-20234;0;0;0;20234;-20234
2024-12-16T18:30;2024-12-16T18:45;75;kWh;-14828;0;0;0;14828;-14828
2024-12-16T18:45;2024-12-16T19:00;76;kWh;-21621;0;0;0;21621;-21621
2024-12-16T19:00;2024-12-16T19:15;77;kWh;-12467;142;0;0;12609;-12325
2024-12-16T19:15;2024-12-16T19:30;78;kWh;-9084;14;0;0;9098;-9070
2024-12-16T19:30;2024-12-16T19:45;79;kWh;-17537;0;0;0;17537;-17537
2024-12-16T19:45;2024-12-16T20:00;80;kWh;-6842;0;0;0;6842;-6842
2024-12-16T20:00;2024-12-16T20:15;81;kWh;-685;27100;0;0;27785;26415
2024-12-16T20:15;2024-12-16T20:30;82;kWh;0;22791;0;0;22791;22791
2024-12-16T20:30;2024-12-16T20:45;83;kWh;-4463;17;0;0;4480;-4446
2024-12-16T20:45;2024-12-16T21:00;84;kWh;-1367;3318;0;0;4685;1951
2024-12-16T21:00;2024-12-16T21:15;85;kWh;0;16509;0;0;16509;16509
2024-12-16T21:15;2024-12-16T21:30;86;kWh;0;4229;0;0;4229;4229
2024-12-16T21:30;2024-12-16T21:45;87;kWh;-2255;810;0;0;3065;-1445
2024-12-16T21:45;2024-12-16T22:00;88;kWh;-6955;0;0;0;6955;-6955
2024-12-16T22:00;2024-12-16T22:15;89;kWh;-4613;5492;0;0;10105;879
2024-12-16T22:15;2024-12-16T22:30;90;kWh;0;46770;0;0;46770;46770
2024-12-16T22:30;2024-12-16T22:45;91;kWh;0;5058;0;0;5058;5058
2024-12-16T22:45;2024-12-16T23:00;92;kWh;-8600;0;0;0;8600;-8600
2024-12-16T23:00;2024-12-16T23:15;93;kWh;-10997;40034;0;0;51031;29037
2024-12-16T23:15;2024-12-16T23:30;94;kWh;-4897;41720;0;0;46617;36823
2024-12-16T23:30;2024-12-16T23:45;95;kWh;-14507;0;0;0;14507;-14507
2024-12-16T23:45;2024-12-17T00:00;96;kWh;-45998;0;0;0;45998;-45998
2024-12-17T00:00;2024-12-17T00:15;1;kWh;-25874;15348;0;0;41222;-10526
2024-12-17T00:15;2024-12-17T00:30;2;kWh;-5721;22198;0;0;27919;16477
2024-12-17T00:30;2024-12-17T00:45;3;kWh;-5406;4295;0;0;9701;-1111
2024-12-17T00:45;2024-12-17T01:00;4;kWh;-62878;64;0;0;62942;-62814
2024-12-17T01:00;2024-12-17T01:15;5;kWh;-35238;0;0;0;35238;-35238
2024-12-17T01:15;2024-12-17T01:30;6;kWh;-3009;968;0;0;3977;-2041
2024-12-17T01:30;2024-12-17T01:45;7;kWh;-17913;357;0;0;18270;-17556
2024-12-17T01:45;2024-12-17T02:00;8;kWh;0;483;0;0;483;483
2024-12-17T02:00;2024-12-17T02:15;9;kWh;-66;9076;0;0;9142;9010
2024-12-17T02:15;2024-12-17T02:30;10;kWh;-14290;214;0;0;14504;-14076
2024-12-17T02:30;2024-12-17T02:45;11;kWh;-185;7008;0;0;7193;6823
2024-12-17T02:45;2024-12-17T03:00;12;kWh;-17141;29;0;0;17170;-17112
2024-12-17T03:00;2024-12-17T03:15;13;kWh;-4893;11893;0;0;16786;7000
2024-12-17T03:15;2024-12-17T03:30;14;kWh;-23375;11609;0;0;34984;-11766
2024-12-17T03:30;2024-12-17T03:45;15;kWh;0;36646;0;0;36646;36646
2024-12-17T03:45;2024-12-17T04:00;16;kWh;0;10526;0;0;10526;10526
2024-12-17T04:00;2024-12-17T04:15;17;kWh;-5150;2983;0;0;8133;-2167
2024-12-17T04:15;2024-12-17T04:30;18;kWh;-2540;11129;0;0;13669;8589
2024-12-17T04:30;2024-12-17T04:45;19;kWh;-2091;16539;0;0;18630;14448
2024-12-17T04:45;2024-12-17T05:00;20;kWh;-18371;0;0;0;18371;-18371
2024-12-17T05:00;2024-12-17T05:15;21;kWh;-42615;0;0;0;42615;-42615
2024-12-17T05:15;2024-12-17T05:30;22;kWh;-28369;0;0;0;28369;-28369
2024-12-17T05:30;2024-12-17T05:45;23;kWh;-22595;41;0;0;22636;-22554
2024-12-17T05:45;2024-12-17T06:00;24;kWh;-5402;228;0;0;5630;-5174
2024-12-17T06:00;2024-12-17T06:15;25;kWh;-12201;4758;0;0;16959;-7443
2024-12-17T06:15;2024-12-17T06:30;26;kWh;-37013;3357;0;0;40370;-33656
2024-12-17T06:30;2024-12-17T06:45;27;kWh;-25774;14893;0;0;40667;-10881
2024-12-17T06:45;2024-12-17T07:00;28;kWh;-3;59439;0;0;59442;59436
2024-12-17T07:00;2024-12-17T07:15;29;kWh;-18888;6674;0;0;25562;-12214
2024-12-17T07:15;2024-12-17T07:30;30;kWh;-2786;30134;0;0;32920;27348
2024-12-17T07:30;2024-12-17T07:45;31;kWh;-21342;0;0;0;21342;-21342
2024-12-17T07:45;2024-12-17T08:00;32;kWh;-41454;0;0;0;41454;-41454
2024-12-17T08:00;2024-12-17T08:15;33;kWh;-58307;0;0;0;58307;-58307
2024-12-17T08:15;2024-12-17T08:30;34;kWh;-80585;0;0;0;80585;-80585
2024-12-17T08:30;2024-12-17T08:45;35;kWh;-373;0;0;0;373;-373
2024-12-17T08:45;2024-12-17T09:00;36;kWh;-7981;0;0;0;7981;-7981
2024-12-17T09:00;2024-12-17T09:15;37;kWh;-696;8335;0;0;9031;7639
2024-12-17T09:15;2024-12-17T09:30;38;kWh;-880;600;0;0;1480;-280
2024-12-17T09:30;2024-12-17T09:45;39;kWh;-3942;1753;0;0;5695;-2189
2024-12-17T09:45;2024-12-17T10:00;40;kWh;0;10620;0;0;10620;10620
2024-12-17T10:00;2024-12-17T10:15;41;kWh;0;27212;0;0;27212;27212
2024-12-17T10:15;2024-12-17T10:30;42;kWh;0;17090;0;0;17090;17090
2024-12-17T10:30;2024-12-17T10:45;43;kWh;0;16312;0;0;16312;16312
2024-12-17T10:45;2024-12-17T11:00;44;kWh;0;20383;0;0;20383;20383
2024-12-17T11:00;2024-12-17T11:15;45;kWh;0;48599;0;0;48599;48599
2024-12-17T11:15;2024-12-17T11:30;46;kWh;0;35085;0;0;35085;35085
2024-12-17T11:30;2024-12-17T11:45;47;kWh;0;68476;0;0;68476;68476
2024-12-17T11:45;2024-12-17T12:00;48;kWh;0;31147;0;0;31147;31147
2024-12-17T12:00;2024-12-17T12:15;49;kWh;-25928;0;0;0;25928;-25928
2024-12-17T12:15;2024-12-17T12:30;50;kWh;-43087;0;0;0;43087;-43087
2024-12-17T12:30;2024-12-17T12:45;51;kWh;-11188;2093;0;0;13281;-9095
2024-12-17T12:45;2024-12-17T13:00;52;kWh;-14152;1422;0;0;15574;-12730
2024-12-17T13:00;2024-12-17T13:15;53;kWh;-29713;0;0;0;29713;-29713
2024-12-17T13:15;2024-12-17T13:30;54;kWh;-18268;0;0;0;18268;-18268
2024-12-17T13:30;2024-12-17T13:45;55;kWh;-17641;0;0;0;17641;-17641
2024-12-17T13:45;2024-12-17T14:00;56;kWh;-806;0;0;0;806;-806
2024-12-17T14:00;2024-12-17T14:15;57;kWh;-40195;0;0;0;40195;-40195
2024-12-17T14:15;2024-12-17T14:30;58;kWh;-29937;0;0;0;29937;-29937
2024-12-17T14:30;2024-12-17T14:45;59;kWh;-796;0;0;0;796;-796
2024-12-17T14:45;2024-12-17T15:00;60;kWh;-1143;0;0;0;1143;-1143
2024-12-17T15:00;2024-12-17T15:15;61;kWh;-50708;0;0;0;50708;-50708
2024-12-17T15:15;2024-12-17T15:30;62;kWh;-26212;0;0;0;26212;-26212
2024-12-17T15:30;2024-12-17T15:45;63;kWh;-2530;0;0;0;2530;-2530
2024-12-17T15:45;2024-12-17T16:00;64;kWh;-12684;0;0;0;12684;-12684
2024-12-17T16:00;2024-12-17T16:15;65;kWh;-44341;0;0;0;44341;-44341
2024-12-17T16:15;2024-12-17T16:30;66;kWh;-48826;0;0;0;48826;-48826
2024-12-17T16:30;2024-12-17T16:45;67;kWh;-48349;0;0;0;48349;-48349
2024-12-17T16:45;2024-12-17T17:00;68;kWh;-62910;0;0;0;62910;-62910
2024-12-17T17:00;2024-12-17T17:15;69;kWh;-6568;249;0;0;6817;-6319
2024-12-17T17:15;2024-12-17T17:30;70;kWh;-1303;820;0;0;2123;-483
2024-12-17T17:30;2024-12-17T17:45;71;kWh;-25275;0;0;0;25275;-25275
2024-12-17T17:45;2024-12-17T18:00;72;kWh;-47631;0;0;0;47631;-47631
2024-12-17T18:00;2024-12-17T18:15;73;kWh;-3762;57284;0;0;61046;53522
2024-12-17T18:15;2024-12-17T18:30;74;kWh;0;70947;0;0;70947;70947
2024-12-17T18:30;2024-12-17T18:45;75;kWh;-913;1674;0;0;2587;761
2024-12-17T18:45;2024-12-17T19:00;76;kWh;-11300;0;0;0;11300;-11300
2024-12-17T19:00;2024-12-17T19:15;77;kWh;-4383;7948;0;0;12331;3565
2024-12-17T19:15;2024-12-17T19:30;78;kWh;-883;8643;0;0;9526;7760
2024-12-17T19:30;2024-12-17T19:45;79;kWh;-12885;0;0;0;12885;-12885
2024-12-17T19:45;2024-12-17T20:00;80;kWh;-25847;0;0;0;25847;-25847
2024-12-17T20:00;2024-12-17T20:15;81;kWh;-31630;6833;0;0;38463;-24797
2024-12-17T20:15;2024-12-17T20:30;82;kWh;0;11487;0;0;11487;11487
2024-12-17T20:30;2024-12-17T20:45;83;kWh;-92;1866;0;0;1958;1774
2024-12-17T20:45;2024-12-17T21:00;84;kWh;-33592;0;0;0;33592;-33592
2024-12-17T21:00;2024-12-17T21:15;85;kWh;-41497;6691;0;0;48188;-34806
2024-12-17T21:15;2024-12-17T21:30;86;kWh;0;75260;0;0;75260;75260
2024-12-17T21:30;2024-12-17T21:45;87;kWh;-8018;719;0;0;8737;-7299
2024-12-17T21:45;2024-12-17T22:00;88;kWh;-43046;0;0;0;43046;-43046
2024-12-17T22:00;2024-12-17T22:15;89;kWh;-31108;7993;0;0;39101;-23115
2024-12-17T22:15;2024-12-17T22:30;90;kWh;-322;20598;0;0;20920;20276
2024-12-17T22:30;2024-12-17T22:45;91;kWh;-6092;2032;0;0;8124;-4060
2024-12-17T22:45;2024-12-17T23:00;92;kWh;-43131;0;0;0;43131;-43131
2024-12-17T23:00;2024-12-17T23:15;93;kWh;-9004;5584;0;0;14588;-3420
2024-12-17T23:15;2024-12-17T23:30;94;kWh;-12008;903;0;0;12911;-11105
2024-12-17T23:30;2024-12-17T23:45;95;kWh;-12444;116;0;0;12560;-12328
2024-12-17T23:45;2024-12-18T00:00;96;kWh;-48576;0;0;0;48576;-48576
2024-12-18T00:00;2024-12-18T00:15;1;kWh;-39056;0;0;0;39056;-39056
2024-12-18T00:15;2024-12-18T00:30;2;kWh;-747;13443;0;0;14190;12696
2024-12-18T00:30;2024-12-18T00:45;3;kWh;-23257;3;0;0;23260;-23254
2024-12-18T00:45;2024-12-18T01:00;4;kWh;-33003;0;0;0;33003;-33003
2024-12-18T01:00;2024-12-18T01:15;5;kWh;-2124;0;0;0;2124;-2124
2024-12-18T01:15;2024-12-18T01:30;6;kWh;-3275;0;0;0;3275;-3275
2024-12-18T01:30;2024-12-18T01:45;7;kWh;-13289;0;0;0;13289;-13289
2024-12-18T01:45;2024-12-18T02:00;8;kWh;-27255;0;0;0;27255;-27255
2024-12-18T02:00;2024-12-18T02:15;9;kWh;-2407;12843;0;0;15250;10436
2024-12-18T02:15;2024-12-18T02:30;10;kWh;-744;771;0;0;1515;27
2024-12-18T02:30;2024-12-18T02:45;11;kWh;-476;0;0;0;476;-476
2024-12-18T02:45;2024-12-18T03:00;12;kWh;-15997;0;0;0;15997;-15997
2024-12-18T03:00;2024-12-18T03:15;13;kWh;-25223;2950;0;0;28173;-22273
2024-12-18T03:15;2024-12-18T03:30;14;kWh;-5916;20498;0;0;26414;14582
2024-12-18T03:30;2024-12-18T03:45;15;kWh;-19170;0;0;0;19170;-19170
2024-12-18T03:45;2024-12-18T04:00;16;kWh;-28622;0;0;0;28622;-28622
2024-12-18T04:00;2024-12-18T04:15;17;kWh;-20776;0;0;0;20776;-20776
2024-12-18T04:15;2024-12-18T04:30;18;kWh;-10661;0;0;0;10661;-10661
2024-12-18T04:30;2024-12-18T04:45;19;kWh;-30984;0;0;0;30984;-30984
2024-12-18T04:45;2024-12-18T05:00;20;kWh;-3599;502;0;0;4101;-3097
2024-12-18T05:00;2024-12-18T05:15;21;kWh;-35442;0;0;0;35442;-35442
2024-12-18T05:15;2024-12-18T05:30;22;kWh;-20266;0;0;0;20266;-20266
2024-12-18T05:30;2024-12-18T05:45;23;kWh;-5861;5979;0;0;11840;118
2024-12-18T05:45;2024-12-18T06:00;24;kWh;-8330;3629;0;0;11959;-4701
2024-12-18T06:00;2024-12-18T06:15;25;kWh;-80580;460;0;0;81040;-80120
2024-12-18T06:15;2024-12-18T06:30;26;kWh;-29736;2574;0;0;32310;-27162
2024-12-18T06:30;2024-12-18T06:45;27;kWh;-43436;0;0;0;43436;-43436
2024-12-18T06:45;2024-12-18T07:00;28;kWh;-271;3846;0;0;4117;3575
2024-12-18T07:00;2024-12-18T07:15;29;kWh;-22511;545;0;0;23056;-21966
2024-12-18T07:15;2024-12-18T07:30;30;kWh;-981;9606;0;0;10587;8625
2024-12-18T07:30;2024-12-18T07:45;31;kWh;0;10579;0;0;10579;10579
2024-12-18T07:45;2024-12-18T08:00;32;kWh;0;25134;0;0;25134;25134
2024-12-18T08:00;2024-12-18T08:15;33;kWh;-9512;5901;0;0;15413;-3611
2024-12-18T08:15;2024-12-18T08:30;34;kWh;0;46132;0;0;46132;46132
2024-12-18T08:30;2024-12-18T08:45;35;kWh;0;34310;0;0;34310;34310
2024-12-18T08:45;2024-12-18T09:00;36;kWh;0;47338;0;0;47338;47338
2024-12-18T09:00;2024-12-18T09:15;37;kWh;0;51200;0;0;51200;51200
2024-12-18T09:15;2024-12-18T09:30;38;kWh;0;65470;0;0;65470;65470
2024-12-18T09:30;2024-12-18T09:45;39;kWh;0;53982;0;0;53982;53982
2024-12-18T09:45;2024-12-18T10:00;40;kWh;0;30251;0;0;30251;30251
2024-12-18T10:00;2024-12-18T10:15;41;kWh;-5646;1513;0;0;7159;-4133
2024-12-18T10:15;2024-12-18T10:30;42;kWh;-1687;17931;0;0;19618;16244
2024-12-18T10:30;2024-12-18T10:45;43;kWh;-7136;0;0;0;7136;-7136
2024-12-18T10:45;2024-12-18T11:00;44;kWh;-14371;0;0;0;14371;-14371
2024-12-18T11:00;2024-12-18T11:15;45;kWh;-16215;0;0;0;16215;-16215
2024-12-18T11:15;2024-12-18T11:30;46;kWh;-33681;0;0;0;33681;-33681
2024-12-18T11:30;2024-12-18T11:45;47;kWh;-30991;293;0;0;31284;-30698
2024-12-18T11:45;2024-12-18T12:00;48;kWh;-7299;11923;0;0;19222;4624
2024-12-18T12:00;2024-12-18T12:15;49;kWh;-40815;0;0;0;40815;-40815
2024-12-18T12:15;2024-12-18T12:30;50;kWh;-15499;0;0;0;15499;-15499
2024-12-18T12:30;2024-12-18T12:45;51;kWh;-3374;10613;0;0;13987;7239
2024-12-18T12:45;2024-12-18T13:00;52;kWh;-12794;3047;0;0;15841;-9747
2024-12-18T13:00;2024-12-18T13:15;53;kWh;-2262;7041;0;0;9303;4779
2024-12-18T13:15;2024-12-18T13:30;54;kWh;-6679;11313;0;0;17992;4634
2024-12-18T13:30;2024-12-18T13:45;55;kWh;-11647;22992;0;0;34639;11345
2024-12-18T13:45;2024-12-18T14:00;56;kWh;-2558;18905;0;0;21463;16347
2024-12-18T14:00;2024-12-18T14:15;57;kWh;-607;16358;0;0;16965;15751
2024-12-18T14:15;2024-12-18T14:30;58;kWh;0;20052;0;0;20052;20052
2024-12-18T14:30;2024-12-18T14:45;59;kWh;-5375;4408;0;0;9783;-967
2024-12-18T14:45;2024-12-18T15:00;60;kWh;-2596;14748;0;0;17344;12152
2024-12-18T15:00;2024-12-18T15:15;61;kWh;-16839;2243;0;0;19082;-14596
2024-12-18T15:15;2024-12-18T15:30;62;kWh;-24145;6444;0;0;30589;-17701
2024-12-18T15:30;2024-12-18T15:45;63;kWh;-43779;38;0;0;43817;-43741
2024-12-18T15:45;2024-12-18T16:00;64;kWh;-14633;204;0;0;14837;-14429
2024-12-18T16:00;2024-12-18T16:15;65;kWh;-9801;0;0;0;9801;-9801
2024-12-18T16:15;2024-12-18T16:30;66;kWh;-18802;0;0;0;18802;-18802
2024-12-18T16:30;2024-12-18T16:45;67;kWh;-2969;3176;0;0;6145;207
2024-12-18T16:45;2024-12-18T17:00;68;kWh;-3243;481;0;0;3724;-2762
2024-12-18T17:00;2024-12-18T17:15;69;kWh;-4519;1289;0;0;5808;-3230
2024-12-18T17:15;2024-12-18T17:30;70;kWh;-4882;13615;0;0;18497;8733
2024-12-18T17:30;2024-12-18T17:45;71;kWh;-3845;28042;0;0;31887;24197
2024-12-18T17:45;2024-12-18T18:00;72;kWh;-22052;0;0;0;22052;-22052
2024-12-18T18:00;2024-12-18T18:15;73;kWh;-142;15140;0;0;15282;14998
2024-12-18T18:15;2024-12-18T18:30;74;kWh;-26748;234;0;0;26982;-26514
2024-12-18T18:30;2024-12-18T18:45;75;kWh;-25225;0;0;0;25225;-25225
2024-12-18T18:45;2024-12-18T19:00;76;kWh;-9082;0;0;0;9082;-9082
2024-12-18T19:00;2024-12-18T19:15;77;kWh;-7292;4206;0;0;11498;-3086
2024-12-18T19:15;2024-12-18T19:30;78;kWh;0;54209;0;0;54209;54209
2024-12-18T19:30;2024-12-18T19:45;79;kWh;0;27348;0;0;27348;27348
2024-12-18T19:45;2024-12-18T20:00;80;kWh;-9311;5577;0;0;14888;-3734
2024-12-18T20:00;2024-12-18T20:15;81;kWh;-24808;0;0;0;24808;-24808
2024-12-18T20:15;2024-12-18T20:30;82;kWh;-10268;0;0;0;10268;-10268
2024-12-18T20:30;2024-12-18T20:45;83;kWh;-1022;6091;0;0;7113;5069
2024-12-18T20:45;2024-12-18T21:00;84;kWh;-5011;0;0;0;5011;-5011
2024-12-18T21:00;2024-12-18T21:15;85;kWh;-56990;0;0;0;56990;-56990
2024-12-18T21:15;2024-12-18T21:30;86;kWh;-28576;0;0;0;28576;-28576
2024-12-18T21:30;2024-12-18T21:45;87;kWh;-50868;0;0;0;50868;-50868
2024-12-18T21:45;2024-12-18T22:00;88;kWh;-58362;0;0;0;58362;-58362
2024-12-18T22:00;2024-12-18T22:15;89;kWh;-33452;0;0;0;33452;-33452
2024-12-18T22:15;2024-12-18T22:30;90;kWh;-40120;0;0;0;40120;-40120
2024-12-18T22:30;2024-12-18T22:45;91;kWh;-43879;0;0;0;43879;-43879
2024-12-18T22:45;2024-12-18T23:00;92;kWh;-49844;0;0;0;49844;-49844
2024-12-18T23:00;2024-12-18T23:15;93;kWh;-10275;2098;0;0;12373;-8177
2024-12-18T23:15;2024-12-18T23:30;94;kWh;-73531;0;0;0;73531;-73531
2024-12-18T23:30;2024-12-18T23:45;95;kWh;-55132;0;0;0;55132;-55132
2024-12-18T23:45;2024-12-19T00:00;96;kWh;-76124;0;0;0;76124;-76124
2024-12-19T00:00;2024-12-19T00:15;1;kWh;-23821;0;0;0;23821;-23821
2024-12-19T00:15;2024-12-19T00:30;2;kWh;-7537;0;0;0;7537;-7537
2024-12-19T00:30;2024-12-19T00:45;3;kWh;-28894;0;0;0;28894;-28894
2024-12-19T00:45;2024-12-19T01:00;4;kWh;-9924;0;0;0;9924;-9924
2024-12-19T01:00;2024-12-19T01:15;5;kWh;-8428;401;0;0;8829;-8027
2024-12-19T01:15;2024-12-19T01:30;6;kWh;-25050;0;0;0;25050;-25050
2024-12-19T01:30;2024-12-19T01:45;7;kWh;-21854;0;0;0;21854;-21854
2024-12-19T01:45;2024-12-19T02:00;8;kWh;-19863;0;0;0;19863;-19863
2024-12-19T02:00;2024-12-19T02:15;9;kWh;-13094;106;0;0;13200;-12988
2024-12-19T02:15;2024-12-19T02:30;10;kWh;-4347;168;0;0;4515;-4179
2024-12-19T02:30;2024-12-19T02:45;11;kWh;-18905;0;0;0;18905;-18905
2024-12-19T02:45;2024-12-19T03:00;12;kWh;-20102;0;0;0;20102;-20102
2024-12-19T03:00;2024-12-19T03:15;13;kWh;-1981;48956;0;0;50937;46975
2024-12-19T03:15;2024-12-19T03:30;14;kWh;-889;20695;0;0;21584;19806
2024-12-19T03:30;2024-12-19T03:45;15;kWh;-2189;22306;0;0;24495;20117
2024-12-19T03:45;2024-12-19T04:00;16;kWh;-6289;15430;0;0;21719;9141
2024-12-19T04:00;2024-12-19T04:15;17;kWh;-9110;23396;0;0;32506;14286
2024-12-19T04:15;2024-12-19T04:30;18;kWh;0;35553;0;0;35553;35553
2024-12-19T04:30;2024-12-19T04:45;19;kWh;-16;7833;0;0;7849;7817
2024-12-19T04:45;2024-12-19T05:00;20;kWh;-1253;19187;0;0;20440;17934
2024-12-19T05:00;2024-12-19T05:15;21;kWh;-37042;1747;0;0;38789;-35295
2024-12-19T05:15;2024-12-19T05:30;22;kWh;-5103;12696;0;0;17799;7593
2024-12-19T05:30;2024-12-19T05:45;23;kWh;-16720;8606;0;0;25326;-8114
2024-12-19T05:45;2024-12-19T06:00;24;kWh;-959;45403;0;0;46362;44444
2024-12-19T06:00;2024-12-19T06:15;25;kWh;-74938;244;0;0;75182;-74694
2024-12-19T06:15;2024-12-19T06:30;26;kWh;-24453;0;0;0;24453;-24453
2024-12-19T06:30;2024-12-19T06:45;27;kWh;-1006;39398;0;0;40404;38392
2024-12-19T06:45;2024-12-19T07:00;28;kWh;0;59851;0;0;59851;59851
2024-12-19T07:00;2024-12-19T07:15;29;kWh;-82574;1631;0;0;84205;-80943
2024-12-19T07:15;2024-12-19T07:30;30;kWh;-30850;0;0;0;30850;-30850
2024-12-19T07:30;2024-12-19T07:45;31;kWh;-22388;8347;0;0;30735;-14041
2024-12-19T07:45;2024-12-19T08:00;32;kWh;-343;51516;0;0;51859;51173
2024-12-19T08:00;2024-12-19T08:15;33;kWh;-89821;524;0;0;90345;-89297
2024-12-19T08:15;2024-12-19T08:30;34;kWh;-14913;571;0;0;15484;-14342
2024-12-19T08:30;2024-12-19T08:45;35;kWh;-48493;65;0;0;48558;-48428
2024-12-19T08:45;2024-12-19T09:00;36;kWh;-907;15207;0;0;16114;14300
2024-12-19T09:00;2024-12-19T09:15;37;kWh;-39677;0;0;0;39677;-39677
2024-12-19T09:15;2024-12-19T09:30;38;kWh;-12592;0;0;0;12592;-12592
2024-12-19T09:30;2024-12-19T09:45;39;kWh;-10922;0;0;0;10922;-10922
2024-12-19T09:45;2024-12-19T10:00;40;kWh;-12845;0;0;0;12845;-12845
2024-12-19T10:00;2024-12-19T10:15;41;kWh;-8827;1120;0;0;9947;-7707
2024-12-19T10:15;2024-12-19T10:30;42;kWh;0;9627;0;0;9627;9627
2024-12-19T10:30;2024-12-19T10:45;43;kWh;0;13241;0;0;13241;13241
2024-12-19T10:45;2024-12-19T11:00;44;kWh;0;34183;0;0;34183;34183
2024-12-19T11:00;2024-12-19T11:15;45;kWh;0;78213;0;0;78213;78213
2024-12-19T11:15;2024-12-19T11:30;46;kWh;0;46421;0;0;46421;46421
2024-12-19T11:30;2024-12-19T11:45;47;kWh;-5539;466;0;0;6005;-5073
2024-12-19T11:45;2024-12-19T12:00;48;kWh;-4629;7605;0;0;12234;2976
2024-12-19T12:00;2024-12-19T12:15;49;kWh;-66122;0;0;0;66122;-66122
2024-12-19T12:15;2024-12-19T12:30;50;kWh;-9558;7359;0;0;16917;-2199
2024-12-19T12:30;2024-12-19T12:45;51;kWh;-81564;0;0;0;81564;-81564
2024-12-19T12:45;2024-12-19T13:00;52;kWh;-22302;4022;0;0;26324;-18280
2024-12-19T13:00;2024-12-19T13:15;53;kWh;-49048;1356;0;0;50404;-47692
2024-12-19T13:15;2024-12-19T13:30;54;kWh;-22485;21796;0;0;44281;-689
2024-12-19T13:30;2024-12-19T13:45;55;kWh;-11734;13530;0;0;25264;1796
2024-12-19T13:45;2024-12-19T14:00;56;kWh;-28788;1610;0;0;30398;-27178
2024-12-19T14:00;2024-12-19T14:15;57;kWh;-12;97489;0;0;97501;97477
2024-12-19T14:15;2024-12-19T14:30;58;kWh;-27709;5535;0;0;33244;-22174
2024-12-19T14:30;2024-12-19T14:45;59;kWh;-590;42491;0;0;43081;41901
2024-12-19T14:45;2024-12-19T15:00;60;kWh;0;43475;0;0;43475;43475
2024-12-19T15:00;2024-12-19T15:15;61;kWh;0;6196;0;0;6196;6196
2024-12-19T15:15;2024-12-19T15:30;62;kWh;0;0;0;0;0;0
2024-12-19T15:30;2024-12-19T15:45;63;kWh;0;4153;0;0;4153;4153
2024-12-19T15:45;2024-12-19T16:00;64;kWh;0;24974;0;0;24974;24974
2024-12-19T16:00;2024-12-19T16:15;65;kWh;-39930;5224;0;0;45154;-34706
2024-12-19T16:15;2024-12-19T16:30;66;kWh;-32265;324;0;0;32589;-31941
2024-12-19T16:30;2024-12-19T16:45;67;kWh;-2;23871;0;0;23873;23869
2024-12-19T16:45;2024-12-19T17:00;68;kWh;0;32586;0;0;32586;32586
2024-12-19T17:00;2024-12-19T17:15;69;kWh;-57764;774;0;0;58538;-56990
2024-12-19T17:15;2024-12-19T17:30;70;kWh;-38389;0;0;0;38389;-38389
2024-12-19T17:30;2024-12-19T17:45;71;kWh;-29586;0;0;0;29586;-29586
2024-12-19T17:45;2024-12-19T18:00;72;kWh;-60105;0;0;0;60105;-60105
2024-12-19T18:00;2024-12-19T18:15;73;kWh;-13605;0;0;0;13605;-13605
2024-12-19T18:15;2024-12-19T18:30;74;kWh;-20419;0;0;0;20419;-20419
2024-12-19T18:30;2024-12-19T18:45;75;kWh;-13943;0;0;0;13943;-13943
2024-12-19T18:45;2024-12-19T19:00;76;kWh;-24386;0;0;0;24386;-24386
2024-12-19T19:00;2024-12-19T19:15;77;kWh;-1299;20245;0;0;21544;18946
2024-12-19T19:15;2024-12-19T19:30;78;kWh;-2224;6476;0;0;8700;4252
2024-12-19T19:30;2024-12-19T19:45;79;kWh;0;50618;0;0;50618;50618
2024-12-19T19:45;2024-12-19T20:00;80;kWh;0;25984;0;0;25984;25984
2024-12-19T20:00;2024-12-19T20:15;81;kWh;0;36787;0;0;36787;36787
2024-12-19T20:15;2024-12-19T20:30;82;kWh;0;65698;0;0;65698;65698
2024-12-19T20:30;2024-12-19T20:45;83;kWh;0;40611;0;0;40611;40611
2024-12-19T20:45;2024-12-19T21:00;84;kWh;0;45251;0;0;45251;45251
2024-12-19T21:00;2024-12-19T21:15;85;kWh;0;100808;0;0;100808;100808
2024-12-19T21:15;2024-12-19T21:30;86;kWh;-180;77850;0;0;78030;77670
2024-12-19T21:30;2024-12-19T21:45;87;kWh;-11868;3123;0;0;14991;-8745
2024-12-19T21:45;2024-12-19T22:00;88;kWh;-8185;16468;0;0;24653;8283
2024-12-19T22:00;2024-12-19T22:15;89;kWh;-9437;31114;0;0;40551;21677
2024-12-19T22:15;2024-12-19T22:30;90;kWh;-961;26695;0;0;27656;25734
2024-12-19T22:30;2024-12-19T22:45;91;kWh;-566;13983;0;0;14549;13417
2024-12-19T22:45;2024-12-19T23:00;92;kWh;0;16948;0;0;16948;16948
2024-12-19T23:00;2024-12-19T23:15;93;kWh;0;24984;0;0;24984;24984
2024-12-19T23:15;2024-12-19T23:30;94;kWh;0;25858;0;0;25858;25858
2024-12-19T23:30;2024-12-19T23:45;95;kWh;-6139;7413;0;0;13552;1274
2024-12-19T23:45;2024-12-20T00:00;96;kWh;-26763;0;0;0;26763;-26763
2024-12-20T00:00;2024-12-20T00:15;1;kWh;-9402;26884;0;0;36286;17482
2024-12-20T00:15;2024-12-20T00:30;2;kWh;-15;35630;0;0;35645;35615
2024-12-20T00:30;2024-12-20T00:45;3;kWh;-3415;10427;0;0;13842;7012
2024-12-20T00:45;2024-12-20T01:00;4;kWh;-6564;19607;0;0;26171;13043
2024-12-20T01:00;2024-12-20T01:15;5;kWh;-13061;20492;0;0;33553;7431
2024-12-20T01:15;2024-12-20T01:30;6;kWh;0;47528;0;0;47528;47528
2024-12-20T01:30;2024-12-20T01:45;7;kWh;-5587;2791;0;0;8378;-2796
2024-12-20T01:45;2024-12-20T02:00;8;kWh;-178;21121;0;0;21299;20943
2024-12-20T02:00;2024-12-20T02:15;9;kWh;-316;21286;0;0;21602;20970
2024-12-20T02:15;2024-12-20T02:30;10;kWh;0;38458;0;0;38458;38458
2024-12-20T02:30;2024-12-20T02:45;11;kWh;0;78020;0;0;78020;78020
2024-12-20T02:45;2024-12-20T03:00;12;kWh;0;56266;0;0;56266;56266
2024-12-20T03:00;2024-12-20T03:15;13;kWh;0;59077;0;0;59077;59077
2024-12-20T03:15;2024-12-20T03:30;14;kWh;0;65672;0;0;65672;65672
2024-12-20T03:30;2024-12-20T03:45;15;kWh;0;62690;0;0;62690;62690
2024-12-20T03:45;2024-12-20T04:00;16;kWh;0;49661;0;0;49661;49661
2024-12-20T04:00;2024-12-20T04:15;17;kWh;-3165;7902;0;0;11067;4737
2024-12-20T04:15;2024-12-20T04:30;18;kWh;-8804;1535;0;0;10339;-7269
2024-12-20T04:30;2024-12-20T04:45;19;kWh;0;47878;0;0;47878;47878
2024-12-20T04:45;2024-12-20T05:00;20;kWh;-8;53981;0;0;53989;53973
2024-12-20T05:00;2024-12-20T05:15;21;kWh;-27367;995;0;0;28362;-26372
2024-12-20T05:15;2024-12-20T05:30;22;kWh;-45;40044;0;0;40089;39999
2024-12-20T05:30;2024-12-20T05:45;23;kWh;0;90328;0;0;90328;90328
2024-12-20T05:45;2024-12-20T06:00;24;kWh;-15738;6063;0;0;21801;-9675
2024-12-20T06:00;2024-12-20T06:15;25;kWh;-65300;0;0;0;65300;-65300
2024-12-20T06:15;2024-12-20T06:30;26;kWh;-31322;0;0;0;31322;-31322
2024-12-20T06:30;2024-12-20T06:45;27;kWh;-28113;0;0;0;28113;-28113
2024-12-20T06:45;2024-12-20T07:00;28;kWh;-3142;21505;0;0;24647;18363
2024-12-20T07:00;2024-12-20T07:15;29;kWh;-14152;5719;0;0;19871;-8433
2024-12-20T07:15;2024-12-20T07:30;30;kWh;0;22113;0;0;22113;22113
2024-12-20T07:30;2024-12-20T07:45;31;kWh;-991;5480;0;0;6471;4489
2024-12-20T07:45;2024-12-20T08:00;32;kWh;0;55984;0;0;55984;55984
2024-12-20T08:00;2024-12-20T08:15;33;kWh;-15704;17651;0;0;33355;1947
2024-12-20T08:15;2024-12-20T08:30;34;kWh;-34531;0;0;0;34531;-34531
2024-12-20T08:30;2024-12-20T08:45;35;kWh;-24948;70;0;0;25018;-24878
2024-12-20T08:45;2024-12-20T09:00;36;kWh;-306;2618;0;0;2924;2312
2024-12-20T09:00;2024-12-20T09:15;37;kWh;-32372;0;0;0;32372;-32372
2024-12-20T09:15;2024-12-20T09:30;38;kWh;-29243;0;0;0;29243;-29243
2024-12-20T09:30;2024-12-20T09:45;39;kWh;-49238;0;0;0;49238;-49238
2024-12-20T09:45;2024-12-20T10:00;40;kWh;-76977;0;0;0;76977;-76977
2024-12-20T10:00;2024-12-20T10:15;41;kWh;-27497;0;0;0;27497;-27497
2024-12-20T10:15;2024-12-20T10:30;42;kWh;-103090;0;0;0;103090;-103090
2024-12-20T10:30;2024-12-20T10:45;43;kWh;-45762;0;0;0;45762;-45762
2024-12-20T10:45;2024-12-20T11:00;44;kWh;-107064;0;0;0;107064;-107064
2024-12-20T11:00;2024-12-20T11:15;45;kWh;-30024;61;0;0;30085;-29963
2024-12-20T11:15;2024-12-20T11:30;46;kWh;-66109;0;0;0;66109;-66109
2024-12-20T11:30;2024-12-20T11:45;47;kWh;-241;10337;0;0;10578;10096
2024-12-20T11:45;2024-12-20T12:00;48;kWh;-6951;112;0;0;7063;-6839
2024-12-20T12:00;2024-12-20T12:15;49;kWh;0;1182;0;0;1182;1182
2024-12-20T12:15;2024-12-20T12:30;50;kWh;0;7399;0;0;7399;7399
2024-12-20T12:30;2024-12-20T12:45;51;kWh;-4239;4350;0;0;8589;111
2024-12-20T12:45;2024-12-20T13:00;52;kWh;-37907;0;0;0;37907;-37907
2024-12-20T13:00;2024-12-20T13:15;53;kWh;-84604;0;0;0;84604;-84604
2024-12-20T13:15;2024-12-20T13:30;54;kWh;-67967;0;0;0;67967;-67967
2024-12-20T13:30;2024-12-20T13:45;55;kWh;-29854;0;0;0;29854;-29854
2024-12-20T13:45;2024-12-20T14:00;56;kWh;-40942;0;0;0;40942;-40942
2024-12-20T14:00;2024-12-20T14:15;57;kWh;-84735;0;0;0;84735;-84735
2024-12-20T14:15;2024-12-20T14:30;58;kWh;-44717;0;0;0;44717;-44717
2024-12-20T14:30;2024-12-20T14:45;59;kWh;-24942;35;0;0;24977;-24907
2024-12-20T14:45;2024-12-20T15:00;60;kWh;-263;7005;0;0;7268;6742
2024-12-20T15:00;2024-12-20T15:15;61;kWh;-63465;2064;0;0;65529;-61401
2024-12-20T15:15;2024-12-20T15:30;62;kWh;-49737;0;0;0;49737;-49737
2024-12-20T15:30;2024-12-20T15:45;63;kWh;-23381;0;0;0;23381;-23381
2024-12-20T15:45;2024-12-20T16:00;64;kWh;-12937;0;0;0;12937;-12937
2024-12-20T16:00;2024-12-20T16:15;65;kWh;-45123;0;0;0;45123;-45123
2024-12-20T16:15;2024-12-20T16:30;66;kWh;-44624;0;0;0;44624;-44624
2024-12-20T16:30;2024-12-20T16:45;67;kWh;-3401;0;0;0;3401;-3401
2024-12-20T16:45;2024-12-20T17:00;68;kWh;-10296;0;0;0;10296;-10296
2024-12-20T17:00;2024-12-20T17:15;69;kWh;-54916;0;0;0;54916;-54916
2024-12-20T17:15;2024-12-20T17:30;70;kWh;-27396;0;0;0;27396;-27396
2024-12-20T17:30;2024-12-20T17:45;71;kWh;-60145;0;0;0;60145;-60145
2024-12-20T17:45;2024-12-20T18:00;72;kWh;-54861;0;0;0;54861;-54861
2024-12-20T18:00;2024-12-20T18:15;73;kWh;-7496;27541;0;0;35037;20045
2024-12-20T18:15;2024-12-20T18:30;74;kWh;-12609;2103;0;0;14712;-10506
2024-12-20T18:30;2024-12-20T18:45;75;kWh;-43213;0;0;0;43213;-43213
2024-12-20T18:45;2024-12-20T19:00;76;kWh;-49509;0;0;0;49509;-49509
2024-12-20T19:00;2024-12-20T19:15;77;kWh;-17149;24931;0;0;42080;7782
2024-12-20T19:15;2024-12-20T19:30;78;kWh;-15016;16843;0;0;31859;1827
2024-12-20T19:30;2024-12-20T19:45;79;kWh;-28665;0;0;0;28665;-28665
2024-12-20T19:45;2024-12-20T20:00;80;kWh;-2568;177;0;0;2745;-2391
2024-12-20T20:00;2024-12-20T20:15;81;kWh;-16320;2862;0;0;19182;-13458
2024-12-20T20:15;2024-12-20T20:30;82;kWh;0;22146;0;0;22146;22146
2024-12-20T20:30;2024-12-20T20:45;83;kWh;-3312;134;0;0;3446;-3178
2024-12-20T20:45;2024-12-20T21:00;84;kWh;-9999;19891;0;0;29890;9892
2024-12-20T21:00;2024-12-20T21:15;85;kWh;-14140;20480;0;0;34620;6340
2024-12-20T21:15;2024-12-20T21:30;86;kWh;-7540;6068;0;0;13608;-1472
2024-12-20T21:30;2024-12-20T21:45;87;kWh;-6646;3425;0;0;10071;-3221
2024-12-20T21:45;2024-12-20T22:00;88;kWh;-22499;23;0;0;22522;-22476
2024-12-20T22:00;2024-12-20T22:15;89;kWh;-446;5185;0;0;5631;4739
2024-12-20T22:15;2024-12-20T22:30;90;kWh;-17676;1;0;0;17677;-17675
2024-12-20T22:30;2024-12-20T22:45;91;kWh;-14516;2002;0;0;16518;-12514
2024-12-20T22:45;2024-12-20T23:00;92;kWh;-1211;13760;0;0;14971;12549
2024-12-20T23:00;2024-12-20T23:15;93;kWh;-17789;7806;0;0;25595;-9983
2024-12-20T23:15;2024-12-20T23:30;94;kWh;-2612;22742;0;0;25354;20130
2024-12-20T23:30;2024-12-20T23:45;95;kWh;-15650;0;0;0;15650;-15650
2024-12-20T23:45;2024-12-21T00:00;96;kWh;-23998;0;0;0;23998;-23998
2024-12-21T00:00;2024-12-21T00:15;1;kWh;-57759;0;0;0;57759;-57759
2024-12-21T00:15;2024-12-21T00:30;2;kWh;-41005;0;0;0;41005;-41005
2024-12-21T00:30;2024-12-21T00:45;3;kWh;-26571;0;0;0;26571;-26571
2024-12-21T00:45;2024-12-21T01:00;4;kWh;-24912;0;0;0;24912;-24912
2024-12-21T01:00;2024-12-21T01:15;5;kWh;-9252;0;0;0;9252;-9252
2024-12-21T01:15;2024-12-21T01:30;6;kWh;0;1242;0;0;1242;1242
2024-12-21T01:30;2024-12-21T01:45;7;kWh;0;11490;0;0;11490;11490
2024-12-21T01:45;2024-12-21T02:00;8;kWh;0;7602;0;0;7602;7602
2024-12-21T02:00;2024-12-21T02:15;9;kWh;-4245;325;0;0;4570;-3920
2024-12-21T02:15;2024-12-21T02:30;10;kWh;-30131;0;0;0;30131;-30131
2024-12-21T02:30;2024-12-21T02:45;11;kWh;-10297;0;0;0;10297;-10297
2024-12-21T02:45;2024-12-21T03:00;12;kWh;-10738;0;0;0;10738;-10738
2024-12-21T03:00;2024-12-21T03:15;13;kWh;-45358;0;0;0;45358;-45358
2024-12-21T03:15;2024-12-21T03:30;14;kWh;-18745;0;0;0;18745;-18745
2024-12-21T03:30;2024-12-21T03:45;15;kWh;-26293;0;0;0;26293;-26293
2024-12-21T03:45;2024-12-21T04:00;16;kWh;-374;9064;0;0;9438;8690
2024-12-21T04:00;2024-12-21T04:15;17;kWh;-1943;1105;0;0;3048;-838
2024-12-21T04:15;2024-12-21T04:30;18;kWh;0;24747;0;0;24747;24747
2024-12-21T04:30;2024-12-21T04:45;19;kWh;0;23446;0;0;23446;23446
2024-12-21T04:45;2024-12-21T05:00;20;kWh;-120;13186;0;0;13306;13066
2024-12-21T05:00;2024-12-21T05:15;21;kWh;-2283;7;0;0;2290;-2276
2024-12-21T05:15;2024-12-21T05:30;22;kWh;0;5059;0;0;5059;5059
2024-12-21T05:30;2024-12-21T05:45;23;kWh;0;16112;0;0;16112;16112
2024-12-21T05:45;2024-12-21T06:00;24;kWh;0;1710;0;0;1710;1710
2024-12-21T06:00;2024-12-21T06:15;25;kWh;-12976;15;0;0;12991;-12961
2024-12-21T06:15;2024-12-21T06:30;26;kWh;-1245;15315;0;0;16560;14070
2024-12-21T06:30;2024-12-21T06:45;27;kWh;-14964;0;0;0;14964;-14964
2024-12-21T06:45;2024-12-21T07:00;28;kWh;-29930;0;0;0;29930;-29930
2024-12-21T07:00;2024-12-21T07:15;29;kWh;-45946;0;0;0;45946;-45946
2024-12-21T07:15;2024-12-21T07:30;30;kWh;-34986;0;0;0;34986;-34986
2024-12-21T07:30;2024-12-21T07:45;31;kWh;-35053;0;0;0;35053;-35053
2024-12-21T07:45;2024-12-21T08:00;32;kWh;-29995;0;0;0;29995;-29995
2024-12-21T08:00;2024-12-21T08:15;33;kWh;-32503;0;0;0;32503;-32503
2024-12-21T08:15;2024-12-21T08:30;34;kWh;-23616;0;0;0;23616;-23616
2024-12-21T08:30;2024-12-21T08:45;35;kWh;-17978;0;0;0;17978;-17978
2024-12-21T08:45;2024-12-21T09:00;36;kWh;-14589;24;0;0;14613;-14565
2024-12-21T09:00;2024-12-21T09:15;37;kWh;0;48992;0;0;48992;48992
2024-12-21T09:15;2024-12-21T09:30;38;kWh;-427;2658;0;0;3085;2231
2024-12-21T09:30;2024-12-21T09:45;39;kWh;-6858;0;0;0;6858;-6858
2024-12-21T09:45;2024-12-21T10:00;40;kWh;-19157;0;0;0;19157;-19157
2024-12-21T10:00;2024-12-21T10:15;41;kWh;-3163;0;0;0;3163;-3163
2024-12-21T10:15;2024-12-21T10:30;42;kWh;-22210;0;0;0;22210;-22210
2024-12-21T10:30;2024-12-21T10:45;43;kWh;-33446;0;0;0;33446;-33446
2024-12-21T10:45;2024-12-21T11:00;44;kWh;-35869;0;0;0;35869;-35869
2024-12-21T11:00;2024-12-21T11:15;45;kWh;-16028;0;0;0;16028;-16028
2024-12-21T11:15;2024-12-21T11:30;46;kWh;-7032;0;0;0;7032;-7032
2024-12-21T11:30;2024-12-21T11:45;47;kWh;-43339;0;0;0;43339;-43339
2024-12-21T11:45;2024-12-21T12:00;48;kWh;-29274;0;0;0;29274;-29274
2024-12-21T12:00;2024-12-21T12:15;49;kWh;-12745;1354;0;0;14099;-11391
2024-12-21T12:15;2024-12-21T12:30;50;kWh;0;4454;0;0;4454;4454
2024-12-21T12:30;2024-12-21T12:45;51;kWh;0;17026;0;0;17026;17026
2024-12-21T12:45;2024-12-21T13:00;52;kWh;0;16177;0;0;16177;16177
2024-12-21T13:00;2024-12-21T13:15;53;kWh;-8;148;0;0;156;140
2024-12-21T13:15;2024-12-21T13:30;54;kWh;-554;0;0;0;554;-554
2024-12-21T13:30;2024-12-21T13:45;55;kWh;0;2493;0;0;2493;2493
2024-12-21T13:45;2024-12-21T14:00;56;kWh;0;4043;0;0;4043;4043
2024-12-21T14:00;2024-12-21T14:15;57;kWh;0;868;0;0;868;868
2024-12-21T14:15;2024-12-21T14:30;58;kWh;-1327;0;0;0;1327;-1327
2024-12-21T14:30;2024-12-21T14:45;59;kWh;-1780;0;0;0;1780;-1780
2024-12-21T14:45;2024-12-21T15:00;60;kWh;-6877;175;0;0;7052;-6702
2024-12-21T15:00;2024-12-21T15:15;61;kWh;-2140;1207;0;0;3347;-933
2024-12-21T15:15;2024-12-21T15:30;62;kWh;0;1692;0;0;1692;1692
2024-12-21T15:30;2024-12-21T15:45;63;kWh;-806;1122;0;0;1928;316
2024-12-21T15:45;2024-12-21T16:00;64;kWh;0;7018;0;0;7018;7018
2024-12-21T16:00;2024-12-21T16:15;65;kWh;-45855;0;0;0;45855;-45855
2024-12-21T16:15;2024-12-21T16:30;66;kWh;-8428;2218;0;0;10646;-6210
2024-12-21T16:30;2024-12-21T16:45;67;kWh;-8297;2105;0;0;10402;-6192
2024-12-21T16:45;2024-12-21T17:00;68;kWh;0;39223;0;0;39223;39223
2024-12-21T17:00;2024-12-21T17:15;69;kWh;-59739;2599;0;0;62338;-57140
2024-12-21T17:15;2024-12-21T17:30;70;kWh;-8422;873;0;0;9295;-7549
2024-12-21T17:30;2024-12-21T17:45;71;kWh;-32034;0;0;0;32034;-32034
2024-12-21T17:45;2024-12-21T18:00;72;kWh;-7966;0;0;0;7966;-7966
2024-12-21T18:00;2024-12-21T18:15;73;kWh;-527;16166;0;0;16693;15639
2024-12-21T18:15;2024-12-21T18:30;74;kWh;-603;1883;0;0;2486;1280
2024-12-21T18:30;2024-12-21T18:45;75;kWh;-4389;321;0;0;4710;-4068
2024-12-21T18:45;2024-12-21T19:00;76;kWh;-475;8020;0;0;8495;7545
2024-12-21T19:00;2024-12-21T19:15;77;kWh;-1206;16298;0;0;17504;15092
2024-12-21T19:15;2024-12-21T19:30;78;kWh;0;18128;0;0;18128;18128
2024-12-21T19:30;2024-12-21T19:45;79;kWh;0;9593;0;0;9593;9593
2024-12-21T19:45;2024-12-21T20:00;80;kWh;-526;12680;0;0;13206;12154
2024-12-21T20:00;2024-12-21T20:15;81;kWh;-2354;32286;0;0;34640;29932
2024-12-21T20:15;2024-12-21T20:30;82;kWh;0;50190;0;0;50190;50190
2024-12-21T20:30;2024-12-21T20:45;83;kWh;-4;16379;0;0;16383;16375
2024-12-21T20:45;2024-12-21T21:00;84;kWh;-22812;8;0;0;22820;-22804
2024-12-21T21:00;2024-12-21T21:15;85;kWh;-2726;30200;0;0;32926;27474
2024-12-21T21:15;2024-12-21T21:30;86;kWh;-10378;1643;0;0;12021;-8735
2024-12-21T21:30;2024-12-21T21:45;87;kWh;-7447;0;0;0;7447;-7447
2024-12-21T21:45;2024-12-21T22:00;88;kWh;-710;1243;0;0;1953;533
2024-12-21T22:00;2024-12-21T22:15;89;kWh;-1339;26563;0;0;27902;25224
2024-12-21T22:15;2024-12-21T22:30;90;kWh;0;33402;0;0;33402;33402
2024-12-21T22:30;2024-12-21T22:45;91;kWh;-998;160;0;0;1158;-838
2024-12-21T22:45;2024-12-21T23:00;92;kWh;-6006;4;0;0;6010;-6002
2024-12-21T23:00;2024-12-21T23:15;93;kWh;-17;30431;0;0;30448;30414
2024-12-21T23:15;2024-12-21T23:30;94;kWh;0;10594;0;0;10594;10594
2024-12-21T23:30;2024-12-21T23:45;95;kWh;-19956;0;0;0;19956;-19956
2024-12-21T23:45;2024-12-22T00:00;96;kWh;-35664;0;0;0;35664;-35664
2024-12-22T00:00;2024-12-22T00:15;1;kWh;-2321;11527;0;0;13848;9206
2024-12-22T00:15;2024-12-22T00:30;2;kWh;-18968;7;0;0;18975;-18961
2024-12-22T00:30;2024-12-22T00:45;3;kWh;-14996;0;0;0;14996;-14996
2024-12-22T00:45;2024-12-22T01:00;4;kWh;-6317;0;0;0;6317;-6317
2024-12-22T01:00;2024-12-22T01:15;5;kWh;-940;14127;0;0;15067;13187
2024-12-22T01:15;2024-12-22T01:30;6;kWh;-9951;50;0;0;10001;-9901
2024-12-22T01:30;2024-12-22T01:45;7;kWh;-82;988;0;0;1070;906
2024-12-22T01:45;2024-12-22T02:00;8;kWh;-49;37;0;0;86;-12
2024-12-22T02:00;2024-12-22T02:15;9;kWh;-10;11434;0;0;11444;11424
2024-12-22T02:15;2024-12-22T02:30;10;kWh;0;7166;0;0;7166;7166
2024-12-22T02:30;2024-12-22T02:45;11;kWh;-7891;0;0;0;7891;-7891
2024-12-22T02:45;2024-12-22T03:00;12;kWh;-13965;0;0;0;13965;-13965
2024-12-22T03:00;2024-12-22T03:15;13;kWh;-900;36192;0;0;37092;35292
2024-12-22T03:15;2024-12-22T03:30;14;kWh;-1360;19075;0;0;20435;17715
2024-12-22T03:30;2024-12-22T03:45;15;kWh;-3001;56;0;0;3057;-2945
2024-12-22T03:45;2024-12-22T04:00;16;kWh;0;18596;0;0;18596;18596
2024-12-22T04:00;2024-12-22T04:15;17;kWh;0;7774;0;0;7774;7774
2024-12-22T04:15;2024-12-22T04:30;18;kWh;0;18092;0;0;18092;18092
2024-12-22T04:30;2024-12-22T04:45;19;kWh;-746;1354;0;0;2100;608
2024-12-22T04:45;2024-12-22T05:00;20;kWh;-6350;0;0;0;6350;-6350
2024-12-22T05:00;2024-12-22T05:15;21;kWh;-12663;0;0;0;12663;-12663
2024-12-22T05:15;2024-12-22T05:30;22;kWh;-35786;1447;0;0;37233;-34339
2024-12-22T05:30;2024-12-22T05:45;23;kWh;-11914;15745;0;0;27659;3831
2024-12-22T05:45;2024-12-22T06:00;24;kWh;-19464;1858;0;0;21322;-17606
2024-12-22T06:00;2024-12-22T06:15;25;kWh;-2979;3301;0;0;6280;322
2024-12-22T06:15;2024-12-22T06:30;26;kWh;-516;12865;0;0;13381;12349
2024-12-22T06:30;2024-12-22T06:45;27;kWh;-10586;0;0;0;10586;-10586
2024-12-22T06:45;2024-12-22T07:00;28;kWh;-1185;26024;0;0;27209;24839
2024-12-22T07:00;2024-12-22T07:15;29;kWh;0;24777;0;0;24777;24777
2024-12-22T07:15;2024-12-22T07:30;30;kWh;-109;10081;0;0;10190;9972
2024-12-22T07:30;2024-12-22T07:45;31;kWh;-17041;7024;0;0;24065;-10017
2024-12-22T07:45;2024-12-22T08:00;32;kWh;-76;10967;0;0;11043;10891
2024-12-22T08:00;2024-12-22T08:15;33;kWh;-1035;1843;0;0;2878;808
2024-12-22T08:15;2024-12-22T08:30;34;kWh;0;7091;0;0;7091;7091
2024-12-22T08:30;2024-12-22T08:45;35;kWh;0;8587;0;0;8587;8587
2024-12-22T08:45;2024-12-22T09:00;36;kWh;-29063;1383;0;0;30446;-27680
2024-12-22T09:00;2024-12-22T09:15;37;kWh;-26633;122;0;0;26755;-26511
2024-12-22T09:15;2024-12-22T09:30;38;kWh;-15;5807;0;0;5822;5792
2024-12-22T09:30;2024-12-22T09:45;39;kWh;0;1915;0;0;1915;1915
2024-12-22T09:45;2024-12-22T10:00;40;kWh;0;1801;0;0;1801;1801
2024-12-22T10:00;2024-12-22T10:15;41;kWh;-813;1482;0;0;2295;669
2024-12-22T10:15;2024-12-22T10:30;42;kWh;-3971;0;0;0;3971;-3971
2024-12-22T10:30;2024-12-22T10:45;43;kWh;0;14853;0;0;14853;14853
2024-12-22T10:45;2024-12-22T11:00;44;kWh;0;1164;0;0;1164;1164
2024-12-22T11:00;2024-12-22T11:15;45;kWh;0;0;0;0;0;0
2024-12-22T11:15;2024-12-22T11:30;46;kWh;0;0;0;0;0;0
2024-12-22T11:30;2024-12-22T11:45;47;kWh;0;23;0;0;23;23
2024-12-22T11:45;2024-12-22T12:00;48;kWh;0;0;0;0;0;0
2024-12-22T12:00;2024-12-22T12:15;49;kWh;-173;0;0;0;173;-173
2024-12-22T12:15;2024-12-22T12:30;50;kWh;-3646;0;0;0;3646;-3646
2024-12-22T12:30;2024-12-22T12:45;51;kWh;-710;3470;0;0;4180;2760
2024-12-22T12:45;2024-12-22T13:00;52;kWh;0;36775;0;0;36775;36775
2024-12-22T13:00;2024-12-22T13:15;53;kWh;0;33365;0;0;33365;33365
2024-12-22T13:15;2024-12-22T13:30;54;kWh;-4837;466;0;0;5303;-4371
2024-12-22T13:30;2024-12-22T13:45;55;kWh;-1905;0;0;0;1905;-1905
2024-12-22T13:45;2024-12-22T14:00;56;kWh;-9648;0;0;0;9648;-9648
2024-12-22T14:00;2024-12-22T14:15;57;kWh;-23009;0;0;0;23009;-23009
2024-12-22T14:15;2024-12-22T14:30;58;kWh;-11302;9;0;0;11311;-11293
2024-12-22T14:30;2024-12-22T14:45;59;kWh;-2;1932;0;0;1934;1930
2024-12-22T14:45;2024-12-22T15:00;60;kWh;0;6677;0;0;6677;6677
2024-12-22T15:00;2024-12-22T15:15;61;kWh;0;2529;0;0;2529;2529
2024-12-22T15:15;2024-12-22T15:30;62;kWh;0;3368;0;0;3368;3368
2024-12-22T15:30;2024-12-22T15:45;63;kWh;0;12004;0;0;12004;12004
2024-12-22T15:45;2024-12-22T16:00;64;kWh;0;1797;0;0;1797;1797
2024-12-22T16:00;2024-12-22T16:15;65;kWh;0;294;0;0;294;294
2024-12-22T16:15;2024-12-22T16:30;66;kWh;0;16203;0;0;16203;16203
2024-12-22T16:30;2024-12-22T16:45;67;kWh;0;49189;0;0;49189;49189
2024-12-22T16:45;2024-12-22T17:00;68;kWh;0;73696;0;0;73696;73696
2024-12-22T17:00;2024-12-22T17:15;69;kWh;0;43560;0;0;43560;43560
2024-12-22T17:15;2024-12-22T17:30;70;kWh;0;40107;0;0;40107;40107
2024-12-22T17:30;2024-12-22T17:45;71;kWh;0;34501;0;0;34501;34501
2024-12-22T17:45;2024-12-22T18:00;72;kWh;0;14488;0;0;14488;14488
2024-12-22T18:00;2024-12-22T18:15;73;kWh;-6576;533;0;0;7109;-6043
2024-12-22T18:15;2024-12-22T18:30;74;kWh;-9027;0;0;0;9027;-9027
2024-12-22T18:30;2024-12-22T18:45;75;kWh;-1745;0;0;0;1745;-1745
2024-12-22T18:45;2024-12-22T19:00;76;kWh;-26192;0;0;0;26192;-26192
2024-12-22T19:00;2024-12-22T19:15;77;kWh;-1378;22304;0;0;23682;20926
2024-12-22T19:15;2024-12-22T19:30;78;kWh;0;12356;0;0;12356;12356
2024-12-22T19:30;2024-12-22T19:45;79;kWh;0;43004;0;0;43004;43004
2024-12-22T19:45;2024-12-22T20:00;80;kWh;0;59404;0;0;59404;59404
2024-12-22T20:00;2024-12-22T20:15;81;kWh;0;66194;0;0;66194;66194
2024-12-22T20:15;2024-12-22T20:30;82;kWh;0;96606;0;0;96606;96606
2024-12-22T20:30;2024-12-22T20:45;83;kWh;0;48301;0;0;48301;48301
2024-12-22T20:45;2024-12-22T21:00;84;kWh;0;30514;0;0;30514;30514
2024-12-22T21:00;2024-12-22T21:15;85;kWh;0;97262;0;0;97262;97262
2024-12-22T21:15;2024-12-22T21:30;86;kWh;0;69683;0;0;69683;69683
2024-12-22T21:30;2024-12-22T21:45;87;kWh;0;26406;0;0;26406;26406
2024-12-22T21:45;2024-12-22T22:00;88;kWh;-1196;7870;0;0;9066;6674
2024-12-22T22:00;2024-12-22T22:15;89;kWh;-4485;10715;0;0;15200;6230
2024-12-22T22:15;2024-12-22T22:30;90;kWh;-5148;21529;0;0;26677;16381
2024-12-22T22:30;2024-12-22T22:45;91;kWh;-27433;6365;0;0;33798;-21068
2024-12-22T22:45;2024-12-22T23:00;92;kWh;0;68526;0;0;68526;68526
2024-12-22T23:00;2024-12-22T23:15;93;kWh;0;105793;0;0;105793;105793
2024-12-22T23:15;2024-12-22T23:30;94;kWh;0;88126;0;0;88126;88126
2024-12-22T23:30;2024-12-22T23:45;95;kWh;0;45869;0;0;45869;45869
2024-12-22T23:45;2024-12-23T00:00;96;kWh;0;95029;0;0;95029;95029
2024-12-23T00:00;2024-12-23T00:15;1;kWh;0;92191;0;0;92191;92191
2024-12-23T00:15;2024-12-23T00:30;2;kWh;0;108471;0;0;108471;108471
2024-12-23T00:30;2024-12-23T00:45;3;kWh;0;30990;0;0;30990;30990
2024-12-23T00:45;2024-12-23T01:00;4;kWh;0;43052;0;0;43052;43052
2024-12-23T01:00;2024-12-23T01:15;5;kWh;0;72822;0;0;72822;72822
2024-12-23T01:15;2024-12-23T01:30;6;kWh;0;59051;0;0;59051;59051
2024-12-23T01:30;2024-12-23T01:45;7;kWh;-9683;5359;0;0;15042;-4324
2024-12-23T01:45;2024-12-23T02:00;8;kWh;-25824;1;0;0;25825;-25823
2024-12-23T02:00;2024-12-23T02:15;9;kWh;-465;61366;0;0;61831;60901
2024-12-23T02:15;2024-12-23T02:30;10;kWh;-87543;3535;0;0;91078;-84008
2024-12-23T02:30;2024-12-23T02:45;11;kWh;-24972;10638;0;0;35610;-14334
2024-12-23T02:45;2024-12-23T03:00;12;kWh;-39558;1053;0;0;40611;-38505
2024-12-23T03:00;2024-12-23T03:15;13;kWh;-326;72413;0;0;72739;72087
2024-12-23T03:15;2024-12-23T03:30;14;kWh;0;42694;0;0;42694;42694
2024-12-23T03:30;2024-12-23T03:45;15;kWh;0;29213;0;0;29213;29213
2024-12-23T03:45;2024-12-23T04:00;16;kWh;-267;3851;0;0;4118;3584
2024-12-23T04:00;2024-12-23T04:15;17;kWh;-1116;0;0;0;1116;-1116
2024-12-23T04:15;2024-12-23T04:30;18;kWh;0;1813;0;0;1813;1813
2024-12-23T04:30;2024-12-23T04:45;19;kWh;-7;2566;0;0;2573;2559
2024-12-23T04:45;2024-12-23T05:00;20;kWh;0;13379;0;0;13379;13379
2024-12-23T05:00;2024-12-23T05:15;21;kWh;-35561;4234;0;0;39795;-31327
2024-12-23T05:15;2024-12-23T05:30;22;kWh;-14314;11216;0;0;25530;-3098
2024-12-23T05:30;2024-12-23T05:45;23;kWh;0;20689;0;0;20689;20689
2024-12-23T05:45;2024-12-23T06:00;24;kWh;0;8392;0;0;8392;8392
2024-12-23T06:00;2024-12-23T06:15;25;kWh;-57803;4288;0;0;62091;-53515
2024-12-23T06:15;2024-12-23T06:30;26;kWh;-12134;14596;0;0;26730;2462
2024-12-23T06:30;2024-12-23T06:45;27;kWh;0;9691;0;0;9691;9691
2024-12-23T06:45;2024-12-23T07:00;28;kWh;-1;5022;0;0;5023;5021
2024-12-23T07:00;2024-12-23T07:15;29;kWh;-11560;5478;0;0;17038;-6082
2024-12-23T07:15;2024-12-23T07:30;30;kWh;-17088;17218;0;0;34306;130
2024-12-23T07:30;2024-12-23T07:45;31;kWh;-10147;19058;0;0;29205;8911
2024-12-23T07:45;2024-12-23T08:00;32;kWh;0;66387;0;0;66387;66387
2024-12-23T08:00;2024-12-23T08:15;33;kWh;-37658;5749;0;0;43407;-31909
2024-12-23T08:15;2024-12-23T08:30;34;kWh;-2559;33576;0;0;36135;31017
2024-12-23T08:30;2024-12-23T08:45;35;kWh;0;47071;0;0;47071;47071
2024-12-23T08:45;2024-12-23T09:00;36;kWh;0;44590;0;0;44590;44590
2024-12-23T09:00;2024-12-23T09:15;37;kWh;0;52254;0;0;52254;52254
2024-12-23T09:15;2024-12-23T09:30;38;kWh;0;42012;0;0;42012;42012
2024-12-23T09:30;2024-12-23T09:45;39;kWh;-2212;10920;0;0;13132;8708
2024-12-23T09:45;2024-12-23T10:00;40;kWh;-21601;1188;0;0;22789;-20413
2024-12-23T10:00;2024-12-23T10:15;41;kWh;0;58730;0;0;58730;58730
2024-12-23T10:15;2024-12-23T10:30;42;kWh;-24803;6886;0;0;31689;-17917
2024-12-23T10:30;2024-12-23T10:45;43;kWh;-67234;0;0;0;67234;-67234
2024-12-23T10:45;2024-12-23T11:00;44;kWh;-54482;1;0;0;54483;-54481
2024-12-23T11:00;2024-12-23T11:15;45;kWh;-1711;70056;0;0;71767;68345
2024-12-23T11:15;2024-12-23T11:30;46;kWh;-132042;519;0;0;132561;-131523
2024-12-23T11:30;2024-12-23T11:45;47;kWh;-37998;0;0;0;37998;-37998
2024-12-23T11:45;2024-12-23T12:00;48;kWh;-86559;0;0;0;86559;-86559
2024-12-23T12:00;2024-12-23T12:15;49;kWh;-7079;47726;0;0;54805;40647
2024-12-23T12:15;2024-12-23T12:30;50;kWh;-20657;9164;0;0;29821;-11493
2024-12-23T12:30;2024-12-23T12:45;51;kWh;-9119;2725;0;0;11844;-6394
2024-12-23T12:45;2024-12-23T13:00;52;kWh;0;57139;0;0;57139;57139
2024-12-23T13:00;2024-12-23T13:15;53;kWh;0;64952;0;0;64952;64952
2024-12-23T13:15;2024-12-23T13:30;54;kWh;0;101796;0;0;101796;101796
2024-12-23T13:30;2024-12-23T13:45;55;kWh;0;79025;0;0;79025;79025
2024-12-23T13:45;2024-12-23T14:00;56;kWh;0;75684;0;0;75684;75684
2024-12-23T14:00;2024-12-23T14:15;57;kWh;-1101;19075;0;0;20176;17974
2024-12-23T14:15;2024-12-23T14:30;58;kWh;-6;31654;0;0;31660;31648
2024-12-23T14:30;2024-12-23T14:45;59;kWh;0;50471;0;0;50471;50471
2024-12-23T14:45;2024-12-23T15:00;60;kWh;0;57985;0;0;57985;57985
2024-12-23T15:00;2024-12-23T15:15;61;kWh;-46237;5616;0;0;51853;-40621
2024-12-23T15:15;2024-12-23T15:30;62;kWh;-6111;39952;0;0;46063;33841
2024-12-23T15:30;2024-12-23T15:45;63;kWh;0;69743;0;0;69743;69743
2024-12-23T15:45;2024-12-23T16:00;64;kWh;0;37702;0;0;37702;37702
2024-12-23T16:00;2024-12-23T16:15;65;kWh;-40956;1290;0;0;42246;-39666
2024-12-23T16:15;2024-12-23T16:30;66;kWh;-7384;35;0;0;7419;-7349
2024-12-23T16:30;2024-12-23T16:45;67;kWh;-15281;768;0;0;16049;-14513
2024-12-23T16:45;2024-12-23T17:00;68;kWh;-14;71968;0;0;71982;71954
2024-12-23T17:00;2024-12-23T17:15;69;kWh;-769;14980;0;0;15749;14211
2024-12-23T17:15;2024-12-23T17:30;70;kWh;0;47774;0;0;47774;47774
2024-12-23T17:30;2024-12-23T17:45;71;kWh;-12181;2470;0;0;14651;-9711
2024-12-23T17:45;2024-12-23T18:00;72;kWh;-1938;592;0;0;2530;-1346
2024-12-23T18:00;2024-12-23T18:15;73;kWh;-22194;0;0;0;22194;-22194
2024-12-23T18:15;2024-12-23T18:30;74;kWh;-44531;0;0;0;44531;-44531
2024-12-23T18:30;2024-12-23T18:45;75;kWh;-55792;0;0;0;55792;-55792
2024-12-23T18:45;2024-12-23T19:00;76;kWh;-73325;0;0;0;73325;-73325
2024-12-23T19:00;2024-12-23T19:15;77;kWh;-12859;0;0;0;12859;-12859
2024-12-23T19:15;2024-12-23T19:30;78;kWh;-63996;0;0;0;63996;-63996
2024-12-23T19:30;2024-12-23T19:45;79;kWh;-98043;0;0;0;98043;-98043
2024-12-23T19:45;2024-12-23T20:00;80;kWh;-30943;0;0;0;30943;-30943
2024-12-23T20:00;2024-12-23T20:15;81;kWh;-86529;292;0;0;86821;-86237
2024-12-23T20:15;2024-12-23T20:30;82;kWh;-9401;10331;0;0;19732;930
2024-12-23T20:30;2024-12-23T20:45;83;kWh;-42482;0;0;0;42482;-42482
2024-12-23T20:45;2024-12-23T21:00;84;kWh;-1032;1728;0;0;2760;696
2024-12-23T21:00;2024-12-23T21:15;85;kWh;-22048;0;0;0;22048;-22048
2024-12-23T21:15;2024-12-23T21:30;86;kWh;-33635;0;0;0;33635;-33635
2024-12-23T21:30;2024-12-23T21:45;87;kWh;-757;0;0;0;757;-757
2024-12-23T21:45;2024-12-23T22:00;88;kWh;0;8214;0;0;8214;8214
2024-12-23T22:00;2024-12-23T22:15;89;kWh;0;37191;0;0;37191;37191
2024-12-23T22:15;2024-12-23T22:30;90;kWh;0;42313;0;0;42313;42313
2024-12-23T22:30;2024-12-23T22:45;91;kWh;-3074;9548;0;0;12622;6474
2024-12-23T22:45;2024-12-23T23:00;92;kWh;-26964;0;0;0;26964;-26964
2024-12-23T23:00;2024-12-23T23:15;93;kWh;-12332;0;0;0;12332;-12332
2024-12-23T23:15;2024-12-23T23:30;94;kWh;-7486;0;0;0;7486;-7486
2024-12-23T23:30;2024-12-23T23:45;95;kWh;-22;9;0;0;31;-13
2024-12-23T23:45;2024-12-24T00:00;96;kWh;0;20738;0;0;20738;20738
2024-12-24T00:00;2024-12-24T00:15;1;kWh;0;29211;0;0;29211;29211
2024-12-24T00:15;2024-12-24T00:30;2;kWh;0;49538;0;0;49538;49538
2024-12-24T00:30;2024-12-24T00:45;3;kWh;0;23403;0;0;23403;23403
2024-12-24T00:45;2024-12-24T01:00;4;kWh;0;1046;0;0;1046;1046
2024-12-24T01:00;2024-12-24T01:15;5;kWh;-3465;0;0;0;3465;-3465
2024-12-24T01:15;2024-12-24T01:30;6;kWh;-6531;0;0;0;6531;-6531
2024-12-24T01:30;2024-12-24T01:45;7;kWh;-5127;0;0;0;5127;-5127
2024-12-24T01:45;2024-12-24T02:00;8;kWh;-1926;0;0;0;1926;-1926
2024-12-24T02:00;2024-12-24T02:15;9;kWh;-2629;723;0;0;3352;-1906
2024-12-24T02:15;2024-12-24T02:30;10;kWh;0;2547;0;0;2547;2547
2024-12-24T02:30;2024-12-24T02:45;11;kWh;-5697;194;0;0;5891;-5503
2024-12-24T02:45;2024-12-24T03:00;12;kWh;-11881;0;0;0;11881;-11881
2024-12-24T03:00;2024-12-24T03:15;13;kWh;-8069;0;0;0;8069;-8069
2024-12-24T03:15;2024-12-24T03:30;14;kWh;-13211;0;0;0;13211;-13211
2024-12-24T03:30;2024-12-24T03:45;15;kWh;-131;1890;0;0;2021;1759
2024-12-24T03:45;2024-12-24T04:00;16;kWh;0;920;0;0;920;920
2024-12-24T04:00;2024-12-24T04:15;17;kWh;0;36358;0;0;36358;36358
2024-12-24T04:15;2024-12-24T04:30;18;kWh;0;20406;0;0;20406;20406
2024-12-24T04:30;2024-12-24T04:45;19;kWh;0;2194;0;0;2194;2194
2024-12-24T04:45;2024-12-24T05:00;20;kWh;-211;3;0;0;214;-208
2024-12-24T05:00;2024-12-24T05:15;21;kWh;0;8290;0;0;8290;8290
2024-12-24T05:15;2024-12-24T05:30;22;kWh;0;9046;0;0;9046;9046
2024-12-24T05:30;2024-12-24T05:45;23;kWh;0;18249;0;0;18249;18249
2024-12-24T05:45;2024-12-24T06:00;24;kWh;-4145;0;0;0;4145;-4145
2024-12-24T06:00;2024-12-24T06:15;25;kWh;-722;21154;0;0;21876;20432
2024-12-24T06:15;2024-12-24T06:30;26;kWh;-1275;8729;0;0;10004;7454
2024-12-24T06:30;2024-12-24T06:45;27;kWh;-1337;3005;0;0;4342;1668
2024-12-24T06:45;2024-12-24T07:00;28;kWh;-1632;7068;0;0;8700;5436
2024-12-24T07:00;2024-12-24T07:15;29;kWh;-23834;0;0;0;23834;-23834
2024-12-24T07:15;2024-12-24T07:30;30;kWh;-22265;0;0;0;22265;-22265
2024-12-24T07:30;2024-12-24T07:45;31;kWh;-11470;0;0;0;11470;-11470
2024-12-24T07:45;2024-12-24T08:00;32;kWh;-138;3458;0;0;3596;3320
2024-12-24T08:00;2024-12-24T08:15;33;kWh;-9972;6611;0;0;16583;-3361
2024-12-24T08:15;2024-12-24T08:30;34;kWh;-149;18573;0;0;18722;18424
2024-12-24T08:30;2024-12-24T08:45;35;kWh;-106;15696;0;0;15802;15590
2024-12-24T08:45;2024-12-24T09:00;36;kWh;-1752;1442;0;0;3194;-310
2024-12-24T09:00;2024-12-24T09:15;37;kWh;0;14391;0;0;14391;14391
2024-12-24T09:15;2024-12-24T09:30;38;kWh;0;2413;0;0;2413;2413
2024-12-24T09:30;2024-12-24T09:45;39;kWh;0;6984;0;0;6984;6984
2024-12-24T09:45;2024-12-24T10:00;40;kWh;-5187;4831;0;0;10018;-356
2024-12-24T10:00;2024-12-24T10:15;41;kWh;-11603;2076;0;0;13679;-9527
2024-12-24T10:15;2024-12-24T10:30;42;kWh;-2506;583;0;0;3089;-1923
2024-12-24T10:30;2024-12-24T10:45;43;kWh;-7950;3655;0;0;11605;-4295
2024-12-24T10:45;2024-12-24T11:00;44;kWh;-9429;22;0;0;9451;-9407
2024-12-24T11:00;2024-12-24T11:15;45;kWh;-26906;0;0;0;26906;-26906
2024-12-24T11:15;2024-12-24T11:30;46;kWh;-25925;0;0;0;25925;-25925
2024-12-24T11:30;2024-12-24T11:45;47;kWh;-76701;0;0;0;76701;-76701
2024-12-24T11:45;2024-12-24T12:00;48;kWh;-73353;0;0;0;73353;-73353
2024-12-24T12:00;2024-12-24T12:15;49;kWh;-69652;0;0;0;69652;-69652
2024-12-24T12:15;2024-12-24T12:30;50;kWh;-66260;0;0;0;66260;-66260
2024-12-24T12:30;2024-12-24T12:45;51;kWh;-45389;0;0;0;45389;-45389
2024-12-24T12:45;2024-12-24T13:00;52;kWh;-60317;0;0;0;60317;-60317
2024-12-24T13:00;2024-12-24T13:15;53;kWh;-41631;0;0;0;41631;-41631
2024-12-24T13:15;2024-12-24T13:30;54;kWh;-40295;0;0;0;40295;-40295
2024-12-24T13:30;2024-12-24T13:45;55;kWh;-43146;0;0;0;43146;-43146
2024-12-24T13:45;2024-12-24T14:00;56;kWh;-8539;0;0;0;8539;-8539
2024-12-24T14:00;2024-12-24T14:15;57;kWh;0;8173;0;0;8173;8173
2024-12-24T14:15;2024-12-24T14:30;58;kWh;0;35337;0;0;35337;35337
2024-12-24T14:30;2024-12-24T14:45;59;kWh;0;53378;0;0;53378;53378
2024-12-24T14:45;2024-12-24T15:00;60;kWh;0;38406;0;0;38406;38406
2024-12-24T15:00;2024-12-24T15:15;61;kWh;-19594;1277;0;0;20871;-18317
2024-12-24T15:15;2024-12-24T15:30;62;kWh;-30824;0;0;0;30824;-30824
2024-12-24T15:30;2024-12-24T15:45;63;kWh;-58486;0;0;0;58486;-58486
2024-12-24T15:45;2024-12-24T16:00;64;kWh;-61825;0;0;0;61825;-61825
2024-12-24T16:00;2024-12-24T16:15;65;kWh;-83522;0;0;0;83522;-83522
2024-12-24T16:15;2024-12-24T16:30;66;kWh;-83990;0;0;0;83990;-83990
2024-12-24T16:30;2024-12-24T16:45;67;kWh;-65137;0;0;0;65137;-65137
2024-12-24T16:45;2024-12-24T17:00;68;kWh;-11647;0;0;0;11647;-11647
2024-12-24T17:00;2024-12-24T17:15;69;kWh;-12755;0;0;0;12755;-12755
2024-12-24T17:15;2024-12-24T17:30;70;kWh;-23928;0;0;0;23928;-23928
2024-12-24T17:30;2024-12-24T17:45;71;kWh;-13088;0;0;0;13088;-13088
2024-12-24T17:45;2024-12-24T18:00;72;kWh;-42575;0;0;0;42575;-42575
2024-12-24T18:00;2024-12-24T18:15;73;kWh;-12933;1866;0;0;14799;-11067
2024-12-24T18:15;2024-12-24T18:30;74;kWh;-5319;2265;0;0;7584;-3054
2024-12-24T18:30;2024-12-24T18:45;75;kWh;-27028;0;0;0;27028;-27028
2024-12-24T18:45;2024-12-24T19:00;76;kWh;-60834;0;0;0;60834;-60834
2024-12-24T19:00;2024-12-24T19:15;77;kWh;-39680;0;0;0;39680;-39680
2024-12-24T19:15;2024-12-24T19:30;78;kWh;-59353;0;0;0;59353;-59353
2024-12-24T19:30;2024-12-24T19:45;79;kWh;-99582;0;0;0;99582;-99582
2024-12-24T19:45;2024-12-24T20:00;80;kWh;-106654;0;0;0;106654;-106654
2024-12-24T20:00;2024-12-24T20:15;81;kWh;-55872;0;0;0;55872;-55872
2024-12-24T20:15;2024-12-24T20:30;82;kWh;-6428;0;0;0;6428;-6428
2024-12-24T20:30;2024-12-24T20:45;83;kWh;-27631;0;0;0;27631;-27631
2024-12-24T20:45;2024-12-24T21:00;84;kWh;-42545;0;0;0;42545;-42545
2024-12-24T21:00;2024-12-24T21:15;85;kWh;-33489;0;0;0;33489;-33489
2024-12-24T21:15;2024-12-24T21:30;86;kWh;-20;285;0;0;305;265
2024-12-24T21:30;2024-12-24T21:45;87;kWh;0;7411;0;0;7411;7411
2024-12-24T21:45;2024-12-24T22:00;88;kWh;-19;1074;0;0;1093;1055
2024-12-24T22:00;2024-12-24T22:15;89;kWh;-5323;21;0;0;5344;-5302
2024-12-24T22:15;2024-12-24T22:30;90;kWh;-23943;0;0;0;23943;-23943
2024-12-24T22:30;2024-12-24T22:45;91;kWh;-1884;5066;0;0;6950;3182
2024-12-24T22:45;2024-12-24T23:00;92;kWh;0;1985;0;0;1985;1985
2024-12-24T23:00;2024-12-24T23:15;93;kWh;-1279;86;0;0;1365;-1193
2024-12-24T23:15;2024-12-24T23:30;94;kWh;-13664;0;0;0;13664;-13664
2024-12-24T23:30;2024-12-24T23:45;95;kWh;-7383;0;0;0;7383;-7383
2024-12-24T23:45;2024-12-25T00:00;96;kWh;-11623;0;0;0;11623;-11623
2024-12-25T00:00;2024-12-25T00:15;1;kWh;-20622;0;0;0;20622;-20622
2024-12-25T00:15;2024-12-25T00:30;2;kWh;0;859;0;0;859;859
2024-12-25T00:30;2024-12-25T00:45;3;kWh;-61;4901;0;0;4962;4840
2024-12-25T00:45;2024-12-25T01:00;4;kWh;-1039;0;0;0;1039;-1039
2024-12-25T01:00;2024-12-25T01:15;5;kWh;-189;11131;0;0;11320;10942
2024-12-25T01:15;2024-12-25T01:30;6;kWh;0;2347;0;0;2347;2347
2024-12-25T01:30;2024-12-25T01:45;7;kWh;0;3534;0;0;3534;3534
2024-12-25T01:45;2024-12-25T02:00;8;kWh;-1164;1970;0;0;3134;806
2024-12-25T02:00;2024-12-25T02:15;9;kWh;-5107;0;0;0;5107;-5107
2024-12-25T02:15;2024-12-25T02:30;10;kWh;-7623;0;0;0;7623;-7623
2024-12-25T02:30;2024-12-25T02:45;11;kWh;-24328;0;0;0;24328;-24328
2024-12-25T02:45;2024-12-25T03:00;12;kWh;-2339;0;0;0;2339;-2339
2024-12-25T03:00;2024-12-25T03:15;13;kWh;-115;152;0;0;267;37
2024-12-25T03:15;2024-12-25T03:30;14;kWh;0;2667;0;0;2667;2667
2024-12-25T03:30;2024-12-25T03:45;15;kWh;-1639;0;0;0;1639;-1639
2024-12-25T03:45;2024-12-25T04:00;16;kWh;-21365;0;0;0;21365;-21365
2024-12-25T04:00;2024-12-25T04:15;17;kWh;-9279;0;0;0;9279;-9279
2024-12-25T04:15;2024-12-25T04:30;18;kWh;-3493;0;0;0;3493;-3493
2024-12-25T04:30;2024-12-25T04:45;19;kWh;-1148;0;0;0;1148;-1148
2024-12-25T04:45;2024-12-25T05:00;20;kWh;0;336;0;0;336;336
2024-12-25T05:00;2024-12-25T05:15;21;kWh;-17905;0;0;0;17905;-17905
2024-12-25T05:15;2024-12-25T05:30;22;kWh;-54523;0;0;0;54523;-54523
2024-12-25T05:30;2024-12-25T05:45;23;kWh;-72147;0;0;0;72147;-72147
2024-12-25T05:45;2024-12-25T06:00;24;kWh;-98781;0;0;0;98781;-98781
2024-12-25T06:00;2024-12-25T06:15;25;kWh;-43720;0;0;0;43720;-43720
2024-12-25T06:15;2024-12-25T06:30;26;kWh;-1002;0;0;0;1002;-1002
2024-12-25T06:30;2024-12-25T06:45;27;kWh;-1533;0;0;0;1533;-1533
2024-12-25T06:45;2024-12-25T07:00;28;kWh;-3095;0;0;0;3095;-3095
2024-12-25T07:00;2024-12-25T07:15;29;kWh;0;2157;0;0;2157;2157
2024-12-25T07:15;2024-12-25T07:30;30;kWh;0;2615;0;0;2615;2615
2024-12-25T07:30;2024-12-25T07:45;31;kWh;0;9325;0;0;9325;9325
2024-12-25T07:45;2024-12-25T08:00;32;kWh;0;27069;0;0;27069;27069
2024-12-25T08:00;2024-12-25T08:15;33;kWh;0;19610;0;0;19610;19610
2024-12-25T08:15;2024-12-25T08:30;34;kWh;0;5703;0;0;5703;5703
2024-12-25T08:30;2024-12-25T08:45;35;kWh;0;4005;0;0;4005;4005
2024-12-25T08:45;2024-12-25T09:00;36;kWh;0;7726;0;0;7726;7726
2024-12-25T09:00;2024-12-25T09:15;37;kWh;0;133;0;0;133;133
2024-12-25T09:15;2024-12-25T09:30;38;kWh;0;42;0;0;42;42
2024-12-25T09:30;2024-12-25T09:45;39;kWh;0;257;0;0;257;257
2024-12-25T09:45;2024-12-25T10:00;40;kWh;0;8168;0;0;8168;8168
2024-12-25T10:00;2024-12-25T10:15;41;kWh;0;32224;0;0;32224;32224
2024-12-25T10:15;2024-12-25T10:30;42;kWh;0;31332;0;0;31332;31332
2024-12-25T10:30;2024-12-25T10:45;43;kWh;-4;22496;0;0;22500;22492
2024-12-25T10:45;2024-12-25T11:00;44;kWh;-2489;88;0;0;2577;-2401
2024-12-25T11:00;2024-12-25T11:15;45;kWh;-18;6610;0;0;6628;6592
2024-12-25T11:15;2024-12-25T11:30;46;kWh;0;11329;0;0;11329;11329
2024-12-25T11:30;2024-12-25T11:45;47;kWh;0;4832;0;0;4832;4832
2024-12-25T11:45;2024-12-25T12:00;48;kWh;-4;1905;0;0;1909;1901
2024-12-25T12:00;2024-12-25T12:15;49;kWh;-15777;0;0;0;15777;-15777
2024-12-25T12:15;2024-12-25T12:30;50;kWh;-84903;0;0;0;84903;-84903
2024-12-25T12:30;2024-12-25T12:45;51;kWh;-66663;0;0;0;66663;-66663
2024-12-25T12:45;2024-12-25T13:00;52;kWh;-74260;0;0;0;74260;-74260
2024-12-25T13:00;2024-12-25T13:15;53;kWh;-51567;0;0;0;51567;-51567
2024-12-25T13:15;2024-12-25T13:30;54;kWh;-66359;0;0;0;66359;-66359
2024-12-25T13:30;2024-12-25T13:45;55;kWh;-88579;0;0;0;88579;-88579
2024-12-25T13:45;2024-12-25T14:00;56;kWh;-93211;0;0;0;93211;-93211
2024-12-25T14:00;2024-12-25T14:15;57;kWh;-43834;0;0;0;43834;-43834
2024-12-25T14:15;2024-12-25T14:30;58;kWh;-10;0;0;0;10;-10
2024-12-25T14:30;2024-12-25T14:45;59;kWh;-5753;0;0;0;5753;-5753
2024-12-25T14:45;2024-12-25T15:00;60;kWh;-18534;0;0;0;18534;-18534
2024-12-25T15:00;2024-12-25T15:15;61;kWh;-14071;0;0;0;14071;-14071
2024-12-25T15:15;2024-12-25T15:30;62;kWh;-4760;0;0;0;4760;-4760
2024-12-25T15:30;2024-12-25T15:45;63;kWh;-2076;0;0;0;2076;-2076
2024-12-25T15:45;2024-12-25T16:00;64;kWh;-1180;0;0;0;1180;-1180
2024-12-25T16:00;2024-12-25T16:15;65;kWh;-40071;0;0;0;40071;-40071
2024-12-25T16:15;2024-12-25T16:30;66;kWh;-60925;0;0;0;60925;-60925
2024-12-25T16:30;2024-12-25T16:45;67;kWh;-44624;0;0;0;44624;-44624
2024-12-25T16:45;2024-12-25T17:00;68;kWh;-5858;0;0;0;5858;-5858
2024-12-25T17:00;2024-12-25T17:15;69;kWh;-722;0;0;0;722;-722
2024-12-25T17:15;2024-12-25T17:30;70;kWh;-5972;0;0;0;5972;-5972
2024-12-25T17:30;2024-12-25T17:45;71;kWh;-36320;0;0;0;36320;-36320
2024-12-25T17:45;2024-12-25T18:00;72;kWh;-41233;0;0;0;41233;-41233
2024-12-25T18:00;2024-12-25T18:15;73;kWh;-9064;0;0;0;9064;-9064
2024-12-25T18:15;2024-12-25T18:30;74;kWh;-20470;0;0;0;20470;-20470
2024-12-25T18:30;2024-12-25T18:45;75;kWh;-75048;0;0;0;75048;-75048
2024-12-25T18:45;2024-12-25T19:00;76;kWh;-64648;0;0;0;64648;-64648
2024-12-25T19:00;2024-12-25T19:15;77;kWh;-77268;0;0;0;77268;-77268
2024-12-25T19:15;2024-12-25T19:30;78;kWh;-50644;0;0;0;50644;-50644
2024-12-25T19:30;2024-12-25T19:45;79;kWh;-45087;0;0;0;45087;-45087
2024-12-25T19:45;2024-12-25T20:00;80;kWh;-32575;0;0;0;32575;-32575
2024-12-25T20:00;2024-12-25T20:15;81;kWh;-25944;0;0;0;25944;-25944
2024-12-25T20:15;2024-12-25T20:30;82;kWh;-6543;0;0;0;6543;-6543
2024-12-25T20:30;2024-12-25T20:45;83;kWh;-4259;898;0;0;5157;-3361
2024-12-25T20:45;2024-12-25T21:00;84;kWh;-96;208;0;0;304;112
2024-12-25T21:00;2024-12-25T21:15;85;kWh;0;37615;0;0;37615;37615
2024-12-25T21:15;2024-12-25T21:30;86;kWh;0;14332;0;0;14332;14332
2024-12-25T21:30;2024-12-25T21:45;87;kWh;0;37957;0;0;37957;37957
2024-12-25T21:45;2024-12-25T22:00;88;kWh;0;25724;0;0;25724;25724
2024-12-25T22:00;2024-12-25T22:15;89;kWh;0;61009;0;0;61009;61009
2024-12-25T22:15;2024-12-25T22:30;90;kWh;0;77006;0;0;77006;77006
2024-12-25T22:30;2024-12-25T22:45;91;kWh;0;92527;0;0;92527;92527
2024-12-25T22:45;2024-12-25T23:00;92;kWh;0;59434;0;0;59434;59434
2024-12-25T23:00;2024-12-25T23:15;93;kWh;0;59281;0;0;59281;59281
2024-12-25T23:15;2024-12-25T23:30;94;kWh;0;34259;0;0;34259;34259
2024-12-25T23:30;2024-12-25T23:45;95;kWh;0;12485;0;0;12485;12485
2024-12-25T23:45;2024-12-26T00:00;96;kWh;0;344;0;0;344;344
2024-12-26T00:00;2024-12-26T00:15;1;kWh;0;0;0;0;0;0
2024-12-26T00:15;2024-12-26T00:30;2;kWh;-708;3305;0;0;4013;2597
2024-12-26T00:30;2024-12-26T00:45;3;kWh;-5010;1;0;0;5011;-5009
2024-12-26T00:45;2024-12-26T01:00;4;kWh;-10027;0;0;0;10027;-10027
2024-12-26T01:00;2024-12-26T01:15;5;kWh;-935;4358;0;0;5293;3423
2024-12-26T01:15;2024-12-26T01:30;6;kWh;-832;5143;0;0;5975;4311
2024-12-26T01:30;2024-12-26T01:45;7;kWh;-2124;4460;0;0;6584;2336
2024-12-26T01:45;2024-12-26T02:00;8;kWh;-6104;0;0;0;6104;-6104
2024-12-26T02:00;2024-12-26T02:15;9;kWh;-4507;8657;0;0;13164;4150
2024-12-26T02:15;2024-12-26T02:30;10;kWh;0;5772;0;0;5772;5772
2024-12-26T02:30;2024-12-26T02:45;11;kWh;-18;1571;0;0;1589;1553
2024-12-26T02:45;2024-12-26T03:00;12;kWh;0;29245;0;0;29245;29245
2024-12-26T03:00;2024-12-26T03:15;13;kWh;0;3359;0;0;3359;3359
2024-12-26T03:15;2024-12-26T03:30;14;kWh;-170;1149;0;0;1319;979
2024-12-26T03:30;2024-12-26T03:45;15;kWh;-18070;0;0;0;18070;-18070
2024-12-26T03:45;2024-12-26T04:00;16;kWh;-15590;0;0;0;15590;-15590
2024-12-26T04:00;2024-12-26T04:15;17;kWh;-32970;0;0;0;32970;-32970
2024-12-26T04:15;2024-12-26T04:30;18;kWh;-25412;0;0;0;25412;-25412
2024-12-26T04:30;2024-12-26T04:45;19;kWh;-32369;0;0;0;32369;-32369
2024-12-26T04:45;2024-12-26T05:00;20;kWh;-1051;0;0;0;1051;-1051
2024-12-26T05:00;2024-12-26T05:15;21;kWh;0;15515;0;0;15515;15515
2024-12-26T05:15;2024-12-26T05:30;22;kWh;0;43115;0;0;43115;43115
2024-12-26T05:30;2024-12-26T05:45;23;kWh;0;11813;0;0;11813;11813
2024-12-26T05:45;2024-12-26T06:00;24;kWh;0;18589;0;0;18589;18589
2024-12-26T06:00;2024-12-26T06:15;25;kWh;-203;7375;0;0;7578;7172
2024-12-26T06:15;2024-12-26T06:30;26;kWh;0;4593;0;0;4593;4593
2024-12-26T06:30;2024-12-26T06:45;27;kWh;0;8855;0;0;8855;8855
2024-12-26T06:45;2024-12-26T07:00;28;kWh;0;867;0;0;867;867
2024-12-26T07:00;2024-12-26T07:15;29;kWh;0;789;0;0;789;789
2024-12-26T07:15;2024-12-26T07:30;30;kWh;0;16619;0;0;16619;16619
2024-12-26T07:30;2024-12-26T07:45;31;kWh;0;26478;0;0;26478;26478
2024-12-26T07:45;2024-12-26T08:00;32;kWh;0;23522;0;0;23522;23522
2024-12-26T08:00;2024-12-26T08:15;33;kWh;-7787;1145;0;0;8932;-6642
2024-12-26T08:15;2024-12-26T08:30;34;kWh;-90;0;0;0;90;-90
2024-12-26T08:30;2024-12-26T08:45;35;kWh;0;3619;0;0;3619;3619
2024-12-26T08:45;2024-12-26T09:00;36;kWh;0;20863;0;0;20863;20863
2024-12-26T09:00;2024-12-26T09:15;37;kWh;0;56122;0;0;56122;56122
2024-12-26T09:15;2024-12-26T09:30;38;kWh;0;45592;0;0;45592;45592
2024-12-26T09:30;2024-12-26T09:45;39;kWh;0;34471;0;0;34471;34471
2024-12-26T09:45;2024-12-26T10:00;40;kWh;0;39082;0;0;39082;39082
2024-12-26T10:00;2024-12-26T10:15;41;kWh;0;13160;0;0;13160;13160
2024-12-26T10:15;2024-12-26T10:30;42;kWh;-14;15155;0;0;15169;15141
2024-12-26T10:30;2024-12-26T10:45;43;kWh;0;2818;0;0;2818;2818
2024-12-26T10:45;2024-12-26T11:00;44;kWh;0;878;0;0;878;878
2024-12-26T11:00;2024-12-26T11:15;45;kWh;0;41847;0;0;41847;41847
2024-12-26T11:15;2024-12-26T11:30;46;kWh;0;7335;0;0;7335;7335
2024-12-26T11:30;2024-12-26T11:45;47;kWh;0;13945;0;0;13945;13945
2024-12-26T11:45;2024-12-26T12:00;48;kWh;0;27875;0;0;27875;27875
2024-12-26T12:00;2024-12-26T12:15;49;kWh;0;63997;0;0;63997;63997
2024-12-26T12:15;2024-12-26T12:30;50;kWh;0;39100;0;0;39100;39100
2024-12-26T12:30;2024-12-26T12:45;51;kWh;0;2781;0;0;2781;2781
2024-12-26T12:45;2024-12-26T13:00;52;kWh;0;13246;0;0;13246;13246
2024-12-26T13:00;2024-12-26T13:15;53;kWh;0;21658;0;0;21658;21658
2024-12-26T13:15;2024-12-26T13:30;54;kWh;0;31157;0;0;31157;31157
2024-12-26T13:30;2024-12-26T13:45;55;kWh;0;3239;0;0;3239;3239
2024-12-26T13:45;2024-12-26T14:00;56;kWh;-716;752;0;0;1468;36
2024-12-26T14:00;2024-12-26T14:15;57;kWh;0;2983;0;0;2983;2983
2024-12-26T14:15;2024-12-26T14:30;58;kWh;0;36256;0;0;36256;36256
2024-12-26T14:30;2024-12-26T14:45;59;kWh;0;70741;0;0;70741;70741
2024-12-26T14:45;2024-12-26T15:00;60;kWh;0;90303;0;0;90303;90303
2024-12-26T15:00;2024-12-26T15:15;61;kWh;0;90857;0;0;90857;90857
2024-12-26T15:15;2024-12-26T15:30;62;kWh;0;62760;0;0;62760;62760
2024-12-26T15:30;2024-12-26T15:45;63;kWh;0;16721;0;0;16721;16721
2024-12-26T15:45;2024-12-26T16:00;64;kWh;0;11989;0;0;11989;11989
2024-12-26T16:00;2024-12-26T16:15;65;kWh;0;6276;0;0;6276;6276
2024-12-26T16:15;2024-12-26T16:30;66;kWh;-2366;1294;0;0;3660;-1072
2024-12-26T16:30;2024-12-26T16:45;67;kWh;-427;1926;0;0;2353;1499
2024-12-26T16:45;2024-12-26T17:00;68;kWh;0;6480;0;0;6480;6480
2024-12-26T17:00;2024-12-26T17:15;69;kWh;0;1570;0;0;1570;1570
2024-12-26T17:15;2024-12-26T17:30;70;kWh;0;15198;0;0;15198;15198
2024-12-26T17:30;2024-12-26T17:45;71;kWh;0;20278;0;0;20278;20278
2024-12-26T17:45;2024-12-26T18:00;72;kWh;0;12767;0;0;12767;12767
2024-12-26T18:00;2024-12-26T18:15;73;kWh;0;4615;0;0;4615;4615
2024-12-26T18:15;2024-12-26T18:30;74;kWh;0;16692;0;0;16692;16692
2024-12-26T18:30;2024-12-26T18:45;75;kWh;0;22385;0;0;22385;22385
2024-12-26T18:45;2024-12-26T19:00;76;kWh;0;49155;0;0;49155;49155
2024-12-26T19:00;2024-12-26T19:15;77;kWh;0;89332;0;0;89332;89332
2024-12-26T19:15;2024-12-26T19:30;78;kWh;0;87276;0;0;87276;87276
2024-12-26T19:30;2024-12-26T19:45;79;kWh;0;82621;0;0;82621;82621
2024-12-26T19:45;2024-12-26T20:00;80;kWh;0;64553;0;0;64553;64553
2024-12-26T20:00;2024-12-26T20:15;81;kWh;0;52123;0;0;52123;52123
2024-12-26T20:15;2024-12-26T20:30;82;kWh;0;48297;0;0;48297;48297
2024-12-26T20:30;2024-12-26T20:45;83;kWh;0;68351;0;0;68351;68351
2024-12-26T20:45;2024-12-26T21:00;84;kWh;0;80239;0;0;80239;80239
2024-12-26T21:00;2024-12-26T21:15;85;kWh;0;95112;0;0;95112;95112
2024-12-26T21:15;2024-12-26T21:30;86;kWh;0;88375;0;0;88375;88375
2024-12-26T21:30;2024-12-26T21:45;87;kWh;0;73557;0;0;73557;73557
2024-12-26T21:45;2024-12-26T22:00;88;kWh;0;54324;0;0;54324;54324
2024-12-26T22:00;2024-12-26T22:15;89;kWh;0;46512;0;0;46512;46512
2024-12-26T22:15;2024-12-26T22:30;90;kWh;0;74958;0;0;74958;74958
2024-12-26T22:30;2024-12-26T22:45;91;kWh;0;67880;0;0;67880;67880
2024-12-26T22:45;2024-12-26T23:00;92;kWh;0;64154;0;0;64154;64154
2024-12-26T23:00;2024-12-26T23:15;93;kWh;0;49616;0;0;49616;49616
2024-12-26T23:15;2024-12-26T23:30;94;kWh;0;75792;0;0;75792;75792
2024-12-26T23:30;2024-12-26T23:45;95;kWh;0;66717;0;0;66717;66717
2024-12-26T23:45;2024-12-27T00:00;96;kWh;0;36001;0;0;36001;36001
2024-12-27T00:00;2024-12-27T00:15;1;kWh;0;29359;0;0;29359;29359
2024-12-27T00:15;2024-12-27T00:30;2;kWh;0;21715;0;0;21715;21715
2024-12-27T00:30;2024-12-27T00:45;3;kWh;0;17513;0;0;17513;17513
2024-12-27T00:45;2024-12-27T01:00;4;kWh;0;6192;0;0;6192;6192
2024-12-27T01:00;2024-12-27T01:15;5;kWh;0;49120;0;0;49120;49120
2024-12-27T01:15;2024-12-27T01:30;6;kWh;0;42670;0;0;42670;42670
2024-12-27T01:30;2024-12-27T01:45;7;kWh;0;45435;0;0;45435;45435
2024-12-27T01:45;2024-12-27T02:00;8;kWh;0;25261;0;0;25261;25261
2024-12-27T02:00;2024-12-27T02:15;9;kWh;0;26125;0;0;26125;26125
2024-12-27T02:15;2024-12-27T02:30;10;kWh;0;45197;0;0;45197;45197
2024-12-27T02:30;2024-12-27T02:45;11;kWh;0;22859;0;0;22859;22859
2024-12-27T02:45;2024-12-27T03:00;12;kWh;-3225;628;0;0;3853;-2597
2024-12-27T03:00;2024-12-27T03:15;13;kWh;-1399;31309;0;0;32708;29910
2024-12-27T03:15;2024-12-27T03:30;14;kWh;0;27344;0;0;27344;27344
2024-12-27T03:30;2024-12-27T03:45;15;kWh;0;8121;0;0;8121;8121
2024-12-27T03:45;2024-12-27T04:00;16;kWh;0;1526;0;0;1526;1526
2024-12-27T04:00;2024-12-27T04:15;17;kWh;0;27774;0;0;27774;27774
2024-12-27T04:15;2024-12-27T04:30;18;kWh;0;17883;0;0;17883;17883
2024-12-27T04:30;2024-12-27T04:45;19;kWh;0;29780;0;0;29780;29780
2024-12-27T04:45;2024-12-27T05:00;20;kWh;0;15881;0;0;15881;15881
2024-12-27T05:00;2024-12-27T05:15;21;kWh;-1769;6944;0;0;8713;5175
2024-12-27T05:15;2024-12-27T05:30;22;kWh;0;16631;0;0;16631;16631
2024-12-27T05:30;2024-12-27T05:45;23;kWh;0;5634;0;0;5634;5634
2024-12-27T05:45;2024-12-27T06:00;24;kWh;-1720;14958;0;0;16678;13238
2024-12-27T06:00;2024-12-27T06:15;25;kWh;-20048;0;0;0;20048;-20048
2024-12-27T06:15;2024-12-27T06:30;26;kWh;-2429;0;0;0;2429;-2429
2024-12-27T06:30;2024-12-27T06:45;27;kWh;-22986;0;0;0;22986;-22986
2024-12-27T06:45;2024-12-27T07:00;28;kWh;-10776;0;0;0;10776;-10776
2024-12-27T07:00;2024-12-27T07:15;29;kWh;-60586;0;0;0;60586;-60586
2024-12-27T07:15;2024-12-27T07:30;30;kWh;-29133;0;0;0;29133;-29133
2024-12-27T07:30;2024-12-27T07:45;31;kWh;-12480;439;0;0;12919;-12041
2024-12-27T07:45;2024-12-27T08:00;32;kWh;-1761;372;0;0;2133;-1389
2024-12-27T08:00;2024-12-27T08:15;33;kWh;-22162;0;0;0;22162;-22162
2024-12-27T08:15;2024-12-27T08:30;34;kWh;-1149;12;0;0;1161;-1137
2024-12-27T08:30;2024-12-27T08:45;35;kWh;0;15570;0;0;15570;15570
2024-12-27T08:45;2024-12-27T09:00;36;kWh;0;19977;0;0;19977;19977
2024-12-27T09:00;2024-12-27T09:15;37;kWh;0;19446;0;0;19446;19446
2024-12-27T09:15;2024-12-27T09:30;38;kWh;0;3761;0;0;3761;3761
2024-12-27T09:30;2024-12-27T09:45;39;kWh;0;8646;0;0;8646;8646
2024-12-27T09:45;2024-12-27T10:00;40;kWh;-1857;187;0;0;2044;-1670
2024-12-27T10:00;2024-12-27T10:15;41;kWh;-1421;30724;0;0;32145;29303
2024-12-27T10:15;2024-12-27T10:30;42;kWh;-9901;1720;0;0;11621;-8181
2024-12-27T10:30;2024-12-27T10:45;43;kWh;-68854;0;0;0;68854;-68854
2024-12-27T10:45;2024-12-27T11:00;44;kWh;-38891;0;0;0;38891;-38891
2024-12-27T11:00;2024-12-27T11:15;45;kWh;-2740;10954;0;0;13694;8214
2024-12-27T11:15;2024-12-27T11:30;46;kWh;0;29399;0;0;29399;29399
2024-12-27T11:30;2024-12-27T11:45;47;kWh;0;44172;0;0;44172;44172
2024-12-27T11:45;2024-12-27T12:00;48;kWh;0;21280;0;0;21280;21280
2024-12-27T12:00;2024-12-27T12:15;49;kWh;0;47630;0;0;47630;47630
2024-12-27T12:15;2024-12-27T12:30;50;kWh;0;39968;0;0;39968;39968
2024-12-27T12:30;2024-12-27T12:45;51;kWh;0;22206;0;0;22206;22206
2024-12-27T12:45;2024-12-27T13:00;52;kWh;-53;18575;0;0;18628;18522
2024-12-27T13:00;2024-12-27T13:15;53;kWh;-20350;85;0;0;20435;-20265
2024-12-27T13:15;2024-12-27T13:30;54;kWh;-20449;0;0;0;20449;-20449
2024-12-27T13:30;2024-12-27T13:45;55;kWh;-5470;614;0;0;6084;-4856
2024-12-27T13:45;2024-12-27T14:00;56;kWh;0;4802;0;0;4802;4802
2024-12-27T14:00;2024-12-27T14:15;57;kWh;-3504;319;0;0;3823;-3185
2024-12-27T14:15;2024-12-27T14:30;58;kWh;-9650;0;0;0;9650;-9650
2024-12-27T14:30;2024-12-27T14:45;59;kWh;-402;3061;0;0;3463;2659
2024-12-27T14:45;2024-12-27T15:00;60;kWh;0;9543;0;0;9543;9543
2024-12-27T15:00;2024-12-27T15:15;61;kWh;-17122;0;0;0;17122;-17122
2024-12-27T15:15;2024-12-27T15:30;62;kWh;-646;15553;0;0;16199;14907
2024-12-27T15:30;2024-12-27T15:45;63;kWh;0;59754;0;0;59754;59754
2024-12-27T15:45;2024-12-27T16:00;64;kWh;0;84735;0;0;84735;84735
2024-12-27T16:00;2024-12-27T16:15;65;kWh;0;36471;0;0;36471;36471
2024-12-27T16:15;2024-12-27T16:30;66;kWh;0;32141;0;0;32141;32141
2024-12-27T16:30;2024-12-27T16:45;67;kWh;0;31432;0;0;31432;31432
2024-12-27T16:45;2024-12-27T17:00;68;kWh;0;34931;0;0;34931;34931
2024-12-27T17:00;2024-12-27T17:15;69;kWh;0;47239;0;0;47239;47239
2024-12-27T17:15;2024-12-27T17:30;70;kWh;0;52027;0;0;52027;52027
2024-12-27T17:30;2024-12-27T17:45;71;kWh;0;52542;0;0;52542;52542
2024-12-27T17:45;2024-12-27T18:00;72;kWh;0;50451;0;0;50451;50451
2024-12-27T18:00;2024-12-27T18:15;73;kWh;0;31867;0;0;31867;31867
2024-12-27T18:15;2024-12-27T18:30;74;kWh;0;41674;0;0;41674;41674
2024-12-27T18:30;2024-12-27T18:45;75;kWh;0;45228;0;0;45228;45228
2024-12-27T18:45;2024-12-27T19:00;76;kWh;0;41654;0;0;41654;41654
2024-12-27T19:00;2024-12-27T19:15;77;kWh;0;43368;0;0;43368;43368
2024-12-27T19:15;2024-12-27T19:30;78;kWh;0;48647;0;0;48647;48647
2024-12-27T19:30;2024-12-27T19:45;79;kWh;0;45969;0;0;45969;45969
2024-12-27T19:45;2024-12-27T20:00;80;kWh;0;26823;0;0;26823;26823
2024-12-27T20:00;2024-12-27T20:15;81;kWh;0;18957;0;0;18957;18957
2024-12-27T20:15;2024-12-27T20:30;82;kWh;0;26961;0;0;26961;26961
2024-12-27T20:30;2024-12-27T20:45;83;kWh;0;25808;0;0;25808;25808
2024-12-27T20:45;2024-12-27T21:00;84;kWh;0;19332;0;0;19332;19332
2024-12-27T21:00;2024-12-27T21:15;85;kWh;0;39124;0;0;39124;39124
2024-12-27T21:15;2024-12-27T21:30;86;kWh;0;19317;0;0;19317;19317
2024-12-27T21:30;2024-12-27T21:45;87;kWh;0;49;0;0;49;49
2024-12-27T21:45;2024-12-27T22:00;88;kWh;0;364;0;0;364;364
2024-12-27T22:00;2024-12-27T22:15;89;kWh;0;30703;0;0;30703;30703
2024-12-27T22:15;2024-12-27T22:30;90;kWh;0;40355;0;0;40355;40355
2024-12-27T22:30;2024-12-27T22:45;91;kWh;0;42346;0;0;42346;42346
2024-12-27T22:45;2024-12-27T23:00;92;kWh;0;47139;0;0;47139;47139
2024-12-27T23:00;2024-12-27T23:15;93;kWh;0;37317;0;0;37317;37317
2024-12-27T23:15;2024-12-27T23:30;94;kWh;0;34824;0;0;34824;34824
2024-12-27T23:30;2024-12-27T23:45;95;kWh;0;25343;0;0;25343;25343
2024-12-27T23:45;2024-12-28T00:00;96;kWh;0;3305;0;0;3305;3305
2024-12-28T00:00;2024-12-28T00:15;1;kWh;-211;0;0;0;211;-211
2024-12-28T00:15;2024-12-28T00:30;2;kWh;-6788;0;0;0;6788;-6788
2024-12-28T00:30;2024-12-28T00:45;3;kWh;-10983;2079;0;0;13062;-8904
2024-12-28T00:45;2024-12-28T01:00;4;kWh;-3711;4;0;0;3715;-3707
2024-12-28T01:00;2024-12-28T01:15;5;kWh;-1512;30026;0;0;31538;28514
2024-12-28T01:15;2024-12-28T01:30;6;kWh;-1430;6237;0;0;7667;4807
2024-12-28T01:30;2024-12-28T01:45;7;kWh;-2658;50;0;0;2708;-2608
2024-12-28T01:45;2024-12-28T02:00;8;kWh;-4359;0;0;0;4359;-4359
2024-12-28T02:00;2024-12-28T02:15;9;kWh;-408;33519;0;0;33927;33111
2024-12-28T02:15;2024-12-28T02:30;10;kWh;0;13392;0;0;13392;13392
2024-12-28T02:30;2024-12-28T02:45;11;kWh;-147;1613;0;0;1760;1466
2024-12-28T02:45;2024-12-28T03:00;12;kWh;0;1666;0;0;1666;1666
2024-12-28T03:00;2024-12-28T03:15;13;kWh;0;32565;0;0;32565;32565
2024-12-28T03:15;2024-12-28T03:30;14;kWh;0;29507;0;0;29507;29507
2024-12-28T03:30;2024-12-28T03:45;15;kWh;0;1604;0;0;1604;1604
2024-12-28T03:45;2024-12-28T04:00;16;kWh;0;512;0;0;512;512
2024-12-28T04:00;2024-12-28T04:15;17;kWh;0;28;0;0;28;28
2024-12-28T04:15;2024-12-28T04:30;18;kWh;0;0;0;0;0;0
2024-12-28T04:30;2024-12-28T04:45;19;kWh;-18;0;0;0;18;-18
2024-12-28T04:45;2024-12-28T05:00;20;kWh;-545;23;0;0;568;-522
2024-12-28T05:00;2024-12-28T05:15;21;kWh;0;5980;0;0;5980;5980
2024-12-28T05:15;2024-12-28T05:30;22;kWh;0;24994;0;0;24994;24994
2024-12-28T05:30;2024-12-28T05:45;23;kWh;0;55254;0;0;55254;55254
2024-12-28T05:45;2024-12-28T06:00;24;kWh;0;58912;0;0;58912;58912
2024-12-28T06:00;2024-12-28T06:15;25;kWh;0;44853;0;0;44853;44853
2024-12-28T06:15;2024-12-28T06:30;26;kWh;0;39936;0;0;39936;39936
2024-12-28T06:30;2024-12-28T06:45;27;kWh;0;16159;0;0;16159;16159
2024-12-28T06:45;2024-12-28T07:00;28;kWh;0;10171;0;0;10171;10171
2024-12-28T07:00;2024-12-28T07:15;29;kWh;0;12095;0;0;12095;12095
2024-12-28T07:15;2024-12-28T07:30;30;kWh;0;13279;0;0;13279;13279
2024-12-28T07:30;2024-12-28T07:45;31;kWh;0;18396;0;0;18396;18396
2024-12-28T07:45;2024-12-28T08:00;32;kWh;0;21800;0;0;21800;21800
2024-12-28T08:00;2024-12-28T08:15;33;kWh;-1248;405;0;0;1653;-843
2024-12-28T08:15;2024-12-28T08:30;34;kWh;0;5234;0;0;5234;5234
2024-12-28T08:30;2024-12-28T08:45;35;kWh;0;27224;0;0;27224;27224
2024-12-28T08:45;2024-12-28T09:00;36;kWh;0;8919;0;0;8919;8919
2024-12-28T09:00;2024-12-28T09:15;37;kWh;0;0;0;0;0;0
2024-12-28T09:15;2024-12-28T09:30;38;kWh;-1094;0;0;0;1094;-1094
2024-12-28T09:30;2024-12-28T09:45;39;kWh;-14155;0;0;0;14155;-14155
2024-12-28T09:45;2024-12-28T10:00;40;kWh;-70288;0;0;0;70288;-70288
2024-12-28T10:00;2024-12-28T10:15;41;kWh;-68194;0;0;0;68194;-68194
2024-12-28T10:15;2024-12-28T10:30;42;kWh;-70690;0;0;0;70690;-70690
2024-12-28T10:30;2024-12-28T10:45;43;kWh;-73007;0;0;0;73007;-73007
2024-12-28T10:45;2024-12-28T11:00;44;kWh;-63471;0;0;0;63471;-63471
2024-12-28T11:00;2024-12-28T11:15;45;kWh;-17882;325;0;0;18207;-17557
2024-12-28T11:15;2024-12-28T11:30;46;kWh;-1024;0;0;0;1024;-1024
2024-12-28T11:30;2024-12-28T11:45;47;kWh;-158;1250;0;0;1408;1092
2024-12-28T11:45;2024-12-28T12:00;48;kWh;0;3125;0;0;3125;3125
2024-12-28T12:00;2024-12-28T12:15;49;kWh;0;22932;0;0;22932;22932
2024-12-28T12:15;2024-12-28T12:30;50;kWh;0;33690;0;0;33690;33690
2024-12-28T12:30;2024-12-28T12:45;51;kWh;0;50722;0;0;50722;50722
2024-12-28T12:45;2024-12-28T13:00;52;kWh;0;32612;0;0;32612;32612
2024-12-28T13:00;2024-12-28T13:15;53;kWh;-768;1062;0;0;1830;294
2024-12-28T13:15;2024-12-28T13:30;54;kWh;-706;0;0;0;706;-706
2024-12-28T13:30;2024-12-28T13:45;55;kWh;0;16149;0;0;16149;16149
2024-12-28T13:45;2024-12-28T14:00;56;kWh;0;59072;0;0;59072;59072
2024-12-28T14:00;2024-12-28T14:15;57;kWh;0;32871;0;0;32871;32871
2024-12-28T14:15;2024-12-28T14:30;58;kWh;0;9895;0;0;9895;9895
2024-12-28T14:30;2024-12-28T14:45;59;kWh;0;32420;0;0;32420;32420
2024-12-28T14:45;2024-12-28T15:00;60;kWh;0;64508;0;0;64508;64508
2024-12-28T15:00;2024-12-28T15:15;61;kWh;-684;3912;0;0;4596;3228
2024-12-28T15:15;2024-12-28T15:30;62;kWh;-4350;1387;0;0;5737;-2963
2024-12-28T15:30;2024-12-28T15:45;63;kWh;0;13321;0;0;13321;13321
2024-12-28T15:45;2024-12-28T16:00;64;kWh;0;42502;0;0;42502;42502
2024-12-28T16:00;2024-12-28T16:15;65;kWh;-15585;9446;0;0;25031;-6139
2024-12-28T16:15;2024-12-28T16:30;66;kWh;-78976;0;0;0;78976;-78976
2024-12-28T16:30;2024-12-28T16:45;67;kWh;-43625;80;0;0;43705;-43545
2024-12-28T16:45;2024-12-28T17:00;68;kWh;-608;23508;0;0;24116;22900
2024-12-28T17:00;2024-12-28T17:15;69;kWh;0;34869;0;0;34869;34869
2024-12-28T17:15;2024-12-28T17:30;70;kWh;-29612;904;0;0;30516;-28708
2024-12-28T17:30;2024-12-28T17:45;71;kWh;-10247;0;0;0;10247;-10247
2024-12-28T17:45;2024-12-28T18:00;72;kWh;-324;18067;0;0;18391;17743
2024-12-28T18:00;2024-12-28T18:15;73;kWh;0;30048;0;0;30048;30048
2024-12-28T18:15;2024-12-28T18:30;74;kWh;0;42374;0;0;42374;42374
2024-12-28T18:30;2024-12-28T18:45;75;kWh;0;56688;0;0;56688;56688
2024-12-28T18:45;2024-12-28T19:00;76;kWh;0;31505;0;0;31505;31505
2024-12-28T19:00;2024-12-28T19:15;77;kWh;-15;17448;0;0;17463;17433
2024-12-28T19:15;2024-12-28T19:30;78;kWh;-185;25907;0;0;26092;25722
2024-12-28T19:30;2024-12-28T19:45;79;kWh;-3772;10179;0;0;13951;6407
2024-12-28T19:45;2024-12-28T20:00;80;kWh;-13896;0;0;0;13896;-13896
2024-12-28T20:00;2024-12-28T20:15;81;kWh;0;33997;0;0;33997;33997
2024-12-28T20:15;2024-12-28T20:30;82;kWh;0;35106;0;0;35106;35106
2024-12-28T20:30;2024-12-28T20:45;83;kWh;0;24507;0;0;24507;24507
2024-12-28T20:45;2024-12-28T21:00;84;kWh;0;16334;0;0;16334;16334
2024-12-28T21:00;2024-12-28T21:15;85;kWh;0;12660;0;0;12660;12660
2024-12-28T21:15;2024-12-28T21:30;86;kWh;0;12305;0;0;12305;12305
2024-12-28T21:30;2024-12-28T21:45;87;kWh;0;14390;0;0;14390;14390
2024-12-28T21:45;2024-12-28T22:00;88;kWh;-10807;473;0;0;11280;-10334
2024-12-28T22:00;2024-12-28T22:15;89;kWh;-19509;0;0;0;19509;-19509
2024-12-28T22:15;2024-12-28T22:30;90;kWh;-17293;0;0;0;17293;-17293
2024-12-28T22:30;2024-12-28T22:45;91;kWh;-4468;0;0;0;4468;-4468
2024-12-28T22:45;2024-12-28T23:00;92;kWh;-1611;0;0;0;1611;-1611
2024-12-28T23:00;2024-12-28T23:15;93;kWh;-352;27777;0;0;28129;27425
2024-12-28T23:15;2024-12-28T23:30;94;kWh;0;7159;0;0;7159;7159
2024-12-28T23:30;2024-12-28T23:45;95;kWh;-378;9745;0;0;10123;9367
2024-12-28T23:45;2024-12-29T00:00;96;kWh;-4419;9;0;0;4428;-4410
2024-12-29T00:00;2024-12-29T00:15;1;kWh;-11232;945;0;0;12177;-10287
2024-12-29T00:15;2024-12-29T00:30;2;kWh;-18668;1824;0;0;20492;-16844
2024-12-29T00:30;2024-12-29T00:45;3;kWh;-40274;0;0;0;40274;-40274
2024-12-29T00:45;2024-12-29T01:00;4;kWh;-50655;0;0;0;50655;-50655
2024-12-29T01:00;2024-12-29T01:15;5;kWh;-44799;0;0;0;44799;-44799
2024-12-29T01:15;2024-12-29T01:30;6;kWh;-66696;0;0;0;66696;-66696
2024-12-29T01:30;2024-12-29T01:45;7;kWh;-26444;0;0;0;26444;-26444
2024-12-29T01:45;2024-12-29T02:00;8;kWh;-4263;0;0;0;4263;-4263
2024-12-29T02:00;2024-12-29T02:15;9;kWh;-184;38465;0;0;38649;38281
2024-12-29T02:15;2024-12-29T02:30;10;kWh;0;32189;0;0;32189;32189
2024-12-29T02:30;2024-12-29T02:45;11;kWh;0;21841;0;0;21841;21841
2024-12-29T02:45;2024-12-29T03:00;12;kWh;0;22275;0;0;22275;22275
2024-12-29T03:00;2024-12-29T03:15;13;kWh;0;34151;0;0;34151;34151
2024-12-29T03:15;2024-12-29T03:30;14;kWh;0;20762;0;0;20762;20762
2024-12-29T03:30;2024-12-29T03:45;15;kWh;0;22997;0;0;22997;22997
2024-12-29T03:45;2024-12-29T04:00;16;kWh;0;27789;0;0;27789;27789
2024-12-29T04:00;2024-12-29T04:15;17;kWh;0;27836;0;0;27836;27836
2024-12-29T04:15;2024-12-29T04:30;18;kWh;0;46025;0;0;46025;46025
2024-12-29T04:30;2024-12-29T04:45;19;kWh;-302;8395;0;0;8697;8093
2024-12-29T04:45;2024-12-29T05:00;20;kWh;-1301;4176;0;0;5477;2875
2024-12-29T05:00;2024-12-29T05:15;21;kWh;-3753;418;0;0;4171;-3335
2024-12-29T05:15;2024-12-29T05:30;22;kWh;-2791;0;0;0;2791;-2791
2024-12-29T05:30;2024-12-29T05:45;23;kWh;0;2594;0;0;2594;2594
2024-12-29T05:45;2024-12-29T06:00;24;kWh;0;4478;0;0;4478;4478
2024-12-29T06:00;2024-12-29T06:15;25;kWh;0;3670;0;0;3670;3670
2024-12-29T06:15;2024-12-29T06:30;26;kWh;0;15506;0;0;15506;15506
2024-12-29T06:30;2024-12-29T06:45;27;kWh;0;44149;0;0;44149;44149
2024-12-29T06:45;2024-12-29T07:00;28;kWh;0;59663;0;0;59663;59663
2024-12-29T07:00;2024-12-29T07:15;29;kWh;0;79145;0;0;79145;79145
2024-12-29T07:15;2024-12-29T07:30;30;kWh;0;61629;0;0;61629;61629
2024-12-29T07:30;2024-12-29T07:45;31;kWh;0;49677;0;0;49677;49677
2024-12-29T07:45;2024-12-29T08:00;32;kWh;-61;51739;0;0;51800;51678
2024-12-29T08:00;2024-12-29T08:15;33;kWh;-31278;451;0;0;31729;-30827
2024-12-29T08:15;2024-12-29T08:30;34;kWh;-38720;0;0;0;38720;-38720
2024-12-29T08:30;2024-12-29T08:45;35;kWh;-37236;0;0;0;37236;-37236
2024-12-29T08:45;2024-12-29T09:00;36;kWh;-67613;0;0;0;67613;-67613
2024-12-29T09:00;2024-12-29T09:15;37;kWh;-81797;0;0;0;81797;-81797
2024-12-29T09:15;2024-12-29T09:30;38;kWh;-85476;0;0;0;85476;-85476
2024-12-29T09:30;2024-12-29T09:45;39;kWh;-90530;0;0;0;90530;-90530
2024-12-29T09:45;2024-12-29T10:00;40;kWh;-70418;0;0;0;70418;-70418
2024-12-29T10:00;2024-12-29T10:15;41;kWh;-21394;687;0;0;22081;-20707
2024-12-29T10:15;2024-12-29T10:30;42;kWh;-47663;0;0;0;47663;-47663
2024-12-29T10:30;2024-12-29T10:45;43;kWh;-52571;0;0;0;52571;-52571
2024-12-29T10:45;2024-12-29T11:00;44;kWh;-52551;0;0;0;52551;-52551
2024-12-29T11:00;2024-12-29T11:15;45;kWh;-12427;31164;0;0;43591;18737
2024-12-29T11:15;2024-12-29T11:30;46;kWh;0;32401;0;0;32401;32401
2024-12-29T11:30;2024-12-29T11:45;47;kWh;0;34867;0;0;34867;34867
2024-12-29T11:45;2024-12-29T12:00;48;kWh;0;51021;0;0;51021;51021
2024-12-29T12:00;2024-12-29T12:15;49;kWh;0;41585;0;0;41585;41585
2024-12-29T12:15;2024-12-29T12:30;50;kWh;0;3000;0;0;3000;3000
2024-12-29T12:30;2024-12-29T12:45;51;kWh;0;51855;0;0;51855;51855
2024-12-29T12:45;2024-12-29T13:00;52;kWh;0;55686;0;0;55686;55686
2024-12-29T13:00;2024-12-29T13:15;53;kWh;0;46670;0;0;46670;46670
2024-12-29T13:15;2024-12-29T13:30;54;kWh;0;45889;0;0;45889;45889
2024-12-29T13:30;2024-12-29T13:45;55;kWh;0;20116;0;0;20116;20116
2024-12-29T13:45;2024-12-29T14:00;56;kWh;0;2410;0;0;2410;2410
2024-12-29T14:00;2024-12-29T14:15;57;kWh;0;2247;0;0;2247;2247
2024-12-29T14:15;2024-12-29T14:30;58;kWh;0;0;0;0;0;0
2024-12-29T14:30;2024-12-29T14:45;59;kWh;0;0;0;0;0;0
2024-12-29T14:45;2024-12-29T15:00;60;kWh;0;9900;0;0;9900;9900
2024-12-29T15:00;2024-12-29T15:15;61;kWh;-53253;1536;0;0;54789;-51717
2024-12-29T15:15;2024-12-29T15:30;62;kWh;-28003;0;0;0;28003;-28003
2024-12-29T15:30;2024-12-29T15:45;63;kWh;-24424;0;0;0;24424;-24424
2024-12-29T15:45;2024-12-29T16:00;64;kWh;-24666;0;0;0;24666;-24666
2024-12-29T16:00;2024-12-29T16:15;65;kWh;-31660;0;0;0;31660;-31660
2024-12-29T16:15;2024-12-29T16:30;66;kWh;-37811;0;0;0;37811;-37811
2024-12-29T16:30;2024-12-29T16:45;67;kWh;-57145;0;0;0;57145;-57145
2024-12-29T16:45;2024-12-29T17:00;68;kWh;-25597;0;0;0;25597;-25597
2024-12-29T17:00;2024-12-29T17:15;69;kWh;-3859;0;0;0;3859;-3859
2024-12-29T17:15;2024-12-29T17:30;70;kWh;-6010;2;0;0;6012;-6008
2024-12-29T17:30;2024-12-29T17:45;71;kWh;-9;15672;0;0;15681;15663
2024-12-29T17:45;2024-12-29T18:00;72;kWh;-21441;383;0;0;21824;-21058
2024-12-29T18:00;2024-12-29T18:15;73;kWh;-628;63464;0;0;64092;62836
2024-12-29T18:15;2024-12-29T18:30;74;kWh;0;34527;0;0;34527;34527
2024-12-29T18:30;2024-12-29T18:45;75;kWh;-11878;2299;0;0;14177;-9579
2024-12-29T18:45;2024-12-29T19:00;76;kWh;-38060;0;0;0;38060;-38060
2024-12-29T19:00;2024-12-29T19:15;77;kWh;-25404;0;0;0;25404;-25404
2024-12-29T19:15;2024-12-29T19:30;78;kWh;-25700;0;0;0;25700;-25700
2024-12-29T19:30;2024-12-29T19:45;79;kWh;-22889;0;0;0;22889;-22889
2024-12-29T19:45;2024-12-29T20:00;80;kWh;-37060;0;0;0;37060;-37060
2024-12-29T20:00;2024-12-29T20:15;81;kWh;-28786;1308;0;0;30094;-27478
2024-12-29T20:15;2024-12-29T20:30;82;kWh;-906;14492;0;0;15398;13586
2024-12-29T20:30;2024-12-29T20:45;83;kWh;-3920;4049;0;0;7969;129
2024-12-29T20:45;2024-12-29T21:00;84;kWh;0;20691;0;0;20691;20691
2024-12-29T21:00;2024-12-29T21:15;85;kWh;-383;3105;0;0;3488;2722
2024-12-29T21:15;2024-12-29T21:30;86;kWh;0;34921;0;0;34921;34921
2024-12-29T21:30;2024-12-29T21:45;87;kWh;0;30046;0;0;30046;30046
2024-12-29T21:45;2024-12-29T22:00;88;kWh;0;38249;0;0;38249;38249
2024-12-29T22:00;2024-12-29T22:15;89;kWh;0;23724;0;0;23724;23724
2024-12-29T22:15;2024-12-29T22:30;90;kWh;0;54658;0;0;54658;54658
2024-12-29T22:30;2024-12-29T22:45;91;kWh;0;36573;0;0;36573;36573
2024-12-29T22:45;2024-12-29T23:00;92;kWh;0;16300;0;0;16300;16300
2024-12-29T23:00;2024-12-29T23:15;93;kWh;0;10599;0;0;10599;10599
2024-12-29T23:15;2024-12-29T23:30;94;kWh;-666;15869;0;0;16535;15203
2024-12-29T23:30;2024-12-29T23:45;95;kWh;-18240;0;0;0;18240;-18240
2024-12-29T23:45;2024-12-30T00:00;96;kWh;-24560;0;0;0;24560;-24560
2024-12-30T00:00;2024-12-30T00:15;1;kWh;-21183;6506;0;0;27689;-14677
2024-12-30T00:15;2024-12-30T00:30;2;kWh;-5522;34128;0;0;39650;28606
2024-12-30T00:30;2024-12-30T00:45;3;kWh;-21103;0;0;0;21103;-21103
2024-12-30T00:45;2024-12-30T01:00;4;kWh;-23544;0;0;0;23544;-23544
2024-12-30T01:00;2024-12-30T01:15;5;kWh;-25227;0;0;0;25227;-25227
2024-12-30T01:15;2024-12-30T01:30;6;kWh;-27405;0;0;0;27405;-27405
2024-12-30T01:30;2024-12-30T01:45;7;kWh;-27217;0;0;0;27217;-27217
2024-12-30T01:45;2024-12-30T02:00;8;kWh;-16790;0;0;0;16790;-16790
2024-12-30T02:00;2024-12-30T02:15;9;kWh;-6841;29318;0;0;36159;22477
2024-12-30T02:15;2024-12-30T02:30;10;kWh;-986;9880;0;0;10866;8894
2024-12-30T02:30;2024-12-30T02:45;11;kWh;-4316;13468;0;0;17784;9152
2024-12-30T02:45;2024-12-30T03:00;12;kWh;-4704;25945;0;0;30649;21241
2024-12-30T03:00;2024-12-30T03:15;13;kWh;-19808;8263;0;0;28071;-11545
2024-12-30T03:15;2024-12-30T03:30;14;kWh;-4808;14639;0;0;19447;9831
2024-12-30T03:30;2024-12-30T03:45;15;kWh;-25609;0;0;0;25609;-25609
2024-12-30T03:45;2024-12-30T04:00;16;kWh;-7097;0;0;0;7097;-7097
2024-12-30T04:00;2024-12-30T04:15;17;kWh;-17736;1291;0;0;19027;-16445
2024-12-30T04:15;2024-12-30T04:30;18;kWh;-1665;8764;0;0;10429;7099
2024-12-30T04:30;2024-12-30T04:45;19;kWh;-2438;385;0;0;2823;-2053
2024-12-30T04:45;2024-12-30T05:00;20;kWh;-5216;2178;0;0;7394;-3038
2024-12-30T05:00;2024-12-30T05:15;21;kWh;-26532;0;0;0;26532;-26532
2024-12-30T05:15;2024-12-30T05:30;22;kWh;-1744;319;0;0;2063;-1425
2024-12-30T05:30;2024-12-30T05:45;23;kWh;-359;23395;0;0;23754;23036
2024-12-30T05:45;2024-12-30T06:00;24;kWh;0;40754;0;0;40754;40754
2024-12-30T06:00;2024-12-30T06:15;25;kWh;-2749;5404;0;0;8153;2655
2024-12-30T06:15;2024-12-30T06:30;26;kWh;-62;11226;0;0;11288;11164
2024-12-30T06:30;2024-12-30T06:45;27;kWh;0;38905;0;0;38905;38905
2024-12-30T06:45;2024-12-30T07:00;28;kWh;0;40874;0;0;40874;40874
2024-12-30T07:00;2024-12-30T07:15;29;kWh;-1957;5075;0;0;7032;3118
2024-12-30T07:15;2024-12-30T07:30;30;kWh;-215;15742;0;0;15957;15527
2024-12-30T07:30;2024-12-30T07:45;31;kWh;0;19477;0;0;19477;19477
2024-12-30T07:45;2024-12-30T08:00;32;kWh;-148;29667;0;0;29815;29519
2024-12-30T08:00;2024-12-30T08:15;33;kWh;-3544;3634;0;0;7178;90
2024-12-30T08:15;2024-12-30T08:30;34;kWh;0;17267;0;0;17267;17267
2024-12-30T08:30;2024-12-30T08:45;35;kWh;0;9965;0;0;9965;9965
2024-12-30T08:45;2024-12-30T09:00;36;kWh;0;13290;0;0;13290;13290
2024-12-30T09:00;2024-12-30T09:15;37;kWh;0;46457;0;0;46457;46457
2024-12-30T09:15;2024-12-30T09:30;38;kWh;0;42422;0;0;42422;42422
2024-12-30T09:30;2024-12-30T09:45;39;kWh;0;21045;0;0;21045;21045
2024-12-30T09:45;2024-12-30T10:00;40;kWh;0;16466;0;0;16466;16466
2024-12-30T10:00;2024-12-30T10:15;41;kWh;0;57449;0;0;57449;57449
2024-12-30T10:15;2024-12-30T10:30;42;kWh;0;51135;0;0;51135;51135
2024-12-30T10:30;2024-12-30T10:45;43;kWh;0;50014;0;0;50014;50014
2024-12-30T10:45;2024-12-30T11:00;44;kWh;0;38285;0;0;38285;38285
2024-12-30T11:00;2024-12-30T11:15;45;kWh;0;48389;0;0;48389;48389
2024-12-30T11:15;2024-12-30T11:30;46;kWh;0;44427;0;0;44427;44427
2024-12-30T11:30;2024-12-30T11:45;47;kWh;0;32594;0;0;32594;32594
2024-12-30T11:45;2024-12-30T12:00;48;kWh;0;26449;0;0;26449;26449
2024-12-30T12:00;2024-12-30T12:15;49;kWh;0;24851;0;0;24851;24851
2024-12-30T12:15;2024-12-30T12:30;50;kWh;0;35955;0;0;35955;35955
2024-12-30T12:30;2024-12-30T12:45;51;kWh;0;15510;0;0;15510;15510
2024-12-30T12:45;2024-12-30T13:00;52;kWh;0;574;0;0;574;574
2024-12-30T13:00;2024-12-30T13:15;53;kWh;0;3486;0;0;3486;3486
2024-12-30T13:15;2024-12-30T13:30;54;kWh;-5060;47;0;0;5107;-5013
2024-12-30T13:30;2024-12-30T13:45;55;kWh;-24359;208;0;0;24567;-24151
2024-12-30T13:45;2024-12-30T14:00;56;kWh;-222;16337;0;0;16559;16115
2024-12-30T14:00;2024-12-30T14:15;57;kWh;-18462;290;0;0;18752;-18172
2024-12-30T14:15;2024-12-30T14:30;58;kWh;-5869;13643;0;0;19512;7774
2024-12-30T14:30;2024-12-30T14:45;59;kWh;-38480;0;0;0;38480;-38480
2024-12-30T14:45;2024-12-30T15:00;60;kWh;-21537;0;0;0;21537;-21537
2024-12-30T15:00;2024-12-30T15:15;61;kWh;-9795;11914;0;0;21709;2119
2024-12-30T15:15;2024-12-30T15:30;62;kWh;0;22515;0;0;22515;22515
2024-12-30T15:30;2024-12-30T15:45;63;kWh;-1184;1777;0;0;2961;593
2024-12-30T15:45;2024-12-30T16:00;64;kWh;-10432;362;0;0;10794;-10070
2024-12-30T16:00;2024-12-30T16:15;65;kWh;-10579;4730;0;0;15309;-5849
2024-12-30T16:15;2024-12-30T16:30;66;kWh;-30630;1;0;0;30631;-30629
2024-12-30T16:30;2024-12-30T16:45;67;kWh;-1019;74;0;0;1093;-945
2024-12-30T16:45;2024-12-30T17:00;68;kWh;0;16196;0;0;16196;16196
2024-12-30T17:00;2024-12-30T17:15;69;kWh;-671;8987;0;0;9658;8316
2024-12-30T17:15;2024-12-30T17:30;70;kWh;0;34835;0;0;34835;34835
2024-12-30T17:30;2024-12-30T17:45;71;kWh;0;5752;0;0;5752;5752
2024-12-30T17:45;2024-12-30T18:00;72;kWh;0;5207;0;0;5207;5207
2024-12-30T18:00;2024-12-30T18:15;73;kWh;-13162;261;0;0;13423;-12901
2024-12-30T18:15;2024-12-30T18:30;74;kWh;-3218;591;0;0;3809;-2627
2024-12-30T18:30;2024-12-30T18:45;75;kWh;-34930;0;0;0;34930;-34930
2024-12-30T18:45;2024-12-30T19:00;76;kWh;-23327;239;0;0;23566;-23088
2024-12-30T19:00;2024-12-30T19:15;77;kWh;-134;16182;0;0;16316;16048
2024-12-30T19:15;2024-12-30T19:30;78;kWh;-37389;177;0;0;37566;-37212
2024-12-30T19:30;2024-12-30T19:45;79;kWh;-23275;0;0;0;23275;-23275
2024-12-30T19:45;2024-12-30T20:00;80;kWh;-18376;464;0;0;18840;-17912
2024-12-30T20:00;2024-12-30T20:15;81;kWh;-82;34948;0;0;35030;34866
2024-12-30T20:15;2024-12-30T20:30;82;kWh;-45;7629;0;0;7674;7584
2024-12-30T20:30;2024-12-30T20:45;83;kWh;0;41462;0;0;41462;41462
2024-12-30T20:45;2024-12-30T21:00;84;kWh;0;53252;0;0;53252;53252
2024-12-30T21:00;2024-12-30T21:15;85;kWh;0;18436;0;0;18436;18436
2024-12-30T21:15;2024-12-30T21:30;86;kWh;0;25289;0;0;25289;25289
2024-12-30T21:30;2024-12-30T21:45;87;kWh;0;24715;0;0;24715;24715
2024-12-30T21:45;2024-12-30T22:00;88;kWh;0;34019;0;0;34019;34019
2024-12-30T22:00;2024-12-30T22:15;89;kWh;-702;7975;0;0;8677;7273
2024-12-30T22:15;2024-12-30T22:30;90;kWh;0;13833;0;0;13833;13833
2024-12-30T22:30;2024-12-30T22:45;91;kWh;0;41356;0;0;41356;41356
2024-12-30T22:45;2024-12-30T23:00;92;kWh;0;18251;0;0;18251;18251
2024-12-30T23:00;2024-12-30T23:15;93;kWh;-29361;524;0;0;29885;-28837
2024-12-30T23:15;2024-12-30T23:30;94;kWh;-952;25654;0;0;26606;24702
2024-12-30T23:30;2024-12-30T23:45;95;kWh;-12038;17690;0;0;29728;5652
2024-12-30T23:45;2024-12-31T00:00;96;kWh;-1795;49200;0;0;50995;47405
2024-12-31T00:00;2024-12-31T00:15;1;kWh;-2951;47240;0;0;50191;44289
2024-12-31T00:15;2024-12-31T00:30;2;kWh;0;71717;0;0;71717;71717
2024-12-31T00:30;2024-12-31T00:45;3;kWh;0;7790;0;0;7790;7790
2024-12-31T00:45;2024-12-31T01:00;4;kWh;-735;10557;0;0;11292;9822
2024-12-31T01:00;2024-12-31T01:15;5;kWh;-4977;10978;0;0;15955;6001
2024-12-31T01:15;2024-12-31T01:30;6;kWh;-4555;9908;0;0;14463;5353
2024-12-31T01:30;2024-12-31T01:45;7;kWh;-3074;2848;0;0;5922;-226
2024-12-31T01:45;2024-12-31T02:00;8;kWh;-320;10886;0;0;11206;10566
2024-12-31T02:00;2024-12-31T02:15;9;kWh;-14468;108;0;0;14576;-14360
2024-12-31T02:15;2024-12-31T02:30;10;kWh;-391;2970;0;0;3361;2579
2024-12-31T02:30;2024-12-31T02:45;11;kWh;0;16259;0;0;16259;16259
2024-12-31T02:45;2024-12-31T03:00;12;kWh;0;11511;0;0;11511;11511
2024-12-31T03:00;2024-12-31T03:15;13;kWh;-7061;453;0;0;7514;-6608
2024-12-31T03:15;2024-12-31T03:30;14;kWh;-1471;0;0;0;1471;-1471
2024-12-31T03:30;2024-12-31T03:45;15;kWh;-4218;0;0;0;4218;-4218
2024-12-31T03:45;2024-12-31T04:00;16;kWh;-3830;0;0;0;3830;-3830
2024-12-31T04:00;2024-12-31T04:15;17;kWh;-3259;0;0;0;3259;-3259
2024-12-31T04:15;2024-12-31T04:30;18;kWh;-13739;0;0;0;13739;-13739
2024-12-31T04:30;2024-12-31T04:45;19;kWh;-2656;2192;0;0;4848;-464
2024-12-31T04:45;2024-12-31T05:00;20;kWh;-11185;47;0;0;11232;-11138
2024-12-31T05:00;2024-12-31T05:15;21;kWh;-13627;3732;0;0;17359;-9895
2024-12-31T05:15;2024-12-31T05:30;22;kWh;-7079;12103;0;0;19182;5024
2024-12-31T05:30;2024-12-31T05:45;23;kWh;-6234;20324;0;0;26558;14090
2024-12-31T05:45;2024-12-31T06:00;24;kWh;0;42689;0;0;42689;42689
2024-12-31T06:00;2024-12-31T06:15;25;kWh;-7822;3347;0;0;11169;-4475
2024-12-31T06:15;2024-12-31T06:30;26;kWh;-34191;195;0;0;34386;-33996
2024-12-31T06:30;2024-12-31T06:45;27;kWh;-22356;11189;0;0;33545;-11167
2024-12-31T06:45;2024-12-31T07:00;28;kWh;-2059;17522;0;0;19581;15463
2024-12-31T07:00;2024-12-31T07:15;29;kWh;-23134;2266;0;0;25400;-20868
2024-12-31T07:15;2024-12-31T07:30;30;kWh;-609;22404;0;0;23013;21795
2024-12-31T07:30;2024-12-31T07:45;31;kWh;-8795;2685;0;0;11480;-6110
2024-12-31T07:45;2024-12-31T08:00;32;kWh;0;8669;0;0;8669;8669
2024-12-31T08:00;2024-12-31T08:15;33;kWh;-10817;0;0;0;10817;-10817
2024-12-31T08:15;2024-12-31T08:30;34;kWh;-3161;0;0;0;3161;-3161
2024-12-31T08:30;2024-12-31T08:45;35;kWh;-4201;0;0;0;4201;-4201
2024-12-31T08:45;2024-12-31T09:00;36;kWh;-15600;0;0;0;15600;-15600
2024-12-31T09:00;2024-12-31T09:15;37;kWh;-467;35217;0;0;35684;34750
2024-12-31T09:15;2024-12-31T09:30;38;kWh;-144;6153;0;0;6297;6009
2024-12-31T09:30;2024-12-31T09:45;39;kWh;0;23138;0;0;23138;23138
2024-12-31T09:45;2024-12-31T10:00;40;kWh;0;31161;0;0;31161;31161
2024-12-31T10:00;2024-12-31T10:15;41;kWh;0;48738;0;0;48738;48738
2024-12-31T10:15;2024-12-31T10:30;42;kWh;0;30113;0;0;30113;30113
2024-12-31T10:30;2024-12-31T10:45;43;kWh;0;17884;0;0;17884;17884
2024-12-31T10:45;2024-12-31T11:00;44;kWh;-475;325;0;0;800;-150
2024-12-31T11:00;2024-12-31T11:15;45;kWh;0;43193;0;0;43193;43193
2024-12-31T11:15;2024-12-31T11:30;46;kWh;0;50299;0;0;50299;50299
2024-12-31T11:30;2024-12-31T11:45;47;kWh;0;51779;0;0;51779;51779
2024-12-31T11:45;2024-12-31T12:00;48;kWh;0;50228;0;0;50228;50228
2024-12-31T12:00;2024-12-31T12:15;49;kWh;0;71813;0;0;71813;71813
2024-12-31T12:15;2024-12-31T12:30;50;kWh;0;96077;0;0;96077;96077
2024-12-31T12:30;2024-12-31T12:45;51;kWh;0;86394;0;0;86394;86394
2024-12-31T12:45;2024-12-31T13:00;52;kWh;0;75698;0;0;75698;75698
2024-12-31T13:00;2024-12-31T13:15;53;kWh;0;73321;0;0;73321;73321
2024-12-31T13:15;2024-12-31T13:30;54;kWh;0;57051;0;0;57051;57051
2024-12-31T13:30;2024-12-31T13:45;55;kWh;0;51229;0;0;51229;51229
2024-12-31T13:45;2024-12-31T14:00;56;kWh;0;33751;0;0;33751;33751
2024-12-31T14:00;2024-12-31T14:15;57;kWh;-17666;108;0;0;17774;-17558
2024-12-31T14:15;2024-12-31T14:30;58;kWh;-802;25838;0;0;26640;25036
2024-12-31T14:30;2024-12-31T14:45;59;kWh;0;3058;0;0;3058;3058
2024-12-31T14:45;2024-12-31T15:00;60;kWh;0;9720;0;0;9720;9720
2024-12-31T15:00;2024-12-31T15:15;61;kWh;-3648;107;0;0;3755;-3541
2024-12-31T15:15;2024-12-31T15:30;62;kWh;-20438;0;0;0;20438;-20438
2024-12-31T15:30;2024-12-31T15:45;63;kWh;-1129;20;0;0;1149;-1109
2024-12-31T15:45;2024-12-31T16:00;64;kWh;0;509;0;0;509;509
2024-12-31T16:00;2024-12-31T16:15;65;kWh;0;1321;0;0;1321;1321
2024-12-31T16:15;2024-12-31T16:30;66;kWh;0;22792;0;0;22792;22792
2024-12-31T16:30;2024-12-31T16:45;67;kWh;0;37903;0;0;37903;37903
2024-12-31T16:45;2024-12-31T17:00;68;kWh;0;34717;0;0;34717;34717
2024-12-31T17:00;2024-12-31T17:15;69;kWh;0;47555;0;0;47555;47555
2024-12-31T17:15;2024-12-31T17:30;70;kWh;0;24392;0;0;24392;24392
2024-12-31T17:30;2024-12-31T17:45;71;kWh;0;33463;0;0;33463;33463
2024-12-31T17:45;2024-12-31T18:00;72;kWh;0;15399;0;0;15399;15399
2024-12-31T18:00;2024-12-31T18:15;73;kWh;0;34116;0;0;34116;34116
2024-12-31T18:15;2024-12-31T18:30;74;kWh;0;39428;0;0;39428;39428
2024-12-31T18:30;2024-12-31T18:45;75;kWh;-3572;10256;0;0;13828;6684
2024-12-31T18:45;2024-12-31T19:00;76;kWh;-34833;0;0;0;34833;-34833
2024-12-31T19:00;2024-12-31T19:15;77;kWh;-41094;0;0;0;41094;-41094
2024-12-31T19:15;2024-12-31T19:30;78;kWh;-18881;161;0;0;19042;-18720
2024-12-31T19:30;2024-12-31T19:45;79;kWh;-59182;0;0;0;59182;-59182
2024-12-31T19:45;2024-12-31T20:00;80;kWh;-58194;0;0;0;58194;-58194
2024-12-31T20:00;2024-12-31T20:15;81;kWh;-30581;0;0;0;30581;-30581
2024-12-31T20:15;2024-12-31T20:30;82;kWh;-7195;0;0;0;7195;-7195
2024-12-31T20:30;2024-12-31T20:45;83;kWh;-10453;0;0;0;10453;-10453
2024-12-31T20:45;2024-12-31T21:00;84;kWh;-23742;0;0;0;23742;-23742
2024-12-31T21:00;2024-12-31T21:15;85;kWh;-1579;5347;0;0;6926;3768
2024-12-31T21:15;2024-12-31T21:30;86;kWh;-8361;449;0;0;8810;-7912
2024-12-31T21:30;2024-12-31T21:45;87;kWh;-11334;0;0;0;11334;-11334
2024-12-31T21:45;2024-12-31T22:00;88;kWh;-16661;0;0;0;16661;-16661
2024-12-31T22:00;2024-12-31T22:15;89;kWh;-10462;7808;0;0;18270;-2654
2024-12-31T22:15;2024-12-31T22:30;90;kWh;-502;2590;0;0;3092;2088
2024-12-31T22:30;2024-12-31T22:45;91;kWh;-20248;0;0;0;20248;-20248
2024-12-31T22:45;2024-12-31T23:00;92;kWh;-5944;8545;0;0;14489;2601
2024-12-31T23:00;2024-12-31T23:15;93;kWh;0;29158;0;0;29158;29158
2024-12-31T23:15;2024-12-31T23:30;94;kWh;0;39327;0;0;39327;39327
2024-12-31T23:30;2024-12-31T23:45;95;kWh;0;19331;0;0;19331;19331
2024-12-31T23:45;2025-01-01T00:00;96;kWh;-27;6509;0;0;6536;6482
